,time,beta,alpha,sigma_D,sigma_C,S_c,S_d,I_c,I_d,R0
0,0.0,0.875,0.2,0.5,0.5833333333333333,0.09995999999999998,0.89964,3.999999999999999e-05,0.00036,-19.474076325627752
1,0.200133422281521,0.875,0.2,0.5,0.5833333333333333,0.09641156102808508,0.9031388095869891,4.7958653657674677e-05,0.00040167073126804684,-19.474076325627752
2,0.400266844563042,0.875,0.2,0.5,0.5833333333333333,0.0929757226309704,0.9065190130450355,5.674807214229808e-05,0.0004485162518515773,-19.474076325627752
3,0.600400266844563,0.875,0.2,0.5,0.5833333333333333,0.08964974197645689,0.9097825697959858,6.644585993324102e-05,0.0005012423676238651,-19.474076325627752
4,0.800533689126084,0.875,0.2,0.5,0.5833333333333333,0.08643095813377925,0.9129312734790519,7.713561376490232e-05,0.0005606327734037434,-19.474076325627752
5,1.0006671114076051,0.875,0.2,0.5,0.5833333333333333,0.08331668895415013,0.9159668166332064,8.891020081599064e-05,0.0006275842118272875,-19.474076325627752
6,1.200800533689126,0.875,0.2,0.5,0.5833333333333333,0.08030425913312936,0.9188907481097927,0.00010187238281423824,0.000703120374263688,-19.474076325627752
7,1.400933955970647,0.875,0.2,0.5,0.5833333333333333,0.07739100521027105,0.9217044494585267,0.00011613579982963508,0.0007884095313725567,-19.474076325627752
8,1.601067378252168,0.875,0.2,0.5,0.5833333333333333,0.07457427959703859,0.9244091072215116,0.0001318262654806583,0.0008847869159691806,-19.474076325627752
9,1.801200800533689,0.875,0.2,0.5,0.5833333333333333,0.07185145526270512,0.9270056929719647,0.0001490820232814715,0.0009937697420486532,-19.474076325627752
10,2.0013342228152102,0.875,0.2,0.5,0.5833333333333333,0.06921992865740685,0.9294949219935522,0.00016805594756997595,0.0011170934014708553,-19.474076325627752
11,2.201467645096731,0.875,0.2,0.5,0.5833333333333333,0.06667712263233293,0.9318772251023802,0.00018891658437889469,0.0012567356809078478,-19.474076325627752
12,2.401601067378252,0.875,0.2,0.5,0.5833333333333333,0.06422048997471647,0.9341527030141942,0.00021184997098389502,0.001414957040105411,-19.474076325627752
13,2.601734489659773,0.875,0.2,0.5,0.5833333333333333,0.061847515563211025,0.936321081680657,0.00023706130188834318,0.0015943414542435336,-19.474076325627752
14,2.801867911941294,0.875,0.2,0.5,0.5833333333333333,0.05955571866491288,0.9383816716526637,0.0002647765182904372,0.001797833164132851,-19.474076325627752
15,3.002001334222815,0.875,0.2,0.5,0.5833333333333333,0.05734265484283193,0.9403332934691884,0.0002952451211414176,0.002028806566838286,-19.474076325627752
16,3.202134756504336,0.875,0.2,0.5,0.5833333333333333,0.05520591836557732,0.9421742204383733,0.000328742179119859,0.0022911190169295015,-19.474076325627752
17,3.402268178785857,0.875,0.2,0.5,0.5833333333333333,0.053143141587022755,0.9439021202579855,0.00036557014998878345,0.002589168005002985,-19.474076325627752
18,3.602401601067378,0.875,0.2,0.5,0.5833333333333333,0.05115199781739704,0.9455139556637391,0.000406062297031026,0.0029279842218329307,-19.474076325627752
19,3.802535023348899,0.875,0.2,0.5,0.5833333333333333,0.0492302018461609,0.9470059025270139,0.0004505852872455788,0.0033133103395797518,-19.474076325627752
20,4.0026684456304205,0.875,0.2,0.5,0.5833333333333333,0.04737551043170474,0.9483732307629655,0.0004995427748200581,0.0037517160305097852,-19.474076325627752
21,4.202801867911941,0.875,0.2,0.5,0.5833333333333333,0.045585723170694765,0.9496102032968384,0.0005533784237452934,0.004250695108721568,-19.474076325627752
22,4.402935290193462,0.875,0.2,0.5,0.5833333333333333,0.043858682642299945,0.9507099238266621,0.0006125798339961712,0.004818813697041888,-19.474076325627752
23,4.603068712474983,0.875,0.2,0.5,0.5833333333333333,0.04219227498738461,0.9516642047256868,0.000677682165841291,0.005465838121087335,-19.474076325627752
24,4.803202134756504,0.875,0.2,0.5,0.5833333333333333,0.04058442990587326,0.9524633805315844,0.0007492726274266933,0.00620291693511566,-19.474076325627752
25,5.003335557038025,0.875,0.2,0.5,0.5833333333333333,0.03903312106321294,0.953096134821612,0.0008279945518186972,0.007042749563356289,-19.474076325627752
26,5.203468979319546,0.875,0.2,0.5,0.5833333333333333,0.037536366071834845,0.9535492670304971,0.0009145523652343002,0.007999814532433711,-19.474076325627752
27,5.403602401601067,0.875,0.2,0.5,0.5833333333333333,0.036092226954160644,0.9538074738661948,0.0010097159331047632,0.009090583246539791,-19.474076325627752
28,5.603735823882588,0.875,0.2,0.5,0.5833333333333333,0.034698810628681444,0.9538530927145245,0.001114325249111561,0.010333771407682577,-19.474076325627752
29,5.803869246164109,0.875,0.2,0.5,0.5833333333333333,0.033354269539251434,0.9536658110965869,0.0012292952157657128,0.011750624148396031,-19.474076325627752
30,6.00400266844563,0.875,0.2,0.5,0.5833333333333333,0.03205680269116382,0.9532223634031941,0.0013556201694644768,0.013365213736177673,-19.474076325627752
31,6.204136090727151,0.875,0.2,0.5,0.5833333333333333,0.03080465714175389,0.9524961986663001,0.0014943779858443936,0.015204766206101651,-19.474076325627752
32,6.404269513008672,0.875,0.2,0.5,0.5833333333333333,0.029596129860338098,0.9514571264414289,0.0016467340326861463,0.017300009665546855,-19.474076325627752
33,6.604402935290193,0.875,0.2,0.5,0.5833333333333333,0.028429570839419733,0.9500709635868176,0.0018139433003421216,0.019685522273420582,-19.474076325627752
34,6.804536357571714,0.875,0.2,0.5,0.5833333333333333,0.027303386467352576,0.9482991519126861,0.001997352558594925,0.022400109061366538,-19.474076325627752
35,7.004669779853235,0.875,0.2,0.5,0.5833333333333333,0.026216044764687453,0.9460984146151237,0.00219839951689289,0.025487141103296102,-19.474076325627752
36,7.204803202134756,0.875,0.2,0.5,0.5833333333333333,0.025166080990070748,0.9434203829431772,0.002418611792747569,0.028994924274004515,-19.474076325627752
37,7.404936624416277,0.875,0.2,0.5,0.5833333333333333,0.024152105890513816,0.9402113401786772,0.0026596007839063468,0.032976953146902584,-19.474076325627752
38,7.605070046697798,0.875,0.2,0.5,0.5833333333333333,0.023172814878441115,0.9364119695118118,0.002923054209661917,0.0374921614000852,-19.474076325627752
39,7.805203468979319,0.875,0.2,0.5,0.5833333333333333,0.022226999525541222,0.9319572731993977,0.003210723236165953,0.04260500403889532,-19.474076325627752
40,8.005336891260841,0.875,0.2,0.5,0.5833333333333333,0.02131356061943439,0.9267765544500765,0.0035244066589546724,0.048385478271534624,-19.474076325627752
41,8.205470313542362,0.875,0.2,0.5,0.5833333333333333,0.020431524374192468,0.9207937825089464,0.0038659257397687928,0.05490876737709262,-19.474076325627752
42,8.405603735823883,0.875,0.2,0.5,0.5833333333333333,0.019580059350970493,0.9139280382339333,0.004237096904698015,0.06225480551039837,-19.474076325627752
43,8.605737158105404,0.875,0.2,0.5,0.5833333333333333,0.018758495629415235,0.9060944133101665,0.004639695231547836,0.07050739582887074,-19.474076325627752
44,8.805870580386925,0.875,0.2,0.5,0.5833333333333333,0.017966345005281947,0.8972053236069263,0.005075410752112478,0.07975292063567953,-19.474076325627752
45,9.006004002668446,0.875,0.2,0.5,0.5833333333333333,0.0172033211328805,0.8871723030475416,0.005545797922694757,0.09007857789688344,-19.474076325627752
46,9.206137424949967,0.875,0.2,0.5,0.5833333333333333,0.016469358305174663,0.8759083528333492,0.006052218932549673,0.10157006992892657,-19.474076325627752
47,9.406270847231488,0.875,0.2,0.5,0.5833333333333333,0.01576462750342498,0.863330894899342,0.006595781561789397,0.11430869603544373,-19.474076325627752
48,9.606404269513009,0.875,0.2,0.5,0.5833333333333333,0.015089547544549244,0.8493653478567298,0.007177273992525055,0.12836783060619608,-19.474076325627752
49,9.80653769179453,0.875,0.2,0.5,0.5833333333333333,0.014444788370523971,0.833949262324263,0.007797101037424741,0.14380884826778845,-19.474076325627752
50,10.00667111407605,0.875,0.2,0.5,0.5833333333333333,0.01383126513712579,0.8170368934072236,0.008455225040209284,0.1606766164154415,-19.474076325627752
51,10.206804536357572,0.875,0.2,0.5,0.5833333333333333,0.013250123344109799,0.7986041931274707,0.009151111342128078,0.17899457218629172,-19.474076325627752
52,10.406937958639093,0.875,0.2,0.5,0.5833333333333333,0.012702703627149125,0.7786534325031175,0.009883703255166625,0.19876016061456703,-19.474076325627752
53,10.607071380920614,0.875,0.2,0.5,0.5833333333333333,0.012190501779649981,0.7572178285973287,0.01065140298457855,0.21994026663844318,-19.474076325627752
54,10.807204803202135,0.875,0.2,0.5,0.5833333333333333,0.011715111727966599,0.734365146653263,0.011452087460282532,0.24246765415848798,-19.474076325627752
55,11.007338225483656,0.875,0.2,0.5,0.5833333333333333,0.011278159787867071,0.7102000589340953,0.012283152671974327,0.26623862860606357,-19.474076325627752
56,11.207471647765177,0.875,0.2,0.5,0.5833333333333333,0.010881233205200774,0.6848648076477877,0.013141589291611258,0.29111236985540057,-19.474076325627752
57,11.407605070046698,0.875,0.2,0.5,0.5833333333333333,0.01052580796780894,0.6585377538211903,0.01402408940534377,0.3169123488056571,-19.474076325627752
58,11.607738492328219,0.875,0.2,0.5,0.5833333333333333,0.010213181896079006,0.6314297184375006,0.014927178133466768,0.34342992153295376,-19.474076325627752
59,11.80787191460974,0.875,0.2,0.5,0.5833333333333333,0.009944418111652874,0.6037781018976051,0.015847363476357908,0.3704301165143842,-19.474076325627752
60,12.00800533689126,0.875,0.2,0.5,0.5833333333333333,0.00972030332132186,0.5758390473891137,0.016781294601966073,0.3976593546875984,-19.474076325627752
61,12.208138759172781,0.875,0.2,0.5,0.5833333333333333,0.009541323602703317,0.5478781958445124,0.017725916653904494,0.4248545638988799,-19.474076325627752
62,12.408272181454302,0.875,0.2,0.5,0.5833333333333333,0.009407658251685169,0.520160696747103,0.018678611409983777,0.4517530335912282,-19.474076325627752
63,12.608405603735823,0.875,0.2,0.5,0.5833333333333333,0.009319190406665337,0.4929412991710955,0.019637313383596575,0.47810219703864265,-19.474076325627752
64,12.808539026017344,0.875,0.2,0.5,0.5833333333333333,0.009275531463557394,0.4664552751192852,0.020600594542781733,0.5036685988743759,-19.474076325627752
65,13.008672448298865,0.875,0.2,0.5,0.5833333333333333,0.009276055493748393,0.44091085386252105,0.021567713414161565,0.528245377229569,-19.474076325627752
66,13.208805870580386,0.875,0.2,0.5,0.5833333333333333,0.009319939548418282,0.41648363594858284,0.02253862802851245,0.5516577964744864,-19.474076325627752
67,13.408939292861907,0.875,0.2,0.5,0.5833333333333333,0.009406206067762693,0.3933132210976588,0.023513975351048585,0.57376659748353,-19.474076325627752
68,13.609072715143428,0.875,0.2,0.5,0.5833333333333333,0.009533764258226099,0.3715020340454501,0.02449502262755259,0.5944691790687713,-19.474076325627752
69,13.80920613742495,0.875,0.2,0.5,0.5833333333333333,0.009701448993800528,0.35111618369983116,0.025483595515220888,0.6136987717911474,-19.474076325627752
70,14.00933955970647,0.875,0.2,0.5,0.5833333333333333,0.009908054406902254,0.3321879176221913,0.0264819941440562,0.6314220338268502,-19.474076325627752
71,14.209472981987991,0.875,0.2,0.5,0.5833333333333333,0.010152363623753763,0.3147192812509608,0.027492900439075645,0.6476354546862099,-19.474076325627752
72,14.409606404269512,0.875,0.2,0.5,0.5833333333333333,0.010433173829201076,0.2986865359908001,0.028519284858814827,0.662361005321184,-19.474076325627752
73,14.609739826551033,0.875,0.2,0.5,0.5833333333333333,0.010749317084870952,0.28404494886593173,0.02956431646059203,0.6756414175886054,-19.474076325627752
74,14.809873248832554,0.875,0.2,0.5,0.5833333333333333,0.011099677372885596,0.2707334878716575,0.030631282396643485,0.6875355523588136,-19.474076325627752
75,15.010006671114075,0.875,0.2,0.5,0.5833333333333333,0.011483205033708576,0.25867930195394223,0.03172351634591465,0.6981139766664347,-19.474076325627752
76,15.210140093395596,0.875,0.2,0.5,0.5833333333333333,0.01189892841663267,0.24780171153687325,0.032844339107514026,0.7074550209389802,-19.474076325627752
77,15.410273515677117,0.875,0.2,0.5,0.5833333333333333,0.012345963480713285,0.2380156528344373,0.033997010700154956,0.7156413729846947,-19.474076325627752
78,15.610406937958638,0.875,0.2,0.5,0.5833333333333333,0.012823521501993104,0.22923452947269865,0.035184693675174336,0.722757255350134,-19.474076325627752
79,15.810540360240159,0.875,0.2,0.5,0.5833333333333333,0.013330914962935828,0.22137248340071725,0.03641042672488723,0.7288861749114598,-19.474076325627752
80,16.010673782521682,0.875,0.2,0.5,0.5833333333333333,0.013867561835385643,0.21434612062752792,0.03767710719204005,0.7341092103450465,-19.474076325627752
81,16.210807204803203,0.875,0.2,0.5,0.5833333333333333,0.014432988259693396,0.20807577371790714,0.03898748106604827,0.7385037569563513,-19.474076325627752
82,16.410940627084724,0.875,0.2,0.5,0.5833333333333333,0.015026829680465842,0.20248635636993162,0.040344139037949964,0.7421426749116526,-19.474076325627752
83,16.611074049366245,0.875,0.2,0.5,0.5833333333333333,0.0156488305649205,0.19750788431974686,0.041749517352117856,0.7450937677632149,-19.474076325627752
84,16.811207471647766,0.875,0.2,0.5,0.5833333333333333,0.016298842836949313,0.19307573306632786,0.043205902100969515,0.7474195219957533,-19.474076325627752
85,17.011340893929287,0.875,0.2,0.5,0.5833333333333333,0.016976823167728694,0.1891306929591903,0.04471543592566011,0.7491770479474209,-19.474076325627752
86,17.211474316210808,0.875,0.2,0.5,0.5833333333333333,0.017682829294109817,0.1856188726472665,0.04628012624056651,0.7504181718180573,-19.474076325627752
87,17.41160773849233,0.875,0.2,0.5,0.5833333333333333,0.01841701556281456,0.1824914933256078,0.04790185425352213,0.7511896368580555,-19.474076325627752
88,17.61174116077385,0.875,0.2,0.5,0.5833333333333333,0.01917962795337018,0.1797046178865957,0.04958238404779344,0.7515333701122406,-19.474076325627752
89,17.81187458305537,0.875,0.2,0.5,0.5833333333333333,0.019970998619860174,0.1772188326249049,0.05132337145572977,0.7514867972995051,-19.474076325627752
90,18.01200800533689,0.875,0.2,0.5,0.5833333333333333,0.020791540129384934,0.17499889446029585,0.05312637255889999,0.7510831928514192,-19.474076325627752
91,18.212141427618413,0.875,0.2,0.5,0.5833333333333333,0.021641739754307346,0.1730133805179591,0.05499285121600038,0.7503520285117331,-19.474076325627752
92,18.412274849899934,0.875,0.2,0.5,0.5833333333333333,0.022522153749650345,0.1712343498239017,0.05692418544953679,0.7493193109769111,-19.474076325627752
93,18.612408272181455,0.875,0.2,0.5,0.5833333333333333,0.023433401743437332,0.16963700788717476,0.058921672968846754,0.7480079174005411,-19.474076325627752
94,18.812541694462976,0.875,0.2,0.5,0.5833333333333333,0.02437616117131054,0.16819938784763624,0.06098653572529916,0.7464379152557539,-19.474076325627752
95,19.012675116744497,0.875,0.2,0.5,0.5833333333333333,0.025351162170297706,0.16690205945564168,0.06311992314761526,0.7446268552264452,-19.474076325627752
96,19.212808539026017,0.875,0.2,0.5,0.5833333333333333,0.0263591826339736,0.16572785709971916,0.06532291446078145,0.7425900458055256,-19.474076325627752
97,19.41294196130754,0.875,0.2,0.5,0.5833333333333333,0.027401043533972828,0.16466162969038478,0.0675965200430799,0.7403408067325623,-19.474076325627752
98,19.61307538358906,0.875,0.2,0.5,0.5833333333333333,0.028477604595152105,0.1636900161478808,0.06994168178654994,0.7378906974704169,-19.474076325627752
99,19.81320880587058,0.875,0.2,0.5,0.5833333333333333,0.029589760282585805,0.16280124519326217,0.07235927257343053,0.7352497219507212,-19.474076325627752
100,20.0133422281521,0.875,0.2,0.5,0.5833333333333333,0.03073843596236647,0.16198494553929285,0.07485009510854274,0.7324265233897976,-19.474076325627752
101,20.213475650433622,0.875,0.2,0.5,0.5833333333333333,0.031924584488555625,0.16123199052328233,0.07741487983314724,0.7294285451550144,-19.474076325627752
102,20.413609072715143,0.875,0.2,0.5,0.5833333333333333,0.033149182864115105,0.16053434515285955,0.08005428246897694,0.7262621895140481,-19.474076325627752
103,20.613742494996664,0.875,0.2,0.5,0.5833333333333333,0.03441322929788448,0.1598849427505075,0.08276888073887083,0.7229329472127368,-19.474076325627752
104,20.813875917278185,0.875,0.2,0.5,0.5833333333333333,0.03571774036992754,0.15927756767593984,0.08555917082168209,0.7194455211324502,-19.474076325627752
105,21.014009339559706,0.875,0.2,0.5,0.5833333333333333,0.03706374840157297,0.1587067549856542,0.08842556328266235,0.7158039333301102,-19.474076325627752
106,21.214142761841227,0.875,0.2,0.5,0.5833333333333333,0.038452298994197415,0.1581677009153,0.09136837869834372,0.7120116213921586,-19.474076325627752
107,21.41427618412275,0.875,0.2,0.5,0.5833333333333333,0.03988444869350252,0.1576561832982594,0.09438784305330478,0.708071524954933,-19.474076325627752
108,21.61440960640427,0.875,0.2,0.5,0.5833333333333333,0.041361262821377205,0.1571684940625482,0.09748408278113893,0.7039861603349353,-19.474076325627752
109,21.81454302868579,0.875,0.2,0.5,0.5833333333333333,0.042883813340377004,0.15670137572244447,0.1006571198825569,0.6997576910546213,-19.474076325627752
110,22.01467645096731,0.875,0.2,0.5,0.5833333333333333,0.04445317689848288,0.15625197080032507,0.10390686664993988,0.6953879856512518,-19.474076325627752
111,22.214809873248832,0.875,0.2,0.5,0.5833333333333333,0.046070432819653395,0.1558177706611965,0.10723312074043885,0.6908786757787109,-19.474076325627752
112,22.414943295530353,0.875,0.2,0.5,0.5833333333333333,0.04773666134929114,0.1553965811850188,0.11063555962456156,0.6862311978411282,-19.474076325627752
113,22.615076717811874,0.875,0.2,0.5,0.5833333333333333,0.04945294166645529,0.1549864781022599,0.11411373598856689,0.6814468442427176,-19.474076325627752
114,22.815210140093395,0.875,0.2,0.5,0.5833333333333333,0.05122035017882126,0.15458578057503272,0.11766707239668252,0.6765267968494633,-19.474076325627752
115,23.015343562374916,0.875,0.2,0.5,0.5833333333333333,0.0530399586996544,0.15419302110945468,0.12129485662999621,0.6714721635608945,-19.474076325627752
116,23.215476984656437,0.875,0.2,0.5,0.5833333333333333,0.054912832700897266,0.15380692220682604,0.12499623693010924,0.6662840081621673,-19.474076325627752
117,23.415610406937958,0.875,0.2,0.5,0.5833333333333333,0.05684002953622745,0.15342637484407126,0.1287702175972694,0.6609633780224317,-19.474076325627752
118,23.61574382921948,0.875,0.2,0.5,0.5833333333333333,0.05882259663517341,0.15305041815660828,0.13261565493259475,0.6555113302756234,-19.474076325627752
119,23.815877251501,0.875,0.2,0.5,0.5833333333333333,0.06086156976045531,0.15267822532052666,0.13653125319589818,0.6499289517231196,-19.474076325627752
120,24.01601067378252,0.875,0.2,0.5,0.5833333333333333,0.06295797112367237,0.15230908564277984,0.1405155613683141,0.6442173818652334,-19.474076325627752
121,24.216144096064042,0.875,0.2,0.5,0.5833333333333333,0.06511280761848545,0.15194239528472797,0.14456696967854896,0.6383778274182373,-19.474076325627752
122,24.416277518345563,0.875,0.2,0.5,0.5833333333333333,0.06732706887278311,0.15157764289895248,0.14868370718964238,0.6324115810386217,-19.474076325627752
123,24.616410940627084,0.875,0.2,0.5,0.5833333333333333,0.06960172540304098,0.1512144026406989,0.15286383912457197,0.6263200328316879,-19.474076325627752
124,24.816544362908605,0.875,0.2,0.5,0.5833333333333333,0.07193772658058535,0.15085232255567727,0.15710526531134586,0.6201046855523913,-19.474076325627752
125,25.016677785190126,0.875,0.2,0.5,0.5833333333333333,0.07433599868467147,0.15049111925608977,0.1614057184698715,0.613767163589367,-19.474076325627752
126,25.216811207471647,0.875,0.2,0.5,0.5833333333333333,0.07679744278542391,0.1501305692053994,0.16576276352913658,0.6073092244800399,-19.474076325627752
127,25.416944629753168,0.875,0.2,0.5,0.5833333333333333,0.07932293268279565,0.14977050470081305,0.17017379690958995,0.6007327657068011,-19.474076325627752
128,25.61707805203469,0.875,0.2,0.5,0.5833333333333333,0.08191331268039556,0.1494108071743307,0.1746360467887117,0.5940398333565619,-19.474076325627752
129,25.81721147431621,0.875,0.2,0.5,0.5833333333333333,0.08456939533772827,0.14905140238287776,0.1791465737118713,0.5872326285675225,-19.474076325627752
130,26.01734489659773,0.875,0.2,0.5,0.5833333333333333,0.08729195920357641,0.14869225762127244,0.1837022715251831,0.5803135116499678,-19.474076325627752
131,26.21747831887925,0.875,0.2,0.5,0.5833333333333333,0.09008174638521027,0.14833337644198016,0.18829986925317665,0.5732850079196327,-19.474076325627752
132,26.417611741160773,0.875,0.2,0.5,0.5833333333333333,0.09293946015620391,0.14797479709645303,0.1929359330822331,0.5661498096651097,-19.474076325627752
133,26.617745163442294,0.875,0.2,0.5,0.5833333333333333,0.09586576239231635,0.14761658838146485,0.19760686924575624,0.5589107799804623,-19.474076325627752
134,26.817878585723815,0.875,0.2,0.5,0.5833333333333333,0.09886127100641409,0.1472588479101272,0.20230892723052515,0.5515709538529333,-19.474076325627752
135,27.018012008005336,0.875,0.2,0.5,0.5833333333333333,0.10192655729050326,0.14690169978312453,0.20703820357862976,0.5441335393477422,-19.474076325627752
136,27.218145430286857,0.875,0.2,0.5,0.5833333333333333,0.10506214317639007,0.14654529227519436,0.2117906462615661,0.5366019182868492,-19.474076325627752
137,27.418278852568378,0.875,0.2,0.5,0.5833333333333333,0.10826849845059319,0.14618979684725622,0.21656205952850757,0.5289796451736427,-19.474076325627752
138,27.6184122748499,0.875,0.2,0.5,0.5833333333333333,0.11154603789163073,0.1458354060245906,0.22134810926619228,0.521270446817586,-19.474076325627752
139,27.81854569713142,0.875,0.2,0.5,0.5833333333333333,0.11489511833355501,0.14548233273216957,0.22614432895873698,0.5134782199755381,-19.474076325627752
140,28.01867911941294,0.875,0.2,0.5,0.5833333333333333,0.11831603570814535,0.14513080881928908,0.23094612600903297,0.5056070294635323,-19.474076325627752
141,28.21881254169446,0.875,0.2,0.5,0.5833333333333333,0.12180902198906743,0.14478108430513317,0.23574878868114624,0.49766110502465283,-19.474076325627752
142,28.418945963975982,0.875,0.2,0.5,0.5833333333333333,0.12537424211975542,0.14443342668665582,0.24054749345675142,0.4896448377368371,-19.474076325627752
143,28.619079386257503,0.875,0.2,0.5,0.5833333333333333,0.12901179092436194,0.1440881201130544,0.24533731279081059,0.48156277617177284,-19.474076325627752
144,28.819212808539024,0.875,0.2,0.5,0.5833333333333333,0.1327216898293714,0.14374546538799263,0.25011322366856303,0.47341962111407265,-19.474076325627752
145,29.019346230820545,0.875,0.2,0.5,0.5833333333333333,0.1365038838443755,0.14340577912760302,0.2548701160427043,0.4652202209853169,-19.474076325627752
146,29.219479653102066,0.875,0.2,0.5,0.5833333333333333,0.14035823836375846,0.143069393480199,0.2596028020058248,0.45696956615021744,-19.474076325627752
147,29.419613075383587,0.875,0.2,0.5,0.5833333333333333,0.1442845357718713,0.14273665643165767,0.2643060257258683,0.4486727820706024,-19.474076325627752
148,29.61974649766511,0.875,0.2,0.5,0.5833333333333333,0.14828247255883673,0.14240793131813967,0.2689744729885698,0.44033512313445344,-19.474076325627752
149,29.81987991994663,0.875,0.2,0.5,0.5833333333333333,0.15235165599420955,0.1420835970309257,0.2736027818041766,0.43196196517068786,-19.474076325627752
150,30.02001334222815,0.875,0.2,0.5,0.5833333333333333,0.1564916008496395,0.14176404828508432,0.2781855533710259,0.4235587974942499,-19.474076325627752
151,30.22014676450967,0.875,0.2,0.5,0.5833333333333333,0.1607017267640223,0.14144969546401479,0.28271736266347025,0.4151312151084923,-19.474076325627752
152,30.420280186791192,0.875,0.2,0.5,0.5833333333333333,0.1649813548509972,0.1411409651411445,0.2871927703441836,0.40668490966367443,-19.474076325627752
153,30.620413609072713,0.875,0.2,0.5,0.5833333333333333,0.1693297047536514,0.14083830041950784,0.29160633458575164,0.39822566024108885,-19.474076325627752
154,30.820547031354234,0.875,0.2,0.5,0.5833333333333333,0.1737458923604099,0.14054216104944256,0.2959526226082964,0.38975932398185087,-19.474076325627752
155,31.020680453635755,0.875,0.2,0.5,0.5833333333333333,0.17822892648559568,0.1402530241392763,0.3002262237215196,0.38129182565360814,-19.474076325627752
156,31.220813875917276,0.875,0.2,0.5,0.5833333333333333,0.18277770650132422,0.13997138456401842,0.30442176178613617,0.37282914714852095,-19.474076325627752
157,31.420947298198797,0.875,0.2,0.5,0.5833333333333333,0.18739102038419783,0.1396977553393493,0.3085339076556611,0.36437731662079154,-19.474076325627752
158,31.621080720480318,0.875,0.2,0.5,0.5833333333333333,0.19206754175236865,0.13943266842436852,0.31255739309247194,0.35594239673079064,-19.474076325627752
159,31.82121414276184,0.875,0.2,0.5,0.5833333333333333,0.196805828315,0.13917667516273724,0.31648702355430613,0.34753047296795636,-19.474076325627752
160,32.021347565043364,0.875,0.2,0.5,0.5833333333333333,0.20160432026360003,0.1389303468358044,0.32031769145645284,0.3391476414441425,-19.474076325627752
161,32.22148098732488,0.875,0.2,0.5,0.5833333333333333,0.20646133800573516,0.13869427551042274,0.32404439062397633,0.3307999958598657,-19.474076325627752
162,32.421614409606406,0.875,0.2,0.5,0.5833333333333333,0.21137508156149046,0.1384690744757262,0.32766222902575554,0.3224936149370277,-19.474076325627752
163,32.62174783188792,0.875,0.2,0.5,0.5833333333333333,0.21634362935474655,0.1382553789484557,0.33116644279289664,0.314234548903901,-19.474076325627752
164,32.82188125416945,0.875,0.2,0.5,0.5833333333333333,0.22136493701237264,0.13805384686290706,0.3345524106688603,0.30602880545585986,-19.474076325627752
165,33.022014676450965,0.875,0.2,0.5,0.5833333333333333,0.22643683772883547,0.13786515927285137,0.33781566628900805,0.2978823367093051,-19.474076325627752
166,33.22214809873249,0.875,0.2,0.5,0.5833333333333333,0.23155704168407473,0.13769002113933734,0.3409519127426603,0.28980102443392763,-19.474076325627752
167,33.42228152101401,0.875,0.2,0.5,0.5833333333333333,0.23672313611412765,0.1375291620002245,0.34395703637627567,0.2817906655093722,-19.474076325627752
168,33.62241494329553,0.875,0.2,0.5,0.5833333333333333,0.24193258666184372,0.13738333629240673,0.3468271181760865,0.27385695886966305,-19.474076325627752
169,33.82254836557705,0.875,0.2,0.5,0.5833333333333333,0.24718273769717794,0.13725332414735292,0.34955844851327084,0.26600548964219833,-19.474076325627752
170,34.02268178785857,0.875,0.2,0.5,0.5833333333333333,0.25247081378717856,0.1371399318557161,0.35214753935846055,0.2582417149986449,-19.474076325627752
171,34.22281521014009,0.875,0.2,0.5,0.5833333333333333,0.257793921992213,0.13704399209158163,0.354591134422232,0.2505709514939734,-19.474076325627752
172,34.422948632421615,0.875,0.2,0.5,0.5833333333333333,0.26314905327515103,0.13696636466830248,0.35688622388659713,0.24299835816994947,-19.474076325627752
173,34.62308205470313,0.875,0.2,0.5,0.5833333333333333,0.2685330852597288,0.13690793679017127,0.3590300546719587,0.2355289232781413,-19.474076325627752
174,34.82321547698466,0.875,0.2,0.5,0.5833333333333333,0.2739427859107437,0.13686962292522836,0.3610201370613452,0.2281674541026828,-19.474076325627752
175,35.023348899266175,0.875,0.2,0.5,0.5833333333333333,0.2793748161428928,0.13685236548334911,0.362854259032912,0.22091855934084617,-19.474076325627752
176,35.2234823215477,0.875,0.2,0.5,0.5833333333333333,0.2848257337374292,0.13685713486122453,0.364530494399082,0.21378663700226436,-19.474076325627752
177,35.42361574382922,0.875,0.2,0.5,0.5833333333333333,0.2902919977229036,0.13688492914432093,0.3660472067387778,0.20677586639399775,-19.474076325627752
178,35.62374916611074,0.875,0.2,0.5,0.5833333333333333,0.29576997277670924,0.13693677441285887,0.36740306079501567,0.19989019201541625,-19.474076325627752
179,35.82388258839226,0.875,0.2,0.5,0.5833333333333333,0.30125593418564295,0.13701372458290673,0.3685970282801975,0.1931333129512528,-19.474076325627752
180,36.02401601067378,0.875,0.2,0.5,0.5833333333333333,0.30674607299898377,0.13711686084191171,0.36962838827433203,0.18650867788477246,-19.474076325627752
181,36.2241494329553,0.875,0.2,0.5,0.5833333333333333,0.3122365018718601,0.13724729160110102,0.37049673504308445,0.1800194714839544,-19.474076325627752
182,36.424282855236825,0.875,0.2,0.5,0.5833333333333333,0.3177232610910797,0.13740615207285065,0.3712019808617429,0.17366860597432676,-19.474076325627752
183,36.62441627751834,0.875,0.2,0.5,0.5833333333333333,0.3232023242735499,0.13759460345045774,0.3717443530640967,0.1674587192118957,-19.474076325627752
184,36.82454969979987,0.875,0.2,0.5,0.5833333333333333,0.3286696054523984,0.1378138324460329,0.3721243970553963,0.1613921650461724,-19.474076325627752
185,37.024683122081385,0.875,0.2,0.5,0.5833333333333333,0.33412096607812647,0.13806505057287385,0.37234297565078756,0.15547100769821204,-19.474076325627752
186,37.22481654436291,0.875,0.2,0.5,0.5833333333333333,0.33955222090422993,0.13834949316787548,0.37240126316842154,0.14969702275947297,-19.474076325627752
187,37.42494996664443,0.875,0.2,0.5,0.5833333333333333,0.3449591459594994,0.13866841848680894,0.3723007430261442,0.14407169252754734,-19.474076325627752
188,37.62508338892595,0.875,0.2,0.5,0.5833333333333333,0.3503374863847069,0.1390231066664314,0.37204320310408473,0.13859620384477678,-19.474076325627752
189,37.82521681120747,0.875,0.2,0.5,0.5833333333333333,0.35568296251606263,0.13941485852856178,0.371630727153224,0.13327145180215136,-19.474076325627752
190,38.02535023348899,0.875,0.2,0.5,0.5833333333333333,0.3609912781434701,0.1398449943205849,0.37106568714127686,0.12809804039466788,-19.474076325627752
191,38.22548365577051,0.875,0.2,0.5,0.5833333333333333,0.36625812894738197,0.14031485235557656,0.37035073427473597,0.12307628442230531,-19.474076325627752
192,38.425617078052035,0.875,0.2,0.5,0.5833333333333333,0.371479208288717,0.14082578766742623,0.3694887883962916,0.11820621564756495,-19.474076325627752
193,38.62575050033355,0.875,0.2,0.5,0.5833333333333333,0.3766502156326463,0.14137917043540968,0.3684830258153563,0.11348758811658755,-19.474076325627752
194,38.82588392261508,0.875,0.2,0.5,0.5833333333333333,0.38176686559353745,0.14197638428105216,0.3673368657057083,0.10891988441970193,-19.474076325627752
195,39.026017344896594,0.875,0.2,0.5,0.5833333333333333,0.3868248944694114,0.14261882466677855,0.3660539567226921,0.10450232414111785,-19.474076325627752
196,39.22615076717812,0.875,0.2,0.5,0.5833333333333333,0.3918200644123597,0.1433078974471634,0.36463816526288,0.10023387287759672,-19.474076325627752
197,39.426284189459636,0.875,0.2,0.5,0.5833333333333333,0.3967481750515576,0.1440450166383695,0.36309355494526985,0.09611325336480288,-19.474076325627752
198,39.62641761174116,0.875,0.2,0.5,0.5833333333333333,0.40160506997641887,0.1448316025861674,0.36142437026280116,0.09213895717461242,-19.474076325627752
199,39.82655103402268,0.875,0.2,0.5,0.5833333333333333,0.4063866408001087,0.14566908041180043,0.35963502607281883,0.0883092527152719,-19.474076325627752
200,40.0266844563042,0.875,0.2,0.5,0.5833333333333333,0.4110888350497825,0.14655887786396812,0.35773008698294395,0.08462220010330533,-19.474076325627752
201,40.22681787858572,0.875,0.2,0.5,0.5833333333333333,0.4157076642980622,0.14750242305388386,0.35571424500490045,0.08107566764315338,-19.474076325627752
202,40.426951300867245,0.875,0.2,0.5,0.5833333333333333,0.42023920909065987,0.1485011425545857,0.3535923049516803,0.077667343403074,-19.474076325627752
203,40.62708472314876,0.875,0.2,0.5,0.5833333333333333,0.4246796223224153,0.14955645966228628,0.3513691751487833,0.07439474286651503,-19.474076325627752
204,40.82721814543029,0.875,0.2,0.5,0.5833333333333333,0.4290251382031708,0.15066979172390982,0.34904983652995475,0.07125523354296455,-19.474076325627752
205,41.027351567711804,0.875,0.2,0.5,0.5833333333333333,0.43327207689233527,0.15184254803601815,0.346639326344524,0.0682460487271224,-19.474076325627752
206,41.22748498999333,0.875,0.2,0.5,0.5833333333333333,0.437416847582039,0.15307612791161146,0.34414273091739767,0.06536429358895163,-19.474076325627752
207,41.427618412274846,0.875,0.2,0.5,0.5833333333333333,0.44145595397725507,0.15437191827546276,0.3415651628984432,0.06260696484883878,-19.474076325627752
208,41.62775183455637,0.875,0.2,0.5,0.5833333333333333,0.4453859994735666,0.1557312912202073,0.33891173856881884,0.059970970737407085,-19.474076325627752
209,41.82788525683789,0.875,0.2,0.5,0.5833333333333333,0.4492036904331958,0.15715560178258,0.3361875663289679,0.057453141455256054,-19.474076325627752
210,42.02801867911941,0.875,0.2,0.5,0.5833333333333333,0.4529058388133115,0.15864618574104355,0.33339774062071065,0.0550502348249341,-19.474076325627752
211,42.22815210140093,0.875,0.2,0.5,0.5833333333333333,0.4564893668108175,0.16020435698770338,0.330547313092568,0.052758963108910956,-19.474076325627752
212,42.428285523682455,0.875,0.2,0.5,0.5833333333333333,0.45995130951139246,0.16183140514202274,0.32764128106114426,0.05057600428544036,-19.474076325627752
213,42.62841894596397,0.875,0.2,0.5,0.5833333333333333,0.463288817540782,0.16352859302810813,0.32468458314414683,0.0484980062869628,-19.474076325627752
214,42.8285523682455,0.875,0.2,0.5,0.5833333333333333,0.4664991594786147,0.16529715416012045,0.32168208202427195,0.0465216043369927,-19.474076325627752
215,43.028685790527014,0.875,0.2,0.5,0.5833333333333333,0.46957972395979575,0.1671382901828806,0.3186385491088463,0.04464343674847707,-19.474076325627752
216,43.22881921280854,0.875,0.2,0.5,0.5833333333333333,0.47252802171723723,0.16905316819484786,0.315558657275168,0.04286015281274662,-19.474076325627752
217,43.428952635090056,0.875,0.2,0.5,0.5833333333333333,0.4753416878297782,0.17104291792949902,0.31244697680661804,0.04116841743410447,-19.474076325627752
218,43.62908605737158,0.875,0.2,0.5,0.5833333333333333,0.4780184824437757,0.17310862916151343,0.30930796085825046,0.03956492753646009,-19.474076325627752
219,43.8292194796531,0.875,0.2,0.5,0.5833333333333333,0.4805562924200507,0.17525134881515958,0.3061459395688187,0.0380464191959707,-19.474076325627752
220,44.02935290193462,0.875,0.2,0.5,0.5833333333333333,0.48295313339053175,0.17747207790227357,0.3029651130363993,0.03660967567079507,-19.474076325627752
221,44.22948632421614,0.875,0.2,0.5,0.5833333333333333,0.4852071497012871,0.17977176875906695,0.2997695461176229,0.03525153542202269,-19.474076325627752
222,44.429619746497664,0.875,0.2,0.5,0.5833333333333333,0.48731661555965555,0.18215132198518652,0.2965631638823824,0.03396889857277518,-19.474076325627752
223,44.62975316877918,0.875,0.2,0.5,0.5833333333333333,0.4892799364091138,0.1846115833342535,0.2933497496885636,0.03275873056806873,-19.474076325627752
224,44.829886591060706,0.875,0.2,0.5,0.5833333333333333,0.4910956487734542,0.18715334061239988,0.290132941039626,0.03161806957451964,-19.474076325627752
225,45.030020013342224,0.875,0.2,0.5,0.5833333333333333,0.4927624210255821,0.18977732045261148,0.28691622798055877,0.030544030541247283,-19.474076325627752
226,45.23015343562375,0.875,0.2,0.5,0.5833333333333333,0.4942790551818481,0.19248418491314698,0.28370295028563325,0.02953380961937135,-19.474076325627752
227,45.430286857905266,0.875,0.2,0.5,0.5833333333333333,0.4956444861137906,0.19527452823712266,0.28049629901992396,0.02858468662916244,-19.474076325627752
228,45.63042028018679,0.875,0.2,0.5,0.5833333333333333,0.4968577822614716,0.19814887341673829,0.27729931651177253,0.027694027810017216,-19.474076325627752
229,45.83055370246831,0.875,0.2,0.5,0.5833333333333333,0.4979181473303627,0.20110766870256347,0.2741148949439937,0.02685928902307973,-19.474076325627752
230,46.03068712474983,0.875,0.2,0.5,0.5833333333333333,0.49882491975558446,0.20415128405538058,0.27094578004753683,0.026078016141497753,-19.474076325627752
231,46.23082054703135,0.875,0.2,0.5,0.5833333333333333,0.4995775732687652,0.20728000758758772,0.2677945730154705,0.02534784612817636,-19.474076325627752
232,46.430953969312874,0.875,0.2,0.5,0.5833333333333333,0.5001757176804391,0.21049404235378225,0.26466373095865536,0.024666509007123007,-19.474076325627752
233,46.63108739159439,0.875,0.2,0.5,0.5833333333333333,0.5006190990652863,0.2137935024265933,0.26155557186149686,0.02403182664662323,-19.474076325627752
234,46.831220813875916,0.875,0.2,0.5,0.5833333333333333,0.5009076002228926,0.2171784092841867,0.25847227805693096,0.02344171243598945,-19.474076325627752
235,47.03135423615743,0.875,0.2,0.5,0.5833333333333333,0.5010412419051878,0.22064868854689745,0.25541589661634007,0.02289417293157428,-19.474076325627752
236,47.23148765843896,0.875,0.2,0.5,0.5833333333333333,0.5010201828380296,0.22420416608544533,0.25238834586868764,0.022387305207837105,-19.474076325627752
237,47.431621080720475,0.875,0.2,0.5,0.5833333333333333,0.500844720229244,0.2278445643950725,0.249391419908196,0.021919295467487193,-19.474076325627752
238,47.631754503002,0.875,0.2,0.5,0.5833333333333333,0.5005152902698224,0.23156949973552693,0.24642679032858145,0.021488419666068785,-19.474076325627752
239,47.83188792528352,0.875,0.2,0.5,0.5833333333333333,0.5000324686988663,0.2353784782322109,0.2434960124478786,0.021093040621043904,-19.474076325627752
240,48.03202134756504,0.875,0.2,0.5,0.5833333333333333,0.4993969712866323,0.23927089239592303,0.24060053040595655,0.02073160591148779,-19.474076325627752
241,48.23215476984656,0.875,0.2,0.5,0.5833333333333333,0.49860965393016876,0.2432460186156894,0.23774167979061187,0.020402647663529595,-19.474076325627752
242,48.432288192128084,0.875,0.2,0.5,0.5833333333333333,0.49767151325962716,0.247303013470257,0.23492069395289897,0.020104779317216503,-19.474076325627752
243,48.6324216144096,0.875,0.2,0.5,0.5833333333333333,0.49658368696554367,0.251440910640834,0.2321387090796087,0.019836693314013207,-19.474076325627752
244,48.832555036691126,0.875,0.2,0.5,0.5833333333333333,0.4953474535033253,0.25565861897371106,0.22939676693688657,0.019597160586076644,-19.474076325627752
245,49.03268845897264,0.875,0.2,0.5,0.5833333333333333,0.4939642326031337,0.2599549191123037,0.22669582121888515,0.019385027065677057,-19.474076325627752
246,49.23282188125417,0.875,0.2,0.5,0.5833333333333333,0.4924355852573538,0.2643284609995816,0.2240367423925978,0.019199211350466393,-19.474076325627752
247,49.432955303535685,0.875,0.2,0.5,0.5833333333333333,0.4907632126697552,0.2687777626690107,0.22142032096414624,0.0190387036970875,-19.474076325627752
248,49.63308872581721,0.875,0.2,0.5,0.5833333333333333,0.4889489566171778,0.27330120741220676,0.21884727322771977,0.018902562742895267,-19.474076325627752
249,49.83322214809873,0.875,0.2,0.5,0.5833333333333333,0.48699479887478453,0.27789704207416827,0.21631824578338352,0.01878991326766331,-19.474076325627752
250,50.03335557038025,0.875,0.2,0.5,0.5833333333333333,0.4849028595124574,0.28256337664694586,0.21383381883611358,0.01869994500448277,-19.474076325627752
251,50.23348899266177,0.875,0.2,0.5,0.5833333333333333,0.48267539672393317,0.28729818222973363,0.21139451145793814,0.018631909588394564,-19.474076325627752
252,50.433622414943294,0.875,0.2,0.5,0.5833333333333333,0.4803148055112221,0.29209929028795995,0.20900078569455224,0.01858511850626522,-19.474076325627752
253,50.63375583722481,0.875,0.2,0.5,0.5833333333333333,0.4778236152400887,0.2969643931333098,0.20665304981725396,0.01855894180934709,-19.474076325627752
254,50.833889259506336,0.875,0.2,0.5,0.5833333333333333,0.4752044887289723,0.3018910428982338,0.20435166293409784,0.018552805438695592,-19.474076325627752
255,51.03402268178785,0.875,0.2,0.5,0.5833333333333333,0.4724602200320841,0.3068766518911975,0.20209693867447054,0.018566189402247423,-19.474076325627752
256,51.23415610406938,0.875,0.2,0.5,0.5833333333333333,0.46959373114120456,0.31191849402999483,0.19988914838795058,0.018598626440849638,-19.474076325627752
257,51.4342895263509,0.875,0.2,0.5,0.5833333333333333,0.46660807013824596,0.3170137050234649,0.19772852503514368,0.01864969980314507,-19.474076325627752
258,51.63442294863242,0.875,0.2,0.5,0.5833333333333333,0.46350640797684434,0.3221592838954695,0.19561526646086477,0.018719041666821135,-19.474076325627752
259,51.834556370913944,0.875,0.2,0.5,0.5833333333333333,0.46029203441779226,0.3273520953503005,0.19354953834180627,0.01880633189010069,-19.474076325627752
260,52.03468979319546,0.875,0.2,0.5,0.5833333333333333,0.4569683549786882,0.3325888713399217,0.19153147747893676,0.018911296202453104,-19.474076325627752
261,52.234823215476986,0.875,0.2,0.5,0.5833333333333333,0.45353888670432113,0.337866213753168,0.1895611946626843,0.019033704879826273,-19.474076325627752
262,52.4349566377585,0.875,0.2,0.5,0.5833333333333333,0.4500072533278417,0.3431805976886517,0.18763877737626744,0.019173371607238816,-19.474076325627752
263,52.63509006004003,0.875,0.2,0.5,0.5833333333333333,0.44637718093504253,0.3485283744828137,0.1857642924862578,0.019330152095885646,-19.474076325627752
264,52.835223482321545,0.875,0.2,0.5,0.5833333333333333,0.44265249277488805,0.35390577549110946,0.18393778873666672,0.019503942997335464,-19.474076325627752
265,53.03535690460307,0.875,0.2,0.5,0.5833333333333333,0.438837103736597,0.35930891618844896,0.1821592991558,0.01969468091915378,-19.474076325627752
266,53.23549032688459,0.875,0.2,0.5,0.5833333333333333,0.43493501467925516,0.36473380066064603,0.18042884323662262,0.01990234142347594,-19.474076325627752
267,53.43562374916611,0.875,0.2,0.5,0.5833333333333333,0.4309503064747895,0.3701763262732927,0.1787464290939256,0.020126938157991978,-19.474076325627752
268,53.63575717144763,0.875,0.2,0.5,0.5833333333333333,0.42688713397588807,0.37563228843024127,0.17711205555879103,0.020368522035079415,-19.474076325627752
269,53.835890593729154,0.875,0.2,0.5,0.5833333333333333,0.4227497188745028,0.381097386678525,0.17552571385702168,0.020627180589950302,-19.474076325627752
270,54.03602401601067,0.875,0.2,0.5,0.5833333333333333,0.4185423428442467,0.38656723043400903,0.1739873893690957,0.020903037352648344,-19.474076325627752
271,54.236157438292196,0.875,0.2,0.5,0.5833333333333333,0.41426934144495664,0.3920373439109856,0.17249706350955601,0.02119625113450154,-19.474076325627752
272,54.43629086057371,0.875,0.2,0.5,0.5833333333333333,0.4099350972534603,0.3975031719165556,0.17105471535989514,0.021507015470088785,-19.474076325627752
273,54.63642428285524,0.875,0.2,0.5,0.5833333333333333,0.4055440307318227,0.4029600881344424,0.1696603226889772,0.02183555844475749,-19.474076325627752
274,54.836557705136755,0.875,0.2,0.5,0.5833333333333333,0.4011005930321318,0.4084034013198005,0.16831386338922708,0.02218214225884039,-19.474076325627752
275,55.03669112741828,0.875,0.2,0.5,0.5833333333333333,0.39660926098627197,0.4138283594824561,0.16701531708728135,0.02254706244399038,-19.474076325627752
276,55.2368245496998,0.875,0.2,0.5,0.5833333333333333,0.3920745279557639,0.4192301581633159,0.1657646660669672,0.022930647813952904,-19.474076325627752
277,55.43695797198132,0.875,0.2,0.5,0.5833333333333333,0.3875008945648631,0.4246039488748933,0.1645618960928271,0.02333326046741642,-19.474076325627752
278,55.63709139426284,0.875,0.2,0.5,0.5833333333333333,0.3828928616294309,0.4299448454778096,0.16340699744870626,0.02375529544405316,-19.474076325627752
279,55.837224816544364,0.875,0.2,0.5,0.5833333333333333,0.3782549265643395,0.43524792748762453,0.16229996618633413,0.02419717976170181,-19.474076325627752
280,56.03735823882588,0.875,0.2,0.5,0.5833333333333333,0.37359157171965357,0.4405082508192644,0.1612408044972111,0.024659372963870836,-19.474076325627752
281,56.237491661107406,0.875,0.2,0.5,0.5833333333333333,0.36890725646875033,0.4457208551659238,0.16022952135695173,0.0251423670083741,-19.474076325627752
282,56.43762508338892,0.875,0.2,0.5,0.5833333333333333,0.36420641105288637,0.45088076993535536,0.15926613319989863,0.025646685811859547,-19.474076325627752
283,56.63775850567045,0.875,0.2,0.5,0.5833333333333333,0.35949343355637,0.45598301766166915,0.15835066467342468,0.026172884108536014,-19.474076325627752
284,56.837891927951965,0.875,0.2,0.5,0.5833333333333333,0.3547726771611892,0.4610226256648138,0.15748314869280144,0.02672154848119543,-19.474076325627752
285,57.03802535023349,0.875,0.2,0.5,0.5833333333333333,0.3500484442128522,0.46599463204917135,0.15666362682370363,0.027293296914272666,-19.474076325627752
286,57.23815877251501,0.875,0.2,0.5,0.5833333333333333,0.3453249818843147,0.4708940907060566,0.1558921495816072,0.027888777828021398,-19.474076325627752
287,57.43829219479653,0.875,0.2,0.5,0.5833333333333333,0.34060647824970514,0.47571607610549166,0.15516877664103104,0.02850866900377204,-19.474076325627752
288,57.63842561707805,0.875,0.2,0.5,0.5833333333333333,0.3358970510872804,0.48045569352227757,0.15449357673189743,0.0291536786585445,-19.474076325627752
289,57.83855903935957,0.875,0.2,0.5,0.5833333333333333,0.33120074363697755,0.4851080842006437,0.153866627648813,0.029824544513565542,-19.474076325627752
290,58.03869246164109,0.875,0.2,0.5,0.5833333333333333,0.3265215225872753,0.48966842961663937,0.153288016101741,0.030522031694344094,-19.474076325627752
291,58.238825883922615,0.875,0.2,0.5,0.5833333333333333,0.321863272331569,0.4941319578911806,0.15275783748961813,0.031246932287632034,-19.474076325627752
292,58.43895930620413,0.875,0.2,0.5,0.5833333333333333,0.3172297877684615,0.49849395106565825,0.1522761955895837,0.03200006557629619,-19.474076325627752
293,58.63909272848566,0.875,0.2,0.5,0.5833333333333333,0.31262477122278254,0.5027497501722871,0.15184320213150365,0.032782276473426325,-19.474076325627752
294,58.839226150767175,0.875,0.2,0.5,0.5833333333333333,0.3080518318946159,0.5068947601077028,0.15145897612175602,0.0335944318759248,-19.474076325627752
295,59.0393595730487,0.875,0.2,0.5,0.5833333333333333,0.30351448005531445,0.5109244556309627,0.15112364333670616,0.03443742097701621,-19.474076325627752
296,59.23949299533022,0.875,0.2,0.5,0.5833333333333333,0.2990161235838863,0.5148343867928659,0.15083733562717805,0.035312153996069254,-19.474076325627752
297,59.43962641761174,0.875,0.2,0.5,0.5833333333333333,0.2945600662111816,0.5186201842953556,0.15060019003031394,0.03621955946314833,-19.474076325627752
298,59.63975983989326,0.875,0.2,0.5,0.5833333333333333,0.29014950735494943,0.5222775660433231,0.15041234757861224,0.03716057902311467,-19.474076325627752
299,59.83989326217478,0.875,0.2,0.5,0.5833333333333333,0.2857875383744332,0.5258023409876351,0.15027395252358683,0.03813616811434431,-19.474076325627752
300,60.0400266844563,0.875,0.2,0.5,0.5833333333333333,0.2814771416850412,0.5291904145078343,0.1501851511376467,0.0391472926694772,-19.474076325627752
301,60.240160106737825,0.875,0.2,0.5,0.5833333333333333,0.27722119022941455,0.5324377949824102,0.150146090330607,0.040194924457567546,-19.474076325627752
302,60.44029352901934,0.875,0.2,0.5,0.5833333333333333,0.2730224473895158,0.5355406015933329,0.15015691607046563,0.04128003494668487,-19.474076325627752
303,60.64042695130087,0.875,0.2,0.5,0.5833333333333333,0.2688835664557401,0.538495066217003,0.15021777217150573,0.04240359515575043,-19.474076325627752
304,60.840560373582385,0.875,0.2,0.5,0.5833333333333333,0.26480709118308116,0.5412975401174789,0.15032879858828357,0.043566570111155646,-19.474076325627752
305,61.04069379586391,0.875,0.2,0.5,0.5833333333333333,0.2607954558448516,0.5439445032096152,0.15049012957967473,0.04476991136585774,-19.474076325627752
306,61.24082721814543,0.875,0.2,0.5,0.5833333333333333,0.25685098615081525,0.5464325708843838,0.1507018918429306,0.04601455112186972,-19.474076325627752
307,61.44096064042695,0.875,0.2,0.5,0.5833333333333333,0.2529759013579712,0.5487584968499362,0.15096420266225397,0.047301399129837905,-19.474076325627752
308,61.64109406270847,0.875,0.2,0.5,0.5833333333333333,0.2491723156468079,0.5509191814543952,0.15127716779288392,0.04863133510591221,-19.474076325627752
309,61.84122748498999,0.875,0.2,0.5,0.5833333333333333,0.24544223797063164,0.5529116839976372,0.15164087942472718,0.05000519860700326,-19.474076325627752
310,62.04136090727151,0.875,0.2,0.5,0.5833333333333333,0.24178757533642017,0.5547332276476259,0.15205541383838111,0.051423783177572034,-19.474076325627752
311,62.241494329553035,0.875,0.2,0.5,0.5833333333333333,0.23821013586413486,0.5563812059392428,0.15252082898846106,0.05288782920816054,-19.474076325627752
312,62.44162775183455,0.875,0.2,0.5,0.5833333333333333,0.23471163066632772,0.5578531927496806,0.15303716213734492,0.05439801444664596,-19.474076325627752
313,62.64176117411608,0.875,0.2,0.5,0.5833333333333333,0.2312936734094043,0.5591469557699603,0.1536044279834334,0.05595494283720113,-19.474076325627752
314,62.841894596397594,0.875,0.2,0.5,0.5833333333333333,0.22795778610702896,0.5602604618853178,0.15422261547591576,0.05755913653173666,-19.474076325627752
315,63.04202801867912,0.875,0.2,0.5,0.5833333333333333,0.22470540193336996,0.5611918874600014,0.1548916851957354,0.05921102541089239,-19.474076325627752
316,63.242161440960636,0.875,0.2,0.5,0.5833333333333333,0.22153786702639763,0.5619396294987723,0.1556115670897934,0.06091093638503585,-19.474076325627752
317,63.44229486324216,0.875,0.2,0.5,0.5833333333333333,0.21845644047603677,0.5625023175690889,0.15638215891225873,0.0626590830426148,-19.474076325627752
318,63.64242828552368,0.875,0.2,0.5,0.5833333333333333,0.21546230147496503,0.5628788235382552,0.15720332206938425,0.06445555291739467,-19.474076325627752
319,63.8425617078052,0.875,0.2,0.5,0.5833333333333333,0.21255655146086755,0.5630682735923196,0.1580748792748509,0.06630029567196116,-19.474076325627752
320,64.04269513008673,0.875,0.2,0.5,0.5833333333333333,0.20974021511034938,0.5630700578560723,0.15899661307610585,0.0681931139574717,-19.474076325627752
321,64.24282855236824,0.875,0.2,0.5,0.5833333333333333,0.20701424191434512,0.562883840656135,0.15996826410919313,0.07013365332032605,-19.474076325627752
322,64.44296197464976,0.875,0.2,0.5,0.5833333333333333,0.20437951264077028,0.5625095760835455,0.16098952664753932,0.07212138462814421,-19.474076325627752
323,64.64309539693129,0.875,0.2,0.5,0.5833333333333333,0.2018368410129921,0.5619475186976167,0.1620600468684103,0.07415559342098016,-19.474076325627752
324,64.84322881921281,0.875,0.2,0.5,0.5833333333333333,0.19938697352954554,0.5611982257734877,0.16317942298910834,0.07623537770785774,-19.474076325627752
325,65.04336224149432,0.875,0.2,0.5,0.5833333333333333,0.19703059311009774,0.5602625714923203,0.164347202370279,0.07835963302730226,-19.474076325627752
326,65.24349566377585,0.875,0.2,0.5,0.5833333333333333,0.19476832322742813,0.5591417627286726,0.1655628782719944,0.08052703577190412,-19.474076325627752
327,65.44362908605737,0.875,0.2,0.5,0.5833333333333333,0.19260072947602339,0.5578373465497749,0.16682588875043106,0.08273603522376986,-19.474076325627752
328,65.6437625083389,0.875,0.2,0.5,0.5833333333333333,0.19052831910528,0.5563512016441263,0.16813561804543325,0.08498486120515966,-19.474076325627752
329,65.8438959306204,0.875,0.2,0.5,0.5833333333333333,0.18855154405123814,0.5546855578695893,0.16949139392251458,0.08727150415665716,-19.474076325627752
330,66.04402935290193,0.875,0.2,0.5,0.5833333333333333,0.18667080369138342,0.552842999415173,0.17089248639678972,0.08959371049665303,-19.474076325627752
331,66.24416277518345,0.875,0.2,0.5,0.5833333333333333,0.18488644547433145,0.5508264668148994,0.17233810781887235,0.09194897989189597,-19.474076325627752
332,66.44429619746498,0.875,0.2,0.5,0.5833333333333333,0.18319876629927842,0.5486392578318235,0.17382741261936407,0.09433456324953327,-19.474076325627752
333,66.64442961974649,0.875,0.2,0.5,0.5833333333333333,0.18160801362262088,0.5462850273645081,0.17535949736339668,0.09674746164947355,-19.474076325627752
334,66.84456304202801,0.875,0.2,0.5,0.5833333333333333,0.18011438631730892,0.5437677844089807,0.17693340117535253,0.09918442809835716,-19.474076325627752
335,67.04469646430954,0.875,0.2,0.5,0.5833333333333333,0.17871803546658369,0.5410918881660982,0.17854810627765935,0.10164197008965802,-19.474076325627752
336,67.24482988659106,0.875,0.2,0.5,0.5833333333333333,0.17741906483624667,0.5382620402424616,0.18020253903563233,0.10411635588565872,-19.474076325627752
337,67.44496330887257,0.875,0.2,0.5,0.5833333333333333,0.1762175312880128,0.535283276081924,0.18189557104878912,0.10660362158127329,-19.474076325627752
338,67.6450967311541,0.875,0.2,0.5,0.5833333333333333,0.17511344500317225,0.5321609540205627,0.1836260205289643,0.10909958044729999,-19.474076325627752
339,67.84523015343562,0.875,0.2,0.5,0.5833333333333333,0.17410676944109382,0.5289007406965143,0.18539265404290714,0.11159983581948403,-19.474076325627752
340,68.04536357571715,0.875,0.2,0.5,0.5833333333333333,0.17319742125692725,0.5255085957582711,0.1871941882789824,0.11409979470581852,-19.474076325627752
341,68.24549699799866,0.875,0.2,0.5,0.5833333333333333,0.17238526986689826,0.521990751628859,0.18902929226345455,0.11659468624078748,-19.474076325627752
342,68.44563042028018,0.875,0.2,0.5,0.5833333333333333,0.17167013696944572,0.5183536925391418,0.19089658961443665,0.11907958087697511,-19.474076325627752
343,68.6457638425617,0.875,0.2,0.5,0.5833333333333333,0.17105179681328214,0.514604144411374,0.19279465990701444,0.12154939886832851,-19.474076325627752
344,68.84589726484323,0.875,0.2,0.5,0.5833333333333333,0.17052997543386425,0.5107490498891859,0.19472204122601033,0.12399893345093863,-19.474076325627752
345,69.04603068712474,0.875,0.2,0.5,0.5833333333333333,0.17010434858031118,0.5067955235757818,0.19667723329480732,0.12642289454909886,-19.474076325627752
346,69.24616410940627,0.875,0.2,0.5,0.5833333333333333,0.1697745411041775,0.5027508297000848,0.1986587001215863,0.1288159290741506,-19.474076325627752
347,69.44629753168779,0.875,0.2,0.5,0.5833333333333333,0.16954012586810713,0.49862235231342467,0.20066487281688578,0.1311726490015817,-19.474076325627752
348,69.64643095396931,0.875,0.2,0.5,0.5833333333333333,0.1694006246244441,0.4944175919446378,0.20269414998866989,0.13348763344224743,-19.474076325627752
349,69.84656437625083,0.875,0.2,0.5,0.5833333333333333,0.16935550605701657,0.4901441234557425,0.20474490138789253,0.1357554690993476,-19.474076325627752
350,70.04669779853235,0.875,0.2,0.5,0.5833333333333333,0.16940418379902794,0.4858095586810138,0.20681546992604516,0.1379707875939123,-19.474076325627752
351,70.24683122081387,0.875,0.2,0.5,0.5833333333333333,0.16954601480486672,0.4814215130573258,0.2089041735031443,0.1401282986346624,-19.474076325627752
352,70.4469646430954,0.875,0.2,0.5,0.5833333333333333,0.16978029890516338,0.4769875814479968,0.21100930718118568,0.14222281246565338,-19.474076325627752
353,70.64709806537691,0.875,0.2,0.5,0.5833333333333333,0.17010627922011368,0.47251531950265024,0.21312914471691233,0.14424925656032303,-19.474076325627752
354,70.84723148765843,0.875,0.2,0.5,0.5833333333333333,0.17052313987036435,0.4680122040515649,0.2152619404647644,0.14620271561330558,-19.474076325627752
355,71.04736490993996,0.875,0.2,0.5,0.5833333333333333,0.17103000429687862,0.46348561058357585,0.21740593044090425,0.14807845467864053,-19.474076325627752
356,71.24749833222148,0.875,0.2,0.5,0.5833333333333333,0.17162593423923392,0.4589427863000851,0.21955933369514388,0.14987194576553625,-19.474076325627752
357,71.44763175450299,0.875,0.2,0.5,0.5833333333333333,0.1723099294076456,0.45439082617796384,0.22172035341025828,0.15157889100413152,-19.474076325627752
358,71.64776517678452,0.875,0.2,0.5,0.5833333333333333,0.17308092752484242,0.4498366536505063,0.22388717755460882,0.15319524127004172,-19.474076325627752
359,71.84789859906604,0.875,0.2,0.5,0.5833333333333333,0.17393780266552394,0.4452869959111863,0.2260579797661598,0.15471722165712923,-19.474076325627752
360,72.04803202134757,0.875,0.2,0.5,0.5833333333333333,0.17487936464208512,0.4407483701074372,0.22823092023631217,0.15614134501416468,-19.474076325627752
361,72.24816544362908,0.875,0.2,0.5,0.5833333333333333,0.175904358638288,0.43622706417078755,0.23040414601547163,0.15746443117545203,-19.474076325627752
362,72.4482988659106,0.875,0.2,0.5,0.5833333333333333,0.1770114653144391,0.43172912399728186,0.23257579160614142,0.15868361908213682,-19.474076325627752
363,72.64843228819213,0.875,0.2,0.5,0.5833333333333333,0.1781993008223212,0.4272603420647805,0.23474397938118688,0.15979637773171065,-19.474076325627752
364,72.84856571047365,0.875,0.2,0.5,0.5833333333333333,0.17946641662976293,0.42282624663790375,0.236906819947923,0.1608005167844096,-19.474076325627752
365,73.04869913275516,0.875,0.2,0.5,0.5833333333333333,0.18081130006076107,0.41843209569609363,0.23906241313804835,0.16169419110509622,-19.474076325627752
366,73.24883255503669,0.875,0.2,0.5,0.5833333333333333,0.1822323745776283,0.4140828701202466,0.24120884762473913,0.16247590767738532,-19.474076325627752
367,73.44896597731821,0.875,0.2,0.5,0.5833333333333333,0.18372800059789432,0.40978327072252974,0.24334420200368995,0.1631445266758853,-19.474076325627752
368,73.64909939959973,0.875,0.2,0.5,0.5833333333333333,0.18529647672758442,0.4055377173651581,0.2454665468290904,0.1636992590781664,-19.474076325627752
369,73.84923282188124,0.875,0.2,0.5,0.5833333333333333,0.18693604044006082,0.401350349424615,0.24757394371043143,0.16413966642489208,-19.474076325627752
370,74.04936624416277,0.875,0.2,0.5,0.5833333333333333,0.18864486956780224,0.39722502715992325,0.24966444721122147,0.1644656560610524,-19.474076325627752
371,74.2494996664443,0.875,0.2,0.5,0.5833333333333333,0.19042108399934587,0.3931653331138652,0.2517361071450871,0.1646774757417012,-19.474076325627752
372,74.44963308872582,0.875,0.2,0.5,0.5833333333333333,0.19226274718845213,0.38917458130572374,0.25378696858308636,0.16477570292273716,-19.474076325627752
373,74.64976651100733,0.875,0.2,0.5,0.5833333333333333,0.19416786806929232,0.3852558206957758,0.25581507450322083,0.16476123673171045,-19.474076325627752
374,74.84989993328885,0.875,0.2,0.5,0.5833333333333333,0.19613440305462482,0.38141183933248074,0.25781846867141595,0.16463528894147794,-19.474076325627752
375,75.05003335557038,0.875,0.2,0.5,0.5833333333333333,0.19816025842994403,0.377645178874249,0.2597951966691815,0.16439936602662494,-19.474076325627752
376,75.2501667778519,0.875,0.2,0.5,0.5833333333333333,0.2002432924481224,0.37395813929820343,0.26174330925404665,0.16405525899962697,-19.474076325627752
377,75.45030020013341,0.875,0.2,0.5,0.5833333333333333,0.20238131756150415,0.3703527855894239,0.26366086567617886,0.16360503117289243,-19.474076325627752
378,75.65043362241494,0.875,0.2,0.5,0.5833333333333333,0.20457210349796934,0.3668309647716173,0.26554593616538213,0.1630509955650306,-19.474076325627752
379,75.85056704469646,0.875,0.2,0.5,0.5833333333333333,0.2068133794562377,0.36339431125842325,0.26739660566508505,0.16239570362025335,-19.474076325627752
380,76.05070046697799,0.875,0.2,0.5,0.5833333333333333,0.20910283663819726,0.3600442556352809,0.2692109775784901,0.16164193014803113,-19.474076325627752
381,76.2508338892595,0.875,0.2,0.5,0.5833333333333333,0.21143813161052186,0.35678204180293915,0.2709871776517113,0.160792648934827,-19.474076325627752
382,76.45096731154102,0.875,0.2,0.5,0.5833333333333333,0.21381688841378002,0.3536087325810488,0.2727233578291845,0.1598510211759861,-19.474076325627752
383,76.65110073382255,0.875,0.2,0.5,0.5833333333333333,0.21623670128564554,0.350525220187926,0.27441770051485603,0.15882037801157184,-19.474076325627752
384,76.85123415610407,0.875,0.2,0.5,0.5833333333333333,0.21869513806802607,0.3475322414559266,0.27606842340350557,0.15770419707254113,-19.474076325627752
385,77.0513675783856,0.875,0.2,0.5,0.5833333333333333,0.22118974226494817,0.3446303840443243,0.27767378320059743,0.15650609049012948,-19.474076325627752
386,77.2515010006671,0.875,0.2,0.5,0.5833333333333333,0.22371803580072475,0.34182009699375826,0.27923208026059376,0.15522978694492257,-19.474076325627752
387,77.45163442294863,0.875,0.2,0.5,0.5833333333333333,0.22627752222248093,0.33910170386866434,0.2807416639481706,0.1538791099606835,-19.474076325627752
388,77.65176784523015,0.875,0.2,0.5,0.5833333333333333,0.22886568910265367,0.3364754111041425,0.2822009368388306,0.15245796295437267,-19.474076325627752
389,77.85190126751168,0.875,0.2,0.5,0.5833333333333333,0.23148001023015577,0.3339413154371228,0.2836083578688613,0.15097031646385956,-19.474076325627752
390,78.05203468979319,0.875,0.2,0.5,0.5833333333333333,0.23411794835815292,0.3314994136249551,0.28496244816103566,0.14942018985585576,-19.474076325627752
391,78.25216811207471,0.875,0.2,0.5,0.5833333333333333,0.23677695737968293,0.3291496092454989,0.28626179499010695,0.14781163838471065,-19.474076325627752
392,78.45230153435624,0.875,0.2,0.5,0.5833333333333333,0.239454485468372,0.326891726781491,0.28750505624152123,0.14614873150861518,-19.474076325627752
393,78.65243495663776,0.875,0.2,0.5,0.5833333333333333,0.24214797704602764,0.32472551697993246,0.2886909643777814,0.1444355415962579,-19.474076325627752
394,78.85256837891927,0.875,0.2,0.5,0.5833333333333333,0.24485487441395584,0.3226506599011299,0.28981833013373837,0.14267613555117528,-19.474076325627752
395,79.0527018012008,0.875,0.2,0.5,0.5833333333333333,0.2475726203014526,0.3206667743213616,0.2908860462268692,0.14087455915031596,-19.474076325627752
396,79.25283522348232,0.875,0.2,0.5,0.5833333333333333,0.2502986608991701,0.3187734292356087,0.29189309070734937,0.13903481915787122,-19.474076325627752
397,79.45296864576385,0.875,0.2,0.5,0.5833333333333333,0.25303044673081687,0.3169701434449567,0.2928385300218698,0.13716087980235586,-19.474076325627752
398,79.65310206804536,0.875,0.2,0.5,0.5833333333333333,0.2557654349174058,0.3152563925882733,0.29372152174999244,0.13525665074432772,-19.474076325627752
399,79.85323549032688,0.875,0.2,0.5,0.5833333333333333,0.2585010919452731,0.3136316164559457,0.2945413174676966,0.13332597413108382,-19.474076325627752
400,80.0533689126084,0.875,0.2,0.5,0.5833333333333333,0.26123489532654276,0.31209522276570295,0.2952972646619191,0.13137261724583438,-19.474076325627752
401,80.25350233488993,0.875,0.2,0.5,0.5833333333333333,0.2639643353797543,0.3106465908790991,0.2959888083341305,0.12940026540701524,-19.474076325627752
402,80.45363575717144,0.875,0.2,0.5,0.5833333333333333,0.26668691717876525,0.3092850764996162,0.29661549290617567,0.12741251341544205,-19.474076325627752
403,80.65376917945296,0.875,0.2,0.5,0.5833333333333333,0.2694001621428555,0.3080100160672338,0.2971769642346072,0.12541285755530254,-19.474076325627752
404,80.85390260173449,0.875,0.2,0.5,0.5833333333333333,0.2721016101698177,0.3068207290597982,0.2976729693558024,0.12340469141458087,-19.474076325627752
405,81.05403602401601,0.875,0.2,0.5,0.5833333333333333,0.2747888213220425,0.3057165212554873,0.29810335732203114,0.1213913001004382,-19.474076325627752
406,81.25416944629752,0.875,0.2,0.5,0.5833333333333333,0.2774593783440413,0.3046966877873623,0.2984680795079086,0.11937585436068698,-19.474076325627752
407,81.45430286857905,0.875,0.2,0.5,0.5833333333333333,0.2801108881497376,0.3037605151982316,0.29876718921426837,0.11736140743776148,-19.474076325627752
408,81.65443629086057,0.875,0.2,0.5,0.5833333333333333,0.2827409836768168,0.3029072833792678,0.2990008409525558,0.11535089199135856,-19.474076325627752
409,81.8545697131421,0.875,0.2,0.5,0.5833333333333333,0.28534732575669675,0.3021362675020703,0.29916928990111225,0.11334711684011975,-19.474076325627752
410,82.05470313542361,0.875,0.2,0.5,0.5833333333333333,0.28792760483449475,0.30144673966350877,0.2992728911516568,0.11135276435033879,-19.474076325627752
411,82.25483655770513,0.875,0.2,0.5,0.5833333333333333,0.2904795431874401,0.3008379698025845,0.2993120972549222,0.10937038975505232,-19.474076325627752
412,82.45496997998666,0.875,0.2,0.5,0.5833333333333333,0.2930008967235899,0.3003092267597196,0.2992874566506834,0.10740241986600618,-19.474076325627752
413,82.65510340226818,0.875,0.2,0.5,0.5833333333333333,0.29548945672311067,0.29985977914141154,0.2991996122874679,0.10545115184800902,-19.474076325627752
414,82.85523682454969,0.875,0.2,0.5,0.5833333333333333,0.2979430519371263,0.29948889572042603,0.2990492984110425,0.1035187539314043,-19.474076325627752
415,83.05537024683122,0.875,0.2,0.5,0.5833333333333333,0.3003595505500618,0.2991958457255421,0.2988373377161452,0.1016072660082501,-19.474076325627752
416,83.25550366911274,0.875,0.2,0.5,0.5833333333333333,0.30273686195270405,0.29897989905933015,0.2985646391833542,0.09971859980461072,-19.474076325627752
417,83.45563709139427,0.875,0.2,0.5,0.5833333333333333,0.3050729386396249,0.29884032622883683,0.2982321950950269,0.09785454003651045,-19.474076325627752
418,83.65577051367578,0.875,0.2,0.5,0.5833333333333333,0.307365778386756,0.2987763978817211,0.2978410764643409,0.09601674726718114,-19.474076325627752
419,83.8559039359573,0.875,0.2,0.5,0.5833333333333333,0.3096134260644485,0.29878738447707476,0.2973924299150877,0.09420675954338834,-19.474076325627752
420,84.05603735823883,0.875,0.2,0.5,0.5833333333333333,0.3118139750924022,0.2988725564312508,0.29688747560935425,0.09242599286699205,-19.474076325627752
421,84.25617078052035,0.875,0.2,0.5,0.5833333333333333,0.3139655698015958,0.29903118259737244,0.29632750145140974,0.09067574614962129,-19.474076325627752
422,84.45630420280186,0.875,0.2,0.5,0.5833333333333333,0.3160664072649314,0.2992625294279335,0.2957138590931171,0.08895720421401727,-19.474076325627752
423,84.65643762508338,0.875,0.2,0.5,0.5833333333333333,0.3181147388679662,0.29956586091111503,0.29504796121636795,0.0872714390045501,-19.474076325627752
424,84.85657104736491,0.875,0.2,0.5,0.5833333333333333,0.32010887216511447,0.29994043739854065,0.2943312770355212,0.085619413400823,-19.474076325627752
425,85.05670446964643,0.875,0.2,0.5,0.5833333333333333,0.32204717288158563,0.30038551374137396,0.29356532673968,0.08400198663735968,-19.474076325627752
426,85.25683789192794,0.875,0.2,0.5,0.5833333333333333,0.32392806649548644,0.3009003385520352,0.29275167786102146,0.08241991709145621,-19.474076325627752
427,85.45697131420947,0.875,0.2,0.5,0.5833333333333333,0.32575003949936776,0.3014841539946671,0.2918919426645163,0.08087386384144815,-19.474076325627752
428,85.657104736491,0.875,0.2,0.5,0.5833333333333333,0.3275116415655307,0.30213619316929397,0.2909877714623563,0.07936439380281833,-19.474076325627752
429,85.85723815877252,0.875,0.2,0.5,0.5833333333333333,0.3292114870461851,0.302855678954675,0.2900408485297509,0.07789198546938828,-19.474076325627752
430,86.05737158105403,0.875,0.2,0.5,0.5833333333333333,0.33084825603659423,0.30364182355731917,0.2890528895118438,0.07645703089424213,-19.474076325627752
431,86.25750500333555,0.875,0.2,0.5,0.5833333333333333,0.3324206960180467,0.30449382667840985,0.28802563629937405,0.07505984100416876,-19.474076325627752
432,86.45763842561708,0.875,0.2,0.5,0.5833333333333333,0.33392762345661486,0.30541087360690533,0.28696085186116194,0.07370065107531727,-19.474076325627752
433,86.6577718478986,0.875,0.2,0.5,0.5833333333333333,0.33536792487690925,0.30639213421756306,0.2858603169238077,0.0723796239817193,-19.474076325627752
434,86.85790527018011,0.875,0.2,0.5,0.5833333333333333,0.33674055771498623,0.307436762228957,0.2847258272779659,0.0710968527780901,-19.474076325627752
435,87.05803869246164,0.875,0.2,0.5,0.5833333333333333,0.3380445519802908,0.3085438927136904,0.2835591877471286,0.06985236755888936,-19.474076325627752
436,87.25817211474316,0.875,0.2,0.5,0.5833333333333333,0.33927901117501513,0.3097126409045041,0.2823622088045442,0.06864613911593584,-19.474076325627752
437,87.45830553702469,0.875,0.2,0.5,0.5833333333333333,0.3404431128357661,0.31094210156595464,0.2811367043370318,0.06747808126124676,-19.474076325627752
438,87.6584389593062,0.875,0.2,0.5,0.5833333333333333,0.3415361096622685,0.312231347075155,0.2798844870653568,0.06634805619721901,-19.474076325627752
439,87.85857238158772,0.875,0.2,0.5,0.5833333333333333,0.3425573303892799,0.3135794258395798,0.2786073647008579,0.06525587907028177,-19.474076325627752
440,88.05870580386924,0.875,0.2,0.5,0.5833333333333333,0.34350618025025964,0.3149853613741856,0.2773071373669517,0.06420132100860244,-19.474076325627752
441,88.25883922615077,0.875,0.2,0.5,0.5833333333333333,0.34438214134217365,0.31644815142638205,0.2759855951688061,0.06318411206263749,-19.474076325627752
442,88.45897264843228,0.875,0.2,0.5,0.5833333333333333,0.345184773441035,0.31796676598595663,0.2746445139878291,0.06220394658517856,-19.474076325627752
443,88.6591060707138,0.875,0.2,0.5,0.5833333333333333,0.3459137142425486,0.31954014633775424,0.273285653099711,0.06126048631998549,-19.474076325627752
444,88.85923949299533,0.875,0.2,0.5,0.5833333333333333,0.34656867935850727,0.32116720455203424,0.2719107533823818,0.06035336270707598,-19.474076325627752
445,89.05937291527685,0.875,0.2,0.5,0.5833333333333333,0.34714946266750735,0.32284682190375746,0.2705215342159661,0.0594821812127684,-19.474076325627752
446,89.25950633755836,0.875,0.2,0.5,0.5833333333333333,0.34765593636995357,0.3245778478140206,0.26911969117252693,0.058646524643498184,-19.474076325627752
447,89.45963975983989,0.875,0.2,0.5,0.5833333333333333,0.348088050796815,0.326359099277031,0.26770689426853944,0.05784595565761378,-19.474076325627752
448,89.65977318212141,0.875,0.2,0.5,0.5833333333333333,0.3484458341718829,0.328189360183053,0.2662847862151338,0.05708001942992946,-19.474076325627752
449,89.85990660440294,0.875,0.2,0.5,0.5833333333333333,0.34872939245800655,0.3300673800946369,0.2648549803429743,0.05634824710438144,-19.474076325627752
450,90.06004002668445,0.875,0.2,0.5,0.5833333333333333,0.34893890889960544,0.33199187376682043,0.26341905919215325,0.055650158141419916,-19.474076325627752
451,90.26017344896597,0.875,0.2,0.5,0.5833333333333333,0.3490746434609725,0.333961520906745,0.2619785731662452,0.05498526246603629,-19.474076325627752
452,90.4603068712475,0.875,0.2,0.5,0.5833333333333333,0.3491369322675209,0.3359749652716406,0.2605350392877592,0.054353063173078385,-19.474076325627752
453,90.66044029352902,0.875,0.2,0.5,0.5833333333333333,0.3491261868728943,0.3380308143024524,0.25908994015927056,0.05375305866538181,-19.474076325627752
454,90.86057371581053,0.875,0.2,0.5,0.5833333333333333,0.3490428934163981,0.340127639123576,0.2576447229147978,0.05318474454522726,-19.474076325627752
455,91.06070713809206,0.875,0.2,0.5,0.5833333333333333,0.3488876116909396,0.34226397417589,0.2562007985469791,0.05264761558619042,-19.474076325627752
456,91.26084056037358,0.875,0.2,0.5,0.5833333333333333,0.3486609741031452,0.3444383169683191,0.25475954138005374,0.052141167548481054,-19.474076325627752
457,91.4609739826551,0.875,0.2,0.5,0.5833333333333333,0.34836368455834094,0.34664912821804383,0.25332228840572324,0.05166489881789107,-19.474076325627752
458,91.66110740493662,0.875,0.2,0.5,0.5833333333333333,0.34799651725882685,0.34889483207356803,0.2518903387116693,0.05121831195593487,-19.474076325627752
459,91.86124082721814,0.875,0.2,0.5,0.5833333333333333,0.3475603152928398,0.35117381604969367,0.2504649536678239,0.050800914989641704,-19.474076325627752
460,92.06137424949966,0.875,0.2,0.5,0.5833333333333333,0.3470559892300891,0.3534844314068776,0.24904735665866232,0.05041222270437009,-19.474076325627752
461,92.26150767178119,0.875,0.2,0.5,0.5833333333333333,0.3464845157261888,0.35582499371679344,0.24763873255628321,0.05005175800073369,-19.474076325627752
462,92.4616410940627,0.875,0.2,0.5,0.5833333333333333,0.3458469357789913,0.35819378320536016,0.24624022831123804,0.049719052704409655,-19.474076325627752
463,92.66177451634422,0.875,0.2,0.5,0.5833333333333333,0.34514435302069146,0.3605890453679378,0.2448529531375978,0.04941364847377212,-19.474076325627752
464,92.86190793862575,0.875,0.2,0.5,0.5833333333333333,0.3443779320774394,0.36300899176939305,0.2434779782815656,0.049135097871601106,-19.474076325627752
465,93.06204136090727,0.875,0.2,0.5,0.5833333333333333,0.343548896659928,0.36545180084720874,0.24211633748288355,0.04888296500997881,-19.474076325627752
466,93.26217478318878,0.875,0.2,0.5,0.5833333333333333,0.34265852750695525,0.367915618789672,0.24076902772140896,0.04865682598196286,-19.474076325627752
467,93.46230820547031,0.875,0.2,0.5,0.5833333333333333,0.3417081604710819,0.37039856058348475,0.23943700939242238,0.04845626955301009,-19.474076325627752
468,93.66244162775183,0.875,0.2,0.5,0.5833333333333333,0.34069918461327997,0.3728987111432712,0.2381212063775362,0.04828089786591175,-19.474076325627752
469,93.86257505003336,0.875,0.2,0.5,0.5833333333333333,0.3396330397574927,0.3754141265428191,0.23682250731008708,0.04813032638960028,-19.474076325627752
470,94.06270847231487,0.875,0.2,0.5,0.5833333333333333,0.3385112143433797,0.37794283534141965,0.23554176601492471,0.048004184300275074,-19.474076325627752
471,94.26284189459639,0.875,0.2,0.5,0.5833333333333333,0.33733524346191474,0.38048283992137344,0.2342798015567505,0.04790211505996044,-19.474076325627752
472,94.46297531687792,0.875,0.2,0.5,0.5833333333333333,0.33610670623458855,0.3830321180812032,0.2330373994814102,0.04782377620279715,-19.474076325627752
473,94.66310873915944,0.875,0.2,0.5,0.5833333333333333,0.3348272233788833,0.38558862465998356,0.23181531262071245,0.04776883934041974,-19.474076325627752
474,94.86324216144095,0.875,0.2,0.5,0.5833333333333333,0.33349845501618713,0.38815029313546257,0.23061426145893135,0.047736990389418095,-19.474076325627752
475,95.06337558372248,0.875,0.2,0.5,0.5833333333333333,0.33212209844576845,0.39071503729984725,0.2294349345195096,0.04772792973487388,-19.474076325627752
476,95.263509006004,0.875,0.2,0.5,0.5833333333333333,0.3306998851437203,0.3932807533344706,0.2282779898937507,0.04774137162805765,-19.474076325627752
477,95.46364242828552,0.875,0.2,0.5,0.5833333333333333,0.3292335783807906,0.3958453216852133,0.22714405578677416,0.04777704414722115,-19.474076325627752
478,95.66377585056703,0.875,0.2,0.5,0.5833333333333333,0.3277249711537185,0.3984066087926103,0.22603373074719604,0.04783468930647428,-19.474076325627752
479,95.86390927284856,0.875,0.2,0.5,0.5833333333333333,0.32617588323152036,0.4009624693930397,0.22494758488072,0.0479140624947191,-19.474076325627752
480,96.06404269513008,0.875,0.2,0.5,0.5833333333333333,0.32458815846767275,0.403510748727511,0.2238861607353498,0.048014932069465534,-19.474076325627752
481,96.26417611741161,0.875,0.2,0.5,0.5833333333333333,0.3229636624756503,0.406049284583606,0.22284997381493274,0.048137079125810146,-19.474076325627752
482,96.46430953969312,0.875,0.2,0.5,0.5833333333333333,0.3213042804011097,0.4085759093285754,0.22183951300939939,0.04828029726091468,-19.474076325627752
483,96.66444296197464,0.875,0.2,0.5,0.5833333333333333,0.3196119137014873,0.4110884526384099,0.22085524189828182,0.048444391761820235,-19.474076325627752
484,96.86457638425617,0.875,0.2,0.5,0.5833333333333333,0.3178884777329889,0.41358474376448756,0.21989759932330574,0.048629179179217066,-19.474076325627752
485,97.06470980653769,0.875,0.2,0.5,0.5833333333333333,0.3161358997624391,0.4160626135485749,0.21896699970377334,0.048834486985211895,-19.474076325627752
486,97.2648432288192,0.875,0.2,0.5,0.5833333333333333,0.31435611604541497,0.4185198971478959,0.21806383397781143,0.0490601528288769,-19.474076325627752
487,97.46497665110073,0.875,0.2,0.5,0.5833333333333333,0.31255106914150393,0.4209544366511556,0.21718847037203573,0.04930602383530395,-19.474076325627752
488,97.66511007338225,0.875,0.2,0.5,0.5833333333333333,0.31072270569450294,0.42336408341352305,0.2163412548854897,0.049571956006483564,-19.474076325627752
489,97.86524349566378,0.875,0.2,0.5,0.5833333333333333,0.308872974425385,0.4257467002828481,0.2155225116730415,0.049857813618724565,-19.474076325627752
490,98.06537691794529,0.875,0.2,0.5,0.5833333333333333,0.3070038230626868,0.4281001646814435,0.21473254396238733,0.05016346829348162,-19.474076325627752
491,98.26551034022681,0.875,0.2,0.5,0.5833333333333333,0.3051171960800993,0.43042237104123365,0.21397163456395416,0.05048879831471205,-19.474076325627752
492,98.46564376250834,0.875,0.2,0.5,0.5833333333333333,0.3032150331945948,0.4327112332704037,0.2132400459730888,0.05083368756191183,-19.474076325627752
493,98.66577718478986,0.875,0.2,0.5,0.5833333333333333,0.3012992662930334,0.43496468710705194,0.2125380213669255,0.05119802523298825,-19.474076325627752
494,98.86591060707137,0.875,0.2,0.5,0.5833333333333333,0.29937181753446734,0.43718069340075016,0.2118657847636679,0.05158170430111362,-19.474076325627752
495,99.0660440293529,0.875,0.2,0.5,0.5833333333333333,0.2974345972985374,0.4393572403153604,0.21122354151044903,0.0519846208756523,-19.474076325627752
496,99.26617745163442,0.875,0.2,0.5,0.5833333333333333,0.295489502655627,0.4414923455990864,0.21061147850583203,0.052406673239453666,-19.474076325627752
497,99.46631087391594,0.875,0.2,0.5,0.5833333333333333,0.29353841436812145,0.4435840600368705,0.2100297648449321,0.052847760750075023,-19.474076325627752
498,99.66644429619745,0.875,0.2,0.5,0.5833333333333333,0.29158319508325786,0.4456304699436532,0.20947855212170116,0.05330778285138687,-19.474076325627752
499,99.86657771847898,0.875,0.2,0.5,0.5833333333333333,0.2896256879714054,0.4476296995014066,0.20895797456451592,0.05378663796267121,-19.474076325627752
500,100.0667111407605,0.875,0.2,0.5,0.5833333333333333,0.28766771668861885,0.449579912418014,0.20846814871688285,0.05428422217648344,-19.474076325627752
501,100.26684456304203,0.875,0.2,0.5,0.5833333333333333,0.28571108058163974,0.4514793160501206,0.20800917474707975,0.05480042862115909,-19.474076325627752
502,100.46697798532354,0.875,0.2,0.5,0.5833333333333333,0.2837575535765575,0.4533261636181898,0.20758113649655005,0.055335146308701844,-19.474076325627752
503,100.66711140760506,0.875,0.2,0.5,0.5833333333333333,0.2818088834448645,0.4551187565403523,0.2071841013402374,0.055888258674545055,-19.474076325627752
504,100.86724482988659,0.875,0.2,0.5,0.5833333333333333,0.2798667937521397,0.45685544617378776,0.20681811897919733,0.0564596410948745,-19.474076325627752
505,101.06737825216811,0.875,0.2,0.5,0.5833333333333333,0.2779329771001644,0.45853463758062474,0.2064832236795102,0.05704916163969992,-19.474076325627752
506,101.26751167444962,0.875,0.2,0.5,0.5833333333333333,0.27600909480048624,0.4601547917983511,0.2061794339654482,0.057656679435713676,-19.474076325627752
507,101.46764509673115,0.875,0.2,0.5,0.5833333333333333,0.2740967765901808,0.46171442805216517,0.20590675232045383,0.05828204303719954,-19.474076325627752
508,101.66777851901267,0.875,0.2,0.5,0.5833333333333333,0.27219762384714874,0.4632121249959536,0.2056651635829996,0.05892508757389738,-19.474076325627752
509,101.8679119412942,0.875,0.2,0.5,0.5833333333333333,0.2703132022032582,0.4646465248645399,0.20545463731247332,0.059585635619727906,-19.474076325627752
510,102.0680453635757,0.875,0.2,0.5,0.5833333333333333,0.26844504161460087,0.4660163355782661,0.20527512736271278,0.060263495444419564,-19.474076325627752
511,102.26817878585723,0.875,0.2,0.5,0.5833333333333333,0.2665946363745552,0.467320332694582,0.2051265715270091,0.0609584594038529,-19.474076325627752
512,102.46831220813876,0.875,0.2,0.5,0.5833333333333333,0.2647634489285856,0.4685573596169565,0.2050088899668537,0.061670301487603406,-19.474076325627752
513,102.66844563042028,0.875,0.2,0.5,0.5833333333333333,0.26295290281668304,0.469726332611931,0.2049219871710983,0.06239877740028693,-19.474076325627752
514,102.8685790527018,0.875,0.2,0.5,0.5833333333333333,0.2611643828712139,0.4708262426175747,0.20486575155917797,0.06314362295203257,-19.474076325627752
515,103.06871247498331,0.875,0.2,0.5,0.5833333333333333,0.2593992354418814,0.47185615684123866,0.20484005512825537,0.06390455258862371,-19.474076325627752
516,103.26884589726484,0.875,0.2,0.5,0.5833333333333333,0.2576587723719733,0.47281521766434087,0.2048447521566259,0.06468125780705905,-19.474076325627752
517,103.46897931954636,0.875,0.2,0.5,0.5833333333333333,0.2559442647604377,0.4737026485778725,0.20487968055685885,0.06547340610483018,-19.474076325627752
518,103.66911274182789,0.875,0.2,0.5,0.5833333333333333,0.2542569431555468,0.47451775569084864,0.2049446615604714,0.06628063959313232,-19.474076325627752
519,103.8692461641094,0.875,0.2,0.5,0.5833333333333333,0.2525979979404304,0.4752599288746116,0.20503949939859875,0.06710257378635842,-19.474076325627752
520,104.06937958639092,0.875,0.2,0.5,0.5833333333333333,0.25096858316810455,0.4759286390210559,0.2051639803859359,0.06793879742490279,-19.474076325627752
521,104.26951300867245,0.875,0.2,0.5,0.5833333333333333,0.24936981137731523,0.4765234449586009,0.20531787366409726,0.06878886999998586,-19.474076325627752
522,104.46964643095397,0.875,0.2,0.5,0.5833333333333333,0.2478027537245813,0.4770439946755736,0.20550093096686173,0.06965232063298253,-19.474076325627752
523,104.66977985323548,0.875,0.2,0.5,0.5833333333333333,0.24626844048281873,0.47749002587902056,0.20571288636478025,0.0705286472733797,-19.474076325627752
524,104.869913275517,0.875,0.2,0.5,0.5833333333333333,0.24476786445505722,0.47786136121152145,0.20595345585551897,0.07141731847790152,-19.474076325627752
525,105.07004669779853,0.875,0.2,0.5,0.5833333333333333,0.24330197698551326,0.4781579161734568,0.20622233749394203,0.07231776934708706,-19.474076325627752
526,105.27018012008006,0.875,0.2,0.5,0.5833333333333333,0.2418716880088423,0.4783797001143857,0.20651921122776332,0.07322940064900782,-19.474076325627752
527,105.47031354236157,0.875,0.2,0.5,0.5833333333333333,0.24047786660927198,0.47852681604493136,0.20684373874394962,0.0741515786018461,-19.474076325627752
528,105.67044696464309,0.875,0.2,0.5,0.5833333333333333,0.2391213438196982,0.4785994534730712,0.2071955636448388,0.07508363906239086,-19.474076325627752
529,105.87058038692462,0.875,0.2,0.5,0.5833333333333333,0.2378029098308309,0.47859789720632995,0.2075743110285132,0.07602488193432501,-19.474076325627752
530,106.07071380920614,0.875,0.2,0.5,0.5833333333333333,0.23652331397606866,0.4785225282259909,0.20797958736499453,0.07697457043294495,-19.474076325627752
531,106.27084723148765,0.875,0.2,0.5,0.5833333333333333,0.23528326530026766,0.4783738225743745,0.20841098048166667,0.07793193164369024,-19.474076325627752
532,106.47098065376917,0.875,0.2,0.5,0.5833333333333333,0.23408343467093445,0.4781523416533912,0.2088680603289898,0.07889616334668362,-19.474076325627752
533,106.6711140760507,0.875,0.2,0.5,0.5833333333333333,0.23292445305200538,0.47785874154052654,0.20935037815099308,0.07986642725647407,-19.474076325627752
534,106.87124749833222,0.875,0.2,0.5,0.5833333333333333,0.231806911469458,0.4774937739204521,0.2098574663590661,0.08084184825102284,-19.474076325627752
535,107.07138092061373,0.875,0.2,0.5,0.5833333333333333,0.23073136154631554,0.4770582838781709,0.21038883868757932,0.08182151588793331,-19.474076325627752
536,107.27151434289526,0.875,0.2,0.5,0.5833333333333333,0.22969831694425044,0.4765531978238385,0.21094399149246962,0.0828044937394405,-19.474076325627752
537,107.47164776517678,0.875,0.2,0.5,0.5833333333333333,0.22870825249209267,0.4759795326721613,0.2115224026928271,0.08378981214291796,-19.474076325627752
538,107.67178118745831,0.875,0.2,0.5,0.5833333333333333,0.22776160418445793,0.475338397026426,0.21212353159911837,0.08477646718999671,-19.474076325627752
539,107.87191460973982,0.875,0.2,0.5,0.5833333333333333,0.22685876964923568,0.474630987756325,0.21274681926127298,0.08576342333316538,-19.474076325627752
540,108.07204803202134,0.875,0.2,0.5,0.5833333333333333,0.22600010902319825,0.4738585761109946,0.21339169018153148,0.08674962468427477,-19.474076325627752
541,108.27218145430287,0.875,0.2,0.5,0.5833333333333333,0.22518594468268532,0.4730225158903774,0.2140575512301436,0.08773398819679275,-19.474076325627752
542,108.47231487658439,0.875,0.2,0.5,0.5833333333333333,0.22441656131686377,0.47212424501645645,0.21474379139800928,0.08871540226866963,-19.474076325627752
543,108.6724482988659,0.875,0.2,0.5,0.5833333333333333,0.22369220631041462,0.4711652808726208,0.21544978234412607,0.08969273047283773,-19.474076325627752
544,108.87258172114743,0.875,0.2,0.5,0.5833333333333333,0.22301309021449242,0.47014720555634804,0.21617488036359372,0.090664823865565,-19.474076325627752
545,109.07271514342895,0.875,0.2,0.5,0.5833333333333333,0.22237938683094435,0.4690716721134689,0.21691842546670945,0.09163051558887647,-19.474076325627752
546,109.27284856571048,0.875,0.2,0.5,0.5833333333333333,0.22179123337591422,0.4679404064655748,0.21767974105106536,0.0925886191074448,-19.474076325627752
547,109.47298198799199,0.875,0.2,0.5,0.5833333333333333,0.22124873078076635,0.4667552016378578,0.2184581346367814,0.09353793294459369,-19.474076325627752
548,109.67311541027351,0.875,0.2,0.5,0.5833333333333333,0.22075194394461617,0.46551790337141097,0.21925289992300073,0.09447725276097137,-19.474076325627752
549,109.87324883255503,0.875,0.2,0.5,0.5833333333333333,0.2203009019677932,0.4642304136757142,0.220063316171197,0.0954053681852948,-19.474076325627752
550,110.07338225483656,0.875,0.2,0.5,0.5833333333333333,0.21989559838696351,0.46289469281962337,0.2208886478211537,0.09632106097225868,-19.474076325627752
551,110.27351567711807,0.875,0.2,0.5,0.5833333333333333,0.2195359914188758,0.4615127527614285,0.22172814538519325,0.09722311043450173,-19.474076325627752
552,110.4736490993996,0.875,0.2,0.5,0.5833333333333333,0.21922200417690701,0.4600866443897601,0.22258104745106191,0.09811030398227027,-19.474076325627752
553,110.67378252168112,0.875,0.2,0.5,0.5833333333333333,0.21895352492027484,0.45861845808630586,0.22344658044134097,0.09898143655207763,-19.474076325627752
554,110.87391594396264,0.875,0.2,0.5,0.5833333333333333,0.2187304073054521,0.45711032518665196,0.22432395822160903,0.09983530928628628,-19.474076325627752
555,111.07404936624415,0.875,0.2,0.5,0.5833333333333333,0.2185524706180044,0.4555644111149275,0.2252123831131423,0.10067073515392516,-19.474076325627752
556,111.27418278852568,0.875,0.2,0.5,0.5833333333333333,0.21841950010524172,0.4539829053108328,0.22611104775078633,0.10148654683313849,-19.474076325627752
557,111.4743162108072,0.875,0.2,0.5,0.5833333333333333,0.21833124719183128,0.45236801910130114,0.2270191352197844,0.10228159848708256,-19.474076325627752
558,111.67444963308873,0.875,0.2,0.5,0.5833333333333333,0.21828742966274003,0.4507219857898144,0.22793581871219679,0.10305476583524817,-19.474076325627752
559,111.87458305537024,0.875,0.2,0.5,0.5833333333333333,0.2182877319443298,0.44904705414070106,0.22886026261587242,0.10380495129909605,-19.474076325627752
560,112.07471647765176,0.875,0.2,0.5,0.5833333333333333,0.2183318056561953,0.44734548161357335,0.22979162419580254,0.10453108853442812,-19.474076325627752
561,112.27484989993329,0.875,0.2,0.5,0.5833333333333333,0.21841926982489007,0.4456195304612436,0.2307290540587263,0.10523214565513933,-19.474076325627752
562,112.47498332221481,0.875,0.2,0.5,0.5833333333333333,0.21854971089849365,0.44387146551431395,0.2316716959010374,0.10590712768615425,-19.474076325627752
563,112.67511674449632,0.875,0.2,0.5,0.5833333333333333,0.21872268314607451,0.4421035487091593,0.23261868764118357,0.10655508050358185,-19.474076325627752
564,112.87525016677785,0.875,0.2,0.5,0.5833333333333333,0.21893770947386254,0.44031803569806227,0.23356916294251948,0.10717509188555496,-19.474076325627752
565,113.07538358905937,0.875,0.2,0.5,0.5833333333333333,0.2191942817315155,0.43851717153614894,0.2345222519372558,0.107766294795079,-19.474076325627752
566,113.2755170113409,0.875,0.2,0.5,0.5833333333333333,0.2194918604632629,0.43670318536325353,0.23547708108066248,0.10832787309282035,-19.474076325627752
567,113.4756504336224,0.875,0.2,0.5,0.5833333333333333,0.21982987549228372,0.4348782865943828,0.2364327743107532,0.1088590636025795,-19.474076325627752
568,113.67578385590393,0.875,0.2,0.5,0.5833333333333333,0.22020772699009988,0.43304466445160716,0.23738845445596177,0.10935915410233038,-19.474076325627752
569,113.87591727818545,0.875,0.2,0.5,0.5833333333333333,0.22062478600108518,0.4312044847260654,0.23834324415972358,0.10982748511312503,-19.474076325627752
570,114.07605070046698,0.875,0.2,0.5,0.5833333333333333,0.22108039386382158,0.4293598809321584,0.23929626582700442,0.11026345937701479,-19.474076325627752
571,114.27618412274849,0.875,0.2,0.5,0.5833333333333333,0.22157386303034726,0.42751295256784133,0.24024664281019753,0.110666541591613,-19.474076325627752
572,114.47631754503001,0.875,0.2,0.5,0.5833333333333333,0.22210447834168112,0.42566576681059526,0.24119350074662518,0.11103625410109756,-19.474076325627752
573,114.67645096731154,0.875,0.2,0.5,0.5833333333333333,0.22267149787244725,0.4238203574815143,0.24213596863668943,0.11137217600934807,-19.474076325627752
574,114.87658438959306,0.875,0.2,0.5,0.5833333333333333,0.22327415202347525,0.4219787129011143,0.24307317886763405,0.11167395620777548,-19.474076325627752
575,115.07671781187457,0.875,0.2,0.5,0.5833333333333333,0.22391164458992122,0.42014277627044466,0.24400426842619832,0.1119413107134348,-19.474076325627752
576,115.2768512341561,0.875,0.2,0.5,0.5833333333333333,0.22458315399971313,0.41831444762281117,0.24492838016168386,0.11217401821579089,-19.474076325627752
577,115.47698465643762,0.875,0.2,0.5,0.5833333333333333,0.22528783460313473,0.4164955861343042,0.24584466407612654,0.11237191518643355,-19.474076325627752
578,115.67711807871915,0.875,0.2,0.5,0.5833333333333333,0.2260248159470912,0.41468799835081577,0.24675227754024945,0.1125349081618426,-19.474076325627752
579,115.87725150100066,0.875,0.2,0.5,0.5833333333333333,0.2267932040382876,0.4128934401356712,0.24765038646660875,0.1126629693594315,-19.474076325627752
580,116.07738492328218,0.875,0.2,0.5,0.5833333333333333,0.22759208272017625,0.411113618645283,0.24853816610066784,0.11275613253387196,-19.474076325627752
581,116.2775183455637,0.875,0.2,0.5,0.5833333333333333,0.22842051364475624,0.40935018626062386,0.24941480208757735,0.11281449800704162,-19.474076325627752
582,116.47765176784523,0.875,0.2,0.5,0.5833333333333333,0.22927753713169077,0.4076047396643582,0.2502794913884496,0.11283823181550043,-19.474076325627752
583,116.67778519012674,0.875,0.2,0.5,0.5833333333333333,0.23016217375281064,0.40587882506986755,0.2511314437984839,0.11282755737883689,-19.474076325627752
584,116.87791861240827,0.875,0.2,0.5,0.5833333333333333,0.23107342470879882,0.4041739336625073,0.2519698826327295,0.11278275899596335,-19.474076325627752
585,117.07805203468979,0.875,0.2,0.5,0.5833333333333333,0.23201027237170227,0.40249149840237136,0.25279404553272067,0.11270418369320473,-19.474076325627752
586,117.27818545697131,0.875,0.2,0.5,0.5833333333333333,0.2329716816923766,0.4008328974336337,0.253603185562898,0.1125922353110907,-19.474076325627752
587,117.47831887925283,0.875,0.2,0.5,0.5833333333333333,0.23395660139694385,0.3991994558076618,0.2543965721849412,0.1124473706104522,-19.474076325627752
588,117.67845230153435,0.875,0.2,0.5,0.5833333333333333,0.2349639641259896,0.3975924396876859,0.25517349226148045,0.11227010392484316,-19.474076325627752
589,117.87858572381587,0.875,0.2,0.5,0.5833333333333333,0.23599268777249202,0.39601305877499077,0.255933250983527,0.11206100246898927,-19.474076325627752
590,118.0787191460974,0.875,0.2,0.5,0.5833333333333333,0.23704167727197073,0.3944624708016108,0.25667517262232004,0.11182067930409746,-19.474076325627752
591,118.27885256837891,0.875,0.2,0.5,0.5833333333333333,0.23810982464043018,0.39294177633262384,0.2573986017227444,0.11154979730420062,-19.474076325627752
592,118.47898599066043,0.875,0.2,0.5,0.5833333333333333,0.23919601015660763,0.3914520200119065,0.258102903996636,0.11124906583484902,-19.474076325627752
593,118.67911941294196,0.875,0.2,0.5,0.5833333333333333,0.24029910376777683,0.3899941942191588,0.2587874670446267,0.11091923496843674,-19.474076325627752
594,118.87925283522348,0.875,0.2,0.5,0.5833333333333333,0.24141796600552712,0.3885692385655013,0.25945170134378265,0.11056109408518808,-19.474076325627752
595,119.07938625750499,0.875,0.2,0.5,0.5833333333333333,0.24255144873538828,0.38717803791173544,0.26009504133185624,0.11017547202101917,-19.474076325627752
596,119.27951967978652,0.875,0.2,0.5,0.5833333333333333,0.24369839659365497,0.3858214257781146,0.2607169458669846,0.10976323176124488,-19.474076325627752
597,119.47965310206804,0.875,0.2,0.5,0.5833333333333333,0.24485764822831593,0.38450018610307557,0.2613168988296988,0.10932526683890875,-19.474076325627752
598,119.67978652434957,0.875,0.2,0.5,0.5833333333333333,0.24602803702051357,0.3832150517949884,0.2618944104689479,0.10886250071554919,-19.474076325627752
599,119.87991994663108,0.875,0.2,0.5,0.5833333333333333,0.24720839236390127,0.3819667068172479,0.2624490179444536,0.10837588287439627,-19.474076325627752
600,120.0800533689126,0.875,0.2,0.5,0.5833333333333333,0.24839754062852026,0.3807557865784912,0.26298028561658876,0.10786638717639882,-19.474076325627752
601,120.28018679119413,0.875,0.2,0.5,0.5833333333333333,0.24959430641320424,0.37958287983487504,0.26348780592161436,0.1073350078303054,-19.474076325627752
602,120.48032021347565,0.875,0.2,0.5,0.5833333333333333,0.25079751376471815,0.3784485304970291,0.2639712000842463,0.1067827556540055,-19.474076325627752
603,120.68045363575716,0.875,0.2,0.5,0.5833333333333333,0.2520059872239924,0.3773532382988039,0.26443011855138626,0.10621065592581647,-19.474076325627752
604,120.88058705803869,0.875,0.2,0.5,0.5833333333333333,0.2532185524934914,0.3762974562908421,0.2648642412757092,0.10561974993995639,-19.474076325627752
605,121.08072048032021,0.875,0.2,0.5,0.5833333333333333,0.25443403809091036,0.3752815963276125,0.26527327839968035,0.10501108718179582,-19.474076325627752
606,121.28085390260173,0.875,0.2,0.5,0.5833333333333333,0.2556512763868355,0.3743060295708387,0.26565697061444693,0.10438572342787798,-19.474076325627752
607,121.48098732488324,0.875,0.2,0.5,0.5833333333333333,0.25686910451870376,0.37337108650929623,0.2660150894140158,0.10374471955798331,-19.474076325627752
608,121.68112074716477,0.875,0.2,0.5,0.5833333333333333,0.25808636534506413,0.3724770573106117,0.26634743732149635,0.10308914002282694,-19.474076325627752
609,121.8812541694463,0.875,0.2,0.5,0.5833333333333333,0.25930190885810117,0.37162419476362046,0.2666538482822025,0.10242004809607504,-19.474076325627752
610,122.08138759172782,0.875,0.2,0.5,0.5833333333333333,0.2605145931486346,0.37081271475062894,0.26693418779483336,0.10173850430590221,-19.474076325627752
611,122.28152101400933,0.875,0.2,0.5,0.5833333333333333,0.2617232853031411,0.37004279666194667,0.2671883527571522,0.10104556527775918,-19.474076325627752
612,122.48165443629085,0.875,0.2,0.5,0.5833333333333333,0.26292686255072006,0.3693145848360118,0.2674162716592476,0.10034228095401963,-19.474076325627752
613,122.68178785857238,0.875,0.2,0.5,0.5833333333333333,0.2641242133638674,0.3686281898366667,0.26761790465959223,0.0996296921398728,-19.474076325627752
614,122.8819212808539,0.875,0.2,0.5,0.5833333333333333,0.2653142384522927,0.3679836892507374,0.26779324341309135,0.09890882888387775,-19.474076325627752
615,123.08205470313541,0.875,0.2,0.5,0.5833333333333333,0.2664958517445531,0.36738112814197804,0.26794231068268975,0.09818070943077821,-19.474076325627752
616,123.28218812541694,0.875,0.2,0.5,0.5833333333333333,0.26766798145604753,0.36682052055407616,0.2680651603698875,0.09744633761998797,-19.474076325627752
617,123.48232154769846,0.875,0.2,0.5,0.5833333333333333,0.26882957109059474,0.36630185033164236,0.2681618771852939,0.09670670139246816,-19.474076325627752
618,123.68245496997999,0.875,0.2,0.5,0.5833333333333333,0.2699795802999381,0.36582507179652807,0.2682325763309018,0.0959627715726311,-19.474076325627752
619,123.8825883922615,0.875,0.2,0.5,0.5833333333333333,0.2711169857201208,0.3653901104186471,0.2682774031441189,0.09521550071711223,-19.474076325627752
620,124.08272181454302,0.875,0.2,0.5,0.5833333333333333,0.27224078214173414,0.36499686393843067,0.26829653257501357,0.09446582134482069,-19.474076325627752
621,124.28285523682455,0.875,0.2,0.5,0.5833333333333333,0.27334998333865607,0.36464520300899034,0.26829016870674005,0.09371464494561249,-19.474076325627752
622,124.48298865910607,0.875,0.2,0.5,0.5833333333333333,0.27444362283816903,0.36433497167776163,0.26825854428499657,0.09296286119907175,-19.474076325627752
623,124.68312208138758,0.875,0.2,0.5,0.5833333333333333,0.27552075489313516,0.3640659882566517,0.26820192003114457,0.09221133681906761,-19.474076325627752
624,124.8832555036691,0.875,0.2,0.5,0.5833333333333333,0.2765804553826505,0.36383804605465697,0.26812058393727595,0.09146091462541554,-19.474076325627752
625,125.08338892595063,0.875,0.2,0.5,0.5833333333333333,0.2776218226263697,0.36365091394445204,0.26801485055398044,0.0907124128751968,-19.474076325627752
626,125.28352234823215,0.875,0.2,0.5,0.5833333333333333,0.2786439781803109,0.3635043369325826,0.26788506024307407,0.08996662464403135,-19.474076325627752
627,125.48365577051366,0.875,0.2,0.5,0.5833333333333333,0.2796460672158401,0.36339803635644813,0.26773157889866234,0.0892243175290483,-19.474076325627752
628,125.68378919279519,0.875,0.2,0.5,0.5833333333333333,0.28062725968806673,0.36333171073946924,0.26755479655178965,0.08848623302067327,-19.474076325627752
629,125.88392261507671,0.875,0.2,0.5,0.5833333333333333,0.2815867510746441,0.363305036262124,0.267355126460204,0.08775308620302673,-19.474076325627752
630,126.08405603735824,0.875,0.2,0.5,0.5833333333333333,0.28252376302847537,0.3633176671425611,0.26713300423194986,0.08702556559701251,-19.474076325627752
631,126.28418945963975,0.875,0.2,0.5,0.5833333333333333,0.283437543997843,0.36336923608507693,0.2668888870008246,0.0863043329162544,-19.474076325627752
632,126.48432288192127,0.875,0.2,0.5,0.5833333333333333,0.2843273694210355,0.363459354898702,0.2666232535140113,0.0855900221662502,-19.474076325627752
633,126.6844563042028,0.875,0.2,0.5,0.5833333333333333,0.28519254290389456,0.3635876145781754,0.26633660178022495,0.08488324073770406,-19.474076325627752
634,126.88458972648432,0.875,0.2,0.5,0.5833333333333333,0.2860323967065485,0.3637535856883446,0.2660294482614031,0.0841845693437028,-19.474076325627752
635,127.08472314876583,0.875,0.2,0.5,0.5833333333333333,0.286846292264189,0.3639568186877558,0.26570232688297585,0.08349456216507839,-19.474076325627752
636,127.28485657104736,0.875,0.2,0.5,0.5833333333333333,0.28763362060838044,0.36419684436671745,0.265355788287288,0.0828137467376132,-19.474076325627752
637,127.48498999332888,0.875,0.2,0.5,0.5833333333333333,0.28839380251179764,0.3644731746002373,0.2649903998616558,0.08214262302630829,-19.474076325627752
638,127.6851234156104,0.875,0.2,0.5,0.5833333333333333,0.2891262894691795,0.3647853018876102,0.2646067429359057,0.08148166570730368,-19.474076325627752
639,127.88525683789192,0.875,0.2,0.5,0.5833333333333333,0.289830563967414,0.3651326998033139,0.2642054121615631,0.08083132406770797,-19.474076325627752
640,128.08539026017345,0.875,0.2,0.5,0.5833333333333333,0.29050613986327095,0.3655148232351224,0.2637870144209044,0.08019202248070137,-19.474076325627752
641,128.28552368245496,0.875,0.2,0.5,0.5833333333333333,0.2911525626027712,0.3659311089268473,0.2633521683020608,0.07956416016831973,-19.474076325627752
642,128.48565710473648,0.875,0.2,0.5,0.5833333333333333,0.2917694093502312,0.36638097614218784,0.2629015038164661,0.07894811069111388,-19.474076325627752
643,128.685790527018,0.875,0.2,0.5,0.5833333333333333,0.292356289660801,0.3668638259438827,0.26243565957675286,0.07834422481856247,-19.474076325627752
644,128.88592394929952,0.875,0.2,0.5,0.5833333333333333,0.2929128455818931,0.36737904173619,0.26195528232718746,0.07775283035472848,-19.474076325627752
645,129.08605737158106,0.875,0.2,0.5,0.5833333333333333,0.2934387518658434,0.36792598944962296,0.2614610258317939,0.07717423285273871,-19.474076325627752
646,129.28619079386257,0.875,0.2,0.5,0.5833333333333333,0.2939337159139065,0.3685040182856609,0.2609535507080559,0.07660871509237573,-19.474076325627752
647,129.48632421614408,0.875,0.2,0.5,0.5833333333333333,0.29439747783893244,0.3691124610766046,0.26043352363490957,0.07605653744955243,-19.474076325627752
648,129.68645763842562,0.875,0.2,0.5,0.5833333333333333,0.2948298108955611,0.3697506336538199,0.2599016149244289,0.07551794052618904,-19.474076325627752
649,129.88659106070713,0.875,0.2,0.5,0.5833333333333333,0.2952305213750032,0.37041783542603623,0.2593584981242636,0.07499314507469595,-19.474076325627752
650,130.08672448298864,0.875,0.2,0.5,0.5833333333333333,0.2955994486196003,0.3711133495731277,0.25880484899348966,0.07448235281378132,-19.474076325627752
651,130.28685790527018,0.875,0.2,0.5,0.5833333333333333,0.29593646485900793,0.3718364439733569,0.2582413455271808,0.07398574564045338,-19.474076325627752
652,130.4869913275517,0.875,0.2,0.5,0.5833333333333333,0.29624147519294886,0.3725863711778001,0.25766866664813826,0.07350348698111181,-19.474076325627752
653,130.68712474983323,0.875,0.2,0.5,0.5833333333333333,0.2965144175787562,0.3733623681674079,0.2570874906045385,0.07303572364929642,-19.474076325627752
654,130.88725817211474,0.875,0.2,0.5,0.5833333333333333,0.29675526263292507,0.37416365688231534,0.2564984944712441,0.07258258601351454,-19.474076325627752
655,131.08739159439625,0.875,0.2,0.5,0.5833333333333333,0.29696401344768775,0.3749894444951448,0.25590235329663885,0.07214418876052767,-19.474076325627752
656,131.2875250166778,0.875,0.2,0.5,0.5833333333333333,0.29714070529525877,0.37583892445064904,0.2552997401933331,0.07172063006075818,-19.474076325627752
657,131.4876584389593,0.875,0.2,0.5,0.5833333333333333,0.29728540542163306,0.37671127621734285,0.2546913248766098,0.07131199348441344,-19.474076325627752
658,131.6877918612408,0.875,0.2,0.5,0.5833333333333333,0.2973982127660698,0.3776056654186305,0.25407777267670245,0.0709183491385964,-19.474076325627752
659,131.88792528352235,0.875,0.2,0.5,0.5833333333333333,0.2974792576055089,0.3785212443511074,0.2534597440342401,0.07053975400914275,-19.474076325627752
660,132.08805870580386,0.875,0.2,0.5,0.5833333333333333,0.2975287011861176,0.37945715238164596,0.2528378938455091,0.07017625258672666,-19.474076325627752
661,132.2881921280854,0.875,0.2,0.5,0.5833333333333333,0.2975467353787023,0.38041251698557305,0.25221287144118154,0.0698278761945423,-19.474076325627752
662,132.4883255503669,0.875,0.2,0.5,0.5833333333333333,0.29753358217059445,0.38138645349412337,0.2515853193330424,0.06949464500223905,-19.474076325627752
663,132.68845897264842,0.875,0.2,0.5,0.5833333333333333,0.2974894931867041,0.3823780655376632,0.250955872646983,0.06917656862864902,-19.474076325627752
664,132.88859239492996,0.875,0.2,0.5,0.5833333333333333,0.2974147491818194,0.3833864455875417,0.250325158665631,0.06887364656500708,-19.474076325627752
665,133.08872581721147,0.875,0.2,0.5,0.5833333333333333,0.29730965953028926,0.38441067549036495,0.2496937963455484,0.06858586863379659,-19.474076325627752
666,133.28885923949298,0.875,0.2,0.5,0.5833333333333333,0.2971745618819279,0.38544982740743056,0.24906239609265854,0.06831321461798218,-19.474076325627752
667,133.48899266177452,0.875,0.2,0.5,0.5833333333333333,0.29700982126665,0.38650296377523735,0.24843155897963892,0.06805565597847292,-19.474076325627752
668,133.68912608405603,0.875,0.2,0.5,0.5833333333333333,0.29681582951263685,0.3875691379553222,0.24780187638913226,0.06781315614290788,-19.474076325627752
669,133.88925950633757,0.875,0.2,0.5,0.5833333333333333,0.29659300459434695,0.3886473948332711,0.24717392964626722,0.06758567092611396,-19.474076325627752
670,134.08939292861908,0.875,0.2,0.5,0.5833333333333333,0.2963417900355004,0.38973677147694774,0.24654828965574216,0.06737314883180895,-19.474076325627752
671,134.2895263509006,0.875,0.2,0.5,0.5833333333333333,0.2960626544859042,0.39083629797326525,0.2459255165722603,0.06717553096856939,-19.474076325627752
672,134.48965977318213,0.875,0.2,0.5,0.5833333333333333,0.29575609051863583,0.3919449977074395,0.2453061594873109,0.06699275228661283,-19.474076325627752
673,134.68979319546364,0.875,0.2,0.5,0.5833333333333333,0.29542261399595854,0.393061888125625,0.2446907561563465,0.06682474172206901,-19.474076325627752
674,134.88992661774515,0.875,0.2,0.5,0.5833333333333333,0.29506276327988085,0.3941859814219628,0.24407983275344006,0.06667142254471531,-19.474076325627752
675,135.09006004002669,0.875,0.2,0.5,0.5833333333333333,0.29467709863199437,0.39531628527053075,0.2434739035487489,0.066532712548725,-19.474076325627752
676,135.2901934623082,0.875,0.2,0.5,0.5833333333333333,0.2942662016513023,0.3964518035886764,0.24287347058471367,0.06640852417530672,-19.474076325627752
677,135.49032688458973,0.875,0.2,0.5,0.5833333333333333,0.29383067383998773,0.3975915371857388,0.24227902375848892,0.06629876521578358,-19.474076325627752
678,135.69046030687124,0.875,0.2,0.5,0.5833333333333333,0.2933711359513713,0.39873448456254096,0.24169104056987661,0.06620333891621018,-19.474076325627752
679,135.89059372915276,0.875,0.2,0.5,0.5833333333333333,0.29288822709334367,0.3998796426969447,0.24110998599449598,0.0661221442152147,-19.474076325627752
680,136.0907271514343,0.875,0.2,0.5,0.5833333333333333,0.2923826042137505,0.40102600777335295,0.240536312129388,0.06605507588350756,-19.474076325627752
681,136.2908605737158,0.875,0.2,0.5,0.5833333333333333,0.2918549412695371,0.40217257598631345,0.23997045804642467,0.06600202469772375,-19.474076325627752
682,136.49099399599731,0.875,0.2,0.5,0.5833333333333333,0.2913059277547283,0.40331834447763915,0.23941285005554946,0.06596287771208204,-19.474076325627752
683,136.69112741827885,0.875,0.2,0.5,0.5833333333333333,0.2907362680133744,0.4044623121462678,0.23886390149113146,0.0659375183492253,-19.474076325627752
684,136.89126084056036,0.875,0.2,0.5,0.5833333333333333,0.29014668028325646,0.40560348052223244,0.2383240126766191,0.06592582651789096,-19.474076325627752
685,137.0913942628419,0.875,0.2,0.5,0.5833333333333333,0.28953789633018956,0.4067408544043199,0.23779357050395597,0.06592767876153349,-19.474076325627752
686,137.2915276851234,0.875,0.2,0.5,0.5833333333333333,0.288910660239326,0.40787344286283034,0.23727294858764056,0.06594294831020206,-19.474076325627752
687,137.49166110740492,0.875,0.2,0.5,0.5833333333333333,0.28826572708589143,0.4090002603043884,0.23676250750971928,0.06597150509999988,-19.474076325627752
688,137.69179452968646,0.875,0.2,0.5,0.5833333333333333,0.2876038621897441,0.41012032730332193,0.23626259468408675,0.06601321582284628,-19.474076325627752
689,137.89192795196797,0.875,0.2,0.5,0.5833333333333333,0.28692584013505945,0.41123267154182425,0.23577354438827047,0.06606794393484491,-19.474076325627752
690,138.09206137424948,0.875,0.2,0.5,0.5833333333333333,0.28623244452058666,0.4123363283236787,0.23529567731787848,0.06613554983785519,-19.474076325627752
691,138.29219479653102,0.875,0.2,0.5,0.5833333333333333,0.2855244666993893,0.41343034169918913,0.23482930082569303,0.0662158907757276,-19.474076325627752
692,138.49232821881253,0.875,0.2,0.5,0.5833333333333333,0.284802704369062,0.41451376568818626,0.23437470927079396,0.06630882067195686,-19.474076325627752
693,138.69246164109407,0.875,0.2,0.5,0.5833333333333333,0.2840679608936314,0.4155856650759342,0.23393218388960213,0.06641419014083137,-19.474076325627752
694,138.89259506337558,0.875,0.2,0.5,0.5833333333333333,0.28332104434492433,0.416645116383913,0.23350199286461865,0.06653184640654305,-19.474076325627752
695,139.0927284856571,0.875,0.2,0.5,0.5833333333333333,0.2825627672195398,0.4176912083029542,0.23308439097854697,0.06666163349895797,-19.474076325627752
696,139.29286190793863,0.875,0.2,0.5,0.5833333333333333,0.28179394524216933,0.41872304287117246,0.23267961985381658,0.0668033920328406,-19.474076325627752
697,139.49299533022014,0.875,0.2,0.5,0.5833333333333333,0.2810153960260433,0.4197397367747166,0.23228790829250734,0.06695695890673173,-19.474076325627752
698,139.69312875250165,0.875,0.2,0.5,0.5833333333333333,0.2802279384188697,0.4207404221028939,0.23190947219543437,0.06712216728280093,-19.474076325627752
699,139.8932621747832,0.875,0.2,0.5,0.5833333333333333,0.27943239159565236,0.4217242473139367,0.2315445146513046,0.06729884643910518,-19.474076325627752
700,140.0933955970647,0.875,0.2,0.5,0.5833333333333333,0.2786295747951428,0.42269037755452,0.23119322566664274,0.06748682198369328,-19.474076325627752
701,140.29352901934624,0.875,0.2,0.5,0.5833333333333333,0.2778203062067063,0.4236379958497886,0.2308557823942491,0.06768591554925484,-19.474076325627752
702,140.49366244162775,0.875,0.2,0.5,0.5833333333333333,0.27700540171733734,0.42456630444297017,0.2305323494524925,0.0678959443871988,-19.474076325627752
703,140.69379586390926,0.875,0.2,0.5,0.5833333333333333,0.276185674320098,0.42547452547066966,0.23022307887515253,0.06811672133407863,-19.474076325627752
704,140.8939292861908,0.875,0.2,0.5,0.5833333333333333,0.27536193328747743,0.4263619018832103,0.2299281102070542,0.0683480546222569,-19.474076325627752
705,141.0940627084723,0.875,0.2,0.5,0.5833333333333333,0.27453498390609987,0.4272276976457072,0.22964757031922672,0.06858974812896507,-19.474076325627752
706,141.29419613075382,0.875,0.2,0.5,0.5833333333333333,0.2737056264903934,0.42807119888439626,0.2293815736074702,0.06884160101773905,-19.474076325627752
707,141.49432955303536,0.875,0.2,0.5,0.5833333333333333,0.2728746552720989,0.42889171520347597,0.2291302222653307,0.06910340725909336,-19.474076325627752
708,141.69446297531687,0.875,0.2,0.5,0.5833333333333333,0.2720428578738493,0.42968858025319023,0.2288936062648366,0.06937495560812279,-19.474076325627752
709,141.8945963975984,0.875,0.2,0.5,0.5833333333333333,0.2712110145840327,0.43046115256357687,0.2286718034505696,0.06965602940181974,-19.474076325627752
710,142.09472981987992,0.875,0.2,0.5,0.5833333333333333,0.27037989806163015,0.4312088156199355,0.22846487946398616,0.06994640685444704,-19.474076325627752
711,142.29486324216143,0.875,0.2,0.5,0.5833333333333333,0.26955027250892577,0.43193097891117943,0.228272887897731,0.07024586068216258,-19.474076325627752
712,142.49499666444297,0.875,0.2,0.5,0.5833333333333333,0.2687228927502372,0.4326270791626887,0.22809587049789795,0.07055415758917494,-19.474076325627752
713,142.69513008672448,0.875,0.2,0.5,0.5833333333333333,0.2678985037633584,0.43329658076996697,0.22793385718709325,0.07087105827958011,-19.474076325627752
714,142.89526350900599,0.875,0.2,0.5,0.5833333333333333,0.2670778400668248,0.43393897650534835,0.22778686615653337,0.07119631727129216,-19.474076325627752
715,143.09539693128752,0.875,0.2,0.5,0.5833333333333333,0.26626162541665344,0.4345537874424988,0.2276549038698057,0.07152968327104077,-19.474076325627752
716,143.29553035356903,0.875,0.2,0.5,0.5833333333333333,0.26545057214023426,0.43514056386049577,0.22753796518575709,0.07187089881351157,-19.474076325627752
717,143.49566377585057,0.875,0.2,0.5,0.5833333333333333,0.2646453804066796,0.43569888634316756,0.2274360335081497,0.07221969974200182,-19.474076325627752
718,143.69579719813208,0.875,0.2,0.5,0.5833333333333333,0.26384673782659923,0.4362283660439514,0.22734908084082406,0.0725758152886241,-19.474076325627752
719,143.8959306204136,0.875,0.2,0.5,0.5833333333333333,0.26305531895710654,0.4367286452254401,0.2272770678795616,0.07293896793789051,-19.474076325627752
720,144.09606404269513,0.875,0.2,0.5,0.5833333333333333,0.2622717849817598,0.43719939702769006,0.22721994409936863,0.07330887389118025,-19.474076325627752
721,144.29619746497664,0.875,0.2,0.5,0.5833333333333333,0.26149678320985564,0.43764032617720855,0.22717764785043237,0.07368524276250224,-19.474076325627752
722,144.49633088725815,0.875,0.2,0.5,0.5833333333333333,0.2607309465496734,0.43805116989231835,0.22715010645698752,0.07406777710101962,-19.474076325627752
723,144.6964643095397,0.875,0.2,0.5,0.5833333333333333,0.2599748931693924,0.4384316979559483,0.2271372363111302,0.07445617256352804,-19.474076325627752
724,144.8965977318212,0.875,0.2,0.5,0.5833333333333333,0.25922922611736077,0.4387817130514057,0.2271389429705059,0.07485011786072651,-19.474076325627752
725,145.09673115410274,0.875,0.2,0.5,0.5833333333333333,0.2584945329920262,0.4391010503771911,0.2271551213189777,0.07524929531180391,-19.474076325627752
726,145.29686457638425,0.875,0.2,0.5,0.5833333333333333,0.2577713855959301,0.4393895781141388,0.22718565564966808,0.07565338064026188,-19.474076325627752
727,145.49699799866576,0.875,0.2,0.5,0.5833333333333333,0.2570603396015901,0.4396471980775352,0.22723041973001676,0.07606204259085679,-19.474076325627752
728,145.6971314209473,0.875,0.2,0.5,0.5833333333333333,0.25636193426980836,0.43987384558202636,0.22728927693573905,0.07647494321242507,-19.474076325627752
729,145.8972648432288,0.875,0.2,0.5,0.5833333333333333,0.25567669217717004,0.44006948954285413,0.22736208036250444,0.07689173791747017,-19.474076325627752
730,146.09739826551032,0.875,0.2,0.5,0.5833333333333333,0.2550051189011392,0.4402341319508233,0.2274486730385108,0.07731207610952555,-19.474076325627752
731,146.29753168779186,0.875,0.2,0.5,0.5833333333333333,0.2543477028066412,0.44036780805734443,0.22754888801346426,0.07773560112254892,-19.474076325627752
732,146.49766511007337,0.875,0.2,0.5,0.5833333333333333,0.2537049148746517,0.4404705867171442,0.2276625484167629,0.07816194999144009,-19.474076325627752
733,146.6977985323549,0.875,0.2,0.5,0.5833333333333333,0.2530772084814012,0.4405425700398624,0.22778946762746918,0.07859075385126611,-19.474076325627752
734,146.89793195463642,0.875,0.2,0.5,0.5833333333333333,0.25246501922291525,0.4405838932347836,0.22792944940779766,0.07902163813450239,-19.474076325627752
735,147.09806537691793,0.875,0.2,0.5,0.5833333333333333,0.2518687646338809,0.44059472401489136,0.228082288151988,0.07945422319923863,-19.474076325627752
736,147.29819879919947,0.875,0.2,0.5,0.5833333333333333,0.25128884407711694,0.4405752624325995,0.22824776900399643,0.079888124486286,-19.474076325627752
737,147.49833222148098,0.875,0.2,0.5,0.5833333333333333,0.25072563870360964,0.4405257408312926,0.2284256679332848,0.08032295253181179,-19.474076325627752
738,147.6984656437625,0.875,0.2,0.5,0.5833333333333333,0.25017951129227056,0.4404464233100676,0.22861575193903058,0.08075831345863005,-19.474076325627752
739,147.89859906604403,0.875,0.2,0.5,0.5833333333333333,0.2496508061458915,0.4403376052882217,0.22881777922271151,0.0811938093431741,-19.474076325627752
740,148.09873248832554,0.875,0.2,0.5,0.5833333333333333,0.2491398488636236,0.44019961291261683,0.2290314994624382,0.08162903876132016,-19.474076325627752
741,148.29886591060708,0.875,0.2,0.5,0.5833333333333333,0.24864694641016538,0.44003280263162453,0.22925665390119968,0.08206359705700922,-19.474076325627752
742,148.4989993328886,0.875,0.2,0.5,0.5833333333333333,0.24817238706622413,0.4398375606156053,0.2294929755336038,0.08249707678456557,-19.474076325627752
743,148.6991327551701,0.875,0.2,0.5,0.5833333333333333,0.24771644036960688,0.43961430210817043,0.22974018931620088,0.08292906820602057,-19.474076325627752
744,148.89926617745164,0.875,0.2,0.5,0.5833333333333333,0.24727935705313916,0.43936347076377136,0.22999801238852952,0.0833591597945587,-19.474076325627752
745,149.09939959973315,0.875,0.2,0.5,0.5833333333333333,0.24686136889476512,0.43908553797328487,0.23026615435152017,0.08378693878042862,-19.474076325627752
746,149.29953302201466,0.875,0.2,0.5,0.5833333333333333,0.24646268891811032,0.43878100202468096,0.2305443173862691,0.08421199167093842,-19.474076325627752
747,149.4996664442962,0.875,0.2,0.5,0.5833333333333333,0.24608351135191303,0.43845038730517677,0.2308321965060733,0.08463390483683567,-19.474076325627752
748,149.6997998665777,0.875,0.2,0.5,0.5833333333333333,0.24572401165316715,0.43809424343851877,0.23112947979080267,0.08505226511751018,-19.474076325627752
749,149.89993328885924,0.875,0.2,0.5,0.5833333333333333,0.24538434646516857,0.4377131445921896,0.23143584866181122,0.08546666028082942,-19.474076325627752
750,150.10006671114076,0.875,0.2,0.5,0.5833333333333333,0.24506465363092755,0.43730768863841085,0.23175097814578854,0.08587667958487184,-19.474076325627752
751,150.30020013342227,0.875,0.2,0.5,0.5833333333333333,0.24476505239772567,0.4368784958342749,0.23207453706875644,0.08628191469924175,-19.474076325627752
752,150.5003335557038,0.875,0.2,0.5,0.5833333333333333,0.24448564343292822,0.4364262079573448,0.23240618834471077,0.08668196026501492,-19.474076325627752
753,150.70046697798531,0.875,0.2,0.5,0.5833333333333333,0.24422650891143227,0.43595148726379374,0.2327455892452127,0.0870764145795601,-19.474076325627752
754,150.90060040026682,0.875,0.2,0.5,0.5833333333333333,0.24398771249290155,0.43545501600852343,0.23309239169754503,0.08746487980102878,-19.474076325627752
755,151.10073382254836,0.875,0.2,0.5,0.5833333333333333,0.24376929950788995,0.4349374949707813,0.23344624255555704,0.08784696296577042,-19.474076325627752
756,151.30086724482987,0.875,0.2,0.5,0.5833333333333333,0.24357129711735598,0.434399642133486,0.23380678388448514,0.0882222768646716,-19.474076325627752
757,151.5010006671114,0.875,0.2,0.5,0.5833333333333333,0.24339371441119947,0.43384219168383126,0.23417365326577605,0.08859044063919194,-19.474076325627752
758,151.70113408939292,0.875,0.2,0.5,0.5833333333333333,0.24323654254056373,0.4332658929524874,0.23454648409847353,0.08895108040847403,-19.474076325627752
759,151.90126751167443,0.875,0.2,0.5,0.5833333333333333,0.24309975479440907,0.4326715101007038,0.2349249058807331,0.08930382922415271,-19.474076325627752
760,152.10140093395597,0.875,0.2,0.5,0.5833333333333333,0.24298330684776293,0.43205981994116355,0.2353085445612707,0.08964832864980152,-19.474076325627752
761,152.30153435623748,0.875,0.2,0.5,0.5833333333333333,0.24288713692111227,0.4314316108875807,0.23569702285785515,0.08998422933345057,-19.474076325627752
762,152.501667778519,0.875,0.2,0.5,0.5833333333333333,0.24281116595701058,0.4307876818136775,0.23608996058473475,0.0903111916445759,-19.474076325627752
763,152.70180120080053,0.875,0.2,0.5,0.5833333333333333,0.24275529778788557,0.4301288412238997,0.2364869749685222,0.09062888601969128,-19.474076325627752
764,152.90193462308204,0.875,0.2,0.5,0.5833333333333333,0.24271941929352076,0.42945590672833184,0.23688768095441276,0.09093699302373341,-19.474076325627752
765,153.10206804536358,0.875,0.2,0.5,0.5833333333333333,0.24270340069810947,0.42876970256779884,0.23729169161435376,0.09123520511973669,-19.474076325627752
766,153.3022014676451,0.875,0.2,0.5,0.5833333333333333,0.24270709576424782,0.4280710588376181,0.23769861847649382,0.091523226921639,-19.474076325627752
767,153.5023348899266,0.875,0.2,0.5,0.5833333333333333,0.2427303420263448,0.427360810269075,0.23810807188182942,0.0918007758227495,-19.474076325627752
768,153.70246831220814,0.875,0.2,0.5,0.5833333333333333,0.24277296100734075,0.42663979589482026,0.23851966126978044,0.09206758182805722,-19.474076325627752
769,153.90260173448965,0.875,0.2,0.5,0.5833333333333333,0.24283475847838554,0.42590885768949316,0.23893299555555836,0.09232338827656161,-19.474076325627752
770,154.1027351567712,0.875,0.2,0.5,0.5833333333333333,0.24291552474712297,0.42516883863842836,0.23934768356088998,0.09256795305355732,-19.474076325627752
771,154.3028685790527,0.875,0.2,0.5,0.5833333333333333,0.24301503491988116,0.4244205819602386,0.23976333435161704,0.0928010487682618,-19.474076325627752
772,154.5030020013342,0.875,0.2,0.5,0.5833333333333333,0.24313304918495682,0.423664930007357,0.24017955760502177,0.093022463202663,-19.474076325627752
773,154.70313542361575,0.875,0.2,0.5,0.5833333333333333,0.2432693130770218,0.4229027242682034,0.24059596385542698,0.09323199879934643,-19.474076325627752
774,154.90326884589726,0.875,0.2,0.5,0.5833333333333333,0.24342355780767166,0.4221348032828398,0.24101216498391367,0.0934294739255735,-19.474076325627752
775,155.10340226817877,0.875,0.2,0.5,0.5833333333333333,0.24359550058119853,0.4213620015064474,0.24142777460396272,0.09361472330839,-19.474076325627752
776,155.3035356904603,0.875,0.2,0.5,0.5833333333333333,0.24378484491331182,0.42058514845599054,0.24184240841928778,0.09378759821140858,-19.474076325627752
777,155.50366911274182,0.875,0.2,0.5,0.5833333333333333,0.24399128095634798,0.419805067910968,0.24225568456995042,0.09394796656273226,-19.474076325627752
778,155.70380253502336,0.875,0.2,0.5,0.5833333333333333,0.24421448580899496,0.41902257782283786,0.2426672238737038,0.09409571249446202,-19.474076325627752
779,155.90393595730487,0.875,0.2,0.5,0.5833333333333333,0.24445412391248086,0.4182384881612376,0.2430766503919351,0.09423073753434504,-19.474076325627752
780,156.10406937958638,0.875,0.2,0.5,0.5833333333333333,0.24470984739977483,0.41745360032539136,0.2434835917581602,0.09435296051667218,-19.474076325627752
781,156.30420280186792,0.875,0.2,0.5,0.5833333333333333,0.24498129646437175,0.4166687063106919,0.24388767954944532,0.0944623176754896,-19.474076325627752
782,156.50433622414943,0.875,0.2,0.5,0.5833333333333333,0.24526809970653002,0.4158845883900357,0.24428854953290619,0.09455876237052666,-19.474076325627752
783,156.70446964643094,0.875,0.2,0.5,0.5833333333333333,0.24556987450638768,0.41510201854025747,0.24468584198117604,0.09464226497217733,-19.474076325627752
784,156.90460306871248,0.875,0.2,0.5,0.5833333333333333,0.24588622748406896,0.41432175664560283,0.245079202293454,0.09471281357687276,-19.474076325627752
785,157.104736490994,0.875,0.2,0.5,0.5833333333333333,0.24621675487746442,0.41354455020494346,0.24546828125567646,0.09477041366191422,-19.474076325627752
786,157.30486991327552,0.875,0.2,0.5,0.5833333333333333,0.24656104295800507,0.4127711336050812,0.2458527354134111,0.09481508802350119,-19.474076325627752
787,157.50500333555703,0.875,0.2,0.5,0.5833333333333333,0.2469186684463407,0.41200222749658855,0.24623222741999523,0.09484687663707404,-19.474076325627752
788,157.70513675783855,0.875,0.2,0.5,0.5833333333333333,0.247289198771628,0.4112385395759946,0.246606425940984,0.09486583571139193,-19.474076325627752
789,157.90527018012008,0.875,0.2,0.5,0.5833333333333333,0.24767219266726176,0.410480762669115,0.24697500643493542,0.09487203822868637,-19.474076325627752
790,158.1054036024016,0.875,0.2,0.5,0.5833333333333333,0.24806720062950294,0.4097295740600682,0.2473376515421649,0.09486557376826246,-19.474076325627752
791,158.3055370246831,0.875,0.2,0.5,0.5833333333333333,0.24847376532993892,0.4089856353085057,0.24769405132503453,0.09484654803651936,-19.474076325627752
792,158.50567044696464,0.875,0.2,0.5,0.5833333333333333,0.24889142207516585,0.40824959177713577,0.24804390360991693,0.09481508253777997,-19.474076325627752
793,158.70580386924615,0.875,0.2,0.5,0.5833333333333333,0.24931969920023725,0.40752207235235965,0.24838691415357442,0.09477131429382715,-19.474076325627752
794,158.9059372915277,0.875,0.2,0.5,0.5833333333333333,0.24975811836721773,0.4068036894196785,0.24872279656738353,0.09471539564571876,-19.474076325627752
795,159.1060707138092,0.875,0.2,0.5,0.5833333333333333,0.2502061953337028,0.4060950378786958,0.24905127331133484,0.09464749347626518,-19.474076325627752
796,159.3062041360907,0.875,0.2,0.5,0.5833333333333333,0.2506634403295531,0.405396695051586,0.2493720757563301,0.09456778886252942,-19.474076325627752
797,159.50633755837225,0.875,0.2,0.5,0.5833333333333333,0.25112935853180224,0.404709220430989,0.24968494445274192,0.09447647658446554,-19.474076325627752
798,159.70647098065376,0.875,0.2,0.5,0.5833333333333333,0.25160345055557276,0.4040331554399072,0.2499896294152734,0.09437376458924533,-19.474076325627752
799,159.90660440293527,0.875,0.2,0.5,0.5833333333333333,0.2520852127023777,0.4033690231334376,0.2502858899542201,0.0942598742099633,-19.474076325627752
800,160.1067378252168,0.875,0.2,0.5,0.5833333333333333,0.2525741375618366,0.40271732806439464,0.25057349512347765,0.09413503925028978,-19.474076325627752
801,160.30687124749832,0.875,0.2,0.5,0.5833333333333333,0.253069714677461,0.4020785562050259,0.25085222426569287,0.09399950485181895,-19.474076325627752
802,160.50700466977986,0.875,0.2,0.5,0.5833333333333333,0.25357143094024287,0.4014531747995408,0.25112186705069234,0.09385352720952259,-19.474076325627752
803,160.70713809206137,0.875,0.2,0.5,0.5833333333333333,0.2540787710945528,0.40084163229070624,0.25138222369768404,0.09369737291705546,-19.474076325627752
804,160.90727151434288,0.875,0.2,0.5,0.5833333333333333,0.2545912181789185,0.4002443581832538,0.2516331051207307,0.09353131851709559,-19.474076325627752
805,161.10740493662442,0.875,0.2,0.5,0.5833333333333333,0.2551082535796111,0.3996617624001547,0.25187433268377557,0.09335565133645723,-19.474076325627752
806,161.30753835890593,0.875,0.2,0.5,0.5833333333333333,0.2556293580918169,0.39909423605432914,0.25210573892382215,0.0931706669300304,-19.474076325627752
807,161.50767178118744,0.875,0.2,0.5,0.5833333333333333,0.25615401231172313,0.398542151324657,0.2523271676090848,0.09297666875453367,-19.474076325627752
808,161.70780520346898,0.875,0.2,0.5,0.5833333333333333,0.2566816970782327,0.39800586142697447,0.25253847383218275,0.09277396766260869,-19.474076325627752
809,161.9079386257505,0.875,0.2,0.5,0.5833333333333333,0.2572118939755875,0.3974857006956011,0.2527395241493659,0.09256288117944414,-19.474076325627752
810,162.10807204803203,0.875,0.2,0.5,0.5833333333333333,0.2577440856403664,0.39698198417301045,0.2529301964349904,0.0923437337516314,-19.474076325627752
811,162.30820547031354,0.875,0.2,0.5,0.5833333333333333,0.25827775613645426,0.3964950074011259,0.25311037981536183,0.09211685664705664,-19.474076325627752
812,162.50833889259505,0.875,0.2,0.5,0.5833333333333333,0.2588123918429117,0.3960250475847576,0.2532799752965395,0.09188258527578981,-19.474076325627752
813,162.7084723148766,0.875,0.2,0.5,0.5833333333333333,0.25934748176675004,0.39557236326487605,0.25343889558321825,0.09164125938515431,-19.474076325627752
814,162.9086057371581,0.875,0.2,0.5,0.5833333333333333,0.2598825180302637,0.3951371944739156,0.253587065124208,0.09139322237161138,-19.474076325627752
815,163.1087391594396,0.875,0.2,0.5,0.5833333333333333,0.2604169963375559,0.3947197628719516,0.2537244201344043,0.09113882065608689,-19.474076325627752
816,163.30887258172115,0.875,0.2,0.5,0.5833333333333333,0.2609504159617756,0.39432027089920635,0.2538509083324497,0.09087840480656706,-19.474076325627752
817,163.50900600400266,0.875,0.2,0.5,0.5833333333333333,0.26148228064885704,0.39393890287743094,0.25396648918203696,0.09061232729167372,-19.474076325627752
818,163.7091394262842,0.875,0.2,0.5,0.5833333333333333,0.26201209914889667,0.3935758253522609,0.25407113390926483,0.09034094158957627,-19.474076325627752
819,163.9092728485657,0.875,0.2,0.5,0.5833333333333333,0.2625393855547078,0.39323118705376603,0.25416482539740065,0.0900646019941242,-19.474076325627752
820,164.10940627084722,0.875,0.2,0.5,0.5833333333333333,0.26306365975775664,0.3929051191269233,0.2542475581341649,0.08978366298115392,-19.474076325627752
821,164.30953969312876,0.875,0.2,0.5,0.5833333333333333,0.2635844477605995,0.3925977350787513,0.2543193381036296,0.08949847905701823,-19.474076325627752
822,164.50967311541027,0.875,0.2,0.5,0.5833333333333333,0.2641012817467448,0.3923091302303359,0.2543801825943366,0.08920940542858138,-19.474076325627752
823,164.70980653769178,0.875,0.2,0.5,0.5833333333333333,0.2646137011128154,0.3920393832490725,0.25443012026893913,0.08891679536917164,-19.474076325627752
824,164.90993995997331,0.875,0.2,0.5,0.5833333333333333,0.2651212526851142,0.3917885559610117,0.2544691909858422,0.08862100036803061,-19.474076325627752
825,165.11007338225482,0.875,0.2,0.5,0.5833333333333333,0.26562349110624794,0.39155669355006967,0.25449744565531773,0.0883223696883634,-19.474076325627752
826,165.31020680453636,0.875,0.2,0.5,0.5833333333333333,0.2661199792405886,0.39134382482103003,0.25451494608725306,0.08802124985112697,-19.474076325627752
827,165.51034022681787,0.875,0.2,0.5,0.5833333333333333,0.26661028823194743,0.3911499617821056,0.25452176485260014,0.08771798513334556,-19.474076325627752
828,165.71047364909938,0.875,0.2,0.5,0.5833333333333333,0.267093998002896,0.3909751001434608,0.25451798509125323,0.08741291676238865,-19.474076325627752
829,165.91060707138092,0.875,0.2,0.5,0.5833333333333333,0.26757069789004345,0.39081922011352477,0.2545037002924053,0.08710638170402514,-19.474076325627752
830,166.11074049366243,0.875,0.2,0.5,0.5833333333333333,0.26803998684336805,0.39068228633658714,0.2544790140961179,0.08679871272392553,-19.474076325627752
831,166.31087391594394,0.875,0.2,0.5,0.5833333333333333,0.26850147377765454,0.39056424816084206,0.2544440400659934,0.08649023799550858,-19.474076325627752
832,166.51100733822548,0.875,0.2,0.5,0.5833333333333333,0.26895477785846106,0.3904650398313672,0.2543989014839753,0.08618128082619501,-19.474076325627752
833,166.711140760507,0.875,0.2,0.5,0.5833333333333333,0.2693995284078344,0.3903845801567117,0.25434373136864863,0.08587216006680397,-19.474076325627752
834,166.91127418278853,0.875,0.2,0.5,0.5833333333333333,0.26983536571989514,0.3903227734988417,0.2542786718917233,0.08556318888953841,-19.474076325627752
835,167.11140760507004,0.875,0.2,0.5,0.5833333333333333,0.27026194127430364,0.39027950991858645,0.2542038741599513,0.08525467464715714,-19.474076325627752
836,167.31154102735155,0.875,0.2,0.5,0.5833333333333333,0.270678917963384,0.39025466535947123,0.2541194979685511,0.08494691870859225,-19.474076325627752
837,167.5116744496331,0.875,0.2,0.5,0.5833333333333333,0.2710859703682231,0.3902481019205755,0.2540257115035481,0.08464021620765191,-19.474076325627752
838,167.7118078719146,0.875,0.2,0.5,0.5833333333333333,0.27148278485779653,0.3902596679417477,0.2539226912313288,0.08433485596912557,-19.474076325627752
839,167.9119412941961,0.875,0.2,0.5,0.5833333333333333,0.2718690596948586,0.3902891981127956,0.2538106217551408,0.08403112043720358,-19.474076325627752
840,168.11207471647765,0.875,0.2,0.5,0.5833333333333333,0.2722445056300721,0.39033651416120163,0.25368969506132805,0.08372928514739691,-19.474076325627752
841,168.31220813875916,0.875,0.2,0.5,0.5833333333333333,0.2726088459592909,0.39040142493770386,0.25356011038420895,0.08342961871879495,-19.474076325627752
842,168.5123415610407,0.875,0.2,0.5,0.5833333333333333,0.27296181672130626,0.39048372667984343,0.2534220738776176,0.08313238272123137,-19.474076325627752
843,168.7124749833222,0.875,0.2,0.5,0.5833333333333333,0.2733031668566105,0.39058320326261253,0.25327579833910996,0.08283783154166563,-19.474076325627752
844,168.91260840560372,0.875,0.2,0.5,0.5833333333333333,0.27363265820033816,0.390699626353851,0.25312150326339694,0.08254621218241243,-19.474076325627752
845,169.11274182788526,0.875,0.2,0.5,0.5833333333333333,0.27395006586051496,0.39083275582508964,0.2529594140094421,0.08225776430495184,-19.474076325627752
846,169.31287525016677,0.875,0.2,0.5,0.5833333333333333,0.2742551783142944,0.3909823399932088,0.2527897615530472,0.08197272013944806,-19.474076325627752
847,169.51300867244828,0.875,0.2,0.5,0.5833333333333333,0.27454779751482644,0.3911481158791289,0.2526127821794801,0.08169130442656307,-19.474076325627752
848,169.71314209472982,0.875,0.2,0.5,0.5833333333333333,0.2748277390033582,0.3913298094814001,0.25242871712944187,0.08141373438579826,-19.474076325627752
849,169.91327551701133,0.875,0.2,0.5,0.5833333333333333,0.2750948318394078,0.3915271360189047,0.252237812689451,0.08114021945223499,-19.474076325627752
850,170.11340893929287,0.875,0.2,0.5,0.5833333333333333,0.2753489187798463,0.39173980022684607,0.2520403195735411,0.08087096141976508,-19.474076325627752
851,170.31354236157438,0.875,0.2,0.5,0.5833333333333333,0.2755898564191071,0.3919674966497999,0.25183649236649736,0.08060615456459422,-19.474076325627752
852,170.5136757838559,0.875,0.2,0.5,0.5833333333333333,0.2758175151806974,0.39220990991036975,0.25162658932257403,0.0803459855863575,-19.474076325627752
853,170.71380920613743,0.875,0.2,0.5,0.5833333333333333,0.2760317793518884,0.39246671499093505,0.2514108720061443,0.08009063365103089,-19.474076325627752
854,170.91394262841894,0.875,0.2,0.5,0.5833333333333333,0.27623254706978106,0.3927375775374618,0.25118960514150634,0.07984027025124944,-19.474076325627752
855,171.11407605070045,0.875,0.2,0.5,0.5833333333333333,0.27641973028343925,0.39302215417102476,0.2509630565191621,0.07959505902637254,-19.474076325627752
856,171.314209472982,0.875,0.2,0.5,0.5833333333333333,0.27659325483287883,0.39332009272522445,0.2507314960880078,0.07935515635388747,-19.474076325627752
857,171.5143428952635,0.875,0.2,0.5,0.5833333333333333,0.2767530603854382,0.39363103256028936,0.2504951958378872,0.0791207112163838,-19.474076325627752
858,171.71447631754504,0.875,0.2,0.5,0.5833333333333333,0.2768991003925222,0.39395460485914235,0.2502544294646498,0.07889186528368416,-19.474076325627752
859,171.91460973982655,0.875,0.2,0.5,0.5833333333333333,0.2770313420312388,0.3942904329357132,0.25000947208418417,0.07866875294886236,-19.474076325627752
860,172.11474316210806,0.875,0.2,0.5,0.5833333333333333,0.2771497661185718,0.39463813261669034,0.2497606003349427,0.07845150092979364,-19.474076325627752
861,172.3148765843896,0.875,0.2,0.5,0.5833333333333333,0.2772543670419838,0.3949973124557453,0.24950809154796008,0.0782402289543093,-19.474076325627752
862,172.5150100066711,0.875,0.2,0.5,0.5833333333333333,0.27734515265589976,0.39536757405773204,0.24925222350565834,0.07803504978070833,-19.474076325627752
863,172.71514342895262,0.875,0.2,0.5,0.5833333333333333,0.2774221441641372,0.39574851240270725,0.24899327418556216,0.07783606924759195,-19.474076325627752
864,172.91527685123415,0.875,0.2,0.5,0.5833333333333333,0.2774853759902581,0.3961397161625562,0.2487315214486057,0.07764338639857855,-19.474076325627752
865,173.11541027351566,0.875,0.2,0.5,0.5833333333333333,0.27753489569239165,0.3965407680929942,0.24846724304283474,0.07745709317177792,-19.474076325627752
866,173.3155436957972,0.875,0.2,0.5,0.5833333333333333,0.27757076378069456,0.3969512453265617,0.24820071616756345,0.07727727472517885,-19.474076325627752
867,173.5156771180787,0.875,0.2,0.5,0.5833333333333333,0.27759305351217445,0.39737071965848614,0.24793221699573065,0.07710400983360724,-19.474076325627752
868,173.71581054036022,0.875,0.2,0.5,0.5833333333333333,0.27760185073095417,0.39779875790911334,0.2476620205168149,0.07693737084311601,-19.474076325627752
869,173.91594396264176,0.875,0.2,0.5,0.5833333333333333,0.27759725367126015,0.3982349222612073,0.24739040026003223,0.07677742380749868,-19.474076325627752
870,174.11607738492327,0.875,0.2,0.5,0.5833333333333333,0.27757937297153823,0.39867877057288353,0.24711762806153675,0.07662422839403983,-19.474076325627752
871,174.31621080720478,0.875,0.2,0.5,0.5833333333333333,0.27754833074000235,0.39912985697852826,0.24684397431014557,0.0764778379713221,-19.474076325627752
872,174.51634422948632,0.875,0.2,0.5,0.5833333333333333,0.2775042616513452,0.39958773176231094,0.24656970674888135,0.07633829983746084,-19.474076325627752
873,174.71647765176783,0.875,0.2,0.5,0.5833333333333333,0.2774473114386532,0.4000519421043066,0.24629509090040003,0.07620565555663837,-19.474076325627752
874,174.91661107404937,0.875,0.2,0.5,0.5833333333333333,0.27737763715423464,0.4005220322979653,0.24602038963183773,0.07607994091596054,-19.474076325627752
875,175.11674449633088,0.875,0.2,0.5,0.5833333333333333,0.2772954068955089,0.40099754411989785,0.2457458629565079,0.07596118602808351,-19.474076325627752
876,175.3168779186124,0.875,0.2,0.5,0.5833333333333333,0.27720079971945794,0.4014780172027927,0.24547176801442674,0.07584941506332081,-19.474076325627752
877,175.51701134089393,0.875,0.2,0.5,0.5833333333333333,0.27709400513424287,0.40196298940131386,0.24519835865182857,0.07574464681261288,-19.474076325627752
878,175.71714476317544,0.875,0.2,0.5,0.5833333333333333,0.2769752228289266,0.4024519971619512,0.24492588522649725,0.07564689478262321,-19.474076325627752
879,175.91727818545695,0.875,0.2,0.5,0.5833333333333333,0.27684466241876476,0.402944575893129,0.24465459442786255,0.07555616726024196,-19.474076325627752
880,176.1174116077385,0.875,0.2,0.5,0.5833333333333333,0.27670254317616905,0.40344026034777974,0.24438472919951348,0.07547246727653596,-19.474076325627752
881,176.31754503002,0.875,0.2,0.5,0.5833333333333333,0.2765490937617515,0.4039385850059771,0.24411652866232164,0.07539579256994793,-19.474076325627752
882,176.51767845230154,0.875,0.2,0.5,0.5833333333333333,0.2763845518983674,0.4044390844152676,0.24385022760583178,0.07532613608053138,-19.474076325627752
883,176.71781187458305,0.875,0.2,0.5,0.5833333333333333,0.2762091641026373,0.40494129357365793,0.24358605641500414,0.07526348590869879,-19.474076325627752
884,176.91794529686456,0.875,0.2,0.5,0.5833333333333333,0.2760231853759051,0.40544474830859856,0.24332424090617596,0.07520782540931854,-19.474076325627752
885,177.1180787191461,0.875,0.2,0.5,0.5833333333333333,0.27582687839700354,0.40594898581574546,0.24306500278121335,0.07515913300603587,-19.474076325627752
886,177.3182121414276,0.875,0.2,0.5,0.5833333333333333,0.275620513645096,0.40645354489861474,0.24280855892080067,0.07511738253548682,-19.474076325627752
887,177.51834556370912,0.875,0.2,0.5,0.5833333333333333,0.27540436917977396,0.40695796631846226,0.24255512110552177,0.0750825433962402,-19.474076325627752
888,177.71847898599066,0.875,0.2,0.5,0.5833333333333333,0.2751787302134437,0.4074617932109616,0.24230489599619257,0.0750545805794003,-19.474076325627752
889,177.91861240827217,0.875,0.2,0.5,0.5833333333333333,0.2749438886120538,0.4079645715030898,0.24205808519813599,0.07503345468671861,-19.474076325627752
890,178.1187458305537,0.875,0.2,0.5,0.5833333333333333,0.27470014214538846,0.40846585038054967,0.24181488563080952,0.07501912184325052,-19.474076325627752
891,178.31887925283522,0.875,0.2,0.5,0.5833333333333333,0.2744477948752493,0.40896518252557323,0.2415754885100127,0.07501153408916299,-19.474076325627752
892,178.51901267511673,0.875,0.2,0.5,0.5833333333333333,0.2741871565826469,0.40946212454864683,0.24134007950182332,0.07501063936688111,-19.474076325627752
893,178.71914609739827,0.875,0.2,0.5,0.5833333333333333,0.27391854240542135,0.4099562373764706,0.24110883862245086,0.07501638159565538,-19.474076325627752
894,178.91927951967978,0.875,0.2,0.5,0.5833333333333333,0.27364227216010323,0.41044708661081364,0.24088194070058097,0.07502870052850039,-19.474076325627752
895,179.1194129419613,0.875,0.2,0.5,0.5833333333333333,0.27335867017253995,0.4109342429240855,0.24065955495287014,0.07504753195050266,-19.474076325627752
896,179.31954636424283,0.875,0.2,0.5,0.5833333333333333,0.27306806510585185,0.4114172824547136,0.24044184456409629,0.07507280787533652,-19.474076325627752
897,179.51967978652434,0.875,0.2,0.5,0.5833333333333333,0.27277078948939093,0.41189578718094416,0.24022896678850286,0.07510445654116026,-19.474076325627752
898,179.71981320880587,0.875,0.2,0.5,0.5833333333333333,0.2724671793238723,0.41236934526362157,0.24002107297874986,0.07514240243375445,-19.474076325627752
899,179.91994663108738,0.875,0.2,0.5,0.5833333333333333,0.27215757353809444,0.4128375512517654,0.23981830908273077,0.07518656612740761,-19.474076325627752
900,180.1200800533689,0.875,0.2,0.5,0.5833333333333333,0.27184231388099217,0.4133000066905992,0.23962081476800628,0.07523686466040058,-19.474076325627752
901,180.32021347565043,0.875,0.2,0.5,0.5833333333333333,0.27152174449945365,0.41375632043907795,0.23942872353686498,0.07529321152460165,-19.474076325627752
902,180.52034689793194,0.875,0.2,0.5,0.5833333333333333,0.27119621155997947,0.4142061090279055,0.23924216270323315,0.07535551670888008,-19.474076325627752
903,180.72048032021348,0.875,0.2,0.5,0.5833333333333333,0.27086606290134707,0.41464899672572175,0.2390612537584228,0.07542368661450662,-19.474076325627752
904,180.920613742495,0.875,0.2,0.5,0.5833333333333333,0.2705316476722659,0.41508461593857904,0.23888611225712078,0.07549762413203248,-19.474076325627752
905,181.1207471647765,0.875,0.2,0.5,0.5833333333333333,0.2701933159552793,0.41551260791481437,0.23871684726377382,0.0755772288661307,-19.474076325627752
906,181.32088058705804,0.875,0.2,0.5,0.5833333333333333,0.26985141841431953,0.415932622924698,0.23855356155501148,0.07566239710596913,-19.474076325627752
907,181.52101400933955,0.875,0.2,0.5,0.5833333333333333,0.26950630593439034,0.41634432061834326,0.23839635156514197,0.0757530218821227,-19.474076325627752
908,181.72114743162106,0.875,0.2,0.5,0.5833333333333333,0.269158329437541,0.4167473697662454,0.23824530790659684,0.07584899288961511,-19.474076325627752
909,181.9212808539026,0.875,0.2,0.5,0.5833333333333333,0.26880783948828124,0.417141448737196,0.23810051520366798,0.07595019657085303,-19.474076325627752
910,182.1214142761841,0.875,0.2,0.5,0.5833333333333333,0.26845518576833477,0.4175262464337707,0.2379620515001123,0.07605651629778053,-19.474076325627752
911,182.32154769846565,0.875,0.2,0.5,0.5833333333333333,0.26810071681791825,0.4179014622944481,0.23782998853599005,0.07616783235164187,-19.474076325627752
912,182.52168112074716,0.875,0.2,0.5,0.5833333333333333,0.2677447796847262,0.41826680662040056,0.23770439172122187,0.07628402197364971,-19.474076325627752
913,182.72181454302867,0.875,0.2,0.5,0.5833333333333333,0.2673877199707373,0.41862200003292477,0.23758532058805718,0.07640495940827914,-19.474076325627752
914,182.9219479653102,0.875,0.2,0.5,0.5833333333333333,0.26702988136418593,0.41896677405594107,0.2374728286237664,0.07653051595610497,-19.474076325627752
915,183.12208138759172,0.875,0.2,0.5,0.5833333333333333,0.26667160496485925,0.419300872150138,0.23736696285453107,0.07666056003046999,-19.474076325627752
916,183.32221480987323,0.875,0.2,0.5,0.5833333333333333,0.26631322914302824,0.41962404958096605,0.23726776407174235,0.07679495720426169,-19.474076325627752
917,183.52234823215477,0.875,0.2,0.5,0.5833333333333333,0.2659550892084585,0.41993607370217245,0.23717526682848597,0.07693357026088138,-19.474076325627752
918,183.72248165443628,0.875,0.2,0.5,0.5833333333333333,0.26559751765127476,0.4202367230859241,0.23708949990055125,0.07707625936224821,-19.474076325627752
919,183.92261507671782,0.875,0.2,0.5,0.5833333333333333,0.26524084359086936,0.4205257882502808,0.2370104861041252,0.07722288205472293,-19.474076325627752
920,184.12274849899933,0.875,0.2,0.5,0.5833333333333333,0.26488539204079237,0.4208030727578295,0.23693824196400606,0.07737329323737033,-19.474076325627752
921,184.32288192128084,0.875,0.2,0.5,0.5833333333333333,0.26453148385471326,0.42106839294061627,0.2368727779350596,0.0775273452696092,-19.474076325627752
922,184.52301534356238,0.875,0.2,0.5,0.5833333333333333,0.2641794354235678,0.421321578127222,0.23681409842038362,0.07768488802882487,-19.474076325627752
923,184.7231487658439,0.875,0.2,0.5,0.5833333333333333,0.2638295590879686,0.4215624694615542,0.23676220223155514,0.07784576921892036,-19.474076325627752
924,184.9232821881254,0.875,0.2,0.5,0.5833333333333333,0.26348216250022394,0.4217909207897564,0.2367170823996628,0.07800983431035514,-19.474076325627752
925,185.12341561040694,0.875,0.2,0.5,0.5833333333333333,0.26313754788371546,0.4220067997492092,0.23667872592289985,0.07817692644417373,-19.474076325627752
926,185.32354903268845,0.875,0.2,0.5,0.5833333333333333,0.2627960120483468,0.42220998736890075,0.23664711398146146,0.07834688660128929,-19.474076325627752
927,185.52368245497,0.875,0.2,0.5,0.5833333333333333,0.2624578461226112,0.4224003782281982,0.23662222197581656,0.07851955367337231,-19.474076325627752
928,185.7238158772515,0.875,0.2,0.5,0.5833333333333333,0.26212333614251815,0.42257787896511334,0.23660401997513023,0.07869476491723662,-19.474076325627752
929,185.923949299533,0.875,0.2,0.5,0.5833333333333333,0.26179276231531173,0.42274240933722146,0.23659247253135232,0.07887235581611278,-19.474076325627752
930,186.12408272181455,0.875,0.2,0.5,0.5833333333333333,0.26146639829940055,0.422893903251356,0.2365875385010654,0.0790521599481763,-19.474076325627752
931,186.32421614409606,0.875,0.2,0.5,0.5833333333333333,0.2611445112869603,0.4230323082471691,0.2365891712515464,0.07923400921432247,-19.474076325627752
932,186.52434956637757,0.875,0.2,0.5,0.5833333333333333,0.26082736177892224,0.42315758557289257,0.2365973187187415,0.07941773392944197,-19.474076325627752
933,186.7244829886591,0.875,0.2,0.5,0.5833333333333333,0.26051520440366144,0.4232697082313698,0.23661192391629837,0.07960316344866868,-19.474076325627752
934,186.92461641094062,0.875,0.2,0.5,0.5833333333333333,0.26020828695656123,0.42336866248602917,0.23663292467571145,0.07979012588169643,-19.474076325627752
935,187.12474983322215,0.875,0.2,0.5,0.5833333333333333,0.25990684970999134,0.4234544488409715,0.23666025350333245,0.07997844794570293,-19.474076325627752
936,187.32488325550366,0.875,0.2,0.5,0.5833333333333333,0.2596111255882691,0.4235270813388873,0.23669383781120176,0.08016795526164008,-19.474076325627752
937,187.52501667778517,0.875,0.2,0.5,0.5833333333333333,0.25932133995660583,0.42358658760967216,0.23673359998105584,0.08035847245266438,-19.474076325627752
938,187.7251501000667,0.875,0.2,0.5,0.5833333333333333,0.2590377108979454,0.4236330079779436,0.23677945761650673,0.08054982350760241,-19.474076325627752
939,187.92528352234822,0.875,0.2,0.5,0.5833333333333333,0.2587604503229838,0.423666392963424,0.23683132411656757,0.08074183259702279,-19.474076325627752
940,188.12541694462973,0.875,0.2,0.5,0.5833333333333333,0.2584897615112288,0.4236868076655318,0.23688910787268294,0.08093432295055457,-19.474076325627752
941,188.32555036691127,0.875,0.2,0.5,0.5833333333333333,0.258225839695675,0.4236943302771089,0.23695271263963652,0.08112711738757773,-19.474076325627752
942,188.52568378919278,0.875,0.2,0.5,0.5833333333333333,0.2579688719981564,0.42368905185063177,0.23702203765602498,0.08132003849518503,-19.474076325627752
943,188.72581721147432,0.875,0.2,0.5,0.5833333333333333,0.25771903729025347,0.4236710762089051,0.23709697773574534,0.08151290876509425,-19.474076325627752
944,188.92595063375583,0.875,0.2,0.5,0.5833333333333333,0.25747650747440753,0.42364051716478585,0.23717742389219523,0.08170555146860949,-19.474076325627752
945,189.12608405603734,0.875,0.2,0.5,0.5833333333333333,0.25724144632736495,0.42359750035973637,0.23726326304811515,0.08189779026478168,-19.474076325627752
946,189.32621747831888,0.875,0.2,0.5,0.5833333333333333,0.2570140087454193,0.42354216434106173,0.23735437789614325,0.08208944901737385,-19.474076325627752
947,189.5263509006004,0.875,0.2,0.5,0.5833333333333333,0.2567943411419113,0.42347465945588264,0.23745064719157596,0.08228035221062824,-19.474076325627752
948,189.7264843228819,0.875,0.2,0.5,0.5833333333333333,0.2565825813257865,0.42339514772838366,0.23755194585047643,0.08247032509535158,-19.474076325627752
949,189.92661774516344,0.875,0.2,0.5,0.5833333333333333,0.25637885884624956,0.42330380188977035,0.23765814521706707,0.08265919404691119,-19.474076325627752
950,190.12675116744495,0.875,0.2,0.5,0.5833333333333333,0.25618329610677487,0.4232008030096542,0.23776911361054967,0.08284678727301947,-19.474076325627752
951,190.3268845897265,0.875,0.2,0.5,0.5833333333333333,0.2559960061256786,0.4230863442234752,0.23788471565396915,0.08303293399687522,-19.474076325627752
952,190.527018012008,0.875,0.2,0.5,0.5833333333333333,0.2558170931699056,0.4229606292368605,0.23800481264661819,0.08321746494661386,-19.474076325627752
953,190.7271514342895,0.875,0.2,0.5,0.5833333333333333,0.2556466527694217,0.4228238719559466,0.2381292627114799,0.08340021256314994,-19.474076325627752
954,190.92728485657105,0.875,0.2,0.5,0.5833333333333333,0.2554847716660433,0.42267629624242986,0.23825792091745832,0.08358101117406674,-19.474076325627752
955,191.12741827885256,0.875,0.2,0.5,0.5833333333333333,0.25533152916778934,0.4225181334045335,0.2383906398386086,0.08375969758906676,-19.474076325627752
956,191.32755170113407,0.875,0.2,0.5,0.5833333333333333,0.2551869960743094,0.42234962360060335,0.23852726935817486,0.08393611096691057,-19.474076325627752
957,191.5276851234156,0.875,0.2,0.5,0.5833333333333333,0.25505123403305496,0.42217101654884065,0.2386676566065532,0.08411009281154934,-19.474076325627752
958,191.72781854569712,0.875,0.2,0.5,0.5833333333333333,0.25492429601165084,0.42198257043900683,0.2388116462462995,0.08428148730304097,-19.474076325627752
959,191.92795196797866,0.875,0.2,0.5,0.5833333333333333,0.25480622626284155,0.4217845516615117,0.23895908059937085,0.08445014147627403,-19.474076325627752
960,192.12808539026017,0.875,0.2,0.5,0.5833333333333333,0.2546970608533186,0.4215772337538181,0.23910979995050258,0.08461590544235882,-19.474076325627752
961,192.32821881254168,0.875,0.2,0.5,0.5833333333333333,0.2545968281509929,0.42136089640452523,0.23926364283760546,0.08477863260687457,-19.474076325627752
962,192.52835223482322,0.875,0.2,0.5,0.5833333333333333,0.25450554796334596,0.42113582632979785,0.23942044592080827,0.08493817978604608,-19.474076325627752
963,192.72848565710473,0.875,0.2,0.5,0.5833333333333333,0.25442323121590527,0.4209023174000866,0.23958004402021588,0.08509440736379047,-19.474076325627752
964,192.92861907938624,0.875,0.2,0.5,0.5833333333333333,0.25434988041261963,0.42066066968154503,0.23974227039790447,0.08524717950792911,-19.474076325627752
965,193.12875250166778,0.875,0.2,0.5,0.5833333333333333,0.25428548964663295,0.42041118910990716,0.23990695689809255,0.0853963643453656,-19.474076325627752
966,193.3288859239493,0.875,0.2,0.5,0.5833333333333333,0.25423004576447467,0.4201541859879475,0.24007393437757082,0.08554183387000526,-19.474076325627752
967,193.52901934623083,0.875,0.2,0.5,0.5833333333333333,0.25418352759651974,0.4198899754479952,0.2402430326506997,0.08568346430478364,-19.474076325627752
968,193.72915276851234,0.875,0.2,0.5,0.5833333333333333,0.25414590555882804,0.41961887753383015,0.2404140805281668,0.08582113637917325,-19.474076325627752
969,193.92928619079385,0.875,0.2,0.5,0.5833333333333333,0.25411714214607484,0.41934121637310323,0.24058690608009106,0.08595473540072912,-19.474076325627752
970,194.12941961307538,0.875,0.2,0.5,0.5833333333333333,0.2540971920329251,0.41905731974549865,0.24076133680118816,0.08608415142038638,-19.474076325627752
971,194.3295530353569,0.875,0.2,0.5,0.5833333333333333,0.254086002187925,0.4187675186373332,0.24093719977918696,0.08620927939555319,-19.474076325627752
972,194.5296864576384,0.875,0.2,0.5,0.5833333333333333,0.2540835120200369,0.4184721473721563,0.24111432176099862,0.08633001884680652,-19.474076325627752
973,194.72981987991994,0.875,0.2,0.5,0.5833333333333333,0.2540896535104456,0.41817154292969755,0.24129252936494855,0.08644627419490662,-19.474076325627752
974,194.92995330220145,0.875,0.2,0.5,0.5833333333333333,0.25410435134844417,0.41786604400406646,0.24147164934049004,0.08655795530699767,-19.474076325627752
975,195.130086724483,0.875,0.2,0.5,0.5833333333333333,0.25412752310655734,0.41755599083115286,0.24165150869110005,0.08666497737118804,-19.474076325627752
976,195.3302201467645,0.875,0.2,0.5,0.5833333333333333,0.25415907941816573,0.4172417247090432,0.24183193485293064,0.08676726101985877,-19.474076325627752
977,195.530353569046,0.875,0.2,0.5,0.5833333333333333,0.2541989241676875,0.41692358750606917,0.24201275587649723,0.08686473244974444,-19.474076325627752
978,195.73048699132755,0.875,0.2,0.5,0.5833333333333333,0.2542469538625363,0.41660192272291957,0.24219380029614357,0.08695732311839884,-19.474076325627752
979,195.93062041360906,0.875,0.2,0.5,0.5833333333333333,0.2543030577122623,0.41627707523267743,0.24237489726613543,0.08704496978892313,-19.474076325627752
980,196.13075383589057,0.875,0.2,0.5,0.5833333333333333,0.25436711903513876,0.4159493885292859,0.24255587719875613,0.08712761523681749,-19.474076325627752
981,196.3308872581721,0.875,0.2,0.5,0.5833333333333333,0.25443901480642905,0.41561920549116466,0.2427365716954897,0.08720520800691481,-19.474076325627752
982,196.53102068045362,0.875,0.2,0.5,0.5833333333333333,0.25451861583253604,0.415286867976043,0.24291681371398163,0.08727770247743762,-19.474076325627752
983,196.73115410273516,0.875,0.2,0.5,0.5833333333333333,0.2546057869338186,0.4149527164107621,0.24309643773655937,0.08734505891885817,-19.474076325627752
984,196.93128752501667,0.875,0.2,0.5,0.5833333333333333,0.25470038688806024,0.41461709003343117,0.24327527974725274,0.08740724333125399,-19.474076325627752
985,197.13142094729818,0.875,0.2,0.5,0.5833333333333333,0.2548022684128294,0.41428032704924406,0.24345317723452542,0.08746422730339928,-19.474076325627752
986,197.33155436957972,0.875,0.2,0.5,0.5833333333333333,0.2549112789388594,0.41394276270314184,0.24362996980687987,0.08751598855111697,-19.474076325627752
987,197.53168779186123,0.875,0.2,0.5,0.5833333333333333,0.2550272605379647,0.41360472961399875,0.24380549914378646,0.08756251070424813,-19.474076325627752
988,197.73182121414274,0.875,0.2,0.5,0.5833333333333333,0.2551500501061115,0.4132665574483135,0.24397960914115405,0.08760378330441904,-19.474076325627752
989,197.93195463642428,0.875,0.2,0.5,0.5833333333333333,0.25527947955812247,0.41292857257992654,0.24415214606123295,0.08763980180071607,-19.474076325627752
990,198.1320880587058,0.875,0.2,0.5,0.5833333333333333,0.2554153759433518,0.412591098023191,0.2443229585958149,0.0876705674376403,-19.474076325627752
991,198.33222148098733,0.875,0.2,0.5,0.5833333333333333,0.2555575614945277,0.41225445360044854,0.24449189785519954,0.08769608704982228,-19.474076325627752
992,198.53235490326884,0.875,0.2,0.5,0.5833333333333333,0.2557058541295881,0.41191895467550493,0.2446588178143136,0.08771637338059143,-19.474076325627752
993,198.73248832555035,0.875,0.2,0.5,0.5833333333333333,0.2558600675419369,0.41158491222782995,0.24482357533218166,0.08773144489804945,-19.474076325627752
994,198.9326217478319,0.875,0.2,0.5,0.5833333333333333,0.25602001139929126,0.4112526325980669,0.24498603027648785,0.087741325726152,-19.474076325627752
995,199.1327551701134,0.875,0.2,0.5,0.5833333333333333,0.2561854915552677,0.41092241721247375,0.2451460456552449,0.08774604557701171,-19.474076325627752
996,199.3328885923949,0.875,0.2,0.5,0.5833333333333333,0.25635631019789856,0.41059456243967707,0.24530348770459348,0.08774563965782893,-19.474076325627752
997,199.53302201467645,0.875,0.2,0.5,0.5833333333333333,0.2565322658476393,0.41026935974365014,0.2454582258777665,0.08774014853094211,-19.474076325627752
998,199.73315543695796,0.875,0.2,0.5,0.5833333333333333,0.25671315391974386,0.4099470947928145,0.24561013318459576,0.0877296181028439,-19.474076325627752
999,199.9332888592395,0.875,0.2,0.5,0.5833333333333333,0.2568987668313533,0.4096280474367001,0.24575908624059767,0.08771409949134691,-19.474076325627752
1000,200.133422281521,0.875,0.2,0.5,0.5833333333333333,0.2570888942007431,0.40931249152392585,0.24590496536976775,0.08769364890556136,-19.474076325627752
1001,200.33355570380252,0.875,0.2,0.5,0.5833333333333333,0.2572833230684188,0.40900069469330597,0.24604765471688497,0.08766832752138828,-19.474076325627752
1002,200.53368912608406,0.875,0.2,0.5,0.5833333333333333,0.2574818380880766,0.4086929182255851,0.2461870423017071,0.08763820138462917,-19.474076325627752
1003,200.73382254836557,0.875,0.2,0.5,0.5833333333333333,0.2576842215679989,0.4083894171440918,0.24632301981493365,0.08760334147297354,-19.474076325627752
1004,200.93395597064708,0.875,0.2,0.5,0.5833333333333333,0.25789025394343873,0.40809043964901887,0.24645548312874718,0.08756382327879317,-19.474076325627752
1005,201.13408939292862,0.875,0.2,0.5,0.5833333333333333,0.25809971394413916,0.40779622704546614,0.24658433228889196,0.08751972672150064,-19.474076325627752
1006,201.33422281521013,0.875,0.2,0.5,0.5833333333333333,0.2583123787978668,0.40750701362782277,0.2467094715594865,0.08747113601482182,-19.474076325627752
1007,201.53435623749166,0.875,0.2,0.5,0.5833333333333333,0.25852802445893924,0.40722302653786013,0.24683080950210556,0.0874181395010929,-19.474076325627752
1008,201.73448965977317,0.875,0.2,0.5,0.5833333333333333,0.2587464258076301,0.4069444856432428,0.24694825903366352,0.08736082951546148,-19.474076325627752
1009,201.93462308205469,0.875,0.2,0.5,0.5833333333333333,0.2589673565805336,0.4066716035212765,0.24706173732866762,0.08729930256952012,-19.474076325627752
1010,202.13475650433622,0.875,0.2,0.5,0.5833333333333333,0.2591905899433866,0.4064045852256422,0.2471711660765764,0.08723365875439261,-19.474076325627752
1011,202.33488992661773,0.875,0.2,0.5,0.5833333333333333,0.2594158986763082,0.4061436282002771,0.247276471517106,0.08716400160630658,-19.474076325627752
1012,202.53502334889924,0.875,0.2,0.5,0.5833333333333333,0.2596430553460462,0.4058889222079704,0.24737758446337532,0.087090437982606,-19.474076325627752
1013,202.73515677118078,0.875,0.2,0.5,0.5833333333333333,0.2598718325307567,0.40564064925050736,0.24747444034960708,0.0870130778691268,-19.474076325627752
1014,202.9352901934623,0.875,0.2,0.5,0.5833333333333333,0.2601020030289439,0.405398983496071,0.24756697926699237,0.08693203420799077,-19.474076325627752
1015,203.13542361574383,0.875,0.2,0.5,0.5833333333333333,0.2603333397791258,0.40516409117500013,0.24765514586525056,0.08684742318062148,-19.474076325627752
1016,203.33555703802534,0.875,0.2,0.5,0.5833333333333333,0.26056561637290876,0.4049361305694806,0.24773888951522924,0.08675936354237947,-19.474076325627752
1017,203.53569046030685,0.875,0.2,0.5,0.5833333333333333,0.2607986072939567,0.4047152519737507,0.2478181643439937,0.08666797638829693,-19.474076325627752
1018,203.7358238825884,0.875,0.2,0.5,0.5833333333333333,0.2610320880594727,0.4045015976499488,0.24789292922151032,0.08657338506906623,-19.474076325627752
1019,203.9359573048699,0.875,0.2,0.5,0.5833333333333333,0.2612658354336012,0.4042953018037037,0.2479631477748013,0.0864757149878918,-19.474076325627752
1020,204.1360907271514,0.875,0.2,0.5,0.5833333333333333,0.26149962763546025,0.4040964905648102,0.24802878839446776,0.08637509340525983,-19.474076325627752
1021,204.33622414943295,0.875,0.2,0.5,0.5833333333333333,0.2617332443264585,0.4039052817951063,0.24808982411766,0.08627164976077316,-19.474076325627752
1022,204.53635757171446,0.875,0.2,0.5,0.5833333333333333,0.2619664669833538,0.4037217852245181,0.24814623271395628,0.0861655150781699,-19.474076325627752
1023,204.736490993996,0.875,0.2,0.5,0.5833333333333333,0.2621990791776603,0.4035461025192658,0.24819799671608775,0.08605682158698427,-19.474076325627752
1024,204.9366244162775,0.875,0.2,0.5,0.5833333333333333,0.262430866701843,0.4033783272330315,0.2482451033634475,0.08594570270167604,-19.474076325627752
1025,205.13675783855902,0.875,0.2,0.5,0.5833333333333333,0.26266161776800734,0.4032185448275344,0.248287544579884,0.0858322928245724,-19.474076325627752
1026,205.33689126084056,0.875,0.2,0.5,0.5833333333333333,0.2628911232042639,0.4030668327008895,0.24832531694625273,0.08571672714859198,-19.474076325627752
1027,205.53702468312207,0.875,0.2,0.5,0.5833333333333333,0.2631191763880993,0.40292326004379053,0.2483584216746933,0.08559914189341503,-19.474076325627752
1028,205.7371581054036,0.875,0.2,0.5,0.5833333333333333,0.26334557355000915,0.402787887960699,0.24838686456770634,0.08547967392158363,-19.474076325627752
1029,205.93729152768512,0.875,0.2,0.5,0.5833333333333333,0.2635701141442086,0.4026607696467303,0.24841065597013387,0.08535846023892532,-19.474076325627752
1030,206.13742494996663,0.875,0.2,0.5,0.5833333333333333,0.26379260090233525,0.40254195035507406,0.24842981072430856,0.08523563801828023,-19.474076325627752
1031,206.33755837224817,0.875,0.2,0.5,0.5833333333333333,0.26401284000696557,0.4024314674565185,0.24844434811669688,0.08511134441981714,-19.474076325627752
1032,206.53769179452968,0.875,0.2,0.5,0.5833333333333333,0.2642306412628379,0.40232935050677904,0.24845429181929962,0.08498571641108149,-19.474076325627752
1033,206.7378252168112,0.875,0.2,0.5,0.5833333333333333,0.26444581809690354,0.4022356211396451,0.24845966985931273,0.08485889090413676,-19.474076325627752
1034,206.93795863909273,0.875,0.2,0.5,0.5833333333333333,0.2646581877152728,0.40215029313947603,0.24846051455196494,0.0847310045932844,-19.474076325627752
1035,207.13809206137424,0.875,0.2,0.5,0.5833333333333333,0.26486757148379714,0.4020733727649693,0.2484568623832917,0.08460219336794005,-19.474076325627752
1036,207.33822548365578,0.875,0.2,0.5,0.5833333333333333,0.265073794958603,0.40200485870598374,0.24844875395665605,0.08447259237875532,-19.474076325627752
1037,207.5383589059373,0.875,0.2,0.5,0.5833333333333333,0.26527668803069165,0.40194474217356063,0.24843623391094255,0.0843423358848033,-19.474076325627752
1038,207.7384923282188,0.875,0.2,0.5,0.5833333333333333,0.2654760850673019,0.40189300699673136,0.24841935083369596,0.08421155710226887,-19.474076325627752
1039,207.93862575050034,0.875,0.2,0.5,0.5833333333333333,0.2656718249414113,0.4018496295889583,0.24839815722514116,0.0840803882444874,-19.474076325627752
1040,208.13875917278185,0.875,0.2,0.5,0.5833333333333333,0.2658637510874595,0.40181457895858075,0.2483727094419435,0.08394896051201439,-19.474076325627752
1041,208.33889259506336,0.875,0.2,0.5,0.5833333333333333,0.2660517118639287,0.40178781711764683,0.2483430674761307,0.08381740354229195,-19.474076325627752
1042,208.5390260173449,0.875,0.2,0.5,0.5833333333333333,0.2662355605628437,0.4017692990557703,0.24830929490916873,0.08368584547221543,-19.474076325627752
1043,208.7391594396264,0.875,0.2,0.5,0.5833333333333333,0.2664151555200206,0.40175897285210227,0.24827145880738427,0.08355441282049106,-19.474076325627752
1044,208.93929286190794,0.875,0.2,0.5,0.5833333333333333,0.2665903602231838,0.40175677979550256,0.24822962961173542,0.08342323036957643,-19.474076325627752
1045,209.13942628418945,0.875,0.2,0.5,0.5833333333333333,0.26676104333701633,0.4017626544278985,0.24818388110023643,0.0832924211348469,-19.474076325627752
1046,209.33955970647096,0.875,0.2,0.5,0.5833333333333333,0.2669270786695766,0.4017765245363606,0.24813429039911075,0.0831621063949502,-19.474076325627752
1047,209.5396931287525,0.875,0.2,0.5,0.5833333333333333,0.26708834552015503,0.4017983115537117,0.2480809376117469,0.08303240531438452,-19.474076325627752
1048,209.739826551034,0.875,0.2,0.5,0.5833333333333333,0.26724472865871157,0.40182793058417016,0.24802390579972844,0.08290343495738797,-19.474076325627752
1049,209.93995997331552,0.875,0.2,0.5,0.5833333333333333,0.26739611839359895,0.40186529053121994,0.24796328086872724,0.08277531020645203,-19.474076325627752
1050,210.14009339559706,0.875,0.2,0.5,0.5833333333333333,0.2675424106405592,0.40191029423679286,0.24789915144446317,0.0826481436781829,-19.474076325627752
1051,210.34022681787857,0.875,0.2,0.5,0.5833333333333333,0.2676835069449549,0.40196283854731163,0.24783160882648153,0.08252204568125006,-19.474076325627752
1052,210.5403602401601,0.875,0.2,0.5,0.5833333333333333,0.2678193144949195,0.4020228143769572,0.2477607469460208,0.08239712418210064,-19.474076325627752
1053,210.74049366244162,0.875,0.2,0.5,0.5833333333333333,0.2679497462797283,0.40209010705626036,0.24768666202609543,0.08227348463791405,-19.474076325627752
1054,210.94062708472313,0.875,0.2,0.5,0.5833333333333333,0.26807472108758423,0.40216459639503876,0.2476094525420732,0.0821512299753019,-19.474076325627752
1055,211.14076050700467,0.875,0.2,0.5,0.5833333333333333,0.2681941635417437,0.4022461568310978,0.24752921909356945,0.0820304605335871,-19.474076325627752
1056,211.34089392928618,0.875,0.2,0.5,0.5833333333333333,0.2683080041326492,0.4023346575856557,0.2474460642704776,0.08191127401121556,-19.474076325627752
1057,211.5410273515677,0.875,0.2,0.5,0.5833333333333333,0.26841617920439725,0.40242996274146436,0.2473600926350337,0.08179376541910278,-19.474076325627752
1058,211.74116077384923,0.875,0.2,0.5,0.5833333333333333,0.2685186309513637,0.4025319313565041,0.24727141065457345,0.08167802703755687,-19.474076325627752
1059,211.94129419613074,0.875,0.2,0.5,0.5833333333333333,0.26861530751125434,0.4026404177876839,0.24718012632947423,0.08156414837158568,-19.474076325627752
1060,212.14142761841228,0.875,0.2,0.5,0.5833333333333333,0.2687061629340688,0.4027552717786695,0.2470863491694012,0.08145221611785869,-19.474076325627752
1061,212.3415610406938,0.875,0.2,0.5,0.5833333333333333,0.2687911571813865,0.40287633862405603,0.24699019006052417,0.08134231413403147,-19.474076325627752
1062,212.5416944629753,0.875,0.2,0.5,0.5833333333333333,0.2688702561203039,0.4030034593377575,0.24689176112935762,0.08123452341257917,-19.474076325627752
1063,212.74182788525684,0.875,0.2,0.5,0.5833333333333333,0.2689434314933217,0.40313647074775194,0.24679117575099685,0.08112892200792768,-19.474076325627752
1064,212.94196130753835,0.875,0.2,0.5,0.5833333333333333,0.26901066089682746,0.40327520565502356,0.24668854843935406,0.08102558500879314,-19.474076325627752
1065,213.14209472981986,0.875,0.2,0.5,0.5833333333333333,0.26907192778343386,0.40341949312114983,0.24658399449671217,0.08092458459870241,-19.474076325627752
1066,213.3422281521014,0.875,0.2,0.5,0.5833333333333333,0.26912722141728224,0.4035691585851794,0.24647762999244677,0.08082599000508989,-19.474076325627752
1067,213.5423615743829,0.875,0.2,0.5,0.5833333333333333,0.2691765368368387,0.40372402404005847,0.24636957163259843,0.08072986749050275,-19.474076325627752
1068,213.74249499666445,0.875,0.2,0.5,0.5833333333333333,0.26921987481175397,0.40388390821182923,0.24625993662836476,0.08063628034805034,-19.474076325627752
1069,213.94262841894596,0.875,0.2,0.5,0.5833333333333333,0.2692572418257952,0.40404862665050206,0.24614884270684692,0.08054528881685413,-19.474076325627752
1070,214.14276184122747,0.875,0.2,0.5,0.5833333333333333,0.2692886500175525,0.4042179919264732,0.2460364079591132,0.08045695009685945,-19.474076325627752
1071,214.342895263509,0.875,0.2,0.5,0.5833333333333333,0.2693141170875594,0.40439181390796475,0.24592275056415125,0.08037131844032276,-19.474076325627752
1072,214.54302868579052,0.875,0.2,0.5,0.5833333333333333,0.2693336662524773,0.4045698998905514,0.24580798874879872,0.08028844510817078,-19.474076325627752
1073,214.74316210807203,0.875,0.2,0.5,0.5833333333333333,0.2693473261748899,0.4047520547816009,0.24569224066462683,0.08020837837888056,-19.474076325627752
1074,214.94329553035357,0.875,0.2,0.5,0.5833333333333333,0.26935513088764074,0.4049380812863349,0.24557562426560775,0.08013116356041478,-19.474076325627752
1075,215.14342895263508,0.875,0.2,0.5,0.5833333333333333,0.2693571197770758,0.4051277800008234,0.2454582573360998,0.08005684288599918,-19.474076325627752
1076,215.34356237491662,0.875,0.2,0.5,0.5833333333333333,0.2693533374705746,0.4053209496393711,0.24534025730993106,0.07998545558012146,-19.474076325627752
1077,215.54369579719813,0.875,0.2,0.5,0.5833333333333333,0.26934383369989656,0.40551738729107206,0.24522174104675895,0.07991703796227066,-19.474076325627752
1078,215.74382921947964,0.875,0.2,0.5,0.5833333333333333,0.2693286632366309,0.40571688856388344,0.24510282478940965,0.07985162341007429,-19.474076325627752
1079,215.94396264176117,0.875,0.2,0.5,0.5833333333333333,0.2693078857924579,0.405919247774055,0.24498362405292892,0.07978924238055653,-19.474076325627752
1080,216.14409606404269,0.875,0.2,0.5,0.5833333333333333,0.26928156616955845,0.40612425808367103,0.24486425343600818,0.0797299223107607,-19.474076325627752
1081,216.3442294863242,0.875,0.2,0.5,0.5833333333333333,0.2692497730693414,0.4063317118213239,0.24474482702463068,0.07967368808470238,-19.474076325627752
1082,216.54436290860573,0.875,0.2,0.5,0.5833333333333333,0.2692125810675821,0.4065414003029062,0.24462545752314271,0.07962056110636728,-19.474076325627752
1083,216.74449633088724,0.875,0.2,0.5,0.5833333333333333,0.2691700686240657,0.406753114447559,0.24450625666650877,0.07957056026186494,-19.474076325627752
1084,216.94462975316878,0.875,0.2,0.5,0.5833333333333333,0.2691223186431387,0.4069666447945213,0.24438733497028545,0.0795237015920529,-19.474076325627752
1085,217.1447631754503,0.875,0.2,0.5,0.5833333333333333,0.2690694183332883,0.4071817816968947,0.24426880163988068,0.07947999832993467,-19.474076325627752
1086,217.3448965977318,0.875,0.2,0.5,0.5833333333333333,0.2690114590713772,0.40739831551124195,0.2441507644828914,0.07943946093448774,-19.474076325627752
1087,217.54503002001334,0.875,0.2,0.5,0.5833333333333333,0.2689485364241658,0.40761603664648693,0.2440333299254222,0.07940209700392334,-19.474076325627752
1088,217.74516344229485,0.875,0.2,0.5,0.5833333333333333,0.2688807498852903,0.4078347358673498,0.24391660284029434,0.07936791140706384,-19.474076325627752
1089,217.94529686457636,0.875,0.2,0.5,0.5833333333333333,0.2688082026909707,0.4080542045273556,0.24380068642730227,0.07933690635436971,-19.474076325627752
1090,218.1454302868579,0.875,0.2,0.5,0.5833333333333333,0.2687310017336161,0.4082742347142699,0.24368568215818928,0.07930908139392305,-19.474076325627752
1091,218.3455637091394,0.875,0.2,0.5,0.5833333333333333,0.2686492574268017,0.40849461943903254,0.24357168968947726,0.0792844334446868,-19.474076325627752
1092,218.54569713142095,0.875,0.2,0.5,0.5833333333333333,0.2685630836269106,0.4087151526916019,0.24345880690763808,0.07926295677384772,-19.474076325627752
1093,218.74583055370246,0.875,0.2,0.5,0.5833333333333333,0.2684725974933131,0.40893562964115726,0.243347129830718,0.07924464303480996,-19.474076325627752
1094,218.94596397598397,0.875,0.2,0.5,0.5833333333333333,0.2683779192889588,0.40915584697625884,0.24323675237079068,0.07922948136398997,-19.474076325627752
1095,219.1460973982655,0.875,0.2,0.5,0.5833333333333333,0.2682791722827458,0.4093756030059578,0.24312776633411728,0.07921745837717752,-19.474076325627752
1096,219.34623082054702,0.875,0.2,0.5,0.5833333333333333,0.2681764826170297,0.4095946978427827,0.24302026133988988,0.07920855820029611,-19.474076325627752
1097,219.54636424282853,0.875,0.2,0.5,0.5833333333333333,0.26806997908242763,0.40981293349122827,0.2429143248987834,0.07920276252755909,-19.474076325627752
1098,219.74649766511007,0.875,0.2,0.5,0.5833333333333333,0.2679597928620269,0.41003011390505895,0.24281004254424596,0.07920005068866658,-19.474076325627752
1099,219.94663108739158,0.875,0.2,0.5,0.5833333333333333,0.26784605766817265,0.410246045444776,0.2427074972870583,0.07920039959999146,-19.474076325627752
1100,220.14676450967312,0.875,0.2,0.5,0.5833333333333333,0.2677289094948333,0.41046053694323587,0.2426067697325633,0.07920378382936595,-19.474076325627752
1101,220.34689793195463,0.875,0.2,0.5,0.5833333333333333,0.26760848647310537,0.41067339987639906,0.24250793802010434,0.07921017563038958,-19.474076325627752
1102,220.54703135423614,0.875,0.2,0.5,0.5833333333333333,0.26748492868040874,0.41088444847015965,0.2424110778470605,0.07921954500236947,-19.474076325627752
1103,220.74716477651768,0.875,0.2,0.5,0.5833333333333333,0.26735837778599714,0.41109349958704305,0.24231626279024424,0.07923185983671395,-19.474076325627752
1104,220.9472981987992,0.875,0.2,0.5,0.5833333333333333,0.2672289772185304,0.4113003733149981,0.24222356367888123,0.07924708578758866,-19.474076325627752
1105,221.1474316210807,0.875,0.2,0.5,0.5833333333333333,0.2670968719364317,0.411504893021995,0.24213304868920177,0.0792651863523699,-19.474076325627752
1106,221.34756504336224,0.875,0.2,0.5,0.5833333333333333,0.2669622082598213,0.41170688549343465,0.24204478332716742,0.07928612291957497,-19.474076325627752
1107,221.54769846564375,0.875,0.2,0.5,0.5833333333333333,0.26682513371417105,0.4119061810609057,0.2419588304095653,0.07930985481535628,-19.474076325627752
1108,221.7478318879253,0.875,0.2,0.5,0.5833333333333333,0.26668579677007076,0.4121026133206923,0.24187525045168823,0.07933633945754706,-19.474076325627752
1109,221.9479653102068,0.875,0.2,0.5,0.5833333333333333,0.2665443468150291,0.4122960197685776,0.241794101146902,0.0793655322694896,-19.474076325627752
1110,222.1480987324883,0.875,0.2,0.5,0.5833333333333333,0.2664009339991681,0.41248624193665806,0.2417154373397549,0.0793973867244173,-19.474076325627752
1111,222.34823215476985,0.875,0.2,0.5,0.5833333333333333,0.2662557090632508,0.41267312546039153,0.2416393110682297,0.07943185440812633,-19.474076325627752
1112,222.54836557705136,0.875,0.2,0.5,0.5833333333333333,0.266108823188396,0.41285652022212616,0.2415657715284408,0.07946888506103542,-19.474076325627752
1113,222.74849899933287,0.875,0.2,0.5,0.5833333333333333,0.26596042786028873,0.4130362799959945,0.24149486542684567,0.07950842671686956,-19.474076325627752
1114,222.9486324216144,0.875,0.2,0.5,0.5833333333333333,0.2658106747094607,0.4132122629159527,0.24142663669274808,0.07955042568183703,-19.474076325627752
1115,223.14876584389592,0.875,0.2,0.5,0.5833333333333333,0.2656597153543479,0.41338433184828993,0.24136112626504286,0.07959482653231777,-19.474076325627752
1116,223.34889926617745,0.875,0.2,0.5,0.5833333333333333,0.26550770125656364,0.41355235434395893,0.24129837220550288,0.07964157219397303,-19.474076325627752
1117,223.54903268845896,0.875,0.2,0.5,0.5833333333333333,0.2653547835708912,0.4137162027725349,0.24123840967091298,0.07969060398565937,-19.474076325627752
1118,223.74916611074048,0.875,0.2,0.5,0.5833333333333333,0.2652011131083003,0.4138757539481994,0.24118127119345056,0.07974186175004819,-19.474076325627752
1119,223.949299533022,0.875,0.2,0.5,0.5833333333333333,0.2650468401949615,0.41403088922315234,0.241126986677424,0.0797952839044606,-19.474076325627752
1120,224.14943295530352,0.875,0.2,0.5,0.5833333333333333,0.26489211434614374,0.41418149541301674,0.24107558289114672,0.07985080734969115,-19.474076325627752
1121,224.34956637758503,0.875,0.2,0.5,0.5833333333333333,0.2647370842115669,0.4143274645022117,0.24102708369914322,0.07990836758707658,-19.474076325627752
1122,224.54969979986657,0.875,0.2,0.5,0.5833333333333333,0.2645818974294534,0.4144686937596674,0.2409815100453537,0.07996789876552379,-19.474076325627752
1123,224.74983322214808,0.875,0.2,0.5,0.5833333333333333,0.26442670048029326,0.4146050858558335,0.24093887993555427,0.08002933372831728,-19.474076325627752
1124,224.94996664442962,0.875,0.2,0.5,0.5833333333333333,0.26427163878020454,0.4147365481929789,0.2408992088353217,0.08009260419149314,-19.474076325627752
1125,225.15010006671113,0.875,0.2,0.5,0.5833333333333333,0.2641168566321154,0.4148629927023341,0.24086250982140903,0.08015764084413973,-19.474076325627752
1126,225.35023348899264,0.875,0.2,0.5,0.5833333333333333,0.2639624965993561,0.4149843375377279,0.24082879273137947,0.0802243731315349,-19.474076325627752
1127,225.55036691127418,0.875,0.2,0.5,0.5833333333333333,0.26380869959955805,0.4151005064041214,0.24079806456250386,0.08029272943381506,-19.474076325627752
1128,225.7505003335557,0.875,0.2,0.5,0.5833333333333333,0.2636556047703507,0.4152114286354366,0.24077032947487603,0.08036263711933503,-19.474076325627752
1129,225.9506337558372,0.875,0.2,0.5,0.5833333333333333,0.2635033493322209,0.41531703928170105,0.24074558878960675,0.08043402259646965,-19.474076325627752
1130,226.15076717811874,0.875,0.2,0.5,0.5833333333333333,0.26335206875931266,0.4154172784704469,0.2407238412941415,0.08050681147609733,-19.474076325627752
1131,226.35090060040025,0.875,0.2,0.5,0.5833333333333333,0.26320189688491447,0.41551209092203656,0.24070508348243896,0.08058092871060843,-19.474076325627752
1132,226.5510340226818,0.875,0.2,0.5,0.5833333333333333,0.2630529649913167,0.41560142785859844,0.24068930878221345,0.08065629836786983,-19.474076325627752
1133,226.7511674449633,0.875,0.2,0.5,0.5833333333333333,0.2629054020319976,0.4156852462443205,0.24067650791150252,0.08073284381217782,-19.474076325627752
1134,226.9513008672448,0.875,0.2,0.5,0.5833333333333333,0.26275933451728295,0.41576350881885915,0.24066666889960128,0.08081048776425503,-19.474076325627752
1135,227.15143428952635,0.875,0.2,0.5,0.5833333333333333,0.2626148863906032,0.41583618415290996,0.24065977709861808,0.08088915235786723,-19.474076325627752
1136,227.35156771180786,0.875,0.2,0.5,0.5833333333333333,0.26247217923355814,0.4159032460214076,0.24065581544922612,0.0809687592958066,-19.474076325627752
1137,227.55170113408937,0.875,0.2,0.5,0.5833333333333333,0.2623313325491938,0.41596467261441483,0.24065476480687928,0.08104923002951056,-19.474076325627752
1138,227.7518345563709,0.875,0.2,0.5,0.5833333333333333,0.2621924626223886,0.41602044870091154,0.24065660316801665,0.08113048550868167,-19.474076325627752
1139,227.95196797865242,0.875,0.2,0.5,0.5833333333333333,0.2620556828352935,0.4160705647729355,0.24066130602114325,0.08121244637062619,-19.474076325627752
1140,228.15210140093396,0.875,0.2,0.5,0.5833333333333333,0.26192110358064,0.4161150170242607,0.24066884638702957,0.08129503300806822,-19.474076325627752
1141,228.35223482321547,0.875,0.2,0.5,0.5833333333333333,0.2617888321545317,0.41615380737165353,0.24067919484305011,0.08137816563076318,-19.474076325627752
1142,228.55236824549698,0.875,0.2,0.5,0.5833333333333333,0.26165897297066576,0.4161869428878048,0.24069231974244248,0.08146176439908548,-19.474076325627752
1143,228.75250166777852,0.875,0.2,0.5,0.5833333333333333,0.26153162802386554,0.4162144347779401,0.2407081875847524,0.08154574961344042,-19.474076325627752
1144,228.95263509006003,0.875,0.2,0.5,0.5833333333333333,0.2614068955745632,0.41623630061268335,0.2407267623074343,0.08163004150531765,-19.474076325627752
1145,229.15276851234154,0.875,0.2,0.5,0.5833333333333333,0.26128487052539806,0.41625256346378503,0.24074800560357806,0.0817145604072374,-19.474076325627752
1146,229.35290193462308,0.875,0.2,0.5,0.5833333333333333,0.261165644369164,0.4162632518244249,0.24077187697969507,0.08179922682671455,-19.474076325627752
1147,229.5530353569046,0.875,0.2,0.5,0.5833333333333333,0.2610493051004668,0.4162683995959377,0.24079833379149732,0.08188396151209673,-19.474076325627752
1148,229.75316877918613,0.875,0.2,0.5,0.5833333333333333,0.26093593754159,0.4162680453972631,0.2408273314821657,0.08196868557897975,-19.474076325627752
1149,229.95330220146764,0.875,0.2,0.5,0.5833333333333333,0.2608256234377044,0.416262232251544,0.24085882370786038,0.0820533206028898,-19.474076325627752
1150,230.15343562374915,0.875,0.2,0.5,0.5833333333333333,0.26071844100171065,0.416251008172633,0.24089276219417913,0.08213778863147578,-19.474076325627752
1151,230.35356904603069,0.875,0.2,0.5,0.5833333333333333,0.26061446447390946,0.4162344267273547,0.24092909659986456,0.08222201219886982,-19.474076325627752
1152,230.5537024683122,0.875,0.2,0.5,0.5833333333333333,0.26051376441835633,0.4162125463932096,0.24096777474064585,0.08230591444778683,-19.474076325627752
1153,230.75383589059373,0.875,0.2,0.5,0.5833333333333333,0.26041640764538143,0.4161854305273377,0.24100874263032812,0.0823894191969513,-19.474076325627752
1154,230.95396931287524,0.875,0.2,0.5,0.5833333333333333,0.2603224574272923,0.4161531469147154,0.24105194464035914,0.0824724510176317,-19.474076325627752
1155,231.15410273515675,0.875,0.2,0.5,0.5833333333333333,0.2602319743186254,0.41611576644945303,0.24109732390338784,0.08255493532853234,-19.474076325627752
1156,231.3542361574383,0.875,0.2,0.5,0.5833333333333333,0.2601450144808821,0.4160733653910073,0.24114482171115537,0.08263679841695377,-19.474076325627752
1157,231.5543695797198,0.875,0.2,0.5,0.5833333333333333,0.26006163019395917,0.4160260244865789,0.2411943777941522,0.0827179675253083,-19.474076325627752
1158,231.75450300200131,0.875,0.2,0.5,0.5833333333333333,0.2599818699183637,0.41597382873645783,0.24124593042048667,0.08279837092469033,-19.474076325627752
1159,231.95463642428285,0.875,0.2,0.5,0.5833333333333333,0.2599057782715662,0.4159168672817023,0.2412994164604353,0.08287793798629477,-19.474076325627752
1160,232.15476984656436,0.875,0.2,0.5,0.5833333333333333,0.25983339600954225,0.41585523328369023,0.2413547714533778,0.0829565992533883,-19.474076325627752
1161,232.3549032688459,0.875,0.2,0.5,0.5833333333333333,0.2597647600135019,0.4157890237955456,0.2414119296771173,0.08303428651383372,-19.474076325627752
1162,232.5550366911274,0.875,0.2,0.5,0.5833333333333333,0.2596999035802601,0.41571833938073127,0.24147082425408184,0.08311093278492526,-19.474076325627752
1163,232.75517011340892,0.875,0.2,0.5,0.5833333333333333,0.2596388568306897,0.415643283630951,0.24153138727295997,0.08318647226539785,-19.474076325627752
1164,232.95530353569046,0.875,0.2,0.5,0.5833333333333333,0.25958164568565295,0.41556396385473315,0.24159354974654282,0.08326084071306968,-19.474076325627752
1165,233.15543695797197,0.875,0.2,0.5,0.5833333333333333,0.2595282923286082,0.41548049054318714,0.2416572417431892,0.08333397538501403,-19.474076325627752
1166,233.35557038025348,0.875,0.2,0.5,0.5833333333333333,0.2594788152658904,0.41539297716176327,0.24172239247357322,0.08340581509877175,-19.474076325627752
1167,233.55570380253502,0.875,0.2,0.5,0.5833333333333333,0.25943322936729313,0.4153015399542908,0.24178893037693988,0.08347630030147478,-19.474076325627752
1168,233.75583722481653,0.875,0.2,0.5,0.5833333333333333,0.25939154591303676,0.41520629773790935,0.24185678320988413,0.08354537313916843,-19.474076325627752
1169,233.95597064709807,0.875,0.2,0.5,0.5833333333333333,0.2593537726471209,0.41510737168889167,0.2419258781376531,0.083612977526333,-19.474076325627752
1170,234.15610406937958,0.875,0.2,0.5,0.5833333333333333,0.2593199130506802,0.4150048867433411,0.2419961413727293,0.08367905883324807,-19.474076325627752
1171,234.3562374916611,0.875,0.2,0.5,0.5833333333333333,0.25928996615999444,0.4148989718771852,0.24206749812754483,0.08374356383527415,-19.474076325627752
1172,234.55637091394263,0.875,0.2,0.5,0.5833333333333333,0.25926392821387695,0.414789756612349,0.24213987362506179,0.0838064415487109,-19.474076325627752
1173,234.75650433622414,0.875,0.2,0.5,0.5833333333333333,0.2592417918919714,0.4146773725020893,0.2422131927135397,0.08386764289239824,-19.474076325627752
1174,234.95663775850565,0.875,0.2,0.5,0.5833333333333333,0.2592235463501746,0.4145619529742406,0.24228737994159188,0.08392712073399158,-19.474076325627752
1175,235.1567711807872,0.875,0.2,0.5,0.5833333333333333,0.25920917726995457,0.41444363314984434,0.2423623596401122,0.08398482994008749,-19.474076325627752
1176,235.3569046030687,0.875,0.2,0.5,0.5833333333333333,0.25919866691183924,0.4143225496572449,0.24243805600544308,0.08404072742547136,-19.474076325627752
1177,235.55703802535024,0.875,0.2,0.5,0.5833333333333333,0.2591919941727968,0.41419884044237054,0.24251439318354703,0.08409477220128422,-19.474076325627752
1178,235.75717144763175,0.875,0.2,0.5,0.5833333333333333,0.259189134189723,0.41407264575745545,0.24259129496486662,0.0841469250879535,-19.474076325627752
1179,235.95730486991326,0.875,0.2,0.5,0.5833333333333333,0.2591900585889302,0.41394410748766447,0.2426686850276613,0.08419714889574259,-19.474076325627752
1180,236.1574382921948,0.875,0.2,0.5,0.5833333333333333,0.259194736001491,0.4138133677973705,0.24274648740570154,0.08424540879543552,-19.474076325627752
1181,236.3575717144763,0.875,0.2,0.5,0.5833333333333333,0.2592031318318717,0.41368056971108874,0.24282462631699037,0.0842916721400477,-19.474076325627752
1182,236.55770513675782,0.875,0.2,0.5,0.5833333333333333,0.259215208319044,0.4135458569453058,0.24290302623954282,0.08433590849610592,-19.474076325627752
1183,236.75783855903936,0.875,0.2,0.5,0.5833333333333333,0.2592309246008147,0.41340937373823544,0.2429816119875936,0.08437808967335476,-19.474076325627752
1184,236.95797198132087,0.875,0.2,0.5,0.5833333333333333,0.25925023678137293,0.41327126467750275,0.24306030878823334,0.08441818975288945,-19.474076325627752
1185,237.1581054036024,0.875,0.2,0.5,0.5833333333333333,0.2592730979991589,0.4131316745431862,0.24313904235014872,0.08445618510750467,-19.474076325627752
1186,237.35823882588392,0.875,0.2,0.5,0.5833333333333333,0.25929945834090357,0.4129907490942081,0.24321773848127148,0.08449205408361544,-19.474076325627752
1187,237.55837224816543,0.875,0.2,0.5,0.5833333333333333,0.259329265050788,0.4128486340954047,0.24329632354609246,0.08452577730771338,-19.474076325627752
1188,237.75850567044697,0.875,0.2,0.5,0.5833333333333333,0.25936246267013413,0.412705474780091,0.24337472471442884,0.08455733783534458,-19.474076325627752
1189,237.95863909272848,0.875,0.2,0.5,0.5833333333333333,0.2593989930527248,0.4125614160786332,0.24345286984379513,0.08458672102484549,-19.474076325627752
1190,238.15877251500999,0.875,0.2,0.5,0.5833333333333333,0.25943879544658405,0.4124166024642287,0.2435306875440294,0.08461391454515654,-19.474076325627752
1191,238.35890593729152,0.875,0.2,0.5,0.5833333333333333,0.25948180657869924,0.41227117779827327,0.24360810724155538,0.08463890838147078,-19.474076325627752
1192,238.55903935957303,0.875,0.2,0.5,0.5833333333333333,0.2595279607426847,0.41212528517531655,0.24368505924327993,0.08466169483871752,-19.474076325627752
1193,238.75917278185457,0.875,0.2,0.5,0.5833333333333333,0.25957718986199557,0.41197906681082247,0.24376147480221283,0.08468226852496784,-19.474076325627752
1194,238.95930620413608,0.875,0.2,0.5,0.5833333333333333,0.25962942310740744,0.41183266463644563,0.2438372862168918,0.0847006260392538,-19.474076325627752
1195,239.1594396264176,0.875,0.2,0.5,0.5833333333333333,0.25968458752284385,0.41168621930855137,0.24391242685387418,0.08471676631472926,-19.474076325627752
1196,239.35957304869913,0.875,0.2,0.5,0.5833333333333333,0.2597426081263154,0.41153987004914083,0.2439868312100624,0.08473069061448,-19.474076325627752
1197,239.55970647098064,0.875,0.2,0.5,0.5833333333333333,0.2598034078730743,0.41139375470840356,0.24406043498538263,0.08474240243313806,-19.474076325627752
1198,239.75983989326215,0.875,0.2,0.5,0.5833333333333333,0.25986690774685284,0.41124800962940666,0.24413317514556873,0.08475190747817032,-19.474076325627752
1199,239.9599733155437,0.875,0.2,0.5,0.5833333333333333,0.2599330268532837,0.41110276951356983,0.24420498998463946,0.0847592136485055,-19.474076325627752
1200,240.1601067378252,0.875,0.2,0.5,0.5833333333333333,0.2600016825155027,0.4109581672869273,0.24427581918706934,0.08476433101049913,-19.474076325627752
1201,240.36024016010674,0.875,0.2,0.5,0.5833333333333333,0.2600727903415723,0.4108143340672119,0.24434560382365453,0.08476727176755965,-19.474076325627752
1202,240.56037358238825,0.875,0.2,0.5,0.5833333333333333,0.2601462640844922,0.410671399822323,0.24441428589145514,0.08476805020172809,-19.474076325627752
1203,240.76050700466976,0.875,0.2,0.5,0.5833333333333333,0.2602220160717764,0.4105294921600982,0.24448180908681036,0.08476668268131346,-19.474076325627752
1204,240.9606404269513,0.875,0.2,0.5,0.5833333333333333,0.2602999572442852,0.4103887364135327,0.2445481187239028,0.08476318761827777,-19.474076325627752
1205,241.1607738492328,0.875,0.2,0.5,0.5833333333333333,0.2603799972128968,0.4102492556751926,0.24461316168705344,0.08475758542485559,-19.474076325627752
1206,241.36090727151432,0.875,0.2,0.5,0.5833333333333333,0.2604620443599409,0.41011117069211955,0.2446768864752692,0.08474989847266876,-19.474076325627752
1207,241.56104069379586,0.875,0.2,0.5,0.5833333333333333,0.2605460059424247,0.40997459976280365,0.24473924324563812,0.08474015104913202,-19.474076325627752
1208,241.76117411607737,0.875,0.2,0.5,0.5833333333333333,0.26063178819705163,0.4098396586362245,0.24480018385557253,0.08472836931114983,-19.474076325627752
1209,241.9613075383589,0.875,0.2,0.5,0.5833333333333333,0.26071929637463453,0.40970646050737747,0.2448596618431937,0.0847145812747928,-19.474076325627752
1210,242.16144096064042,0.875,0.2,0.5,0.5833333333333333,0.2608084345612466,0.40957511629532267,0.24491763222624344,0.08469881691718581,-19.474076325627752
1211,242.36157438292193,0.875,0.2,0.5,0.5833333333333333,0.26089910626606216,0.40944573392579214,0.24497405194120175,0.08468110786694247,-19.474076325627752
1212,242.56170780520347,0.875,0.2,0.5,0.5833333333333333,0.26099121437964395,0.4093184184392116,0.245028879751874,0.08466148742926904,-19.474076325627752
1213,242.76184122748498,0.875,0.2,0.5,0.5833333333333333,0.2610846612441678,0.4091932719571488,0.24508207624918182,0.08463999054950026,-19.474076325627752
1214,242.9619746497665,0.875,0.2,0.5,0.5833333333333333,0.261179348759305,0.4090703936066674,0.24513360387819647,0.08461665375582973,-19.474076325627752
1215,243.16210807204803,0.875,0.2,0.5,0.5833333333333333,0.26127517848937115,0.4089498794474361,0.24518342696357853,0.08459151509961287,-19.474076325627752
1216,243.36224149432954,0.875,0.2,0.5,0.5833333333333333,0.26137205177174117,0.4088318224015914,0.24523151173342414,0.08456461409324198,-19.474076325627752
1217,243.56237491661108,0.875,0.2,0.5,0.5833333333333333,0.2614698695979825,0.4087163123506595,0.24527782633424397,0.0845359917171126,-19.474076325627752
1218,243.7625083388926,0.875,0.2,0.5,0.5833333333333333,0.2615685322899335,0.4086034363835577,0.24532234083778215,0.08450569048872526,-19.474076325627752
1219,243.9626417611741,0.875,0.2,0.5,0.5833333333333333,0.2616679405518508,0.408493278059003,0.2453650272899961,0.08447375409914867,-19.474076325627752
1220,244.16277518345564,0.875,0.2,0.5,0.5833333333333333,0.2617679951957584,0.40838591762542326,0.24540585971617604,0.08444022746264086,-19.474076325627752
1221,244.36290860573715,0.875,0.2,0.5,0.5833333333333333,0.26186859720403094,0.40828143200209477,0.24544481413516317,0.08440515665870964,-19.474076325627752
1222,244.56304202801866,0.875,0.2,0.5,0.5833333333333333,0.26196964782535237,0.40817989473995187,0.2454818685729965,0.08436858886169775,-19.474076325627752
1223,244.7631754503002,0.875,0.2,0.5,0.5833333333333333,0.2620710486708821,0.40808137598591226,0.24551700307493227,0.08433057226827183,-19.474076325627752
1224,244.9633088725817,0.875,0.2,0.5,0.5833333333333333,0.2621727018106284,0.4079859424507189,0.24555019971583605,0.08429115602281512,-19.474076325627752
1225,245.16344229486324,0.875,0.2,0.5,0.5833333333333333,0.2622745097896571,0.40789365679025436,0.24558144281324132,0.08425039060684565,-19.474076325627752
1226,245.36357571714476,0.875,0.2,0.5,0.5833333333333333,0.2623763755814563,0.40780458024557975,0.24561071724736044,0.08420832692560187,-19.474076325627752
1227,245.56370913942627,0.875,0.2,0.5,0.5833333333333333,0.26247820306705016,0.4077187679172259,0.2456380116390719,0.08416501737665048,-19.474076325627752
1228,245.7638425617078,0.875,0.2,0.5,0.5833333333333333,0.2625798968970045,0.4076362725986685,0.2456633158734992,0.08412051463082625,-19.474076325627752
1229,245.96397598398931,0.875,0.2,0.5,0.5833333333333333,0.26268136261815245,0.40755714348982774,0.24568662184837112,0.08407487204364719,-19.474076325627752
1230,246.16410940627082,0.875,0.2,0.5,0.5833333333333333,0.2627825067648101,0.40748142620118744,0.24570792345661152,0.08402814357738944,-19.474076325627752
1231,246.36424282855236,0.875,0.2,0.5,0.5833333333333333,0.2628832369499925,0.4074091627579144,0.24572721656892949,0.08398038372316215,-19.474076325627752
1232,246.56437625083387,0.875,0.2,0.5,0.5833333333333333,0.2629834619566296,0.4073403916039775,0.24574449901640913,0.08393164742298234,-19.474076325627752
1233,246.7645096731154,0.875,0.2,0.5,0.5833333333333333,0.2630830915786316,0.4072751476272163,0.24575977054206308,0.08388199025208767,-19.474076325627752
1234,246.96464309539692,0.875,0.2,0.5,0.5833333333333333,0.26318203672105955,0.40721346216271,0.24577303278453339,0.08383146833169569,-19.474076325627752
1235,247.16477651767843,0.875,0.2,0.5,0.5833333333333333,0.2632802098229702,0.4071553629691244,0.24578428930182733,0.08378013790607668,-19.474076325627752
1236,247.36490993995997,0.875,0.2,0.5,0.5833333333333333,0.26337752476192866,0.40710087424846675,0.24579354553074292,0.08372805545886032,-19.474076325627752
1237,247.56504336224148,0.875,0.2,0.5,0.5833333333333333,0.26347389693599554,0.4070500166509776,0.24580080876831364,0.08367527764471189,-19.474076325627752
1238,247.765176784523,0.875,0.2,0.5,0.5833333333333333,0.2635692433303005,0.40700280728614624,0.24580608815767926,0.08362186122587263,-19.474076325627752
1239,247.96531020680453,0.875,0.2,0.5,0.5833333333333333,0.26366348221553204,0.4069592598791686,0.24580939477862876,0.08356786312666929,-19.474076325627752
1240,248.16544362908604,0.875,0.2,0.5,0.5833333333333333,0.2637565335798966,0.4069193846375854,0.24581074152956617,0.08351334025295051,-19.474076325627752
1241,248.36557705136758,0.875,0.2,0.5,0.5833333333333333,0.26384831927218955,0.4068831882320707,0.24581014309162802,0.08345834940411043,-19.474076325627752
1242,248.5657104736491,0.875,0.2,0.5,0.5833333333333333,0.2639387629673276,0.4068506738473718,0.245807615943287,0.08340294724201232,-19.474076325627752
1243,248.7658438959306,0.875,0.2,0.5,0.5833333333333333,0.2640277902387691,0.406821841191014,0.24580317834456028,0.08334719022565534,-19.474076325627752
1244,248.96597731821214,0.875,0.2,0.5,0.5833333333333333,0.26411532858226044,0.4067966865853406,0.24579685023111011,0.08329113460128751,-19.474076325627752
1245,249.16611074049365,0.875,0.2,0.5,0.5833333333333333,0.26420130723861773,0.4067752034036277,0.24578865273630715,0.08323483662144616,-19.474076325627752
1246,249.36624416277516,0.875,0.2,0.5,0.5833333333333333,0.2642856576209734,0.40675738147128504,0.2457786088323133,0.08317835207542697,-19.474076325627752
1247,249.5663775850567,0.875,0.2,0.5,0.5833333333333333,0.26436831329469834,0.406743207232929,0.24576674314305202,0.08312173632931938,-19.474076325627752
1248,249.7665110073382,0.875,0.2,0.5,0.5833333333333333,0.2644492100127204,0.4067326638246091,0.24575308185973221,0.08306504430293704,-19.474076325627752
1249,249.96664442961975,0.875,0.2,0.5,0.5833333333333333,0.2645282857813704,0.4067257310937692,0.24573765271288528,0.0830083304119739,-19.474076325627752
1250,250.16677785190126,0.875,0.2,0.5,0.5833333333333333,0.26460548066765266,0.4067223859036188,0.2457204848268998,0.08295164860182751,-19.474076325627752
1251,250.36691127418277,0.875,0.2,0.5,0.5833333333333333,0.26468073658487495,0.40672260246130804,0.24570160856472137,0.08289505238909446,-19.474076325627752
1252,250.5670446964643,0.875,0.2,0.5,0.5833333333333333,0.26475399808009303,0.4067263515441917,0.2456810558278013,0.08283859454791276,-19.474076325627752
1253,250.76717811874582,0.875,0.2,0.5,0.5833333333333333,0.2648252120805896,0.4067336008710669,0.24565885988300556,0.08278232716533662,-19.474076325627752
1254,250.96731154102733,0.875,0.2,0.5,0.5833333333333333,0.26489432793368506,0.4067443151507707,0.2456350553228208,0.08272630159272218,-19.474076325627752
1255,251.16744496330887,0.875,0.2,0.5,0.5833333333333333,0.2649612974557728,0.40675845612028944,0.2456096780298271,0.08267056839410929,-19.474076325627752
1256,251.36757838559038,0.875,0.2,0.5,0.5833333333333333,0.2650260744936151,0.4067759830538205,0.2455827649338879,0.08261517751867517,-19.474076325627752
1257,251.56771180787192,0.875,0.2,0.5,0.5833333333333333,0.26508861521562893,0.40679685256696985,0.24555435407957568,0.08256017813782421,-19.474076325627752
1258,251.76784523015343,0.875,0.2,0.5,0.5833333333333333,0.2651488785090334,0.4068210183187329,0.24552448473858776,0.08250561843364454,-19.474076325627752
1259,251.96797865243494,0.875,0.2,0.5,0.5833333333333333,0.26520682578346966,0.40684843128657266,0.24549319726992055,0.08245154566003567,-19.474076325627752
1260,252.16811207471648,0.875,0.2,0.5,0.5833333333333333,0.2652624210080032,0.4068790398161485,0.24546053307922835,0.08239800609661854,-19.474076325627752
1261,252.368245496998,0.875,0.2,0.5,0.5833333333333333,0.2653156307067316,0.4069127897062339,0.24542653455689878,0.0823450450301343,-19.474076325627752
1262,252.5683789192795,0.875,0.2,0.5,0.5833333333333333,0.26536642348711936,0.40694962469085916,0.245391244775874,0.08229270704614595,-19.474076325627752
1263,252.76851234156103,0.875,0.2,0.5,0.5833333333333333,0.265414770642504,0.40698948600831103,0.2453547077417701,0.08224103560741336,-19.474076325627752
1264,252.96864576384255,0.875,0.2,0.5,0.5833333333333333,0.2654606461529762,0.40703231248156846,0.24531696833366304,0.08219007303179081,-19.474076325627752
1265,253.16877918612408,0.875,0.2,0.5,0.5833333333333333,0.26550402660661204,0.40707804066644687,0.24527807220392306,0.08213986052301654,-19.474076325627752
1266,253.3689126084056,0.875,0.2,0.5,0.5833333333333333,0.26554489122401065,0.40712660491192304,0.2452380657311645,0.0820904381329003,-19.474076325627752
1267,253.5690460306871,0.875,0.2,0.5,0.5833333333333333,0.26558322168447795,0.4071779375461072,0.2451969959416201,0.08204184482779323,-19.474076325627752
1268,253.76917945296864,0.875,0.2,0.5,0.5833333333333333,0.2656190015919421,0.4072319692904263,0.24515491037316448,0.08199411874446548,-19.474076325627752
1269,253.96931287525015,0.875,0.2,0.5,0.5833333333333333,0.26565221753535767,0.4072886286637814,0.24511185719316245,0.08194729660769695,-19.474076325627752
1270,254.16944629753166,0.875,0.2,0.5,0.5833333333333333,0.2656828587486666,0.40734784227381265,0.24506788509338218,0.08190141388413702,-19.474076325627752
1271,254.3695797198132,0.875,0.2,0.5,0.5833333333333333,0.26571091707079236,0.40740953491811005,0.24502304323267068,0.08185650477842539,-19.474076325627752
1272,254.5697131420947,0.875,0.2,0.5,0.5833333333333333,0.2657363869582134,0.40747362965211664,0.2449773811879991,0.08181260220166936,-19.474076325627752
1273,254.76984656437625,0.875,0.2,0.5,0.5833333333333333,0.26575926549705614,0.40754004785729514,0.24493094890545378,0.08176973774019351,-19.474076325627752
1274,254.96997998665776,0.875,0.2,0.5,0.5833333333333333,0.2657795516165882,0.4076087097456633,0.24488379656101827,0.08172794207672875,-19.474076325627752
1275,255.17011340893927,0.875,0.2,0.5,0.5833333333333333,0.2657972464089008,0.4076795342598882,0.24483597454630945,0.0816872447849002,-19.474076325627752
1276,255.3702468312208,0.875,0.2,0.5,0.5833333333333333,0.26581235393877545,0.4077524387055338,0.2447875335096843,0.08164767384600508,-19.474076325627752
1277,255.57038025350232,0.875,0.2,0.5,0.5833333333333333,0.2658248807426582,0.40782733909960533,0.2447385242492697,0.0816092559084654,-19.474076325627752
1278,255.77051367578383,0.875,0.2,0.5,0.5833333333333333,0.2658348358237565,0.40790415024800214,0.2446889976620335,0.08157201626620653,-19.474076325627752
1279,255.97064709806537,0.875,0.2,0.5,0.5833333333333333,0.2658422306471364,0.40798278582297076,0.24463900469285593,0.08153597883703555,-19.474076325627752
1280,256.1707805203469,0.875,0.2,0.5,0.5833333333333333,0.2658470790358838,0.40806315847543884,0.24458859628756086,0.08150116620111517,-19.474076325627752
1281,256.3709139426284,0.875,0.2,0.5,0.5833333333333333,0.26584939629418547,0.40814518021990326,0.24453782337689178,0.08146760010901814,-19.474076325627752
1282,256.57104736490993,0.875,0.2,0.5,0.5833333333333333,0.26584920035130877,0.4082287621068369,0.24448673677959615,0.08143530076225688,-19.474076325627752
1283,256.77118078719144,0.875,0.2,0.5,0.5833333333333333,0.2658465115745703,0.40831381436435227,0.2444353871587867,0.08140428690228939,-19.474076325627752
1284,256.97131420947295,0.875,0.2,0.5,0.5833333333333333,0.26584135258753633,0.40840024653802104,0.24438382497809358,0.08137457589634776,-19.474076325627752
1285,257.1714476317545,0.875,0.2,0.5,0.5833333333333333,0.2658337482504364,0.40848796757350353,0.24433210045132314,0.08134618372473561,-19.474076325627752
1286,257.371581054036,0.875,0.2,0.5,0.5833333333333333,0.2658237256405774,0.40857688589917884,0.24428026349211715,0.08131912496812535,-19.474076325627752
1287,257.57171447631754,0.875,0.2,0.5,0.5833333333333333,0.26581131365329314,0.4086669095898295,0.24422836374121845,0.08129341301565761,-19.474076325627752
1288,257.77184789859905,0.875,0.2,0.5,0.5833333333333333,0.2657965426125317,0.408757946528268,0.24417645059176593,0.08126906026743301,-19.474076325627752
1289,257.97198132088056,0.875,0.2,0.5,0.5833333333333333,0.26577944535193987,0.4088499042528587,0.2441245729138476,0.08124607748135254,-19.474076325627752
1290,258.1721147431621,0.875,0.2,0.5,0.5833333333333333,0.26576005669797714,0.40894269014637274,0.2440727791058657,0.08122447404978309,-19.474076325627752
1291,258.37224816544364,0.875,0.2,0.5,0.5833333333333333,0.26573841341747534,0.40903621152563596,0.2440211170509153,0.08120425800597215,-19.474076325627752
1292,258.57238158772515,0.875,0.2,0.5,0.5833333333333333,0.2657145541839995,0.4091303757271601,0.243969634069317,0.08118543601952218,-19.474076325627752
1293,258.77251501000666,0.875,0.2,0.5,0.5833333333333333,0.26568851952860784,0.4092250901922126,0.24391837687730897,0.08116801340186931,-19.474076325627752
1294,258.97264843228817,0.875,0.2,0.5,0.5833333333333333,0.26566035116791076,0.4093202625294521,0.2438673917915621,0.08115199451107379,-19.474076325627752
1295,259.1727818545697,0.875,0.2,0.5,0.5833333333333333,0.2656300925324965,0.409415800620809,0.24381672445982705,0.08113738238686613,-19.474076325627752
1296,259.37291527685124,0.875,0.2,0.5,0.5833333333333333,0.26559778892789815,0.4095116127141286,0.2437664197366429,0.081124178621329,-19.474076325627752
1297,259.57304869913276,0.875,0.2,0.5,0.5833333333333333,0.2655634872616538,0.40960760750018077,0.2437165217303389,0.08111238350782517,-19.474076325627752
1298,259.77318212141427,0.875,0.2,0.5,0.5833333333333333,0.26552723599839295,0.4097036941978857,0.2436670737600182,0.0811019960437018,-19.474076325627752
1299,259.9733155436958,0.875,0.2,0.5,0.5833333333333333,0.26548908511492303,0.4097997826395391,0.24361811831254188,0.08109301393299466,-19.474076325627752
1300,260.1734489659773,0.875,0.2,0.5,0.5833333333333333,0.2654490859327619,0.4098957833134857,0.24356969707809792,0.08108543367565312,-19.474076325627752
1301,260.37358238825885,0.875,0.2,0.5,0.5833333333333333,0.2654072906055451,0.40999160728696304,0.24352185120707412,0.08107925090041643,-19.474076325627752
1302,260.57371581054036,0.875,0.2,0.5,0.5833333333333333,0.2653637528574484,0.41008716656330674,0.24347462076474488,0.08107445981449868,-19.474076325627752
1303,260.7738492328219,0.875,0.2,0.5,0.5833333333333333,0.26531852769425557,0.41018237408245084,0.24342804484472688,0.08107105337856545,-19.474076325627752
1304,260.9739826551034,0.875,0.2,0.5,0.5833333333333333,0.2652716712961548,0.41027714378452573,0.2433821615659049,0.08106902335341332,-19.474076325627752
1305,261.1741160773849,0.875,0.2,0.5,0.5833333333333333,0.26522324096376804,0.4103713906919384,0.2433370080352236,0.08106836030906873,-19.474076325627752
1306,261.37424949966646,0.875,0.2,0.5,0.5833333333333333,0.2651732950641792,0.410465030991453,0.2432926203104797,0.08106905363388688,-19.474076325627752
1307,261.574382921948,0.875,0.2,0.5,0.5833333333333333,0.2651218926700069,0.41055798180149183,0.24324903371362538,0.08107109181487465,-19.474076325627752
1308,261.7745163442295,0.875,0.2,0.5,0.5833333333333333,0.2650690935766645,0.41065016132726345,0.24320628271222097,0.0810744623838498,-19.474076325627752
1309,261.974649766511,0.875,0.2,0.5,0.5833333333333333,0.2650149586796564,0.41074148938510036,0.2431644003897662,0.08107915154547578,-19.474076325627752
1310,262.1747831887925,0.875,0.2,0.5,0.5833333333333333,0.2649595496622225,0.4108318872195707,0.24312341870353898,0.08108514441466648,-19.474076325627752
1311,262.374916611074,0.875,0.2,0.5,0.5833333333333333,0.2649029289365331,0.41092127758060154,0.24308336845290746,0.08109242502995656,-19.474076325627752
1312,262.5750500333556,0.875,0.2,0.5,0.5833333333333333,0.26484515958515725,0.411009584800883,0.2430442792473289,0.08110097636662947,-19.474076325627752
1313,262.7751834556371,0.875,0.2,0.5,0.5833333333333333,0.2647863053025319,0.41109673487327236,0.24300617947434894,0.08111078034984548,-19.474076325627752
1314,262.9753168779186,0.875,0.2,0.5,0.5833333333333333,0.26472643033548526,0.4111826555263262,0.24296909626930557,0.08112181786888166,-19.474076325627752
1315,263.1754503002001,0.875,0.2,0.5,0.5833333333333333,0.2646655990092439,0.41126727547862746,0.2429330562330487,0.08113406927907865,-19.474076325627752
1316,263.3755837224816,0.875,0.2,0.5,0.5833333333333333,0.2646038759189893,0.41135052501164165,0.24289808494864404,0.08114751412072374,-19.474076325627752
1317,263.5757171447632,0.875,0.2,0.5,0.5833333333333333,0.2645413262191309,0.41143233673616186,0.24286420632174255,0.0811621307229634,-19.474076325627752
1318,263.7758505670447,0.875,0.2,0.5,0.5833333333333333,0.264478015310744,0.4115126451664485,0.24283144300699036,0.08117789651581596,-19.474076325627752
1319,263.9759839893262,0.875,0.2,0.5,0.5833333333333333,0.264414008777829,0.41159138678731294,0.24279981638542805,0.08119478804942878,-19.474076325627752
1320,264.1761174116077,0.875,0.2,0.5,0.5833333333333333,0.26434937232357114,0.4116685001212022,0.24276934654189017,0.0812127810133353,-19.474076325627752
1321,264.37625083388923,0.875,0.2,0.5,0.5833333333333333,0.2642841717065997,0.4117439257952824,0.24274005224240458,0.08123185025571218,-19.474076325627752
1322,264.5763842561708,0.875,0.2,0.5,0.5833333333333333,0.264218472677262,0.4118176065917366,0.24271195092279918,0.08125196980820104,-19.474076325627752
1323,264.7765176784523,0.875,0.2,0.5,0.5833333333333333,0.26415234091494094,0.4118894862892977,0.24268505948433344,0.08127311331142673,-19.474076325627752
1324,264.9766511007338,0.875,0.2,0.5,0.5833333333333333,0.2640858419634046,0.4119595107842666,0.24265939356744465,0.08129525368488295,-19.474076325627752
1325,265.17678452301533,0.875,0.2,0.5,0.5833333333333333,0.26401904116658176,0.41202762871796794,0.24263496715501864,0.08131836296043048,-19.474076325627752
1326,265.37691794529684,0.875,0.2,0.5,0.5833333333333333,0.26395200360530874,0.4120937909795279,0.24261179292654467,0.08134241248861744,-19.474076325627752
1327,265.57705136757835,0.875,0.2,0.5,0.5833333333333333,0.26388479403360054,0.41215795075923134,0.24258988224467987,0.08136737296248699,-19.474076325627752
1328,265.7771847898599,0.875,0.2,0.5,0.5833333333333333,0.26381747681492224,0.4122200636018781,0.2425692451418135,0.0813932144413849,-19.474076325627752
1329,265.9773182121414,0.875,0.2,0.5,0.5833333333333333,0.2637501158584603,0.41228008746013983,0.2425498903066314,0.0814199063747672,-19.474076325627752
1330,266.17745163442294,0.875,0.2,0.5,0.5833333333333333,0.26368277456607414,0.41233798269506367,0.24253182510052176,0.08144741763833924,-19.474076325627752
1331,266.37758505670445,0.875,0.2,0.5,0.5833333333333333,0.2636155160851083,0.4123937105629817,0.2425150564285721,0.0814757169233367,-19.474076325627752
1332,266.57771847898596,0.875,0.2,0.5,0.5833333333333333,0.26354840290928405,0.41244723492854246,0.2424995897890637,0.08150477237310856,-19.474076325627752
1333,266.7778519012675,0.875,0.2,0.5,0.5833333333333333,0.26348149675704957,0.4124985226046973,0.24248542909820187,0.08153455154005002,-19.474076325627752
1334,266.97798532354904,0.875,0.2,0.5,0.5833333333333333,0.2634148586206789,0.4125475428477139,0.2424725769919267,0.08156502153967922,-19.474076325627752
1335,267.17811874583055,0.875,0.2,0.5,0.5833333333333333,0.2633485487058598,0.4125942673941216,0.24246103482174353,0.08159614907827388,-19.474076325627752
1336,267.37825216811206,0.875,0.2,0.5,0.5833333333333333,0.26328262637128075,0.4126386704976572,0.242450802650553,0.08162790048050785,-19.474076325627752
1337,267.57838559039357,0.875,0.2,0.5,0.5833333333333333,0.2632171500682194,0.4126807289662102,0.24244187924848148,0.08166024171708768,-19.474076325627752
1338,267.77851901267513,0.875,0.2,0.5,0.5833333333333333,0.26315217732058577,0.41272042208775117,0.2424342621439024,0.0816931384477594,-19.474076325627752
1339,267.97865243495664,0.875,0.2,0.5,0.5833333333333333,0.2630877653036695,0.4127577299133436,0.24242794849121177,0.08172655629177389,-19.474076325627752
1340,268.17878585723815,0.875,0.2,0.5,0.5833333333333333,0.26302396999643307,0.41279263545452377,0.2424229339926265,0.08176046055641537,-19.474076325627752
1341,268.37891927951966,0.875,0.2,0.5,0.5833333333333333,0.26296084614179394,0.4128251246634593,0.24241921292224547,0.0817948162725,-19.474076325627752
1342,268.5790527018012,0.875,0.2,0.5,0.5833333333333333,0.2628984473655662,0.412855185977723,0.24241677836655667,0.08182958829015274,-19.474076325627752
1343,268.7791861240827,0.875,0.2,0.5,0.5833333333333333,0.2628368261225618,0.41288281033936536,0.24241562222915303,0.08186474130891844,-19.474076325627752
1344,268.97931954636425,0.875,0.2,0.5,0.5833333333333333,0.2627760336426915,0.4129079912139859,0.24241573523544824,0.08190023990787298,-19.474076325627752
1345,269.17945296864576,0.875,0.2,0.5,0.5833333333333333,0.26271611987706567,0.4129307246098056,0.24241710693739282,0.08193604857573446,-19.474076325627752
1346,269.3795863909273,0.875,0.2,0.5,0.5833333333333333,0.2626571335381942,0.4129510089059476,0.24241972579900342,0.08197213175685342,-19.474076325627752
1347,269.5797198132088,0.875,0.2,0.5,0.5833333333333333,0.2625991229397425,0.4129688430595612,0.2424235799685663,0.08200845403212863,-19.474076325627752
1348,269.7798532354903,0.875,0.2,0.5,0.5833333333333333,0.2625421346937693,0.4129842291570506,0.24242865621080667,0.08204497993837216,-19.474076325627752
1349,269.97998665777186,0.875,0.2,0.5,0.5833333333333333,0.2624862138497548,0.4129971720419728,0.242434940077294,0.08208167403097713,-19.474076325627752
1350,270.18012008005337,0.875,0.2,0.5,0.5833333333333333,0.26243140404008336,0.4130076789298507,0.24244241608239026,0.08211850094767444,-19.474076325627752
1351,270.3802535023349,0.875,0.2,0.5,0.5833333333333333,0.26237774743534026,0.4130157594085989,0.2424510677158638,0.0821554254401958,-19.474076325627752
1352,270.5803869246164,0.875,0.2,0.5,0.5833333333333333,0.2623252846996092,0.41302142543894976,0.24246087745550307,0.08219241240593678,-19.474076325627752
1353,270.7805203468979,0.875,0.2,0.5,0.5833333333333333,0.2622740549457696,0.41302469135487896,0.2424718267797305,0.08222942691961978,-19.474076325627752
1354,270.98065376917947,0.875,0.2,0.5,0.5833333333333333,0.2622240958112531,0.41302557366763876,0.24248389625414435,0.08226643426696274,-19.474076325627752
1355,271.180787191461,0.875,0.2,0.5,0.5833333333333333,0.2621754442085009,0.4130240897697798,0.24249706603213664,0.08230339998958167,-19.474076325627752
1356,271.3809206137425,0.875,0.2,0.5,0.5833333333333333,0.26212813522100537,0.41302025966255423,0.2425113152174225,0.08234028989901691,-19.474076325627752
1357,271.581054036024,0.875,0.2,0.5,0.5833333333333333,0.26208220228510465,0.41301410558706714,0.24252662201565992,0.0823770701121674,-19.474076325627752
1358,271.7811874583055,0.875,0.2,0.5,0.5833333333333333,0.2620376772797968,0.41300565180539034,0.24254296382961857,0.0824137070851933,-19.474076325627752
1359,271.981320880587,0.875,0.2,0.5,0.5833333333333333,0.2619945905014752,0.41299492456929776,0.2425603172837233,0.0824501676455028,-19.474076325627752
1360,272.1814543028686,0.875,0.2,0.5,0.5833333333333333,0.2619529706551316,0.41298195211094524,0.24257865824072436,0.08248641899319784,-19.474076325627752
1361,272.3815877251501,0.875,0.2,0.5,0.5833333333333333,0.26191284486955524,0.41296676466552845,0.24259796180689594,0.0825224286580194,-19.474076325627752
1362,272.5817211474316,0.875,0.2,0.5,0.5833333333333333,0.26187423859847203,0.4129493943419411,0.2426182023917643,0.08255816466782154,-19.474076325627752
1363,272.7818545697131,0.875,0.2,0.5,0.5833333333333333,0.2618371756221891,0.41292987512737006,0.24263935371978632,0.08259359553065351,-19.474076325627752
1364,272.98198799199463,0.875,0.2,0.5,0.5833333333333333,0.2618016780266592,0.41290824286179845,0.2426613888528231,0.08262869025871815,-19.474076325627752
1365,273.1821214142762,0.875,0.2,0.5,0.5833333333333333,0.26176776617949665,0.4128845352084474,0.24268428021407126,0.08266341839798359,-19.474076325627752
1366,273.3822548365577,0.875,0.2,0.5,0.5833333333333333,0.2617354589742066,0.412858791297213,0.24270799970179852,0.08269775002678087,-19.474076325627752
1367,273.5823882588392,0.875,0.2,0.5,0.5833333333333333,0.2617047739589884,0.4128310515088298,0.24273251876443216,0.08273165576774857,-19.474076325627752
1368,273.7825216811207,0.875,0.2,0.5,0.5833333333333333,0.261675726734433,0.4128013581503949,0.24275780823085408,0.08276510688431693,-19.474076325627752
1369,273.98265510340224,0.875,0.2,0.5,0.5833333333333333,0.26164833120943914,0.41276975508455604,0.24278383842804982,0.08279807527795396,-19.474076325627752
1370,274.1827885256838,0.875,0.2,0.5,0.5833333333333333,0.2616225995937553,0.4127362876798044,0.24281057921057292,0.08283053351586644,-19.474076325627752
1371,274.3829219479653,0.875,0.2,0.5,0.5833333333333333,0.26159854238713803,0.4127010027653298,0.2428379999887575,0.08286245485877368,-19.474076325627752
1372,274.5830553702468,0.875,0.2,0.5,0.5833333333333333,0.2615761686691715,0.4126639483358382,0.24286606982586728,0.08289381316912205,-19.474076325627752
1373,274.78318879252834,0.875,0.2,0.5,0.5833333333333333,0.2615554859502619,0.412625173621307,0.24289475743462954,0.08292458299380061,-19.474076325627752
1374,274.98332221480985,0.875,0.2,0.5,0.5833333333333333,0.2615364999284567,0.41258472923506007,0.24292403115217598,0.0829547396843063,-19.474076325627752
1375,275.18345563709136,0.875,0.2,0.5,0.5833333333333333,0.26151921463778055,0.4125426669962462,0.24295385900475205,0.08298425936122018,-19.474076325627752
1376,275.3835890593729,0.875,0.2,0.5,0.5833333333333333,0.2615036324450797,0.41249903987830255,0.2429842087376919,0.08301311893892489,-19.474076325627752
1377,275.58372248165443,0.875,0.2,0.5,0.5833333333333333,0.2614897540629558,0.41245390194566506,0.24301504784891034,0.08304129614246779,-19.474076325627752
1378,275.78385590393594,0.875,0.2,0.5,0.5833333333333333,0.261477578902602,0.4124073080422029,0.2430463436967052,0.08306876935848898,-19.474076325627752
1379,275.98398932621745,0.875,0.2,0.5,0.5833333333333333,0.26146710473203144,0.41235931398701814,0.2430780634557035,0.08309551782524588,-19.474076325627752
1380,276.18412274849896,0.875,0.2,0.5,0.5833333333333333,0.26145832762950655,0.412309976554622,0.24311017413734473,0.08312152167852571,-19.474076325627752
1381,276.38425617078053,0.875,0.2,0.5,0.5833333333333333,0.2614512420845387,0.41225935334731817,0.24314264264262614,0.08314676192551604,-19.474076325627752
1382,276.58438959306204,0.875,0.2,0.5,0.5833333333333333,0.26144584100331775,0.4122075027373956,0.24317543579395454,0.08317122046533115,-19.474076325627752
1383,276.78452301534355,0.875,0.2,0.5,0.5833333333333333,0.26144211576349513,0.41215448379000785,0.2432085203646325,0.08319488008186354,-19.474076325627752
1384,276.98465643762506,0.875,0.2,0.5,0.5833333333333333,0.2614400565664018,0.4121003560696629,0.24324186309408818,0.0832177242698462,-19.474076325627752
1385,277.1847898599066,0.875,0.2,0.5,0.5833333333333333,0.26143965198856467,0.41204517976003685,0.2432754307414835,0.08323973750991408,-19.474076325627752
1386,277.38492328218814,0.875,0.2,0.5,0.5833333333333333,0.2614408890784063,0.4119890155704514,0.243309190113191,0.08326090523795039,-19.474076325627752
1387,277.58505670446965,0.875,0.2,0.5,0.5833333333333333,0.26144375342220394,0.41193192465438006,0.24334310809174445,0.08328121383167073,-19.474076325627752
1388,277.78519012675116,0.875,0.2,0.5,0.5833333333333333,0.2614482291579365,0.41187396854834624,0.24337715166728713,0.08330065062642937,-19.474076325627752
1389,277.98532354903267,0.875,0.2,0.5,0.5833333333333333,0.26145429912137624,0.41181520908910335,0.2434112879578864,0.08331920383163319,-19.474076325627752
1390,278.1854569713142,0.875,0.2,0.5,0.5833333333333333,0.26146194516029336,0.4117557083032056,0.243445484215695,0.08333686232080523,-19.474076325627752
1391,278.3855903935957,0.875,0.2,0.5,0.5833333333333333,0.26147114749822675,0.41169552845266794,0.2434797079131289,0.08335361613597564,-19.474076325627752
1392,278.58572381587726,0.875,0.2,0.5,0.5833333333333333,0.2614818849972663,0.41163473193298195,0.2435139267533578,0.08336945631639311,-19.474076325627752
1393,278.78585723815877,0.875,0.2,0.5,0.5833333333333333,0.26149413520531833,0.41157338120652615,0.24354810869894003,0.08338437488921473,-19.474076325627752
1394,278.9859906604403,0.875,0.2,0.5,0.5833333333333333,0.26150787437445255,0.4115115387407249,0.24358222200289165,0.08339836488193011,-19.474076325627752
1395,279.1861240827218,0.875,0.2,0.5,0.5833333333333333,0.2615230774792492,0.41144926694620804,0.24361623523975617,0.08341142033478581,-19.474076325627752
1396,279.3862575050033,0.875,0.2,0.5,0.5833333333333333,0.26153971823514593,0.41138662811497007,0.24365011733667377,0.08342353631320941,-19.474076325627752
1397,279.58639092728487,0.875,0.2,0.5,0.5833333333333333,0.2615577695470386,0.41132368437789263,0.24368383752187864,0.08343470855318925,-19.474076325627752
1398,279.7865243495664,0.875,0.2,0.5,0.5833333333333333,0.2615772038006385,0.4112604976551907,0.2437173653033736,0.08344493324079637,-19.474076325627752
1399,279.9866577718479,0.875,0.2,0.5,0.5833333333333333,0.26159799172894826,0.4111971295427324,0.24375067072106077,0.08345420800725761,-19.474076325627752
1400,280.1867911941294,0.875,0.2,0.5,0.5833333333333333,0.2616201029881224,0.41113364127528945,0.2437837242708159,0.08346253146577132,-19.474076325627752
1401,280.3869246164109,0.875,0.2,0.5,0.5833333333333333,0.26164350620074867,0.41107009366581804,0.2438164969307723,0.08346990320266008,-19.474076325627752
1402,280.5870580386925,0.875,0.2,0.5,0.5833333333333333,0.2616681689833737,0.4110065470440315,0.24384896019062885,0.08347632378196503,-19.474076325627752
1403,280.787191460974,0.875,0.2,0.5,0.5833333333333333,0.2616940579740283,0.4109430611949727,0.24388108608095793,0.08348179475004013,-19.474076325627752
1404,280.9873248832555,0.875,0.2,0.5,0.5833333333333333,0.26172113885975307,0.4108796952975864,0.2439128472025133,0.08348631864014634,-19.474076325627752
1405,281.187458305537,0.875,0.2,0.5,0.5833333333333333,0.26174937687030964,0.41081650817497783,0.24394421650376838,0.08348989845094326,-19.474076325627752
1406,281.3875917278185,0.875,0.2,0.5,0.5833333333333333,0.26177873664498325,0.4107535581255277,0.24397516739702463,0.08349253783246348,-19.474076325627752
1407,281.5877251501,0.875,0.2,0.5,0.5833333333333333,0.26180918169028433,0.41069090248048756,0.24400567409546012,0.08349424173376714,-19.474076325627752
1408,281.7878585723816,0.875,0.2,0.5,0.5833333333333333,0.2618406747647054,0.41062859778139243,0.2440357114495099,0.08349501600439138,-19.474076325627752
1409,281.9879919946631,0.875,0.2,0.5,0.5833333333333333,0.2618731779130231,0.4105666997231643,0.24406525497251427,0.08349486739129745,-19.474076325627752
1410,282.1881254169446,0.875,0.2,0.5,0.5833333333333333,0.26190665250058054,0.41050526309720187,0.2440942808663776,0.08349380353583916,-19.474076325627752
1411,282.3882588392261,0.875,0.2,0.5,0.5833333333333333,0.2619410592475702,0.4104443417344711,0.24412276604722652,0.08349183297073132,-19.474076325627752
1412,282.58839226150764,0.875,0.2,0.5,0.5833333333333333,0.26197635827077026,0.41038398845980295,0.2441506881636317,0.0834889651057942,-19.474076325627752
1413,282.7885256837892,0.875,0.2,0.5,0.5833333333333333,0.26201250954826616,0.4103242556822424,0.24417802519277207,0.08348520957671847,-19.474076325627752
1414,282.9886591060707,0.875,0.2,0.5,0.5833333333333333,0.26204947256564365,0.4102651947545614,0.2442047558533312,0.08348057682646275,-19.474076325627752
1415,283.1887925283522,0.875,0.2,0.5,0.5833333333333333,0.26208720618162656,0.4102068556627547,0.24423085979943093,0.0834750783561868,-19.474076325627752
1416,283.38892595063373,0.875,0.2,0.5,0.5833333333333333,0.2621256688489561,0.41014928724971894,0.2442563174601025,0.08346872644122144,-19.474076325627752
1417,283.58905937291524,0.875,0.2,0.5,0.5833333333333333,0.26216481865354435,0.4100925371656668,0.24428111006008532,0.08346153412070248,-19.474076325627752
1418,283.7891927951968,0.875,0.2,0.5,0.5833333333333333,0.2622046133536277,0.4100366518185413,0.24430521964062551,0.08345351518720437,-19.474076325627752
1419,283.9893262174783,0.875,0.2,0.5,0.5833333333333333,0.26224501041892007,0.4099816763244301,0.2443286290802747,0.08344468417637409,-19.474076325627752
1420,284.18945963975983,0.875,0.2,0.5,0.5833333333333333,0.2622859670829237,0.40992765452226504,0.24435132207778917,0.08343505631702107,-19.474076325627752
1421,284.38959306204134,0.875,0.2,0.5,0.5833333333333333,0.26232744057389223,0.4098746298613741,0.2443732826204416,0.08342464694429097,-19.474076325627752
1422,284.58972648432285,0.875,0.2,0.5,0.5833333333333333,0.2623693879140596,0.40982264417967934,0.2443944956958968,0.08341347221036315,-19.474076325627752
1423,284.7898599066044,0.875,0.2,0.5,0.5833333333333333,0.2624117659701646,0.40977173770966896,0.24441494728025626,0.0834015490399091,-19.474076325627752
1424,284.98999332888593,0.875,0.2,0.5,0.5833333333333333,0.2624545315444511,0.40972194928212397,0.24443462420951717,0.08338889496390668,-19.474076325627752
1425,285.19012675116744,0.875,0.2,0.5,0.5833333333333333,0.26249764141582943,0.40967331628634185,0.24445351419458794,0.08337552810323968,-19.474076325627752
1426,285.39026017344895,0.875,0.2,0.5,0.5833333333333333,0.2625410523810373,0.4096258746303611,0.24447160583630326,0.08336146715229724,-19.474076325627752
1427,285.59039359573046,0.875,0.2,0.5,0.5833333333333333,0.26258472129580107,0.4095796587011849,0.2444888886404396,0.08334673136257338,-19.474076325627752
1428,285.79052701801197,0.875,0.2,0.5,0.5833333333333333,0.26262860511617786,0.40953470149484467,0.2445053529337558,0.0833313404552207,-19.474076325627752
1429,285.99066044029354,0.875,0.2,0.5,0.5833333333333333,0.26267266094077235,0.4094910355673047,0.2445209893016854,0.0833153141902366,-19.474076325627752
1430,286.19079386257505,0.875,0.2,0.5,0.5833333333333333,0.2627168460502246,0.40944869142432255,0.2445357895184876,0.08329867300696434,-19.474076325627752
1431,286.39092728485656,0.875,0.2,0.5,0.5833333333333333,0.26276111794879164,0.4094076978761702,0.24454974633236776,0.08328143784266955,-19.474076325627752
1432,286.59106070713807,0.875,0.2,0.5,0.5833333333333333,0.2628054344056928,0.4093680821709217,0.24456285337963923,0.0832636300437454,-19.474076325627752
1433,286.7911941294196,0.875,0.2,0.5,0.5833333333333333,0.262849753496283,0.4093298699657531,0.24457510519328413,0.0832452713446789,-19.474076325627752
1434,286.99132755170115,0.875,0.2,0.5,0.5833333333333333,0.26289403364322544,0.40929308529824215,0.24458649721151435,0.08322638384701726,-19.474076325627752
1435,287.19146097398266,0.875,0.2,0.5,0.5833333333333333,0.26293823365766467,0.4092577505576681,0.24459702578633213,0.08320698999833424,-19.474076325627752
1436,287.39159439626417,0.875,0.2,0.5,0.5833333333333333,0.26298231271187644,0.40922388678989957,0.24460668800546578,0.08318711249275738,-19.474076325627752
1437,287.5917278185457,0.875,0.2,0.5,0.5833333333333333,0.26302623021223115,0.4091915144875796,0.24461548124280527,0.08316677405738308,-19.474076325627752
1438,287.7918612408272,0.875,0.2,0.5,0.5833333333333333,0.26306994619359025,0.4091606518418466,0.24462340412898068,0.08314599783558166,-19.474076325627752
1439,287.99199466310876,0.875,0.2,0.5,0.5833333333333333,0.2631134212282505,0.4091313153573547,0.24463045619979362,0.08312480721460026,-19.474076325627752
1440,288.19212808539027,0.875,0.2,0.5,0.5833333333333333,0.26315661644778604,0.40910351991768334,0.244636637852129,0.08310322578240072,-19.474076325627752
1441,288.3922615076718,0.875,0.2,0.5,0.5833333333333333,0.26319949358178646,0.4090772787684889,0.24464195034588487,0.08308127730383882,-19.474076325627752
1442,288.5923949299533,0.875,0.2,0.5,0.5833333333333333,0.26324201499659544,0.40905260350065714,0.2446463958059026,0.08305898569684385,-19.474076325627752
1443,288.7925283522348,0.875,0.2,0.5,0.5833333333333333,0.2632841437340486,0.4090295040334557,0.24464997722389675,0.0830363750085979,-19.474076325627752
1444,288.9926617745163,0.875,0.2,0.5,0.5833333333333333,0.26332584335033565,0.40900798912966374,0.24465269817317967,0.08301346934682,-19.474076325627752
1445,289.1927951967979,0.875,0.2,0.5,0.5833333333333333,0.26336707780725965,0.40898806677124233,0.24465456259867763,0.08299029282281946,-19.474076325627752
1446,289.3929286190794,0.875,0.2,0.5,0.5833333333333333,0.26340781207562003,0.4089697426396701,0.2446555756302057,0.08296686965450321,-19.474076325627752
1447,289.5930620413609,0.875,0.2,0.5,0.5833333333333333,0.2634480119055554,0.40895302081343715,0.24465574319873717,0.08294322408226941,-19.474076325627752
1448,289.7931954636424,0.875,0.2,0.5,0.5833333333333333,0.26348764385205975,0.40893790378638833,0.2446550720193341,0.08291938034221694,-19.474076325627752
1449,289.9933288859239,0.875,0.2,0.5,0.5833333333333333,0.2635266753093052,0.40892439246262824,0.24465356958673268,0.08289536264133301,-19.474076325627752
1450,290.1934623082055,0.875,0.2,0.5,0.5833333333333333,0.26356507454496464,0.4089124861514251,0.24465124417092857,0.08287119513268085,-19.474076325627752
1451,290.393595730487,0.875,0.2,0.5,0.5833333333333333,0.2636028107345346,0.40890218256211536,0.24464810481276195,0.0828469018905872,-19.474076325627752
1452,290.5937291527685,0.875,0.2,0.5,0.5833333333333333,0.26363985358729264,0.40889347854181796,0.24464416093373975,0.08282250693714878,-19.474076325627752
1453,290.79386257505,0.875,0.2,0.5,0.5833333333333333,0.2636761734947826,0.4088863698626784,0.24463942243946496,0.08279803420307318,-19.474076325627752
1454,290.9939959973315,0.875,0.2,0.5,0.5833333333333333,0.2637117421052155,0.4088808502343809,0.24463390022540724,0.08277350743499556,-19.474076325627752
1455,291.1941294196131,0.875,0.2,0.5,0.5833333333333333,0.26374653202835024,0.40887691189830155,0.24462760586128054,0.08274895021206682,-19.474076325627752
1456,291.3942628418946,0.875,0.2,0.5,0.5833333333333333,0.2637805168635691,0.40887454563377723,0.2446205515807265,0.08272438592192632,-19.474076325627752
1457,291.5943962641761,0.875,0.2,0.5,0.5833333333333333,0.2638136712281041,0.4088737407640985,0.24461275027114093,0.08269983773665561,-19.474076325627752
1458,291.7945296864576,0.875,0.2,0.5,0.5833333333333333,0.26384597078526384,0.4088744851625028,0.24460421546350045,0.08267532858873206,-19.474076325627752
1459,291.99466310873913,0.875,0.2,0.5,0.5833333333333333,0.2638773922632957,0.4088767652708164,0.2445949613161055,0.08265088114978147,-19.474076325627752
1460,292.19479653102064,0.875,0.2,0.5,0.5833333333333333,0.2639079128435006,0.4088805669700879,0.24458500218855747,0.08262651799785307,-19.474076325627752
1461,292.3949299533022,0.875,0.2,0.5,0.5833333333333333,0.26393751074373195,0.4088858748365392,0.24457435299231847,0.08260226142740941,-19.474076325627752
1462,292.5950633755837,0.875,0.2,0.5,0.5833333333333333,0.26396616552822816,0.40889267176717586,0.24456302936348337,0.08257813334111165,-19.474076325627752
1463,292.79519679786523,0.875,0.2,0.5,0.5833333333333333,0.2639938578464522,0.4089009393766736,0.24455104746460582,0.08255415531226738,-19.474076325627752
1464,292.99533022014674,0.875,0.2,0.5,0.5833333333333333,0.26402056945398006,0.40891065801328397,0.2445384239697573,0.08253034856297768,-19.474076325627752
1465,293.19546364242825,0.875,0.2,0.5,0.5833333333333333,0.2640462832333886,0.4089218067747399,0.24452517604958632,0.08250673394228418,-19.474076325627752
1466,293.3955970647098,0.875,0.2,0.5,0.5833333333333333,0.26407098321514416,0.4089343635241612,0.24451132135637751,0.08248333190431605,-19.474076325627752
1467,293.59573048699133,0.875,0.2,0.5,0.5833333333333333,0.2640946545496677,0.4089483049563254,0.24449687798776346,0.08246016250624238,-19.474076325627752
1468,293.79586390927284,0.875,0.2,0.5,0.5833333333333333,0.2641172827518943,0.40896360741442483,0.24448186413233985,0.08243724570133992,-19.474076325627752
1469,293.99599733155435,0.875,0.2,0.5,0.5833333333333333,0.2641388546728389,0.40898024592526466,0.24446629847040124,0.08241460093149416,-19.474076325627752
1470,294.19613075383586,0.875,0.2,0.5,0.5833333333333333,0.2641593584983157,0.4089981942380371,0.24445020014930685,0.08239224711433925,-19.474076325627752
1471,294.3962641761174,0.875,0.2,0.5,0.5833333333333333,0.26417878355207286,0.40901742506485966,0.2444335886733288,0.08237020270973763,-19.474076325627752
1472,294.59639759839894,0.875,0.2,0.5,0.5833333333333333,0.26419712030854536,0.40903791010507246,0.2444164838851539,0.08234848570122724,-19.474076325627752
1473,294.79653102068045,0.875,0.2,0.5,0.5833333333333333,0.2642143604056081,0.40905962006953617,0.24439890594738606,0.08232711357746866,-19.474076325627752
1474,294.99666444296196,0.875,0.2,0.5,0.5833333333333333,0.26423049665732873,0.40908252470493,0.24438087532404798,0.08230610331369226,-19.474076325627752
1475,295.19679786524347,0.875,0.2,0.5,0.5833333333333333,0.26424552270988233,0.4091065930982658,0.24436241266649428,0.08228547152535667,-19.474076325627752
1476,295.396931287525,0.875,0.2,0.5,0.5833333333333333,0.2642594333798407,0.40913179344554984,0.24434353888211752,0.08226523429249104,-19.474076325627752
1477,295.59706470980655,0.875,0.2,0.5,0.5833333333333333,0.26427222393872607,0.40915809364791794,0.24432427492078154,0.08224540749257352,-19.474076325627752
1478,295.79719813208806,0.875,0.2,0.5,0.5833333333333333,0.26428389138810265,0.40918546034465003,0.24430464209447658,0.08222600617276987,-19.474076325627752
1479,295.99733155436957,0.875,0.2,0.5,0.5833333333333333,0.264294433835093,0.40921385943787375,0.24428466188811937,0.08220704483891299,-19.474076325627752
1480,296.1974649766511,0.875,0.2,0.5,0.5833333333333333,0.26430385050196037,0.4092432561193525,0.244264355940206,0.08218853743848026,-19.474076325627752
1481,296.3975983989326,0.875,0.2,0.5,0.5833333333333333,0.2643121417346245,0.4092736148981103,0.24424374602317891,0.08217049734408546,-19.474076325627752
1482,296.59773182121415,0.875,0.2,0.5,0.5833333333333333,0.26431930901011097,0.40930489962889444,0.24422285402350816,0.08215293733748562,-19.474076325627752
1483,296.79786524349566,0.875,0.2,0.5,0.5833333333333333,0.2643253547437541,0.4093370736528363,0.24420170190125123,0.0821358697021576,-19.474076325627752
1484,296.9979986657772,0.875,0.2,0.5,0.5833333333333333,0.26433028175790146,0.40937010012760605,0.24418031161504522,0.08211930649944653,-19.474076325627752
1485,297.1981320880587,0.875,0.2,0.5,0.5833333333333333,0.2643340943478291,0.4094039414648157,0.2441587052091922,0.08210325897816224,-19.474076325627752
1486,297.3982655103402,0.875,0.2,0.5,0.5833333333333333,0.2643367978875139,0.4094385595840222,0.24413690475222238,0.08208773777624079,-19.474076325627752
1487,297.59839893262176,0.875,0.2,0.5,0.5833333333333333,0.2643383987614643,0.4094739159846743,0.24411493230840606,0.08207275294545456,-19.474076325627752
1488,297.7985323549033,0.875,0.2,0.5,0.5833333333333333,0.26433890434972523,0.4095099717885712,0.2440928099144908,0.08205831394721207,-19.474076325627752
1489,297.9986657771848,0.875,0.2,0.5,0.5833333333333333,0.264338323011033,0.4095466877835962,0.24407055955607293,0.08204442964929712,-19.474076325627752
1490,298.1987991994663,0.875,0.2,0.5,0.5833333333333333,0.2643366640641204,0.40958402446872694,0.2440482031436042,0.08203110832354772,-19.474076325627752
1491,298.3989326217478,0.875,0.2,0.5,0.5833333333333333,0.26433393776717223,0.4096219421003197,0.24402576248803273,0.08201835764447463,-19.474076325627752
1492,298.5990660440293,0.875,0.2,0.5,0.5833333333333333,0.2643301553071617,0.4096604005825946,0.24400325938656192,0.08200618472368096,-19.474076325627752
1493,298.7991994663109,0.875,0.2,0.5,0.5833333333333333,0.26432532877365683,0.4096993595425803,0.24398071557919668,0.08199459610456539,-19.474076325627752
1494,298.9993328885924,0.875,0.2,0.5,0.5833333333333333,0.26431947111600057,0.40973877860417324,0.2439581525657694,0.08198359771405608,-19.474076325627752
1495,299.1994663108739,0.875,0.2,0.5,0.5833333333333333,0.2643125961255191,0.40977861730359466,0.24393559167572937,0.08197319489515616,-19.474076325627752
1496,299.3995997331554,0.875,0.2,0.5,0.5833333333333333,0.26430471840612363,0.40981883513676265,0.24391305404567862,0.08196339241143438,-19.474076325627752
1497,299.5997331554369,0.875,0.2,0.5,0.5833333333333333,0.2642958533430664,0.40985939160787954,0.24389056059658454,0.08195419445246883,-19.474076325627752
1498,299.7998665777185,0.875,0.2,0.5,0.5833333333333333,0.2642860170698665,0.4099002462790372,0.24386813201080826,0.08194560464028736,-19.474076325627752
1499,300.0,0.875,0.2,0.5,0.5833333333333333,0.2642752264334052,0.40994135882084093,0.24384578870894866,0.08193762603680455,-19.474076325627752
