,time,sigma,beta,S,I,C,D
0,0.0,0.43,0.65,0.9998,0.0002,0.5,0.5
1,0.5016722408026756,0.43,0.65,0.9997668271337544,0.00023317286624512521,0.4791130583872829,0.520886941612717
2,1.0033444816053512,0.43,0.65,0.9997269835078361,0.00027301649216339316,0.45829951287496734,0.5417004871250325
3,1.5050167224080266,0.43,0.65,0.9996789655676107,0.00032103443238884005,0.43763126197649643,0.5623687380235035
4,2.0066889632107023,0.43,0.65,0.9996209031841508,0.00037909681584889077,0.4171781969244294,0.5828218030755705
5,2.508361204013378,0.43,0.65,0.9995504686791288,0.0004495313208707271,0.3970073121151011,0.6029926878848988
6,3.0100334448160533,0.43,0.65,0.99946475488148,0.0005352451185195926,0.3771818522354053,0.6228181477645947
7,3.511705685618729,0.43,0.65,0.9993601347192532,0.0006398652807464138,0.35776062502403866,0.6422393749759612
8,4.013377926421405,0.43,0.65,0.9992320542400255,0.0007679457599741272,0.33879728276640897,0.6612027172335909
9,4.51505016722408,0.43,0.65,0.9990748098092203,0.0009251901907793239,0.3203399707632986,0.6796600292367012
10,5.016722408026756,0.43,0.65,0.9988812370487623,0.0011187629512373423,0.3024309213813991,0.6975690786186006
11,5.518394648829432,0.43,0.65,0.9986423244861725,0.0013576755138270237,0.2851062639876477,0.7148937360123521
12,6.020066889632107,0.43,0.65,0.9983467271370616,0.0016532728629379606,0.26839595837638147,0.7316040416236184
13,6.521739130434782,0.43,0.65,0.9979801496692526,0.002019850330746912,0.25232385180509337,0.7476761481949066
14,7.023411371237458,0.43,0.65,0.9975245712523917,0.002475428747607856,0.23690784142534793,0.763092158574652
15,7.525083612040134,0.43,0.65,0.9969572384066664,0.003042761593333233,0.22216017254348333,0.7778398274565167
16,8.02675585284281,0.43,0.65,0.9962494541765269,0.0037505458234727445,0.20808774516485817,0.7919122548351418
17,8.528428093645484,0.43,0.65,0.9953650154854,0.004634984514599674,0.1946925475231335,0.8053074524768665
18,9.03010033444816,0.43,0.65,0.9942582759988221,0.005741724001177657,0.18197211539380218,0.8180278846061978
19,9.531772575250836,0.43,0.65,0.9928717474128512,0.007128252587148555,0.1699200247312528,0.8300799752687472
20,10.033444816053512,0.43,0.65,0.9911331612157344,0.00886683878426539,0.15852640012312377,0.8414735998768763
21,10.535117056856187,0.43,0.65,0.9889518931799465,0.011048106820053326,0.14777842897759774,0.8522215710224023
22,11.036789297658864,0.43,0.65,0.9862147128294472,0.013785287170552597,0.137660869354774,0.8623391306452259
23,11.538461538461538,0.43,0.65,0.9827808193263401,0.0172191806736597,0.1281565387377274,0.8718434612622726
24,12.040133779264213,0.43,0.65,0.978476281832742,0.021523718167257795,0.11924678104218167,0.8807532189578183
25,12.54180602006689,0.43,0.65,0.9730880668417071,0.02691193315829266,0.11091189620054391,0.8890881037994561
26,13.043478260869565,0.43,0.65,0.9663581870822098,0.03364181291778999,0.10313153290684585,0.8968684670931542
27,13.545150501672241,0.43,0.65,0.9579789215360147,0.04202107846398491,0.0958850313065426,0.9041149686934573
28,14.046822742474916,0.43,0.65,0.9475905084496763,0.05240949155032326,0.08915171017894365,0.9108482898210564
29,14.548494983277592,0.43,0.65,0.9347834790873311,0.06521652091266854,0.08291108673094917,0.9170889132690508
30,15.050167224080267,0.43,0.65,0.9191087634891195,0.08089123651088016,0.07714301631218679,0.9228569836878132
31,15.551839464882944,0.43,0.65,0.9000989646467865,0.09990103535321332,0.07182774045018582,0.9281722595498141
32,16.05351170568562,0.43,0.65,0.8773046690724237,0.12269533092757613,0.06694582846110773,0.933054171538892
33,16.555183946488295,0.43,0.65,0.850347907776092,0.14965209222390793,0.062478005591947876,0.9375219944080518
34,17.05685618729097,0.43,0.65,0.8189918954422556,0.18100810455774433,0.058404871264634055,0.9415951287353657
35,17.558528428093645,0.43,0.65,0.7832202143179093,0.21677978568209058,0.054706528885449496,0.9452934711145502
36,18.06020066889632,0.43,0.65,0.7433107683144895,0.2566892316855105,0.05136217800276953,0.9486378219972302
37,18.561872909698998,0.43,0.65,0.6998837772440736,0.3001162227559264,0.04834974302646751,0.9516502569735321
38,19.06354515050167,0.43,0.65,0.6539012447583075,0.3460987552416925,0.045645634142128425,0.9543543658578714
39,19.565217391304348,0.43,0.65,0.6066032135687973,0.3933967864312025,0.04322473184899995,0.9567752681509998
40,20.066889632107024,0.43,0.65,0.5593841508259122,0.44061584917408747,0.041060649095398166,0.9589393509046015
41,20.568561872909697,0.43,0.65,0.5136324153640717,0.4863675846359282,0.03912626860336662,0.9608737313966329
42,21.070234113712374,0.43,0.65,0.4705709391929041,0.5294290608070957,0.03739448082039895,0.9626055191796007
43,21.57190635451505,0.43,0.65,0.43113639524156805,0.5688636047584318,0.03583900015071468,0.9641609998492848
44,22.073578595317727,0.43,0.65,0.3959195029421621,0.6040804970578377,0.034435124051382764,0.9655648759486167
45,22.5752508361204,0.43,0.65,0.36516826509839995,0.6348317349015998,0.03316032671681749,0.966839673283182
46,23.076923076923077,0.43,0.65,0.3388388864157367,0.6611611135842632,0.0319946296827211,0.9680053703172784
47,23.578595317725753,0.43,0.65,0.31667160821530654,0.6833283917846935,0.03092074511104635,0.9690792548889532
48,24.080267558528426,0.43,0.65,0.29827053518719127,0.7017294648128088,0.02992402670725077,0.9700759732927487
49,24.581939799331103,0.43,0.65,0.28317327230808753,0.7168267276919126,0.028992282553001788,0.9710077174469978
50,25.08361204013378,0.43,0.65,0.2709038661622248,0.7290961338377753,0.0281155062756307,0.9718844937243688
51,25.585284280936456,0.43,0.65,0.2610082373240693,0.7389917626759309,0.027285574210667525,0.9727144257893321
52,26.08695652173913,0.43,0.65,0.25307473272236153,0.7469252672776386,0.026495942697557673,0.9735040573024419
53,26.588628762541806,0.43,0.65,0.2467434306112439,0.7532565693887562,0.025741367177884996,0.9742586328221147
54,27.090301003344482,0.43,0.65,0.2417079029879771,0.7582920970120229,0.02501765448829781,0.9749823455117019
55,27.59197324414716,0.43,0.65,0.23771242697531614,0.762287573024684,0.024321451822322798,0.9756785481776769
56,28.093645484949832,0.43,0.65,0.234546807926167,0.7654531920738331,0.023650071675688472,0.9763499283243112
57,28.59531772575251,0.43,0.65,0.23204026815051604,0.7679597318494841,0.02300134955225813,0.9769986504477415
58,29.096989966555185,0.43,0.65,0.23005530556683151,0.7699446944331686,0.02237352990577797,0.9776264700942217
59,29.598662207357858,0.43,0.65,0.22848195792153805,0.7715180420784621,0.02176517624489291,0.9782348237551067
60,30.100334448160535,0.43,0.65,0.22723276366565395,0.7727672363343462,0.02117509951167169,0.978824900488328
61,30.60200668896321,0.43,0.65,0.22623848574322625,0.7737615142567739,0.02060230356468737,0.9793976964353124
62,31.103678929765888,0.43,0.65,0.22544445113279174,0.7745555488672085,0.02004594196872854,0.9799540580312711
63,31.60535117056856,0.43,0.65,0.22480761937692448,0.7751923806230756,0.019505285067280807,0.9804947149327189
64,32.10702341137124,0.43,0.65,0.22429417494464265,0.7757058250553573,0.018979694434662017,0.9810203055653377
65,32.608695652173914,0.43,0.65,0.22387758370298488,0.7761224162970151,0.018468603217484,0.9815313967825157
66,33.11036789297659,0.43,0.65,0.2235370545943513,0.7764629454056486,0.017971501136225854,0.9820284988637737
67,33.61204013377927,0.43,0.65,0.2232563119512436,0.7767436880487563,0.017487922957459434,0.9825120770425401
68,34.11371237458194,0.43,0.65,0.22302263185937507,0.7769773681406248,0.017017439753589193,0.9829825602464103
69,34.61538461538461,0.43,0.65,0.222826050422243,0.777173949577757,0.016559651852374093,0.9834403481476254
70,35.11705685618729,0.43,0.65,0.2226587826881409,0.777341217311859,0.01611418381530798,0.9838858161846914
71,35.618729096989966,0.43,0.65,0.22251474657911643,0.7774852534208835,0.01568068041931196,0.9843193195806875
72,36.12040133779264,0.43,0.65,0.2223891840906204,0.7776108159093794,0.015258803522017878,0.9847411964779815
73,36.62207357859532,0.43,0.65,0.22227837733576386,0.7777216226642361,0.014848229707679149,0.9851517702923203
74,37.123745819397996,0.43,0.65,0.22217942027612209,0.7778205797238779,0.014448648439153602,0.9855513515608457
75,37.625418060200666,0.43,0.65,0.22209003429417828,0.7779099657058216,0.01405976055590485,0.9859402394440945
76,38.12709030100334,0.43,0.65,0.2220084356691155,0.7779915643308845,0.013681277178404902,0.9863187228215944
77,38.62876254180602,0.43,0.65,0.2219332276958739,0.778066772304126,0.013312918811812943,0.9866870811881863
78,39.130434782608695,0.43,0.65,0.22186331256408626,0.7781366874359137,0.012954414604388172,0.9870455853956109
79,39.63210702341137,0.43,0.65,0.2217978272173878,0.7782021727826122,0.012605501772789136,0.9873944982272098
80,40.13377926421405,0.43,0.65,0.22173609072241596,0.7782639092775839,0.01226592511549231,0.9877340748845066
81,40.635451505016725,0.43,0.65,0.22167756397905966,0.7783224360209402,0.011935436611265442,0.9880645633887335
82,41.137123745819395,0.43,0.65,0.2216218204084692,0.7783781795915308,0.01161379509623831,0.9883862049037605
83,41.63879598662207,0.43,0.65,0.22156852086078765,0.7784314791392123,0.011300765970634877,0.9886992340293639
84,42.14046822742475,0.43,0.65,0.22151739301605244,0.7784826069839474,0.010996120937394362,0.9890038790626043
85,42.642140468227424,0.43,0.65,0.2214682170082452,0.7785317829917547,0.010699637780317997,0.9893003622196805
86,43.1438127090301,0.43,0.65,0.22142081539649594,0.7785791846035041,0.010411100169320864,0.9895888998306777
87,43.64548494983278,0.43,0.65,0.22137504320129103,0.778624956798709,0.010130297473541624,0.9898697025264569
88,44.147157190635454,0.43,0.65,0.2213307807396987,0.7786692192603013,0.009857024580121658,0.9901429754198767
89,44.64882943143812,0.43,0.65,0.22128792692586727,0.7787120730741328,0.009591081755416777,0.9904089182445815
90,45.1505016722408,0.43,0.65,0.22124639780740996,0.7787536021925902,0.009332274457564824,0.9906677255424334
91,45.65217391304348,0.43,0.65,0.22120612410448395,0.7787938758955162,0.009080413314312185,0.990919586685686
92,46.15384615384615,0.43,0.65,0.22116704288681102,0.7788329571131891,0.008835313787174772,0.9911646862128233
93,46.65551839464883,0.43,0.65,0.2211291006632432,0.778870899336757,0.008596796234269222,0.9914032037657287
94,47.15719063545151,0.43,0.65,0.2210922470293019,0.7789077529706981,0.008364684457509724,0.9916353155424882
95,47.65886287625418,0.43,0.65,0.22105644350789472,0.7789435564921054,0.008138811569989933,0.9918611884300078
96,48.16053511705685,0.43,0.65,0.22102164778423272,0.7789783522157673,0.00791900827665094,0.9920809917233467
97,48.66220735785953,0.43,0.65,0.2209878263813333,0.7790121736186667,0.007705115159460631,0.9922948848405369
98,49.163879598662206,0.43,0.65,0.22095494609319197,0.779045053906808,0.007496973041553942,0.9925030269584434
99,49.66555183946488,0.43,0.65,0.22092297689207946,0.7790770231079206,0.007294430156362805,0.9927055698436344
100,50.16722408026756,0.43,0.65,0.22089188912576824,0.7791081108742318,0.0070973356735985265,0.9929026643263985
101,50.668896321070235,0.43,0.65,0.22086165630131682,0.7791383436986832,0.00690554493631929,0.9930944550636776
102,51.17056856187291,0.43,0.65,0.22083225336794923,0.7791677466320507,0.006718916246534568,0.993281083753462
103,51.67224080267559,0.43,0.65,0.2208036559513677,0.7791963440486323,0.006537311387576093,0.9934626886124204
104,52.17391304347826,0.43,0.65,0.220775841214461,0.779224158785539,0.006360597060027156,0.9936394029399691
105,52.675585284280935,0.43,0.65,0.22074878635938114,0.7792512136406188,0.006188641063532127,0.9938113589364639
106,53.17725752508361,0.43,0.65,0.2207224701225633,0.7792775298774367,0.006021317732718045,0.9939786822672777
107,53.67892976588629,0.43,0.65,0.22069687138346447,0.7793031286165355,0.005858501998700087,0.9941414980012954
108,54.180602006688964,0.43,0.65,0.22067197034454678,0.7793280296554531,0.005700074406425672,0.9942999255935696
109,54.68227424749164,0.43,0.65,0.22064774734691195,0.7793522526530879,0.005545916344608461,0.9944540836553866
110,55.18394648829432,0.43,0.65,0.22062418390749017,0.7793758160925098,0.005395914620465659,0.994604085379529
111,55.68561872909699,0.43,0.65,0.22060126166150515,0.7793987383384947,0.005249956995436153,0.9947500430045583
112,56.187290969899664,0.43,0.65,0.22057896307479613,0.7794210369252037,0.005107935608708593,0.9948920643912855
113,56.68896321070234,0.43,0.65,0.22055727084333993,0.77944272915666,0.004969744045533506,0.9950302559544602
114,57.19063545150502,0.43,0.65,0.22053616839548884,0.779463831604511,0.004835280110050644,0.9951647198899427
115,57.69230769230769,0.43,0.65,0.22051563949850114,0.7794843605014987,0.004704443258081983,0.995295556741911
116,58.19397993311037,0.43,0.65,0.22049566863298742,0.7795043313670125,0.004577136780322924,0.9954228632196697
117,58.69565217391305,0.43,0.65,0.2204762407540874,0.7795237592459126,0.004453266653040038,0.995546733346952
118,59.197324414715716,0.43,0.65,0.2204573406928835,0.7795426593071164,0.0043327386441882,0.9956672613558034
119,59.69899665551839,0.43,0.65,0.22043895423161486,0.779561045768385,0.004215463511561593,0.9957845364884296
120,60.20066889632107,0.43,0.65,0.22042106776095285,0.7795789322390471,0.004101355345883794,0.9958986446541068
121,60.702341137123746,0.43,0.65,0.22040366808590456,0.7795963319140954,0.003990330770487808,0.9960096692295023
122,61.20401337792642,0.43,0.65,0.22038674140462367,0.7796132585953762,0.0038823049238463176,0.9961176950761432
123,61.7056856187291,0.43,0.65,0.2203702746381593,0.7796297253618406,0.0037771966909494175,0.9962228033090396
124,62.207357859531776,0.43,0.65,0.22035425521380914,0.7796457447861908,0.0036749278509924494,0.9963250721489959
125,62.709030100334445,0.43,0.65,0.22033867092023354,0.7796613290797664,0.003575422476756845,0.9964245775232308
126,63.21070234113712,0.43,0.65,0.22032350976618797,0.7796764902338119,0.003478605741327772,0.9965213942586592
127,63.7123745819398,0.43,0.65,0.220308760112604,0.7796912398873959,0.0033844050337774475,0.9966155949662088
128,64.21404682274247,0.43,0.65,0.22029441069597944,0.7797055893040205,0.0032927501567418826,0.9967072498432435
129,64.71571906354515,0.43,0.65,0.22028045059394705,0.7797195494060528,0.0032035730288463207,0.9967964269711383
130,65.21739130434783,0.43,0.65,0.220266869292426,0.7797331307075739,0.0031168067198638462,0.99688319328012
131,65.7190635451505,0.43,0.65,0.22025365665675128,0.7797463433432487,0.003032385865532788,0.99696761413445
132,66.22073578595318,0.43,0.65,0.2202408028777044,0.7797591971222955,0.002950247442991144,0.9970497525569907
133,66.72240802675586,0.43,0.65,0.22022829850263445,0.7797717014973654,0.0028703303236285276,0.9971296696763523
134,67.22408026755853,0.43,0.65,0.22021613415475957,0.7797838658452404,0.0027925745716685674,0.9972074254283112
135,67.72575250836121,0.43,0.65,0.22020430041768163,0.7797956995823183,0.0027169211555909366,0.9972830788443876
136,68.22742474916387,0.43,0.65,0.22019278846104695,0.779807211538953,0.002643313511550534,0.9973566864884268
137,68.72909698996655,0.43,0.65,0.22018158974947916,0.7798184102505208,0.0025716968160506932,0.9974283031839254
138,69.23076923076923,0.43,0.65,0.22017069603798017,0.7798293039620198,0.002502017974450631,0.9974979820255241
139,69.7324414715719,0.43,0.65,0.2201600991987276,0.7798399008012723,0.002434225220311507,0.9975657747796617
140,70.23411371237458,0.43,0.65,0.22014979050685088,0.7798502094931491,0.0023682664632455734,0.9976317335367261
141,70.73578595317726,0.43,0.65,0.22013976183741804,0.7798602381625819,0.0023040920577996503,0.9976959079421704
142,71.23745819397993,0.43,0.65,0.2201300053373143,0.7798699946626857,0.0022416540444406556,0.9977583459555277
143,71.73913043478261,0.43,0.65,0.2201205133394754,0.7798794866605245,0.0021809059511596015,0.997819094048807
144,72.24080267558529,0.43,0.65,0.2201112783685632,0.7798887216314367,0.002121802732834844,0.9978781972671298
145,72.74247491638796,0.43,0.65,0.22010229328052966,0.7798977067194702,0.002064299280114579,0.997935700719848
146,73.24414715719064,0.43,0.65,0.22009355111875853,0.7799064488812414,0.002008351956415354,0.9979916480435451
147,73.74581939799332,0.43,0.65,0.2200850450893295,0.7799149549106704,0.001953918862200991,0.9980460811377572
148,74.24749163879599,0.43,0.65,0.22007676860262593,0.7799232313973741,0.0019009593904417365,0.998099040609514
149,74.74916387959867,0.43,0.65,0.2200687152733349,0.7799312847266651,0.0018494342266142595,0.998150565773339
150,75.25083612040133,0.43,0.65,0.22006087928439652,0.7799391207156035,0.00179930450643512,0.9982006954935154
151,75.75250836120401,0.43,0.65,0.22005325540078988,0.7799467445992101,0.001750531783956317,0.9982494682159914
152,76.25418060200668,0.43,0.65,0.22004583835241065,0.7799541616475894,0.0017030794597361967,0.9982969205402085
153,76.75585284280936,0.43,0.65,0.22003862314634653,0.7799613768536534,0.0016569120581579506,0.9983430879417836
154,77.25752508361204,0.43,0.65,0.22003160506819566,0.7799683949318043,0.001611995224379267,0.9983880047755589
155,77.75919732441471,0.43,0.65,0.2200247774209556,0.7799752225790444,0.0015682758999054944,0.9984317241000292
156,78.26086956521739,0.43,0.65,0.2200181390531524,0.7799818609468475,0.001525771478098378,0.9984742285218325
157,78.76254180602007,0.43,0.65,0.2200116810983626,0.7799883189016373,0.0014844116734484092,0.9985155883264786
158,79.26421404682274,0.43,0.65,0.22000539887718937,0.7799946011228106,0.00144416858305207,0.9985558314168708
159,79.76588628762542,0.43,0.65,0.2199992877102358,0.7800007122897641,0.0014050143040058422,0.9985949856959125
160,80.2675585284281,0.43,0.65,0.21999334294779657,0.7800066570522034,0.0013669209063553287,0.9986330790935585
161,80.76923076923077,0.43,0.65,0.21998756049152027,0.7800124395084798,0.0013298599578264127,0.9986701400420824
162,81.27090301003345,0.43,0.65,0.2199819362663742,0.7800180637336258,0.0012938030107381721,0.9987061969891654
163,81.77257525083613,0.43,0.65,0.2199764653062841,0.7800235346937159,0.0012587230280057618,0.9987412769718923
164,82.27424749163879,0.43,0.65,0.21997114228678324,0.7800288577132167,0.0012245935717130085,0.9987754064281792
165,82.77591973244147,0.43,0.65,0.21996596279585476,0.7800340372041451,0.0011913887136523252,0.9988086112862337
166,83.27759197324414,0.43,0.65,0.2199609232523842,0.7800390767476157,0.0011590837747474214,0.998840916225132
167,83.77926421404682,0.43,0.65,0.21995601985710633,0.7800439801428936,0.0011276539843602018,0.9988723460155123
168,84.2809364548495,0.43,0.65,0.21995124940011984,0.78004875059988,0.0010970761264699114,0.9989029238733953
169,84.78260869565217,0.43,0.65,0.21994660843548666,0.7800533915645133,0.001067326653327212,0.9989326733465301
170,85.28428093645485,0.43,0.65,0.21994209342917262,0.7800579065708273,0.0010383835252084559,0.9989616164746408
171,85.78595317725753,0.43,0.65,0.21993770088962375,0.7800622991103762,0.0010102246542618564,0.9989897753455788
172,86.2876254180602,0.43,0.65,0.2199334274915976,0.7800665725084023,0.0009828290952458073,0.9990171709045856
173,86.78929765886288,0.43,0.65,0.21992926993187956,0.7800707300681203,0.00095617589576344,0.9990438241040583
174,87.29096989966555,0.43,0.65,0.21992522516410637,0.7800747748358935,0.0009302452375282991,0.9990697547622832
175,87.79264214046823,0.43,0.65,0.2199212901283834,0.7800787098716164,0.0009050173569295328,0.9990949826428711
176,88.29431438127091,0.43,0.65,0.21991746187187128,0.7800825381281287,0.0008804732801514665,0.9991195267196377
177,88.79598662207358,0.43,0.65,0.21991373750130508,0.7800862624986947,0.0008565944396566486,0.9991434055601204
178,89.29765886287625,0.43,0.65,0.21991011422825857,0.7800898857717413,0.0008333629644467591,0.9991666370353174
179,89.79933110367892,0.43,0.65,0.21990658928116763,0.7800934107188322,0.0008107611194417102,0.999189238880309
180,90.3010033444816,0.43,0.65,0.2199031599722166,0.7800968400277832,0.0007887717548530834,0.9992112282448832
181,90.80267558528428,0.43,0.65,0.21989982370551278,0.780100176294487,0.0007673783611051156,0.999232621638616
182,91.30434782608695,0.43,0.65,0.21989657797619622,0.7801034220238037,0.000746565061258703,0.9992534349384464
183,91.80602006688963,0.43,0.65,0.21989342027948255,0.7801065797205173,0.0007263158371351913,0.999273684162553
184,92.3076923076923,0.43,0.65,0.21989034817789332,0.7801096518221066,0.0007066151013216092,0.9992933848983486
185,92.80936454849498,0.43,0.65,0.21988735935518633,0.7801126406448134,0.0006874481560192075,0.999312551843632
186,93.31103678929766,0.43,0.65,0.21988445157475806,0.7801155484252418,0.0006688008391240625,0.9993311991605072
187,93.81270903010034,0.43,0.65,0.21988162267964353,0.7801183773203563,0.0006506595242270757,0.9993493404753828
188,94.31438127090301,0.43,0.65,0.2198788705673897,0.7801211294326101,0.000633010859536432,0.999366989140051
189,94.81605351170569,0.43,0.65,0.21987619309009507,0.7801238069099048,0.0006158407292500456,0.9993841592703137
190,95.31772575250837,0.43,0.65,0.21987358822678763,0.7801264117732122,0.0005991360446321853,0.9994008639549063
191,95.81939799331104,0.43,0.65,0.21987105403453974,0.78012894596546,0.000582884236076203,0.9994171157634358
192,96.3210702341137,0.43,0.65,0.21986858863634187,0.7801314113636579,0.0005670731271085933,0.9994329268723753
193,96.82274247491638,0.43,0.65,0.21986619022108453,0.7801338097789152,0.0005516909342935586,0.9994483090651607
194,97.32441471571906,0.43,0.65,0.21986385698131344,0.7801361430186863,0.000536725937775193,0.9994632740616476
195,97.82608695652173,0.43,0.65,0.219861587137924,0.7801384128620757,0.0005221666119837999,0.9994778333874058
196,98.32775919732441,0.43,0.65,0.21985937900820934,0.7801406209917904,0.0005080019858094552,0.9994919980135449
197,98.82943143812709,0.43,0.65,0.21985723096556647,0.7801427690344332,0.0004942214293290674,0.9995057785699881
198,99.33110367892976,0.43,0.65,0.21985514143949625,0.7801448585605035,0.00048081465380637675,0.9995191853454716
199,99.83277591973244,0.43,0.65,0.21985310889056492,0.7801468911094348,0.0004677716526162664,0.9995322283466199
200,100.33444816053512,0.43,0.65,0.21985113164609824,0.7801488683539014,0.00045508231358047874,0.9995449176856118
201,100.8361204013378,0.43,0.65,0.2198492081444598,0.7801507918555399,0.00044273699531916617,0.9995572630038265
202,101.33779264214047,0.43,0.65,0.21984733688642108,0.7801526631135787,0.00043072641251319904,0.9995692735865833
203,101.83946488294315,0.43,0.65,0.2198455164084894,0.7801544835915103,0.0004190415729739399,0.9995809584260705
204,102.34113712374582,0.43,0.65,0.21984374528290798,0.7801562547170917,0.0004076737776432433,0.9995923262213462
205,102.8428093645485,0.43,0.65,0.21984202210933504,0.7801579778906647,0.00039661440501329823,0.9996033855939179
206,103.34448160535118,0.43,0.65,0.2198403455139349,0.7801596544860648,0.00038585488757551594,0.9996141451112941
207,103.84615384615384,0.43,0.65,0.21983871416472664,0.7801612858352731,0.0003753871094857673,0.9996246128893187
208,104.34782608695652,0.43,0.65,0.21983712676388514,0.7801628732361146,0.0003652032070933901,0.9996347967916422
209,104.84949832775919,0.43,0.65,0.21983558204768847,0.7801644179523113,0.0003552955675778159,0.9996447044310849
210,105.35117056856187,0.43,0.65,0.21983407880153477,0.780165921198465,0.0003456568025200114,0.9996543431960656
211,105.85284280936455,0.43,0.65,0.21983261602741272,0.780167383972587,0.000336279453169015,0.999663720545335
212,106.35451505016722,0.43,0.65,0.2198311927278385,0.7801688072721612,0.0003271563706941146,0.9996728436277238
213,106.8561872909699,0.43,0.65,0.21982980792333515,0.7801701920766646,0.0003182806854229109,0.9996817193129037
214,107.35785953177258,0.43,0.65,0.21982846068845183,0.7801715393115479,0.00030964574345031617,0.9996903542547799
215,107.85953177257525,0.43,0.65,0.2198271501517639,0.7801728498482358,0.0003012451066385544,0.9996987548914896
216,108.36120401337793,0.43,0.65,0.2198258746191925,0.7801741253808072,0.00029306857303782125,0.9997069314249829
217,108.8628762541806,0.43,0.65,0.21982463530103422,0.7801753646989655,0.000285119880722152,0.9997148801171842
218,109.36454849498328,0.43,0.65,0.21982342978863298,0.7801765702113668,0.00027738549709394554,0.9997226145006917
219,109.86622073578596,0.43,0.65,0.2198222574374003,0.7801777425625994,0.00026986020550722676,0.9997301397921506
220,110.36789297658864,0.43,0.65,0.21982111760274767,0.780178882397252,0.00026253878931602057,0.9997374612082068
221,110.8695652173913,0.43,0.65,0.21982000959826772,0.780179990401732,0.00025541602661487,0.999744583970765
222,111.37123745819397,0.43,0.65,0.21981893170543526,0.7801810682945645,0.00024848656569066057,0.9997515134315382
223,111.87290969899665,0.43,0.65,0.21981788208145664,0.7801821179185431,0.0002417450464416151,0.9997582549506275
224,112.37458193979933,0.43,0.65,0.21981686029820643,0.7801831397017933,0.00023518641927842182,0.9997648135776218
225,112.876254180602,0.43,0.65,0.21981586605208153,0.7801841339479183,0.00022880568385901152,0.9997711943128624
226,113.37792642140468,0.43,0.65,0.21981489879177443,0.7801851012082254,0.00022259806254949687,0.9997774019339829
227,113.87959866220736,0.43,0.65,0.21981395746340365,0.7801860425365961,0.0002165560451906508,0.9997834439511414
228,114.38127090301003,0.43,0.65,0.21981304265450902,0.7801869573454907,0.0002106832955632789,0.9997893167005576
229,114.88294314381271,0.43,0.65,0.2198121521227273,0.7801878478772725,0.00020496698547709603,0.9997950330104202
230,115.38461538461539,0.43,0.65,0.2198112854280364,0.7801887145719634,0.00019940404426899242,0.9998005959513914
231,115.88628762541806,0.43,0.65,0.21981044236960012,0.7801895576303995,0.00019399310541276649,0.9998060068899972
232,116.38795986622074,0.43,0.65,0.2198096220211662,0.7801903779788335,0.00018872798560331614,0.9998112720095416
233,116.88963210702342,0.43,0.65,0.21980882451583478,0.780191175484165,0.00018360949747411049,0.9998163904973913
234,117.3913043478261,0.43,0.65,0.21980804768128598,0.7801919523187137,0.00017862363287252697,0.9998213763616958
235,117.89297658862876,0.43,0.65,0.21980729249959363,0.7801927075004063,0.00017377672666072237,0.9998262232675942
236,118.39464882943143,0.43,0.65,0.2198065581748224,0.7801934418251775,0.0001690636705920848,0.9998309363233316
237,118.89632107023411,0.43,0.65,0.2198058439845736,0.7801941560154263,0.00016447982150790438,0.9998355201720656
238,119.39799331103679,0.43,0.65,0.21980514924704783,0.780194850752952,0.00016002079302363613,0.9998399792001793
239,119.89966555183946,0.43,0.65,0.21980447328044586,0.780195526719554,0.0001556821987547351,0.9998443177940564
240,120.40133779264214,0.43,0.65,0.21980381540296828,0.7801961845970316,0.00015145965231665623,0.9998485403400799
241,120.90301003344482,0.43,0.65,0.21980317519675283,0.7801968248032469,0.00014735048158125288,0.9998526495103768
242,121.40468227424749,0.43,0.65,0.21980255241256658,0.7801974475874331,0.00014335310965909803,0.9998566468818347
243,121.90635451505017,0.43,0.65,0.21980194655926968,0.7801980534407301,0.00013946438848848715,0.9998605356025141
244,122.40802675585284,0.43,0.65,0.21980135714526436,0.7801986428547354,0.0001356811670333005,0.9998643188234497
245,122.90969899665552,0.43,0.65,0.21980078367895275,0.7801992163210469,0.00013200029425741836,0.9998679996956763
246,123.4113712374582,0.43,0.65,0.2198002256981534,0.7801997743018464,0.00012841880975935532,0.9998715811795937
247,123.91304347826087,0.43,0.65,0.21979968288704124,0.7802003171129586,0.00012493470161246332,0.9998750652871261
248,124.41471571906355,0.43,0.65,0.21979915484094995,0.7802008451590499,0.00012154538214739733,0.9998784546059408
249,124.91638795986621,0.43,0.65,0.21979864113699837,0.7802013588630015,0.00011824814565189003,0.9998817518417483
250,125.41806020066889,0.43,0.65,0.21979814135230538,0.7802018586476944,0.00011504028641367375,0.999884959700259
251,125.91973244147157,0.43,0.65,0.21979765541414098,0.7802023445858588,0.0001119212726506662,0.9998880787132493
252,126.42140468227424,0.43,0.65,0.2197971821146642,0.7802028178853355,0.00010888352519010712,0.9998911164598987
253,126.92307692307692,0.43,0.65,0.2197967217886938,0.780203278211306,0.00010592904253580789,0.9998940709416934
254,127.4247491638796,0.43,0.65,0.21979627403089017,0.7802037259691096,0.00010305522788275764,0.999896944755436
255,127.92642140468227,0.43,0.65,0.21979583844666722,0.7802041615533325,0.00010025955119012,0.9998997404311654
256,128.42809364548495,0.43,0.65,0.21979541465219252,0.7802045853478072,9.753954918123319e-05,0.9999024604321559
257,128.9297658862876,0.43,0.65,0.21979500230098584,0.780204997699014,9.489299525553861e-05,0.9999051069850051
258,129.4314381270903,0.43,0.65,0.2197946011215688,0.780205398878431,9.231813999130463e-05,0.9999076818391305
259,129.93311036789297,0.43,0.65,0.2197942108059004,0.7802057891940994,8.98129984777934e-05,0.9999101869794392
260,130.43478260869566,0.43,0.65,0.21979383105729988,0.7802061689426999,8.737565644285927e-05,0.9999126243201997
261,130.93645484949832,0.43,0.65,0.21979346159408406,0.7802065384059158,8.500429348903089e-05,0.9999149956818054
262,131.438127090301,0.43,0.65,0.2197931021495672,0.7802068978504326,8.269718309351019e-05,0.9999173027907754
263,131.93979933110367,0.43,0.65,0.21979275247206137,0.7802072475279385,8.045269260817334e-05,0.9999195472797532
264,132.44147157190636,0.43,0.65,0.21979241232487604,0.7802075876751238,7.826928325956984e-05,0.9999217306875078
265,132.94314381270902,0.43,0.65,0.21979208146884005,0.7802079185311597,7.614540314589875e-05,0.9999238545659361
266,133.44481605351172,0.43,0.65,0.21979175958867544,0.7802082404113243,7.407903649218859e-05,0.9999259209308071
267,133.94648829431438,0.43,0.65,0.2197914464339692,0.7802085535660306,7.206856668966949e-05,0.9999279313987235
268,134.44816053511707,0.43,0.65,0.2197911417757866,0.7802088582242132,7.011251068030178e-05,0.9999298874527374
269,134.94983277591973,0.43,0.65,0.21979084539507862,0.7802091546049211,6.820944798458368e-05,0.9999317905133221
270,135.45150501672242,0.43,0.65,0.21979055708268172,0.7802094429173181,6.635802070155045e-05,0.9999336419383721
271,135.95317725752508,0.43,0.65,0.21979027663931797,0.7802097233606818,6.455693350877519e-05,0.9999354430232031
272,136.45484949832775,0.43,0.65,0.21979000387559494,0.7802099961244048,6.280495366236818e-05,0.9999371950005519
273,136.95652173913044,0.43,0.65,0.21978973860562864,0.7802102613943711,6.110087581806195e-05,0.9999388990757553
274,137.4581939799331,0.43,0.65,0.21978948057415637,0.7802105194258434,5.944311996150443e-05,0.9999405568288179
275,137.9598662207358,0.43,0.65,0.21978922956319968,0.7802107704368001,5.783031979729103e-05,0.9999421696260258
276,138.46153846153845,0.43,0.65,0.21978898537906236,0.7802110146209374,5.6261251025831336e-05,0.9999437386916693
277,138.96321070234114,0.43,0.65,0.21978874783356497,0.7802112521664348,5.473472782587172e-05,0.99994526521156
278,139.4648829431438,0.43,0.65,0.2197885167440447,0.7802114832559551,5.324960285449609e-05,0.999946750333031
279,139.9665551839465,0.43,0.65,0.21978829193335545,0.7802117080666443,5.180476724712518e-05,0.9999481951649364
280,140.46822742474916,0.43,0.65,0.21978807322986782,0.780211926770132,5.039915061751723e-05,0.9999496007776516
281,140.96989966555185,0.43,0.65,0.21978786046703885,0.7802121395329609,4.9031719028464765e-05,0.9999509682051027
282,141.4715719063545,0.43,0.65,0.21978765346311382,0.7802123465368859,4.770137925173387e-05,0.9999522985405026
283,141.9732441471572,0.43,0.65,0.21978745204292863,0.7802125479570711,4.640708160292329e-05,0.9999535928335204
284,142.47491638795987,0.43,0.65,0.21978725604435276,0.780212743955647,4.5147850330623805e-05,0.9999548520598928
285,142.97658862876253,0.43,0.65,0.219787065309497,0.7802129346905027,4.392274214610725e-05,0.9999560771628934
286,143.47826086956522,0.43,0.65,0.21978687968471342,0.7802131203152863,4.273084622332666e-05,0.9999572690533327
287,143.97993311036788,0.43,0.65,0.21978669902059533,0.7802133009794043,4.157128419891656e-05,0.9999584286095576
288,144.48160535117057,0.43,0.65,0.21978652317197744,0.7802134768280222,4.044321017219242e-05,0.999959556677452
289,144.98327759197323,0.43,0.65,0.21978635199793564,0.780213648002064,3.9345810705151194e-05,0.9999606540704361
290,145.48494983277592,0.43,0.65,0.2197861848747949,0.7802138151252048,3.827537183830394e-05,0.9999617245025545
291,145.9866220735786,0.43,0.65,0.219786022870519,0.7802139771294807,3.723799490789221e-05,0.9999627618721821
292,146.48829431438128,0.43,0.65,0.2197858650649068,0.780214134935093,3.622827398664344e-05,0.9999637715853981
293,146.98996655518394,0.43,0.65,0.2197857113604865,0.7802142886395133,3.5245597126363206e-05,0.999964754254121
294,147.49163879598663,0.43,0.65,0.2197855616597862,0.7802144383402135,3.4289352378856884e-05,0.9999657104902699
295,147.9933110367893,0.43,0.65,0.219785415865334,0.7802145841346657,3.335892779593005e-05,0.9999666409057639
296,148.49498327759198,0.43,0.65,0.2197852738796581,0.7802147261203416,3.245371142938807e-05,0.9999675461125217
297,148.99665551839465,0.43,0.65,0.21978513560528656,0.7802148643947132,3.1573091331036535e-05,0.9999684267224624
298,149.49832775919734,0.43,0.65,0.21978500105406362,0.780214998945936,3.071642799983512e-05,0.9999692833750538
299,150.0,0.43,0.65,0.21978487043463069,0.780215129565369,2.9883032332497707e-05,0.9999701167593587
