,time,sigma,beta,S,I,C,D
0,0.0,0.75,0.85,0.9998,0.0002,0.5,0.5
1,0.5016722408026756,0.75,0.85,0.9997501026115567,0.0002498973884428807,0.4791161901146111,0.5208838098853887
2,1.0033444816053512,0.75,0.85,0.9996860027173352,0.0003139972826644489,0.458306859039581,0.541693140960419
3,1.5050167224080266,0.75,0.85,0.9996032582594662,0.0003967417405335314,0.43764422003219583,0.5623557799678048
4,2.0066889632107023,0.75,0.85,0.9994959388660516,0.0005040611339480194,0.4171985661399945,0.5828014338600065
5,2.508361204013378,0.75,0.85,0.9993560995546481,0.0006439004453515694,0.3970374013031269,0.6029625986968741
6,3.0100334448160533,0.75,0.85,0.9991730660496639,0.0008269339503358115,0.3772246410320575,0.6227753589679436
7,3.511705685618729,0.75,0.85,0.9989324519999463,0.0010675480000532946,0.3578199195552364,0.6421800804447646
8,4.013377926421405,0.75,0.85,0.9986148176428093,0.0013851823571902396,0.33887803589546145,0.6611219641045395
9,4.51505016722408,0.75,0.85,0.9981938326932507,0.0018061673067489702,0.3204485488944773,0.6795514511055235
10,5.016722408026756,0.75,0.85,0.9976337617487021,0.002366238251297612,0.3025755315850121,0.6974244684149887
11,5.518394648829432,0.75,0.85,0.9968860466867946,0.0031139533132049425,0.28529748870876276,0.714702511291238
12,6.020066889632107,0.75,0.85,0.9958845717071825,0.004115428292816996,0.2686474526566014,0.7313525473433993
13,6.521739130434782,0.75,0.85,0.9945393810158778,0.005460618984121615,0.2526532294951659,0.7473467705048347
14,7.023411371237458,0.75,0.85,0.9927281073604864,0.007271892639513055,0.23733782671732673,0.7626621732826738
15,7.525083612040134,0.75,0.85,0.9902846375940282,0.00971536240597121,0.22272003676501573,0.7772799632349848
16,8.02675585284281,0.75,0.85,0.9869842130240314,0.013015786975968046,0.20881518437552596,0.7911848156244746
17,8.528428093645484,0.75,0.85,0.9825246058188465,0.017475394181152928,0.19563602045762138,0.804363979542379
18,9.03010033444816,0.75,0.85,0.9765030076531533,0.023496992346846015,0.18319376122524733,0.8168062387747531
19,9.531772575250836,0.75,0.85,0.9683897881442144,0.03161021185578494,0.17149923695691005,0.8285007630430904
20,10.033444816053512,0.75,0.85,0.9575022114676099,0.04249778853238937,0.16056410191704437,0.839435898082956
21,10.535117056856187,0.75,0.85,0.9429853290872882,0.057014670912711174,0.15040200360814046,0.8495979963918601
22,11.036789297658864,0.75,0.85,0.9238137021829055,0.07618629781709386,0.14102953523752157,0.858970464762479
23,11.538461538461538,0.75,0.85,0.8988352669284593,0.1011647330715402,0.13246669570013025,0.8675333042998702
24,12.040133779264213,0.75,0.85,0.866886006336427,0.1331139936635722,0.12473646050871934,0.875263539491281
25,12.54180602006689,0.75,0.85,0.8270013455565951,0.17299865444340418,0.11786299607921348,0.8821370039207868
26,13.043478260869565,0.75,0.85,0.7787259402745405,0.22127405972545877,0.11186811659184367,0.8881318834081566
27,13.545150501672241,0.75,0.85,0.7224663257739977,0.27753367422600156,0.10676594611937452,0.8932340538806258
28,14.046822742474916,0.75,0.85,0.6597549854466487,0.3402450145533505,0.10255644935652279,0.8974435506434775
29,14.548494983277592,0.75,0.85,0.5932516102398153,0.40674838976018396,0.09921938546018916,0.9007806145398111
30,15.050167224080267,0.75,0.85,0.5263734059063294,0.4736265940936699,0.09671077793538603,0.9032892220646144
31,15.551839464882944,0.75,0.85,0.4626282418539351,0.5373717581460642,0.09496358900699384,0.9050364109930066
32,16.05351170568562,0.75,0.85,0.4049081587203424,0.595091841279657,0.09389285858660495,0.9061071414133954
33,16.555183946488295,0.75,0.85,0.35502759385319244,0.644972406146807,0.09340384395170463,0.9065961560482958
34,17.05685618729097,0.75,0.85,0.3136356736703666,0.6863643263296327,0.09340074879951313,0.9065992512004875
35,17.558528428093645,0.75,0.85,0.2804325655199855,0.7195674344800139,0.09379390472828984,0.9062060952717107
36,18.06020066889632,0.75,0.85,0.2545191503964517,0.7454808496035477,0.09450433053568444,0.9054956694643163
37,18.561872909698998,0.75,0.85,0.23472956880854565,0.7652704311914535,0.09546567669486038,0.9045343233051405
38,19.06354515050167,0.75,0.85,0.21987144984489748,0.7801285501551017,0.09662419666312178,0.9033758033368792
39,19.565217391304348,0.75,0.85,0.20886396218890568,0.7911360378110934,0.09793753691010527,0.9020624630898958
40,20.066889632107024,0.75,0.85,0.20079652926976477,0.7992034707302345,0.0993730045522104,0.9006269954477906
41,20.568561872909697,0.75,0.85,0.19493789223152796,0.8050621077684713,0.10090574908514541,0.8990942509148558
42,21.070234113712374,0.75,0.85,0.19071959427948537,0.8092804057205139,0.1025170957189098,0.8974829042810916
43,21.57190635451505,0.75,0.85,0.18770957790833234,0.8122904220916668,0.10419312967495198,0.8958068703250495
44,22.073578595317727,0.75,0.85,0.18558458447042453,0.8144154155295746,0.10592354940981231,0.8940764505901891
45,22.5752508361204,0.75,0.85,0.18410542272657118,0.8158945772734281,0.10770076647948273,0.892299233520519
46,23.076923076923077,0.75,0.85,0.18309647205320778,0.8169035279467914,0.10951921350294493,0.890480786497057
47,23.578595317725753,0.75,0.85,0.18242948779433626,0.8175705122056628,0.11137482017019942,0.8886251798298026
48,24.080267558528426,0.75,0.85,0.18201117551086635,0.8179888244891327,0.11326462032739922,0.886735379672603
49,24.581939799331103,0.75,0.85,0.18177384312619185,0.8182261568738073,0.11518645938280646,0.8848135406171959
50,25.08361204013378,0.75,0.85,0.1816684639615063,0.8183315360384927,0.11713877772315012,0.8828612222768524
51,25.585284280936456,0.75,0.85,0.18165956913926257,0.8183404308607365,0.1191204505315199,0.8808795494684828
52,26.08695652173913,0.75,0.85,0.18172151924940233,0.8182784807505968,0.12113066994986219,0.8788693300501408
53,26.588628762541806,0.75,0.85,0.18183578983757961,0.8181642101624196,0.12316885835785762,0.8768311416421456
54,27.090301003344482,0.75,0.85,0.18198900058847994,0.8180109994115192,0.12523460457498659,0.874765395425017
55,27.59197324414716,0.75,0.85,0.1821714888470345,0.8178285111529646,0.12732761699534936,0.8726723830046543
56,28.093645484949832,0.75,0.85,0.1823762799243933,0.8176237200756059,0.12944768920182145,0.8705523107981825
57,28.59531772575251,0.75,0.85,0.18259833841017373,0.8174016615898255,0.13159467451614223,0.868405325483862
58,29.096989966555185,0.75,0.85,0.1828340288162376,0.8171659711837618,0.1337684673411292,0.8662315326588753
59,29.598662207357858,0.75,0.85,0.18308073283659299,0.8169192671634063,0.13596898963810194,0.8640310103619029
60,30.100334448160535,0.75,0.85,0.18333656312570462,0.8166634368742948,0.13819618056844923,0.861803819431556
61,30.60200668896321,0.75,0.85,0.1836001623676864,0.816399837632313,0.14044998906688272,0.8595500109331229
62,31.103678929765888,0.75,0.85,0.18387055324887688,0.8161294467511226,0.14273036816674356,0.8572696318332624
63,31.60535117056856,0.75,0.85,0.18414703922329964,0.8158529607766999,0.14503727109929113,0.8549627289007153
64,32.10702341137124,0.75,0.85,0.1844291230203368,0.8155708769796627,0.1473706480105017,0.8526293519895052
65,32.608695652173914,0.75,0.85,0.18471645105731482,0.8152835489426847,0.14973044361690918,0.8502695563830981
66,33.11036789297659,0.75,0.85,0.1850087758338164,0.8149912241661832,0.15211659556880758,0.8478834044312
67,33.61204013377927,0.75,0.85,0.18530592553889458,0.814694074461105,0.15452903304491866,0.8454709669550895
68,34.11371237458194,0.75,0.85,0.1856077820656121,0.8143922179343874,0.15696767569066616,0.8430323243093424
69,34.61538461538461,0.75,0.85,0.1859142665794681,0.8140857334205315,0.1594324328622216,0.8405675671377876
70,35.11705685618729,0.75,0.85,0.18622533286705403,0.8137746671329456,0.16192320321750878,0.8380767967825009
71,35.618729096989966,0.75,0.85,0.18654095128963466,0.813459048710365,0.16443987382904218,0.8355601261709681
72,36.12040133779264,0.75,0.85,0.1868611049452183,0.8131388950547813,0.1669823215251679,0.833017678474843
73,36.62207357859532,0.75,0.85,0.18718579334899382,0.8128142066510058,0.16955040480264158,0.8304495951973699
74,37.123745819397996,0.75,0.85,0.18751501630191927,0.8124849836980804,0.1721439784334419,0.8278560215665702
75,37.625418060200666,0.75,0.85,0.18784878335759564,0.812151216642404,0.17476287827736672,0.8252371217226461
76,38.12709030100334,0.75,0.85,0.18818710560696625,0.8118128943930334,0.17740693170314148,0.822593068296872
77,38.62876254180602,0.75,0.85,0.18852999554519337,0.8114700044548063,0.18007595090701636,0.8199240490929978
78,39.130434782608695,0.75,0.85,0.18887746780305648,0.8111225321969432,0.18276973534242652,0.8172302646575884
79,39.63210702341137,0.75,0.85,0.1892295382734137,0.810770461726586,0.18548807364452186,0.8145119263554939
80,40.13377926421405,0.75,0.85,0.18958622216572776,0.8104137778342719,0.18823073629368192,0.8117692637063346
81,40.635451505016725,0.75,0.85,0.18994753433110065,0.810052465668899,0.19099748702118818,0.8090025129788292
82,41.137123745819395,0.75,0.85,0.19031348810880366,0.809686511891196,0.19378806775944318,0.8062119322405751
83,41.63879598662207,0.75,0.85,0.19068409680686982,0.8093159031931298,0.19660221973417627,0.8033977802658429
84,42.14046822742475,0.75,0.85,0.19105937210401666,0.808940627895983,0.19943965691029156,0.8005603430897286
85,42.642140468227424,0.75,0.85,0.19143932550402604,0.8085606744959736,0.20230009367384783,0.7976999063261733
86,43.1438127090301,0.75,0.85,0.19182396616150582,0.8081760338384938,0.205183217951864,0.7948167820481581
87,43.64548494983278,0.75,0.85,0.19221330291158137,0.8077866970884182,0.20808871639815169,0.7919112836018714
88,44.147157190635454,0.75,0.85,0.1926073423531342,0.8073926576468654,0.21101625566707505,0.7889837443329492
89,44.64882943143812,0.75,0.85,0.19300609025249546,0.8069939097475041,0.21396549540499005,0.7860345045950352
90,45.1505016722408,0.75,0.85,0.19340955018949896,0.8065904498105007,0.21693607745232577,0.7830639225477006
91,45.65217391304348,0.75,0.85,0.19381772436242498,0.8061822756375746,0.21992763109530894,0.7800723689047186
92,46.15384615384615,0.75,0.85,0.19423061322174737,0.8057693867782523,0.22293977114703029,0.7770602288529985
93,46.65551839464883,0.75,0.85,0.1946482163054963,0.8053517836945033,0.22597210794918265,0.7740278920508473
94,47.15719063545151,0.75,0.85,0.1950705309592921,0.8049294690407075,0.2290242324974816,0.7709757675025496
95,47.65886287625418,0.75,0.85,0.1954975526608553,0.8045024473391443,0.23209572310258847,0.767904276897444
96,48.16053511705685,0.75,0.85,0.195929275013707,0.8040707249862926,0.2351861534653031,0.7648138465347306
97,48.66220735785953,0.75,0.85,0.19636568981660446,0.8036343101833952,0.23829508223138487,0.7617049177686502
98,49.163879598662206,0.75,0.85,0.1968067870769767,0.8031932129230229,0.24142205641250655,0.7585779435875298
99,49.66555183946488,0.75,0.85,0.19725255509954262,0.802747444900457,0.24456661358545964,0.7554333864145781
100,50.16722408026756,0.75,0.85,0.19770298036110698,0.8022970196388927,0.2477282793692058,0.7522717206308333
101,50.668896321070235,0.75,0.85,0.19815804759959782,0.8018419524004018,0.2509065687029711,0.7490934312970693
102,51.17056856187291,0.75,0.85,0.19861774009188907,0.8013822599081106,0.2541009889218298,0.745899011078212
103,51.67224080267559,0.75,0.85,0.19908203923737616,0.8009179607626234,0.2573110352081677,0.7426889647918754
104,52.17391304347826,0.75,0.85,0.19955092457045526,0.8004490754295444,0.26053619381797155,0.739463806182073
105,52.675585284280935,0.75,0.85,0.2000243731898652,0.7999756268101343,0.2637759440902628,0.7362240559097831
106,53.17725752508361,0.75,0.85,0.2005023605574309,0.7994976394425687,0.26702975493378034,0.732970245066267
107,53.67892976588629,0.75,0.85,0.2009848602434889,0.7990151397565107,0.2702970864913971,0.7297029135086516
108,54.180602006688964,0.75,0.85,0.20147184387396544,0.7985281561260342,0.2735773907561378,0.7264226092439121
109,54.68227424749164,0.75,0.85,0.20196328030759117,0.7980367196924085,0.27687011354448865,0.7231298864555626
110,55.18394648829432,0.75,0.85,0.2024591361087712,0.7975408638912285,0.28017469403177603,0.7198253059682767
111,55.68561872909699,0.75,0.85,0.20295937581845935,0.7970406241815403,0.2834905646676246,0.7165094353324293
112,56.187290969899664,0.75,0.85,0.20346396166646483,0.7965360383335348,0.286817152142428,0.7131828478576273
113,56.68896321070234,0.75,0.85,0.20397285436597762,0.7960271456340221,0.29015387739953213,0.7098461226005244
114,57.19063545150502,0.75,0.85,0.20448601520016563,0.795513984799834,0.29350015488085673,0.706499845119201
115,57.69230769230769,0.75,0.85,0.20500340275761048,0.7949965972423892,0.2968553949472667,0.7031446050527923
116,58.19397993311037,0.75,0.85,0.20552497407596132,0.7944750259240384,0.30021900368362453,0.6997809963164356
117,58.69565217391305,0.75,0.85,0.20605068476066166,0.7939493152393381,0.3035903832708602,0.6964096167292012
118,59.197324414715716,0.75,0.85,0.20658048591622002,0.7934195140837798,0.30696893266332514,0.6930310673367374
119,59.69899665551839,0.75,0.85,0.2071143261314269,0.7928856738685729,0.3103540478787811,0.6896459521212824
120,60.20066889632107,0.75,0.85,0.20765215253393754,0.7923478474660622,0.3137451223597173,0.6862548776403473
121,60.702341137123746,0.75,0.85,0.20819390980905622,0.7918060901909435,0.31714154749070494,0.6828584525093607
122,61.20401337792642,0.75,0.85,0.2087395417813208,0.791260458218679,0.3205427133532021,0.6794572866468644
123,61.7056856187291,0.75,0.85,0.20928899534184042,0.7907110046581592,0.32394800991403944,0.676051990086028
124,62.207357859531776,0.75,0.85,0.20984221421761268,0.790157785782387,0.3273568263359002,0.672643173664168
125,62.709030100334445,0.75,0.85,0.21039914120389783,0.7896008587961019,0.3307685518524427,0.6692314481476264
126,63.21070234113712,0.75,0.85,0.21095971833477323,0.7890402816652266,0.33418257628042075,0.665817423719649
127,63.7123745819398,0.75,0.85,0.21152387240282589,0.7884761275971739,0.3375982891074668,0.6624017108926035
128,64.21404682274247,0.75,0.85,0.2120915249097256,0.7879084750902741,0.3410150809964864,0.6589849190035845
129,64.71571906354515,0.75,0.85,0.2126626276788349,0.7873373723211647,0.34443234771380804,0.6555676522862635
130,65.21739130434783,0.75,0.85,0.21323710465645582,0.7867628953435438,0.34784948476245975,0.6521505152376122
131,65.7190635451505,0.75,0.85,0.213814884391998,0.7861851156080016,0.3512658911074889,0.6487341088925835
132,66.22073578595318,0.75,0.85,0.21439589852871174,0.785604101471288,0.3546809695305336,0.6453190304695391
133,66.72240802675586,0.75,0.85,0.2149800731446703,0.7850199268553295,0.35809412612602465,0.6419058738740483
134,67.22408026755853,0.75,0.85,0.21556733297226957,0.7844326670277301,0.36150477118574864,0.6384952288143244
135,67.72575250836121,0.75,0.85,0.21615760160250438,0.7838423983974953,0.36491231966253823,0.6350876803375349
136,68.22742474916387,0.75,0.85,0.21675080328634613,0.7832491967136536,0.3683161916792151,0.6316838083208581
137,68.72909698996655,0.75,0.85,0.21734685957444902,0.7826531404255507,0.3717158127121388,0.6282841872879344
138,69.23076923076923,0.75,0.85,0.2179456906541244,0.7820543093458753,0.3751106140427003,0.6248893859573729
139,69.7324414715719,0.75,0.85,0.21854721558512075,0.781452784414879,0.37850003312164493,0.621499966878428
140,70.23411371237458,0.75,0.85,0.21915135272884154,0.7808486472711582,0.3818835144994448,0.6181164855006279
141,70.73578595317726,0.75,0.85,0.21975801920505422,0.7802419807949456,0.38526051072984935,0.614739489270223
142,71.23745819397993,0.75,0.85,0.220367131737331,0.7796328682626689,0.388630477372182,0.6113695226278901
143,71.73913043478261,0.75,0.85,0.22097860527795474,0.779021394722045,0.39199288357798584,0.6080071164220858
144,72.24080267558529,0.75,0.85,0.22159235472422376,0.778407645275776,0.3953471992066549,0.6046528007934162
145,72.74247491638796,0.75,0.85,0.22220829304880232,0.7777917069511975,0.3986929105046127,0.6013070894954579
146,73.24414715719064,0.75,0.85,0.22282633324098855,0.7771736667590111,0.40202950528702747,0.5979704947130426
147,73.74581939799332,0.75,0.85,0.2234463874045939,0.7765536125954058,0.40535648356447085,0.5946435164355985
148,74.24749163879599,0.75,0.85,0.22406836721162807,0.7759316327883717,0.40867335272199895,0.5913266472780697
149,74.74916387959867,0.75,0.85,0.22469218405119246,0.7753078159488074,0.41197963227191403,0.5880203677281539
150,75.25083612040133,0.75,0.85,0.2253177486996683,0.7746822513003315,0.41527484894455813,0.5847251510555089
151,75.75250836120401,0.75,0.85,0.22594497115848983,0.7740550288415099,0.41855854087617195,0.5814414591238942
152,76.25418060200668,0.75,0.85,0.2265737603739641,0.7734262396260356,0.4218302545990999,0.5781697454009654
153,76.75585284280936,0.75,0.85,0.22720402436951517,0.7727959756304845,0.4250895472013914,0.5749104527986729
154,77.25752508361204,0.75,0.85,0.22783567036535632,0.7721643296346434,0.4283359882810997,0.5716640117189636
155,77.75919732441471,0.75,0.85,0.22846860602943397,0.7715313939705658,0.43156915767295334,0.5684308423271089
156,78.26086956521739,0.75,0.85,0.22910274241222964,0.7708972575877701,0.4347886431236127,0.5652113568764485
157,78.76254180602007,0.75,0.85,0.22973798907790702,0.7702620109220928,0.4379940441484328,0.5620059558516273
158,79.26421404682274,0.75,0.85,0.23037425558764768,0.7696257444123522,0.44118497091135817,0.5588150290887007
159,79.76588628762542,0.75,0.85,0.23101145120047806,0.7689885487995217,0.4443610456544975,0.5556389543455602
160,80.2675585284281,0.75,0.85,0.23164948521714993,0.7683505147828499,0.44752190149204973,0.5524780985080068
161,80.76923076923077,0.75,0.85,0.23228826707410558,0.7677117329258942,0.4506671820807445,0.5493328179193109
162,81.27090301003345,0.75,0.85,0.23292770556746978,0.76707229443253,0.4537965423001453,0.5462034576999089
163,81.77257525083613,0.75,0.85,0.23356770807912397,0.7664322919208758,0.45690964864239114,0.5430903513576617
164,82.27424749163879,0.75,0.85,0.23420818228246934,0.7657918177175305,0.46000617835319,0.5399938216468615
165,82.77591973244147,0.75,0.85,0.23484903582432617,0.7651509641756735,0.4630858198153944,0.536914180184656
166,83.27759197324414,0.75,0.85,0.2354901797321155,0.7645098202678843,0.46614827335090986,0.5338517266491392
167,83.77926421404682,0.75,0.85,0.23613152506031165,0.7638684749396881,0.46919325044539695,0.5308067495546507
168,84.2809364548495,0.75,0.85,0.2367729828644102,0.7632270171355895,0.47222047374225234,0.527779526257794
169,84.78260869565217,0.75,0.85,0.23741446543298506,0.7625855345670146,0.4752296771230198,0.5247703228770253
170,85.28428093645485,0.75,0.85,0.23805588654376675,0.7619441134562329,0.4782206056908091,0.5217793943092347
171,85.78595317725753,0.75,0.85,0.23869716035115085,0.7613028396488488,0.4811930158423298,0.5188069841577128
172,86.2876254180602,0.75,0.85,0.23933820157081445,0.7606617984291851,0.48414667508389725,0.5158533249161439
173,86.78929765886288,0.75,0.85,0.23997892365633058,0.760021076343669,0.4870813610279556,0.5129186389720843
174,87.29096989966555,0.75,0.85,0.24061924091960374,0.7593807590803958,0.4899968625588855,0.5100031374411531
175,87.79264214046823,0.75,0.85,0.2412590682364713,0.7587409317635284,0.49289297966789064,0.5071070203321467
176,88.29431438127091,0.75,0.85,0.24189832203966974,0.7581016779603299,0.4957695225793498,0.5042304774206863
177,88.79598662207358,0.75,0.85,0.24253692010100592,0.7574630798989938,0.4986263118891824,0.5013736881108524
178,89.29765886287625,0.75,0.85,0.2431747804212798,0.75682521957872,0.5014631792699693,0.4985368207300642
179,89.79933110367892,0.75,0.85,0.24381182220403538,0.7561881777959643,0.5042799668231258,0.4957200331769066
180,90.3010033444816,0.75,0.85,0.24444796755191284,0.7555520324480869,0.5070765258870977,0.4929234741129335
181,90.80267558528428,0.75,0.85,0.24508313915213142,0.7549168608478682,0.5098527186634678,0.49014728133656216
182,91.30434782608695,0.75,0.85,0.24571726080579565,0.7542827391942041,0.5126084178010134,0.48739158219901557
183,91.80602006688963,0.75,0.85,0.24635025654303522,0.7536497434569644,0.5153435044485758,0.4846564955514521
184,92.3076923076923,0.75,0.85,0.24698205115986155,0.7530179488401382,0.5180578692358497,0.481942130764177
185,92.80936454849498,0.75,0.85,0.24761257073207116,0.7523874292679286,0.5207514132122392,0.47924858678778653
186,93.31103678929766,0.75,0.85,0.24824174236622323,0.7517582576337765,0.5234240465597763,0.47657595344024833
187,93.81270903010034,0.75,0.85,0.2488694943538237,0.7511305056461761,0.526075686981841,0.47392431301818255
188,94.31438127090301,0.75,0.85,0.2494957559181283,0.7505042440818714,0.528706262349162,0.4712937376508607
189,94.81605351170569,0.75,0.85,0.25012045735917054,0.7498795426408292,0.5313157097986976,0.46868429020132396
190,95.31772575250837,0.75,0.85,0.2507435315827416,0.7492564684172582,0.5339039735915717,0.4660960264084488
191,95.81939799331104,0.75,0.85,0.2513649129245692,0.7486350870754306,0.5364710067076256,0.463528993292394
192,96.3210702341137,0.75,0.85,0.2519845368079071,0.7480154631920927,0.5390167713097673,0.46098322869025143
193,96.82274247491638,0.75,0.85,0.2526023373355662,0.7473976626644336,0.5415412214976578,0.4584587785023601
194,97.32441471571906,0.75,0.85,0.25321825957905914,0.7467817404209407,0.5440443778878888,0.45595562211212826
195,97.82608695652173,0.75,0.85,0.25383223614696226,0.7461677638530376,0.5465261854402268,0.45347381455978947
196,98.32775919732441,0.75,0.85,0.2544442090609398,0.7455557909390601,0.548986646370745,0.4510133536292705
197,98.82943143812709,0.75,0.85,0.25505412033075764,0.7449458796692422,0.551425763380456,0.44857423661955875
198,99.33110367892976,0.75,0.85,0.25566191205445654,0.7443380879455433,0.5538435395274136,0.44615646047260055
199,99.83277591973244,0.75,0.85,0.2562675291639546,0.7437324708360452,0.5562399899720545,0.4437600100279589
200,100.33444816053512,0.75,0.85,0.2568709171801593,0.7431290828198405,0.5586151324092654,0.44138486759074724
201,100.8361204013378,0.75,0.85,0.2574720234240594,0.7425279765759404,0.5609689929732943,0.4390310070267177
202,101.33779264214047,0.75,0.85,0.2580707967429817,0.7419292032570182,0.5633016047907583,0.4366983952092531
203,101.83946488294315,0.75,0.85,0.2586671868730314,0.7413328131269684,0.5656130046427632,0.43438699535724756
204,102.34113712374582,0.75,0.85,0.2592611454525326,0.7407388545474672,0.5679032376029235,0.43209676239708666
205,102.8428093645485,0.75,0.85,0.2598526246657727,0.740147375334227,0.5701723506184819,0.4298276493815277
206,103.34448160535118,0.75,0.85,0.2604415791178358,0.739558420882164,0.5724203998411894,0.42757960015881963
207,103.84615384615384,0.75,0.85,0.2610279642187213,0.7389720357812785,0.5746474452434658,0.4253525547565428
208,104.34782608695652,0.75,0.85,0.2616117372397962,0.7383882627602035,0.5768535546494834,0.42314644535052476
209,104.84949832775919,0.75,0.85,0.2621928564035092,0.7378071435964905,0.5790387980013391,0.4209612019986686
210,105.35117056856187,0.75,0.85,0.2627712808524985,0.7372287191475012,0.5812032471697035,0.4187967528303037
211,105.85284280936455,0.75,0.85,0.26334697192230794,0.7366530280776917,0.58334698375475,0.4166530162452567
212,106.35451505016722,0.75,0.85,0.2639198925261416,0.7360801074738581,0.5854700952557604,0.4145299047442459
213,106.8561872909699,0.75,0.85,0.26449000631912706,0.7355099936808727,0.5875726678731154,0.41242733212689064
214,107.35785953177258,0.75,0.85,0.26505727830197073,0.734942721698029,0.5896547917075257,0.41034520829248
215,107.85953177257525,0.75,0.85,0.2656216751108472,0.7343783248891526,0.5917165632568312,0.4082834367431741
216,108.36120401337793,0.75,0.85,0.26618316472607684,0.7338168352739229,0.5937580830525975,0.40624191694740747
217,108.8628762541806,0.75,0.85,0.2667417159983562,0.7332582840016435,0.595779452810825,0.4042205471891797
218,109.36454849498328,0.75,0.85,0.26729729918904205,0.7327027008109577,0.597780778681264,0.40221922131874044
219,109.86622073578596,0.75,0.85,0.26784988592022685,0.7321501140797728,0.5997621709471663,0.40023782905283783
220,110.36789297658864,0.75,0.85,0.2683994490619992,0.7316005509380006,0.6017237432415948,0.398276256758409
221,110.8695652173913,0.75,0.85,0.26894596224839834,0.7310540377516015,0.6036656084912109,0.3963343915087927
222,111.37123745819397,0.75,0.85,0.2694894007231044,0.7305105992768954,0.605587886003006,0.3944121139969973
223,111.87290969899665,0.75,0.85,0.2700297408207784,0.7299702591792213,0.6074906971180245,0.39250930288197866
224,112.37458193979933,0.75,0.85,0.2705669600939091,0.7294330399060907,0.6093741649683401,0.39062583503166287
225,112.876254180602,0.75,0.85,0.2711010372843688,0.7288989627156309,0.6112384137273279,0.3887615862726748
226,113.37792642140468,0.75,0.85,0.2716319523514697,0.7283680476485301,0.6130835714617632,0.3869164285382394
227,113.87959866220736,0.75,0.85,0.27215968642904304,0.7278403135709567,0.6149097684592245,0.3850902315407779
228,114.38127090301003,0.75,0.85,0.27268422180509333,0.7273157781949064,0.6167171369945911,0.3832828630054112
229,114.88294314381271,0.75,0.85,0.27320554190172963,0.7267944580982701,0.6185058111142541,0.38149418888574804
230,115.38461538461539,0.75,0.85,0.27372363137246425,0.7262763686275356,0.6202759264579324,0.37972407354206966
231,115.88628762541806,0.75,0.85,0.27423847625868425,0.7257615237413156,0.6220276200994481,0.37797237990055377
232,116.38795986622074,0.75,0.85,0.27475006356447573,0.7252499364355242,0.62376103020114,0.37623896979886173
233,116.88963210702342,0.75,0.85,0.2752583814050712,0.7247416185949286,0.6254762958520679,0.37452370414793373
234,117.3913043478261,0.75,0.85,0.2757634190032168,0.724236580996783,0.6271735568574898,0.3728264431425117
235,117.89297658862876,0.75,0.85,0.2762651666752687,0.7237348333247311,0.6288529535250486,0.3711470464749528
236,118.39464882943143,0.75,0.85,0.27676361541769895,0.7232363845823009,0.6305146275442346,0.3694853724557667
237,118.89632107023411,0.75,0.85,0.2772587555728304,0.7227412444271694,0.6321587253850632,0.36784127461493793
238,119.39799331103679,0.75,0.85,0.27775057904886835,0.7222494209511314,0.6337853919722467,0.3662146080277544
239,119.89966555183946,0.75,0.85,0.2782390785698578,0.721760921430142,0.6353947724854472,0.3646052275145539
240,120.40133779264214,0.75,0.85,0.27872424750067515,0.7212757524993247,0.6369870125862449,0.36301298741375604
241,120.90301003344482,0.75,0.85,0.2792060798007096,0.7207939201992902,0.6385622582930123,0.3614377417069886
242,121.40468227424749,0.75,0.85,0.27968457047043344,0.7203154295295664,0.6401206561127795,0.3598793438872213
243,121.90635451505017,0.75,0.85,0.2801597187604129,0.719840281239587,0.6416623546134405,0.3583376453865603
244,122.40802675585284,0.75,0.85,0.2806315236544436,0.7193684763455562,0.6431875019676793,0.3568124980323214
245,122.90969899665552,0.75,0.85,0.28109998478805553,0.7189000152119444,0.6446962463309043,0.3553037536690964
246,123.4113712374582,0.75,0.85,0.28156510296140247,0.7184348970385974,0.6461887360076928,0.3538112639923079
247,123.91304347826087,0.75,0.85,0.28202688016155686,0.717973119838443,0.6476651193624399,0.35233488063756074
248,124.41471571906355,0.75,0.85,0.28248531929671983,0.7175146807032801,0.6491255447081421,0.3508744552918584
249,124.91638795986621,0.75,0.85,0.2829404169141586,0.7170595830858413,0.6505701596626576,0.3494298403373428
250,125.41806020066889,0.75,0.85,0.2833921649538951,0.7166078350461049,0.6519991113850448,0.3480008886149556
251,125.91973244147157,0.75,0.85,0.28384057470256835,0.7161594252974316,0.6534125490807184,0.34658745091928206
252,126.42140468227424,0.75,0.85,0.2842856543852417,0.7157143456147582,0.6548106212500694,0.34518937874993105
253,126.92307692307692,0.75,0.85,0.2847274038531178,0.7152725961468821,0.6561934748886428,0.3438065251113576
254,127.4247491638796,0.75,0.85,0.2851658278148427,0.7148341721851572,0.6575612572380043,0.34243874276199615
255,127.92642140468227,0.75,0.85,0.2856009318498083,0.7143990681501916,0.658914115237834,0.34108588476216634
256,128.42809364548495,0.75,0.85,0.2860327237900237,0.7139672762099761,0.6602521957026428,0.3397478042973575
257,128.9297658862876,0.75,0.85,0.286461209883566,0.7135387901164337,0.661575644629553,0.33842435537044735
258,129.4314381270903,0.75,0.85,0.2868863975403642,0.7131136024596354,0.6628846076128423,0.33711539238715804
259,129.93311036789297,0.75,0.85,0.2873082943237049,0.7126917056762947,0.6641792296448662,0.3358207703551341
260,130.43478260869566,0.75,0.85,0.2877269068518218,0.7122730931481779,0.6654596549042595,0.3345403450957406
261,130.93645484949832,0.75,0.85,0.28814224528831184,0.7118577547116878,0.6667260274199146,0.3332739725800855
262,131.438127090301,0.75,0.85,0.2885543195187496,0.71144568048125,0.6679784905187428,0.3320215094812573
263,131.93979933110367,0.75,0.85,0.288963139544004,0.7110368604559957,0.6692171867326533,0.3307828132673468
264,132.44147157190636,0.75,0.85,0.28936871570214623,0.7106312842978534,0.6704422578279057,0.3295577421720944
265,132.94314381270902,0.75,0.85,0.2897710588085013,0.7102289411914984,0.6716538449117576,0.32834615508824244
266,133.44481605351172,0.75,0.85,0.2901701797891809,0.7098298202108188,0.6728520881533828,0.3271479118466172
267,133.94648829431438,0.75,0.85,0.29056608922956834,0.7094339107704314,0.6740371282348515,0.3259628717651485
268,134.44816053511707,0.75,0.85,0.29095880112847683,0.7090411988715228,0.6752091002041349,0.32479089979586506
269,134.94983277591973,0.75,0.85,0.29134832610094097,0.7086516738990587,0.676368145095601,0.32363185490439905
270,135.45150501672242,0.75,0.85,0.2917346775032207,0.708265322496779,0.6775143989739381,0.32248560102606194
271,135.95317725752508,0.75,0.85,0.29211786863731865,0.7078821313626811,0.6786479970840485,0.32135200291595145
272,136.45484949832775,0.75,0.85,0.2924979128246463,0.7075020871753533,0.6797690749640861,0.3202309250359139
273,136.95652173913044,0.75,0.85,0.2928748235652012,0.7071251764347986,0.6808777676281946,0.31912223237180537
274,137.4581939799331,0.75,0.85,0.2932486153185264,0.7067513846814732,0.6819742067201193,0.3180257932798808
275,137.9598662207358,0.75,0.85,0.29361930219013704,0.7063806978098627,0.6830585251271277,0.31694147487287233
276,138.46153846153845,0.75,0.85,0.2939868984587583,0.7060131015412414,0.6841308552935161,0.3158691447064839
277,138.96321070234114,0.75,0.85,0.2943514198123641,0.7056485801876355,0.6851913255872654,0.3148086744127347
278,139.4648829431438,0.75,0.85,0.2947128814033654,0.7052871185966343,0.6862400659254958,0.3137599340745042
279,139.9665551839465,0.75,0.85,0.29507129845107566,0.7049287015489241,0.6872772057578219,0.31272279424217797
280,140.46822742474916,0.75,0.85,0.29542668717142107,0.7045733128285787,0.6883028702725317,0.3116971297274682
281,140.96989966555185,0.75,0.85,0.29577906339068094,0.7042209366093187,0.6893171863239687,0.3106828136760313
282,141.4715719063545,0.75,0.85,0.2961284430223742,0.7038715569776256,0.6903202800714648,0.3096797199285351
283,141.9732441471572,0.75,0.85,0.29647484277946917,0.7035251572205307,0.6913122727904504,0.30868772720954957
284,142.47491638795987,0.75,0.85,0.2968182789800489,0.7031817210199509,0.6922932881687412,0.30770671183125864
285,142.97658862876253,0.75,0.85,0.29715876786814077,0.7028412321318591,0.6932634503465673,0.3067365496534326
286,143.47826086956522,0.75,0.85,0.29749632644066487,0.702503673559335,0.6942228798833091,0.30577712011669095
287,143.97993311036788,0.75,0.85,0.2978309724967559,0.7021690275032441,0.6951716935229184,0.3048283064770816
288,144.48160535117057,0.75,0.85,0.2981627231274184,0.7018372768725815,0.6961100113772994,0.3038899886227005
289,144.98327759197323,0.75,0.85,0.2984915954498621,0.7015084045501377,0.6970379533558791,0.3029620466441209
290,145.48494983277592,0.75,0.85,0.2988176074218416,0.7011823925781582,0.6979556333104497,0.30204436668955026
291,145.9866220735786,0.75,0.85,0.29914077693557495,0.7008592230644248,0.6988631655651126,0.30113683443488737
292,146.48829431438128,0.75,0.85,0.2994611216320909,0.700538878367909,0.6997606662542392,0.30023933374576084
293,146.98996655518394,0.75,0.85,0.2997786592591547,0.7002213407408452,0.70064825016082,0.2993517498391801
294,147.49163879598663,0.75,0.85,0.3000934080721359,0.699906591927864,0.701526025641141,0.2984739743588591
295,147.9933110367893,0.75,0.85,0.3004053860808613,0.6995946139191386,0.7023941041602679,0.2976058958397321
296,148.49498327759198,0.75,0.85,0.30071461124605126,0.6992853887539486,0.703252597804998,0.29674740219500206
297,148.99665551839465,0.75,0.85,0.30102110180796277,0.6989788981920373,0.7041016151501478,0.29589838484985226
298,149.49832775919734,0.75,0.85,0.3013248763225415,0.6986751236774584,0.7049412608043523,0.29505873919564785
299,150.0,0.75,0.85,0.3016259530735375,0.6983740469264624,0.7057716427959997,0.2942283572040003
