,time,sigma,beta,S,I,C,D
0,0.0,0.92,0.51,0.9998,0.0002,0.5,0.5
1,0.5016722408026756,0.92,0.51,0.9997778638645632,0.000222136135437041,0.47911727424317396,0.5208827257568265
2,1.0033444816053512,0.92,0.51,0.9997524455463402,0.00024755445365987294,0.4583081583309666,0.5416918416690336
3,1.5050167224080266,0.92,0.51,0.9997231933643025,0.0002768066356975667,0.43764450340578337,0.5623554965942169
4,2.0066889632107023,0.92,0.51,0.9996894555732043,0.0003105444267957449,0.41719614513201836,0.5828038548679818
5,2.508361204013378,0.92,0.51,0.9996504620841967,0.000349537915803366,0.39703000891104806,0.6029699910889521
6,3.0100334448160533,0.92,0.51,0.9996053011818029,0.0003946988181970987,0.37720925978471764,0.6227907402152825
7,3.511705685618729,0.92,0.51,0.999552894232269,0.0004471057677311101,0.35779260749456954,0.6422073925054306
8,4.013377926421405,0.92,0.51,0.9994919603431305,0.0005080396568695629,0.33883359387754236,0.6611664061224577
9,4.51505016722408,0.92,0.51,0.999420981047524,0.000579018952476096,0.32038022668612254,0.6796197733138776
10,5.016722408026756,0.92,0.51,0.9993381531459592,0.0006618468540409417,0.30247457873274664,0.6975254212672535
11,5.518394648829432,0.92,0.51,0.9992413338261702,0.0007586661738297766,0.2851525893139374,0.7148474106860626
12,6.020066889632107,0.92,0.51,0.9991279750534809,0.0008720249465191173,0.26844399465795576,0.7315560053420441
13,6.521739130434782,0.92,0.51,0.9989950445365084,0.0010049554634915644,0.2523723837371155,0.7476276162628844
14,7.023411371237458,0.92,0.51,0.9988389393988364,0.0011610606011637173,0.2369552969031385,0.7630447030968616
15,7.525083612040134,0.92,0.51,0.9986553626691623,0.0013446373308378151,0.22220460677359044,0.7777953932264096
16,8.02675585284281,0.92,0.51,0.9984391983874498,0.0015608016125503261,0.2081267895962296,0.7918732104037705
17,8.528428093645484,0.92,0.51,0.9981843534914449,0.0018156465085553389,0.19472324508006494,0.805276754919935
18,9.03010033444816,0.92,0.51,0.9978835696152971,0.002116430384703025,0.18199087485519386,0.8180091251448061
19,9.531772575250836,0.92,0.51,0.9975281986897783,0.002471801310221963,0.1699224740378785,0.8300775259621214
20,10.033444816053512,0.92,0.51,0.9971079392936046,0.0028920607063956114,0.15850723828693572,0.8414927617130642
21,10.535117056856187,0.92,0.51,0.9966105247755871,0.0033894752244131173,0.14773126072703527,0.8522687392729646
22,11.036789297658864,0.92,0.51,0.996021353928365,0.00397864607163523,0.1375780063760533,0.8624219936239466
23,11.538461538461538,0.92,0.51,0.9953230571962869,0.004676942803713345,0.12802877519467054,0.8719712248053294
24,12.040133779264213,0.92,0.51,0.994494989853006,0.005505010146994259,0.11906314067417914,0.8809368593258208
25,12.54180602006689,0.92,0.51,0.9935126399125407,0.006487360087459644,0.1106593558511014,0.8893406441488986
26,13.043478260869565,0.92,0.51,0.9923469502212366,0.007653049778763604,0.10279472899278387,0.897205271007216
27,13.545150501672241,0.92,0.51,0.9909635257238903,0.009036474276109964,0.09544595614211576,0.9045540438578841
28,14.046822742474916,0.92,0.51,0.9893217495365586,0.010678250463441678,0.08858942448456976,0.9114105755154301
29,14.548494983277592,0.92,0.51,0.9873737796230292,0.012626220376971121,0.0822014751329046,0.9177985248670952
30,15.050167224080267,0.92,0.51,0.9850634512714859,0.014936548728514408,0.07625863188034988,0.92374136811965
31,15.551839464882944,0.92,0.51,0.9823250919153445,0.017674908084655876,0.07073779530877543,0.9292622046912244
32,16.05351170568562,0.92,0.51,0.9790822792913939,0.02091772070860648,0.06561640575436206,0.9343835942456378
33,16.555183946488295,0.92,0.51,0.9752466284826173,0.024753371517382973,0.06087257712203832,0.9391274228779616
34,17.05685618729097,0.92,0.51,0.9707166285521368,0.02928337144786358,0.05648520168451216,0.9435147983154878
35,17.558528428093645,0.92,0.51,0.965376753645569,0.034623246354431376,0.052434032858377465,0.9475659671416224
36,18.06020066889632,0.92,0.51,0.9590969853320862,0.04090301466791413,0.04869974380201576,0.9513002561979842
37,18.561872909698998,0.92,0.51,0.9517329244485979,0.04826707555140229,0.04526396505085435,0.9547360349491457
38,19.06354515050167,0.92,0.51,0.9431269617825767,0.05687303821742341,0.042109303431975824,0.9578906965680242
39,19.565217391304348,0.92,0.51,0.9331107321955904,0.06688926780440982,0.03921934444035494,0.9607806555596451
40,20.066889632107024,0.92,0.51,0.9215093537500194,0.07849064624998077,0.03657863812801796,0.963421361871982
41,20.568561872909697,0.92,0.51,0.9081478374324786,0.09185216256752164,0.03417267011557643,0.9658273298844237
42,21.070234113712374,0.92,0.51,0.8928600857295476,0.10713991427045258,0.031987818409118025,0.9680121815908821
43,21.57190635451505,0.92,0.51,0.875500483495313,0.12449951650468716,0.03001129804262154,0.9699887019573786
44,22.073578595317727,0.92,0.51,0.8559580499189787,0.14404195008102136,0.028231094097326714,0.9717689059026735
45,22.5752508361204,0.92,0.51,0.8341723616152301,0.16582763838476997,0.026635885704941322,0.9733641142950589
46,23.076923076923077,0.92,0.51,0.8101500036893321,0.18984999631066798,0.025214963212289707,0.9747850367877106
47,23.578595317725753,0.92,0.51,0.7839794561046841,0.21602054389531605,0.02395814291366862,0.9760418570863316
48,24.080267558528426,0.92,0.51,0.7558420694852558,0.2441579305147444,0.02285568294590578,0.9771443170540945
49,24.581939799331103,0.92,0.51,0.7260164161565698,0.2739835838434305,0.021898206012554267,0.9781017939874459
50,25.08361204013378,0.92,0.51,0.6948738406879544,0.3051261593120459,0.02107663395417251,0.9789233660458277
51,25.585284280936456,0.92,0.51,0.662864030611288,0.3371359693887123,0.0203821391163547,0.9796178608836456
52,26.08695652173913,0.92,0.51,0.6304912588743472,0.36950874112565313,0.019806115987387025,0.9801938840126132
53,26.588628762541806,0.92,0.51,0.5982835703272816,0.40171642967271876,0.019340174126376668,0.9806598258736237
54,27.090301003344482,0.92,0.51,0.5667587367797566,0.4332412632202438,0.018976152017572117,0.9810238479824283
55,27.59197324414716,0.92,0.51,0.5363916001813105,0.46360839981868995,0.018706148112130363,0.98129385188787
56,28.093645484949832,0.92,0.51,0.5075870572738258,0.4924129427261747,0.018522563928366077,0.9814774360716344
57,28.59531772575251,0.92,0.51,0.48066170781698714,0.5193382921830134,0.018418152881499127,0.9815818471185013
58,29.096989966555185,0.92,0.51,0.4558354365755602,0.5441645634244404,0.018386068532422112,0.9816139314675784
59,29.598662207357858,0.92,0.51,0.4332324316995996,0.566767568300401,0.018419906811160743,0.9815800931888398
60,30.100334448160535,0.92,0.51,0.4128897994971236,0.5871102005028769,0.018513738266438814,0.9814862617335618
61,30.60200668896321,0.92,0.51,0.3947712372135874,0.6052287627864131,0.01866212813197886,0.9813378718680218
62,31.103678929765888,0.92,0.51,0.37878317818083196,0.6212168218191685,0.018860143703163457,0.9811398562968372
63,31.60535117056856,0.92,0.51,0.36479111594712205,0.6352088840528785,0.019103349511346075,0.9808966504886545
64,32.10702341137124,0.92,0.51,0.3526345454786798,0.6473654545213205,0.019387792671334513,0.9806122073286659
65,32.608695652173914,0.92,0.51,0.34213989872389244,0.6578601012761081,0.01970998005802554,0.9802900199419748
66,33.11036789297659,0.92,0.51,0.3331304166880925,0.666869583311908,0.020066849195609023,0.9799331508043915
67,33.61204013377927,0.92,0.51,0.3254336259308977,0.6745663740691029,0.020455735939263257,0.9795442640607371
68,34.11371237458194,0.92,0.51,0.3188864264877775,0.6811135735122231,0.020874340262581916,0.9791256597374185
69,34.61538461538461,0.92,0.51,0.31333822190243776,0.686661778097563,0.02132069168348784,0.9786793083165128
70,35.11705685618729,0.92,0.51,0.3086525452291195,0.6913474547708813,0.02179311557504548,0.9782068844249557
71,35.618729096989966,0.92,0.51,0.30470756431509993,0.6952924356849008,0.022290201116316414,0.9777097988836854
72,36.12040133779264,0.92,0.51,0.30139583376729334,0.6986041662327075,0.02281077136742945,0.9771892286325726
73,36.62207357859532,0.92,0.51,0.29862347494353536,0.7013765250564654,0.023353855454801526,0.9766461445452007
74,37.123745819397996,0.92,0.51,0.2963091357228305,0.7036908642771703,0.02391866388747515,0.9760813361125275
75,37.625418060200666,0.92,0.51,0.2943827809035457,0.7056172190964551,0.024504566119421662,0.9754954338805812
76,38.12709030100334,0.92,0.51,0.29278443688611205,0.7072155631138888,0.025111070470989018,0.9748889295290141
77,38.62876254180602,0.92,0.51,0.291462971271498,0.7085370287285029,0.025737806404113953,0.9742621935958895
78,39.130434782608695,0.92,0.51,0.2903749589409078,0.7096250410590931,0.026384509136705328,0.9736154908632985
79,39.63210702341137,0.92,0.51,0.28948362372254544,0.7105163762774553,0.027051005809869032,0.9729489941901351
80,40.13377926421405,0.92,0.51,0.28875790277623964,0.711242097223761,0.027737203652030584,0.9722627963479741
81,40.635451505016725,0.92,0.51,0.2881716159941191,0.7118283840058816,0.028443079631994706,0.9715569203680104
82,41.137123745819395,0.92,0.51,0.2877027361284957,0.712297263871505,0.029168671426419417,0.9708313285735862
83,41.63879598662207,0.92,0.51,0.28733276123413115,0.7126672387658695,0.029914069592311802,0.9700859304076944
84,42.14046822742475,0.92,0.51,0.2870461660093485,0.7129538339906523,0.030679410795276016,0.9693205892047309
85,42.642140468227424,0.92,0.51,0.28682993898563225,0.7131700610143685,0.03146487195358926,0.9685351280464184
86,43.1438127090301,0.92,0.51,0.2866731873595548,0.713326812640446,0.03227066518435387,0.9677293348156546
87,43.64548494983278,0.92,0.51,0.28656679986415884,0.7134332001358419,0.033097033404384274,0.9669029665956251
88,44.147157190635454,0.92,0.51,0.2865031599811578,0.713496840018843,0.03394424649629285,0.9660557535037176
89,44.64882943143812,0.92,0.51,0.28647590723439326,0.7135240927656074,0.03481259803786663,0.9651874019621449
90,45.1505016722408,0.92,0.51,0.2864797345986568,0.7135202654013438,0.035702402437564076,0.9642975975624487
91,45.65217391304348,0.92,0.51,0.2865102164235472,0.7134897835764534,0.03661399242138989,0.9633860075786241
92,46.15384615384615,0.92,0.51,0.2865636658918796,0.713436334108121,0.03754771686269672,0.9624522831373188
93,46.65551839464883,0.92,0.51,0.2866370151415098,0.7133629848584908,0.038503938877976575,0.9614960611220406
94,47.15719063545151,0.92,0.51,0.28672771416526754,0.713272285834733,0.039483034145855675,0.9605169658541632
95,47.65886287625418,0.92,0.51,0.2868336457591382,0.7131663542408624,0.04048538941347752,0.9595146105865434
96,48.16053511705685,0.92,0.51,0.28695305549598954,0.7130469445040111,0.041511401183427575,0.9584885988165955
97,48.66220735785953,0.92,0.51,0.28708449245505696,0.7129155075449437,0.042561474529535834,0.9574385254704897
98,49.163879598662206,0.92,0.51,0.2872267592480525,0.7127732407519481,0.043636022023612484,0.9563639779764156
99,49.66555183946488,0.92,0.51,0.2873788708284477,0.712621129171553,0.04473546276499607,0.9552645372350349
100,50.16722408026756,0.92,0.51,0.2875400201201983,0.7124599798798024,0.045860221490795584,0.9541397785092386
101,50.668896321070235,0.92,0.51,0.28770954834863705,0.7122904516513636,0.04701072773966175,0.9529892722603759
102,51.17056856187291,0.92,0.51,0.2878869214869551,0.7121130785130455,0.048187415085513614,0.9518125849145279
103,51.67224080267559,0.92,0.51,0.28807171133878523,0.7119282886612154,0.04939072041656646,0.9506092795834792
104,52.17391304347826,0.92,0.51,0.2882635743887415,0.7117364256112592,0.05062108317720384,0.9493789168228465
105,52.675585284280935,0.92,0.51,0.2884622416738298,0.7115377583261708,0.0518789447463383,0.948121055253717
106,53.17725752508361,0.92,0.51,0.2886675044195833,0.7113324955804172,0.05316474775549901,0.9468352522445618
107,53.67892976588629,0.92,0.51,0.2888792072958512,0.7111207927041494,0.0544789354796797,0.9455210645203872
108,54.180602006688964,0.92,0.51,0.2890972369909451,0.7109027630090554,0.055821951174104587,0.9441780488259689
109,54.68227424749164,0.92,0.51,0.28932151746277124,0.7106784825372292,0.057194237423750446,0.9428057625763302
110,55.18394648829432,0.92,0.51,0.289552001706814,0.7104479982931864,0.05859623550909825,0.9414037644909903
111,55.68561872909699,0.92,0.51,0.2897886694577522,0.7102113305422482,0.06002838479017386,0.9399716152099233
112,56.187290969899664,0.92,0.51,0.29003152157289375,0.7099684784271066,0.0614911219636825,0.938508878036424
113,56.68896321070234,0.92,0.51,0.29028057667897716,0.7097194233210233,0.06298488064072491,0.937015119359392
114,57.19063545150502,0.92,0.51,0.2905358682363528,0.7094641317636476,0.06451009029271873,0.9354899097074093
115,57.69230769230769,0.92,0.51,0.2907974450278028,0.7092025549721976,0.06606717624789636,0.933932823752244
116,58.19397993311037,0.92,0.51,0.29106536490928686,0.7089346350907136,0.0676565582216681,0.9323434417784855
117,58.69565217391305,0.92,0.51,0.29133969492439504,0.7086603050756054,0.06927865018054569,0.9307213498196224
118,59.197324414715716,0.92,0.51,0.29162050957172614,0.7083794904282744,0.07093385919829125,0.9290661408018926
119,59.69899665551839,0.92,0.51,0.2919078897333584,0.7080921102666421,0.07262258513469885,0.9273774148655022
120,60.20066889632107,0.92,0.51,0.29220192191563615,0.7077980780843643,0.07434521951098903,0.9256547804892307
121,60.702341137123746,0.92,0.51,0.2925026973783376,0.7074973026216629,0.07610214513395398,0.923897854866286
122,61.20401337792642,0.92,0.51,0.29281031059387225,0.7071896894061283,0.07789373446431781,0.9221062655359441
123,61.7056856187291,0.92,0.51,0.2931248596137312,0.7068751403862693,0.07972035004626238,0.9202796499540233
124,62.207357859531776,0.92,0.51,0.2934464465269076,0.7065535534730928,0.08158234465869471,0.9184176553416167
125,62.709030100334445,0.92,0.51,0.29377517228962097,0.7062248277103794,0.0834800557459157,0.9165199442544237
126,63.21070234113712,0.92,0.51,0.29411114139679084,0.7058888586032096,0.08541381060467829,0.9145861893956913
127,63.7123745819398,0.92,0.51,0.29445445914051654,0.7055455408594838,0.08738392170528,0.9126160782951223
128,64.21404682274247,0.92,0.51,0.2948052311259289,0.7051947688740716,0.08939068595256773,0.9106093140478698
129,64.71571906354515,0.92,0.51,0.29516356475733035,0.7048364352426701,0.09143438744107987,0.9085656125593959
130,65.21739130434783,0.92,0.51,0.29552956655335766,0.7044704334466428,0.09351529070215735,0.9064847092983596
131,65.7190635451505,0.92,0.51,0.2959033438575116,0.704096656142489,0.09563364532256036,0.9043663546780009
132,66.22073578595318,0.92,0.51,0.29628500375301076,0.7037149962469899,0.09778968281119454,0.9022103171894145
133,66.72240802675586,0.92,0.51,0.2966746519971708,0.7033253480028298,0.09998361354423108,0.9000163864564293
134,67.22408026755853,0.92,0.51,0.2970723946225239,0.7029276053774767,0.10221563129378548,0.8977843687069302
135,67.72575250836121,0.92,0.51,0.2974783358146485,0.7025216641853521,0.10448590541389895,0.8955140945868761
136,68.22742474916387,0.92,0.51,0.29789257916264605,0.7021074208373544,0.10679458582227633,0.8932054141785624
137,68.72909698996655,0.92,0.51,0.2983152277108164,0.701684772289184,0.10914180318519456,0.8908581968157125
138,69.23076923076923,0.92,0.51,0.29874638167109674,0.7012536183289036,0.11152765939980408,0.8884723406011761
139,69.7324414715719,0.92,0.51,0.2991861398803217,0.7008138601196787,0.11395223368929508,0.8860477663117634
140,70.23411371237458,0.92,0.51,0.2996346001606441,0.7003653998393564,0.11641558410426063,0.8835844158968816
141,70.73578595317726,0.92,0.51,0.30009185716450687,0.6999081428354936,0.11891773832563746,0.8810822616755942
142,71.23745819397993,0.92,0.51,0.3005580034325489,0.6994419965674515,0.12145869819958109,0.8785413018017459
143,71.73913043478261,0.92,0.51,0.30103312993871156,0.698966870061289,0.12403844207901318,0.8759615579224156
144,72.24080267558529,0.92,0.51,0.3015173240599812,0.6984826759400193,0.1266569163616735,0.8733430836398636
145,72.74247491638796,0.92,0.51,0.3020106703378288,0.6979893296621718,0.12931403864130855,0.8706859613603437
146,73.24414715719064,0.92,0.51,0.3025132515756242,0.6974867484243763,0.13200970208440338,0.8679902979173713
147,73.74581939799332,0.92,0.51,0.30302514517201923,0.6969748548279813,0.1347437618767126,0.865256238125192
148,74.24749163879599,0.92,0.51,0.30354642682369076,0.6964535731763097,0.13751604868436235,0.86248395131768
149,74.74916387959867,0.92,0.51,0.304077168514123,0.6959228314858776,0.14032636134483836,0.8596736386573498
150,75.25083612040133,0.92,0.51,0.30461743797858076,0.6953825620214198,0.14317446571927742,0.8568255342830651
151,75.75250836120401,0.92,0.51,0.30516729866797926,0.6948327013320214,0.14606009446803023,0.8539399055344753
152,76.25418060200668,0.92,0.51,0.3057268105513562,0.6942731894486444,0.14898294937091036,0.8510170506317672
153,76.75585284280936,0.92,0.51,0.3062960292632949,0.6937039707367056,0.1519426986254238,0.8480573013774351
154,77.25752508361204,0.92,0.51,0.30687500579133786,0.6931249942086627,0.1549389780107469,0.8450610219923029
155,77.75919732441471,0.92,0.51,0.3074637861787756,0.692536213821225,0.15797139021176396,0.8420286097914866
156,78.26086956521739,0.92,0.51,0.3080624112494099,0.6919375887505906,0.16103950151347352,0.8389604984899879
157,78.76254180602007,0.92,0.51,0.3086709163019243,0.6913290836980763,0.16414284213244684,0.8358571578712357
158,79.26421404682274,0.92,0.51,0.30928933195549346,0.6907106680445071,0.16728091102034304,0.8327190889835709
159,79.76588628762542,0.92,0.51,0.30991768442694334,0.6900823155730572,0.17045317786868508,0.8295468221354712
160,80.2675585284281,0.92,0.51,0.3105559935756085,0.6894440064243922,0.17365907412299791,0.8263409258814113
161,80.76923076923077,0.92,0.51,0.3112042734803805,0.6887957265196202,0.17689799646407361,0.8231020035405995
162,81.27090301003345,0.92,0.51,0.3118625323862622,0.6881374676137384,0.18016930899381528,0.8198306910111327
163,81.77257525083613,0.92,0.51,0.31253077263757195,0.6874692273624288,0.1834723452004942,0.8165276548047397
164,82.27424749163879,0.92,0.51,0.3132089902619623,0.6867910097380383,0.1868064031104396,0.8131935968950912
165,82.77591973244147,0.92,0.51,0.31389717490409447,0.6861028250959063,0.1901707472624577,0.809829252743381
166,83.27759197324414,0.92,0.51,0.3145953096991524,0.6854046903008482,0.19356461080247217,0.8064353892036854
167,83.77926421404682,0.92,0.51,0.31530337116000356,0.684696628839997,0.19698719837090065,0.8030128016355866
168,84.2809364548495,0.92,0.51,0.31602132892131984,0.6839786710786808,0.20043768125401262,0.799562318752815
169,84.78260869565217,0.92,0.51,0.3167491456142768,0.6832508543857237,0.20391519959738436,0.796084800409794
170,85.28428093645485,0.92,0.51,0.3174867770604491,0.6825132229395515,0.20741886474251223,0.7925811352650273
171,85.78595317725753,0.92,0.51,0.3182341726524881,0.6817658273475125,0.21094776252965208,0.7890522374782581
172,86.2876254180602,0.92,0.51,0.31899127443342423,0.6810087255665764,0.2145009494272234,0.7854990505810672
173,86.78929765886288,0.92,0.51,0.3197580171259296,0.680241982874071,0.2180774538975808,0.7819225461110991
174,87.29096989966555,0.92,0.51,0.32053432828026884,0.6794656717197318,0.22167627900900272,0.7783237210000752
175,87.79264214046823,0.92,0.51,0.32132012853811637,0.6786798714618842,0.22529640675489454,0.7747035932545894
176,88.29431438127091,0.92,0.51,0.3221153310562433,0.6778846689437573,0.2289367940162857,0.7710632059936118
177,88.79598662207358,0.92,0.51,0.32291984162921494,0.6770801583707857,0.232596375370134,0.7674036246401837
178,89.29765886287625,0.92,0.51,0.32373355868924153,0.6762664413107591,0.23627406462802208,0.763725935382722
179,89.79933110367892,0.92,0.51,0.3245563732807377,0.675443626719263,0.23996875644993057,0.7600312435612453
180,90.3010033444816,0.92,0.51,0.3253881690823748,0.6746118309176259,0.24367932792215166,0.7563206720894605
181,90.80267558528428,0.92,0.51,0.3262288224578435,0.6737711775421571,0.24740464020258846,0.7525953598094638
182,91.30434782608695,0.92,0.51,0.32707820249746056,0.6729217975025401,0.2511435404415642,0.7488564595709309
183,91.80602006688963,0.92,0.51,0.32793617111391715,0.6720638288860835,0.2548948630373688,0.7451051369755709
184,92.3076923076923,0.92,0.51,0.32880258331748274,0.671197416682518,0.25865742650768914,0.7413425735056961
185,92.80936454849498,0.92,0.51,0.3296772871455997,0.670322712854401,0.2624300406526225,0.7375699593612083
186,93.31103678929766,0.92,0.51,0.33056012383636724,0.6694398761636334,0.266211507532612,0.733788492481663
187,93.81270903010034,0.92,0.51,0.3314509280140765,0.6685490719859242,0.27000062274125713,0.72999937727346
188,94.31438127090301,0.92,0.51,0.33234952745279706,0.6676504725472036,0.273796175773438,0.7262038242417176
189,94.81605351170569,0.92,0.51,0.3332557428964303,0.6667442571035703,0.2775969505937495,0.7224030494218403
190,95.31772575250837,0.92,0.51,0.3341693890094118,0.6658306109905888,0.28140173033810284,0.7185982696779155
191,95.81939799331104,0.92,0.51,0.3350902741955075,0.6649097258044931,0.2852092978646952,0.7147907021517449
192,96.3210702341137,0.92,0.51,0.3360182007362965,0.6639817992637042,0.289018437439712,0.7109815625771418
193,96.82274247491638,0.92,0.51,0.3369529645921971,0.6630470354078035,0.2928279345861026,0.7071720654311561
194,97.32441471571906,0.92,0.51,0.337894355816995,0.6621056441830057,0.29663657918707786,0.7033634208305755
195,97.82608695652173,0.92,0.51,0.3388421587732624,0.6611578412267383,0.30044316750004574,0.6995568325179908
196,98.32775919732441,0.92,0.51,0.3397961522140558,0.6602038477859449,0.3042465034305601,0.6957534965878472
197,98.82943143812709,0.92,0.51,0.340756109837708,0.6592438901622926,0.3080453997577465,0.6919546002610183
198,99.33110367892976,0.92,0.51,0.3417218016069833,0.6582781983930174,0.3118386784575836,0.688161321561524
199,99.83277591973244,0.92,0.51,0.3426929925225508,0.6573070074774497,0.31562517411666247,0.6843748259027725
200,100.33444816053512,0.92,0.51,0.34366944343016587,0.6563305565698347,0.3194037349126995,0.6805962651070463
201,100.8361204013378,0.92,0.51,0.34465091138649767,0.655349088613503,0.32317322442298735,0.676826775597052
202,101.33779264214047,0.92,0.51,0.3456371490487134,0.6543628509512873,0.32693251981272553,0.673067480207589
203,101.83946488294315,0.92,0.51,0.3466279047778793,0.6533720952221214,0.33068051670334314,0.6693194833172277
204,102.34113712374582,0.92,0.51,0.34762292422227575,0.652377075777725,0.3344161288989919,0.6655838711218153
205,102.8428093645485,0.92,0.51,0.3486219499294426,0.6513780500705582,0.33813829006458535,0.6618617099564379
206,103.34448160535118,0.92,0.51,0.3496247215528428,0.6503752784471579,0.3418459547525815,0.6581540452686369
207,103.84615384615384,0.92,0.51,0.35063097542276433,0.6493690245772364,0.3455380981242285,0.6544619018971635
208,104.34782608695652,0.92,0.51,0.3516404450401152,0.6483595549598856,0.34921371739031504,0.6507862826312284
209,104.84949832775919,0.92,0.51,0.35265286344241786,0.6473471365575829,0.3528718342352251,0.6471281657864475
210,105.35117056856187,0.92,0.51,0.35366796324479266,0.6463320367552081,0.3565114955050516,0.6434885045167276
211,105.85284280936455,0.92,0.51,0.35468547471414036,0.6453145252858604,0.36013177258101514,0.6398682274408477
212,106.35451505016722,0.92,0.51,0.3557051261491216,0.6442948738508792,0.3637317623583341,0.6362682376635895
213,106.8561872909699,0.92,0.51,0.3567266454878747,0.6432733545121261,0.36731058844407455,0.6326894115778867
214,107.35785953177258,0.92,0.51,0.35774976050866814,0.6422502394913325,0.3708674016586261,0.6291325983633499
215,107.85953177257525,0.92,0.51,0.35877419871165733,0.6412258012883434,0.3744013804637863,0.6255986195581814
216,108.36120401337793,0.92,0.51,0.3597996878329489,0.6402003121670518,0.3779117313679612,0.6220882686539756
217,108.8628762541806,0.92,0.51,0.3608259560092988,0.6391740439907019,0.38139768948535835,0.618602310536525
218,109.36454849498328,0.92,0.51,0.36185273180245175,0.638147268197549,0.3848585185040681,0.6151414815177397
219,109.86622073578596,0.92,0.51,0.3628797448734788,0.6371202551265218,0.38829351131555406,0.6117064887061565
220,110.36789297658864,0.92,0.51,0.3639067262973217,0.6360932737026789,0.3917019898869629,0.6082980101346291
221,110.8695652173913,0.92,0.51,0.3649334082015263,0.6350665917984742,0.3950833060423814,0.6049166939790713
222,111.37123745819397,0.92,0.51,0.3659595240665245,0.6340404759334761,0.3984368412102234,0.6015631588110699
223,111.87290969899665,0.92,0.51,0.3669848107591244,0.6330151892408762,0.4017620058994536,0.5982379941216608
224,112.37458193979933,0.92,0.51,0.3680090067082469,0.6319909932917537,0.40505824016325426,0.5949417598576624
225,112.876254180602,0.92,0.51,0.3690318517163016,0.630968148283699,0.40832501364696633,0.5916749863737345
226,113.37792642140468,0.92,0.51,0.37005308890847516,0.6299469110915255,0.4115618252069613,0.5884381748135066
227,113.87959866220736,0.92,0.51,0.3710724661407531,0.6289275338592475,0.4147682026549502,0.5852317973652682
228,114.38127090301003,0.92,0.51,0.3720897324644615,0.6279102675355391,0.4179437034000074,0.5820562966199457
229,114.88294314381271,0.92,0.51,0.3731046397285763,0.6268953602714243,0.42108791396357453,0.5789120860560989
230,115.38461538461539,0.92,0.51,0.37411694548363866,0.625883054516362,0.4242004472753124,0.5757995527440674
231,115.88628762541806,0.92,0.51,0.3751264101441991,0.6248735898558015,0.42728094533603034,0.5727190546830428
232,116.38795986622074,0.92,0.51,0.3761327969764898,0.6238672030235108,0.4303290792292549,0.5696709207894998
233,116.88963210702342,0.92,0.51,0.37713587396001347,0.6228641260399872,0.4333445461066706,0.5666554539117545
234,117.3913043478261,0.92,0.51,0.3781354145520577,0.621864585447943,0.4363270677810627,0.5636729322370229
235,117.89297658862876,0.92,0.51,0.37913119511324134,0.6208688048867593,0.4392763954644931,0.5607236045532438
236,118.39464882943143,0.92,0.51,0.38012299616490797,0.6198770038350927,0.4421923072706628,0.5578076927467172
237,118.89632107023411,0.92,0.51,0.38111060441652045,0.6188893955834802,0.4450746027608635,0.5549253972561523
238,119.39799331103679,0.92,0.51,0.3820938110071118,0.617906188992889,0.44792310768107013,0.5520768923355753
239,119.89966555183946,0.92,0.51,0.38307241160174427,0.6169275883982563,0.45073767306532453,0.5492623269509451
240,120.40133779264214,0.92,0.51,0.38404620696782715,0.6159537930321735,0.4535181712664646,0.5464818287494247
241,120.90301003344482,0.92,0.51,0.3850150025720564,0.6149849974279442,0.456264499903157,0.5437355001123485
242,121.40468227424749,0.92,0.51,0.3859786091205875,0.6140213908794131,0.45897657893960236,0.5410234210755166
243,121.90635451505017,0.92,0.51,0.3869368432082823,0.6130631567917182,0.46165434762033686,0.5383456523943936
244,122.40802675585284,0.92,0.51,0.3878895262437736,0.612110473756227,0.46429776937387035,0.5357022306404705
245,122.90969899665552,0.92,0.51,0.388836485212778,0.6111635147872225,0.46690682673803446,0.5330931732759163
246,123.4113712374582,0.92,0.51,0.38977755273140835,0.6102224472685922,0.4694815209551568,0.5305184790584043
247,123.91304347826087,0.92,0.51,0.39071256660419873,0.6092874333958018,0.4720218759459976,0.5279781240671749
248,124.41471571906355,0.92,0.51,0.3916413703962034,0.6083586296037972,0.4745279291990618,0.5254720708137239
249,124.91638795986621,0.92,0.51,0.39256381300841037,0.6074361869915902,0.4769997399026943,0.5230002601097069
250,125.41806020066889,0.92,0.51,0.3934797488941534,0.6065202511058471,0.4794373846395412,0.5205626153724785
251,125.91973244147157,0.92,0.51,0.3943890381550024,0.6056109618449981,0.4818409540072984,0.5181590460043434
252,126.42140468227424,0.92,0.51,0.39529154643978,0.6047084535602205,0.4842105557748681,0.5157894442363998
253,126.92307692307692,0.92,0.51,0.39618714499767166,0.6038128550023288,0.4865463136920999,0.5134536863187986
254,127.4247491638796,0.92,0.51,0.3970757106581049,0.6029242893418957,0.48884836607636006,0.5111516339341741
255,127.92642140468227,0.92,0.51,0.3979571257430372,0.6020428742569633,0.4911168650877193,0.508883134922456
256,128.42809364548495,0.92,0.51,0.3988312783109845,0.601168721689016,0.49335197524718316,0.506648024762639
257,128.9297658862876,0.92,0.51,0.3996980620916726,0.6003019379083279,0.49555387271608464,0.5044461272933907
258,129.4314381270903,0.92,0.51,0.4005573757077332,0.5994426242922674,0.49772274819146717,0.5022772518176676
259,129.93311036789297,0.92,0.51,0.40140912303900556,0.5985908769609949,0.4998588043046176,0.5001411957041835
260,130.43478260869566,0.92,0.51,0.4022532134696207,0.5977467865303798,0.501962253584211,0.49803774642426324
261,130.93645484949832,0.92,0.51,0.4030895616723574,0.596910438327643,0.5040333188981664,0.49596668110998826
262,131.438127090301,0.92,0.51,0.40391808764357545,0.5960819123564249,0.5060722335378316,0.49392776647001085
263,131.93979933110367,0.92,0.51,0.40473871658576277,0.5952612834142376,0.5080792398055529,0.49192076020198483
264,132.44147157190636,0.92,0.51,0.40555137889231957,0.5944486211076808,0.5100545886063397,0.48994541140090114
265,132.94314381270902,0.92,0.51,0.4063560100061976,0.5936439899938027,0.5119985392647117,0.4880014607422399
266,133.44481605351172,0.92,0.51,0.4071525503481669,0.5928474496518336,0.5139113590550155,0.4860886409516546
267,133.94648829431438,0.92,0.51,0.4079409454013823,0.5920590545986181,0.5157933222332688,0.48420667777312776
268,134.44816053511707,0.92,0.51,0.40872114556379724,0.5912788544362032,0.5176447097069096,0.48235529029922125
269,134.94983277591973,0.92,0.51,0.4094931055746813,0.590506894425319,0.5194658089204617,0.48053419108541146
270,135.45150501672242,0.92,0.51,0.41025678484755135,0.589743215152449,0.5212569129961655,0.4787430870094578
271,135.95317725752508,0.92,0.51,0.4110121473987137,0.5889878526012867,0.5230183202069983,0.47698167979838296
272,136.45484949832775,0.92,0.51,0.4117591617302804,0.58824083826972,0.5247503337905862,0.47524966621456094
273,136.95652173913044,0.92,0.51,0.4124978008322406,0.5875021991677598,0.5264532619609544,0.47354673804396635
274,137.4581939799331,0.92,0.51,0.4132280419709246,0.5867719580290758,0.5281274167008662,0.47187258330383586
275,137.9598662207358,0.92,0.51,0.4139498666504279,0.5860501333495725,0.5297731135619573,0.4702268864425335
276,138.46153846153845,0.92,0.51,0.41466326042120427,0.5853367395787961,0.5313906717504719,0.4686093282538151
277,138.96321070234114,0.92,0.51,0.4153682128349225,0.5846317871650778,0.5329804135135303,0.46701958649056047
278,139.4648829431438,0.92,0.51,0.4160647174085867,0.5839352825914136,0.5345426634827718,0.4654573365211297
279,139.9665551839465,0.92,0.51,0.4167527714803697,0.5832472285196306,0.5360777485183484,0.4639222514853711
280,140.46822742474916,0.92,0.51,0.4174323759988277,0.5825676240011726,0.5375859978688182,0.4624140021347261
281,140.96989966555185,0.92,0.51,0.41810353554893753,0.5818964644510628,0.5390677422187946,0.4609322577845814
282,141.4715719063545,0.92,0.51,0.41876625822881686,0.5812337417711835,0.5405233134378635,0.4594766865653508
283,141.9732441471572,0.92,0.51,0.41942055556765095,0.5805794444323494,0.5419530447591014,0.4580469552439575
284,142.47491638795987,0.92,0.51,0.42006644243271507,0.5799335575672853,0.5433572705475986,0.4566427294553113
285,142.97658862876253,0.92,0.51,0.42070393688904734,0.5792960631109529,0.5447363252214114,0.4552636747813559
286,143.47826086956522,0.92,0.51,0.42133306012058463,0.5786669398794158,0.5460905432727048,0.4539094567299255
287,143.97993311036788,0.92,0.51,0.42195383633112515,0.5780461636688753,0.5474202589624632,0.45257974104003607
288,144.48160535117057,0.92,0.51,0.4225662926035715,0.5774337073964289,0.5487258073956048,0.45127419260676904
289,144.98327759197323,0.92,0.51,0.4231704588250072,0.5768295411749932,0.550007523413935,0.449992476588319
290,145.48494983277592,0.92,0.51,0.423766367606808,0.5762336323931924,0.5512657406537007,0.4487342593484385
291,145.9866220735786,0.92,0.51,0.42435405416984695,0.5756459458301535,0.5525007917601465,0.4474992082418831
292,146.48829431438128,0.92,0.51,0.42493355624811385,0.5750664437518865,0.5537130082244003,0.44628699177752473
293,146.98996655518394,0.92,0.51,0.42550491403826735,0.574495085961733,0.554902721446735,0.44509727855509007
294,147.49163879598663,0.92,0.51,0.4260681700512539,0.5739318299487465,0.5560702611850526,0.44392973881667724
295,147.9933110367893,0.92,0.51,0.4266233690138983,0.573376630986102,0.5572159553375995,0.4427840446640395
296,148.49498327759198,0.92,0.51,0.42717055777975443,0.572829442220246,0.5583401299729155,0.4416598700286369
297,148.99665551839465,0.92,0.51,0.42770978526391035,0.5722902147360901,0.5594431093617872,0.4405568906396826
298,149.49832775919734,0.92,0.51,0.42824110249765557,0.5717588975023449,0.5605252169027901,0.43947478309860116
299,150.0,0.92,0.51,0.42876456232976823,0.5712354376702321,0.5615867734133303,0.43841322658798626
