,time,sigma,beta,S,I,C,D
0,0.0,0.1,0.88,0.9998,0.0002,0.5,0.5
1,0.5016722408026756,0.1,0.88,0.9997474922614037,0.00025250773859619236,0.47911012109158824,0.520889878908412
2,1.0033444816053512,0.1,0.88,0.999679345020558,0.00032065497944193757,0.458293268501805,0.5417067314981953
3,1.5050167224080266,0.1,0.88,0.9995904522405124,0.0004095477594874995,0.43762132774204593,0.5623786722579546
4,2.0066889632107023,0.1,0.88,0.9994739230201767,0.0005260769798231809,0.41716417758623336,0.5828358224137671
5,2.508361204013378,0.1,0.88,0.9993204251123408,0.0006795748876591281,0.39698880127874975,0.6030111987212508
6,3.0100334448160533,0.1,0.88,0.9991172800078999,0.0008827199920998592,0.37715845331815195,0.6228415466818485
7,3.511705685618729,0.1,0.88,0.9988472062778927,0.0011527937221070981,0.3577319287672115,0.6422680712327891
8,4.013377926421405,0.1,0.88,0.9984865838120479,0.0015134161879519006,0.3387629596546335,0.6612370403453669
9,4.51505016722408,0.1,0.88,0.9980030489855162,0.001996951014483508,0.32029974577822257,0.6797002542217779
10,5.016722408026756,0.1,0.88,0.9973521671692649,0.0026478328307349684,0.30238462700143315,0.6976153729985672
11,5.518394648829432,0.1,0.88,0.9964728428530426,0.003527157146957221,0.28505389775580486,0.7149461022441954
12,6.020066889632107,0.1,0.88,0.995280953519675,0.004719046480324716,0.26833776482606175,0.7316622351739385
13,6.521739130434782,0.1,0.88,0.99366073288392,0.006339267116079755,0.2522604288477469,0.7477395711522533
14,7.023411371237458,0.1,0.88,0.991452988998692,0.008547011001307595,0.2368402940319248,0.7631597059680754
15,7.525083612040134,0.1,0.88,0.9884394268984573,0.011560573101542388,0.22209028242029807,0.7779097175797022
16,8.02675585284281,0.1,0.88,0.9843221105751078,0.015677889424891872,0.20801824246715542,0.7919817575328447
17,8.528428093645484,0.1,0.88,0.9786975975662175,0.02130240243378221,0.19462743298715712,0.805372567012843
18,9.03010033444816,0.1,0.88,0.9710260582121318,0.028973941787867892,0.18191706476429365,0.8180829352357065
19,9.531772575250836,0.1,0.88,0.960598092825024,0.039401907174975846,0.1698828744226354,0.8301171255773647
20,10.033444816053512,0.1,0.88,0.9465061006995311,0.0534938993004687,0.15851769858256856,0.8414823014174314
21,10.535117056856187,0.1,0.88,0.9276347805416347,0.07236521945836522,0.14781200034256553,0.8521879996574346
22,11.036789297658864,0.1,0.88,0.9026954358793052,0.09730456412069471,0.13775428110091142,0.8622457188990889
23,11.538461538461538,0.1,0.88,0.8703401962048973,0.12965980379510253,0.1283312861633761,0.8716687138366243
24,12.040133779264213,0.1,0.88,0.8293938928501442,0.17060610714985572,0.11952790173734767,0.8804720982626527
25,12.54180602006689,0.1,0.88,0.7792174461645122,0.22078255383548764,0.11132666583554084,0.8886733341644596
26,13.043478260869565,0.1,0.88,0.7201466459198573,0.27985335408014256,0.10370691915839925,0.8962930808416012
27,13.545150501672241,0.1,0.88,0.6538455796676349,0.34615442033236493,0.09664381006173985,0.9033561899382606
28,14.046822742474916,0.1,0.88,0.583341440226016,0.41665855977398375,0.09010758486351249,0.909892415136488
29,14.548494983277592,0.1,0.88,0.5125808088554036,0.48741919114459614,0.08406367239163434,0.9159363276083662
30,15.050167224080267,0.1,0.88,0.4455947647016271,0.5544052352983725,0.07847385362771486,0.9215261463722857
31,15.551839464882944,0.1,0.88,0.3856195778673289,0.6143804221326703,0.07329833614898502,0.9267016638510156
32,16.05351170568562,0.1,0.88,0.3345539576150562,0.6654460423849428,0.06849812525285603,0.9315018747471445
33,16.555183946488295,0.1,0.88,0.29290721347712906,0.70709278652287,0.06403700399028253,0.935962996009718
34,17.05685618729097,0.1,0.88,0.26011869590578224,0.7398813040942167,0.05988271112226706,0.9401172888777335
35,17.558528428093645,0.1,0.88,0.23500968372663053,0.7649903162733684,0.05600729075269164,0.9439927092473089
36,18.06020066889632,0.1,0.88,0.2161802705756243,0.7838197294243746,0.0523868411932181,0.9476131588067824
37,18.561872909698998,0.1,0.88,0.20227299194160211,0.7977270080583967,0.04900095155956416,0.9509990484404364
38,19.06354515050167,0.1,0.88,0.19210759666192417,0.8078924033380747,0.04583205400532894,0.9541679459946715
39,19.565217391304348,0.1,0.88,0.18472498475171006,0.8152750152482887,0.042864824464744655,0.9571351755352557
40,20.066889632107024,0.1,0.88,0.1793797510301526,0.8206202489698463,0.04008568780066373,0.9599143121993367
41,20.568561872909697,0.1,0.88,0.17550990176782524,0.8244900982321737,0.037482435891324,0.9625175641086763
42,21.070234113712374,0.1,0.88,0.17270055552248206,0.8272994444775168,0.03504394502068844,0.9649560549793119
43,21.57190635451505,0.1,0.88,0.1706499140662918,0.8293500859337071,0.032759971880145705,0.9672400281198547
44,22.073578595317727,0.1,0.88,0.16914070369794096,0.8308592963020578,0.030621008043745367,0.969378991956255
45,22.5752508361204,0.1,0.88,0.16801763406615805,0.8319823659338407,0.02861817618737428,0.971381823812626
46,23.076923076923077,0.1,0.88,0.1671702697491937,0.832829730250805,0.02674315530678823,0.973256844693212
47,23.578595317725753,0.1,0.88,0.16652033405837344,0.8334796659416251,0.024988125670753536,0.9750118743292469
48,24.080267558528426,0.1,0.88,0.16601245561431527,0.8339875443856832,0.02334572708261014,0.9766542729173903
49,24.581939799331103,0.1,0.88,0.1656074957667202,0.8343925042332784,0.021809025938748637,0.9781909740612517
50,25.08361204013378,0.1,0.88,0.1652777858389374,0.8347222141610612,0.02037148818455918,0.9796285118154412
51,25.585284280936456,0.1,0.88,0.16500373914661645,0.8349962608533822,0.019026956165361396,0.9809730438346389
52,26.08695652173913,0.1,0.88,0.16477145732802148,0.8352285426719771,0.017769628116633213,0.9822303718833671
53,26.588628762541806,0.1,0.88,0.16457104004386988,0.8354289599561286,0.016594039455146994,0.9834059605448534
54,27.090301003344482,0.1,0.88,0.16439539983476298,0.8356046001652355,0.015495045376324783,0.9845049546236757
55,27.59197324414716,0.1,0.88,0.16423941994191138,0.8357605800580871,0.014467804396755336,0.9855321956032451
56,28.093645484949832,0.1,0.88,0.1640993785472684,0.83590062145273,0.013507762712786812,0.9864922372872137
57,28.59531772575251,0.1,0.88,0.16397253406161563,0.8360274659383827,0.012610639205160014,0.9873893607948405
58,29.096989966555185,0.1,0.88,0.16385683822430355,0.8361431617756948,0.011772411049490223,0.9882275889505102
59,29.598662207357858,0.1,0.88,0.1637507334747267,0.8362492665252717,0.010989299875802208,0.9890107001241982
60,30.100334448160535,0.1,0.88,0.1636530160437814,0.836346983956217,0.010257758511710345,0.98974224148829
61,30.60200668896321,0.1,0.88,0.16356273347432848,0.83643726652567,0.009574458231330189,0.9904255417686701
62,31.103678929765888,0.1,0.88,0.16347911647915994,0.8365208835208385,0.00893627654697195,0.9910637234530284
63,31.60535117056856,0.1,0.88,0.16340153096409002,0.8365984690359084,0.008340285518573421,0.991659714481427
64,32.10702341137124,0.1,0.88,0.16332944210486686,0.8366705578951316,0.007783740497002568,0.9922162595029979
65,32.608695652173914,0.1,0.88,0.16326239043773197,0.8367376095622664,0.007264069463515047,0.9927359305364853
66,33.11036789297659,0.1,0.88,0.16319997835921818,0.8368000216407802,0.0067788638172719086,0.9932211361827284
67,33.61204013377927,0.1,0.88,0.163141851409472,0.8368581485905263,0.006325867533708908,0.9936741324662915
68,34.11371237458194,0.1,0.88,0.16308769108681864,0.8369123089131796,0.005902968238125696,0.9940970317618748
69,34.61538461538461,0.1,0.88,0.16303721096768675,0.8369627890323116,0.005508188793446118,0.9944918112065544
70,35.11705685618729,0.1,0.88,0.16299015055811777,0.8370098494418805,0.005139679068976309,0.9948603209310243
71,35.618729096989966,0.1,0.88,0.16294627081319704,0.8370537291868012,0.004795708144224874,0.9952042918557756
72,36.12040133779264,0.1,0.88,0.16290535150467697,0.8370946484953213,0.004474657027963076,0.9955253429720375
73,36.62207357859532,0.1,0.88,0.1628671895378067,0.8371328104621916,0.0041750114498253065,0.9958249885501753
74,37.123745819397996,0.1,0.88,0.1628315968459309,0.8371684031540674,0.003895355508089503,0.9961046444919112
75,37.625418060200666,0.1,0.88,0.16279839886277037,0.8372016011372279,0.0036343654432541505,0.9963656345567465
76,38.12709030100334,0.1,0.88,0.16276743305224942,0.8372325669477488,0.0033908018536110873,0.9966091981463896
77,38.62876254180602,0.1,0.88,0.1627385492427991,0.8372614507571992,0.003163511161708177,0.9968364888382925
78,39.130434782608695,0.1,0.88,0.16271160703055262,0.8372883929694456,0.0029514123334721297,0.9970485876665286
79,39.63210702341137,0.1,0.88,0.1626864755820237,0.8373135244179745,0.002753495781728018,0.9972465042182727
80,40.13377926421405,0.1,0.88,0.1626630329423309,0.8373369670576674,0.0025688180677392327,0.9974311819322614
81,40.635451505016725,0.1,0.88,0.1626411652667995,0.8373588347331986,0.0023964977603167636,0.9976035022396839
82,41.137123745819395,0.1,0.88,0.1626207666971027,0.8373792333028954,0.002235711971070963,0.9977642880289297
83,41.63879598662207,0.1,0.88,0.16260173875112,0.8373982612488782,0.0020856923552740876,0.9979143076447266
84,42.14046822742475,0.1,0.88,0.1625839891790213,0.8374160108209768,0.0019457189891652338,0.9980542810108354
85,42.642140468227424,0.1,0.88,0.1625674324714063,0.8374325675285919,0.0018151232079277424,0.9981848767920728
86,43.1438127090301,0.1,0.88,0.1625519885935482,0.8374480114064499,0.0016932792187339288,0.9983067207812666
87,43.64548494983278,0.1,0.88,0.16253758258683318,0.8374624174131649,0.0015796014441138355,0.9984203985558867
88,44.147157190635454,0.1,0.88,0.16252414473170934,0.8374758552682887,0.001473545598965227,0.9985264544010354
89,44.64882943143812,0.1,0.88,0.1625116101671283,0.8374883898328697,0.001374604036387815,0.9986253959636128
90,45.1505016722408,0.1,0.88,0.16249991788367854,0.8375000821163195,0.0012822996657370772,0.9987177003342635
91,45.65217391304348,0.1,0.88,0.16248901021087284,0.8375109897891253,0.0011961824767732696,0.9988038175232273
92,46.15384615384615,0.1,0.88,0.16247883513296968,0.8375211648670284,0.0011158416169752407,0.9988841583830254
93,46.65551839464883,0.1,0.88,0.16246934398512172,0.8375306560148764,0.0010408913345771524,0.9989591086654234
94,47.15719063545151,0.1,0.88,0.16246049124142484,0.8375395087585733,0.0009709701516978592,0.9990290298483027
95,47.65886287625418,0.1,0.88,0.1624522342215599,0.8375477657784383,0.0009057421843182161,0.9990942578156823
96,48.16053511705685,0.1,0.88,0.16244453301822673,0.8375554669817714,0.0008448927190042207,0.9991551072809963
97,48.66220735785953,0.1,0.88,0.1624373501138393,0.8375626498861588,0.0007881280928085954,0.999211871907192
98,49.163879598662206,0.1,0.88,0.16243065005158672,0.8375693499484114,0.0007351749599396327,0.999264825040061
99,49.66555183946488,0.1,0.88,0.16242439917146265,0.8375756008285355,0.0006857757644495816,0.999314224235551
100,50.16722408026756,0.1,0.88,0.16241856701822688,0.8375814329817712,0.0006396958312126033,0.9993603041687881
101,50.668896321070235,0.1,0.88,0.16241312591365836,0.8375868740863398,0.0005967096414445011,0.9994032903585561
102,51.17056856187291,0.1,0.88,0.16240805032567293,0.8375919496743252,0.0005566102061026834,0.999443389793898
103,51.67224080267559,0.1,0.88,0.16240331763216284,0.8375966823678352,0.0005192040498755838,0.9994807959501251
104,52.17391304347826,0.1,0.88,0.16239890516335526,0.8376010948366429,0.00048431059403262843,0.999515689405968
105,52.675585284280935,0.1,0.88,0.1623947883402659,0.8376052116597322,0.00045176113671278607,0.9995482388632878
106,53.17725752508361,0.1,0.88,0.16239094752262823,0.83760905247737,0.0004213983543030428,0.9995786016456976
107,53.67892976588629,0.1,0.88,0.16238736494577033,0.8376126350542279,0.00039307444761577874,0.9996069255523847
108,54.180602006688964,0.1,0.88,0.16238402380568734,0.8376159761943108,0.0003666555158916242,0.9996333444841089
109,54.68227424749164,0.1,0.88,0.16238090711957098,0.8376190928804272,0.0003420111979539443,0.9996579888020466
110,55.18394648829432,0.1,0.88,0.16237799971540162,0.8376220002845967,0.0003190230929930695,0.9996809769070074
111,55.68561872909699,0.1,0.88,0.16237528772684318,0.837624712273155,0.00029758026579206683,0.9997024197342085
112,56.187290969899664,0.1,0.88,0.1623727581337937,0.8376272418662045,0.0002775778939443032,0.9997224221060562
113,56.68896321070234,0.1,0.88,0.16237039867327466,0.8376296013267236,0.0002589197015643856,0.9997410802984361
114,57.19063545150502,0.1,0.88,0.16236819786966916,0.8376318021303291,0.00024151568858052038,0.99975848431142
115,57.69230769230769,0.1,0.88,0.1623661449548173,0.837633855045181,0.00022528118882566759,0.9997747188111747
116,58.19397993311037,0.1,0.88,0.16236423003811362,0.8376357699618846,0.00021013777470130435,0.9997898622252991
117,58.69565217391305,0.1,0.88,0.16236244389579702,0.8376375561042012,0.00019601241259231333,0.9998039875874081
118,59.197324414715716,0.1,0.88,0.16236077778954813,0.8376392222104501,0.0001828359379651553,0.9998171640620354
119,59.69899665551839,0.1,0.88,0.1623592238682755,0.8376407761317227,0.00017054641507742265,0.999829453584923
120,60.20066889632107,0.1,0.88,0.1623577741512065,0.8376422258487917,0.00015908084690170166,0.9998409191530988
121,60.702341137123746,0.1,0.88,0.16235642197058203,0.8376435780294162,0.00014838654653303928,0.9998516134534675
122,61.20401337792642,0.1,0.88,0.16235516060332783,0.8376448393966704,0.00013841037963595434,0.9998615896203646
123,61.7056856187291,0.1,0.88,0.16235398392452646,0.8376460160754718,0.00012910391258614284,0.9998708960874144
124,62.207357859531776,0.1,0.88,0.1623528864112211,0.8376471135887773,0.00012042344286526979,0.9998795765571354
125,62.709030100334445,0.1,0.88,0.1623518626198527,0.8376481373801457,0.00011232592074349461,0.9998876740792572
126,63.21070234113712,0.1,0.88,0.16235090755801007,0.8376490924419883,0.00010477185198004785,0.9998952281480207
127,63.7123745819398,0.1,0.88,0.16235001687678913,0.8376499831232092,9.772679984858689e-05,0.9999022732001521
128,64.21404682274247,0.1,0.88,0.16234918626804012,0.8376508137319582,9.115672178600551e-05,0.9999088432782147
129,64.71571906354515,0.1,0.88,0.1623484114760634,0.837651588523935,8.502805962483901e-05,0.9999149719403759
130,65.21739130434783,0.1,0.88,0.1623476887756405,0.8376523112243578,7.931142762404574e-05,0.9999206885723767
131,65.7190635451505,0.1,0.88,0.16234701467924165,0.8376529853207566,7.39793112211835e-05,0.9999260206887794
132,66.22073578595318,0.1,0.88,0.16234638583806854,0.8376536141619297,6.900525026024618e-05,0.9999309947497405
133,66.72240802675586,0.1,0.88,0.16234579923902845,0.8376542007609699,6.436546477447235e-05,0.9999356345352263
134,67.22408026755853,0.1,0.88,0.16234525210994072,0.8376547478900576,6.003806106927075e-05,0.9999399619389313
135,67.72575250836121,0.1,0.88,0.16234474169864266,0.8376552583013557,5.600111168635263e-05,0.9999439988883143
136,68.22742474916387,0.1,0.88,0.16234426560578125,0.837655734394217,5.223554959482736e-05,0.9999477644504058
137,68.72909698996655,0.1,0.88,0.16234382158902316,0.8376561784109752,4.8723494587625054e-05,0.9999512765054132
138,69.23076923076923,0.1,0.88,0.16234340744175493,0.8376565925582433,4.544745684363868e-05,0.9999545525431571
139,69.7324414715719,0.1,0.88,0.1623430211675596,0.8376569788324387,4.239156531099819e-05,0.9999576084346897
140,70.23411371237458,0.1,0.88,0.16234266093770414,0.8376573390622941,3.95412395439273e-05,0.9999604587604568
141,70.73578595317726,0.1,0.88,0.1623423250436868,0.8376576749563115,3.6882826102061795e-05,0.9999631171738987
142,71.23745819397993,0.1,0.88,0.16234201187903893,0.8376579881209594,3.440348083275517e-05,0.999965596519168
143,71.73913043478261,0.1,0.88,0.1623417199482294,0.8376582800517689,3.209158130756578e-05,0.9999679084186932
144,72.24080267558529,0.1,0.88,0.1623414478134471,0.8376585521865513,2.9935924105584024e-05,0.9999700640758952
145,72.74247491638796,0.1,0.88,0.16234119407685094,0.8376588059231473,2.7925615871564475e-05,0.9999720743841293
146,73.24414715719064,0.1,0.88,0.1623409573655807,0.8376590426344176,2.605001837183467e-05,0.999973949981629
147,73.74581939799332,0.1,0.88,0.16234073634122007,0.8376592636587783,2.4298827164888267e-05,0.999975701172836
148,74.24749163879599,0.1,0.88,0.16234053003631752,0.8376594699636808,2.2664730933525994e-05,0.9999773352690673
149,74.74916387959867,0.1,0.88,0.16234033747008816,0.8376596625299102,2.1140383169595324e-05,0.9999788596168313
150,75.25083612040133,0.1,0.88,0.16234015765009013,0.8376598423499082,1.9718419405724116e-05,0.9999802815805952
151,75.75250836120401,0.1,0.88,0.16233998963027996,0.8376600103697184,1.8391919304774683e-05,0.9999816080806961
152,76.25418060200668,0.1,0.88,0.1623398325153501,0.8376601674846482,1.715437753546903e-05,0.9999828456224654
153,76.75585284280936,0.1,0.88,0.1623396856257058,0.8376603143742924,1.6000050088174317e-05,0.9999839999499128
154,77.25752508361204,0.1,0.88,0.16233954832175307,0.8376604516782452,1.4923504345104626e-05,0.9999850764956558
155,77.75919732441471,0.1,0.88,0.16233941999742324,0.837660580002575,1.3919564683616566e-05,0.9999860804353173
156,78.26086956521739,0.1,0.88,0.16233930011311495,0.8376606998868833,1.2983350205288943e-05,0.9999870166497957
157,78.76254180602007,0.1,0.88,0.16233918819639226,0.837660811803606,1.2110245361177933e-05,0.9999878897546398
158,79.26421404682274,0.1,0.88,0.16233908388293916,0.8376609161170591,1.1296096631779948e-05,0.9999887039033692
159,79.76588628762542,0.1,0.88,0.1623389868753421,0.8376610131246561,1.0536947783186852e-05,0.9999894630522179
160,80.2675585284281,0.1,0.88,0.16233889693917972,0.8376611030608185,9.828984616848513e-06,0.9999901710153842
161,80.76923076923077,0.1,0.88,0.16233881391206884,0.8376611860879294,9.168552471316526e-06,0.9999908314475298
162,81.27090301003345,0.1,0.88,0.1623387369975278,0.8376612630024703,8.551868773279154e-06,0.9999914481312279
163,81.77257525083613,0.1,0.88,0.16233866693663257,0.8376613330633655,7.976908843215404e-06,0.999992023091158
164,82.27424749163879,0.1,0.88,0.1623386011765249,0.8376613988234732,7.440447842287511e-06,0.9999925595521589
165,82.77591973244147,0.1,0.88,0.1623385387639859,0.8376614612360123,6.940002765997281e-06,0.9999930599972352
166,83.27759197324414,0.1,0.88,0.16233847840455276,0.8376615215954454,6.473243098353008e-06,0.9999935267569029
167,83.77926421404682,0.1,0.88,0.16233841864623574,0.8376615813537625,6.037987124777408e-06,0.9999939620128765
168,84.2809364548495,0.1,0.88,0.16233836543139385,0.8376616345686043,5.632049973798433e-06,0.9999943679500275
169,84.78260869565217,0.1,0.88,0.16233832224235836,0.8376616777576398,5.253354956532656e-06,0.9999947466450448
170,85.28428093645485,0.1,0.88,0.16233827912824758,0.8376617208717507,4.900136502321758e-06,0.999995099863499
171,85.78595317725753,0.1,0.88,0.16233823737031186,0.8376617626296863,4.570666734879627e-06,0.9999954293332665
172,86.2876254180602,0.1,0.88,0.16233819947180203,0.8376618005281962,4.2633487094749965e-06,0.999995736651292
173,86.78929765886288,0.1,0.88,0.1623381641799305,0.8376618358200676,3.976696515039467e-06,0.9999960233034865
174,87.29096989966555,0.1,0.88,0.16233813071381967,0.8376618692861785,3.7093249943308778e-06,0.9999962906750072
175,87.79264214046823,0.1,0.88,0.1623380988971633,0.8376619011028348,3.4599332640859934e-06,0.9999965400667374
176,88.29431438127091,0.1,0.88,0.16233806948893417,0.837661930511064,3.2273057989210468e-06,0.9999967726942026
177,88.79598662207358,0.1,0.88,0.162338042116517,0.8376619578834812,3.009815092629166e-06,0.9999969901849088
178,89.29765886287625,0.1,0.88,0.16233801698635406,0.8376619830136441,2.8079126665762283e-06,0.999997192087335
179,89.79933110367892,0.1,0.88,0.16233799324437437,0.8376620067556237,2.6190587695905025e-06,0.9999973809412319
180,90.3010033444816,0.1,0.88,0.1623379710053067,0.8376620289946914,2.4428055720636715e-06,0.9999975571944294
181,90.80267558528428,0.1,0.88,0.16233795023912356,0.8376620497608745,2.2783939402006563e-06,0.9999977216060613
182,91.30434782608695,0.1,0.88,0.1623379308859532,0.8376620691140448,2.1251020365423725e-06,0.9999978748979649
183,91.80602006688963,0.1,0.88,0.1623379128332665,0.8376620871667316,1.9820942053666264e-06,0.9999980179057961
184,92.3076923076923,0.1,0.88,0.1623378959454421,0.837662104054556,1.848316656603434e-06,0.9999981516833448
185,92.80936454849498,0.1,0.88,0.16233788013880082,0.8376621198611973,1.7231161806435937e-06,0.9999982768838208
186,93.31103678929766,0.1,0.88,0.1623378654133427,0.8376621345866554,1.606492777487106e-06,0.999998393507224
187,93.81270903010034,0.1,0.88,0.16233785175481638,0.8376621482451818,1.4983342663256284e-06,0.9999985016657352
188,94.31438127090301,0.1,0.88,0.16233783897880535,0.8376621610211928,1.3971889959025908e-06,0.9999986028110056
189,94.81605351170569,0.1,0.88,0.16233782702872931,0.8376621729712689,1.3026115894791848e-06,0.9999986973884121
190,95.31772575250837,0.1,0.88,0.1623378159045883,0.8376621840954099,1.2146020470554098e-06,0.9999987853979545
191,95.81939799331104,0.1,0.88,0.16233780585503524,0.8376621941449629,1.1351470981118726e-06,0.9999988648529035
192,96.3210702341137,0.1,0.88,0.16233779598896747,0.8376622040110308,1.0571268600873808e-06,0.9999989428731415
193,96.82274247491638,0.1,0.88,0.16233778686883588,0.8376622131311623,9.850352980982878e-07,0.9999990149647036
194,97.32441471571906,0.1,0.88,0.16233777844355868,0.8376622215564395,9.184642698824201e-07,0.9999990815357318
195,97.82608695652173,0.1,0.88,0.16233777065840926,0.837662229341589,8.569781186164126e-07,0.9999991430218831
196,98.32775919732441,0.1,0.88,0.1623377634531581,0.83766223654684,8.000996441783316e-07,0.9999991999003576
197,98.82943143812709,0.1,0.88,0.1623377567735783,0.8376622432264199,7.473969616225105e-07,0.9999992526030401
198,99.33110367892976,0.1,0.88,0.1623377505656565,0.8376622494343416,6.984397981922533e-07,0.9999993015602036
199,99.83277591973244,0.1,0.88,0.16233774477537935,0.8376622552246188,6.527978811308643e-07,0.9999993472021207
200,100.33444816053512,0.1,0.88,0.16233773934873352,0.8376622606512646,6.100409376816476e-07,0.9999993899590641
201,100.8361204013378,0.1,0.88,0.1623377342317057,0.8376622657682925,5.697386950879074e-07,0.9999994302613068
202,101.33779264214047,0.1,0.88,0.1623377293857859,0.8376622706142123,5.315846294310415e-07,0.9999994684153725
203,101.83946488294315,0.1,0.88,0.16233772485420647,0.8376622751457917,4.95924684836358e-07,0.9999995040753171
204,102.34113712374582,0.1,0.88,0.16233772062491772,0.8376622793750804,4.6266354317197075e-07,0.9999995373364587
205,102.8428093645485,0.1,0.88,0.1623377166738928,0.8376622833261054,4.316102845812908e-07,0.9999995683897174
206,103.34448160535118,0.1,0.88,0.1623377129771048,0.8376622870228934,4.0257398920772896e-07,0.9999995974260127
207,103.84615384615384,0.1,0.88,0.16233770951052698,0.8376622904894712,3.7536373719469677e-07,0.9999996246362648
208,104.34782608695652,0.1,0.88,0.16233770625013244,0.8376622937498658,3.4978860868560365e-07,0.9999996502113934
209,104.84949832775919,0.1,0.88,0.1623377031732547,0.8376622968267435,3.256688925976596e-07,0.9999996743311095
210,105.35117056856187,0.1,0.88,0.16233770029041683,0.8376622997095814,3.030983420006332e-07,0.99999969690166
211,105.85284280936455,0.1,0.88,0.16233769760185862,0.8376623023981395,2.82085980593574e-07,0.9999997179140215
212,106.35451505016722,0.1,0.88,0.16233769509587892,0.8376623049041193,2.6254244618204517e-07,0.999999737457556
213,106.8561872909699,0.1,0.88,0.16233769276077667,0.8376623072392215,2.443783765716096e-07,0.9999997556216256
214,107.35785953177258,0.1,0.88,0.16233769058485076,0.8376623094151474,2.2750440956783037e-07,0.9999997724955926
215,107.85953177257525,0.1,0.88,0.16233768855640013,0.837662311443598,2.118311829762705e-07,0.9999997881688192
216,108.36120401337793,0.1,0.88,0.1623376866637237,0.8376623133362745,1.9726933460249296e-07,0.9999998027306677
217,108.8628762541806,0.1,0.88,0.16233768442275975,0.8376623155772384,1.8055169974132253e-07,0.9999998194483025
218,109.36454849498328,0.1,0.88,0.16233768296030315,0.837662317039695,1.6932152691513748e-07,0.9999998306784754
219,109.86622073578596,0.1,0.88,0.16233768154081554,0.8376623184591826,1.5860119878322914e-07,0.9999998413988036
220,110.36789297658864,0.1,0.88,0.16233768016429687,0.8376623198357013,1.4839071534559746e-07,0.9999998516092871
221,110.8695652173913,0.1,0.88,0.16233767883074715,0.837662321169251,1.386900766022427e-07,0.9999998613099258
222,111.37123745819397,0.1,0.88,0.16233767754016637,0.8376623224598317,1.2949928255316432e-07,0.9999998705007199
223,111.87290969899665,0.1,0.88,0.16233767629255458,0.8376623237074435,1.208183331983626e-07,0.9999998791816693
224,112.37458193979933,0.1,0.88,0.16233767512667058,0.8376623248733276,1.1265351014294864e-07,0.9999998873464924
225,112.876254180602,0.1,0.88,0.16233767415907607,0.8376623258409222,1.0502370443604948e-07,0.9999998949762982
226,113.37792642140468,0.1,0.88,0.16233767339765437,0.8376623266023439,9.793019371525384e-08,0.9999999020698089
227,113.87959866220736,0.1,0.88,0.16233767244877112,0.837662327551227,9.096614727625039e-08,0.9999999090338554
228,114.38127090301003,0.1,0.88,0.16233767155286694,0.8376623284471312,8.438006632910705e-08,0.9999999156199363
229,114.88294314381271,0.1,0.88,0.16233767076167904,0.8376623292383191,7.822542258918897e-08,0.9999999217745801
230,115.38461538461539,0.1,0.88,0.16233767007520744,0.8376623299247907,7.25022160564961e-08,0.9999999274977867
231,115.88628762541806,0.1,0.88,0.16233766949345213,0.837662330506546,6.721044673102848e-08,0.999999932789556
232,116.38795986622074,0.1,0.88,0.16233766901641314,0.837662330983585,6.235011461278608e-08,0.9999999376498881
233,116.88963210702342,0.1,0.88,0.16233766864409044,0.8376623313559077,5.7921219701768934e-08,0.9999999420787832
234,117.3913043478261,0.1,0.88,0.16233766837648403,0.8376623316235141,5.392376199797701e-08,0.9999999460762409
235,117.89297658862876,0.1,0.88,0.162337667959979,0.8376623320400192,4.9830123138585886e-08,0.9999999501698964
236,118.39464882943143,0.1,0.88,0.16233766753466342,0.8376623324653347,4.593174117281402e-08,0.9999999540683026
237,118.89632107023411,0.1,0.88,0.162337667145469,0.8376623328545291,4.2322091644406314e-08,0.9999999576779808
238,119.39799331103679,0.1,0.88,0.16233766679239572,0.8376623332076024,3.900117455336275e-08,0.9999999609989311
239,119.89966555183946,0.1,0.88,0.16233766647544362,0.8376623335245545,3.596898989968334e-08,0.9999999640311533
240,120.40133779264214,0.1,0.88,0.16233766619461265,0.8376623338053855,3.3225537683368074e-08,0.9999999667746478
241,120.90301003344482,0.1,0.88,0.16233766594990284,0.8376623340500953,3.0770817904416964e-08,0.9999999692294143
242,121.40468227424749,0.1,0.88,0.1623376657413142,0.8376623342586839,2.8604830562829997e-08,0.9999999713954528
243,121.90635451505017,0.1,0.88,0.16233766565341165,0.8376623343465864,2.722036649926553e-08,0.9999999727799876
244,122.40802675585284,0.1,0.88,0.1623376653589697,0.8376623346410285,2.4710563191316703e-08,0.999999975289823
245,122.90969899665552,0.1,0.88,0.1623376650963126,0.8376623349036855,2.246422310415628e-08,0.999999977536199
246,123.4113712374582,0.1,0.88,0.16233766486302603,0.8376623351369721,2.046727715411512e-08,0.999999979533184
247,123.91304347826087,0.1,0.88,0.1623376646566957,0.8376623353433024,1.870565625752408e-08,0.9999999812948469
248,124.41471571906355,0.1,0.88,0.16233766447490727,0.8376623355250908,1.7165291330714014e-08,0.9999999828352563
249,124.91638795986621,0.1,0.88,0.16233766431524646,0.8376623356847517,1.583211329001581e-08,0.9999999841684808
250,125.41806020066889,0.1,0.88,0.1623376641752989,0.8376623358246992,1.4692053051760252e-08,0.9999999853085891
251,125.91973244147157,0.1,0.88,0.1623376640584649,0.8376623359415333,1.3636831149954525e-08,0.9999999863638613
252,126.42140468227424,0.1,0.88,0.16233766395995694,0.8376623360400411,1.2690829087133471e-08,0.9999999873099149
253,126.92307692307692,0.1,0.88,0.16233766387585455,0.8376623361241436,1.1864382405250942e-08,0.9999999881364138
254,127.4247491638796,0.1,0.88,0.16233766380388,0.8376623361961181,1.1141208316085289e-08,0.9999999888596403
255,127.92642140468227,0.1,0.88,0.16233766374175565,0.8376623362582425,1.0505024031414862e-08,0.9999999894958768
256,128.42809364548495,0.1,0.88,0.1623376636872038,0.8376623363127944,9.939546763018013e-09,0.9999999900614056
257,128.9297658862876,0.1,0.88,0.16233766363794672,0.8376623363620515,9.42849372267311e-09,0.9999999905725093
258,129.4314381270903,0.1,0.88,0.16233766359170676,0.8376623364082914,8.95558212215846e-09,0.9999999910454702
259,129.93311036789297,0.1,0.88,0.16233766354620624,0.8376623364537918,8.50452917325247e-09,0.9999999914965706
260,130.43478260869566,0.1,0.88,0.16233766349916748,0.8376623365008307,8.059052087733439e-09,0.9999999919420929
261,130.93645484949832,0.1,0.88,0.16233766344831277,0.8376623365516854,7.602868077379771e-09,0.9999999923983195
262,131.438127090301,0.1,0.88,0.1623376633913644,0.8376623366086338,7.119694353969765e-09,0.9999999928815327
263,131.93979933110367,0.1,0.88,0.16233766334772357,0.8376623366522746,6.744013814605366e-09,0.9999999932572491
264,132.44147157190636,0.1,0.88,0.16233766334322422,0.8376623366567739,6.655047706299893e-09,0.9999999933462459
265,132.94314381270902,0.1,0.88,0.16233766334158495,0.8376623366584132,6.600033061100658e-09,0.9999999934012868
266,133.44481605351172,0.1,0.88,0.1623376633416755,0.8376623366583227,6.570666792398557e-09,0.9999999934306742
267,133.94648829431438,0.1,0.88,0.16233766334236555,0.8376623366576326,6.558645813584497e-09,0.999999993442711
268,134.44816053511707,0.1,0.88,0.16233766334252486,0.8376623366574732,6.5556670380493774e-09,0.9999999934456997
269,134.94983277591973,0.1,0.88,0.16233766334102318,0.8376623366589749,6.553427379184103e-09,0.9999999934479429
270,135.45150501672242,0.1,0.88,0.1623376633367302,0.837662336663268,6.5436237503795756e-09,0.9999999934577434
271,135.95317725752508,0.1,0.88,0.16233766332851562,0.8376623366714825,6.517953065026699e-09,0.9999999934834037
272,136.45484949832775,0.1,0.88,0.1623376633152492,0.8376623366847489,6.468112236516375e-09,0.9999999935332267
273,136.95652173913044,0.1,0.88,0.16233766329580068,0.8376623367041974,6.385798178239503e-09,0.9999999936155147
274,137.4581939799331,0.1,0.88,0.16233766326903976,0.8376623367309584,6.262707803586995e-09,0.9999999937385707
275,137.9598662207358,0.1,0.88,0.16233766323383617,0.837662336766162,6.090538025949739e-09,0.9999999939106973
276,138.46153846153845,0.1,0.88,0.16233766323091672,0.8376623367690813,6.113941682963513e-09,0.9999999938872735
277,138.96321070234114,0.1,0.88,0.16233766322964263,0.8376623367703554,6.1462860745921155e-09,0.9999999938549087
278,139.4648829431438,0.1,0.88,0.16233766322759488,0.8376623367724032,6.171480031532159e-09,0.9999999938296928
279,139.9665551839465,0.1,0.88,0.16233766322441376,0.8376623367755843,6.1858771815056896e-09,0.9999999938152723
280,140.46822742474916,0.1,0.88,0.16233766321973955,0.8376623367802585,6.185831152234751e-09,0.9999999938152937
281,140.96989966555185,0.1,0.88,0.16233766321321255,0.8376623367867855,6.167695571441383e-09,0.9999999938334035
282,141.4715719063545,0.1,0.88,0.16233766320447302,0.837662336795525,6.127824066847634e-09,0.9999999938732483
283,141.9732441471572,0.1,0.88,0.16233766319316123,0.8376623368068368,6.062570266175542e-09,0.9999999939384746
284,142.47491638795987,0.1,0.88,0.16233766317891749,0.8376623368210806,5.968287797147158e-09,0.999999994032729
285,142.97658862876253,0.1,0.88,0.16233766316138207,0.837662336838616,5.841330287484524e-09,0.999999994159658
286,143.47826086956522,0.1,0.88,0.1623376631401952,0.8376623368598028,5.678051364909672e-09,0.9999999943229082
287,143.97993311036788,0.1,0.88,0.16233766311499725,0.8376623368850008,5.474804657144665e-09,0.999999994526126
288,144.48160535117057,0.1,0.88,0.1623376630725789,0.8376623369274191,5.205498473691061e-09,0.9999999947954455
289,144.98327759197323,0.1,0.88,0.1623376630615776,0.8376623369384204,5.147614445742702e-09,0.9999999948532902
290,145.48494983277592,0.1,0.88,0.1623376630486084,0.8376623369513897,5.079160283484248e-09,0.9999999949217068
291,145.9866220735786,0.1,0.88,0.16233766303367125,0.8376623369663267,5.000135986915708e-09,0.9999999950006955
292,146.48829431438128,0.1,0.88,0.16233766301676622,0.8376623369832318,4.910541556037072e-09,0.9999999950902562
293,146.98996655518394,0.1,0.88,0.1623376629978933,0.8376623370021048,4.810376990848351e-09,0.9999999951903888
294,147.49163879598663,0.1,0.88,0.16233766297705243,0.8376623370229456,4.699642291349533e-09,0.9999999953010935
295,147.9933110367893,0.1,0.88,0.16233766295424365,0.8376623370457543,4.57833745754063e-09,0.9999999954223702
296,148.49498327759198,0.1,0.88,0.162337662929467,0.8376623370705311,4.44646248942163e-09,0.9999999955542189
297,148.99665551839465,0.1,0.88,0.16233766290272242,0.8376623370972757,4.304017386992547e-09,0.9999999956966396
298,149.49832775919734,0.1,0.88,0.1623376628740099,0.8376623371259881,4.151002150253364e-09,0.9999999958496323
299,150.0,0.1,0.88,0.1623376628433295,0.8376623371566685,3.987416779204099e-09,0.999999996013197
