,time,beta,alpha,sigma_D,sigma_C,S_c,S_d,I_c,I_d,R0
0,0.0,1.25,0.2,0.4583333333333333,0.5,0.09995999999999998,0.89964,3.999999999999999e-05,0.00036,26.268355524788713
1,0.200133422281521,1.25,0.2,0.4583333333333333,0.5,0.09640940828987618,0.9031120039293161,5.089755526261682e-05,0.00042769022554517053,26.268355524788713
2,0.400266844563042,1.25,0.2,0.4583333333333333,0.5,0.09297084031843816,0.9064567464475451,6.363510513602227e-05,0.0005087781288807604,26.268355524788713
3,0.600400266844563,1.25,0.2,0.4583333333333333,0.5,0.08964146915707828,0.9096739297731945,7.851352620414501e-05,0.0006060875435233135,26.268355524788713
4,0.800533689126084,1.25,0.2,0.4583333333333333,0.5,0.08641850699718455,0.9127626365937083,9.587797019891981e-05,0.0007229784389085317,26.268355524788713
5,1.0006671114076051,1.25,0.2,0.4583333333333333,0.5,0.0832991316968663,0.9157211661548671,0.00011613560394850069,0.000863566544318489,26.268355524788713
6,1.200800533689126,1.25,0.2,0.4583333333333333,0.5,0.08028050306318252,0.9185468730385297,0.00013976373035132756,0.001032860167936836,26.268355524788713
7,1.400933955970647,1.25,0.2,0.4583333333333333,0.5,0.0773597638147412,0.9212359738624037,0.00016732028973479677,0.0012369420331206286,26.268355524788713
8,1.601067378252168,1.25,0.2,0.4583333333333333,0.5,0.0745340384788897,0.9237832890878955,0.00019945843250013544,0.0014832140007151144,26.268355524788713
9,1.801200800533689,1.25,0.2,0.4583333333333333,0.5,0.07180043119623153,0.9261819355260905,0.00023694303880162463,0.0017806902388767649,26.268355524788713
10,2.0013342228152102,1.25,0.2,0.4583333333333333,0.5,0.06915602260266479,0.928422962318749,0.00028066911073525684,0.0021403459678514137,26.268355524788713
11,2.201467645096731,1.25,0.2,0.4583333333333333,0.5,0.06659786475223413,0.9304948872901571,0.000331684671018614,0.0025755632865905108,26.268355524788713
12,2.401601067378252,1.25,0.2,0.4583333333333333,0.5,0.06412297489779525,0.9323831647032482,0.00039121542218136814,0.0031026449767753736,26.268355524788713
13,2.601734489659773,1.25,0.2,0.4583333333333333,0.5,0.06172832783984431,0.9340695425169122,0.00046069301704445653,0.0037414366261992256,26.268355524788713
14,2.801867911941294,1.25,0.2,0.4583333333333333,0.5,0.05941084629963607,0.9355312580023187,0.0005417890824922728,0.00451610661555308,26.268355524788713
15,3.002001334222815,1.25,0.2,0.4583333333333333,0.5,0.05716738972661172,0.9367400918233214,0.000636452785278046,0.0054560656647889925,26.268355524788713
16,3.202134756504336,1.25,0.2,0.4583333333333333,0.5,0.05499474209750176,0.9376612376033373,0.0007469522669026202,0.006597068032258537,26.268355524788713
17,3.402268178785857,1.25,0.2,0.4583333333333333,0.5,0.05288959830962954,0.9382519543390891,0.0008759210246413696,0.007982526326640026,26.268355524788713
18,3.602401601067378,1.25,0.2,0.4583333333333333,0.5,0.05084855017965584,0.9384599736225889,0.0010264079027505495,0.009665068295004724,26.268355524788713
19,3.802535023348899,1.25,0.2,0.4583333333333333,0.5,0.048868072933396296,0.9382216420830795,0.0012019294683251111,0.011708355515199227,26.268355524788713
20,4.0026684456304205,1.25,0.2,0.4583333333333333,0.5,0.046944514105082935,0.9374598184184432,0.0014065217291286242,0.014189145747345347,26.268355524788713
21,4.202801867911941,1.25,0.2,0.4583333333333333,0.5,0.04507408684806651,0.9360814653634495,0.001644789283722446,0.0171996585047616,26.268355524788713
22,4.402935290193462,1.25,0.2,0.4583333333333333,0.5,0.043252870479244206,0.9339750038595646,0.0019219465753084605,0.020850179085882804,26.268355524788713
23,4.603068712474983,1.25,0.2,0.4583333333333333,0.5,0.041476823856766376,0.9310075323219374,0.002243842344692621,0.025271801476603677,26.268355524788713
24,4.803202134756504,1.25,0.2,0.4583333333333333,0.5,0.03974181707087468,0.9270220405017865,0.002616958393128196,0.03061918403421069,26.268355524788713
25,5.003335557038025,1.25,0.2,0.4583333333333333,0.5,0.038043688995809975,0.9218348614296071,0.003048370151876514,0.037073079422706434,26.268355524788713
26,5.203468979319546,1.25,0.2,0.4583333333333333,0.5,0.03637834260592357,0.9152338776654578,0.0035456489891718956,0.0448421307394467,26.268355524788713
27,5.403602401601067,1.25,0.2,0.4583333333333333,0.5,0.03474188417305543,0.906977883156519,0.00411669590694108,0.054163536763484406,26.268355524788713
28,5.603735823882588,1.25,0.2,0.4583333333333333,0.5,0.03313081959839999,0.8967980455348248,0.004769484201883158,0.06530165066489194,26.268355524788713
29,5.803869246164109,1.25,0.2,0.4583333333333333,0.5,0.03154231545272535,0.8844024467751769,0.00551169952283591,0.0785435382492617,26.268355524788713
30,6.00400266844563,1.25,0.2,0.4583333333333333,0.5,0.029974524190681008,0.8694848982064003,0.0063502784382914665,0.09419029916462708,26.268355524788713
31,6.204136090727151,1.25,0.2,0.4583333333333333,0.5,0.028426963492018304,0.8517393270512433,0.007290864425188429,0.11254284503154977,26.268355524788713
32,6.404269513008672,1.25,0.2,0.4583333333333333,0.5,0.026900918666816608,0.8308806851784214,0.008337234814908476,0.13388116133985334,26.268355524788713
33,6.604402935290193,1.25,0.2,0.4583333333333333,0.5,0.02539981722766912,0.8066727741415474,0.009490785341574407,0.1584366232892089,26.268355524788713
34,6.804536357571714,1.25,0.2,0.4583333333333333,0.5,0.023929501970371192,0.7789622618246198,0.010750193547659095,0.18635804265734976,26.268355524788713
35,7.004669779853235,1.25,0.2,0.4583333333333333,0.5,0.022498308508165688,0.7477158355430389,0.012111407392087109,0.21767444855670817,26.268355524788713
36,7.204803202134756,1.25,0.2,0.4583333333333333,0.5,0.02111686940257754,0.7130560812987606,0.013568069929451641,0.25225897936921005,26.268355524788713
37,7.404936624416277,1.25,0.2,0.4583333333333333,0.5,0.019797589412670888,0.6752889082139217,0.01511243675859494,0.2898010656148122,26.268355524788713
38,7.605070046697798,1.25,0.2,0.4583333333333333,0.5,0.01855380980648177,0.6349149048371058,0.016736713843127752,0.3297945715132845,26.268355524788713
39,7.805203468979319,1.25,0.2,0.4583333333333333,0.5,0.01739875689750902,0.5926179543506469,0.01843461470373165,0.3715486740481121,26.268355524788713
40,8.005336891260841,1.25,0.2,0.4583333333333333,0.5,0.016344443764845024,0.5492281171790797,0.020202835627736473,0.4142246034283386,26.268355524788713
41,8.205470313542362,1.25,0.2,0.4583333333333333,0.5,0.015400722766526652,0.5056612838998097,0.02204213716881194,0.45689585616485157,26.268355524788713
42,8.405603735823883,1.25,0.2,0.4583333333333333,0.5,0.01457465745812024,0.46284438231421615,0.023957814998087103,0.4986231452295764,26.268355524788713
43,8.605737158105404,1.25,0.2,0.4583333333333333,0.5,0.013870302862131137,0.42163851048236783,0.025959504836440963,0.5385316818190601,26.268355524788713
44,8.805870580386925,1.25,0.2,0.4583333333333333,0.5,0.013288881173979574,0.38277335413692654,0.028060442294038576,0.5758773223950554,26.268355524788713
45,9.006004002668446,1.25,0.2,0.4583333333333333,0.5,0.012829257725750554,0.34680296487842316,0.03027640925406501,0.6100913681417613,26.268355524788713
46,9.206137424949967,1.25,0.2,0.4583333333333333,0.5,0.012488580607612767,0.31408720995258116,0.032624620704655084,0.6407995887351511,26.268355524788713
47,9.406270847231488,1.25,0.2,0.4583333333333333,0.5,0.012262952095271626,0.2847973338814325,0.035122752212128815,0.6678169618111671,26.268355524788713
48,9.606404269513009,1.25,0.2,0.4583333333333333,0.5,0.012148033533452274,0.2589398295011214,0.037788219650874456,0.691123917314552,26.268355524788713
49,9.80653769179453,1.25,0.2,0.4583333333333333,0.5,0.012139531070619105,0.23639083010361706,0.04063773269104141,0.7108319061347226,26.268355524788713
50,10.00667111407605,1.25,0.2,0.4583333333333333,0.5,0.012233547112114265,0.21693369648045413,0.04368708564198122,0.7271456707654506,26.268355524788713
51,10.206804536357572,1.25,0.2,0.4583333333333333,0.5,0.012426810166816463,0.20029429925853653,0.04695111812056319,0.740327772454084,26.268355524788713
52,10.406937958639093,1.25,0.2,0.4583333333333333,0.5,0.012716806665854225,0.18617082973208338,0.05044377699948441,0.7506685866025782,26.268355524788713
53,10.607071380920614,1.25,0.2,0.4583333333333333,0.5,0.013101839041603964,0.1742564622639214,0.05417822044187248,0.7584634782526024,26.268355524788713
54,10.807204803202135,1.25,0.2,0.4583333333333333,0.5,0.01358103718390699,0.16425548389086841,0.058166923685878474,0.7639965552393463,26.268355524788713
55,11.007338225483656,1.25,0.2,0.4583333333333333,0.5,0.014154338092707957,0.15589333396025443,0.062421757006942,0.7675305709400958,26.268355524788713
56,11.207471647765177,1.25,0.2,0.4583333333333333,0.5,0.01482244892328413,0.14892212600110247,0.0669540253680336,0.76930139970758,26.268355524788713
57,11.407605070046698,1.25,0.2,0.4583333333333333,0.5,0.015586801020183411,0.14312271000265966,0.07177446125840772,0.7695160277187494,26.268355524788713
58,11.607738492328219,1.25,0.2,0.4583333333333333,0.5,0.016449500444602156,0.13830446812458805,0.07689317382209214,0.768352857608718,26.268355524788713
59,11.80787191460974,1.25,0.2,0.4583333333333333,0.5,0.017413278175725813,0.13430367940138077,0.08231955529203029,0.7659634871308634,26.268355524788713
60,12.00800533689126,1.25,0.2,0.4583333333333333,0.5,0.018481441007581752,0.13098106164859694,0.08806214995976225,0.7624753473840593,26.268355524788713
61,12.208138759172781,1.25,0.2,0.4583333333333333,0.5,0.01965782359314954,0.12821901783523712,0.09412849330444667,0.7579946652671671,26.268355524788713
62,12.408272181454302,1.25,0.2,0.4583333333333333,0.5,0.020946741274756625,0.12591880929204322,0.10052492425385287,0.7526095251793476,26.268355524788713
63,12.608405603735823,1.25,0.2,0.4583333333333333,0.5,0.022352943118047468,0.12399786702974659,0.10725637757780936,0.7463928122743968,26.268355524788713
64,12.808539026017344,1.25,0.2,0.4583333333333333,0.5,0.023881563626980084,0.12238734006048022,0.11432616355738173,0.7394049327551583,26.268355524788713
65,13.008672448298865,1.25,0.2,0.4583333333333333,0.5,0.02553807265517162,0.12102990937484209,0.12173573940754913,0.7316962785624375,26.268355524788713
66,13.208805870580386,1.25,0.2,0.4583333333333333,0.5,0.02732822219908087,0.11987788807637943,0.1294844801242916,0.7233094096002484,26.268355524788713
67,13.408939292861907,1.25,0.2,0.4583333333333333,0.5,0.029257989128175624,0.1188915942134537,0.1375694557463998,0.7142809609119711,26.268355524788713
68,13.609072715143428,1.25,0.2,0.4583333333333333,0.5,0.03133351317504176,0.11803798626752689,0.14598522175282833,0.7046432788046033,26.268355524788713
69,13.80920613742495,1.25,0.2,0.4583333333333333,0.5,0.03356102998852689,0.11728949539047663,0.15472362949338314,0.6944258451276136,26.268355524788713
70,14.00933955970647,1.25,0.2,0.4583333333333333,0.5,0.03594679846891451,0.11662307459654456,0.16377366704457233,0.6836564598899689,26.268355524788713
71,14.209472981987991,1.25,0.2,0.4583333333333333,0.5,0.03849702277040916,0.11601941403767557,0.17312133446873273,0.6723622287231829,26.268355524788713
72,14.409606404269512,1.25,0.2,0.4583333333333333,0.5,0.041217769094415345,0.11546229489956128,0.18274956400732054,0.6605703719987032,26.268355524788713
73,14.609739826551033,1.25,0.2,0.4583333333333333,0.5,0.044114878839018754,0.11493805872853426,0.192638190829161,0.6483088716032864,26.268355524788713
74,14.809873248832554,1.25,0.2,0.4583333333333333,0.5,0.04719387819764507,0.11443518832838308,0.2027639775883735,0.6356069558855987,26.268355524788713
75,15.010006671114075,1.25,0.2,0.4583333333333333,0.5,0.05045988593104125,0.11394396664505027,0.21310070044082707,0.6224954469830818,26.268355524788713
76,15.210140093395596,1.25,0.2,0.4583333333333333,0.5,0.05391752153835106,0.11345620042439347,0.2236192988190971,0.6090069792181587,26.268355524788713
77,15.410273515677117,1.25,0.2,0.4583333333333333,0.5,0.057570815372687184,0.11296500505314787,0.23428808651041763,0.5951760930637476,26.268355524788713
78,15.610406937958638,1.25,0.2,0.4583333333333333,0.5,0.061423122552005285,0.11246463359075777,0.24507302535532244,0.5810392185019149,26.268355524788713
79,15.810540360240159,1.25,0.2,0.4583333333333333,0.5,0.06547704347067855,0.1119503397914838,0.25593805763207894,0.5666345591057591,26.268355524788713
80,16.010673782521682,1.25,0.2,0.4583333333333333,0.5,0.06973435353371978,0.11141826799893065,0.26684548784241147,0.5520018906249385,26.268355524788713
81,16.210807204803203,1.25,0.2,0.4583333333333333,0.5,0.07419594305690369,0.11086536634396182,0.27775640762356274,0.5371822829755721,26.268355524788713
82,16.410940627084724,1.25,0.2,0.4583333333333333,0.5,0.07886176760939147,0.11028932207958896,0.2886311639694457,0.5222177463415744,26.268355524788713
83,16.611074049366245,1.25,0.2,0.4583333333333333,0.5,0.08373081899957477,0.10968848786890308,0.29942982464448503,0.5071508684870376,26.268355524788713
84,16.811207471647766,1.25,0.2,0.4583333333333333,0.5,0.0888011039319818,0.10906183898581347,0.3101126811189463,0.4920243759632589,26.268355524788713
85,17.011340893929287,1.25,0.2,0.4583333333333333,0.5,0.09406964354241479,0.10840892017292832,0.32064072708246666,0.4768807092021907,26.268355524788713
86,17.211474316210808,1.25,0.2,0.4583333333333333,0.5,0.09953248651823386,0.10772980009298709,0.330976125059552,0.4617615883292276,26.268355524788713
87,17.41160773849233,1.25,0.2,0.4583333333333333,0.5,0.1051847388444245,0.10702502676141668,0.3410826564627967,0.4467075779313626,26.268355524788713
88,17.61174116077385,1.25,0.2,0.4583333333333333,0.5,0.11102060841210552,0.10629557882429651,0.35092610460925866,0.43175770815433984,26.268355524788713
89,17.81187458305537,1.25,0.2,0.4583333333333333,0.5,0.1170334622373415,0.10554282158650899,0.3604746226676119,0.41694909350853815,26.268355524788713
90,18.01200800533689,1.25,0.2,0.4583333333333333,0.5,0.12321589548528243,0.10476845823879798,0.3696990203611559,0.40231662591476425,26.268355524788713
91,18.212141427618413,1.25,0.2,0.4583333333333333,0.5,0.12955980918653767,0.10397448249420599,0.3785730028550303,0.3878927054642265,26.268355524788713
92,18.412274849899934,1.25,0.2,0.4583333333333333,0.5,0.13605649800408504,0.10316313019901463,0.3870733485152683,0.3737070232816325,26.268355524788713
93,18.612408272181455,1.25,0.2,0.4583333333333333,0.5,0.14269673796057109,0.10233683249258632,0.3951800156894936,0.35978641385734944,26.268355524788713
94,18.812541694462976,1.25,0.2,0.4583333333333333,0.5,0.1494708822376959,0.10149816932224719,0.40287620015576164,0.34615474828429577,26.268355524788713
95,19.012675116744497,1.25,0.2,0.4583333333333333,0.5,0.15636895369355058,0.10064982542752889,0.41014832608774693,0.33283289479117406,26.268355524788713
96,19.212808539026017,1.25,0.2,0.4583333333333333,0.5,0.16338073651218676,0.09979454908568074,0.41698599404553804,0.319838720356595,26.268355524788713
97,19.41294196130754,1.25,0.2,0.4583333333333333,0.5,0.17049586655741972,0.09893511322259259,0.4233818751203177,0.3071871450996705,26.268355524788713
98,19.61307538358906,1.25,0.2,0.4583333333333333,0.5,0.17770391339631236,0.09807428133988155,0.42933157606277994,0.2948902292010267,26.268355524788713
99,19.81320880587058,1.25,0.2,0.4583333333333333,0.5,0.18499446520287838,0.09721477451095045,0.43483344572304117,0.28295731456313056,26.268355524788713
100,20.0133422281521,1.25,0.2,0.4583333333333333,0.5,0.19235718776639665,0.09635924851107584,0.4398884181056311,0.27139514561689704,26.268355524788713
101,20.213475650433622,1.25,0.2,0.4583333333333333,0.5,0.19978189996543333,0.09551026777494429,0.44449975058604685,0.2602080816735761,26.268355524788713
102,20.413609072715143,1.25,0.2,0.4583333333333333,0.5,0.2072586223933386,0.0946702889519689,0.4486728446446674,0.24939824401002567,26.268355524788713
103,20.613742494996664,1.25,0.2,0.4583333333333333,0.5,0.2147776314263781,0.09384164522008581,0.452414966855513,0.23896575649802365,26.268355524788713
104,20.813875917278185,1.25,0.2,0.4583333333333333,0.5,0.22232949579658767,0.09302653588506893,0.4557350650731703,0.22890890324517368,26.268355524788713
105,21.014009339559706,1.25,0.2,0.4583333333333333,0.5,0.2299051123811095,0.09222701933531734,0.45864349588893993,0.2192243723946338,26.268355524788713
106,21.214142761841227,1.25,0.2,0.4583333333333333,0.5,0.23749573094491452,0.09144500809125798,0.4611518465217412,0.20990741444208688,26.268355524788713
107,21.41427618412275,1.25,0.2,0.4583333333333333,0.5,0.2450929734085842,0.09068226876122805,0.46327268991620413,0.20095206791398423,26.268355524788713
108,21.61440960640427,1.25,0.2,0.4583333333333333,0.5,0.25268884984343915,0.08994042072515837,0.4650194192680398,0.19235131016336332,26.268355524788713
109,21.81454302868579,1.25,0.2,0.4583333333333333,0.5,0.26027576365357,0.0892209414871763,0.4664060416026286,0.18409725325662574,26.268355524788713
110,22.01467645096731,1.25,0.2,0.4583333333333333,0.5,0.26784651843642543,0.0885251688263669,0.4674470315824583,0.17618128115474999,26.268355524788713
111,22.214809873248832,1.25,0.2,0.4583333333333333,0.5,0.27539431360521677,0.08785430917478897,0.4681571663277221,0.16859421089227283,26.268355524788713
112,22.414943295530353,1.25,0.2,0.4583333333333333,0.5,0.2829127444289427,0.08720944202756932,0.468551401037122,0.16132641250636665,26.268355524788713
113,22.615076717811874,1.25,0.2,0.4583333333333333,0.5,0.290395790612446,0.08659153003509507,0.4686447438767726,0.15436793547568697,26.268355524788713
114,22.815210140093395,1.25,0.2,0.4583333333333333,0.5,0.29783781088404065,0.08600142493477003,0.46845215456358236,0.1477086096176076,26.268355524788713
115,23.015343562374916,1.25,0.2,0.4583333333333333,0.5,0.30523352739401355,0.08543987807773137,0.46798845460312344,0.14133813992513225,26.268355524788713
116,23.215476984656437,1.25,0.2,0.4583333333333333,0.5,0.3125780162647888,0.08490754725006149,0.46726824827257935,0.13524618821257095,26.268355524788713
117,23.415610406937958,1.25,0.2,0.4583333333333333,0.5,0.31986669009893276,0.08440500670904034,0.46630586175289296,0.12942244143913456,26.268355524788713
118,23.61574382921948,1.25,0.2,0.4583333333333333,0.5,0.327095286380448,0.08393275407764134,0.46511528344639674,0.12385667609551461,26.268355524788713
119,23.815877251501,1.25,0.2,0.4583333333333333,0.5,0.3342598455128336,0.08349122109425107,0.46371013453343896,0.11853879885947705,26.268355524788713
120,24.01601067378252,1.25,0.2,0.4583333333333333,0.5,0.3413567000803027,0.08308077938047065,0.46210362268510874,0.1134588978541185,26.268355524788713
121,24.216144096064042,1.25,0.2,0.4583333333333333,0.5,0.34838246070492646,0.08270174708259294,0.46030851307069975,0.1086072791417814,26.268355524788713
122,24.416277518345563,1.25,0.2,0.4583333333333333,0.5,0.3553339927673283,0.08235439870469705,0.4583371294701293,0.10397447905784585,26.268355524788713
123,24.616410940627084,1.25,0.2,0.4583333333333333,0.5,0.3622084079755573,0.08203896932677728,0.45620131524708474,0.0995513074505812,26.268355524788713
124,24.816544362908605,1.25,0.2,0.4583333333333333,0.5,0.3690030440158766,0.08175566220320116,0.4539124480452529,0.09532884573566988,26.268355524788713
125,25.016677785190126,1.25,0.2,0.4583333333333333,0.5,0.37571545058053507,0.08150465428255128,0.45148143171621946,0.0912984634206947,26.268355524788713
126,25.216811207471647,1.25,0.2,0.4583333333333333,0.5,0.3823433773820883,0.08128610088126038,0.4489186852178185,0.08745183651883336,26.268355524788713
127,25.416944629753168,1.25,0.2,0.4583333333333333,0.5,0.38888475629696395,0.0811001413170571,0.4462341704428569,0.08378093194312267,26.268355524788713
128,25.61707805203469,1.25,0.2,0.4583333333333333,0.5,0.3953376916421072,0.08094690274722365,0.4434373776766592,0.08027802793401055,26.268355524788713
129,25.81721147431621,1.25,0.2,0.4583333333333333,0.5,0.40170044610039674,0.08082650422627412,0.4405373471858023,0.07693570248752743,26.268355524788713
130,26.01734489659773,1.25,0.2,0.4583333333333333,0.5,0.4079714283527385,0.08073906040923269,0.43754268258280776,0.07374682865522161,26.268355524788713
131,26.21747831887925,1.25,0.2,0.4583333333333333,0.5,0.4141491826846696,0.08068468505442451,0.4344615509901995,0.0707045812707069,26.268355524788713
132,26.417611741160773,1.25,0.2,0.4583333333333333,0.5,0.42023237744659464,0.08066349343760679,0.43130171268205625,0.0678024164337428,26.268355524788713
133,26.617745163442294,1.25,0.2,0.4583333333333333,0.5,0.4262197955837732,0.080675605320771,0.4280705242697308,0.06503407482572546,26.268355524788713
134,26.817878585723815,1.25,0.2,0.4583333333333333,0.5,0.4321103251784652,0.0807211470491889,0.42477495715991853,0.06239357061242784,26.268355524788713
135,27.018012008005336,1.25,0.2,0.4583333333333333,0.5,0.4379029504923951,0.08080025338403493,0.4214216169919601,0.059875179131610334,26.268355524788713
136,27.218145430286857,1.25,0.2,0.4583333333333333,0.5,0.4435967436759582,0.08091306978938613,0.41801675076481576,0.05747343576984037,26.268355524788713
137,27.418278852568378,1.25,0.2,0.4583333333333333,0.5,0.4491908573765488,0.08105975332129621,0.41456627022412307,0.05518311907803231,26.268355524788713
138,27.6184122748499,1.25,0.2,0.4583333333333333,0.5,0.454684517293177,0.08124047433431297,0.41107576295721926,0.05299924541529114,26.268355524788713
139,27.81854569713142,1.25,0.2,0.4583333333333333,0.5,0.4600770155616541,0.08145541759586633,0.40755050710100343,0.050917059741476464,26.268355524788713
140,28.01867911941294,1.25,0.2,0.4583333333333333,0.5,0.46536770492606727,0.08170478286155804,0.40399548912856875,0.048932023083806314,26.268355524788713
141,28.21881254169446,1.25,0.2,0.4583333333333333,0.5,0.47055599243052176,0.08198878617709754,0.40041541409167547,0.04703980730070557,26.268355524788713
142,28.418945963975982,1.25,0.2,0.4583333333333333,0.5,0.47564133471388786,0.0823076600477128,0.3968147222960986,0.045236282942301115,26.268355524788713
143,28.619079386257503,1.25,0.2,0.4583333333333333,0.5,0.48062323274573954,0.08266165416714513,0.39319760149599703,0.04351751159111873,26.268355524788713
144,28.819212808539024,1.25,0.2,0.4583333333333333,0.5,0.48550122715532795,0.083051035894078,0.38956799909586426,0.04187973785473014,26.268355524788713
145,29.019346230820545,1.25,0.2,0.4583333333333333,0.5,0.4902748949576328,0.08347608996783511,0.3859296366320206,0.04031937844251187,26.268355524788713
146,29.219479653102066,1.25,0.2,0.4583333333333333,0.5,0.494943844899229,0.0839371191562396,0.38228601957101344,0.03883301637351832,26.268355524788713
147,29.419613075383587,1.25,0.2,0.4583333333333333,0.5,0.4995077135548207,0.08443444455513076,0.37864044750607767,0.03741739438397118,26.268355524788713
148,29.61974649766511,1.25,0.2,0.4583333333333333,0.5,0.5039661634060167,0.08496840483769623,0.37499602715282426,0.036069404603463084,26.268355524788713
149,29.81987991994663,1.25,0.2,0.4583333333333333,0.5,0.5083188789419465,0.08553935660729474,0.37135568156478205,0.03478608288597706,26.268355524788713
150,30.02001334222815,1.25,0.2,0.4583333333333333,0.5,0.5125655635231038,0.08614767440098901,0.3677221596755892,0.03356460240031831,26.268355524788713
151,30.22014676450967,1.25,0.2,0.4583333333333333,0.5,0.5167059380975801,0.08679374994309316,0.36409804572080656,0.03240226623852054,26.268355524788713
152,30.420280186791192,1.25,0.2,0.4583333333333333,0.5,0.5207397381484218,0.08747799215534807,0.36048576791941345,0.031296501776817025,26.268355524788713
153,30.620413609072713,1.25,0.2,0.4583333333333333,0.5,0.5246667112532749,0.08820082694000131,0.35688760675288467,0.030244855053839476,26.268355524788713
154,30.820547031354234,1.25,0.2,0.4583333333333333,0.5,0.528486616197962,0.0889626963934027,0.3533057025075228,0.029244984901112814,26.268355524788713
155,31.020680453635755,1.25,0.2,0.4583333333333333,0.5,0.5321992207333127,0.08976405851419444,0.3497420629607711,0.028294657791722008,26.268355524788713
156,31.220813875917276,1.25,0.2,0.4583333333333333,0.5,0.5358042998032606,0.09060538674556055,0.34619857059723236,0.02739174285394681,26.268355524788713
157,31.420947298198797,1.25,0.2,0.4583333333333333,0.5,0.53930163492955,0.09148716918469897,0.34267698848623274,0.026534207399518662,26.268355524788713
158,31.621080720480318,1.25,0.2,0.4583333333333333,0.5,0.5426910124840526,0.09240990807714604,0.33917896721401675,0.025720112224785017,26.268355524788713
159,31.82121414276184,1.25,0.2,0.4583333333333333,0.5,0.5459722222458326,0.09337411921867234,0.3357060513698001,0.024947607165695326,26.268355524788713
160,32.021347565043364,1.25,0.2,0.4583333333333333,0.5,0.5491450572420782,0.09438033105121968,0.33225968400556305,0.024214927701139373,26.268355524788713
161,32.22148098732488,1.25,0.2,0.4583333333333333,0.5,0.5522093125697611,0.09542908393255399,0.3288412126671343,0.023520390830550953,26.268355524788713
162,32.421614409606406,1.25,0.2,0.4583333333333333,0.5,0.5551647845430416,0.0965209293011349,0.32545189488704884,0.02286239126877497,26.268355524788713
163,32.62174783188792,1.25,0.2,0.4583333333333333,0.5,0.5580112705542961,0.0976564287563594,0.3220929020060469,0.022239398683297953,26.268355524788713
164,32.82188125416945,1.25,0.2,0.4583333333333333,0.5,0.5607485683890866,0.09883615310508435,0.31876532438966,0.021649954116169275,26.268355524788713
165,33.022014676450965,1.25,0.2,0.4583333333333333,0.5,0.5633764757297187,0.1000606813458601,0.3154701762459772,0.0210926666784442,26.268355524788713
166,33.22214809873249,1.25,0.2,0.4583333333333333,0.5,0.5658947903400041,0.10133059961640073,0.31220839862147953,0.02056621142211584,26.268355524788713
167,33.42228152101401,1.25,0.2,0.4583333333333333,0.5,0.568303309787405,0.10264650004707448,0.3089808638529576,0.020069326312563196,26.268355524788713
168,33.62241494329553,1.25,0.2,0.4583333333333333,0.5,0.5706018311667351,0.10400897951339934,0.30578838027202454,0.0196008090478412,26.268355524788713
169,33.82254836557705,1.25,0.2,0.4583333333333333,0.5,0.5727901515768331,0.10541863846138949,0.30263169443737425,0.019159515524403432,26.268355524788713
170,34.02268178785857,1.25,0.2,0.4583333333333333,0.5,0.5748680682424797,0.10687607955769961,0.29951149487531087,0.018744357324510012,26.268355524788713
171,34.22281521014009,1.25,0.2,0.4583333333333333,0.5,0.5768353787209158,0.10838190616849724,0.2964284161377892,0.018354298972797934,26.268355524788713
172,34.422948632421615,1.25,0.2,0.4583333333333333,0.5,0.5786918814502491,0.10993672102512199,0.29338304101914375,0.017988356505485418,26.268355524788713
173,34.62308205470313,1.25,0.2,0.4583333333333333,0.5,0.5804373762712344,0.11154112467151542,0.2903759035760368,0.017645595481213652,26.268355524788713
174,34.82321547698466,1.25,0.2,0.4583333333333333,0.5,0.5820716649609777,0.11319571370432081,0.28740749275710326,0.017325128577598485,26.268355524788713
175,35.023348899266175,1.25,0.2,0.4583333333333333,0.5,0.583594552041429,0.11490107918446225,0.2844782545068222,0.017026114267286924,26.268355524788713
176,35.2234823215477,1.25,0.2,0.4583333333333333,0.5,0.5850058456296667,0.11665780488401226,0.28158859424060273,0.016747755245718712,26.268355524788713
177,35.42361574382922,1.25,0.2,0.4583333333333333,0.5,0.5863053583435485,0.11846646528469909,0.2787388799471268,0.01648929642462608,26.268355524788713
178,35.62374916611074,1.25,0.2,0.4583333333333333,0.5,0.5874929083603786,0.12032762369238725,0.27592944433077593,0.016250023616458636,26.268355524788713
179,35.82388258839226,1.25,0.2,0.4583333333333333,0.5,0.5885683205784349,0.12224183026898214,0.2731605868499136,0.016029262302669777,26.268355524788713
180,36.02401601067378,1.25,0.2,0.4583333333333333,0.5,0.5895314278816288,0.12420961979308356,0.2704325763265406,0.01582637599874746,26.268355524788713
181,36.2241494329553,1.25,0.2,0.4583333333333333,0.5,0.5903820725051385,0.12623150944261635,0.2677456530824128,0.01564076496983273,26.268355524788713
182,36.424282855236825,1.25,0.2,0.4583333333333333,0.5,0.5911201074937371,0.1283079965914128,0.26510003065394905,0.015471865260901468,26.268355524788713
183,36.62441627751834,1.25,0.2,0.4583333333333333,0.5,0.5917453982488691,0.13043955635667095,0.2624958980415633,0.015319147352897118,26.268355524788713
184,36.82454969979987,1.25,0.2,0.4583333333333333,0.5,0.5922578242819322,0.13262663898405244,0.2599334217239063,0.015182115010109541,26.268355524788713
185,37.024683122081385,1.25,0.2,0.4583333333333333,0.5,0.592657280827778,0.13486966752157054,0.2574127472584766,0.015060304392175329,26.268355524788713
186,37.22481654436291,1.25,0.2,0.4583333333333333,0.5,0.5929436808901261,0.13716903493852628,0.2549340010929562,0.014953283078391928,26.268355524788713
187,37.42494996664443,1.25,0.2,0.4583333333333333,0.5,0.5931169571159931,0.1395251013688169,0.2524972925735045,0.01486064894168601,26.268355524788713
188,37.62508338892595,1.25,0.2,0.4583333333333333,0.5,0.5931770638799072,0.14193819140649577,0.25010271510808507,0.014782029605512472,26.268355524788713
189,37.82521681120747,1.25,0.2,0.4583333333333333,0.5,0.5931239793460535,0.14440859123407668,0.2477503478838503,0.014717081536020015,26.268355524788713
190,38.02535023348899,1.25,0.2,0.4583333333333333,0.5,0.5929577081332041,0.14693654499350495,0.24544025763683655,0.01466548923645485,26.268355524788713
191,38.22548365577051,1.25,0.2,0.4583333333333333,0.5,0.5926782832008305,0.14952225219466664,0.24317250018573128,0.014626964418772107,26.268355524788713
192,38.425617078052035,1.25,0.2,0.4583333333333333,0.5,0.5922857676728395,0.15216586520669864,0.24094712194758952,0.014601245172872894,26.268355524788713
193,38.62575050033355,1.25,0.2,0.4583333333333333,0.5,0.5917802576752816,0.15486748558597913,0.2387641612673895,0.014588095471350293,26.268355524788713
194,38.82588392261508,1.25,0.2,0.4583333333333333,0.5,0.5911618871476384,0.1576271584923665,0.23662364845975603,0.014587305900239579,26.268355524788713
195,39.026017344896594,1.25,0.2,0.4583333333333333,0.5,0.5904308272972616,0.16044487244543457,0.23452560894987778,0.014598691307426652,26.268355524788713
196,39.22615076717812,1.25,0.2,0.4583333333333333,0.5,0.5895872895309509,0.16332055561450712,0.23247006440272672,0.014622090451815973,26.268355524788713
197,39.426284189459636,1.25,0.2,0.4583333333333333,0.5,0.5886315299924535,0.1662540704733649,0.23045703271119938,0.014657366822982854,26.268355524788713
198,39.62641761174116,1.25,0.2,0.4583333333333333,0.5,0.5875638525532887,0.16924521002009948,0.2284865290226438,0.014704408403968623,26.268355524788713
199,39.82655103402268,1.25,0.2,0.4583333333333333,0.5,0.586384609114108,0.17229369672432496,0.22655856860655108,0.014763125555016613,26.268355524788713
200,40.0266844563042,1.25,0.2,0.4583333333333333,0.5,0.5850942033683416,0.17539917793675824,0.22467316731424108,0.014833451380659663,26.268355524788713
201,40.22681787858572,1.25,0.2,0.4583333333333333,0.5,0.5836930953236679,0.17856122028111385,0.22283034116533834,0.014915343229880557,26.268355524788713
202,40.426951300867245,1.25,0.2,0.4583333333333333,0.5,0.5821818024275386,0.1817793079755959,0.22103010895001976,0.015008780646846348,26.268355524788713
203,40.62708472314876,1.25,0.2,0.4583333333333333,0.5,0.5805609023350884,0.1850528392539152,0.21927249337274302,0.015113765038253998,26.268355524788713
204,40.82721814543029,1.25,0.2,0.4583333333333333,0.5,0.5788310361905682,0.18838112207779295,0.21755752127862757,0.0152303204530119,26.268355524788713
205,41.027351567711804,1.25,0.2,0.4583333333333333,0.5,0.5769929117927636,0.19176336993312645,0.21588522377869815,0.015358494495412357,26.268355524788713
206,41.22748498999333,1.25,0.2,0.4583333333333333,0.5,0.5750473057341697,0.1951986992211551,0.21425563893119803,0.015498356113477685,26.268355524788713
207,41.427618412274846,1.25,0.2,0.4583333333333333,0.5,0.5729950664075708,0.19868612526760468,0.2126688121376531,0.01564999618717196,26.268355524788713
208,41.62775183455637,1.25,0.2,0.4583333333333333,0.5,0.5708371159074771,0.20222455912767795,0.21112479589707508,0.015813529067770435,26.268355524788713
209,41.82788525683789,1.25,0.2,0.4583333333333333,0.5,0.5685744531874136,0.2058128037659383,0.2096236513179616,0.015989091728687028,26.268355524788713
210,42.02801867911941,1.25,0.2,0.4583333333333333,0.5,0.5662081570247763,0.20944955033316465,0.20816544936531742,0.01617684327674225,26.268355524788713
211,42.22815210140093,1.25,0.2,0.4583333333333333,0.5,0.5637393871641121,0.21313337577606492,0.20675027107265972,0.016376965987163854,26.268355524788713
212,42.428285523682455,1.25,0.2,0.4583333333333333,0.5,0.5611693860980075,0.21686273998837582,0.20537820814445665,0.016589665769160662,26.268355524788713
213,42.62841894596397,1.25,0.2,0.4583333333333333,0.5,0.558499483427232,0.2206359808880794,0.20404936436147397,0.016815171323215274,26.268355524788713
214,42.8285523682455,1.25,0.2,0.4583333333333333,0.5,0.5557310966279243,0.22445131246886493,0.20276385590029358,0.017053735002917788,26.268355524788713
215,43.028685790527014,1.25,0.2,0.4583333333333333,0.5,0.5528657301296521,0.22830682442512013,0.20152181120944282,0.017305634235785464,26.268355524788713
216,43.22881921280854,1.25,0.2,0.4583333333333333,0.5,0.5499049811306885,0.2322004757624498,0.20032337275416856,0.0175711703526937,26.268355524788713
217,43.428952635090056,1.25,0.2,0.4583333333333333,0.5,0.5468505403762304,0.2361300929235602,0.1991686974048056,0.0178506692954045,26.268355524788713
218,43.62908605737158,1.25,0.2,0.4583333333333333,0.5,0.5437041889210299,0.24009337172715253,0.1980579562102842,0.018144483141534128,26.268355524788713
219,43.8292194796531,1.25,0.2,0.4583333333333333,0.5,0.5404678033464002,0.2440878713639102,0.19699133565194826,0.018452989637742123,26.268355524788713
220,44.02935290193462,1.25,0.2,0.4583333333333333,0.5,0.5371433576886401,0.24811101148632944,0.19596903832841167,0.018776592496619504,26.268355524788713
221,44.22948632421614,1.25,0.2,0.4583333333333333,0.5,0.5337329193672564,0.252160075208003,0.19499128271093466,0.01911572271380663,26.268355524788713
222,44.429619746497664,1.25,0.2,0.4583333333333333,0.5,0.5302386504398399,0.2562322068429376,0.1940583037182449,0.01947083899897831,26.268355524788713
223,44.62975316877918,1.25,0.2,0.4583333333333333,0.5,0.5266628122180038,0.2603244063020156,0.193170353798618,0.019842427681363274,26.268355524788713
224,44.829886591060706,1.25,0.2,0.4583333333333333,0.5,0.5230077616502372,0.26443353189035335,0.19232770273358604,0.020231003725824048,26.268355524788713
225,45.030020013342224,1.25,0.2,0.4583333333333333,0.5,0.519275946563263,0.2685563044509406,0.19153063723379643,0.02063711175200052,26.268355524788713
226,45.23015343562375,1.25,0.2,0.4583333333333333,0.5,0.5154699132736238,0.27268929828308514,0.19077946255727363,0.021061325886018056,26.268355524788713
227,45.430286857905266,1.25,0.2,0.4583333333333333,0.5,0.511592303245267,0.2768289438761894,0.19007450231817097,0.02150425056037318,26.268355524788713
228,45.63042028018679,1.25,0.2,0.4583333333333333,0.5,0.5076458447813113,0.28097153661294166,0.18941609736554652,0.021966521240201247,26.268355524788713
229,45.83055370246831,1.25,0.2,0.4583333333333333,0.5,0.5036333596390026,0.28511322816242163,0.18880460734436574,0.022448804854210618,26.268355524788713
230,46.03068712474983,1.25,0.2,0.4583333333333333,0.5,0.49955776143606107,0.2892500274286047,0.18824041077117679,0.022951800364158094,26.268355524788713
231,46.23082054703135,1.25,0.2,0.4583333333333333,0.5,0.4954220466347747,0.29337781119511114,0.18772390342792944,0.023476238742185296,26.268355524788713
232,46.430953969312874,1.25,0.2,0.4583333333333333,0.5,0.491229296086945,0.2974923210809007,0.18725549911440081,0.02402288371775403,26.268355524788713
233,46.63108739159439,1.25,0.2,0.4583333333333333,0.5,0.48698267642531273,0.3015891606965477,0.18683563036582485,0.02459253251231524,26.268355524788713
234,46.831220813875916,1.25,0.2,0.4583333333333333,0.5,0.4826854324321389,0.30566380562411355,0.18646474678088928,0.025186015162858753,26.268355524788713
235,47.03135423615743,1.25,0.2,0.4583333333333333,0.5,0.4783408816598914,0.3097116103319536,0.18614331390099526,0.025804194107160217,26.268355524788713
236,47.23148765843896,1.25,0.2,0.4583333333333333,0.5,0.47395241865366755,0.3137278002749688,0.18587181502147476,0.026447966049889363,26.268355524788713
237,47.431621080720475,1.25,0.2,0.4583333333333333,0.5,0.4695235090436065,0.3177074802656565,0.18565074970166828,0.027118260989069217,26.268355524788713
238,47.631754503002,1.25,0.2,0.4583333333333333,0.5,0.4650576802689139,0.3216456502599369,0.18548063052745953,0.02781603894369019,26.268355524788713
239,47.83188792528352,1.25,0.2,0.4583333333333333,0.5,0.46055852435305616,0.32553719746492654,0.18536198520206115,0.02854229297995669,26.268355524788713
240,48.03202134756504,1.25,0.2,0.4583333333333333,0.5,0.45602969243846503,0.32937690461261376,0.18529535500147704,0.029298047947444745,26.268355524788713
241,48.23215476984656,1.25,0.2,0.4583333333333333,0.5,0.45147489055059215,0.3331594594175215,0.18528129270179688,0.030084357330089965,26.268355524788713
242,48.432288192128084,1.25,0.2,0.4583333333333333,0.5,0.4468978751286629,0.33687946328894625,0.18532036076551112,0.0309023008168802,26.268355524788713
243,48.6324216144096,1.25,0.2,0.4583333333333333,0.5,0.4423024472019056,0.3405314365288815,0.18541313077543653,0.03175298549377676,26.268355524788713
244,48.832555036691126,1.25,0.2,0.4583333333333333,0.5,0.43769244765629073,0.3441098285532915,0.1855601812084053,0.03263754258201296,26.268355524788713
245,49.03268845897264,1.25,0.2,0.4583333333333333,0.5,0.43307176004547376,0.3476090218329571,0.1857620959014525,0.033557122220117114,26.268355524788713
246,49.23282188125417,1.25,0.2,0.4583333333333333,0.5,0.4284443007379993,0.3510233453078772,0.18601946166397482,0.034512892290149186,26.268355524788713
247,49.432955303535685,1.25,0.2,0.4583333333333333,0.5,0.4238140127475062,0.35434708575014834,0.18633286592572026,0.03550603557662573,26.268355524788713
248,49.63308872581721,1.25,0.2,0.4583333333333333,0.5,0.4191848631922586,0.35757449837995425,0.1867028942688478,0.03653774415893981,26.268355524788713
249,49.83322214809873,1.25,0.2,0.4583333333333333,0.5,0.41456084231898094,0.36069982021424063,0.18713012749385724,0.03760920997292174,26.268355524788713
250,50.03335557038025,1.25,0.2,0.4583333333333333,0.5,0.40994595453459215,0.3637172812556343,0.18761513906553365,0.038721625144240435,26.268355524788713
251,50.23348899266177,1.25,0.2,0.4583333333333333,0.5,0.40534421489887446,0.3666211183903887,0.18815849198486492,0.03987617472587242,26.268355524788713
252,50.433622414943294,1.25,0.2,0.4583333333333333,0.5,0.4007596463361339,0.3694055933985684,0.18876073497769838,0.04107402528759981,26.268355524788713
253,50.63375583722481,1.25,0.2,0.4583333333333333,0.5,0.39619627560391624,0.3720650094460376,0.18942239884201242,0.04231631610803423,26.268355524788713
254,50.833889259506336,1.25,0.2,0.4583333333333333,0.5,0.3916581272767033,0.37459372412969894,0.19014399324351314,0.04360415535008511,26.268355524788713
255,51.03402268178785,1.25,0.2,0.4583333333333333,0.5,0.3871492202895548,0.37698616899552473,0.1909260024957174,0.04493860821920355,26.268355524788713
256,51.23415610406938,1.25,0.2,0.4583333333333333,0.5,0.3826735657021987,0.3792368737750737,0.19176888107200532,0.04632067945072277,26.268355524788713
257,51.4342895263509,1.25,0.2,0.4583333333333333,0.5,0.3782351613543414,0.3813404827608515,0.19267304939762855,0.047751306487179075,26.268355524788713
258,51.63442294863242,1.25,0.2,0.4583333333333333,0.5,0.37383798781775973,0.3832917756541116,0.19363888923755618,0.049231347290573,26.268355524788713
259,51.834556370913944,1.25,0.2,0.4583333333333333,0.5,0.3694860049556374,0.38508569181657215,0.19466673924931768,0.05076156397847331,26.268355524788713
260,52.03468979319546,1.25,0.2,0.4583333333333333,0.5,0.36518314851410966,0.3867173570817151,0.1957568912005645,0.052342603203611116,26.268355524788713
261,52.234823215476986,1.25,0.2,0.4583333333333333,0.5,0.3609333260352438,0.3881821048216987,0.19690958357644142,0.053974985566616486,26.268355524788713
262,52.4349566377585,1.25,0.2,0.4583333333333333,0.5,0.3567404133791946,0.389475503139981,0.19812499681352147,0.05565908666730328,26.268355524788713
263,52.63509006004003,1.25,0.2,0.4583333333333333,0.5,0.3526082506753146,0.3905933813650219,0.19940324985002486,0.05739511810963897,26.268355524788713
264,52.835223482321545,1.25,0.2,0.4583333333333333,0.5,0.3485406386781925,0.39153185804153295,0.2007443952113135,0.0591831080689614,26.268355524788713
265,53.03535690460307,1.25,0.2,0.4583333333333333,0.5,0.344541335582739,0.39228737059623586,0.20214841252502916,0.06102288129599643,26.268355524788713
266,53.23549032688459,1.25,0.2,0.4583333333333333,0.5,0.3406140528374265,0.3928567028191582,0.2036152047461128,0.0629140395973029,26.268355524788713
267,53.43562374916611,1.25,0.2,0.4583333333333333,0.5,0.33676245003853306,0.39323700797216216,0.20514459560696452,0.0648559463823407,26.268355524788713
268,53.63575717144763,1.25,0.2,0.4583333333333333,0.5,0.33299013263494837,0.3934258468751313,0.2067363222665971,0.06684769822332366,26.268355524788713
269,53.835890593729154,1.25,0.2,0.4583333333333333,0.5,0.3293006475146195,0.393421215957534,0.20839003151550814,0.06888810501233873,26.268355524788713
270,54.03602401601067,1.25,0.2,0.4583333333333333,0.5,0.3256974764261475,0.39322156129041486,0.2101052792946346,0.07097568298880347,26.268355524788713
271,54.236157438292196,1.25,0.2,0.4583333333333333,0.5,0.32218403293047715,0.39282581677603234,0.21188152466594992,0.07310862562754093,26.268355524788713
272,54.43629086057371,1.25,0.2,0.4583333333333333,0.5,0.31876365821723923,0.392233435697893,0.2137181255359408,0.07528478054892733,26.268355524788713
273,54.63642428285524,1.25,0.2,0.4583333333333333,0.5,0.31543961559106476,0.39144440417647547,0.2156143367653935,0.07750164346706662,26.268355524788713
274,54.836557705136755,1.25,0.2,0.4583333333333333,0.5,0.31221508237306117,0.3904592508124367,0.21756931046385203,0.07975635635065056,26.268355524788713
275,55.03669112741828,1.25,0.2,0.4583333333333333,0.5,0.30909314700161006,0.3892790857528637,0.21958209069141918,0.08204567655410751,26.268355524788713
276,55.2368245496998,1.25,0.2,0.4583333333333333,0.5,0.3060768025040756,0.38790560643110117,0.22165161264190864,0.08436597842291509,26.268355524788713
277,55.43695797198132,1.25,0.2,0.4583333333333333,0.5,0.3031689401852435,0.38634111013776573,0.22377670125300736,0.08671324842398395,26.268355524788713
278,55.63709139426284,1.25,0.2,0.4583333333333333,0.5,0.30037234311858724,0.3845885017380444,0.22595607023008188,0.08908308491328705,26.268355524788713
279,55.837224816544364,1.25,0.2,0.4583333333333333,0.5,0.2976896794284243,0.3826512967888162,0.22818832137441644,0.09147070240834353,26.268355524788713
280,56.03735823882588,1.25,0.2,0.4583333333333333,0.5,0.2951234954320591,0.3805336198326319,0.23047194419999542,0.09387094053531403,26.268355524788713
281,56.237491661107406,1.25,0.2,0.4583333333333333,0.5,0.2926762086043647,0.37824019799680914,0.2328053158109907,0.09627827758783593,26.268355524788713
282,56.43762508338892,1.25,0.2,0.4583333333333333,0.5,0.2903501004511622,0.37577634931719306,0.23518670100732667,0.09868684922431847,26.268355524788713
283,56.63775850567045,1.25,0.2,0.4583333333333333,0.5,0.288147309333013,0.3731479656938495,0.23761425258647725,0.10109047238666055,26.268355524788713
284,56.837891927951965,1.25,0.2,0.4583333333333333,0.5,0.28606982331941566,0.37036148714516254,0.24008601195105475,0.10348267758436744,26.268355524788713
285,57.03802535023349,1.25,0.2,0.4583333333333333,0.5,0.28411947304212376,0.3674238796923727,0.24259990959044028,0.10585673767506369,26.268355524788713
286,57.23815877251501,1.25,0.2,0.4583333333333333,0.5,0.2822979246337277,0.3643426115183485,0.24515376550199358,0.10820569834593068,26.268355524788713
287,57.43829219479653,1.25,0.2,0.4583333333333333,0.5,0.28060667387149074,0.36112559204983724,0.2477452899197166,0.11052244415895594,26.268355524788713
288,57.63842561707805,1.25,0.2,0.4583333333333333,0.5,0.2790470387447131,0.35778113779631066,0.2503720843677959,0.11279973909118107,26.268355524788713
289,57.83855903935957,1.25,0.2,0.4583333333333333,0.5,0.27762015387750194,0.35431792958342545,0.253031642636572,0.11503027390250126,26.268355524788713
290,58.03869246164109,1.25,0.2,0.4583333333333333,0.5,0.2763269660798343,0.35074497134730626,0.25572135177185884,0.11720671080100133,26.268355524788713
291,58.238825883922615,1.25,0.2,0.4583333333333333,0.5,0.27516822727074003,0.3470715128386866,0.25843849377709266,0.11932176611348148,26.268355524788713
292,58.43895930620413,1.25,0.2,0.4583333333333333,0.5,0.2741444918540532,0.3433070182822353,0.2611802463674567,0.12136824349625555,26.268355524788713
293,58.63909272848566,1.25,0.2,0.4583333333333333,0.5,0.2732561119500541,0.33946109843603267,0.2639436846437314,0.12333910497018252,26.268355524788713
294,58.839226150767175,1.25,0.2,0.4583333333333333,0.5,0.27250323423768796,0.33554344665012115,0.2667257830131265,0.12522753609906517,26.268355524788713
295,59.0393595730487,1.25,0.2,0.4583333333333333,0.5,0.27188580096735904,0.33156379722811474,0.2695234175087081,0.12702698429581885,26.268355524788713
296,59.23949299533022,1.25,0.2,0.4583333333333333,0.5,0.27140354594991234,0.3275318483473815,0.2723333674698149,0.128731238232892,26.268355524788713
297,59.43962641761174,1.25,0.2,0.4583333333333333,0.5,0.27105599484822773,0.3234572203743596,0.2751523206827038,0.13033446409470967,26.268355524788713
298,59.63975983989326,1.25,0.2,0.4583333333333333,0.5,0.2708424655461814,0.31934940157941316,0.2779768775028339,0.13183125537157236,26.268355524788713
299,59.83989326217478,1.25,0.2,0.4583333333333333,0.5,0.2707620692471302,0.31521768417201684,0.2808035539466402,0.13321669263421354,26.268355524788713
300,60.0400266844563,1.25,0.2,0.4583333333333333,0.5,0.27081371424084605,0.31107113812230963,0.28362878959193766,0.1344863580449074,26.268355524788713
301,60.240160106737825,1.25,0.2,0.4583333333333333,0.5,0.2709961080949823,0.3069185500597841,0.28644895232676537,0.13563638951846896,26.268355524788713
302,60.44029352901934,1.25,0.2,0.4583333333333333,0.5,0.2713077619982984,0.30276838965924024,0.2892603464901397,0.1366635018523224,26.268355524788713
303,60.64042695130087,1.25,0.2,0.4583333333333333,0.5,0.2717469961070544,0.2986287841138213,0.29205922239392496,0.13756499738520014,26.268355524788713
304,60.840560373582385,1.25,0.2,0.4583333333333333,0.5,0.2723119453920096,0.2945074741141938,0.29484178404389183,0.13833879644990554,26.268355524788713
305,61.04069379586391,1.25,0.2,0.4583333333333333,0.5,0.2730005658069222,0.29041179562735503,0.29760420061048165,0.13898343795524185,26.268355524788713
306,61.24082721814543,1.25,0.2,0.4583333333333333,0.5,0.2738106408303333,0.28634866521089397,0.300342618853514,0.13949807510525952,26.268355524788713
307,61.44096064042695,1.25,0.2,0.4583333333333333,0.5,0.27473979092900846,0.2823245688674502,0.3030531758857626,0.13988246431777945,26.268355524788713
308,61.64109406270847,1.25,0.2,0.4583333333333333,0.5,0.27578548159592087,0.27834554906797176,0.30573201138927153,0.14013695794683664,26.268355524788713
309,61.84122748498999,1.25,0.2,0.4583333333333333,0.5,0.27694503185662744,0.27441718115714453,0.3083752773145781,0.14026250967165074,26.268355524788713
310,62.04136090727151,1.25,0.2,0.4583333333333333,0.5,0.278215624658589,0.2705445886340844,0.3109791549861198,0.14026063172120748,26.268355524788713
311,62.241494329553035,1.25,0.2,0.4583333333333333,0.5,0.27959431532289375,0.2667324507502224,0.3135398729397304,0.14013336098715418,26.268355524788713
312,62.44162775183455,1.25,0.2,0.4583333333333333,0.5,0.2810780418188938,0.2629850090238941,0.316053721771136,0.13988322738607675,26.268355524788713
313,62.64176117411608,1.25,0.2,0.4583333333333333,0.5,0.2826636348166917,0.25930607180355325,0.3185170670569464,0.13951322632280927,26.268355524788713
314,62.841894596397594,1.25,0.2,0.4583333333333333,0.5,0.2843478276477403,0.2556990208795176,0.3209263618413354,0.1390267896314073,26.268355524788713
315,63.04202801867912,1.25,0.2,0.4583333333333333,0.5,0.28612726643629244,0.2521668344240509,0.3232781642438699,0.1384277348957874,26.268355524788713
316,63.242161440960636,1.25,0.2,0.4583333333333333,0.5,0.2879985224219661,0.24871210468899702,0.32556915157135113,0.13772022131768638,26.268355524788713
317,63.44229486324216,1.25,0.2,0.4583333333333333,0.5,0.28995810205774114,0.24533705446635065,0.32779613265439805,0.1369087108215108,26.268355524788713
318,63.64242828552368,1.25,0.2,0.4583333333333333,0.5,0.29200245464885843,0.24204355671814468,0.3299560618612122,0.13599792677178532,26.268355524788713
319,63.8425617078052,1.25,0.2,0.4583333333333333,0.5,0.2941279804928186,0.23883315540530725,0.33204605200637866,0.13499281209549616,26.268355524788713
320,64.04269513008673,1.25,0.2,0.4583333333333333,0.5,0.29633104172164787,0.23570708714851246,0.33406338476318875,0.13389848636665158,26.268355524788713
321,64.24282855236824,1.25,0.2,0.4583333333333333,0.5,0.29860797572646686,0.2326663020157077,0.3360055176614523,0.1327202045963738,26.268355524788713
322,64.44296197464976,1.25,0.2,0.4583333333333333,0.5,0.30095510141993764,0.22971148465402685,0.33787009375250576,0.13146332017353038,26.268355524788713
323,64.64309539693129,1.25,0.2,0.4583333333333333,0.5,0.3033687256158241,0.22684307674290857,0.339654951066605,0.13013324657466296,26.268355524788713
324,64.84322881921281,1.25,0.2,0.4583333333333333,0.5,0.3058451508424393,0.22406129745959005,0.3413581285103769,0.12873542318759434,26.268355524788713
325,65.04336224149432,1.25,0.2,0.4583333333333333,0.5,0.30838068405410496,0.22136616320197888,0.3429778694856363,0.12727528325828044,26.268355524788713
326,65.24349566377585,1.25,0.2,0.4583333333333333,0.5,0.3109716455327886,0.2187575078052797,0.3445126245820431,0.12575822207988918,26.268355524788713
327,65.44362908605737,1.25,0.2,0.4583333333333333,0.5,0.3136143736462086,0.21623500031817072,0.34596105407471983,0.12418957196090152,26.268355524788713
328,65.6437625083389,1.25,0.2,0.4583333333333333,0.5,0.3163052309483748,0.21379816415042213,0.34732202974426163,0.12257457515694209,26.268355524788713
329,65.8438959306204,1.25,0.2,0.4583333333333333,0.5,0.31904061035946407,0.21144639277488217,0.3485946331658872,0.12091836369976729,26.268355524788713
330,66.04402935290193,1.25,0.2,0.4583333333333333,0.5,0.32181694050071785,0.20917896532205,0.3497781537375305,0.11922594043970226,26.268355524788713
331,66.24416277518345,1.25,0.2,0.4583333333333333,0.5,0.3246306901436507,0.20699506381658633,0.3508720878983153,0.11750215814144828,26.268355524788713
332,66.44429619746498,1.25,0.2,0.4583333333333333,0.5,0.32747837248884315,0.20489378467793654,0.3518761335145527,0.1157517093186682,26.268355524788713
333,66.64442961974649,1.25,0.2,0.4583333333333333,0.5,0.330356549457165,0.20287415235065212,0.3527901854699593,0.11397911272222418,26.268355524788713
334,66.84456304202801,1.25,0.2,0.4583333333333333,0.5,0.333261835747255,0.20093513156892343,0.3536143300068244,0.1121887026769978,26.268355524788713
335,67.04469646430954,1.25,0.2,0.4583333333333333,0.5,0.3361909013693482,0.19907563706509707,0.3543488377480551,0.11038462381750033,26.268355524788713
336,67.24482988659106,1.25,0.2,0.4583333333333333,0.5,0.33914047447684936,0.19729454482158046,0.354994157518244,0.10857082318332688,26.268355524788713
337,67.44496330887257,1.25,0.2,0.4583333333333333,0.5,0.3421073438008909,0.1955907006665265,0.3555509083253481,0.1067510472072352,26.268355524788713
338,67.6450967311541,1.25,0.2,0.4583333333333333,0.5,0.3450883607541755,0.19396292800289128,0.35601987085166026,0.10492884039127368,26.268355524788713
339,67.84523015343562,1.25,0.2,0.4583333333333333,0.5,0.3480804413501736,0.19241003593452516,0.35640197926176137,0.10310754345354056,26.268355524788713
340,68.04536357571715,1.25,0.2,0.4583333333333333,0.5,0.3510805674508398,0.19093082533068365,0.35669831221391624,0.10129029500456099,26.268355524788713
341,68.24549699799866,1.25,0.2,0.4583333333333333,0.5,0.35408578804130697,0.18952409481484034,0.35691008375736477,0.09948003338648867,26.268355524788713
342,68.44563042028018,1.25,0.2,0.4583333333333333,0.5,0.3570932203884011,0.18818864622468107,0.3570386340076945,0.09767949937922411,26.268355524788713
343,68.6457638425617,1.25,0.2,0.4583333333333333,0.5,0.3601000505926754,0.1869232888560381,0.35708542000867993,0.09589124054260736,26.268355524788713
344,68.84589726484323,1.25,0.2,0.4583333333333333,0.5,0.36310353395600287,0.18572684371540918,0.35705200645639723,0.0941176158721915,26.268355524788713
345,69.04603068712474,1.25,0.2,0.4583333333333333,0.5,0.3661009952161293,0.18459814701649602,0.3569400566040834,0.09236080116329205,26.268355524788713
346,69.24616410940627,1.25,0.2,0.4583333333333333,0.5,0.3690898287009558,0.1835360530886499,0.3567513233159428,0.09062279489445227,26.268355524788713
347,69.44629753168779,1.25,0.2,0.4583333333333333,0.5,0.37206749838235414,0.18253943688233595,0.35648763968873004,0.08890542504658062,26.268355524788713
348,69.64643095396931,1.25,0.2,0.4583333333333333,0.5,0.3750315375669437,0.1816071961592301,0.3561509107918831,0.08721035548194388,26.268355524788713
349,69.84656437625083,1.25,0.2,0.4583333333333333,0.5,0.3779795485186894,0.180738253247258,0.35574310527175873,0.08553909296229459,26.268355524788713
350,70.04669779853235,1.25,0.2,0.4583333333333333,0.5,0.3809092018683909,0.17993155640221373,0.3552662469287772,0.08389299480061893,26.268355524788713
351,70.24683122081387,1.25,0.2,0.4583333333333333,0.5,0.38381823614143934,0.17918608101004604,0.3547224073402801,0.08227327550823522,26.268355524788713
352,70.4469646430954,1.25,0.2,0.4583333333333333,0.5,0.3867044570139206,0.17850083033268058,0.35411369811560717,0.08068101453779239,26.268355524788713
353,70.64709806537691,1.25,0.2,0.4583333333333333,0.5,0.38956573652700033,0.17787483606538704,0.35344226371298765,0.07911716369462576,26.268355524788713
354,70.84723148765843,1.25,0.2,0.4583333333333333,0.5,0.3924000122718246,0.17730715881582862,0.3527102750524611,0.07758255385988644,26.268355524788713
355,71.04736490993996,1.25,0.2,0.4583333333333333,0.5,0.3952052864596695,0.1767968880623581,0.35191992267455185,0.07607790280342132,26.268355524788713
356,71.24749833222148,1.25,0.2,0.4583333333333333,0.5,0.39797962500718725,0.17634314223399494,0.3510734109673407,0.07460382179147788,26.268355524788713
357,71.44763175450299,1.25,0.2,0.4583333333333333,0.5,0.40072115653149143,0.17594506851393124,0.35017295257084047,0.07316082238373764,26.268355524788713
358,71.64776517678452,1.25,0.2,0.4583333333333333,0.5,0.40342807121936447,0.175601842345241,0.34922076276860836,0.0717493236667869,26.268355524788713
359,71.84789859906604,1.25,0.2,0.4583333333333333,0.5,0.4060986199505166,0.17531266722697061,0.3482190551509866,0.07036965767152693,26.268355524788713
360,72.04803202134757,1.25,0.2,0.4583333333333333,0.5,0.408731113216579,0.17507677410508138,0.3471700370107383,0.06902207566760211,26.268355524788713
361,72.24816544362908,1.25,0.2,0.4583333333333333,0.5,0.41132391986690925,0.17489342024460003,0.34607590409680383,0.06770675579168764,26.268355524788713
362,72.4482988659106,1.25,0.2,0.4583333333333333,0.5,0.4138754662169186,0.17476188888619837,0.3449388379346022,0.06642380696228152,26.268355524788713
363,72.64843228819213,1.25,0.2,0.4583333333333333,0.5,0.4163842349498704,0.17468148831822464,0.34376100221826233,0.06517327451364327,26.268355524788713
364,72.84856571047365,1.25,0.2,0.4583333333333333,0.5,0.4188487640612014,0.17465155088851753,0.3425445386152594,0.06395514643502229,26.268355524788713
365,73.04869913275516,1.25,0.2,0.4583333333333333,0.5,0.4212676457506381,0.1746714319417966,0.341291564720626,0.06276935758693998,26.268355524788713
366,73.24883255503669,1.25,0.2,0.4583333333333333,0.5,0.42363952535552934,0.17474050870898886,0.3400041715055618,0.06161579442992065,26.268355524788713
367,73.44896597731821,1.25,0.2,0.4583333333333333,0.5,0.425963100536941,0.1748581796868288,0.3386844202520451,0.06049429952418579,26.268355524788713
368,73.64909939959973,1.25,0.2,0.4583333333333333,0.5,0.42823712010596476,0.1750238631171923,0.3373343410282799,0.05940467574856367,26.268355524788713
369,73.84923282188124,1.25,0.2,0.4583333333333333,0.5,0.43046038299446926,0.17523699569672416,0.33595593105714205,0.05834669025166523,26.268355524788713
370,74.04936624416277,1.25,0.2,0.4583333333333333,0.5,0.43263173766026314,0.17549703181617213,0.33455115226350207,0.057320078260063335,26.268355524788713
371,74.2494996664443,1.25,0.2,0.4583333333333333,0.5,0.43475008103016033,0.17580344210301393,0.3331219303651346,0.05632454650169176,26.268355524788713
372,74.44963308872582,1.25,0.2,0.4583333333333333,0.5,0.43681435753610004,0.17615571200802466,0.3316701540452838,0.05535977641059208,26.268355524788713
373,74.64976651100733,1.25,0.2,0.4583333333333333,0.5,0.4388235584646614,0.1765533408626884,0.3301976732210996,0.054425427451551135,26.268355524788713
374,74.84989993328885,1.25,0.2,0.4583333333333333,0.5,0.4407767211353381,0.17699584050102035,0.3287062984837813,0.05352113987986075,26.268355524788713
375,75.05003335557038,1.25,0.2,0.4583333333333333,0.5,0.44267292808257425,0.17748273378838614,0.32719780091607176,0.052646537212968365,26.268355524788713
376,75.2501667778519,1.25,0.2,0.4583333333333333,0.5,0.4445113064431208,0.1780135535269392,0.3256739109499806,0.05180122907995986,26.268355524788713
377,75.45030020013341,1.25,0.2,0.4583333333333333,0.5,0.4462910272899891,0.1785878411322975,0.3241363180650566,0.05098481351265723,26.268355524788713
378,75.65043362241494,1.25,0.2,0.4583333333333333,0.5,0.4480113049440573,0.1792051451528195,0.32258667115355544,0.05019687874956819,26.268355524788713
379,75.85056704469646,1.25,0.2,0.4583333333333333,0.5,0.4496713964727453,0.17986502006353206,0.32102657785329203,0.049437005610431045,26.268355524788713
380,76.05070046697799,1.25,0.2,0.4583333333333333,0.5,0.45127060118603435,0.18056702496305713,0.31945760438180343,0.04870476946910545,26.268355524788713
381,76.2508338892595,1.25,0.2,0.4583333333333333,0.5,0.45280826007096725,0.1813107221083721,0.31788127633288193,0.04799974148777914,26.268355524788713
382,76.45096731154102,1.25,0.2,0.4583333333333333,0.5,0.4542837553766891,0.18209567565135454,0.31629907844311017,0.04732149052884672,26.268355524788713
383,76.65110073382255,1.25,0.2,0.4583333333333333,0.5,0.455696510216038,0.18292145035009297,0.31471245456987107,0.046669584863998415,26.268355524788713
384,76.85123415610407,1.25,0.2,0.4583333333333333,0.5,0.45704598818742004,0.18378761011400802,0.3131228087170047,0.046043592981567745,26.268355524788713
385,77.0513675783856,1.25,0.2,0.4583333333333333,0.5,0.4583316930525242,0.18469371671262239,0.31153150514645606,0.04544308508839784,26.268355524788713
386,77.2515010006671,1.25,0.2,0.4583333333333333,0.5,0.4595531684466759,0.18563932848870823,0.30993986849074795,0.04486763457386838,26.268355524788713
387,77.45163442294863,1.25,0.2,0.4583333333333333,0.5,0.46070999764363374,0.1866239989335626,0.30834918491174607,0.04431681851105797,26.268355524788713
388,77.65176784523015,1.25,0.2,0.4583333333333333,0.5,0.461801803339111,0.1876472753842099,0.30676070247622544,0.04379021880045401,26.268355524788713
389,77.85190126751168,1.25,0.2,0.4583333333333333,0.5,0.46282824744834705,0.1887086977494523,0.3051756314084812,0.043287423393719916,26.268355524788713
390,78.05203468979319,1.25,0.2,0.4583333333333333,0.5,0.46378903101116326,0.18980779711179466,0.3035951452782759,0.04280802659876659,26.268355524788713
391,78.25216811207471,1.25,0.2,0.4583333333333333,0.5,0.46468389407409455,0.19094409443119373,0.3020203815798715,0.042351629914840656,26.268355524788713
392,78.45230153435624,1.25,0.2,0.4583333333333333,0.5,0.4655126155562467,0.19211709930001428,0.3004524421191952,0.041917843024544245,26.268355524788713
393,78.65243495663776,1.25,0.2,0.4583333333333333,0.5,0.4662750132773265,0.19332630857335942,0.2988923941704013,0.041506283978913136,26.268355524788713
394,78.85256837891927,1.25,0.2,0.4583333333333333,0.5,0.466970943919996,0.1945712050898502,0.2973412711879122,0.04111657980224194,26.268355524788713
395,79.0527018012008,1.25,0.2,0.4583333333333333,0.5,0.4676003030214928,0.1958512564852801,0.2958000733550946,0.040748367138132874,26.268355524788713
396,79.25283522348232,1.25,0.2,0.4583333333333333,0.5,0.4681630249717024,0.19716591383020016,0.29426976857398973,0.04040129262410814,26.268355524788713
397,79.45296864576385,1.25,0.2,0.4583333333333333,0.5,0.46865908318324834,0.19851461042337376,0.29275129337798284,0.040075013015395546,26.268355524788713
398,79.65310206804536,1.25,0.2,0.4583333333333333,0.5,0.4690884899784214,0.19989676067517104,0.2912455533812099,0.03976919596519816,26.268355524788713
399,79.85323549032688,1.25,0.2,0.4583333333333333,0.5,0.46945129686455916,0.20131175874772003,0.28975342451572533,0.039483519871995984,26.268355524788713
400,80.0533689126084,1.25,0.2,0.4583333333333333,0.5,0.4697475946579245,0.20275897733023984,0.28827575391746274,0.039217674094373475,26.268355524788713
401,80.25350233488993,1.25,0.2,0.4583333333333333,0.5,0.46997751353427475,0.20423776662081952,0.28681336050918727,0.03897135933571893,26.268355524788713
402,80.45363575717144,1.25,0.2,0.4583333333333333,0.5,0.4701412230358526,0.20574745349197093,0.28536703534572416,0.038744288126452774,26.268355524788713
403,80.65376917945296,1.25,0.2,0.4583333333333333,0.5,0.47023893236927594,0.2072873397270269,0.2839375432652943,0.038536184638403324,26.268355524788713
404,80.85390260173449,1.25,0.2,0.4583333333333333,0.5,0.47027089046671344,0.20885670102278509,0.2825256234704272,0.03834678504007473,26.268355524788713
405,81.05403602401601,1.25,0.2,0.4583333333333333,0.5,0.4702373862912938,0.21045478668696183,0.28113199010240514,0.03817583691933969,26.268355524788713
406,81.25416944629752,1.25,0.2,0.4583333333333333,0.5,0.47013874893212376,0.21208081834133172,0.27975733311727574,0.03802309960926924,26.268355524788713
407,81.45430286857905,1.25,0.2,0.4583333333333333,0.5,0.46997534760910054,0.2137339882110474,0.27840231928181836,0.03788834489803419,26.268355524788713
408,81.65443629086057,1.25,0.2,0.4583333333333333,0.5,0.46974759188951165,0.215413458495421,0.2770675928647988,0.037771356750269006,26.268355524788713
409,81.8545697131421,1.25,0.2,0.4583333333333333,0.5,0.4694559319507052,0.21711836190644274,0.2757537760660695,0.03767193007678307,26.268355524788713
410,82.05470313542361,1.25,0.2,0.4583333333333333,0.5,0.4691008586154353,0.21884779923878117,0.2744614701524495,0.03758987199333446,26.268355524788713
411,82.25483655770513,1.25,0.2,0.4583333333333333,0.5,0.46868290350240055,0.22060083844402603,0.273191256235457,0.03752500181811692,26.268355524788713
412,82.45496997998666,1.25,0.2,0.4583333333333333,0.5,0.4682026391083557,0.2223765145996565,0.2719436957495892,0.03747715054239913,26.268355524788713
413,82.65510340226818,1.25,0.2,0.4583333333333333,0.5,0.46766067878480505,0.22417383051188117,0.27071933068251786,0.03744616002079652,26.268355524788713
414,82.85523682454969,1.25,0.2,0.4583333333333333,0.5,0.46705767710859036,0.2259917536457661,0.26951868510581567,0.03743188413982845,26.268355524788713
415,83.05537024683122,1.25,0.2,0.4583333333333333,0.5,0.4663943299299388,0.22782921604080952,0.2683422656489753,0.037434188380277,26.268355524788713
416,83.25550366911274,1.25,0.2,0.4583333333333333,0.5,0.4656713738634549,0.22968511563569444,0.2671905615535162,0.03745294894733501,26.268355524788713
417,83.45563709139427,1.25,0.2,0.4583333333333333,0.5,0.4648895864749579,0.23155831525885573,0.26606404546684276,0.0374880527993442,26.268355524788713
418,83.65577051367578,1.25,0.2,0.4583333333333333,0.5,0.464049786807565,0.23344764049693792,0.2649631745907996,0.03753939810469804,26.268355524788713
419,83.8559039359573,1.25,0.2,0.4583333333333333,0.5,0.46315283508331473,0.2353518801957056,0.26388839099441574,0.03760689372656439,26.268355524788713
420,84.05603735823883,1.25,0.2,0.4583333333333333,0.5,0.46219963142669396,0.23726978936177978,0.26284012113513394,0.03769045807639278,26.268355524788713
421,84.25617078052035,1.25,0.2,0.4583333333333333,0.5,0.46119111711804983,0.23920008544572793,0.26181877754056815,0.037790019895654565,26.268355524788713
422,84.45630420280186,1.25,0.2,0.4583333333333333,0.5,0.4601282745164694,0.24114144810607313,0.2608247593539829,0.03790551802347505,26.268355524788713
423,84.65643762508338,1.25,0.2,0.4583333333333333,0.5,0.4590121266112446,0.24309251987874617,0.25985845259114976,0.03803690091885995,26.268355524788713
424,84.85657104736491,1.25,0.2,0.4583333333333333,0.5,0.4578437347193296,0.24505191115714497,0.2589202290466544,0.03818412507687143,26.268355524788713
425,85.05670446964643,1.25,0.2,0.4583333333333333,0.5,0.4566242005361711,0.24701819493722993,0.25801044842026033,0.038347156106339035,26.268355524788713
426,85.25683789192794,1.25,0.2,0.4583333333333333,0.5,0.4553546658255656,0.24898990711336547,0.2571294586969337,0.03852596836413564,26.268355524788713
427,85.45697131420947,1.25,0.2,0.4583333333333333,0.5,0.45403631164255565,0.25096554781883834,0.25627759620661483,0.03872054433199165,26.268355524788713
428,85.657104736491,1.25,0.2,0.4583333333333333,0.5,0.45267035542743544,0.25294358737102984,0.25545518429869324,0.03893087290284192,26.268355524788713
429,85.85723815877252,1.25,0.2,0.4583333333333333,0.5,0.45125805338921765,0.25492246065440327,0.25466253551582346,0.039156950440556074,26.268355524788713
430,86.05737158105403,1.25,0.2,0.4583333333333333,0.5,0.449800699936903,0.25690056795667215,0.25389995181465985,0.03939878029176547,26.268355524788713
431,86.25750500333555,1.25,0.2,0.4583333333333333,0.5,0.44829962660909756,0.2588762768969563,0.2531677244678178,0.039656372026128726,26.268355524788713
432,86.45763842561708,1.25,0.2,0.4583333333333333,0.5,0.44675619855834675,0.260847929667241,0.25246613243937016,0.03992973933504253,26.268355524788713
433,86.6577718478986,1.25,0.2,0.4583333333333333,0.5,0.4451718172357529,0.2628138367915347,0.2517954446590856,0.04021890131362719,26.268355524788713
434,86.85790527018011,1.25,0.2,0.4583333333333333,0.5,0.4435479195205016,0.264772278615449,0.25115592006122456,0.040523881802825186,26.268355524788713
435,87.05803869246164,1.25,0.2,0.4583333333333333,0.5,0.44188597634613463,0.2667215079034437,0.2505478073178649,0.040844708432557233,26.268355524788713
436,87.25817211474316,1.25,0.2,0.4583333333333333,0.5,0.4401874886920663,0.26865975825131494,0.2499713429862076,0.04118141007041161,26.268355524788713
437,87.45830553702469,1.25,0.2,0.4583333333333333,0.5,0.4384539904195886,0.27058523741995477,0.2494267537989469,0.04153401836151013,26.268355524788713
438,87.6584389593062,1.25,0.2,0.4583333333333333,0.5,0.43668704708243067,0.27249612953735497,0.24891425651798213,0.04190256686223268,26.268355524788713
439,87.85857238158772,1.25,0.2,0.4583333333333333,0.5,0.4348882541394885,0.27439059870131743,0.2484340574064708,0.042287089752723765,26.268355524788713
440,88.05870580386924,1.25,0.2,0.4583333333333333,0.5,0.4330592333587267,0.2762667968519379,0.24798635053861312,0.04268761925072274,26.268355524788713
441,88.25883922615077,1.25,0.2,0.4583333333333333,0.5,0.43120163425061053,0.2781228599128848,0.2475713193078113,0.043104186528693855,26.268355524788713
442,88.45897264843228,1.25,0.2,0.4583333333333333,0.5,0.42931713379758346,0.27995690790709277,0.24718913685125116,0.04353682144407317,26.268355524788713
443,88.6591060707138,1.25,0.2,0.4583333333333333,0.5,0.42740743406076465,0.2817670501115179,0.24683996510686948,0.04398555072084849,26.268355524788713
444,88.85923949299533,1.25,0.2,0.4583333333333333,0.5,0.42547425790441845,0.2835513950812736,0.24652395257673843,0.04445039443757007,26.268355524788713
445,89.05937291527685,1.25,0.2,0.4583333333333333,0.5,0.423519351370119,0.28530804403200494,0.24624123654734245,0.04493136805053426,26.268355524788713
446,89.25950633755836,1.25,0.2,0.4583333333333333,0.5,0.42154448166412967,0.2870350951851427,0.2459919423728111,0.045428480777917085,26.268355524788713
447,89.45963975983989,1.25,0.2,0.4583333333333333,0.5,0.41955143533042344,0.28873064763940615,0.2457761828844231,0.04594173414574796,26.268355524788713
448,89.65977318212141,1.25,0.2,0.4583333333333333,0.5,0.41754201634230964,0.29039280572669385,0.2455940577486101,0.046471120182387,26.268355524788713
449,89.85990660440294,1.25,0.2,0.4583333333333333,0.5,0.41551804382691704,0.2920196845112798,0.24544565258180398,0.047016619079999836,26.268355524788713
450,90.06004002668445,1.25,0.2,0.4583333333333333,0.5,0.41348135124014224,0.29360941034882865,0.24533103903386277,0.047578199377166924,26.268355524788713
451,90.26017344896597,1.25,0.2,0.4583333333333333,0.5,0.4114337840757786,0.2951601262659526,0.2452502738958913,0.0481558157623781,26.268355524788713
452,90.4603068712475,1.25,0.2,0.4583333333333333,0.5,0.4093771978199985,0.29666999644020586,0.24520339837214877,0.04874940736764749,26.268355524788713
453,90.66044029352902,1.25,0.2,0.4583333333333333,0.5,0.4073134591235299,0.2981372041247643,0.24519043884471503,0.04935889790699138,26.268355524788713
454,90.86057371581053,1.25,0.2,0.4583333333333333,0.5,0.4052444435220956,0.29955995666708507,0.24521140600377994,0.049984193807040014,26.268355524788713
455,91.06070713809206,1.25,0.2,0.4583333333333333,0.5,0.40317203056452794,0.3009364958661328,0.24526629274599507,0.05062518082334478,26.268355524788713
456,91.26084056037358,1.25,0.2,0.4583333333333333,0.5,0.40109810340324115,0.3022650992585,0.24535507414438992,0.05128172319386949,26.268355524788713
457,91.4609739826551,1.25,0.2,0.4583333333333333,0.5,0.3990245469108261,0.3035440844005736,0.2454777067519148,0.05195366193668603,26.268355524788713
458,91.66110740493662,1.25,0.2,0.4583333333333333,0.5,0.3969532474695104,0.30477180880657884,0.24563412937020493,0.05264081435370648,26.268355524788713
459,91.86124082721814,1.25,0.2,0.4583333333333333,0.5,0.3948860895879204,0.30594667816364157,0.24582426105074717,0.05334297119769151,26.268355524788713
460,92.06137424949966,1.25,0.2,0.4583333333333333,0.5,0.3928249537346988,0.3070671513904904,0.24604800016292178,0.05405989471188969,26.268355524788713
461,92.26150767178119,1.25,0.2,0.4583333333333333,0.5,0.3907717147002614,0.3081317443336768,0.24630522392729667,0.054791317038765774,26.268355524788713
462,92.4616410940627,1.25,0.2,0.4583333333333333,0.5,0.3887282397215287,0.3091390336335689,0.24659578784531896,0.055536938799584115,26.268355524788713
463,92.66177451634422,1.25,0.2,0.4583333333333333,0.5,0.3866963871250533,0.31008765758452883,0.24691952594629418,0.05629642934412442,26.268355524788713
464,92.86190793862575,1.25,0.2,0.4583333333333333,0.5,0.38467800344886205,0.31097632544735687,0.24727624874211462,0.0570694223616672,26.268355524788713
465,93.06204136090727,1.25,0.2,0.4583333333333333,0.5,0.3826749215878886,0.3118038209179478,0.2476657427694551,0.05785551472470933,26.268355524788713
466,93.26217478318878,1.25,0.2,0.4583333333333333,0.5,0.3806889587678026,0.31256900646626606,0.24808776989733555,0.05865426486859653,26.268355524788713
467,93.46230820547031,1.25,0.2,0.4583333333333333,0.5,0.3787219152077658,0.3132708250945755,0.24854206681210367,0.05946519288555584,26.268355524788713
468,93.66244162775183,1.25,0.2,0.4583333333333333,0.5,0.3767755728764587,0.31390830169463985,0.24902834453066053,0.060287780898241765,26.268355524788713
469,93.86257505003336,1.25,0.2,0.4583333333333333,0.5,0.374851691747784,0.3144805539390507,0.24954628700332734,0.06112146730983882,26.268355524788713
470,94.06270847231487,1.25,0.2,0.4583333333333333,0.5,0.3729520084693484,0.31498679388629974,0.2500955505843677,0.061965647059984974,26.268355524788713
471,94.26284189459639,1.25,0.2,0.4583333333333333,0.5,0.37107823435562554,0.3154263320753748,0.2506757632689404,0.06281967030006008,26.268355524788713
472,94.46297531687792,1.25,0.2,0.4583333333333333,0.5,0.36923205368566403,0.315798574775605,0.2512865257503109,0.06368284578842091,26.268355524788713
473,94.66310873915944,1.25,0.2,0.4583333333333333,0.5,0.36741512156178147,0.3161030301141849,0.25192741010833697,0.06455443821569747,26.268355524788713
474,94.86324216144095,1.25,0.2,0.4583333333333333,0.5,0.365629061686356,0.316339315667968,0.2525979580991741,0.06543366454650265,26.268355524788713
475,95.06337558372248,1.25,0.2,0.4583333333333333,0.5,0.3638754644544393,0.3165071592630277,0.25329768124017665,0.06631969504235723,26.268355524788713
476,95.263509006004,1.25,0.2,0.4583333333333333,0.5,0.3621558850227553,0.3166064013036762,0.2540260603887264,0.06721165328484295,26.268355524788713
477,95.46364242828552,1.25,0.2,0.4583333333333333,0.5,0.36047184247829106,0.3166369876532389,0.2547825468614837,0.0681086230069872,26.268355524788713
478,95.66377585056703,1.25,0.2,0.4583333333333333,0.5,0.35882481679453726,0.31659898108406204,0.2555665605231262,0.06900964159827534,26.268355524788713
479,95.86390927284856,1.25,0.2,0.4583333333333333,0.5,0.35721624691414755,0.3164925630523365,0.2563774894525337,0.06991370058098316,26.268355524788713
480,96.06404269513008,1.25,0.2,0.4583333333333333,0.5,0.35564752900929314,0.31631803382350504,0.25721468987704826,0.07081974729015449,26.268355524788713
481,96.26417611741161,1.25,0.2,0.4583333333333333,0.5,0.35412001491604883,0.3160758112070917,0.25807748632386174,0.07172668755299857,26.268355524788713
482,96.46430953969312,1.25,0.2,0.4583333333333333,0.5,0.35263501139432024,0.3157664226865311,0.25896517282787396,0.0726333930912755,26.268355524788713
483,96.66444296197464,1.25,0.2,0.4583333333333333,0.5,0.3511937767802268,0.315390517790746,0.25987701090011006,0.07353869452891802,26.268355524788713
484,96.86457638425617,1.25,0.2,0.4583333333333333,0.5,0.3497975196728422,0.3149488644077668,0.2608122300652336,0.07444138585415823,26.268355524788713
485,97.06470980653769,1.25,0.2,0.4583333333333333,0.5,0.3484473972597732,0.3144423477733735,0.26177002797057847,0.07534022699627567,26.268355524788713
486,97.2648432288192,1.25,0.2,0.4583333333333333,0.5,0.3471445143652936,0.31387196483759644,0.2627495714736848,0.07623394932342606,26.268355524788713
487,97.46497665110073,1.25,0.2,0.4583333333333333,0.5,0.34588992223277665,0.3132388201284016,0.2637499974021595,0.07712126023666319,26.268355524788713
488,97.66511007338225,1.25,0.2,0.4583333333333333,0.5,0.34468461567853276,0.31254413170055595,0.26477041119095923,0.078000841429953,26.268355524788713
489,97.86524349566378,1.25,0.2,0.4583333333333333,0.5,0.34352953212560433,0.3117892250612404,0.26580988801778505,0.07887135479537115,26.268355524788713
490,98.06537691794529,1.25,0.2,0.4583333333333333,0.5,0.342425550161022,0.31097553010168216,0.2668674732997618,0.07973144643753499,26.268355524788713
491,98.26551034022681,1.25,0.2,0.4583333333333333,0.5,0.34137348999975836,0.31010457361694566,0.26794218428342764,0.08057975209986921,26.268355524788713
492,98.46564376250834,1.25,0.2,0.4583333333333333,0.5,0.3403741111642831,0.3091779775267725,0.2690330101495099,0.0814149011594353,26.268355524788713
493,98.66577718478986,1.25,0.2,0.4583333333333333,0.5,0.3394281105742552,0.30819745590085146,0.27013891239025006,0.08223552113464411,26.268355524788713
494,98.86591060707137,1.25,0.2,0.4583333333333333,0.5,0.3385361219637529,0.30716480880796737,0.27125882596406614,0.08304024326421443,26.268355524788713
495,99.0660440293529,1.25,0.2,0.4583333333333333,0.5,0.33769871509117444,0.30608191713324934,0.2723916603434163,0.08382770743216081,26.268355524788713
496,99.26617745163442,1.25,0.2,0.4583333333333333,0.5,0.3369163969848106,0.30495073856804983,0.27353630144948726,0.08459656299765324,26.268355524788713
497,99.46631087391594,1.25,0.2,0.4583333333333333,0.5,0.33618960887803556,0.30377329965631295,0.27469161187875835,0.08534547958689404,26.268355524788713
498,99.66644429619745,1.25,0.2,0.4583333333333333,0.5,0.3355187258099308,0.3025516895212808,0.27585643227390466,0.08607315239488468,26.268355524788713
499,99.86657771847898,1.25,0.2,0.4583333333333333,0.5,0.3349040563045206,0.3012880531870638,0.2770295827812695,0.08677830772714712,26.268355524788713
500,100.0667111407605,1.25,0.2,0.4583333333333333,0.5,0.3343458424112239,0.29998458658392885,0.2782098646546283,0.08745970635021989,26.268355524788713
501,100.26684456304203,1.25,0.2,0.4583333333333333,0.5,0.33384426079393836,0.2986435351496628,0.27939606224558805,0.08811614181081176,26.268355524788713
502,100.46697798532354,1.25,0.2,0.4583333333333333,0.5,0.3333994208426841,0.29726717945509007,0.28058694413414237,0.0887464555680843,26.268355524788713
503,100.66711140760506,1.25,0.2,0.4583333333333333,0.5,0.3330113652468522,0.295857830241671,0.28178126508332063,0.08934953942815697,26.268355524788713
504,100.86724482988659,1.25,0.2,0.4583333333333333,0.5,0.3326800703415934,0.29441782306085285,0.2829777674976547,0.08992433909989987,26.268355524788713
505,101.06737825216811,1.25,0.2,0.4583333333333333,0.5,0.3324054465701428,0.29294951314082035,0.2841751827967344,0.09046985749230324,26.268355524788713
506,101.26751167444962,1.25,0.2,0.4583333333333333,0.5,0.3321873386053948,0.2914552643198172,0.28537223422579067,0.09098516284899813,26.268355524788713
507,101.46764509673115,1.25,0.2,0.4583333333333333,0.5,0.33202552600157076,0.28993744295337687,0.2865676385277905,0.09146939251726266,26.268355524788713
508,101.66777851901267,1.25,0.2,0.4583333333333333,0.5,0.3319197240543467,0.28839841579188424,0.28776010837040267,0.09192175178336717,26.268355524788713
509,101.8679119412942,1.25,0.2,0.4583333333333333,0.5,0.3318695846723796,0.2868405447214521,0.2889483546658363,0.09234151594033282,26.268355524788713
510,102.0680453635757,1.25,0.2,0.4583333333333333,0.5,0.3318746971068158,0.28526617405584703,0.2901310884926815,0.09272804034465654,26.268355524788713
511,102.26817878585723,1.25,0.2,0.4583333333333333,0.5,0.3319345891176729,0.28367762664274904,0.2913070236683335,0.09308076057124541,26.268355524788713
512,102.46831220813876,1.25,0.2,0.4583333333333333,0.5,0.3320487279634644,0.28207720279382276,0.2924748783645788,0.09339919087813493,26.268355524788713
513,102.66844563042028,1.25,0.2,0.4583333333333333,0.5,0.3322165217422868,0.28046717328144444,0.29363337776344234,0.09368292721282731,26.268355524788713
514,102.8685790527018,1.25,0.2,0.4583333333333333,0.5,0.3324373209152448,0.27884977083467183,0.29478125704206176,0.09393165120802244,26.268355524788713
515,103.06871247498331,1.25,0.2,0.4583333333333333,0.5,0.3327104197852992,0.2772271866537406,0.29591726361067017,0.0941451299502909,26.268355524788713
516,103.26884589726484,1.25,0.2,0.4583333333333333,0.5,0.333035058487271,0.275601570406022,0.29704015817021234,0.09432321293649548,26.268355524788713
517,103.46897931954636,1.25,0.2,0.4583333333333333,0.5,0.33341042462003834,0.2739750231439522,0.29814871802405807,0.09446583421195222,26.268355524788713
518,103.66911274182789,1.25,0.2,0.4583333333333333,0.5,0.33383565511719576,0.27234959214418986,0.2992417399142406,0.09457301282437469,26.268355524788713
519,103.8692461641094,1.25,0.2,0.4583333333333333,0.5,0.33430983822111143,0.27072726852196866,0.3003180421559843,0.09464485110093655,26.268355524788713
520,104.06937958639092,1.25,0.2,0.4583333333333333,0.5,0.3348320137820704,0.26910998778172196,0.301376466327684,0.0946815321085245,26.268355524788713
521,104.26951300867245,1.25,0.2,0.4583333333333333,0.5,0.33540117674804154,0.26749962412100076,0.302415880365271,0.09468331876568752,26.268355524788713
522,104.46964643095397,1.25,0.2,0.4583333333333333,0.5,0.3360162793136289,0.2658979880893301,0.3034351810326403,0.09465055156440164,26.268355524788713
523,104.66977985323548,1.25,0.2,0.4583333333333333,0.5,0.3366762328078542,0.2643068253224291,0.3044332959116278,0.09458364595808977,26.268355524788713
524,104.869913275517,1.25,0.2,0.4583333333333333,0.5,0.33737990943566243,0.2627278161412204,0.3054091835808985,0.09448309084221937,26.268355524788713
525,105.07004669779853,1.25,0.2,0.4583333333333333,0.5,0.3381261451123482,0.2611625732618421,0.30636183792257854,0.09434944370323194,26.268355524788713
526,105.27018012008006,1.25,0.2,0.4583333333333333,0.5,0.33891374176038086,0.25961264121305244,0.30729028987797,0.09418332714859745,26.268355524788713
527,105.47031354236157,1.25,0.2,0.4583333333333333,0.5,0.33974146931039845,0.25807949586103457,0.3081936088893968,0.093985425939171,26.268355524788713
528,105.67044696464309,1.25,0.2,0.4583333333333333,0.5,0.340608066801181,0.2565645438275872,0.3090709033595607,0.09375648601167186,26.268355524788713
529,105.87058038692462,1.25,0.2,0.4583333333333333,0.5,0.34151224626955634,0.2550691232130714,0.309921324082178,0.09349730643519508,26.268355524788713
530,106.07071380920614,1.25,0.2,0.4583333333333333,0.5,0.34245269473131373,0.2535945039705484,0.3107440654429665,0.09320873585517213,26.268355524788713
531,106.27084723148765,1.25,0.2,0.4583333333333333,0.5,0.343428075892579,0.2521418876903015,0.311538366227728,0.09289167018939212,26.268355524788713
532,106.47098065376917,1.25,0.2,0.4583333333333333,0.5,0.34443703197247294,0.25071240775528,0.31230351043665266,0.09254704983559513,26.268355524788713
533,106.6711140760507,1.25,0.2,0.4583333333333333,0.5,0.345478187050675,0.24930713218888215,0.3130388296201066,0.09217585114033698,26.268355524788713
534,106.87124749833222,1.25,0.2,0.4583333333333333,0.5,0.3465501489624779,0.24792706444896173,0.3137437035366399,0.09177908305192128,26.268355524788713
535,107.07138092061373,1.25,0.2,0.4583333333333333,0.5,0.347651510744032,0.2465731427673669,0.31441756000392634,0.0913577864846755,26.268355524788713
536,107.27151434289526,1.25,0.2,0.4583333333333333,0.5,0.34878085308250273,0.24524624250587038,0.31505987595099155,0.09091302846063612,26.268355524788713
537,107.47164776517678,1.25,0.2,0.4583333333333333,0.5,0.349936746901165,0.24394717913627167,0.3156701785289063,0.09044589543365786,26.268355524788713
538,107.67178118745831,1.25,0.2,0.4583333333333333,0.5,0.35111775519872945,0.24267670940428693,0.31624804519531935,0.08995749020166507,26.268355524788713
539,107.87191460973982,1.25,0.2,0.4583333333333333,0.5,0.35232243414928216,0.24143553055014136,0.3167931034701043,0.08944893183047288,26.268355524788713
540,108.07204803202134,1.25,0.2,0.4583333333333333,0.5,0.3535493358506996,0.2402242845964799,0.31730503142657096,0.08892134812625024,26.268355524788713
541,108.27218145430287,1.25,0.2,0.4583333333333333,0.5,0.3547970102841021,0.23904356058656923,0.31778355764532723,0.08837587148400215,26.268355524788713
542,108.47231487658439,1.25,0.2,0.4583333333333333,0.5,0.3560640069126259,0.23789389584894982,0.31822846092785706,0.08781363631056792,26.268355524788713
543,108.6724482988659,1.25,0.2,0.4583333333333333,0.5,0.35734887584411235,0.23677577573757075,0.31863956986970077,0.08723577854861678,26.268355524788713
544,108.87258172114743,1.25,0.2,0.4583333333333333,0.5,0.35865017028928986,0.23568963866779769,0.3190167624547538,0.0866434285881593,26.268355524788713
545,109.07271514342895,1.25,0.2,0.4583333333333333,0.5,0.3599664480476729,0.23463587767450642,0.31935996539238315,0.08603770888543814,26.268355524788713
546,109.27284856571048,1.25,0.2,0.4583333333333333,0.5,0.361296272891791,0.23361484137964178,0.3196691535157013,0.0854197322128665,26.268355524788713
547,109.47298198799199,1.25,0.2,0.4583333333333333,0.5,0.36263821589945766,0.2326268349505566,0.3199443490760316,0.0847906000739547,26.268355524788713
548,109.67311541027351,1.25,0.2,0.4583333333333333,0.5,0.3639908572653753,0.2316721244530036,0.3201856204058,0.08415139787582168,26.268355524788713
549,109.87324883255503,1.25,0.2,0.4583333333333333,0.5,0.365352787559103,0.23075093814185638,0.32039308091076063,0.0835031933882805,26.268355524788713
550,110.07338225483656,1.25,0.2,0.4583333333333333,0.5,0.36672260881477875,0.22986346704164823,0.32056688853524545,0.08284703560832803,26.268355524788713
551,110.27351567711807,1.25,0.2,0.4583333333333333,0.5,0.36809893582169523,0.22900986724162026,0.320707244320233,0.08218395261645196,26.268355524788713
552,110.4736490993996,1.25,0.2,0.4583333333333333,0.5,0.36948039742817024,0.2281902626892375,0.32081439061379124,0.08151494926880147,26.268355524788713
553,110.67378252168112,1.25,0.2,0.4583333333333333,0.5,0.370865637575029,0.22740474652719422,0.32088860987666684,0.08084100602111041,26.268355524788713
554,110.87391594396264,1.25,0.2,0.4583333333333333,0.5,0.37225331633491276,0.2266533815127046,0.32093022424285694,0.08016307790952623,26.268355524788713
555,111.07404936624415,1.25,0.2,0.4583333333333333,0.5,0.37364211088878113,0.2259362028259281,0.32093959307811903,0.07948209320717224,26.268355524788713
556,111.27418278852568,1.25,0.2,0.4583333333333333,0.5,0.37503071643774333,0.2252532197935304,0.32091711127607037,0.07879895249265646,26.268355524788713
557,111.4743162108072,1.25,0.2,0.4583333333333333,0.5,0.3764178470627349,0.2246044171984192,0.3208632078192803,0.07811452791956619,26.268355524788713
558,111.67444963308873,1.25,0.2,0.4583333333333333,0.5,0.37780223664975343,0.2239897555524304,0.32077834564627217,0.07742966215154458,26.268355524788713
559,111.87458305537024,1.25,0.2,0.4583333333333333,0.5,0.3791826395194796,0.2234091735064561,0.32066301863198776,0.07674516834207702,26.268355524788713
560,112.07471647765176,1.25,0.2,0.4583333333333333,0.5,0.3805578311032254,0.22286258919583193,0.3205177498065591,0.07606182989438405,26.268355524788713
561,112.27484989993329,1.25,0.2,0.4583333333333333,0.5,0.38192660860631306,0.22234990128694482,0.3203430899121436,0.07538040019459889,26.268355524788713
562,112.47498332221481,1.25,0.2,0.4583333333333333,0.5,0.38328779186406575,0.22187098966279842,0.3201396171272685,0.07470160134586769,26.268355524788713
563,112.67511674449632,1.25,0.2,0.4583333333333333,0.5,0.384640223636789,0.22142571693328963,0.31990793406499135,0.07402612536493036,26.268355524788713
564,112.87525016677785,1.25,0.2,0.4583333333333333,0.5,0.38598277009320897,0.22101392945071274,0.31964866604126196,0.07335463441481667,26.268355524788713
565,113.07538358905937,1.25,0.2,0.4583333333333333,0.5,0.38731432131460847,0.22063545818314279,0.31936245963898025,0.07268776086326889,26.268355524788713
566,113.2755170113409,1.25,0.2,0.4583333333333333,0.5,0.3886337920796228,0.22029011943204685,0.3190499823342584,0.07202610615407233,26.268355524788713
567,113.4756504336224,1.25,0.2,0.4583333333333333,0.5,0.3899401218910545,0.21997771578019348,0.3187119196597053,0.07137024266904708,26.268355524788713
568,113.67578385590393,1.25,0.2,0.4583333333333333,0.5,0.39123227531345395,0.2196980368213933,0.3183489736035599,0.07072071426159324,26.268355524788713
569,113.87591727818545,1.25,0.2,0.4583333333333333,0.5,0.39250924234505313,0.21945085982704413,0.3179618612502087,0.07007803657769437,26.268355524788713
570,114.07605070046698,1.25,0.2,0.4583333333333333,0.5,0.3937700390825146,0.21923595051103972,0.31755131429453476,0.06944269611191123,26.268355524788713
571,114.27618412274849,1.25,0.2,0.4583333333333333,0.5,0.3950137075869958,0.21905306344735237,0.31711807652959056,0.06881515243606155,26.268355524788713
572,114.47631754503001,1.25,0.2,0.4583333333333333,0.5,0.39623931610945373,0.2189019425724277,0.31666290242409534,0.06819583889402354,26.268355524788713
573,114.67645096731154,1.25,0.2,0.4583333333333333,0.5,0.3974459593482286,0.2187823216725418,0.31618655588207745,0.06758516309715251,26.268355524788713
574,114.87658438959306,1.25,0.2,0.4583333333333333,0.5,0.39863275898455786,0.21869392508499633,0.31568980967450755,0.06698350625593859,26.268355524788713
575,115.07671781187457,1.25,0.2,0.4583333333333333,0.5,0.3997988634541036,0.21863646775039997,0.3151734433303749,0.06639122546512191,26.268355524788713
576,115.2768512341561,1.25,0.2,0.4583333333333333,0.5,0.40094344808552623,0.21860965552996212,0.31463824191723994,0.06580865446727209,26.268355524788713
577,115.47698465643762,1.25,0.2,0.4583333333333333,0.5,0.40206571526922774,0.2186131855290461,0.3140849949430893,0.06523610425863734,26.268355524788713
578,115.67711807871915,1.25,0.2,0.4583333333333333,0.5,0.40316489490845375,0.21864674670510323,0.31351449567613504,0.0646738627103084,26.268355524788713
579,115.87725150100066,1.25,0.2,0.4583333333333333,0.5,0.4042402441117951,0.21871001965326642,0.3129275395219724,0.06412219671296655,26.268355524788713
580,116.07738492328218,1.25,0.2,0.4583333333333333,0.5,0.4052910472753307,0.2188026767788094,0.3123249229970815,0.0635813529487788,26.268355524788713
581,116.2775183455637,1.25,0.2,0.4583333333333333,0.5,0.4063166161838396,0.21892438248362966,0.3117074427819102,0.0630515585506209,26.268355524788713
582,116.47765176784523,1.25,0.2,0.4583333333333333,0.5,0.40731629033340033,0.2190747936654707,0.3110758950258374,0.06253302097529193,26.268355524788713
583,116.67778519012674,1.25,0.2,0.4583333333333333,0.5,0.40828943663218453,0.21925355932463206,0.31043107414010124,0.06202592990308254,26.268355524788713
584,116.87791861240827,1.25,0.2,0.4583333333333333,0.5,0.40923544943392764,0.21946032062631665,0.3097737719621121,0.06153045797764398,26.268355524788713
585,117.07805203468979,1.25,0.2,0.4583333333333333,0.5,0.4101537505833588,0.2196947109772873,0.30910477696647876,0.06104676147287544,26.268355524788713
586,117.27818545697131,1.25,0.2,0.4583333333333333,0.5,0.41104378964823834,0.21995635641456193,0.30842487356264126,0.06057498037455874,26.268355524788713
587,117.47831887925283,1.25,0.2,0.4583333333333333,0.5,0.4119050436269556,0.22024487510517765,0.30773484129004874,0.060115239977818126,26.268355524788713
588,117.67845230153435,1.25,0.2,0.4583333333333333,0.5,0.412737016948941,0.2205598773281539,0.3070354541501805,0.059667651572724766,26.268355524788713
589,117.87858572381587,1.25,0.2,0.4583333333333333,0.5,0.4135392414791406,0.22090096546857105,0.3063274799663507,0.0592323130859378,26.268355524788713
590,118.0787191460974,1.25,0.2,0.4583333333333333,0.5,0.4143112766629733,0.22126773430830426,0.3056116797162211,0.05880930931250147,26.268355524788713
591,118.27885256837891,1.25,0.2,0.4583333333333333,0.5,0.41505270926457394,0.22165977047151764,0.30488880705888466,0.0583987132050239,26.268355524788713
592,118.47898599066043,1.25,0.2,0.4583333333333333,0.5,0.4157631533400016,0.22207665235309448,0.30415960781493256,0.05800058649197153,26.268355524788713
593,118.67911941294196,1.25,0.2,0.4583333333333333,0.5,0.416442250207096,0.2225179500580083,0.30342481946499245,0.05761498026990347,26.268355524788713
594,118.87925283522348,1.25,0.2,0.4583333333333333,0.5,0.417089668506352,0.22298322561975076,0.30268517054830013,0.05724193532559742,26.268355524788713
595,119.07938625750499,1.25,0.2,0.4583333333333333,0.5,0.4177051039833309,0.22347203242619662,0.3019413804499148,0.05688148314055797,26.268355524788713
596,119.27951967978652,1.25,0.2,0.4583333333333333,0.5,0.41828827943542174,0.22398391512105276,0.3011941590094001,0.05653364643412567,26.268355524788713
597,119.47965310206804,1.25,0.2,0.4583333333333333,0.5,0.4188389446518404,0.2245184095149727,0.3004442061422336,0.05619843969095352,26.268355524788713
598,119.67978652434957,1.25,0.2,0.4583333333333333,0.5,0.41935687640763075,0.2250750427527483,0.2996922113123422,0.05587586952727895,26.268355524788713
599,119.87991994663108,1.25,0.2,0.4583333333333333,0.5,0.4198418782808039,0.22565333275375518,0.29893885352368005,0.05556593544176112,26.268355524788713
600,120.0800533689126,1.25,0.2,0.4583333333333333,0.5,0.4202937805747387,0.22625278810929517,0.29818480103476785,0.05526863028119846,26.268355524788713
601,120.28018679119413,1.25,0.2,0.4583333333333333,0.5,0.42071244022959803,0.22687290799073048,0.2974307110853305,0.05498394069434124,26.268355524788713
602,120.48032021347565,1.25,0.2,0.4583333333333333,0.5,0.4210977407506994,0.22751318229449385,0.2966772294544503,0.054711847500356715,26.268355524788713
603,120.68045363575716,1.25,0.2,0.4583333333333333,0.5,0.4214495920603029,0.2281730911183769,0.2959249905937683,0.05445232622755218,26.268355524788713
604,120.88058705803869,1.25,0.2,0.4583333333333333,0.5,0.4217679303915693,0.22885210467827924,0.2951746174296535,0.054205347500498276,26.268355524788713
605,121.08072048032021,1.25,0.2,0.4583333333333333,0.5,0.42205271816819073,0.22954968325816286,0.294426721158785,0.053970877414861736,26.268355524788713
606,121.28085390260173,1.25,0.2,0.4583333333333333,0.5,0.4223039438687801,0.23026527740424246,0.2936819008497391,0.05374887787723857,26.268355524788713
607,121.48098732488324,1.25,0.2,0.4583333333333333,0.5,0.4225216219079451,0.23099832731984082,0.2929407437948415,0.05353930697737277,26.268355524788713
608,121.68112074716477,1.25,0.2,0.4583333333333333,0.5,0.42270579249542806,0.23174826285371689,0.29220382535457234,0.05334211929628294,26.268355524788713
609,121.8812541694463,1.25,0.2,0.4583333333333333,0.5,0.4228565214925219,0.2325145033890285,0.29147170892016117,0.05315726619828865,26.268355524788713
610,122.08138759172782,1.25,0.2,0.4583333333333333,0.5,0.42297390023178333,0.233296458073369,0.2907449455821698,0.052984696112678135,26.268355524788713
611,122.28152101400933,1.25,0.2,0.4583333333333333,0.5,0.42305804532822705,0.23409352608387987,0.29002407379448747,0.0528243547934058,26.268355524788713
612,122.48165443629085,1.25,0.2,0.4583333333333333,0.5,0.42310909858361206,0.23490509576178786,0.2893096201324291,0.05267618552217116,26.268355524788713
613,122.68178785857238,1.25,0.2,0.4583333333333333,0.5,0.42312722678661363,0.2357305448786697,0.2886020990125923,0.05254012932212455,26.268355524788713
614,122.8819212808539,1.25,0.2,0.4583333333333333,0.5,0.4231126215333306,0.23656924060095047,0.2879020127256106,0.052416125140108495,26.268355524788713
615,123.08205470313541,1.25,0.2,0.4583333333333333,0.5,0.42306549891194317,0.2374205399529961,0.28720985102587343,0.05230411010918752,26.268355524788713
616,123.28218812541694,1.25,0.2,0.4583333333333333,0.5,0.42298609933763504,0.2382837896904088,0.2865260913075019,0.05220401966445439,26.268355524788713
617,123.48232154769846,1.25,0.2,0.4583333333333333,0.5,0.4228746874325213,0.2391583259857095,0.28585119898624384,0.05211578759552551,26.268355524788713
618,123.68245496997999,1.25,0.2,0.4583333333333333,0.5,0.42273155175345767,0.24004347467958692,0.2851856273750236,0.05203934619193199,26.268355524788713
619,123.8825883922615,1.25,0.2,0.4583333333333333,0.5,0.42255700455206363,0.24093855138462028,0.28452981772806973,0.05197462633524649,26.268355524788713
620,124.08272181454302,1.25,0.2,0.4583333333333333,0.5,0.42235138134541633,0.2418428621604532,0.28388419878192206,0.05192155771220852,26.268355524788713
621,124.28285523682455,1.25,0.2,0.4583333333333333,0.5,0.4221150408135601,0.24275570317571568,0.2832491872669507,0.05188006874377366,26.268355524788713
622,124.48298865910607,1.25,0.2,0.4583333333333333,0.5,0.4218483645459499,0.243676360823917,0.28262518802500175,0.051850086605131435,26.268355524788713
623,124.68312208138758,1.25,0.2,0.4583333333333333,0.5,0.42155175672416767,0.24460411202516003,0.2820125939825235,0.051831537268148944,26.268355524788713
624,124.8832555036691,1.25,0.2,0.4583333333333333,0.5,0.4212256437912967,0.24553822453079643,0.28141178614997053,0.05182434552793651,26.268355524788713
625,125.08338892595063,1.25,0.2,0.4583333333333333,0.5,0.42087047394713256,0.24647795763713384,0.28082313327212216,0.05182843514361164,26.268355524788713
626,125.28352234823215,1.25,0.2,0.4583333333333333,0.5,0.4204867170586693,0.24742256191351125,0.2802469924154338,0.05184372861238583,26.268355524788713
627,125.48365577051366,1.25,0.2,0.4583333333333333,0.5,0.42007486426588164,0.2483712796482976,0.2796837089214752,0.051870147164345765,26.268355524788713
628,125.68378919279519,1.25,0.2,0.4583333333333333,0.5,0.41963542761024086,0.24932334523805946,0.2791336164408997,0.051907610710800224,26.268355524788713
629,125.88392261507671,1.25,0.2,0.4583333333333333,0.5,0.41916893958877155,0.25027798572779136,0.27859703685604226,0.051956037827395,26.268355524788713
630,126.08405603735824,1.25,0.2,0.4583333333333333,0.5,0.4186759526446776,0.2512344214840672,0.278074280108945,0.05201534576231038,26.268355524788713
631,126.28418945963975,1.25,0.2,0.4583333333333333,0.5,0.41815703898394924,0.25219186618611555,0.27756564468729517,0.052085450142640204,26.268355524788713
632,126.48432288192127,1.25,0.2,0.4583333333333333,0.5,0.41761279007152546,0.2531495274877173,0.27707141751914754,0.052166264921609896,26.268355524788713
633,126.6844563042028,1.25,0.2,0.4583333333333333,0.5,0.41704381619186476,0.2541066075444399,0.27659187402011914,0.052257702243576315,26.268355524788713
634,126.88458972648432,1.25,0.2,0.4583333333333333,0.5,0.41645074588124065,0.25506230376507183,0.27612727794027414,0.052359672413413494,26.268355524788713
635,127.08472314876583,1.25,0.2,0.4583333333333333,0.5,0.41583422545849275,0.25601580939921753,0.27567788141074373,0.05247208373154611,26.268355524788713
636,127.28485657104736,1.25,0.2,0.4583333333333333,0.5,0.4151949186507046,0.2569663139671187,0.2752439251838425,0.052594842198334255,26.268355524788713
637,127.48498999332888,1.25,0.2,0.4583333333333333,0.5,0.41453350602622874,0.25791300402575457,0.27482563855845055,0.052727851389566247,26.268355524788713
638,127.6851234156104,1.25,0.2,0.4583333333333333,0.5,0.41385068446733453,0.25885506387029716,0.2744232393997011,0.05287101226266736,26.268355524788713
639,127.88525683789192,1.25,0.2,0.4583333333333333,0.5,0.41314716653576866,0.2597916763795771,0.27403693396009826,0.05302422312455608,26.268355524788713
640,128.08539026017345,1.25,0.2,0.4583333333333333,0.5,0.41242367997751717,0.2607220237039578,0.27366691703141455,0.053187379287110634,26.268355524788713
641,128.28552368245496,1.25,0.2,0.4583333333333333,0.5,0.4116809671640078,0.26164528804391546,0.273313371991573,0.0533603728005039,26.268355524788713
642,128.48565710473648,1.25,0.2,0.4583333333333333,0.5,0.4109197844743679,0.26256065251367455,0.272976470756435,0.05354309225552277,26.268355524788713
643,128.685790527018,1.25,0.2,0.4583333333333333,0.5,0.4101409016794752,0.26346730199871315,0.2726563737572191,0.05373542256459282,26.268355524788713
644,128.88592394929952,1.25,0.2,0.4583333333333333,0.5,0.40934510128782287,0.26436442397454196,0.2723532298099901,0.05393724492764531,26.268355524788713
645,129.08605737158106,1.25,0.2,0.4583333333333333,0.5,0.40853317792593846,0.26525120952473985,0.272067176224587,0.05414843632473494,26.268355524788713
646,129.28619079386257,1.25,0.2,0.4583333333333333,0.5,0.4077059376701981,0.266126854286173,0.27179833875586423,0.05436886928776485,26.268355524788713
647,129.48632421614408,1.25,0.2,0.4583333333333333,0.5,0.4068641973636445,0.2669905594313612,0.2715468315577487,0.0545984116472458,26.268355524788713
648,129.68645763842562,1.25,0.2,0.4583333333333333,0.5,0.40600878403565155,0.2678415324098069,0.27131275716371106,0.05483692639083069,26.268355524788713
649,129.88659106070713,1.25,0.2,0.4583333333333333,0.5,0.405140533778482,0.26867898857867784,0.27109620627119974,0.05508427137164057,26.268355524788713
650,130.08672448298864,1.25,0.2,0.4583333333333333,0.5,0.4042602918177143,0.2695021510721472,0.2708972580088728,0.055340299101265936,26.268355524788713
651,130.28685790527018,1.25,0.2,0.4583333333333333,0.5,0.40336891100867006,0.2703102531833762,0.270715979618326,0.05560485618962794,26.268355524788713
652,130.4869913275517,1.25,0.2,0.4583333333333333,0.5,0.4024672514022296,0.27110253889004393,0.27055242649361766,0.05587778321410902,26.268355524788713
653,130.68712474983323,1.25,0.2,0.4583333333333333,0.5,0.4015561795415512,0.2718782636697132,0.2704066421356578,0.05615891465307804,26.268355524788713
654,130.88725817211474,1.25,0.2,0.4583333333333333,0.5,0.40063656770026773,0.2726366955490348,0.2702786580894377,0.05644807866126001,26.268355524788713
655,131.08739159439625,1.25,0.2,0.4583333333333333,0.5,0.3997092929634384,0.27337711678122784,0.2701684938351561,0.056745096420177936,26.268355524788713
656,131.2875250166778,1.25,0.2,0.4583333333333333,0.5,0.3987752364979395,0.27409882476664554,0.2700761567348887,0.05704978200052646,26.268355524788713
657,131.4876584389593,1.25,0.2,0.4583333333333333,0.5,0.39783528276808006,0.27480113292922437,0.2700016419951586,0.05736194230753714,26.268355524788713
658,131.6877918612408,1.25,0.2,0.4583333333333333,0.5,0.396890318751221,0.2754833715850478,0.2699449326304642,0.05768137703326713,26.268355524788713
659,131.88792528352235,1.25,0.2,0.4583333333333333,0.5,0.39594123314427665,0.276144889656005,0.26990599932585185,0.05800787787386671,26.268355524788713
660,132.08805870580386,1.25,0.2,0.4583333333333333,0.5,0.39498891557913884,0.2767850555565904,0.2698848003982649,0.05834122846600602,26.268355524788713
661,132.2881921280854,1.25,0.2,0.4583333333333333,0.5,0.39403425570048334,0.27740325821253103,0.2698812817228147,0.05868120436417099,26.268355524788713
662,132.4883255503669,1.25,0.2,0.4583333333333333,0.5,0.3930781421199921,0.2779989079974047,0.2698953766511822,0.05902757323142113,26.268355524788713
663,132.68845897264842,1.25,0.2,0.4583333333333333,0.5,0.3921214620272161,0.2785714381308966,0.269927005968777,0.05938009387311032,26.268355524788713
664,132.88859239492996,1.25,0.2,0.4583333333333333,0.5,0.39116510023850937,0.2791203056820036,0.26997607781872934,0.0597385162607577,26.268355524788713
665,133.08872581721147,1.25,0.2,0.4583333333333333,0.5,0.39020993826595435,0.2796449924934563,0.2700424876609529,0.06010258157963639,26.268355524788713
666,133.28885923949298,1.25,0.2,0.4583333333333333,0.5,0.3892568531518583,0.2801450057417219,0.27012611829024263,0.06047202281617714,26.268355524788713
667,133.48899266177452,1.25,0.2,0.4583333333333333,0.5,0.3883067171241754,0.280619879746521,0.27022683965736183,0.06084656347194175,26.268355524788713
668,133.68912608405603,1.25,0.2,0.4583333333333333,0.5,0.3873603966252604,0.2810691768265036,0.2703445088405214,0.0612259177077146,26.268355524788713
669,133.88925950633757,1.25,0.2,0.4583333333333333,0.5,0.38641875143021653,0.28149248803370663,0.27047897004087845,0.061609790495198435,26.268355524788713
670,134.08939292861908,1.25,0.2,0.4583333333333333,0.5,0.38548263367497004,0.28188943272564115,0.27063005478083263,0.06199787881855616,26.268355524788713
671,134.2895263509006,1.25,0.2,0.4583333333333333,0.5,0.3845528871803055,0.2822596613159382,0.27079758154918687,0.06238986995456935,26.268355524788713
672,134.48965977318213,1.25,0.2,0.4583333333333333,0.5,0.38363034657555556,0.28260285587332395,0.2709813558207436,0.06278544173037688,26.268355524788713
673,134.68979319546364,1.25,0.2,0.4583333333333333,0.5,0.38271583646259066,0.2829187306427891,0.27118117009681614,0.06318426279780413,26.268355524788713
674,134.88992661774515,1.25,0.2,0.4583333333333333,0.5,0.3818101707113029,0.28320703045447965,0.27139680436422836,0.06358599446998915,26.268355524788713
675,135.09006004002669,1.25,0.2,0.4583333333333333,0.5,0.38091415148474483,0.2834675342036451,0.2716280255566616,0.06399028875494857,26.268355524788713
676,135.2901934623082,1.25,0.2,0.4583333333333333,0.5,0.3800285684216089,0.28370005537924337,0.2718745875966326,0.06439678860251521,26.268355524788713
677,135.49032688458973,1.25,0.2,0.4583333333333333,0.5,0.37915419785761684,0.28390444226747713,0.2721362315067869,0.06480512836811922,26.268355524788713
678,135.69046030687124,1.25,0.2,0.4583333333333333,0.5,0.3782918024751209,0.28408057483804894,0.27241268623627396,0.06521493645055634,26.268355524788713
679,135.89059372915276,1.25,0.2,0.4583333333333333,0.5,0.3774421300190661,0.2842283692451845,0.2727036678579152,0.0656258328778342,26.268355524788713
680,136.0907271514343,1.25,0.2,0.4583333333333333,0.5,0.3766059124819976,0.2843477785031248,0.27300887958385867,0.06603742943101899,26.268355524788713
681,136.2908605737158,1.25,0.2,0.4583333333333333,0.5,0.37578386537729774,0.2844387924420068,0.2733280119351963,0.06644933024549914,26.268355524788713
682,136.49099399599731,1.25,0.2,0.4583333333333333,0.5,0.37497668739185475,0.28450143569818237,0.273660743308976,0.06686113360098686,26.268355524788713
683,136.69112741827885,1.25,0.2,0.4583333333333333,0.5,0.37418506032603244,0.28453576405908537,0.27400674088295923,0.06727243473192294,26.268355524788713
684,136.89126084056036,1.25,0.2,0.4583333333333333,0.5,0.373409646915203,0.2845418729409589,0.2743656590299811,0.06768282111385698,26.268355524788713
685,137.0913942628419,1.25,0.2,0.4583333333333333,0.5,0.3726510905866222,0.28451989478235173,0.27473714000746624,0.0680918746235598,26.268355524788713
686,137.2915276851234,1.25,0.2,0.4583333333333333,0.5,0.3719100147608956,0.28446999908439946,0.2751208141082142,0.06849917204649072,26.268355524788713
687,137.49166110740492,1.25,0.2,0.4583333333333333,0.5,0.37118702359267264,0.28439238590418087,0.2755163013553129,0.06890428914783348,26.268355524788713
688,137.69179452968646,1.25,0.2,0.4583333333333333,0.5,0.3704827003217522,0.2842872902729076,0.27592321062852,0.0693067987768201,26.268355524788713
689,137.89192795196797,1.25,0.2,0.4583333333333333,0.5,0.36979760599268735,0.2841549849293875,0.2763411391867393,0.06970626989118568,26.268355524788713
690,138.09206137424948,1.25,0.2,0.4583333333333333,0.5,0.3691322792216427,0.28399577826561395,0.27676967331617236,0.0701022691965708,26.268355524788713
691,138.29219479653102,1.25,0.2,0.4583333333333333,0.5,0.3684872359939676,0.2838100125238288,0.27720838894366195,0.07049436253854151,26.268355524788713
692,138.49232821881253,1.25,0.2,0.4583333333333333,0.5,0.3678629709333518,0.2835980564523571,0.27765685362645853,0.07088211898783246,26.268355524788713
693,138.69246164109407,1.25,0.2,0.4583333333333333,0.5,0.36725995402613415,0.28336031507501197,0.2781146242910335,0.0712651066078203,26.268355524788713
694,138.89259506337558,1.25,0.2,0.4583333333333333,0.5,0.3666786307191722,0.2830972267573959,0.27858124812730023,0.07164289439613153,26.268355524788713
695,139.0927284856571,1.25,0.2,0.4583333333333333,0.5,0.36611942148971294,0.2828092622616026,0.2790562629889295,0.07201505325975495,26.268355524788713
696,139.29286190793863,1.25,0.2,0.4583333333333333,0.5,0.36558272322708274,0.2824969187460569,0.2795391990942641,0.07238115893259622,26.268355524788713
697,139.49299533022014,1.25,0.2,0.4583333333333333,0.5,0.3650689086310988,0.28216071945836374,0.28002957926792976,0.07274079264260766,26.268355524788713
698,139.69312875250165,1.25,0.2,0.4583333333333333,0.5,0.36457832352322345,0.28180121941962843,0.28052691764663695,0.07309353941051111,26.268355524788713
699,139.8932621747832,1.25,0.2,0.4583333333333333,0.5,0.3641112874763678,0.28141900158258887,0.2810307208268551,0.0734389901141882,26.268355524788713
700,140.0933955970647,1.25,0.2,0.4583333333333333,0.5,0.36366809367780367,0.2810146753816369,0.2815404884363786,0.07377674250418088,26.268355524788713
701,140.29352901934624,1.25,0.2,0.4583333333333333,0.5,0.36324901159880124,0.2805888688306032,0.2820557156715025,0.07410640389909309,26.268355524788713
702,140.49366244162775,1.25,0.2,0.4583333333333333,0.5,0.3628542833118426,0.28014223522379755,0.2825758913854633,0.07442759007889659,26.268355524788713
703,140.69379586390926,1.25,0.2,0.4583333333333333,0.5,0.362484123429889,0.27967545151049883,0.283100498713479,0.07473992634613322,26.268355524788713
704,140.8939292861908,1.25,0.2,0.4583333333333333,0.5,0.36213871924281554,0.27918921621618814,0.28362901583586986,0.07504304870512654,26.268355524788713
705,141.0940627084723,1.25,0.2,0.4583333333333333,0.5,0.36181823199694535,0.27868424583814033,0.2841609173301256,0.07533660483478868,26.268355524788713
706,141.29419613075382,1.25,0.2,0.4583333333333333,0.5,0.36152279837954393,0.27816127090992127,0.2846956756396203,0.07562025507091447,26.268355524788713
707,141.49432955303536,1.25,0.2,0.4583333333333333,0.5,0.3612525263169162,0.27762104125171416,0.28523275930610237,0.07589367312526721,26.268355524788713
708,141.69446297531687,1.25,0.2,0.4583333333333333,0.5,0.3610074963773684,0.2770643221665257,0.28577163439200715,0.0761565470640986,26.268355524788713
709,141.8945963975984,1.25,0.2,0.4583333333333333,0.5,0.36078776176840804,0.2764918929880067,0.2863117650880982,0.07640858015548697,26.268355524788713
710,142.09472981987992,1.25,0.2,0.4583333333333333,0.5,0.36059335171150425,0.2759045423409877,0.2868526158503697,0.07664949009713828,26.268355524788713
711,142.29486324216143,1.25,0.2,0.4583333333333333,0.5,0.36042426873227534,0.2753030693791656,0.2873936507720276,0.0768790111165314,26.268355524788713
712,142.49499666444297,1.25,0.2,0.4583333333333333,0.5,0.36028048774839694,0.27468828325680783,0.28793433377238187,0.07709689522241332,26.268355524788713
713,142.69513008672448,1.25,0.2,0.4583333333333333,0.5,0.3601619569624757,0.2740610008273581,0.28847412960594193,0.07730291260422424,26.268355524788713
714,142.89526350900599,1.25,0.2,0.4583333333333333,0.5,0.3600685988576315,0.2734220448740228,0.2890125047909334,0.07749685147741239,26.268355524788713
715,143.09539693128752,1.25,0.2,0.4583333333333333,0.5,0.3600003133103563,0.2727722415854406,0.28954892923352377,0.0776785158706793,26.268355524788713
716,143.29553035356903,1.25,0.2,0.4583333333333333,0.5,0.3599569730797395,0.27211242074956843,0.2900828753470203,0.07784773082367166,26.268355524788713
717,143.49566377585057,1.25,0.2,0.4583333333333333,0.5,0.35993842533112524,0.2714434137959813,0.2906138191539053,0.07800434171898811,26.268355524788713
718,143.69579719813208,1.25,0.2,0.4583333333333333,0.5,0.3599444920038506,0.2707660522560194,0.29114124100656047,0.0781482147335695,26.268355524788713
719,143.8959306204136,1.25,0.2,0.4583333333333333,0.5,0.3599749727484613,0.27008116705742946,0.2916646266948816,0.07827923349922764,26.268355524788713
720,144.09606404269513,1.25,0.2,0.4583333333333333,0.5,0.36002964441540203,0.26938958687735903,0.2921834679880478,0.07839730071919117,26.268355524788713
721,144.29619746497664,1.25,0.2,0.4583333333333333,0.5,0.36010825904134414,0.2686921360851184,0.2926972629297793,0.07850234194375816,26.268355524788713
722,144.49633088725815,1.25,0.2,0.4583333333333333,0.5,0.36021054542026326,0.26798963366378675,0.29320551672179207,0.07859430419415793,26.268355524788713
723,144.6964643095397,1.25,0.2,0.4583333333333333,0.5,0.360336209852371,0.26728289220060825,0.29370774237859576,0.07867315556842489,26.268355524788713
724,144.8965977318212,1.25,0.2,0.4583333333333333,0.5,0.3604849396331754,0.26657271943272154,0.29420346125420943,0.0787388796798936,26.268355524788713
725,145.09673115410274,1.25,0.2,0.4583333333333333,0.5,0.36065639981797615,0.2658599135218285,0.2946922038832073,0.07879148277698804,26.268355524788713
726,145.29686457638425,1.25,0.2,0.4583333333333333,0.5,0.3608502342164377,0.2651452622736658,0.2951735106240351,0.07883099288586141,26.268355524788713
727,145.49699799866576,1.25,0.2,0.4583333333333333,0.5,0.36106606623877185,0.2644295422190919,0.29564693230926337,0.07885745923287289,26.268355524788713
728,145.6971314209473,1.25,0.2,0.4583333333333333,0.5,0.36130350077123136,0.26371351971797585,0.29611203041888,0.07887094909191274,26.268355524788713
729,145.8972648432288,1.25,0.2,0.4583333333333333,0.5,0.3615621256405059,0.26299795137416243,0.2965683773960786,0.07887154558925309,26.268355524788713
730,146.09739826551032,1.25,0.2,0.4583333333333333,0.5,0.3618415093063972,0.26228357812970565,0.2970155582704159,0.07885935429348119,26.268355524788713
731,146.29753168779186,1.25,0.2,0.4583333333333333,0.5,0.36214120263627697,0.26157112619944134,0.29745317086612566,0.07883450029815603,26.268355524788713
732,146.49766511007337,1.25,0.2,0.4583333333333333,0.5,0.3624607395947147,0.2608613062905578,0.2978808263347314,0.07879712777999598,26.268355524788713
733,146.6977985323549,1.25,0.2,0.4583333333333333,0.5,0.3627996398599547,0.260154817890479,0.29829814809587163,0.07874739415369451,26.268355524788713
734,146.89793195463642,1.25,0.2,0.4583333333333333,0.5,0.3631574077091388,0.25945234377067095,0.2987047738452398,0.07868547467495035,26.268355524788713
735,147.09806537691793,1.25,0.2,0.4583333333333333,0.5,0.3635335324040893,0.25875454842520945,0.2991003563290549,0.07861156284164618,26.268355524788713
736,147.29819879919947,1.25,0.2,0.4583333333333333,0.5,0.363927489290751,0.2580620783807014,0.29948456353189884,0.07852586879664855,26.268355524788713
737,147.49833222148098,1.25,0.2,0.4583333333333333,0.5,0.36433874090443746,0.2573755632079553,0.299857078456797,0.07842861743081009,26.268355524788713
738,147.6984656437625,1.25,0.2,0.4583333333333333,0.5,0.3647667386794693,0.25669561904112576,0.30021759786690244,0.07832004441250233,26.268355524788713
739,147.89859906604403,1.25,0.2,0.4583333333333333,0.5,0.3652109219408217,0.25602284082056737,0.3005658356969227,0.078200401541688,26.268355524788713
740,148.09873248832554,1.25,0.2,0.4583333333333333,0.5,0.36567071918735305,0.2553578040429099,0.3009015225274115,0.07806995424232528,26.268355524788713
741,148.29886591060708,1.25,0.2,0.4583333333333333,0.5,0.3661455488702056,0.25470106443911833,0.3012244059119593,0.07792898077871649,26.268355524788713
742,148.4989993328886,1.25,0.2,0.4583333333333333,0.5,0.36663482069380665,0.25405316205523226,0.30153424836580106,0.07777776888515978,26.268355524788713
743,148.6991327551701,1.25,0.2,0.4583333333333333,0.5,0.3671379360884093,0.25341461869731535,0.3018308288401473,0.0776166163741278,26.268355524788713
744,148.89926617745164,1.25,0.2,0.4583333333333333,0.5,0.3676542886023769,0.25278593473356986,0.3021139445341909,0.07744583212986211,26.268355524788713
745,149.09939959973315,1.25,0.2,0.4583333333333333,0.5,0.36818326486860264,0.2521675904951517,0.30238341029145593,0.07726573434478946,26.268355524788713
746,149.29953302201466,1.25,0.2,0.4583333333333333,0.5,0.36872424535708476,0.2515600467646187,0.30263905836294214,0.07707664951535417,26.268355524788713
747,149.4996664442962,1.25,0.2,0.4583333333333333,0.5,0.3692766051540643,0.2509637490843914,0.3028807356568552,0.07687891010468882,26.268355524788713
748,149.6997998665777,1.25,0.2,0.4583333333333333,0.5,0.3698397146696837,0.2503791217859156,0.30310830775170017,0.07667285579270024,26.268355524788713
749,149.89993328885924,1.25,0.2,0.4583333333333333,0.5,0.3704129403944073,0.2498065690311082,0.3033216582955754,0.0764588322789088,26.268355524788713
750,150.10006671114076,1.25,0.2,0.4583333333333333,0.5,0.3709956456505951,0.249246475156936,0.3035206888639773,0.07623719032849123,26.268355524788713
751,150.30020013342227,1.25,0.2,0.4583333333333333,0.5,0.37158719101652005,0.24869920691714173,0.303705317169082,0.07600828489725595,26.268355524788713
752,150.5003335557038,1.25,0.2,0.4583333333333333,0.5,0.37218693495837035,0.24816511419189252,0.30387547653390623,0.07577247431583059,26.268355524788713
753,150.70046697798531,1.25,0.2,0.4583333333333333,0.5,0.3727942350663588,0.2476445262474251,0.30403111904038216,0.07553011964583371,26.268355524788713
754,150.90060040026682,1.25,0.2,0.4583333333333333,0.5,0.37340844854829314,0.24713775346542372,0.3041722141616316,0.07528158382465126,26.268355524788713
755,151.10073382254836,1.25,0.2,0.4583333333333333,0.5,0.37402893287956124,0.2466450875948239,0.30429874856435163,0.07502723096126294,26.268355524788713
756,151.30086724482987,1.25,0.2,0.4583333333333333,0.5,0.3746550455317532,0.24616680472673616,0.304410723041374,0.0747674267001363,26.268355524788713
757,151.5010006671114,1.25,0.2,0.4583333333333333,0.5,0.37528614560789214,0.24570316262692224,0.3045081553878329,0.07450253637735248,26.268355524788713
758,151.70113408939292,1.25,0.2,0.4583333333333333,0.5,0.3759215945494114,0.2452544008153563,0.3045910803836247,0.07423292425160734,26.268355524788713
759,151.90126751167443,1.25,0.2,0.4583333333333333,0.5,0.37656075663475297,0.2448207412624716,0.30465954912626697,0.07395895297650819,26.268355524788713
760,152.10140093395597,1.25,0.2,0.4583333333333333,0.5,0.3772029991538788,0.2444023892922785,0.30471362788694006,0.07368098366690237,26.268355524788713
761,152.30153435623748,1.25,0.2,0.4583333333333333,0.5,0.37784769221251874,0.24399953503136337,0.3047533962022528,0.07339937655386485,26.268355524788713
762,152.501667778519,1.25,0.2,0.4583333333333333,0.5,0.3784942109632186,0.24361235128004882,0.3047789499752635,0.07311448778146878,26.268355524788713
763,152.70180120080053,1.25,0.2,0.4583333333333333,0.5,0.37914193565101273,0.2432409946054597,0.3047904000655801,0.07282666967794724,26.268355524788713
764,152.90193462308204,1.25,0.2,0.4583333333333333,0.5,0.3797902521731136,0.24288560565559073,0.3047878719572648,0.07253627021403057,26.268355524788713
765,153.10206804536358,1.25,0.2,0.4583333333333333,0.5,0.380438551307202,0.24254631038687277,0.30477150351092336,0.07224363479500154,26.268355524788713
766,153.3022014676451,1.25,0.2,0.4583333333333333,0.5,0.3810862301214109,0.24222321975020097,0.3047414458905453,0.07194910423784247,26.268355524788713
767,153.5023348899266,1.25,0.2,0.4583333333333333,0.5,0.3817326931250252,0.24191642956016818,0.3046978641130372,0.07165301320176902,26.268355524788713
768,153.70246831220814,1.25,0.2,0.4583333333333333,0.5,0.38237735238515097,0.2416260210949213,0.3046409360930617,0.0713556904268657,26.268355524788713
769,153.90260173448965,1.25,0.2,0.4583333333333333,0.5,0.3830196277269008,0.24135206146931515,0.30457085196697864,0.07105745883680503,26.268355524788713
770,154.1027351567712,1.25,0.2,0.4583333333333333,0.5,0.3836589457799462,0.24109460427815826,0.3044878122501918,0.07075863769170342,26.268355524788713
771,154.3028685790527,1.25,0.2,0.4583333333333333,0.5,0.38429474249477374,0.2408536894271213,0.30439202950318,0.07045953857492458,26.268355524788713
772,154.5030020013342,1.25,0.2,0.4583333333333333,0.5,0.38492646311867823,0.24062934355837945,0.30428372742872606,0.07016046589421583,26.268355524788713
773,154.70313542361575,1.25,0.2,0.4583333333333333,0.5,0.38555356254761364,0.2404215803882571,0.3041631403492285,0.06986171671490041,26.268355524788713
774,154.90326884589726,1.25,0.2,0.4583333333333333,0.5,0.38617550465783324,0.24023040092107617,0.3040305120792555,0.06956358234183461,26.268355524788713
775,155.10340226817877,1.25,0.2,0.4583333333333333,0.5,0.3867917627352578,0.2400557937518074,0.3038860955010739,0.06926634801186039,26.268355524788713
776,155.3035356904603,1.25,0.2,0.4583333333333333,0.5,0.3874018212620989,0.23989773547851928,0.3037301530093511,0.06897029025003028,26.268355524788713
777,155.50366911274182,1.25,0.2,0.4583333333333333,0.5,0.38800517565464293,0.23975619094908254,0.30356295564380004,0.06867567775247393,26.268355524788713
778,155.70380253502336,1.25,0.2,0.4583333333333333,0.5,0.3886013325291609,0.23963111351995037,0.3033847826064077,0.06838277134448044,26.268355524788713
779,155.90393595730487,1.25,0.2,0.4583333333333333,0.5,0.3891898084455041,0.23952244486906588,0.3031959202921429,0.06809182639328654,26.268355524788713
780,156.10406937958638,1.25,0.2,0.4583333333333333,0.5,0.38977013192783067,0.23943011576861434,0.30299666236701045,0.06780308993654394,26.268355524788713
781,156.30420280186792,1.25,0.2,0.4583333333333333,0.5,0.3903418437625959,0.23935404635319987,0.3027873092955327,0.06751680058867095,26.268355524788713
782,156.50433622414943,1.25,0.2,0.4583333333333333,0.5,0.39090449705577945,0.2392941463175048,0.3025681677912841,0.06723318883543102,26.268355524788713
783,156.70446964643094,1.25,0.2,0.4583333333333333,0.5,0.3914576569745817,0.23925031493816334,0.3023395503573061,0.06695247772994825,26.268355524788713
784,156.90460306871248,1.25,0.2,0.4583333333333333,0.5,0.39200090006111477,0.23922244091052092,0.30210177482643585,0.0666748842019279,26.268355524788713
785,157.104736490994,1.25,0.2,0.4583333333333333,0.5,0.3925338163985001,0.23921040341907424,0.30185516390221123,0.06640061628021386,26.268355524788713
786,157.30486991327552,1.25,0.2,0.4583333333333333,0.5,0.39305600920005157,0.23921407209338183,0.30160004469925483,0.06612987400731124,26.268355524788713
787,157.50500333555703,1.25,0.2,0.4583333333333333,0.5,0.39356709502044473,0.23923330723163774,0.30133674828898455,0.06586284945893243,26.268355524788713
788,157.70513675783855,1.25,0.2,0.4583333333333333,0.5,0.39406670275677985,0.23926795940997295,0.30106560959515394,0.06559972823809274,26.268355524788713
789,157.90527018012008,1.25,0.2,0.4583333333333333,0.5,0.39455447455784004,0.23931787005562388,0.3007869667561115,0.06534068863042408,26.268355524788713
790,158.1054036024016,1.25,0.2,0.4583333333333333,0.5,0.3950300666790145,0.2393828719926551,0.30050116050224474,0.06508590082608515,26.268355524788713
791,158.3055370246831,1.25,0.2,0.4583333333333333,0.5,0.39549314925479645,0.23946278944092747,0.3002085338359284,0.06483552746834723,26.268355524788713
792,158.50567044696464,1.25,0.2,0.4583333333333333,0.5,0.39594340627715635,0.23955743811558355,0.299909431713409,0.06458972389385059,26.268355524788713
793,158.70580386924615,1.25,0.2,0.4583333333333333,0.5,0.3963805345445497,0.2396666247910674,0.2996042012798188,0.06434863938456357,26.268355524788713
794,158.9059372915277,1.25,0.2,0.4583333333333333,0.5,0.39680424539622483,0.23979014831402767,0.29929319060751,0.06411241568223695,26.268355524788713
795,159.1060707138092,1.25,0.2,0.4583333333333333,0.5,0.3972142645386295,0.23992779962375102,0.2989767484595991,0.06388118737801987,26.268355524788713
796,159.3062041360907,1.25,0.2,0.4583333333333333,0.5,0.3976103320651495,0.24007936187316484,0.2986552239496236,0.06365508211206147,26.268355524788713
797,159.50633755837225,1.25,0.2,0.4583333333333333,0.5,0.3979922019229982,0.24024461030250754,0.29832896665059655,0.06343422112389709,26.268355524788713
798,159.70647098065376,1.25,0.2,0.4583333333333333,0.5,0.398359641713945,0.24042331226704963,0.2979983264504718,0.06321871956853296,26.268355524788713
799,159.90660440293527,1.25,0.2,0.4583333333333333,0.5,0.3987124340121184,0.24061522796487336,0.2976636522552196,0.06300868576778797,26.268355524788713
800,160.1067378252168,1.25,0.2,0.4583333333333333,0.5,0.3990503759306016,0.24082011035655274,0.29732529202214286,0.06280422169070217,26.268355524788713
801,160.30687124749832,1.25,0.2,0.4583333333333333,0.5,0.3993732791487285,0.2410377053049571,0.29698359245535105,0.06260542309096272,26.268355524788713
802,160.50700466977986,1.25,0.2,0.4583333333333333,0.5,0.3996809687786836,0.24126775130699632,0.2966388997880166,0.062412380126302895,26.268355524788713
803,160.70713809206137,1.25,0.2,0.4583333333333333,0.5,0.3999732846296172,0.24150998006915672,0.29629155832125686,0.06222517697996864,26.268355524788713
804,160.90727151434288,1.25,0.2,0.4583333333333333,0.5,0.4002500813845304,0.24176411670039297,0.29594190998034636,0.06204389193472962,26.268355524788713
805,161.10740493662442,1.25,0.2,0.4583333333333333,0.5,0.40051122837627734,0.24202987976393175,0.2955902942460381,0.061868597613752185,26.268355524788713
806,161.30753835890593,1.25,0.2,0.4583333333333333,0.5,0.40075660964979315,0.242306981429843,0.2952370478180752,0.06169936110228796,26.268355524788713
807,161.50767178118744,1.25,0.2,0.4583333333333333,0.5,0.40098612271968803,0.24259512736704564,0.2948825055893729,0.06153624432389274,26.268355524788713
808,161.70780520346898,1.25,0.2,0.4583333333333333,0.5,0.40119967882535107,0.24289401693440066,0.29452700011576205,0.0613793041244855,26.268355524788713
809,161.9079386257505,1.25,0.2,0.4583333333333333,0.5,0.40139720439210047,0.24320334361267948,0.2941708598741079,0.061228592121111404,26.268355524788713
810,162.10807204803203,1.25,0.2,0.4583333333333333,0.5,0.4015786402626666,0.24352279499121662,0.2938144097604099,0.061084154985706136,26.268355524788713
811,162.30820547031354,1.25,0.2,0.4583333333333333,0.5,0.40174394170488364,0.24385205290958842,0.29345797080810265,0.060946034577424556,26.268355524788713
812,162.50833889259505,1.25,0.2,0.4583333333333333,0.5,0.4018930778945791,0.24419079362319804,0.2931018604771032,0.06081426800511887,26.268355524788713
813,162.7084723148766,1.25,0.2,0.4583333333333333,0.5,0.4020260308791479,0.24453868799251596,0.29274639350763826,0.06068888762069708,26.268355524788713
814,162.9086057371581,1.25,0.2,0.4583333333333333,0.5,0.4021427975275591,0.24489540153628298,0.292391879526187,0.06056992140997019,26.268355524788713
815,163.1087391594396,1.25,0.2,0.4583333333333333,0.5,0.4022433887820709,0.2452605946076256,0.29203862358594135,0.06045739302436147,26.268355524788713
816,163.30887258172115,1.25,0.2,0.4583333333333333,0.5,0.4023278295601552,0.24563392254055294,0.29168692600013346,0.060351321899157664,26.268355524788713
817,163.50900600400266,1.25,0.2,0.4583333333333333,0.5,0.40239615854250765,0.24601503584581116,0.2913370822882405,0.0602517233234399,26.268355524788713
818,163.7091394262842,1.25,0.2,0.4583333333333333,0.5,0.4024484266660588,0.2464035807947064,0.2909893844485539,0.06015860809068011,26.268355524788713
819,163.9092728485657,1.25,0.2,0.4583333333333333,0.5,0.4024846988105166,0.2467991990461783,0.2906441189598672,0.060071983183437094,26.268355524788713
820,164.10940627084722,1.25,0.2,0.4583333333333333,0.5,0.4025050534893214,0.24720152787173144,0.29030156682708635,0.05999185181185997,26.268355524788713
821,164.30953969312876,1.25,0.2,0.4583333333333333,0.5,0.4025095825366464,0.24761020038155104,0.2899620036308906,0.05991821345091109,26.268355524788713
822,164.50967311541027,1.25,0.2,0.4583333333333333,0.5,0.4024983910067753,0.24802484569148633,0.2896256993582199,0.059851063943517524,26.268355524788713
823,164.70980653769178,1.25,0.2,0.4583333333333333,0.5,0.40247159583456665,0.2484450897745355,0.2892929193864881,0.05979039500440885,26.268355524788713
824,164.90993995997331,1.25,0.2,0.4583333333333333,0.5,0.40242932651481433,0.24887055519688722,0.2889639235877189,0.05973619470057862,26.268355524788713
825,165.11007338225482,1.25,0.2,0.4583333333333333,0.5,0.4023717256127027,0.24930086094728263,0.2886389655899743,0.05968844785003946,26.268355524788713
826,165.31020680453636,1.25,0.2,0.4583333333333333,0.5,0.4022989481676323,0.24973562287779183,0.28831829306931933,0.05964713588525562,26.268355524788713
827,165.51034022681787,1.25,0.2,0.4583333333333333,0.5,0.4022111615674873,0.2501744538846707,0.2880021476036936,0.059612236944147454,26.268355524788713
828,165.71047364909938,1.25,0.2,0.4583333333333333,0.5,0.4021085447258376,0.25061696460790145,0.28769076508465474,0.05958372558160523,26.268355524788713
829,165.91060707138092,1.25,0.2,0.4583333333333333,0.5,0.4019912874117823,0.25106276401715316,0.28738437600696093,0.05956157256410268,26.268355524788713
830,166.11074049366243,1.25,0.2,0.4583333333333333,0.5,0.4018595917064111,0.2515114584153331,0.2870832040561872,0.05954574582206762,26.268355524788713
831,166.31087391594394,1.25,0.2,0.4583333333333333,0.5,0.40171367113796064,0.2519626521694142,0.28678746655411896,0.05953621013850529,26.268355524788713
832,166.51100733822548,1.25,0.2,0.4583333333333333,0.5,0.40155375049861425,0.2524159479340524,0.2864973743586153,0.059532927208717126,26.268355524788713
833,166.711140760507,1.25,0.2,0.4583333333333333,0.5,0.4013800654397642,0.25287094707279056,0.2862131319116378,0.05953585557580655,26.268355524788713
834,166.91127418278853,1.25,0.2,0.4583333333333333,0.5,0.401192861182277,0.2533272508601645,0.2859349378866501,0.05954495007090754,26.268355524788713
835,167.11140760507004,1.25,0.2,0.4583333333333333,0.5,0.40099239374042217,0.2537844594658052,0.28566298413361807,0.05956016266015367,26.268355524788713
836,167.31154102735155,1.25,0.2,0.4583333333333333,0.5,0.40077892936693116,0.254242172508179,0.2853974558287642,0.05958144229612477,26.268355524788713
837,167.5116744496331,1.25,0.2,0.4583333333333333,0.5,0.40055274422559023,0.2546999894077607,0.28513853146997015,0.05960873489667807,26.268355524788713
838,167.7118078719146,1.25,0.2,0.4583333333333333,0.5,0.4003141238394277,0.25515751002180703,0.2848863829210072,0.059641983217757134,26.268355524788713
839,167.9119412941961,1.25,0.2,0.4583333333333333,0.5,0.40006336292839145,0.25561433483623963,0.284641175314414,0.059681126920953995,26.268355524788713
840,168.11207471647765,1.25,0.2,0.4583333333333333,0.5,0.39980076545475457,0.25607006492131873,0.2844030668789863,0.05972610274493947,26.268355524788713
841,168.31220813875916,1.25,0.2,0.4583333333333333,0.5,0.39952664422760614,0.2565243023886835,0.28417220892728245,0.05977684445642695,26.268355524788713
842,168.5123415610407,1.25,0.2,0.4583333333333333,0.5,0.3992413205028108,0.256976650814056,0.28394874587591323,0.05983328280721905,26.268355524788713
843,168.7124749833222,1.25,0.2,0.4583333333333333,0.5,0.3989451229233124,0.25742671624466046,0.2837328156356513,0.059895345196374926,26.268355524788713
844,168.91260840560372,1.25,0.2,0.4583333333333333,0.5,0.39863838826316544,0.2578741066078271,0.2835245489903276,0.05996295613867896,26.268355524788713
845,169.11274182788526,1.25,0.2,0.4583333333333333,0.5,0.39832146092681786,0.2583184322229347,0.28332406967356366,0.060036037176682835,26.268355524788713
846,169.31287525016677,1.25,0.2,0.4583333333333333,0.5,0.3979946925858933,0.25875930619148124,0.283131494368344,0.06011450685428055,26.268355524788713
847,169.51300867244828,1.25,0.2,0.4583333333333333,0.5,0.3976584414488793,0.2591963451181313,0.2829469328464818,0.06019828058650671,26.268355524788713
848,169.71314209472982,1.25,0.2,0.4583333333333333,0.5,0.3973130720266211,0.25962916938609965,0.28277048790307774,0.06028727068420059,26.268355524788713
849,169.91327551701133,1.25,0.2,0.4583333333333333,0.5,0.3969589552589476,0.260057403107926,0.28260225514165493,0.06038138649147055,26.268355524788713
850,170.11340893929287,1.25,0.2,0.4583333333333333,0.5,0.3965964679811505,0.26048067466963326,0.2824423230322549,0.0604805343169604,26.268355524788713
851,170.31354236157438,1.25,0.2,0.4583333333333333,0.5,0.3962259925285212,0.2608986171387529,0.2822907729104013,0.060584617422323676,26.268355524788713
852,170.5136757838559,1.25,0.2,0.4583333333333333,0.5,0.395847915939159,0.2613108689770857,0.2821476791325796,0.06069353595117475,26.268355524788713
853,170.71380920613743,1.25,0.2,0.4583333333333333,0.5,0.3954626302170017,0.2617170739492211,0.2820131088186452,0.06080718701513106,26.268355524788713
854,170.91394262841894,1.25,0.2,0.4583333333333333,0.5,0.39507053188219204,0.262116881571654,0.2818871218718918,0.0609254646742612,26.268355524788713
855,171.11407605070045,1.25,0.2,0.4583333333333333,0.5,0.3946720215866393,0.26250994751240603,0.28176977097373856,0.06104825992721526,26.268355524788713
856,171.314209472982,1.25,0.2,0.4583333333333333,0.5,0.39426750341259154,0.2628959340922602,0.2816611017668495,0.06117546072829785,26.268355524788713
857,171.5143428952635,1.25,0.2,0.4583333333333333,0.5,0.3938573845469574,0.26327451064254476,0.28156115282564853,0.06130695198484835,26.268355524788713
858,171.71447631754504,1.25,0.2,0.4583333333333333,0.5,0.3934420753231319,0.26364535372261294,0.28146995541889347,0.061442615535360706,26.268355524788713
859,171.91460973982655,1.25,0.2,0.4583333333333333,0.5,0.39302198866647425,0.2640081475649931,0.28138753360967456,0.061582330158857126,26.268355524788713
860,172.11474316210806,1.25,0.2,0.4583333333333333,0.5,0.39259753968424776,0.2643625844295755,0.28131390428177094,0.06172597160440473,26.268355524788713
861,172.3148765843896,1.25,0.2,0.4583333333333333,0.5,0.39216914497818106,0.2647083648779768,0.2812490773649481,0.061873412778893036,26.268355524788713
862,172.5150100066711,1.25,0.2,0.4583333333333333,0.5,0.3917372226718125,0.26504519825359957,0.28119305554760116,0.06202452352698575,26.268355524788713
863,172.71514342895262,1.25,0.2,0.4583333333333333,0.5,0.39130219196692645,0.26537280302617783,0.2811458343271413,0.062179170679753364,26.268355524788713
864,172.91527685123415,1.25,0.2,0.4583333333333333,0.5,0.3908644727343681,0.2656909071462154,0.281107402035725,0.06233721808369049,26.268355524788713
865,173.11541027351566,1.25,0.2,0.4583333333333333,0.5,0.39042448500679416,0.26599924816716475,0.28107774001402425,0.06249852681201585,26.268355524788713
866,173.3155436957972,1.25,0.2,0.4583333333333333,0.5,0.3899826485413129,0.26629757349276084,0.2810568226948657,0.06266295527105949,26.268355524788713
867,173.5156771180787,1.25,0.2,0.4583333333333333,0.5,0.3895393826727693,0.26658564114481387,0.2810446173120541,0.0628303588703617,26.268355524788713
868,173.71581054036022,1.25,0.2,0.4583333333333333,0.5,0.3890951058284326,0.26686321992467416,0.28104108404585054,0.06300059020104169,26.268355524788713
869,173.91594396264176,1.25,0.2,0.4583333333333333,0.5,0.38865023514036184,0.26713008970622065,0.2810461760599993,0.06317349909341723,26.268355524788713
870,174.11607738492327,1.25,0.2,0.4583333333333333,0.5,0.3882051859879538,0.2673860410025494,0.28105983987148675,0.06334893313800904,26.268355524788713
871,174.31621080720478,1.25,0.2,0.4583333333333333,0.5,0.38776037168298766,0.2676308760032087,0.2810820150459692,0.06352673726783346,26.268355524788713
872,174.51634422948632,1.25,0.2,0.4583333333333333,0.5,0.38731620308871023,0.26786440893073793,0.28111263420533966,0.06370675377521116,26.268355524788713
873,174.71647765176783,1.25,0.2,0.4583333333333333,0.5,0.3868730882200924,0.2680864662028965,0.28115162312439673,0.06388882245261329,26.268355524788713
874,174.91661107404937,1.25,0.2,0.4583333333333333,0.5,0.38643143189991414,0.2682968863214895,0.28119890090765665,0.06407278087093861,26.268355524788713
875,175.11674449633088,1.25,0.2,0.4583333333333333,0.5,0.38599163545045,0.2684955193959641,0.28125438029464106,0.06425846485894371,26.268355524788713
876,175.3168779186124,1.25,0.2,0.4583333333333333,0.5,0.3855540961762746,0.2686822288099841,0.28131796721133295,0.06444570780240728,26.268355524788713
877,175.51701134089393,1.25,0.2,0.4583333333333333,0.5,0.38511920703219993,0.2688568909886633,0.28138956098976053,0.06463434098937512,26.268355524788713
878,175.71714476317544,1.25,0.2,0.4583333333333333,0.5,0.38468735625113304,0.2690193956019999,0.281469054433253,0.06482419371361306,26.268355524788713
879,175.91727818545695,1.25,0.2,0.4583333333333333,0.5,0.3842589272296037,0.2691696444865483,0.28155633428426324,0.06501509399958369,26.268355524788713
880,176.1174116077385,1.25,0.2,0.4583333333333333,0.5,0.38383429800334373,0.26930755263394707,0.28165128104102705,0.06520686832168109,26.268355524788713
881,176.31754503002,1.25,0.2,0.4583333333333333,0.5,0.38341384075968177,0.2694330489938285,0.2817537688327006,0.06539934141378814,26.268355524788713
882,176.51767845230154,1.25,0.2,0.4583333333333333,0.5,0.3829979215561773,0.269546076236927,0.28186366562208837,0.06559233658480634,26.268355524788713
883,176.71781187458305,1.25,0.2,0.4583333333333333,0.5,0.3825869000837313,0.26964659047458633,0.2819808334126147,0.06578567602906663,26.268355524788713
884,176.91794529686456,1.25,0.2,0.4583333333333333,0.5,0.3821811296212769,0.26973456027789644,0.282105128661993,0.0659791814388327,26.268355524788713
885,177.1180787191461,1.25,0.2,0.4583333333333333,0.5,0.3817809563306695,0.2698099681088992,0.2822364019840293,0.06617267357640111,26.268355524788713
886,177.3182121414276,1.25,0.2,0.4583333333333333,0.5,0.3813867188376665,0.26987281070592156,0.28237449815909116,0.06636597229731978,26.268355524788713
887,177.51834556370912,1.25,0.2,0.4583333333333333,0.5,0.3809987480160338,0.2699230987263264,0.28251925636373215,0.06655889689390669,26.268355524788713
888,177.71847898599066,1.25,0.2,0.4583333333333333,0.5,0.3806173671300862,0.2699608554363415,0.2826705106735212,0.06675126676005007,26.268355524788713
889,177.91861240827217,1.25,0.2,0.4583333333333333,0.5,0.38024289148242524,0.26998611684929297,0.282828090146506,0.06694290152177482,26.268355524788713
890,178.1187458305537,1.25,0.2,0.4583333333333333,0.5,0.37987562752748766,0.26999893342780307,0.28299181845384136,0.06713362059086689,26.268355524788713
891,178.31887925283522,1.25,0.2,0.4583333333333333,0.5,0.37951587288358996,0.26999936914634187,0.2831615142749622,0.0673232436951049,26.268355524788713
892,178.51901267511673,1.25,0.2,0.4583333333333333,0.5,0.37916391604944477,0.26998750141749034,0.2833369914427181,0.06751159109034574,26.268355524788713
893,178.71914609739827,1.25,0.2,0.4583333333333333,0.5,0.3788200361608812,0.2699634209351274,0.28351805910894906,0.06769848379504136,26.268355524788713
894,178.91927951967978,1.25,0.2,0.4583333333333333,0.5,0.3784845034718755,0.2699272302482019,0.2837045221944426,0.06788374408547906,26.268355524788713
895,179.1194129419613,1.25,0.2,0.4583333333333333,0.5,0.3781575784956687,0.26987904464474644,0.2838961813268608,0.06806719553272313,26.268355524788713
896,179.31954636424283,1.25,0.2,0.4583333333333333,0.5,0.37783951167056107,0.2698189921126715,0.284092832986025,0.06824866323074152,26.268355524788713
897,179.51967978652434,1.25,0.2,0.4583333333333333,0.5,0.37753054335817177,0.2697472127106574,0.28429426978240296,0.06842797414876703,26.268355524788713
898,179.71981320880587,1.25,0.2,0.4583333333333333,0.5,0.37723090366519724,0.26966385823176686,0.28450028067242916,0.06860495743060586,26.268355524788713
899,179.91994663108738,1.25,0.2,0.4583333333333333,0.5,0.37694081222540876,0.2695690922097143,0.2847106511022312,0.06877944446264488,26.268355524788713
900,180.1200800533689,1.25,0.2,0.4583333333333333,0.5,0.3766604777647222,0.2694630915537802,0.28492516280280306,0.06895126787869366,26.268355524788713
901,180.32021347565043,1.25,0.2,0.4583333333333333,0.5,0.3763900983110006,0.2693460435578444,0.2851435945836478,0.06912026354750629,26.268355524788713
902,180.52034689793194,1.25,0.2,0.4583333333333333,0.5,0.376129860963503,0.2692181461598514,0.28536572242858615,0.06928627044805855,26.268355524788713
903,180.72048032021348,1.25,0.2,0.4583333333333333,0.5,0.3758799417239948,0.26907960780773293,0.28559131967852525,0.06944913078974603,26.268355524788713
904,180.920613742495,1.25,0.2,0.4583333333333333,0.5,0.3756405053700457,0.26893064707314546,0.2858201572707439,0.06960869028606399,26.268355524788713
905,181.1207471647765,1.25,0.2,0.4583333333333333,0.5,0.37541170540561297,0.2687714926811737,0.28605200381662066,0.0697647980965917,26.268355524788713
906,181.32088058705804,1.25,0.2,0.4583333333333333,0.5,0.3751936840460396,0.26860238367290873,0.28628662562653684,0.06991730665451387,26.268355524788713
907,181.52101400933955,1.25,0.2,0.4583333333333333,0.5,0.37498657194136764,0.2684235677457315,0.28652378743290857,0.07006607287999132,26.268355524788713
908,181.72114743162106,1.25,0.2,0.4583333333333333,0.5,0.37479048817832394,0.2682353013393352,0.28676325244091383,0.07021095804142614,26.268355524788713
909,181.9212808539026,1.25,0.2,0.4583333333333333,0.5,0.37460554022152476,0.26803784922604074,0.28700478256782364,0.07035182798460995,26.268355524788713
910,182.1214142761841,1.25,0.2,0.4583333333333333,0.5,0.3744318238637361,0.26783148406218427,0.287248138695258,0.07048855337882082,26.268355524788713
911,182.32154769846565,1.25,0.2,0.4583333333333333,0.5,0.374269423501396,0.2676164864873425,0.28749308062718687,0.07062100938407374,26.268355524788713
912,182.52168112074716,1.25,0.2,0.4583333333333333,0.5,0.3741184120194663,0.267393144479375,0.28773936743714196,0.07074907606401583,26.268355524788713
913,182.72181454302867,1.25,0.2,0.4583333333333333,0.5,0.3739788505379451,0.26716175242066,0.287986757963749,0.07087263907764502,26.268355524788713
914,182.9219479653102,1.25,0.2,0.4583333333333333,0.5,0.373850788586233,0.26692261089730945,0.2882350109140679,0.07099158960238863,26.268355524788713
915,183.12208138759172,1.25,0.2,0.4583333333333333,0.5,0.3737342641385304,0.266676026208441,0.28848388511585593,0.07110582453717165,26.268355524788713
916,183.32221480987323,1.25,0.2,0.4583333333333333,0.5,0.3736293036431079,0.2664223099250301,0.2887331397810654,0.07121524665079558,26.268355524788713
917,183.52234823215477,1.25,0.2,0.4583333333333333,0.5,0.3735359217798284,0.266161779366909,0.28898253488731424,0.07131976396594734,26.268355524788713
918,183.72248165443628,1.25,0.2,0.4583333333333333,0.5,0.3734541218156061,0.26589475615410973,0.289231831327852,0.07141929070243111,26.268355524788713
919,183.92261507671782,1.25,0.2,0.4583333333333333,0.5,0.3733838956885826,0.2656215656748288,0.28948079117931286,0.07151374745727475,26.268355524788713
920,184.12274849899933,1.25,0.2,0.4583333333333333,0.5,0.37332522402688945,0.2653425367968376,0.2897291780045254,0.07160306117174654,26.268355524788713
921,184.32288192128084,1.25,0.2,0.4583333333333333,0.5,0.3732780762431453,0.26505800136079616,0.2899767571336634,0.07168716526239413,26.268355524788713
922,184.52301534356238,1.25,0.2,0.4583333333333333,0.5,0.37324241035749345,0.2647682940095845,0.2902232957834725,0.07176599984944854,26.268355524788713
923,184.7231487658439,1.25,0.2,0.4583333333333333,0.5,0.37321817494093906,0.26447375207843504,0.29046856278441924,0.07183951019620564,26.268355524788713
924,184.9232821881254,1.25,0.2,0.4583333333333333,0.5,0.3732053059973347,0.2641747147390292,0.29071232961451154,0.07190764964912362,26.268355524788713
925,185.12341561040694,1.25,0.2,0.4583333333333333,0.5,0.37320372975909943,0.2638715220526647,0.2909543705003032,0.07197037768793173,26.268355524788713
926,185.32354903268845,1.25,0.2,0.4583333333333333,0.5,0.3732133619421607,0.26356451487991045,0.29119446258156206,0.0720276605963659,26.268355524788713
927,185.52368245497,1.25,0.2,0.4583333333333333,0.5,0.37323410796565537,0.26325403438185846,0.2914323861665851,0.07207947148590015,26.268355524788713
928,185.7238158772515,1.25,0.2,0.4583333333333333,0.5,0.3732658630625117,0.2629404220794412,0.2916679247818715,0.07212579007617476,26.268355524788713
929,185.923949299533,1.25,0.2,0.4583333333333333,0.5,0.3733085124103144,0.2626240198090122,0.2919008652600216,0.07216660252065098,26.268355524788713
930,186.12408272181455,1.25,0.2,0.4583333333333333,0.5,0.37336193159350656,0.2623051679833923,0.2921309984520569,0.07220190197104341,26.268355524788713
931,186.32421614409606,1.25,0.2,0.4583333333333333,0.5,0.37342598670997706,0.2619842056716129,0.2923581192695662,0.07223168834884301,26.268355524788713
932,186.52434956637757,1.25,0.2,0.4583333333333333,0.5,0.37350053458099647,0.2616614701501112,0.2925820269216171,0.07225596834727435,26.268355524788713
933,186.7244829886591,1.25,0.2,0.4583333333333333,0.5,0.37358542292936875,0.2613372970594104,0.2928025249374971,0.07227475507372284,26.268355524788713
934,186.92461641094062,1.25,0.2,0.4583333333333333,0.5,0.37368049055322833,0.2610120206397366,0.2930194211615115,0.07228806764552265,26.268355524788713
935,187.12474983322215,1.25,0.2,0.4583333333333333,0.5,0.37378556762660825,0.2606859716684039,0.29323252856133847,0.0722959321436484,26.268355524788713
936,187.32488325550366,1.25,0.2,0.4583333333333333,0.5,0.3739004758725216,0.26035947770840906,0.29344166521823306,0.0722983812008352,26.268355524788713
937,187.52501667778517,1.25,0.2,0.4583333333333333,0.5,0.374025028771262,0.26003286271854487,0.2936466545432489,0.07229545396694326,26.268355524788713
938,187.7251501000667,1.25,0.2,0.4583333333333333,0.5,0.3741590321129934,0.2597064472603118,0.29384732514655115,0.0722871954801427,26.268355524788713
939,187.92528352234822,1.25,0.2,0.4583333333333333,0.5,0.3743022847161766,0.2593805490045938,0.2940435105350343,0.07227365574419421,26.268355524788713
940,188.12541694462973,1.25,0.2,0.4583333333333333,0.5,0.37445457760457496,0.2590554804520639,0.2942350504058284,0.07225489153753165,26.268355524788713
941,188.32555036691127,1.25,0.2,0.4583333333333333,0.5,0.3746156946496236,0.2587315493023801,0.2944217904226607,0.07223096562533453,26.268355524788713
942,188.52568378919278,1.25,0.2,0.4583333333333333,0.5,0.3747854128306613,0.25840905813263015,0.29460358238785805,0.07220194664884941,26.268355524788713
943,188.72581721147432,1.25,0.2,0.4583333333333333,0.5,0.3749635028047613,0.2580883046622722,0.2947802840528532,0.07216790848011206,26.268355524788713
944,188.92595063375583,1.25,0.2,0.4583333333333333,0.5,0.3751497297708418,0.2577695825739054,0.2949517585875942,0.07212892906765736,26.268355524788713
945,189.12608405603734,1.25,0.2,0.4583333333333333,0.5,0.3753438525604617,0.257453178984649,0.29511787610537915,0.07208509234950894,26.268355524788713
946,189.32621747831888,1.25,0.2,0.4583333333333333,0.5,0.3755456243311317,0.257139374944311,0.29527851333023725,0.07203648739431892,26.268355524788713
947,189.5263509006004,1.25,0.2,0.4583333333333333,0.5,0.3757547928689211,0.25682844519560477,0.2954335537171696,0.07198320821830329,26.268355524788713
948,189.7264843228819,1.25,0.2,0.4583333333333333,0.5,0.37597110106407,0.25652065846920863,0.2955828872133651,0.07192535325335511,26.268355524788713
949,189.92661774516344,1.25,0.2,0.4583333333333333,0.5,0.376194287664605,0.2562162785859916,0.2957264094823164,0.07186302426708584,26.268355524788713
950,190.12675116744495,1.25,0.2,0.4583333333333333,0.5,0.3764240867307105,0.25591556178697544,0.2958640236380509,0.071796327844262,26.268355524788713
951,190.3268845897265,1.25,0.2,0.4583333333333333,0.5,0.3766602282088362,0.2556187573143691,0.2959956398160547,0.0717253746607388,26.268355524788713
952,190.527018012008,1.25,0.2,0.4583333333333333,0.5,0.37690243825398995,0.25532610726147903,0.2961211752306962,0.07165027925383367,26.268355524788713
953,190.7271514342895,1.25,0.2,0.4583333333333333,0.5,0.3771504396336798,0.2550378469862189,0.2962405538231757,0.07157115955692454,26.268355524788713
954,190.92728485657105,1.25,0.2,0.4583333333333333,0.5,0.37740395217807776,0.2547542057944911,0.2963537057155863,0.0714881363118438,26.268355524788713
955,191.12741827885256,1.25,0.2,0.4583333333333333,0.5,0.3776626928561081,0.2544754054394805,0.29646056823412636,0.07140133347028406,26.268355524788713
956,191.32755170113407,1.25,0.2,0.4583333333333333,0.5,0.37792637603809165,0.254201659710182,0.29656108614975524,0.07131087810197007,26.268355524788713
957,191.5276851234156,1.25,0.2,0.4583333333333333,0.5,0.3781947138855524,0.2539331747623756,0.29665521138543954,0.07121689996663147,26.268355524788713
958,191.72781854569712,1.25,0.2,0.4583333333333333,0.5,0.3784674166560228,0.25367014931674037,0.2967429027939247,0.07111953123331108,26.268355524788713
959,191.92795196797866,1.25,0.2,0.4583333333333333,0.5,0.3787441930236072,0.25341277589668676,0.2968241251235179,0.07101890595618714,26.268355524788713
960,192.12808539026017,1.25,0.2,0.4583333333333333,0.5,0.37902475035687033,0.25316123868417645,0.2968988506285584,0.07091516033039377,26.268355524788713
961,192.32821881254168,1.25,0.2,0.4583333333333333,0.5,0.3793087950343338,0.2529157140687443,0.2969670585752923,0.07080843232162859,26.268355524788713
962,192.52835223482322,1.25,0.2,0.4583333333333333,0.5,0.37959603275591497,0.25267637073687405,0.29702873510788225,0.07069886139932771,26.268355524788713
963,192.72848565710473,1.25,0.2,0.4583333333333333,0.5,0.37988616885513904,0.25244336966712927,0.297083873188901,0.07058658828882972,26.268355524788713
964,192.92861907938624,1.25,0.2,0.4583333333333333,0.5,0.38017890836355095,0.2522168641078281,0.29713247244698,0.07047175508164001,26.268355524788713
965,193.12875250166778,1.25,0.2,0.4583333333333333,0.5,0.38047395632435155,0.251996999614898,0.2971745390841547,0.07035450497659478,26.268355524788713
966,193.3288859239493,1.25,0.2,0.4583333333333333,0.5,0.38077101838444694,0.25178391415446927,0.29721008585186515,0.07023498160921764,26.268355524788713
967,193.52901934623083,1.25,0.2,0.4583333333333333,0.5,0.3810698009388301,0.2515777381567927,0.29723913187277007,0.07011332903160614,26.268355524788713
968,193.72915276851234,1.25,0.2,0.4583333333333333,0.5,0.3813700114272459,0.25137859461519513,0.2972617024925055,0.06998969146505242,26.268355524788713
969,193.92928619079385,1.25,0.2,0.4583333333333333,0.5,0.3816713585845627,0.25118659905151786,0.2972778292169409,0.0698642131469775,26.268355524788713
970,194.12941961307538,1.25,0.2,0.4583333333333333,0.5,0.3819735521991097,0.25100185786801876,0.2972875507118054,0.06973703922106503,26.268355524788713
971,194.3295530353569,1.25,0.2,0.4583333333333333,0.5,0.38227630394106576,0.2508244702724315,0.2972909114412542,0.06960831434524745,26.268355524788713
972,194.5296864576384,1.25,0.2,0.4583333333333333,0.5,0.3825793276005076,0.2506545282630709,0.2972879615842535,0.06947818255216692,26.268355524788713
973,194.72981987991994,1.25,0.2,0.4583333333333333,0.5,0.38288233925215354,0.2504921163907393,0.29727875709565754,0.06934678726144858,26.268355524788713
974,194.92995330220145,1.25,0.2,0.4583333333333333,0.5,0.3831850575127709,0.25033731184850666,0.29726335954824523,0.06921427109047616,26.268355524788713
975,195.130086724483,1.25,0.2,0.4583333333333333,0.5,0.38348720367199485,0.2501901842456151,0.29724183620905864,0.06908077587333045,26.268355524788713
976,195.3302201467645,1.25,0.2,0.4583333333333333,0.5,0.3837885017314524,0.25005079515766826,0.2972142602812102,0.06894644282966816,26.268355524788713
977,195.530353569046,1.25,0.2,0.4583333333333333,0.5,0.38408867903705946,0.2499191992617649,0.2971807099602886,0.06881141174088608,26.268355524788713
978,195.73048699132755,1.25,0.2,0.4583333333333333,0.5,0.38438746635342225,0.24979544401672432,0.2971412685757989,0.06867582105405355,26.268355524788713
979,195.93062041360906,1.25,0.2,0.4583333333333333,0.5,0.3846845980749063,0.24967956972267327,0.29709602444763916,0.06853980775478036,26.268355524788713
980,196.13075383589057,1.25,0.2,0.4583333333333333,0.5,0.3849798124395315,0.2495716096082638,0.2970450707206887,0.06840350723151505,26.268355524788713
981,196.3308872581721,1.25,0.2,0.4583333333333333,0.5,0.38527285157495544,0.2494715896213881,0.29698850544679667,0.06826705335685886,26.268355524788713
982,196.53102068045362,1.25,0.2,0.4583333333333333,0.5,0.385563461790208,0.2493795286908176,0.29692643127126006,0.06813057824771335,26.268355524788713
983,196.73115410273516,1.25,0.2,0.4583333333333333,0.5,0.38585139385183403,0.2492954389739188,0.296858955129971,0.06799421204427517,26.268355524788713
984,196.93128752501667,1.25,0.2,0.4583333333333333,0.5,0.38613640310860936,0.24921932583845252,0.29678618816834046,0.06785808288459667,26.268355524788713
985,197.13142094729818,1.25,0.2,0.4583333333333333,0.5,0.38641824967149413,0.2491511879618536,0.2967082455608081,0.06772231680584319,26.268355524788713
986,197.33155436957972,1.25,0.2,0.4583333333333333,0.5,0.3866966985784022,0.24909101739282694,0.29662524636421544,0.06758703766455443,26.268355524788713
987,197.53168779186123,1.25,0.2,0.4583333333333333,0.5,0.3869715199080296,0.2490387994193347,0.29653731354768464,0.06745236712495005,26.268355524788713
988,197.73182121414274,1.25,0.2,0.4583333333333333,0.5,0.3872424890108394,0.24899451297600098,0.29644457352842263,0.06731842448473599,26.268355524788713
989,197.93195463642428,1.25,0.2,0.4583333333333333,0.5,0.38750938664846046,0.2489581306806617,0.2963471560461767,0.0671853266247002,26.268355524788713
990,198.1320880587058,1.25,0.2,0.4583333333333333,0.5,0.3877719991362254,0.2489296189131352,0.2962451939984564,0.06705318795218204,26.268355524788713
991,198.33222148098733,1.25,0.2,0.4583333333333333,0.5,0.38803011848626545,0.248908937924949,0.2961388232468268,0.06692212034195784,26.268355524788713
992,198.53235490326884,1.25,0.2,0.4583333333333333,0.5,0.3882835424738335,0.2488960418277602,0.2960281826367423,0.06679223306166303,26.268355524788713
993,198.73248832555035,1.25,0.2,0.4583333333333333,0.5,0.3885320747292496,0.24889087864048723,0.2959134139175664,0.06666363271269582,26.268355524788713
994,198.9326217478319,1.25,0.2,0.4583333333333333,0.5,0.3887755249891542,0.24889339063018803,0.29579466115365133,0.06653642322700551,26.268355524788713
995,199.1327551701134,1.25,0.2,0.4583333333333333,0.5,0.389013709147908,0.24890351431524016,0.2956720707256319,0.06641070581121904,26.268355524788713
996,199.3328885923949,1.25,0.2,0.4583333333333333,0.5,0.3892464493619959,0.24892118057537294,0.29554579114810564,0.0662865789145246,26.268355524788713
997,199.53302201467645,1.25,0.2,0.4583333333333333,0.5,0.389473574149301,0.2489463147582652,0.2954159728951027,0.06616413819733012,26.268355524788713
998,199.73315543695796,1.25,0.2,0.4583333333333333,0.5,0.3896949184951601,0.2489788366542113,0.29528276844642026,0.06604347640420735,26.268355524788713
999,199.9332888592395,1.25,0.2,0.4583333333333333,0.5,0.38991032392674396,0.2490186607304751,0.29514633190570133,0.06592468343707857,26.268355524788713
1000,200.133422281521,1.25,0.2,0.4583333333333333,0.5,0.3901196385914619,0.24906569626179012,0.2950068187928387,0.06580784635390821,26.268355524788713
1001,200.33355570380252,1.25,0.2,0.4583333333333333,0.5,0.39032271733418067,0.2491198474100517,0.29486438592277925,0.06569304933298731,26.268355524788713
1002,200.53368912608406,1.25,0.2,0.4583333333333333,0.5,0.39051942176485255,0.24918101333880177,0.29471919122884305,0.0655803736675015,26.268355524788713
1003,200.73382254836557,1.25,0.2,0.4583333333333333,0.5,0.39070962032387707,0.24924908830677148,0.294571393647082,0.06546989772226841,26.268355524788713
1004,200.93395597064708,1.25,0.2,0.4583333333333333,0.5,0.3908931883486812,0.24932396172114735,0.29442115311441963,0.06536169681575081,26.268355524788713
1005,201.13408939292862,1.25,0.2,0.4583333333333333,0.5,0.39107000810496334,0.24940551835333882,0.29426863012741494,0.06525584341428184,26.268355524788713
1006,201.33422281521013,1.25,0.2,0.4583333333333333,0.5,0.39123996883578294,0.24949363842223668,0.294113985666409,0.06515240707557032,26.268355524788713
1007,201.53435623749166,1.25,0.2,0.4583333333333333,0.5,0.3914029667993556,0.24958819770660814,0.29395738104410074,0.06505145444993446,26.268355524788713
1008,201.73448965977317,1.25,0.2,0.4583333333333333,0.5,0.39155890555828465,0.24968906761714182,0.29379897767014884,0.06495304915442356,26.268355524788713
1009,201.93462308205469,1.25,0.2,0.4583333333333333,0.5,0.3917076947939931,0.2497961155204253,0.2936389373817182,0.06485725230386233,26.268355524788713
1010,202.13475650433622,1.25,0.2,0.4583333333333333,0.5,0.3918492525326714,0.24990920446935055,0.2934774216283697,0.06476412136960721,26.268355524788713
1011,202.33488992661773,1.25,0.2,0.4583333333333333,0.5,0.3919835032710941,0.25002819366762624,0.2933145917201701,0.06467371134110843,26.268355524788713
1012,202.53502334889924,1.25,0.2,0.4583333333333333,0.5,0.3921103786551378,0.2501529384670632,0.2931506085679416,0.06458607430985623,26.268355524788713
1013,202.73515677118078,1.25,0.2,0.4583333333333333,0.5,0.3922298174604708,0.2502832904937824,0.29298563254422094,0.0645012595015248,26.268355524788713
1014,202.9352901934623,1.25,0.2,0.4583333333333333,0.5,0.3923417655782075,0.25041909777410587,0.29281982335459694,0.06441931329308856,26.268355524788713
1015,203.13542361574383,1.25,0.2,0.4583333333333333,0.5,0.3924461760434331,0.2505602048577136,0.2926533399986617,0.06434027910019052,26.268355524788713
1016,203.33555703802534,1.25,0.2,0.4583333333333333,0.5,0.39254300897317984,0.2507064529465755,0.2924863405416837,0.06426419753855986,26.268355524788713
1017,203.53569046030685,1.25,0.2,0.4583333333333333,0.5,0.39263223155253146,0.25085768002081466,0.29231898198688583,0.06419110643976696,26.268355524788713
1018,203.7358238825884,1.25,0.2,0.4583333333333333,0.5,0.39271381801986655,0.25101372096688696,0.29215142016015316,0.06412104085309223,26.268355524788713
1019,203.9359573048699,1.25,0.2,0.4583333333333333,0.5,0.39278774960348284,0.25117440772866634,0.2919838096176353,0.06405403305021438,26.268355524788713
1020,204.1360907271514,1.25,0.2,0.4583333333333333,0.5,0.39285401454704627,0.2513395694111743,0.29181630347687565,0.06399011256490267,26.268355524788713
1021,204.33622414943295,1.25,0.2,0.4583333333333333,0.5,0.3929126080880776,0.25150903240934686,0.29164905328837226,0.0639293062142022,26.268355524788713
1022,204.53635757171446,1.25,0.2,0.4583333333333333,0.5,0.39296353240273924,0.25168262054753476,0.29148220893310756,0.06387163811661739,26.268355524788713
1023,204.736490993996,1.25,0.2,0.4583333333333333,0.5,0.3930067962945112,0.25186015529138756,0.291315918713558,0.06381712970054226,26.268355524788713
1024,204.9366244162775,1.25,0.2,0.4583333333333333,0.5,0.39304241543359536,0.25204145580074283,0.29115032902724397,0.06376579973841681,26.268355524788713
1025,205.13675783855902,1.25,0.2,0.4583333333333333,0.5,0.3930704123067021,0.25222633906612796,0.2909855842598146,0.06371766436735439,26.268355524788713
1026,205.33689126084056,1.25,0.2,0.4583333333333333,0.5,0.393090816109209,0.25241462006164656,0.29082182671578943,0.063672737113354,26.268355524788713
1027,205.53702468312207,1.25,0.2,0.4583333333333333,0.5,0.39310366240077094,0.2526061119638891,0.2906591966744398,0.06363102896089913,26.268355524788713
1028,205.7371581054036,1.25,0.2,0.4583333333333333,0.5,0.39310899333892974,0.2528006262087174,0.29049783212082075,0.06359254833153108,26.268355524788713
1029,205.93729152768512,1.25,0.2,0.4583333333333333,0.5,0.39310685761041014,0.25299797263284624,0.2903378686467108,0.06355730111003177,26.268355524788713
1030,206.13742494996663,1.25,0.2,0.4583333333333333,0.5,0.39309731030166734,0.2531979596330409,0.2901794393876969,0.06352529067759383,26.268355524788713
1031,206.33755837224817,1.25,0.2,0.4583333333333333,0.5,0.39308041252873127,0.2534003943980779,0.29002267511380375,0.0634965179593861,26.268355524788713
1032,206.53769179452968,1.25,0.2,0.4583333333333333,0.5,0.39305623165675385,0.25360508296435896,0.2898677039506281,0.0634709814282581,26.268355524788713
1033,206.7378252168112,1.25,0.2,0.4583333333333333,0.5,0.39302484121281267,0.2538118303632554,0.2897146512926716,0.06344867713125943,26.268355524788713
1034,206.93795863909273,1.25,0.2,0.4583333333333333,0.5,0.3929863207368153,0.25402044078735847,0.28956363975654675,0.06342959871927853,26.268355524788713
1035,207.13809206137424,1.25,0.2,0.4583333333333333,0.5,0.3929407553981656,0.25423071783044177,0.28941478929100545,0.0634137374803863,26.268355524788713
1036,207.33822548365578,1.25,0.2,0.4583333333333333,0.5,0.39288823618939694,0.25444246454727326,0.2892682169045642,0.06340108235876463,26.268355524788713
1037,207.5383589059373,1.25,0.2,0.4583333333333333,0.5,0.3928288598213531,0.254655483606615,0.2891240365909394,0.06339161998109152,26.268355524788713
1038,207.7384923282188,1.25,0.2,0.4583333333333333,0.5,0.39276272855497174,0.2548695774634018,0.2889823592971318,0.06338533468449373,26.268355524788713
1039,207.93862575050034,1.25,0.2,0.4583333333333333,0.5,0.392689949803596,0.2550845485971089,0.2888432930492075,0.06338220855008665,26.268355524788713
1040,208.13875917278185,1.25,0.2,0.4583333333333333,0.5,0.39261063634437215,0.25530019957214994,0.28870694266185404,0.06338222142162289,26.268355524788713
1041,208.33889259506336,1.25,0.2,0.4583333333333333,0.5,0.39252490618851876,0.25551633319794925,0.2885734096810501,0.0633853509324809,26.268355524788713
1042,208.5390260173449,1.25,0.2,0.4583333333333333,0.5,0.3924328824269554,0.2557327526962147,0.28844279234357284,0.06339157253325611,26.268355524788713
1043,208.7391594396264,1.25,0.2,0.4583333333333333,0.5,0.3923346929232392,0.2559492619074033,0.2883151856482416,0.06340085952111499,26.268355524788713
1044,208.93929286190794,1.25,0.2,0.4583333333333333,0.5,0.39223046996266714,0.25616566550880304,0.28819068145874127,0.06341318306978762,26.268355524788713
1045,209.13942628418945,1.25,0.2,0.4583333333333333,0.5,0.39212035064356354,0.25638176903594406,0.2880693680717402,0.0634285122487512,26.268355524788713
1046,209.33955970647096,1.25,0.2,0.4583333333333333,0.5,0.392004476548897,0.25659737909471436,0.28795133030349307,0.06344681405289464,26.268355524788713
1047,209.5396931287525,1.25,0.2,0.4583333333333333,0.5,0.39188299360109974,0.25681230352379886,0.2878366494452236,0.06346805342987683,26.268355524788713
1048,209.739826551034,1.25,0.2,0.4583333333333333,0.5,0.39175605160057264,0.25702635160700704,0.2877254034694613,0.06349219332295802,26.268355524788713
1049,209.93995997331552,1.25,0.2,0.4583333333333333,0.5,0.391623804327015,0.2572393341955224,0.2876176667907422,0.06351919468671949,26.268355524788713
1050,210.14009339559706,1.25,0.2,0.4583333333333333,0.5,0.3914864094917825,0.2574510638539942,0.2875135101442633,0.06354901650995914,26.268355524788713
1051,210.34022681787857,1.25,0.2,0.4583333333333333,0.5,0.39134402850594696,0.25766135503612525,0.28741300061046177,0.0635816158474651,26.268355524788713
1052,210.5403602401601,1.25,0.2,0.4583333333333333,0.5,0.39119682625721447,0.2578700242462557,0.28731620164015154,0.06361694785637746,26.268355524788713
1053,210.74049366244162,1.25,0.2,0.4583333333333333,0.5,0.39104497069899913,0.2580768902015399,0.28722317324612057,0.0636549658533396,26.268355524788713
1054,210.94062708472313,1.25,0.2,0.4583333333333333,0.5,0.39088863308343025,0.25828177399208674,0.28713397162409987,0.0636956213003824,26.268355524788713
1055,211.14076050700467,1.25,0.2,0.4583333333333333,0.5,0.3907279876937992,0.2584844992426833,0.2870486492173091,0.06373886384620764,26.268355524788713
1056,211.34089392928618,1.25,0.2,0.4583333333333333,0.5,0.3905632116684364,0.2586848922741314,0.28696725470004425,0.06378464135738719,26.268355524788713
1057,211.5410273515677,1.25,0.2,0.4583333333333333,0.5,0.3903944846483002,0.25888278221035066,0.28688983315302297,0.06383289998832535,26.268355524788713
1058,211.74116077384923,1.25,0.2,0.4583333333333333,0.5,0.39022198865310326,0.25907800114878954,0.2868164259946778,0.06388358420342852,26.268355524788713
1059,211.94129419613074,1.25,0.2,0.4583333333333333,0.5,0.390045908093487,0.259270384368522,0.28674707076716605,0.06393663677082412,26.268355524788713
1060,212.14142761841228,1.25,0.2,0.4583333333333333,0.5,0.38986642950813993,0.25945977046215196,0.2866818012161071,0.06399199881360013,26.268355524788713
1061,212.3415610406938,1.25,0.2,0.4583333333333333,0.5,0.3896837413725613,0.25964600147372185,0.28662064730192693,0.06404960985178898,26.268355524788713
1062,212.5416944629753,1.25,0.2,0.4583333333333333,0.5,0.38949803374592046,0.25982892289599524,0.28656363544024577,0.06410940791783763,26.268355524788713
1063,212.74182788525684,1.25,0.2,0.4583333333333333,0.5,0.3893094983031236,0.2600083840023241,0.28651078819731524,0.06417132949723613,26.268355524788713
1064,212.94196130753835,1.25,0.2,0.4583333333333333,0.5,0.38911832813266917,0.26018423797508344,0.2864621243167942,0.06423530957545227,26.268355524788713
1065,213.14209472981986,1.25,0.2,0.4583333333333333,0.5,0.38892471753576374,0.2603563420352015,0.28641765874473957,0.06430128168429418,26.268355524788713
1066,213.3422281521014,1.25,0.2,0.4583333333333333,0.5,0.38872886175664184,0.26052455736124147,0.2863774028491914,0.06436917803292444,26.268355524788713
1067,213.5423615743829,1.25,0.2,0.4583333333333333,0.5,0.3885309567651733,0.2606887491379983,0.2863413645115021,0.0644389295853254,26.268355524788713
1068,213.74249499666445,1.25,0.2,0.4583333333333333,0.5,0.38833119929298726,0.26084878723303756,0.28630954759583643,0.06451046587813788,26.268355524788713
1069,213.94262841894596,1.25,0.2,0.4583333333333333,0.5,0.38812978655175906,0.26100454608597395,0.2862819521982686,0.06458371516399755,26.268355524788713
1070,214.14276184122747,1.25,0.2,0.4583333333333333,0.5,0.38792691605292745,0.2611559048489856,0.28625857464708965,0.06465860445099651,26.268355524788713
1071,214.342895263509,1.25,0.2,0.4583333333333333,0.5,0.3877227854292512,0.26130274753188487,0.28623940749860227,0.06473505954026086,26.268355524788713
1072,214.54302868579052,1.25,0.2,0.4583333333333333,0.5,0.387517592256366,0.26144496314718874,0.28622443953291615,0.06481300506352833,26.268355524788713
1073,214.74316210807203,1.25,0.2,0.4583333333333333,0.5,0.38731153373335464,0.26158244512726964,0.28621365633296686,0.06489236480640803,26.268355524788713
1074,214.94329553035357,1.25,0.2,0.4583333333333333,0.5,0.387104806393839,0.2617150908990899,0.28620704073727604,0.06497306196979431,26.268355524788713
1075,215.14342895263508,1.25,0.2,0.4583333333333333,0.5,0.38689760631386555,0.2618428040239101,0.2862045712376022,0.06505501842462146,26.268355524788713
1076,215.34356237491662,1.25,0.2,0.4583333333333333,0.5,0.38669012875266173,0.2619654934088776,0.28620622272266066,0.06513815511579925,26.268355524788713
1077,215.54369579719813,1.25,0.2,0.4583333333333333,0.5,0.38648256796434516,0.2620830734012532,0.2862119665146559,0.06522239211974498,26.268355524788713
1078,215.74382921947964,1.25,0.2,0.4583333333333333,0.5,0.38627511701531514,0.2621954639119788,0.2862217703823051,0.06530764869040018,26.268355524788713
1079,215.94396264176117,1.25,0.2,0.4583333333333333,0.5,0.38606796760164497,0.26230259053924576,0.2862355985538614,0.06539384330524707,26.268355524788713
1080,216.14409606404269,1.25,0.2,0.4583333333333333,0.5,0.3858613099933667,0.26240438373991004,0.2862534122494379,0.06548089401728457,26.268355524788713
1081,216.3442294863242,1.25,0.2,0.4583333333333333,0.5,0.3856553330014583,0.26250077783055464,0.2862751703062419,0.06556871886174438,26.268355524788713
1082,216.54436290860573,1.25,0.2,0.4583333333333333,0.5,0.38545022337927126,0.26259171423229155,0.2863008274892882,0.06565723489914822,26.268355524788713
1083,216.74449633088724,1.25,0.2,0.4583333333333333,0.5,0.38524616582271015,0.2626771402227645,0.2863303352524692,0.06574635870205532,26.268355524788713
1084,216.94462975316878,1.25,0.2,0.4583333333333333,0.5,0.3850433428010424,0.26275700895903314,0.2863636418064913,0.06583600643343235,26.268355524788713
1085,217.1447631754503,1.25,0.2,0.4583333333333333,0.5,0.3848419343785419,0.2628312795692408,0.2864006921492961,0.06592609390292041,26.268355524788713
1086,217.3448965977318,1.25,0.2,0.4583333333333333,0.5,0.38464211803613185,0.2628999172442834,0.2864414280964817,0.0660165366231022,26.268355524788713
1087,217.54503002001334,1.25,0.2,0.4583333333333333,0.5,0.38444406880077225,0.2629628922731169,0.28648578877946895,0.06610725014664114,26.268355524788713
1088,217.74516344229485,1.25,0.2,0.4583333333333333,0.5,0.38424795957214536,0.2630201784008182,0.2865337114435444,0.06619815058349132,26.268355524788713
1089,217.94529686457636,1.25,0.2,0.4583333333333333,0.5,0.38405395974708717,0.26307175702979907,0.2865851296586212,0.06628915356449173,26.268355524788713
1090,218.1454302868579,1.25,0.2,0.4583333333333333,0.5,0.3838622355337753,0.26311761562076774,0.2866399740982866,0.06638017474716955,26.268355524788713
1091,218.3455637091394,1.25,0.2,0.4583333333333333,0.5,0.3836729498219018,0.26315774761781346,0.28669817264398445,0.06647112991629946,26.268355524788713
1092,218.54569713142095,1.25,0.2,0.4583333333333333,0.5,0.3834862620160975,0.26319215249963657,0.2867596504333422,0.06656193505092294,26.268355524788713
1093,218.74583055370246,1.25,0.2,0.4583333333333333,0.5,0.3833023278693556,0.2632208358307783,0.28682432990849815,0.06665250639136715,26.268355524788713
1094,218.94596397598397,1.25,0.2,0.4583333333333333,0.5,0.38312129976469744,0.26324380828003974,0.286892131251492,0.06674276070376997,26.268355524788713
1095,219.1460973982655,1.25,0.2,0.4583333333333333,0.5,0.38294332752911014,0.26326108341247256,0.28696297327928033,0.0668326157791361,26.268355524788713
1096,219.34623082054702,1.25,0.2,0.4583333333333333,0.5,0.3827685562080567,0.2632726824846312,0.2870367717141603,0.0669219895931509,26.268355524788713
1097,219.54636424282853,1.25,0.2,0.4583333333333333,0.5,0.38259712668724516,0.26327863267934665,0.2871134399128445,0.0670108007205628,26.268355524788713
1098,219.74649766511007,1.25,0.2,0.4583333333333333,0.5,0.3824291756298481,0.2632789669177964,0.28719288900441753,0.06709896844793709,26.268355524788713
1099,219.94663108739158,1.25,0.2,0.4583333333333333,0.5,0.38226483532969885,0.2632737238651765,0.2872750279557365,0.06718641284938726,26.268355524788713
1100,220.14676450967312,1.25,0.2,0.4583333333333333,0.5,0.3821042335644879,0.2632629479363733,0.28735976363683174,0.06727305486230617,26.268355524788713
1101,220.34689793195463,1.25,0.2,0.4583333333333333,0.5,0.38194749397506295,0.2632466883753891,0.28744700118777533,0.06735881646177178,26.268355524788713
1102,220.54703135423614,1.25,0.2,0.4583333333333333,0.5,0.3817947374136008,0.2632249966289946,0.28753664494073194,0.06744362101667174,26.268355524788713
1103,220.74716477651768,1.25,0.2,0.4583333333333333,0.5,0.3816460789511539,0.26319793136238545,0.287628596854747,0.06752739283171279,26.268355524788713
1104,220.9472981987992,1.25,0.2,0.4583333333333333,0.5,0.38150162873525323,0.26316555669651853,0.2877227571566918,0.06761005741153556,26.268355524788713
1105,221.1474316210807,1.25,0.2,0.4583333333333333,0.5,0.3813614920197449,0.26312794190279576,0.28781902450788255,0.06769154156957596,26.268355524788713
1106,221.34756504336224,1.25,0.2,0.4583333333333333,0.5,0.3812257690449855,0.26308516136120086,0.2879172960849524,0.0677717735088604,26.268355524788713
1107,221.54769846564375,1.25,0.2,0.4583333333333333,0.5,0.3810945549180386,0.2630372945184361,0.2880174676607235,0.06785068290280093,26.268355524788713
1108,221.7478318879253,1.25,0.2,0.4583333333333333,0.5,0.38096794003327517,0.26298442510656317,0.2881194338992879,0.06792820096087294,26.268355524788713
1109,221.9479653102068,1.25,0.2,0.4583333333333333,0.5,0.3808460119177012,0.2629266384120303,0.28822308921583084,0.0680042604544369,26.268355524788713
1110,222.1480987324883,1.25,0.2,0.4583333333333333,0.5,0.38072885167074744,0.2628640259417016,0.2883283264937731,0.06807879589377706,26.268355524788713
1111,222.34823215476985,1.25,0.2,0.4583333333333333,0.5,0.3806165349477817,0.2627966838712028,0.2884350376029828,0.06815174357803197,26.268355524788713
1112,222.54836557705136,1.25,0.2,0.4583333333333333,0.5,0.38050913210110116,0.26272471264618114,0.2885431135840229,0.06822304166869406,26.268355524788713
1113,222.74849899933287,1.25,0.2,0.4583333333333333,0.5,0.3804067080927557,0.26264821689579426,0.2886524447419572,0.06829263026949212,26.268355524788713
1114,222.9486324216144,1.25,0.2,0.4583333333333333,0.5,0.38030932240737125,0.26256730534619954,0.2887629207401547,0.06836045150627378,26.268355524788713
1115,223.14876584389592,1.25,0.2,0.4583333333333333,0.5,0.38021702946881186,0.2624820902123643,0.2888744308224494,0.06842644949637366,26.268355524788713
1116,223.34889926617745,1.25,0.2,0.4583333333333333,0.5,0.3801298808802019,0.2623926847019523,0.28898686449980754,0.06849056991803755,26.268355524788713
1117,223.54903268845896,1.25,0.2,0.4583333333333333,0.5,0.38004792155496187,0.2622992068445092,0.28910011068070907,0.06855276091981916,26.268355524788713
1118,223.74916611074048,1.25,0.2,0.4583333333333333,0.5,0.37997119070766966,0.2622017782887415,0.28921405803958705,0.06861297296400101,26.268355524788713
1119,223.949299533022,1.25,0.2,0.4583333333333333,0.5,0.3798997221148577,0.2621005238557109,0.28932859519927995,0.06867115883015068,26.268355524788713
1120,224.14943295530352,1.25,0.2,0.4583333333333333,0.5,0.37983354406409114,0.26199557141478447,0.2894436108340728,0.06872727368705094,26.268355524788713
1121,224.34956637758503,1.25,0.2,0.4583333333333333,0.5,0.37977267930304615,0.2618870517595849,0.2895589937727384,0.06878127516462988,26.268355524788713
1122,224.54969979986657,1.25,0.2,0.4583333333333333,0.5,0.3797171454253984,0.26177509817332384,0.28967463314821296,0.06883312325306412,26.268355524788713
1123,224.74983322214808,1.25,0.2,0.4583333333333333,0.5,0.3796669573789513,0.261659844485002,0.2897904187738433,0.06888277936220273,26.268355524788713
1124,224.94996664442962,1.25,0.2,0.4583333333333333,0.5,0.37962212353376207,0.2615414277051194,0.2899062408320945,0.06893020792902343,26.268355524788713
1125,225.15010006671113,1.25,0.2,0.4583333333333333,0.5,0.3795826465813424,0.2614199872259903,0.2900219900790266,0.06897537611364007,26.268355524788713
1126,225.35023348899264,1.25,0.2,0.4583333333333333,0.5,0.3795485239155914,0.26129566439060015,0.29013755799344126,0.06901825370036659,26.268355524788713
1127,225.55036691127418,1.25,0.2,0.4583333333333333,0.5,0.37951974761991464,0.2611686023415049,0.29025283688398407,0.06905881315459582,26.268355524788713
1128,225.7505003335557,1.25,0.2,0.4583333333333333,0.5,0.3794963044543435,0.2610389458697305,0.2903677199962469,0.06909702967967858,26.268355524788713
1129,225.9506337558372,1.25,0.2,0.4583333333333333,0.5,0.37947817618879515,0.26090684112898915,0.2904821016043313,0.0691328810778839,26.268355524788713
1130,226.15076717811874,1.25,0.2,0.4583333333333333,0.5,0.37946534217273664,0.2607724344797143,0.2905958770020141,0.06916634634553442,26.268355524788713
1131,226.35090060040025,1.25,0.2,0.4583333333333333,0.5,0.3794577756579802,0.2606358737637434,0.2907089427743503,0.0691974078039256,26.268355524788713
1132,226.5510340226818,1.25,0.2,0.4583333333333333,0.5,0.3794554445126208,0.26049730787041275,0.2908211968721471,0.06922605074481886,26.268355524788713
1133,226.7511674449633,1.25,0.2,0.4583333333333333,0.5,0.3794583117006399,0.26035688639383225,0.2909325386969575,0.06925226320856985,26.268355524788713
1134,226.9513008672448,1.25,0.2,0.4583333333333333,0.5,0.37946633530618806,0.26021475946732436,0.29104286920651423,0.06927603601997287,26.268355524788713
1135,227.15143428952635,1.25,0.2,0.4583333333333333,0.5,0.37947946855786646,0.26007107759786374,0.2911520910201639,0.06929736282410541,26.268355524788713
1136,227.35156771180786,1.25,0.2,0.4583333333333333,0.5,0.37949766010503044,0.2599259914892456,0.29126010846652595,0.06931623993919753,26.268355524788713
1137,227.55170113408937,1.25,0.2,0.4583333333333333,0.5,0.37952085646028383,0.2597796517683761,0.2913668271345582,0.0693326646367814,26.268355524788713
1138,227.7518345563709,1.25,0.2,0.4583333333333333,0.5,0.37954899881368576,0.25963220896327494,0.29147215471489185,0.06934663750814701,26.268355524788713
1139,227.95196797865242,1.25,0.2,0.4583333333333333,0.5,0.37958202351753434,0.2594838133169197,0.2915760009996968,0.06935816216584863,26.268355524788713
1140,228.15210140093396,1.25,0.2,0.4583333333333333,0.5,0.37961986263243497,0.2593346145983497,0.29167827786849804,0.0693672449007168,26.268355524788713
1141,228.35223482321547,1.25,0.2,0.4583333333333333,0.5,0.379662443985701,0.2591847619355794,0.2917788993857876,0.06937389469293151,26.268355524788713
1142,228.55236824549698,1.25,0.2,0.4583333333333333,0.5,0.37970969122975495,0.2590344036485119,0.29187778189863733,0.06937812322309525,26.268355524788713
1143,228.75250166777852,1.25,0.2,0.4583333333333333,0.5,0.37976152406676955,0.258883687139534,0.29197484405589014,0.06937994473780569,26.268355524788713
1144,228.95263509006003,1.25,0.2,0.4583333333333333,0.5,0.37981786039261545,0.25873275945006713,0.29207000592194765,0.06937937423536925,26.268355524788713
1145,229.15276851234154,1.25,0.2,0.4583333333333333,0.5,0.3798786137717856,0.25858176619707285,0.29216319029309795,0.06937642973804299,26.268355524788713
1146,229.35290193462308,1.25,0.2,0.4583333333333333,0.5,0.37994369369464165,0.2584308514749614,0.2922543227013261,0.06937113212907019,26.268355524788713
1147,229.5530353569046,1.25,0.2,0.4583333333333333,0.5,0.38001300614585715,0.2582801578654784,0.29234333127132167,0.06936350471734218,26.268355524788713
1148,229.75316877918613,1.25,0.2,0.4583333333333333,0.5,0.38008645369201227,0.25812982628074754,0.2924301468043194,0.0693535732229202,26.268355524788713
1149,229.95330220146764,1.25,0.2,0.4583333333333333,0.5,0.3801639355691879,0.2579799958063136,0.2925147028619406,0.06934136576255723,26.268355524788713
1150,230.15343562374915,1.25,0.2,0.4583333333333333,0.5,0.3802453478665951,0.2578308036262204,0.29259693577089363,0.0693269127362903,26.268355524788713
1151,230.35356904603069,1.25,0.2,0.4583333333333333,0.5,0.3803305852296367,0.25768238624602074,0.29267678337554326,0.06931024514879869,26.268355524788713
1152,230.5537024683122,1.25,0.2,0.4583333333333333,0.5,0.3804195390901846,0.25753487774925915,0.2927541866523263,0.06929139650822931,26.268355524788713
1153,230.75383589059373,1.25,0.2,0.4583333333333333,0.5,0.3805120977432422,0.2573884096311764,0.2928290898026011,0.06927040282297968,26.268355524788713
1154,230.95396931287524,1.25,0.2,0.4583333333333333,0.5,0.3806081468833674,0.2572431110251516,0.29290143996661855,0.06924730212486173,26.268355524788713
1155,231.15410273515675,1.25,0.2,0.4583333333333333,0.5,0.3807075697149557,0.2570991085651265,0.2929711872886659,0.06922213443125126,26.268355524788713
1156,231.3542361574383,1.25,0.2,0.4583333333333333,0.5,0.38081024706252253,0.2569565262480287,0.2930382849822105,0.06919494170723751,26.268355524788713
1157,231.5543695797198,1.25,0.2,0.4583333333333333,0.5,0.38091605752699276,0.25681548537262167,0.2931026893285085,0.06916576777187636,26.268355524788713
1158,231.75450300200131,1.25,0.2,0.4583333333333333,0.5,0.3810248786735972,0.2566761061920634,0.29316435818327014,0.06913465695106859,26.268355524788713
1159,231.95463642428285,1.25,0.2,0.4583333333333333,0.5,0.38113658600271355,0.256538505883487,0.2932232526896992,0.0691016554240996,26.268355524788713
1160,232.15476984656436,1.25,0.2,0.4583333333333333,0.5,0.3812510529317074,0.2564027981970567,0.2932793375293931,0.06906681134184209,26.268355524788713
1161,232.3549032688459,1.25,0.2,0.4583333333333333,0.5,0.381368151246417,0.25626909388519686,0.2933325804940307,0.06903017437435477,26.268355524788713
1162,232.5550366911274,1.25,0.2,0.4583333333333333,0.5,0.38148775122678963,0.2561375005905219,0.29338295252831037,0.0689917956543774,26.268355524788713
1163,232.75517011340892,1.25,0.2,0.4583333333333333,0.5,0.38160972177251845,0.25600812273376616,0.2934304277728891,0.06895172772082561,26.268355524788713
1164,232.95530353569046,1.25,0.2,0.4583333333333333,0.5,0.38173393054414445,0.2558810614580447,0.29347498355990753,0.06891002443790259,26.268355524788713
1165,233.15543695797197,1.25,0.2,0.4583333333333333,0.5,0.38186024462292223,0.25575641646269237,0.2935165988180867,0.06886674009629795,26.268355524788713
1166,233.35557038025348,1.25,0.2,0.4583333333333333,0.5,0.3819885301243624,0.25563428402590965,0.29355525568564755,0.06882193016407961,26.268355524788713
1167,233.55570380253502,1.25,0.2,0.4583333333333333,0.5,0.38211865219248864,0.255514756414148,0.29359093995603336,0.06877565143732922,26.268355524788713
1168,233.75583722481653,1.25,0.2,0.4583333333333333,0.5,0.3822504753190586,0.2553979224751628,0.29362364052735684,0.06872796167842095,26.268355524788713
1169,233.95597064709807,1.25,0.2,0.4583333333333333,0.5,0.38238386347701053,0.25528386755439014,0.29365334942139537,0.06867891954720315,26.268355524788713
1170,234.15610406937958,1.25,0.2,0.4583333333333333,0.5,0.3825186802539096,0.25517267341132316,0.29368006180258643,0.06862858453217995,26.268355524788713
1171,234.3562374916611,1.25,0.2,0.4583333333333333,0.5,0.3826547889860141,0.2550644181696839,0.29370377596904207,0.06857701687525909,26.268355524788713
1172,234.55637091394263,1.25,0.2,0.4583333333333333,0.5,0.3827920529263363,0.2549591781217522,0.293724491808398,0.06852427714351275,26.268355524788713
1173,234.75650433622414,1.25,0.2,0.4583333333333333,0.5,0.382930335348684,0.2548570260409404,0.2937422121446903,0.0684704264656845,26.268355524788713
1174,234.95663775850565,1.25,0.2,0.4583333333333333,0.5,0.3830694996675328,0.25475803035779615,0.2937569433703499,0.0684155266043204,26.268355524788713
1175,235.1567711807872,1.25,0.2,0.4583333333333333,0.5,0.38320940958590693,0.2546622558636689,0.29376869481335405,0.0683596397370694,26.268355524788713
1176,235.3569046030687,1.25,0.2,0.4583333333333333,0.5,0.38334992922935096,0.25456976365574313,0.29377747873249566,0.06830282838240959,26.268355524788713
1177,235.55703802535024,1.25,0.2,0.4583333333333333,0.5,0.38349092327990186,0.2544806110820701,0.29378331031265303,0.06824515532537431,26.268355524788713
1178,235.75717144763175,1.25,0.2,0.4583333333333333,0.5,0.38363225710654525,0.2543948517023913,0.29378620764723357,0.06818668354382922,26.268355524788713
1179,235.95730486991326,1.25,0.2,0.4583333333333333,0.5,0.3837737965251964,0.2543125369130604,0.2937861903689568,0.06812747619278574,26.268355524788713
1180,236.1574382921948,1.25,0.2,0.4583333333333333,0.5,0.3839154082039027,0.2542337146737644,0.29378328063469444,0.0680675964876378,26.268355524788713
1181,236.3575717144763,1.25,0.2,0.4583333333333333,0.5,0.3840569600081284,0.2541584285033808,0.2937775038917051,0.06800710759678498,26.268355524788713
1182,236.55770513675782,1.25,0.2,0.4583333333333333,0.5,0.38419832095394696,0.2540867182370357,0.29376888821333796,0.0679460725956786,26.268355524788713
1183,236.75783855903936,1.25,0.2,0.4583333333333333,0.5,0.3843393613360417,0.25401861999795633,0.29375746427251787,0.0678845543934833,26.268355524788713
1184,236.95797198132087,1.25,0.2,0.4583333333333333,0.5,0.3844799528557071,0.25395416616932265,0.29374326531523076,0.0678226156597387,26.268355524788713
1185,237.1581054036024,1.25,0.2,0.4583333333333333,0.5,0.38461996874652676,0.25389338537095596,0.29372632713025243,0.0677603187522641,26.268355524788713
1186,237.35823882588392,1.25,0.2,0.4583333333333333,0.5,0.38475928323273073,0.25383630382529576,0.2937066869397385,0.06769772600223428,26.268355524788713
1187,237.55837224816543,1.25,0.2,0.4583333333333333,0.5,0.38489777204487,0.2537829445221582,0.29368438399962493,0.06763489943334607,26.268355524788713
1188,237.75850567044697,1.25,0.2,0.4583333333333333,0.5,0.3850353130666728,0.2537333261103889,0.2936594604121649,0.06757190041077264,26.268355524788713
1189,237.95863909272848,1.25,0.2,0.4583333333333333,0.5,0.3851717860842662,0.253687463658291,0.2936319604868827,0.06750878977055935,26.268355524788713
1190,238.15877251500999,1.25,0.2,0.4583333333333333,0.5,0.38530707290276656,0.2536453686492342,0.29360193069560575,0.06744562775239275,26.268355524788713
1191,238.35890593729152,1.25,0.2,0.4583333333333333,0.5,0.3854410574628694,0.2536070489772632,0.293569419627497,0.06738247393236975,26.268355524788713
1192,238.55903935957303,1.25,0.2,0.4583333333333333,0.5,0.38557362595714195,0.25357250894308925,0.2935344779438186,0.06731938715594953,26.268355524788713
1193,238.75917278185457,1.25,0.2,0.4583333333333333,0.5,0.3857046660987242,0.2535417503421614,0.29349715756658906,0.06725642599252468,26.268355524788713
1194,238.95930620413608,1.25,0.2,0.4583333333333333,0.5,0.38583406757735705,0.2535147720229256,0.2934575119404212,0.06719364845929549,26.268355524788713
1195,239.1594396264176,1.25,0.2,0.4583333333333333,0.5,0.38596172305543985,0.2534915687492846,0.2934155967824715,0.06713111141280348,26.268355524788713
1196,239.35957304869913,1.25,0.2,0.4583333333333333,0.5,0.38608752771635535,0.2534721319283867,0.29337146952383925,0.06706887083141813,26.268355524788713
1197,239.55970647098064,1.25,0.2,0.4583333333333333,0.5,0.38621137936537087,0.2534564496264493,0.2933251892504181,0.06700698175776114,26.268355524788713
1198,239.75983989326215,1.25,0.2,0.4583333333333333,0.5,0.3863331785305391,0.2534445065845818,0.29327681664374783,0.06694549824113065,26.268355524788713
1199,239.9599733155437,1.25,0.2,0.4583333333333333,0.5,0.38645282856359947,0.2534362842346087,0.29322641392186555,0.06688447327992568,26.268355524788713
1200,240.1601067378252,1.25,0.2,0.4583333333333333,0.5,0.3865702348240871,0.253431761532703,0.29317404431500954,0.06682395932819965,26.268355524788713
1201,240.36024016010674,1.25,0.2,0.4583333333333333,0.5,0.3866853049441087,0.25343091482902785,0.2931197720896148,0.06676400813724795,26.268355524788713
1202,240.56037358238825,1.25,0.2,0.4583333333333333,0.5,0.38679795018268576,0.25343371676544435,0.2930636631251178,0.06670466992675138,26.268355524788713
1203,240.76050700466976,1.25,0.2,0.4583333333333333,0.5,0.3869080847914327,0.2534401369471801,0.2930057844817812,0.06664599377960521,26.268355524788713
1204,240.9606404269513,1.25,0.2,0.4583333333333333,0.5,0.3870156260961392,0.25345014197588467,0.29294620433174445,0.06658802759623092,26.268355524788713
1205,241.1607738492328,1.25,0.2,0.4583333333333333,0.5,0.3871204945789167,0.2534636954821827,0.29288499189035927,0.06653081804854055,26.268355524788713
1206,241.36090727151432,1.25,0.2,0.4583333333333333,0.5,0.3872226139603449,0.2534807581582267,0.2928222173475263,0.06647441053390131,26.268355524788713
1207,241.56104069379586,1.25,0.2,0.4583333333333333,0.5,0.3873219103722903,0.25350128838914654,0.2927579515834716,0.06641884965509066,26.268355524788713
1208,241.76117411607737,1.25,0.2,0.4583333333333333,0.5,0.3874183123722883,0.25352524233023327,0.29269226608401944,0.06636417921345811,26.268355524788713
1209,241.9613075383589,1.25,0.2,0.4583333333333333,0.5,0.3875117526063661,0.2535525728984345,0.2926252332466329,0.06631044124856553,26.268355524788713
1210,242.16144096064042,1.25,0.2,0.4583333333333333,0.5,0.3876021670337421,0.25358323036963504,0.29255692610848966,0.06625767648813229,26.268355524788713
1211,242.36157438292193,1.25,0.2,0.4583333333333333,0.5,0.3876894949834668,0.25361716242800764,0.2924874182717716,0.06620592431675307,26.268355524788713
1212,242.56170780520347,1.25,0.2,0.4583333333333333,0.5,0.3877736792158711,0.25365431421219825,0.29241678383009484,0.066155222741835,26.268355524788713
1213,242.76184122748498,1.25,0.2,0.4583333333333333,0.5,0.38785466598401463,0.2536946283615107,0.29234509729493896,0.06610560835953483,26.268355524788713
1214,242.9619746497665,1.25,0.2,0.4583333333333333,0.5,0.3879324043225117,0.2537380454588167,0.29227243349233295,0.0660571167263378,26.268355524788713
1215,243.16210807204803,1.25,0.2,0.4583333333333333,0.5,0.38800684577487343,0.2537845042482967,0.2921988674764223,0.06600978250040665,26.268355524788713
1216,243.36224149432954,1.25,0.2,0.4583333333333333,0.5,0.388077946105302,0.25383394083420835,0.29212447451943313,0.06596363854105568,26.268355524788713
1217,243.56237491661108,1.25,0.2,0.4583333333333333,0.5,0.38814566453867827,0.2538862891488734,0.29204933000647704,0.0659187163059704,26.268355524788713
1218,243.7625083388926,1.25,0.2,0.4583333333333333,0.5,0.3882099637849814,0.25394148101787634,0.2919735093605558,0.06587504583658556,26.268355524788713
1219,243.9626417611741,1.25,0.2,0.4583333333333333,0.5,0.38827081007574277,0.2539994462190832,0.29189708796802843,0.06583265573714478,26.268355524788713
1220,244.16277518345564,1.25,0.2,0.4583333333333333,0.5,0.3883281730942975,0.2540601125813778,0.2918201411239009,0.06579157320042292,26.268355524788713
1221,244.36290860573715,1.25,0.2,0.4583333333333333,0.5,0.38838202499286223,0.25412340642490383,0.29174274414755835,0.06575182443467471,26.268355524788713
1222,244.56304202801866,1.25,0.2,0.4583333333333333,0.5,0.3884323417286441,0.25418925213404303,0.2916649720656542,0.0657134340716578,26.268355524788713
1223,244.7631754503002,1.25,0.2,0.4583333333333333,0.5,0.3884791029217719,0.2542575722831976,0.2915868995708986,0.06567642522413104,26.268355524788713
1224,244.9633088725817,1.25,0.2,0.4583333333333333,0.5,0.38852229167758184,0.25432828777590316,0.29150860098749976,0.06564081955901442,26.268355524788713
1225,245.16344229486324,1.25,0.2,0.4583333333333333,0.5,0.3885618946050324,0.25440131791059395,0.2914301501999983,0.06560663728437456,26.268355524788713
1226,245.36357571714476,1.25,0.2,0.4583333333333333,0.5,0.38859790183511894,0.254476580446368,0.2913516205821018,0.06557389713641049,26.268355524788713
1227,245.56370913942627,1.25,0.2,0.4583333333333333,0.5,0.3886303063630899,0.2545539919047889,0.2912730850834834,0.06554261664863713,26.268355524788713
1228,245.7638425617078,1.25,0.2,0.4583333333333333,0.5,0.38865910395422554,0.25463346767496786,0.29119461618492876,0.06551281218587714,26.268355524788713
1229,245.96397598398931,1.25,0.2,0.4583333333333333,0.5,0.3886842943567795,0.25471492166236337,0.29111628554812125,0.06548449843273521,26.268355524788713
1230,246.16410940627082,1.25,0.2,0.4583333333333333,0.5,0.3887058806888031,0.2547982665750117,0.29103816409201955,0.065457688644165,26.268355524788713
1231,246.36424282855236,1.25,0.2,0.4583333333333333,0.5,0.38872386943280623,0.2548834139975836,0.2909603219272415,0.06543239464236801,26.268355524788713
1232,246.56437625083387,1.25,0.2,0.4583333333333333,0.5,0.38873827043442183,0.25497027446404363,0.29088282828951206,0.06540862681202178,26.268355524788713
1233,246.7645096731154,1.25,0.2,0.4583333333333333,0.5,0.3887490967682744,0.2550587575647378,0.29080575152461424,0.06538639414237282,26.268355524788713
1234,246.96464309539692,1.25,0.2,0.4583333333333333,0.5,0.3887563637194256,0.25514877228277116,0.2907291594163503,0.06536570458145222,26.268355524788713
1235,247.16477651767843,1.25,0.2,0.4583333333333333,0.5,0.3887600901600797,0.25524022670940416,0.2906531185855373,0.06534656454497818,26.268355524788713
1236,247.36490993995997,1.25,0.2,0.4583333333333333,0.5,0.38876029828910513,0.2553330281838956,0.2905776945239602,0.06532897900303845,26.268355524788713
1237,247.56504336224148,1.25,0.2,0.4583333333333333,0.5,0.3887570134393998,0.25542708341575726,0.29050295160201245,0.06531295154282993,26.268355524788713
1238,247.765176784523,1.25,0.2,0.4583333333333333,0.5,0.3887502640582665,0.2555222985621552,0.2904289530092368,0.0652984843703409,26.268355524788713
1239,247.96531020680453,1.25,0.2,0.4583333333333333,0.5,0.38874008168778945,0.2556185793053098,0.29035576069486685,0.06528557831203337,26.268355524788713
1240,248.16544362908604,1.25,0.2,0.4583333333333333,0.5,0.38872650029111605,0.2557158310588946,0.29028343562770287,0.06527423302228598,26.268355524788713
1241,248.36557705136758,1.25,0.2,0.4583333333333333,0.5,0.3887095562786752,0.2558139590363961,0.2902120377142727,0.06526444697065557,26.268355524788713
1242,248.5657104736491,1.25,0.2,0.4583333333333333,0.5,0.3886892894245345,0.25591286814392417,0.2901416252824166,0.06525621714912423,26.268355524788713
1243,248.7658438959306,1.25,0.2,0.4583333333333333,0.5,0.38866574231738255,0.2560124631620177,0.29007225528028435,0.06524953924031496,26.268355524788713
1244,248.96597731821214,1.25,0.2,0.4583333333333333,0.5,0.38863896032285616,0.2561126488266047,0.2900039832256871,0.06524440762485156,26.268355524788713
1245,249.16611074049365,1.25,0.2,0.4583333333333333,0.5,0.3886089915465926,0.25621332990981976,0.2899368631550967,0.06524081538849047,26.268355524788713
1246,249.36624416277516,1.25,0.2,0.4583333333333333,0.5,0.3885758866687001,0.2563144113103486,0.289870947650983,0.06523875436996794,26.268355524788713
1247,249.5663775850567,1.25,0.2,0.4583333333333333,0.5,0.3885396981141154,0.2564157981929812,0.2898062882737648,0.06523821541913813,26.268355524788713
1248,249.7665110073382,1.25,0.2,0.4583333333333333,0.5,0.3885004811559369,0.2565173959849385,0.2897429348160885,0.06523918804303575,26.268355524788713
1249,249.96664442961975,1.25,0.2,0.4583333333333333,0.5,0.3884582936145815,0.2566191104762429,0.28968093541260503,0.0652416604965702,26.268355524788713
1250,250.16677785190126,1.25,0.2,0.4583333333333333,0.5,0.38841319568722477,0.25672084791043615,0.28962033657037317,0.06524561983196557,26.268355524788713
1251,250.36691127418277,1.25,0.2,0.4583333333333333,0.5,0.3883652498962266,0.2568225150664801,0.28956118312676893,0.06525105191052401,26.268355524788713
1252,250.5670446964643,1.25,0.2,0.4583333333333333,0.5,0.3883145210375294,0.2569240193406554,0.2895035182074169,0.06525794141439792,26.268355524788713
1253,250.76717811874582,1.25,0.2,0.4583333333333333,0.5,0.3882610755152118,0.2570252687775602,0.28944738365158074,0.06526627205564688,26.268355524788713
1254,250.96731154102733,1.25,0.2,0.4583333333333333,0.5,0.388204981519447,0.2571261721710439,0.28939281979527776,0.06527602651423098,26.268355524788713
1255,251.16744496330887,1.25,0.2,0.4583333333333333,0.5,0.3881463096644666,0.25722663920328487,0.2893398649040861,0.06528718622816206,26.268355524788713
1256,251.36757838559038,1.25,0.2,0.4583333333333333,0.5,0.3880851324985245,0.2573265804903342,0.2892885554649558,0.06529973154618517,26.268355524788713
1257,251.56771180787192,1.25,0.2,0.4583333333333333,0.5,0.3880215244421488,0.257425907663173,0.28923892615186614,0.06531364174281164,26.268355524788713
1258,251.76784523015343,1.25,0.2,0.4583333333333333,0.5,0.3879555617263945,0.2575245334487701,0.28919100979148304,0.06532889503335201,26.268355524788713
1259,251.96797865243494,1.25,0.2,0.4583333333333333,0.5,0.38788732233109546,0.2576223717511387,0.28914483732881635,0.06534546858894912,26.268355524788713
1260,252.16811207471648,1.25,0.2,0.4583333333333333,0.5,0.38781688565100414,0.2577193376567661,0.2891004380456804,0.065363338646549,26.268355524788713
1261,252.368245496998,1.25,0.2,0.4583333333333333,0.5,0.38774433158475025,0.25781534727962424,0.2890578403153789,0.06538248082024614,26.268355524788713
1262,252.5683789192795,1.25,0.2,0.4583333333333333,0.5,0.38766974207015575,0.25791031828610267,0.2890170700846278,0.0654028695591133,26.268355524788713
1263,252.76851234156103,1.25,0.2,0.4583333333333333,0.5,0.3875932004745763,0.25800416982378355,0.28897815134824334,0.06542447835339636,26.268355524788713
1264,252.96864576384255,1.25,0.2,0.4583333333333333,0.5,0.3875147914266684,0.2580968225729036,0.2889411062137282,0.06544727978669923,26.268355524788713
1265,253.16877918612408,1.25,0.2,0.4583333333333333,0.5,0.3874346007416003,0.2581881988237871,0.28890595487904513,0.0654712455555669,26.268355524788713
1266,253.3689126084056,1.25,0.2,0.4583333333333333,0.5,0.3873527153462628,0.25827822255427824,0.28887271561038996,0.06549634648906841,26.268355524788713
1267,253.5690460306871,1.25,0.2,0.4583333333333333,0.5,0.3872692231865342,0.2583668194886532,0.28884140474658443,0.06552255257822767,26.268355524788713
1268,253.76917945296864,1.25,0.2,0.4583333333333333,0.5,0.38718421257019786,0.25845391657408645,0.2888120375405796,0.0655498333151356,26.268355524788713
1269,253.96931287525015,1.25,0.2,0.4583333333333333,0.5,0.3870977726750291,0.2585394426596512,0.288784627272635,0.06557815739268426,26.268355524788713
1270,254.16944629753166,1.25,0.2,0.4583333333333333,0.5,0.38700999360244653,0.2586233287063115,0.2887591850375724,0.06560749265366905,26.268355524788713
1271,254.3695797198132,1.25,0.2,0.4583333333333333,0.5,0.3869209660930075,0.25870550764791483,0.2887357200336257,0.0656378062254515,26.268355524788713
1272,254.5697131420947,1.25,0.2,0.4583333333333333,0.5,0.3868307814442079,0.25878591446097554,0.28871423955120695,0.0656690645436092,26.268355524788713
1273,254.76984656437625,1.25,0.2,0.4583333333333333,0.5,0.38673953142828127,0.25886448623445935,0.28869474896167324,0.06570123337558574,26.268355524788713
1274,254.96997998665776,1.25,0.2,0.4583333333333333,0.5,0.386647308209999,0.2589411622395666,0.2886772517060935,0.06573427784434054,26.268355524788713
1275,255.17011340893927,1.25,0.2,0.4583333333333333,0.5,0.386554204112077,0.25901588356605015,0.2886617497148787,0.06576816260699381,26.268355524788713
1276,255.3702468312208,1.25,0.2,0.4583333333333333,0.5,0.3864603114176573,0.2590885928639864,0.28864824372259196,0.06580285199576405,26.268355524788713
1277,255.57038025350232,1.25,0.2,0.4583333333333333,0.5,0.3863657227106097,0.2591592356153289,0.28863673206216073,0.06583830961190039,26.268355524788713
1278,255.77051367578383,1.25,0.2,0.4583333333333333,0.5,0.38627053059404187,0.25922775963683103,0.2886272112171014,0.06587449855202542,26.268355524788713
1279,255.97064709806537,1.25,0.2,0.4583333333333333,0.5,0.38617482759781563,0.25929411512057987,0.28861967583936005,0.06591138144224415,26.268355524788713
1280,256.1707805203469,1.25,0.2,0.4583333333333333,0.5,0.38607870609240913,0.25935825469258045,0.28861411874921167,0.06594892046579845,26.268355524788713
1281,256.3709139426284,1.25,0.2,0.4583333333333333,0.5,0.38598225820277904,0.2594201334713401,0.28861053093515887,0.06598707739072168,26.268355524788713
1282,256.57104736490993,1.25,0.2,0.4583333333333333,0.5,0.38588557572316595,0.25947970898605327,0.28860890166071607,0.06602581363006439,26.268355524788713
1283,256.77118078719144,1.25,0.2,0.4583333333333333,0.5,0.38578875003875085,0.2595369400749311,0.288609219347602,0.06606509053871572,26.268355524788713
1284,256.97131420947295,1.25,0.2,0.4583333333333333,0.5,0.38569187202852967,0.2595917885793997,0.2886114703304575,0.06610486906161282,26.268355524788713
1285,257.1714476317545,1.25,0.2,0.4583333333333333,0.5,0.38559503198115397,0.2596442191081687,0.2886156390809571,0.06614510982971991,26.268355524788713
1286,257.371581054036,1.25,0.2,0.4583333333333333,0.5,0.3854983195103823,0.25969419885925665,0.2886217083877987,0.06618577324256199,26.268355524788713
1287,257.57171447631754,1.25,0.2,0.4583333333333333,0.5,0.38540182346903984,0.2597416976640661,0.28862965936764834,0.06622681949924544,26.268355524788713
1288,257.77184789859905,1.25,0.2,0.4583333333333333,0.5,0.385305631862978,0.259786688031459,0.28863947147608426,0.06626820862947844,26.268355524788713
1289,257.97198132088056,1.25,0.2,0.4583333333333333,0.5,0.38520983176519763,0.25982914519121364,0.2886511225188937,0.06630990052469479,26.268355524788713
1290,258.1721147431621,1.25,0.2,0.4583333333333333,0.5,0.3851145095194881,0.25986904604097727,0.28866458928703914,0.06635185515249523,26.268355524788713
1291,258.37224816544364,1.25,0.2,0.4583333333333333,0.5,0.38501975052244025,0.25990636969007336,0.28867984728336527,0.0663940325041209,26.268355524788713
1292,258.57238158772515,1.25,0.2,0.4583333333333333,0.5,0.3849256388476787,0.2599410986008783,0.2886968701094195,0.06643639244202332,26.268355524788713
1293,258.77251501000666,1.25,0.2,0.4583333333333333,0.5,0.38483225735230997,0.2599732179038744,0.28871562989105026,0.06647889485276517,26.268355524788713
1294,258.97264843228817,1.25,0.2,0.4583333333333333,0.5,0.3847396875955048,0.2600027154242167,0.2887360972993102,0.0665214996809681,26.268355524788713
1295,259.1727818545697,1.25,0.2,0.4583333333333333,0.5,0.38464800975708113,0.2600295817082989,0.28875824157135954,0.06656416696326031,26.268355524788713
1296,259.37291527685124,1.25,0.2,0.4583333333333333,0.5,0.3845573025560865,0.26005381005031986,0.28878203053136925,0.06660685686222431,26.268355524788713
1297,259.57304869913276,1.25,0.2,0.4583333333333333,0.5,0.3844676433588886,0.26007539609099367,0.2888074308136786,0.06664952973643895,26.268355524788713
1298,259.77318212141427,1.25,0.2,0.4583333333333333,0.5,0.38437910863196784,0.26009433663801684,0.28883440845383995,0.06669214627617513,26.268355524788713
1299,259.9733155436958,1.25,0.2,0.4583333333333333,0.5,0.38429177281934945,0.26011063204326623,0.2888629277983426,0.06673466733904146,26.268355524788713
1300,260.1734489659773,1.25,0.2,0.4583333333333333,0.5,0.38420570863160924,0.26012428539305227,0.2888929519208539,0.06677705405448424,26.268355524788713
1301,260.37358238825885,1.25,0.2,0.4583333333333333,0.5,0.38412098702836256,0.26013530239040267,0.2889244427113273,0.06681926786990709,26.268355524788713
1302,260.57371581054036,1.25,0.2,0.4583333333333333,0.5,0.38403767714536424,0.2601436913623988,0.2889573609059958,0.0668612705862408,26.268355524788713
1303,260.7738492328219,1.25,0.2,0.4583333333333333,0.5,0.38395584622160855,0.26014946326751215,0.28899166611736554,0.06690302439351334,26.268355524788713
1304,260.9739826551034,1.25,0.2,0.4583333333333333,0.5,0.3838755595601884,0.2601526316466657,0.28902731688701466,0.06694449190613096,26.268355524788713
1305,261.1741160773849,1.25,0.2,0.4583333333333333,0.5,0.38379688138733326,0.26015321107704886,0.2890642713451409,0.06698563619047668,26.268355524788713
1306,261.37424949966646,1.25,0.2,0.4583333333333333,0.5,0.3837198738089092,0.26015121879742464,0.2891024865848835,0.06702642080878239,26.268355524788713
1307,261.574382921948,1.25,0.2,0.4583333333333333,0.5,0.3836445965810912,0.26014667497622707,0.2891419185866446,0.06706680985603687,26.268355524788713
1308,261.7745163442295,1.25,0.2,0.4583333333333333,0.5,0.38357110735518457,0.26013960218926296,0.28918252246271425,0.067106767992838,26.268355524788713
1309,261.974649766511,1.25,0.2,0.4583333333333333,0.5,0.383499461616459,0.2601300254074885,0.28922425249519007,0.06714626048086236,26.268355524788713
1310,262.1747831887925,1.25,0.2,0.4583333333333333,0.5,0.38342971262298214,0.26011797198478553,0.28926706217389747,0.06718525321833475,26.268355524788713
1311,262.374916611074,1.25,0.2,0.4583333333333333,0.5,0.38336191134445347,0.2601034716457389,0.2893109042343098,0.06722371277549781,26.268355524788713
1312,262.5750500333556,1.25,0.2,0.4583333333333333,0.5,0.38329610722427465,0.2600865554390627,0.28935573102365614,0.06726160631300637,26.268355524788713
1313,262.7751834556371,1.25,0.2,0.4583333333333333,0.5,0.3832323474629417,0.26006725654890256,0.28940149427754613,0.06729890171060947,26.268355524788713
1314,262.9753168779186,1.25,0.2,0.4583333333333333,0.5,0.3831706772376575,0.26004560992982895,0.28944814526982393,0.06733556756268955,26.268355524788713
1315,263.1754503002001,1.25,0.2,0.4583333333333333,0.5,0.38311113887762355,0.260021653253961,0.2894956345460975,0.06737157332231787,26.268355524788713
1316,263.3755837224816,1.25,0.2,0.4583333333333333,0.5,0.38305377234531723,0.2599954262171939,0.28954391217790737,0.06740688925958138,26.268355524788713
1317,263.5757171447632,1.25,0.2,0.4583333333333333,0.5,0.3829986151820094,0.25996697051857787,0.2895929278033109,0.06744148649610172,26.268355524788713
1318,263.7758505670447,1.25,0.2,0.4583333333333333,0.5,0.3829457024552839,0.2599363298371813,0.2896426306682651,0.0674753370392696,26.268355524788713
1319,263.9759839893262,1.25,0.2,0.4583333333333333,0.5,0.3828950668680043,0.25990354965279194,0.28969296970569536,0.06750841377350829,26.268355524788713
1320,264.1761174116077,1.25,0.2,0.4583333333333333,0.5,0.38284673991388385,0.25986867605748837,0.28974389385703353,0.0675406901715941,26.268355524788713
1321,264.37625083388923,1.25,0.2,0.4583333333333333,0.5,0.3828007501371178,0.259831757357251,0.2897953517241091,0.067572140781522,26.268355524788713
1322,264.5763842561708,1.25,0.2,0.4583333333333333,0.5,0.38275712344425394,0.25979284369537875,0.2898472916961653,0.06760274116420192,26.268355524788713
1323,264.7765176784523,1.25,0.2,0.4583333333333333,0.5,0.3827158833078941,0.25975198677955524,0.28989966205218526,0.0676324678603653,26.268355524788713
1324,264.9766511007338,1.25,0.2,0.4583333333333333,0.5,0.38267705075903785,0.25970923981199995,0.28995241101465496,0.06766129841430711,26.268355524788713
1325,265.17678452301533,1.25,0.2,0.4583333333333333,0.5,0.3826406443831301,0.2596646574154641,0.2900054868045181,0.06768921139688758,26.268355524788713
1326,265.37691794529684,1.25,0.2,0.4583333333333333,0.5,0.3826066803198121,0.25961829555507154,0.29005883769732244,0.06771618642779384,26.268355524788713
1327,265.57705136757835,1.25,0.2,0.4583333333333333,0.5,0.3825751722770824,0.2595702114688997,0.29011241206928434,0.06774220418473348,26.268355524788713
1328,265.7771847898599,1.25,0.2,0.4583333333333333,0.5,0.38254613176723035,0.25952046385702876,0.2901661582149285,0.0677672461608123,26.268355524788713
1329,265.9773182121414,1.25,0.2,0.4583333333333333,0.5,0.38251956787113917,0.25946911249398286,0.29022002466642466,0.06779129496845324,26.268355524788713
1330,266.17745163442294,1.25,0.2,0.4583333333333333,0.5,0.3824954872369529,0.2594162181148054,0.2902739602712406,0.06781433437700098,26.268355524788713
1331,266.37758505670445,1.25,0.2,0.4583333333333333,0.5,0.3824738941712857,0.259361842403969,0.290327914177444,0.0678363492473012,26.268355524788713
1332,266.57771847898596,1.25,0.2,0.4583333333333333,0.5,0.38245479066728716,0.25930604789962514,0.2903818358905833,0.06785732554250433,26.268355524788713
1333,266.7778519012675,1.25,0.2,0.4583333333333333,0.5,0.3824381764367306,0.25924889789408384,0.2904356753314234,0.0678772503377621,26.268355524788713
1334,266.97798532354904,1.25,0.2,0.4583333333333333,0.5,0.3824240489461236,0.25919045633052124,0.2904893828945384,0.06789611182881673,26.268355524788713
1335,267.17811874583055,1.25,0.2,0.4583333333333333,0.5,0.38241240345174293,0.2591307877048217,0.2905429095043638,0.06791389933907159,26.268355524788713
1336,267.37825216811206,1.25,0.2,0.4583333333333333,0.5,0.38240323226644507,0.2590699583128595,0.2905962061574873,0.06793060326320804,26.268355524788713
1337,267.57838559039357,1.25,0.2,0.4583333333333333,0.5,0.38239652532395135,0.25900803523419,0.2906492243277384,0.06794621511412025,26.268355524788713
1338,267.77851901267513,1.25,0.2,0.4583333333333333,0.5,0.38239227071894155,0.25894508536126143,0.29070191635333203,0.06796072756646494,26.268355524788713
1339,267.97865243495664,1.25,0.2,0.4583333333333333,0.5,0.3823904543496279,0.2588811759999609,0.290754235224092,0.06797413442631922,26.268355524788713
1340,268.17878585723815,1.25,0.2,0.4583333333333333,0.5,0.3823910599542971,0.2588163747851049,0.2908061346293851,0.06798643063121279,26.268355524788713
1341,268.37891927951966,1.25,0.2,0.4583333333333333,0.5,0.38239406915062435,0.258750749594345,0.29085756900607856,0.067997612248952,26.268355524788713
1342,268.5790527018012,1.25,0.2,0.4583333333333333,0.5,0.38239946147775694,0.2586843684604886,0.2909084935865188,0.06800767647523553,26.268355524788713
1343,268.7791861240827,1.25,0.2,0.4583333333333333,0.5,0.3824072144411701,0.25861729948223444,0.2909588644465334,0.06801662163006199,26.268355524788713
1344,268.97931954636425,1.25,0.2,0.4583333333333333,0.5,0.38241730329249146,0.258549611286716,0.29100863828108187,0.06802444713971065,26.268355524788713
1345,269.17945296864576,1.25,0.2,0.4583333333333333,0.5,0.38242970105167845,0.2584813729953824,0.2910577724235997,0.06803115352933944,26.268355524788713
1346,269.3795863909273,1.25,0.2,0.4583333333333333,0.5,0.3824443790301826,0.2584126531587654,0.29110622537208575,0.06803674243896625,26.268355524788713
1347,269.5797198132088,1.25,0.2,0.4583333333333333,0.5,0.38246130662343775,0.2583435202052784,0.2911539565692443,0.0680412166020395,26.268355524788713
1348,269.7798532354903,1.25,0.2,0.4583333333333333,0.5,0.382480451356543,0.25827404237094703,0.29120092643734846,0.06804457983516139,26.268355524788713
1349,269.97998665777186,1.25,0.2,0.4583333333333333,0.5,0.3825017789337608,0.25820428762539754,0.29124709641418733,0.06804683702665422,26.268355524788713
1350,270.18012008005337,1.25,0.2,0.4583333333333333,0.5,0.3825252532901794,0.2581343235975128,0.29129242898841917,0.06804799412388857,26.268355524788713
1351,270.3802535023349,1.25,0.2,0.4583333333333333,0.5,0.38255083664554074,0.25806421750075587,0.2913368877343299,0.0680480581193734,26.268355524788713
1352,270.5803869246164,1.25,0.2,0.4583333333333333,0.5,0.38257848946577144,0.25799403625774076,0.2913804372437705,0.06804703703271726,26.268355524788713
1353,270.7805203468979,1.25,0.2,0.4583333333333333,0.5,0.38260817038712,0.25792384670805124,0.29142304301468763,0.06804493989014111,26.268355524788713
1354,270.98065376917947,1.25,0.2,0.4583333333333333,0.5,0.3826398366131518,0.25785371482123853,0.291464671848454,0.06804177671715568,26.268355524788713
1355,271.180787191461,1.25,0.2,0.4583333333333333,0.5,0.38267344382897783,0.2577837059340582,0.2915052917218019,0.0680375585151621,26.268355524788713
1356,271.3809206137425,1.25,0.2,0.4583333333333333,0.5,0.38270894625063495,0.2577138847063969,0.29154487180208444,0.06803229724088375,26.268355524788713
1357,271.581054036024,1.25,0.2,0.4583333333333333,0.5,0.3827462966853613,0.2576443150584226,0.29158338247138926,0.06802600578482686,26.268355524788713
1358,271.7811874583055,1.25,0.2,0.4583333333333333,0.5,0.3827854465937023,0.25757506010810716,0.29162079534969776,0.0680186979484929,26.268355524788713
1359,271.981320880587,1.25,0.2,0.4583333333333333,0.5,0.38282634615344757,0.25750618210912235,0.29165708331708773,0.0680103884203424,26.268355524788713
1360,272.1814543028686,1.25,0.2,0.4583333333333333,0.5,0.3828689442486083,0.2574377424736531,0.29169222051338767,0.06800109276435119,26.268355524788713
1361,272.3815877251501,1.25,0.2,0.4583333333333333,0.5,0.382913188242413,0.25736980203538457,0.291726182275627,0.06799082744657559,26.268355524788713
1362,272.5817211474316,1.25,0.2,0.4583333333333333,0.5,0.38295902455039177,0.2573024204340148,0.2917589452989994,0.06797960971659421,26.268355524788713
1363,272.7818545697131,1.25,0.2,0.4583333333333333,0.5,0.3830063985467389,0.2572356562361885,0.2917904876088738,0.0679674576081989,26.268355524788713
1364,272.98198799199463,1.25,0.2,0.4583333333333333,0.5,0.38305525459315065,0.25716956692397996,0.2918207885657766,0.06795438991709292,26.268355524788713
1365,273.1821214142762,1.25,0.2,0.4583333333333333,0.5,0.38310553610455655,0.25710420884514634,0.29184982887927624,0.06794042617102096,26.268355524788713
1366,273.3822548365577,1.25,0.2,0.4583333333333333,0.5,0.38315718561620893,0.2570396371642749,0.29187759062078006,0.06792558659873621,26.268355524788713
1367,273.5823882588392,1.25,0.2,0.4583333333333333,0.5,0.3832101448521297,0.2569759058148237,0.2919040572352425,0.06790989209780418,26.268355524788713
1368,273.7825216811207,1.25,0.2,0.4583333333333333,0.5,0.38326435447434987,0.25691306707875733,0.2919292139596512,0.0678933644872416,26.268355524788713
1369,273.98265510340224,1.25,0.2,0.4583333333333333,0.5,0.38331975517254735,0.25685117370854577,0.291953045623463,0.06787602549544389,26.268355524788713
1370,274.1827885256838,1.25,0.2,0.4583333333333333,0.5,0.38337628582984523,0.2567902752210676,0.29197554042242313,0.06785789852666402,26.268355524788713
1371,274.3829219479653,1.25,0.2,0.4583333333333333,0.5,0.3834338853819213,0.2567304205277123,0.2919966871007095,0.06783900698965696,26.268355524788713
1372,274.5830553702468,1.25,0.2,0.4583333333333333,0.5,0.3834924922339273,0.2566716571291551,0.2920164757902629,0.06781937484665476,26.268355524788713
1373,274.78318879252834,1.25,0.2,0.4583333333333333,0.5,0.38355204433407086,0.25661403108812597,0.29203489800224863,0.06779902657555455,26.268355524788713
1374,274.98332221480985,1.25,0.2,0.4583333333333333,0.5,0.3836124792471975,0.25655758700217823,0.29205194661851763,0.06777798713210668,26.268355524788713
1375,275.18345563709136,1.25,0.2,0.4583333333333333,0.5,0.3836737342283721,0.2565023679764571,0.29206761588306795,0.0677562819121028,26.268355524788713
1376,275.3835890593729,1.25,0.2,0.4583333333333333,0.5,0.3837357462868169,0.256448415600849,0.2920819013928382,0.06773393671949596,26.268355524788713
1377,275.58372248165443,1.25,0.2,0.4583333333333333,0.5,0.3837984519628336,0.2563957700574882,0.29209480006862304,0.06771097791105524,26.268355524788713
1378,275.78385590393594,1.25,0.2,0.4583333333333333,0.5,0.3838617876504435,0.2563444699804071,0.2921063101637839,0.06768743220536548,26.268355524788713
1379,275.98398932621745,1.25,0.2,0.4583333333333333,0.5,0.3839256897391189,0.25629455239735266,0.2921164312604298,0.06766332660309862,26.268355524788713
1380,276.18412274849896,1.25,0.2,0.4583333333333333,0.5,0.38399009459058436,0.2562460527465112,0.29212516425417595,0.06763868840872848,26.268355524788713
1381,276.38425617078053,1.25,0.2,0.4583333333333333,0.5,0.38405493860431145,0.2561990048529501,0.29213251134504514,0.06761354519769333,26.268355524788713
1382,276.58438959306204,1.25,0.2,0.4583333333333333,0.5,0.3841201582389118,0.2561534409355306,0.292138476036987,0.06758792478857058,26.268355524788713
1383,276.78452301534355,1.25,0.2,0.4583333333333333,0.5,0.38418568993976726,0.2561093916786043,0.29214306315572075,0.06756185522590775,26.268355524788713
1384,276.98465643762506,1.25,0.2,0.4583333333333333,0.5,0.38425147043018953,0.25606688605253586,0.2921462787955367,0.06753536472173799,26.268355524788713
1385,277.1847898599066,1.25,0.2,0.4583333333333333,0.5,0.3843174367011529,0.25602595134249123,0.2921481303250029,0.06750848163135303,26.268355524788713
1386,277.38492328218814,1.25,0.2,0.4583333333333333,0.5,0.3843835260605952,0.2559866131360677,0.29214862638103106,0.06748123442230616,26.268355524788713
1387,277.58505670446965,1.25,0.2,0.4583333333333333,0.5,0.3844496761944615,0.25594889530300924,0.292147776860357,0.06745365164217233,26.268355524788713
1388,277.78519012675116,1.25,0.2,0.4583333333333333,0.5,0.3845158251683725,0.2559128201753898,0.2921455926894332,0.06742576196680457,26.268355524788713
1389,277.98532354903267,1.25,0.2,0.4583333333333333,0.5,0.38458191150708676,0.2558784084651401,0.2921420858846501,0.06739759414312303,26.268355524788713
1390,278.1854569713142,1.25,0.2,0.4583333333333333,0.5,0.3846478743105313,0.25584567905811184,0.29213726974902904,0.06736917688232787,26.268355524788713
1391,278.3855903935957,1.25,0.2,0.4583333333333333,0.5,0.3847136532800292,0.2558146491113401,0.292131158733771,0.06734053887485969,26.268355524788713
1392,278.58572381587726,1.25,0.2,0.4583333333333333,0.5,0.3847791887773891,0.2557853340393567,0.29212376842244514,0.06731170876080901,26.268355524788713
1393,278.78585723815877,1.25,0.2,0.4583333333333333,0.5,0.38484442185720336,0.25575774754543246,0.292115115491807,0.06728271510555704,26.268355524788713
1394,278.9859906604403,1.25,0.2,0.4583333333333333,0.5,0.3849092941154574,0.2557319019608705,0.2921052175123869,0.0672535864112851,26.268355524788713
1395,279.1861240827218,1.25,0.2,0.4583333333333333,0.5,0.3849737480099618,0.2557078077930408,0.29209409316064505,0.06722435103635219,26.268355524788713
1396,279.3862575050033,1.25,0.2,0.4583333333333333,0.5,0.38503772687352633,0.2556854737886951,0.2920817621631083,0.06719503717467011,26.268355524788713
1397,279.58639092728487,1.25,0.2,0.4583333333333333,0.5,0.3851011749345666,0.2556649069848157,0.29206824524699015,0.06716567283362745,26.268355524788713
1398,279.7865243495664,1.25,0.2,0.4583333333333333,0.5,0.3851640373706265,0.2556461127042644,0.2920535641195231,0.06713628580558582,26.268355524788713
1399,279.9866577718479,1.25,0.2,0.4583333333333333,0.5,0.38522626024449075,0.25562909471377127,0.29203774136182586,0.06710690367991193,26.268355524788713
1400,280.1867911941294,1.25,0.2,0.4583333333333333,0.5,0.3852877904690416,0.2556138553421787,0.29202080034369426,0.06707755384508529,26.268355524788713
1401,280.3869246164109,1.25,0.2,0.4583333333333333,0.5,0.3853485761349725,0.25560039509697347,0.2920027654025224,0.06704826336553153,26.268355524788713
1402,280.5870580386925,1.25,0.2,0.4583333333333333,0.5,0.3854085664360073,0.2555887128373368,0.29198366172924084,0.06701905899741488,26.268355524788713
1403,280.787191460974,1.25,0.2,0.4583333333333333,0.5,0.3854677117134773,0.2555788057821623,0.29196351534113707,0.06698996716322317,26.268355524788713
1404,280.9873248832555,1.25,0.2,0.4583333333333333,0.5,0.38552596349482626,0.25557066952541424,0.29194235304948124,0.06696101393027812,26.268355524788713
1405,281.187458305537,1.25,0.2,0.4583333333333333,0.5,0.38558327432887674,0.2555642983083407,0.2919202022614527,0.0669322251013297,26.268355524788713
1406,281.3875917278185,1.25,0.2,0.4583333333333333,0.5,0.3856395980251404,0.2555596847810536,0.2918970911114811,0.06690362608232464,26.268355524788713
1407,281.5877251501,1.25,0.2,0.4583333333333333,0.5,0.3856948897330627,0.2555568199664004,0.29187304846208756,0.06687524183844917,26.268355524788713
1408,281.7878585723816,1.25,0.2,0.4583333333333333,0.5,0.38574910592612693,0.25555569334407446,0.29184810382715737,0.06684709690264096,26.268355524788713
1409,281.9879919946631,1.25,0.2,0.4583333333333333,0.5,0.3858022044435536,0.2555562928619376,0.2918222873421705,0.06681921535233795,26.268355524788713
1410,282.1881254169446,1.25,0.2,0.4583333333333333,0.5,0.3858541444219504,0.2555586050429305,0.2917956297043641,0.06679162083075477,26.268355524788713
1411,282.3882588392261,1.25,0.2,0.4583333333333333,0.5,0.3859048860697094,0.2555626152285729,0.2917681620699315,0.06676433663178595,26.268355524788713
1412,282.58839226150764,1.25,0.2,0.4583333333333333,0.5,0.3859543912325887,0.2555683071352418,0.2917399161673852,0.06673738546478405,26.268355524788713
1413,282.7885256837892,1.25,0.2,0.4583333333333333,0.5,0.38600262324185297,0.2555756630336181,0.29171092421490336,0.06671078950962524,26.268355524788713
1414,282.9886591060707,1.25,0.2,0.4583333333333333,0.5,0.3860495469269411,0.2555846637852256,0.2916812188826282,0.06668457040520478,26.268355524788713
1415,283.1887925283522,1.25,0.2,0.4583333333333333,0.5,0.38609512865113466,0.255595288858991,0.2916508332612481,0.06665874922862591,26.268355524788713
1416,283.38892595063373,1.25,0.2,0.4583333333333333,0.5,0.3861393363467721,0.25560751634815826,0.29161980083048056,0.0666333464745888,26.268355524788713
1417,283.58905937291524,1.25,0.2,0.4583333333333333,0.5,0.38618213908421617,0.25562132335044807,0.29158815532538535,0.06660838223995018,26.268355524788713
1418,283.7891927951968,1.25,0.2,0.4583333333333333,0.5,0.38622350730251304,0.25563668583270405,0.2915559307476756,0.06658387611710707,26.268355524788713
1419,283.9893262174783,1.25,0.2,0.4583333333333333,0.5,0.3862634132894495,0.2556535783012367,0.2915231614316798,0.06655984697763379,26.268355524788713
1420,284.18945963975983,1.25,0.2,0.4583333333333333,0.5,0.3863018309254444,0.25567197404570247,0.29148988194898645,0.06653631307986647,26.268355524788713
1421,284.38959306204134,1.25,0.2,0.4583333333333333,0.5,0.3863387357092393,0.2556918451634374,0.2914561270748402,0.06651329205248285,26.268355524788713
1422,284.58972648432285,1.25,0.2,0.4583333333333333,0.5,0.3863741047835897,0.25571316258379084,0.29142193175453746,0.06649080087808182,26.268355524788713
1423,284.7898599066044,1.25,0.2,0.4583333333333333,0.5,0.38640791689951354,0.25573589612879777,0.29138733106700526,0.06646885590468322,26.268355524788713
1424,284.98999332888593,1.25,0.2,0.4583333333333333,0.5,0.38644015186616343,0.25576001487807015,0.29135236016479615,0.06644747309097003,26.268355524788713
1425,285.19012675116744,1.25,0.2,0.4583333333333333,0.5,0.3864707913239333,0.25578548675108503,0.2913170542747527,0.0664266676502287,26.268355524788713
1426,285.39026017344895,1.25,0.2,0.4583333333333333,0.5,0.38649981866207206,0.2558122785954383,0.2912814486594484,0.06640645408304104,26.268355524788713
1427,285.59039359573046,1.25,0.2,0.4583333333333333,0.5,0.38652721892391145,0.25584035628242385,0.2912455785780602,0.06638684621560423,26.268355524788713
1428,285.79052701801197,1.25,0.2,0.4583333333333333,0.5,0.38655297882297207,0.2558696847370365,0.291209479252325,0.06636785718766623,26.268355524788713
1429,285.99066044029354,1.25,0.2,0.4583333333333333,0.5,0.38657708675906843,0.2559002279679744,0.29117318583249596,0.066349499440461,26.268355524788713
1430,286.19079386257505,1.25,0.2,0.4583333333333333,0.5,0.38659953258064633,0.25593194921888207,0.2911367333893285,0.06633178481114281,26.268355524788713
1431,286.39092728485656,1.25,0.2,0.4583333333333333,0.5,0.3866203072860575,0.2559648111487662,0.2911001569123294,0.06631472465284666,26.268355524788713
1432,286.59106070713807,1.25,0.2,0.4583333333333333,0.5,0.38663940386620144,0.25599877546711325,0.29106349119093394,0.06629832947575118,26.268355524788713
1433,286.7911941294196,1.25,0.2,0.4583333333333333,0.5,0.3866568169621543,0.2560338031351577,0.291026770817232,0.06628260908545579,26.268355524788713
1434,286.99132755170115,1.25,0.2,0.4583333333333333,0.5,0.38667254285292774,0.2560698544094275,0.29099003015483216,0.06626757258281243,26.268355524788713
1435,287.19146097398266,1.25,0.2,0.4583333333333333,0.5,0.38668657946144147,0.25610688887658783,0.2909533033058573,0.0662532283561133,26.268355524788713
1436,287.39159439626417,1.25,0.2,0.4583333333333333,0.5,0.3866989263533411,0.25614486549076404,0.29091662407954877,0.06623958407634606,26.268355524788713
1437,287.5917278185457,1.25,0.2,0.4583333333333333,0.5,0.38670958422725743,0.2561837427870676,0.2908800260751984,0.06622664691047644,26.268355524788713
1438,287.7918612408272,1.25,0.2,0.4583333333333333,0.5,0.38671855531289673,0.2562234787805807,0.29084354256099354,0.06621442334552893,26.268355524788713
1439,287.99199466310876,1.25,0.2,0.4583333333333333,0.5,0.38672584361859225,0.2562640309174983,0.2908072063867039,0.06620291907720549,26.268355524788713
1440,288.19212808539027,1.25,0.2,0.4583333333333333,0.5,0.38673145471205006,0.25630535618800765,0.2907710500013102,0.06619213909863195,26.268355524788713
1441,288.3922615076718,1.25,0.2,0.4583333333333333,0.5,0.38673539571685844,0.25634741116441134,0.29073510542212727,0.06618208769660279,26.268355524788713
1442,288.5923949299533,1.25,0.2,0.4583333333333333,0.5,0.3867376753089974,0.25639015203924925,0.2906994042039272,0.06617276844782607,26.268355524788713
1443,288.7925283522348,1.25,0.2,0.4583333333333333,0.5,0.3867383036189877,0.25643353468557606,0.2906639774406383,0.06616418425479788,26.268355524788713
1444,288.9926617745163,1.25,0.2,0.4583333333333333,0.5,0.3867372917190415,0.2564775148146763,0.29062885591031323,0.06615633755596896,26.268355524788713
1445,289.1927951967979,1.25,0.2,0.4583333333333333,0.5,0.3867346523889567,0.25652204783354277,0.29059406977863905,0.06614922999886146,26.268355524788713
1446,289.3929286190794,1.25,0.2,0.4583333333333333,0.5,0.3867303999152697,0.2565670889293367,0.2905596486361935,0.06614286251920004,26.268355524788713
1447,289.5930620413609,1.25,0.2,0.4583333333333333,0.5,0.38672455000694017,0.256612593126487,0.29052562149547106,0.06613723537110165,26.268355524788713
1448,289.7931954636424,1.25,0.2,0.4583333333333333,0.5,0.3867171197828292,0.2566585153269331,0.29049201676312414,0.06613234812711345,26.268355524788713
1449,289.9933288859239,1.25,0.2,0.4583333333333333,0.5,0.3867081277591764,0.25670481035036846,0.29045886221220407,0.06612819967825095,26.268355524788713
1450,290.1934623082055,1.25,0.2,0.4583333333333333,0.5,0.3866975934975856,0.2567514330003329,0.2904261851246503,0.06612478837743115,26.268355524788713
1451,290.393595730487,1.25,0.2,0.4583333333333333,0.5,0.38668553750415335,0.25679833811118297,0.2903940123078362,0.06612211207682742,26.268355524788713
1452,290.5937291527685,1.25,0.2,0.4583333333333333,0.5,0.3866719819513654,0.256845480532415,0.2903623696985165,0.06612016781770315,26.268355524788713
1453,290.79386257505,1.25,0.2,0.4583333333333333,0.5,0.386656950282005,0.2568928151981138,0.2903312825274193,0.06611895199246193,26.268355524788713
1454,290.9939959973315,1.25,0.2,0.4583333333333333,0.5,0.3866404671852939,0.25694029716805894,0.2903007752971729,0.06611846034947425,26.268355524788713
1455,291.1941294196131,1.25,0.2,0.4583333333333333,0.5,0.38662255857846,0.256987881668418,0.2902708717575103,0.06611868799561162,26.268355524788713
1456,291.3942628418946,1.25,0.2,0.4583333333333333,0.5,0.38660325158830555,0.2570355241324396,0.2902415948804741,0.06611962939878079,26.268355524788713
1457,291.5943962641761,1.25,0.2,0.4583333333333333,0.5,0.38658257453277495,0.25708318024114624,0.29021296683562103,0.06612127839045784,26.268355524788713
1458,291.7945296864576,1.25,0.2,0.4583333333333333,0.5,0.38656055642163756,0.25713080594316323,0.2901850092581459,0.06612362837705336,26.268355524788713
1459,291.99466310873913,1.25,0.2,0.4583333333333333,0.5,0.3865372266674885,0.25717835748367224,0.29015774338889505,0.06612667245994429,26.268355524788713
1460,292.19479653102064,1.25,0.2,0.4583333333333333,0.5,0.38651261632090766,0.25722579149949476,0.29013118928597886,0.0661304028936188,26.268355524788713
1461,292.3949299533022,1.25,0.2,0.4583333333333333,0.5,0.3864867574359988,0.25727306503305747,0.2901053661752143,0.06613481135572948,26.268355524788713
1462,292.5950633755837,1.25,0.2,0.4583333333333333,0.5,0.38645968302663425,0.257320135571986,0.2900802924407552,0.06613988896062464,26.268355524788713
1463,292.79519679786523,1.25,0.2,0.4583333333333333,0.5,0.3864314270386803,0.25736696108939316,0.2900559856059873,0.06614562626593938,26.268355524788713
1464,292.99533022014674,1.25,0.2,0.4583333333333333,0.5,0.38640202432222404,0.2574135000841665,0.29003246231442303,0.06615201327918652,26.268355524788713
1465,293.19546364242825,1.25,0.2,0.4583333333333333,0.5,0.38637151060379926,0.2574597116212561,0.29000973831059723,0.06615903946434751,26.268355524788713
1466,293.3955970647098,1.25,0.2,0.4583333333333333,0.5,0.38633992216587254,0.2575055552419519,0.2899878286953171,0.06616669389685859,26.268355524788713
1467,293.59573048699133,1.25,0.2,0.4583333333333333,0.5,0.38630729555304405,0.25755099088602545,0.289966748155876,0.06617496540505464,26.268355524788713
1468,293.79586390927284,1.25,0.2,0.4583333333333333,0.5,0.38627366845288696,0.25759597933554707,0.28994651009539796,0.06618384211616814,26.268355524788713
1469,293.99599733155435,1.25,0.2,0.4583333333333333,0.5,0.38623907924736633,0.25764048206828605,0.2899271270081128,0.06619331167623492,26.268355524788713
1470,294.19613075383586,1.25,0.2,0.4583333333333333,0.5,0.3862035669611962,0.25768446128739825,0.2899086104826211,0.06620336126878458,26.268355524788713
1471,294.3962641761174,1.25,0.2,0.4583333333333333,0.5,0.3861671712276834,0.25772787995887925,0.2898909711887706,0.06621397762466685,26.268355524788713
1472,294.59639759839894,1.25,0.2,0.4583333333333333,0.5,0.38612993225457193,0.25777070184901757,0.2898742188645328,0.0662251470318778,26.268355524788713
1473,294.79653102068045,1.25,0.2,0.4583333333333333,0.5,0.38609189078988615,0.25781289156184806,0.28985836230287976,0.06623685534538615,26.268355524788713
1474,294.99666444296196,1.25,0.2,0.4583333333333333,0.5,0.38605308790423315,0.2578544143878976,0.2898434095945995,0.06624908811326988,26.268355524788713
1475,295.19679786524347,1.25,0.2,0.4583333333333333,0.5,0.3860135647165429,0.2578952360947779,0.2898293684499835,0.06626183073869575,26.268355524788713
1476,295.396931287525,1.25,0.2,0.4583333333333333,0.5,0.38597336303249596,0.25793532365615074,0.2898162452478231,0.06627506806353024,26.268355524788713
1477,295.59706470980655,1.25,0.2,0.4583333333333333,0.5,0.3859325250170795,0.2579746449876398,0.28980404543125915,0.0662887845640217,26.268355524788713
1478,295.79719813208806,1.25,0.2,0.4583333333333333,0.5,0.38589109313783304,0.2580131689610496,0.2897927735261703,0.06630296437494712,26.268355524788713
1479,295.99733155436957,1.25,0.2,0.4583333333333333,0.5,0.3858491101261732,0.2580508654371724,0.28978243313435204,0.0663175913023024,26.268355524788713
1480,296.1974649766511,1.25,0.2,0.4583333333333333,0.5,0.38580661893871776,0.258087705298595,0.2897730269266949,0.06633264883599242,26.268355524788713
1481,296.3975983989326,1.25,0.2,0.4583333333333333,0.5,0.3857636627186107,0.258123660482505,0.2897645566363631,0.06634812016252128,26.268355524788713
1482,296.59773182121415,1.25,0.2,0.4583333333333333,0.5,0.38572028468600905,0.258158703782287,0.28975702327906266,0.06636398825264135,26.268355524788713
1483,296.79786524349566,1.25,0.2,0.4583333333333333,0.5,0.3856765279737801,0.2581928084702818,0.28975042754895713,0.06638023600698095,26.268355524788713
1484,296.9979986657772,1.25,0.2,0.4583333333333333,0.5,0.3856324358935517,0.2582259493252143,0.28974476883495626,0.0663968459462778,26.268355524788713
1485,297.1981320880587,1.25,0.2,0.4583333333333333,0.5,0.3855880517723464,0.25825810225801227,0.2897400456136266,0.06641380035601477,26.268355524788713
1486,297.3982655103402,1.25,0.2,0.4583333333333333,0.5,0.3855434189010359,0.2582892443026048,0.28973625548363,0.06643108131272933,26.268355524788713
1487,297.59839893262176,1.25,0.2,0.4583333333333333,0.5,0.38549858049368124,0.258319353642254,0.28973339516526186,0.06644867069880293,26.268355524788713
1488,297.7985323549033,1.25,0.2,0.4583333333333333,0.5,0.38545357964687404,0.25834840963588634,0.28973146049998916,0.06646655021725044,26.268355524788713
1489,297.9986657771848,1.25,0.2,0.4583333333333333,0.5,0.3854084592990771,0.25837639284442454,0.28973044644998885,0.06648470140650961,26.268355524788713
1490,298.1987991994663,1.25,0.2,0.4583333333333333,0.5,0.38536326220040495,0.25840328481060215,0.28973034728420305,0.06650310570478986,26.268355524788713
1491,298.3989326217478,1.25,0.2,0.4583333333333333,0.5,0.38531803089620054,0.2584290675130545,0.2897311570108405,0.06652174457990445,26.268355524788713
1492,298.5990660440293,1.25,0.2,0.4583333333333333,0.5,0.38527280763383387,0.25845372463325755,0.289732868438259,0.06654059929464955,26.268355524788713
1493,298.7991994663109,1.25,0.2,0.4583333333333333,0.5,0.38522763434209745,0.25847724110833853,0.2897354735327742,0.06655965101678978,26.268355524788713
1494,298.9993328885924,1.25,0.2,0.4583333333333333,0.5,0.38518255259329437,0.25849960309252973,0.2897389634672853,0.06657888084689059,26.268355524788713
1495,299.1994663108739,1.25,0.2,0.4583333333333333,0.5,0.3851376035629143,0.2585207979755848,0.28974332862680185,0.06659826983469902,26.268355524788713
1496,299.3995997331554,1.25,0.2,0.4583333333333333,0.5,0.38509282798930966,0.2585408144011956,0.28974855861397053,0.06661779899552421,26.268355524788713
1497,299.5997331554369,1.25,0.2,0.4583333333333333,0.5,0.385048266133371,0.25855964228540873,0.28975464225460207,0.06663744932661814,26.268355524788713
1498,299.7998665777185,1.25,0.2,0.4583333333333333,0.5,0.38500395781152436,0.2585772725973982,0.2897615677475283,0.06665720184354906,26.268355524788713
1499,300.0,1.25,0.2,0.4583333333333333,0.5,0.38495994257437416,0.2585936966681733,0.28976932310116316,0.06667703765628939,26.268355524788713
