,time,beta,alpha,sigma_D,sigma_C,S_c,S_d,I_c,I_d,R0
0,0.0,3.75,0.2,0.5833333333333333,0.5,0.09995999999999998,0.89964,3.999999999999999e-05,0.00036,78.80506657436614
1,0.200133422281521,3.75,0.2,0.5833333333333333,0.5,0.09638578218778342,0.9028886303792356,7.588115953082708e-05,0.000649706273450107,78.80506657436614
2,0.400266844563042,3.75,0.2,0.5833333333333333,0.5,0.0929025882227522,0.9057806314705076,0.00013894455707298952,0.001177835749667394,78.80506657436614
3,0.600400266844563,3.75,0.2,0.5833333333333333,0.5,0.0894912088428617,0.9081150688422217,0.00024994005537453025,0.0021437822595422517,78.80506657436614
4,0.800533689126084,3.75,0.2,0.5833333333333333,0.5,0.08611974682006289,0.9095199184316701,0.00044555169118216893,0.003914783057084947,78.80506657436614
5,1.0006671114076051,3.75,0.2,0.5833333333333333,0.5,0.082734117405899,0.9093100491692322,0.00079040581377141,0.007165427611097569,78.80506657436614
6,1.200800533689126,3.75,0.2,0.5833333333333333,0.5,0.0792422563793948,0.9062361838298402,0.0013972153159727964,0.013124344474792519,78.80506657436614
7,1.400933955970647,3.75,0.2,0.5833333333333333,0.5,0.07548982617357423,0.8980636422585758,0.002458416365450771,0.023988115202399383,78.80506657436614
8,1.601067378252168,3.75,0.2,0.5833333333333333,0.5,0.07122931079352918,0.8809449681106257,0.004288729180508247,0.043536991915337026,78.80506657436614
9,1.801200800533689,3.75,0.2,0.5833333333333333,0.5,0.06610037592022895,0.8487366270097235,0.007361205903584168,0.07780179116646374,78.80506657436614
10,2.0013342228152102,3.75,0.2,0.5833333333333333,0.5,0.059678704279041456,0.7930205568587506,0.012276080065873522,0.13502465879633493,78.80506657436614
11,2.201467645096731,3.75,0.2,0.5833333333333333,0.5,0.05169370837879636,0.7057007147011576,0.01955051300397308,0.22305506391607358,78.80506657436614
12,2.401601067378252,3.75,0.2,0.5833333333333333,0.5,0.04242528804776644,0.5859603826610713,0.02920161941149317,0.3424127098796697,78.80506657436614
13,2.601734489659773,3.75,0.2,0.5833333333333333,0.5,0.03291718125522844,0.44775489059010504,0.04047668510560125,0.478851243049066,78.80506657436614
14,2.801867911941294,3.75,0.2,0.5833333333333333,0.5,0.024508062844139977,0.31636874624315026,0.05224061892281282,0.6068825719898976,78.80506657436614
15,3.002001334222815,3.75,0.2,0.5833333333333333,0.5,0.01803052278896157,0.21245964253658303,0.06370882222237206,0.705801012452084,78.80506657436614
16,3.202134756504336,3.75,0.2,0.5833333333333333,0.5,0.013561254823194339,0.14150588106262862,0.07470417535320452,0.7702286887609733,78.80506657436614
17,3.402268178785857,3.75,0.2,0.5833333333333333,0.5,0.010740496662206238,0.09769984709170713,0.08542077073596967,0.8061388855101176,78.80506657436614
18,3.602401601067378,3.75,0.2,0.5833333333333333,0.5,0.009123430826044372,0.07226448218842295,0.09615413216551369,0.8224579548200196,78.80506657436614
19,3.802535023348899,3.75,0.2,0.5833333333333333,0.5,0.008342243900081038,0.057994377107837995,0.10717292568662638,0.8264904533054551,78.80506657436614
20,4.0026684456304205,3.75,0.2,0.5833333333333333,0.5,0.008136751125515805,0.05013697337879594,0.11868616421005419,0.8230401112856347,78.80506657436614
21,4.202801867911941,3.75,0.2,0.5833333333333333,0.5,0.008336628588346912,0.04586247361324554,0.13084647923550505,0.8149544185629032,78.80506657436614
22,4.402935290193462,3.75,0.2,0.5833333333333333,0.5,0.00883567511272424,0.04356731700197947,0.1437615029982999,0.8038355048869971,78.80506657436614
23,4.603068712474983,3.75,0.2,0.5833333333333333,0.5,0.009570621180088367,0.042362898952801466,0.15750417987066867,0.7905622999964422,78.80506657436614
24,4.803202134756504,3.75,0.2,0.5833333333333333,0.5,0.010506214921275507,0.04176041656738812,0.1721200379252081,0.7756133305861289,78.80506657436614
25,5.003335557038025,3.75,0.2,0.5833333333333333,0.5,0.011625351612296261,0.04149034870779423,0.18763170019704922,0.7592525994828611,78.80506657436614
26,5.203468979319546,3.75,0.2,0.5833333333333333,0.5,0.012922714953051442,0.0414026445281983,0.2040413747750539,0.741633265743697,78.80506657436614
27,5.403602401601067,3.75,0.2,0.5833333333333333,0.5,0.014400695219800735,0.04141220048364248,0.2213320622376423,0.7228550420589152,78.80506657436614
28,5.603735823882588,3.75,0.2,0.5833333333333333,0.5,0.016066741128189368,0.04146927093010632,0.23946806508583227,0.7029959228558729,78.80506657436614
29,5.803869246164109,3.75,0.2,0.5833333333333333,0.5,0.01793159151223539,0.041543398134515,0.2583952421486196,0.6821297682046309,78.80506657436614
30,6.00400266844563,3.75,0.2,0.5833333333333333,0.5,0.020008032796270444,0.04161466682531762,0.2780413398691648,0.6603359605092479,78.80506657436614
31,6.204136090727151,3.75,0.2,0.5833333333333333,0.5,0.022309965070863514,0.04166897701340332,0.2983166420529614,0.6377044158627726,78.80506657436614
32,6.404269513008672,3.75,0.2,0.5833333333333333,0.5,0.024851642328170095,0.04169549087156639,0.3191150994868618,0.6143377673134025,78.80506657436614
33,6.604402935290193,3.75,0.2,0.5833333333333333,0.5,0.02764700921485359,0.04168530340759796,0.3403160325967184,0.5903516547808308,78.80506657436614
34,6.804536357571714,3.75,0.2,0.5833333333333333,0.5,0.03070909908687481,0.04163080475315072,0.3617864495750829,0.5658736465848924,78.80506657436614
35,7.004669779853235,3.75,0.2,0.5833333333333333,0.5,0.03404947599466847,0.04152540456824677,0.3833839209514157,0.5410411984856699,78.80506657436614
36,7.204803202134756,3.75,0.2,0.5833333333333333,0.5,0.03767772390594966,0.04136348417075844,0.40495993927278534,0.5159988526505074,78.80506657436614
37,7.404936624416277,3.75,0.2,0.5833333333333333,0.5,0.04160099531430997,0.041140446142017326,0.4263635980839553,0.49089496045971825,78.80506657436614
38,7.605070046697798,3.75,0.2,0.5833333333333333,0.5,0.04582363796618207,0.040852814914936406,0.44744543758994854,0.4658781095289338,78.80506657436614
39,7.805203468979319,3.75,0.2,0.5833333333333333,0.5,0.0503469159965479,0.04049832962188261,0.46806122690716684,0.44109352747440356,78.80506657436614
40,8.005336891260841,3.75,0.2,0.5833333333333333,0.5,0.05516883923742794,0.04007601497406234,0.4880755056111101,0.41667964017740056,78.80506657436614
41,8.205470313542362,3.75,0.2,0.5833333333333333,0.5,0.06028410956466267,0.03958620761761915,0.5073646971051268,0.3927649857125924,78.80506657436614
42,8.405603735823883,3.75,0.2,0.5833333333333333,0.5,0.06568418590164973,0.03903053038893466,0.5258196511788003,0.3694656325306164,78.80506657436614
43,8.605737158105404,3.75,0.2,0.5833333333333333,0.5,0.0713574601285231,0.03841181501927115,0.5433475198996162,0.3468832049525907,78.80506657436614
44,8.805870580386925,3.75,0.2,0.5833333333333333,0.5,0.07728953101717802,0.03773397724087605,0.559872916614293,0.3251035751276541,78.80506657436614
45,9.006004002668446,3.75,0.2,0.5833333333333333,0.5,0.08346355227020755,0.03700185633868102,0.5753384110437522,0.3041961803473604,78.80506657436614
46,9.206137424949967,3.75,0.2,0.5833333333333333,0.5,0.08986065656565707,0.036221020340179697,0.5897042470402094,0.28421407605395504,78.80506657436614
47,9.406270847231488,3.75,0.2,0.5833333333333333,0.5,0.09646037460955392,0.03539757239526773,0.6029476646543566,0.26519438834082315,78.80506657436614
48,9.606404269513009,3.75,0.2,0.5833333333333333,0.5,0.10324108874952284,0.034537947287946666,0.6150616593433688,0.24715930461916324,78.80506657436614
49,9.80653769179453,3.75,0.2,0.5833333333333333,0.5,0.110180482518161,0.033648715581910196,0.6260534084103935,0.23011739348953694,78.80506657436614
50,10.00667111407605,3.75,0.2,0.5833333333333333,0.5,0.11725594974342604,0.032736410347170855,0.6359424918903988,0.21406514801900597,78.80506657436614
51,10.206804536357572,3.75,0.2,0.5833333333333333,0.5,0.12444495821714924,0.03180738033228945,0.6447590106263842,0.19898865082417883,78.80506657436614
52,10.406937958639093,3.75,0.2,0.5833333333333333,0.5,0.13172538407104115,0.03086766421875204,0.6525416738124804,0.18486527789772805,78.80506657436614
53,10.607071380920614,3.75,0.2,0.5833333333333333,0.5,0.13907578059401923,0.029922897622950136,0.6593359602048392,0.17166536157819307,78.80506657436614
54,10.807204803202135,3.75,0.2,0.5833333333333333,0.5,0.1464755989682435,0.028978246709534815,0.665192396590213,0.15935375773201033,78.80506657436614
55,11.007338225483656,3.75,0.2,0.5833333333333333,0.5,0.1539053605768082,0.028038365201835894,0.6701649946871379,0.14789127953421963,78.80506657436614
56,11.207471647765177,3.75,0.2,0.5833333333333333,0.5,0.16134677942197198,0.027107375213619375,0.6743098713546446,0.1372359740097657,78.80506657436614
57,11.407605070046698,3.75,0.2,0.5833333333333333,0.5,0.16878284344946626,0.02618886572377805,0.6776840627884346,0.12734422803832263,78.80506657436614
58,11.607738492328219,3.75,0.2,0.5833333333333333,0.5,0.17619785915643912,0.025285905850207433,0.680344534859533,0.11817170013382201,78.80506657436614
59,11.80787191460974,3.75,0.2,0.5833333333333333,0.5,0.18357746728975097,0.024401068654647633,0.682347367906878,0.10967409614872507,78.80506657436614
60,12.00800533689126,3.75,0.2,0.5833333333333333,0.5,0.19090863171164396,0.023536463556420643,0.6837471141885341,0.10180779054340301,78.80506657436614
61,12.208138759172781,3.75,0.2,0.5833333333333333,0.5,0.19817960795076026,0.022693774022985908,0.6845963068530803,0.09453031117317523,78.80506657436614
62,12.408272181454302,3.75,0.2,0.5833333333333333,0.5,0.20537989689999864,0.021874297790141457,0.6849451010608665,0.08780070424899517,78.80506657436614
63,12.608405603735823,3.75,0.2,0.5833333333333333,0.5,0.21250018838661577,0.021078987706335775,0.6848410255385221,0.08157979836852802,78.80506657436614
64,12.808539026017344,3.75,0.2,0.5833333333333333,0.5,0.21953229545749653,0.02030849264463893,0.6843288299451123,0.07583038195275386,78.80506657436614
65,13.008672448298865,3.75,0.2,0.5833333333333333,0.5,0.22646908427780088,0.019563196721796853,0.6834504112185102,0.07051730778189369,78.80506657436614
66,13.208805870580386,3.75,0.2,0.5833333333333333,0.5,0.23330440140721817,0.018843256210493316,0.6822448028016165,0.06560753958067371,78.80506657436614
67,13.408939292861907,3.75,0.2,0.5833333333333333,0.5,0.24003300136785105,0.018148633353867516,0.6807482076049292,0.061070157673353914,78.80506657436614
68,13.609072715143428,3.75,0.2,0.5833333333333333,0.5,0.24665047366519666,0.017479127737245987,0.6789940734632979,0.05687632513426109,78.80506657436614
69,13.80920613742495,3.75,0.2,0.5833333333333333,0.5,0.25315317221566036,0.01683440427644961,0.6770131955503415,0.05299922795755024,78.80506657436614
70,14.00933955970647,3.75,0.2,0.5833333333333333,0.5,0.2595381476784319,0.016214018062899876,0.6748338369578435,0.049413997300826386,78.80506657436614
71,14.209472981987991,3.75,0.2,0.5833333333333333,0.5,0.26580308317258555,0.015617436268596437,0.6724818611153864,0.04609761944343325,78.80506657436614
72,14.409606404269512,3.75,0.2,0.5833333333333333,0.5,0.27194623307449445,0.015044057384256853,0.6699808742133812,0.04302883532786925,78.80506657436614
73,14.609739826551033,3.75,0.2,0.5833333333333333,0.5,0.27796636600515834,0.014493227739581229,0.6673523697134638,0.04018803654179839,78.80506657436614
74,14.809873248832554,3.75,0.2,0.5833333333333333,0.5,0.28386271178382816,0.0139642557194592,0.6646158717422755,0.037557160754438816,78.80506657436614
75,15.010006671114075,3.75,0.2,0.5833333333333333,0.5,0.2896349119699823,0.013456423853555492,0.6617890779117314,0.035119586264732626,78.80506657436614
76,15.210140093395596,3.75,0.2,0.5833333333333333,0.5,0.29528297454027097,0.012968998705916892,0.6588880001411529,0.0328600266126611,78.80506657436614
77,15.410273515677117,3.75,0.2,0.5833333333333333,0.5,0.30080723267159176,0.0125012398520807,0.6559270883390663,0.030764439137263008,78.80506657436614
78,15.610406937958638,3.75,0.2,0.5833333333333333,0.5,0.30620830613618494,0.0120524064632747,0.6529193631445654,0.028819924255976757,78.80506657436614
79,15.810540360240159,3.75,0.2,0.5833333333333333,0.5,0.3114870664407932,0.011621763307197676,0.6498765310179926,0.027014639234018305,78.80506657436614
80,16.010673782521682,3.75,0.2,0.5833333333333333,0.5,0.3166446048715982,0.011208585421403794,0.6468090968270809,0.025337712879919032,78.80506657436614
81,16.210807204803203,3.75,0.2,0.5833333333333333,0.5,0.32168220375254936,0.010812161747528986,0.6437264671136117,0.02377916738631189,78.80506657436614
82,16.410940627084724,3.75,0.2,0.5833333333333333,0.5,0.3266013106651015,0.010431798071434588,0.6406370460722648,0.022329845191201056,78.80506657436614
83,16.611074049366245,3.75,0.2,0.5833333333333333,0.5,0.33140351546478547,0.010066818869188124,0.6375483245668827,0.020981341099145547,78.80506657436614
84,16.811207471647766,3.75,0.2,0.5833333333333333,0.5,0.3360905278313327,0.009716569526350135,0.6344669635050747,0.019725939137244405,78.80506657436614
85,17.011340893929287,3.75,0.2,0.5833333333333333,0.5,0.3406641591528591,0.0093804169768912,0.6313988688507056,0.01855655501954597,78.80506657436614
86,17.211474316210808,3.75,0.2,0.5833333333333333,0.5,0.3451263048841876,0.009057750800859738,0.6283492618956034,0.017466682419351218,78.80506657436614
87,17.41160773849233,3.75,0.2,0.5833333333333333,0.5,0.349478929738998,0.008747983308796631,0.6253227423909603,0.01645034456124688,78.80506657436614
88,17.61174116077385,3.75,0.2,0.5833333333333333,0.5,0.3537240534750552,0.008450549935762976,0.6223233478779937,0.015502048711189856,78.80506657436614
89,17.81187458305537,3.75,0.2,0.5833333333333333,0.5,0.35786373905872404,0.008164908969751541,0.6193546064181116,0.014616745553414646,78.80506657436614
90,18.01200800533689,3.75,0.2,0.5833333333333333,0.5,0.36190008146401254,0.007890541440243938,0.6164195858972605,0.013789791198484905,78.80506657436614
91,18.212141427618413,3.75,0.2,0.5833333333333333,0.5,0.3658351981837516,0.007626950622062385,0.6135209382939775,0.013016912900210368,78.80506657436614
92,18.412274849899934,3.75,0.2,0.5833333333333333,0.5,0.36967122071134595,0.007373661523521895,0.6106609400092116,0.012294177755922349,78.80506657436614
93,18.612408272181455,3.75,0.2,0.5833333333333333,0.5,0.3734102867547705,0.00713022035016436,0.6078415293339314,0.011617963561135456,78.80506657436614
94,18.812541694462976,3.75,0.2,0.5833333333333333,0.5,0.3770545339467039,0.006896193748465687,0.6050643388740268,0.010984933430805463,78.80506657436614
95,19.012675116744497,3.75,0.2,0.5833333333333333,0.5,0.38060609348099506,0.006671168234536032,0.6023307274840479,0.010392010800422834,78.80506657436614
96,19.212808539026017,3.75,0.2,0.5833333333333333,0.5,0.38406708538712664,0.006454749375762011,0.5996418066775163,0.0098363585595967,78.80506657436614
97,19.41294196130754,3.75,0.2,0.5833333333333333,0.5,0.3874396137586069,0.0062465610983881365,0.5969984668343681,0.009315358308638572,78.80506657436614
98,19.61307538358906,3.75,0.2,0.5833333333333333,0.5,0.39072576321454217,0.006046244876332431,0.5944013988536557,0.008826593055471463,78.80506657436614
99,19.81320880587058,3.75,0.2,0.5833333333333333,0.5,0.3939275951597078,0.005853459053757415,0.5918511160766592,0.008367829709877333,78.80506657436614
100,20.0133422281521,3.75,0.2,0.5833333333333333,0.5,0.3970471452644673,0.005667878046575495,0.589347971870229,0.007937004818729873,78.80506657436614
101,20.213475650433622,3.75,0.2,0.5833333333333333,0.5,0.400086420645807,0.00548919167344721,0.5868921777772607,0.0075322099034868355,78.80506657436614
102,20.413609072715143,3.75,0.2,0.5833333333333333,0.5,0.4030473981001511,0.005317104407553536,0.5844838178778468,0.007151679614450337,78.80506657436614
103,20.613742494996664,3.75,0.2,0.5833333333333333,0.5,0.40593202212604196,0.005151334705891743,0.582122863690755,0.0067937794773130725,78.80506657436614
104,20.813875917278185,3.75,0.2,0.5833333333333333,0.5,0.4087422037270722,0.004991614324545673,0.57980918592533,0.006456996023053854,78.80506657436614
105,21.014009339559706,3.75,0.2,0.5833333333333333,0.5,0.41147981898876007,0.004837687704691116,0.5775425667815198,0.006139926525030787,78.80506657436614
106,21.214142761841227,3.75,0.2,0.5833333333333333,0.5,0.41414670834895234,0.004689311334011544,0.575322709672689,0.005841270644348946,78.80506657436614
107,21.41427618412275,3.75,0.2,0.5833333333333333,0.5,0.41674467574751733,0.004546253162114148,0.5731492491276886,0.00555982196268162,78.80506657436614
108,21.61440960640427,3.75,0.2,0.5833333333333333,0.5,0.4192754884658406,0.004408292014827659,0.5710217579120466,0.005294461607286838,78.80506657436614
109,21.81454302868579,3.75,0.2,0.5833333333333333,0.5,0.42174087621355283,0.004275217121211383,0.5689397563653179,0.00504415029991954,78.80506657436614
110,22.01467645096731,3.75,0.2,0.5833333333333333,0.5,0.4241425309625971,0.004146827501035075,0.5669027197868033,0.004807921749566225,78.80506657436614
111,22.214809873248832,3.75,0.2,0.5833333333333333,0.5,0.42648210735492786,0.004022931549671374,0.5649100824272295,0.004584878668172957,78.80506657436614
112,22.414943295530353,3.75,0.2,0.5833333333333333,0.5,0.4287612224890779,0.0039033465300919055,0.5629612443957421,0.00437418658508983,78.80506657436614
113,22.615076717811874,3.75,0.2,0.5833333333333333,0.5,0.43098145583383507,0.003787898071972387,0.5610555779592152,0.004175068134979015,78.80506657436614
114,22.815210140093395,3.75,0.2,0.5833333333333333,0.5,0.43314435030068016,0.003676419873174428,0.5591924281179684,0.003986801708178701,78.80506657436614
115,23.015343562374916,3.75,0.2,0.5833333333333333,0.5,0.4352514115016209,0.0035687531115739125,0.5573711220266012,0.0038087133602056856,78.80506657436614
116,23.215476984656437,3.75,0.2,0.5833333333333333,0.5,0.43730410877833564,0.003464746326928769,0.5555909680639946,0.003640176830742708,78.80506657436614
117,23.415610406937958,3.75,0.2,0.5833333333333333,0.5,0.43930387509561525,0.003364254856881379,0.5538512628434726,0.0034806072040324335,78.80506657436614
118,23.61574382921948,3.75,0.2,0.5833333333333333,0.5,0.4412521079759389,0.003267140584201817,0.5521512918442079,0.003329459595653031,78.80506657436614
119,23.815877251501,3.75,0.2,0.5833333333333333,0.5,0.4431501699113209,0.0031732715803358628,0.5504903327645834,0.003186225743761493,78.80506657436614
120,24.01601067378252,3.75,0.2,0.5833333333333333,0.5,0.4449993887470485,0.0030825217779672405,0.5488676586863162,0.003050430788669659,78.80506657436614
121,24.216144096064042,3.75,0.2,0.5833333333333333,0.5,0.4468010585724136,0.0029947707748659313,0.5472825383070118,0.0029216323457101822,78.80506657436614
122,24.416277518345563,3.75,0.2,0.5833333333333333,0.5,0.44855643986025384,0.0029099033567861533,0.5457342413450718,0.002799415437889723,78.80506657436614
123,24.616410940627084,3.75,0.2,0.5833333333333333,0.5,0.4502667606477942,0.002827809458487672,0.544222036326149,0.0026833935675706837,78.80506657436614
124,24.816544362908605,3.75,0.2,0.5833333333333333,0.5,0.4519332169894013,0.002748383810660368,0.5427451937633244,0.0025732054366153934,78.80506657436614
125,25.016677785190126,3.75,0.2,0.5833333333333333,0.5,0.45355697343206636,0.002671525630098387,0.5413029888226839,0.0024685121151528464,78.80506657436614
126,25.216811207471647,3.75,0.2,0.5833333333333333,0.5,0.45513916387681624,0.0025971386113601744,0.5398946997347807,0.0023689977770443705,78.80506657436614
127,25.416944629753168,3.75,0.2,0.5833333333333333,0.5,0.45668089209061496,0.002525130499119107,0.5385196115744884,0.00227436583577902,78.80506657436614
128,25.61707805203469,3.75,0.2,0.5833333333333333,0.5,0.4581832324313635,0.002455412992893378,0.5371770159618059,0.002184338613938595,78.80506657436614
129,25.81721147431621,3.75,0.2,0.5833333333333333,0.5,0.45964723055078865,0.0023879016169209262,0.5358662111899015,0.0020986566423903045,78.80506657436614
130,26.01734489659773,3.75,0.2,0.5833333333333333,0.5,0.4610739039831288,0.002322515383409219,0.5345865048385856,0.002017075794877692,78.80506657436614
131,26.21747831887925,3.75,0.2,0.5833333333333333,0.5,0.46246424296128613,0.00225917676690218,0.5333372123411846,0.001939367930628445,78.80506657436614
132,26.417611741160773,3.75,0.2,0.5833333333333333,0.5,0.46381921103654317,0.0021978114560706648,0.5321176586273582,0.0018653188800293748,78.80506657436614
133,26.617745163442294,3.75,0.2,0.5833333333333333,0.5,0.4651397457030044,0.002138348190958023,0.530927178803169,0.0017947273028699148,78.80506657436614
134,26.817878585723815,3.75,0.2,0.5833333333333333,0.5,0.46642675897474195,0.00208071874460545,0.5297651173872118,0.0017274048934421743,78.80506657436614
135,27.018012008005336,3.75,0.2,0.5833333333333333,0.5,0.4676811381470393,0.0020248576320885214,0.5286308299593275,0.0016631742615459439,78.80506657436614
136,27.218145430286857,3.75,0.2,0.5833333333333333,0.5,0.4689037463644694,0.001970702068780276,0.5275236826147676,0.0016018689519840495,78.80506657436614
137,27.418278852568378,3.75,0.2,0.5833333333333333,0.5,0.4700954232497727,0.0019181918496360229,0.5264430521353531,0.001543332765239474,78.80506657436614
138,27.6184122748499,3.75,0.2,0.5833333333333333,0.5,0.47125698558161006,0.001867269157400882,0.525388326835476,0.0014874184255144764,78.80506657436614
139,27.81854569713142,3.75,0.2,0.5833333333333333,0.5,0.4723892277807997,0.0018178785537062312,0.5243589058013268,0.0014339878641685306,78.80506657436614
140,28.01867911941294,3.75,0.2,0.5833333333333333,0.5,0.4734929226102078,0.0017699667965309794,0.5233541995884382,0.0013829110048242364,78.80506657436614
141,28.21881254169446,3.75,0.2,0.5833333333333333,0.5,0.4745688218305597,0.0017234827328376026,0.5223736302260243,0.0013340652105797313,78.80506657436614
142,28.418945963975982,3.75,0.2,0.5833333333333333,0.5,0.47561765617473184,0.0016783773521040208,0.5214166307350167,0.001287335738148781,78.80506657436614
143,28.619079386257503,3.75,0.2,0.5833333333333333,0.5,0.47664013704642016,0.0016346034326690112,0.5204826458619036,0.0012426136590085507,78.80506657436614
144,28.819212808539024,3.75,0.2,0.5833333333333333,0.5,0.47763695610896556,0.0015921156822447024,0.5195711313553703,0.0011997968534207665,78.80506657436614
145,29.019346230820545,3.75,0.2,0.5833333333333333,0.5,0.4786087861510927,0.001550870559879863,0.5186815543265054,0.001158788962523306,78.80506657436614
146,29.219479653102066,3.75,0.2,0.5833333333333333,0.5,0.4795562811028459,0.0015108262491177805,0.5178133934893592,0.0011194991586783165,78.80506657436614
147,29.419613075383587,3.75,0.2,0.5833333333333333,0.5,0.48048007796510545,0.0014719424378108613,0.5169661381459302,0.0010818414511547226,78.80506657436614
148,29.61974649766511,3.75,0.2,0.5833333333333333,0.5,0.4813807962183624,0.0014341803899663142,0.5161392884536182,0.0010457349380543159,78.80506657436614
149,29.81987991994663,3.75,0.2,0.5833333333333333,0.5,0.4822590365718455,0.0013975030975688805,0.5153323559938409,0.0010111043367461536,78.80506657436614
150,30.02001334222815,3.75,0.2,0.5833333333333333,0.5,0.48311538496404643,0.001361874738684637,0.5145448628001456,0.000977877497124771,78.80506657436614
151,30.22014676450967,3.75,0.2,0.5833333333333333,0.5,0.48395041217306756,0.001327260731267433,0.5137763414374598,0.0009459856582066177,78.80506657436614
152,30.420280186791192,3.75,0.2,0.5833333333333333,0.5,0.4847646708769072,0.0012936281391023683,0.5130263355999357,0.0009153653840561975,78.80506657436614
153,30.620413609072713,3.75,0.2,0.5833333333333333,0.5,0.48555870002591733,0.0012609450881601871,0.5122943989015697,0.0008859559843542651,78.80506657436614
154,30.820547031354234,3.75,0.2,0.5833333333333333,0.5,0.48633302523456645,0.0012291807151022423,0.511580094755156,0.0008576992951767415,78.80506657436614
155,31.020680453635755,3.75,0.2,0.5833333333333333,0.5,0.48708815526877997,0.0011983056289997284,0.5108829974576279,0.0008305416445937706,78.80506657436614
156,31.220813875917276,3.75,0.2,0.5833333333333333,0.5,0.48782458604036505,0.001168291402056604,0.5102026907246398,0.0008044318329399656,78.80506657436614
157,31.420947298198797,3.75,0.2,0.5833333333333333,0.5,0.48854280171827763,0.0011391104305140268,0.5095387672449351,0.0007793206062746835,78.80506657436614
158,31.621080720480318,3.75,0.2,0.5833333333333333,0.5,0.4892432709047158,0.0011107364132828203,0.50889083021378,0.0007551624682227612,78.80506657436614
159,31.82121414276184,3.75,0.2,0.5833333333333333,0.5,0.48992645027920984,0.0010831439190927858,0.5082584917909695,0.0007319140107293189,78.80506657436614
160,32.021347565043364,3.75,0.2,0.5833333333333333,0.5,0.49059278604327766,0.0010563082213897075,0.5076413724670086,0.0007095332683254993,78.80506657436614
161,32.22148098732488,3.75,0.2,0.5833333333333333,0.5,0.49124270974216505,0.0010302057757371381,0.5070391028966427,0.0006879815854565896,78.80506657436614
162,32.421614409606406,3.75,0.2,0.5833333333333333,0.5,0.4918766405757791,0.0010048139599908698,0.5064513228550784,0.000667222609153034,78.80506657436614
163,32.62174783188792,3.75,0.2,0.5833333333333333,0.5,0.4924949900044282,0.000980110576960824,0.5058776790134702,0.0006472204051421105,78.80506657436614
164,32.82188125416945,3.75,0.2,0.5833333333333333,0.5,0.49309815653954464,0.0009560744167833177,0.5053178274558999,0.0006279415877735831,78.80506657436614
165,33.022014676450965,3.75,0.2,0.5833333333333333,0.5,0.49368652642194855,0.0009326851837633236,0.5047714333504756,0.0006093550438140284,78.80506657436614
166,33.22214809873249,3.75,0.2,0.5833333333333333,0.5,0.49426047743084056,0.0009099230989017323,0.5042381688586178,0.0005914306116412964,78.80506657436614
167,33.42228152101401,3.75,0.2,0.5833333333333333,0.5,0.49482037799559614,0.0008877689920659068,0.5037177136319699,0.0005741393803694837,78.80506657436614
168,33.62241494329553,3.75,0.2,0.5833333333333333,0.5,0.49536658454892896,0.000866204576656185,0.5032097562931805,0.0005574545812357327,78.80506657436614
169,33.82254836557705,3.75,0.2,0.5833333333333333,0.5,0.49589944392786517,0.0008452122068853965,0.5027139930509528,0.000541350814298101,78.80506657436614
170,34.02268178785857,3.75,0.2,0.5833333333333333,0.5,0.49641929646338073,0.0008247745758281485,0.5022301258504781,0.0005258031103144728,78.80506657436614
171,34.22281521014009,3.75,0.2,0.5833333333333333,0.5,0.4969264713616447,0.0008048751668125887,0.5017578651383869,0.0005107883331573061,78.80506657436614
172,34.422948632421615,3.75,0.2,0.5833333333333333,0.5,0.4974212874486955,0.0007854981769951123,0.501296929432871,0.000496284941439979,78.80506657436614
173,34.62308205470313,3.75,0.2,0.5833333333333333,0.5,0.49790405980406965,0.0007666279132401156,0.5008470411598284,0.0004822711228633965,78.80506657436614
174,34.82321547698466,3.75,0.2,0.5833333333333333,0.5,0.4983750912014624,0.0007482495699848716,0.5004079320325697,0.00046872719598448174,78.80506657436614
175,35.023348899266175,3.75,0.2,0.5833333333333333,0.5,0.49883467699263623,0.0007303487853944147,0.4999793399821897,0.0004556342397812174,78.80506657436614
176,35.2234823215477,3.75,0.2,0.5833333333333333,0.5,0.4992831049401744,0.0007129116609318882,0.4995610091907671,0.00044297420812802144,78.80506657436614
177,35.42361574382922,3.75,0.2,0.5833333333333333,0.5,0.4997206567921074,0.0006959246221301639,0.49915268903797566,0.00043072954778818035,78.80506657436614
178,35.62374916611074,3.75,0.2,0.5833333333333333,0.5,0.5001476052458764,0.0006793746847881461,0.4987541361691406,0.00041888390019614955,78.80506657436614
179,35.82388258839226,3.75,0.2,0.5833333333333333,0.5,0.5005642157364332,0.0006632492969712943,0.49836511329732625,0.0004074216692706952,78.80506657436614
180,36.02401601067378,3.75,0.2,0.5833333333333333,0.5,0.5009707468445384,0.0006475363023760312,0.49798538893939204,0.00039632791369490964,78.80506657436614
181,36.2241494329553,3.75,0.2,0.5833333333333333,0.5,0.5013674501549829,0.0006322239850335017,0.4976147373712975,0.0003855884886875596,78.80506657436614
182,36.424282855236825,3.75,0.2,0.5833333333333333,0.5,0.5017545707198421,0.0006173010223391115,0.49725293835251405,0.00037518990530617465,78.80506657436614
183,36.62441627751834,3.75,0.2,0.5833333333333333,0.5,0.5021323479170146,0.0006027563781890776,0.49689977669959107,0.0003651190052067424,78.80506657436614
184,36.82454969979987,3.75,0.2,0.5833333333333333,0.5,0.5025010155308458,0.0005885793139858262,0.49655504215658675,0.00035536299858307275,78.80506657436614
185,37.024683122081385,3.75,0.2,0.5833333333333333,0.5,0.502860801998357,0.0005747593678775767,0.49621852922033866,0.0003459094134281059,78.80506657436614
186,37.22481654436291,3.75,0.2,0.5833333333333333,0.5,0.5032119271542648,0.0005612866402161906,0.4958900389080307,0.000336747297489763,78.80506657436614
187,37.42494996664443,3.75,0.2,0.5833333333333333,0.5,0.5035546050948345,0.0005481515438573867,0.495569377130335,0.00032786623097449914,78.80506657436614
188,37.62508338892595,3.75,0.2,0.5833333333333333,0.5,0.503889045505662,0.0005353446888069836,0.4952563539166913,0.00031925588884099425,78.80506657436614
189,37.82521681120747,3.75,0.2,0.5833333333333333,0.5,0.5042154528321746,0.0005228569555444239,0.4949507838373371,0.0003109063749452181,78.80506657436614
190,38.02535023348899,3.75,0.2,0.5833333333333333,0.5,0.5045340263796019,0.0005106794909674332,0.49465248592551997,0.0003028082039119991,78.80506657436614
191,38.22548365577051,3.75,0.2,0.5833333333333333,0.5,0.5048449594281484,0.0004988038281020052,0.49436128429802756,0.00029495244572331987,78.80506657436614
192,38.425617078052035,3.75,0.2,0.5833333333333333,0.5,0.5051484405518917,0.0004872217288577252,0.4940770072130631,0.0002873305061888251,78.80506657436614
193,38.62575050033355,3.75,0.2,0.5833333333333333,0.5,0.5054446537148426,0.00047592518046401155,0.493799486995231,0.00027993410946367865,78.80506657436614
194,38.82588392261508,3.75,0.2,0.5833333333333333,0.5,0.5057337782502301,0.000464906406582224,0.49352856004332785,0.00027275529986107896,78.80506657436614
195,39.026017344896594,3.75,0.2,0.5833333333333333,0.5,0.5060159888688064,0.00045415787512497326,0.4932640668185343,0.00026578643753561674,78.80506657436614
196,39.22615076717812,3.75,0.2,0.5833333333333333,0.5,0.5062914551485271,0.0004436723724611576,0.4930058522036987,0.000259020275314252,78.80506657436614
197,39.426284189459636,3.75,0.2,0.5833333333333333,0.5,0.5065603425897335,0.00043344287723169606,0.4927537647424578,0.0002524497905783352,78.80506657436614
198,39.62641761174116,3.75,0.2,0.5833333333333333,0.5,0.5068228125188015,0.0004234625815650495,0.49250765670231267,0.00024606819732203285,78.80506657436614
199,39.82655103402268,3.75,0.2,0.5833333333333333,0.5,0.5070790221573995,0.00041372489109460373,0.4922673840192082,0.00023986893229888104,78.80506657436614
200,40.0266844563042,3.75,0.2,0.5833333333333333,0.5,0.5073291259443313,0.0004042233051192789,0.49203280511390346,0.00023384563664720408,78.80506657436614
201,40.22681787858572,3.75,0.2,0.5833333333333333,0.5,0.5075732699079852,0.00039495181490134014,0.49180378542142406,0.00022799285569071815,78.80506657436614
202,40.426951300867245,3.75,0.2,0.5833333333333333,0.5,0.5078116024741856,0.0003859041413871478,0.49158018870425896,0.00022230468016966486,78.80506657436614
203,40.62708472314876,3.75,0.2,0.5833333333333333,0.5,0.5080442652587683,0.0003770744179412166,0.49136188460464436,0.0002167757186474494,78.80506657436614
204,40.82721814543029,3.75,0.2,0.5833333333333333,0.5,0.5082713966881102,0.00036845691061975806,0.49114874562356736,0.0002114007777040068,78.80506657436614
205,41.027351567711804,3.75,0.2,0.5833333333333333,0.5,0.5084931316583181,0.00036004606859490947,0.49094064742641513,0.00020617484667316007,78.80506657436614
206,41.22748498999333,3.75,0.2,0.5833333333333333,0.5,0.5087096013793737,0.00035183654721414694,0.49073746898275056,0.00020109309066288587,78.80506657436614
207,41.427618412274846,3.75,0.2,0.5833333333333333,0.5,0.5089209339474892,0.00034382312331806425,0.4905390920530068,0.00019615087618733178,78.80506657436614
208,41.62775183455637,3.75,0.2,0.5833333333333333,0.5,0.509127254183747,0.00033600072929058125,0.49034540134084964,0.00019134374611416827,78.80506657436614
209,41.82788525683789,3.75,0.2,0.5833333333333333,0.5,0.5093286839674537,0.00032836445121217075,0.4901562842299048,0.00018666735143074768,78.80506657436614
210,42.02801867911941,3.75,0.2,0.5833333333333333,0.5,0.5095253418119823,0.00032090953141442855,0.4899716311188988,0.0001821175377058222,78.80506657436614
211,42.22815210140093,3.75,0.2,0.5833333333333333,0.5,0.5097173429780947,0.0003136313659378924,0.48979133532948627,0.00017769032648250535,78.80506657436614
212,42.428285523682455,3.75,0.2,0.5833333333333333,0.5,0.5099048004924717,0.00030652543020862516,0.4896152922049226,0.00017338187239842305,78.80506657436614
213,42.62841894596397,3.75,0.2,0.5833333333333333,0.5,0.5100878245316764,0.00029958732519087675,0.4894433996569117,0.00016918848622231796,78.80506657436614
214,42.8285523682455,3.75,0.2,0.5833333333333333,0.5,0.510266522049219,0.00029281280532687435,0.4892755584966556,0.0001651066487998948,78.80506657436614
215,43.028685790527014,3.75,0.2,0.5833333333333333,0.5,0.5104409974618492,0.00028619773845435536,0.4891116718443615,0.00016113295533635546,78.80506657436614
216,43.22881921280854,3.75,0.2,0.5833333333333333,0.5,0.5106113530894505,0.0002797380846071604,0.4889516447581729,0.00015726406777090743,78.80506657436614
217,43.428952635090056,3.75,0.2,0.5833333333333333,0.5,0.5107776881579783,0.00027342994406574236,0.48879538507523296,0.00015349682272455603,78.80506657436614
218,43.62908605737158,3.75,0.2,0.5833333333333333,0.5,0.5109400991768035,0.00026726953912372466,0.4886428030931736,0.00014982819090062803,78.80506657436614
219,43.8292194796531,3.75,0.2,0.5833333333333333,0.5,0.5110986813179829,0.00026125314134855724,0.48849381038005213,0.00014625516061790862,78.80506657436614
220,44.02935290193462,3.75,0.2,0.5833333333333333,0.5,0.5112535264444062,0.0002553771756330585,0.48834832147596546,0.00014277490399679062,78.80506657436614
221,44.22948632421614,3.75,0.2,0.5833333333333333,0.5,0.5114047242118211,0.0002496381620122152,0.48820625294183817,0.00013938468433008023,78.80506657436614
222,44.429619746497664,3.75,0.2,0.5833333333333333,0.5,0.5115523627249295,0.00024403267849396735,0.48806752277542387,0.00013608182115414016,78.80506657436614
223,44.62975316877918,3.75,0.2,0.5833333333333333,0.5,0.5116965278391596,0.00023855739988623315,0.48793205102770765,0.00013286373324802707,78.80506657436614
224,44.829886591060706,3.75,0.2,0.5833333333333333,0.5,0.5118373027386203,0.00023320912133566955,0.4877997601759785,0.00012972796406704066,78.80506657436614
225,45.030020013342224,3.75,0.2,0.5833333333333333,0.5,0.511974768456129,0.00022798472971759828,0.4876705746668954,0.00012667214725939577,78.80506657436614
226,45.23015343562375,3.75,0.2,0.5833333333333333,0.5,0.5121090039563735,0.0002228811992088388,0.487544420844451,0.0001236939999680654,78.80506657436614
227,45.430286857905266,3.75,0.2,0.5833333333333333,0.5,0.5122400862190727,0.0002178955868605438,0.48742122687793554,0.00012079131613262587,78.80506657436614
228,45.63042028018679,3.75,0.2,0.5833333333333333,0.5,0.5123680903221922,0.0002130250281705198,0.4873009226898446,0.00011796195979407015,78.80506657436614
229,45.83055370246831,3.75,0.2,0.5833333333333333,0.5,0.5124930896932112,0.00020826673104578904,0.4871834397080135,0.00011520386773100157,78.80506657436614
230,46.03068712474983,3.75,0.2,0.5833333333333333,0.5,0.5126151561246656,0.0002036179720231305,0.4870687108643058,0.00011251503900687717,78.80506657436614
231,46.23082054703135,3.75,0.2,0.5833333333333333,0.5,0.512734359681932,0.00019907609352185586,0.4869566707060139,0.00010989351853366323,78.80506657436614
232,46.430953969312874,3.75,0.2,0.5833333333333333,0.5,0.5128507688997541,0.0001946384983307227,0.48684725520524813,0.00010733739666847917,78.80506657436614
233,46.63108739159439,3.75,0.2,0.5833333333333333,0.5,0.5129644508684404,0.00019030264515168318,0.48674040168372523,0.00010484480268405329,78.80506657436614
234,46.831220813875916,3.75,0.2,0.5833333333333333,0.5,0.5130754713200629,0.00018606604414362962,0.4866360487375556,0.00010241389823917702,78.80506657436614
235,47.03135423615743,3.75,0.2,0.5833333333333333,0.5,0.513183894714655,0.0001819262524661429,0.48653413616203106,0.0001000428708491608,78.80506657436614
236,47.23148765843896,3.75,0.2,0.5833333333333333,0.5,0.5132897827527878,0.00017788095415555258,0.4864346062080816,9.773008497641692e-05,78.80506657436614
237,47.431621080720475,3.75,0.2,0.5833333333333333,0.5,0.5133931941793418,0.0001739279708043043,0.4863374037460653,9.547410378993159e-05,78.80506657436614
238,47.631754503002,3.75,0.2,0.5833333333333333,0.5,0.5134941878612406,0.00017006509678458583,0.48624247365898454,9.32733829916494e-05,78.80506657436614
239,47.83188792528352,3.75,0.2,0.5833333333333333,0.5,0.513592821293094,0.00016629017949597083,0.4861497621048097,9.11264226015562e-05,78.80506657436614
240,48.03202134756504,3.75,0.2,0.5833333333333333,0.5,0.5136891506331289,0.00016260111760307028,0.48605921648380607,8.903176546313975e-05,78.80506657436614
241,48.23215476984656,3.75,0.2,0.5833333333333333,0.5,0.5137832307529003,0.00015899585853463937,0.48597078539419775,8.698799436848099e-05,78.80506657436614
242,48.432288192128084,3.75,0.2,0.5833333333333333,0.5,0.5138751152870032,0.00015547239598268206,0.48588441858783193,8.499372918334426e-05,78.80506657436614
243,48.6324216144096,3.75,0.2,0.5833333333333333,0.5,0.5139648563452514,0.00015202878700355522,0.48580006721279406,8.304765495223048e-05,78.80506657436614
244,48.832555036691126,3.75,0.2,0.5833333333333333,0.5,0.5140525042319647,0.0001486631687062394,0.4857176840499793,8.114854935097068e-05,78.80506657436614
245,49.03268845897264,3.75,0.2,0.5833333333333333,0.5,0.5141381085157023,0.00014537369651436964,0.485637222601594,7.929518619062472e-05,78.80506657436614
246,49.23282188125417,3.75,0.2,0.5833333333333333,0.5,0.5142217176164121,0.00014215856852829446,0.48555863744006283,7.748637499810726e-05,78.80506657436614
247,49.432955303535685,3.75,0.2,0.5833333333333333,0.5,0.5143033788259248,0.00013901602472100568,0.4854818841885325,7.572096082302226e-05,78.80506657436614
248,49.63308872581721,3.75,0.2,0.5833333333333333,0.5,0.5143831383472881,0.00013594434503989147,0.4854069194853582,7.399782231520768e-05,78.80506657436614
249,49.83322214809873,3.75,0.2,0.5833333333333333,0.5,0.5144610413341009,0.00013294184750849071,0.48533370094858974,7.231586980228125e-05,78.80506657436614
250,50.03335557038025,3.75,0.2,0.5833333333333333,0.5,0.5145371317383256,0.0001300069036645178,0.4852621873175878,7.06740404234578e-05,78.80506657436614
251,50.23348899266177,3.75,0.2,0.5833333333333333,0.5,0.5146114519419384,0.0001271379735644893,0.4851923387945577,6.907128994092669e-05,78.80506657436614
252,50.433622414943294,3.75,0.2,0.5833333333333333,0.5,0.5146840436653007,0.0001243335252216725,0.4851241162053044,6.75066041746397e-05,78.80506657436614
253,50.63375583722481,3.75,0.2,0.5833333333333333,0.5,0.5147549476709596,0.00012159206307989318,0.48505748127403925,6.597899192263227e-05,78.80506657436614
254,50.833889259506336,3.75,0.2,0.5833333333333333,0.5,0.5148242037601602,0.00011891212999137834,0.4849923966274693,6.448748238040185e-05,78.80506657436614
255,51.03402268178785,3.75,0.2,0.5833333333333333,0.5,0.5148918508040525,0.00011629230605426681,0.4849288257668011,6.303112309352096e-05,78.80506657436614
256,51.23415610406938,3.75,0.2,0.5833333333333333,0.5,0.5149579267748966,0.0001137312074501181,0.4848667330397444,6.160897791024948e-05,78.80506657436614
257,51.4342895263509,3.75,0.2,0.5833333333333333,0.5,0.5150224687104342,0.00011122748308859492,0.4848060836604214,6.022014605715183e-05,78.80506657436614
258,51.63442294863242,3.75,0.2,0.5833333333333333,0.5,0.515085512484636,0.0001087798048995021,0.4847468438680577,5.886384240825675e-05,78.80506657436614
259,51.834556370913944,3.75,0.2,0.5833333333333333,0.5,0.5151470932866731,0.00010638688136119604,0.48468898057804355,5.753925392361577e-05,78.80506657436614
260,52.03468979319546,3.75,0.2,0.5833333333333333,0.5,0.5152072455127699,0.00010404745176597946,0.4846324614538215,5.624558164405132e-05,78.80506657436614
261,52.234823215476986,3.75,0.2,0.5833333333333333,0.5,0.5152660027615361,0.00010176028388062349,0.4845772549046033,5.498204998141144e-05,78.80506657436614
262,52.4349566377585,3.75,0.2,0.5833333333333333,0.5,0.5153233978610372,9.95241726481847e-05,0.48452333006033776,5.3747905978285854e-05,78.80506657436614
263,52.63509006004003,3.75,0.2,0.5833333333333333,0.5,0.5153794628958649,9.733793888982065e-05,0.4844706567466791,5.2542418567721234e-05,78.80506657436614
264,52.835223482321545,3.75,0.2,0.5833333333333333,0.5,0.5154342291894279,9.520043062172802e-05,0.48441920550071205,5.1364879239800126e-05,78.80506657436614
265,53.03535690460307,3.75,0.2,0.5833333333333333,0.5,0.5154877270224871,9.311053977565735e-05,0.48436894782674383,5.0214610994918e-05,78.80506657436614
266,53.23549032688459,3.75,0.2,0.5833333333333333,0.5,0.515539986109342,9.106717467202256e-05,0.48431985576249437,4.9090953493180156e-05,78.80506657436614
267,53.43562374916611,3.75,0.2,0.5833333333333333,0.5,0.5155910355284242,8.906926435603042e-05,0.4842719019418761,4.799326534522201e-05,78.80506657436614
268,53.63575717144763,3.75,0.2,0.5833333333333333,0.5,0.5156409036926621,8.711576061115783e-05,0.48422505962157486,4.6920925153506834e-05,78.80506657436614
269,53.835890593729154,3.75,0.2,0.5833333333333333,0.5,0.5156896183721797,8.520563691624425e-05,0.4841793026599963,4.58733309093729e-05,78.80506657436614
270,54.03602401601067,3.75,0.2,0.5833333333333333,0.5,0.515737206716996,8.333788740258524e-05,0.484134605496213,4.4849899390081274e-05,78.80506657436614
271,54.236157438292196,3.75,0.2,0.5833333333333333,0.5,0.515783695247207,8.151152930316349e-05,0.48409094316105566,4.3850062435849034e-05,78.80506657436614
272,54.43629086057371,3.75,0.2,0.5833333333333333,0.5,0.5158291094607794,7.972564646810821e-05,0.48404829166621743,4.287322653670009e-05,78.80506657436614
273,54.63642428285524,3.75,0.2,0.5833333333333333,0.5,0.5158734743702142,7.797933312507415e-05,0.48400662747511786,4.191882154442761e-05,78.80506657436614
274,54.836557705136755,3.75,0.2,0.5833333333333333,0.5,0.515916814487541,7.627169688565516e-05,0.4839659275191231,4.098629645181979e-05,78.80506657436614
275,55.03669112741828,3.75,0.2,0.5833333333333333,0.5,0.5159591537444683,7.460186871555258e-05,0.48392616927786747,4.00751089501919e-05,78.80506657436614
276,55.2368245496998,3.75,0.2,0.5833333333333333,0.5,0.5160005155094196,7.296900249989822e-05,0.483887330763799,3.91847242830179e-05,78.80506657436614
277,55.43695797198132,3.75,0.2,0.5833333333333333,0.5,0.5160409226045688,7.137227460857616e-05,0.48384939050672454,3.831461409956164e-05,78.80506657436614
278,55.63709139426284,3.75,0.2,0.5833333333333333,0.5,0.5160803993627184,6.981078796354681e-05,0.48381232561985277,3.746422946675916e-05,78.80506657436614
279,55.837224816544364,3.75,0.2,0.5833333333333333,0.5,0.5161189622833684,6.82839803287264e-05,0.4837761205422854,3.6633194018936754e-05,78.80506657436614
280,56.03735823882588,3.75,0.2,0.5833333333333333,0.5,0.5161566362676799,6.679089770732863e-05,0.483740751822133,3.5821012481277176e-05,78.80506657436614
281,56.237491661107406,3.75,0.2,0.5833333333333333,0.5,0.5161934418174661,6.533079261352386e-05,0.48370620015445404,3.5027235467922885e-05,78.80506657436614
282,56.43762508338892,3.75,0.2,0.5833333333333333,0.5,0.5162293990369389,6.390293034658693e-05,0.48367244660757275,3.4251425143391576e-05,78.80506657436614
283,56.63775850567045,3.75,0.2,0.5833333333333333,0.5,0.5162645276327094,6.250658899089673e-05,0.4836394726230788,3.3493155222575976e-05,78.80506657436614
284,56.837891927951965,3.75,0.2,0.5833333333333333,0.5,0.5162988469137874,6.114105941593658e-05,0.4836072600158276,3.275201097074407e-05,78.80506657436614
285,57.03802535023349,3.75,0.2,0.5833333333333333,0.5,0.5163323757907046,5.980564526552282e-05,0.48357579097467235,3.20275893592564e-05,78.80506657436614
286,57.23815877251501,3.75,0.2,0.5833333333333333,0.5,0.5163651326857472,5.849966185576194e-05,0.48354504813740096,3.1319514997843114e-05,78.80506657436614
287,57.43829219479653,3.75,0.2,0.5833333333333333,0.5,0.5163971355754334,5.722243669652812e-05,0.48351501455527623,3.06274325955793e-05,78.80506657436614
288,57.63842561707805,3.75,0.2,0.5833333333333333,0.5,0.516428402048231,5.597331020005211e-05,0.48348567364485384,2.9950996716797475e-05,78.80506657436614
289,57.83855903935957,3.75,0.2,0.5833333333333333,0.5,0.5164589492673668,5.475163793649134e-05,0.48345700922262413,2.9289872074343278e-05,78.80506657436614
290,58.03869246164109,3.75,0.2,0.5833333333333333,0.5,0.5164887939332847,5.355682060943746e-05,0.48342900557669977,2.8643669407789257e-05,78.80506657436614
291,58.238825883922615,3.75,0.2,0.5833333333333333,0.5,0.5165179523226587,5.2388272905980475e-05,0.48340164739231956,2.8012012117486812e-05,78.80506657436614
292,58.43895930620413,3.75,0.2,0.5833333333333333,0.5,0.51654644028796,5.124542384188399e-05,0.48337491975267366,2.739453552618961e-05,78.80506657436614
293,58.63909272848566,3.75,0.2,0.5833333333333333,0.5,0.5165742733172448,5.012771341662757e-05,0.48334880808145175,2.679088788845217e-05,78.80506657436614
294,58.839226150767175,3.75,0.2,0.5833333333333333,0.5,0.5166014667362483,4.903456699446122e-05,0.48332329793035883,2.6200766400053904e-05,78.80506657436614
295,59.0393595730487,3.75,0.2,0.5833333333333333,0.5,0.5166280353942775,4.7965435122951476e-05,0.4832983753093712,2.5623861229930577e-05,78.80506657436614
296,59.23949299533022,3.75,0.2,0.5833333333333333,0.5,0.5166539937520865,4.6919782393297145e-05,0.4832740265943439,2.5059871177868802e-05,78.80506657436614
297,59.43962641761174,3.75,0.2,0.5833333333333333,0.5,0.5166793559694681,4.58970847013469e-05,0.48325023844542236,2.45085004096549e-05,78.80506657436614
298,59.63975983989326,3.75,0.2,0.5833333333333333,0.5,0.51670413593841,4.489682882030729e-05,0.48322699777692507,2.3969455846174356e-05,78.80506657436614
299,59.83989326217478,3.75,0.2,0.5833333333333333,0.5,0.5167283471491834,4.3918514126506825e-05,0.4832042918789833,2.3442457708415667e-05,78.80506657436614
300,60.0400266844563,3.75,0.2,0.5833333333333333,0.5,0.5167520048604248,4.296157298638555e-05,0.48318210637139425,2.2927195196112203e-05,78.80506657436614
301,60.240160106737825,3.75,0.2,0.5833333333333333,0.5,0.5167751162017836,4.20257445884761e-05,0.48316043455069896,2.242350293060375e-05,78.80506657436614
302,60.44029352901934,3.75,0.2,0.5833333333333333,0.5,0.5167976984950858,4.11103878204517e-05,0.483139260094068,2.1931023027359805e-05,78.80506657436614
303,60.64042695130087,3.75,0.2,0.5833333333333333,0.5,0.5168197633299231,4.021507450468374e-05,0.483118572087499,2.1449508074913753e-05,78.80506657436614
304,60.840560373582385,3.75,0.2,0.5833333333333333,0.5,0.5168413222775293,3.933937673398208e-05,0.4830983596338671,2.0978711871245838e-05,78.80506657436614
305,61.04069379586391,3.75,0.2,0.5833333333333333,0.5,0.5168623867629322,3.848286875500976e-05,0.48307861197046775,2.0518397846738747e-05,78.80506657436614
306,61.24082721814543,3.75,0.2,0.5833333333333333,0.5,0.5168829682662038,3.764512400353569e-05,0.48305931828398907,2.0068325805316613e-05,78.80506657436614
307,61.44096064042695,3.75,0.2,0.5833333333333333,0.5,0.5169030782898975,3.682571558414587e-05,0.4830404677404503,1.962825406979709e-05,78.80506657436614
308,61.64109406270847,3.75,0.2,0.5833333333333333,0.5,0.5169227279878474,3.602422891092439e-05,0.48302204983433283,1.919794891054402e-05,78.80506657436614
309,61.84122748498999,3.75,0.2,0.5833333333333333,0.5,0.5169419272505721,3.524029399198016e-05,0.48300405525004786,1.877720538975901e-05,78.80506657436614
310,62.04136090727151,3.75,0.2,0.5833333333333333,0.5,0.5169606866789797,3.4473515759241196e-05,0.4829864740028835,1.8365802379372987e-05,78.80506657436614
311,62.241494329553035,3.75,0.2,0.5833333333333333,0.5,0.5169790169682998,3.372349581515203e-05,0.48296929601928507,1.796351660165786e-05,78.80506657436614
312,62.44162775183455,3.75,0.2,0.5833333333333333,0.5,0.516996928127494,3.2989860565842496e-05,0.48295251187282473,1.757013911726164e-05,78.80506657436614
313,62.64176117411608,3.75,0.2,0.5833333333333333,0.5,0.5170144290340887,3.2272277310656485e-05,0.4829361132039764,1.7185484626153534e-05,78.80506657436614
314,62.841894596397594,3.75,0.2,0.5833333333333333,0.5,0.5170315294302585,3.157038209812855e-05,0.4829200908378821,1.680934976300913e-05,78.80506657436614
315,63.04202801867912,3.75,0.2,0.5833333333333333,0.5,0.51704823715918,3.088387940018818e-05,0.4829044373901599,1.6441571261716476e-05,78.80506657436614
316,63.242161440960636,3.75,0.2,0.5833333333333333,0.5,0.5170645662356709,3.021225130699232e-05,0.48288913965746916,1.6081855554856748e-05,78.80506657436614
317,63.44229486324216,3.75,0.2,0.5833333333333333,0.5,0.517080520768706,2.9555336844337807e-05,0.4828741937762353,1.573011821616427e-05,78.80506657436614
318,63.64242828552368,3.75,0.2,0.5833333333333333,0.5,0.5170961101940947,2.8912783097067962e-05,0.4828595908604556,1.5386162354413674e-05,78.80506657436614
319,63.8425617078052,3.75,0.2,0.5833333333333333,0.5,0.5171113437035645,2.828424594757841e-05,0.48284532225426346,1.5049796226267112e-05,78.80506657436614
320,64.04269513008673,3.75,0.2,0.5833333333333333,0.5,0.5171262293626685,2.766942195759764e-05,0.4828313803637174,1.4720851658354448e-05,78.80506657436614
321,64.24282855236824,3.75,0.2,0.5833333333333333,0.5,0.5171407750831927,2.706801322213686e-05,0.482817757739848,1.4399163739017503e-05,78.80506657436614
322,64.44296197464976,3.75,0.2,0.5833333333333333,0.5,0.5171549888461259,2.6479719310633225e-05,0.4828044468684036,1.408456616170355e-05,78.80506657436614
323,64.64309539693129,3.75,0.2,0.5833333333333333,0.5,0.5171688783510038,2.590424994080309e-05,0.482791440500509,1.3776898548230765e-05,78.80506657436614
324,64.84322881921281,3.75,0.2,0.5833333333333333,0.5,0.5171824510159093,2.534132497864188e-05,0.48277873165266505,1.3476006448788121e-05,78.80506657436614
325,65.04336224149432,3.75,0.2,0.5833333333333333,0.5,0.5171957139774725,2.4790674438424154e-05,0.48276631360674893,1.3181741341935439e-05,78.80506657436614
326,65.24349566377585,3.75,0.2,0.5833333333333333,0.5,0.5172086740908706,2.4252038482703448e-05,0.48275417991001396,1.2893960634603304e-05,78.80506657436614
327,65.44362908605737,3.75,0.2,0.5833333333333333,0.5,0.5172213381022495,2.372516122436736e-05,0.4827423242125458,1.2612523982097609e-05,78.80506657436614
328,65.6437625083389,3.75,0.2,0.5833333333333333,0.5,0.51723371358128,2.320975720461217e-05,0.48273073938813255,1.233727338458279e-05,78.80506657436614
329,65.8438959306204,3.75,0.2,0.5833333333333333,0.5,0.5172458072907409,2.270557000055905e-05,0.4827194190712753,1.2068067985029114e-05,78.80506657436614
330,66.04402935290193,3.75,0.2,0.5833333333333333,0.5,0.5172576256174723,2.221235673402521e-05,0.48270835725092404,1.180477487138141e-05,78.80506657436614
331,66.24416277518345,3.75,0.2,0.5833333333333333,0.5,0.517269174734676,2.172988223743384e-05,0.4826975481174757,1.1547265612600433e-05,78.80506657436614
332,66.44429619746498,3.75,0.2,0.5833333333333333,0.5,0.5172804606019146,2.1257919053814e-05,0.48268698606277466,1.1295416258662789e-05,78.80506657436614
333,66.64442961974649,3.75,0.2,0.5833333333333333,0.5,0.517291488965112,2.0796247436800665e-05,0.4826766656801123,1.1049107340560967e-05,78.80506657436614
334,66.84456304202801,3.75,0.2,0.5833333333333333,0.5,0.5173022653565537,2.0344655350634593e-05,0.48266658176422716,1.0808223870303277e-05,78.80506657436614
335,67.04469646430954,3.75,0.2,0.5833333333333333,0.5,0.5173127955634524,1.9902922026698372e-05,0.48265672886956046,1.0572644962034148e-05,78.80506657436614
336,67.24482988659106,3.75,0.2,0.5833333333333333,0.5,0.5173230860069952,1.9470804661658022e-05,0.4826471009529088,1.0342235436091054e-05,78.80506657436614
337,67.44496330887257,3.75,0.2,0.5833333333333333,0.5,0.5173331422304155,1.904809147560386e-05,0.4826376927988021,1.0116879308545458e-05,78.80506657436614
338,67.6450967311541,3.75,0.2,0.5833333333333333,0.5,0.5173429696023908,1.863457702772187e-05,0.48262849935637236,9.896464210807025e-06,78.80506657436614
339,67.84523015343562,3.75,0.2,0.5833333333333333,0.5,0.5173525733471144,1.8230061160950385e-05,0.4826195157110029,9.68088072350598e-06,78.80506657436614
340,68.04536357571715,3.75,0.2,0.5833333333333333,0.5,0.5173619585442952,1.7834349001979974e-05,0.48261073708432795,9.470022376493048e-06,78.80506657436614
341,68.24549699799866,3.75,0.2,0.5833333333333333,0.5,0.5173711301291588,1.74472509612535e-05,0.48260215883423285,9.263785648839477e-06,78.80506657436614
342,68.44563042028018,3.75,0.2,0.5833333333333333,0.5,0.517380092893947,1.7068582677841757e-05,0.48259377645343704,9.062069939819523e-06,78.80506657436614
343,68.6457638425617,3.75,0.2,0.5833333333333333,0.5,0.5173888517670651,1.6698154768847655e-05,0.48258558530599477,8.864772172985289e-06,78.80506657436614
344,68.84589726484323,3.75,0.2,0.5833333333333333,0.5,0.5173974115872575,1.633578112193756e-05,0.48257758084046093,8.671791161364546e-06,78.80506657436614
345,69.04603068712474,3.75,0.2,0.5833333333333333,0.5,0.5174057769119451,1.5981285933455368e-05,0.4825697587708109,8.483031312331881e-06,78.80506657436614
346,69.24616410940627,3.75,0.2,0.5833333333333333,0.5,0.5174139521756136,1.563449789219802e-05,0.4825621149269301,8.29839956594159e-06,78.80506657436614
347,69.44629753168779,3.75,0.2,0.5833333333333333,0.5,0.5174219416898133,1.529525017941564e-05,0.4825546452546143,8.11780539492776e-06,78.80506657436614
348,69.64643095396931,3.75,0.2,0.5833333333333333,0.5,0.5174297496431591,1.4963380468811442e-05,0.4825473458155692,7.94116080470422e-06,78.80506657436614
349,69.84656437625083,3.75,0.2,0.5833333333333333,0.5,0.5174373801013311,1.4638730926541775e-05,0.4825402127874108,7.768380333364558e-06,78.80506657436614
350,70.04669779853235,3.75,0.2,0.5833333333333333,0.5,0.5174448365624812,1.4321164214138207e-05,0.4825332428836685,7.599389638140752e-06,78.80506657436614
351,70.24683122081387,3.75,0.2,0.5833333333333333,0.5,0.5174521244181414,1.4010474909165724e-05,0.48252643102898374,7.4340779676548165e-06,78.80506657436614
352,70.4469646430954,3.75,0.2,0.5833333333333333,0.5,0.5174592467786339,1.3706539767826842e-05,0.4825197743028141,7.272378786171484e-06,78.80506657436614
353,70.64709806537691,3.75,0.2,0.5833333333333333,0.5,0.5174662074641628,1.3409210061867914e-05,0.4825132691137709,7.1142120063545055e-06,78.80506657436614
354,70.84723148765843,3.75,0.2,0.5833333333333333,0.5,0.5174730101784427,1.3118341323488262e-05,0.48250691198028667,6.959499949066386e-06,78.80506657436614
355,71.04736490993996,3.75,0.2,0.5833333333333333,0.5,0.5174796585114068,1.283379324784244e-05,0.48250069952805635,6.808167291055425e-06,78.80506657436614
356,71.24749833222148,3.75,0.2,0.5833333333333333,0.5,0.5174861559419155,1.2555429595542268e-05,0.4824946284874783,6.660141012642632e-06,78.80506657436614
357,71.44763175450299,3.75,0.2,0.5833333333333333,0.5,0.517492505840466,1.2283118095159009e-05,0.4824886956910954,6.51535034540871e-06,78.80506657436614
358,71.64776517678452,3.75,0.2,0.5833333333333333,0.5,0.5174987115898645,1.2016726315103504e-05,0.48248289795982835,6.373723994082652e-06,78.80506657436614
359,71.84789859906604,3.75,0.2,0.5833333333333333,0.5,0.5175047767838811,1.175611487103358e-05,0.48247723191569347,6.235185556520958e-06,78.80506657436614
360,72.04803202134757,3.75,0.2,0.5833333333333333,0.5,0.5175107046459471,1.150115728291016e-05,0.482471694529806,6.099666966108587e-06,78.80506657436614
361,72.24816544362908,3.75,0.2,0.5833333333333333,0.5,0.517516498291177,1.1251731017259813e-05,0.4824662828753603,5.967102447510496e-06,78.80506657436614
362,72.4482988659106,3.75,0.2,0.5833333333333333,0.5,0.5175221607547308,1.1007716513138523e-05,0.4824609941008865,5.837427871579909e-06,78.80506657436614
363,72.64843228819213,3.75,0.2,0.5833333333333333,0.5,0.517527694995118,1.0768997064301063e-05,0.48245582542713056,5.710580689294795e-06,78.80506657436614
364,72.84856571047365,3.75,0.2,0.5833333333333333,0.5,0.5175331038975007,1.0535458701370192e-05,0.4824507741439343,5.586499865694239e-06,78.80506657436614
365,73.04869913275516,3.75,0.2,0.5833333333333333,0.5,0.5175383902769983,1.0306990074005957e-05,0.4824458376071159,5.46512581381487e-06,78.80506657436614
366,73.24883255503669,3.75,0.2,0.5833333333333333,0.5,0.5175435568819907,1.0083482333074905e-05,0.48244101323534966,5.346400328627242e-06,78.80506657436614
367,73.44896597731821,3.75,0.2,0.5833333333333333,0.5,0.517548606397422,9.864829012819434e-06,0.48243629850704633,5.230266520972294e-06,78.80506657436614
368,73.64909939959973,3.75,0.2,0.5833333333333333,0.5,0.5175535414481044,9.65092591302701e-06,0.4824316909572331,5.116668751497735e-06,78.80506657436614
369,73.84923282188124,3.75,0.2,0.5833333333333333,0.5,0.5175583646020223,9.44167098119946e-06,0.4824271881744339,5.00555256459446e-06,78.80506657436614
370,74.04936624416277,3.75,0.2,0.5833333333333333,0.5,0.5175630783736356,9.236964194722185e-06,0.48242278779754943,4.8968646223329435e-06,78.80506657436614
371,74.2494996664443,3.75,0.2,0.5833333333333333,0.5,0.5175676852271834,9.036707443033514e-06,0.48241848751273714,4.790552638399691e-06,78.80506657436614
372,74.44963308872582,3.75,0.2,0.5833333333333333,0.5,0.5175721875799886,8.840804409793918e-06,0.48241428505029166,4.686565312033623e-06,78.80506657436614
373,74.64976651100733,3.75,0.2,0.5833333333333333,0.5,0.517576587759162,8.6491624928986e-06,0.4824101782259217,4.584852425375125e-06,78.80506657436614
374,74.84989993328885,3.75,0.2,0.5833333333333333,0.5,0.5175808879843277,8.461693586658077e-06,0.48240616495723815,4.485364849573461e-06,78.80506657436614
375,75.05003335557038,3.75,0.2,0.5833333333333333,0.5,0.5175850905112376,8.278307827801461e-06,0.48240224312694996,4.388053986670155e-06,78.80506657436614
376,75.2501667778519,3.75,0.2,0.5833333333333333,0.5,0.5175891975605079,8.098916738687259e-06,0.48239841065079037,4.292871965035062e-06,78.80506657436614
377,75.45030020013341,3.75,0.2,0.5833333333333333,0.5,0.5175932113182439,7.92343322660376e-06,0.4823946654769488,4.199771582695429e-06,78.80506657436614
378,75.65043362241494,3.75,0.2,0.5833333333333333,0.5,0.5175971339391799,7.751771473100962e-06,0.48239100558310705,4.1087062418466385e-06,78.80506657436614
379,75.85056704469646,3.75,0.2,0.5833333333333333,0.5,0.5176009675498199,7.583846823322606e-06,0.48238742897347536,4.019629883363037e-06,78.80506657436614
380,76.05070046697799,3.75,0.2,0.5833333333333333,0.5,0.5176047142515766,7.4195756753380975e-06,0.4823839336758287,3.9324969213086895e-06,78.80506657436614
381,76.2508338892595,3.75,0.2,0.5833333333333333,0.5,0.517608376123912,7.258875369474486e-06,0.482380517738543,3.847262177448169e-06,78.80506657436614
382,76.45096731154102,3.75,0.2,0.5833333333333333,0.5,0.5176119552274774,7.1016640776484e-06,0.48237717922763107,3.763880815757321e-06,78.80506657436614
383,76.65110073382255,3.75,0.2,0.5833333333333333,0.5,0.517615453607253,6.94786069269807e-06,0.4823739162237792,3.6823082769340756e-06,78.80506657436614
384,76.85123415610407,3.75,0.2,0.5833333333333333,0.5,0.5176188732956885,6.797384717715252e-06,0.4823707268193828,3.602500212909208e-06,78.80506657436614
385,77.0513675783856,3.75,0.2,0.5833333333333333,0.5,0.5176222163158419,6.650156155377211e-06,0.48236760911558313,3.524412421357124e-06,78.80506657436614
386,77.2515010006671,3.75,0.2,0.5833333333333333,0.5,0.5176254846845212,6.506095397278686e-06,0.48236456121930305,3.4480007802066508e-06,78.80506657436614
387,77.45163442294863,3.75,0.2,0.5833333333333333,0.5,0.5176286804154229,6.365123113263825e-06,0.4823615812402835,3.3732211821517922e-06,78.80506657436614
388,77.65176784523015,3.75,0.2,0.5833333333333333,0.5,0.5176318049321601,6.227180060498017e-06,0.4823586678449921,3.300042789026275e-06,78.80506657436614
389,77.85190126751168,3.75,0.2,0.5833333333333333,0.5,0.5176348592401048,6.092221278123268e-06,0.48235582009446043,3.228444158417403e-06,78.80506657436614
390,78.05203468979319,3.75,0.2,0.5833333333333333,0.5,0.517637844915254,5.960182702551732e-06,0.4823530365111165,3.1583909286062077e-06,78.80506657436614
391,78.25216811207471,3.75,0.2,0.5833333333333333,0.5,0.5176407634907504,5.8310018713312545e-06,0.4823503156577087,3.089849671269613e-06,78.80506657436614
392,78.45230153435624,3.75,0.2,0.5833333333333333,0.5,0.5176436164547018,5.704617992043306e-06,0.48234765613936176,3.0227879460627725e-06,78.80506657436614
393,78.65243495663776,3.75,0.2,0.5833333333333333,0.5,0.5176464052506081,5.580971923239546e-06,0.48234505660317395,2.957174296383701e-06,78.80506657436614
394,78.85256837891927,3.75,0.2,0.5833333333333333,0.5,0.5176491312777873,5.460006155378435e-06,0.48234251573781384,2.8929782451379396e-06,78.80506657436614
395,79.0527018012008,3.75,0.2,0.5833333333333333,0.5,0.5176517958918017,5.341664791761795e-06,0.4823400322731178,2.8301702905031897e-06,78.80506657436614
396,79.25283522348232,3.75,0.2,0.5833333333333333,0.5,0.5176544004048839,5.2258935294714636e-06,0.4823376049796866,2.7687219016939965e-06,78.80506657436614
397,79.45296864576385,3.75,0.2,0.5833333333333333,0.5,0.5176569460863638,5.11263964030585e-06,0.4823352326684828,2.7086055147263838e-06,78.80506657436614
398,79.65310206804536,3.75,0.2,0.5833333333333333,0.5,0.5176594341630939,5.0018519517165545e-06,0.48233291419042784,2.6497945281825158e-06,78.80506657436614
399,79.85323549032688,3.75,0.2,0.5833333333333333,0.5,0.5176618658198763,4.89348082774493e-06,0.48233064843599865,2.5922632989753358e-06,78.80506657436614
400,80.0533689126084,3.75,0.2,0.5833333333333333,0.5,0.5176642423200025,4.7874739672393135e-06,0.48232843422104005,2.53598499179205e-06,78.80506657436614
401,80.25350233488993,3.75,0.2,0.5833333333333333,0.5,0.5176665651416881,4.683771648620421e-06,0.4823262701575205,2.4809291445392615e-06,78.80506657436614
402,80.45363575717144,3.75,0.2,0.5833333333333333,0.5,0.5176688355057879,4.582323171921275e-06,0.4823241551009309,2.427070110960372e-06,78.80506657436614
403,80.65376917945296,3.75,0.2,0.5833333333333333,0.5,0.5176710545969533,4.483079153284617e-06,0.4823220879407829,2.3743831121798126e-06,78.80506657436614
404,80.85390260173449,3.75,0.2,0.5833333333333333,0.5,0.5176732235790613,4.385990983431827e-06,0.48232006758599266,2.3228439643685634e-06,78.80506657436614
405,81.05403602401601,3.75,0.2,0.5833333333333333,0.5,0.5176753435965509,4.291010776904158e-06,0.4823180929636157,2.2724290582446483e-06,78.80506657436614
406,81.25416944629752,3.75,0.2,0.5833333333333333,0.5,0.51767741577576,4.198091321304033e-06,0.4823161630175819,2.2231153385736555e-06,78.80506657436614
407,81.45430286857905,3.75,0.2,0.5833333333333333,0.5,0.5176794412262614,4.107186026536281e-06,0.4823142767074302,2.17488028366923e-06,78.80506657436614
408,81.65443629086057,3.75,0.2,0.5833333333333333,0.5,0.5176814210421995,4.018248874049455e-06,0.4823124330070434,2.1277018848936096e-06,78.80506657436614
409,81.8545697131421,3.75,0.2,0.5833333333333333,0.5,0.5176833563036265,3.931234366077072e-06,0.4823106309033831,2.0815586261581188e-06,78.80506657436614
410,82.05470313542361,3.75,0.2,0.5833333333333333,0.5,0.517685248077839,3.846097474878901e-06,0.4823088693952245,2.0364294634236875e-06,78.80506657436614
411,82.25483655770513,3.75,0.2,0.5833333333333333,0.5,0.5176870974207144,3.762793591982212e-06,0.4823071474918912,1.9922938042013477e-06,78.80506657436614
412,82.45496997998666,3.75,0.2,0.5833333333333333,0.5,0.5176889053331235,3.6812808073065444e-06,0.48230546425525617,1.9491308148621193e-06,78.80506657436614
413,82.65510340226818,3.75,0.2,0.5833333333333333,0.5,0.5176906725802957,3.601529295962367e-06,0.48230381897373287,1.9069166773241417e-06,78.80506657436614
414,82.85523682454969,3.75,0.2,0.5833333333333333,0.5,0.517692400059376,3.5235022742123726e-06,0.4823022108083034,1.865630048271547e-06,78.80506657436614
415,83.05537024683122,3.75,0.2,0.5833333333333333,0.5,0.5176940886789667,3.4471622653546176e-06,0.48230063890855346,1.8252502162515302e-06,78.80506657436614
416,83.25550366911274,3.75,0.2,0.5833333333333333,0.5,0.5176957393293143,3.3724726644791507e-06,0.48229910244140783,1.7857566150853479e-06,78.80506657436614
417,83.45563709139427,3.75,0.2,0.5833333333333333,0.5,0.5176973528829919,3.2993977216097894e-06,0.48229760059049465,1.7471287935882344e-06,78.80506657436614
418,83.65577051367578,3.75,0.2,0.5833333333333333,0.5,0.5176989301955819,3.2279025248459313e-06,0.4822961325555097,1.7093463852893375e-06,78.80506657436614
419,83.8559039359573,3.75,0.2,0.5833333333333333,0.5,0.5177004721063593,3.1579529835043314e-06,0.4822946975515808,1.6723890781516333e-06,78.80506657436614
420,84.05603735823883,3.75,0.2,0.5833333333333333,0.5,0.5177019794389738,3.0895158112609324e-06,0.4822932948086323,1.6362365842918723e-06,78.80506657436614
421,84.25617078052035,3.75,0.2,0.5833333333333333,0.5,0.5177034530021334,3.0225585092926455e-06,0.48229192357074935,1.600868609700496e-06,78.80506657436614
422,84.45630420280186,3.75,0.2,0.5833333333333333,0.5,0.5177048935902862,2.9570493494191555e-06,0.4822905830955421,1.5662648239615708e-06,78.80506657436614
423,84.65643762508338,3.75,0.2,0.5833333333333333,0.5,0.5177063019843039,2.892957357244705e-06,0.4822892726535105,1.5324048299727053e-06,78.80506657436614
424,84.85657104736491,3.75,0.2,0.5833333333333333,0.5,0.5177076789425009,2.8302523664042143e-06,0.48228799153636115,1.4992687731988155e-06,78.80506657436614
425,85.05670446964643,3.75,0.2,0.5833333333333333,0.5,0.5177090250815113,2.768905883233136e-06,0.48228673916736703,1.4668452401261116e-06,78.80506657436614
426,85.25683789192794,3.75,0.2,0.5833333333333333,0.5,0.5177103410561944,2.708889751189672e-06,0.48228551493468896,1.4351193670132794e-06,78.80506657436614
427,85.45697131420947,3.75,0.2,0.5833333333333333,0.5,0.5177116275374188,2.6501763024882872e-06,0.48228431821195517,1.4040743250777786e-06,78.80506657436614
428,85.657104736491,3.75,0.2,0.5833333333333333,0.5,0.517712885178382,2.5927385940830073e-06,0.4822831483894612,1.3736935643495707e-06,78.80506657436614
429,85.85723815877252,3.75,0.2,0.5833333333333333,0.5,0.517714114614929,2.536550393486419e-06,0.48228200487387163,1.3439608074707807e-06,78.80506657436614
430,86.05737158105403,3.75,0.2,0.5833333333333333,0.5,0.5177153164658719,2.4815861645887026e-06,0.4822808870879216,1.3148600434953736e-06,78.80506657436614
431,86.25750500333555,3.75,0.2,0.5833333333333333,0.5,0.5177164913333083,2.4278210534766317e-06,0.48227979447011815,1.2863755216888168e-06,78.80506657436614
432,86.45763842561708,3.75,0.2,0.5833333333333333,0.5,0.5177176398029405,2.3752308742526197e-06,0.48227872647444153,1.2584917453277667e-06,78.80506657436614
433,86.6577718478986,3.75,0.2,0.5833333333333333,0.5,0.5177187624443943,2.3237920948537232e-06,0.482277682570047,1.2311934654997292e-06,78.80506657436614
434,86.85790527018011,3.75,0.2,0.5833333333333333,0.5,0.5177198598115378,2.2734818228706684e-06,0.4822766622409661,1.2044656749027377e-06,78.80506657436614
435,87.05803869246164,3.75,0.2,0.5833333333333333,0.5,0.5177209324428006,2.2242777913668576e-06,0.48227566498580804,1.178293601645016e-06,78.80506657436614
436,87.25817211474316,3.75,0.2,0.5833333333333333,0.5,0.5177219808626125,2.1761582542856953e-06,0.482274690316319,1.1526628159829308e-06,78.80506657436614
437,87.45830553702469,3.75,0.2,0.5833333333333333,0.5,0.5177230056612544,2.1290955513912866e-06,0.4822737376759511,1.1275672447943092e-06,78.80506657436614
438,87.6584389593062,3.75,0.2,0.5833333333333333,0.5,0.5177240074114425,2.0830628542836634e-06,0.482272806524984,1.1030007208437479e-06,78.80506657436614
439,87.85857238158772,3.75,0.2,0.5833333333333333,0.5,0.5177249866365939,2.0380367399565994e-06,0.48227189637292367,1.0789537440948252e-06,78.80506657436614
440,88.05870580386924,3.75,0.2,0.5833333333333333,0.5,0.5177259438515844,1.99399391185706e-06,0.4822710067369517,1.055417553701272e-06,78.80506657436614
441,88.25883922615077,3.75,0.2,0.5833333333333333,0.5,0.5177268795633269,1.9509111647553e-06,0.48227013714136213,1.0323841479750773e-06,78.80506657436614
442,88.45897264843228,3.75,0.2,0.5833333333333333,0.5,0.5177277942713499,1.908765349614979e-06,0.48226928711699785,1.009846304354604e-06,78.80506657436614
443,88.6591060707138,3.75,0.2,0.5833333333333333,0.5,0.5177286884683762,1.8675333384632583e-06,0.48226845620068776,9.877975993726953e-07,78.80506657436614
444,88.85923949299533,3.75,0.2,0.5833333333333333,0.5,0.5177295626409005,1.8271919892609299e-06,0.4822676439346833,9.662324286247957e-07,78.80506657436614
445,89.05937291527685,3.75,0.2,0.5833333333333333,0.5,0.517730417269769,1.7877181107725136e-06,0.48226684986609525,9.451460267370574e-07,78.80506657436614
446,89.25950633755836,3.75,0.2,0.5833333333333333,0.5,0.5177312528307564,1.7490884274363723e-06,0.4822660735463306,9.245344873344555e-07,78.80506657436614
447,89.45963975983989,3.75,0.2,0.5833333333333333,0.5,0.5177320697951453,1.711279544234811e-06,0.4822653145305292,9.043947830088946e-07,78.80506657436614
448,89.65977318212141,3.75,0.2,0.5833333333333333,0.5,0.5177328686303045,1.6742679115642029e-06,0.4822645723770004,8.847247852873296e-07,78.80506657436614
449,89.85990660440294,3.75,0.2,0.5833333333333333,0.5,0.517733650027207,1.638044684717748e-06,0.48226384646335585,8.654647542444381e-07,78.80506657436614
450,90.06004002668445,3.75,0.2,0.5833333333333333,0.5,0.5177344135757826,1.6025855831038408e-06,0.4822631371310968,8.467075391503657e-07,78.80506657436614
451,90.26017344896597,3.75,0.2,0.5833333333333333,0.5,0.5177351601340825,1.5678822490422724e-06,0.48226244360885984,8.283748104001939e-07,78.80506657436614
452,90.4603068712475,3.75,0.2,0.5833333333333333,0.5,0.5177358900809907,1.533917200167557e-06,0.48226176554152506,8.104602857886732e-07,78.80506657436614
453,90.66044029352902,3.75,0.2,0.5833333333333333,0.5,0.5177366037883239,1.500673497104948e-06,0.4822611025808785,7.929573021668623e-07,78.80506657436614
454,90.86057371581053,3.75,0.2,0.5833333333333333,0.5,0.5177373016208306,1.4681347434704433e-06,0.48226045438561216,7.758588154421317e-07,78.80506657436614
455,91.06070713809206,3.75,0.2,0.5833333333333333,0.5,0.5177379839361914,1.4362850858707741e-06,0.4822598206213238,7.591574005781575e-07,78.80506657436614
456,91.26084056037358,3.75,0.2,0.5833333333333333,0.5,0.517738651085019,1.4051092139034216e-06,0.4822592009605171,7.428452515949297e-07,78.80506657436614
457,91.4609739826551,3.75,0.2,0.5833333333333333,0.5,0.5177393034108582,1.3745923601566053e-06,0.48225859508260177,7.269141815687471e-07,78.80506657436614
458,91.66110740493662,3.75,0.2,0.5833333333333333,0.5,0.5177399412501855,1.3447203002092887e-06,0.4822580026738933,7.113556226322192e-07,78.80506657436614
459,91.86124082721814,3.75,0.2,0.5833333333333333,0.5,0.51774056493241,1.3154793526311702e-06,0.482257423427613,6.961606259742622e-07,78.80506657436614
460,92.06137424949966,3.75,0.2,0.5833333333333333,0.5,0.5177411747798725,1.2868563789826968e-06,0.4822568570438884,6.813198618401057e-07,78.80506657436614
461,92.26150767178119,3.75,0.2,0.5833333333333333,0.5,0.5177417710864846,1.2588416046463178e-06,0.4822563032525875,6.668193249805298e-07,78.80506657436614
462,92.4616410940627,3.75,0.2,0.5833333333333333,0.5,0.5177423540913877,1.231432097235494e-06,0.4822557618414778,6.526350389774303e-07,78.80506657436614
463,92.66177451634422,3.75,0.2,0.5833333333333333,0.5,0.5177429240620581,1.2046207923081787e-06,0.4822552325673873,6.387497639537168e-07,78.80506657436614
464,92.86190793862575,3.75,0.2,0.5833333333333333,0.5,0.5177434812578711,1.1784013048281565e-06,0.48225471519515434,6.251456714046172e-07,78.80506657436614
465,93.06204136090727,3.75,0.2,0.5833333333333333,0.5,0.5177440259277247,1.1527682429530078e-06,0.48225420950016756,6.118038664738261e-07,78.80506657436614
466,93.26217478318878,3.75,0.2,0.5833333333333333,0.5,0.5177445583100397,1.127717208034111e-06,0.48225371526836597,5.987043879535056e-07,78.80506657436614
467,93.46230820547031,3.75,0.2,0.5833333333333333,0.5,0.5177450786327599,1.1032447946166355e-06,0.48225323229623895,5.858262082842831e-07,78.80506657436614
468,93.66244162775183,3.75,0.2,0.5833333333333333,0.5,0.5177455871133515,1.0793485904395528e-06,0.48225276039082615,5.731472335552551e-07,78.80506657436614
469,93.86257505003336,3.75,0.2,0.5833333333333333,0.5,0.5177460840244934,1.056014755156876e-06,0.48225229929533514,5.606654179281332e-07,78.80506657436614
470,94.06270847231487,3.75,0.2,0.5833333333333333,0.5,0.5177465697393893,1.0332094520840042e-06,0.4822518486378318,5.484133284614967e-07,78.80506657436614
471,94.26284189459639,3.75,0.2,0.5833333333333333,0.5,0.5177470445295921,1.0109170778159222e-06,0.48225140816017154,5.363931601450718e-07,78.80506657436614
472,94.46297531687792,3.75,0.2,0.5833333333333333,0.5,0.5177475086614017,9.891220343263176e-07,0.4822509776088447,5.24607720763575e-07,78.80506657436614
473,94.66310873915944,3.75,0.2,0.5833333333333333,0.5,0.5177479623995042,9.67808040828022e-07,0.4822505567308559,5.13061600637011e-07,78.80506657436614
474,94.86324216144095,3.75,0.2,0.5833333333333333,0.5,0.5177484060069714,9.46958133773014e-07,0.48225014527372384,5.017611726206749e-07,78.80506657436614
475,95.06337558372248,3.75,0.2,0.5833333333333333,0.5,0.5177488397452611,9.265546668524135e-07,0.48224974298548157,4.907145921051486e-07,78.80506657436614
476,95.263509006004,3.75,0.2,0.5833333333333333,0.5,0.5177492638742173,9.065793109964905e-07,0.4822493496146762,4.799317970163057e-07,78.80506657436614
477,95.46364242828552,3.75,0.2,0.5833333333333333,0.5,0.5177496786179875,8.870211287051962e-07,0.4822489649510454,4.6940983987614173e-07,78.80506657436614
478,95.66377585056703,3.75,0.2,0.5833333333333333,0.5,0.5177500841567104,8.678785431776994e-07,0.4822485888354372,4.5912931065516463e-07,78.80506657436614
479,95.86390927284856,3.75,0.2,0.5833333333333333,0.5,0.5177504807080189,8.491400300336848e-07,0.48224822106254017,4.4908941245526014e-07,78.80506657436614
480,96.06404269513008,3.75,0.2,0.5833333333333333,0.5,0.5177508684847765,8.307941295340823e-07,0.4822478614313223,4.3928977317274865e-07,78.80506657436614
481,96.26417611741161,3.75,0.2,0.5833333333333333,0.5,0.5177512476942987,8.128296312765034e-07,0.4822475097459615,4.2973010997811865e-07,78.80506657436614
482,96.46430953969312,3.75,0.2,0.5833333333333333,0.5,0.5177516185383525,7.952355741952437e-07,0.4822471658158455,4.2041022931602797e-07,78.80506657436614
483,96.66444296197464,3.75,0.2,0.5833333333333333,0.5,0.5177519812131561,7.780012465612779e-07,0.48224682945557185,4.113300269053012e-07,78.80506657436614
484,96.86457638425617,3.75,0.2,0.5833333333333333,0.5,0.5177523359093797,7.611161859822674e-07,0.48224650048494805,4.024894877389337e-07,78.80506657436614
485,97.06470980653769,3.75,0.2,0.5833333333333333,0.5,0.5177526827913836,7.445765707987489e-07,0.48224617875549813,3.9387654885798307e-07,78.80506657436614
486,97.2648432288192,3.75,0.2,0.5833333333333333,0.5,0.5177530219998738,7.283844028462447e-07,0.4822458641470735,3.854686512818192e-07,78.80506657436614
487,97.46497665110073,3.75,0.2,0.5833333333333333,0.5,0.5177533536893528,7.125359777010223e-07,0.482245556520036,3.772546349477958e-07,78.80506657436614
488,97.66511007338225,3.75,0.2,0.5833333333333333,0.5,0.5177536780068304,6.970284388665909e-07,0.48224525574243987,3.6922229234727543e-07,78.80506657436614
489,97.86524349566378,3.75,0.2,0.5833333333333333,0.5,0.5177539950916961,6.818598169856e-07,0.48224496169019426,3.613582940624396e-07,78.80506657436614
490,98.06537691794529,3.75,0.2,0.5833333333333333,0.5,0.5177543050757194,6.670290298398412e-07,0.48224467424706347,3.5364818876629036e-07,78.80506657436614
491,98.26551034022681,3.75,0.2,0.5833333333333333,0.5,0.5177546080830493,6.525358823502439e-07,0.48224439330466656,3.4607640322264787e-07,78.80506657436614
492,98.46564376250834,3.75,0.2,0.5833333333333333,0.5,0.5177549042302149,6.383810665768819e-07,0.48224411876247775,3.3862624228615386e-07,78.80506657436614
493,98.66577718478986,3.75,0.2,0.5833333333333333,0.5,0.5177551938891001,6.245741357648366e-07,0.4822438503075253,3.3122924028631046e-07,78.80506657436614
494,98.86591060707137,3.75,0.2,0.5833333333333333,0.5,0.5177554767710706,6.110471731048481e-07,0.48224358810458745,3.2407717027610085e-07,78.80506657436614
495,99.0660440293529,3.75,0.2,0.5833333333333333,0.5,0.5177557533496236,5.97827065259995e-07,0.4822433317743221,3.170489904922957e-07,78.80506657436614
496,99.26617745163442,3.75,0.2,0.5833333333333333,0.5,0.5177560237578178,5.849054493356775e-07,0.4822430811897818,3.1014695250007143e-07,78.80506657436614
497,99.46631087391594,3.75,0.2,0.5833333333333333,0.5,0.5177562881287121,5.72273962437295e-07,0.48224283622401903,3.03373307864604e-07,78.80506657436614
498,99.66644429619745,3.75,0.2,0.5833333333333333,0.5,0.5177565465953654,5.599242416702474e-07,0.48224259675008624,2.967303081510697e-07,78.80506657436614
499,99.86657771847898,3.75,0.2,0.5833333333333333,0.5,0.5177567992908365,5.478479241399326e-07,0.48224236264103587,2.9022020492464357e-07,78.80506657436614
500,100.0667111407605,3.75,0.2,0.5833333333333333,0.5,0.5177570463481977,5.360366448650492e-07,0.48224213376990593,2.8384525296685097e-07,78.80506657436614
501,100.26684456304203,3.75,0.2,0.5833333333333333,0.5,0.5177572879081044,5.244808575731553e-07,0.48224191000151173,2.776095278490547e-07,78.80506657436614
502,100.46697798532354,3.75,0.2,0.5833333333333333,0.5,0.5177575241131926,5.131707074216892e-07,0.4822416911985207,2.715175807589327e-07,78.80506657436614
503,100.66711140760506,3.75,0.2,0.5833333333333333,0.5,0.5177577551011664,5.020971079281689e-07,0.48224147722894867,2.6557277856796633e-07,78.80506657436614
504,100.86724482988659,3.75,0.2,0.5833333333333333,0.5,0.5177579810097294,4.912509726101147e-07,0.48224126796081146,2.5977848814763846e-07,78.80506657436614
505,101.06737825216811,3.75,0.2,0.5833333333333333,0.5,0.5177582019765854,4.806232149850462e-07,0.4822410632621248,2.541380763694313e-07,78.80506657436614
506,101.26751167444962,3.75,0.2,0.5833333333333333,0.5,0.5177584181101172,4.702096764901309e-07,0.4822408630330705,2.486471371238826e-07,78.80506657436614
507,101.46764509673115,3.75,0.2,0.5833333333333333,0.5,0.5177586294549871,4.600169080124576e-07,0.48224066724373443,2.432843719095787e-07,78.80506657436614
508,101.66777851901267,3.75,0.2,0.5833333333333333,0.5,0.5177588361086449,4.5004258840421915e-07,0.4822404758062917,2.3804247639772738e-07,78.80506657436614
509,101.8679119412942,3.75,0.2,0.5833333333333333,0.5,0.5177590381717757,4.402838528985557e-07,0.48224028862936913,2.3291500372898255e-07,78.80506657436614
510,102.0680453635757,3.75,0.2,0.5833333333333333,0.5,0.5177592357450641,4.307378367286078e-07,0.4822401056215936,2.2789550704399865e-07,78.80506657436614
511,102.26817878585723,3.75,0.2,0.5833333333333333,0.5,0.5177594289278735,4.2140138461642684e-07,0.48223992669236315,2.229783801317383e-07,78.80506657436614
512,102.46831220813876,3.75,0.2,0.5833333333333333,0.5,0.5177596178085859,4.1226892696148154e-07,0.48223975175748557,2.1816500307630997e-07,78.80506657436614
513,102.66844563042028,3.75,0.2,0.5833333333333333,0.5,0.5177598024807983,4.033360408087278e-07,0.4822395807297244,2.1345343792807764e-07,78.80506657436614
514,102.8685790527018,3.75,0.2,0.5833333333333333,0.5,0.517759983040126,3.9459874679600795e-07,0.4822394135206655,2.088404631182036e-07,78.80506657436614
515,103.06871247498331,3.75,0.2,0.5833333333333333,0.5,0.517760159582184,3.86053065561165e-07,0.48223925004189483,2.0432285707785054e-07,78.80506657436614
516,103.26884589726484,3.75,0.2,0.5833333333333333,0.5,0.51776033426688,3.775912214903909e-07,0.48223908827311646,1.998687836529721e-07,78.80506657436614
517,103.46897931954636,3.75,0.2,0.5833333333333333,0.5,0.5177605020694536,3.6946512179049527e-07,0.4822389329158228,1.9554960346666385e-07,78.80506657436614
518,103.66911274182789,3.75,0.2,0.5833333333333333,0.5,0.5177606664885509,3.6149812812165933e-07,0.4822387806948544,1.9131846823159982e-07,78.80506657436614
519,103.8692461641094,3.75,0.2,0.5833333333333333,0.5,0.517760827524172,3.536902404838835e-07,0.48223863161021124,1.8717537794778031e-07,78.80506657436614
520,104.06937958639092,3.75,0.2,0.5833333333333333,0.5,0.5177609851763169,3.460414588771669e-07,0.4822384856618933,1.8312033261520477e-07,78.80506657436614
521,104.26951300867245,3.75,0.2,0.5833333333333333,0.5,0.5177611394449854,3.385517833015099e-07,0.4822383428499007,1.7915333223387345e-07,78.80506657436614
522,104.46964643095397,3.75,0.2,0.5833333333333333,0.5,0.5177612903831319,3.3121912669086297e-07,0.4822382031255312,1.752722118630705e-07,78.80506657436614
523,104.66977985323548,3.75,0.2,0.5833333333333333,0.5,0.5177614380938673,3.240394251501991e-07,0.48223806639395306,1.7147275597171064e-07,78.80506657436614
524,104.869913275517,3.75,0.2,0.5833333333333333,0.5,0.5177615825798544,3.1701257374756965e-07,0.48223793265271775,1.6775485571252135e-07,78.80506657436614
525,105.07004669779853,3.75,0.2,0.5833333333333333,0.5,0.5177617238410929,3.1013857248297507e-07,0.4822378019018252,1.6411851108550294e-07,78.80506657436614
526,105.27018012008006,3.75,0.2,0.5833333333333333,0.5,0.5177618618775828,3.034174213564154e-07,0.4822376741412754,1.6056372209065532e-07,78.80506657436614
527,105.47031354236157,3.75,0.2,0.5833333333333333,0.5,0.5177619967888565,2.968446193471217e-07,0.482237549278703,1.570878229386892e-07,78.80506657436614
528,105.67044696464309,3.75,0.2,0.5833333333333333,0.5,0.5177621288112119,2.904094806339578e-07,0.4822374270948244,1.5368448481021113e-07,78.80506657436614
529,105.87058038692462,3.75,0.2,0.5833333333333333,0.5,0.5177622579547275,2.8411154946004035e-07,0.48223730758028704,1.5035343777715796e-07,78.80506657436614
530,106.07071380920614,3.75,0.2,0.5833333333333333,0.5,0.5177623842194032,2.779508258253692e-07,0.48223719073509086,1.4709468183952965e-07,78.80506657436614
531,106.27084723148765,3.75,0.2,0.5833333333333333,0.5,0.5177625076052391,2.719273097299449e-07,0.4822370765592359,1.4390821699732646e-07,78.80506657436614
532,106.47098065376917,3.75,0.2,0.5833333333333333,0.5,0.5177626273400757,2.6607695775046567e-07,0.4822369657703241,1.4081264412855457e-07,78.80506657436614
533,106.6711140760507,3.75,0.2,0.5833333333333333,0.5,0.5177627458020375,2.6028902951980705e-07,0.4822368561582591,1.3775067557547811e-07,78.80506657436614
534,106.87124749833222,3.75,0.2,0.5833333333333333,0.5,0.5177628614897538,2.5463343825520285e-07,0.48223674911833114,1.347584784970483e-07,78.80506657436614
535,107.07138092061373,3.75,0.2,0.5833333333333333,0.5,0.5177629744647376,2.491073195345393e-07,0.4822366445933735,1.3183457108461734e-07,78.80506657436614
536,107.27151434289526,3.75,0.2,0.5833333333333333,0.5,0.5177630847885015,2.437078089357013e-07,0.48223654252621967,1.2897747152953675e-07,78.80506657436614
537,107.47164776517678,3.75,0.2,0.5833333333333333,0.5,0.5177631925259413,2.384318718898184e-07,0.4822364428565891,1.2618559939594147e-07,78.80506657436614
538,107.67178118745831,3.75,0.2,0.5833333333333333,0.5,0.517763297751346,2.332760013327233e-07,0.48223634551555405,1.2345710036148657e-07,78.80506657436614
539,107.87191460973982,3.75,0.2,0.5833333333333333,0.5,0.5177634005290258,2.2823719213674906e-07,0.48223625044337265,1.2079041105618615e-07,78.80506657436614
540,108.07204803202134,3.75,0.2,0.5833333333333333,0.5,0.5177635009222784,2.2331249010531106e-07,0.48223615758123545,1.1818399763275002e-07,78.80506657436614
541,108.27218145430287,3.75,0.2,0.5833333333333333,0.5,0.5177635989944015,2.1849894104182585e-07,0.4822360668703328,1.1563632624388856e-07,78.80506657436614
542,108.47231487658439,3.75,0.2,0.5833333333333333,0.5,0.5177636948086927,2.1379359074970948e-07,0.4822359782518552,1.1314586304231199e-07,78.80506657436614
543,108.6724482988659,3.75,0.2,0.5833333333333333,0.5,0.5177637884284494,2.0919348503237836e-07,0.482235891666993,1.1071107418073067e-07,78.80506657436614
544,108.87258172114743,3.75,0.2,0.5833333333333333,0.5,0.5177638799169695,2.0469566969324801e-07,0.4822358070569366,1.0833042581185448e-07,78.80506657436614
545,109.07271514342895,3.75,0.2,0.5833333333333333,0.5,0.5177639693375505,2.0029719053573482e-07,0.48223572436287643,1.0600238408839378e-07,78.80506657436614
546,109.27284856571048,3.75,0.2,0.5833333333333333,0.5,0.5177640567534901,1.9599509336325495e-07,0.4822356435260029,1.0372541516305877e-07,78.80506657436614
547,109.47298198799199,3.75,0.2,0.5833333333333333,0.5,0.5177641422280859,1.9178642397922477e-07,0.4822355644875065,1.014979851885598e-07,78.80506657436614
548,109.67311541027351,3.75,0.2,0.5833333333333333,0.5,0.5177642258246355,1.8766822818705978e-07,0.4822354871885775,9.931856031760679e-08,78.80506657436614
549,109.87324883255503,3.75,0.2,0.5833333333333333,0.5,0.5177643076064365,1.8363755179017645e-07,0.4822354115704065,9.718560670291009e-08,78.80506657436614
550,110.07338225483656,3.75,0.2,0.5833333333333333,0.5,0.5177643876367867,1.7969144059199082e-07,0.48223533757418374,9.509759049717989e-08,78.80506657436614
551,110.27351567711807,3.75,0.2,0.5833333333333333,0.5,0.5177644659789835,1.7582694039591934e-07,0.48223526514109977,9.305297785312654e-08,78.80506657436614
552,110.4736490993996,3.75,0.2,0.5833333333333333,0.5,0.5177645426963247,1.7204109700537753e-07,0.4822351942123449,9.105023492345996e-08,78.80506657436614
553,110.67378252168112,3.75,0.2,0.5833333333333333,0.5,0.5177646178521077,1.683309562237818e-07,0.4822351247291097,8.90878278608905e-08,78.80506657436614
554,110.87391594396264,3.75,0.2,0.5833333333333333,0.5,0.5177646915096304,1.646935638545482e-07,0.48223505663258437,8.716422281812837e-08,78.80506657436614
555,111.07404936624415,3.75,0.2,0.5833333333333333,0.5,0.5177647636758862,1.6112855871931433e-07,0.4822349899163508,8.527920568390784e-08,78.80506657436614
556,111.27418278852568,3.75,0.2,0.5833333333333333,0.5,0.5177648342296943,1.5764148256925712e-07,0.48223492469325785,8.34355666871166e-08,78.80506657436614
557,111.4743162108072,3.75,0.2,0.5833333333333333,0.5,0.5177649031967015,1.5423111516595919e-07,0.48223486093953016,8.163265449144669e-08,78.80506657436614
558,111.67444963308873,3.75,0.2,0.5833333333333333,0.5,0.5177649706140942,1.5089570484536206e-07,0.4822347986206551,7.986954728753421e-08,78.80506657436614
559,111.87458305537024,3.75,0.2,0.5833333333333333,0.5,0.5177650365190584,1.4763349994340758e-07,0.48223473770211983,7.814532326601537e-08,78.80506657436614
560,112.07471647765176,3.75,0.2,0.5833333333333333,0.5,0.5177651009487803,1.4444274879603686e-07,0.48223467814941173,7.6459060617526e-08,78.80506657436614
561,112.27484989993329,3.75,0.2,0.5833333333333333,0.5,0.517765163940446,1.413216997391917e-07,0.4822346199280181,7.480983753270234e-08,78.80506657436614
562,112.47498332221481,3.75,0.2,0.5833333333333333,0.5,0.5177652255312419,1.382686011088137e-07,0.48223456300342615,7.319673220218045e-08,78.80506657436614
563,112.67511674449632,3.75,0.2,0.5833333333333333,0.5,0.5177652857583541,1.3528170124084464e-07,0.4822345073411233,7.161882281659654e-08,78.80506657436614
564,112.87525016677785,3.75,0.2,0.5833333333333333,0.5,0.5177653446589687,1.323592484712257e-07,0.48223445290659667,7.007518756658649e-08,78.80506657436614
565,113.07538358905937,3.75,0.2,0.5833333333333333,0.5,0.517765402270272,1.2949949113589865e-07,0.48223439966533366,6.856490464278648e-08,78.80506657436614
566,113.2755170113409,3.75,0.2,0.5833333333333333,0.5,0.51776545862945,1.2670067757080508e-07,0.4822343475828216,6.708705223583262e-08,78.80506657436614
567,113.4756504336224,3.75,0.2,0.5833333333333333,0.5,0.5177655137736892,1.2396105611188678e-07,0.48223429662454764,6.564070853636109e-08,78.80506657436614
568,113.67578385590393,3.75,0.2,0.5833333333333333,0.5,0.5177655677401753,1.212788750950849e-07,0.4822342467559992,6.422495173500776e-08,78.80506657436614
569,113.87591727818545,3.75,0.2,0.5833333333333333,0.5,0.517765620566095,1.1865238285634126e-07,0.4822341979426635,6.283886002240885e-08,78.80506657436614
570,114.07605070046698,3.75,0.2,0.5833333333333333,0.5,0.5177656722886342,1.1607982773159744e-07,0.48223415015002785,6.148151158920041e-08,78.80506657436614
571,114.27618412274849,3.75,0.2,0.5833333333333333,0.5,0.5177657229449791,1.1355945805679517e-07,0.4822341033435796,6.015198462601868e-08,78.80506657436614
572,114.47631754503001,3.75,0.2,0.5833333333333333,0.5,0.517765772572316,1.1108952216787571e-07,0.482234057488806,5.884935732349951e-08,78.80506657436614
573,114.67645096731154,3.75,0.2,0.5833333333333333,0.5,0.5177658211731924,1.0866986801110527e-07,0.4822340125834529,5.757348824804027e-08,78.80506657436614
574,114.87658438959306,3.75,0.2,0.5833333333333333,0.5,0.5177658686860689,1.0630330304611566e-07,0.4822339686849497,5.632567977548365e-08,78.80506657436614
575,115.07671781187457,3.75,0.2,0.5833333333333333,0.5,0.5177659151291807,1.0398895077850779e-07,0.4822339257764329,5.510543705119253e-08,78.80506657436614
576,115.2768512341561,3.75,0.2,0.5833333333333333,0.5,0.5177659605254862,1.0172571657851852e-07,0.4822338838366399,5.391215880239271e-08,78.80506657436614
577,115.47698465643762,3.75,0.2,0.5833333333333333,0.5,0.5177660048979439,9.951250581638521e-08,0.4822338428443081,5.274524375631025e-08,78.80506657436614
578,115.67711807871915,3.75,0.2,0.5833333333333333,0.5,0.5177660482695121,9.734822386234503e-08,0.4822338027781749,5.160409064017111e-08,78.80506657436614
579,115.87725150100066,3.75,0.2,0.5833333333333333,0.5,0.5177660906631495,9.523177608663535e-08,0.48223376361697784,5.048809818120136e-08,78.80506657436614
580,116.07738492328218,3.75,0.2,0.5833333333333333,0.5,0.5177661321018143,9.316206785949302e-08,0.48223372533945424,4.939666510662679e-08,78.80506657436614
581,116.2775183455637,3.75,0.2,0.5833333333333333,0.5,0.5177661726084654,9.11380045511554e-08,0.48223368792434157,4.832919014367347e-08,78.80506657436614
582,116.47765176784523,3.75,0.2,0.5833333333333333,0.5,0.5177662122060608,8.915849153185967e-08,0.48223365135037727,4.7285072019567354e-08,78.80506657436614
583,116.67778519012674,3.75,0.2,0.5833333333333333,0.5,0.5177662509175592,8.722243417184316e-08,0.4822336155962988,4.6263709461534495e-08,78.80506657436614
584,116.87791861240827,3.75,0.2,0.5833333333333333,0.5,0.5177662887659191,8.532873784134277e-08,0.4822335806408435,4.526450119680072e-08,78.80506657436614
585,117.07805203468979,3.75,0.2,0.5833333333333333,0.5,0.5177663257740989,8.347630791059584e-08,0.48223354646274885,4.4286845952592064e-08,78.80506657436614
586,117.27818545697131,3.75,0.2,0.5833333333333333,0.5,0.5177663619650571,8.166404974983953e-08,0.48223351304075235,4.333014245613451e-08,78.80506657436614
587,117.47831887925283,3.75,0.2,0.5833333333333333,0.5,0.5177663973617521,7.989086872931119e-08,0.4822334803535913,4.239378943465408e-08,78.80506657436614
588,117.67845230153435,3.75,0.2,0.5833333333333333,0.5,0.5177664319871426,7.815567021924774e-08,0.48223344838000326,4.147718561537663e-08,78.80506657436614
589,117.87858572381587,3.75,0.2,0.5833333333333333,0.5,0.5177664658641867,7.645735958988648e-08,0.4822334170987256,4.057972972552818e-08,78.80506657436614
590,118.0787191460974,3.75,0.2,0.5833333333333333,0.5,0.5177664990158433,7.47948422114646e-08,0.48223338648849573,3.970082049233471e-08,78.80506657436614
591,118.27885256837891,3.75,0.2,0.5833333333333333,0.5,0.517766531448083,7.316783030414553e-08,0.48223335654378385,3.884030450952202e-08,78.80506657436614
592,118.47898599066043,3.75,0.2,0.5833333333333333,0.5,0.51776656314168,7.157723288099638e-08,0.4822333272823961,3.799869268698106e-08,78.80506657436614
593,118.67911941294196,3.75,0.2,0.5833333333333333,0.5,0.5177665941118922,7.002232106328614e-08,0.4822332986902017,3.7175586773130575e-08,78.80506657436614
594,118.87925283522348,3.75,0.2,0.5833333333333333,0.5,0.5177666243754558,6.850229574615675e-08,0.4822332707517006,3.637054953524959e-08,78.80506657436614
595,119.07938625750499,3.75,0.2,0.5833333333333333,0.5,0.5177666539491077,6.70163578247503e-08,0.48223324345139246,3.5583143740617225e-08,78.80506657436614
596,119.27951967978652,3.75,0.2,0.5833333333333333,0.5,0.5177666828495842,6.556370819420854e-08,0.4822332167737773,3.4812932156512386e-08,78.80506657436614
597,119.47965310206804,3.75,0.2,0.5833333333333333,0.5,0.5177667110936216,6.414354774967353e-08,0.4822331907033548,3.405947755021419e-08,78.80506657436614
598,119.67978652434957,3.75,0.2,0.5833333333333333,0.5,0.5177667386979568,6.275507738628725e-08,0.48223316522462495,3.332234268900167e-08,78.80506657436614
599,119.87991994663108,3.75,0.2,0.5833333333333333,0.5,0.517766765679326,6.139749799919176e-08,0.4822331403220875,3.2601090340153924e-08,78.80506657436614
600,120.0800533689126,3.75,0.2,0.5833333333333333,0.5,0.5177667920544657,6.007001048352883e-08,0.4822331159802423,3.189528327094989e-08,78.80506657436614
601,120.28018679119413,3.75,0.2,0.5833333333333333,0.5,0.5177668178401126,5.877181573444052e-08,0.48223309218358923,3.120448424866865e-08,78.80506657436614
602,120.48032021347565,3.75,0.2,0.5833333333333333,0.5,0.517766843053003,5.75021146470688e-08,0.4822330689166281,3.0528256040589266e-08,78.80506657436614
603,120.68045363575716,3.75,0.2,0.5833333333333333,0.5,0.5177668677098736,5.626010811655573e-08,0.4822330461638587,2.986616141399082e-08,78.80506657436614
604,120.88058705803869,3.75,0.2,0.5833333333333333,0.5,0.5177668918274606,5.5044997038043085e-08,0.482233023909781,2.921776313615225e-08,78.80506657436614
605,121.08072048032021,3.75,0.2,0.5833333333333333,0.5,0.5177669154225008,5.385598230667293e-08,0.4822330021388948,2.8582623974352654e-08,78.80506657436614
606,121.28085390260173,3.75,0.2,0.5833333333333333,0.5,0.5177669385117304,5.269226481758722e-08,0.4822329808356999,2.7960306695871075e-08,78.80506657436614
607,121.48098732488324,3.75,0.2,0.5833333333333333,0.5,0.5177669611118861,5.155304546592802e-08,0.4822329599846961,2.7350374067986593e-08,78.80506657436614
608,121.68112074716477,3.75,0.2,0.5833333333333333,0.5,0.5177669832397045,5.043752514683712e-08,0.4822329395703833,2.6752388857978166e-08,78.80506657436614
609,121.8812541694463,3.75,0.2,0.5833333333333333,0.5,0.5177670048921837,4.9345821786647025e-08,0.4822329195955411,2.6166455166640395e-08,78.80506657436614
610,122.08138759172782,3.75,0.2,0.5833333333333333,0.5,0.5177670260441617,4.8279082905438276e-08,0.4822329000834723,2.559328487518905e-08,78.80506657436614
611,122.28152101400933,3.75,0.2,0.5833333333333333,0.5,0.5177670467063654,4.723678859360913e-08,0.4822328810242422,2.5032605562908695e-08,78.80506657436614
612,122.48165443629085,3.75,0.2,0.5833333333333333,0.5,0.5177670668905616,4.6218370643849314e-08,0.48223286240695323,2.448411629841963e-08,78.80506657436614
613,122.68178785857238,3.75,0.2,0.5833333333333333,0.5,0.517767086608517,4.522326084884872e-08,0.48223284422070783,2.394751615034228e-08,78.80506657436614
614,122.8819212808539,3.75,0.2,0.5833333333333333,0.5,0.5177671058719981,4.425089100129719e-08,0.48223282645460847,2.3422504187297035e-08,78.80506657436614
615,123.08205470313541,3.75,0.2,0.5833333333333333,0.5,0.517767124692772,4.330069289388463e-08,0.4822328090977575,2.2908779477904313e-08,78.80506657436614
616,123.28218812541694,3.75,0.2,0.5833333333333333,0.5,0.517767143082605,4.237209831930074e-08,0.48223279213925746,2.2406041090784424e-08,78.80506657436614
617,123.48232154769846,3.75,0.2,0.5833333333333333,0.5,0.5177671610532638,4.1464539070235426e-08,0.4822327755682108,2.1913988094557795e-08,78.80506657436614
618,123.68245496997999,3.75,0.2,0.5833333333333333,0.5,0.5177671786165154,4.057744693937853e-08,0.4822327593737199,2.1432319557844807e-08,78.80506657436614
619,123.8825883922615,3.75,0.2,0.5833333333333333,0.5,0.5177671957841263,3.971025371941995e-08,0.48223274354488727,2.0960734549265883e-08,78.80506657436614
620,124.08272181454302,3.75,0.2,0.5833333333333333,0.5,0.5177672125678632,3.8862391203049404e-08,0.48223272807081535,2.0498932137441338e-08,78.80506657436614
621,124.28285523682455,3.75,0.2,0.5833333333333333,0.5,0.5177672289794928,3.8033291182956785e-08,0.48223271294060654,2.004661139099159e-08,78.80506657436614
622,124.48298865910607,3.75,0.2,0.5833333333333333,0.5,0.5177672450307818,3.722238545183193e-08,0.48223269814336334,1.9603471378537027e-08,78.80506657436614
623,124.68312208138758,3.75,0.2,0.5833333333333333,0.5,0.5177672607334968,3.642910580236474e-08,0.4822326836681881,1.9169211168698062e-08,78.80506657436614
624,124.8832555036691,3.75,0.2,0.5833333333333333,0.5,0.5177672760994045,3.565288402724494e-08,0.4822326695041834,1.8743529830095022e-08,78.80506657436614
625,125.08338892595063,3.75,0.2,0.5833333333333333,0.5,0.5177672911402719,3.489315191916242e-08,0.48223265564045165,1.832612643134832e-08,78.80506657436614
626,125.28352234823215,3.75,0.2,0.5833333333333333,0.5,0.5177673058678653,3.4149341270807024e-08,0.48223264206609523,1.7916700041078343e-08,78.80506657436614
627,125.48365577051366,3.75,0.2,0.5833333333333333,0.5,0.5177673202939517,3.342088387486863e-08,0.4822326287702166,1.7514949727905508e-08,78.80506657436614
628,125.68378919279519,3.75,0.2,0.5833333333333333,0.5,0.5177673344302974,3.2707211524036984e-08,0.4822326157419183,1.7120574560450134e-08,78.80506657436614
629,125.88392261507671,3.75,0.2,0.5833333333333333,0.5,0.5177673482886695,3.200775601100197e-08,0.4822326029703027,1.673327360733264e-08,78.80506657436614
630,126.08405603735824,3.75,0.2,0.5833333333333333,0.5,0.5177673618808346,3.1321949128453434e-08,0.48223259044447225,1.6352745937173415e-08,78.80506657436614
631,126.28418945963975,3.75,0.2,0.5833333333333333,0.5,0.5177673752185592,3.0649222669081254e-08,0.4822325781535294,1.5978690618592867e-08,78.80506657436614
632,126.48432288192127,3.75,0.2,0.5833333333333333,0.5,0.5177673883121657,2.9989073924315523e-08,0.48223256608791415,1.5610848136265053e-08,78.80506657436614
633,126.6844563042028,3.75,0.2,0.5833333333333333,0.5,0.5177674011287292,2.9342961262493893e-08,0.48223255427811246,1.525019899972755e-08,78.80506657436614
634,126.88458972648432,3.75,0.2,0.5833333333333333,0.5,0.5177674136548379,2.8711458203629393e-08,0.48223254273654154,1.4897164212708277e-08,78.80506657436614
635,127.08472314876583,3.75,0.2,0.5833333333333333,0.5,0.5177674258967777,2.8094245084822503e-08,0.4822325314573791,1.4551600003012799e-08,78.80506657436614
636,127.28485657104736,3.75,0.2,0.5833333333333333,0.5,0.517767437860834,2.749100224317357e-08,0.4822325204348031,1.4213362598446615e-08,78.80506657436614
637,127.48498999332888,3.75,0.2,0.5833333333333333,0.5,0.5177674495532925,2.6901410015783075e-08,0.4822325096629912,1.38823082268153e-08,78.80506657436614
638,127.6851234156104,3.75,0.2,0.5833333333333333,0.5,0.5177674609804387,2.6325148739751457e-08,0.48223249913612143,1.3558293115924405e-08,78.80506657436614
639,127.88525683789192,3.75,0.2,0.5833333333333333,0.5,0.5177674721485582,2.576189875217919e-08,0.4822324888483715,1.3241173493579497e-08,78.80506657436614
640,128.08539026017345,3.75,0.2,0.5833333333333333,0.5,0.5177674830639366,2.5211340390166595e-08,0.48223247879391934,1.2930805587586057e-08,78.80506657436614
641,128.28552368245496,3.75,0.2,0.5833333333333333,0.5,0.5177674937328596,2.4673153990814267e-08,0.4822324689669427,1.2627045625749725e-08,78.80506657436614
642,128.48565710473648,3.75,0.2,0.5833333333333333,0.5,0.5177675041616127,2.4147019891222557e-08,0.4822324593616195,1.2329749835876001e-08,78.80506657436614
643,128.685790527018,3.75,0.2,0.5833333333333333,0.5,0.5177675143564815,2.3632618428491837e-08,0.48223244997212755,1.2038774445770395e-08,78.80506657436614
644,128.88592394929952,3.75,0.2,0.5833333333333333,0.5,0.5177675243237516,2.3129629939722688e-08,0.4822324407926447,1.175397568323854e-08,78.80506657436614
645,129.08605737158106,3.75,0.2,0.5833333333333333,0.5,0.5177675340697087,2.2637734762015402e-08,0.48223243181734876,1.1475209776085898e-08,78.80506657436614
646,129.28619079386257,3.75,0.2,0.5833333333333333,0.5,0.5177675436006381,2.2156613232470558e-08,0.4822324230404176,1.1202332952118101e-08,78.80506657436614
647,129.48632421614408,3.75,0.2,0.5833333333333333,0.5,0.5177675529228258,2.168594568818852e-08,0.482232414456029,1.0935201439140658e-08,78.80506657436614
648,129.68645763842562,3.75,0.2,0.5833333333333333,0.5,0.5177675620425571,2.1225412466269666e-08,0.4822324060583609,1.0673671464959077e-08,78.80506657436614
649,129.88659106070713,3.75,0.2,0.5833333333333333,0.5,0.5177675709661177,2.077469390381456e-08,0.48223239784159105,1.0417599257378982e-08,78.80506657436614
650,130.08672448298864,3.75,0.2,0.5833333333333333,0.5,0.5177675796997931,2.0333470337923568e-08,0.48223238979989735,1.0166841044205885e-08,78.80506657436614
651,130.28685790527018,3.75,0.2,0.5833333333333333,0.5,0.5177675882498691,1.9901422105697075e-08,0.4822323819274576,9.9212530532453e-09,78.80506657436614
652,130.4869913275517,3.75,0.2,0.5833333333333333,0.5,0.5177675966226312,1.9478229544235637e-08,0.48223237421844967,9.680691512302844e-09,78.80506657436614
653,130.68712474983323,3.75,0.2,0.5833333333333333,0.5,0.5177676048243649,1.906357299063957e-08,0.4822323666670514,9.445012649183997e-09,78.80506657436614
654,130.88725817211474,3.75,0.2,0.5833333333333333,0.5,0.5177676128613559,1.865713278200943e-08,0.48223235926744057,9.214072691694376e-09,78.80506657436614
655,131.08739159439625,3.75,0.2,0.5833333333333333,0.5,0.5177676207398897,1.8258589255445592e-08,0.4822323520137951,8.987727867639493e-09,78.80506657436614
656,131.2875250166778,3.75,0.2,0.5833333333333333,0.5,0.5177676284606294,1.7867881683965483e-08,0.48223234490547856,8.766012209431481e-09,78.80506657436614
657,131.4876584389593,3.75,0.2,0.5833333333333333,0.5,0.5177676360064918,1.7485766632147908e-08,0.4822323379582225,8.549520962489197e-09,78.80506657436614
658,131.6877918612408,3.75,0.2,0.5833333333333333,0.5,0.5177676433790163,1.7112143008745205e-08,0.4822323311705822,8.338260442126438e-09,78.80506657436614
659,131.88792528352235,3.75,0.2,0.5833333333333333,0.5,0.5177676505819727,1.67468070107212e-08,0.4822323245390557,8.132166434124598e-09,78.80506657436614
660,132.08805870580386,3.75,0.2,0.5833333333333333,0.5,0.5177676576191309,1.6389554835039884e-08,0.48223231806014133,7.931174724265164e-09,78.80506657436614
661,132.2881921280854,3.75,0.2,0.5833333333333333,0.5,0.5177676644942608,1.6040182678665034e-08,0.4822323117303372,7.735221098329508e-09,78.80506657436614
662,132.4883255503669,3.75,0.2,0.5833333333333333,0.5,0.5177676712111322,1.5698486738560633e-08,0.48223230554614155,7.544241342099108e-09,78.80506657436614
663,132.68845897264842,3.75,0.2,0.5833333333333333,0.5,0.5177676777735148,1.536426321169052e-08,0.4822322995040525,7.3581712413553675e-09,78.80506657436614
664,132.88859239492996,3.75,0.2,0.5833333333333333,0.5,0.5177676841851787,1.503730829501852e-08,0.48223229360056824,7.176946581879685e-09,78.80506657436614
665,133.08872581721147,3.75,0.2,0.5833333333333333,0.5,0.5177676904498935,1.471741818550862e-08,0.48223228783218697,7.000503149453542e-09,78.80506657436614
666,133.28885923949298,3.75,0.2,0.5833333333333333,0.5,0.5177676965714291,1.4404389080124648e-08,0.4822322821954068,6.828776729858336e-09,78.80506657436614
667,133.48899266177452,3.75,0.2,0.5833333333333333,0.5,0.5177677025535554,1.4098017175830448e-08,0.4822322766867261,6.6617031088754735e-09,78.80506657436614
668,133.68912608405603,3.75,0.2,0.5833333333333333,0.5,0.5177677084000422,1.379809866958999e-08,0.48223227130264285,6.499218072286426e-09,78.80506657436614
669,133.88925950633757,3.75,0.2,0.5833333333333333,0.5,0.5177677141146593,1.350442975836707e-08,0.4822322660396553,6.3412574058725775e-09,78.80506657436614
670,134.08939292861908,3.75,0.2,0.5833333333333333,0.5,0.5177677197011765,1.3216806639125654e-08,0.4822322608942617,6.187756895415398e-09,78.80506657436614
671,134.2895263509006,3.75,0.2,0.5833333333333333,0.5,0.5177677251633638,1.2935025508829585e-08,0.4822322558629601,6.038652326696292e-09,78.80506657436614
672,134.48965977318213,3.75,0.2,0.5833333333333333,0.5,0.5177677305049908,1.2658882564442705e-08,0.4822322509422488,5.893879485496665e-09,78.80506657436614
673,134.68979319546364,3.75,0.2,0.5833333333333333,0.5,0.5177677357298276,1.2388174002928976e-08,0.4822322461286259,5.753374157597988e-09,78.80506657436614
674,134.88992661774515,3.75,0.2,0.5833333333333333,0.5,0.5177677408416438,1.2122696021252241e-08,0.48223224141858967,5.617072128781665e-09,78.80506657436614
675,135.09006004002669,3.75,0.2,0.5833333333333333,0.5,0.5177677458442095,1.1862244816376346e-08,0.4822322368086382,5.484909184829105e-09,78.80506657436614
676,135.2901934623082,3.75,0.2,0.5833333333333333,0.5,0.5177677507412942,1.160661658526525e-08,0.48223223229526974,5.356821111521773e-09,78.80506657436614
677,135.49032688458973,3.75,0.2,0.5833333333333333,0.5,0.517767755536668,1.1355607524882759e-08,0.4822322278749824,5.232743694641058e-09,78.80506657436614
678,135.69046030687124,3.75,0.2,0.5833333333333333,0.5,0.5177677602341006,1.110901383219283e-08,0.4822322235442744,5.112612719968424e-09,78.80506657436614
679,135.89059372915276,3.75,0.2,0.5833333333333333,0.5,0.5177677703274154,1.057633303870385e-08,0.48223221419975315,4.896499994098272e-09,78.80506657436614
680,136.0907271514343,3.75,0.2,0.5833333333333333,0.5,0.5177677741634902,1.0373772794798134e-08,0.4822322106663856,4.796353002878648e-09,78.80506657436614
681,136.2908605737158,3.75,0.2,0.5833333333333333,0.5,0.5177677779534625,1.0172930631020984e-08,0.4822322071744417,4.699166746714942e-09,78.80506657436614
682,136.49099399599731,3.75,0.2,0.5833333333333333,0.5,0.5177677816973324,9.973806547372372e-09,0.4822322037239214,4.604941225607143e-09,78.80506657436614
683,136.69112741827885,3.75,0.2,0.5833333333333333,0.5,0.5177677853950998,9.776400543852272e-09,0.4822322003148248,4.513676439555235e-09,78.80506657436614
684,136.89126084056036,3.75,0.2,0.5833333333333333,0.5,0.5177677890467648,9.580712620460737e-09,0.48223219694715175,4.425372388559245e-09,78.80506657436614
685,137.0913942628419,3.75,0.2,0.5833333333333333,0.5,0.5177677926523273,9.386742777197712e-09,0.48223219362090236,4.340029072619148e-09,78.80506657436614
686,137.2915276851234,3.75,0.2,0.5833333333333333,0.5,0.5177677962117874,9.194491014063254e-09,0.4822321903360766,4.257646491734969e-09,78.80506657436614
687,137.49166110740492,3.75,0.2,0.5833333333333333,0.5,0.5177677997251451,9.003957331057334e-09,0.48223218709267446,4.178224645906694e-09,78.80506657436614
688,137.69179452968646,3.75,0.2,0.5833333333333333,0.5,0.5177678031924002,8.815141728179925e-09,0.48223218389069594,4.101763535134314e-09,78.80506657436614
689,137.89192795196797,3.75,0.2,0.5833333333333333,0.5,0.517767806613553,8.62804420543108e-09,0.48223218073014107,4.028263159417849e-09,78.80506657436614
690,138.09206137424948,3.75,0.2,0.5833333333333333,0.5,0.5177678099886033,8.442664762810774e-09,0.48223217761100984,3.95772351875729e-09,78.80506657436614
691,138.29219479653102,3.75,0.2,0.5833333333333333,0.5,0.5177678133175512,8.259003400318981e-09,0.48223217453330225,3.890144613152625e-09,78.80506657436614
692,138.49232821881253,3.75,0.2,0.5833333333333333,0.5,0.5177678166003966,8.077060117955753e-09,0.48223217149701825,3.8255264426038765e-09,78.80506657436614
693,138.69246164109407,3.75,0.2,0.5833333333333333,0.5,0.5177678198371396,7.896834915721036e-09,0.4822321685021579,3.763869007111024e-09,78.80506657436614
694,138.89259506337558,3.75,0.2,0.5833333333333333,0.5,0.5177678230277801,7.718327793614884e-09,0.48223216554872117,3.7051723066740847e-09,78.80506657436614
695,139.0927284856571,3.75,0.2,0.5833333333333333,0.5,0.5177678261723182,7.541538751637268e-09,0.4822321626367081,3.6494363412930504e-09,78.80506657436614
696,139.29286190793863,3.75,0.2,0.5833333333333333,0.5,0.5177678292707539,7.366467789788167e-09,0.4822321597661186,3.596661110967914e-09,78.80506657436614
697,139.49299533022014,3.75,0.2,0.5833333333333333,0.5,0.5177678323230871,7.1931149080676295e-09,0.48223215693695276,3.54684661569869e-09,78.80506657436614
698,139.69312875250165,3.75,0.2,0.5833333333333333,0.5,0.5177678353293178,7.02148010647563e-09,0.48223215414921056,3.499992855485371e-09,78.80506657436614
699,139.8932621747832,3.75,0.2,0.5833333333333333,0.5,0.5177678382894462,6.851563385012145e-09,0.482232151402892,3.456099830327951e-09,78.80506657436614
700,140.0933955970647,3.75,0.2,0.5833333333333333,0.5,0.5177678412034721,6.683364743677221e-09,0.482232148697997,3.4151675402264425e-09,78.80506657436614
701,140.29352901934624,3.75,0.2,0.5833333333333333,0.5,0.5177678440713954,6.516884182470813e-09,0.48223214603452574,3.3771959851808333e-09,78.80506657436614
702,140.49366244162775,3.75,0.2,0.5833333333333333,0.5,0.5177678468932164,6.352121701392966e-09,0.48223214341247805,3.342185165191135e-09,78.80506657436614
703,140.69379586390926,3.75,0.2,0.5833333333333333,0.5,0.5177678496683721,6.189182772395147e-09,0.4822321408324889,3.3099575984076526e-09,78.80506657436614
704,140.8939292861908,3.75,0.2,0.5833333333333333,0.5,0.5177678523918762,6.029001688310349e-09,0.4822321383001823,3.2789411131029592e-09,78.80506657436614
705,141.0940627084723,3.75,0.2,0.5833333333333333,0.5,0.5177678550625557,5.871798243176062e-09,0.48223213581688146,3.2487658531042484e-09,78.80506657436614
706,141.29419613075382,3.75,0.2,0.5833333333333333,0.5,0.5177678576804108,5.7175724369922595e-09,0.4822321333825863,3.2194318184115156e-09,78.80506657436614
707,141.49432955303536,3.75,0.2,0.5833333333333333,0.5,0.5177678602454412,5.566324269758923e-09,0.4822321309972968,3.190939009024757e-09,78.80506657436614
708,141.69446297531687,3.75,0.2,0.5833333333333333,0.5,0.5177678627576471,5.418053741476094e-09,0.482232128661013,3.1632874249439806e-09,78.80506657436614
709,141.8945963975984,3.75,0.2,0.5833333333333333,0.5,0.5177678652170284,5.272760852143732e-09,0.4822321263737349,3.1364770661691784e-09,78.80506657436614
710,142.09472981987992,3.75,0.2,0.5833333333333333,0.5,0.5177678676235853,5.1304456017618766e-09,0.4822321241354625,3.1105079327003583e-09,78.80506657436614
711,142.29486324216143,3.75,0.2,0.5833333333333333,0.5,0.5177678699773175,4.991107990330509e-09,0.48223212194619575,3.0853800245375162e-09,78.80506657436614
712,142.49499666444297,3.75,0.2,0.5833333333333333,0.5,0.5177678722782252,4.854748017849607e-09,0.4822321198059347,3.061093341680649e-09,78.80506657436614
713,142.69513008672448,3.75,0.2,0.5833333333333333,0.5,0.5177678745263083,4.721365684319213e-09,0.4822321177146794,3.037647884129763e-09,78.80506657436614
714,142.89526350900599,3.75,0.2,0.5833333333333333,0.5,0.517767876721567,4.590960989739305e-09,0.48223211567242974,3.0150436518848554e-09,78.80506657436614
715,143.09539693128752,3.75,0.2,0.5833333333333333,0.5,0.517767878864001,4.463533934109865e-09,0.4822321136791858,2.9932806449459228e-09,78.80506657436614
716,143.29553035356903,3.75,0.2,0.5833333333333333,0.5,0.5177678809536105,4.339084517430931e-09,0.48223211173494746,2.9723588633129714e-09,78.80506657436614
717,143.49566377585057,3.75,0.2,0.5833333333333333,0.5,0.5177678829903954,4.217612739702466e-09,0.4822321098397149,2.952278306985995e-09,78.80506657436614
718,143.69579719813208,3.75,0.2,0.5833333333333333,0.5,0.5177678849743558,4.099118600924505e-09,0.482232107993488,2.933038975965e-09,78.80506657436614
719,143.8959306204136,3.75,0.2,0.5833333333333333,0.5,0.5177678869054917,3.983602101097031e-09,0.4822321061962668,2.9146408702499832e-09,78.80506657436614
720,144.09606404269513,3.75,0.2,0.5833333333333333,0.5,0.5177678887931024,3.870760322047115e-09,0.482232104439733,2.89640568679006e-09,78.80506657436614
721,144.29619746497664,3.75,0.2,0.5833333333333333,0.5,0.5177678909281677,3.7511149676655084e-09,0.48223210246360937,2.8571093533996623e-09,78.80506657436614
722,144.49633088725815,3.75,0.2,0.5833333333333333,0.5,0.5177678930240096,3.6340042119428806e-09,0.48223210052432536,2.8176621768021195e-09,78.80506657436614
723,144.6964643095397,3.75,0.2,0.5833333333333333,0.5,0.5177678950806281,3.519428054879214e-09,0.48223209862188104,2.7780641569974247e-09,78.80506657436614
724,144.8965977318212,3.75,0.2,0.5833333333333333,0.5,0.5177678970980232,3.4073864964745416e-09,0.4822320967562763,2.7383152939855895e-09,78.80506657436614
725,145.09673115410274,3.75,0.2,0.5833333333333333,0.5,0.5177678990761949,3.2978795367288326e-09,0.4822320949275113,2.698415587766603e-09,78.80506657436614
726,145.29686457638425,3.75,0.2,0.5833333333333333,0.5,0.5177679010151433,3.190907175642117e-09,0.4822320931355859,2.658365038340476e-09,78.80506657436614
727,145.49699799866576,3.75,0.2,0.5833333333333333,0.5,0.5177679029148681,3.0864694132143792e-09,0.48223209138050016,2.618163645707203e-09,78.80506657436614
728,145.6971314209473,3.75,0.2,0.5833333333333333,0.5,0.5177679047753696,2.984566249445606e-09,0.48223208966225406,2.577811409866779e-09,78.80506657436614
729,145.8972648432288,3.75,0.2,0.5833333333333333,0.5,0.5177679065966477,2.885197684335825e-09,0.4822320879808476,2.537308330819214e-09,78.80506657436614
730,146.09739826551032,3.75,0.2,0.5833333333333333,0.5,0.5177679083787023,2.7883637178850225e-09,0.4822320863362808,2.496654408564503e-09,78.80506657436614
731,146.29753168779186,3.75,0.2,0.5833333333333333,0.5,0.5177679101215337,2.6940643500931834e-09,0.4822320847285536,2.4558496431026407e-09,78.80506657436614
732,146.49766511007337,3.75,0.2,0.5833333333333333,0.5,0.5177679118251416,2.6022995809603374e-09,0.4822320831576661,2.414894034433638e-09,78.80506657436614
733,146.6977985323549,3.75,0.2,0.5833333333333333,0.5,0.517767913489526,2.513069410486456e-09,0.48223208162361825,2.3737875825574835e-09,78.80506657436614
734,146.89793195463642,3.75,0.2,0.5833333333333333,0.5,0.5177679151146871,2.426373838671566e-09,0.48223208012641,2.3325302874741894e-09,78.80506657436614
735,147.09806537691793,3.75,0.2,0.5833333333333333,0.5,0.5177679167006247,2.342212865515654e-09,0.48223207866604145,2.2911221491837486e-09,78.80506657436614
736,147.29819879919947,3.75,0.2,0.5833333333333333,0.5,0.517767918247339,2.2605864910187087e-09,0.4822320772425125,2.2495631676861567e-09,78.80506657436614
737,147.49833222148098,3.75,0.2,0.5833333333333333,0.5,0.5177679197548299,2.1814947151807527e-09,0.48223207585582323,2.2078533429814244e-09,78.80506657436614
738,147.6984656437625,3.75,0.2,0.5833333333333333,0.5,0.5177679212230973,2.1049375380017746e-09,0.4822320745059736,2.165992675069546e-09,78.80506657436614
739,147.89859906604403,3.75,0.2,0.5833333333333333,0.5,0.5177679226521414,2.030914959481765e-09,0.48223207319296363,2.1239811639505163e-09,78.80506657436614
740,148.09873248832554,3.75,0.2,0.5833333333333333,0.5,0.517767924041962,1.959426979620744e-09,0.4822320719167933,2.081818809624346e-09,78.80506657436614
741,148.29886591060708,3.75,0.2,0.5833333333333333,0.5,0.5177679253925593,1.890473598418691e-09,0.4822320706774626,2.039505612091024e-09,78.80506657436614
742,148.4989993328886,3.75,0.2,0.5833333333333333,0.5,0.5177679267039331,1.824054815875626e-09,0.48223206947497155,1.997041571350562e-09,78.80506657436614
743,148.6991327551701,3.75,0.2,0.5833333333333333,0.5,0.5177679279760836,1.7601706319915391e-09,0.4822320683093202,1.9544266874029537e-09,78.80506657436614
744,148.89926617745164,3.75,0.2,0.5833333333333333,0.5,0.5177679292090106,1.6988210467664218e-09,0.48223206718050843,1.911660960248194e-09,78.80506657436614
745,149.09939959973315,3.75,0.2,0.5833333333333333,0.5,0.5177679304027143,1.6400060602002913e-09,0.4822320660885363,1.868744389886294e-09,78.80506657436614
746,149.29953302201466,3.75,0.2,0.5833333333333333,0.5,0.5177679315571946,1.5837256722931389e-09,0.4822320650334039,1.8256769763172482e-09,78.80506657436614
747,149.4996664442962,3.75,0.2,0.5833333333333333,0.5,0.5177679326724514,1.5299798830449569e-09,0.4822320640151111,1.7824587195410504e-09,78.80506657436614
748,149.6997998665777,3.75,0.2,0.5833333333333333,0.5,0.5177679337484848,1.4787686924557611e-09,0.48223206303365795,1.7390896195577127e-09,78.80506657436614
749,149.89993328885924,3.75,0.2,0.5833333333333333,0.5,0.5177679347852948,1.4300921005255364e-09,0.4822320620890444,1.695569676367223e-09,78.80506657436614
750,150.10006671114076,3.75,0.2,0.5833333333333333,0.5,0.5177679357828815,1.3839501072542968e-09,0.48223206118127054,1.6518988899695935e-09,78.80506657436614
751,150.30020013342227,3.75,0.2,0.5833333333333333,0.5,0.5177679367412447,1.3403427126420352e-09,0.48223206031033633,1.608077260364818e-09,78.80506657436614
752,150.5003335557038,3.75,0.2,0.5833333333333333,0.5,0.5177679376603844,1.299269916688746e-09,0.4822320594762418,1.5641047875528904e-09,78.80506657436614
753,150.70046697798531,3.75,0.2,0.5833333333333333,0.5,0.5177679385403009,1.260731719394441e-09,0.4822320586789869,1.5199814715338231e-09,78.80506657436614
754,150.90060040026682,3.75,0.2,0.5833333333333333,0.5,0.5177679393809939,1.2247281207591136e-09,0.4822320579185716,1.4757073123076096e-09,78.80506657436614
755,151.10073382254836,3.75,0.2,0.5833333333333333,0.5,0.5177679401824635,1.19125912078276e-09,0.482232057194996,1.4312823098742441e-09,78.80506657436614
756,151.30086724482987,3.75,0.2,0.5833333333333333,0.5,0.5177679409447097,1.1603247194653894e-09,0.48223205650826,1.3867064642337389e-09,78.80506657436614
757,151.5010006671114,3.75,0.2,0.5833333333333333,0.5,0.5177679416677325,1.1319249168069928e-09,0.4822320558583637,1.3419797753860815e-09,78.80506657436614
758,151.70113408939292,3.75,0.2,0.5833333333333333,0.5,0.5177679423515319,1.1060597128075785e-09,0.482232055245307,1.2971022433312843e-09,78.80506657436614
759,151.90126751167443,3.75,0.2,0.5833333333333333,0.5,0.517767942996108,1.0827291074671424e-09,0.48223205466908997,1.2520738680693413e-09,78.80506657436614
760,152.10140093395597,3.75,0.2,0.5833333333333333,0.5,0.5177679436014605,1.0619331007856812e-09,0.4822320541297126,1.206894649600246e-09,78.80506657436614
761,152.30153435623748,3.75,0.2,0.5833333333333333,0.5,0.5177679441675896,1.0436716927632014e-09,0.48223205362717486,1.161564587924011e-09,78.80506657436614
762,152.501667778519,3.75,0.2,0.5833333333333333,0.5,0.5177679446944955,1.0279448833996996e-09,0.48223205316147677,1.1160836830406303e-09,78.80506657436614
763,152.70180120080053,3.75,0.2,0.5833333333333333,0.5,0.5177679451821778,1.014752672695174e-09,0.4822320527326183,1.070451934950097e-09,78.80506657436614
764,152.90193462308204,3.75,0.2,0.5833333333333333,0.5,0.5177679456306369,1.0040950606496288e-09,0.48223205234059957,1.0246693436524242e-09,78.80506657436614
765,153.10206804536358,3.75,0.2,0.5833333333333333,0.5,0.5177679463008479,9.761101361356337e-10,0.4822320517357133,9.873294564560185e-10,78.80506657436614
766,153.3022014676451,3.75,0.2,0.5833333333333333,0.5,0.5177679471448489,9.344481199695243e-10,0.48223205096385074,9.568529517603685e-10,78.80506657436614
767,153.5023348899266,3.75,0.2,0.5833333333333333,0.5,0.5177679479699692,8.937724966000937e-10,0.4822320502093636,9.268954578426944e-10,78.80506657436614
768,153.70246831220814,3.75,0.2,0.5833333333333333,0.5,0.5177679487762087,8.540832660273365e-10,0.4822320494722518,8.97456974702992e-10,78.80506657436614
769,153.90260173448965,3.75,0.2,0.5833333333333333,0.5,0.5177679495635674,8.153804282512641e-10,0.4822320487525153,8.6853750234127e-10,78.80506657436614
770,154.1027351567712,3.75,0.2,0.5833333333333333,0.5,0.5177679503320454,7.776639832718652e-10,0.4822320480501542,8.401370407575198e-10,78.80506657436614
771,154.3028685790527,3.75,0.2,0.5833333333333333,0.5,0.5177679510816426,7.409339310891507e-10,0.48223204736516845,8.122555899517496e-10,78.80506657436614
772,154.5030020013342,3.75,0.2,0.5833333333333333,0.5,0.5177679518123591,7.051902717031153e-10,0.48223204669755804,7.848931499239555e-10,78.80506657436614
773,154.70313542361575,3.75,0.2,0.5833333333333333,0.5,0.5177679525241948,6.704330051137539e-10,0.482232046047323,7.580497206741334e-10,78.80506657436614
774,154.90326884589726,3.75,0.2,0.5833333333333333,0.5,0.5177679532171497,6.366621313210764e-10,0.48223204541446335,7.317253022022911e-10,78.80506657436614
775,155.10340226817877,3.75,0.2,0.5833333333333333,0.5,0.5177679538912239,6.038776503250781e-10,0.482232044798979,7.059198945084249e-10,78.80506657436614
776,155.3035356904603,3.75,0.2,0.5833333333333333,0.5,0.5177679545464173,5.720795621257541e-10,0.48223204420087007,6.806334975925309e-10,78.80506657436614
777,155.50366911274182,3.75,0.2,0.5833333333333333,0.5,0.51776795518273,5.412678667231138e-10,0.48223204362013644,6.558661114546166e-10,78.80506657436614
778,155.70380253502336,3.75,0.2,0.5833333333333333,0.5,0.5177679558001619,5.114425641171481e-10,0.4822320430567782,6.316177360946748e-10,78.80506657436614
779,155.90393595730487,3.75,0.2,0.5833333333333333,0.5,0.517767956398713,4.826036543078657e-10,0.4822320425107953,6.078883715127124e-10,78.80506657436614
780,156.10406937958638,3.75,0.2,0.5833333333333333,0.5,0.5177679569783834,4.5475113729526257e-10,0.4822320419821878,5.846780177087261e-10,78.80506657436614
781,156.30420280186792,3.75,0.2,0.5833333333333333,0.5,0.517767957539173,4.278850130793343e-10,0.4822320414709556,5.619866746827124e-10,78.80506657436614
782,156.50433622414943,3.75,0.2,0.5833333333333333,0.5,0.5177679580810818,4.02005281660089e-10,0.4822320409770988,5.398143424346778e-10,78.80506657436614
783,156.70446964643094,3.75,0.2,0.5833333333333333,0.5,0.51776795860411,3.771119430375227e-10,0.48223204050061735,5.181610209646195e-10,78.80506657436614
784,156.90460306871248,3.75,0.2,0.5833333333333333,0.5,0.5177679591082572,3.53204997211632e-10,0.48223204004151127,4.970267102725339e-10,78.80506657436614
785,157.104736490994,3.75,0.2,0.5833333333333333,0.5,0.5177679595935238,3.302844441824237e-10,0.4822320395997805,4.764114103584272e-10,78.80506657436614
786,157.30486991327552,3.75,0.2,0.5833333333333333,0.5,0.5177679600599095,3.083502839498914e-10,0.4822320391754251,4.563151212222938e-10,78.80506657436614
787,157.50500333555703,3.75,0.2,0.5833333333333333,0.5,0.5177679605074146,2.874025165140412e-10,0.4822320387684451,4.367378428641392e-10,78.80506657436614
788,157.70513675783855,3.75,0.2,0.5833333333333333,0.5,0.5177679609360389,2.6744114187486997e-10,0.48223203837884043,4.176795752839607e-10,78.80506657436614
789,157.90527018012008,3.75,0.2,0.5833333333333333,0.5,0.5177679613457824,2.4846616003237505e-10,0.48223203800661113,3.991403184817554e-10,78.80506657436614
790,158.1054036024016,3.75,0.2,0.5833333333333333,0.5,0.5177679617366452,2.304775709865619e-10,0.4822320376517572,3.811200724575286e-10,78.80506657436614
791,158.3055370246831,3.75,0.2,0.5833333333333333,0.5,0.5177679621086272,2.134753747374277e-10,0.4822320373142786,3.6361883721127785e-10,78.80506657436614
792,158.50567044696464,3.75,0.2,0.5833333333333333,0.5,0.5177679624617284,1.9745957128497026e-10,0.4822320369941754,3.4663661274300076e-10,78.80506657436614
793,158.70580386924615,3.75,0.2,0.5833333333333333,0.5,0.5177679627959488,1.8243016062919408e-10,0.4822320366914475,3.3017339905270196e-10,78.80506657436614
794,158.9059372915277,3.75,0.2,0.5833333333333333,0.5,0.5177679631112886,1.6838714277009496e-10,0.48223203640609497,3.142291961403769e-10,78.80506657436614
795,159.1060707138092,3.75,0.2,0.5833333333333333,0.5,0.5177679634077474,1.553305177076769e-10,0.4822320361381178,2.988040040060301e-10,78.80506657436614
796,159.3062041360907,3.75,0.2,0.5833333333333333,0.5,0.5177679636853256,1.432602854419378e-10,0.482232035887516,2.838978226496592e-10,78.80506657436614
797,159.50633755837225,3.75,0.2,0.5833333333333333,0.5,0.517767963944023,1.321764459728761e-10,0.48223203565428957,2.695106520712623e-10,78.80506657436614
798,159.70647098065376,3.75,0.2,0.5833333333333333,0.5,0.5177679641838397,1.2207899930049507e-10,0.48223203543843846,2.556424922708434e-10,78.80506657436614
799,159.90660440293527,3.75,0.2,0.5833333333333333,0.5,0.5177679644047756,1.1296794542479299e-10,0.4822320352399627,2.4229334324840045e-10,78.80506657436614
800,160.1067378252168,3.75,0.2,0.5833333333333333,0.5,0.5177679646068307,1.0484328434576877e-10,0.48223203505886236,2.2946320500393168e-10,78.80506657436614
801,160.30687124749832,3.75,0.2,0.5833333333333333,0.5,0.5177679647900051,9.770501606342474e-11,0.48223203489513733,2.171520775374407e-10,78.80506657436614
802,160.50700466977986,3.75,0.2,0.5833333333333333,0.5,0.5177679649542988,9.155314057775888e-11,0.4822320347487877,2.0535996084892402e-10,78.80506657436614
803,160.70713809206137,3.75,0.2,0.5833333333333333,0.5,0.5177679650997116,8.638765788877292e-11,0.4822320346198134,1.9408685493838497e-10,78.80506657436614
804,160.90727151434288,3.75,0.2,0.5833333333333333,0.5,0.5177679652262437,8.220856799646592e-11,0.48223203450821445,1.833327598058219e-10,78.80506657436614
805,161.10740493662442,3.75,0.2,0.5833333333333333,0.5,0.517767965333895,7.90158709008375e-11,0.4822320344139909,1.7309767545123337e-10,78.80506657436614
806,161.30753835890593,3.75,0.2,0.5833333333333333,0.5,0.5177679654226656,7.680956660188856e-11,0.4822320343371426,1.6338160187462223e-10,78.80506657436614
807,161.50767178118744,3.75,0.2,0.5833333333333333,0.5,0.5177679654925553,7.558965509961858e-11,0.48223203427766975,1.5418453907598708e-10,78.80506657436614
808,161.70780520346898,3.75,0.2,0.5833333333333333,0.5,0.5177679655435644,7.535613639402762e-11,0.48223203423557226,1.4550648705532664e-10,78.80506657436614
809,161.9079386257505,3.75,0.2,0.5833333333333333,0.5,0.517767973106052,-2.754802314181527e-10,0.48223202735303816,-1.8361015900988842e-10,78.80506657436614
810,162.10807204803203,3.75,0.2,0.5833333333333333,0.5,0.5177679730417664,-2.725331481612166e-10,0.4822320274121394,-1.8137278953831078e-10,78.80506657436614
811,162.30820547031354,3.75,0.2,0.5833333333333333,0.5,0.5177679729774806,-2.6958606490428093e-10,0.48223202747124055,-1.7913542006673345e-10,78.80506657436614
812,162.50833889259505,3.75,0.2,0.5833333333333333,0.5,0.5177679729131949,-2.666389816473452e-10,0.4822320275303417,-1.7689805059515612e-10,78.80506657436614
813,162.7084723148766,3.75,0.2,0.5833333333333333,0.5,0.5177679728489092,-2.6369189839040913e-10,0.4822320275894429,-1.7466068112357845e-10,78.80506657436614
814,162.9086057371581,3.75,0.2,0.5833333333333333,0.5,0.5177679727846235,-2.6074481513347347e-10,0.48223202764854406,-1.7242331165200112e-10,78.80506657436614
815,163.1087391594396,3.75,0.2,0.5833333333333333,0.5,0.5177679727203378,-2.5779773187653775e-10,0.4822320277076452,-1.7018594218042381e-10,78.80506657436614
816,163.30887258172115,3.75,0.2,0.5833333333333333,0.5,0.517767972656052,-2.5485064861960167e-10,0.4822320277667464,-1.6794857270884615e-10,78.80506657436614
817,163.50900600400266,3.75,0.2,0.5833333333333333,0.5,0.5177679725917663,-2.51903565362666e-10,0.48223202782584756,-1.6571120323726884e-10,78.80506657436614
818,163.7091394262842,3.75,0.2,0.5833333333333333,0.5,0.5177679725274806,-2.489564821057299e-10,0.48223202788494873,-1.6347383376569117e-10,78.80506657436614
819,163.9092728485657,3.75,0.2,0.5833333333333333,0.5,0.517767972463195,-2.460093988487942e-10,0.4822320279440499,-1.6123646429411384e-10,78.80506657436614
820,164.10940627084722,3.75,0.2,0.5833333333333333,0.5,0.5177679723989091,-2.430623155918585e-10,0.48223202800315107,-1.5899909482253649e-10,78.80506657436614
821,164.30953969312876,3.75,0.2,0.5833333333333333,0.5,0.5177679723346235,-2.401152323349224e-10,0.4822320280622523,-1.5676172535095884e-10,78.80506657436614
822,164.50967311541027,3.75,0.2,0.5833333333333333,0.5,0.5177679722703378,-2.3716814907798675e-10,0.48223202812135346,-1.545243558793815e-10,78.80506657436614
823,164.70980653769178,3.75,0.2,0.5833333333333333,0.5,0.5177679722060521,-2.3422106582105103e-10,0.48223202818045463,-1.522869864078042e-10,78.80506657436614
824,164.90993995997331,3.75,0.2,0.5833333333333333,0.5,0.5177679721417664,-2.3127398256411495e-10,0.4822320282395558,-1.5004961693622654e-10,78.80506657436614
825,165.11007338225482,3.75,0.2,0.5833333333333333,0.5,0.5177679720774806,-2.2832689930717926e-10,0.48223202829865697,-1.478122474646492e-10,78.80506657436614
826,165.31020680453636,3.75,0.2,0.5833333333333333,0.5,0.5177679720131949,-2.2537981605024316e-10,0.48223202835775814,-1.4557487799307157e-10,78.80506657436614
827,165.51034022681787,3.75,0.2,0.5833333333333333,0.5,0.5177679719489092,-2.224327327933075e-10,0.4822320284168593,-1.4333750852149424e-10,78.80506657436614
828,165.71047364909938,3.75,0.2,0.5833333333333333,0.5,0.5177679718846235,-2.1948564953637183e-10,0.4822320284759605,-1.411001390499169e-10,78.80506657436614
829,165.91060707138092,3.75,0.2,0.5833333333333333,0.5,0.5177679718203378,-2.165385662794357e-10,0.48223202853506164,-1.3886276957833926e-10,78.80506657436614
830,166.11074049366243,3.75,0.2,0.5833333333333333,0.5,0.517767971756052,-2.1359148302250003e-10,0.4822320285941628,-1.3662540010676193e-10,78.80506657436614
831,166.31087391594394,3.75,0.2,0.5833333333333333,0.5,0.5177679716917664,-2.1064439976556436e-10,0.48223202865326403,-1.343880306351846e-10,78.80506657436614
832,166.51100733822548,3.75,0.2,0.5833333333333333,0.5,0.5177679716274807,-2.0769731650862823e-10,0.4822320287123652,-1.3215066116360696e-10,78.80506657436614
833,166.711140760507,3.75,0.2,0.5833333333333333,0.5,0.517767971563195,-2.0475023325169257e-10,0.48223202877146637,-1.2991329169202963e-10,78.80506657436614
834,166.91127418278853,3.75,0.2,0.5833333333333333,0.5,0.5177679714989092,-2.0180314999475646e-10,0.48223202883056754,-1.2767592222045199e-10,78.80506657436614
835,167.11140760507004,3.75,0.2,0.5833333333333333,0.5,0.5177679714346235,-1.9885606673782077e-10,0.4822320288896687,-1.2543855274887465e-10,78.80506657436614
836,167.31154102735155,3.75,0.2,0.5833333333333333,0.5,0.5177679713703378,-1.959089834808851e-10,0.4822320289487699,-1.2320118327729732e-10,78.80506657436614
837,167.5116744496331,3.75,0.2,0.5833333333333333,0.5,0.5177679713060521,-1.92961900223949e-10,0.48223202900787104,-1.2096381380571968e-10,78.80506657436614
838,167.7118078719146,3.75,0.2,0.5833333333333333,0.5,0.5177679712417664,-1.900148169670133e-10,0.4822320290669722,-1.1872644433414232e-10,78.80506657436614
839,167.9119412941961,3.75,0.2,0.5833333333333333,0.5,0.5177679711774806,-1.8706773371007765e-10,0.4822320291260734,-1.1648907486256502e-10,78.80506657436614
840,168.11207471647765,3.75,0.2,0.5833333333333333,0.5,0.517767971113195,-1.8412065045314154e-10,0.48223202918517455,-1.1425170539098735e-10,78.80506657436614
841,168.31220813875916,3.75,0.2,0.5833333333333333,0.5,0.5177679710489093,-1.8117356719620585e-10,0.4822320292442757,-1.1201433591941002e-10,78.80506657436614
842,168.5123415610407,3.75,0.2,0.5833333333333333,0.5,0.5177679709846236,-1.7822648393926974e-10,0.48223202930337694,-1.0977696644783238e-10,78.80506657436614
843,168.7124749833222,3.75,0.2,0.5833333333333333,0.5,0.5177679709203379,-1.7527940068233405e-10,0.4822320293624781,-1.0753959697625505e-10,78.80506657436614
844,168.91260840560372,3.75,0.2,0.5833333333333333,0.5,0.5177679708560521,-1.723323174253984e-10,0.4822320294215793,-1.0530222750467772e-10,78.80506657436614
845,169.11274182788526,3.75,0.2,0.5833333333333333,0.5,0.5177679707917664,-1.6938523416846228e-10,0.48223202948068045,-1.0306485803310008e-10,78.80506657436614
846,169.31287525016677,3.75,0.2,0.5833333333333333,0.5,0.5177679707274807,-1.6643815091152662e-10,0.4822320295397816,-1.0082748856152274e-10,78.80506657436614
847,169.51300867244828,3.75,0.2,0.5833333333333333,0.5,0.517767970663195,-1.6349106765459093e-10,0.4822320295988828,-9.859011908994541e-11,78.80506657436614
848,169.71314209472982,3.75,0.2,0.5833333333333333,0.5,0.5177679705989093,-1.6054398439765482e-10,0.48223202965798395,-9.635274961836776e-11,78.80506657436614
849,169.91327551701133,3.75,0.2,0.5833333333333333,0.5,0.5177679705346235,-1.5759690114071913e-10,0.4822320297170851,-9.411538014679043e-11,78.80506657436614
850,170.11340893929287,3.75,0.2,0.5833333333333333,0.5,0.5177679704703378,-1.5464981788378305e-10,0.4822320297761863,-9.187801067521279e-11,78.80506657436614
851,170.31354236157438,3.75,0.2,0.5833333333333333,0.5,0.5177679704060522,-1.5170273462684736e-10,0.48223202983528746,-8.964064120363545e-11,78.80506657436614
852,170.5136757838559,3.75,0.2,0.5833333333333333,0.5,0.5177679703417665,-1.4875565136991167e-10,0.4822320298943886,-8.740327173205812e-11,78.80506657436614
853,170.71380920613743,3.75,0.2,0.5833333333333333,0.5,0.5177679702774807,-1.458085681129756e-10,0.48223202995348985,-8.516590226048047e-11,78.80506657436614
854,170.91394262841894,3.75,0.2,0.5833333333333333,0.5,0.517767970234873,-1.438870222796809e-10,0.4822320299958332,-8.383921235775405e-11,78.80506657436614
855,171.11407605070045,3.75,0.2,0.5833333333333333,0.5,0.5177679702040463,-1.4252281756554582e-10,0.48223203002906934,-8.300744263872712e-11,78.80506657436614
856,171.314209472982,3.75,0.2,0.5833333333333333,0.5,0.5177679701732196,-1.4115861285141057e-10,0.48223203006230553,-8.217567291970007e-11,78.80506657436614
857,171.5143428952635,3.75,0.2,0.5833333333333333,0.5,0.517767970142393,-1.3979440813727548e-10,0.48223203009554166,-8.134390320067312e-11,78.80506657436614
858,171.71447631754504,3.75,0.2,0.5833333333333333,0.5,0.5177679701115663,-1.384302034231402e-10,0.48223203012877786,-8.051213348164607e-11,78.80506657436614
859,171.91460973982655,3.75,0.2,0.5833333333333333,0.5,0.5177679700807397,-1.3706599870900515e-10,0.482232030162014,-7.968036376261915e-11,78.80506657436614
860,172.11474316210806,3.75,0.2,0.5833333333333333,0.5,0.517767970049913,-1.3570179399487008e-10,0.4822320301952502,-7.88485940435922e-11,78.80506657436614
861,172.3148765843896,3.75,0.2,0.5833333333333333,0.5,0.5177679700190864,-1.343375892807348e-10,0.4822320302284863,-7.801682432456516e-11,78.80506657436614
862,172.5150100066711,3.75,0.2,0.5833333333333333,0.5,0.5177679699882597,-1.3297338456659974e-10,0.4822320302617225,-7.718505460553822e-11,78.80506657436614
863,172.71514342895262,3.75,0.2,0.5833333333333333,0.5,0.517767969957433,-1.3160917985246468e-10,0.4822320302949587,-7.635328488651129e-11,78.80506657436614
864,172.91527685123415,3.75,0.2,0.5833333333333333,0.5,0.5177679699266063,-1.302449751383294e-10,0.48223203032819484,-7.552151516748424e-11,78.80506657436614
865,173.11541027351566,3.75,0.2,0.5833333333333333,0.5,0.5177679698957797,-1.2888077042419434e-10,0.48223203036143103,-7.468974544845729e-11,78.80506657436614
866,173.3155436957972,3.75,0.2,0.5833333333333333,0.5,0.517767969864953,-1.2751656571005907e-10,0.48223203039466717,-7.385797572943025e-11,78.80506657436614
867,173.5156771180787,3.75,0.2,0.5833333333333333,0.5,0.5177679698341263,-1.26152360995924e-10,0.48223203042790336,-7.302620601040332e-11,78.80506657436614
868,173.71581054036022,3.75,0.2,0.5833333333333333,0.5,0.5177679698032998,-1.247881562817889e-10,0.4822320304611395,-7.219443629137637e-11,78.80506657436614
869,173.91594396264176,3.75,0.2,0.5833333333333333,0.5,0.5177679697724731,-1.2342395156765364e-10,0.4822320304943757,-7.136266657234932e-11,78.80506657436614
870,174.11607738492327,3.75,0.2,0.5833333333333333,0.5,0.5177679697416464,-1.2205974685351857e-10,0.4822320305276118,-7.05308968533224e-11,78.80506657436614
871,174.31621080720478,3.75,0.2,0.5833333333333333,0.5,0.5177679697108197,-1.206955421393835e-10,0.482232030560848,-6.969912713429546e-11,78.80506657436614
872,174.51634422948632,3.75,0.2,0.5833333333333333,0.5,0.5177679696799931,-1.1933133742524823e-10,0.48223203059408415,-6.886735741526841e-11,78.80506657436614
873,174.71647765176783,3.75,0.2,0.5833333333333333,0.5,0.5177679696491664,-1.1796713271111314e-10,0.48223203062732034,-6.803558769624147e-11,78.80506657436614
874,174.91661107404937,3.75,0.2,0.5833333333333333,0.5,0.5177679696183397,-1.166029279969779e-10,0.48223203066055653,-6.720381797721442e-11,78.80506657436614
875,175.11674449633088,3.75,0.2,0.5833333333333333,0.5,0.517767969587513,-1.152387232828428e-10,0.48223203069379267,-6.637204825818749e-11,78.80506657436614
876,175.3168779186124,3.75,0.2,0.5833333333333333,0.5,0.5177679695566864,-1.1387451856870774e-10,0.48223203072702886,-6.554027853916054e-11,78.80506657436614
877,175.51701134089393,3.75,0.2,0.5833333333333333,0.5,0.5177679695258598,-1.1251031385457247e-10,0.482232030760265,-6.470850882013349e-11,78.80506657436614
878,175.71714476317544,3.75,0.2,0.5833333333333333,0.5,0.5177679694950331,-1.111461091404374e-10,0.4822320307935012,-6.387673910110657e-11,78.80506657436614
879,175.91727818545695,3.75,0.2,0.5833333333333333,0.5,0.5177679694642064,-1.0978190442630234e-10,0.4822320308267373,-6.304496938207963e-11,78.80506657436614
880,176.1174116077385,3.75,0.2,0.5833333333333333,0.5,0.5177679694333798,-1.0841769971216706e-10,0.4822320308599735,-6.221319966305258e-11,78.80506657436614
881,176.31754503002,3.75,0.2,0.5833333333333333,0.5,0.5177679694025531,-1.0705349499803197e-10,0.48223203089320965,-6.138142994402564e-11,78.80506657436614
882,176.51767845230154,3.75,0.2,0.5833333333333333,0.5,0.5177679693717264,-1.0568929028389673e-10,0.48223203092644584,-6.054966022499859e-11,78.80506657436614
883,176.71781187458305,3.75,0.2,0.5833333333333333,0.5,0.5177679693408997,-1.0432508556976165e-10,0.482232030959682,-5.971789050597166e-11,78.80506657436614
884,176.91794529686456,3.75,0.2,0.5833333333333333,0.5,0.5177679693100731,-1.0296088085562657e-10,0.48223203099291817,-5.888612078694472e-11,78.80506657436614
885,177.1180787191461,3.75,0.2,0.5833333333333333,0.5,0.5177679692792464,-1.015966761414913e-10,0.4822320310261543,-5.805435106791767e-11,78.80506657436614
886,177.3182121414276,3.75,0.2,0.5833333333333333,0.5,0.5177679692484198,-1.0023247142735623e-10,0.4822320310593905,-5.7222581348890734e-11,78.80506657436614
887,177.51834556370912,3.75,0.2,0.5833333333333333,0.5,0.5177679692175932,-9.886826671322115e-11,0.4822320310926267,-5.63908116298638e-11,78.80506657436614
888,177.71847898599066,3.75,0.2,0.5833333333333333,0.5,0.5177679691867665,-9.750406199908589e-11,0.4822320311258628,-5.5559041910836744e-11,78.80506657436614
889,177.91861240827217,3.75,0.2,0.5833333333333333,0.5,0.5177679691559398,-9.613985728495081e-11,0.482232031159099,-5.472727219180981e-11,78.80506657436614
890,178.1187458305537,3.75,0.2,0.5833333333333333,0.5,0.5177679691251131,-9.477565257081555e-11,0.48223203119233515,-5.389550247278276e-11,78.80506657436614
891,178.31887925283522,3.75,0.2,0.5833333333333333,0.5,0.5177679690942865,-9.341144785668048e-11,0.48223203122557134,-5.3063732753755827e-11,78.80506657436614
892,178.51901267511673,3.75,0.2,0.5833333333333333,0.5,0.5177679690634598,-9.20472431425454e-11,0.4822320312588075,-5.223196303472889e-11,78.80506657436614
893,178.71914609739827,3.75,0.2,0.5833333333333333,0.5,0.5177679690326331,-9.068303842841013e-11,0.4822320312920437,-5.140019331570184e-11,78.80506657436614
894,178.91927951967978,3.75,0.2,0.5833333333333333,0.5,0.5177679690018064,-8.931883371427506e-11,0.4822320313252798,-5.056842359667491e-11,78.80506657436614
895,179.1194129419613,3.75,0.2,0.5833333333333333,0.5,0.5177679689709799,-8.795462900013998e-11,0.482232031358516,-4.973665387764797e-11,78.80506657436614
896,179.31954636424283,3.75,0.2,0.5833333333333333,0.5,0.5177679689401532,-8.659042428600472e-11,0.48223203139175214,-4.890488415862092e-11,78.80506657436614
897,179.51967978652434,3.75,0.2,0.5833333333333333,0.5,0.5177679689093265,-8.522621957186964e-11,0.4822320314249883,-4.8073114439593985e-11,78.80506657436614
898,179.71981320880587,3.75,0.2,0.5833333333333333,0.5,0.5177679688784999,-8.386201485773437e-11,0.4822320314582245,-4.724134472056693e-11,78.80506657436614
899,179.91994663108738,3.75,0.2,0.5833333333333333,0.5,0.5177679688476732,-8.24978101435993e-11,0.48223203149146066,-4.6409575001539995e-11,78.80506657436614
900,180.1200800533689,3.75,0.2,0.5833333333333333,0.5,0.5177679688168465,-8.113360542946423e-11,0.48223203152469685,-4.557780528251306e-11,78.80506657436614
901,180.32021347565043,3.75,0.2,0.5833333333333333,0.5,0.5177679687860198,-7.976940071532896e-11,0.482232031557933,-4.474603556348601e-11,78.80506657436614
902,180.52034689793194,3.75,0.2,0.5833333333333333,0.5,0.5177679687551932,-7.840519600119389e-11,0.4822320315911692,-4.391426584445908e-11,78.80506657436614
903,180.72048032021348,3.75,0.2,0.5833333333333333,0.5,0.5177679687243665,-7.704099128705862e-11,0.4822320316244053,-4.308249612543202e-11,78.80506657436614
904,180.920613742495,3.75,0.2,0.5833333333333333,0.5,0.5177679686935399,-7.567678657292355e-11,0.4822320316576415,-4.225072640640509e-11,78.80506657436614
905,181.1207471647765,3.75,0.2,0.5833333333333333,0.5,0.5177679686627132,-7.431258185878847e-11,0.48223203169087764,-4.1418956687378154e-11,78.80506657436614
906,181.32088058705804,3.75,0.2,0.5833333333333333,0.5,0.5177679686318866,-7.29483771446532e-11,0.48223203172411383,-4.0587186968351104e-11,78.80506657436614
907,181.52101400933955,3.75,0.2,0.5833333333333333,0.5,0.5177679686010599,-7.158417243051814e-11,0.48223203175734997,-3.975541724932417e-11,78.80506657436614
908,181.72114743162106,3.75,0.2,0.5833333333333333,0.5,0.5177679685702332,-7.021996771638306e-11,0.48223203179058616,-3.892364753029723e-11,78.80506657436614
909,181.9212808539026,3.75,0.2,0.5833333333333333,0.5,0.5177679685394065,-6.885576300224778e-11,0.48223203182382235,-3.809187781127018e-11,78.80506657436614
910,182.1214142761841,3.75,0.2,0.5833333333333333,0.5,0.5177679685085799,-6.749155828811272e-11,0.4822320318570585,-3.7260108092243246e-11,78.80506657436614
911,182.32154769846565,3.75,0.2,0.5833333333333333,0.5,0.5177679684777532,-6.612735357397745e-11,0.4822320318902947,-3.6428338373216196e-11,78.80506657436614
912,182.52168112074716,3.75,0.2,0.5833333333333333,0.5,0.5177679684469266,-6.476314885984238e-11,0.4822320319235308,-3.559656865418926e-11,78.80506657436614
913,182.72181454302867,3.75,0.2,0.5833333333333333,0.5,0.5177679684247911,-6.371301638367084e-11,0.4822320319474051,-3.496918230831307e-11,78.80506657436614
914,182.9219479653102,3.75,0.2,0.5833333333333333,0.5,0.5177679684149143,-6.310588359123397e-11,0.4822320319580744,-3.463007922571888e-11,78.80506657436614
915,183.12208138759172,3.75,0.2,0.5833333333333333,0.5,0.5177679684050375,-6.249875079879721e-11,0.4822320319687437,-3.4290976143124735e-11,78.80506657436614
916,183.32221480987323,3.75,0.2,0.5833333333333333,0.5,0.5177679683951607,-6.189161800636042e-11,0.482232031979413,-3.3951873060530594e-11,78.80506657436614
917,183.52234823215477,3.75,0.2,0.5833333333333333,0.5,0.5177679683852839,-6.128448521392358e-11,0.48223203199008224,-3.36127699779364e-11,78.80506657436614
918,183.72248165443628,3.75,0.2,0.5833333333333333,0.5,0.5177679683754072,-6.067735242148679e-11,0.48223203200075154,-3.327366689534226e-11,78.80506657436614
919,183.92261507671782,3.75,0.2,0.5833333333333333,0.5,0.5177679683655304,-6.007021962904994e-11,0.48223203201142084,-3.293456381274807e-11,78.80506657436614
920,184.12274849899933,3.75,0.2,0.5833333333333333,0.5,0.5177679683556536,-5.946308683661316e-11,0.48223203202209014,-3.259546073015393e-11,78.80506657436614
921,184.32288192128084,3.75,0.2,0.5833333333333333,0.5,0.5177679683457769,-5.88559540441764e-11,0.48223203203275944,-3.225635764755978e-11,78.80506657436614
922,184.52301534356238,3.75,0.2,0.5833333333333333,0.5,0.5177679683359001,-5.824882125173954e-11,0.48223203204342874,-3.191725456496559e-11,78.80506657436614
923,184.7231487658439,3.75,0.2,0.5833333333333333,0.5,0.5177679683260232,-5.764168845930276e-11,0.48223203205409804,-3.157815148237144e-11,78.80506657436614
924,184.9232821881254,3.75,0.2,0.5833333333333333,0.5,0.5177679683161465,-5.7034555666865993e-11,0.48223203206476734,-3.12390483997773e-11,78.80506657436614
925,185.12341561040694,3.75,0.2,0.5833333333333333,0.5,0.5177679683062697,-5.6427422874429134e-11,0.48223203207543663,-3.089994531718311e-11,78.80506657436614
926,185.32354903268845,3.75,0.2,0.5833333333333333,0.5,0.5177679682963929,-5.582029008199236e-11,0.48223203208610593,-3.056084223458897e-11,78.80506657436614
927,185.52368245497,3.75,0.2,0.5833333333333333,0.5,0.5177679682865162,-5.52131572895555e-11,0.48223203209677523,-3.0221739151994776e-11,78.80506657436614
928,185.7238158772515,3.75,0.2,0.5833333333333333,0.5,0.5177679682766394,-5.4606024497118725e-11,0.4822320321074445,-2.9882636069400635e-11,78.80506657436614
929,185.923949299533,3.75,0.2,0.5833333333333333,0.5,0.5177679682667626,-5.3998891704681956e-11,0.4822320321181138,-2.954353298680649e-11,78.80506657436614
930,186.12408272181455,3.75,0.2,0.5833333333333333,0.5,0.5177679682568858,-5.33917589122451e-11,0.4822320321287831,-2.92044299042123e-11,78.80506657436614
931,186.32421614409606,3.75,0.2,0.5833333333333333,0.5,0.517767968247009,-5.278462611980832e-11,0.48223203213945237,-2.8865326821618155e-11,78.80506657436614
932,186.52434956637757,3.75,0.2,0.5833333333333333,0.5,0.5177679682371322,-5.2177493327371553e-11,0.48223203215012167,-2.852622373902401e-11,78.80506657436614
933,186.7244829886591,3.75,0.2,0.5833333333333333,0.5,0.5177679682272555,-5.157036053493469e-11,0.48223203216079097,-2.8187120656429822e-11,78.80506657436614
934,186.92461641094062,3.75,0.2,0.5833333333333333,0.5,0.5177679682173787,-5.096322774249791e-11,0.48223203217146027,-2.7848017573835675e-11,78.80506657436614
935,187.12474983322215,3.75,0.2,0.5833333333333333,0.5,0.5177679682075019,-5.035609495006106e-11,0.48223203218212957,-2.7508914491241483e-11,78.80506657436614
936,187.32488325550366,3.75,0.2,0.5833333333333333,0.5,0.5177679681976252,-4.9748962157624285e-11,0.48223203219279887,-2.7169811408647342e-11,78.80506657436614
937,187.52501667778517,3.75,0.2,0.5833333333333333,0.5,0.5177679681877484,-4.914182936518751e-11,0.48223203220346816,-2.6830708326053198e-11,78.80506657436614
938,187.7251501000667,3.75,0.2,0.5833333333333333,0.5,0.5177679681778715,-4.853469657275066e-11,0.48223203221413746,-2.6491605243459006e-11,78.80506657436614
939,187.92528352234822,3.75,0.2,0.5833333333333333,0.5,0.5177679681679948,-4.792756378031388e-11,0.48223203222480676,-2.6152502160864862e-11,78.80506657436614
940,188.12541694462973,3.75,0.2,0.5833333333333333,0.5,0.517767968158118,-4.732043098787711e-11,0.482232032235476,-2.581339907827072e-11,78.80506657436614
941,188.32555036691127,3.75,0.2,0.5833333333333333,0.5,0.5177679681482412,-4.671329819544025e-11,0.4822320322461453,-2.547429599567653e-11,78.80506657436614
942,188.52568378919278,3.75,0.2,0.5833333333333333,0.5,0.5177679681383645,-4.610616540300348e-11,0.4822320322568146,-2.5135192913082382e-11,78.80506657436614
943,188.72581721147432,3.75,0.2,0.5833333333333333,0.5,0.5177679681284877,-4.5499032610566614e-11,0.4822320322674839,-2.4796089830488193e-11,78.80506657436614
944,188.92595063375583,3.75,0.2,0.5833333333333333,0.5,0.5177679681186109,-4.4891899818129845e-11,0.4822320322781532,-2.445698674789405e-11,78.80506657436614
945,189.12608405603734,3.75,0.2,0.5833333333333333,0.5,0.517767968108734,-4.428476702569307e-11,0.4822320322888225,-2.4117883665299905e-11,78.80506657436614
946,189.32621747831888,3.75,0.2,0.5833333333333333,0.5,0.5177679680988573,-4.367763423325621e-11,0.4822320322994918,-2.3778780582705716e-11,78.80506657436614
947,189.5263509006004,3.75,0.2,0.5833333333333333,0.5,0.5177679680889805,-4.3070501440819436e-11,0.4822320323101611,-2.343967750011157e-11,78.80506657436614
948,189.7264843228819,3.75,0.2,0.5833333333333333,0.5,0.5177679680791037,-4.246336864838267e-11,0.4822320323208304,-2.310057441751743e-11,78.80506657436614
949,189.92661774516344,3.75,0.2,0.5833333333333333,0.5,0.517767968069227,-4.185623585594581e-11,0.4822320323314997,-2.2761471334923236e-11,78.80506657436614
950,190.12675116744495,3.75,0.2,0.5833333333333333,0.5,0.5177679680593502,-4.124910306350903e-11,0.482232032342169,-2.2422368252329092e-11,78.80506657436614
951,190.3268845897265,3.75,0.2,0.5833333333333333,0.5,0.5177679680494734,-4.0641970271072174e-11,0.4822320323528383,-2.20832651697349e-11,78.80506657436614
952,190.527018012008,3.75,0.2,0.5833333333333333,0.5,0.5177679680395967,-4.0034837478635405e-11,0.48223203236350753,-2.1744162087140756e-11,78.80506657436614
953,190.7271514342895,3.75,0.2,0.5833333333333333,0.5,0.5177679680297198,-3.942770468619863e-11,0.48223203237417683,-2.1405059004546616e-11,78.80506657436614
954,190.92728485657105,3.75,0.2,0.5833333333333333,0.5,0.517767968019843,-3.882057189376177e-11,0.48223203238484613,-2.1065955921952423e-11,78.80506657436614
955,191.12741827885256,3.75,0.2,0.5833333333333333,0.5,0.5177679680099663,-3.8213439101325e-11,0.48223203239551543,-2.072685283935828e-11,78.80506657436614
956,191.32755170113407,3.75,0.2,0.5833333333333333,0.5,0.5177679680000895,-3.760630630888823e-11,0.48223203240618473,-2.0387749756764135e-11,78.80506657436614
957,191.5276851234156,3.75,0.2,0.5833333333333333,0.5,0.5177679679902127,-3.699917351645137e-11,0.48223203241685403,-2.0048646674169943e-11,78.80506657436614
958,191.72781854569712,3.75,0.2,0.5833333333333333,0.5,0.517767967980336,-3.639204072401459e-11,0.4822320324275233,-1.9709543591575803e-11,78.80506657436614
959,191.92795196797866,3.75,0.2,0.5833333333333333,0.5,0.5177679679704592,-3.5784907931577734e-11,0.4822320324381926,-1.937044050898161e-11,78.80506657436614
960,192.12808539026017,3.75,0.2,0.5833333333333333,0.5,0.5177679679605824,-3.517777513914096e-11,0.4822320324488619,-1.9031337426387466e-11,78.80506657436614
961,192.32821881254168,3.75,0.2,0.5833333333333333,0.5,0.5177679679507056,-3.457064234670419e-11,0.4822320324595312,-1.8692234343793322e-11,78.80506657436614
962,192.52835223482322,3.75,0.2,0.5833333333333333,0.5,0.5177679679408288,-3.396350955426733e-11,0.4822320324702005,-1.835313126119913e-11,78.80506657436614
963,192.72848565710473,3.75,0.2,0.5833333333333333,0.5,0.517767967930952,-3.3356376761830556e-11,0.4822320324808698,-1.801402817860499e-11,78.80506657436614
964,192.92861907938624,3.75,0.2,0.5833333333333333,0.5,0.5177679679210753,-3.274924396939379e-11,0.48223203249153906,-1.7674925096010846e-11,78.80506657436614
965,193.12875250166778,3.75,0.2,0.5833333333333333,0.5,0.5177679679111985,-3.214211117695693e-11,0.48223203250220836,-1.7335822013416653e-11,78.80506657436614
966,193.3288859239493,3.75,0.2,0.5833333333333333,0.5,0.5177679679013217,-3.153497838452015e-11,0.48223203251287766,-1.699671893082251e-11,78.80506657436614
967,193.52901934623083,3.75,0.2,0.5833333333333333,0.5,0.517767967891445,-3.0927845592083294e-11,0.48223203252354696,-1.6657615848228317e-11,78.80506657436614
968,193.72915276851234,3.75,0.2,0.5833333333333333,0.5,0.5177679678815681,-3.032071279964652e-11,0.48223203253421626,-1.6318512765634177e-11,78.80506657436614
969,193.92928619079385,3.75,0.2,0.5833333333333333,0.5,0.5177679678716913,-2.971358000720975e-11,0.48223203254488556,-1.5979409683040033e-11,78.80506657436614
970,194.12941961307538,3.75,0.2,0.5833333333333333,0.5,0.5177679678618146,-2.910644721477289e-11,0.48223203255555486,-1.564030660044584e-11,78.80506657436614
971,194.3295530353569,3.75,0.2,0.5833333333333333,0.5,0.5177679678519378,-2.8499314422336116e-11,0.48223203256622416,-1.5301203517851696e-11,78.80506657436614
972,194.5296864576384,3.75,0.2,0.5833333333333333,0.5,0.5177679678438903,-2.7987115512596927e-11,0.48223203257583647,-1.5015451115996424e-11,78.80506657436614
973,194.72981987991994,3.75,0.2,0.5833333333333333,0.5,0.5177679678440754,-2.790214668520722e-11,0.4822320325806919,-1.4969792293775722e-11,78.80506657436614
974,194.92995330220145,3.75,0.2,0.5833333333333333,0.5,0.5177679678442606,-2.781717785781752e-11,0.4822320325855474,-1.4924133471555026e-11,78.80506657436614
975,195.130086724483,3.75,0.2,0.5833333333333333,0.5,0.5177679678444457,-2.7732209030427813e-11,0.4822320325904029,-1.487847464933432e-11,78.80506657436614
976,195.3302201467645,3.75,0.2,0.5833333333333333,0.5,0.5177679678446309,-2.7647240203038114e-11,0.48223203259525843,-1.4832815827113622e-11,78.80506657436614
977,195.530353569046,3.75,0.2,0.5833333333333333,0.5,0.5177679678448159,-2.7562271375648416e-11,0.4822320326001139,-1.4787157004892924e-11,78.80506657436614
978,195.73048699132755,3.75,0.2,0.5833333333333333,0.5,0.5177679678450011,-2.7477302548258704e-11,0.4822320326049694,-1.474149818267222e-11,78.80506657436614
979,195.93062041360906,3.75,0.2,0.5833333333333333,0.5,0.5177679678451862,-2.7392333720869006e-11,0.4822320326098249,-1.469583936045152e-11,78.80506657436614
980,196.13075383589057,3.75,0.2,0.5833333333333333,0.5,0.5177679678453714,-2.7307364893479307e-11,0.4822320326146804,-1.4650180538230824e-11,78.80506657436614
981,196.3308872581721,3.75,0.2,0.5833333333333333,0.5,0.5177679678455565,-2.72223960660896e-11,0.4822320326195359,-1.460452171601012e-11,78.80506657436614
982,196.53102068045362,3.75,0.2,0.5833333333333333,0.5,0.5177679678457416,-2.71374272386999e-11,0.48223203262439135,-1.4558862893789423e-11,78.80506657436614
983,196.73115410273516,3.75,0.2,0.5833333333333333,0.5,0.5177679678459267,-2.705245841131019e-11,0.48223203262924685,-1.4513204071568717e-11,78.80506657436614
984,196.93128752501667,3.75,0.2,0.5833333333333333,0.5,0.5177679678461119,-2.696748958392049e-11,0.48223203263410236,-1.446754524934802e-11,78.80506657436614
985,197.13142094729818,3.75,0.2,0.5833333333333333,0.5,0.5177679678462971,-2.6882520756530793e-11,0.48223203263895786,-1.442188642712732e-11,78.80506657436614
986,197.33155436957972,3.75,0.2,0.5833333333333333,0.5,0.5177679678464822,-2.679755192914108e-11,0.48223203264381337,-1.4376227604906616e-11,78.80506657436614
987,197.53168779186123,3.75,0.2,0.5833333333333333,0.5,0.5177679678466673,-2.6712583101751386e-11,0.4822320326486688,-1.4330568782685918e-11,78.80506657436614
988,197.73182121414274,3.75,0.2,0.5833333333333333,0.5,0.5177679678468524,-2.6627614274361687e-11,0.4822320326535243,-1.4284909960465221e-11,78.80506657436614
989,197.93195463642428,3.75,0.2,0.5833333333333333,0.5,0.5177679678470376,-2.6542645446971976e-11,0.48223203265837983,-1.4239251138244516e-11,78.80506657436614
990,198.1320880587058,3.75,0.2,0.5833333333333333,0.5,0.5177679678472227,-2.645767661958228e-11,0.48223203266323533,-1.4193592316023819e-11,78.80506657436614
991,198.33222148098733,3.75,0.2,0.5833333333333333,0.5,0.5177679678474079,-2.6372707792192566e-11,0.48223203266809084,-1.4147933493803114e-11,78.80506657436614
992,198.53235490326884,3.75,0.2,0.5833333333333333,0.5,0.5177679678475929,-2.6287738964802868e-11,0.4822320326729463,-1.4102274671582415e-11,78.80506657436614
993,198.73248832555035,3.75,0.2,0.5833333333333333,0.5,0.5177679678477781,-2.6202770137413173e-11,0.4822320326778018,-1.4056615849361718e-11,78.80506657436614
994,198.9326217478319,3.75,0.2,0.5833333333333333,0.5,0.5177679678479632,-2.611780131002346e-11,0.4822320326826573,-1.4010957027141013e-11,78.80506657436614
995,199.1327551701134,3.75,0.2,0.5833333333333333,0.5,0.5177679678481484,-2.6032832482633763e-11,0.4822320326875128,-1.3965298204920315e-11,78.80506657436614
996,199.3328885923949,3.75,0.2,0.5833333333333333,0.5,0.5177679678483335,-2.5947863655244068e-11,0.48223203269236825,-1.3919639382699618e-11,78.80506657436614
997,199.53302201467645,3.75,0.2,0.5833333333333333,0.5,0.5177679678485186,-2.5862894827854356e-11,0.48223203269722376,-1.3873980560478913e-11,78.80506657436614
998,199.73315543695796,3.75,0.2,0.5833333333333333,0.5,0.5177679678487037,-2.5777926000464658e-11,0.48223203270207926,-1.3828321738258214e-11,78.80506657436614
999,199.9332888592395,3.75,0.2,0.5833333333333333,0.5,0.5177679678488889,-2.5692957173074946e-11,0.48223203270693477,-1.3782662916037511e-11,78.80506657436614
1000,200.133422281521,3.75,0.2,0.5833333333333333,0.5,0.5177679678490741,-2.5607988345685248e-11,0.48223203271179027,-1.3737004093816812e-11,78.80506657436614
1001,200.33355570380252,3.75,0.2,0.5833333333333333,0.5,0.5177679678492592,-2.552301951829555e-11,0.4822320327166457,-1.3691345271596115e-11,78.80506657436614
1002,200.53368912608406,3.75,0.2,0.5833333333333333,0.5,0.5177679678494443,-2.543805069090584e-11,0.4822320327215012,-1.364568644937541e-11,78.80506657436614
1003,200.73382254836557,3.75,0.2,0.5833333333333333,0.5,0.5177679678496294,-2.5353081863516143e-11,0.48223203272635673,-1.3600027627154713e-11,78.80506657436614
1004,200.93395597064708,3.75,0.2,0.5833333333333333,0.5,0.5177679678498146,-2.5268113036126444e-11,0.48223203273121223,-1.3554368804934014e-11,78.80506657436614
1005,201.13408939292862,3.75,0.2,0.5833333333333333,0.5,0.5177679678499997,-2.5183144208736733e-11,0.48223203273606774,-1.350870998271331e-11,78.80506657436614
1006,201.33422281521013,3.75,0.2,0.5833333333333333,0.5,0.5177679678501849,-2.5098175381347035e-11,0.4822320327409232,-1.3463051160492612e-11,78.80506657436614
1007,201.53435623749166,3.75,0.2,0.5833333333333333,0.5,0.5177679678503699,-2.5013206553957326e-11,0.4822320327457787,-1.3417392338271908e-11,78.80506657436614
1008,201.73448965977317,3.75,0.2,0.5833333333333333,0.5,0.5177679678505551,-2.4928237726567628e-11,0.4822320327506342,-1.3371733516051209e-11,78.80506657436614
1009,201.93462308205469,3.75,0.2,0.5833333333333333,0.5,0.5177679678507402,-2.484326889917793e-11,0.4822320327554897,-1.3326074693830512e-11,78.80506657436614
1010,202.13475650433622,3.75,0.2,0.5833333333333333,0.5,0.5177679678509254,-2.475830007178822e-11,0.4822320327603452,-1.3280415871609807e-11,78.80506657436614
1011,202.33488992661773,3.75,0.2,0.5833333333333333,0.5,0.5177679678511105,-2.4673331244398523e-11,0.48223203276520066,-1.323475704938911e-11,78.80506657436614
1012,202.53502334889924,3.75,0.2,0.5833333333333333,0.5,0.5177679678512956,-2.4588362417008824e-11,0.48223203277005616,-1.3189098227168411e-11,78.80506657436614
1013,202.73515677118078,3.75,0.2,0.5833333333333333,0.5,0.5177679678514808,-2.4503393589619113e-11,0.48223203277491167,-1.3143439404947707e-11,78.80506657436614
1014,202.9352901934623,3.75,0.2,0.5833333333333333,0.5,0.5177679678516659,-2.4418424762229415e-11,0.4822320327797672,-1.3097780582727009e-11,78.80506657436614
1015,203.13542361574383,3.75,0.2,0.5833333333333333,0.5,0.5177679678518511,-2.4333455934839706e-11,0.4822320327846227,-1.3052121760506305e-11,78.80506657436614
1016,203.33555703802534,3.75,0.2,0.5833333333333333,0.5,0.5177679678520362,-2.4248487107450008e-11,0.4822320327894781,-1.3006462938285606e-11,78.80506657436614
1017,203.53569046030685,3.75,0.2,0.5833333333333333,0.5,0.5177679678522213,-2.416351828006031e-11,0.48223203279433363,-1.2960804116064909e-11,78.80506657436614
1018,203.7358238825884,3.75,0.2,0.5833333333333333,0.5,0.5177679678524064,-2.40785494526706e-11,0.48223203279918914,-1.2915145293844206e-11,78.80506657436614
1019,203.9359573048699,3.75,0.2,0.5833333333333333,0.5,0.5177679678525916,-2.39935806252809e-11,0.48223203280404464,-1.2869486471623507e-11,78.80506657436614
1020,204.1360907271514,3.75,0.2,0.5833333333333333,0.5,0.5177679678527767,-2.39086117978912e-11,0.4822320328089001,-1.2823827649402808e-11,78.80506657436614
1021,204.33622414943295,3.75,0.2,0.5833333333333333,0.5,0.5177679678529619,-2.3823642970501493e-11,0.4822320328137556,-1.2778168827182104e-11,78.80506657436614
1022,204.53635757171446,3.75,0.2,0.5833333333333333,0.5,0.5177679678531469,-2.3738674143111795e-11,0.4822320328186111,-1.2732510004961406e-11,78.80506657436614
1023,204.736490993996,3.75,0.2,0.5833333333333333,0.5,0.5177679678533321,-2.3653705315722086e-11,0.4822320328234666,-1.2686851182740702e-11,78.80506657436614
1024,204.9366244162775,3.75,0.2,0.5833333333333333,0.5,0.5177679678535172,-2.3568736488332388e-11,0.4822320328283221,-1.2641192360520005e-11,78.80506657436614
1025,205.13675783855902,3.75,0.2,0.5833333333333333,0.5,0.5177679678537024,-2.348376766094269e-11,0.48223203283317756,-1.2595533538299306e-11,78.80506657436614
1026,205.33689126084056,3.75,0.2,0.5833333333333333,0.5,0.5177679678538875,-2.3398798833552978e-11,0.48223203283803306,-1.2549874716078603e-11,78.80506657436614
1027,205.53702468312207,3.75,0.2,0.5833333333333333,0.5,0.5177679678540726,-2.331383000616328e-11,0.48223203284288857,-1.2504215893857904e-11,78.80506657436614
1028,205.7371581054036,3.75,0.2,0.5833333333333333,0.5,0.5177679678542578,-2.3228861178773568e-11,0.4822320328477441,-1.2458557071637199e-11,78.80506657436614
1029,205.93729152768512,3.75,0.2,0.5833333333333333,0.5,0.5177679678544429,-2.3143892351383873e-11,0.4822320328525996,-1.2412898249416502e-11,78.80506657436614
1030,206.13742494996663,3.75,0.2,0.5833333333333333,0.5,0.5177679678546281,-2.3058923523994175e-11,0.48223203285745503,-1.2367239427195804e-11,78.80506657436614
1031,206.33755837224817,3.75,0.2,0.5833333333333333,0.5,0.5177679678548132,-2.2973954696604463e-11,0.48223203286231053,-1.2321580604975098e-11,78.80506657436614
1032,206.53769179452968,3.75,0.2,0.5833333333333333,0.5,0.5177679678549983,-2.2888985869214768e-11,0.48223203286716604,-1.2275921782754402e-11,78.80506657436614
1033,206.7378252168112,3.75,0.2,0.5833333333333333,0.5,0.5177679678551834,-2.2804017041825066e-11,0.48223203287202154,-1.2230262960533703e-11,78.80506657436614
1034,206.93795863909273,3.75,0.2,0.5833333333333333,0.5,0.5177679678553686,-2.2719048214435355e-11,0.48223203287687705,-1.2184604138312998e-11,78.80506657436614
1035,207.13809206137424,3.75,0.2,0.5833333333333333,0.5,0.5177679678555537,-2.263407938704566e-11,0.4822320328817325,-1.2138945316092301e-11,78.80506657436614
1036,207.33822548365578,3.75,0.2,0.5833333333333333,0.5,0.5177679678557389,-2.254911055965595e-11,0.482232032886588,-1.2093286493871596e-11,78.80506657436614
1037,207.5383589059373,3.75,0.2,0.5833333333333333,0.5,0.5177679678559239,-2.246414173226625e-11,0.4822320328914435,-1.2047627671650897e-11,78.80506657436614
1038,207.7384923282188,3.75,0.2,0.5833333333333333,0.5,0.5177679678561091,-2.2379172904876555e-11,0.482232032896299,-1.2001968849430202e-11,78.80506657436614
1039,207.93862575050034,3.75,0.2,0.5833333333333333,0.5,0.5177679678562942,-2.2294204077486843e-11,0.48223203290115446,-1.1956310027209496e-11,78.80506657436614
1040,208.13875917278185,3.75,0.2,0.5833333333333333,0.5,0.5177679678564794,-2.2209235250097145e-11,0.48223203290600997,-1.1910651204988798e-11,78.80506657436614
1041,208.33889259506336,3.75,0.2,0.5833333333333333,0.5,0.5177679678566646,-2.2124266422707446e-11,0.48223203291086547,-1.18649923827681e-11,78.80506657436614
1042,208.5390260173449,3.75,0.2,0.5833333333333333,0.5,0.5177679678568496,-2.2039297595317735e-11,0.482232032915721,-1.1819333560547395e-11,78.80506657436614
1043,208.7391594396264,3.75,0.2,0.5833333333333333,0.5,0.5177679678570348,-2.1954328767928037e-11,0.4822320329205765,-1.1773674738326697e-11,78.80506657436614
1044,208.93929286190794,3.75,0.2,0.5833333333333333,0.5,0.5177679678572199,-2.186935994053833e-11,0.48223203292543193,-1.1728015916105993e-11,78.80506657436614
1045,209.13942628418945,3.75,0.2,0.5833333333333333,0.5,0.5177679678574051,-2.178439111314863e-11,0.48223203293028744,-1.1682357093885296e-11,78.80506657436614
1046,209.33955970647096,3.75,0.2,0.5833333333333333,0.5,0.5177679678575902,-2.169942228575893e-11,0.48223203293514294,-1.1636698271664597e-11,78.80506657436614
1047,209.5396931287525,3.75,0.2,0.5833333333333333,0.5,0.5177679678577753,-2.161445345836922e-11,0.48223203293999845,-1.1591039449443893e-11,78.80506657436614
1048,209.739826551034,3.75,0.2,0.5833333333333333,0.5,0.5177679678579604,-2.1529484630979522e-11,0.48223203294485395,-1.1545380627223195e-11,78.80506657436614
1049,209.93995997331552,3.75,0.2,0.5833333333333333,0.5,0.5177679678581456,-2.1444515803589823e-11,0.4822320329497094,-1.1499721805002496e-11,78.80506657436614
1050,210.14009339559706,3.75,0.2,0.5833333333333333,0.5,0.5177679678583307,-2.1359546976200115e-11,0.4822320329545649,-1.1454062982781792e-11,78.80506657436614
1051,210.34022681787857,3.75,0.2,0.5833333333333333,0.5,0.5177679678585159,-2.1274578148810417e-11,0.4822320329594204,-1.1408404160561095e-11,78.80506657436614
1052,210.5403602401601,3.75,0.2,0.5833333333333333,0.5,0.5177679678587009,-2.118960932142071e-11,0.4822320329642759,-1.136274533834039e-11,78.80506657436614
1053,210.74049366244162,3.75,0.2,0.5833333333333333,0.5,0.5177679678588861,-2.110464049403101e-11,0.4822320329691314,-1.1317086516119693e-11,78.80506657436614
1054,210.94062708472313,3.75,0.2,0.5833333333333333,0.5,0.5177679678590712,-2.1019671666641312e-11,0.48223203297398687,-1.1271427693898994e-11,78.80506657436614
1055,211.14076050700467,3.75,0.2,0.5833333333333333,0.5,0.5177679678592564,-2.09347028392516e-11,0.4822320329788424,-1.122576887167829e-11,78.80506657436614
1056,211.34089392928618,3.75,0.2,0.5833333333333333,0.5,0.5177679678594416,-2.0849734011861902e-11,0.4822320329836979,-1.1180110049457592e-11,78.80506657436614
1057,211.5410273515677,3.75,0.2,0.5833333333333333,0.5,0.5177679678596266,-2.0764765184472203e-11,0.4822320329885534,-1.1134451227236895e-11,78.80506657436614
1058,211.74116077384923,3.75,0.2,0.5833333333333333,0.5,0.5177679678598118,-2.0679796357082495e-11,0.4822320329934089,-1.108879240501619e-11,78.80506657436614
1059,211.94129419613074,3.75,0.2,0.5833333333333333,0.5,0.5177679678599969,-2.0594827529692797e-11,0.48223203299826434,-1.1043133582795492e-11,78.80506657436614
1060,212.14142761841228,3.75,0.2,0.5833333333333333,0.5,0.5177679678601821,-2.0509858702303085e-11,0.48223203300311984,-1.0997474760574787e-11,78.80506657436614
1061,212.3415610406938,3.75,0.2,0.5833333333333333,0.5,0.5177679678603672,-2.0424889874913387e-11,0.48223203300797535,-1.095181593835409e-11,78.80506657436614
1062,212.5416944629753,3.75,0.2,0.5833333333333333,0.5,0.5177679678605523,-2.033992104752369e-11,0.48223203301283085,-1.0906157116133391e-11,78.80506657436614
1063,212.74182788525684,3.75,0.2,0.5833333333333333,0.5,0.5177679678607374,-2.025495222013398e-11,0.4822320330176863,-1.0860498293912688e-11,78.80506657436614
1064,212.94196130753835,3.75,0.2,0.5833333333333333,0.5,0.5177679678609226,-2.0169983392744282e-11,0.4822320330225418,-1.0814839471691989e-11,78.80506657436614
1065,213.14209472981986,3.75,0.2,0.5833333333333333,0.5,0.5177679678611077,-2.0085014565354583e-11,0.4822320330273973,-1.0769180649471292e-11,78.80506657436614
1066,213.3422281521014,3.75,0.2,0.5833333333333333,0.5,0.5177679678612929,-2.0000045737964875e-11,0.4822320330322528,-1.0723521827250587e-11,78.80506657436614
1067,213.5423615743829,3.75,0.2,0.5833333333333333,0.5,0.5177679678614779,-1.9915076910575177e-11,0.4822320330371083,-1.067786300502989e-11,78.80506657436614
1068,213.74249499666445,3.75,0.2,0.5833333333333333,0.5,0.5177679678616631,-1.9830108083185465e-11,0.48223203304196377,-1.0632204182809186e-11,78.80506657436614
1069,213.94262841894596,3.75,0.2,0.5833333333333333,0.5,0.5177679678618483,-1.9745139255795767e-11,0.4822320330468193,-1.0586545360588487e-11,78.80506657436614
1070,214.14276184122747,3.75,0.2,0.5833333333333333,0.5,0.5177679678620334,-1.966017042840607e-11,0.4822320330516748,-1.0540886538367788e-11,78.80506657436614
1071,214.342895263509,3.75,0.2,0.5833333333333333,0.5,0.5177679678622186,-1.957520160101636e-11,0.4822320330565303,-1.0495227716147085e-11,78.80506657436614
1072,214.54302868579052,3.75,0.2,0.5833333333333333,0.5,0.5177679678624036,-1.9490232773626662e-11,0.4822320330613858,-1.0449568893926386e-11,78.80506657436614
1073,214.74316210807203,3.75,0.2,0.5833333333333333,0.5,0.5177679678625888,-1.9405263946236963e-11,0.48223203306624124,-1.0403910071705689e-11,78.80506657436614
1074,214.94329553035357,3.75,0.2,0.5833333333333333,0.5,0.5177679678627739,-1.9320295118847252e-11,0.48223203307109674,-1.0358251249484985e-11,78.80506657436614
1075,215.14342895263508,3.75,0.2,0.5833333333333333,0.5,0.5177679678629591,-1.9235326291457554e-11,0.48223203307595225,-1.0312592427264287e-11,78.80506657436614
1076,215.34356237491662,3.75,0.2,0.5833333333333333,0.5,0.5177679678631442,-1.9150357464067842e-11,0.48223203308080775,-1.0266933605043581e-11,78.80506657436614
1077,215.54369579719813,3.75,0.2,0.5833333333333333,0.5,0.5177679678633293,-1.9065388636678147e-11,0.48223203308566326,-1.0221274782822884e-11,78.80506657436614
1078,215.74382921947964,3.75,0.2,0.5833333333333333,0.5,0.5177679678635144,-1.898041980928845e-11,0.4822320330905187,-1.0175615960602185e-11,78.80506657436614
1079,215.94396264176117,3.75,0.2,0.5833333333333333,0.5,0.5177679678636996,-1.8895450981898737e-11,0.4822320330953742,-1.012995713838148e-11,78.80506657436614
1080,216.14409606404269,3.75,0.2,0.5833333333333333,0.5,0.5177679678638847,-1.8810482154509042e-11,0.4822320331002297,-1.0084298316160785e-11,78.80506657436614
1081,216.3442294863242,3.75,0.2,0.5833333333333333,0.5,0.5177679678640699,-1.8725513327119344e-11,0.4822320331050852,-1.0038639493940086e-11,78.80506657436614
1082,216.54436290860573,3.75,0.2,0.5833333333333333,0.5,0.5177679678642549,-1.864054449972963e-11,0.48223203310994067,-9.99298067171938e-12,78.80506657436614
1083,216.74449633088724,3.75,0.2,0.5833333333333333,0.5,0.5177679678644401,-1.8555575672339934e-11,0.4822320331147962,-9.947321849498684e-12,78.80506657436614
1084,216.94462975316878,3.75,0.2,0.5833333333333333,0.5,0.5177679678646253,-1.8470606844950222e-11,0.4822320331196517,-9.901663027277978e-12,78.80506657436614
1085,217.1447631754503,3.75,0.2,0.5833333333333333,0.5,0.5177679678648104,-1.8385638017560524e-11,0.4822320331245072,-9.85600420505728e-12,78.80506657436614
1086,217.3448965977318,3.75,0.2,0.5833333333333333,0.5,0.5177679678649956,-1.830066919017083e-11,0.4822320331293627,-9.810345382836584e-12,78.80506657436614
1087,217.54503002001334,3.75,0.2,0.5833333333333333,0.5,0.5177679678651806,-1.8215700362781114e-11,0.48223203313421814,-9.764686560615877e-12,78.80506657436614
1088,217.74516344229485,3.75,0.2,0.5833333333333333,0.5,0.5177679678653658,-1.813073153539142e-11,0.48223203313907365,-9.71902773839518e-12,78.80506657436614
1089,217.94529686457636,3.75,0.2,0.5833333333333333,0.5,0.5177679678655509,-1.8045762708001724e-11,0.48223203314392915,-9.673368916174483e-12,78.80506657436614
1090,218.1454302868579,3.75,0.2,0.5833333333333333,0.5,0.5177679678657361,-1.796079388061201e-11,0.48223203314878466,-9.627710093953778e-12,78.80506657436614
1091,218.3455637091394,3.75,0.2,0.5833333333333333,0.5,0.5177679678659212,-1.787582505322231e-11,0.48223203315364016,-9.582051271733079e-12,78.80506657436614
1092,218.54569713142095,3.75,0.2,0.5833333333333333,0.5,0.5177679678661063,-1.7790856225832602e-11,0.4822320331584956,-9.536392449512376e-12,78.80506657436614
1093,218.74583055370246,3.75,0.2,0.5833333333333333,0.5,0.5177679678662914,-1.7705887398442904e-11,0.4822320331633511,-9.490733627291677e-12,78.80506657436614
1094,218.94596397598397,3.75,0.2,0.5833333333333333,0.5,0.5177679678664766,-1.7620918571053205e-11,0.4822320331682066,-9.44507480507098e-12,78.80506657436614
1095,219.1460973982655,3.75,0.2,0.5833333333333333,0.5,0.5177679678666617,-1.7535949743663494e-11,0.4822320331730621,-9.399415982850276e-12,78.80506657436614
1096,219.34623082054702,3.75,0.2,0.5833333333333333,0.5,0.5177679678668469,-1.74509809162738e-11,0.48223203317791763,-9.353757160629577e-12,78.80506657436614
1097,219.54636424282853,3.75,0.2,0.5833333333333333,0.5,0.517767967867032,-1.7366012088884097e-11,0.4822320331827731,-9.30809833840888e-12,78.80506657436614
1098,219.74649766511007,3.75,0.2,0.5833333333333333,0.5,0.5177679678672171,-1.728104326149439e-11,0.4822320331876286,-9.262439516188175e-12,78.80506657436614
1099,219.94663108739158,3.75,0.2,0.5833333333333333,0.5,0.5177679678674023,-1.719607443410469e-11,0.4822320331924841,-9.216780693967476e-12,78.80506657436614
1100,220.14676450967312,3.75,0.2,0.5833333333333333,0.5,0.5177679678675874,-1.711110560671498e-11,0.4822320331973396,-9.171121871746773e-12,78.80506657436614
1101,220.34689793195463,3.75,0.2,0.5833333333333333,0.5,0.5177679678677726,-1.7026136779325284e-11,0.4822320332021951,-9.125463049526076e-12,78.80506657436614
1102,220.54703135423614,3.75,0.2,0.5833333333333333,0.5,0.5177679678679576,-1.6941167951935582e-11,0.48223203320705055,-9.079804227305377e-12,78.80506657436614
1103,220.74716477651768,3.75,0.2,0.5833333333333333,0.5,0.5177679678681428,-1.6856199124545874e-11,0.48223203321190605,-9.034145405084672e-12,78.80506657436614
1104,220.9472981987992,3.75,0.2,0.5833333333333333,0.5,0.5177679678683279,-1.677123029715618e-11,0.48223203321676156,-8.988486582863974e-12,78.80506657436614
1105,221.1474316210807,3.75,0.2,0.5833333333333333,0.5,0.5177679678685131,-1.6686261469766477e-11,0.48223203322161706,-8.942827760643277e-12,78.80506657436614
1106,221.34756504336224,3.75,0.2,0.5833333333333333,0.5,0.5177679678686982,-1.660129264237677e-11,0.4822320332264725,-8.897168938422572e-12,78.80506657436614
1107,221.54769846564375,3.75,0.2,0.5833333333333333,0.5,0.5177679678688833,-1.651632381498707e-11,0.482232033231328,-8.851510116201873e-12,78.80506657436614
1108,221.7478318879253,3.75,0.2,0.5833333333333333,0.5,0.5177679678690684,-1.643135498759736e-11,0.4822320332361835,-8.805851293981171e-12,78.80506657436614
1109,221.9479653102068,3.75,0.2,0.5833333333333333,0.5,0.5177679678692536,-1.6346386160207664e-11,0.482232033241039,-8.760192471760473e-12,78.80506657436614
1110,222.1480987324883,3.75,0.2,0.5833333333333333,0.5,0.5177679678694387,-1.6261417332817962e-11,0.48223203324589453,-8.714533649539774e-12,78.80506657436614
1111,222.34823215476985,3.75,0.2,0.5833333333333333,0.5,0.5177679678696239,-1.6176448505428254e-11,0.48223203325075,-8.66887482731907e-12,78.80506657436614
1112,222.54836557705136,3.75,0.2,0.5833333333333333,0.5,0.517767967869809,-1.6091479678038556e-11,0.4822320332556055,-8.623216005098372e-12,78.80506657436614
1113,222.74849899933287,3.75,0.2,0.5833333333333333,0.5,0.5177679678699941,-1.6006510850648857e-11,0.482232033260461,-8.577557182877674e-12,78.80506657436614
1114,222.9486324216144,3.75,0.2,0.5833333333333333,0.5,0.5177679678701793,-1.592154202325915e-11,0.4822320332653165,-8.531898360656969e-12,78.80506657436614
1115,223.14876584389592,3.75,0.2,0.5833333333333333,0.5,0.5177679678703644,-1.5836573195869447e-11,0.482232033270172,-8.48623953843627e-12,78.80506657436614
1116,223.34889926617745,3.75,0.2,0.5833333333333333,0.5,0.5177679678705496,-1.575160436847974e-11,0.48223203327502745,-8.440580716215567e-12,78.80506657436614
1117,223.54903268845896,3.75,0.2,0.5833333333333333,0.5,0.5177679678707346,-1.566663554109004e-11,0.48223203327988295,-8.39492189399487e-12,78.80506657436614
1118,223.74916611074048,3.75,0.2,0.5833333333333333,0.5,0.5177679678709198,-1.5581666713700342e-11,0.48223203328473846,-8.349263071774171e-12,78.80506657436614
1119,223.949299533022,3.75,0.2,0.5833333333333333,0.5,0.5177679678711049,-1.5496697886310634e-11,0.48223203328959396,-8.303604249553466e-12,78.80506657436614
1120,224.14943295530352,3.75,0.2,0.5833333333333333,0.5,0.5177679678712901,-1.5411729058920933e-11,0.48223203329444947,-8.257945427332769e-12,78.80506657436614
1121,224.34956637758503,3.75,0.2,0.5833333333333333,0.5,0.5177679678714752,-1.5326760231531237e-11,0.4822320332993049,-8.212286605112071e-12,78.80506657436614
1122,224.54969979986657,3.75,0.2,0.5833333333333333,0.5,0.5177679678716604,-1.5241791404141526e-11,0.4822320333041604,-8.166627782891366e-12,78.80506657436614
1123,224.74983322214808,3.75,0.2,0.5833333333333333,0.5,0.5177679678718454,-1.5156822576751827e-11,0.48223203330901593,-8.120968960670668e-12,78.80506657436614
1124,224.94996664442962,3.75,0.2,0.5833333333333333,0.5,0.5177679678720306,-1.507185374936212e-11,0.48223203331387143,-8.075310138449964e-12,78.80506657436614
1125,225.15010006671113,3.75,0.2,0.5833333333333333,0.5,0.5177679678722158,-1.4986884921972418e-11,0.4822320333187269,-8.029651316229267e-12,78.80506657436614
1126,225.35023348899264,3.75,0.2,0.5833333333333333,0.5,0.5177679678724009,-1.4901916094582722e-11,0.4822320333235824,-7.983992494008568e-12,78.80506657436614
1127,225.55036691127418,3.75,0.2,0.5833333333333333,0.5,0.517767967872586,-1.4816947267193014e-11,0.4822320333284379,-7.938333671787863e-12,78.80506657436614
1128,225.7505003335557,3.75,0.2,0.5833333333333333,0.5,0.5177679678727711,-1.4731978439803313e-11,0.4822320333332934,-7.892674849567166e-12,78.80506657436614
1129,225.9506337558372,3.75,0.2,0.5833333333333333,0.5,0.5177679678729563,-1.4647009612413617e-11,0.4822320333381489,-7.847016027346469e-12,78.80506657436614
1130,226.15076717811874,3.75,0.2,0.5833333333333333,0.5,0.5177679678731414,-1.4562040785023906e-11,0.48223203334300435,-7.801357205125763e-12,78.80506657436614
1131,226.35090060040025,3.75,0.2,0.5833333333333333,0.5,0.5177679678733266,-1.4477071957634208e-11,0.48223203334785986,-7.755698382905065e-12,78.80506657436614
1132,226.5510340226818,3.75,0.2,0.5833333333333333,0.5,0.5177679678735116,-1.4392103130244496e-11,0.48223203335271536,-7.710039560684361e-12,78.80506657436614
1133,226.7511674449633,3.75,0.2,0.5833333333333333,0.5,0.5177679678736968,-1.43071343028548e-11,0.48223203335757087,-7.664380738463664e-12,78.80506657436614
1134,226.9513008672448,3.75,0.2,0.5833333333333333,0.5,0.5177679678738819,-1.4222165475465101e-11,0.48223203336242637,-7.618721916242965e-12,78.80506657436614
1135,227.15143428952635,3.75,0.2,0.5833333333333333,0.5,0.5177679678740671,-1.4137196648075391e-11,0.4822320333672818,-7.57306309402226e-12,78.80506657436614
1136,227.35156771180786,3.75,0.2,0.5833333333333333,0.5,0.5177679678742522,-1.4052227820685693e-11,0.4822320333721373,-7.527404271801563e-12,78.80506657436614
1137,227.55170113408937,3.75,0.2,0.5833333333333333,0.5,0.5177679678744374,-1.3967258993295994e-11,0.48223203337699283,-7.481745449580866e-12,78.80506657436614
1138,227.7518345563709,3.75,0.2,0.5833333333333333,0.5,0.5177679678746224,-1.3882290165906284e-11,0.48223203338184834,-7.43608662736016e-12,78.80506657436614
1139,227.95196797865242,3.75,0.2,0.5833333333333333,0.5,0.5177679678748076,-1.3797321338516586e-11,0.48223203338670384,-7.390427805139462e-12,78.80506657436614
1140,228.15210140093396,3.75,0.2,0.5833333333333333,0.5,0.5177679678749928,-1.3712352511126876e-11,0.4822320333915593,-7.344768982918758e-12,78.80506657436614
1141,228.35223482321547,3.75,0.2,0.5833333333333333,0.5,0.5177679678751779,-1.3627383683737178e-11,0.4822320333964148,-7.299110160698061e-12,78.80506657436614
1142,228.55236824549698,3.75,0.2,0.5833333333333333,0.5,0.517767967875363,-1.3542414856347481e-11,0.4822320334012703,-7.253451338477362e-12,78.80506657436614
1143,228.75250166777852,3.75,0.2,0.5833333333333333,0.5,0.5177679678755481,-1.345744602895777e-11,0.4822320334061258,-7.207792516256658e-12,78.80506657436614
1144,228.95263509006003,3.75,0.2,0.5833333333333333,0.5,0.5177679678757333,-1.3372477201568071e-11,0.4822320334109813,-7.16213369403596e-12,78.80506657436614
1145,229.15276851234154,3.75,0.2,0.5833333333333333,0.5,0.5177679678759184,-1.3287508374178374e-11,0.48223203341583676,-7.116474871815262e-12,78.80506657436614
1146,229.35290193462308,3.75,0.2,0.5833333333333333,0.5,0.5177679678761036,-1.3202539546788663e-11,0.48223203342069226,-7.070816049594558e-12,78.80506657436614
1147,229.5530353569046,3.75,0.2,0.5833333333333333,0.5,0.5177679678762886,-1.3117570719398964e-11,0.48223203342554777,-7.02515722737386e-12,78.80506657436614
1148,229.75316877918613,3.75,0.2,0.5833333333333333,0.5,0.5177679678764738,-1.3032601892009256e-11,0.4822320334304033,-6.979498405153155e-12,78.80506657436614
1149,229.95330220146764,3.75,0.2,0.5833333333333333,0.5,0.5177679678766589,-1.2947633064619558e-11,0.4822320334352587,-6.933839582932457e-12,78.80506657436614
1150,230.15343562374915,3.75,0.2,0.5833333333333333,0.5,0.5177679678768441,-1.2862664237229858e-11,0.4822320334401142,-6.888180760711759e-12,78.80506657436614
1151,230.35356904603069,3.75,0.2,0.5833333333333333,0.5,0.5177679678770292,-1.277769540984015e-11,0.48223203344496973,-6.842521938491055e-12,78.80506657436614
1152,230.5537024683122,3.75,0.2,0.5833333333333333,0.5,0.5177679678772144,-1.2692726582450451e-11,0.48223203344982524,-6.796863116270357e-12,78.80506657436614
1153,230.75383589059373,3.75,0.2,0.5833333333333333,0.5,0.5177679678773995,-1.260775775506074e-11,0.48223203345468074,-6.751204294049653e-12,78.80506657436614
1154,230.95396931287524,3.75,0.2,0.5833333333333333,0.5,0.5177679678775846,-1.2522788927671043e-11,0.4822320334595362,-6.705545471828955e-12,78.80506657436614
1155,231.15410273515675,3.75,0.2,0.5833333333333333,0.5,0.5177679678777698,-1.2437820100281344e-11,0.4822320334643917,-6.659886649608257e-12,78.80506657436614
1156,231.3542361574383,3.75,0.2,0.5833333333333333,0.5,0.5177679678779549,-1.2352851272891633e-11,0.4822320334692472,-6.614227827387552e-12,78.80506657436614
1157,231.5543695797198,3.75,0.2,0.5833333333333333,0.5,0.5177679678781401,-1.2267882445501936e-11,0.4822320334741027,-6.5685690051668544e-12,78.80506657436614
1158,231.75450300200131,3.75,0.2,0.5833333333333333,0.5,0.5177679678783251,-1.2182913618112238e-11,0.4822320334789582,-6.5229101829461565e-12,78.80506657436614
1159,231.95463642428285,3.75,0.2,0.5833333333333333,0.5,0.5177679678785103,-1.2097944790722528e-11,0.48223203348381366,-6.477251360725452e-12,78.80506657436614
1160,232.15476984656436,3.75,0.2,0.5833333333333333,0.5,0.5177679678786954,-1.201297596333283e-11,0.48223203348866917,-6.431592538504754e-12,78.80506657436614
1161,232.3549032688459,3.75,0.2,0.5833333333333333,0.5,0.5177679678788806,-1.192800713594312e-11,0.48223203349352467,-6.38593371628405e-12,78.80506657436614
1162,232.5550366911274,3.75,0.2,0.5833333333333333,0.5,0.5177679678790656,-1.1843038308553421e-11,0.4822320334983802,-6.340274894063352e-12,78.80506657436614
1163,232.75517011340892,3.75,0.2,0.5833333333333333,0.5,0.5177679678792508,-1.1758069481163725e-11,0.4822320335032357,-6.294616071842654e-12,78.80506657436614
1164,232.95530353569046,3.75,0.2,0.5833333333333333,0.5,0.5177679678794359,-1.1673100653774013e-11,0.48223203350809113,-6.2489572496219495e-12,78.80506657436614
1165,233.15543695797197,3.75,0.2,0.5833333333333333,0.5,0.5177679678796211,-1.1588131826384315e-11,0.48223203351294663,-6.2032984274012515e-12,78.80506657436614
1166,233.35557038025348,3.75,0.2,0.5833333333333333,0.5,0.5177679678798062,-1.1503162998994618e-11,0.48223203351780214,-6.1576396051805536e-12,78.80506657436614
1167,233.55570380253502,3.75,0.2,0.5833333333333333,0.5,0.5177679678799914,-1.1418194171604906e-11,0.48223203352265764,-6.111980782959849e-12,78.80506657436614
1168,233.75583722481653,3.75,0.2,0.5833333333333333,0.5,0.5177679678801765,-1.1333225344215208e-11,0.4822320335275131,-6.066321960739151e-12,78.80506657436614
1169,233.95597064709807,3.75,0.2,0.5833333333333333,0.5,0.5177679678803616,-1.12482565168255e-11,0.4822320335323686,-6.020663138518447e-12,78.80506657436614
1170,234.15610406937958,3.75,0.2,0.5833333333333333,0.5,0.5177679678805468,-1.11632876894358e-11,0.4822320335372241,-5.975004316297749e-12,78.80506657436614
1171,234.3562374916611,3.75,0.2,0.5833333333333333,0.5,0.5177679678807319,-1.1078318862046101e-11,0.4822320335420796,-5.929345494077051e-12,78.80506657436614
1172,234.55637091394263,3.75,0.2,0.5833333333333333,0.5,0.5177679678809171,-1.0993350034656393e-11,0.4822320335469351,-5.8836866718563466e-12,78.80506657436614
1173,234.75650433622414,3.75,0.2,0.5833333333333333,0.5,0.5177679678811021,-1.0908381207266695e-11,0.48223203355179056,-5.838027849635649e-12,78.80506657436614
1174,234.95663775850565,3.75,0.2,0.5833333333333333,0.5,0.5177679678812873,-1.0823412379876996e-11,0.48223203355664607,-5.792369027414951e-12,78.80506657436614
1175,235.1567711807872,3.75,0.2,0.5833333333333333,0.5,0.5177679678814724,-1.0738443552487287e-11,0.48223203356150157,-5.746710205194246e-12,78.80506657436614
1176,235.3569046030687,3.75,0.2,0.5833333333333333,0.5,0.5177679678816576,-1.0653474725097588e-11,0.4822320335663571,-5.701051382973548e-12,78.80506657436614
1177,235.55703802535024,3.75,0.2,0.5833333333333333,0.5,0.5177679678818427,-1.0568505897707878e-11,0.4822320335712126,-5.655392560752843e-12,78.80506657436614
1178,235.75717144763175,3.75,0.2,0.5833333333333333,0.5,0.5177679678820278,-1.048353707031818e-11,0.48223203357606803,-5.609733738532146e-12,78.80506657436614
1179,235.95730486991326,3.75,0.2,0.5833333333333333,0.5,0.5177679678822129,-1.0398568242928481e-11,0.48223203358092354,-5.564074916311448e-12,78.80506657436614
1180,236.1574382921948,3.75,0.2,0.5833333333333333,0.5,0.5177679678823981,-1.031359941553877e-11,0.48223203358577904,-5.518416094090744e-12,78.80506657436614
1181,236.3575717144763,3.75,0.2,0.5833333333333333,0.5,0.5177679678825833,-1.0228630588149075e-11,0.48223203359063455,-5.472757271870046e-12,78.80506657436614
1182,236.55770513675782,3.75,0.2,0.5833333333333333,0.5,0.5177679678827684,-1.0143661760759375e-11,0.48223203359549005,-5.427098449649348e-12,78.80506657436614
1183,236.75783855903936,3.75,0.2,0.5833333333333333,0.5,0.5177679678829535,-1.0058692933369665e-11,0.4822320336003455,-5.3814396274286426e-12,78.80506657436614
1184,236.95797198132087,3.75,0.2,0.5833333333333333,0.5,0.5177679678831386,-9.973724105979967e-12,0.482232033605201,-5.3357808052079455e-12,78.80506657436614
1185,237.1581054036024,3.75,0.2,0.5833333333333333,0.5,0.5177679678833238,-9.888755278590257e-12,0.4822320336100565,-5.29012198298724e-12,78.80506657436614
1186,237.35823882588392,3.75,0.2,0.5833333333333333,0.5,0.5177679678835089,-9.803786451200558e-12,0.482232033614912,-5.244463160766543e-12,78.80506657436614
1187,237.55837224816543,3.75,0.2,0.5833333333333333,0.5,0.5177679678836941,-9.718817623810861e-12,0.4822320336197675,-5.198804338545844e-12,78.80506657436614
1188,237.75850567044697,3.75,0.2,0.5833333333333333,0.5,0.5177679678838791,-9.63384879642115e-12,0.48223203362462297,-5.153145516325141e-12,78.80506657436614
1189,237.95863909272848,3.75,0.2,0.5833333333333333,0.5,0.5177679678840643,-9.548879969031452e-12,0.4822320336294785,-5.107486694104442e-12,78.80506657436614
1190,238.15877251500999,3.75,0.2,0.5833333333333333,0.5,0.5177679678842494,-9.463911141641753e-12,0.482232033634334,-5.061827871883745e-12,78.80506657436614
1191,238.35890593729152,3.75,0.2,0.5833333333333333,0.5,0.5177679678844346,-9.378942314252045e-12,0.4822320336391895,-5.01616904966304e-12,78.80506657436614
1192,238.55903935957303,3.75,0.2,0.5833333333333333,0.5,0.5177679678846197,-9.293973486862347e-12,0.48223203364404493,-4.9705102274423426e-12,78.80506657436614
1193,238.75917278185457,3.75,0.2,0.5833333333333333,0.5,0.5177679678848048,-9.209004659472635e-12,0.48223203364890044,-4.924851405221637e-12,78.80506657436614
1194,238.95930620413608,3.75,0.2,0.5833333333333333,0.5,0.5177679678849899,-9.124035832082937e-12,0.48223203365375594,-4.87919258300094e-12,78.80506657436614
1195,239.1594396264176,3.75,0.2,0.5833333333333333,0.5,0.5177679678851751,-9.039067004693238e-12,0.48223203365861145,-4.8335337607802415e-12,78.80506657436614
1196,239.35957304869913,3.75,0.2,0.5833333333333333,0.5,0.5177679678853603,-8.95409817730353e-12,0.48223203366346695,-4.787874938559538e-12,78.80506657436614
1197,239.55970647098064,3.75,0.2,0.5833333333333333,0.5,0.5177679678855454,-8.869129349913832e-12,0.4822320336683224,-4.742216116338839e-12,78.80506657436614
1198,239.75983989326215,3.75,0.2,0.5833333333333333,0.5,0.5177679678857305,-8.784160522524133e-12,0.4822320336731779,-4.696557294118142e-12,78.80506657436614
1199,239.9599733155437,3.75,0.2,0.5833333333333333,0.5,0.5177679678859156,-8.699191695134422e-12,0.4822320336780334,-4.650898471897437e-12,78.80506657436614
1200,240.1601067378252,3.75,0.2,0.5833333333333333,0.5,0.5177679678861008,-8.614222867744725e-12,0.4822320336828889,-4.60523964967674e-12,78.80506657436614
1201,240.36024016010674,3.75,0.2,0.5833333333333333,0.5,0.5177679678862859,-8.529254040355015e-12,0.4822320336877444,-4.5595808274560345e-12,78.80506657436614
1202,240.56037358238825,3.75,0.2,0.5833333333333333,0.5,0.5177679678864711,-8.444285212965317e-12,0.48223203369259987,-4.513922005235337e-12,78.80506657436614
1203,240.76050700466976,3.75,0.2,0.5833333333333333,0.5,0.5177679678866561,-8.359316385575618e-12,0.4822320336974554,-4.4682631830146386e-12,78.80506657436614
1204,240.9606404269513,3.75,0.2,0.5833333333333333,0.5,0.5177679678868413,-8.274347558185907e-12,0.4822320337023109,-4.422604360793935e-12,78.80506657436614
1205,241.1607738492328,3.75,0.2,0.5833333333333333,0.5,0.5177679678870264,-8.18937873079621e-12,0.4822320337071664,-4.376945538573236e-12,78.80506657436614
1206,241.36090727151432,3.75,0.2,0.5833333333333333,0.5,0.5177679678872116,-8.104409903406513e-12,0.4822320337120219,-4.331286716352539e-12,78.80506657436614
1207,241.56104069379586,3.75,0.2,0.5833333333333333,0.5,0.5177679678873967,-8.019441076016802e-12,0.48223203371687734,-4.285627894131834e-12,78.80506657436614
1208,241.76117411607737,3.75,0.2,0.5833333333333333,0.5,0.5177679678875818,-7.934472248627103e-12,0.48223203372173284,-4.239969071911137e-12,78.80506657436614
1209,241.9613075383589,3.75,0.2,0.5833333333333333,0.5,0.517767967887767,-7.849503421237394e-12,0.48223203372658835,-4.1943102496904316e-12,78.80506657436614
1210,242.16144096064042,3.75,0.2,0.5833333333333333,0.5,0.5177679678879521,-7.764534593847695e-12,0.48223203373144385,-4.1486514274697344e-12,78.80506657436614
1211,242.36157438292193,3.75,0.2,0.5833333333333333,0.5,0.5177679678881373,-7.679565766457998e-12,0.4822320337362993,-4.102992605249036e-12,78.80506657436614
1212,242.56170780520347,3.75,0.2,0.5833333333333333,0.5,0.5177679678883224,-7.594596939068287e-12,0.4822320337411548,-4.057333783028332e-12,78.80506657436614
1213,242.76184122748498,3.75,0.2,0.5833333333333333,0.5,0.5177679678885075,-7.509628111678589e-12,0.4822320337460103,-4.011674960807633e-12,78.80506657436614
1214,242.9619746497665,3.75,0.2,0.5833333333333333,0.5,0.5177679678886926,-7.42465928428889e-12,0.4822320337508658,-3.966016138586936e-12,78.80506657436614
1215,243.16210807204803,3.75,0.2,0.5833333333333333,0.5,0.5177679678888778,-7.339690456899182e-12,0.4822320337557213,-3.920357316366231e-12,78.80506657436614
1216,243.36224149432954,3.75,0.2,0.5833333333333333,0.5,0.5177679678890629,-7.254721629509483e-12,0.4822320337605768,-3.874698494145533e-12,78.80506657436614
1217,243.56237491661108,3.75,0.2,0.5833333333333333,0.5,0.5177679678892481,-7.169752802119772e-12,0.4822320337654323,-3.829039671924829e-12,78.80506657436614
1218,243.7625083388926,3.75,0.2,0.5833333333333333,0.5,0.5177679678894331,-7.084783974730075e-12,0.4822320337702878,-3.7833808497041315e-12,78.80506657436614
1219,243.9626417611741,3.75,0.2,0.5833333333333333,0.5,0.5177679678896183,-6.999815147340376e-12,0.4822320337751433,-3.737722027483433e-12,78.80506657436614
1220,244.16277518345564,3.75,0.2,0.5833333333333333,0.5,0.5177679678898034,-6.914846319950666e-12,0.4822320337799988,-3.692063205262729e-12,78.80506657436614
1221,244.36290860573715,3.75,0.2,0.5833333333333333,0.5,0.5177679678899886,-6.829877492560969e-12,0.48223203378485424,-3.6464043830420305e-12,78.80506657436614
1222,244.56304202801866,3.75,0.2,0.5833333333333333,0.5,0.5177679678901737,-6.74490866517127e-12,0.48223203378970975,-3.600745560821333e-12,78.80506657436614
1223,244.7631754503002,3.75,0.2,0.5833333333333333,0.5,0.5177679678903588,-6.65993983778156e-12,0.48223203379456525,-3.5550867386006285e-12,78.80506657436614
1224,244.9633088725817,3.75,0.2,0.5833333333333333,0.5,0.517767967890544,-6.574971010391862e-12,0.48223203379942076,-3.50942791637993e-12,78.80506657436614
1225,245.16344229486324,3.75,0.2,0.5833333333333333,0.5,0.5177679678907291,-6.490002183002151e-12,0.48223203380427626,-3.4637690941592258e-12,78.80506657436614
1226,245.36357571714476,3.75,0.2,0.5833333333333333,0.5,0.5177679678909143,-6.405033355612454e-12,0.4822320338091317,-3.4181102719385282e-12,78.80506657436614
1227,245.56370913942627,3.75,0.2,0.5833333333333333,0.5,0.5177679678910994,-6.320064528222755e-12,0.4822320338139872,-3.37245144971783e-12,78.80506657436614
1228,245.7638425617078,3.75,0.2,0.5833333333333333,0.5,0.5177679678912845,-6.2350957008330455e-12,0.4822320338188427,-3.3267926274971255e-12,78.80506657436614
1229,245.96397598398931,3.75,0.2,0.5833333333333333,0.5,0.5177679678914696,-6.150126873443347e-12,0.4822320338236982,-3.281133805276428e-12,78.80506657436614
1230,246.16410940627082,3.75,0.2,0.5833333333333333,0.5,0.5177679678916548,-6.0651580460536486e-12,0.48223203382855373,-3.2354749830557296e-12,78.80506657436614
1231,246.36424282855236,3.75,0.2,0.5833333333333333,0.5,0.5177679678918399,-5.980189218663939e-12,0.4822320338334092,-3.1898161608350252e-12,78.80506657436614
1232,246.56437625083387,3.75,0.2,0.5833333333333333,0.5,0.5177679678920251,-5.89522039127424e-12,0.4822320338382647,-3.1441573386143277e-12,78.80506657436614
1233,246.7645096731154,3.75,0.2,0.5833333333333333,0.5,0.5177679678922101,-5.810251563884531e-12,0.4822320338431202,-3.098498516393623e-12,78.80506657436614
1234,246.96464309539692,3.75,0.2,0.5833333333333333,0.5,0.5177679678923953,-5.725282736494832e-12,0.4822320338479757,-3.052839694172925e-12,78.80506657436614
1235,247.16477651767843,3.75,0.2,0.5833333333333333,0.5,0.5177679678925804,-5.6403139091051345e-12,0.48223203385283114,-3.007180871952227e-12,78.80506657436614
1236,247.36490993995997,3.75,0.2,0.5833333333333333,0.5,0.5177679678927656,-5.555345081715424e-12,0.48223203385768665,-2.9615220497315226e-12,78.80506657436614
1237,247.56504336224148,3.75,0.2,0.5833333333333333,0.5,0.5177679678929508,-5.4703762543257255e-12,0.48223203386254215,-2.9158632275108247e-12,78.80506657436614
1238,247.765176784523,3.75,0.2,0.5833333333333333,0.5,0.5177679678931358,-5.385407426936028e-12,0.48223203386739766,-2.8702044052901267e-12,78.80506657436614
1239,247.96531020680453,3.75,0.2,0.5833333333333333,0.5,0.517767967893321,-5.300438599546318e-12,0.48223203387225316,-2.8245455830694223e-12,78.80506657436614
1240,248.16544362908604,3.75,0.2,0.5833333333333333,0.5,0.5177679678935061,-5.21546977215662e-12,0.4822320338771086,-2.7788867608487244e-12,78.80506657436614
1241,248.36557705136758,3.75,0.2,0.5833333333333333,0.5,0.5177679678936913,-5.130500944766909e-12,0.4822320338819641,-2.73322793862802e-12,78.80506657436614
1242,248.5657104736491,3.75,0.2,0.5833333333333333,0.5,0.5177679678938764,-5.045532117377211e-12,0.4822320338868196,-2.687569116407322e-12,78.80506657436614
1243,248.7658438959306,3.75,0.2,0.5833333333333333,0.5,0.5177679678940615,-4.960563289987514e-12,0.4822320338916751,-2.641910294186624e-12,78.80506657436614
1244,248.96597731821214,3.75,0.2,0.5833333333333333,0.5,0.5177679678942466,-4.875594462597803e-12,0.48223203389653063,-2.5962514719659197e-12,78.80506657436614
1245,249.16611074049365,3.75,0.2,0.5833333333333333,0.5,0.5177679678944318,-4.7906256352081055e-12,0.4822320339013861,-2.5505926497452218e-12,78.80506657436614
1246,249.36624416277516,3.75,0.2,0.5833333333333333,0.5,0.5177679678946169,-4.705656807818407e-12,0.4822320339062416,-2.504933827524524e-12,78.80506657436614
1247,249.5663775850567,3.75,0.2,0.5833333333333333,0.5,0.5177679678948021,-4.620687980428697e-12,0.4822320339110971,-2.4592750053038194e-12,78.80506657436614
1248,249.7665110073382,3.75,0.2,0.5833333333333333,0.5,0.5177679678949871,-4.535719153038999e-12,0.4822320339159526,-2.4136161830831215e-12,78.80506657436614
1249,249.96664442961975,3.75,0.2,0.5833333333333333,0.5,0.5177679678951723,-4.450750325649288e-12,0.4822320339208081,-2.367957360862417e-12,78.80506657436614
1250,250.16677785190126,3.75,0.2,0.5833333333333333,0.5,0.5177679678953574,-4.365781498259591e-12,0.48223203392566355,-2.322298538641719e-12,78.80506657436614
1251,250.36691127418277,3.75,0.2,0.5833333333333333,0.5,0.5177679678955426,-4.280812670869892e-12,0.48223203393051906,-2.2766397164210212e-12,78.80506657436614
1252,250.5670446964643,3.75,0.2,0.5833333333333333,0.5,0.5177679678957278,-4.1958438434801824e-12,0.48223203393537456,-2.230980894200317e-12,78.80506657436614
1253,250.76717811874582,3.75,0.2,0.5833333333333333,0.5,0.5177679678959128,-4.110875016090484e-12,0.48223203394023006,-2.185322071979619e-12,78.80506657436614
1254,250.96731154102733,3.75,0.2,0.5833333333333333,0.5,0.517767967896098,-4.025906188700786e-12,0.4822320339450855,-2.139663249758921e-12,78.80506657436614
1255,251.16744496330887,3.75,0.2,0.5833333333333333,0.5,0.5177679678962831,-3.940937361311076e-12,0.482232033949941,-2.0940044275382165e-12,78.80506657436614
1256,251.36757838559038,3.75,0.2,0.5833333333333333,0.5,0.5177679678969672,-3.8870588039782645e-12,0.48223203395244657,-2.0650816465935386e-12,78.80506657436614
1257,251.56771180787192,3.75,0.2,0.5833333333333333,0.5,0.5177679678983261,-3.8752458364008285e-12,0.4822320339517726,-2.0588029740840043e-12,78.80506657436614
1258,251.76784523015343,3.75,0.2,0.5833333333333333,0.5,0.517767967899685,-3.863432868823393e-12,0.4822320339510987,-2.0525243015744715e-12,78.80506657436614
1259,251.96797865243494,3.75,0.2,0.5833333333333333,0.5,0.517767967901044,-3.851619901245959e-12,0.48223203395042474,-2.046245629064938e-12,78.80506657436614
1260,252.16811207471648,3.75,0.2,0.5833333333333333,0.5,0.5177679679024029,-3.839806933668522e-12,0.48223203394975084,-2.0399669565554044e-12,78.80506657436614
1261,252.368245496998,3.75,0.2,0.5833333333333333,0.5,0.5177679679037618,-3.827993966091088e-12,0.4822320339490769,-2.0336882840458713e-12,78.80506657436614
1262,252.5683789192795,3.75,0.2,0.5833333333333333,0.5,0.5177679679051207,-3.816180998513653e-12,0.48223203394840297,-2.027409611536338e-12,78.80506657436614
1263,252.76851234156103,3.75,0.2,0.5833333333333333,0.5,0.5177679679064796,-3.804368030936217e-12,0.482232033947729,-2.0211309390268038e-12,78.80506657436614
1264,252.96864576384255,3.75,0.2,0.5833333333333333,0.5,0.5177679679078385,-3.792555063358782e-12,0.4822320339470551,-2.014852266517271e-12,78.80506657436614
1265,253.16877918612408,3.75,0.2,0.5833333333333333,0.5,0.5177679679091974,-3.780742095781346e-12,0.48223203394638114,-2.0085735940077367e-12,78.80506657436614
1266,253.3689126084056,3.75,0.2,0.5833333333333333,0.5,0.5177679679105563,-3.768929128203911e-12,0.4822320339457072,-2.002294921498204e-12,78.80506657436614
1267,253.5690460306871,3.75,0.2,0.5833333333333333,0.5,0.5177679679119153,-3.757116160626476e-12,0.4822320339450333,-1.9960162489886708e-12,78.80506657436614
1268,253.76917945296864,3.75,0.2,0.5833333333333333,0.5,0.5177679679132742,-3.74530319304904e-12,0.4822320339443593,-1.989737576479137e-12,78.80506657436614
1269,253.96931287525015,3.75,0.2,0.5833333333333333,0.5,0.5177679679146331,-3.733490225471605e-12,0.4822320339436854,-1.9834589039696037e-12,78.80506657436614
1270,254.16944629753166,3.75,0.2,0.5833333333333333,0.5,0.517767967915992,-3.721677257894171e-12,0.48223203394301145,-1.9771802314600705e-12,78.80506657436614
1271,254.3695797198132,3.75,0.2,0.5833333333333333,0.5,0.5177679679173509,-3.709864290316735e-12,0.48223203394233755,-1.9709015589505366e-12,78.80506657436614
1272,254.5697131420947,3.75,0.2,0.5833333333333333,0.5,0.5177679679187098,-3.6980513227393e-12,0.4822320339416636,-1.9646228864410034e-12,78.80506657436614
1273,254.76984656437625,3.75,0.2,0.5833333333333333,0.5,0.5177679679200687,-3.686238355161863e-12,0.4822320339409896,-1.958344213931469e-12,78.80506657436614
1274,254.96997998665776,3.75,0.2,0.5833333333333333,0.5,0.5177679679214277,-3.6744253875844285e-12,0.4822320339403157,-1.9520655414219363e-12,78.80506657436614
1275,255.17011340893927,3.75,0.2,0.5833333333333333,0.5,0.5177679679227866,-3.662612420006994e-12,0.48223203393964176,-1.9457868689124032e-12,78.80506657436614
1276,255.3702468312208,3.75,0.2,0.5833333333333333,0.5,0.5177679679241455,-3.650799452429558e-12,0.48223203393896785,-1.9395081964028692e-12,78.80506657436614
1277,255.57038025350232,3.75,0.2,0.5833333333333333,0.5,0.5177679679255044,-3.638986484852123e-12,0.4822320339382939,-1.933229523893336e-12,78.80506657436614
1278,255.77051367578383,3.75,0.2,0.5833333333333333,0.5,0.5177679679268633,-3.6271735172746882e-12,0.48223203393762,-1.926950851383803e-12,78.80506657436614
1279,255.97064709806537,3.75,0.2,0.5833333333333333,0.5,0.5177679679282222,-3.615360549697252e-12,0.482232033936946,-1.920672178874269e-12,78.80506657436614
1280,256.1707805203469,3.75,0.2,0.5833333333333333,0.5,0.5177679679295811,-3.6035475821198155e-12,0.4822320339362721,-1.914393506364735e-12,78.80506657436614
1281,256.3709139426284,3.75,0.2,0.5833333333333333,0.5,0.51776796793094,-3.591734614542381e-12,0.48223203393559816,-1.9081148338552023e-12,78.80506657436614
1282,256.57104736490993,3.75,0.2,0.5833333333333333,0.5,0.517767967932299,-3.5799216469649464e-12,0.4822320339349242,-1.9018361613456688e-12,78.80506657436614
1283,256.77118078719144,3.75,0.2,0.5833333333333333,0.5,0.5177679679336579,-3.5681086793875116e-12,0.4822320339342503,-1.895557488836136e-12,78.80506657436614
1284,256.97131420947295,3.75,0.2,0.5833333333333333,0.5,0.5177679679350168,-3.556295711810077e-12,0.48223203393357633,-1.8892788163266025e-12,78.80506657436614
1285,257.1714476317545,3.75,0.2,0.5833333333333333,0.5,0.5177679679363757,-3.544482744232639e-12,0.4822320339329024,-1.8830001438170677e-12,78.80506657436614
1286,257.371581054036,3.75,0.2,0.5833333333333333,0.5,0.5177679679377346,-3.532669776655204e-12,0.48223203393222847,-1.8767214713075346e-12,78.80506657436614
1287,257.57171447631754,3.75,0.2,0.5833333333333333,0.5,0.5177679679390935,-3.5208568090777694e-12,0.48223203393155456,-1.870442798798002e-12,78.80506657436614
1288,257.77184789859905,3.75,0.2,0.5833333333333333,0.5,0.5177679679404524,-3.5090438415003347e-12,0.4822320339308806,-1.8641641262884683e-12,78.80506657436614
1289,257.97198132088056,3.75,0.2,0.5833333333333333,0.5,0.5177679679418113,-3.4972308739229003e-12,0.48223203393020664,-1.8578854537789355e-12,78.80506657436614
1290,258.1721147431621,3.75,0.2,0.5833333333333333,0.5,0.5177679679431703,-3.4854179063454623e-12,0.48223203392953273,-1.8516067812694004e-12,78.80506657436614
1291,258.37224816544364,3.75,0.2,0.5833333333333333,0.5,0.5177679679445292,-3.4736049387680276e-12,0.48223203392885877,-1.8453281087598676e-12,78.80506657436614
1292,258.57238158772515,3.75,0.2,0.5833333333333333,0.5,0.5177679679458881,-3.461791971190593e-12,0.48223203392818487,-1.839049436250334e-12,78.80506657436614
1293,258.77251501000666,3.75,0.2,0.5833333333333333,0.5,0.517767967947247,-3.449979003613158e-12,0.4822320339275109,-1.8327707637408013e-12,78.80506657436614
1294,258.97264843228817,3.75,0.2,0.5833333333333333,0.5,0.5177679679486059,-3.4381660360357237e-12,0.482232033926837,-1.826492091231268e-12,78.80506657436614
1295,259.1727818545697,3.75,0.2,0.5833333333333333,0.5,0.5177679679499648,-3.426353068458289e-12,0.48223203392616304,-1.820213418721735e-12,78.80506657436614
1296,259.37291527685124,3.75,0.2,0.5833333333333333,0.5,0.5177679679513237,-3.4145401008808506e-12,0.48223203392548913,-1.8139347462122e-12,78.80506657436614
1297,259.57304869913276,3.75,0.2,0.5833333333333333,0.5,0.5177679679526827,-3.402727133303416e-12,0.4822320339248152,-1.807656073702667e-12,78.80506657436614
1298,259.77318212141427,3.75,0.2,0.5833333333333333,0.5,0.5177679679540416,-3.3909141657259815e-12,0.4822320339241412,-1.8013774011931338e-12,78.80506657436614
1299,259.9733155436958,3.75,0.2,0.5833333333333333,0.5,0.5177679679554005,-3.3791011981485467e-12,0.4822320339234673,-1.7950987286836008e-12,78.80506657436614
1300,260.1734489659773,3.75,0.2,0.5833333333333333,0.5,0.5177679679567594,-3.367288230571112e-12,0.48223203392279335,-1.7888200561740677e-12,78.80506657436614
1301,260.37358238825885,3.75,0.2,0.5833333333333333,0.5,0.5177679679581183,-3.355475262993674e-12,0.48223203392211944,-1.782541383664533e-12,78.80506657436614
1302,260.57371581054036,3.75,0.2,0.5833333333333333,0.5,0.5177679679594772,-3.3436622954162392e-12,0.4822320339214455,-1.7762627111549998e-12,78.80506657436614
1303,260.7738492328219,3.75,0.2,0.5833333333333333,0.5,0.5177679679608361,-3.331849327838805e-12,0.4822320339207716,-1.7699840386454666e-12,78.80506657436614
1304,260.9739826551034,3.75,0.2,0.5833333333333333,0.5,0.517767967962195,-3.32003636026137e-12,0.4822320339200976,-1.7637053661359337e-12,78.80506657436614
1305,261.1741160773849,3.75,0.2,0.5833333333333333,0.5,0.517767967963554,-3.3082233926839354e-12,0.48223203391942365,-1.7574266936264005e-12,78.80506657436614
1306,261.37424949966646,3.75,0.2,0.5833333333333333,0.5,0.5177679679649129,-3.296410425106497e-12,0.48223203391874975,-1.7511480211168654e-12,78.80506657436614
1307,261.574382921948,3.75,0.2,0.5833333333333333,0.5,0.5177679679662718,-3.2845974575290627e-12,0.4822320339180758,-1.7448693486073324e-12,78.80506657436614
1308,261.7745163442295,3.75,0.2,0.5833333333333333,0.5,0.5177679679676307,-3.272784489951628e-12,0.4822320339174019,-1.7385906760977993e-12,78.80506657436614
1309,261.974649766511,3.75,0.2,0.5833333333333333,0.5,0.5177679679689896,-3.260971522374193e-12,0.4822320339167279,-1.7323120035882661e-12,78.80506657436614
1310,262.1747831887925,3.75,0.2,0.5833333333333333,0.5,0.5177679679703485,-3.2491585547967584e-12,0.482232033916054,-1.7260333310787332e-12,78.80506657436614
1311,262.374916611074,3.75,0.2,0.5833333333333333,0.5,0.5177679679717074,-3.237345587219324e-12,0.48223203391538005,-1.7197546585692e-12,78.80506657436614
1312,262.5750500333556,3.75,0.2,0.5833333333333333,0.5,0.5177679679730663,-3.225532619641886e-12,0.48223203391470615,-1.713475986059665e-12,78.80506657436614
1313,262.7751834556371,3.75,0.2,0.5833333333333333,0.5,0.5177679679744253,-3.2137196520644513e-12,0.4822320339140322,-1.7071973135501321e-12,78.80506657436614
1314,262.9753168779186,3.75,0.2,0.5833333333333333,0.5,0.5177679679757842,-3.2019066844870166e-12,0.4822320339133582,-1.700918641040599e-12,78.80506657436614
1315,263.1754503002001,3.75,0.2,0.5833333333333333,0.5,0.5177679679771431,-3.1900937169095822e-12,0.4822320339126843,-1.6946399685310658e-12,78.80506657436614
1316,263.3755837224816,3.75,0.2,0.5833333333333333,0.5,0.517767967978502,-3.1782807493321475e-12,0.48223203391201036,-1.688361296021533e-12,78.80506657436614
1317,263.5757171447632,3.75,0.2,0.5833333333333333,0.5,0.5177679679798609,-3.1664677817547095e-12,0.48223203391133646,-1.682082623511998e-12,78.80506657436614
1318,263.7758505670447,3.75,0.2,0.5833333333333333,0.5,0.5177679679812198,-3.1546548141772743e-12,0.4822320339106625,-1.6758039510024646e-12,78.80506657436614
1319,263.9759839893262,3.75,0.2,0.5833333333333333,0.5,0.5177679679825787,-3.1428418465998396e-12,0.4822320339099886,-1.6695252784929316e-12,78.80506657436614
1320,264.1761174116077,3.75,0.2,0.5833333333333333,0.5,0.5177679679839376,-3.1310288790224052e-12,0.48223203390931463,-1.6632466059833985e-12,78.80506657436614
1321,264.37625083388923,3.75,0.2,0.5833333333333333,0.5,0.5177679679852966,-3.1192159114449705e-12,0.48223203390864067,-1.6569679334738654e-12,78.80506657436614
1322,264.5763842561708,3.75,0.2,0.5833333333333333,0.5,0.5177679679866555,-3.1074029438675325e-12,0.48223203390796676,-1.6506892609643306e-12,78.80506657436614
1323,264.7765176784523,3.75,0.2,0.5833333333333333,0.5,0.5177679679880144,-3.0955899762900977e-12,0.4822320339072928,-1.6444105884547974e-12,78.80506657436614
1324,264.9766511007338,3.75,0.2,0.5833333333333333,0.5,0.5177679679893733,-3.0837770087126634e-12,0.4822320339066189,-1.6381319159452645e-12,78.80506657436614
1325,265.17678452301533,3.75,0.2,0.5833333333333333,0.5,0.5177679679907322,-3.0719640411352286e-12,0.48223203390594493,-1.6318532434357314e-12,78.80506657436614
1326,265.37691794529684,3.75,0.2,0.5833333333333333,0.5,0.5177679679920911,-3.060151073557794e-12,0.48223203390527103,-1.6255745709261982e-12,78.80506657436614
1327,265.57705136757835,3.75,0.2,0.5833333333333333,0.5,0.51776796799345,-3.048338105980359e-12,0.48223203390459707,-1.619295898416665e-12,78.80506657436614
1328,265.7771847898599,3.75,0.2,0.5833333333333333,0.5,0.517767967994809,-3.036525138402921e-12,0.4822320339039231,-1.6130172259071303e-12,78.80506657436614
1329,265.9773182121414,3.75,0.2,0.5833333333333333,0.5,0.5177679679961679,-3.024712170825487e-12,0.4822320339032492,-1.6067385533975972e-12,78.80506657436614
1330,266.17745163442294,3.75,0.2,0.5833333333333333,0.5,0.5177679679975268,-3.0128992032480517e-12,0.48223203390257524,-1.600459880888064e-12,78.80506657436614
1331,266.37758505670445,3.75,0.2,0.5833333333333333,0.5,0.5177679679988857,-3.001086235670617e-12,0.48223203390190134,-1.5941812083785309e-12,78.80506657436614
1332,266.57771847898596,3.75,0.2,0.5833333333333333,0.5,0.5177679680002446,-2.989273268093182e-12,0.4822320339012274,-1.5879025358689977e-12,78.80506657436614
1333,266.7778519012675,3.75,0.2,0.5833333333333333,0.5,0.5177679680016035,-2.9774603005157446e-12,0.48223203390055347,-1.581623863359463e-12,78.80506657436614
1334,266.97798532354904,3.75,0.2,0.5833333333333333,0.5,0.5177679680029624,-2.96564733293831e-12,0.4822320338998795,-1.5753451908499298e-12,78.80506657436614
1335,267.17811874583055,3.75,0.2,0.5833333333333333,0.5,0.5177679680043213,-2.953834365360875e-12,0.4822320338992056,-1.5690665183403967e-12,78.80506657436614
1336,267.37825216811206,3.75,0.2,0.5833333333333333,0.5,0.5177679680056803,-2.9420213977834403e-12,0.48223203389853164,-1.5627878458308637e-12,78.80506657436614
1337,267.57838559039357,3.75,0.2,0.5833333333333333,0.5,0.5177679680070392,-2.930208430206006e-12,0.4822320338978577,-1.5565091733213306e-12,78.80506657436614
1338,267.77851901267513,3.75,0.2,0.5833333333333333,0.5,0.5177679680083981,-2.918395462628568e-12,0.4822320338971838,-1.5502305008117958e-12,78.80506657436614
1339,267.97865243495664,3.75,0.2,0.5833333333333333,0.5,0.517767968009757,-2.9065824950511332e-12,0.4822320338965098,-1.5439518283022627e-12,78.80506657436614
1340,268.17878585723815,3.75,0.2,0.5833333333333333,0.5,0.5177679680111159,-2.8947695274736985e-12,0.4822320338958359,-1.5376731557927295e-12,78.80506657436614
1341,268.37891927951966,3.75,0.2,0.5833333333333333,0.5,0.5177679680124748,-2.8829565598962633e-12,0.48223203389516195,-1.5313944832831962e-12,78.80506657436614
1342,268.5790527018012,3.75,0.2,0.5833333333333333,0.5,0.5177679680138337,-2.871143592318829e-12,0.48223203389448804,-1.5251158107736632e-12,78.80506657436614
1343,268.7791861240827,3.75,0.2,0.5833333333333333,0.5,0.5177679680151928,-2.8593306247413942e-12,0.4822320338938141,-1.51883713826413e-12,78.80506657436614
1344,268.97931954636425,3.75,0.2,0.5833333333333333,0.5,0.5177679680165517,-2.8475176571639562e-12,0.4822320338931401,-1.5125584657545953e-12,78.80506657436614
1345,269.17945296864576,3.75,0.2,0.5833333333333333,0.5,0.5177679680179106,-2.8357046895865215e-12,0.4822320338924662,-1.5062797932450622e-12,78.80506657436614
1346,269.3795863909273,3.75,0.2,0.5833333333333333,0.5,0.5177679680192695,-2.823891722009087e-12,0.48223203389179226,-1.500001120735529e-12,78.80506657436614
1347,269.5797198132088,3.75,0.2,0.5833333333333333,0.5,0.5177679680206284,-2.8120787544316524e-12,0.48223203389111835,-1.493722448225996e-12,78.80506657436614
1348,269.7798532354903,3.75,0.2,0.5833333333333333,0.5,0.5177679680219873,-2.8002657868542176e-12,0.4822320338904444,-1.487443775716463e-12,78.80506657436614
1349,269.97998665777186,3.75,0.2,0.5833333333333333,0.5,0.5177679680233462,-2.7884528192767797e-12,0.4822320338897705,-1.481165103206928e-12,78.80506657436614
1350,270.18012008005337,3.75,0.2,0.5833333333333333,0.5,0.5177679680247051,-2.7766398516993453e-12,0.4822320338890965,-1.474886430697395e-12,78.80506657436614
1351,270.3802535023349,3.75,0.2,0.5833333333333333,0.5,0.5177679680260641,-2.7648268841219106e-12,0.4822320338884226,-1.4686077581878619e-12,78.80506657436614
1352,270.5803869246164,3.75,0.2,0.5833333333333333,0.5,0.517767968027423,-2.753013916544476e-12,0.48223203388774866,-1.4623290856783287e-12,78.80506657436614
1353,270.7805203468979,3.75,0.2,0.5833333333333333,0.5,0.5177679680287819,-2.7412009489670407e-12,0.4822320338870747,-1.4560504131687956e-12,78.80506657436614
1354,270.98065376917947,3.75,0.2,0.5833333333333333,0.5,0.5177679680301408,-2.7293879813896027e-12,0.4822320338864008,-1.4497717406592606e-12,78.80506657436614
1355,271.180787191461,3.75,0.2,0.5833333333333333,0.5,0.5177679680314997,-2.7175750138121683e-12,0.48223203388572683,-1.4434930681497275e-12,78.80506657436614
1356,271.3809206137425,3.75,0.2,0.5833333333333333,0.5,0.5177679680328586,-2.7057620462347336e-12,0.4822320338850529,-1.4372143956401945e-12,78.80506657436614
1357,271.581054036024,3.75,0.2,0.5833333333333333,0.5,0.5177679680342175,-2.693949078657299e-12,0.48223203388437896,-1.4309357231306614e-12,78.80506657436614
1358,271.7811874583055,3.75,0.2,0.5833333333333333,0.5,0.5177679680355765,-2.682136111079864e-12,0.48223203388370506,-1.4246570506211282e-12,78.80506657436614
1359,271.981320880587,3.75,0.2,0.5833333333333333,0.5,0.5177679680369354,-2.6703231435024297e-12,0.4822320338830311,-1.4183783781115953e-12,78.80506657436614
1360,272.1814543028686,3.75,0.2,0.5833333333333333,0.5,0.5177679680382943,-2.6585101759249917e-12,0.48223203388235714,-1.4120997056020603e-12,78.80506657436614
1361,272.3815877251501,3.75,0.2,0.5833333333333333,0.5,0.5177679680396532,-2.646697208347557e-12,0.48223203388168323,-1.4058210330925274e-12,78.80506657436614
1362,272.5817211474316,3.75,0.2,0.5833333333333333,0.5,0.5177679680410121,-2.6348842407701222e-12,0.48223203388100927,-1.3995423605829943e-12,78.80506657436614
1363,272.7818545697131,3.75,0.2,0.5833333333333333,0.5,0.517767968042371,-2.623071273192688e-12,0.48223203388033536,-1.3932636880734611e-12,78.80506657436614
1364,272.98198799199463,3.75,0.2,0.5833333333333333,0.5,0.5177679680437299,-2.611258305615253e-12,0.4822320338796614,-1.386985015563928e-12,78.80506657436614
1365,273.1821214142762,3.75,0.2,0.5833333333333333,0.5,0.5177679680450888,-2.5994453380378147e-12,0.4822320338789875,-1.380706343054393e-12,78.80506657436614
1366,273.3822548365577,3.75,0.2,0.5833333333333333,0.5,0.5177679680464478,-2.58763237046038e-12,0.48223203387831354,-1.3744276705448598e-12,78.80506657436614
1367,273.5823882588392,3.75,0.2,0.5833333333333333,0.5,0.5177679680478067,-2.5758194028829452e-12,0.48223203387763963,-1.368148998035327e-12,78.80506657436614
1368,273.7825216811207,3.75,0.2,0.5833333333333333,0.5,0.5177679680491656,-2.564006435305511e-12,0.48223203387696567,-1.3618703255257938e-12,78.80506657436614
1369,273.98265510340224,3.75,0.2,0.5833333333333333,0.5,0.5177679680505245,-2.552193467728076e-12,0.4822320338762917,-1.3555916530162606e-12,78.80506657436614
1370,274.1827885256838,3.75,0.2,0.5833333333333333,0.5,0.5177679680518834,-2.540380500150638e-12,0.4822320338756178,-1.3493129805067259e-12,78.80506657436614
1371,274.3829219479653,3.75,0.2,0.5833333333333333,0.5,0.5177679680532423,-2.5285675325732034e-12,0.48223203387494384,-1.3430343079971927e-12,78.80506657436614
1372,274.5830553702468,3.75,0.2,0.5833333333333333,0.5,0.5177679680546012,-2.516754564995769e-12,0.48223203387426994,-1.3367556354876596e-12,78.80506657436614
1373,274.78318879252834,3.75,0.2,0.5833333333333333,0.5,0.5177679680559601,-2.5049415974183343e-12,0.482232033873596,-1.3304769629781266e-12,78.80506657436614
1374,274.98332221480985,3.75,0.2,0.5833333333333333,0.5,0.5177679680573191,-2.4931286298408996e-12,0.4822320338729221,-1.3241982904685935e-12,78.80506657436614
1375,275.18345563709136,3.75,0.2,0.5833333333333333,0.5,0.517767968058678,-2.481315662263465e-12,0.4822320338722481,-1.3179196179590603e-12,78.80506657436614
1376,275.3835890593729,3.75,0.2,0.5833333333333333,0.5,0.5177679680600369,-2.4695026946860264e-12,0.48223203387157415,-1.3116409454495254e-12,78.80506657436614
1377,275.58372248165443,3.75,0.2,0.5833333333333333,0.5,0.5177679680613958,-2.457689727108592e-12,0.48223203387090025,-1.3053622729399922e-12,78.80506657436614
1378,275.78385590393594,3.75,0.2,0.5833333333333333,0.5,0.5177679680627547,-2.4458767595311573e-12,0.4822320338702263,-1.299083600430459e-12,78.80506657436614
1379,275.98398932621745,3.75,0.2,0.5833333333333333,0.5,0.5177679680641136,-2.4340637919537226e-12,0.4822320338695524,-1.2928049279209261e-12,78.80506657436614
1380,276.18412274849896,3.75,0.2,0.5833333333333333,0.5,0.5177679680654725,-2.422250824376288e-12,0.4822320338688784,-1.286526255411393e-12,78.80506657436614
1381,276.38425617078053,3.75,0.2,0.5833333333333333,0.5,0.5177679680668315,-2.4104378567988502e-12,0.4822320338682045,-1.2802475829018582e-12,78.80506657436614
1382,276.58438959306204,3.75,0.2,0.5833333333333333,0.5,0.5177679680681904,-2.3986248892214155e-12,0.48223203386753055,-1.273968910392325e-12,78.80506657436614
1383,276.78452301534355,3.75,0.2,0.5833333333333333,0.5,0.5177679680695493,-2.3868119216439807e-12,0.48223203386685665,-1.267690237882792e-12,78.80506657436614
1384,276.98465643762506,3.75,0.2,0.5833333333333333,0.5,0.5177679680709082,-2.374998954066546e-12,0.4822320338661827,-1.2614115653732588e-12,78.80506657436614
1385,277.1847898599066,3.75,0.2,0.5833333333333333,0.5,0.5177679680722671,-2.3631859864891112e-12,0.4822320338655087,-1.2551328928637256e-12,78.80506657436614
1386,277.38492328218814,3.75,0.2,0.5833333333333333,0.5,0.517767968073626,-2.3513730189116733e-12,0.4822320338648348,-1.2488542203541909e-12,78.80506657436614
1387,277.58505670446965,3.75,0.2,0.5833333333333333,0.5,0.5177679680749849,-2.339560051334239e-12,0.48223203386416086,-1.2425755478446577e-12,78.80506657436614
1388,277.78519012675116,3.75,0.2,0.5833333333333333,0.5,0.5177679680763438,-2.327747083756804e-12,0.48223203386348695,-1.2362968753351246e-12,78.80506657436614
1389,277.98532354903267,3.75,0.2,0.5833333333333333,0.5,0.5177679680777028,-2.3159341161793694e-12,0.482232033862813,-1.2300182028255916e-12,78.80506657436614
1390,278.1854569713142,3.75,0.2,0.5833333333333333,0.5,0.5177679680790617,-2.3041211486019346e-12,0.4822320338621391,-1.2237395303160585e-12,78.80506657436614
1391,278.3855903935957,3.75,0.2,0.5833333333333333,0.5,0.5177679680804206,-2.2923081810245e-12,0.4822320338614651,-1.2174608578065253e-12,78.80506657436614
1392,278.58572381587726,3.75,0.2,0.5833333333333333,0.5,0.5177679680817795,-2.280495213447062e-12,0.48223203386079116,-1.2111821852969904e-12,78.80506657436614
1393,278.78585723815877,3.75,0.2,0.5833333333333333,0.5,0.5177679680831384,-2.268682245869627e-12,0.48223203386011726,-1.2049035127874574e-12,78.80506657436614
1394,278.9859906604403,3.75,0.2,0.5833333333333333,0.5,0.5177679680844973,-2.256869278292193e-12,0.4822320338594433,-1.1986248402779243e-12,78.80506657436614
1395,279.1861240827218,3.75,0.2,0.5833333333333333,0.5,0.5177679680858562,-2.245056310714758e-12,0.4822320338587694,-1.1923461677683913e-12,78.80506657436614
1396,279.3862575050033,3.75,0.2,0.5833333333333333,0.5,0.5177679680872151,-2.2332433431373233e-12,0.48223203385809543,-1.186067495258858e-12,78.80506657436614
1397,279.58639092728487,3.75,0.2,0.5833333333333333,0.5,0.5177679680885741,-2.2214303755598853e-12,0.4822320338574215,-1.179788822749323e-12,78.80506657436614
1398,279.7865243495664,3.75,0.2,0.5833333333333333,0.5,0.517767968089933,-2.2096174079824506e-12,0.48223203385674757,-1.17351015023979e-12,78.80506657436614
1399,279.9866577718479,3.75,0.2,0.5833333333333333,0.5,0.5177679680912919,-2.1978044404050162e-12,0.48223203385607366,-1.1672314777302571e-12,78.80506657436614
1400,280.1867911941294,3.75,0.2,0.5833333333333333,0.5,0.5177679680926508,-2.185991472827581e-12,0.4822320338553997,-1.160952805220724e-12,78.80506657436614
1401,280.3869246164109,3.75,0.2,0.5833333333333333,0.5,0.5177679680940097,-2.1741785052501467e-12,0.48223203385472574,-1.1546741327111909e-12,78.80506657436614
1402,280.5870580386925,3.75,0.2,0.5833333333333333,0.5,0.5177679680953686,-2.1623655376727083e-12,0.48223203385405183,-1.1483954602016559e-12,78.80506657436614
1403,280.787191460974,3.75,0.2,0.5833333333333333,0.5,0.5177679680967275,-2.150552570095274e-12,0.4822320338533779,-1.142116787692123e-12,78.80506657436614
1404,280.9873248832555,3.75,0.2,0.5833333333333333,0.5,0.5177679680980865,-2.1387396025178392e-12,0.48223203385270397,-1.1358381151825898e-12,78.80506657436614
1405,281.187458305537,3.75,0.2,0.5833333333333333,0.5,0.5177679680994454,-2.1269266349404045e-12,0.48223203385203,-1.1295594426730567e-12,78.80506657436614
1406,281.3875917278185,3.75,0.2,0.5833333333333333,0.5,0.5177679681008043,-2.11511366736297e-12,0.4822320338513561,-1.1232807701635235e-12,78.80506657436614
1407,281.5877251501,3.75,0.2,0.5833333333333333,0.5,0.5177679681021632,-2.103300699785535e-12,0.48223203385068214,-1.1170020976539904e-12,78.80506657436614
1408,281.7878585723816,3.75,0.2,0.5833333333333333,0.5,0.5177679681035221,-2.0914877322080974e-12,0.4822320338500082,-1.1107234251444556e-12,78.80506657436614
1409,281.9879919946631,3.75,0.2,0.5833333333333333,0.5,0.517767968104881,-2.0796747646306622e-12,0.4822320338493343,-1.1044447526349225e-12,78.80506657436614
1410,282.1881254169446,3.75,0.2,0.5833333333333333,0.5,0.5177679681062399,-2.067861797053228e-12,0.4822320338486603,-1.0981660801253893e-12,78.80506657436614
1411,282.3882588392261,3.75,0.2,0.5833333333333333,0.5,0.5177679681075988,-2.056048829475793e-12,0.4822320338479864,-1.0918874076158562e-12,78.80506657436614
1412,282.58839226150764,3.75,0.2,0.5833333333333333,0.5,0.5177679681089578,-2.0442358618983584e-12,0.48223203384731245,-1.085608735106323e-12,78.80506657436614
1413,282.7885256837892,3.75,0.2,0.5833333333333333,0.5,0.5177679681103167,-2.0324228943209204e-12,0.48223203384663854,-1.0793300625967883e-12,78.80506657436614
1414,282.9886591060707,3.75,0.2,0.5833333333333333,0.5,0.5177679681116756,-2.0206099267434857e-12,0.4822320338459646,-1.0730513900872551e-12,78.80506657436614
1415,283.1887925283522,3.75,0.2,0.5833333333333333,0.5,0.5177679681130345,-2.0087969591660513e-12,0.4822320338452906,-1.066772717577722e-12,78.80506657436614
1416,283.38892595063373,3.75,0.2,0.5833333333333333,0.5,0.5177679681143934,-1.996983991588616e-12,0.4822320338446167,-1.0604940450681888e-12,78.80506657436614
1417,283.58905937291524,3.75,0.2,0.5833333333333333,0.5,0.5177679681157523,-1.985171024011182e-12,0.48223203384394275,-1.0542153725586559e-12,78.80506657436614
1418,283.7891927951968,3.75,0.2,0.5833333333333333,0.5,0.5177679681171112,-1.9733580564337434e-12,0.48223203384326885,-1.047936700049121e-12,78.80506657436614
1419,283.9893262174783,3.75,0.2,0.5833333333333333,0.5,0.5177679681184701,-1.961545088856309e-12,0.4822320338425949,-1.0416580275395878e-12,78.80506657436614
1420,284.18945963975983,3.75,0.2,0.5833333333333333,0.5,0.5177679681198291,-1.9497321212788743e-12,0.482232033841921,-1.0353793550300546e-12,78.80506657436614
1421,284.38959306204134,3.75,0.2,0.5833333333333333,0.5,0.517767968121188,-1.9379191537014396e-12,0.482232033841247,-1.0291006825205217e-12,78.80506657436614
1422,284.58972648432285,3.75,0.2,0.5833333333333333,0.5,0.5177679681225469,-1.9261061861240052e-12,0.4822320338405731,-1.0228220100109885e-12,78.80506657436614
1423,284.7898599066044,3.75,0.2,0.5833333333333333,0.5,0.5177679681239058,-1.914293218546567e-12,0.48223203383989915,-1.0165433375014536e-12,78.80506657436614
1424,284.98999332888593,3.75,0.2,0.5833333333333333,0.5,0.5177679681252647,-1.9024802509691325e-12,0.4822320338392252,-1.0102646649919204e-12,78.80506657436614
1425,285.19012675116744,3.75,0.2,0.5833333333333333,0.5,0.5177679681266236,-1.8906672833916977e-12,0.4822320338385513,-1.0039859924823875e-12,78.80506657436614
1426,285.39026017344895,3.75,0.2,0.5833333333333333,0.5,0.5177679681279825,-1.878854315814263e-12,0.4822320338378773,-9.977073199728543e-13,78.80506657436614
1427,285.59039359573046,3.75,0.2,0.5833333333333333,0.5,0.5177679681293414,-1.8670413482368286e-12,0.4822320338372034,-9.914286474633214e-13,78.80506657436614
1428,285.79052701801197,3.75,0.2,0.5833333333333333,0.5,0.5177679681307004,-1.8552283806593935e-12,0.48223203383652946,-9.851499749537882e-13,78.80506657436614
1429,285.99066044029354,3.75,0.2,0.5833333333333333,0.5,0.5177679681320593,-1.8434154130819555e-12,0.48223203383585556,-9.788713024442533e-13,78.80506657436614
1430,286.19079386257505,3.75,0.2,0.5833333333333333,0.5,0.5177679681334182,-1.8316024455045207e-12,0.4822320338351816,-9.725926299347201e-13,78.80506657436614
1431,286.39092728485656,3.75,0.2,0.5833333333333333,0.5,0.5177679681347771,-1.8197894779270864e-12,0.48223203383450763,-9.663139574251872e-13,78.80506657436614
1432,286.59106070713807,3.75,0.2,0.5833333333333333,0.5,0.517767968136136,-1.8079765103496516e-12,0.48223203383383373,-9.60035284915654e-13,78.80506657436614
1433,286.7911941294196,3.75,0.2,0.5833333333333333,0.5,0.5177679681374949,-1.7961635427722169e-12,0.48223203383315977,-9.537566124061209e-13,78.80506657436614
1434,286.99132755170115,3.75,0.2,0.5833333333333333,0.5,0.5177679681388538,-1.784350575194779e-12,0.48223203383248586,-9.47477939896586e-13,78.80506657436614
1435,287.19146097398266,3.75,0.2,0.5833333333333333,0.5,0.5177679681402128,-1.7725376076173442e-12,0.4822320338318119,-9.41199267387053e-13,78.80506657436614
1436,287.39159439626417,3.75,0.2,0.5833333333333333,0.5,0.5177679681415717,-1.7607246400399096e-12,0.482232033831138,-9.349205948775198e-13,78.80506657436614
1437,287.5917278185457,3.75,0.2,0.5833333333333333,0.5,0.5177679681429306,-1.7489116724624749e-12,0.48223203383046404,-9.286419223679867e-13,78.80506657436614
1438,287.7918612408272,3.75,0.2,0.5833333333333333,0.5,0.5177679681442895,-1.7370987048850403e-12,0.48223203382979013,-9.223632498584535e-13,78.80506657436614
1439,287.99199466310876,3.75,0.2,0.5833333333333333,0.5,0.5177679681456484,-1.7252857373076023e-12,0.48223203382911617,-9.160845773489188e-13,78.80506657436614
1440,288.19212808539027,3.75,0.2,0.5833333333333333,0.5,0.5177679681470073,-1.7134727697301674e-12,0.4822320338284422,-9.098059048393856e-13,78.80506657436614
1441,288.3922615076718,3.75,0.2,0.5833333333333333,0.5,0.5177679681483662,-1.7016598021527328e-12,0.4822320338277683,-9.035272323298525e-13,78.80506657436614
1442,288.5923949299533,3.75,0.2,0.5833333333333333,0.5,0.5177679681497251,-1.689846834575298e-12,0.48223203382709434,-8.972485598203194e-13,78.80506657436614
1443,288.7925283522348,3.75,0.2,0.5833333333333333,0.5,0.5177679681510841,-1.6780338669978635e-12,0.48223203382642044,-8.909698873107863e-13,78.80506657436614
1444,288.9926617745163,3.75,0.2,0.5833333333333333,0.5,0.517767968152443,-1.6662208994204288e-12,0.4822320338257465,-8.846912148012533e-13,78.80506657436614
1445,289.1927951967979,3.75,0.2,0.5833333333333333,0.5,0.5177679681538019,-1.654407931842991e-12,0.48223203382507257,-8.784125422917184e-13,78.80506657436614
1446,289.3929286190794,3.75,0.2,0.5833333333333333,0.5,0.5177679681551608,-1.642594964265556e-12,0.4822320338243986,-8.721338697821852e-13,78.80506657436614
1447,289.5930620413609,3.75,0.2,0.5833333333333333,0.5,0.5177679681565197,-1.6307819966881215e-12,0.48223203382372465,-8.658551972726521e-13,78.80506657436614
1448,289.7931954636424,3.75,0.2,0.5833333333333333,0.5,0.5177679681578786,-1.6189690291106867e-12,0.48223203382305074,-8.595765247631191e-13,78.80506657436614
1449,289.9933288859239,3.75,0.2,0.5833333333333333,0.5,0.5177679681592375,-1.6071560615332522e-12,0.4822320338223768,-8.532978522535859e-13,78.80506657436614
1450,290.1934623082055,3.75,0.2,0.5833333333333333,0.5,0.5177679681605966,-1.5953430939558142e-12,0.4822320338217029,-8.470191797440511e-13,78.80506657436614
1451,290.393595730487,3.75,0.2,0.5833333333333333,0.5,0.5177679681619555,-1.5835301263783795e-12,0.4822320338210289,-8.40740507234518e-13,78.80506657436614
1452,290.5937291527685,3.75,0.2,0.5833333333333333,0.5,0.5177679681633144,-1.5717171588009447e-12,0.482232033820355,-8.344618347249849e-13,78.80506657436614
1453,290.79386257505,3.75,0.2,0.5833333333333333,0.5,0.5177679681646733,-1.55990419122351e-12,0.48223203381968105,-8.281831622154517e-13,78.80506657436614
1454,290.9939959973315,3.75,0.2,0.5833333333333333,0.5,0.5177679681660322,-1.5480912236460754e-12,0.48223203381900714,-8.219044897059187e-13,78.80506657436614
1455,291.1941294196131,3.75,0.2,0.5833333333333333,0.5,0.5177679681673911,-1.5362782560686374e-12,0.4822320338183332,-8.156258171963838e-13,78.80506657436614
1456,291.3942628418946,3.75,0.2,0.5833333333333333,0.5,0.51776796816875,-1.5244652884912029e-12,0.4822320338176592,-8.093471446868508e-13,78.80506657436614
1457,291.5943962641761,3.75,0.2,0.5833333333333333,0.5,0.517767968170109,-1.512652320913768e-12,0.4822320338169853,-8.030684721773175e-13,78.80506657436614
1458,291.7945296864576,3.75,0.2,0.5833333333333333,0.5,0.5177679681714679,-1.5008393533363334e-12,0.48223203381631136,-7.967897996677845e-13,78.80506657436614
1459,291.99466310873913,3.75,0.2,0.5833333333333333,0.5,0.5177679681728268,-1.4890263857588986e-12,0.48223203381563745,-7.905111271582513e-13,78.80506657436614
1460,292.19479653102064,3.75,0.2,0.5833333333333333,0.5,0.5177679681741857,-1.477213418181464e-12,0.4822320338149635,-7.842324546487183e-13,78.80506657436614
1461,292.3949299533022,3.75,0.2,0.5833333333333333,0.5,0.5177679681755446,-1.4654004506040259e-12,0.4822320338142896,-7.779537821391834e-13,78.80506657436614
1462,292.5950633755837,3.75,0.2,0.5833333333333333,0.5,0.5177679681769035,-1.4535874830265913e-12,0.4822320338136156,-7.716751096296503e-13,78.80506657436614
1463,292.79519679786523,3.75,0.2,0.5833333333333333,0.5,0.5177679681782624,-1.4417745154491566e-12,0.48223203381294166,-7.653964371201172e-13,78.80506657436614
1464,292.99533022014674,3.75,0.2,0.5833333333333333,0.5,0.5177679681796213,-1.429961547871722e-12,0.48223203381226776,-7.591177646105841e-13,78.80506657436614
1465,293.19546364242825,3.75,0.2,0.5833333333333333,0.5,0.5177679681809803,-1.4181485802942873e-12,0.4822320338115938,-7.528390921010509e-13,78.80506657436614
1466,293.3955970647098,3.75,0.2,0.5833333333333333,0.5,0.5177679681823392,-1.4063356127168495e-12,0.4822320338109199,-7.465604195915162e-13,78.80506657436614
1467,293.59573048699133,3.75,0.2,0.5833333333333333,0.5,0.5177679681836981,-1.3945226451394147e-12,0.48223203381024593,-7.40281747081983e-13,78.80506657436614
1468,293.79586390927284,3.75,0.2,0.5833333333333333,0.5,0.517767968185057,-1.38270967756198e-12,0.482232033809572,-7.340030745724499e-13,78.80506657436614
1469,293.99599733155435,3.75,0.2,0.5833333333333333,0.5,0.5177679681864159,-1.3708967099845452e-12,0.48223203380889806,-7.277244020629168e-13,78.80506657436614
1470,294.19613075383586,3.75,0.2,0.5833333333333333,0.5,0.5177679681877748,-1.3590837424071107e-12,0.48223203380822416,-7.214457295533838e-13,78.80506657436614
1471,294.3962641761174,3.75,0.2,0.5833333333333333,0.5,0.5177679681891337,-1.3472707748296725e-12,0.4822320338075502,-7.151670570438488e-13,78.80506657436614
1472,294.59639759839894,3.75,0.2,0.5833333333333333,0.5,0.5177679681904926,-1.335457807252238e-12,0.48223203380687624,-7.088883845343158e-13,78.80506657436614
1473,294.79653102068045,3.75,0.2,0.5833333333333333,0.5,0.5177679681918516,-1.3236448396748032e-12,0.48223203380620233,-7.026097120247826e-13,78.80506657436614
1474,294.99666444296196,3.75,0.2,0.5833333333333333,0.5,0.5177679681932105,-1.3118318720973687e-12,0.48223203380552837,-6.963310395152496e-13,78.80506657436614
1475,295.19679786524347,3.75,0.2,0.5833333333333333,0.5,0.5177679681945694,-1.300018904519934e-12,0.48223203380485447,-6.900523670057164e-13,78.80506657436614
1476,295.396931287525,3.75,0.2,0.5833333333333333,0.5,0.5177679681959283,-1.2882059369424991e-12,0.4822320338041805,-6.837736944961833e-13,78.80506657436614
1477,295.59706470980655,3.75,0.2,0.5833333333333333,0.5,0.5177679681972872,-1.2763929693650612e-12,0.4822320338035066,-6.774950219866485e-13,78.80506657436614
1478,295.79719813208806,3.75,0.2,0.5833333333333333,0.5,0.5177679681986461,-1.2645800017876266e-12,0.48223203380283264,-6.712163494771154e-13,78.80506657436614
1479,295.99733155436957,3.75,0.2,0.5833333333333333,0.5,0.517767968200005,-1.2527670342101919e-12,0.4822320338021587,-6.649376769675822e-13,78.80506657436614
1480,296.1974649766511,3.75,0.2,0.5833333333333333,0.5,0.517767968201364,-1.2409540666327573e-12,0.48223203380148477,-6.586590044580491e-13,78.80506657436614
1481,296.3975983989326,3.75,0.2,0.5833333333333333,0.5,0.5177679682027229,-1.2291410990553226e-12,0.4822320338008108,-6.52380331948516e-13,78.80506657436614
1482,296.59773182121415,3.75,0.2,0.5833333333333333,0.5,0.5177679682040818,-1.2173281314778846e-12,0.4822320338001369,-6.461016594389812e-13,78.80506657436614
1483,296.79786524349566,3.75,0.2,0.5833333333333333,0.5,0.5177679682054407,-1.2055151639004498e-12,0.48223203379946294,-6.39822986929448e-13,78.80506657436614
1484,296.9979986657772,3.75,0.2,0.5833333333333333,0.5,0.5177679682067996,-1.193702196323015e-12,0.48223203379878904,-6.33544314419915e-13,78.80506657436614
1485,297.1981320880587,3.75,0.2,0.5833333333333333,0.5,0.5177679682081585,-1.1818892287455803e-12,0.4822320337981151,-6.272656419103818e-13,78.80506657436614
1486,297.3982655103402,3.75,0.2,0.5833333333333333,0.5,0.5177679682095174,-1.1700762611681458e-12,0.4822320337974412,-6.209869694008488e-13,78.80506657436614
1487,297.59839893262176,3.75,0.2,0.5833333333333333,0.5,0.5177679682108763,-1.1582632935907078e-12,0.4822320337967672,-6.147082968913138e-13,78.80506657436614
1488,297.7985323549033,3.75,0.2,0.5833333333333333,0.5,0.5177679682122353,-1.1464503260132732e-12,0.48223203379609325,-6.084296243817808e-13,78.80506657436614
1489,297.9986657771848,3.75,0.2,0.5833333333333333,0.5,0.5177679682135942,-1.1346373584358385e-12,0.48223203379541935,-6.021509518722477e-13,78.80506657436614
1490,298.1987991994663,3.75,0.2,0.5833333333333333,0.5,0.5177679682149531,-1.1228243908584037e-12,0.4822320337947454,-5.958722793627146e-13,78.80506657436614
1491,298.3989326217478,3.75,0.2,0.5833333333333333,0.5,0.517767968216312,-1.111011423280969e-12,0.4822320337940715,-5.895936068531815e-13,78.80506657436614
1492,298.5990660440293,3.75,0.2,0.5833333333333333,0.5,0.5177679682176709,-1.0991984557035344e-12,0.4822320337933975,-5.833149343436484e-13,78.80506657436614
1493,298.7991994663109,3.75,0.2,0.5833333333333333,0.5,0.5177679682190298,-1.0873854881260963e-12,0.4822320337927236,-5.770362618341135e-13,78.80506657436614
1494,298.9993328885924,3.75,0.2,0.5833333333333333,0.5,0.5177679682203887,-1.0755725205486617e-12,0.48223203379204965,-5.707575893245804e-13,78.80506657436614
1495,299.1994663108739,3.75,0.2,0.5833333333333333,0.5,0.5177679682217476,-1.0637595529712272e-12,0.4822320337913757,-5.644789168150473e-13,78.80506657436614
1496,299.3995997331554,3.75,0.2,0.5833333333333333,0.5,0.5177679682231066,-1.0519465853937924e-12,0.4822320337907018,-5.582002443055141e-13,78.80506657436614
1497,299.5997331554369,3.75,0.2,0.5833333333333333,0.5,0.5177679682244655,-1.0401336178163576e-12,0.4822320337900278,-5.519215717959812e-13,78.80506657436614
1498,299.7998665777185,3.75,0.2,0.5833333333333333,0.5,0.5177679682258244,-1.0283206502389197e-12,0.4822320337893539,-5.456428992864462e-13,78.80506657436614
1499,300.0,3.75,0.2,0.5833333333333333,0.5,0.5177679682271833,-1.016507682661485e-12,0.48223203378867996,-5.393642267769131e-13,78.80506657436614
