,time,beta,alpha,sigma_D,sigma_C,S_c,S_d,I_c,I_d,R0
0,0.0,0.5,0.2,0.0,0.29166666666666663,0.09995999999999998,0.89964,3.999999999999999e-05,0.00036,1.8602022937958735
1,0.200133422281521,0.5,0.2,0.0,0.29166666666666663,0.09641626869535944,0.9031612971395724,4.519321700612474e-05,0.00037724094806217465,1.8602022937958735
2,0.400266844563042,0.5,0.2,0.0,0.29166666666666663,0.09298534883844349,0.9065686163017806,5.064345837843762e-05,0.0003953914013974471,1.8602022937958735
3,0.600400266844563,0.5,0.2,0.0,0.29166666666666663,0.08966455505614651,0.9098645783682727,5.635819523972152e-05,0.0004145083803411,1.8602022937958735
4,0.800533689126084,0.5,0.2,0.0,0.29166666666666663,0.08645122044884998,0.9130517816898909,6.234537230008804e-05,0.0004346524889591044,1.8602022937958735
5,1.0006671114076051,0.5,0.2,0.0,0.29166666666666663,0.08334268469362424,0.9161328117274191,6.861367465813973e-05,0.00045588990429841063,1.8602022937958735
6,1.200800533689126,0.5,0.2,0.0,0.29166666666666663,0.08033628577130685,0.919110256563423,7.517167827903387e-05,0.0004782859869909588,1.8602022937958735
7,1.400933955970647,0.5,0.2,0.0,0.29166666666666663,0.07742937779620292,0.9219866823486272,8.202862442139241e-05,0.0005019112307484192,1.8602022937958735
8,1.601067378252168,0.5,0.2,0.0,0.29166666666666663,0.07461934196164356,0.9247646181513711,8.919490416739695e-05,0.0005268449828178677,1.8602022937958735
9,1.801200800533689,0.5,0.2,0.0,0.29166666666666663,0.07190357190697531,0.9274465790998477,9.668107226365633e-05,0.000553167920913197,1.8602022937958735
10,2.0013342228152102,0.5,0.2,0.0,0.29166666666666663,0.06927949540441768,0.9300350380248006,0.00010449861035751674,0.0005809679604241609,1.8602022937958735
11,2.201467645096731,0.5,0.2,0.0,0.29166666666666663,0.0667445555648279,0.9325324496142289,0.00011265929709251177,0.0006103355238506429,1.8602022937958735
12,2.401601067378252,0.5,0.2,0.0,0.29166666666666663,0.064296243103292,0.9349412109420021,0.00012117601226959683,0.0006413699424361983,1.8602022937958735
13,2.601734489659773,0.5,0.2,0.0,0.29166666666666663,0.061932082286614606,0.9372636789751432,0.00013006232917321515,0.0006741764090688636,1.8602022937958735
14,2.801867911941294,0.5,0.2,0.0,0.29166666666666663,0.05964962410251184,0.9395021786404298,0.0001393323806368976,0.0007088648764213637,1.8602022937958735
15,3.002001334222815,0.5,0.2,0.0,0.29166666666666663,0.057446476319406865,0.9416589667768431,0.00014900147354981232,0.0007455554302002629,1.8602022937958735
16,3.202134756504336,0.5,0.2,0.0,0.29166666666666663,0.05532026076660496,0.9437362832564387,0.00015908520188795983,0.0007843707750684757,1.8602022937958735
17,3.402268178785857,0.5,0.2,0.0,0.29166666666666663,0.05326866900096306,0.9457362839742681,0.00016960059564925944,0.0008254464291196248,1.8602022937958735
18,3.602401601067378,0.5,0.2,0.0,0.29166666666666663,0.051289424507353146,0.9476610858278733,0.0001805653449364194,0.000868924319837129,1.8602022937958735
19,3.802535023348899,0.5,0.2,0.0,0.29166666666666663,0.04938030585345545,0.9495127391713415,0.0001919982816765153,0.0009149566935264929,1.8602022937958735
20,4.0026684456304205,0.5,0.2,0.0,0.29166666666666663,0.047539130582811645,0.9512932453165363,0.00020391914365872337,0.0009637049569933562,1.8602022937958735
21,4.202801867911941,0.5,0.2,0.0,0.29166666666666663,0.04576376973356288,0.9530045400203735,0.00021634882196106946,0.0010153414241025705,1.8602022937958735
22,4.402935290193462,0.5,0.2,0.0,0.29166666666666663,0.04405214089395485,0.9546485001713245,0.00022930929146510774,0.0010700496432556013,1.8602022937958735
23,4.603068712474983,0.5,0.2,0.0,0.29166666666666663,0.042402205932941105,0.9562269463700923,0.00024282357245083337,0.0011280241245158501,1.8602022937958735
24,4.803202134756504,0.5,0.2,0.0,0.29166666666666663,0.04081197828368241,0.9577416337249289,0.0002569159192915213,0.0011894720720971893,1.8602022937958735
25,5.003335557038025,0.5,0.2,0.0,0.29166666666666663,0.039279521828156395,0.9591942507949123,0.00027161192825653457,0.0012546154486747728,1.8602022937958735
26,5.203468979319546,0.5,0.2,0.0,0.29166666666666663,0.037802949047962275,0.9605864235975436,0.0002869383979686594,0.001323688956525343,1.8602022937958735
27,5.403602401601067,0.5,0.2,0.0,0.29166666666666663,0.03638042193789672,0.9619197097175018,0.00030292361929003676,0.0013969447253113167,1.8602022937958735
28,5.603735823882588,0.5,0.2,0.0,0.29166666666666663,0.03501015160432248,0.9631956018850668,0.00031959719174053986,0.0014746493188700848,1.8602022937958735
29,5.803869246164109,0.5,0.2,0.0,0.29166666666666663,0.03369039733257155,0.9644155221769671,0.00033699039200814514,0.0015570900984531876,1.8602022937958735
30,6.00400266844563,0.5,0.2,0.0,0.29166666666666663,0.032419467524261183,0.9655808265361878,0.00035513587729602036,0.0016445700622549518,1.8602022937958735
31,6.204136090727151,0.5,0.2,0.0,0.29166666666666663,0.031195719376988996,0.9666928039188256,0.0003740677468966938,0.0017374089572887088,1.8602022937958735
32,6.404269513008672,0.5,0.2,0.0,0.29166666666666663,0.03001755529622905,0.967752666898184,0.0003938222226989931,0.0018359555828879848,1.8602022937958735
33,6.604402935290193,0.5,0.2,0.0,0.29166666666666663,0.028883425928934742,0.9687615593366443,0.00041443708946818224,0.0019405776449528127,1.8602022937958735
34,6.804536357571714,0.5,0.2,0.0,0.29166666666666663,0.02779182989909741,0.9697205560798574,0.0004359517215540292,0.002051662299491114,1.8602022937958735
35,7.004669779853235,0.5,0.2,0.0,0.29166666666666663,0.02674130784131133,0.9706306528947047,0.00045840787789028047,0.002169631386093696,1.8602022937958735
36,7.204803202134756,0.5,0.2,0.0,0.29166666666666663,0.02573044687013393,0.9714927736669643,0.0004818491271382616,0.0022949303357635226,1.8602022937958735
37,7.404936624416277,0.5,0.2,0.0,0.29166666666666663,0.02475788070953083,0.9723077706547122,0.0005063208251682753,0.002428027810588694,1.8602022937958735
38,7.605070046697798,0.5,0.2,0.0,0.29166666666666663,0.023822282033113745,0.9730764129190198,0.0005318710001787748,0.002569434047687739,1.8602022937958735
39,7.805203468979319,0.5,0.2,0.0,0.29166666666666663,0.022922367584193512,0.9737993939915744,0.0005585497696336156,0.0027196886545984927,1.8602022937958735
40,8.005336891260841,0.5,0.2,0.0,0.29166666666666663,0.022056898908077133,0.9744773329115997,0.0005864092567497219,0.002879358923573505,1.8602022937958735
41,8.205470313542362,0.5,0.2,0.0,0.29166666666666663,0.021224673618409406,0.9751107598680014,0.0006155045825109792,0.003049061931078234,1.8602022937958735
42,8.405603735823883,0.5,0.2,0.0,0.29166666666666663,0.020424530576383767,0.975700124835093,0.0006458932776295906,0.003229451310893681,1.8602022937958735
43,8.605737158105404,0.5,0.2,0.0,0.29166666666666663,0.01965535137786129,0.9762457999811381,0.0006776351144319208,0.003421213526568683,1.8602022937958735
44,8.805870580386925,0.5,0.2,0.0,0.29166666666666663,0.018916051937959602,0.9767480635387965,0.0007107930839054524,0.0036250914393384332,1.8602022937958735
45,9.006004002668446,0.5,0.2,0.0,0.29166666666666663,0.018205585352368093,0.9772071054425758,0.0007454330619178362,0.0038418761431382718,1.8602022937958735
46,9.206137424949967,0.5,0.2,0.0,0.29166666666666663,0.01752294283005606,0.9776230280571162,0.0007816237178252159,0.004072405395002543,1.8602022937958735
47,9.406270847231488,0.5,0.2,0.0,0.29166666666666663,0.016867149318018644,0.9779958352162215,0.000819437061596082,0.004317578404163737,1.8602022937958735
48,9.606404269513009,0.5,0.2,0.0,0.29166666666666663,0.01623726720459048,0.9783254422892349,0.0008589479677493396,0.004578342538425289,1.8602022937958735
49,9.80653769179453,0.5,0.2,0.0,0.29166666666666663,0.015632390127885525,0.9786116581606941,0.0009002349778496078,0.004855716733570835,1.8602022937958735
50,10.00667111407605,0.5,0.2,0.0,0.29166666666666663,0.01505164566719972,0.9788541931814898,0.0009433799510207453,0.005150781200289794,1.8602022937958735
51,10.206804536357572,0.5,0.2,0.0,0.29166666666666663,0.014494194319101813,0.9790526544785336,0.0009884682183614194,0.005464682984003086,1.8602022937958735
52,10.406937958639093,0.5,0.2,0.0,0.29166666666666663,0.013959225512463678,0.9792065317173138,0.0010355891322658582,0.005798653637956627,1.8602022937958735
53,10.607071380920614,0.5,0.2,0.0,0.29166666666666663,0.013445962236826987,0.9793152142798234,0.0010848354195071633,0.006153988063842398,1.8602022937958735
54,10.807204803202135,0.5,0.2,0.0,0.29166666666666663,0.012953653527197455,0.9793779584852003,0.001136304249364895,0.006532083738237265,1.8602022937958735
55,11.007338225483656,0.5,0.2,0.0,0.29166666666666663,0.012481580163383604,0.9793939133437223,0.001190096420341125,0.006934410072552886,1.8602022937958735
56,11.207471647765177,0.5,0.2,0.0,0.29166666666666663,0.012029050607809382,0.9793621001958832,0.001246316940337157,0.00736253225597009,1.8602022937958735
57,11.407605070046698,0.5,0.2,0.0,0.29166666666666663,0.011595398976720149,0.9792814010236609,0.0013050753168621797,0.007818124682756574,1.8602022937958735
58,11.607738492328219,0.5,0.2,0.0,0.29166666666666663,0.011179986858642792,0.97915056928736,0.0013664852967630171,0.00830295855723394,1.8602022937958735
59,11.80787191460974,0.5,0.2,0.0,0.29166666666666663,0.010782201857657017,0.9789682164020053,0.0014306650677603696,0.008818916672577039,1.8602022937958735
60,12.00800533689126,0.5,0.2,0.0,0.29166666666666663,0.010401456454616455,0.9787328045978194,0.0014977374192838182,0.009368001528280016,1.8602022937958735
61,12.208138759172781,0.5,0.2,0.0,0.29166666666666663,0.010037186147367583,0.9784426405043504,0.0015678300072317307,0.009952343341049982,1.8602022937958735
62,12.408272181454302,0.5,0.2,0.0,0.29166666666666663,0.009688851554188877,0.9780958759626273,0.0016410749299047218,0.010574197553278833,1.8602022937958735
63,12.608405603735823,0.5,0.2,0.0,0.29166666666666663,0.009355936571805907,0.9776904992704283,0.0017176090154111486,0.01123595514235433,1.8602022937958735
64,12.808539026017344,0.5,0.2,0.0,0.29166666666666663,0.009037946831594637,0.9772243267784181,0.0017975740359141854,0.011940152354072664,1.8602022937958735
65,13.008672448298865,0.5,0.2,0.0,0.29166666666666663,0.008734409911991842,0.9766949949508411,0.0018811164243620997,0.01268947871280448,1.8602022937958735
66,13.208805870580386,0.5,0.2,0.0,0.29166666666666663,0.008444874385378668,0.9760999563120122,0.0019683874958857867,0.013486781806722843,1.8602022937958735
67,13.408939292861907,0.5,0.2,0.0,0.29166666666666663,0.00816890920061957,0.975436472550661,0.0020595434239813522,0.014335074824737497,1.8602022937958735
68,13.609072715143428,0.5,0.2,0.0,0.29166666666666663,0.007906103381968161,0.9747016044213861,0.002154744879594267,0.015237547317050888,1.8602022937958735
69,13.80920613742495,0.5,0.2,0.0,0.29166666666666663,0.007656065128500482,0.9738922078780136,0.002254157341892465,0.016197569651592934,1.8602022937958735
70,14.00933955970647,0.5,0.2,0.0,0.29166666666666663,0.00741842133538944,0.9730049265677414,0.0023579508200756855,0.017218701276792932,1.8602022937958735
71,14.209472981987991,0.5,0.2,0.0,0.29166666666666663,0.007192817211357206,0.9720361844219365,0.0024662993282298564,0.018304699038475772,1.8602022937958735
72,14.409606404269512,0.5,0.2,0.0,0.29166666666666663,0.006978915456791095,0.9709821792494712,0.0025793813126238434,0.01945952398111334,1.8602022937958735
73,14.609739826551033,0.5,0.2,0.0,0.29166666666666663,0.006776395870830973,0.9698388777190126,0.0026973788133711806,0.020687347596784728,1.8602022937958735
74,14.809873248832554,0.5,0.2,0.0,0.29166666666666663,0.006584954833678754,0.9686020094959684,0.002820477057349029,0.02199255861300323,1.8602022937958735
75,15.010006671114075,0.5,0.2,0.0,0.29166666666666663,0.0064043045678443475,0.9672670578970787,0.00294886509898008,0.023379772436096458,1.8602022937958735
76,15.210140093395596,0.5,0.2,0.0,0.29166666666666663,0.006234172659769171,0.9658292554440858,0.0030827351609250225,0.024853836735219535,1.8602022937958735
77,15.410273515677117,0.5,0.2,0.0,0.29166666666666663,0.006074301819975168,0.9642835940637463,0.003222280022545171,0.026419824093732912,1.8602022937958735
78,15.610406937958638,0.5,0.2,0.0,0.29166666666666663,0.005924449101753607,0.962624807624571,0.0033676944215059288,0.02808304885216892,1.8602022937958735
79,15.810540360240159,0.5,0.2,0.0,0.29166666666666663,0.0057843853194765645,0.9608473646734542,0.003519174975751378,0.02984907503131736,1.8602022937958735
80,16.010673782521682,0.5,0.2,0.0,0.29166666666666663,0.005653894569354938,0.9589454746481273,0.0036769186880459526,0.03172371209447145,1.8602022937958735
81,16.210807204803203,0.5,0.2,0.0,0.29166666666666663,0.005532773717804779,0.956913113945598,0.003841119972887737,0.03371299236370912,1.8602022937958735
82,16.410940627084724,0.5,0.2,0.0,0.29166666666666663,0.005420831837455087,0.954743999317929,0.0040119720644261146,0.03582319678018945,1.8602022937958735
83,16.611074049366245,0.5,0.2,0.0,0.29166666666666663,0.005317889553424509,0.9524316050263283,0.004189665416761527,0.03806084000348534,1.8602022937958735
84,16.811207471647766,0.5,0.2,0.0,0.29166666666666663,0.005223778447620581,0.9499691692440552,0.004374386672555446,0.040432665635768424,1.8602022937958735
85,17.011340893929287,0.5,0.2,0.0,0.29166666666666663,0.0051383405865624305,0.9473496905494055,0.004566317864491582,0.04294565099954008,1.8602022937958735
86,17.211474316210808,0.5,0.2,0.0,0.29166666666666663,0.0050614278303454325,0.9445659744156956,0.004765633398838683,0.04560696435512,1.8602022937958735
87,17.41160773849233,0.5,0.2,0.0,0.29166666666666663,0.004992901217257972,0.9416106312671878,0.004972499631595708,0.04842396788395832,1.8602022937958735
88,17.61174116077385,0.5,0.2,0.0,0.29166666666666663,0.004932630302362203,0.9384761000314575,0.005187073174454949,0.051404196491725125,1.8602022937958735
89,17.81187458305537,0.5,0.2,0.0,0.29166666666666663,0.004880492536960296,0.9351546740655569,0.005409499201797811,0.054555334195684764,1.8602022937958735
90,18.01200800533689,0.5,0.2,0.0,0.29166666666666663,0.004836372551790746,0.9316385331892693,0.005639909553032243,0.05788518470590742,1.8602022937958735
91,18.212141427618413,0.5,0.2,0.0,0.29166666666666663,0.004800161467120094,0.9279197789241804,0.0058784208710364015,0.06140163873766282,1.8602022937958735
92,18.412274849899934,0.5,0.2,0.0,0.29166666666666663,0.004771756182361901,0.9239904750737444,0.006125132663219784,0.0651126360806735,1.8602022937958735
93,18.612408272181455,0.5,0.2,0.0,0.29166666666666663,0.004751058627866051,0.9198426957154623,0.006380125249381461,0.06902612040728988,1.8602022937958735
94,18.812541694462976,0.5,0.2,0.0,0.29166666666666663,0.00473797509162654,0.9154685720344804,0.006643457917426807,0.07314999495646587,1.8602022937958735
95,19.012675116744497,0.5,0.2,0.0,0.29166666666666663,0.004732415533046542,0.910860347243416,0.006915167074405051,0.07749207014913204,1.8602022937958735
96,19.212808539026017,0.5,0.2,0.0,0.29166666666666663,0.004734292458139869,0.9060104623450448,0.007195263207503389,0.08205998198931164,1.8602022937958735
97,19.41294196130754,0.5,0.2,0.0,0.29166666666666663,0.004743520631347127,0.9009116015568016,0.0074837302514204765,0.0868611475604305,1.8602022937958735
98,19.61307538358906,0.5,0.2,0.0,0.29166666666666663,0.004760016151406558,0.895556773415301,0.007780523206449064,0.09190268722684304,1.8602022937958735
99,19.81320880587058,0.5,0.2,0.0,0.29166666666666663,0.0047836957375998555,0.8899393979231335,0.008085566559477453,0.09719133977978886,1.8602022937958735
100,20.0133422281521,0.5,0.2,0.0,0.29166666666666663,0.004814476030959985,0.8840533887869805,0.008398752767169946,0.10273338241488923,1.8602022937958735
101,20.213475650433622,0.5,0.2,0.0,0.29166666666666663,0.004852272925756659,0.8778932458043196,0.008719940991309523,0.1085345402786139,1.8602022937958735
102,20.413609072715143,0.5,0.2,0.0,0.29166666666666663,0.004897000977471395,0.8714541514768487,0.00904895635078626,0.11459989119489333,1.8602022937958735
103,20.613742494996664,0.5,0.2,0.0,0.29166666666666663,0.004948572799106144,0.8647320656472106,0.009385589087768733,0.12093377246591426,1.8602022937958735
104,20.813875917278185,0.5,0.2,0.0,0.29166666666666663,0.005006898602790319,0.8577238301059616,0.009729594702610337,0.12753967658863738,1.8602022937958735
105,21.014009339559706,0.5,0.2,0.0,0.29166666666666663,0.005071885658091909,0.8504272640751629,0.010080693503690499,0.1344201567630543,1.8602022937958735
106,21.214142761841227,0.5,0.2,0.0,0.29166666666666663,0.00514343810405364,0.842841268138545,0.010438572376133775,0.14157672138126723,1.8602022937958735
107,21.41427618412275,0.5,0.2,0.0,0.29166666666666663,0.005221456585002748,0.8349659305442996,0.010802885482880654,0.1490097273878166,1.8602022937958735
108,21.61440960640427,0.5,0.2,0.0,0.29166666666666663,0.005305838116698301,0.8268025978410369,0.011173255932598,0.15671830810966636,1.8602022937958735
109,21.81454302868579,0.5,0.2,0.0,0.29166666666666663,0.005396476023480063,0.8183539858478516,0.01154927835209209,0.1647002597765759,1.8602022937958735
110,22.01467645096731,0.5,0.2,0.0,0.29166666666666663,0.005493260026518146,0.809624237778466,0.011930521827142894,0.17295198036787254,1.8602022937958735
111,22.214809873248832,0.5,0.2,0.0,0.29166666666666663,0.0055960763787752275,0.8006190089498232,0.012316533340136286,0.18146838133126497,1.8602022937958735
112,22.414943295530353,0.5,0.2,0.0,0.29166666666666663,0.0057048081978995,0.7913455072036546,0.012706841877359218,0.19024284272108632,1.8602022937958735
113,22.615076717811874,0.5,0.2,0.0,0.29166666666666663,0.005819335848886194,0.7818125457071523,0.013100963014936053,0.19926715542902507,1.8602022937958735
114,22.815210140093395,0.5,0.2,0.0,0.29166666666666663,0.005939537452912017,0.7720305549181503,0.01349840375069538,0.20853150387824185,1.8602022937958735
115,23.015343562374916,0.5,0.2,0.0,0.29166666666666663,0.006065289516252314,0.7620115948915163,0.013898668063303444,0.21802444752892755,1.8602022937958735
116,23.215476984656437,0.5,0.2,0.0,0.29166666666666663,0.006196467600323314,0.7517693348477028,0.014301262324641174,0.22773293522733234,1.8602022937958735
117,23.415610406937958,0.5,0.2,0.0,0.29166666666666663,0.00633294712288038,0.7413190174386531,0.014705701311439738,0.23764233412702623,1.8602022937958735
118,23.61574382921948,0.5,0.2,0.0,0.29166666666666663,0.006474604166975151,0.7306774015074967,0.015111513971456625,0.2477364803540711,1.8602022937958735
119,23.815877251501,0.5,0.2,0.0,0.29166666666666663,0.006621316347838716,0.7198626758496766,0.015518249182400141,0.2579977586200841,1.8602022937958735
120,24.01601067378252,0.5,0.2,0.0,0.29166666666666663,0.006772963778575751,0.7088943628007155,0.015925481973836034,0.2684071914468722,1.8602022937958735
121,24.216144096064042,0.5,0.2,0.0,0.29166666666666663,0.006929429819033996,0.6977931902452474,0.0163328179585191,0.2789445619771989,1.8602022937958735
122,24.416277518345563,0.5,0.2,0.0,0.29166666666666663,0.007090602050986509,0.6865809352872471,0.016739898836929175,0.2895885638248368,1.8602022937958735
123,24.616410940627084,0.5,0.2,0.0,0.29166666666666663,0.007256373076313865,0.6752802844218986,0.017146406949487072,0.30031693555230005,1.8602022937958735
124,24.816544362908605,0.5,0.2,0.0,0.29166666666666663,0.00742664127396587,0.6639146422308511,0.017552068918509658,0.311106647576673,1.8602022937958735
125,25.016677785190126,0.5,0.2,0.0,0.29166666666666663,0.007601311498002419,0.6525079345123531,0.017956658751993104,0.3219340952376509,1.8602022937958735
126,25.216811207471647,0.5,0.2,0.0,0.29166666666666663,0.007780295699564722,0.6410844315770678,0.01836000057689772,0.3327752721464691,1.8602022937958735
127,25.416944629753168,0.5,0.2,0.0,0.29166666666666663,0.007963513383252614,0.6296685136069088,0.018761969731175054,0.343606003278663,1.8602022937958735
128,25.61707805203469,0.5,0.2,0.0,0.29166666666666663,0.008150892052399666,0.6182844859220047,0.01916249415967457,0.35440212786592057,1.8602022937958735
129,25.81721147431621,0.5,0.2,0.0,0.29166666666666663,0.008342367427364123,0.606956359248818,0.01956155392815935,0.3651397193956581,1.8602022937958735
130,26.01734489659773,0.5,0.2,0.0,0.29166666666666663,0.008537883646459939,0.5957076519254562,0.019959180733698074,0.37579528369438536,1.8602022937958735
131,26.21747831887925,0.5,0.2,0.0,0.29166666666666663,0.008737393332085178,0.5845612018191834,0.020355456562091267,0.3863459482866398,1.8602022937958735
132,26.417611741160773,0.5,0.2,0.0,0.29166666666666663,0.008940857462964247,0.5735389801942845,0.020750511037530724,0.3967696513052202,1.8602022937958735
133,26.617745163442294,0.5,0.2,0.0,0.29166666666666663,0.009148245352564935,0.5626619303625925,0.021144519473334802,0.40704530481150736,1.8602022937958735
134,26.817878585723815,0.5,0.2,0.0,0.29166666666666663,0.009359534287538248,0.5519498216671461,0.021537698900697667,0.41715294514461765,1.8602022937958735
135,27.018012008005336,0.5,0.2,0.0,0.29166666666666663,0.009574709311196536,0.5414211166851829,0.02193030496495154,0.42707386903866873,1.8602022937958735
136,27.218145430286857,0.5,0.2,0.0,0.29166666666666663,0.009793762831289778,0.5310928687790297,0.022322627862952506,0.4367907405267276,1.8602022937958735
137,27.418278852568378,0.5,0.2,0.0,0.29166666666666663,0.010016694182684579,0.5209806387234931,0.022714988046587305,0.4462876790472349,1.8602022937958735
138,27.6184122748499,0.5,0.2,0.0,0.29166666666666663,0.010243509258741667,0.5110984213518579,0.02310773233220615,0.4555503370571941,1.8602022937958735
139,27.81854569713142,0.5,0.2,0.0,0.29166666666666663,0.010474219985398683,0.5014586220867023,0.023501229325293166,0.4645659286026056,1.8602022937958735
140,28.01867911941294,0.5,0.2,0.0,0.29166666666666663,0.010708843906355703,0.49207201846159165,0.023895865365175524,0.47332327226687687,1.8602022937958735
141,28.21881254169446,0.5,0.2,0.0,0.29166666666666663,0.010947403720721878,0.48294777521346505,0.024292040459246083,0.4818127806065666,1.8602022937958735
142,28.418945963975982,0.5,0.2,0.0,0.29166666666666663,0.01118992684124929,0.47409345883360604,0.02469016432747748,0.49002644999766687,1.8602022937958735
143,28.619079386257503,0.5,0.2,0.0,0.29166666666666663,0.011436444988812243,0.4655150683835212,0.025090652742827305,0.497957833884839,1.8602022937958735
144,28.819212808539024,0.5,0.2,0.0,0.29166666666666663,0.011686993828918798,0.45721710016269684,0.02549392429934589,0.5056019817090383,1.8602022937958735
145,29.019346230820545,0.5,0.2,0.0,0.29166666666666663,0.011941612584559474,0.4492025955714716,0.02590039699242429,0.5129553948515444,1.8602022937958735
146,29.219479653102066,0.5,0.2,0.0,0.29166666666666663,0.012200343797415669,0.44147323371639885,0.026310485916189265,0.520015936569996,1.8602022937958735
147,29.419613075383587,0.5,0.2,0.0,0.29166666666666663,0.012463233055690208,0.4340294132998236,0.026724600773247377,0.5267827528712385,1.8602022937958735
148,29.61974649766511,0.5,0.2,0.0,0.29166666666666663,0.012730328683631057,0.42687032988742407,0.02714314321873314,0.5332561982102114,1.8602022937958735
149,29.81987991994663,0.5,0.2,0.0,0.29166666666666663,0.01300168163838255,0.4199940756513056,0.02756650556827509,0.5394377371420365,1.8602022937958735
150,30.02001334222815,0.5,0.2,0.0,0.29166666666666663,0.01327734534102135,0.41339773887846665,0.02799506921445529,0.5453298465660564,1.8602022937958735
151,30.22014676450967,0.5,0.2,0.0,0.29166666666666663,0.01355737556776148,0.40707752745683773,0.02842920358185121,0.5509358933935493,1.8602022937958735
152,30.420280186791192,0.5,0.2,0.0,0.29166666666666663,0.013841830338622423,0.4010288296683008,0.028869264914261075,0.5562600750788156,1.8602022937958735
153,30.620413609072713,0.5,0.2,0.0,0.29166666666666663,0.014130769875653653,0.39524632845595087,0.029315595773842122,0.5613073058945531,1.8602022937958735
154,30.820547031354234,0.5,0.2,0.0,0.29166666666666663,0.014424256593294929,0.3897241134217554,0.029768524817058183,0.5660831051678913,1.8602022937958735
155,31.020680453635755,0.5,0.2,0.0,0.29166666666666663,0.014722355023416699,0.3844557393757085,0.030228366116268193,0.5705935394846063,1.8602022937958735
156,31.220813875917276,0.5,0.2,0.0,0.29166666666666663,0.01502513184128526,0.37943432954772616,0.030695419378829684,0.5748451192321586,1.8602022937958735
157,31.420947298198797,0.5,0.2,0.0,0.29166666666666663,0.015332655879025195,0.37465266355398114,0.031169970165608116,0.5788447104013853,1.8602022937958735
158,31.621080720480318,0.5,0.2,0.0,0.29166666666666663,0.01564499808560091,0.3701032376745524,0.03165228977327726,0.5825994744665692,1.8602022937958735
159,31.82121414276184,0.5,0.2,0.0,0.29166666666666663,0.015962231601657866,0.3657783421238055,0.03214263579156847,0.5861167904829678,1.8602022937958735
160,32.021347565043364,0.5,0.2,0.0,0.29166666666666663,0.016284431791448645,0.3616701258991803,0.03264125252582643,0.5894041897835444,1.8602022937958735
161,32.22148098732488,0.5,0.2,0.0,0.29166666666666663,0.01661167622411245,0.3577706535409605,0.03314837130904685,0.59246929892588,1.8602022937958735
162,32.421614409606406,0.5,0.2,0.0,0.29166666666666663,0.016944044701794857,0.3540719558216134,0.033664211224495456,0.5953197882520961,1.8602022937958735
163,32.62174783188792,0.5,0.2,0.0,0.29166666666666663,0.017281619269103498,0.35056607699975373,0.03418897965757319,0.5979633240735694,1.8602022937958735
164,32.82188125416945,0.5,0.2,0.0,0.29166666666666663,0.017624484215992355,0.34724511799409624,0.03472287281281931,0.6004075249770919,1.8602022937958735
165,33.022014676450965,0.5,0.2,0.0,0.29166666666666663,0.01797272611260393,0.34410126961277077,0.03526607641081792,0.6026599278638073,1.8602022937958735
166,33.22214809873249,0.5,0.2,0.0,0.29166666666666663,0.018326433798558455,0.3411268452709371,0.03581876628767195,0.6047279546428322,1.8602022937958735
167,33.42228152101401,0.5,0.2,0.0,0.29166666666666663,0.018685698370210103,0.3383143093421378,0.03638110899196341,0.6066188832956885,1.8602022937958735
168,33.62241494329553,0.5,0.2,0.0,0.29166666666666663,0.019050613168297266,0.33565629482573733,0.036953262424011785,0.6083398295819533,1.8602022937958735
169,33.82254836557705,0.5,0.2,0.0,0.29166666666666663,0.019421273767063655,0.3331456247676527,0.03753537641175338,0.60989772505353,1.8602022937958735
170,34.02268178785857,0.5,0.2,0.0,0.29166666666666663,0.019797777954369027,0.3307753283638606,0.03812759327755018,0.61129930040422,1.8602022937958735
171,34.22281521014009,0.5,0.2,0.0,0.29166666666666663,0.020180225686384213,0.3285386492917733,0.03873004838537159,0.6125510766364707,1.8602022937958735
172,34.422948632421615,0.5,0.2,0.0,0.29166666666666663,0.02056871906082045,0.32642905683923146,0.0393428706679016,0.6136593534320463,1.8602022937958735
173,34.62308205470313,0.5,0.2,0.0,0.29166666666666663,0.02096336228038662,0.32444025238493235,0.03996618311488998,0.6146302022197907,1.8602022937958735
174,34.82321547698466,0.5,0.2,0.0,0.29166666666666663,0.02136426163125433,0.3225661717683611,0.040600103180075904,0.6154694634203084,1.8602022937958735
175,35.023348899266175,0.5,0.2,0.0,0.29166666666666663,0.021771525436398414,0.3208009891406864,0.04124474324064654,0.6161827421822683,1.8602022937958735
176,35.2234823215477,0.5,0.2,0.0,0.29166666666666663,0.022185264008029677,0.3191391167430318,0.04190021098027996,0.6167754082686582,1.8602022937958735
177,35.42361574382922,0.5,0.2,0.0,0.29166666666666663,0.022605589569220513,0.3175752022546169,0.042566609754645296,0.6172525984215169,1.8602022937958735
178,35.62374916611074,0.5,0.2,0.0,0.29166666666666663,0.023032616231903977,0.31610412782680924,0.04324403892515469,0.6176192170161318,1.8602022937958735
179,35.82388258839226,0.5,0.2,0.0,0.29166666666666663,0.023466459945807996,0.3147210060359127,0.04393259413577248,0.6178799398825064,1.8602022937958735
180,36.02401601067378,0.5,0.2,0.0,0.29166666666666663,0.02390723845679101,0.3134211754436217,0.04463236756155649,0.6180392185380305,1.8602022937958735
181,36.2241494329553,0.5,0.2,0.0,0.29166666666666663,0.02435507124718163,0.31220019550820516,0.045343448175504064,0.6181012850691089,1.8602022937958735
182,36.424282855236825,0.5,0.2,0.0,0.29166666666666663,0.024810079482505742,0.31105384037254924,0.046065921937393756,0.6180701582075511,1.8602022937958735
183,36.62441627751834,0.5,0.2,0.0,0.29166666666666663,0.025272385964171265,0.3099780925627462,0.046799871974491904,0.6179496494985904,1.8602022937958735
184,36.82454969979987,0.5,0.2,0.0,0.29166666666666663,0.025742115085652745,0.30896913643383805,0.047545378740372526,0.6177433697401364,1.8602022937958735
185,37.024683122081385,0.5,0.2,0.0,0.29166666666666663,0.026219392770796303,0.30802335122291785,0.04830252014262952,0.6174547358636561,1.8602022937958735
186,37.22481654436291,0.5,0.2,0.0,0.29166666666666663,0.026704346425297752,0.30713730377092485,0.049071371657600935,0.6170869781461763,1.8602022937958735
187,37.42494996664443,0.5,0.2,0.0,0.29166666666666663,0.02719710488731294,0.3063077412125541,0.049852006419812404,0.6166431474803203,1.8602022937958735
188,37.62508338892595,0.5,0.2,0.0,0.29166666666666663,0.027697798400764865,0.30553158400596,0.05064449525524486,0.61612612233803,1.8602022937958735
189,37.82521681120747,0.5,0.2,0.0,0.29166666666666663,0.02820655855943458,0.3048059184154262,0.05144890674489508,0.6155386162802439,1.8602022937958735
190,38.02535023348899,0.5,0.2,0.0,0.29166666666666663,0.02872351826270803,0.3041279893175139,0.052265307249921886,0.614883185169856,1.8602022937958735
191,38.22548365577051,0.5,0.2,0.0,0.29166666666666663,0.02924881165009195,0.3034951930897177,0.05309376093938084,0.6141622343208093,1.8602022937958735
192,38.425617078052035,0.5,0.2,0.0,0.29166666666666663,0.02978257407190484,0.30290507048894255,0.053934329774481204,0.6133780256646711,1.8602022937958735
193,38.62575050033355,0.5,0.2,0.0,0.29166666666666663,0.030324942044868384,0.3023552999417394,0.054787073488162794,0.6125326845252291,1.8602022937958735
194,38.82588392261508,0.5,0.2,0.0,0.29166666666666663,0.0308760532189315,0.30184369112248066,0.05565204954033853,0.6116282061182491,1.8602022937958735
195,39.026017344896594,0.5,0.2,0.0,0.29166666666666663,0.03143604632263983,0.3013681781727228,0.05652931308632509,0.610666462418312,1.8602022937958735
196,39.22615076717812,0.5,0.2,0.0,0.29166666666666663,0.03200506112057706,0.3009268136596741,0.057418916917163935,0.6096492083025847,1.8602022937958735
197,39.426284189459636,0.5,0.2,0.0,0.29166666666666663,0.032583238374481155,0.3005177624867432,0.05832091138776711,0.6085780877510083,1.8602022937958735
198,39.62641761174116,0.5,0.2,0.0,0.29166666666666663,0.033170719808768144,0.3001392959192992,0.05923534433120125,0.6074546399407312,1.8602022937958735
199,39.82655103402268,0.5,0.2,0.0,0.29166666666666663,0.03376764806437763,0.29978978607134527,0.060162260973304044,0.6062803048909728,1.8602022937958735
200,40.0266844563042,0.5,0.2,0.0,0.29166666666666663,0.034374166628231534,0.29946770123598526,0.06110170386080149,0.6050564282749815,1.8602022937958735
201,40.22681787858572,0.5,0.2,0.0,0.29166666666666663,0.03499041981993304,0.29917159988398606,0.06205371272904488,0.6037842675670358,1.8602022937958735
202,40.426951300867245,0.5,0.2,0.0,0.29166666666666663,0.035616552741982097,0.29890012579450137,0.06301832439522657,0.6024649970682899,1.8602022937958735
203,40.62708472314876,0.5,0.2,0.0,0.29166666666666663,0.036252711230556796,0.29865200407345743,0.06399557263902285,0.6010997120569629,1.8602022937958735
204,40.82721814543029,0.5,0.2,0.0,0.29166666666666663,0.03689904181108133,0.29842603662325046,0.06498548807624954,0.5996894334894186,1.8602022937958735
205,41.027351567711804,0.5,0.2,0.0,0.29166666666666663,0.03755569165519364,0.2982210974574532,0.0659880980271263,0.5982351128602269,1.8602022937958735
206,41.22748498999333,0.5,0.2,0.0,0.29166666666666663,0.03822280853080482,0.2980361289105985,0.06700342637862537,0.5967376361799713,1.8602022937958735
207,41.427618412274846,0.5,0.2,0.0,0.29166666666666663,0.03890054074188336,0.297870137822654,0.06803149344259189,0.5951978279928709,1.8602022937958735
208,41.62775183455637,0.5,0.2,0.0,0.29166666666666663,0.0395890370876785,0.2977221919732826,0.06907231580976415,0.5936164551292749,1.8602022937958735
209,41.82788525683789,0.5,0.2,0.0,0.29166666666666663,0.04028844680693189,0.29759141669841815,0.07012590620049981,0.5919942302941503,1.8602022937958735
210,42.02801867911941,0.5,0.2,0.0,0.29166666666666663,0.04099891952205739,0.29747699149184986,0.07119227330233949,0.5903318156837535,1.8602022937958735
211,42.22815210140093,0.5,0.2,0.0,0.29166666666666663,0.041720605181505534,0.2973781469695989,0.07227142161282901,0.5886298262360666,1.8602022937958735
212,42.428285523682455,0.5,0.2,0.0,0.29166666666666663,0.0424536539996327,0.2972941621281461,0.07336335128516726,0.586888832587054,1.8602022937958735
213,42.62841894596397,0.5,0.2,0.0,0.29166666666666663,0.043198216395504994,0.29722436154722387,0.07446805795969129,0.58510936409758,1.8602022937958735
214,42.8285523682455,0.5,0.2,0.0,0.29166666666666663,0.04395444293382768,0.2971681126534924,0.0755855325828631,0.583291911829817,1.8602022937958735
215,43.028685790527014,0.5,0.2,0.0,0.29166666666666663,0.04472248425412158,0.29712482345626673,0.07671576125033303,0.5814369310392788,1.8602022937958735
216,43.22881921280854,0.5,0.2,0.0,0.29166666666666663,0.04550249100306938,0.2970939402284797,0.07785872503196584,0.5795448437364853,1.8602022937958735
217,43.428952635090056,0.5,0.2,0.0,0.29166666666666663,0.04629461375874861,0.2970749452721918,0.07901439979688672,0.577616041172173,1.8602022937958735
218,43.62908605737158,0.5,0.2,0.0,0.29166666666666663,0.04709900295496469,0.2970673548720254,0.08018275603827103,0.575650886134739,1.8602022937958735
219,43.8292194796531,0.5,0.2,0.0,0.29166666666666663,0.047915808805098145,0.2970707174084294,0.08136375869738083,0.5736497150890917,1.8602022937958735
220,44.02935290193462,0.5,0.2,0.0,0.29166666666666663,0.048745181219258985,0.297084611524174,0.08255736698492458,0.5716128402716424,1.8602022937958735
221,44.22948632421614,0.5,0.2,0.0,0.29166666666666663,0.04958726972469383,0.29710864449059227,0.08376353419302907,0.5695405515916848,1.8602022937958735
222,44.429619746497664,0.5,0.2,0.0,0.29166666666666663,0.05044222337210318,0.2971424505169334,0.08498220752421934,0.5674331185867442,1.8602022937958735
223,44.62975316877918,0.5,0.2,0.0,0.29166666666666663,0.051310190645245904,0.29718568926941047,0.08621332790851322,0.5652907921768304,1.8602022937958735
224,44.829886591060706,0.5,0.2,0.0,0.29166666666666663,0.0521913193652536,0.2972380444986695,0.08745682982073785,0.563113806315339,1.8602022937958735
225,45.030020013342224,0.5,0.2,0.0,0.29166666666666663,0.05308575659162492,0.2972992226834907,0.08871264110011047,0.560902379624774,1.8602022937958735
226,45.23015343562375,0.5,0.2,0.0,0.29166666666666663,0.05399364851957958,0.29736895171997174,0.08998068277095339,0.5586567169894954,1.8602022937958735
227,45.430286857905266,0.5,0.2,0.0,0.29166666666666663,0.05491514037302889,0.2974469797514051,0.09126086886173847,0.5563770110138277,1.8602022937958735
228,45.63042028018679,0.5,0.2,0.0,0.29166666666666663,0.05585037629252819,0.2975330741052369,0.09255310622529998,0.554063443376935,1.8602022937958735
229,45.83055370246831,0.5,0.2,0.0,0.29166666666666663,0.05679949921683091,0.29762702041139943,0.09385729435967478,0.551716186012095,1.8602022937958735
230,46.03068712474983,0.5,0.2,0.0,0.29166666666666663,0.05776265076900341,0.2977286214361692,0.09517332522820252,0.549335402566625,1.8602022937958735
231,46.23082054703135,0.5,0.2,0.0,0.29166666666666663,0.05873997113202858,0.2978376962722394,0.09650108308076655,0.5469212495149657,1.8602022937958735
232,46.430953969312874,0.5,0.2,0.0,0.29166666666666663,0.059731598921166244,0.2979540795269983,0.09784044427664283,0.5444738772751929,1.8602022937958735
233,46.63108739159439,0.5,0.2,0.0,0.29166666666666663,0.060737671039559106,0.2980776201731468,0.09919127713610869,0.5419934316511856,1.8602022937958735
234,46.831220813875916,0.5,0.2,0.0,0.29166666666666663,0.061758322551673774,0.29820818115330244,0.10055344174481042,0.5394800545502136,1.8602022937958735
235,47.03135423615743,0.5,0.2,0.0,0.29166666666666663,0.06279368654527985,0.2983456388254028,0.10192678977494193,0.5369338848543757,1.8602022937958735
236,47.23148765843896,0.5,0.2,0.0,0.29166666666666663,0.06384389398437362,0.2984898823238894,0.10331116431797639,0.5343550593737607,1.8602022937958735
237,47.431621080720475,0.5,0.2,0.0,0.29166666666666663,0.06490907354529989,0.29864081251223806,0.10470639974857152,0.5317437141938908,1.8602022937958735
238,47.631754503002,0.5,0.2,0.0,0.29166666666666663,0.06598935144964369,0.2987983410375456,0.10611232158713921,0.5290999859256718,1.8602022937958735
239,47.83188792528352,0.5,0.2,0.0,0.29166666666666663,0.06708485133271269,0.29896239090673826,0.10752874626941566,0.5264240114911336,1.8602022937958735
240,48.03202134756504,0.5,0.2,0.0,0.29166666666666663,0.06819569406725336,0.29913289564600976,0.10895548101276745,0.5237159292739697,1.8602022937958735
241,48.23215476984656,0.5,0.2,0.0,0.29166666666666663,0.06932199759056332,0.2993097987982208,0.11039232366799911,0.520975879943217,1.8602022937958735
242,48.432288192128084,0.5,0.2,0.0,0.29166666666666663,0.07046387670562722,0.2994930526508933,0.1118390626388775,0.5182040080046023,1.8602022937958735
243,48.6324216144096,0.5,0.2,0.0,0.29166666666666663,0.0716214429251724,0.29968261884081365,0.11329547665773078,0.5154004615762834,1.8602022937958735
244,48.832555036691126,0.5,0.2,0.0,0.29166666666666663,0.07279480428227736,0.29987846790262035,0.11476133465159642,0.5125653931635061,1.8602022937958735
245,49.03268845897264,0.5,0.2,0.0,0.29166666666666663,0.0739840651369499,0.3000805788915204,0.11623639560864778,0.5096989603628822,1.8602022937958735
246,49.23282188125417,0.5,0.2,0.0,0.29166666666666663,0.07518932596247885,0.30028893853408084,0.11772040850379042,0.5068013269996502,1.8602022937958735
247,49.432955303535685,0.5,0.2,0.0,0.29166666666666663,0.07641068314699564,0.30050354110674,0.11921311215518508,0.5038726635910796,1.8602022937958735
248,49.63308872581721,0.5,0.2,0.0,0.29166666666666663,0.07764822879832545,0.30072438863471473,0.12071423505439056,0.5009131475125695,1.8602022937958735
249,49.83322214809873,0.5,0.2,0.0,0.29166666666666663,0.07890205052417457,0.3009514904563201,0.12222349527021854,0.4979229637492872,1.8602022937958735
250,50.03335557038025,0.5,0.2,0.0,0.29166666666666663,0.08017223120838866,0.3011848628765708,0.12374060035750142,0.49490230555753945,1.8602022937958735
251,50.23348899266177,0.5,0.2,0.0,0.29166666666666663,0.08145884877127103,0.3014245285142507,0.12526524731885946,0.4918513753956192,1.8602022937958735
252,50.433622414943294,0.5,0.2,0.0,0.29166666666666663,0.08276197596033989,0.3016705167984701,0.126797122408313,0.4887703848328774,1.8602022937958735
253,50.63375583722481,0.5,0.2,0.0,0.29166666666666663,0.08408168010798608,0.3019228636199624,0.1283359010660217,0.4856595552060302,1.8602022937958735
254,50.833889259506336,0.5,0.2,0.0,0.29166666666666663,0.08541802288894815,0.302181611156854,0.12988124783772562,0.48251911811647263,1.8602022937958735
255,51.03402268178785,0.5,0.2,0.0,0.29166666666666663,0.08677106006542787,0.30244680725090767,0.13143281639520274,0.47934931628846206,1.8602022937958735
256,51.23415610406938,0.5,0.2,0.0,0.29166666666666663,0.08814084124150835,0.3027185057505651,0.1329902493737008,0.476150403634226,1.8602022937958735
257,51.4342895263509,0.5,0.2,0.0,0.29166666666666663,0.08952740960620185,0.3029967664937677,0.13455317829121285,0.47292264560881775,1.8602022937958735
258,51.63442294863242,0.5,0.2,0.0,0.29166666666666663,0.09093080166818017,0.3032816551264651,0.1361212235104942,0.4696663196948607,1.8602022937958735
259,51.834556370913944,0.5,0.2,0.0,0.29166666666666663,0.09235104698691919,0.30357324306058964,0.13769399418318684,0.4663817157693045,1.8602022937958735
260,52.03468979319546,0.5,0.2,0.0,0.29166666666666663,0.09378816789127528,0.30387160683648184,0.1392710883476638,0.4630691369245792,1.8602022937958735
261,52.234823215476986,0.5,0.2,0.0,0.29166666666666663,0.09524217919776502,0.3041768279491804,0.14085209292642026,0.4597288999266344,1.8602022937958735
262,52.4349566377585,0.5,0.2,0.0,0.29166666666666663,0.09671308793502836,0.30448899369820687,0.14243658348874413,0.4563613348780207,1.8602022937958735
263,52.63509006004003,0.5,0.2,0.0,0.29166666666666663,0.09820089304749131,0.3048081967309105,0.14402412433766404,0.4529667858839343,1.8602022937958735
264,52.835223482321545,0.5,0.2,0.0,0.29166666666666663,0.09970558509844561,0.3051345350250898,0.14561426850234174,0.449545611374123,1.8602022937958735
265,53.03535690460307,0.5,0.2,0.0,0.29166666666666663,0.10122714597591209,0.3054681117454496,0.14720655779105138,0.44609818448758715,1.8602022937958735
266,53.23549032688459,0.5,0.2,0.0,0.29166666666666663,0.10276554861441058,0.3058090347464423,0.148800522990278,0.4426248936488694,1.8602022937958735
267,53.43562374916611,0.5,0.2,0.0,0.29166666666666663,0.1043207566420447,0.3061574172849051,0.1503956836212588,0.4391261424517917,1.8602022937958735
268,53.63575717144763,0.5,0.2,0.0,0.29166666666666663,0.10589272407618545,0.3065133778148941,0.1519915480550796,0.4356023500538412,1.8602022937958735
269,53.835890593729154,0.5,0.2,0.0,0.29166666666666663,0.10748139500421267,0.30687703996130145,0.15358761357342582,0.43205395146106046,1.8602022937958735
270,54.03602401601067,0.5,0.2,0.0,0.29166666666666663,0.10908670326051091,0.307248532519773,0.1551833664350432,0.4284813977846732,1.8602022937958735
271,54.236157438292196,0.5,0.2,0.0,0.29166666666666663,0.11070857217012135,0.30762798900175925,0.1567782821766375,0.42488515665148224,1.8602022937958735
272,54.43629086057371,0.5,0.2,0.0,0.29166666666666663,0.1123469141521031,0.30801554806747694,0.1583718254981866,0.4212657122822337,1.8602022937958735
273,54.63642428285524,0.5,0.2,0.0,0.29166666666666663,0.11400163037247417,0.3084113536148063,0.15996345032905404,0.41762356568366577,1.8602022937958735
274,54.836557705136755,0.5,0.2,0.0,0.29166666666666663,0.1156726104196438,0.30881555469987315,0.16155259998982183,0.4139592348906615,1.8602022937958735
275,55.03669112741828,0.5,0.2,0.0,0.29166666666666663,0.11735973195810055,0.30922830557635655,0.16313870731089247,0.41027325515465063,1.8602022937958735
276,55.2368245496998,0.5,0.2,0.0,0.29166666666666663,0.11906286045645459,0.30964976550715345,0.16472119492972415,0.40656617910666804,1.8602022937958735
277,55.43695797198132,0.5,0.2,0.0,0.29166666666666663,0.12078184885511736,0.3100800987505423,0.1662994754797491,0.40283857691459146,1.8602022937958735
278,55.63709139426284,0.5,0.2,0.0,0.29166666666666663,0.12251653709879627,0.3105194749441897,0.16787295151160445,0.3990910364454099,1.8602022937958735
279,55.837224816544364,0.5,0.2,0.0,0.29166666666666663,0.1242667518360427,0.3109680689848067,0.1694410157904446,0.3953241633887063,1.8602022937958735
280,56.03735823882588,0.5,0.2,0.0,0.29166666666666663,0.1260323060602042,0.31142606107702603,0.171003051488702,0.39153858137406805,1.8602022937958735
281,56.237491661107406,0.5,0.2,0.0,0.29166666666666663,0.12781299880208966,0.3118936367192893,0.17255843245908056,0.3877349320195408,1.8602022937958735
282,56.43762508338892,0.5,0.2,0.0,0.29166666666666663,0.12960861496514808,0.312370986513579,0.17410652369958074,0.38391387482169254,1.8602022937958735
283,56.63775850567045,0.5,0.2,0.0,0.29166666666666663,0.1314189246858345,0.31285830656701363,0.1756466812511756,0.3800760874959766,1.8602022937958735
284,56.837891927951965,0.5,0.2,0.0,0.29166666666666663,0.13324368305720646,0.3133557984426928,0.17717825255902447,0.3762222659410766,1.8602022937958735
285,57.03802535023349,0.5,0.2,0.0,0.29166666666666663,0.13508262978494515,0.313863669195761,0.17870057676728432,0.3723531242520098,1.8602022937958735
286,57.23815877251501,0.5,0.2,0.0,0.29166666666666663,0.13693548884096376,0.3143821314191159,0.18021298502438182,0.36846939471553875,1.8602022937958735
287,57.43829219479653,0.5,0.2,0.0,0.29166666666666663,0.1388019684148448,0.31491140302576287,0.18171480110780358,0.364571827451589,1.8602022937958735
288,57.63842561707805,0.5,0.2,0.0,0.29166666666666663,0.14068176030085902,0.31545170753604973,0.18320534149029627,0.36066119067279523,1.8602022937958735
289,57.83855903935957,0.5,0.2,0.0,0.29166666666666663,0.14257453950870932,0.3160032741675732,0.1846839156501176,0.35673827067360014,1.8602022937958735
290,58.03869246164109,0.5,0.2,0.0,0.29166666666666663,0.14447996398954022,0.31656633782438665,0.18614982651488532,0.3528038716711881,1.8602022937958735
291,58.238825883922615,0.5,0.2,0.0,0.29166666666666663,0.14639767429032716,0.3171411391520231,0.1876023708486985,0.3488588157089515,1.8602022937958735
292,58.43895930620413,0.5,0.2,0.0,0.29166666666666663,0.14832729359741315,0.317727924359671,0.18904083995984122,0.34490394208307484,1.8602022937958735
293,58.63909272848566,0.5,0.2,0.0,0.29166666666666663,0.15026842741978935,0.3183269452619347,0.19046452014278384,0.34094010717549234,1.8602022937958735
294,58.839226150767175,0.5,0.2,0.0,0.29166666666666663,0.15222066268085188,0.3189384596797987,0.19187269267355261,0.33696818496579706,1.8602022937958735
295,59.0393595730487,0.5,0.2,0.0,0.29166666666666663,0.1541835676999845,0.31956273130647733,0.19326463451737994,0.33298906647615856,1.8602022937958735
296,59.23949299533022,0.5,0.2,0.0,0.29166666666666663,0.15615669187374048,0.3202000297567111,0.19463961881747913,0.32900365955206967,1.8602022937958735
297,59.43962641761174,0.5,0.2,0.0,0.29166666666666663,0.15813956535780566,0.32085063061768315,0.1959969154005684,0.3250128886239432,1.8602022937958735
298,59.63975983989326,0.5,0.2,0.0,0.29166666666666663,0.1601316988218031,0.3215148154614062,0.1973357913468842,0.32101769436990685,1.8602022937958735
299,59.83989326217478,0.5,0.2,0.0,0.29166666666666663,0.16213258480143133,0.32219287096991367,0.19865551263296255,0.3170190315956928,1.8602022937958735
300,60.0400266844563,0.5,0.2,0.0,0.29166666666666663,0.1641416958450514,0.32288508984696995,0.19995534367062298,0.31301787063735603,1.8602022937958735
301,60.240160106737825,0.5,0.2,0.0,0.29166666666666663,0.16615848401551905,0.3235917709773528,0.20123454775860655,0.3090151972485219,1.8602022937958735
302,60.44029352901934,0.5,0.2,0.0,0.29166666666666663,0.16818238111347222,0.3243132191865304,0.20249238802768743,0.3050120116723103,1.8602022937958735
303,60.64042695130087,0.5,0.2,0.0,0.29166666666666663,0.17021279844724213,0.3250497452547512,0.20372812810224017,0.3010093281957668,1.8602022937958735
304,60.840560373582385,0.5,0.2,0.0,0.29166666666666663,0.1722491266091138,0.3258016659296212,0.20494103278231832,0.297008174678947,1.8602022937958735
305,61.04069379586391,0.5,0.2,0.0,0.29166666666666663,0.17429073572442516,0.3265693037154199,0.20613036894645417,0.2930095916137012,1.8602022937958735
306,61.24082721814543,0.5,0.2,0.0,0.29166666666666663,0.17633697724274877,0.32735298593088097,0.2072954071340776,0.2890146296922931,1.8602022937958735
307,61.44096064042695,0.5,0.2,0.0,0.29166666666666663,0.17838718075608814,0.3281530461324262,0.208435421011411,0.28502435210007515,1.8602022937958735
308,61.64109406270847,0.5,0.2,0.0,0.29166666666666663,0.18044065473602972,0.32896982367599853,0.20954968853709263,0.28103983305087965,1.8602022937958735
309,61.84122748498999,0.5,0.2,0.0,0.29166666666666663,0.18249668666168056,0.3298036635699972,0.21063749288412398,0.27706215688419883,1.8602022937958735
310,62.04136090727151,0.5,0.2,0.0,0.29166666666666663,0.18455454293976098,0.3306549164285179,0.21169812329040075,0.27309241734132095,1.8602022937958735
311,62.241494329553035,0.5,0.2,0.0,0.29166666666666663,0.18661346883747304,0.33152393842002725,0.21273087593251408,0.26913171680998627,1.8602022937958735
312,62.44162775183455,0.5,0.2,0.0,0.29166666666666663,0.18867268996227757,0.3324110904671703,0.2137350551122391,0.2651811644583137,1.8602022937958735
313,62.64176117411608,0.5,0.2,0.0,0.29166666666666663,0.19073141312492,0.3333167377474329,0.21470997434753167,0.26124187478011596,1.8602022937958735
314,62.841894596397594,0.5,0.2,0.0,0.29166666666666663,0.1927888230548603,0.3342412512076775,0.21565495670193208,0.2573149690355307,1.8602022937958735
315,63.04202801867912,0.5,0.2,0.0,0.29166666666666663,0.19484408406011802,0.3351850066814831,0.21656933606760304,0.2534015731907964,1.8602022937958735
316,63.242161440960636,0.5,0.2,0.0,0.29166666666666663,0.19689634018298355,0.33614838473786,0.21745245818546916,0.2495028168936878,1.8602022937958735
317,63.44229486324216,0.5,0.2,0.0,0.29166666666666663,0.1989447153503162,0.3371317705342228,0.2183036816851954,0.24561983243026617,1.8602022937958735
318,63.64242828552368,0.5,0.2,0.0,0.29166666666666663,0.20098831360856118,0.33813555362858544,0.21912237914088234,0.24175375362197163,1.8602022937958735
319,63.8425617078052,0.5,0.2,0.0,0.29166666666666663,0.20302622239262091,0.33916012625960723,0.21990793771846012,0.23790571362931232,1.8602022937958735
320,64.04269513008673,0.5,0.2,0.0,0.29166666666666663,0.2050575104483486,0.3402058843323611,0.22065976061967035,0.23407684459962058,1.8602022937958735
321,64.24282855236824,0.5,0.2,0.0,0.29166666666666663,0.20708122703768142,0.34127322775753854,0.22137726836953217,0.2302682768352486,1.8602022937958735
322,64.44296197464976,0.5,0.2,0.0,0.29166666666666663,0.20909640343346625,0.3423625596348265,0.22205989980249966,0.22648113712920837,1.8602022937958735
323,64.64309539693129,0.5,0.2,0.0,0.29166666666666663,0.21110205335104024,0.34347428597603036,0.22270711322938858,0.22271654744354163,1.8602022937958735
324,64.84322881921281,0.5,0.2,0.0,0.29166666666666663,0.2130971734105862,0.3446088154147019,0.22331838762777725,0.2189756235469355,1.8602022937958735
325,65.04336224149432,0.5,0.2,0.0,0.29166666666666663,0.21508074414979272,0.3457665586246865,0.22389322350768645,0.21525947371783516,1.8602022937958735
326,65.24349566377585,0.5,0.2,0.0,0.29166666666666663,0.2170517339067622,0.34694792620805565,0.22443114189769417,0.21156919798748883,1.8602022937958735
327,65.44362908605737,0.5,0.2,0.0,0.29166666666666663,0.21900909493952284,0.34815333073393495,0.22493168857824158,0.2079058857483015,1.8602022937958735
328,65.6437625083389,0.5,0.2,0.0,0.29166666666666663,0.22095176508400466,0.34938318582110073,0.22539443464711337,0.20427061444778205,1.8602022937958735
329,65.8438959306204,0.5,0.2,0.0,0.29166666666666663,0.22287866900520079,0.3506379054408813,0.22581897740166654,0.20066444815225218,1.8602022937958735
330,66.04402935290193,0.5,0.2,0.0,0.29166666666666663,0.22478871900810388,0.35191790345821544,0.2262049415602009,0.19708843597348055,1.8602022937958735
331,66.24416277518345,0.5,0.2,0.0,0.29166666666666663,0.22668081588942737,0.3532235931538643,0.22655198050009284,0.19354361045661625,1.8602022937958735
332,66.44429619746498,0.5,0.2,0.0,0.29166666666666663,0.22855385103099726,0.35455538600315784,0.22685977547687594,0.19003098748896974,1.8602022937958735
333,66.64442961974649,0.5,0.2,0.0,0.29166666666666663,0.23040670882851527,0.3559136902581395,0.2271280343606831,0.18655156655266283,1.8602022937958735
334,66.84456304202801,0.5,0.2,0.0,0.29166666666666663,0.23223826412217058,0.35729891255139395,0.2273564989317972,0.18310632439463898,1.8602022937958735
335,67.04469646430954,0.5,0.2,0.0,0.29166666666666663,0.2340473848404136,0.3587114563599814,0.22754494342440604,0.1796962153751997,1.8602022937958735
336,67.24482988659106,0.5,0.2,0.0,0.29166666666666663,0.23583293325371438,0.36015172131388373,0.22769317551271348,0.1763221699196891,1.8602022937958735
337,67.44496330887257,0.5,0.2,0.0,0.29166666666666663,0.23759376720738676,0.36162010252284577,0.2278010374184458,0.1729850928513224,1.8602022937958735
338,67.6450967311541,0.5,0.2,0.0,0.29166666666666663,0.2393287414090134,0.3631169898753486,0.2278684069940278,0.1696858617216109,1.8602022937958735
339,67.84523015343562,0.5,0.2,0.0,0.29166666666666663,0.24103670971942404,0.36464276662142864,0.2278951941970966,0.16642532946205138,1.8602022937958735
340,68.04536357571715,0.5,0.2,0.0,0.29166666666666663,0.24271652630532145,0.36619780879288927,0.22788134330376478,0.16320432159802514,1.8602022937958735
341,68.24549699799866,0.5,0.2,0.0,0.29166666666666663,0.24436704649674318,0.36778248484933035,0.227826836787243,0.16002363186668409,1.8602022937958735
342,68.44563042028018,0.5,0.2,0.0,0.29166666666666663,0.24598712876894924,0.36939715452035615,0.2277316940038779,0.1568840227068173,1.8602022937958735
343,68.6457638425617,0.5,0.2,0.0,0.29166666666666663,0.24757563637481733,0.37104216790785416,0.22759597172025256,0.15378622399707653,1.8602022937958735
344,68.84589726484323,0.5,0.2,0.0,0.29166666666666663,0.24913143722363354,0.37271786543267726,0.22741976595333924,0.15073093139035057,1.8602022937958735
345,69.04603068712474,0.5,0.2,0.0,0.29166666666666663,0.25065340631818245,0.37442457654307254,0.2272032118905769,0.14771880524816877,1.8602022937958735
346,69.24616410940627,0.5,0.2,0.0,0.29166666666666663,0.25214042841079426,0.37616261831476433,0.2269464836439468,0.1447504696304953,1.8602022937958735
347,69.44629753168779,0.5,0.2,0.0,0.29166666666666663,0.25359139903810296,0.3779322948315278,0.22664979521788636,0.14182651091248355,1.8602022937958735
348,69.64643095396931,0.5,0.2,0.0,0.29166666666666663,0.2550052262493002,0.37973389622916626,0.22631340086766655,0.13894747665386767,1.8602022937958735
349,69.84656437625083,0.5,0.2,0.0,0.29166666666666663,0.2563808328305486,0.3815676975463553,0.2259375905597237,0.1361138790633731,1.8602022937958735
350,70.04669779853235,0.5,0.2,0.0,0.29166666666666663,0.2577171578873923,0.3834339578093505,0.22552269269574252,0.13332619160751533,1.8602022937958735
351,70.24683122081387,0.5,0.2,0.0,0.29166666666666663,0.259013158535122,0.38533291906920186,0.22506907608684665,0.1305848463088302,1.8602022937958735
352,70.4469646430954,0.5,0.2,0.0,0.29166666666666663,0.2602678119752103,0.38726480528713775,0.22457714820609945,0.12789023453155318,1.8602022937958735
353,70.64709806537691,0.5,0.2,0.0,0.29166666666666663,0.2614801174062949,0.38922982128208927,0.22404735487055638,0.1252427064410601,1.8602022937958735
354,70.84723148765843,0.5,0.2,0.0,0.29166666666666663,0.2626490956284542,0.391228152780393,0.2234801793574851,0.1226425722336683,1.8602022937958735
355,71.04736490993996,0.5,0.2,0.0,0.29166666666666663,0.2637737924818482,0.393259964627243,0.22287614222427587,0.12009010066663356,1.8602022937958735
356,71.24749833222148,0.5,0.2,0.0,0.29166666666666663,0.26485328149236137,0.3953253993755389,0.22223580087544303,0.11758551825665722,1.8602022937958735
357,71.44763175450299,0.5,0.2,0.0,0.29166666666666663,0.26588666512131554,0.39742457654081836,0.2215597487520768,0.11512900958578987,1.8602022937958735
358,71.64776517678452,0.5,0.2,0.0,0.29166666666666663,0.266873076580112,0.39955759159097487,0.22084861454752722,0.11272071728138643,1.8602022937958735
359,71.84789859906604,0.5,0.2,0.0,0.29166666666666663,0.26781167894268876,0.401724516414175,0.22010306073665978,0.11036074390647703,1.8602022937958735
360,72.04803202134757,0.5,0.2,0.0,0.29166666666666663,0.268701668960479,0.4039253972123432,0.2193237830549598,0.10804915077221856,1.8602022937958735
361,72.24816544362908,0.5,0.2,0.0,0.29166666666666663,0.2695422794119616,0.4061602531959505,0.21851150956450957,0.10578595782757891,1.8602022937958735
362,72.4482988659106,0.5,0.2,0.0,0.29166666666666663,0.2703327801533201,0.4084290759889721,0.2176669993436337,0.10357114451407481,1.8602022937958735
363,72.64843228819213,0.5,0.2,0.0,0.29166666666666663,0.27107247975083426,0.4107318287296672,0.21679104120452397,0.10140465031497532,1.8602022937958735
364,72.84856571047365,0.5,0.2,0.0,0.29166666666666663,0.2717607254774677,0.41306844633899853,0.21588445175402593,0.0992863764295086,1.8602022937958735
365,73.04869913275516,0.5,0.2,0.0,0.29166666666666663,0.2723969062819027,0.4154388336642964,0.21494807439713856,0.09721618565666312,1.8602022937958735
366,73.24883255503669,0.5,0.2,0.0,0.29166666666666663,0.2729804545746047,0.417842864467032,0.2139827778408574,0.0951939031175067,1.8602022937958735
367,73.44896597731821,0.5,0.2,0.0,0.29166666666666663,0.27351084740561515,0.420280380844099,0.21298945429784386,0.09321931745244269,1.8602022937958735
368,73.64909939959973,0.5,0.2,0.0,0.29166666666666663,0.27398760772922276,0.4227511925520501,0.21196901787965178,0.09129218183907606,1.8602022937958735
369,73.84923282188124,0.5,0.2,0.0,0.29166666666666663,0.27441030206538963,0.42525507843078975,0.21092240512230545,0.08941221438151598,1.8602022937958735
370,74.04936624416277,0.5,0.2,0.0,0.29166666666666663,0.27477854504803617,0.4277917838180162,0.20985057112911143,0.08757910000483703,1.8602022937958735
371,74.2494996664443,0.5,0.2,0.0,0.29166666666666663,0.27509200075928036,0.4303610198364776,0.20875448760410115,0.08579249180014163,1.8602022937958735
372,74.44963308872582,0.5,0.2,0.0,0.29166666666666663,0.2753503830878788,0.4329624632506438,0.20763514138598915,0.08405201227548906,1.8602022937958735
373,74.64976651100733,0.5,0.2,0.0,0.29166666666666663,0.2755534565525924,0.4355957560764172,0.20649353266813333,0.08235725470285787,1.8602022937958735
374,74.84989993328885,0.5,0.2,0.0,0.29166666666666663,0.27570103491036657,0.4382605067339841,0.20533067538376984,0.08070778297188026,1.8602022937958735
375,75.05003335557038,0.5,0.2,0.0,0.29166666666666663,0.27579298395486695,0.4409562882682231,0.2041475931306086,0.0791031346463022,1.8602022937958735
376,75.2501667778519,0.5,0.2,0.0,0.29166666666666663,0.2758292221377699,0.44368263808574415,0.2029453172214568,0.07754282255503002,1.8602022937958735
377,75.45030020013341,0.5,0.2,0.0,0.29166666666666663,0.27580972074118965,0.4464390580009288,0.20172488507302733,0.07602633618485505,1.8602022937958735
378,75.65043362241494,0.5,0.2,0.0,0.29166666666666663,0.2757345039132101,0.4492250143847428,0.2004873389431488,0.07455314275889902,1.8602022937958735
379,75.85056704469646,0.5,0.2,0.0,0.29166666666666663,0.27560364795261283,0.45203993885193194,0.19923372584062043,0.07312268735483549,1.8602022937958735
380,76.05070046697799,0.5,0.2,0.0,0.29166666666666663,0.2754172830661322,0.45488322714667156,0.19796509278492416,0.07173439700227274,1.8602022937958735
381,76.2508338892595,0.5,0.2,0.0,0.29166666666666663,0.2751755929563132,0.4577542395964099,0.19668248580119993,0.07038768164607768,1.8602022937958735
382,76.45096731154102,0.5,0.2,0.0,0.29166666666666663,0.2748788147704801,0.46065230129690377,0.19538694807979698,0.06908193585281985,1.8602022937958735
383,76.65110073382255,0.5,0.2,0.0,0.29166666666666663,0.2745272379285048,0.463576703093775,0.1940795203814734,0.06781653859624742,1.8602022937958735
384,76.85123415610407,0.5,0.2,0.0,0.29166666666666663,0.2741212039255161,0.4665267018602249,0.19276123910123907,0.06659085511302067,1.8602022937958735
385,77.0513675783856,0.5,0.2,0.0,0.29166666666666663,0.2736611069207392,0.4695015202060946,0.1914331324022939,0.06540424047087302,1.8602022937958735
386,77.2515010006671,0.5,0.2,0.0,0.29166666666666663,0.2731473927084272,0.47250034733961144,0.19009621965885684,0.06425604029310528,1.8602022937958735
387,77.45163442294863,0.5,0.2,0.0,0.29166666666666663,0.2725805580757895,0.47552233965930496,0.18875150999667187,0.06314559226823444,1.8602022937958735
388,77.65176784523015,0.5,0.2,0.0,0.29166666666666663,0.2719611498948632,0.4785666216848891,0.18740000306368174,0.06207222535656673,1.8602022937958735
389,77.85190126751168,0.5,0.2,0.0,0.29166666666666663,0.27128976442183766,0.481632286535855,0.18604268552439182,0.06103526351791628,1.8602022937958735
390,78.05203468979319,0.5,0.2,0.0,0.29166666666666663,0.27056704633948137,0.4847183967337235,0.18468052965854048,0.06003402726825538,1.8602022937958735
391,78.25216811207471,0.5,0.2,0.0,0.29166666666666663,0.2697936876616412,0.48782398512915653,0.18331449242931547,0.05906783477988756,1.8602022937958735
392,78.45230153435624,0.5,0.2,0.0,0.29166666666666663,0.2689704266711625,0.49094805581806816,0.18194551480523558,0.058136002705534574,1.8602022937958735
393,78.65243495663776,0.5,0.2,0.0,0.29166666666666663,0.2680980469408381,0.49408958506885936,0.18057452214655167,0.05723784584375169,1.8602022937958735
394,78.85256837891927,0.5,0.2,0.0,0.29166666666666663,0.26717737556177273,0.49724752254295185,0.17920242090313485,0.05637268099214142,1.8602022937958735
395,79.0527018012008,0.5,0.2,0.0,0.29166666666666663,0.2662092818232921,0.5004207924076849,0.17783009837727679,0.05553982739174705,1.8602022937958735
396,79.25283522348232,0.5,0.2,0.0,0.29166666666666663,0.2651946756735068,0.5036082945575977,0.17645842190713024,0.054738607861766174,1.8602022937958735
397,79.45296864576385,0.5,0.2,0.0,0.29166666666666663,0.26413450679247935,0.5068089054593456,0.17508823893236264,0.05396834881581338,1.8602022937958735
398,79.65310206804536,0.5,0.2,0.0,0.29166666666666663,0.2630297628788706,0.5100214794911686,0.17372037626915418,0.05322838136080756,1.8602022937958735
399,79.85323549032688,0.5,0.2,0.0,0.29166666666666663,0.2618814671771402,0.513244850760144,0.17235563862810357,0.0525180434346131,1.8602022937958735
400,80.0533689126084,0.5,0.2,0.0,0.29166666666666663,0.26069067698232135,0.5164778343213832,0.1709948085282502,0.051836680168046226,1.8602022937958735
401,80.25350233488993,0.5,0.2,0.0,0.29166666666666663,0.2594584818323155,0.5197192275928153,0.16963864586471217,0.051183644710157954,1.8602022937958735
402,80.45363575717144,0.5,0.2,0.0,0.29166666666666663,0.25818600327299973,0.5229678107358045,0.1682878878086258,0.05055829818257093,1.8602022937958735
403,80.65376917945296,0.5,0.2,0.0,0.29166666666666663,0.25687439135843065,0.5262223491938908,0.1669432482785264,0.04996001116915306,1.8602022937958735
404,80.85390260173449,0.5,0.2,0.0,0.29166666666666663,0.25552482256412884,0.5294815953027672,0.1656054177189088,0.04938816441419609,1.8602022937958735
405,81.05403602401601,0.5,0.2,0.0,0.29166666666666663,0.25413849799023114,0.5327442897126751,0.16427506300931033,0.04884214928778428,1.8602022937958735
406,81.25416944629752,0.5,0.2,0.0,0.29166666666666663,0.2527166416986995,0.5360091626965372,0.16295282732680966,0.04832136827795453,1.8602022937958735
407,81.45430286857905,0.5,0.2,0.0,0.29166666666666663,0.2512605000956262,0.5392749347069927,0.16163932992072375,0.04782523527665833,1.8602022937958735
408,81.65443629086057,0.5,0.2,0.0,0.29166666666666663,0.24977133804271212,0.5425403192818323,0.16033516642201673,0.047353176253439856,1.8602022937958735
409,81.8545697131421,0.5,0.2,0.0,0.29166666666666663,0.2482504373025571,0.5458040242728407,0.15904090887902766,0.04690462954557564,1.8602022937958735
410,82.05470313542361,0.5,0.2,0.0,0.29166666666666663,0.24669909467039525,0.5490647532900527,0.15775710577874133,0.04647904626081184,1.8602022937958735
411,82.25483655770513,0.5,0.2,0.0,0.29166666666666663,0.24511862022128425,0.5523212070506692,0.1564842819562728,0.04607589077177484,1.8602022937958735
412,82.45496997998666,0.5,0.2,0.0,0.29166666666666663,0.2435103347005742,0.5555720853862487,0.15522293927113606,0.04569464064204209,1.8602022937958735
413,82.65510340226818,0.5,0.2,0.0,0.29166666666666663,0.24187556754552544,0.5588160887604543,0.1539735567810147,0.045334786913006596,1.8602022937958735
414,82.85523682454969,0.5,0.2,0.0,0.29166666666666663,0.2402156553586518,0.5620519194394243,0.15273659085667252,0.044995834345252256,1.8602022937958735
415,83.05537024683122,0.5,0.2,0.0,0.29166666666666663,0.23853194070053937,0.5652782824152117,0.15151247522615294,0.044677301658096906,1.8602022937958735
416,83.25550366911274,0.5,0.2,0.0,0.29166666666666663,0.23682576868652686,0.568493888008083,0.15030162192748553,0.04437872137790558,1.8602022937958735
417,83.45563709139427,0.5,0.2,0.0,0.29166666666666663,0.23509848549307436,0.5716974530044149,0.14910442156325934,0.04409963993925243,1.8602022937958735
418,83.65577051367578,0.5,0.2,0.0,0.29166666666666663,0.23335143685686843,0.5748877017956504,0.1479212434774411,0.043839617870041085,1.8602022937958735
419,83.8559039359573,0.5,0.2,0.0,0.29166666666666663,0.2315859665560168,0.5780633675285554,0.1467524359887722,0.04359822992665681,1.8602022937958735
420,84.05603735823883,0.5,0.2,0.0,0.29166666666666663,0.2298034137509383,0.5812231941309786,0.14559832742811923,0.043375064689965104,1.8602022937958735
421,84.25617078052035,0.5,0.2,0.0,0.29166666666666663,0.22800511146438635,0.5843659374581671,0.14445922647061377,0.043169724606833965,1.8602022937958735
422,84.45630420280186,0.5,0.2,0.0,0.29166666666666663,0.22619238534619804,0.5874903661969769,0.14333542235627988,0.042981826100546384,1.8602022937958735
423,84.65643762508338,0.5,0.2,0.0,0.29166666666666663,0.22436655217893242,0.5905952629768098,0.14222718531798023,0.04281099952627876,1.8602022937958735
424,84.85657104736491,0.5,0.2,0.0,0.29166666666666663,0.22252891754245246,0.593679426155988,0.14113476757368848,0.04265688872787213,1.8602022937958735
425,85.05670446964643,0.5,0.2,0.0,0.29166666666666663,0.22068077451185042,0.5967416707742195,0.14005840373259032,0.042519150981340834,1.8602022937958735
426,85.25683789192794,0.5,0.2,0.0,0.29166666666666663,0.21882340263956063,0.5997808292767329,0.1389983110144935,0.042397457069213954,1.8602022937958735
427,85.45697131420947,0.5,0.2,0.0,0.29166666666666663,0.21695806651640967,0.6027957525737069,0.13795468982627224,0.04229149108361215,1.8602022937958735
428,85.657104736491,0.5,0.2,0.0,0.29166666666666663,0.21508601394230342,0.6057853114103986,0.13692772467311576,0.04220094997418315,1.8602022937958735
429,85.85723815877252,0.5,0.2,0.0,0.29166666666666663,0.21320847481820598,0.6087483971575919,0.13591758459877873,0.042125543425424294,1.8602022937958735
430,86.05737158105403,0.5,0.2,0.0,0.29166666666666663,0.21132666032562375,0.611683922371808,0.134924423425614,0.042064993876955094,1.8602022937958735
431,86.25750500333555,0.5,0.2,0.0,0.29166666666666663,0.20944176165974548,0.614590821708841,0.133948380418301,0.04201903621311332,1.8602022937958735
432,86.45763842561708,0.5,0.2,0.0,0.29166666666666663,0.20755494868502594,0.6174680528968762,0.13298958106814024,0.041987417349958416,1.8602022937958735
433,86.6577718478986,0.5,0.2,0.0,0.29166666666666663,0.20566736905314573,0.620314597339284,0.13204813755204764,0.04196989605552357,1.8602022937958735
434,86.85790527018011,0.5,0.2,0.0,0.29166666666666663,0.20378014756531224,0.6231294605262628,0.1311241489675805,0.04196624294084526,1.8602022937958735
435,87.05803869246164,0.5,0.2,0.0,0.29166666666666663,0.2018943851479276,0.6259116727443957,0.13021770205355251,0.04197624005412501,1.8602022937958735
436,87.25817211474316,0.5,0.2,0.0,0.29166666666666663,0.20001115793782476,0.6286602896976178,0.12932887186504613,0.04199968049951216,1.8602022937958735
437,87.45830553702469,0.5,0.2,0.0,0.29166666666666663,0.19813151663338735,0.6313743929178691,0.12845772223534238,0.04203636821340199,1.8602022937958735
438,87.6584389593062,0.5,0.2,0.0,0.29166666666666663,0.1962564860119077,0.6340530900613456,0.12760430602726577,0.04208611789948181,1.8602022937958735
439,87.85857238158772,0.5,0.2,0.0,0.29166666666666663,0.19438706436018213,0.636695515253771,0.12676866563629574,0.04214875474975207,1.8602022937958735
440,88.05870580386924,0.5,0.2,0.0,0.29166666666666663,0.19252422280779194,0.6393008294918465,0.12595083376278507,0.042224113937577405,1.8602022937958735
441,88.25883922615077,0.5,0.2,0.0,0.29166666666666663,0.19066890497722738,0.6418682208199361,0.1251508337728398,0.04231204042999756,1.8602022937958735
442,88.45897264843228,0.5,0.2,0.0,0.29166666666666663,0.18882202658888697,0.6443969045530306,0.12436868006913188,0.042412388788951406,1.8602022937958735
443,88.6591060707138,0.5,0.2,0.0,0.29166666666666663,0.18698447512930313,0.6468861234515206,0.12360437843622858,0.04252502298294851,1.8602022937958735
444,88.85923949299533,0.5,0.2,0.0,0.29166666666666663,0.18515710969195287,0.6493351476953474,0.12285792671285493,0.04264981589984555,1.8602022937958735
445,89.05937291527685,0.5,0.2,0.0,0.29166666666666663,0.18334076078813852,0.6517432749398112,0.12212931513846331,0.04278664913358772,1.8602022937958735
446,89.25950633755836,0.5,0.2,0.0,0.29166666666666663,0.18153623017652845,0.6541098303617454,0.1214185267235711,0.042935412738155716,1.8602022937958735
447,89.45963975983989,0.5,0.2,0.0,0.29166666666666663,0.17974429062004527,0.6564341668032666,0.12072553751388738,0.04309600506280152,1.8602022937958735
448,89.65977318212141,0.5,0.2,0.0,0.29166666666666663,0.1779656861675339,0.6587156643646515,0.12005031716492262,0.04326833230289282,1.8602022937958735
449,89.85990660440294,0.5,0.2,0.0,0.29166666666666663,0.17620113214600622,0.6609537303302823,0.11939282925746261,0.04345230826624965,1.8602022937958735
450,90.06004002668445,0.5,0.2,0.0,0.29166666666666663,0.17445131521891688,0.6631477990367399,0.11875303163619848,0.04364785410814545,1.8602022937958735
451,90.26017344896597,0.5,0.2,0.0,0.29166666666666663,0.17271689316717612,0.6652973320358114,0.11813087666481109,0.043854898132202134,1.8602022937958735
452,90.4603068712475,0.5,0.2,0.0,0.29166666666666663,0.17099849552446791,0.6674018174050523,0.11752631164589461,0.044073375424585864,1.8602022937958735
453,90.66044029352902,0.5,0.2,0.0,0.29166666666666663,0.1692967237714851,0.669460769520116,0.11693927911638174,0.04430322759201788,1.8602022937958735
454,90.86057371581053,0.5,0.2,0.0,0.29166666666666663,0.16761215158476375,0.671473728784412,0.11636971713688656,0.044544402493938415,1.8602022937958735
455,91.06070713809206,0.5,0.2,0.0,0.29166666666666663,0.16594532466256443,0.6734402617831172,0.11581755955501603,0.04479685399930308,1.8602022937958735
456,91.26084056037358,0.5,0.2,0.0,0.29166666666666663,0.1642967615310867,0.6753599604908571,0.11528273629302262,0.04506054168503437,1.8602022937958735
457,91.4609739826551,0.5,0.2,0.0,0.29166666666666663,0.16266695398920156,0.6772324418449566,0.11476517360537844,0.04533543056046431,1.8602022937958735
458,91.66110740493662,0.5,0.2,0.0,0.29166666666666663,0.16105636748126947,0.6790573474012322,0.1142647943187175,0.045621490798781666,1.8602022937958735
459,91.86124082721814,0.5,0.2,0.0,0.29166666666666663,0.15946544107274224,0.6808343433936599,0.11378151806816353,0.04591869746543519,1.8602022937958735
460,92.06137424949966,0.5,0.2,0.0,0.29166666666666663,0.15789458820602323,0.6825631200386698,0.11331526151129556,0.046227030244012285,1.8602022937958735
461,92.26150767178119,0.5,0.2,0.0,0.29166666666666663,0.15634419742902694,0.6842433908787667,0.11286593852961778,0.04654647316258943,1.8602022937958735
462,92.4616410940627,0.5,0.2,0.0,0.29166666666666663,0.15481463283020988,0.6858748924274549,0.11243346042081773,0.046877014321518445,1.8602022937958735
463,92.66177451634422,0.5,0.2,0.0,0.29166666666666663,0.153306234204531,0.6874573840850111,0.11201773610735005,0.04721864560310873,1.8602022937958735
464,92.86190793862575,0.5,0.2,0.0,0.29166666666666663,0.15181931762565412,0.6889906476722297,0.11161867230585584,0.04757136239626125,1.8602022937958735
465,93.06204136090727,0.5,0.2,0.0,0.29166666666666663,0.15035417646285687,0.6904744865448396,0.11123617365470448,0.0479351633376,1.8602022937958735
466,93.26217478318878,0.5,0.2,0.0,0.29166666666666663,0.14891108181962098,0.691908725280582,0.1108701428717993,0.04831005002799855,1.8602022937958735
467,93.46230820547031,0.5,0.2,0.0,0.29166666666666663,0.14749028290902105,0.6932932094370655,0.11052048091587738,0.048696026738036906,1.8602022937958735
468,93.66244162775183,0.5,0.2,0.0,0.29166666666666663,0.14609200740316342,0.694627805346204,0.1101870871409799,0.04909310010965345,1.8602022937958735
469,93.86257505003336,0.5,0.2,0.0,0.29166666666666663,0.1447164626513665,0.6959123990851573,0.10986985935122012,0.04950127891225688,1.8602022937958735
470,94.06270847231487,0.5,0.2,0.0,0.29166666666666663,0.1433638361208006,0.6971468962063727,0.10956869392673972,0.0499205737460878,1.8602022937958735
471,94.26284189459639,0.5,0.2,0.0,0.29166666666666663,0.1420342959142691,0.6983312214025958,0.10928348593686482,0.050350996746271,1.8602022937958735
472,94.46297531687792,0.5,0.2,0.0,0.29166666666666663,0.14072799099409625,0.6994653184610257,0.1090141292836968,0.050792561261182013,1.8602022937958735
473,94.66310873915944,0.5,0.2,0.0,0.29166666666666663,0.1394450524358782,0.7005491492549815,0.10876051669933574,0.05124528160980538,1.8602022937958735
474,94.86324216144095,0.5,0.2,0.0,0.29166666666666663,0.1381855938956333,0.7015826934906677,0.10852253983917282,0.05170917277452691,1.8602022937958735
475,95.06337558372248,0.5,0.2,0.0,0.29166666666666663,0.1369497121586684,0.7025659483839366,0.108300089359551,0.05218425009784464,1.8602022937958735
476,95.263509006004,0.5,0.2,0.0,0.29166666666666663,0.13573748721831536,0.7034989287756066,0.10809305506715086,0.052670528938927846,1.8602022937958735
477,95.46364242828552,0.5,0.2,0.0,0.29166666666666663,0.13454898370449894,0.7043816660288684,0.10790132583055212,0.05316802443608128,1.8602022937958735
478,95.66377585056703,0.5,0.2,0.0,0.29166666666666663,0.1333842513530256,0.7052142078108701,0.1077247896462886,0.05367675118981644,1.8602022937958735
479,95.86390927284856,0.5,0.2,0.0,0.29166666666666663,0.13224332559182567,0.7059966177788422,0.10756333367643525,0.05419672295289766,1.8602022937958735
480,96.06404269513008,0.5,0.2,0.0,0.29166666666666663,0.1311262281900994,0.7067289752200354,0.10741684426683844,0.05472795232302755,1.8602022937958735
481,96.26417611741161,0.5,0.2,0.0,0.29166666666666663,0.130032967796127,0.7074113747970786,0.10728520698174576,0.05527045042504952,1.8602022937958735
482,96.46430953969312,0.5,0.2,0.0,0.29166666666666663,0.1289635394189328,0.7080439271966622,0.10716830687002314,0.05582422651438267,1.8602022937958735
483,96.66444296197464,0.5,0.2,0.0,0.29166666666666663,0.12791792618981687,0.7086267578653102,0.10706602820216087,0.05638928774271292,1.8602022937958735
484,96.86457638425617,0.5,0.2,0.0,0.29166666666666663,0.12689609979340957,0.7091600068805609,0.10697825450097077,0.05696563882505954,1.8602022937958735
485,97.06470980653769,0.5,0.2,0.0,0.29166666666666663,0.1258980207580327,0.7096438289533061,0.10690486859449477,0.0575532816941672,1.8602022937958735
486,97.2648432288192,0.5,0.2,0.0,0.29166666666666663,0.12492363890951841,0.7100783933047392,0.10684575262156165,0.05815221516418144,1.8602022937958735
487,97.46497665110073,0.5,0.2,0.0,0.29166666666666663,0.12397289385016942,0.7104638835225671,0.10680078802954378,0.05876243459772031,1.8602022937958735
488,97.66511007338225,0.5,0.2,0.0,0.29166666666666663,0.12304571695584844,0.7108004958297056,0.10676985542798498,0.05938393178646157,1.8602022937958735
489,97.86524349566378,0.5,0.2,0.0,0.29166666666666663,0.12214203053761494,0.711088440332449,0.10675283469657293,0.06001669443336383,1.8602022937958735
490,98.06537691794529,0.5,0.2,0.0,0.29166666666666663,0.12126174793707596,0.7113279412933441,0.10674960500291863,0.06066070576666201,1.8602022937958735
491,98.26551034022681,0.5,0.2,0.0,0.29166666666666663,0.12040477436300225,0.7115192366302207,0.10676004474798574,0.061315944258792145,1.8602022937958735
492,98.46564376250834,0.5,0.2,0.0,0.29166666666666663,0.11957100727423758,0.7116625778945975,0.10678403154871619,0.06198238328244944,1.8602022937958735
493,98.66577718478986,0.5,0.2,0.0,0.29166666666666663,0.11876033674051827,0.7117582302759315,0.10682144221861951,0.06265999076493153,1.8602022937958735
494,98.86591060707137,0.5,0.2,0.0,0.29166666666666663,0.11797264715709692,0.7118064711517231,0.10687215262204344,0.06334872906913731,1.8602022937958735
495,99.0660440293529,0.5,0.2,0.0,0.29166666666666663,0.11720781700410879,0.7118075907411551,0.1069360377018491,0.0640485545528879,1.8602022937958735
496,99.26617745163442,0.5,0.2,0.0,0.29166666666666663,0.11646571832251328,0.7117618930640595,0.10701297152942492,0.0647594170840032,1.8602022937958735
497,99.46631087391594,0.5,0.2,0.0,0.29166666666666663,0.11574621766314493,0.7116696953159376,0.1071028272183069,0.06548125980261134,1.8602022937958735
498,99.66644429619745,0.5,0.2,0.0,0.29166666666666663,0.11504917643222237,0.7115313278915135,0.10720547688959134,0.06621401878667356,1.8602022937958735
499,99.86657771847898,0.5,0.2,0.0,0.29166666666666663,0.11437445121493513,0.7113471344309068,0.10732079163674205,0.06695762271741686,1.8602022937958735
500,100.0667111407605,0.5,0.2,0.0,0.29166666666666663,0.11372189442839874,0.711117471338219,0.10744864153212687,0.06771199270125615,1.8602022937958735
501,100.26684456304203,0.5,0.2,0.0,0.29166666666666663,0.1130913546913861,0.7108427077294429,0.10758889560262293,0.06847704197654886,1.8602022937958735
502,100.46697798532354,0.5,0.2,0.0,0.29166666666666663,0.11248267660898678,0.7105232262807311,0.10774142173870219,0.06925267537158084,1.8602022937958735
503,100.66711140760506,0.5,0.2,0.0,0.29166666666666663,0.11189570130462537,0.7101594228927075,0.10790608669638804,0.07003878910627996,1.8602022937958735
504,100.86724482988659,0.5,0.2,0.0,0.29166666666666663,0.11133026668303042,0.7097517067591416,0.10808275607124407,0.07083527048658483,1.8602022937958735
505,101.06737825216811,0.5,0.2,0.0,0.29166666666666663,0.11078620767314273,0.7093005004497306,0.10827129427452518,0.07164199760260243,1.8602022937958735
506,101.26751167444962,0.5,0.2,0.0,0.29166666666666663,0.11026335675478847,0.7088062396405845,0.10847156441960912,0.0724588391850188,1.8602022937958735
507,101.46764509673115,0.5,0.2,0.0,0.29166666666666663,0.10976154454991632,0.7082693727553067,0.10868342818555399,0.07328565450922404,1.8602022937958735
508,101.66777851901267,0.5,0.2,0.0,0.29166666666666663,0.10928059924284529,0.7076903620020752,0.10890674603349575,0.07412229272158474,1.8602022937958735
509,101.8679119412942,0.5,0.2,0.0,0.29166666666666663,0.10882034713660864,0.707069683030904,0.1091413770749952,0.0749685927574932,1.8602022937958735
510,102.0680453635757,0.5,0.2,0.0,0.29166666666666663,0.10838061287903761,0.7064078249741039,0.10938717903818967,0.0758243831086698,1.8602022937958735
511,102.26817878585723,0.5,0.2,0.0,0.29166666666666663,0.10796121966332442,0.7057052905026263,0.10964400823936955,0.07668948159468074,1.8602022937958735
512,102.46831220813876,0.5,0.2,0.0,0.29166666666666663,0.10756198942606415,0.7049625957871964,0.10991171958121576,0.0775636952055247,1.8602022937958735
513,102.66844563042028,0.5,0.2,0.0,0.29166666666666663,0.10718274305207857,0.7041802702782155,0.11019016660018544,0.07844682006952151,1.8602022937958735
514,102.8685790527018,0.5,0.2,0.0,0.29166666666666663,0.10682330049341553,0.7033588571574468,0.1104792013399833,0.07933864100915536,1.8602022937958735
515,103.06871247498331,0.5,0.2,0.0,0.29166666666666663,0.10648348093715063,0.7024989132206909,0.11077867437556847,0.08023893146659095,1.8602022937958735
516,103.26884589726484,0.5,0.2,0.0,0.29166666666666663,0.10616310294820738,0.7016010088710201,0.11108843480998881,0.08114745337078473,1.8602022937958735
517,103.46897931954636,0.5,0.2,0.0,0.29166666666666663,0.10586198459811137,0.7006657281217038,0.11140833027041178,0.08206395700977395,1.8602022937958735
518,103.66911274182789,0.5,0.2,0.0,0.29166666666666663,0.10557994360458599,0.6996936685484554,0.11173820689786407,0.08298818094909548,1.8602022937958735
519,103.8692461641094,0.5,0.2,0.0,0.29166666666666663,0.10531679756832737,0.6986854410357566,0.11207790929086103,0.08391985210505593,1.8602022937958735
520,104.06937958639092,0.5,0.2,0.0,0.29166666666666663,0.10507236391106216,0.6976416700238981,0.11242728058728811,0.08485868547775262,1.8602022937958735
521,104.26951300867245,0.5,0.2,0.0,0.29166666666666663,0.10484646000486532,0.6965629933800838,0.11278616245707071,0.08580438415798126,1.8602022937958735
522,104.46964643095397,0.5,0.2,0.0,0.29166666666666663,0.10463890327109643,0.6954500622887955,0.11315439510898737,0.08675663933112182,1.8602022937958735
523,104.66977985323548,0.5,0.2,0.0,0.29166666666666663,0.10444951125460221,0.6943035411503915,0.11353181730931791,0.08771513028568947,1.8602022937958735
524,104.869913275517,0.5,0.2,0.0,0.29166666666666663,0.10427810170978405,0.6931241074493288,0.11391826638965011,0.08867952445123813,1.8602022937958735
525,105.07004669779853,0.5,0.2,0.0,0.29166666666666663,0.10412449291284662,0.6919124514854146,0.114313578084726,0.08964947751701394,1.8602022937958735
526,105.27018012008006,0.5,0.2,0.0,0.29166666666666663,0.10398850346435948,0.6906692763288749,0.11471758674831149,0.09062463345845533,1.8602022937958735
527,105.47031354236157,0.5,0.2,0.0,0.29166666666666663,0.10386995235912314,0.6893952976158715,0.11513012536924253,0.09160462465576401,1.8602022937958735
528,105.67044696464309,0.5,0.2,0.0,0.29166666666666663,0.10376865908662139,0.6880912432997289,0.11555102556417704,0.09258907204947375,1.8602022937958735
529,105.87058038692462,0.5,0.2,0.0,0.29166666666666663,0.10368444368017664,0.6867578533969741,0.1159801176083578,0.09357758531449253,1.8602022937958735
530,106.07071380920614,0.5,0.2,0.0,0.29166666666666663,0.10361712675515622,0.6853958797175481,0.11641723046984097,0.09456976305745571,1.8602022937958735
531,106.27084723148765,0.5,0.2,0.0,0.29166666666666663,0.10356652935878875,0.6840060859695286,0.1168621918363651,0.09556519283531852,1.8602022937958735
532,106.47098065376917,0.5,0.2,0.0,0.29166666666666663,0.1035324731365131,0.6825892471255789,0.11731482816592112,0.09656345157198787,1.8602022937958735
533,106.6711140760507,0.5,0.2,0.0,0.29166666666666663,0.10351478039584944,0.6811461489735945,0.11777496473536953,0.09756410589518749,1.8602022937958735
534,106.87124749833222,0.5,0.2,0.0,0.29166666666666663,0.103513274062025,0.6796775878637169,0.1182424256868184,0.09856671238744065,1.8602022937958735
535,107.07138092061373,0.5,0.2,0.0,0.29166666666666663,0.10352777768083647,0.678184370308686,0.11871703408137213,0.09957081792910645,1.8602022937958735
536,107.27151434289526,0.5,0.2,0.0,0.29166666666666663,0.10355811543536758,0.6766673125137369,0.11919861195226733,0.10057596009862921,1.8602022937958735
537,107.47164776517678,0.5,0.2,0.0,0.29166666666666663,0.10360411214436319,0.6751272404851328,0.11968698022442957,0.10158166714607544,1.8602022937958735
538,107.67178118745831,0.5,0.2,0.0,0.29166666666666663,0.10366559338271329,0.6735649890621328,0.12018195879618093,0.10258745875897397,1.8602022937958735
539,107.87191460973982,0.5,0.2,0.0,0.29166666666666663,0.10374238526496114,0.6719814014556404,0.1206833667414335,0.10359284653796585,1.8602022937958735
540,108.07204803202134,0.5,0.2,0.0,0.29166666666666663,0.10383431452855753,0.6703773287843188,0.12119102228249942,0.10459733440462532,1.8602022937958735
541,108.27218145430287,0.5,0.2,0.0,0.29166666666666663,0.1039412085188547,0.6687536295283252,0.1217047428484473,0.10560041910437384,1.8602022937958735
542,108.47231487658439,0.5,0.2,0.0,0.29166666666666663,0.1040628951726551,0.6671111689498423,0.12222434513520766,0.1066015907422959,1.8602022937958735
543,108.6724482988659,0.5,0.2,0.0,0.29166666666666663,0.1041992029720103,0.6654508188745858,0.12274964511070155,0.10760033304270335,1.8602022937958735
544,108.87258172114743,0.5,0.2,0.0,0.29166666666666663,0.1043499609087142,0.6637734572710476,0.12328045804604687,0.10859612377419232,1.8602022937958735
545,109.07271514342895,0.5,0.2,0.0,0.29166666666666663,0.10451499850347973,0.6620799670148609,0.12381659866100062,0.10958843582065975,1.8602022937958735
546,109.27284856571048,0.5,0.2,0.0,0.29166666666666663,0.10469414575875471,0.6603712355240032,0.12435788114105283,0.11057673757619021,1.8602022937958735
547,109.47298198799199,0.5,0.2,0.0,0.29166666666666663,0.10488723312652418,0.6586481541081496,0.12490411919453104,0.11156049357079614,1.8602022937958735
548,109.67311541027351,0.5,0.2,0.0,0.29166666666666663,0.10509409139521957,0.6569116176389753,0.12545512612066032,0.11253916484514581,1.8602022937958735
549,109.87324883255503,0.5,0.2,0.0,0.29166666666666663,0.10531455169996679,0.6551625236418901,0.12601071486247384,0.11351220979567034,1.8602022937958735
550,110.07338225483656,0.5,0.2,0.0,0.29166666666666663,0.10554844550219442,0.6534017714880358,0.1265706980641107,0.1144790849456602,1.8602022937958735
551,110.27351567711807,0.5,0.2,0.0,0.29166666666666663,0.1057956045217753,0.6516302617607285,0.1271348881346358,0.11543924558286155,1.8602022937958735
552,110.4736490993996,0.5,0.2,0.0,0.29166666666666663,0.10605586070051802,0.6498488956321308,0.1277030972865007,0.11639214638085171,1.8602022937958735
553,110.67378252168112,0.5,0.2,0.0,0.29166666666666663,0.10632904623327633,0.6480585748521173,0.12827513745307534,0.11733724146153221,1.8602022937958735
554,110.87391594396264,0.5,0.2,0.0,0.29166666666666663,0.10661499342753518,0.6462602001957118,0.12885082049862653,0.11827398587812758,1.8602022937958735
555,111.07404936624415,0.5,0.2,0.0,0.29166666666666663,0.1069135346706208,0.6444546708829938,0.1294299582382143,0.11920183620817223,1.8602022937958735
556,111.27418278852568,0.5,0.2,0.0,0.29166666666666663,0.10722450238662475,0.6426428839096175,0.13001236247132364,0.1201202512324353,1.8602022937958735
557,111.4743162108072,0.5,0.2,0.0,0.29166666666666663,0.10754772898524326,0.6408257335739214,0.13059784500822869,0.12102869243260786,1.8602022937958735
558,111.67444963308873,0.5,0.2,0.0,0.29166666666666663,0.10788304680979663,0.6390041111303426,0.1311862176853012,0.12192662437456082,1.8602022937958735
559,111.87458305537024,0.5,0.2,0.0,0.29166666666666663,0.1082302880743024,0.6371789033233692,0.13177729246136713,0.12281351614096253,1.8602022937958735
560,112.07471647765176,0.5,0.2,0.0,0.29166666666666663,0.10858928480695428,0.6353509919367814,0.13237088143728176,0.12368884181898389,1.8602022937958735
561,112.27484989993329,0.5,0.2,0.0,0.29166666666666663,0.10895986878998683,0.6335212530729855,0.13296679689367075,0.1245520812433582,1.8602022937958735
562,112.47498332221481,0.5,0.2,0.0,0.29166666666666663,0.10934187155999357,0.6316905570137785,0.13356485127436438,0.12540272015186477,1.8602022937958735
563,112.67511674449632,0.5,0.2,0.0,0.29166666666666663,0.10973512432955383,0.6298597673359828,0.13416485723501023,0.12624025109945441,1.8602022937958735
564,112.87525016677785,0.5,0.2,0.0,0.29166666666666663,0.11013945788727425,0.6280297398305591,0.13476662770752312,0.12706417457464478,1.8602022937958735
565,113.07538358905937,0.5,0.2,0.0,0.29166666666666663,0.11055470256175672,0.6262013220467021,0.13536997590648758,0.1278739994850548,1.8602022937958735
566,113.2755170113409,0.5,0.2,0.0,0.29166666666666663,0.11098068816649828,0.6243753526767455,0.1359747153508792,0.1286692438058781,1.8602022937958735
567,113.4756504336224,0.5,0.2,0.0,0.29166666666666663,0.11141724400089674,0.6225526616248217,0.13658065985135667,0.129449434522926,1.8602022937958735
568,113.67578385590393,0.5,0.2,0.0,0.29166666666666663,0.1118641987352126,0.6207340687026096,0.1371876235611425,0.13021410900103642,1.8602022937958735
569,113.87591727818545,0.5,0.2,0.0,0.29166666666666663,0.11232138035457011,0.6189203830438875,0.1377954209908038,0.1309628156107398,1.8602022937958735
570,114.07605070046698,0.5,0.2,0.0,0.29166666666666663,0.11278861611040847,0.6171124026215463,0.1384038670163083,0.13169511425173808,1.8602022937958735
571,114.27618412274849,0.5,0.2,0.0,0.29166666666666663,0.11326573247353958,0.6153109138574385,0.1390127768938591,0.13241057677516402,1.8602022937958735
572,114.47631754503001,0.5,0.2,0.0,0.29166666666666663,0.11375255511023817,0.6135166916437955,0.13962196627992596,0.13310878696604156,1.8602022937958735
573,114.67645096731154,0.5,0.2,0.0,0.29166666666666663,0.11424890877745025,0.6117304979913859,0.14023125122373556,0.13378934200742942,1.8602022937958735
574,114.87658438959306,0.5,0.2,0.0,0.29166666666666663,0.11475461728411342,0.6099530818291801,0.14084044817852998,0.13445185270817775,1.8602022937958735
575,115.07671781187457,0.5,0.2,0.0,0.29166666666666663,0.11526950343622451,0.6081851785408242,0.14144937400564428,0.13509594401730815,1.8602022937958735
576,115.2768512341561,0.5,0.2,0.0,0.29166666666666663,0.11579338903048919,0.6064275099931191,0.1420578460095561,0.1357212549668367,1.8602022937958735
577,115.47698465643762,0.5,0.2,0.0,0.29166666666666663,0.11632609479950973,0.6046807841000316,0.1426656819382008,0.13632743916225903,1.8602022937958735
578,115.67711807871915,0.5,0.2,0.0,0.29166666666666663,0.11686744029718045,0.60294569381081,0.14327269994086908,0.13691416595114167,1.8602022937958735
579,115.87725150100066,0.5,0.2,0.0,0.29166666666666663,0.11741724388171779,0.6012229170798191,0.1438787185899787,0.13748112044848562,1.8602022937958735
580,116.07738492328218,0.5,0.2,0.0,0.29166666666666663,0.1179753226660039,0.599513116529835,0.14448355687867293,0.13802800392548942,1.8602022937958735
581,116.2775183455637,0.5,0.2,0.0,0.29166666666666663,0.11854149246878944,0.5978169391412108,0.14508703421686917,0.1385545341731318,1.8602022937958735
582,116.47765176784523,0.5,0.2,0.0,0.29166666666666663,0.11911556776924768,0.5961350159877332,0.1456889704302271,0.13906044581279312,1.8602022937958735
583,116.67778519012674,0.5,0.2,0.0,0.29166666666666663,0.1196973617655692,0.5944679628256063,0.14628918595004267,0.13954548945878287,1.8602022937958735
584,116.87791861240827,0.5,0.2,0.0,0.29166666666666663,0.12028668625699468,0.592816379291457,0.14688750166946152,0.1400094327820878,1.8602022937958735
585,117.07805203468979,0.5,0.2,0.0,0.29166666666666663,0.12088335156973173,0.5911808484739157,0.14748373887783706,0.1404520610785164,1.8602022937958735
586,117.27818545697131,0.5,0.2,0.0,0.29166666666666663,0.12148716655792362,0.5895619371089945,0.14807771933130703,0.14087317700177565,1.8602022937958735
587,117.47831887925283,0.5,0.2,0.0,0.29166666666666663,0.12209793857217201,0.5879601955400889,0.14866926525850516,0.14127260062923458,1.8602022937958735
588,117.67845230153435,0.5,0.2,0.0,0.29166666666666663,0.12271547343084738,0.5863761577253572,0.149258199367082,0.14165016947671413,1.8602022937958735
589,117.87858572381587,0.5,0.2,0.0,0.29166666666666663,0.123339575385228,0.5848103410676688,0.14984434485798642,0.14200573868911748,1.8602022937958735
590,118.0787191460974,0.5,0.2,0.0,0.29166666666666663,0.12397004699977009,0.5832632441084636,0.15042752550640948,0.14233918338535756,1.8602022937958735
591,118.27885256837891,0.5,0.2,0.0,0.29166666666666663,0.12460668923691222,0.5817353492785987,0.15100756559409542,0.14265039589039438,1.8602022937958735
592,118.47898599066043,0.5,0.2,0.0,0.29166666666666663,0.12524930142535717,0.5802271227219913,0.15158428993245168,0.1429392859202006,1.8602022937958735
593,118.67911941294196,0.5,0.2,0.0,0.29166666666666663,0.12589768122298098,0.578739013953396,0.15215752389394155,0.14320578092968234,1.8602022937958735
594,118.87925283522348,0.5,0.2,0.0,0.29166666666666663,0.1265516246002203,0.5772714559909461,0.1527270934327841,0.14344982597605027,1.8602022937958735
595,119.07938625750499,0.5,0.2,0.0,0.29166666666666663,0.12721092582654867,0.5758248655290589,0.15329282510819267,0.14367138353620054,1.8602022937958735
596,119.27951967978652,0.5,0.2,0.0,0.29166666666666663,0.12787537745133287,0.5743996425568235,0.15385454611746321,0.14387043387438117,1.8602022937958735
597,119.47965310206804,0.5,0.2,0.0,0.29166666666666663,0.12854477026262032,0.5729961683050881,0.1544120843524644,0.14404697707982783,1.8602022937958735
598,119.67978652434957,0.5,0.2,0.0,0.29166666666666663,0.12921889333269926,0.57161480885447,0.15496526839203983,0.1442010294207915,1.8602022937958735
599,119.87991994663108,0.5,0.2,0.0,0.29166666666666663,0.12989753400067522,0.5702559142977593,0.15551392755138363,0.14433262415018228,1.8602022937958735
600,120.0800533689126,0.5,0.2,0.0,0.29166666666666663,0.13058047787004307,0.5689198187077622,0.15605789192578842,0.1444418114964067,1.8602022937958735
601,120.28018679119413,0.5,0.2,0.0,0.29166666666666663,0.13126750881301077,0.5676068403470954,0.15659699243570097,0.14452865840419316,1.8602022937958735
602,120.48032021347565,0.5,0.2,0.0,0.29166666666666663,0.1319584089784457,0.566317281901283,0.15713106087589696,0.14459324824437453,1.8602022937958735
603,120.68045363575716,0.5,0.2,0.0,0.29166666666666663,0.1326529587271858,0.5650514302401332,0.1576599299566766,0.1446356810760046,1.8602022937958735
604,120.88058705803869,0.5,0.2,0.0,0.29166666666666663,0.13335093655172187,0.5638095560760531,0.15818343334643903,0.14465607402578626,1.8602022937958735
605,121.08072048032021,0.5,0.2,0.0,0.29166666666666663,0.1340521193037573,0.5625919156151772,0.15870140576790345,0.14465455931316226,1.8602022937958735
606,121.28085390260173,0.5,0.2,0.0,0.29166666666666663,0.13475628211489057,0.5613987502162383,0.15921368304917413,0.14463128461969726,1.8602022937958735
607,121.48098732488324,0.5,0.2,0.0,0.29166666666666663,0.13546319840623575,0.560230286621697,0.15972010219355967,0.14458641277850784,1.8602022937958735
608,121.68112074716477,0.5,0.2,0.0,0.29166666666666663,0.13617263990450146,0.5590867372257717,0.16022050145504615,0.14452012141468093,1.8602022937958735
609,121.8812541694463,0.5,0.2,0.0,0.29166666666666663,0.1368843766607516,0.5579683003540783,0.16071472041899207,0.14443260256617843,1.8602022937958735
610,122.08138759172782,0.5,0.2,0.0,0.29166666666666663,0.13759817719650466,0.5568751601494024,0.1612025999029099,0.14432406275118348,1.8602022937958735
611,122.28152101400933,0.5,0.2,0.0,0.29166666666666663,0.13831380851723984,0.5558074869074929,0.1616839820640743,0.14419472251119336,1.8602022937958735
612,122.48165443629085,0.5,0.2,0.0,0.29166666666666663,0.13903103600725902,0.5547654378170404,0.16215871069344218,0.1440448154822589,1.8602022937958735
613,122.68178785857238,0.5,0.2,0.0,0.29166666666666663,0.13974962355059037,0.5537491569835808,0.16262663118356752,0.14387458828226168,1.8602022937958735
614,122.8819212808539,0.5,0.2,0.0,0.29166666666666663,0.14046933357807417,0.552758775710923,0.16308759061662562,0.1436843000943776,1.8602022937958735
615,123.08205470313541,0.5,0.2,0.0,0.29166666666666663,0.14118992711893918,0.5517944127851852,0.1635414378563281,0.14347422223954795,1.8602022937958735
616,123.28218812541694,0.5,0.2,0.0,0.29166666666666663,0.14191116385346325,0.5508561747578066,0.16398802364073278,0.14324463774799778,1.8602022937958735
617,123.48232154769846,0.5,0.2,0.0,0.29166666666666663,0.14263280204475742,0.5499441561310118,0.16442720056984753,0.14299584125438364,1.8602022937958735
618,123.68245496997999,0.5,0.2,0.0,0.29166666666666663,0.14335459869932532,0.5490584397187138,0.16485882329207924,0.14272813828988187,1.8602022937958735
619,123.8825883922615,0.5,0.2,0.0,0.29166666666666663,0.144076309667136,0.5481990969552539,0.1652827486379298,0.14244184473968055,1.8602022937958735
620,124.08272181454302,0.5,0.2,0.0,0.29166666666666663,0.14479768966666615,0.5473661881396141,0.16569883568825497,0.14213728650546487,1.8602022937958735
621,124.28285523682455,0.5,0.2,0.0,0.29166666666666663,0.14551849235420014,0.5465597627076039,0.1661069458807967,0.1418147990573994,1.8602022937958735
622,124.48298865910607,0.5,0.2,0.0,0.29166666666666663,0.14623847039710486,0.5457798594994869,0.16650694311992045,0.14147472698348776,1.8602022937958735
623,124.68312208138758,0.5,0.2,0.0,0.29166666666666663,0.1469573755450922,0.5450265070437694,0.16689869387395156,0.14111742353718693,1.8602022937958735
624,124.8832555036691,0.5,0.2,0.0,0.29166666666666663,0.14767495865407193,0.5442997240192556,0.16728206714250926,0.14074325018416334,1.8602022937958735
625,125.08338892595063,0.5,0.2,0.0,0.29166666666666663,0.1483909698351987,0.5435995192753597,0.16765693474041443,0.14035257614902735,1.8602022937958735
626,125.28352234823215,0.5,0.2,0.0,0.29166666666666663,0.14910515853300285,0.5429258921134964,0.1680231713905341,0.1399457779629669,1.8602022937958735
627,125.48365577051366,0.5,0.2,0.0,0.29166666666666663,0.1498172736050598,0.5422788325688427,0.16838065481295775,0.13952323901314012,1.8602022937958735
628,125.68378919279519,0.5,0.2,0.0,0.29166666666666663,0.15052706341514685,0.5416583216488385,0.16872926584131454,0.13908534909470044,1.8602022937958735
629,125.88392261507671,0.5,0.2,0.0,0.29166666666666663,0.15123427593015476,0.5410643315625826,0.1690688885409304,0.13863250396633273,1.8602022937958735
630,126.08405603735824,0.5,0.2,0.0,0.29166666666666663,0.15193865883635896,0.5404968260143381,0.16939941027502398,0.1381651048742794,1.8602022937958735
631,126.28418945963975,0.5,0.2,0.0,0.29166666666666663,0.152639959701251,0.5399557606847221,0.1697207216285991,0.13768355798542828,1.8602022937958735
632,126.48432288192127,0.5,0.2,0.0,0.29166666666666663,0.1533379260044372,0.5394410830600235,0.1700327167986278,0.13718827413691195,1.8602022937958735
633,126.6844563042028,0.5,0.2,0.0,0.29166666666666663,0.15403230527960032,0.5389527327585919,0.17033529361607277,0.13667966834573533,1.8602022937958735
634,126.88458972648432,0.5,0.2,0.0,0.29166666666666663,0.1547228452419116,0.5384906417565,0.17062835363290135,0.13615815936868733,1.8602022937958735
635,127.08472314876583,0.5,0.2,0.0,0.29166666666666663,0.15540929391545744,0.5380547345807645,0.170911802223869,0.13562416927990928,1.8602022937958735
636,127.28485657104736,0.5,0.2,0.0,0.29166666666666663,0.1560913997433389,0.5376449285245973,0.17118554869811853,0.1350781230339454,1.8602022937958735
637,127.48498999332888,0.5,0.2,0.0,0.29166666666666663,0.15676891153050984,0.5372611341060275,0.17144950649833487,0.13452044786512793,1.8602022937958735
638,127.6851234156104,0.5,0.2,0.0,0.29166666666666663,0.15744157878903248,0.5369032549264401,0.17170359319116688,0.1339515730933607,1.8602022937958735
639,127.88525683789192,0.5,0.2,0.0,0.29166666666666663,0.15810915184097757,0.5365711878825781,0.17194773058385796,0.13337192969258657,1.8602022937958735
640,128.08539026017345,0.5,0.2,0.0,0.29166666666666663,0.1587713819216716,0.5362648233723718,0.1721818448407475,0.1327819498652093,1.8602022937958735
641,128.28552368245496,0.5,0.2,0.0,0.29166666666666663,0.15942802131474038,0.5359840454475493,0.17240586658310686,0.13218206665460366,1.8602022937958735
642,128.48565710473648,0.5,0.2,0.0,0.29166666666666663,0.16007882349200586,0.535728731965435,0.17261973098204583,0.13157271356051356,1.8602022937958735
643,128.685790527018,0.5,0.2,0.0,0.29166666666666663,0.1607235433138152,0.5354987549722834,0.17282337771690534,0.13095432399699627,1.8602022937958735
644,128.88592394929952,0.5,0.2,0.0,0.29166666666666663,0.16136193712696026,0.5352939806370247,0.1730167511716832,0.1303273310643321,1.8602022937958735
645,129.08605737158106,0.5,0.2,0.0,0.29166666666666663,0.1619937629025121,0.5351142693305329,0.17319980054329293,0.12969216722366234,1.8602022937958735
646,129.28619079386257,0.5,0.2,0.0,0.29166666666666663,0.16261878040473582,0.5349594758133863,0.17337247988155816,0.12904926390031993,1.8602022937958735
647,129.48632421614408,0.5,0.2,0.0,0.29166666666666663,0.16323675134729643,0.5348294493488737,0.17353474816089795,0.1283990511429321,1.8602022937958735
648,129.68645763842562,0.5,0.2,0.0,0.29166666666666663,0.1638474395521943,0.5347240338072491,0.17368656934759827,0.1277419572929584,1.8602022937958735
649,129.88659106070713,0.5,0.2,0.0,0.29166666666666663,0.164450611048759,0.5346430679311662,0.17382791248408258,0.1270784085359922,1.8602022937958735
650,130.08672448298864,0.5,0.2,0.0,0.29166666666666663,0.1650460342555018,0.5345863853741448,0.17395875174052614,0.12640882862982725,1.8602022937958735
651,130.28685790527018,0.5,0.2,0.0,0.29166666666666663,0.165633480191132,0.5345538146576144,0.17407906645212076,0.12573363869913284,1.8602022937958735
652,130.4869913275517,0.5,0.2,0.0,0.29166666666666663,0.16621272260795344,0.5345451793362761,0.17418884117866043,0.12505325687711003,1.8602022937958735
653,130.68712474983323,0.5,0.2,0.0,0.29166666666666663,0.16678353815664185,0.5345602980754405,0.17428806574848263,0.12436809801943506,1.8602022937958735
654,130.88725817211474,0.5,0.2,0.0,0.29166666666666663,0.1673457065527385,0.5345989847206143,0.17437673529676082,0.12367857342988642,1.8602022937958735
655,131.08739159439625,0.5,0.2,0.0,0.29166666666666663,0.16789901066834104,0.5346610484891438,0.17445485034056457,0.12298509050195056,1.8602022937958735
656,131.2875250166778,0.5,0.2,0.0,0.29166666666666663,0.16844323664907235,0.534746294113667,0.17452241683455888,0.12228805240270176,1.8602022937958735
657,131.4876584389593,0.5,0.2,0.0,0.29166666666666663,0.16897817422650976,0.5348545216480254,0.17457944611209852,0.12158785801336634,1.8602022937958735
658,131.6877918612408,0.5,0.2,0.0,0.29166666666666663,0.16950361680900158,0.5349855266440523,0.17462595494416283,0.1208849016027834,1.8602022937958735
659,131.88792528352235,0.5,0.2,0.0,0.29166666666666663,0.17001936163913942,0.5351391002092526,0.17466196555499308,0.12017957259661502,1.8602022937958735
660,132.08805870580386,0.5,0.2,0.0,0.29166666666666663,0.17052520995147052,0.5353150290580139,0.17468750563121116,0.11947225535930452,1.8602022937958735
661,132.2881921280854,0.5,0.2,0.0,0.29166666666666663,0.17102096715016193,0.5355130955752285,0.174702608315941,0.11876332895866859,1.8602022937958735
662,132.4883255503669,0.5,0.2,0.0,0.29166666666666663,0.17150644301394505,0.5357330778986377,0.17470731218457186,0.11805316690284545,1.8602022937958735
663,132.68845897264842,0.5,0.2,0.0,0.29166666666666663,0.17198145177404278,0.5359747498930666,0.17470166126725034,0.1173421370656402,1.8602022937958735
664,132.88859239492996,0.5,0.2,0.0,0.29166666666666663,0.17244581230144695,0.5362378812115325,0.17468570501774489,0.11663060146927563,1.8602022937958735
665,133.08872581721147,0.5,0.2,0.0,0.29166666666666663,0.1728993482678791,0.5365222373317411,0.1746594982858791,0.11591891611450066,1.8602022937958735
666,133.28885923949298,0.5,0.2,0.0,0.29166666666666663,0.17334188830295474,0.5368275795867977,0.1746231012837402,0.11520743082650721,1.8602022937958735
667,133.48899266177452,0.5,0.2,0.0,0.29166666666666663,0.17377326612509547,0.5371536652169395,0.17457657956945333,0.1144964890885116,1.8602022937958735
668,133.68912608405603,0.5,0.2,0.0,0.29166666666666663,0.1741933205536654,0.5375002475319489,0.17452000414090726,0.11378642777347836,1.8602022937958735
669,133.88925950633757,0.5,0.2,0.0,0.29166666666666663,0.17460189583172356,0.5378670757682524,0.17445345120876454,0.11307757719125952,1.8602022937958735
670,134.08939292861908,0.5,0.2,0.0,0.29166666666666663,0.17499884172509236,0.5382538951583733,0.1743770021838809,0.11237026093265357,1.8602022937958735
671,134.2895263509006,0.5,0.2,0.0,0.29166666666666663,0.17538401364120204,0.5386604469768839,0.17429074363480504,0.11166479574710926,1.8602022937958735
672,134.48965977318213,0.5,0.2,0.0,0.29166666666666663,0.17575727276028336,0.5390864685700678,0.17419476722246163,0.1109614914471874,1.8602022937958735
673,134.68979319546364,0.5,0.2,0.0,0.29166666666666663,0.17611848615115563,0.539531693398578,0.17408916963222335,0.11026065081804336,1.8602022937958735
674,134.88992661774515,0.5,0.2,0.0,0.29166666666666663,0.1764675269488031,0.5399958510229016,0.17397405258262572,0.10956256944566986,1.8602022937958735
675,135.09006004002669,0.5,0.2,0.0,0.29166666666666663,0.17680427437269805,0.5404786672269085,0.17384952265419848,0.1088675357461952,1.8602022937958735
676,135.2901934623082,0.5,0.2,0.0,0.29166666666666663,0.17712861392708507,0.5409798639546217,0.17371569121300914,0.1081758309052842,1.8602022937958735
677,135.49032688458973,0.5,0.2,0.0,0.29166666666666663,0.17744043747761987,0.5414991593796696,0.1735726743307006,0.10748772881200996,1.8602022937958735
678,135.69046030687124,0.5,0.2,0.0,0.29166666666666663,0.1777396433562602,0.5420362679364246,0.1734205926865513,0.106803496020764,1.8602022937958735
679,135.89059372915276,0.5,0.2,0.0,0.29166666666666663,0.17802613646048315,0.5425909003529596,0.17325957146395402,0.10612339172260309,1.8602022937958735
680,136.0907271514343,0.5,0.2,0.0,0.29166666666666663,0.17829982838055655,0.5431627636679867,0.17308974028658938,0.10544766766486732,1.8602022937958735
681,136.2908605737158,0.5,0.2,0.0,0.29166666666666663,0.17856063747570244,0.5437515612736364,0.17291123308803288,0.10477656816262813,1.8602022937958735
682,136.49099399599731,0.5,0.2,0.0,0.29166666666666663,0.17880848894216225,0.5443569929613417,0.17272418797252606,0.10411033012397003,1.8602022937958735
683,136.69112741827885,0.5,0.2,0.0,0.29166666666666663,0.17904331490304307,0.5449787549550152,0.17252874710702243,0.10344918303491926,1.8602022937958735
684,136.89126084056036,0.5,0.2,0.0,0.29166666666666663,0.17926505445859495,0.5456165399621066,0.17232505661506883,0.1027933489642296,1.8602022937958735
685,137.0913942628419,0.5,0.2,0.0,0.29166666666666663,0.17947365370862753,0.5462700372364426,0.1721132664854065,0.10214304256952332,1.8602022937958735
686,137.2915276851234,0.5,0.2,0.0,0.29166666666666663,0.17966906587488218,0.5469389325954318,0.1718935303783308,0.10149847115135517,1.8602022937958735
687,137.49166110740492,0.5,0.2,0.0,0.29166666666666663,0.17985125132625931,0.5476229084801798,0.1716660055101706,0.10085983468339023,1.8602022937958735
688,137.69179452968646,0.5,0.2,0.0,0.29166666666666663,0.18002017762204467,0.5483216440072782,0.17143085251816614,0.10022732585251104,1.8602022937958735
689,137.89192795196797,0.5,0.2,0.0,0.29166666666666663,0.18017581957788015,0.549034815014803,0.17118823537400465,0.09960113003331227,1.8602022937958735
690,138.09206137424948,0.5,0.2,0.0,0.29166666666666663,0.18031815927192799,0.5497620941245848,0.17093832118786007,0.09898142541562718,1.8602022937958735
691,138.29219479653102,0.5,0.2,0.0,0.29166666666666663,0.18044718607127513,0.5505031507996017,0.17068128006010158,0.09836838306902161,1.8602022937958735
692,138.49232821881253,0.5,0.2,0.0,0.29166666666666663,0.1805628966564709,0.5512576514023434,0.1704172849372951,0.09776216700389054,1.8602022937958735
693,138.69246164109407,0.5,0.2,0.0,0.29166666666666663,0.1806652950004849,0.5520252592931078,0.17014651150189064,0.09716293420451666,1.8602022937958735
694,138.89259506337558,0.5,0.2,0.0,0.29166666666666663,0.1807543923691503,0.5528056349015587,0.16986913802152137,0.0965708347077696,1.8602022937958735
695,139.0927284856571,0.5,0.2,0.0,0.29166666666666663,0.18083020735392377,0.5535984357602347,0.16958534514364315,0.09598601174219823,1.8602022937958735
696,139.29286190793863,0.5,0.2,0.0,0.29166666666666663,0.1808927658434666,0.5544033165976817,0.16929531575869503,0.09540860180015655,1.8602022937958735
697,139.49299533022014,0.5,0.2,0.0,0.29166666666666663,0.18094210099815744,0.5552199294247534,0.16899923485749,0.09483873471959907,1.8602022937958735
698,139.69312875250165,0.5,0.2,0.0,0.29166666666666663,0.1809782531965177,0.5560479236474312,0.16869728944213483,0.09427653371391627,1.8602022937958735
699,139.8932621747832,0.5,0.2,0.0,0.29166666666666663,0.18100127003467617,0.5568869461158334,0.1683896682747121,0.09372211557477825,1.8602022937958735
700,140.0933955970647,0.5,0.2,0.0,0.29166666666666663,0.18101120627498574,0.5577366412250849,0.168076561740027,0.09317559075990232,1.8602022937958735
701,140.29352901934624,0.5,0.2,0.0,0.29166666666666663,0.18100812379449716,0.5585966510119483,0.1677581616896542,0.09263706350390025,1.8602022937958735
702,140.49366244162775,0.5,0.2,0.0,0.29166666666666663,0.18099209152189366,0.5594666152688724,0.16743466135011156,0.09210663185912239,1.8602022937958735
703,140.69379586390926,0.5,0.2,0.0,0.29166666666666663,0.18096318537684447,0.5603461716359714,0.16710625511779867,0.09158438786938537,1.8602022937958735
704,140.8939292861908,0.5,0.2,0.0,0.29166666666666663,0.18092148819965626,0.56123495570288,0.16677313838098326,0.09107041771648053,1.8602022937958735
705,141.0940627084723,0.5,0.2,0.0,0.29166666666666663,0.1808670896706696,0.5621326011219362,0.16643550737522314,0.09056480183217104,1.8602022937958735
706,141.29419613075382,0.5,0.2,0.0,0.29166666666666663,0.1808000862468517,0.5630387397135543,0.16609355906115683,0.09006761497843711,1.8602022937958735
707,141.49432955303536,0.5,0.2,0.0,0.29166666666666663,0.18072058098391036,0.5639530016282202,0.1657474910056747,0.08957892638219477,1.8602022937958735
708,141.69446297531687,0.5,0.2,0.0,0.29166666666666663,0.18062868359830558,0.5648750153794545,0.16539750114647364,0.08909879987576626,1.8602022937958735
709,141.8945963975984,0.5,0.2,0.0,0.29166666666666663,0.18052451020431629,0.5658044080473577,0.16504378767024153,0.08862729407808458,1.8602022937958735
710,142.09472981987992,0.5,0.2,0.0,0.29166666666666663,0.18040818327401986,0.5667408053698683,0.1646865488761379,0.08816446247997399,1.8602022937958735
711,142.29486324216143,0.5,0.2,0.0,0.29166666666666663,0.18027983154337746,0.5676838318625406,0.16432598312891677,0.08771035346516526,1.8602022937958735
712,142.49499666444297,0.5,0.2,0.0,0.29166666666666663,0.18013958983833353,0.5686331109720827,0.16396228856416759,0.08726501062541633,1.8602022937958735
713,142.69513008672448,0.5,0.2,0.0,0.29166666666666663,0.1799875989565879,0.5695882652063953,0.16359566296608952,0.08682847287092754,1.8602022937958735
714,142.89526350900599,0.5,0.2,0.0,0.29166666666666663,0.17982400554469669,0.5705489162665829,0.16322630363079002,0.0864007745579306,1.8602022937958735
715,143.09539693128752,0.5,0.2,0.0,0.29166666666666663,0.17964896197056585,0.5715146851809093,0.16285440721537725,0.08598194563314784,1.8602022937958735
716,143.29553035356903,0.5,0.2,0.0,0.29166666666666663,0.17946262610293184,0.5724851924769013,0.16248016984675762,0.08557201157340946,1.8602022937958735
717,143.49566377585057,0.5,0.2,0.0,0.29166666666666663,0.17926516119999328,0.5734600583086863,0.1621037869256673,0.08517099356565344,1.8602022937958735
718,143.69579719813208,0.5,0.2,0.0,0.29166666666666663,0.17905673588268664,0.5744389025496103,0.16172545269436486,0.08477890887333854,1.8602022937958735
719,143.8959306204136,0.5,0.2,0.0,0.29166666666666663,0.17883752394709723,0.5754213449508373,0.1613453602534827,0.08439577084858306,1.8602022937958735
720,144.09606404269513,0.5,0.2,0.0,0.29166666666666663,0.1786077042334257,0.5764070052767511,0.16096370142096622,0.08402158906885716,1.8602022937958735
721,144.29619746497664,0.5,0.2,0.0,0.29166666666666663,0.17836746036806708,0.5773955034978043,0.16058066668596022,0.08365636944816861,1.8602022937958735
722,144.49633088725815,0.5,0.2,0.0,0.29166666666666663,0.17811697996356876,0.578386460228811,0.16019644556834786,0.08330011423927264,1.8602022937958735
723,144.6964643095397,0.5,0.2,0.0,0.29166666666666663,0.1778564554076485,0.5793794964477998,0.1598112257892418,0.08295282235531008,1.8602022937958735
724,144.8965977318212,0.5,0.2,0.0,0.29166666666666663,0.17758608349741947,0.5803742337376941,0.15942519330557411,0.08261448945931255,1.8602022937958735
725,145.09673115410274,0.5,0.2,0.0,0.29166666666666663,0.17730606520838896,0.5813702944669741,0.15903853224383824,0.08228510808079909,1.8602022937958735
726,145.29686457638425,0.5,0.2,0.0,0.29166666666666663,0.17701660554296686,0.5823673019342844,0.1586514247744622,0.0819646677482867,1.8602022937958735
727,145.49699799866576,0.5,0.2,0.0,0.29166666666666663,0.17671791280447116,0.5833648807370518,0.15826405149751976,0.0816531549609575,1.8602022937958735
728,145.6971314209473,0.5,0.2,0.0,0.29166666666666663,0.1764101986253441,0.5843626568460214,0.15787659115715327,0.08135055337148157,1.8602022937958735
729,145.8972648432288,0.5,0.2,0.0,0.29166666666666663,0.17609367833317008,0.5853602575480823,0.15748922005533456,0.08105684406341344,1.8602022937958735
730,146.09739826551032,0.5,0.2,0.0,0.29166666666666663,0.17576857046966227,0.5863573117193621,0.15710211221952955,0.0807720055914464,1.8602022937958735
731,146.29753168779186,0.5,0.2,0.0,0.29166666666666663,0.17543509661948825,0.5873534499775103,0.15671543929458967,0.08049601410841217,1.8602022937958735
732,146.49766511007337,0.5,0.2,0.0,0.29166666666666663,0.17509348114114048,0.5883483048569257,0.15632937058530222,0.08022884341663206,1.8602022937958735
733,146.6977985323549,0.5,0.2,0.0,0.29166666666666663,0.17474395055402783,0.5893415110645133,0.15594407362768353,0.07997046475377578,1.8602022937958735
734,146.89793195463642,0.5,0.2,0.0,0.29166666666666663,0.17438673400370253,0.5903327054828958,0.15555971310206326,0.07972084741133874,1.8602022937958735
735,147.09806537691793,0.5,0.2,0.0,0.29166666666666663,0.1740220629113358,0.5913215273647092,0.15517645100082142,0.07947995872313386,1.8602022937958735
736,147.29819879919947,0.5,0.2,0.0,0.29166666666666663,0.1736501707413701,0.5923076184992149,0.15479444661436698,0.07924776414504843,1.8602022937958735
737,147.49833222148098,0.5,0.2,0.0,0.29166666666666663,0.17327129281635995,0.5932906233674394,0.15441385644620584,0.07902422736999512,1.8602022937958735
738,147.6984656437625,0.5,0.2,0.0,0.29166666666666663,0.17288566597997082,0.5942701892355483,0.1540348347490272,0.07880931003545401,1.8602022937958735
739,147.89859906604403,0.5,0.2,0.0,0.29166666666666663,0.17249352847785085,0.595245966336846,0.15365753316971129,0.0786029720155922,1.8602022937958735
740,148.09873248832554,0.5,0.2,0.0,0.29166666666666663,0.17209511988604445,0.5962176080731177,0.15328210019989422,0.07840517184094387,1.8602022937958735
741,148.29886591060708,0.5,0.2,0.0,0.29166666666666663,0.17169068084813474,0.5971847711381638,0.15290868140881309,0.07821586660488858,1.8602022937958735
742,148.4989993328886,0.5,0.2,0.0,0.29166666666666663,0.17128045288557467,0.598147115671104,0.15253741937682053,0.0780350120665011,1.8602022937958735
743,148.6991327551701,0.5,0.2,0.0,0.29166666666666663,0.17086467824028037,0.5991043053334234,0.15216845383765418,0.07786256258864221,1.8602022937958735
744,148.89926617745164,0.5,0.2,0.0,0.29166666666666663,0.1704435998004144,0.6000560071893863,0.15180192235896403,0.07769847065123545,1.8602022937958735
745,149.09939959973315,0.5,0.2,0.0,0.29166666666666663,0.1700174607140748,0.6010018923241379,0.15143795900349513,0.07754268795829239,1.8602022937958735
746,149.29953302201466,0.5,0.2,0.0,0.29166666666666663,0.1695865042626239,0.6019416358481031,0.15107669467022075,0.07739516521905249,1.8602022937958735
747,149.4996664442962,0.5,0.2,0.0,0.29166666666666663,0.16915097368588738,0.6028749170151474,0.15071825712406162,0.0772558521749038,1.8602022937958735
748,149.6997998665777,0.5,0.2,0.0,0.29166666666666663,0.1687111119948134,0.6038014193703788,0.15036277094446543,0.07712469769034262,1.8602022937958735
749,149.89993328885924,0.5,0.2,0.0,0.29166666666666663,0.16826716178459689,0.6047208308973132,0.15001035747514907,0.07700164984294111,1.8602022937958735
750,150.10006671114076,0.5,0.2,0.0,0.29166666666666663,0.16781936550101603,0.6056328435447774,0.14966113590557562,0.07688665504863124,1.8602022937958735
751,150.30020013342227,0.5,0.2,0.0,0.29166666666666663,0.16736796506533,0.6065371536316801,0.14931522275066753,0.07677965855232269,1.8602022937958735
752,150.5003335557038,0.5,0.2,0.0,0.29166666666666663,0.16691320125738568,0.6074334625826948,0.14897273072673267,0.07668060543318721,1.8602022937958735
753,150.70046697798531,0.5,0.2,0.0,0.29166666666666663,0.16645531381006134,0.6083214766904139,0.14863376940370054,0.07658944009582452,1.8602022937958735
754,150.90060040026682,0.5,0.2,0.0,0.29166666666666663,0.16599454123191582,0.6092009072494791,0.14829844517864924,0.07650610633995626,1.8602022937958735
755,151.10073382254836,0.5,0.2,0.0,0.29166666666666663,0.16553112062983802,0.6100714706907094,0.14796686124933298,0.07643054743011997,1.8602022937958735
756,151.30086724482987,0.5,0.2,0.0,0.29166666666666663,0.16506528770366743,0.6109328885530352,0.14763911775011634,0.07636270599318142,1.8602022937958735
757,151.5010006671114,0.5,0.2,0.0,0.29166666666666663,0.16459727766544244,0.6117848865833586,0.14731531276111495,0.07630252299008444,1.8602022937958735
758,151.70113408939292,0.5,0.2,0.0,0.29166666666666663,0.1641273234903484,0.6126271963530487,0.14699554079742902,0.07624993935917426,1.8602022937958735
759,151.90126751167443,0.5,0.2,0.0,0.29166666666666663,0.16365565609390534,0.6134595550576851,0.146679893117492,0.07620489573091793,1.8602022937958735
760,152.10140093395597,0.5,0.2,0.0,0.29166666666666663,0.16318250434335813,0.6142817054731741,0.14636845787484176,0.07616733230862648,1.8602022937958735
761,152.30153435623748,0.5,0.2,0.0,0.29166666666666663,0.16270809489982632,0.6150933960714854,0.14606132011006406,0.07613718891862462,1.8602022937958735
762,152.501667778519,0.5,0.2,0.0,0.29166666666666663,0.1622326520604536,0.6158943811363908,0.1457585617427354,0.07611440506042051,1.8602022937958735
763,152.70180120080053,0.5,0.2,0.0,0.29166666666666663,0.16175639849590503,0.6166844200956482,0.14546026211029586,0.07609891929815127,1.8602022937958735
764,152.90193462308204,0.5,0.2,0.0,0.29166666666666663,0.16127955523861348,0.6174632775088833,0.1451664980492367,0.07609066920326689,1.8602022937958735
765,153.10206804536358,0.5,0.2,0.0,0.29166666666666663,0.16080233993371804,0.6182307245758584,0.14487734291503981,0.07608959257538414,1.8602022937958735
766,153.3022014676451,0.5,0.2,0.0,0.29166666666666663,0.16032496752337724,0.6189865385151992,0.14459286708856284,0.07609562687286109,1.8602022937958735
767,153.5023348899266,0.5,0.2,0.0,0.29166666666666663,0.15984765011973062,0.6197305026531682,0.14431313798680395,0.07610870924029764,1.8602022937958735
768,153.70246831220814,0.5,0.2,0.0,0.29166666666666663,0.15937059687238345,0.62046240651723,0.14403822007032097,0.07612877654006599,1.8602022937958735
769,153.90260173448965,0.5,0.2,0.0,0.29166666666666663,0.1588940139716753,0.621182045815794,0.1437681749109201,0.07615576530161092,1.8602022937958735
770,154.1027351567712,0.5,0.2,0.0,0.29166666666666663,0.15841810611743234,0.6218892211894917,0.14350306190981754,0.07618961078325868,1.8602022937958735
771,154.3028685790527,0.5,0.2,0.0,0.29166666666666663,0.1579430744411225,0.6225837399354464,0.1432429374416,0.07623024818183148,1.8602022937958735
772,154.5030020013342,0.5,0.2,0.0,0.29166666666666663,0.15746911654204612,0.6232654159594185,0.14298785493652583,0.0762776125620098,1.8602022937958735
773,154.70313542361575,0.5,0.2,0.0,0.29166666666666663,0.1569964267269649,0.6239340695574161,0.14273786505312525,0.07633163866249398,1.8602022937958735
774,154.90326884589726,0.5,0.2,0.0,0.29166666666666663,0.15652519590484681,0.6245895274864082,0.1424930156977193,0.07639226091102597,1.8602022937958735
775,155.10340226817877,0.5,0.2,0.0,0.29166666666666663,0.15605561148161062,0.6252316230350402,0.14225335204393855,0.07645941343941091,1.8602022937958735
776,155.3035356904603,0.5,0.2,0.0,0.29166666666666663,0.15558785804096295,0.625860195466067,0.1420189167496865,0.07653302974328388,1.8602022937958735
777,155.50366911274182,0.5,0.2,0.0,0.29166666666666663,0.15512211799886372,0.626475089479863,0.14178975016747936,0.07661304235379435,1.8602022937958735
778,155.70380253502336,0.5,0.2,0.0,0.29166666666666663,0.15465856923719862,0.627076157092291,0.14156588979604628,0.07669938387446436,1.8602022937958735
779,155.90393595730487,0.5,0.2,0.0,0.29166666666666663,0.15419738602104663,0.6276632568881696,0.1413473705566778,0.0767919865341063,1.8602022937958735
780,156.10406937958638,0.5,0.2,0.0,0.29166666666666663,0.15373873896102408,0.6282362540379582,0.14113422482972346,0.07689078217129452,1.8602022937958735
781,156.30420280186792,0.5,0.2,0.0,0.29166666666666663,0.15328279493768132,0.6287950203447734,0.14092648248155876,0.07699570223598688,1.8602022937958735
782,156.50433622414943,0.5,0.2,0.0,0.29166666666666663,0.15282971708938614,0.629339434240982,0.14072417090193165,0.07710667776770046,1.8602022937958735
783,156.70446964643094,0.5,0.2,0.0,0.29166666666666663,0.15237966633593433,0.6298693795651183,0.14052731529240017,0.07722363880654752,1.8602022937958735
784,156.90460306871248,0.5,0.2,0.0,0.29166666666666663,0.15193279971084905,0.6303847468733456,0.14033593843299152,0.0773465149828142,1.8602022937958735
785,157.104736490994,0.5,0.2,0.0,0.29166666666666663,0.15148927004319476,0.6308854336791321,0.14015006066950664,0.07747523560816687,1.8602022937958735
786,157.30486991327552,0.5,0.2,0.0,0.29166666666666663,0.15104922639092838,0.6313713440960532,0.13996970002370057,0.07760972948931806,1.8602022937958735
787,157.50500333555703,0.5,0.2,0.0,0.29166666666666663,0.15061281399318063,0.6318423888626613,0.1397948722248083,0.07774992491935002,1.8602022937958735
788,157.70513675783855,0.5,0.2,0.0,0.29166666666666663,0.15018017422253638,0.632298485367355,0.13962559074107017,0.07789574966903869,1.8602022937958735
789,157.90527018012008,0.5,0.2,0.0,0.29166666666666663,0.1497514450142661,0.6327395572898836,0.13946186685108233,0.07804713084476814,1.8602022937958735
790,158.1054036024016,0.5,0.2,0.0,0.29166666666666663,0.14932676183300764,0.6331655338108562,0.1393037097600233,0.07820399459611305,1.8602022937958735
791,158.3055370246831,0.5,0.2,0.0,0.29166666666666663,0.14890625554377562,0.6335763513095065,0.13915112645739652,0.07836626668932155,1.8602022937958735
792,158.50567044696464,0.5,0.2,0.0,0.29166666666666663,0.14849005316282154,0.6339719527466765,0.13900412181523625,0.07853387227526587,1.8602022937958735
793,158.70580386924615,0.5,0.2,0.0,0.29166666666666663,0.14807827791438025,0.6343522876057182,0.13886269862835604,0.07870673585154564,1.8602022937958735
794,158.9059372915277,0.5,0.2,0.0,0.29166666666666663,0.14767104920794613,0.6347173118972724,0.13872685764796125,0.0788847812468203,1.8602022937958735
795,159.1060707138092,0.5,0.2,0.0,0.29166666666666663,0.14726848294861955,0.6350669878854601,0.13859659761576595,0.07906793155015449,1.8602022937958735
796,159.3062041360907,0.5,0.2,0.0,0.29166666666666663,0.1468706911553282,0.6354012843929828,0.13847191529706226,0.07925610915462687,1.8602022937958735
797,159.50633755837225,0.5,0.2,0.0,0.29166666666666663,0.14647778376882536,0.6357201752746435,0.13835280551710338,0.0794492354394278,1.8602022937958735
798,159.70647098065376,0.5,0.2,0.0,0.29166666666666663,0.14608986586642825,0.6360236417327759,0.13823926119053612,0.07964723121025984,1.8602022937958735
799,159.90660440293527,0.5,0.2,0.0,0.29166666666666663,0.1457070388863347,0.6363116712789691,0.13813127335690054,0.0798500164777957,1.8602022937958735
800,160.1067378252168,0.5,0.2,0.0,0.29166666666666663,0.14532940061351138,0.6365842577316442,0.13802883121425583,0.08005751044058873,1.8602022937958735
801,160.30687124749832,0.5,0.2,0.0,0.29166666666666663,0.14495704516885183,0.6368414012108937,0.13793192215281105,0.08026963146744347,1.8602022937958735
802,160.50700466977986,0.5,0.2,0.0,0.29166666666666663,0.1445900632069512,0.6370831079403089,0.13784053177548564,0.08048629707725438,1.8602022937958735
803,160.70713809206137,0.5,0.2,0.0,0.29166666666666663,0.1442285427207604,0.6373093894867504,0.137754643880041,0.08070742391244827,1.8602022937958735
804,160.90727151434288,0.5,0.2,0.0,0.29166666666666663,0.1438725677252965,0.6375202639657347,0.13767424057647315,0.08093292773249573,1.8602022937958735
805,161.10740493662442,0.5,0.2,0.0,0.29166666666666663,0.14352221868588877,0.6377157556305841,0.13759930229353792,0.08116272338998923,1.8602022937958735
806,161.30753835890593,0.5,0.2,0.0,0.29166666666666663,0.14317757264659026,0.6378958947397072,0.13752980780458082,0.08139672480912177,1.8602022937958735
807,161.50767178118744,0.5,0.2,0.0,0.29166666666666663,0.14283870327085255,0.6380607175054719,0.13746573425916653,0.08163484496450908,1.8602022937958735
808,161.70780520346898,0.5,0.2,0.0,0.29166666666666663,0.14250568088723617,0.6382102660387086,0.137407057214601,0.08187699585945435,1.8602022937958735
809,161.9079386257505,0.5,0.2,0.0,0.29166666666666663,0.1421785725395217,0.6383445882887656,0.1373537506670099,0.08212308850470282,1.8602022937958735
810,162.10807204803203,0.5,0.2,0.0,0.29166666666666663,0.1418574419005252,0.6384637379623033,0.13730578700744253,0.08237303312972899,1.8602022937958735
811,162.30820547031354,0.5,0.2,0.0,0.29166666666666663,0.14154234941120575,0.6385677744640408,0.137263137094545,0.08262673903020855,1.8602022937958735
812,162.50833889259505,0.5,0.2,0.0,0.29166666666666663,0.1412333524467052,0.6386567628357505,0.1372257703387251,0.08288411437881928,1.8602022937958735
813,162.7084723148766,0.5,0.2,0.0,0.29166666666666663,0.14093050530847337,0.6387307736694928,0.13719365469141512,0.0831450663306186,1.8602022937958735
814,162.9086057371581,0.5,0.2,0.0,0.29166666666666663,0.1406338592944751,0.6387898830252116,0.1371667566729217,0.08340950100739163,1.8602022937958735
815,163.1087391594396,0.5,0.2,0.0,0.29166666666666663,0.14034346277410725,0.6388341723439176,0.13714504139999636,0.08367732348197875,1.8602022937958735
816,163.30887258172115,0.5,0.2,0.0,0.29166666666666663,0.1400593612678259,0.6388637283564654,0.13712847261312622,0.08394843776258237,1.8602022937958735
817,163.50900600400266,0.5,0.2,0.0,0.29166666666666663,0.13978159719251712,0.6388786432309973,0.13711701270671772,0.08422274686976783,1.8602022937958735
818,163.7091394262842,0.5,0.2,0.0,0.29166666666666663,0.1395102086466604,0.6388790154079363,0.13711062276803268,0.08450015317737049,1.8602022937958735
819,163.9092728485657,0.5,0.2,0.0,0.29166666666666663,0.1392452316398758,0.6388649479639219,0.13710926258364836,0.08478055781255393,1.8602022937958735
820,164.10940627084722,0.5,0.2,0.0,0.29166666666666663,0.1389866994921246,0.6388365490044013,0.13711289067217455,0.08506386083129948,1.8602022937958735
821,164.30953969312876,0.5,0.2,0.0,0.29166666666666663,0.13873464274068611,0.6387939316910569,0.13712146431198222,0.0853499612562748,1.8602022937958735
822,164.50967311541027,0.5,0.2,0.0,0.29166666666666663,0.1384890891962829,0.6387372141612419,0.13713493956730066,0.08563875707517471,1.8602022937958735
823,164.70980653769178,0.5,0.2,0.0,0.29166666666666663,0.13825006400105228,0.6386665194450615,0.13715327131406133,0.08593014523982494,1.8602022937958735
824,164.90993995997331,0.5,0.2,0.0,0.29166666666666663,0.13801758968585467,0.6385819753813983,0.13717641326537316,0.086224021667374,1.8602022937958735
825,165.11007338225482,0.5,0.2,0.0,0.29166666666666663,0.1377916857299692,0.6384837147903043,0.1372043179736528,0.08652028150607381,1.8602022937958735
826,165.31020680453636,0.5,0.2,0.0,0.29166666666666663,0.1375723689091993,0.6383718752355916,0.13723693686886787,0.08681881898634138,1.8602022937958735
827,165.51034022681787,0.5,0.2,0.0,0.29166666666666663,0.13735965370459452,0.6382465987546216,0.13727422029924458,0.08711952724153932,1.8602022937958735
828,165.71047364909938,0.5,0.2,0.0,0.29166666666666663,0.13715355209551994,0.6381080319056104,0.13731611754317277,0.087422298455697,1.8602022937958735
829,165.91060707138092,0.5,0.2,0.0,0.29166666666666663,0.13695407360863546,0.6379563256809684,0.13736257683260492,0.08772702387779137,1.8602022937958735
830,166.11074049366243,0.5,0.2,0.0,0.29166666666666663,0.13676122536757998,0.6377916354188776,0.13741354537614886,0.08803359383739368,1.8602022937958735
831,166.31087391594394,0.5,0.2,0.0,0.29166666666666663,0.13657501214335974,0.6376141207131027,0.13746896938185535,0.08834189776168219,1.8602022937958735
832,166.51100733822548,0.5,0.2,0.0,0.29166666666666663,0.1363954363445368,0.6374239453423701,0.13752879408120333,0.08865182423188975,1.8602022937958735
833,166.711140760507,0.5,0.2,0.0,0.29166666666666663,0.13622249784028123,0.6372212772567667,0.13759296375692376,0.08896326114602827,1.8602022937958735
834,166.91127418278853,0.5,0.2,0.0,0.29166666666666663,0.1360561943903912,0.637006288350034,0.1376614217555487,0.08927609550402595,1.8602022937958735
835,167.11140760507004,0.5,0.2,0.0,0.29166666666666663,0.13589652157358825,0.6367791544060712,0.13773411051206005,0.08959021350828034,1.8602022937958735
836,167.31154102735155,0.5,0.2,0.0,0.29166666666666663,0.13574347280733423,0.6365400550118645,0.13781097157199015,0.08990550060881103,1.8602022937958735
837,167.5116744496331,0.5,0.2,0.0,0.29166666666666663,0.13559703939330264,0.6362891734599136,0.13789194561260087,0.09022184153418267,1.8602022937958735
838,167.7118078719146,0.5,0.2,0.0,0.29166666666666663,0.1354572105630489,0.636026696649072,0.1379769724637692,0.09053912032410973,1.8602022937958735
839,167.9119412941961,0.5,0.2,0.0,0.29166666666666663,0.1353239735225581,0.635752814984324,0.13806599112908585,0.09085722036403195,1.8602022937958735
840,168.11207471647765,0.5,0.2,0.0,0.29166666666666663,0.13519731326059783,0.6354677223692382,0.13815893989721037,0.09117602447295353,1.8602022937958735
841,168.31220813875916,0.5,0.2,0.0,0.29166666666666663,0.13507721273336815,0.6351716160468641,0.13825575630886996,0.09149541491089769,1.8602022937958735
842,168.5123415610407,0.5,0.2,0.0,0.29166666666666663,0.1349636530685243,0.6348646964313951,0.13835637711622079,0.0918152733838598,1.8602022937958735
843,168.7124749833222,0.5,0.2,0.0,0.29166666666666663,0.13485661348403624,0.6345471670520321,0.13846073835122266,0.09213548111270901,1.8602022937958735
844,168.91260840560372,0.5,0.2,0.0,0.29166666666666663,0.1347560713256092,0.634219234448063,0.1385687753483824,0.09245591887794534,1.8602022937958735
845,169.11274182788526,0.5,0.2,0.0,0.29166666666666663,0.13466200210376605,0.6338811080625689,0.13868042276740988,0.09277646706625524,1.8602022937958735
846,169.31287525016677,0.5,0.2,0.0,0.29166666666666663,0.13457437953059156,0.6335330001347561,0.1387956146157861,0.09309700571886632,1.8602022937958735
847,169.51300867244828,0.5,0.2,0.0,0.29166666666666663,0.13449317555209317,0.6331751255978196,0.13891428426104543,0.09341741458904196,1.8602022937958735
848,169.71314209472982,0.5,0.2,0.0,0.29166666666666663,0.13441836036943572,0.6328077019938434,0.13903636441577058,0.09373757322095047,1.8602022937958735
849,169.91327551701133,0.5,0.2,0.0,0.29166666666666663,0.13434990249933793,0.6324309493199158,0.13916178722209036,0.09405736095865605,1.8602022937958735
850,170.11340893929287,0.5,0.2,0.0,0.29166666666666663,0.13428776880121693,0.6320450899290421,0.13929048425310658,0.09437665701663454,1.8602022937958735
851,170.31354236157438,0.5,0.2,0.0,0.29166666666666663,0.13423192451005161,0.6316503484193482,0.13942238652950287,0.0946953405410975,1.8602022937958735
852,170.5136757838559,0.5,0.2,0.0,0.29166666666666663,0.13418233327050003,0.6312469515191925,0.13955742454008208,0.09501329067022557,1.8602022937958735
853,170.71380920613743,0.5,0.2,0.0,0.29166666666666663,0.13413895717064575,0.6308351279709608,0.1396955282621331,0.09533038659626056,1.8602022937958735
854,170.91394262841894,0.5,0.2,0.0,0.29166666666666663,0.13410175677496897,0.6304151084142952,0.13983662718182802,0.09564650762890811,1.8602022937958735
855,171.11407605070045,0.5,0.2,0.0,0.29166666666666663,0.13407069109149874,0.6299871253895831,0.1399806503470819,0.09596153317183642,1.8602022937958735
856,171.314209472982,0.5,0.2,0.0,0.29166666666666663,0.13404571764376164,0.6295514131447673,0.1401275263678036,0.09627534284366779,1.8602022937958735
857,171.5143428952635,0.5,0.2,0.0,0.29166666666666663,0.13402679254532046,0.6291082074353349,0.14027718341449918,0.09658781660484576,1.8602022937958735
858,171.71447631754504,0.5,0.2,0.0,0.29166666666666663,0.13401387049680583,0.6286577454662834,0.14042954925516582,0.09689883478174525,1.8602022937958735
859,171.91460973982655,0.5,0.2,0.0,0.29166666666666663,0.13400690481483626,0.628200265772841,0.14058455127592953,0.09720827813639353,1.8602022937958735
860,172.11474316210806,0.5,0.2,0.0,0.29166666666666663,0.13400584746041913,0.6277360081001446,0.14074211650158608,0.0975160279378505,1.8602022937958735
861,172.3148765843896,0.5,0.2,0.0,0.29166666666666663,0.1340106490668328,0.627265213281876,0.14090217161604457,0.09782196603524702,1.8602022937958735
862,172.5150100066711,0.5,0.2,0.0,0.29166666666666663,0.1340212589540843,0.6267881231710932,0.14106464299215074,0.09812597488267205,1.8602022937958735
863,172.71514342895262,0.5,0.2,0.0,0.29166666666666663,0.13403762510955478,0.6263049807073657,0.1412294567458618,0.09842793743721805,1.8602022937958735
864,172.91527685123415,0.5,0.2,0.0,0.29166666666666663,0.13405969429174322,0.6258160294729052,0.1413965386995475,0.09872773753580447,1.8602022937958735
865,173.11541027351566,0.5,0.2,0.0,0.29166666666666663,0.13408741202992644,0.6253215136748922,0.14156581442124547,0.09902525987393627,1.8602022937958735
866,173.3155436957972,0.5,0.2,0.0,0.29166666666666663,0.1341207226426883,0.6248216780467775,0.141737209249582,0.09932039006095256,1.8602022937958735
867,173.5156771180787,0.5,0.2,0.0,0.29166666666666663,0.13415956926081338,0.6243167677283951,0.14191064831500927,0.09961301469578261,1.8602022937958735
868,173.71581054036022,0.5,0.2,0.0,0.29166666666666663,0.13420389384955822,0.6238070281454589,0.142086056561022,0.09990302144396125,1.8602022937958735
869,173.91594396264176,0.5,0.2,0.0,0.29166666666666663,0.1342536372308165,0.6232927048896597,0.1422633587651684,0.10019029911435569,1.8602022937958735
870,174.11607738492327,0.5,0.2,0.0,0.29166666666666663,0.1343087391806891,0.6227740437768876,0.1424424795329311,0.10047473750949254,1.8602022937958735
871,174.31621080720478,0.5,0.2,0.0,0.29166666666666663,0.13436913840306805,0.6222512906148112,0.1426233433355749,0.10075622764654622,1.8602022937958735
872,174.51634422948632,0.5,0.2,0.0,0.29166666666666663,0.1344347725018336,0.6217246909680461,0.14280587454824645,0.10103466198187422,1.8602022937958735
873,174.71647765176783,0.5,0.2,0.0,0.29166666666666663,0.1345055780399113,0.6211944901283788,0.1429899974568585,0.10130993437485175,1.8602022937958735
874,174.91661107404937,0.5,0.2,0.0,0.29166666666666663,0.13458149056080942,0.6206609329976309,0.14317563627810992,0.10158194016345007,1.8602022937958735
875,175.11674449633088,0.5,0.2,0.0,0.29166666666666663,0.1346624446097045,0.6201242639703101,0.14336271517942373,0.10185057624056211,1.8602022937958735
876,175.3168779186124,0.5,0.2,0.0,0.29166666666666663,0.13474837375407486,0.619584726816046,0.14355115829880324,0.10211574113107627,1.8602022937958735
877,175.51701134089393,0.5,0.2,0.0,0.29166666666666663,0.13483921060554374,0.6190425646378545,0.14374088977143443,0.10237733498516777,1.8602022937958735
878,175.71714476317544,0.5,0.2,0.0,0.29166666666666663,0.1349348868454144,0.6184980200198744,0.14393183377323887,0.10263525936147262,1.8602022937958735
879,175.91727818545695,0.5,0.2,0.0,0.29166666666666663,0.13503533323414307,0.6179513344603901,0.1441239145001878,0.10288941780527937,1.8602022937958735
880,176.1174116077385,0.5,0.2,0.0,0.29166666666666663,0.13514047963350892,0.6174027484064859,0.14431705620157573,0.10313971575842973,1.8602022937958735
881,176.31754503002,0.5,0.2,0.0,0.29166666666666663,0.1352502550258293,0.6168525011739278,0.14451118320292555,0.10338606059731764,1.8602022937958735
882,176.51767845230154,0.5,0.2,0.0,0.29166666666666663,0.13536458753211877,0.6163008308391779,0.14470621992632926,0.10362836170237431,1.8602022937958735
883,176.71781187458305,0.5,0.2,0.0,0.29166666666666663,0.13548340442980944,0.6157479741317977,0.14490209091076006,0.1038665305276331,1.8602022937958735
884,176.91794529686456,0.5,0.2,0.0,0.29166666666666663,0.13560663217043342,0.6151941663291287,0.14509872083236863,0.10410048066806946,1.8602022937958735
885,177.1180787191461,0.5,0.2,0.0,0.29166666666666663,0.13573419645081622,0.6146396414058528,0.14529603452629972,0.10433012761703148,1.8602022937958735
886,177.3182121414276,0.5,0.2,0.0,0.29166666666666663,0.135866022195455,0.6140846317670493,0.14549395700594386,0.10455538903155207,1.8602022937958735
887,177.51834556370912,0.5,0.2,0.0,0.29166666666666663,0.13600203353978088,0.6135293679878752,0.14569241348219972,0.10477618499014449,1.8602022937958735
888,177.71847898599066,0.5,0.2,0.0,0.29166666666666663,0.13614215387358478,0.6129740788395102,0.1458913293844475,0.10499243790245784,1.8602022937958735
889,177.91861240827217,0.5,0.2,0.0,0.29166666666666663,0.13628630585822296,0.6124189911938716,0.14609063038075426,0.10520407256715152,1.8602022937958735
890,178.1187458305537,0.5,0.2,0.0,0.29166666666666663,0.13643441144350438,0.6118643299292821,0.1462902423980554,0.10541101622915848,1.8602022937958735
891,178.31887925283522,0.5,0.2,0.0,0.29166666666666663,0.13658639188425928,0.6113103178370933,0.14649009164231092,0.10561319863633677,1.8602022937958735
892,178.51901267511673,0.5,0.2,0.0,0.29166666666666663,0.1367421677766682,0.6107571755832638,0.14669010461505838,0.10581055202500982,1.8602022937958735
893,178.71914609739827,0.5,0.2,0.0,0.29166666666666663,0.13690165917175334,0.6102051218792727,0.14689020811613024,0.10600301083284401,1.8602022937958735
894,178.91927951967978,0.5,0.2,0.0,0.29166666666666663,0.13706478542320605,0.6096543729403531,0.14709032929364524,0.10619051234279588,1.8602022937958735
895,179.1194129419613,0.5,0.2,0.0,0.29166666666666663,0.13723146527557806,0.6091051425919836,0.1472903956510731,0.10637299648136554,1.8602022937958735
896,179.31954636424283,0.5,0.2,0.0,0.29166666666666663,0.1374016168819294,0.6085576421884676,0.14749033506679235,0.10655040586281077,1.8602022937958735
897,179.51967978652434,0.5,0.2,0.0,0.29166666666666663,0.13757515782205573,0.608012080534883,0.14769007581346355,0.10672268582959783,1.8602022937958735
898,179.71981320880587,0.5,0.2,0.0,0.29166666666666663,0.13775200512048558,0.6074686638102209,0.14788954657736256,0.10688978449193103,1.8602022937958735
899,179.91994663108738,0.5,0.2,0.0,0.29166666666666663,0.13793207526453682,0.6069275954935265,0.1480886764778092,0.1070516527641276,1.8602022937958735
900,180.1200800533689,0.5,0.2,0.0,0.29166666666666663,0.1381152842545788,0.6063890765040195,0.14828739510371322,0.10720824413768852,1.8602022937958735
901,180.32021347565043,0.5,0.2,0.0,0.29166666666666663,0.13830154759961813,0.6058533049846134,0.14848563252116942,0.10735951489459909,1.8602022937958735
902,180.52034689793194,0.5,0.2,0.0,0.29166666666666663,0.13849078031615925,0.6053204761092602,0.14868331928280096,0.10750542429177977,1.8602022937958735
903,180.72048032021348,0.5,0.2,0.0,0.29166666666666663,0.13868289696243813,0.6047907821247902,0.14888038645584634,0.10764593445692552,1.8602022937958735
904,180.920613742495,0.5,0.2,0.0,0.29166666666666663,0.13887781165706947,0.6042644122925452,0.14907676564196237,0.10778101040842308,1.8602022937958735
905,181.1207471647765,0.5,0.2,0.0,0.29166666666666663,0.13907543809777329,0.6037415528325635,0.14927238899702952,0.10791062007263388,1.8602022937958735
906,181.32088058705804,0.5,0.2,0.0,0.29166666666666663,0.1392756895802095,0.6032223868704214,0.1494671892509574,0.10803473429841191,1.8602022937958735
907,181.52101400933955,0.5,0.2,0.0,0.29166666666666663,0.1394784790169518,0.6027070943868338,0.14966109972748895,0.1081533268687257,1.8602022937958735
908,181.72114743162106,0.5,0.2,0.0,0.29166666666666663,0.13968371896300838,0.6021958521734326,0.14985405436232788,0.1082663745012314,1.8602022937958735
909,181.9212808539026,0.5,0.2,0.0,0.29166666666666663,0.13989132169496069,0.6016888338193028,0.15004598770723632,0.10837385677850052,1.8602022937958735
910,182.1214142761841,0.5,0.2,0.0,0.29166666666666663,0.14010119915292946,0.601186209629092,0.15023683497020254,0.10847575624777638,1.8602022937958735
911,182.32154769846565,0.5,0.2,0.0,0.29166666666666663,0.14031326297383154,0.6006881465916505,0.1504265320317012,0.10857205840281708,1.8602022937958735
912,182.52168112074716,0.5,0.2,0.0,0.29166666666666663,0.14052742452553918,0.6001948083522614,0.1506150154607837,0.10866275166141606,1.8602022937958735
913,182.72181454302867,0.5,0.2,0.0,0.29166666666666663,0.140743594929803,0.599706355182227,0.15080222253419315,0.10874782735377711,1.8602022937958735
914,182.9219479653102,0.5,0.2,0.0,0.29166666666666663,0.1409616850857452,0.5992229439520459,0.15098809125540963,0.10882727970679959,1.8602022937958735
915,183.12208138759172,0.5,0.2,0.0,0.29166666666666663,0.141181605693962,0.5987447281082837,0.15117256037362248,0.1089011058241321,1.8602022937958735
916,183.32221480987323,0.5,0.2,0.0,0.29166666666666663,0.14140326728127495,0.598271857654247,0.15135556940262557,0.10896930566185278,1.8602022937958735
917,183.52234823215477,0.5,0.2,0.0,0.29166666666666663,0.14162658019906013,0.5978044789960945,0.1515370586309137,0.109031882173932,1.8602022937958735
918,183.72248165443628,0.5,0.2,0.0,0.29166666666666663,0.14185145459548645,0.5973427346559878,0.15171696912307017,0.10908884162545592,1.8602022937958735
919,183.92261507671782,0.5,0.2,0.0,0.29166666666666663,0.14207780055604546,0.596886763845074,0.15189524277494276,0.109140192823938,1.8602022937958735
920,184.12274849899933,0.5,0.2,0.0,0.29166666666666663,0.14230552808360536,0.5964367022168977,0.15207182231686023,0.10918594738263687,1.8602022937958735
921,184.32288192128084,0.5,0.2,0.0,0.29166666666666663,0.1425345471196306,0.5959926818311132,0.15224665132972098,0.10922611971953539,1.8602022937958735
922,184.52301534356238,0.5,0.2,0.0,0.29166666666666663,0.142764767570218,0.5955548311417409,0.15241967426224792,0.1092607270257933,1.8602022937958735
923,184.7231487658439,0.5,0.2,0.0,0.29166666666666663,0.14299609933275237,0.5951232749884378,0.15259083644804286,0.10928978923076717,1.8602022937958735
924,184.9232821881254,0.5,0.2,0.0,0.29166666666666663,0.14322845232320874,0.5946981345908253,0.15276008412243416,0.10931332896353183,1.8602022937958735
925,185.12341561040694,0.5,0.2,0.0,0.29166666666666663,0.14346173650412805,0.5942795275459262,0.15292736443910862,0.10933137151083723,1.8602022937958735
926,185.32354903268845,0.5,0.2,0.0,0.29166666666666663,0.1436958618111767,0.5938675675974656,0.1530926255164548,0.10934394507490296,1.8602022937958735
927,185.52368245497,0.5,0.2,0.0,0.29166666666666663,0.14393073820838048,0.5934623646981603,0.15325581644617098,0.10935108064728835,1.8602022937958735
928,185.7238158772515,0.5,0.2,0.0,0.29166666666666663,0.14416627583733083,0.5930640252863837,0.15341688727430924,0.10935281160197635,1.8602022937958735
929,185.923949299533,0.5,0.2,0.0,0.29166666666666663,0.14440238496961538,0.5926726521186712,0.15357578903998595,0.10934917387172763,1.8602022937958735
930,186.12408272181455,0.5,0.2,0.0,0.29166666666666663,0.1446389760328835,0.5922883442705088,0.15373247379249078,0.1093402059041171,1.8602022937958735
931,186.32421614409606,0.5,0.2,0.0,0.29166666666666663,0.14487595963723252,0.591911197139341,0.15388689460828647,0.10932594861514022,1.8602022937958735
932,186.52434956637757,0.5,0.2,0.0,0.29166666666666663,0.1451132466019199,0.5915413024497912,0.15403900560789827,0.10930644534039086,1.8602022937958735
933,186.7244829886591,0.5,0.2,0.0,0.29166666666666663,0.14535074798240633,0.5911787482610958,0.15418876197269116,0.10928174178380694,1.8602022937958735
934,186.92461641094062,0.5,0.2,0.0,0.29166666666666663,0.14558837509633876,0.5908236189668712,0.1543361199587929,0.10925188597799751,1.8602022937958735
935,187.12474983322215,0.5,0.2,0.0,0.29166666666666663,0.14582603952573725,0.5904759951265001,0.1544810368635701,0.109216928484193,1.8602022937958735
936,187.32488325550366,0.5,0.2,0.0,0.29166666666666663,0.14606365317297257,0.5901359536763815,0.15462347109677163,0.10917692205387472,1.8602022937958735
937,187.52501667778517,0.5,0.2,0.0,0.29166666666666663,0.14630112828938316,0.5898035679475198,0.15476338219720862,0.10913192156588884,1.8602022937958735
938,187.7251501000667,0.5,0.2,0.0,0.29166666666666663,0.1465383774961882,0.5894789076283237,0.1549007308335001,0.10908198404198838,1.8602022937958735
939,187.92528352234822,0.5,0.2,0.0,0.29166666666666663,0.14677531381259964,0.5891620387778813,0.15503547881809068,0.10902716859142883,1.8602022937958735
940,188.12541694462973,0.5,0.2,0.0,0.29166666666666663,0.1470118506842148,0.5888530238407758,0.15516758912096196,0.10896753635404789,1.8602022937958735
941,188.32555036691127,0.5,0.2,0.0,0.29166666666666663,0.14724790201169177,0.5885519216634171,0.15529702588302852,0.10890315044186306,1.8602022937958735
942,188.52568378919278,0.5,0.2,0.0,0.29166666666666663,0.1474833821797103,0.5882587875118596,0.15542375442920964,0.108834075879221,1.8602022937958735
943,188.72581721147432,0.5,0.2,0.0,0.29166666666666663,0.14771820608468436,0.5879736730722288,0.15554774127226934,0.10876037957081802,1.8602022937958735
944,188.92595063375583,0.5,0.2,0.0,0.29166666666666663,0.1479522891587133,0.5876966264028648,0.15566895409284207,0.10868213034558029,1.8602022937958735
945,189.12608405603734,0.5,0.2,0.0,0.29166666666666663,0.14818554740889575,0.5874276920727995,0.15578736180641617,0.10859939871188908,1.8602022937958735
946,189.32621747831888,0.5,0.2,0.0,0.29166666666666663,0.14841789744417927,0.5871669111450403,0.15590293455603846,0.10851225685474257,1.8602022937958735
947,189.5263509006004,0.5,0.2,0.0,0.29166666666666663,0.14864925650489644,0.5869143211905204,0.15601564371849183,0.10842077858609181,1.8602022937958735
948,189.7264843228819,0.5,0.2,0.0,0.29166666666666663,0.14887954249321206,0.5866699563108692,0.156125461913635,0.10832503928228437,1.8602022937958735
949,189.92661774516344,0.5,0.2,0.0,0.29166666666666663,0.14910867400384747,0.5864338471621756,0.1562323630132149,0.10822511582076255,1.8602022937958735
950,190.12675116744495,0.5,0.2,0.0,0.29166666666666663,0.1493365703550845,0.5862060209797106,0.15633632214913726,0.10812108651606818,1.8602022937958735
951,190.3268845897265,0.5,0.2,0.0,0.29166666666666663,0.14956315162004993,0.5859865016035634,0.15643731572118116,0.10801303105520614,1.8602022937958735
952,190.527018012008,0.5,0.2,0.0,0.29166666666666663,0.149788338587415,0.585775309508658,0.1565353214265125,0.10790103047741519,1.8602022937958735
953,190.7271514342895,0.5,0.2,0.0,0.29166666666666663,0.15001205276719343,0.5855724618333935,0.1566303182744665,0.10778516712494719,1.8602022937958735
954,190.92728485657105,0.5,0.2,0.0,0.29166666666666663,0.15023421656825456,0.585377972400614,0.1567222865466179,0.10766552448451422,1.8602022937958735
955,191.12741827885256,0.5,0.2,0.0,0.29166666666666663,0.15045475325180704,0.5851918517504195,0.15681120782704416,0.10754218717072993,1.8602022937958735
956,191.32755170113407,0.5,0.2,0.0,0.29166666666666663,0.15067358695804142,0.5850141071700992,0.15689706500895814,0.10741524086290194,1.8602022937958735
957,191.5276851234156,0.5,0.2,0.0,0.29166666666666663,0.1508906427336261,0.584844742724716,0.15697984230052034,0.10728477224113832,1.8602022937958735
958,191.72781854569712,0.5,0.2,0.0,0.29166666666666663,0.15110584655901396,0.5846837592883584,0.15705952523014574,0.10715086892248267,1.8602022937958735
959,191.92795196797866,0.5,0.2,0.0,0.29166666666666663,0.15131912537554362,0.5845311545760188,0.15713610065129652,0.1070136193971418,1.8602022937958735
960,192.12808539026017,0.5,0.2,0.0,0.29166666666666663,0.1515304071071595,0.5843869231475357,0.1572095567348919,0.10687311301041358,1.8602022937958735
961,192.32821881254168,0.5,0.2,0.0,0.29166666666666663,0.1517396207646073,0.5842510565384265,0.15727988297061432,0.10672943972635261,1.8602022937958735
962,192.52835223482322,0.5,0.2,0.0,0.29166666666666663,0.15194669637933997,0.5841235430943562,0.15734707012800703,0.10658269039829751,1.8602022937958735
963,192.72848565710473,0.5,0.2,0.0,0.29166666666666663,0.15215156505557356,0.5840043681966559,0.15741111034499145,0.10643295640277967,1.8602022937958735
964,192.92861907938624,0.5,0.2,0.0,0.29166666666666663,0.1523541590032532,0.5838935142247568,0.15747199708550377,0.10628032968648685,1.8602022937958735
965,193.12875250166778,0.5,0.2,0.0,0.29166666666666663,0.15255441156584967,0.5837909605905238,0.15752972513909733,0.10612490270452977,1.8602022937958735
966,193.3288859239493,0.5,0.2,0.0,0.29166666666666663,0.15275225724796757,0.5836966837725954,0.15758429061967918,0.10596676835975831,1.8602022937958735
967,193.52901934623083,0.5,0.2,0.0,0.29166666666666663,0.15294763174276413,0.5836106573507283,0.15763569096338087,0.10580601994312722,1.8602022937958735
968,193.72915276851234,0.5,0.2,0.0,0.29166666666666663,0.15314047195917915,0.5835328520401465,0.1576839249255628,0.10564275107511203,1.8602022937958735
969,193.92928619079385,0.5,0.2,0.0,0.29166666666666663,0.15333071604424323,0.5834632357310747,0.15772899257889902,0.10547705564578351,1.8602022937958735
970,194.12941961307538,0.5,0.2,0.0,0.29166666666666663,0.15351830337204167,0.5834017735645485,0.1577708953242285,0.10530902773918191,1.8602022937958735
971,194.3295530353569,0.5,0.2,0.0,0.29166666666666663,0.15370317460113966,0.5833484279331246,0.15780963587231295,0.10513876159342332,1.8602022937958735
972,194.5296864576384,0.5,0.2,0.0,0.29166666666666663,0.15388527169199995,0.5833031585251602,0.15784521824110145,0.1049663515417389,1.8602022937958735
973,194.72981987991994,0.5,0.2,0.0,0.29166666666666663,0.15406453792404184,0.5832659223689821,0.15787764775255972,0.10479189195441682,1.8602022937958735
974,194.92995330220145,0.5,0.2,0.0,0.29166666666666663,0.1542409179368473,0.583236673841127,0.15790693102986633,0.10461547719215987,1.8602022937958735
975,195.130086724483,0.5,0.2,0.0,0.29166666666666663,0.1544143577399618,0.5832153647224768,0.15793307598999398,0.10443720154756787,1.8602022937958735
976,195.3302201467645,0.5,0.2,0.0,0.29166666666666663,0.15458480472792407,0.5832019442457967,0.15795609183642642,0.10425715918985326,1.8602022937958735
977,195.530353569046,0.5,0.2,0.0,0.29166666666666663,0.15475220770622916,0.5831963591258789,0.1579759890527512,0.10407544411514126,1.8602022937958735
978,195.73048699132755,0.5,0.2,0.0,0.29166666666666663,0.1549165169256593,0.5831985536023577,0.1579927793747957,0.10389215009718769,1.8602022937958735
979,195.93062041360906,0.5,0.2,0.0,0.29166666666666663,0.15507768410759212,0.583208469479499,0.15800647577487476,0.10370737063803459,1.8602022937958735
980,196.13075383589057,0.5,0.2,0.0,0.29166666666666663,0.155235662450449,0.5832260461594122,0.1580170924726453,0.10352119891749398,1.8602022937958735
981,196.3308872581721,0.5,0.2,0.0,0.29166666666666663,0.1553904066593971,0.5832512206838857,0.1580246449105062,0.10333372774621143,1.8602022937958735
982,196.53102068045362,0.5,0.2,0.0,0.29166666666666663,0.15554187294820881,0.5832839277802229,0.15802914975336219,0.10314504951820663,1.8602022937958735
983,196.73115410273516,0.5,0.2,0.0,0.29166666666666663,0.15569001901546162,0.5833240999152296,0.15803062490576825,0.10295525616354098,1.8602022937958735
984,196.93128752501667,0.5,0.2,0.0,0.29166666666666663,0.15583480412229825,0.5833716673177797,0.15802908945473712,0.10276443910518536,1.8602022937958735
985,197.13142094729818,0.5,0.2,0.0,0.29166666666666663,0.15597618908543423,0.5834265580279129,0.15802456367252976,0.10257268921412355,1.8602022937958735
986,197.33155436957972,0.5,0.2,0.0,0.29166666666666663,0.1561141362922355,0.5834886979377728,0.15801706900200174,0.10238009676799034,1.8602022937958735
987,197.53168779186123,0.5,0.2,0.0,0.29166666666666663,0.15624860973814625,0.5835580108175359,0.15800662802239424,0.10218675142192404,1.8602022937958735
988,197.73182121414274,0.5,0.2,0.0,0.29166666666666663,0.15637957501525582,0.5836344183747916,0.15799326445434167,0.10199274215561134,1.8602022937958735
989,197.93195463642428,0.5,0.2,0.0,0.29166666666666663,0.15650699932967524,0.5837178402938924,0.15797700313981533,0.1017981572366174,1.8602022937958735
990,198.1320880587058,0.5,0.2,0.0,0.29166666666666663,0.1566308515163898,0.5838081942765622,0.15795787002282916,0.10160308418421914,1.8602022937958735
991,198.33222148098733,0.5,0.2,0.0,0.29166666666666663,0.15675110204182532,0.5839053960842949,0.15793589213670226,0.1014076097371777,1.8602022937958735
992,198.53235490326884,0.5,0.2,0.0,0.29166666666666663,0.1568677230204922,0.5840093595810877,0.15791109758222233,0.10121181981619802,1.8602022937958735
993,198.73248832555035,0.5,0.2,0.0,0.29166666666666663,0.1569806882267439,0.5841199967763441,0.15788351550752425,0.10101579948938802,1.8602022937958735
994,198.9326217478319,0.5,0.2,0.0,0.29166666666666663,0.15708997310860495,0.5842372178660726,0.15785317609378735,0.10081963293153538,1.8602022937958735
995,199.1327551701134,0.5,0.2,0.0,0.29166666666666663,0.15719555475548522,0.5843609312871396,0.15782011051994393,0.10062340343743151,1.8602022937958735
996,199.3328885923949,0.5,0.2,0.0,0.29166666666666663,0.15729741196603927,0.5844910437440956,0.15778435098042415,0.10042719330944132,1.8602022937958735
997,199.53302201467645,0.5,0.2,0.0,0.29166666666666663,0.1573955252053895,0.5846274602667345,0.1577459306256355,0.10023108390224082,1.8602022937958735
998,199.73315543695796,0.5,0.2,0.0,0.29166666666666663,0.15748987662820868,0.5847700842491682,0.1577048835566435,0.10003515556597992,1.8602022937958735
999,199.9332888592395,0.5,0.2,0.0,0.29166666666666663,0.15758045008207872,0.5849188174904367,0.15766124480151314,0.09983948762597174,1.8602022937958735
1000,200.133422281521,0.5,0.2,0.0,0.29166666666666663,0.15766723111087425,0.5850735602350351,0.15761505029163148,0.0996441583624596,1.8602022937958735
1001,200.33355570380252,0.5,0.2,0.0,0.29166666666666663,0.15775020695286676,0.5852342112307767,0.1575663368420089,0.09944924497434798,1.8602022937958735
1002,200.53368912608406,0.5,0.2,0.0,0.29166666666666663,0.15782936654450977,0.585400667768003,0.15751514212729933,0.09925482356018817,1.8602022937958735
1003,200.73382254836557,0.5,0.2,0.0,0.29166666666666663,0.15790470052258584,0.585572825724171,0.1574615046590545,0.09906096909418889,1.8602022937958735
1004,200.93395597064708,0.5,0.2,0.0,0.29166666666666663,0.1579762012262843,0.5857505796086693,0.15740546376303113,0.09886775540201555,1.8602022937958735
1005,201.13408939292862,0.5,0.2,0.0,0.29166666666666663,0.15804386269610346,0.5859338226073473,0.15734705955562273,0.09867525514092687,1.8602022937958735
1006,201.33422281521013,0.5,0.2,0.0,0.29166666666666663,0.15810768059634428,0.5861224466201325,0.15728633289923838,0.09848353988428515,1.8602022937958735
1007,201.53435623749166,0.5,0.2,0.0,0.29166666666666663,0.1581676522964712,0.5863163423130185,0.15722332540145495,0.0982926799890556,1.8602022937958735
1008,201.73448965977317,0.5,0.2,0.0,0.29166666666666663,0.15822377688514055,0.5865153991639617,0.157158079395617,0.098102744555281,1.8602022937958735
1009,201.93462308205469,0.5,0.2,0.0,0.29166666666666663,0.1582760551470043,0.5867195055054115,0.15709063791117972,0.09791380143640471,1.8602022937958735
1010,202.13475650433622,0.5,0.2,0.0,0.29166666666666663,0.15832448956339645,0.5869285485690007,0.15702104465063252,0.09772591721697048,1.8602022937958735
1011,202.33488992661773,0.5,0.2,0.0,0.29166666666666663,0.15836908431301935,0.5871424145302359,0.1569493439664227,0.09753915719032222,1.8602022937958735
1012,202.53502334889924,0.5,0.2,0.0,0.29166666666666663,0.15840984517702383,0.5873609885662892,0.15687558080707337,0.0973535854496138,1.8602022937958735
1013,202.73515677118078,0.5,0.2,0.0,0.29166666666666663,0.15844677934496235,0.5875841549273753,0.1567998006313613,0.09716926509630124,1.8602022937958735
1014,202.9352901934623,0.5,0.2,0.0,0.29166666666666663,0.15847989582177605,0.587811796925762,0.15672204951615626,0.09698625773630583,1.8602022937958735
1015,203.13542361574383,0.5,0.2,0.0,0.29166666666666663,0.15850920527075868,0.5880437970020753,0.15664237408252393,0.09680462364464228,1.8602022937958735
1016,203.33555703802534,0.5,0.2,0.0,0.29166666666666663,0.1585347199944959,0.5882800367726951,0.15656082146628703,0.09662442176652207,1.8602022937958735
1017,203.53569046030685,0.5,0.2,0.0,0.29166666666666663,0.15855645393064077,0.5885203970751195,0.1564774392933664,0.09644570970087352,1.8602022937958735
1018,203.7358238825884,0.5,0.2,0.0,0.29166666666666663,0.15857442264291166,0.5887647580138385,0.1563922756539567,0.0962685436892932,1.8602022937958735
1019,203.9359573048699,0.5,0.2,0.0,0.29166666666666663,0.15858864299531317,0.5890129990401334,0.15630537899941851,0.09609297896513509,1.8602022937958735
1020,204.1360907271514,0.5,0.2,0.0,0.29166666666666663,0.1585991333943551,0.5892649989710474,0.15621679817774395,0.09591906945685356,1.8602022937958735
1021,204.33622414943295,0.5,0.2,0.0,0.29166666666666663,0.15860591392970533,0.589520636019236,0.15612658244424327,0.09574686760681553,1.8602022937958735
1022,204.53635757171446,0.5,0.2,0.0,0.29166666666666663,0.15860900623230145,0.5897797878530707,0.15603478140330057,0.09557642451132743,1.8602022937958735
1023,204.736490993996,0.5,0.2,0.0,0.29166666666666663,0.15860843346405692,0.5900423316426534,0.15594144498223425,0.09540778991105554,1.8602022937958735
1024,204.9366244162775,0.5,0.2,0.0,0.29166666666666663,0.15860422030756668,0.5903081441058295,0.15584662340515731,0.09524101218144661,1.8602022937958735
1025,205.13675783855902,0.5,0.2,0.0,0.29166666666666663,0.15859639287322308,0.5905771015593612,0.15575036715891405,0.09507613840850188,1.8602022937958735
1026,205.33689126084056,0.5,0.2,0.0,0.29166666666666663,0.1585849783978782,0.5908490799831245,0.15565272693901702,0.09491321467998037,1.8602022937958735
1027,205.53702468312207,0.5,0.2,0.0,0.29166666666666663,0.15857000573249083,0.5911239550350125,0.15555375367128113,0.09475228556121562,1.8602022937958735
1028,205.7371581054036,0.5,0.2,0.0,0.29166666666666663,0.15855150517126115,0.5914016021069805,0.15545349847027826,0.09459339425148018,1.8602022937958735
1029,205.93729152768512,0.5,0.2,0.0,0.29166666666666663,0.15852950840414037,0.5916818963733831,0.15535201260962925,0.09443658261284732,1.8602022937958735
1030,206.13742494996663,0.5,0.2,0.0,0.29166666666666663,0.15850404850062325,0.5919647128373574,0.15524934749529687,0.09428189116672246,1.8602022937958735
1031,206.33755837224817,0.5,0.2,0.0,0.29166666666666663,0.15847515989314556,0.5922499263771976,0.15514555463889707,0.09412935909075965,1.8602022937958735
1032,206.53769179452968,0.5,0.2,0.0,0.29166666666666663,0.15844287812019345,0.5925374117878394,0.15504068564210435,0.0939790244498628,1.8602022937958735
1033,206.7378252168112,0.5,0.2,0.0,0.29166666666666663,0.15840723991882272,0.5928270438294551,0.15493479216492495,0.09383092408679725,1.8602022937958735
1034,206.93795863909273,0.5,0.2,0.0,0.29166666666666663,0.15836828342298265,0.5931186972782031,0.15482792588908517,0.0936850934097291,1.8602022937958735
1035,207.13809206137424,0.5,0.2,0.0,0.29166666666666663,0.158326048003132,0.593412246969676,0.15472013849798108,0.0935415665292109,1.8602022937958735
1036,207.33822548365578,0.5,0.2,0.0,0.29166666666666663,0.1582805742448096,0.5937075678451773,0.15461148165021266,0.09340037625980042,1.8602022937958735
1037,207.5383589059373,0.5,0.2,0.0,0.29166666666666663,0.15823190392720515,0.5940045349979974,0.15450200695311794,0.09326155412167944,1.8602022937958735
1038,207.7384923282188,0.5,0.2,0.0,0.29166666666666663,0.15818007994393343,0.5943030237095925,0.1543917659508808,0.09312513039559323,1.8602022937958735
1039,207.93862575050034,0.5,0.2,0.0,0.29166666666666663,0.15812514596653238,0.5946029094408097,0.15428081017751227,0.09299113441514562,1.8602022937958735
1040,208.13875917278185,0.5,0.2,0.0,0.29166666666666663,0.15806714694710952,0.5949040679697322,0.15416919099823648,0.09285959408492181,1.8602022937958735
1041,208.33889259506336,0.5,0.2,0.0,0.29166666666666663,0.15800612895679345,0.5952063754134737,0.1540569596183564,0.09273053601137651,1.8602022937958735
1042,208.5390260173449,0.5,0.2,0.0,0.29166666666666663,0.15794213910955654,0.595509708264889,0.15394416707059305,0.09260398555496135,1.8602022937958735
1043,208.7391594396264,0.5,0.2,0.0,0.29166666666666663,0.15787522553791963,0.59581394343835,0.15383086418934247,0.09247996683438788,1.8602022937958735
1044,208.93929286190794,0.5,0.2,0.0,0.29166666666666663,0.15780543736865638,0.5961189583155209,0.15371710158493246,0.0923585027308903,1.8602022937958735
1045,209.13942628418945,0.5,0.2,0.0,0.29166666666666663,0.1577328246984978,0.5964246307911342,0.1536029296178795,0.09223961489248857,1.8602022937958735
1046,209.33955970647096,0.5,0.2,0.0,0.29166666666666663,0.1576574385698316,0.5967308393187649,0.15348839837314787,0.09212332373825562,1.8602022937958735
1047,209.5396931287525,0.5,0.2,0.0,0.29166666666666663,0.15757933049450845,0.5970374628286784,0.15337355782740814,0.09200964884940502,1.8602022937958735
1048,209.739826551034,0.5,0.2,0.0,0.29166666666666663,0.15749855262907483,0.5973443808300904,0.1532584577380772,0.09189860880275753,1.8602022937958735
1049,209.93995997331552,0.5,0.2,0.0,0.29166666666666663,0.1574151582668192,0.5976514736031141,0.15314314739705054,0.09179022073301611,1.8602022937958735
1050,210.14009339559706,0.5,0.2,0.0,0.29166666666666663,0.15732920147448,0.5979586221485692,0.15302767574974133,0.09168450062720945,1.8602022937958735
1051,210.34022681787857,0.5,0.2,0.0,0.29166666666666663,0.1572407370628605,0.5982657082323165,0.15291209137151113,0.09158146333331187,1.8602022937958735
1052,210.5403602401601,0.5,0.2,0.0,0.29166666666666663,0.15714982055744336,0.5985726144295933,0.1527964424441005,0.09148112256886284,1.8602022937958735
1053,210.74049366244162,0.5,0.2,0.0,0.29166666666666663,0.1570565081690057,0.5988792241693477,0.15268077673205974,0.09138349092958688,1.8602022937958735
1054,210.94062708472313,0.5,0.2,0.0,0.29166666666666663,0.15696085676423366,0.5991854217785738,0.1525651415591794,0.09128857989801314,1.8602022937958735
1055,211.14076050700467,0.5,0.2,0.0,0.29166666666666663,0.1568629237775589,0.5994910924659335,0.15244958385181834,0.09119639990468925,1.8602022937958735
1056,211.34089392928618,0.5,0.2,0.0,0.29166666666666663,0.1567627668873321,0.5997961220619583,0.15233415045044635,0.09110696060026319,1.8602022937958735
1057,211.5410273515677,0.5,0.2,0.0,0.29166666666666663,0.15666044448831887,0.600100397581785,0.15221888751486967,0.09102027041502643,1.8602022937958735
1058,211.74116077384923,0.5,0.2,0.0,0.29166666666666663,0.15655601552112253,0.600403807123651,0.15210384066135607,0.09093633669387033,1.8602022937958735
1059,211.94129419613074,0.5,0.2,0.0,0.29166666666666663,0.15644953939376588,0.6007062398625821,0.15198905499487184,0.09085516574878011,1.8602022937958735
1060,212.14142761841228,0.5,0.2,0.0,0.29166666666666663,0.1563410759495802,0.6010075860919122,0.1518745750886142,0.09077676286989336,1.8602022937958735
1061,212.3415610406938,0.5,0.2,0.0,0.29166666666666663,0.1562306854350945,0.6013077372648026,0.1517604449635443,0.09070113233655863,1.8602022937958735
1062,212.5416944629753,0.5,0.2,0.0,0.29166666666666663,0.15611842846792487,0.6016065860357617,0.15164670806791958,0.09062827742839381,1.8602022937958735
1063,212.74182788525684,0.5,0.2,0.0,0.29166666666666663,0.1560043660046336,0.6019040263020458,0.1515334072569375,0.09055820043638309,1.8602022937958735
1064,212.94196130753835,0.5,0.2,0.0,0.29166666666666663,0.15588855921915273,0.602199952888373,0.15142058510379366,0.09049090278868054,1.8602022937958735
1065,213.14209472981986,0.5,0.2,0.0,0.29166666666666663,0.15577106951649003,0.6024942617711694,0.15130828370943478,0.09042638500290574,1.8602022937958735
1066,213.3422281521014,0.5,0.2,0.0,0.29166666666666663,0.15565195859292302,0.6027868504882146,0.1511965443400462,0.09036464657881625,1.8602022937958735
1067,213.5423615743829,0.5,0.2,0.0,0.29166666666666663,0.15553128834087293,0.6030776179288453,0.15108540764009484,0.09030568609018691,1.8602022937958735
1068,213.74249499666445,0.5,0.2,0.0,0.29166666666666663,0.1554091208158187,0.6033664643715875,0.15097491361547502,0.09024950119711882,1.8602022937958735
1069,213.94262841894596,0.5,0.2,0.0,0.29166666666666663,0.1552855182032113,0.6036532915217859,0.15086510161665423,0.09019608865834855,1.8602022937958735
1070,214.14276184122747,0.5,0.2,0.0,0.29166666666666663,0.1551605427853878,0.6039380025492362,0.15075601032181898,0.09014544434355706,1.8602022937958735
1071,214.342895263509,0.5,0.2,0.0,0.29166666666666663,0.15503425690848557,0.6042205021258149,0.15064767772002066,0.09009756324567887,1.8602022937958735
1072,214.54302868579052,0.5,0.2,0.0,0.29166666666666663,0.1549067229669048,0.6045006963510824,0.15054014118602524,0.09005243949598761,1.8602022937958735
1073,214.74316210807203,0.5,0.2,0.0,0.29166666666666663,0.15477800345100154,0.6047784922742164,0.1504334378855956,0.09001006638918643,1.8602022937958735
1074,214.94329553035357,0.5,0.2,0.0,0.29166666666666663,0.15464816077281224,0.6050537988330045,0.15032760402080603,0.08997043637337725,1.8602022937958735
1075,215.14342895263508,0.5,0.2,0.0,0.29166666666666663,0.1545172572745762,0.6053265266258463,0.15022267503062417,0.08993354106895333,1.8602022937958735
1076,215.34356237491662,0.5,0.2,0.0,0.29166666666666663,0.15438535520854302,0.6055965878670722,0.1501186856414364,0.08989937128294836,1.8602022937958735
1077,215.54369579719813,0.5,0.2,0.0,0.29166666666666663,0.15425251670464948,0.6058638964197061,0.15001566985417816,0.08986791702146625,1.8602022937958735
1078,215.74382921947964,0.5,0.2,0.0,0.29166666666666663,0.154118803738196,0.6061283678282294,0.14991366093146385,0.0898391675021107,1.8602022937958735
1079,215.94396264176117,0.5,0.2,0.0,0.29166666666666663,0.15398427809752327,0.6063899193513443,0.14981269138471728,0.08981311116641501,1.8602022937958735
1080,216.14409606404269,0.5,0.2,0.0,0.29166666666666663,0.15384900135192534,0.6066484699941453,0.14971279296169976,0.08978973569222955,1.8602022937958735
1081,216.3442294863242,0.5,0.2,0.0,0.29166666666666663,0.1537130350397686,0.6069039399887014,0.1496139970047115,0.08976902796681839,1.8602022937958735
1082,216.54436290860573,0.5,0.2,0.0,0.29166666666666663,0.1535764405089453,0.6071562511454988,0.14951633422356675,0.08975097412198911,1.8602022937958735
1083,216.74449633088724,0.5,0.2,0.0,0.29166666666666663,0.15343927867944293,0.6074053273999709,0.1494198343374667,0.08973555958311942,1.8602022937958735
1084,216.94462975316878,0.5,0.2,0.0,0.29166666666666663,0.15330161015710686,0.6076510944793356,0.1493245263080364,0.08972276905552101,1.8602022937958735
1085,217.1447631754503,0.5,0.2,0.0,0.29166666666666663,0.15316349520364775,0.6078934799295203,0.14923043833037855,0.08971258653645336,1.8602022937958735
1086,217.3448965977318,0.5,0.2,0.0,0.29166666666666663,0.1530249937066489,0.6081324131420864,0.14913759782412694,0.0897049953271376,1.8602022937958735
1087,217.54503002001334,0.5,0.2,0.0,0.29166666666666663,0.1528861651495735,0.6083678253811562,0.14904603142449993,0.08969997804477028,1.8602022937958735
1088,217.74516344229485,0.5,0.2,0.0,0.29166666666666663,0.1527470685817722,0.6085996498103364,0.148955764973354,0.08969751663453727,1.8602022937958735
1089,217.94529686457636,0.5,0.2,0.0,0.29166666666666663,0.1526077626459636,0.6088278214115856,0.1488668235728544,0.08969759236959626,1.8602022937958735
1090,218.1454302868579,0.5,0.2,0.0,0.29166666666666663,0.15246830582213208,0.6090522764971811,0.1487792318749318,0.08970018580575494,1.8602022937958735
1091,218.3455637091394,0.5,0.2,0.0,0.29166666666666663,0.15232875599322954,0.6092729534968037,0.14869301363184534,0.08970527687812131,1.8602022937958735
1092,218.54569713142095,0.5,0.2,0.0,0.29166666666666663,0.15218917052588268,0.6094897927763295,0.1486081918078439,0.0897128448899438,1.8602022937958735
1093,218.74583055370246,0.5,0.2,0.0,0.29166666666666663,0.15204960627989897,0.6097027365904913,0.14852478861325305,0.08972286851635654,1.8602022937958735
1094,218.94596397598397,0.5,0.2,0.0,0.29166666666666663,0.1519101195850614,0.6099117290970426,0.1484428255029235,0.08973532581497236,1.8602022937958735
1095,219.1460973982655,0.5,0.2,0.0,0.29166666666666663,0.15177076622331606,0.6101167163889252,0.1483623231502965,0.08975019423746221,1.8602022937958735
1096,219.34623082054702,0.5,0.2,0.0,0.29166666666666663,0.15163160142050744,0.6103176465583137,0.14828330137829773,0.08976745064288107,1.8602022937958735
1097,219.54636424282853,0.5,0.2,0.0,0.29166666666666663,0.15149267979691816,0.6105144696231224,0.14820577927650128,0.08978707130345813,1.8602022937958735
1098,219.74649766511007,0.5,0.2,0.0,0.29166666666666663,0.15135405535329244,0.6107071375719794,0.1481297751578503,0.08980903191687785,1.8602022937958735
1099,219.94663108739158,0.5,0.2,0.0,0.29166666666666663,0.15121578144930792,0.6108956043839885,0.14805530654952384,0.08983330761717967,1.8602022937958735
1100,220.14676450967312,0.5,0.2,0.0,0.29166666666666663,0.15107791078080404,0.6110798260443413,0.1479823901894243,0.08985987298543026,1.8602022937958735
1101,220.34689793195463,0.5,0.2,0.0,0.29166666666666663,0.15094049542035465,0.6112597604349013,0.14791104209524808,0.0898887020494959,1.8602022937958735
1102,220.54703135423614,0.5,0.2,0.0,0.29166666666666663,0.15080358688836462,0.6114353671645401,0.14784127766853275,0.08991976827856238,1.8602022937958735
1103,220.74716477651768,0.5,0.2,0.0,0.29166666666666663,0.15066723591862066,0.6116066080025553,0.1477731114485919,0.08995304463023183,1.8602022937958735
1104,220.9472981987992,0.5,0.2,0.0,0.29166666666666663,0.15053149252377052,0.6117734467200947,0.14770655721012532,0.08998850354600918,1.8602022937958735
1105,221.1474316210807,0.5,0.2,0.0,0.29166666666666663,0.15039640598131723,0.6119358490884653,0.14764162796975105,0.09002611696046607,1.8602022937958735
1106,221.34756504336224,0.5,0.2,0.0,0.29166666666666663,0.1502620248145165,0.6120937828875046,0.14757833598669662,0.09006585631128189,1.8602022937958735
1107,221.54769846564375,0.5,0.2,0.0,0.29166666666666663,0.15012839685590582,0.6122472178100021,0.14751669279084334,0.09010769254324835,1.8602022937958735
1108,221.7478318879253,0.5,0.2,0.0,0.29166666666666663,0.14999556927697213,0.6123961254087182,0.14745670919956164,0.09015159611474761,1.8602022937958735
1109,221.9479653102068,0.5,0.2,0.0,0.29166666666666663,0.14986358838666283,0.6125404793341912,0.14739839525802856,0.09019753702111707,1.8602022937958735
1110,222.1480987324883,0.5,0.2,0.0,0.29166666666666663,0.1497324997001842,0.6126802552325302,0.14734176026901624,0.09024548479826898,1.8602022937958735
1111,222.34823215476985,0.5,0.2,0.0,0.29166666666666663,0.14960234792501753,0.612815430747347,0.14728681279527772,0.09029540853235742,1.8602022937958735
1112,222.54836557705136,0.5,0.2,0.0,0.29166666666666663,0.14947317694540688,0.6129459855236089,0.14723356066142673,0.09034727686955711,1.8602022937958735
1113,222.74849899933287,0.5,0.2,0.0,0.29166666666666663,0.14934502991396337,0.6130719010610305,0.1471820110003129,0.09040105802469287,1.8602022937958735
1114,222.9486324216144,0.5,0.2,0.0,0.29166666666666663,0.1492179492298424,0.6131931607267911,0.14713217025228006,0.09045671979108603,1.8602022937958735
1115,223.14876584389592,0.5,0.2,0.0,0.29166666666666663,0.1490919763806693,0.6133097499596406,0.14708404410782713,0.09051422955186257,1.8602022937958735
1116,223.34889926617745,0.5,0.2,0.0,0.29166666666666663,0.148967152007714,0.6134216561604149,0.14703763754300453,0.09057355428886617,1.8602022937958735
1117,223.54903268845896,0.5,0.2,0.0,0.29166666666666663,0.14884351589402986,0.6135288686907613,0.14699295482281066,0.09063466059239768,1.8602022937958735
1118,223.74916611074048,0.5,0.2,0.0,0.29166666666666663,0.14872110695307864,0.6136313788711074,0.14694999950485324,0.0906975146709603,1.8602022937958735
1119,223.949299533022,0.5,0.2,0.0,0.29166666666666663,0.1485999633186217,0.6137291798223644,0.14690877449705728,0.09076208236195618,1.8602022937958735
1120,224.14943295530352,0.5,0.2,0.0,0.29166666666666663,0.14848012228066249,0.6138222665451912,0.14686928203320943,0.09082832914093641,1.8602022937958735
1121,224.34956637758503,0.5,0.2,0.0,0.29166666666666663,0.148361620202026,0.6139106360291361,0.14683152363816848,0.09089622013066902,1.8602022937958735
1122,224.54969979986657,0.5,0.2,0.0,0.29166666666666663,0.14824449255825287,0.6139942871714916,0.14679550015888942,0.09096572011136572,1.8602022937958735
1123,224.74983322214808,0.5,0.2,0.0,0.29166666666666663,0.14812877392848106,0.6140732207717811,0.1467612117692893,0.09103679353044823,1.8602022937958735
1124,224.94996664442962,0.5,0.2,0.0,0.29166666666666663,0.1480144979911246,0.6141474395193962,0.1467286579767035,0.09110940451277535,1.8602022937958735
1125,225.15010006671113,0.5,0.2,0.0,0.29166666666666663,0.1479016977014057,0.6142169477216175,0.14669783768863934,0.0911835168883372,1.8602022937958735
1126,225.35023348899264,0.5,0.2,0.0,0.29166666666666663,0.147790405095525,0.6142817515646533,0.1466687491557339,0.09125909418408756,1.8602022937958735
1127,225.55036691127418,0.5,0.2,0.0,0.29166666666666663,0.14768065123126764,0.6143418591799006,0.14664138995995035,0.09133609962888116,1.8602022937958735
1128,225.7505003335557,0.5,0.2,0.0,0.29166666666666663,0.14757246625176657,0.6143972805343842,0.14661575704360877,0.09141449617024015,1.8602022937958735
1129,225.9506337558372,0.5,0.2,0.0,0.29166666666666663,0.14746587937830696,0.6144480274224977,0.1465918467148899,0.09149424648430522,1.8602022937958735
1130,226.15076717811874,0.5,0.2,0.0,0.29166666666666663,0.14736091890313108,0.614494113457744,0.14656965465333827,0.09157531298578651,1.8602022937958735
1131,226.35090060040025,0.5,0.2,0.0,0.29166666666666663,0.1472576121822429,0.6145355540644766,0.1465491759153659,0.09165765783791449,1.8602022937958735
1132,226.5510340226818,0.5,0.2,0.0,0.29166666666666663,0.14715598563660248,0.614572366457237,0.14653040494250635,0.09174124296365409,1.8602022937958735
1133,226.7511674449633,0.5,0.2,0.0,0.29166666666666663,0.14705606512888122,0.614604569064864,0.14651333569279756,0.09182603011345702,1.8602022937958735
1134,226.9513008672448,0.5,0.2,0.0,0.29166666666666663,0.14695787558634538,0.6146321820691256,0.1464979615250055,0.0919119808195234,1.8602022937958735
1135,227.15143428952635,0.5,0.2,0.0,0.29166666666666663,0.1468614408708413,0.6146552275780349,0.1464842751638608,0.09199905638726287,1.8602022937958735
1136,227.35156771180786,0.5,0.2,0.0,0.29166666666666663,0.14676678392886275,0.6146737293850953,0.14647226875712127,0.09208721792892059,1.8602022937958735
1137,227.55170113408937,0.5,0.2,0.0,0.29166666666666663,0.14667392678835922,0.6146877129551217,0.1464619338823881,0.09217642637413087,1.8602022937958735
1138,227.7518345563709,0.5,0.2,0.0,0.29166666666666663,0.14658289055554447,0.6146972054100627,0.1464532615539218,0.09226664248047096,1.8602022937958735
1139,227.95196797865242,0.5,0.2,0.0,0.29166666666666663,0.14649369541170512,0.6147022355148216,0.1464462422294586,0.09235782684401467,1.8602022937958735
1140,228.15210140093396,0.5,0.2,0.0,0.29166666666666663,0.14640636061548828,0.6147028336546405,0.14644086581873797,0.09244993991113322,1.8602022937958735
1141,228.35223482321547,0.5,0.2,0.0,0.29166666666666663,0.14632090479903045,0.6146990313599712,0.1464371217838259,0.09254294205717248,1.8602022937958735
1142,228.55236824549698,0.5,0.2,0.0,0.29166666666666663,0.14623734568784452,0.6146908617187533,0.14643499905942123,0.09263679353398097,1.8602022937958735
1143,228.75250166777852,0.5,0.2,0.0,0.29166666666666663,0.14615569998593086,0.6146783595342493,0.14643448602477807,0.09273145445504187,1.8602022937958735
1144,228.95263509006003,0.5,0.2,0.0,0.29166666666666663,0.1460759835012861,0.6146615611126685,0.14643557055072734,0.09282688483531817,1.8602022937958735
1145,229.15276851234154,0.5,0.2,0.0,0.29166666666666663,0.1459982111458752,0.6146405042441171,0.14643824000748135,0.09292304460252646,1.8602022937958735
1146,229.35290193462308,0.5,0.2,0.0,0.29166666666666663,0.1459223969356038,0.6146152281835475,0.14644248127243817,0.0930198936084106,1.8602022937958735
1147,229.5530353569046,0.5,0.2,0.0,0.29166666666666663,0.1458485539902905,0.6145857736317079,0.1464482807379862,0.09311739164001556,1.8602022937958735
1148,229.75316877918613,0.5,0.2,0.0,0.29166666666666663,0.14577669453747438,0.6145521827099805,0.14645562432037962,0.09321549843216562,1.8602022937958735
1149,229.95330220146764,0.5,0.2,0.0,0.29166666666666663,0.1457068301670344,0.6145144985356039,0.14646449753865604,0.09331417375870572,1.8602022937958735
1150,230.15343562374915,0.5,0.2,0.0,0.29166666666666663,0.14563897160573797,0.6144727655617884,0.1464748854594888,0.09341337737298482,1.8602022937958735
1151,230.35356904603069,0.5,0.2,0.0,0.29166666666666663,0.14557312860783397,0.6144270297329392,0.14648677267444607,0.09351306898478078,1.8602022937958735
1152,230.5537024683122,0.5,0.2,0.0,0.29166666666666663,0.1455093100700622,0.6143773382823172,0.14650014333992079,0.09361320830769977,1.8602022937958735
1153,230.75383589059373,0.5,0.2,0.0,0.29166666666666663,0.14544752403435796,0.6143237397086359,0.14651498118569808,0.093713755071308,1.8602022937958735
1154,230.95396931287524,0.5,0.2,0.0,0.29166666666666663,0.14538777769055647,0.614266283752657,0.1465312695235229,0.09381466903326348,1.8602022937958735
1155,231.15410273515675,0.5,0.2,0.0,0.29166666666666663,0.14533007737909762,0.6142050213737869,0.14654899125566745,0.09391590999144793,1.8602022937958735
1156,231.3542361574383,0.5,0.2,0.0,0.29166666666666663,0.1452744285962118,0.6141400047227904,0.14656812888399795,0.09401743779699974,1.8602022937958735
1157,231.5543695797198,0.5,0.2,0.0,0.29166666666666663,0.14522083620143794,0.6140712867979736,0.14658866455975825,0.09411921244083014,1.8602022937958735
1158,231.75450300200131,0.5,0.2,0.0,0.29166666666666663,0.14516930424757918,0.6139989216920309,0.14661058005737396,0.09422119400301601,1.8602022937958735
1159,231.95463642428285,0.5,0.2,0.0,0.29166666666666663,0.1451198358831872,0.6139229647254276,0.1466338567628518,0.09432334262853334,1.8602022937958735
1160,232.15476984656436,0.5,0.2,0.0,0.29166666666666663,0.1450724334525664,0.6138434722707797,0.1466584757019274,0.09442561857472645,1.8602022937958735
1161,232.3549032688459,0.5,0.2,0.0,0.29166666666666663,0.14502709850071277,0.6137605017259533,0.14668441754908254,0.09452798222425139,1.8602022937958735
1162,232.5550366911274,0.5,0.2,0.0,0.29166666666666663,0.14498383177825291,0.6136741114871659,0.14671166263656218,0.09463039409801911,1.8602022937958735
1163,232.75517011340892,0.5,0.2,0.0,0.29166666666666663,0.1449426332463829,0.6135843609220867,0.1467401909633917,0.09473281486813888,1.8602022937958735
1164,232.95530353569046,0.5,0.2,0.0,0.29166666666666663,0.14490350208325398,0.6134913103407077,0.14676998220468876,0.09483520537134979,1.8602022937958735
1165,233.15543695797197,0.5,0.2,0.0,0.29166666666666663,0.1448664368416849,0.6133950207329615,0.14680101575182136,0.09493752667353249,1.8602022937958735
1166,233.35557038025348,0.5,0.2,0.0,0.29166666666666663,0.1448314353319552,0.6132955539300953,0.14683327069652724,0.09503974004142252,1.8602022937958735
1167,233.55570380253502,0.5,0.2,0.0,0.29166666666666663,0.1447984945422668,0.6131929727079838,0.1468667258227114,0.09514180692703822,1.8602022937958735
1168,233.75583722481653,0.5,0.2,0.0,0.29166666666666663,0.14476761072008268,0.6130873406424685,0.1469013596310364,0.09524368900641271,1.8602022937958735
1169,233.95597064709807,0.5,0.2,0.0,0.29166666666666663,0.14473877937876303,0.6129787220798417,0.14693715034828533,0.0953453481931101,1.8602022937958735
1170,234.15610406937958,0.5,0.2,0.0,0.29166666666666663,0.1447119953042016,0.6128671821073319,0.14697407593672507,0.0954467466517416,1.8602022937958735
1171,234.3562374916611,0.5,0.2,0.0,0.29166666666666663,0.14468725256146187,0.6127527865235872,0.14701211410346923,0.09554784681148192,1.8602022937958735
1172,234.55637091394263,0.5,0.2,0.0,0.29166666666666663,0.1446645445025669,0.6126356018076909,0.14705124230999062,0.09564861137975177,1.8602022937958735
1173,234.75650433622414,0.5,0.2,0.0,0.29166666666666663,0.14464386392942274,0.6125156948906048,0.14709143780168857,0.09574900337828407,1.8602022937958735
1174,234.95663775850565,0.5,0.2,0.0,0.29166666666666663,0.14462520296210016,0.6123931333018562,0.14713267759936613,0.09584898613667767,1.8602022937958735
1175,235.1567711807872,0.5,0.2,0.0,0.29166666666666663,0.14460855295364966,0.6122679852569628,0.14717493849672256,0.09594852329266507,1.8602022937958735
1176,235.3569046030687,0.5,0.2,0.0,0.29166666666666663,0.1445939045841885,0.6121403195165432,0.1472181970810219,0.09604757881824638,1.8602022937958735
1177,235.55703802535024,0.5,0.2,0.0,0.29166666666666663,0.1445812478683635,0.6120102053557485,0.1472624297425631,0.09614611703332505,1.8602022937958735
1178,235.75717144763175,0.5,0.2,0.0,0.29166666666666663,0.14457057216281413,0.6118777125336929,0.14730761268414977,0.09624410261934313,1.8602022937958735
1179,235.95730486991326,0.5,0.2,0.0,0.29166666666666663,0.14456186617363553,0.6117429112628872,0.14735372193056043,0.0963415006329169,1.8602022937958735
1180,236.1574382921948,0.5,0.2,0.0,0.29166666666666663,0.14455511796384132,0.611605872178668,0.14740073333801829,0.09643827651947234,1.8602022937958735
1181,236.3575717144763,0.5,0.2,0.0,0.29166666666666663,0.1445503149608268,0.6114666663086311,0.14744862260366143,0.0965343961268806,1.8602022937958735
1182,236.55770513675782,0.5,0.2,0.0,0.29166666666666663,0.14454744396383162,0.6113253650420621,0.14749736527501264,0.09662982571909352,1.8602022937958735
1183,236.75783855903936,0.5,0.2,0.0,0.29166666666666663,0.14454649124175845,0.6111820400193135,0.14754693676187974,0.09672453197704822,1.8602022937958735
1184,236.95797198132087,0.5,0.2,0.0,0.29166666666666663,0.14454744276517786,0.6110367629022923,0.14759731235186513,0.09681848198066476,1.8602022937958735
1185,237.1581054036024,0.5,0.2,0.0,0.29166666666666663,0.14455028369693276,0.6108896058018269,0.1476484672059338,0.0969116432953065,1.8602022937958735
1186,237.35823882588392,0.5,0.2,0.0,0.29166666666666663,0.1445549985994207,0.6107406410700603,0.14770037637325784,0.09700398395726118,1.8602022937958735
1187,237.55837224816543,0.5,0.2,0.0,0.29166666666666663,0.14456157147125534,0.6105899412440103,0.14775301480147185,0.09709547248326252,1.8602022937958735
1188,237.75850567044697,0.5,0.2,0.0,0.29166666666666663,0.14456998575620544,0.6104375790136944,0.14780635734618258,0.09718607788391764,1.8602022937958735
1189,237.95863909272848,0.5,0.2,0.0,0.29166666666666663,0.1445802243521336,0.6102836271902532,0.1478603787804786,0.09727576967713465,1.8602022937958735
1190,238.15877251500999,0.5,0.2,0.0,0.29166666666666663,0.14459226961993524,0.6101281586740745,0.14791505380444012,0.09736451790155021,1.8602022937958735
1191,238.35890593729152,0.5,0.2,0.0,0.29166666666666663,0.1446061033924775,0.6099712464229171,0.14797035705464845,0.09745229312995703,1.8602022937958735
1192,238.55903935957303,0.5,0.2,0.0,0.29166666666666663,0.14462170698353818,0.6098129634200347,0.14802626311369593,0.09753906648273142,1.8602022937958735
1193,238.75917278185457,0.5,0.2,0.0,0.29166666666666663,0.14463906119988434,0.6096533826443481,0.14808274651919964,0.09762480963656814,1.8602022937958735
1194,238.95930620413608,0.5,0.2,0.0,0.29166666666666663,0.14465814651530814,0.6094925771462931,0.14813978174724152,0.09770949459115742,1.8602022937958735
1195,239.1594396264176,0.5,0.2,0.0,0.29166666666666663,0.1446789429053717,0.6093306199022849,0.14819734324938416,0.09779309394295951,1.8602022937958735
1196,239.35957304869913,0.5,0.2,0.0,0.29166666666666663,0.14470142980158052,0.6091675837471079,0.14825540547082833,0.09787558098048352,1.8602022937958735
1197,239.55970647098064,0.5,0.2,0.0,0.29166666666666663,0.14472558617565096,0.6090035413911912,0.14831394284802776,0.09795692958513029,1.8602022937958735
1198,239.75983989326215,0.5,0.2,0.0,0.29166666666666663,0.14475139054926683,0.6088385653892655,0.14837292981806993,0.09803711424339795,1.8602022937958735
1199,239.9599733155437,0.5,0.2,0.0,0.29166666666666663,0.14477882100383593,0.6086727281090203,0.1484323408280564,0.09811611005908752,1.8602022937958735
1200,240.1601067378252,0.5,0.2,0.0,0.29166666666666663,0.14480785519024642,0.6085061016997618,0.14849215034448357,0.09819389276550838,1.8602022937958735
1201,240.36024016010674,0.5,0.2,0.0,0.29166666666666663,0.14483847033862335,0.6083387580610696,0.1485523328626232,0.09827043873768394,1.8602022937958735
1202,240.56037358238825,0.5,0.2,0.0,0.29166666666666663,0.14487064326808533,0.6081707688114547,0.148612862915903,0.09834572500455707,1.8602022937958735
1203,240.76050700466976,0.5,0.2,0.0,0.29166666666666663,0.14490435039650082,0.6080022052570162,0.1486737150852873,0.09841972926119583,1.8602022937958735
1204,240.9606404269513,0.5,0.2,0.0,0.29166666666666663,0.14493956778952294,0.607833138506781,0.1487348639857091,0.09849242971798713,1.8602022937958735
1205,241.1607738492328,0.5,0.2,0.0,0.29166666666666663,0.14497627123555326,0.6076636396848737,0.14879628423735347,0.09856380484221983,1.8602022937958735
1206,241.36090727151432,0.5,0.2,0.0,0.29166666666666663,0.14501443607704073,0.6074937792327351,0.14885795057930198,0.09863383411092236,1.8602022937958735
1207,241.56104069379586,0.5,0.2,0.0,0.29166666666666663,0.14505403729654875,0.6073236271627569,0.1489198378343289,0.09870249770636565,1.8602022937958735
1208,241.76117411607737,0.5,0.2,0.0,0.29166666666666663,0.14509504953382815,0.607153253054262,0.14898192091400694,0.09876977649790308,1.8602022937958735
1209,241.9613075383589,0.5,0.2,0.0,0.29166666666666663,0.14513744709609877,0.6069827260241222,0.14904417482778126,0.098835652051998,1.8602022937958735
1210,242.16144096064042,0.5,0.2,0.0,0.29166666666666663,0.14518120396833062,0.6068121146973753,0.14910657469204333,0.09890010664225088,1.8602022937958735
1211,242.36157438292193,0.5,0.2,0.0,0.29166666666666663,0.14522629382352534,0.6066414871778429,0.14916909573920503,0.09896312325942688,1.8602022937958735
1212,242.56170780520347,0.5,0.2,0.0,0.29166666666666663,0.14527269003299745,0.6064709110187472,0.1492317133267724,0.09902468562148309,1.8602022937958735
1213,242.76184122748498,0.5,0.2,0.0,0.29166666666666663,0.14532036567665582,0.6063004531933287,0.14929440294641977,0.09908477818359591,1.8602022937958735
1214,242.9619746497665,0.5,0.2,0.0,0.29166666666666663,0.14536929355656036,0.6061301800896005,0.14935714022835186,0.09914338612548741,1.8602022937958735
1215,243.16210807204803,0.5,0.2,0.0,0.29166666666666663,0.14541944629869272,0.6059601581551708,0.14941990081877102,0.09920049472736557,1.8602022937958735
1216,243.36224149432954,0.5,0.2,0.0,0.29166666666666663,0.14547079625334527,0.6057904530580392,0.14948266054703052,0.09925609014158504,1.8602022937958735
1217,243.56237491661108,0.5,0.2,0.0,0.29166666666666663,0.14552331549381278,0.6056211295718077,0.14954539545138035,0.09931015948299926,1.8602022937958735
1218,243.7625083388926,0.5,0.2,0.0,0.29166666666666663,0.1455769758611909,0.6054522518006619,0.1496080817383883,0.09936269059975901,1.8602022937958735
1219,243.9626417611741,0.5,0.2,0.0,0.29166666666666663,0.14563174897509257,0.6052838831531946,0.1496706957913882,0.0994136720803247,1.8602022937958735
1220,244.16277518345564,0.5,0.2,0.0,0.29166666666666663,0.14568760624436453,0.6051160863162294,0.14973321417892788,0.09946309326047827,1.8602022937958735
1221,244.36290860573715,0.5,0.2,0.0,0.29166666666666663,0.14574451887780354,0.6049489232286438,0.14979561366321748,0.09951094423033525,1.8602022937958735
1222,244.56304202801866,0.5,0.2,0.0,0.29166666666666663,0.14580245789487295,0.6047824550551928,0.14985787120857735,0.09955721584135699,1.8602022937958735
1223,244.7631754503002,0.5,0.2,0.0,0.29166666666666663,0.14586139413641905,0.6046167421603322,0.14991996398988633,0.0996018997133625,1.8602022937958735
1224,244.9633088725817,0.5,0.2,0.0,0.29166666666666663,0.14592129827538744,0.6044518440820422,0.14998186940102973,0.09964498824154065,1.8602022937958735
1225,245.16344229486324,0.5,0.2,0.0,0.29166666666666663,0.14598214083846778,0.6042878198877656,0.1500435649995501,0.09968647427421651,1.8602022937958735
1226,245.36357571714476,0.5,0.2,0.0,0.29166666666666663,0.14604389222785913,0.604124728534572,0.1501050284505924,0.09972635078697643,1.8602022937958735
1227,245.56370913942627,0.5,0.2,0.0,0.29166666666666663,0.14610652269281185,0.6039626274732058,0.15016623776404794,0.09976461206993431,1.8602022937958735
1228,245.7638425617078,0.5,0.2,0.0,0.29166666666666663,0.14617000235867253,0.6038015732627829,0.15022717119600332,0.09980125318254127,1.8602022937958735
1229,245.96397598398931,0.5,0.2,0.0,0.29166666666666663,0.14623430123871226,0.6036416215834948,0.1502878072506967,0.09983626992709621,1.8602022937958735
1230,246.16410940627082,0.5,0.2,0.0,0.29166666666666663,0.14629938924496472,0.6034828272146814,0.15034812468825695,0.09986965885209695,1.8602022937958735
1231,246.36424282855236,0.5,0.2,0.0,0.29166666666666663,0.14636523619906397,0.6033252440129028,0.150408102532442,0.0999014172555912,1.8602022937958735
1232,246.56437625083387,0.5,0.2,0.0,0.29166666666666663,0.14643181184308246,0.6031689248900121,0.1504677200783777,0.09993154318852768,1.8602022937958735
1233,246.7645096731154,0.5,0.2,0.0,0.29166666666666663,0.14649908585036894,0.6030139217912271,0.15052695690029663,0.09996003545810726,1.8602022937958735
1234,246.96464309539692,0.5,0.2,0.0,0.29166666666666663,0.1465670278363863,0.602860285673203,0.1505857928592767,0.09998689363113393,1.8602022937958735
1235,247.16477651767843,0.5,0.2,0.0,0.29166666666666663,0.14663560736903475,0.6027080665434134,0.15064420809931353,0.10001211798823825,1.8602022937958735
1236,247.36490993995997,0.5,0.2,0.0,0.29166666666666663,0.14670479397066494,0.602557314489028,0.15070218285510262,0.10003570868520428,1.8602022937958735
1237,247.56504336224148,0.5,0.2,0.0,0.29166666666666663,0.14677455714070028,0.6024080782517592,0.15075969772679626,0.10005766688074415,1.8602022937958735
1238,247.765176784523,0.5,0.2,0.0,0.29166666666666663,0.14684486636606808,0.602260405254376,0.15081673367852438,0.10007799470103147,1.8602022937958735
1239,247.96531020680453,0.5,0.2,0.0,0.29166666666666663,0.1469156911292576,0.6021143419097805,0.15087327198314682,0.10009669497781495,1.8602022937958735
1240,248.16544362908604,0.5,0.2,0.0,0.29166666666666663,0.14698700091911676,0.60196993360399,0.1509292942290579,0.10011377124783528,1.8602022937958735
1241,248.36557705136758,0.5,0.2,0.0,0.29166666666666663,0.14705876524164896,0.601827224679118,0.15098478232699086,0.10012922775224213,1.8602022937958735
1242,248.5657104736491,0.5,0.2,0.0,0.29166666666666663,0.14713095363080964,0.6016862584163569,0.15103971851682232,0.10014306943601103,1.8602022937958735
1243,248.7658438959306,0.5,0.2,0.0,0.29166666666666663,0.14720353565930297,0.6015470770189597,0.15109408537437685,0.10015530194736039,1.8602022937958735
1244,248.96597731821214,0.5,0.2,0.0,0.29166666666666663,0.1472764809493787,0.6014097215952214,0.1511478658182314,0.1001659316371684,1.8602022937958735
1245,249.16611074049365,0.5,0.2,0.0,0.29166666666666663,0.1473497591836286,0.6012742321414617,0.1512010431165197,0.10017496555838998,1.8602022937958735
1246,249.36624416277516,0.5,0.2,0.0,0.29166666666666663,0.14742334010035865,0.6011406480734912,0.15125360076583091,0.10018241106031923,1.8602022937958735
1247,249.5663775850567,0.5,0.2,0.0,0.29166666666666663,0.14749719349684454,0.6010090084777393,0.15130552243548293,0.10018827558993322,1.8602022937958735
1248,249.7665110073382,0.5,0.2,0.0,0.29166666666666663,0.1475712892831483,0.6008793505645107,0.1513567923310566,0.10019256782128434,1.8602022937958735
1249,249.96664442961975,0.5,0.2,0.0,0.29166666666666663,0.14764559747096645,0.6007517104314273,0.151407395019198,0.10019529707840823,1.8602022937958735
1250,250.16677785190126,0.5,0.2,0.0,0.29166666666666663,0.14772008818363905,0.6006261230744133,0.1514573154278927,0.10019647331405493,1.8602022937958735
1251,250.36691127418277,0.5,0.2,0.0,0.29166666666666663,0.14779473166680168,0.6005026223758259,0.1515065388520694,0.10019610710530297,1.8602022937958735
1252,250.5670446964643,0.5,0.2,0.0,0.29166666666666663,0.1478694982990375,0.600381241092585,0.15155505095920416,0.10019420964917329,1.8602022937958735
1253,250.76717811874582,0.5,0.2,0.0,0.29166666666666663,0.14794435860252883,0.600262010844304,0.15160283779492392,0.1001907927582432,1.8602022937958735
1254,250.96731154102733,0.5,0.2,0.0,0.29166666666666663,0.14801928325370942,0.6001449621014193,0.15164988578861077,0.1001858688562604,1.8602022937958735
1255,251.16744496330887,0.5,0.2,0.0,0.29166666666666663,0.14809424309391608,0.6000301241733215,0.15169618175900554,0.10017945097375683,1.8602022937958735
1256,251.36757838559038,0.5,0.2,0.0,0.29166666666666663,0.14816920906248834,0.5999175260302905,0.1517417127043724,0.10017155220284882,1.8602022937958735
1257,251.56771180787192,0.5,0.2,0.0,0.29166666666666663,0.1482441524104967,0.5998071941082477,0.1517864663722458,0.10016218710900979,1.8602022937958735
1258,251.76784523015343,0.5,0.2,0.0,0.29166666666666663,0.14831904434225682,0.5996991562656768,0.15183043023957513,0.10015136915249129,1.8602022937958735
1259,251.96797865243494,0.5,0.2,0.0,0.29166666666666663,0.14839385640679775,0.5995934376773986,0.15187359257623143,0.10013911333957234,1.8602022937958735
1260,252.16811207471648,0.5,0.2,0.0,0.29166666666666663,0.14846856036107517,0.5994900624078936,0.15191594204102793,0.10012543519000341,1.8602022937958735
1261,252.368245496998,0.5,0.2,0.0,0.29166666666666663,0.14854312818049145,0.5993890534008471,0.1519574676869585,0.10011035073170306,1.8602022937958735
1262,252.5683789192795,0.5,0.2,0.0,0.29166666666666663,0.1486175320693702,0.5992904324691888,0.1519981589663082,0.10009387649513304,1.8602022937958735
1263,252.76851234156103,0.5,0.2,0.0,0.29166666666666663,0.14869174447138425,0.5991942202856283,0.15203800573563542,0.10007602950735225,1.8602022937958735
1264,252.96864576384255,0.5,0.2,0.0,0.29166666666666663,0.14876573807993787,0.5991004363736869,0.15207699826062646,0.10005682728574898,1.8602022937958735
1265,253.16877918612408,0.5,0.2,0.0,0.29166666666666663,0.14883948584850273,0.5990090990992238,0.1521151272208217,0.10003628783145196,1.8602022937958735
1266,253.3689126084056,0.5,0.2,0.0,0.29166666666666663,0.14891296100090773,0.5989202256624586,0.15215238371421397,0.10001442962241998,1.8602022937958735
1267,253.5690460306871,0.5,0.2,0.0,0.29166666666666663,0.14898613695592405,0.5988338326408337,0.15218875908987609,0.09999127131336648,1.8602022937958735
1268,253.76917945296864,0.5,0.2,0.0,0.29166666666666663,0.14905898733015327,0.5987499360289903,0.15222424493763936,0.09996683170321735,1.8602022937958735
1269,253.96931287525015,0.5,0.2,0.0,0.29166666666666663,0.14913148612832214,0.5986685500748865,0.15225883345369748,0.09994113034309408,1.8602022937958735
1270,254.16944629753166,0.5,0.2,0.0,0.29166666666666663,0.1492036076520466,0.5985896879249052,0.15229251724138865,0.09991418718165984,1.8602022937958735
1271,254.3695797198132,0.5,0.2,0.0,0.29166666666666663,0.14927532650722794,0.5985133616354642,0.15232528930981099,0.09988602254749719,1.8602022937958735
1272,254.5697131420947,0.5,0.2,0.0,0.29166666666666663,0.14934661761260093,0.598439582177427,0.1523571430747128,0.09985665713525956,1.8602022937958735
1273,254.76984656437625,0.5,0.2,0.0,0.29166666666666663,0.14941745620818028,0.5983683594413642,0.15238807235914387,0.09982611199131197,1.8602022937958735
1274,254.96997998665776,0.5,0.2,0.0,0.29166666666666663,0.14948781786360568,0.5982997022436661,0.15241807139386745,0.09979440849886105,1.8602022937958735
1275,255.17011340893927,0.5,0.2,0.0,0.29166666666666663,0.1495576784863855,0.5982336183335071,0.15244713481753341,0.09976156836257435,1.8602022937958735
1276,255.3702468312208,0.5,0.2,0.0,0.29166666666666663,0.1496270143300389,0.5981701144006607,0.1524752576766118,0.0997276135926889,1.8602022937958735
1277,255.57038025350232,0.5,0.2,0.0,0.29166666666666663,0.1496958020021365,0.5981091960841667,0.15250243542508787,0.0996925664886092,1.8602022937958735
1278,255.77051367578383,0.5,0.2,0.0,0.29166666666666663,0.14976401846387444,0.5980508679777127,0.15252866391856343,0.09965644963984965,1.8602022937958735
1279,255.97064709806537,0.5,0.2,0.0,0.29166666666666663,0.14983164093821222,0.5979951335907079,0.15255393934966185,0.09961928612141822,1.8602022937958735
1280,256.1707805203469,0.5,0.2,0.0,0.29166666666666663,0.1498986470600903,0.5979419954299521,0.15257825833819869,0.09958109917175918,1.8602022937958735
1281,256.3709139426284,0.5,0.2,0.0,0.29166666666666663,0.14996501486586275,0.5978914550027074,0.15260161791826982,0.09954191221316026,1.8602022937958735
1282,256.57104736490993,0.5,0.2,0.0,0.29166666666666663,0.15003072277373555,0.597843512816225,0.15262401551940868,0.09950174889063086,1.8602022937958735
1283,256.77118078719144,0.5,0.2,0.0,0.29166666666666663,0.1500957495902261,0.5977981683910387,0.15264544896422402,0.09946063305451135,1.8602022937958735
1284,256.97131420947295,0.5,0.2,0.0,0.29166666666666663,0.15016007451648367,0.5977554202750908,0.15266591646577427,0.0994185887426515,1.8602022937958735
1285,257.1714476317545,0.5,0.2,0.0,0.29166666666666663,0.15022367715447116,0.5977152660586914,0.152685416624679,0.09937564016215855,1.8602022937958735
1286,257.371581054036,0.5,0.2,0.0,0.29166666666666663,0.15028653751300747,0.597677702390311,0.15270394842596716,0.09933181167071442,1.8602022937958735
1287,257.57171447631754,0.5,0.2,0.0,0.29166666666666663,0.15034863601367135,0.5976427249932044,0.1527215112356622,0.0992871277574623,1.8602022937958735
1288,257.77184789859905,0.5,0.2,0.0,0.29166666666666663,0.15040995349656583,0.5976103286828677,0.15273810479710395,0.09924161302346271,1.8602022937958735
1289,257.97198132088056,0.5,0.2,0.0,0.29166666666666663,0.15047047122594412,0.5975805073853296,0.15275372922700772,0.09919529216171874,1.8602022937958735
1290,258.1721147431621,0.5,0.2,0.0,0.29166666666666663,0.15053017088644094,0.5975532537003182,0.15276838509927956,0.09914819031396147,1.8602022937958735
1291,258.37224816544364,0.5,0.2,0.0,0.29166666666666663,0.1505890345827002,0.5975285586394183,0.15278207349494854,0.09910033328293313,1.8602022937958735
1292,258.57238158772515,0.5,0.2,0.0,0.29166666666666663,0.1506470448716627,0.5975064129808881,0.1527947957399094,0.09905174640753998,1.8602022937958735
1293,258.77251501000666,0.5,0.2,0.0,0.29166666666666663,0.15070418475398692,0.5974868066188737,0.1528065535297333,0.0990024550974064,1.8602022937958735
1294,258.97264843228817,0.5,0.2,0.0,0.29166666666666663,0.15076043767833527,0.5974697285541005,0.15281734893054252,0.09895248483702197,1.8602022937958735
1295,259.1727818545697,0.5,0.2,0.0,0.29166666666666663,0.1508157875459745,0.5974551669077319,0.15282718437531082,0.09890186117098311,1.8602022937958735
1296,259.37291527685124,0.5,0.2,0.0,0.29166666666666663,0.15087021871522988,0.5974431089357012,0.15283606265996957,0.0988506096890998,1.8602022937958735
1297,259.57304869913276,0.5,0.2,0.0,0.29166666666666663,0.15092371600579327,0.59743354104352,0.15284398693931997,0.0987987560113672,1.8602022937958735
1298,259.77318212141427,0.5,0.2,0.0,0.29166666666666663,0.15097626470288503,0.5974264488015626,0.1528509607227507,0.0987463257728022,1.8602022937958735
1299,259.9733155436958,0.5,0.2,0.0,0.29166666666666663,0.15102785056126933,0.5974218169608243,0.15285698786976196,0.09869334460814498,1.8602022937958735
1300,260.1734489659773,0.5,0.2,0.0,0.29166666666666663,0.15107845980912377,0.5974196294691563,0.15286207258529486,0.09863983813642566,1.8602022937958735
1301,260.37358238825885,0.5,0.2,0.0,0.29166666666666663,0.15112807914827303,0.5974198694638169,0.15286621942090756,0.09858583196700313,1.8602022937958735
1302,260.57371581054036,0.5,0.2,0.0,0.29166666666666663,0.151176695688218,0.5974225188071342,0.15286943339011208,0.09853135211453633,1.8602022937958735
1303,260.7738492328219,0.5,0.2,0.0,0.29166666666666663,0.15122429703796716,0.5974275587162191,0.15287171981008946,0.09847642443572484,1.8602022937958735
1304,260.9739826551034,0.5,0.2,0.0,0.29166666666666663,0.15127087130972372,0.5974349697838905,0.15287308429554536,0.09842107461084096,1.8602022937958735
1305,261.1741160773849,0.5,0.2,0.0,0.29166666666666663,0.15131640709870914,0.597444731835864,0.1528735327934297,0.09836532827199773,1.8602022937958735
1306,261.37424949966646,0.5,0.2,0.0,0.29166666666666663,0.15136089348547802,0.5974568239451502,0.1528730715782737,0.09830921099109863,1.8602022937958735
1307,261.574382921948,0.5,0.2,0.0,0.29166666666666663,0.15140432003806034,0.5974712244467476,0.15287170724737814,0.0982527482678145,1.8602022937958735
1308,261.7745163442295,0.5,0.2,0.0,0.29166666666666663,0.1514466768139317,0.5974879109526287,0.1528694467158527,0.09819596551758747,1.8602022937958735
1309,261.974649766511,0.5,0.2,0.0,0.29166666666666663,0.1514879543618107,0.5975068603670207,0.1528662972115067,0.09813888805966244,1.8602022937958735
1310,262.1747831887925,0.5,0.2,0.0,0.29166666666666663,0.1515281437232842,0.59752804890198,0.15286226626959099,0.09808154110514536,1.8602022937958735
1311,262.374916611074,0.5,0.2,0.0,0.29166666666666663,0.15156723643425996,0.5975514520932607,0.15285736172739084,0.09802394974508913,1.8602022937958735
1312,262.5750500333556,0.5,0.2,0.0,0.29166666666666663,0.15160522452624706,0.5975770448164768,0.1528515917186704,0.0979661389386063,1.8602022937958735
1313,262.7751834556371,0.5,0.2,0.0,0.29166666666666663,0.1516421005017411,0.5976048012294711,0.15284496468287212,0.09790813358591618,1.8602022937958735
1314,262.9753168779186,0.5,0.2,0.0,0.29166666666666663,0.15167785730173458,0.5976346946927918,0.15283748937863012,0.09784995862684397,1.8602022937958735
1315,263.1754503002001,0.5,0.2,0.0,0.29166666666666663,0.15171248840786422,0.5976666980787518,0.15282917481902522,0.0977916386943593,1.8602022937958735
1316,263.3755837224816,0.5,0.2,0.0,0.29166666666666663,0.15174598779702225,0.5977007836563342,0.1528200302920748,0.09773319825456935,1.8602022937958735
1317,263.5757171447632,0.5,0.2,0.0,0.29166666666666663,0.15177834993804934,0.5977369230980953,0.15281006535659164,0.09767466160726429,1.8602022937958735
1318,263.7758505670447,0.5,0.2,0.0,0.29166666666666663,0.15180956979132532,0.5977750874962044,0.15279928983611496,0.09761605287635593,1.8602022937958735
1319,263.9759839893262,0.5,0.2,0.0,0.29166666666666663,0.15183964280816256,0.5978152473787054,0.15278771381270728,0.09755739600042541,1.8602022937958735
1320,264.1761174116077,0.5,0.2,0.0,0.29166666666666663,0.15186856493000203,0.5978573727260016,0.15277534762061656,0.09749871472338048,1.8602022937958735
1321,264.37625083388923,0.5,0.2,0.0,0.29166666666666663,0.15189633258741192,0.597901432987562,0.15276220183980452,0.09744003258522214,1.8602022937958735
1322,264.5763842561708,0.5,0.2,0.0,0.29166666666666663,0.15192294269888923,0.5979473970988509,0.15274828728933995,0.09738137291292062,1.8602022937958735
1323,264.7765176784523,0.5,0.2,0.0,0.29166666666666663,0.15194839266946358,0.5979952334984779,0.1527336150206583,0.09732275881140087,1.8602022937958735
1324,264.9766511007338,0.5,0.2,0.0,0.29166666666666663,0.15197268038908285,0.5980449101414492,0.15271819631154238,0.09726421315792624,1.8602022937958735
1325,265.17678452301533,0.5,0.2,0.0,0.29166666666666663,0.15199580423000206,0.59809639435857,0.15270204269195145,0.09720575871947724,1.8602022937958735
1326,265.37691794529684,0.5,0.2,0.0,0.29166666666666663,0.15201776304570147,0.5981496530489596,0.15268516590061285,0.09714741800472673,1.8602022937958735
1327,265.57705136757835,0.5,0.2,0.0,0.29166666666666663,0.15203855616888903,0.598204652734258,0.1526675778702365,0.09708921322661716,1.8602022937958735
1328,265.7771847898599,0.5,0.2,0.0,0.29166666666666663,0.1520581834087745,0.5982613595106996,0.15264929073384187,0.09703116634668478,1.8602022937958735
1329,265.9773182121414,0.5,0.2,0.0,0.29166666666666663,0.15207664504848142,0.5983197390660094,0.15263031681754113,0.09697329906796862,1.8602022937958735
1330,266.17745163442294,0.5,0.2,0.0,0.29166666666666663,0.15209394184226135,0.5983797566964612,0.15261066863320027,0.0969156328280779,1.8602022937958735
1331,266.37758505670445,0.5,0.2,0.0,0.29166666666666663,0.15211007501251045,0.598441377324093,0.15259035887097896,0.0968581887924182,1.8602022937958735
1332,266.57771847898596,0.5,0.2,0.0,0.29166666666666663,0.15212504624658849,0.5985045655140873,0.1525694003917488,0.09680098784757606,1.8602022937958735
1333,266.7778519012675,0.5,0.2,0.0,0.29166666666666663,0.15213885769344027,0.5985692854923084,0.1525478062193898,0.09674405059486213,1.8602022937958735
1334,266.97798532354904,0.5,0.2,0.0,0.29166666666666663,0.15215151196001914,0.5986355011630027,0.15252558953296563,0.09668739734401309,1.8602022937958735
1335,267.17811874583055,0.5,0.2,0.0,0.29166666666666663,0.1521630121075132,0.5987031761266584,0.15250276365877707,0.09663104810705186,1.8602022937958735
1336,267.37825216811206,0.5,0.2,0.0,0.29166666666666663,0.1521733621284755,0.5987722734294505,0.15247934226388687,0.09657502217818768,1.8602022937958735
1337,267.57838559039357,0.5,0.2,0.0,0.29166666666666663,0.15218256471853958,0.5988427564006966,0.15245533874128228,0.09651934013948194,1.8602022937958735
1338,267.77851901267513,0.5,0.2,0.0,0.29166666666666663,0.15219062504561712,0.5989145873739948,0.15243076715934004,0.09646402042104842,1.8602022937958735
1339,267.97865243495664,0.5,0.2,0.0,0.29166666666666663,0.15219754788640083,0.598987728802878,0.1524056414396742,0.09640908187104738,1.8602022937958735
1340,268.17878585723815,0.5,0.2,0.0,0.29166666666666663,0.15220333845360762,0.5990621429047078,0.15237997562812108,0.09635454301356386,1.8602022937958735
1341,268.37891927951966,0.5,0.2,0.0,0.29166666666666663,0.15220800238879675,0.5991377916784665,0.1523537838868831,0.09630042204585405,1.8602022937958735
1342,268.5790527018012,0.5,0.2,0.0,0.29166666666666663,0.15221154575518836,0.5992146369225475,0.15232708048667257,0.09624673683559183,1.8602022937958735
1343,268.7791861240827,0.5,0.2,0.0,0.29166666666666663,0.1522139750304818,0.5992926402525477,0.15229987979885562,0.09619350491811517,1.8602022937958735
1344,268.97931954636425,0.5,0.2,0.0,0.29166666666666663,0.1522152970996739,0.5993717631190579,0.1522721962875959,0.09614074349367256,1.8602022937958735
1345,269.17945296864576,0.5,0.2,0.0,0.29166666666666663,0.15221551924787743,0.5994519668254548,0.15224404450199855,0.09608846942466952,1.8602022937958735
1346,269.3795863909273,0.5,0.2,0.0,0.29166666666666663,0.15221464915313945,0.5995332125456918,0.15221543906825397,0.09603669923291494,1.8602022937958735
1347,269.5797198132088,0.5,0.2,0.0,0.29166666666666663,0.15221269487960107,0.5996154613410356,0.15218639468240155,0.09598544909696186,1.8602022937958735
1348,269.7798532354903,0.5,0.2,0.0,0.29166666666666663,0.1522096649067993,0.5996986740650848,0.15215692616869733,0.09593473485941868,1.8602022937958735
1349,269.97998665777186,0.5,0.2,0.0,0.29166666666666663,0.15220556809543553,0.5997828114651736,0.15212704842265765,0.0958845720167333,1.8602022937958735
1350,270.18012008005337,0.5,0.2,0.0,0.29166666666666663,0.1522004136596183,0.5998678342637641,0.15209677636585445,0.0958349757107632,1.8602022937958735
1351,270.3802535023349,0.5,0.2,0.0,0.29166666666666663,0.15219421117747137,0.5999537031212484,0.15206612497035069,0.09578596073092968,1.8602022937958735
1352,270.5803869246164,0.5,0.2,0.0,0.29166666666666663,0.15218697058449004,0.6000403786520765,0.15203510925182087,0.0957375415116127,1.8602022937958735
1353,270.7805203468979,0.5,0.2,0.0,0.29166666666666663,0.15217870216689786,0.6001278214408848,0.15200374426267163,0.09568973212954579,1.8602022937958735
1354,270.98065376917947,0.5,0.2,0.0,0.29166666666666663,0.15216941655500274,0.6002159920586244,0.1519720450851621,0.09564254630121093,1.8602022937958735
1355,271.180787191461,0.5,0.2,0.0,0.29166666666666663,0.15215912473635856,0.600304851061132,0.15194002680953025,0.09559599739297939,1.8602022937958735
1356,271.3809206137425,0.5,0.2,0.0,0.29166666666666663,0.15214783805789103,0.6003943589974847,0.1519077045204742,0.09555009842415024,1.8602022937958735
1357,271.581054036024,0.5,0.2,0.0,0.29166666666666663,0.1521355681736559,0.6004844764665499,0.15187509332479457,0.09550486203499982,1.8602022937958735
1358,271.7811874583055,0.5,0.2,0.0,0.29166666666666663,0.152122327060956,0.6005751641129365,0.1518422083272833,0.09546030049882445,1.8602022937958735
1359,271.981320880587,0.5,0.2,0.0,0.29166666666666663,0.1521081270145952,0.6006663826423274,0.15180906462316449,0.09541642571991314,1.8602022937958735
1360,272.1814543028686,0.5,0.2,0.0,0.29166666666666663,0.15209298064071786,0.6007580928371798,0.15177567729084934,0.09537324923125318,1.8602022937958735
1361,272.3815877251501,0.5,0.2,0.0,0.29166666666666663,0.15207690085064798,0.6008502555724253,0.1517420613846911,0.09533078219223583,1.8602022937958735
1362,272.5817211474316,0.5,0.2,0.0,0.29166666666666663,0.15205990082932042,0.600942831821009,0.15170823194900465,0.09528903540066617,1.8602022937958735
1363,272.7818545697131,0.5,0.2,0.0,0.29166666666666663,0.15204199395038576,0.601035782638104,0.1516742040767163,0.09524801933479424,1.8602022937958735
1364,272.98198799199463,0.5,0.2,0.0,0.29166666666666663,0.15202319391724034,0.601129069235673,0.15163999277893112,0.09520774406815588,1.8602022937958735
1365,273.1821214142762,0.5,0.2,0.0,0.29166666666666663,0.15200351470635082,0.6012226529779676,0.1516056130199648,0.09516821929571713,1.8602022937958735
1366,273.3822548365577,0.5,0.2,0.0,0.29166666666666663,0.15198297055132207,0.6013164953933209,0.1515710797182766,0.09512945433708074,1.8602022937958735
1367,273.5823882588392,0.5,0.2,0.0,0.29166666666666663,0.1519615759354588,0.6014105581893365,0.15153640774029364,0.09509145813491125,1.8602022937958735
1368,273.7825216811207,0.5,0.2,0.0,0.29166666666666663,0.15193934558432678,0.6015048032680781,0.15150161189423533,0.0950542392533601,1.8602022937958735
1369,273.98265510340224,0.5,0.2,0.0,0.29166666666666663,0.15191629445685856,0.6015991927336434,0.15146670692486228,0.09501780588463599,1.8602022937958735
1370,274.1827885256838,0.5,0.2,0.0,0.29166666666666663,0.1518924377211661,0.6016936888197615,0.15143170751793547,0.0949821659411372,1.8602022937958735
1371,274.3829219479653,0.5,0.2,0.0,0.29166666666666663,0.15186779076859253,0.6017882540173715,0.15139662828039527,0.09494732693364097,1.8602022937958735
1372,274.5830553702468,0.5,0.2,0.0,0.29166666666666663,0.1518423692040842,0.6018828510783638,0.15136148373557573,0.09491329598197652,1.8602022937958735
1373,274.78318879252834,0.5,0.2,0.0,0.29166666666666663,0.1518161888347791,0.6019774430099898,0.15132628831955186,0.0948800798356795,1.8602022937958735
1374,274.98332221480985,0.5,0.2,0.0,0.29166666666666663,0.1517892656623509,0.6020719930889147,0.15129105637510212,0.09484768487363257,1.8602022937958735
1375,275.18345563709136,0.5,0.2,0.0,0.29166666666666663,0.1517616158753532,0.6021664648752701,0.15125580214567066,0.0948161171037062,1.8602022937958735
1376,275.3835890593729,0.5,0.2,0.0,0.29166666666666663,0.1517332558413926,0.6022608222259709,0.15122053976961006,0.09478538216302662,1.8602022937958735
1377,275.58372248165443,0.5,0.2,0.0,0.29166666666666663,0.1517042020810092,0.6023550292292011,0.15118528330441508,0.09475548538537482,1.8602022937958735
1378,275.78385590393594,0.5,0.2,0.0,0.29166666666666663,0.15167447127367445,0.6024490502773057,0.15115004669829957,0.09472643175072057,1.8602022937958735
1379,275.98398932621745,0.5,0.2,0.0,0.29166666666666663,0.15164408026059925,0.6025428501259356,0.15111484376700313,0.09469822584646233,1.8602022937958735
1380,276.18412274849896,0.5,0.2,0.0,0.29166666666666663,0.15161304602805514,0.6026363938692179,0.15107968820254666,0.0946708719001806,1.8602022937958735
1381,276.38425617078053,0.5,0.2,0.0,0.29166666666666663,0.15158138569944588,0.6027296469526338,0.15104459356764177,0.0946443737802789,1.8602022937958735
1382,276.58438959306204,0.5,0.2,0.0,0.29166666666666663,0.15154911652737899,0.6028225751858969,0.15100957329009987,0.09461873499662457,1.8602022937958735
1383,276.78452301534355,0.5,0.2,0.0,0.29166666666666663,0.15151625588573736,0.602915144755832,0.15097464065724128,0.09459395870118963,1.8602022937958735
1384,276.98465643762506,0.5,0.2,0.0,0.29166666666666663,0.15148282124386364,0.6030073221930151,0.15093980884265207,0.0945700477204695,1.8602022937958735
1385,277.1847898599066,0.5,0.2,0.0,0.29166666666666663,0.15144883015062868,0.6030990743639645,0.15090509091506554,0.09454700457034154,1.8602022937958735
1386,277.38492328218814,0.5,0.2,0.0,0.29166666666666663,0.1514143002678037,0.6031903685907792,0.15087049975808392,0.0945248313833334,1.8602022937958735
1387,277.58505670446965,0.5,0.2,0.0,0.29166666666666663,0.15137924934153568,0.6032811726107766,0.15083604810183382,0.09450352994585413,1.8602022937958735
1388,277.78519012675116,0.5,0.2,0.0,0.29166666666666663,0.151343695193603,0.603371454587262,0.15080174851885061,0.09448310170028452,1.8602022937958735
1389,277.98532354903267,0.5,0.2,0.0,0.29166666666666663,0.1513076557130503,0.6034611831212779,0.15076761341927794,0.09446354774639405,1.8602022937958735
1390,278.1854569713142,0.5,0.2,0.0,0.29166666666666663,0.1512711488478231,0.6035503272633526,0.15073365504606662,0.09444486884275785,1.8602022937958735
1391,278.3855903935957,0.5,0.2,0.0,0.29166666666666663,0.15123419260074927,0.6036388564941072,0.15069988548193186,0.09442706542321185,1.8602022937958735
1392,278.58572381587726,0.5,0.2,0.0,0.29166666666666663,0.1511968050346915,0.6037267406391533,0.15066631668111818,0.09441013764503721,1.8602022937958735
1393,278.78585723815877,0.5,0.2,0.0,0.29166666666666663,0.15115900423894238,0.6038139500616774,0.1506329603963249,0.09439408530305549,1.8602022937958735
1394,278.9859906604403,0.5,0.2,0.0,0.29166666666666663,0.15112080832950955,0.603900455612212,0.1505998281973051,0.09437890786097357,1.8602022937958735
1395,279.1861240827218,0.5,0.2,0.0,0.29166666666666663,0.1510822354424309,0.6039862286283444,0.15056693147061032,0.09436460445861458,1.8602022937958735
1396,279.3862575050033,0.5,0.2,0.0,0.29166666666666663,0.1510433037256285,0.6040712409448964,0.15053428141538255,0.09435117391409283,1.8602022937958735
1397,279.58639092728487,0.5,0.2,0.0,0.29166666666666663,0.1510040313307622,0.6041554649041029,0.15050188903914627,0.0943386147259889,1.8602022937958735
1398,279.7865243495664,0.5,0.2,0.0,0.29166666666666663,0.15096443640680018,0.6042388733550352,0.15046976515858118,0.09432692507958379,1.8602022937958735
1399,279.9866577718479,0.5,0.2,0.0,0.29166666666666663,0.15092453711169487,0.6043214395395488,0.15043792045284207,0.09431610289591463,1.8602022937958735
1400,280.1867911941294,0.5,0.2,0.0,0.29166666666666663,0.15088435157882835,0.6044031372617037,0.15040636538561086,0.09430614577385749,1.8602022937958735
1401,280.3869246164109,0.5,0.2,0.0,0.29166666666666663,0.15084389791142924,0.6044839408818798,0.15037511020832703,0.0942970509983643,1.8602022937958735
1402,280.5870580386925,0.5,0.2,0.0,0.29166666666666663,0.15080319417913743,0.6045638252974326,0.15034416496965117,0.09428881555377917,1.8602022937958735
1403,280.787191460974,0.5,0.2,0.0,0.29166666666666663,0.15076225841011504,0.6046427659512604,0.15031353951200324,0.09428143612662163,1.8602022937958735
1404,280.9873248832555,0.5,0.2,0.0,0.29166666666666663,0.1507211085831574,0.6047207388403725,0.15028324346810074,0.09427490910836975,1.8602022937958735
1405,281.187458305537,0.5,0.2,0.0,0.29166666666666663,0.15067976262992208,0.6047977204806497,0.1502532862783373,0.09426923061109121,1.8602022937958735
1406,281.3875917278185,0.5,0.2,0.0,0.29166666666666663,0.15063823840805368,0.6048736879976145,0.1502236771482143,0.09426439644611782,1.8602022937958735
1407,281.5877251501,0.5,0.2,0.0,0.29166666666666663,0.15059655375399483,0.6049486188721935,0.150194425169906,0.09426040220390601,1.8602022937958735
1408,281.7878585723816,0.5,0.2,0.0,0.29166666666666663,0.1505547263947315,0.605022491297234,0.15016553915326397,0.09425724315477091,1.8602022937958735
1409,281.9879919946631,0.5,0.2,0.0,0.29166666666666663,0.1505127739742225,0.6050952840374866,0.15013702769304357,0.09425491429524765,1.8602022937958735
1410,282.1881254169446,0.5,0.2,0.0,0.29166666666666663,0.15047071404565113,0.6051669764375646,0.15010889916573136,0.09425341035105318,1.8602022937958735
1411,282.3882588392261,0.5,0.2,0.0,0.29166666666666663,0.15042856406373056,0.6052375484296698,0.1500811617264838,0.09425272578011605,1.8602022937958735
1412,282.58839226150764,0.5,0.2,0.0,0.29166666666666663,0.15038634137706297,0.6053069805410856,0.15005382330617664,0.09425285477567494,1.8602022937958735
1413,282.7885256837892,0.5,0.2,0.0,0.29166666666666663,0.1503440632635684,0.6053752537859497,0.15002689165449964,0.09425379129598242,1.8602022937958735
1414,282.9886591060707,0.5,0.2,0.0,0.29166666666666663,0.15030174693240328,0.6054423496469049,0.15000037434732091,0.09425552907337102,1.8602022937958735
1415,283.1887925283522,0.5,0.2,0.0,0.29166666666666663,0.15025940941599417,0.6055082503516787,0.14997427867676316,0.09425806155556417,1.8602022937958735
1416,283.38892595063373,0.5,0.2,0.0,0.29166666666666663,0.15021706761745166,0.6055729387324121,0.149948611707257,0.09426138194287932,1.8602022937958735
1417,283.58905937291524,0.5,0.2,0.0,0.29166666666666663,0.1501747383048643,0.6056363982275168,0.14992338027492338,0.09426548319269562,1.8602022937958735
1418,283.7891927951968,0.5,0.2,0.0,0.29166666666666663,0.15013243810470536,0.6056986128858244,0.14989859098606134,0.09427035802340901,1.8602022937958735
1419,283.9893262174783,0.5,0.2,0.0,0.29166666666666663,0.15009018349531977,0.6057595673704322,0.1498742502157757,0.09427599891847235,1.8602022937958735
1420,284.18945963975983,0.5,0.2,0.0,0.29166666666666663,0.15004799080049197,0.6058192469622441,0.14985036410674366,0.09428239813052032,1.8602022937958735
1421,284.38959306204134,0.5,0.2,0.0,0.29166666666666663,0.1500058761830945,0.6058776375632049,0.1498269385681214,0.09428954768557925,1.8602022937958735
1422,284.58972648432285,0.5,0.2,0.0,0.29166666666666663,0.14996385563881687,0.6059347256992315,0.1498039792745899,0.09429743938736179,1.8602022937958735
1423,284.7898599066044,0.5,0.2,0.0,0.29166666666666663,0.14992194498997546,0.6059904985228379,0.14978149166554014,0.09430606482164651,1.8602022937958735
1424,284.98999332888593,0.5,0.2,0.0,0.29166666666666663,0.14988015987965536,0.6060449438149167,0.14975948094460312,0.09431541536082487,1.8602022937958735
1425,285.19012675116744,0.5,0.2,0.0,0.29166666666666663,0.14983851588762206,0.6060980497253547,0.14973795217853642,0.0943254822084868,1.8602022937958735
1426,285.39026017344895,0.5,0.2,0.0,0.29166666666666663,0.14979702843631118,0.6061498049635187,0.14971691022502823,0.094336256375142,1.8602022937958735
1427,285.59039359573046,0.5,0.2,0.0,0.29166666666666663,0.1497557126848814,0.6062001990141963,0.14969635965084221,0.0943477286500801,1.8602022937958735
1428,285.79052701801197,0.5,0.2,0.0,0.29166666666666663,0.14971458360435444,0.6062492219652172,0.149676304797683,0.09435988963274534,1.8602022937958735
1429,285.99066044029354,0.5,0.2,0.0,0.29166666666666663,0.1496736559732382,0.6062968645053978,0.1496567497833024,0.09437272973806161,1.8602022937958735
1430,286.19079386257505,0.5,0.2,0.0,0.29166666666666663,0.14963294437328128,0.606343117922073,0.14963769850278627,0.09438623920185951,1.8602022937958735
1431,286.39092728485656,0.5,0.2,0.0,0.29166666666666663,0.14959246318535896,0.6063879740982138,0.14961915463002257,0.09440040808640468,1.8602022937958735
1432,286.59106070713807,0.5,0.2,0.0,0.29166666666666663,0.14955222658549047,0.6064314255091314,0.1496011216193503,0.09441522628602778,1.8602022937958735
1433,286.7911941294196,0.5,0.2,0.0,0.29166666666666663,0.1495122485409879,0.606473465218767,0.14958360270738905,0.09443068353285601,1.8602022937958735
1434,286.99132755170115,0.5,0.2,0.0,0.29166666666666663,0.14947254280673647,0.6065140868755676,0.1495666009150497,0.09444676940264618,1.8602022937958735
1435,287.19146097398266,0.5,0.2,0.0,0.29166666666666663,0.1494331229216062,0.6065532847079486,0.14955011904972595,0.0944634733207193,1.8602022937958735
1436,287.39159439626417,0.5,0.2,0.0,0.29166666666666663,0.1493940022046129,0.6065910535324703,0.14953415970073242,0.09448078456218442,1.8602022937958735
1437,287.5917278185457,0.5,0.2,0.0,0.29166666666666663,0.14935519374188364,0.6066273890820595,0.1495187250656662,0.09449869211039068,1.8602022937958735
1438,287.7918612408272,0.5,0.2,0.0,0.29166666666666663,0.14931671039526065,0.6066622875948741,0.14950381716723943,0.09451718484262589,1.8602022937958735
1439,287.99199466310876,0.5,0.2,0.0,0.29166666666666663,0.14927856480009444,0.6066957457787174,0.1494894378717183,0.0945362515494699,1.8602022937958735
1440,288.19212808539027,0.5,0.2,0.0,0.29166666666666663,0.14924076935873826,0.6067277609272332,0.1494755888271586,0.09455588088686999,1.8602022937958735
1441,288.3922615076718,0.5,0.2,0.0,0.29166666666666663,0.14920333623765955,0.6067583309159427,0.14946227146506688,0.09457606138133086,1.8602022937958735
1442,288.5923949299533,0.5,0.2,0.0,0.29166666666666663,0.14916627736467927,0.6067874541979839,0.149449487002182,0.09459678143515486,1.8602022937958735
1443,288.7925283522348,0.5,0.2,0.0,0.29166666666666663,0.14912960442633924,0.6068151297995527,0.14943723644237572,0.09461802933173234,1.8602022937958735
1444,288.9926617745163,0.5,0.2,0.0,0.29166666666666663,0.14909332886539772,0.6068413573150467,0.1494255205786733,0.09463979324088219,1.8602022937958735
1445,289.1927951967979,0.5,0.2,0.0,0.29166666666666663,0.14905746187845295,0.6068661369019107,0.14941433999539352,0.09466206122424273,1.8602022937958735
1446,289.3929286190794,0.5,0.2,0.0,0.29166666666666663,0.14902201441369464,0.6068894692751844,0.14940369507040832,0.0946848212407125,1.8602022937958735
1447,289.5930620413609,0.5,0.2,0.0,0.29166666666666663,0.1489869971687838,0.6069113557017524,0.14939358597752214,0.09470806115194157,1.8602022937958735
1448,289.7931954636424,0.5,0.2,0.0,0.29166666666666663,0.14895242058833966,0.6069317980158899,0.14938401267627782,0.0947317687194924,1.8602022937958735
1449,289.9933288859239,0.5,0.2,0.0,0.29166666666666663,0.14891829485812086,0.6069507987769563,0.14937497481815304,0.09475593154676953,1.8602022937958735
1450,290.1934623082055,0.5,0.2,0.0,0.29166666666666663,0.14888462990964593,0.6069683609990776,0.14936647190428587,0.0947805371869904,1.8602022937958735
1451,290.393595730487,0.5,0.2,0.0,0.29166666666666663,0.14885143541715673,0.6069844882034657,0.14935850325349878,0.09480557312587845,1.8602022937958735
1452,290.5937291527685,0.5,0.2,0.0,0.29166666666666663,0.1488187207952569,0.6069991844477352,0.14935106798378897,0.09483102677321878,1.8602022937958735
1453,290.79386257505,0.5,0.2,0.0,0.29166666666666663,0.1487864951975226,0.6070124543199137,0.14934416501451447,0.09485688546804893,1.8602022937958735
1454,290.9939959973315,0.5,0.2,0.0,0.29166666666666663,0.14875476751523986,0.6070243029322164,0.14933779306866587,0.09488313648387756,1.8602022937958735
1455,291.1941294196131,0.5,0.2,0.0,0.29166666666666663,0.14872354637626847,0.6070347359145777,0.14933195067522312,0.09490976703393043,1.8602022937958735
1456,291.3942628418946,0.5,0.2,0.0,0.29166666666666663,0.14869284014403272,0.6070437594079451,0.14932663617159772,0.09493676427642411,1.8602022937958735
1457,291.5943962641761,0.5,0.2,0.0,0.29166666666666663,0.1486626569166385,0.6070513800573338,0.14932184770616025,0.09496411531986707,1.8602022937958735
1458,291.7945296864576,0.5,0.2,0.0,0.29166666666666663,0.14863300452611744,0.6070576050046407,0.14931758324085317,0.09499180722838839,1.8602022937958735
1459,291.99466310873913,0.5,0.2,0.0,0.29166666666666663,0.1486038905377973,0.6070624418812192,0.14931384055388905,0.09501982702709413,1.8602022937958735
1460,292.19479653102064,0.5,0.2,0.0,0.29166666666666663,0.1485753222396103,0.6070658988386252,0.1493106172300953,0.0950481616916688,1.8602022937958735
1461,292.3949299533022,0.5,0.2,0.0,0.29166666666666663,0.14854730661355645,0.6070679846468704,0.14930791062940516,0.0950767981101677,1.8602022937958735
1462,292.5950633755837,0.5,0.2,0.0,0.29166666666666663,0.14851985039713578,0.6070687084537548,0.1493057179651117,0.0951057231839973,1.8602022937958735
1463,292.79519679786523,0.5,0.2,0.0,0.29166666666666663,0.14849296005983115,0.6070680798646756,0.14930403627834787,0.09513492379714504,1.8602022937958735
1464,292.99533022014674,0.5,0.2,0.0,0.29166666666666663,0.14846664179915756,0.6070661089489107,0.14930286243638347,0.09516438681554794,1.8602022937958735
1465,293.19546364242825,0.5,0.2,0.0,0.29166666666666663,0.14844090154044573,0.6070628062320655,0.1493021931354117,0.09519409909207671,1.8602022937958735
1466,293.3955970647098,0.5,0.2,0.0,0.29166666666666663,0.14841574493673915,0.6070581826883283,0.14930202490340497,0.09522404747152725,1.8602022937958735
1467,293.59573048699133,0.5,0.2,0.0,0.29166666666666663,0.14839117736880497,0.6070522497325351,0.1493023541030402,0.09525421879561946,1.8602022937958735
1468,293.79586390927284,0.5,0.2,0.0,0.29166666666666663,0.14836720394525849,0.6070450192120438,0.14930317693469386,0.09528459990800366,1.8602022937958735
1469,293.99599733155435,0.5,0.2,0.0,0.29166666666666663,0.14834382950280137,0.6070365033984181,0.149304489439506,0.09531517765927432,1.8602022937958735
1470,294.19613075383586,0.5,0.2,0.0,0.29166666666666663,0.14832105860657346,0.6070267149789208,0.14930628750251418,0.09534593891199135,1.8602022937958735
1471,294.3962641761174,0.5,0.2,0.0,0.29166666666666663,0.1482988955506183,0.6070156670478162,0.14930856685585667,0.09537687054570872,1.8602022937958735
1472,294.59639759839894,0.5,0.2,0.0,0.29166666666666663,0.14827734436937431,0.6070033731159403,0.14931132306177208,0.0954079594529131,1.8602022937958735
1473,294.79653102068045,0.5,0.2,0.0,0.29166666666666663,0.1482564088456622,0.6069898471139628,0.14931455150238915,0.09543919253798568,1.8602022937958735
1474,294.99666444296196,0.5,0.2,0.0,0.29166666666666663,0.14823609247844544,0.6069751033272156,0.14931824744453412,0.09547055674980462,1.8602022937958735
1475,295.19679786524347,0.5,0.2,0.0,0.29166666666666663,0.1482163985002854,0.6069591564142048,0.14932240601249186,0.09550203907301773,1.8602022937958735
1476,295.396931287525,0.5,0.2,0.0,0.29166666666666663,0.14819732987918763,0.6069420213983336,0.14932702219004734,0.09553362653243123,1.8602022937958735
1477,295.59706470980655,0.5,0.2,0.0,0.29166666666666663,0.14817888931996406,0.6069237136584249,0.1493320908237068,0.09556530619790407,1.8602022937958735
1478,295.79719813208806,0.5,0.2,0.0,0.29166666666666663,0.148161079265717,0.6069042489190664,0.1493376066259736,0.09559706518924295,1.8602022937958735
1479,295.99733155436957,0.5,0.2,0.0,0.29166666666666663,0.14814390189944474,0.6068836432407784,0.14934356417867853,0.0956288906810983,1.8602022937958735
1480,296.1974649766511,0.5,0.2,0.0,0.29166666666666663,0.14812735914576877,0.6068619130100052,0.14934995793636505,0.09566076990786089,1.8602022937958735
1481,296.3975983989326,0.5,0.2,0.0,0.29166666666666663,0.14811145267278272,0.606839074928929,0.14935678222972895,0.0956926901685593,1.8602022937958735
1482,296.59773182121415,0.5,0.2,0.0,0.29166666666666663,0.14809618389402293,0.6068151460051061,0.1493640312691127,0.09572463883175825,1.8602022937958735
1483,296.79786524349566,0.5,0.2,0.0,0.29166666666666663,0.1480815539705607,0.6067901435409272,0.1493716991480547,0.09575660334045749,1.8602022937958735
1484,296.9979986657772,0.5,0.2,0.0,0.29166666666666663,0.14806756354324274,0.6067640855127324,0.149379779726704,0.09578857121732087,1.8602022937958735
1485,297.1981320880587,0.5,0.2,0.0,0.29166666666666663,0.14805421378351388,0.6067369893057057,0.1493882670123207,0.09582052989845978,1.8602022937958735
1486,297.3982655103402,0.5,0.2,0.0,0.29166666666666663,0.14804150470219063,0.6067088735774564,0.1493971546066503,0.09585246711370286,1.8602022937958735
1487,297.59839893262176,0.5,0.2,0.0,0.29166666666666663,0.14802943645138134,0.606679756800399,0.14940643613933424,0.09588437060888562,1.8602022937958735
1488,297.7985323549033,0.5,0.2,0.0,0.29166666666666663,0.1480180089332755,0.6066496577091464,0.1494161051344415,0.09591622822313682,1.8602022937958735
1489,297.9986657771848,0.5,0.2,0.0,0.29166666666666663,0.14800722180334872,0.6066185952894291,0.14942615501414377,0.09594802789307878,1.8602022937958735
1490,298.1987991994663,0.5,0.2,0.0,0.29166666666666663,0.14799707447356758,0.606586588767015,0.1494365791023903,0.09597975765702738,1.8602022937958735
1491,298.3989326217478,0.5,0.2,0.0,0.29166666666666663,0.1479875661155947,0.6065536575966302,0.1494473706285832,0.09601140565919228,1.8602022937958735
1492,298.5990660440293,0.5,0.2,0.0,0.29166666666666663,0.14797869566399335,0.6065198214508777,0.1494585227312523,0.09604296015387702,1.8602022937958735
1493,298.7991994663109,0.5,0.2,0.0,0.29166666666666663,0.1479704618194327,0.6064851002091582,0.14947002846173021,0.09607440950967917,1.8602022937958735
1494,298.9993328885924,0.5,0.2,0.0,0.29166666666666663,0.1479628630518925,0.6064495139465899,0.1494818807878276,0.09610574221369048,1.8602022937958735
1495,299.1994663108739,0.5,0.2,0.0,0.29166666666666663,0.14795589760278655,0.6064130829248029,0.149494072597401,0.09613694687500998,1.8602022937958735
1496,299.3995997331554,0.5,0.2,0.0,0.29166666666666663,0.14794956343537105,0.606375827672417,0.1495065966968073,0.09616801219540497,1.8602022937958735
1497,299.5997331554369,0.5,0.2,0.0,0.29166666666666663,0.14794385828210188,0.6063377688973948,0.14951944581894466,0.09619892700155902,1.8602022937958735
1498,299.7998665777185,0.5,0.2,0.0,0.29166666666666663,0.1479387796667725,0.6062989274431284,0.14953261262879985,0.09622968026129948,1.8602022937958735
1499,300.0,0.5,0.2,0.0,0.29166666666666663,0.14793432488692224,0.6062593243134248,0.14954608972506686,0.09626026107458632,1.8602022937958735
