,time,beta,sigma_D,sigma_C,S,I,C,D
0,0.0,0.875,0.29166666666666663,0.5,0.9998,0.0002,0.5,0.5
1,0.200133422281521,0.875,0.29166666666666663,0.5,0.9997837173835022,0.0002162826164978378,0.48750252520809423,0.5124974747919058
2,0.400266844563042,0.875,0.29166666666666663,0.5,0.9997657954642691,0.00023420453573112782,0.47502131003048664,0.5249786899695134
3,0.600400266844563,0.875,0.29166666666666663,0.5,0.9997460444414769,0.0002539555585233321,0.46257196450243754,0.5374280354975625
4,0.800533689126084,0.875,0.29166666666666663,0.5,0.9997242509308997,0.0002757490691006574,0.45016992564848557,0.5498300743515145
5,1.0006671114076051,0.875,0.29166666666666663,0.5,0.999700174328834,0.00029982567116623103,0.4378304028656777,0.5621695971343225
6,1.200800533689126,0.875,0.29166666666666663,0.5,0.9996735427778378,0.0003264572221624761,0.4255683022229713,0.5744316977770288
7,1.400933955970647,0.875,0.29166666666666663,0.5,0.9996440497631472,0.00035595023685305177,0.4133981610651998,0.5866018389348003
8,1.601067378252168,0.875,0.29166666666666663,0.5,0.999611348775036,0.0003886512249642419,0.40133407941607513,0.598665920583925
9,1.801200800533689,0.875,0.29166666666666663,0.5,0.9995750476732808,0.00042495232671939284,0.3893896576800798,0.6106103423199203
10,2.0013342228152102,0.875,0.29166666666666663,0.5,0.9995347027029539,0.0004652972970462846,0.3775779427809756,0.6224220572190244
11,2.201467645096731,0.875,0.29166666666666663,0.5,0.9994898131354575,0.0005101868645427279,0.36591139200623984,0.6340886079937602
12,2.401601067378252,0.875,0.29166666666666663,0.5,0.9994398085352284,0.0005601914647718254,0.354401787562974,0.645598212437026
13,2.601734489659773,0.875,0.29166666666666663,0.5,0.9993840425060839,0.0006159574939162359,0.343060224646385,0.656939775353615
14,2.801867911941294,0.875,0.29166666666666663,0.5,0.9993217829528874,0.0006782170471127923,0.3318970947071643,0.6681029052928358
15,3.002001334222815,0.875,0.29166666666666663,0.5,0.9992521973936317,0.0007478026063685113,0.32092203713967565,0.6790779628603243
16,3.202134756504336,0.875,0.29166666666666663,0.5,0.9991743412451424,0.0008256587548578947,0.3101439222604424,0.6898560777395576
17,3.402268178785857,0.875,0.29166666666666663,0.5,0.9990871387328025,0.0009128612671976886,0.2995708465467437,0.7004291534532563
18,3.602401601067378,0.875,0.29166666666666663,0.5,0.9989893682753478,0.0010106317246524577,0.2892101142790934,0.7107898857209065
19,3.802535023348899,0.875,0.29166666666666663,0.5,0.998879637105197,0.0011203628948032239,0.2790682501515097,0.7209317498484902
20,4.0026684456304205,0.875,0.29166666666666663,0.5,0.9987563615544398,0.0012436384455603864,0.2691509912954354,0.7308490087045645
21,4.202801867911941,0.875,0.29166666666666663,0.5,0.9986177340430841,0.0013822659569162061,0.25946331018835905,0.7405366898116409
22,4.402935290193462,0.875,0.29166666666666663,0.5,0.9984617032490138,0.0015382967509863347,0.25000940957358747,0.7499905904264125
23,4.603068712474983,0.875,0.29166666666666663,0.5,0.998285922730628,0.001714077269372185,0.2407927619341261,0.7592072380658738
24,4.803202134756504,0.875,0.29166666666666663,0.5,0.9980877161685113,0.0019122838314889648,0.23181613825525316,0.7681838617447467
25,5.003335557038025,0.875,0.29166666666666663,0.5,0.9978640309585655,0.0021359690414347616,0.22308162045017432,0.7769183795498256
26,5.203468979319546,0.875,0.29166666666666663,0.5,0.9976113844815317,0.0023886155184685287,0.21459062469120074,0.7854093753087992
27,5.403602401601067,0.875,0.29166666666666663,0.5,0.9973258037272564,0.0026741962727438594,0.2063439593562495,0.7936560406437504
28,5.603735823882588,0.875,0.29166666666666663,0.5,0.9970027483563413,0.002997251643659024,0.19834183770312164,0.8016581622968783
29,5.803869246164109,0.875,0.29166666666666663,0.5,0.9966370428309771,0.00336295716902311,0.19058393172532867,0.8094160682746712
30,6.00400266844563,0.875,0.29166666666666663,0.5,0.9962227713263762,0.0037772286736240763,0.18306940370593225,0.8169305962940676
31,6.204136090727151,0.875,0.29166666666666663,0.5,0.9957531806088491,0.004246819391151151,0.1757969488013599,0.82420305119864
32,6.404269513008672,0.875,0.29166666666666663,0.5,0.9952205671149111,0.004779432885089048,0.16876483837285894,0.8312351616271411
33,6.604402935290193,0.875,0.29166666666666663,0.5,0.9946161277500492,0.005383872249951064,0.16197095503970715,0.8380290449602928
34,6.804536357571714,0.875,0.29166666666666663,0.5,0.9939298339712649,0.006070166028735361,0.15541284246340306,0.844587157536597
35,7.004669779853235,0.875,0.29166666666666663,0.5,0.9931502344271242,0.006849765572875951,0.149087740129646,0.850912259870354
36,7.204803202134756,0.875,0.29166666666666663,0.5,0.992264286793018,0.007735713206982223,0.1429926290050724,0.8570073709949275
37,7.404936624416277,0.875,0.29166666666666663,0.5,0.9912571385062939,0.008742861493706237,0.13712427155306456,0.8628757284469354
38,7.605070046697798,0.875,0.29166666666666663,0.5,0.9901118749202031,0.009888125079797066,0.13147924933704158,0.8685207506629584
39,7.805203468979319,0.875,0.29166666666666663,0.5,0.9888092735029623,0.011190726497037883,0.12605400510667594,0.873945994893324
40,8.005336891260841,0.875,0.29166666666666663,0.5,0.9873275111147966,0.012672488885203757,0.1208448811018613,0.8791551188981387
41,8.205470313542362,0.875,0.29166666666666663,0.5,0.9856418532632288,0.01435814673677149,0.11584815670499896,0.8841518432950011
42,8.405603735823883,0.875,0.29166666666666663,0.5,0.9837243048429808,0.0162756951570195,0.11106008388438442,0.8889399161156156
43,8.605737158105404,0.875,0.29166666666666663,0.5,0.9815432579816006,0.018456742018399783,0.10647692441826319,0.8935230755817368
44,8.805870580386925,0.875,0.29166666666666663,0.5,0.979063113259527,0.020936886740473358,0.10209498473238822,0.8979050152676118
45,9.006004002668446,0.875,0.29166666666666663,0.5,0.9762438843417126,0.02375611565828776,0.09791064997985881,0.9020893500201412
46,9.206137424949967,0.875,0.29166666666666663,0.5,0.9730408405633695,0.026959159436630905,0.09392041714748518,0.9060795828525148
47,9.406270847231488,0.875,0.29166666666666663,0.5,0.9694040909567758,0.03059590904322445,0.0901209277066124,0.9098790722933876
48,9.606404269513009,0.875,0.29166666666666663,0.5,0.965278331721989,0.034721668278011396,0.08650900001044085,0.9134909999895592
49,9.80653769179453,0.875,0.29166666666666663,0.5,0.9606025578389936,0.03939744216100676,0.08308166028718103,0.916918339712819
50,10.00667111407605,0.875,0.29166666666666663,0.5,0.9553098954111523,0.044690104588848,0.07983617313429969,0.9201638268657003
51,10.206804536357572,0.875,0.29166666666666663,0.5,0.9493276540973167,0.05067234590268368,0.07677007256558047,0.9232299274344196
52,10.406937958639093,0.875,0.29166666666666663,0.5,0.9425775498807575,0.05742245011924282,0.07388119158874198,0.9261188084112579
53,10.607071380920614,0.875,0.29166666666666663,0.5,0.9349761686703911,0.06502383132960915,0.0711676908867112,0.9288323091132887
54,10.807204803202135,0.875,0.29166666666666663,0.5,0.9264358556554366,0.07356414434456372,0.06862808919599198,0.9313719108040079
55,11.007338225483656,0.875,0.29166666666666663,0.5,0.9168659904695563,0.08313400953044393,0.06626129093879578,0.9337387090612042
56,11.207471647765177,0.875,0.29166666666666663,0.5,0.9061747850740278,0.09382521492597246,0.06406661445155586,0.9359333855484442
57,11.407605070046698,0.875,0.29166666666666663,0.5,0.8942716648172957,0.10572833518270458,0.0620438198966252,0.9379561801033748
58,11.607738492328219,0.875,0.29166666666666663,0.5,0.8810703036471873,0.11892969635281306,0.06019313574111166,0.9398068642588884
59,11.80787191460974,0.875,0.29166666666666663,0.5,0.8664922889931528,0.1335077110068475,0.05851528490992786,0.9414847150900721
60,12.00800533689126,0.875,0.29166666666666663,0.5,0.8504714158455734,0.1495285841544269,0.05701150982314219,0.9429884901768578
61,12.208138759172781,0.875,0.29166666666666663,0.5,0.8329585063274002,0.1670414936726001,0.05568359631780263,0.9443164036821973
62,12.408272181454302,0.875,0.29166666666666663,0.5,0.8139265353073836,0.18607346469261676,0.05453389621577716,0.9454661037842228
63,12.608405603735823,0.875,0.29166666666666663,0.5,0.7933757647183703,0.20662423528163007,0.053565348426452906,0.9464346515735471
64,12.808539026017344,0.875,0.29166666666666663,0.5,0.7713385409193225,0.22866145908067795,0.05278149888985699,0.9472185011101429
65,13.008672448298865,0.875,0.29166666666666663,0.5,0.7478832912538044,0.2521167087461961,0.05218651855325781,0.9478134814467422
66,13.208805870580386,0.875,0.29166666666666663,0.5,0.7231171375632598,0.27688286243674065,0.05178521998142191,0.9482147800185781
67,13.408939292861907,0.875,0.29166666666666663,0.5,0.6971867450105891,0.3028132549894114,0.0515830728489038,0.9484169271510962
68,13.609072715143428,0.875,0.29166666666666663,0.5,0.6702769532580465,0.32972304674195396,0.051586217659097884,0.948413782340902
69,13.80920613742495,0.875,0.29166666666666663,0.5,0.6426069935766786,0.35739300642332184,0.05180147893810254,0.9481985210618974
70,14.00933955970647,0.875,0.29166666666666663,0.5,0.6144243071646567,0.38557569283534376,0.05223637721711991,0.94776362278288
71,14.209472981987991,0.875,0.29166666666666663,0.5,0.5859962491727023,0.41400375082729807,0.05289914041259004,0.9471008595874099
72,14.409606404269512,0.875,0.29166666666666663,0.5,0.557600229441349,0.44239977055865143,0.053798714366253254,0.9462012856337466
73,14.609739826551033,0.875,0.29166666666666663,0.5,0.5295130478409351,0.4704869521590654,0.0549447723826399,0.9450552276173598
74,14.809873248832554,0.875,0.29166666666666663,0.5,0.5020002892714808,0.49799971072851973,0.056347723278911514,0.9436522767210883
75,15.010006671114075,0.875,0.29166666666666663,0.5,0.4753066360934552,0.5246933639065452,0.058018717174507795,0.941981282825492
76,15.210140093395596,0.875,0.29166666666666663,0.5,0.44964783159399563,0.5503521684060048,0.05996964793867837,0.9400303520613215
77,15.410273515677117,0.875,0.29166666666666663,0.5,0.4252048102784188,0.5747951897215815,0.06221315090195657,0.9377868490980433
78,15.610406937958638,0.875,0.29166666666666663,0.5,0.402120244675842,0.5978797553241582,0.06476259415422331,0.9352374058457765
79,15.810540360240159,0.875,0.29166666666666663,0.5,0.38049748458337124,0.619502515416629,0.06763206147085454,0.9323679385291453
80,16.010673782521682,0.875,0.29166666666666663,0.5,0.36040165384307504,0.6395983461569252,0.07083632499365593,0.9291636750063439
81,16.210807204803203,0.875,0.29166666666666663,0.5,0.3418625795091009,0.6581374204908994,0.07439080536337926,0.9256091946366206
82,16.410940627084724,0.875,0.29166666666666663,0.5,0.32487867177008906,0.6751213282299111,0.07831151474091845,0.9216884852590814
83,16.611074049366245,0.875,0.29166666666666663,0.5,0.3094220436102013,0.6905779563897989,0.08261498793268554,0.9173850120673144
84,16.811207471647766,0.875,0.29166666666666663,0.5,0.29544348465441755,0.7045565153455826,0.08731818728438845,0.9126818127156114
85,17.011340893929287,0.875,0.29166666666666663,0.5,0.28287762966279917,0.717122370337201,0.0924383915066932,0.9075616084933068
86,17.211474316210808,0.875,0.29166666666666663,0.5,0.27164766588297595,0.7283523341170243,0.09799305838873229,0.9020069416112676
87,17.41160773849233,0.875,0.29166666666666663,0.5,0.26166953240285445,0.7383304675971457,0.10399966343656615,0.8960003365634338
88,17.61174116077385,0.875,0.29166666666666663,0.5,0.2528554933273249,0.7471445066726755,0.11047551285876132,0.8895244871412386
89,17.81187458305537,0.875,0.29166666666666663,0.5,0.24511705403074377,0.7548829459692565,0.11743752977406766,0.8825624702259323
90,18.01200800533689,0.875,0.29166666666666663,0.5,0.23836723429056672,0.7616327657094336,0.12490201395955924,0.8750979860404406
91,18.212141427618413,0.875,0.29166666666666663,0.5,0.23252227659458577,0.7674777234054144,0.13288437635396644,0.8671156236460336
92,18.412274849899934,0.875,0.29166666666666663,0.5,0.22750284269656845,0.7724971573034317,0.1413988495203949,0.8586011504796052
93,18.612408272181455,0.875,0.29166666666666663,0.5,0.2232347867034102,0.7767652132965899,0.15045817702729447,0.8495418229727056
94,18.812541694462976,0.875,0.29166666666666663,0.5,0.21964958469831578,0.7803504153016843,0.16007328569043427,0.8399267143095659
95,19.012675116744497,0.875,0.29166666666666663,0.5,0.21668449372320808,0.7833155062767919,0.17025294572280308,0.8297470542771971
96,19.212808539026017,0.875,0.29166666666666663,0.5,0.21428250594281112,0.7857174940571888,0.18100342525151097,0.8189965747484892
97,19.41294196130754,0.875,0.29166666666666663,0.5,0.21239214757229913,0.7876078524277008,0.19232814604374876,0.8076718539562514
98,19.61307538358906,0.875,0.29166666666666663,0.5,0.21096717782465527,0.7890328221753447,0.20422735073905043,0.7957726492609496
99,19.81320880587058,0.875,0.29166666666666663,0.5,0.20996623924063568,0.7900337607593643,0.21669779115144758,0.7833022088485525
100,20.0133422281521,0.875,0.29166666666666663,0.5,0.20935242182813618,0.7906475781718638,0.2297324439255288,0.7702675560744712
101,20.213475650433622,0.875,0.29166666666666663,0.5,0.20909284934159292,0.7909071506584072,0.24332027096030379,0.7566797290396962
102,20.413609072715143,0.875,0.29166666666666663,0.5,0.209158257842312,0.7908417421576881,0.25744603139352196,0.742553968606478
103,20.613742494996664,0.875,0.29166666666666663,0.5,0.2095225814761201,0.79047741852388,0.2720901566289187,0.7279098433710812
104,20.813875917278185,0.875,0.29166666666666663,0.5,0.2101625560095641,0.789837443990436,0.2872286961997379,0.712771303800262
105,21.014009339559706,0.875,0.29166666666666663,0.5,0.21105735342967366,0.7889426465703264,0.3028333442799417,0.6971666557200583
106,21.214142761841227,0.875,0.29166666666666663,0.5,0.21218824405250672,0.7878117559474933,0.31887155164502307,0.6811284483549768
107,21.41427618412275,0.875,0.29166666666666663,0.5,0.2135382861553556,0.7864617138446444,0.33530672401495165,0.6646932759850482
108,21.61440960640427,0.875,0.29166666666666663,0.5,0.2150920510818133,0.7849079489181867,0.35209850846116986,0.64790149153883
109,21.81454302868579,0.875,0.29166666666666663,0.5,0.2168353826346708,0.7831646173653293,0.369203172669286,0.6307968273307138
110,22.01467645096731,0.875,0.29166666666666663,0.5,0.21875517737649353,0.7812448226235066,0.386574042087673,0.6134259579123269
111,22.214809873248832,0.875,0.29166666666666663,0.5,0.2208392067929578,0.7791607932070423,0.40416203179032345,0.5958379682096764
112,22.414943295530353,0.875,0.29166666666666663,0.5,0.2230759582691465,0.7769240417308537,0.4219162084675863,0.5780837915324136
113,22.615076717811874,0.875,0.29166666666666663,0.5,0.22545450831182443,0.7745454916881758,0.43978441526122214,0.5602155847387779
114,22.815210140093395,0.875,0.29166666666666663,0.5,0.22796441578277424,0.7720355842172261,0.45771390463539996,0.5422860953645999
115,23.015343562374916,0.875,0.29166666666666663,0.5,0.2305956390809859,0.7694043609190143,0.475651988159379,0.524348011840621
116,23.215476984656437,0.875,0.29166666666666663,0.5,0.23333847186332832,0.766661528136672,0.4935466721628473,0.5064533278371526
117,23.415610406937958,0.875,0.29166666666666663,0.5,0.23618349624519996,0.7638165037548004,0.5113472668196184,0.48865273318038155
118,23.61574382921948,0.875,0.29166666666666663,0.5,0.23912155088400838,0.7608784491159919,0.5290049533347384,0.47099504666526165
119,23.815877251501,0.875,0.29166666666666663,0.5,0.2421437108035184,0.7578562891964818,0.5464732975746058,0.45352670242539417
120,24.01601067378252,0.875,0.29166666666666663,0.5,0.2452412781036321,0.7547587218963681,0.5637086927086425,0.43629130729135746
121,24.216144096064042,0.875,0.29166666666666663,0.5,0.24840578057361198,0.7515942194263883,0.5806707372261926,0.41932926277380744
122,24.416277518345563,0.875,0.29166666666666663,0.5,0.25162897652197047,0.7483710234780298,0.5973225267996316,0.40267747320036845
123,24.616410940627084,0.875,0.29166666666666663,0.5,0.25490286388356936,0.7450971361164308,0.613630867702478,0.38636913229752207
124,24.816544362908605,0.875,0.29166666666666663,0.5,0.2582196924520238,0.7417803075479764,0.6295664130822047,0.3704335869177953
125,25.016677785190126,0.875,0.29166666666666663,0.5,0.26157197776996066,0.7384280222300394,0.6451037329436757,0.3548962670563243
126,25.216811207471647,0.875,0.29166666666666663,0.5,0.26495251507265666,0.7350474849273435,0.6602212948914186,0.3397787051085814
127,25.416944629753168,0.875,0.29166666666666663,0.5,0.26835439351346,0.7316456064865401,0.6749014026268484,0.32509859737315167
128,25.61707805203469,0.875,0.29166666666666663,0.5,0.2717710082699622,0.7282289917300379,0.6891300628031706,0.3108699371968294
129,25.81721147431621,0.875,0.29166666666666663,0.5,0.2751960719955563,0.7248039280044437,0.702896824131026,0.29710317586897395
130,26.01734489659773,0.875,0.29166666666666663,0.5,0.2786236229943287,0.7213763770056714,0.7161945616638794,0.2838054383361206
131,26.21747831887925,0.875,0.29166666666666663,0.5,0.28204803214402796,0.717951967855972,0.7290192494614344,0.27098075053856563
132,26.417611741160773,0.875,0.29166666666666663,0.5,0.28546400646794146,0.7145359935320585,0.7413697011145137,0.2586302988854862
133,26.617745163442294,0.875,0.29166666666666663,0.5,0.28886659135896997,0.71113340864103,0.7532473087448742,0.24675269125512575
134,26.817878585723815,0.875,0.29166666666666663,0.5,0.2922511691299843,0.7077488308700157,0.7646557695160533,0.2353442304839467
135,27.018012008005336,0.875,0.29166666666666663,0.5,0.29561345637022124,0.7043865436297787,0.7756008183197748,0.22439918168022516
136,27.218145430286857,0.875,0.29166666666666663,0.5,0.29894949853636543,0.7010505014636346,0.7860899638828652,0.21391003611713474
137,27.418278852568378,0.875,0.29166666666666663,0.5,0.3022556633743034,0.6977443366256966,0.7961322355939263,0.20386776440607368
138,27.6184122748499,0.875,0.29166666666666663,0.5,0.3055286320000381,0.6944713679999619,0.8057379443982498,0.19426205560175025
139,27.81854569713142,0.875,0.29166666666666663,0.5,0.3087653891918538,0.6912346108081462,0.814918456997376,0.18508154300262403
140,28.01867911941294,0.875,0.29166666666666663,0.5,0.3119632121154567,0.6880367878845433,0.8236859899660881,0.17631401003391192
141,28.21881254169446,0.875,0.29166666666666663,0.5,0.315119658457745,0.684880341542255,0.8320534181733757,0.16794658182662425
142,28.418945963975982,0.875,0.29166666666666663,0.5,0.31823255360167024,0.6817674463983298,0.8400341051476596,0.15996589485234036
143,28.619079386257503,0.875,0.29166666666666663,0.5,0.32129997750362904,0.678700022496371,0.8476417476454657,0.1523582523545342
144,28.819212808539024,0.875,0.29166666666666663,0.5,0.32432025110289125,0.6756797488971088,0.8548902414877585,0.14510975851224145
145,29.019346230820545,0.875,0.29166666666666663,0.5,0.327291922664326,0.672708077335674,0.8617935605240711,0.1382064394759288
146,29.219479653102066,0.875,0.29166666666666663,0.5,0.33021375415252824,0.6697862458474718,0.8683656563725193,0.13163434362748058
147,29.419613075383587,0.875,0.29166666666666663,0.5,0.33308470755900577,0.6669152924409942,0.8746203659461196,0.1253796340538803
148,29.61974649766511,0.875,0.29166666666666663,0.5,0.33590393168004634,0.6640960683199536,0.880571336320094,0.11942866367990593
149,29.81987991994663,0.875,0.29166666666666663,0.5,0.33867074891061827,0.6613292510893818,0.8862319690355681,0.11376803096443182
150,30.02001334222815,0.875,0.29166666666666663,0.5,0.3413846426312067,0.6586153573687933,0.8916153598809302,0.10838464011906988
151,30.22014676450967,0.875,0.29166666666666663,0.5,0.34404524507218726,0.6559547549278127,0.8967342653171533,0.10326573468284674
152,30.420280186791192,0.875,0.29166666666666663,0.5,0.3466523255676617,0.6533476744323384,0.9016010643343744,0.09839893566562573
153,30.620413609072713,0.875,0.29166666666666663,0.5,0.3492057793233277,0.6507942206766725,0.9062277373483179,0.09377226265168223
154,30.820547031354234,0.875,0.29166666666666663,0.5,0.3517056167598833,0.6482943832401167,0.9106258481305775,0.0893741518694227
155,31.020680453635755,0.875,0.29166666666666663,0.5,0.3541519533868645,0.6458480466131356,0.9148065310412391,0.08519346895876097
156,31.220813875917276,0.875,0.29166666666666663,0.5,0.35654500015972684,0.6434549998402732,0.9187804854138346,0.08121951458616551
157,31.420947298198797,0.875,0.29166666666666663,0.5,0.35888505446096325,0.6411149455390367,0.9225579727113371,0.0774420272886629
158,31.621080720480318,0.875,0.29166666666666663,0.5,0.3611724918380996,0.6388275081619005,0.9261488183993718,0.07385118160062816
159,31.82121414276184,0.875,0.29166666666666663,0.5,0.3634077579412084,0.6365922420587915,0.9295624160611977,0.07043758393880221
160,32.021347565043364,0.875,0.29166666666666663,0.5,0.3655913610373216,0.6344086389626784,0.9328077346452084,0.0671922653547916
161,32.22148098732488,0.875,0.29166666666666663,0.5,0.3677238651261794,0.6322761348738206,0.935893327356232,0.06410667264376799
162,32.421614409606406,0.875,0.29166666666666663,0.5,0.36980588365927836,0.6301941163407216,0.9388273421658195,0.06117265783418037
163,32.62174783188792,0.875,0.29166666666666663,0.5,0.3718380735534012,0.6281619264465987,0.9416175337465212,0.05838246625347856
164,32.82188125416945,0.875,0.29166666666666663,0.5,0.37382112963620406,0.6261788703637959,0.9442712761807321,0.05572872381926752
165,33.022014676450965,0.875,0.29166666666666663,0.5,0.3757557795898878,0.6242442204101122,0.9467955765531514,0.053204423446848226
166,33.22214809873249,0.875,0.29166666666666663,0.5,0.3776427792861681,0.6223572207138319,0.9491970890258246,0.050802910974175254
167,33.42228152101401,0.875,0.29166666666666663,0.5,0.3794829084913349,0.6205170915086651,0.9514821283670422,0.048517871632958
168,33.62241494329553,0.875,0.29166666666666663,0.5,0.381276966857894,0.6187230331421061,0.9536566849096383,0.046343315090362054
169,33.82254836557705,0.875,0.29166666666666663,0.5,0.38302577034294877,0.6169742296570512,0.9557264385719103,0.04427356142808999
170,34.02268178785857,0.875,0.29166666666666663,0.5,0.3847301479995493,0.6152698520004506,0.9576967725210133,0.042303227478986655
171,34.22281521014009,0.875,0.29166666666666663,0.5,0.38639093886094955,0.6136090611390504,0.9595727877706332,0.04042721222936656
172,34.422948632421615,0.875,0.29166666666666663,0.5,0.3880089892164212,0.6119910107835789,0.961359316095325,0.03864068390467473
173,34.62308205470313,0.875,0.29166666666666663,0.5,0.38958515010962835,0.6104148498903716,0.9630609334160068,0.03693906658399304
174,34.82321547698466,0.875,0.29166666666666663,0.5,0.39112027507605285,0.6088797249239472,0.9646819728600096,0.03531802713999065
175,35.023348899266175,0.875,0.29166666666666663,0.5,0.39261521817222045,0.6073847818277796,0.9662265365293616,0.03377346347063881
176,35.2234823215477,0.875,0.29166666666666663,0.5,0.39407083209138655,0.6059291679086134,0.9676985078802829,0.03230149211971767
177,35.42361574382922,0.875,0.29166666666666663,0.5,0.39548796651536033,0.6045120334846396,0.969101563010505,0.03089843698949513
178,35.62374916611074,0.875,0.29166666666666663,0.5,0.39686746662408234,0.6031325333759177,0.9704391813720938,0.02956081862790547
179,35.82388258839226,0.875,0.29166666666666663,0.5,0.3982101717828877,0.6017898282171122,0.9717146566164461,0.028285343383552923
180,36.02401601067378,0.875,0.29166666666666663,0.5,0.399516914369915,0.6004830856300849,0.9729311062689316,0.02706889373106798
181,36.2241494329553,0.875,0.29166666666666663,0.5,0.40078851872874605,0.5992114812712539,0.9740914813329028,0.025908518667097855
182,36.424282855236825,0.875,0.29166666666666663,0.5,0.402025800242823,0.597974199757177,0.9751985754637978,0.024801424536203105
183,36.62441627751834,0.875,0.29166666666666663,0.5,0.40322956453313963,0.5967704354668603,0.9762550333495361,0.023744966650464567
184,36.82454969979987,0.875,0.29166666666666663,0.5,0.40440060675358325,0.5955993932464166,0.9772633590612639,0.022736640938735973
185,37.024683122081385,0.875,0.29166666666666663,0.5,0.4055397109759191,0.5944602890240808,0.9782259237460019,0.021774076253997323
186,37.22481654436291,0.875,0.29166666666666663,0.5,0.40664764965442135,0.5933523503455785,0.9791449728773604,0.020855027122638314
187,37.42494996664443,0.875,0.29166666666666663,0.5,0.40772518318726414,0.5922748168127359,0.9800226333313046,0.01997736666869432
188,37.62508338892595,0.875,0.29166666666666663,0.5,0.40877305954184656,0.5912269404581534,0.980860919765095,0.019139080234905164
189,37.82521681120747,0.875,0.29166666666666663,0.5,0.40979201393921016,0.5902079860607897,0.9816617409973243,0.018338259002678027
190,38.02535023348899,0.875,0.29166666666666663,0.5,0.4107827686005612,0.5892172313994388,0.9824269060292355,0.017573093970768946
191,38.22548365577051,0.875,0.29166666666666663,0.5,0.4117460325504724,0.5882539674495276,0.9831581296071508,0.01684187039285448
192,38.425617078052035,0.875,0.29166666666666663,0.5,0.41268250146554303,0.5873174985344569,0.9838570365422461,0.016142963457759348
193,38.62575050033355,0.875,0.29166666666666663,0.5,0.41359285757159614,0.5864071424284039,0.9845251676111169,0.015474832388888075
194,38.82588392261508,0.875,0.29166666666666663,0.5,0.4144777695772935,0.5855222304227065,0.9851639843240839,0.014836015675919316
195,39.026017344896594,0.875,0.29166666666666663,0.5,0.41533789264198606,0.5846621073580139,0.9857748731363822,0.014225126863617304
196,39.22615076717812,0.875,0.29166666666666663,0.5,0.4161738683752692,0.5838261316247307,0.9863591485341102,0.01364085146588488
197,39.426284189459636,0.875,0.29166666666666663,0.5,0.4169863248530238,0.5830136751469761,0.9869180582433515,0.013081941756639244
198,39.62641761174116,0.875,0.29166666666666663,0.5,0.4177758766560216,0.5822241233439783,0.987452786721571,0.012547213278417192
199,39.82655103402268,0.875,0.29166666666666663,0.5,0.4185431249718787,0.5814568750281213,0.9879644584250165,0.012035541574972275
200,40.0266844563042,0.875,0.29166666666666663,0.5,0.41928865776806007,0.58071134223194,0.9884541406591362,0.01154585934085563
201,40.22681787858572,0.875,0.29166666666666663,0.5,0.4200130497663662,0.5799869502336338,0.9889228473481648,0.011077152651831637
202,40.426951300867245,0.875,0.29166666666666663,0.5,0.4207168625881166,0.5792831374118834,0.9893715417857464,0.010628458214254089
203,40.62708472314876,0.875,0.29166666666666663,0.5,0.4214006449822613,0.5785993550177386,0.9898011392171978,0.010198860782803939
204,40.82721814543029,0.875,0.29166666666666663,0.5,0.42206493303787446,0.5779350669621255,0.9902125093259107,0.009787490674090583
205,41.027351567711804,0.875,0.29166666666666663,0.5,0.42271025018689073,0.5772897498131092,0.9906064789901323,0.009393521009866384
206,41.22748498999333,0.875,0.29166666666666663,0.5,0.4233371074245626,0.5766628925754373,0.9909838345105187,0.00901616548947613
207,41.427618412274846,0.875,0.29166666666666663,0.5,0.4239460035781772,0.5760539964218228,0.9913453235787137,0.00865467642127623
208,41.62775183455637,0.875,0.29166666666666663,0.5,0.42453742547664813,0.5754625745233517,0.9916916573785897,0.008308342621395131
209,41.82788525683789,0.875,0.29166666666666663,0.5,0.4251118480755654,0.5748881519244344,0.9920235126944734,0.007976487305508376
210,42.02801867911941,0.875,0.29166666666666663,0.5,0.4256697346792356,0.5743302653207641,0.9923415336884704,0.007658466311514412
211,42.22815210140093,0.875,0.29166666666666663,0.5,0.42621153721982263,0.5737884627801771,0.992646333386712,0.007353666613281523
212,42.428285523682455,0.875,0.29166666666666663,0.5,0.4267376964124892,0.5732623035875106,0.9929384954645087,0.00706150453549723
213,42.62841894596397,0.875,0.29166666666666663,0.5,0.4272486419377761,0.5727513580622237,0.9932185758634452,0.006781424136572438
214,42.8285523682455,0.875,0.29166666666666663,0.5,0.4277447926648957,0.5722552073351042,0.9934871041991342,0.006512895800886657
215,43.028685790527014,0.875,0.29166666666666663,0.5,0.4282265569359837,0.5717734430640161,0.9937445848811379,0.006255415118878964
216,43.22881921280854,0.875,0.29166666666666663,0.5,0.42869433270989055,0.5713056672901092,0.9939914986366306,0.006008501363376233
217,43.428952635090056,0.875,0.29166666666666663,0.5,0.42914850777196684,0.570851492228033,0.9942283037406465,0.005771696259347232
218,43.62908605737158,0.875,0.29166666666666663,0.5,0.42958945996124903,0.5704105400387508,0.9944554371027737,0.005544562897208434
219,43.8292194796531,0.875,0.29166666666666663,0.5,0.43001755743030345,0.5699824425696964,0.99467331512459,0.005326684875377762
220,44.02935290193462,0.875,0.29166666666666663,0.5,0.4304331587768355,0.5695668412231644,0.9948823350830948,0.005117664916858716
221,44.22948632421614,0.875,0.29166666666666663,0.5,0.4308366132601691,0.5691633867398308,0.9950828760590796,0.0049171239408670585
222,44.429619746497664,0.875,0.29166666666666663,0.5,0.43122826099724765,0.5687717390027522,0.9952752998988091,0.004724700101150286
223,44.62975316877918,0.875,0.29166666666666663,0.5,0.43160843321920217,0.5683915667807976,0.9954599518452422,0.004540048154757408
224,44.829886591060706,0.875,0.29166666666666663,0.5,0.4319774525612175,0.5680225474387823,0.9956371609635156,0.004362839036540601
225,45.030020013342224,0.875,0.29166666666666663,0.5,0.43233563308373607,0.5676643669162638,0.9958072417227235,0.004192758277399733
226,45.23015343562375,0.875,0.29166666666666663,0.5,0.43268328052820376,0.5673167194717961,0.995970494470532,0.0040295055296555565
227,45.430286857905266,0.875,0.29166666666666663,0.5,0.43302069250553155,0.5669793074944683,0.9961272061620411,0.003872793838184919
228,45.63042028018679,0.875,0.29166666666666663,0.5,0.43334815873438587,0.5666518412656141,0.9962776507404999,0.0037223492597294695
229,45.83055370246831,0.875,0.29166666666666663,0.5,0.4336659612303753,0.5663340387696245,0.99642208975259,0.003577910247615701
230,46.03068712474983,0.875,0.29166666666666663,0.5,0.4339743744262892,0.5660256255737107,0.9965607733158353,0.0034392266843181448
231,46.23082054703135,0.875,0.29166666666666663,0.5,0.4342736653774403,0.5657263346225596,0.9966939405400083,0.003306059460069295
232,46.430953969312874,0.875,0.29166666666666663,0.5,0.43456409393468354,0.5654359060653165,0.996821820088961,0.003178179911031546
233,46.63108739159439,0.875,0.29166666666666663,0.5,0.4348459129709538,0.5651540870290461,0.996944630341684,0.003055369658218684
234,46.831220813875916,0.875,0.29166666666666663,0.5,0.4351193685187342,0.5648806314812658,0.9970625800897714,0.0029374199100445928
235,47.03135423615743,0.875,0.29166666666666663,0.5,0.4353846999144743,0.5646153000855256,0.9971758691425433,0.0028241308572098055
236,47.23148765843896,0.875,0.29166666666666663,0.5,0.4356421399749843,0.5643578600250156,0.9972846886770041,0.0027153113227379104
237,47.431621080720475,0.875,0.29166666666666663,0.5,0.4358919151600396,0.5641080848399603,0.9973892216471715,0.0026107783526442678
238,47.631754503002,0.875,0.29166666666666663,0.5,0.4361342457955088,0.5638657542044911,0.9974896428854458,0.002510357114515246
239,47.83188792528352,0.875,0.29166666666666663,0.5,0.43636934616859263,0.5636306538314073,0.9975861197545851,0.0024138802455722906
240,48.03202134756504,0.875,0.29166666666666663,0.5,0.4365974246824191,0.5634025753175809,0.9976788125006105,0.00232118749975755
241,48.23215476984656,0.875,0.29166666666666663,0.5,0.4368186840162799,0.56318131598372,0.9977678745526926,0.0022321254478314305
242,48.432288192128084,0.875,0.29166666666666663,0.5,0.4370333212691166,0.5629666787308835,0.9978534528187649,0.002146547181778946
243,48.6324216144096,0.875,0.29166666666666663,0.5,0.43724152808733463,0.5627584719126654,0.9979356878304131,0.0020643121700503046
244,48.832555036691126,0.875,0.29166666666666663,0.5,0.4374434908201429,0.5625565091798571,0.9980147142367184,0.0019852857635664464
245,49.03268845897264,0.875,0.29166666666666663,0.5,0.43763939064924545,0.5623606093507546,0.9980906610370947,0.0019093389629302488
246,49.23282188125417,0.875,0.29166666666666663,0.5,0.437829403717648,0.5621705962823521,0.9981636518405175,0.0018363481592201844
247,49.432955303535685,0.875,0.29166666666666663,0.5,0.4380137012731201,0.5619862987268799,0.9982338050562276,0.0017661949432529595
248,49.63308872581721,0.875,0.29166666666666663,0.5,0.4381924498228553,0.5618075501771447,0.9983012340140217,0.001698765985219842
249,49.83322214809873,0.875,0.29166666666666663,0.5,0.4383658112102083,0.5616341887897918,0.9983660473935188,0.0016339526055556286
250,50.03335557038025,0.875,0.29166666666666663,0.5,0.43853394275367924,0.5614660572463208,0.9984283493688185,0.0015716506302339735
251,50.23348899266177,0.875,0.29166666666666663,0.5,0.4386969973668879,0.5613030026331122,0.9984882398145805,0.001511760184686267
252,50.433622414943294,0.875,0.29166666666666663,0.5,0.43885512367489266,0.5611448763251075,0.9985458144412738,0.001454185558466225
253,50.63375583722481,0.875,0.29166666666666663,0.5,0.43900846612726024,0.5609915338727399,0.9986011649543776,0.0013988350460183317
254,50.833889259506336,0.875,0.29166666666666663,0.5,0.4391571651095723,0.5608428348904279,0.9986543793372404,0.001345620663891179
255,51.03402268178785,0.875,0.29166666666666663,0.5,0.43930135705069484,0.5606986429493054,0.9987055419652018,0.0012944580365500558
256,51.23415610406938,0.875,0.29166666666666663,0.5,0.43944117452833686,0.5605588254716632,0.9987547337762922,0.0012452662256518688
257,51.4342895263509,0.875,0.29166666666666663,0.5,0.4395767463683906,0.5604232536316095,0.9988020323189503,0.0011979676828773329
258,51.63442294863242,0.875,0.29166666666666663,0.5,0.4397081977469903,0.5602918022530098,0.9988475119783968,0.0011524880231515977
259,51.834556370913944,0.875,0.29166666666666663,0.5,0.43983565028906135,0.5601643497109388,0.9988912441684475,0.0011087558325873098
260,52.03468979319546,0.875,0.29166666666666663,0.5,0.4399592221618548,0.5600407778381453,0.9989332974373331,0.0010667025628445757
261,52.234823215476986,0.875,0.29166666666666663,0.5,0.44007902816696165,0.5599209718330385,0.998973737607056,0.0010262623917583703
262,52.4349566377585,0.875,0.29166666666666663,0.5,0.440195179832978,0.5598048201670222,0.9990126278708867,0.0009873721258910895
263,52.63509006004003,0.875,0.29166666666666663,0.5,0.4403077855290019,0.5596922144709983,0.9990500286120264,0.0009499713823933583
264,52.835223482321545,0.875,0.29166666666666663,0.5,0.4404169505192429,0.5595830494807572,0.9990859978795453,0.0009140021124369984
265,53.03535690460307,0.875,0.29166666666666663,0.5,0.440522777050557,0.5594772229494432,0.999120591443478,0.0008794085462155683
266,53.23549032688459,0.875,0.29166666666666663,0.5,0.4406253644371715,0.5593746355628286,0.9991538628486971,0.0008461371391572721
267,53.43562374916611,0.875,0.29166666666666663,0.5,0.44072480913902007,0.5592751908609801,0.9991858635096146,0.0008141364772315591
268,53.63575717144763,0.875,0.29166666666666663,0.5,0.44082120484780707,0.5591787951521932,0.9992166427831922,0.0007833572037560697
269,53.835890593729154,0.875,0.29166666666666663,0.5,0.4409146425830239,0.5590853574169763,0.999246248016674,0.0007537519712507245
270,54.03602401601067,0.875,0.29166666666666663,0.5,0.44100521072534576,0.5589947892746544,0.9992747246873139,0.0007252753024157772
271,54.236157438292196,0.875,0.29166666666666663,0.5,0.4410929951008135,0.5589070048991867,0.9993021164508368,0.0006978835413856877
272,54.43629086057371,0.875,0.29166666666666663,0.5,0.44117807905023443,0.5588219209497657,0.9993284652045877,0.0006715347905228617
273,54.63642428285524,0.875,0.29166666666666663,0.5,0.4412605434949868,0.5587394565050134,0.9993538111472959,0.0006461888506191205
274,54.836557705136755,0.875,0.29166666666666663,0.5,0.4413404670285901,0.55865953297141,0.9993781929811768,0.0006218070192399236
275,55.03669112741828,0.875,0.29166666666666663,0.5,0.44141792598033947,0.5585820740196606,0.9994016479737151,0.000598352028942073
276,55.2368245496998,0.875,0.29166666666666663,0.5,0.44149299443996276,0.5585070055600374,0.9994242118210209,0.0005757881832833431
277,55.43695797198132,0.875,0.29166666666666663,0.5,0.44156574433543927,0.5584342556645608,0.9994459187977177,0.0005540812072538079
278,55.63709139426284,0.875,0.29166666666666663,0.5,0.44163624549022257,0.5583637545097776,0.999466801805151,0.0005331981990692754
279,55.837224816544364,0.875,0.29166666666666663,0.5,0.4417045656807607,0.5582954343192394,0.9994868924222573,0.0005131075793353429
280,56.03735823882588,0.875,0.29166666666666663,0.5,0.4417707707531742,0.5582292292468259,0.9995062211311889,0.0004937788662471104
281,56.237491661107406,0.875,0.29166666666666663,0.5,0.44183492462511803,0.5581650753748821,0.9995248172090824,0.00047518278319143943
282,56.43762508338892,0.875,0.29166666666666663,0.5,0.44189708932507704,0.5581029106749231,0.9995427087310712,0.00045729125561523793
283,56.63775850567045,0.875,0.29166666666666663,0.5,0.4419573250603783,0.5580426749396219,0.9995599226590611,0.0004400773225305139
284,56.837891927951965,0.875,0.29166666666666663,0.5,0.44201569026656395,0.5579843097334362,0.9995764848778214,0.0004235151004905088
285,57.03802535023349,0.875,0.29166666666666663,0.5,0.442072241661089,0.5579277583389112,0.9995924202550596,0.000407579723166465
286,57.23815877251501,0.875,0.29166666666666663,0.5,0.4421270343244177,0.5578729656755825,0.9996077528290517,0.00039224715136491255
287,57.43829219479653,0.875,0.29166666666666663,0.5,0.442180121700893,0.5578198782991073,0.9996225056407329,0.00037749434399822685
288,57.63842561707805,0.875,0.29166666666666663,0.5,0.4422315556529278,0.5577684443470724,0.9996367008097028,0.000363299181347556
289,57.83855903935957,0.875,0.29166666666666663,0.5,0.4422813865081882,0.557718613491812,0.9996503595833445,0.0003496404155789542
290,58.03869246164109,0.875,0.29166666666666663,0.5,0.4423296631010617,0.5576703368989385,0.9996635023648651,0.00033649764261477585
291,58.238825883922615,0.875,0.29166666666666663,0.5,0.4423764328554183,0.5576235671445819,0.9996761488276003,0.00032385118830553235
292,58.43895930620413,0.875,0.29166666666666663,0.5,0.4424217417089289,0.5575782582910713,0.9996883178290279,0.0003116821950446149
293,58.63909272848566,0.875,0.29166666666666663,0.5,0.44246563435807784,0.5575343656419224,0.9997000276248743,0.0002999724061155231
294,58.839226150767175,0.875,0.29166666666666663,0.5,0.44250815409473154,0.5574918459052687,0.9997112956593671,0.0002887043759260017
295,59.0393595730487,0.875,0.29166666666666663,0.5,0.44254934292417397,0.5574506570758263,0.9997221387019765,0.00027786133331533905
296,59.23949299533022,0.875,0.29166666666666663,0.5,0.4425892415964117,0.5574107584035886,0.9997325728651225,0.00026742716382000014
297,59.43962641761174,0.875,0.29166666666666663,0.5,0.44262788968347483,0.5573721103165254,0.9997426137094444,0.0002573863077203207
298,59.63975983989326,0.875,0.29166666666666663,0.5,0.44266532558796184,0.5573346744120384,0.9997522762181771,0.00024772378398178524
299,59.83989326217478,0.875,0.29166666666666663,0.5,0.44270158653508207,0.5572984134649182,0.9997615747401134,0.00023842524441364325
300,60.0400266844563,0.875,0.29166666666666663,0.5,0.4427367086308395,0.5572632913691608,0.9997705230584796,0.00022947690671927567
301,60.240160106737825,0.875,0.29166666666666663,0.5,0.4427707268941798,0.5572292731058205,0.9997791344102445,0.00022086553522086228
302,60.44029352901934,0.875,0.29166666666666663,0.5,0.4428036752891376,0.5571963247108627,0.999787421505429,0.00021257842158405447
303,60.64042695130087,0.875,0.29166666666666663,0.5,0.44283558675903417,0.5571644132409662,0.9997953965596288,0.00020460335208952158
304,60.840560373582385,0.875,0.29166666666666663,0.5,0.4428664932785279,0.5571335067214724,0.999803071441584,0.00019692845776529707
305,61.04069379586391,0.875,0.29166666666666663,0.5,0.4428964258601186,0.5571035741398817,0.9998104575272414,0.00018954236336281305
306,61.24082721814543,0.875,0.29166666666666663,0.5,0.44292541458979706,0.5570745854102033,0.9998175657416345,0.0001824341451009565
307,61.44096064042695,0.875,0.29166666666666663,0.5,0.4429534886634322,0.5570465113365681,0.9998244066055165,0.0001755932835697222
308,61.64109406270847,0.875,0.29166666666666663,0.5,0.4429806764192458,0.5570193235807546,0.9998309902567802,0.00016900964230695921
309,61.84122748498999,0.875,0.29166666666666663,0.5,0.4430070053702872,0.5569929946297132,0.9998373264718763,0.00016267344637511315
310,62.04136090727151,0.875,0.29166666666666663,0.5,0.443032502148532,0.5569674978514684,0.9998434246132426,0.00015657533334951598
311,62.241494329553035,0.875,0.29166666666666663,0.5,0.4430571924007835,0.5569428075992168,0.99984929353638,0.00015070644379863466
312,62.44162775183455,0.875,0.29166666666666663,0.5,0.44308110114458965,0.5569188988554107,0.9998549418820663,0.00014505813484352238
313,62.64176117411608,0.875,0.29166666666666663,0.5,0.44310425266642767,0.5568957473335726,0.9998603779853436,0.00013962206876703967
314,62.841894596397594,0.875,0.29166666666666663,0.5,0.4431266705413771,0.5568733294586232,0.9998656098862201,0.00013439020207957204
315,63.04202801867912,0.875,0.29166666666666663,0.5,0.44314837766177567,0.5568516223382247,0.9998706453478916,0.00012935476722480139
316,63.242161440960636,0.875,0.29166666666666663,0.5,0.44316939626458285,0.5568306037354175,0.9998754918738234,0.0001245082554628832
317,63.44229486324216,0.875,0.29166666666666663,0.5,0.4431897477150418,0.5568102522849586,0.9998801565098001,0.00011984362187075456
318,63.64242828552368,0.875,0.29166666666666663,0.5,0.4432094526817801,0.5567905473182203,0.9998846459913637,0.00011535413357365543
319,63.8425617078052,0.875,0.29166666666666663,0.5,0.44322853133647655,0.5567714686635239,0.9998889669129288,0.00011103319558640595
320,64.04269513008673,0.875,0.29166666666666663,0.5,0.4432470032536825,0.5567529967463178,0.9998931256323264,0.00010687444994259771
321,64.24282855236824,0.875,0.29166666666666663,0.5,0.4432648874346999,0.5567351125653005,0.9998971282848096,0.00010287176175488741
322,64.44296197464976,0.875,0.29166666666666663,0.5,0.4432822023314591,0.5567177976685412,0.9999009807970601,9.90192052752898e-05
323,64.64309539693129,0.875,0.29166666666666663,0.5,0.44329896583966033,0.55670103416034,0.9999046888789626,9.531107229891308e-05
324,64.84322881921281,0.875,0.29166666666666663,0.5,0.44331519507010503,0.5566848049298952,0.9999082578549446,9.174204180795722e-05
325,65.04336224149432,0.875,0.29166666666666663,0.5,0.44333090671271613,0.5566690932872842,0.9999116929240067,8.830691877233541e-05
326,65.24349566377585,0.875,0.29166666666666663,0.5,0.4433461170010445,0.5566538829989558,0.9999149991307847,8.500066336906929e-05
327,65.44362908605737,0.875,0.29166666666666663,0.5,0.44336084168654843,0.5566391583134519,0.9999181813436823,8.181841309699179e-05
328,65.6437625083389,0.875,0.29166666666666663,0.5,0.443375096058274,0.5566249039417264,0.9999212442658401,7.875547188872657e-05
329,65.8438959306204,0.875,0.29166666666666663,0.5,0.4433888949625347,0.5566111050374657,0.9999241924461058,7.580729922266885e-05
330,66.04402935290193,0.875,0.29166666666666663,0.5,0.44340225273710515,0.5565977472628952,0.999927030216404,7.296956599295224e-05
331,66.24416277518345,0.875,0.29166666666666663,0.5,0.44341518312451955,0.5565848168754808,0.999929761611117,7.023822669666827e-05
332,66.44429619746498,0.875,0.29166666666666663,0.5,0.4434276995711783,0.5565723004288221,0.9999323906186269,6.76092903364841e-05
333,66.64442961974649,0.875,0.29166666666666663,0.5,0.44343981512588,0.5565601848741204,0.999934921087983,6.50789041388989e-05
334,66.84456304202801,0.875,0.29166666666666663,0.5,0.44345154244992,0.5565484575500803,0.9999373567316221,6.264335014897212e-05
335,67.04469646430954,0.875,0.29166666666666663,0.5,0.44346289383338616,0.5565371061666142,0.9999397011334248,6.029903698503813e-05
336,67.24482988659106,0.875,0.29166666666666663,0.5,0.4434738812092317,0.5565261187907687,0.9999419577554266,5.804249307239006e-05
337,67.44496330887257,0.875,0.29166666666666663,0.5,0.4434845159466382,0.5565154840533623,0.9999441298109988,5.587050674698959e-05
338,67.6450967311541,0.875,0.29166666666666663,0.5,0.44349480906226313,0.5565051909377373,0.9999462203908509,5.377998828114267e-05
339,67.84523015343562,0.875,0.29166666666666663,0.5,0.44350477135410626,0.5564952286458942,0.9999482325422183,5.176788340196786e-05
340,68.04536357571715,0.875,0.29166666666666663,0.5,0.4435144133035756,0.5564855866964248,0.9999501692078077,4.983124105929359e-05
341,68.24549699799866,0.875,0.29166666666666663,0.5,0.44352374509008785,0.5564762549099125,0.9999520332328286,4.796720630862158e-05
342,68.44563042028018,0.875,0.29166666666666663,0.5,0.4435327766056687,0.5564672233943317,0.9999538273720228,4.617301319408953e-05
343,68.6457638425617,0.875,0.29166666666666663,0.5,0.44354151746955306,0.5564584825304474,0.9999555542966952,4.444597763143513e-05
344,68.84589726484323,0.875,0.29166666666666663,0.5,0.4435499770427856,0.5564500229572148,0.9999572166017443,4.2783490290958705e-05
345,69.04603068712474,0.875,0.29166666666666663,0.5,0.44355816444282087,0.5564418355571795,0.9999588168126919,4.118300948048667e-05
346,69.24616410940627,0.875,0.29166666666666663,0.5,0.4435660881903404,0.5564339118096601,0.9999603571915641,3.964228427048183e-05
347,69.44629753168779,0.875,0.29166666666666663,0.5,0.4435737563324821,0.5564262436675184,0.9999618398033334,3.815927937215957e-05
348,69.64643095396931,0.875,0.29166666666666663,0.5,0.4435811769861207,0.5564188230138797,0.9999632668120975,3.673183705297947e-05
349,69.84656437625083,0.875,0.29166666666666663,0.5,0.4435883580262724,0.556411641973728,0.999964640309705,3.535787422654643e-05
350,70.04669779853235,0.875,0.29166666666666663,0.5,0.4435953070966101,0.5564046929033903,0.9999659623205517,3.4035377892985996e-05
351,70.24683122081387,0.875,0.29166666666666663,0.5,0.44360203162042405,0.5563979683795763,0.9999672348066198,3.276240030049446e-05
352,70.4469646430954,0.875,0.29166666666666663,0.5,0.4436085388115824,0.556391461188418,0.9999684596725182,3.153705410688789e-05
353,70.64709806537691,0.875,0.29166666666666663,0.5,0.44361483568549176,0.5563851643145087,0.9999696387705219,3.0357507541151692e-05
354,70.84723148765843,0.875,0.29166666666666663,0.5,0.4436209290700576,0.5563790709299428,0.9999707739056114,2.9221979564989758e-05
355,71.04736490993996,0.875,0.29166666666666663,0.5,0.44362682544041626,0.5563731745595841,0.999971866730894,2.8128831923101065e-05
356,71.24749833222148,0.875,0.29166666666666663,0.5,0.4436325308157827,0.5563674691842178,0.9999729186816619,2.7076627042380085e-05
357,71.44763175450299,0.875,0.29166666666666663,0.5,0.44363805127908434,0.556361948720916,0.9999739312968406,2.6063843530759915e-05
358,71.64776517678452,0.875,0.29166666666666663,0.5,0.44364339273890063,0.5563566072610998,0.9999749060691301,2.5089008247825088e-05
359,71.84789859906604,0.875,0.29166666666666663,0.5,0.44364856092966853,0.5563514390703319,0.999975844443355,2.4150697379198572e-05
360,72.04803202134757,0.875,0.29166666666666663,0.5,0.44365356142013757,0.5563464385798629,0.9999767478199458,2.3247532975684968e-05
361,72.24816544362908,0.875,0.29166666666666663,0.5,0.44365839962182474,0.5563416003781757,0.9999776175584202,2.2378179492414118e-05
362,72.4482988659106,0.875,0.29166666666666663,0.5,0.4436630807974694,0.556336919202531,0.9999784549808635,2.1541340327984336e-05
363,72.64843228819213,0.875,0.29166666666666663,0.5,0.443667610069488,0.5563323899305124,0.9999792613754103,2.073575436360628e-05
364,72.84856571047365,0.875,0.29166666666666663,0.5,0.4436719923401584,0.556328007659842,0.9999800379285135,1.996023645830047e-05
365,73.04869913275516,0.875,0.29166666666666663,0.5,0.44367623210784846,0.556323767892152,0.9999807855733496,1.9213769710349315e-05
366,73.24883255503669,0.875,0.29166666666666663,0.5,0.44368033392322764,0.5563196660767727,0.999981505354522,1.849527902815966e-05
367,73.44896597731821,0.875,0.29166666666666663,0.5,0.44368430222110605,0.5563156977788943,0.9999821982890598,1.7803715618442856e-05
368,73.64909939959973,0.875,0.29166666666666663,0.5,0.4436881413065108,0.5563118586934896,0.9999828653518446,1.713806466903856e-05
369,73.84923282188124,0.875,0.29166666666666663,0.5,0.44369185536120465,0.5563081446387959,0.9999835074775301,1.649734285233539e-05
370,74.04936624416277,0.875,0.29166666666666663,0.5,0.44369544845020426,0.5563045515497962,0.9999841255624604,1.5880595828691304e-05
371,74.2494996664443,0.875,0.29166666666666663,0.5,0.443698924528299,0.5563010754717014,0.9999847204665896,1.5286895749854427e-05
372,74.44963308872582,0.875,0.29166666666666663,0.5,0.44370228744656914,0.5562977125534313,0.9999852930153996,1.4715338762383433e-05
373,74.64976651100733,0.875,0.29166666666666663,0.5,0.4437055409135303,0.5562944590864701,0.9999858439997982,1.4165065305008956e-05
374,74.84989993328885,0.875,0.29166666666666663,0.5,0.443708688274761,0.5562913117252395,0.9999863741679266,1.3635371592429623e-05
375,75.05003335557038,0.875,0.29166666666666663,0.5,0.4437117329159791,0.5562882670840213,0.9999868842447498,1.3125507904921883e-05
376,75.2501667778519,0.875,0.29166666666666663,0.5,0.443714678156265,0.5562853218437355,0.9999873749289269,1.2634733006518889e-05
377,75.45030020013341,0.875,0.29166666666666663,0.5,0.44371752721578056,0.5562824727842199,0.9999878468930009,1.2162331139621754e-05
378,75.65043362241494,0.875,0.29166666666666663,0.5,0.4437202832205752,0.5562797167794252,0.9999883007852416,1.17076103886168e-05
379,75.85056704469646,0.875,0.29166666666666663,0.5,0.44372294920739225,0.5562770507926083,0.9999887372314876,1.1269901043493129e-05
380,76.05070046697799,0.875,0.29166666666666663,0.5,0.44372552812847477,0.5562744718715257,0.9999891568369895,1.0848553963459846e-05
381,76.2508338892595,0.875,0.29166666666666663,0.5,0.443728022856372,0.5562719771436285,0.999989560188252,1.0442938940563498e-05
382,76.45096731154102,0.875,0.29166666666666663,0.5,0.4437304376918786,0.556269562308122,0.9999899490664078,1.005192327290509e-05
383,76.65110073382255,0.875,0.29166666666666663,0.5,0.44373277140285294,0.5562672285971476,0.9999903212356689,9.676273941151727e-06
384,76.85123415610407,0.875,0.29166666666666663,0.5,0.44373502896857636,0.5562649710314241,0.9999906793110922,9.314603896378328e-06
385,77.0513675783856,0.875,0.29166666666666663,0.5,0.443737212758708,0.5562627872412925,0.9999910238425164,8.966419975874036e-06
386,77.2515010006671,0.875,0.29166666666666663,0.5,0.44373932508924524,0.5562606749107553,0.9999913554032154,8.63123868043161e-06
387,77.45163442294863,0.875,0.29166666666666663,0.5,0.443741368222524,0.5562586317774765,0.9999916745898989,8.308586174347323e-06
388,77.65176784523015,0.875,0.29166666666666663,0.5,0.4437433443672186,0.5562566556327819,0.9999919820227124,7.997998285421109e-06
389,77.85190126751168,0.875,0.29166666666666663,0.5,0.4437452556783415,0.556254744321659,0.999992278345237,7.699020504956469e-06
390,78.05203468979319,0.875,0.29166666666666663,0.5,0.4437471042572438,0.5562528957427567,0.9999925642244891,7.411207987760505e-06
391,78.25216811207471,0.875,0.29166666666666663,0.5,0.4437488921495291,0.5562511078504715,0.9999928403497435,7.134126361946695e-06
392,78.45230153435624,0.875,0.29166666666666663,0.5,0.4437506212539903,0.5562493787460103,0.9999931073811046,6.867387084159006e-06
393,78.65243495663776,0.875,0.29166666666666663,0.5,0.4437522933546147,0.5562477066453859,0.9999933659675825,6.6106350135714e-06
394,78.85256837891927,0.875,0.29166666666666663,0.5,0.4437539102192599,0.5562460897807405,0.999993616551017,6.3635215765870096e-06
395,79.0527018012008,0.875,0.29166666666666663,0.5,0.4437554738412374,0.5562445261587631,0.9999938583580049,6.125663131084312e-06
396,79.25283522348232,0.875,0.29166666666666663,0.5,0.44375698616538223,0.5562430138346183,0.9999940904398275,5.896692876988804e-06
397,79.45296864576385,0.875,0.29166666666666663,0.5,0.4437584489401914,0.5562415510598091,0.9999943126778953,5.676270991013887e-06
398,79.65310206804536,0.875,0.29166666666666663,0.5,0.4437598636753017,0.5562401363246988,0.9999945260777916,5.464087344097131e-06
399,79.85323549032688,0.875,0.29166666666666663,0.5,0.44376123187168964,0.5562387681283107,0.9999947313756773,5.259838858718491e-06
400,80.0533689126084,0.875,0.29166666666666663,0.5,0.443762555044746,0.5562374449552545,0.9999949289238886,5.063226769005861e-06
401,80.25350233488993,0.875,0.29166666666666663,0.5,0.4437638346424413,0.5562361653575592,0.9999951191676247,4.873965018220777e-06
402,80.45363575717144,0.875,0.29166666666666663,0.5,0.44376507208082216,0.5562349279191783,0.9999953025520422,4.691775154185812e-06
403,80.65376917945296,0.875,0.29166666666666663,0.5,0.4437662687302296,0.5562337312697708,0.9999954789703014,4.516404128695401e-06
404,80.85390260173449,0.875,0.29166666666666663,0.5,0.4437674259844628,0.5562325740155376,0.9999956486022135,4.347585725394219e-06
405,81.05403602401601,0.875,0.29166666666666663,0.5,0.44376854507903263,0.5562314549209677,0.9999958117446037,4.185084582630225e-06
406,81.25416944629752,0.875,0.29166666666666663,0.5,0.4437696272522763,0.556230372747724,0.9999959686799571,4.028665147666246e-06
407,81.45430286857905,0.875,0.29166666666666663,0.5,0.4437706737644559,0.5562293262355446,0.9999961195795027,3.8780903852924825e-06
408,81.65443629086057,0.875,0.29166666666666663,0.5,0.4437716857931046,0.5562283142068957,0.9999962646754587,3.7331390237711355e-06
409,81.8545697131421,0.875,0.29166666666666663,0.5,0.4437726643706997,0.5562273356293006,0.999996404306981,3.593617430957053e-06
410,82.05470313542361,0.875,0.29166666666666663,0.5,0.44377361063013077,0.5562263893698696,0.9999965387392,3.459312841694249e-06
411,82.25483655770513,0.875,0.29166666666666663,0.5,0.44377452569049874,0.5562254743095016,0.9999966682232151,3.330015752190596e-06
412,82.45496997998666,0.875,0.29166666666666663,0.5,0.44377541049304176,0.5562245895069586,0.9999967928895627,3.2055571439437556e-06
413,82.65510340226818,0.875,0.29166666666666663,0.5,0.443776266027518,0.5562237339724824,0.9999969129016685,3.0857569542729742e-06
414,82.85523682454969,0.875,0.29166666666666663,0.5,0.4437770933148787,0.5562229066851218,0.999997028444102,2.9704280203421026e-06
415,83.05537024683122,0.875,0.29166666666666663,0.5,0.44377789547269464,0.5562221045273058,0.9999971400396586,2.8590094298480272e-06
416,83.25550366911274,0.875,0.29166666666666663,0.5,0.4437786671828297,0.5562213328171708,0.999997246787393,2.7524603933534983e-06
417,83.45563709139427,0.875,0.29166666666666663,0.5,0.4437794146241334,0.556220585375867,0.9999973497229947,2.6496693343905188e-06
418,83.65577051367578,0.875,0.29166666666666663,0.5,0.4437801379997386,0.556219862000262,0.9999974488876557,2.550601102830049e-06
419,83.8559039359573,0.875,0.29166666666666663,0.5,0.44378083826425097,0.5562191617357495,0.9999975444749553,2.455090513640781e-06
420,84.05603735823883,0.875,0.29166666666666663,0.5,0.44378151553960865,0.5562184844603919,0.9999976365096201,2.363116466656934e-06
421,84.25617078052035,0.875,0.29166666666666663,0.5,0.44378216982581153,0.5562178301741889,0.9999977249916505,2.2746789618785072e-06
422,84.45630420280186,0.875,0.29166666666666663,0.5,0.4437828021990146,0.5562171978009859,0.9999978101141404,2.189590589671318e-06
423,84.65643762508338,0.875,0.29166666666666663,0.5,0.44378341421960116,0.5562165857803993,0.9999978921570685,2.107579613245977e-06
424,84.85657104736491,0.875,0.29166666666666663,0.5,0.44378400590047296,0.5562159940995275,0.9999979711227498,2.0286437857919786e-06
425,85.05670446964643,0.875,0.29166666666666663,0.5,0.4437845730125869,0.5562154269874137,0.9999980462878982,1.9535063286666155e-06
426,85.25683789192794,0.875,0.29166666666666663,0.5,0.4437851285264911,0.5562148714735096,0.999998119870845,1.8799491095165352e-06
427,85.45697131420947,0.875,0.29166666666666663,0.5,0.4437856644971689,0.5562143355028317,0.999998190512767,1.8093308294763867e-06
428,85.657104736491,0.875,0.29166666666666663,0.5,0.4437861815673771,0.5562138184326235,0.999998258323594,1.7415415687762902e-06
429,85.85723815877252,0.875,0.29166666666666663,0.5,0.4437866804292279,0.5562133195707726,0.9999983234204917,1.6764641848612687e-06
430,86.05737158105403,0.875,0.29166666666666663,0.5,0.4437871619727091,0.5562128380272914,0.9999983859496361,1.6139525776070018e-06
431,86.25750500333555,0.875,0.29166666666666663,0.5,0.44378762692947243,0.5562123730705281,0.99999844603399,1.5538838181430774e-06
432,86.45763842561708,0.875,0.29166666666666663,0.5,0.4437880760065695,0.5562119239934311,0.9999985037929093,1.4961385776498268e-06
433,86.6577718478986,0.875,0.29166666666666663,0.5,0.44378850991105184,0.5562114900889488,0.9999985593457499,1.440597527307576e-06
434,86.85790527018011,0.875,0.29166666666666663,0.5,0.44378892934997105,0.5562110706500295,0.9999986128118675,1.3871413382966547e-06
435,87.05803869246164,0.875,0.29166666666666663,0.5,0.4437893350303788,0.5562106649696218,0.9999986643106183,1.3356506817973817e-06
436,87.25817211474316,0.875,0.29166666666666663,0.5,0.4437897276593266,0.5562102723406739,0.9999987139613582,1.2860062289900868e-06
437,87.45830553702469,0.875,0.29166666666666663,0.5,0.44379010794386614,0.5562098920561345,0.9999987618834429,1.2380886510550968e-06
438,87.6584389593062,0.875,0.29166666666666663,0.5,0.44379047623185713,0.5562095237681435,0.9999988081316448,1.1918433505972415e-06
439,87.85857238158772,0.875,0.29166666666666663,0.5,0.4437908321802915,0.5562091678197091,0.9999988526365163,1.147340234362136e-06
440,88.05870580386924,0.875,0.29166666666666663,0.5,0.4437911761739063,0.5562088238260944,0.9999988954594604,1.1045180591606224e-06
441,88.25883922615077,0.875,0.29166666666666663,0.5,0.44379150863858835,0.5562084913614123,0.9999989366692789,1.063308166023136e-06
442,88.45897264843228,0.875,0.29166666666666663,0.5,0.4437918300002246,0.5562081699997761,0.9999989763347732,1.0236418959801165e-06
443,88.6591060707138,0.875,0.29166666666666663,0.5,0.4437921406847018,0.5562078593152988,0.9999990145247454,9.85450590061994e-07
444,88.85923949299533,0.875,0.29166666666666663,0.5,0.4437924411179069,0.5562075588820937,0.999999051307997,9.486655892992071e-07
445,89.05937291527685,0.875,0.29166666666666663,0.5,0.4437927317257267,0.5562072682742739,0.99999908675333,9.132182347221922e-07
446,89.25950633755836,0.875,0.29166666666666663,0.5,0.4437930129340481,0.5562069870659525,0.9999991209295461,8.790398673613876e-07
447,89.45963975983989,0.875,0.29166666666666663,0.5,0.44379328494004583,0.5562067150599549,0.9999991538629066,8.461043834707686e-07
448,89.65977318212141,0.875,0.29166666666666663,0.5,0.44379354776833047,0.5562064522316702,0.9999991855475759,8.144177873489346e-07
449,89.85990660440294,0.875,0.29166666666666663,0.5,0.443793801723496,0.5562061982765047,0.9999992160297955,7.839339883497077e-07
450,90.06004002668445,0.875,0.29166666666666663,0.5,0.4437940471125849,0.5562059528874157,0.9999992453562621,7.54606440202759e-07
451,90.26017344896597,0.875,0.29166666666666663,0.5,0.44379428424263995,0.5562057157573607,0.9999992735736722,7.263885966377538e-07
452,90.4603068712475,0.875,0.29166666666666663,0.5,0.4437945134207037,0.5562054865792969,0.9999993007287229,6.992339113843635e-07
453,90.66044029352902,0.875,0.29166666666666663,0.5,0.44379473495381877,0.556205265046182,0.9999993268681109,6.730958381722574e-07
454,90.86057371581053,0.875,0.29166666666666663,0.5,0.44379494914902773,0.5562050508509729,0.9999993520385329,6.479278307311063e-07
455,91.06070713809206,0.875,0.29166666666666663,0.5,0.4437951563127041,0.5562048436872966,0.9999993762865763,6.23683450124697e-07
456,91.26084056037358,0.875,0.29166666666666663,0.5,0.44379535656668634,0.5562046434333144,0.9999993996287236,6.003458558341829e-07
457,91.4609739826551,0.875,0.29166666666666663,0.5,0.4437955500254028,0.556204449974598,0.9999994220802483,5.778993958809912e-07
458,91.66110740493662,0.875,0.29166666666666663,0.5,0.44379573692688673,0.556204263073114,0.9999994436765884,5.563085927343171e-07
459,91.86124082721814,0.875,0.29166666666666663,0.5,0.4437959175091714,0.5562040824908293,0.9999994644531829,5.35537968863352e-07
460,92.06137424949966,0.875,0.29166666666666663,0.5,0.44379609201028997,0.5562039079897108,0.9999994844454698,5.155520467372913e-07
461,92.26150767178119,0.875,0.29166666666666663,0.5,0.4437962606682757,0.5562037393317251,0.9999995036888878,4.963153488253295e-07
462,92.4616410940627,0.875,0.29166666666666663,0.5,0.4437964237211618,0.556203576278839,0.9999995222188752,4.777923975966618e-07
463,92.66177451634422,0.875,0.29166666666666663,0.5,0.4437965814069814,0.5562034185930194,0.9999995400708706,4.599477155204797e-07
464,92.86190793862575,0.875,0.29166666666666663,0.5,0.44379673395384317,0.5562032660461577,0.9999995572786833,4.427474506551314e-07
465,93.06204136090727,0.875,0.29166666666666663,0.5,0.4437968813298172,0.5562031186701837,0.9999995738334367,4.2620034333637353e-07
466,93.26217478318878,0.875,0.29166666666666663,0.5,0.4437970236101509,0.55620297638985,0.9999995897438478,4.102975790992977e-07
467,93.46230820547031,0.875,0.29166666666666663,0.5,0.4437971609769178,0.5562028390230831,0.9999996050361694,3.950128461965171e-07
468,93.66244162775183,0.875,0.29166666666666663,0.5,0.4437972936121912,0.5562027063878097,0.9999996197366537,3.80319832880648e-07
469,93.86257505003336,0.875,0.29166666666666663,0.5,0.44379742169804465,0.5562025783019562,0.9999996338715534,3.661922274043056e-07
470,94.06270847231487,0.875,0.29166666666666663,0.5,0.4437975454165515,0.5562024545834493,0.9999996474671212,3.5260371802010614e-07
471,94.26284189459639,0.875,0.29166666666666663,0.5,0.4437976649497852,0.5562023350502157,0.9999996605496095,3.3952799298066287e-07
472,94.46297531687792,0.875,0.29166666666666663,0.5,0.44379778047981916,0.5562022195201817,0.9999996731452709,3.2693874053859206e-07
473,94.66310873915944,0.875,0.29166666666666663,0.5,0.4437978921887269,0.556202107811274,0.9999996852803581,3.1480964894650896e-07
474,94.86324216144095,0.875,0.29166666666666663,0.5,0.44379800025858174,0.5562019997414192,0.9999996969811235,3.031144064570295e-07
475,95.06337558372248,0.875,0.29166666666666663,0.5,0.44379810487145716,0.5562018951285437,0.9999997082738197,2.918267013227674e-07
476,95.263509006004,0.875,0.29166666666666663,0.5,0.44379820620942656,0.5562017937905743,0.9999997191846992,2.809202217963386e-07
477,95.46364242828552,0.875,0.29166666666666663,0.5,0.4437983044545634,0.5562016955454374,0.9999997297400147,2.703686561303584e-07
478,95.66377585056703,0.875,0.29166666666666663,0.5,0.44379839960149137,0.5562016003985095,0.9999997399353974,2.6017631656475585e-07
479,95.86390927284856,0.875,0.29166666666666663,0.5,0.4437984914829111,0.5562015085170897,0.9999997497400268,2.5037396898847536e-07
480,96.06404269513008,0.875,0.29166666666666663,0.5,0.44379858020494717,0.5562014197950537,0.9999997591677486,2.409477095737421e-07
481,96.26417611741161,0.875,0.29166666666666663,0.5,0.4437986658779839,0.556201334122017,0.9999997682331047,2.318829385207196e-07
482,96.46430953969312,0.875,0.29166666666666663,0.5,0.4437987486124058,0.556201251387595,0.9999997769506364,2.231650560295719e-07
483,96.66444296197464,0.875,0.29166666666666663,0.5,0.4437988285185974,0.5562011714814035,0.9999997853348853,2.1477946230046117e-07
484,96.86457638425617,0.875,0.29166666666666663,0.5,0.4437989057069432,0.5562010942930576,0.9999997934003931,2.0671155753355155e-07
485,97.06470980653769,0.875,0.29166666666666663,0.5,0.4437989802878276,0.5562010197121732,0.9999998011617014,1.9894674192900647e-07
486,97.2648432288192,0.875,0.29166666666666663,0.5,0.4437990523716352,0.5562009476283656,0.9999998086333518,1.9147041568698994e-07
487,97.46497665110073,0.875,0.29166666666666663,0.5,0.44379912206875044,0.5562008779312504,0.9999998158298858,1.842679790076643e-07
488,97.66511007338225,0.875,0.29166666666666663,0.5,0.4437991894895577,0.5562008105104431,0.9999998227658452,1.7732483209119359e-07
489,97.86524349566378,0.875,0.29166666666666663,0.5,0.44379925474444165,0.5562007452555592,0.9999998294557715,1.7062637513774126e-07
490,98.06537691794529,0.875,0.29166666666666663,0.5,0.44379931794378663,0.5562006820562142,0.9999998359142062,1.641580083474712e-07
491,98.26551034022681,0.875,0.29166666666666663,0.5,0.44379937916299,0.5562006208370108,0.9999998421506258,1.579102449019068e-07
492,98.46564376250834,0.875,0.29166666666666663,0.5,0.443799438290034,0.5562005617099668,0.9999998481473744,1.5190098652304005e-07
493,98.66577718478986,0.875,0.29166666666666663,0.5,0.4437994953625376,0.5562005046374633,0.9999998539084594,1.4612626727078014e-07
494,98.86591060707137,0.875,0.29166666666666663,0.5,0.44379955045054725,0.5562004495494536,0.9999998594425824,1.4057738227606025e-07
495,99.0660440293529,0.875,0.29166666666666663,0.5,0.4437996036241096,0.5562003963758912,0.9999998647584453,1.3524562666981228e-07
496,99.26617745163442,0.875,0.29166666666666663,0.5,0.443799654953271,0.5562003450467298,0.9999998698647499,1.3012229558296944e-07
497,99.46631087391594,0.875,0.29166666666666663,0.5,0.4437997045080781,0.5562002954919227,0.9999998747701979,1.2519868414646446e-07
498,99.66644429619745,0.875,0.29166666666666663,0.5,0.4437997523585774,0.5562002476414235,0.9999998794834913,1.204660874912304e-07
499,99.86657771847898,0.875,0.29166666666666663,0.5,0.44379979857481533,0.5562002014251854,0.9999998840133318,1.1591580074819935e-07
500,100.0667111407605,0.875,0.29166666666666663,0.5,0.4437998432268385,0.5562001567731623,0.9999998883684214,1.1153911904830442e-07
501,100.26684456304203,0.875,0.29166666666666663,0.5,0.4437998863846935,0.5562001136153074,0.9999998925574616,1.0732733752247832e-07
502,100.46697798532354,0.875,0.29166666666666663,0.5,0.44379992811842667,0.5562000718815742,0.9999998965891543,1.0327175130165412e-07
503,100.66711140760506,0.875,0.29166666666666663,0.5,0.4437999684980847,0.5562000315019161,0.9999999004722016,9.936365551676398e-08
504,100.86724482988659,0.875,0.29166666666666663,0.5,0.4438000075921681,0.5561999924078327,0.9999999042151185,9.559453886488068e-08
505,101.06737825216811,0.875,0.29166666666666663,0.5,0.4438000453682355,0.5561999546317653,0.9999999078142423,9.196852938143443e-08
506,101.26751167444962,0.875,0.29166666666666663,0.5,0.4438000818178678,0.556199918182133,0.9999999112688085,8.848674715393347e-08
507,101.46764509673115,0.875,0.29166666666666663,0.5,0.4438001169877795,0.5561998830122213,0.9999999145847038,8.514340881859652e-08
508,101.66777851901267,0.875,0.29166666666666663,0.5,0.44380015092468483,0.5561998490753159,0.9999999177678154,8.193273101164305e-08
509,101.8679119412942,0.875,0.29166666666666663,0.5,0.4438001836752983,0.5561998163247025,0.9999999208240301,7.884893036929226e-08
510,102.0680453635757,0.875,0.29166666666666663,0.5,0.4438002152863342,0.5561997847136666,0.9999999237592347,7.588622352776357e-08
511,102.26817878585723,0.875,0.29166666666666663,0.5,0.4438002458045069,0.556199754195494,0.9999999265793164,7.303882712327579e-08
512,102.46831220813876,0.875,0.29166666666666663,0.5,0.4438002752765308,0.55619972472347,0.9999999292901619,7.030095779204834e-08
513,102.66844563042028,0.875,0.29166666666666663,0.5,0.4438003037491203,0.5561996962508805,0.9999999318976581,6.766683217030043e-08
514,102.8685790527018,0.875,0.29166666666666663,0.5,0.4438003312689897,0.5561996687310111,0.9999999344076922,6.513066689425127e-08
515,103.06871247498331,0.875,0.29166666666666663,0.5,0.4438003578828534,0.5561996421171475,0.9999999368261508,6.268667860012026e-08
516,103.26884589726484,0.875,0.29166666666666663,0.5,0.4438003836374258,0.5561996163625751,0.999999939158921,6.032908392412624e-08
517,103.46897931954636,0.875,0.29166666666666663,0.5,0.4438004085794212,0.5561995914205796,0.9999999414118897,5.8052099502488615e-08
518,103.66911274182789,0.875,0.29166666666666663,0.5,0.4438004327157243,0.5561995672842767,0.9999999435855086,5.585533257329846e-08
519,103.8692461641094,0.875,0.29166666666666663,0.5,0.44380045599597134,0.5561995440040296,0.9999999456724175,5.3746138387904576e-08
520,104.06937958639092,0.875,0.29166666666666663,0.5,0.4438004784478503,0.5561995215521506,0.9999999476759067,5.172130864676018e-08
521,104.26951300867245,0.875,0.29166666666666663,0.5,0.4438005001021828,0.5561994998978181,0.9999999495996947,4.977721091833379e-08
522,104.46964643095397,0.875,0.29166666666666663,0.5,0.4438005209897905,0.5561994790102104,0.9999999514474996,4.791021277109378e-08
523,104.66977985323548,0.875,0.29166666666666663,0.5,0.4438005411414951,0.5561994588585059,0.9999999532230396,4.611668177350864e-08
524,104.869913275517,0.875,0.29166666666666663,0.5,0.44380056058811823,0.5561994394118827,0.9999999549300328,4.439298549404648e-08
525,105.07004669779853,0.875,0.29166666666666663,0.5,0.4438005793604816,0.5561994206395193,0.9999999565721976,4.2735491501175815e-08
526,105.27018012008006,0.875,0.29166666666666663,0.5,0.44380059748940687,0.5561994025105941,0.999999958153252,4.1140567363365e-08
527,105.47031354236157,0.875,0.29166666666666663,0.5,0.4438006150057157,0.5561993849942852,0.9999999596769145,3.960458064908252e-08
528,105.67044696464309,0.875,0.29166666666666663,0.5,0.44380063194022973,0.5561993680597712,0.999999961146903,3.812389892679652e-08
529,105.87058038692462,0.875,0.29166666666666663,0.5,0.44380064832377064,0.5561993516762302,0.9999999625669358,3.6694889764975485e-08
530,106.07071380920614,0.875,0.29166666666666663,0.5,0.44380066418716013,0.5561993358128408,0.9999999639407312,3.531392073208778e-08
531,106.27084723148765,0.875,0.29166666666666663,0.5,0.4438006795612199,0.5561993204387811,0.9999999652720073,3.3977359396601875e-08
532,106.47098065376917,0.875,0.29166666666666663,0.5,0.4438006944767715,0.5561993055232294,0.9999999665644824,3.268157332698594e-08
533,106.6711140760507,0.875,0.29166666666666663,0.5,0.4438007089646367,0.5561992910353643,0.9999999678218746,3.142293009170845e-08
534,106.87124749833222,0.875,0.29166666666666663,0.5,0.44380072302532525,0.5561992769746757,0.9999999690437839,3.020190958964302e-08
535,107.07138092061373,0.875,0.29166666666666663,0.5,0.44380073659733793,0.556199263402663,0.9999999702213856,2.9027404300822205e-08
536,107.27151434289526,0.875,0.29166666666666663,0.5,0.4438007496920023,0.5561992503079987,0.9999999713557495,2.7898426510773857e-08
537,107.47164776517678,0.875,0.29166666666666663,0.5,0.44380076232555254,0.5561992376744483,0.9999999724486118,2.6813322816779144e-08
538,107.67178118745831,0.875,0.29166666666666663,0.5,0.4438007745142231,0.5561992254857778,0.9999999735017089,2.5770439816119146e-08
539,107.87191460973982,0.875,0.29166666666666663,0.5,0.44380078627424824,0.5561992137257528,0.9999999745167769,2.4768124106075002e-08
540,108.07204803202134,0.875,0.29166666666666663,0.5,0.4438007976218622,0.5561992023781388,0.9999999754955525,2.380472228392765e-08
541,108.27218145430287,0.875,0.29166666666666663,0.5,0.44380080857329923,0.5561991914267017,0.9999999764397719,2.2878580946958236e-08
542,108.47231487658439,0.875,0.29166666666666663,0.5,0.4438008191447937,0.5561991808552073,0.9999999773511713,2.198804669244784e-08
543,108.6724482988659,0.875,0.29166666666666663,0.5,0.44380082935257986,0.5561991706474211,0.9999999782314871,2.1131466117677595e-08
544,108.87258172114743,0.875,0.29166666666666663,0.5,0.443800839212892,0.556199160787109,0.9999999790824557,2.0307185819928453e-08
545,109.07271514342895,0.875,0.29166666666666663,0.5,0.44380084874196446,0.5561991512580365,0.9999999799058135,1.9513552396481556e-08
546,109.27284856571048,0.875,0.29166666666666663,0.5,0.44380085795603147,0.5561991420439695,0.9999999807032965,1.874891244461798e-08
547,109.47298198799199,0.875,0.29166666666666663,0.5,0.4438008668713273,0.5561991331286736,0.9999999814766415,1.8011612561618848e-08
548,109.67311541027351,0.875,0.29166666666666663,0.5,0.4438008755040863,0.5561991244959146,0.9999999822275845,1.7299999344765133e-08
549,109.87324883255503,0.875,0.29166666666666663,0.5,0.4438008838705428,0.5561991161294582,0.9999999829578619,1.6612419391337968e-08
550,110.07338225483656,0.875,0.29166666666666663,0.5,0.44380089197554445,0.5561991080244565,0.9999999836680412,1.59484554413714e-08
551,110.27351567711807,0.875,0.29166666666666663,0.5,0.4438008997917425,0.5561991002082585,0.9999999843553845,1.5311185587573077e-08
552,110.4736490993996,0.875,0.29166666666666663,0.5,0.4438009073251892,0.5561990926748118,0.9999999850205832,1.4700061793040684e-08
553,110.67378252168112,0.875,0.29166666666666663,0.5,0.44380091458538456,0.5561990854146164,0.999999985664682,1.4114161745585477e-08
554,110.87391594396264,0.875,0.29166666666666663,0.5,0.4438009215818287,0.5561990784181722,0.999999986288726,1.3552563133018673e-08
555,111.07404936624415,0.875,0.29166666666666663,0.5,0.44380092832402157,0.5561990716759794,0.9999999868937602,1.3014343643151525e-08
556,111.27418278852568,0.875,0.29166666666666663,0.5,0.4438009348214631,0.5561990651785379,0.9999999874808299,1.2498580963795174e-08
557,111.4743162108072,0.875,0.29166666666666663,0.5,0.4438009410836533,0.5561990589163477,0.9999999880509797,1.2004352782760874e-08
558,111.67444963308873,0.875,0.29166666666666663,0.5,0.44380094712009216,0.5561990528799088,0.9999999886052549,1.1530736787859842e-08
559,111.87458305537024,0.875,0.29166666666666663,0.5,0.44380095294027977,0.5561990470597212,0.9999999891447003,1.1076810666903324e-08
560,112.07471647765176,0.875,0.29166666666666663,0.5,0.443800958553716,0.556199041446285,0.9999999896703612,1.0641652107702474e-08
561,112.27484989993329,0.875,0.29166666666666663,0.5,0.4438009639699009,0.5561990360301001,0.9999999901832823,1.0224338798068541e-08
562,112.47498332221481,0.875,0.29166666666666663,0.5,0.4438009691983344,0.5561990308016665,0.9999999906845088,9.82394842581274e-09
563,112.67511674449632,0.875,0.29166666666666663,0.5,0.4438009742485166,0.5561990257514844,0.9999999911750858,9.439558678746314e-09
564,112.87525016677785,0.875,0.29166666666666663,0.5,0.4438009791299474,0.5561990208700535,0.999999991656058,9.070247244680424e-09
565,113.07538358905937,0.875,0.29166666666666663,0.5,0.4438009838521269,0.556199016147874,0.9999999921284708,8.715091811426314e-09
566,113.2755170113409,0.875,0.29166666666666663,0.5,0.4438009921615356,0.5561990078384654,0.9999999931445247,7.980847094989351e-09
567,113.4756504336224,0.875,0.29166666666666663,0.5,0.4438009958831134,0.5561990041168876,0.9999999935015146,7.725129108232324e-09
568,113.67578385590393,0.875,0.29166666666666663,0.5,0.44380099952808005,0.556199000471921,0.9999999938644671,7.474399453225449e-09
569,113.87591727818545,0.875,0.29166666666666663,0.5,0.44380100309643555,0.5561989969035654,0.9999999942333824,7.228658129968745e-09
570,114.07605070046698,0.875,0.29166666666666663,0.5,0.44380100658818,0.556198993411821,0.9999999946082602,6.987905138462213e-09
571,114.27618412274849,0.875,0.29166666666666663,0.5,0.44380101000331323,0.5561989899966877,0.9999999949891007,6.752140478705868e-09
572,114.47631754503001,0.875,0.29166666666666663,0.5,0.4438010133418354,0.5561989866581656,0.999999995375904,6.521364150699678e-09
573,114.67645096731154,0.875,0.29166666666666663,0.5,0.44380101660374643,0.5561989833962545,0.9999999957686699,6.295576154443658e-09
574,114.87658438959306,0.875,0.29166666666666663,0.5,0.44380101978904635,0.5561989802109546,0.9999999961673985,6.074776489937809e-09
575,115.07671781187457,0.875,0.29166666666666663,0.5,0.44380102289773515,0.5561989771022658,0.9999999965720898,5.858965157182147e-09
576,115.2768512341561,0.875,0.29166666666666663,0.5,0.4438010259298128,0.5561989740701881,0.9999999969827438,5.6481421561766405e-09
577,115.47698465643762,0.875,0.29166666666666663,0.5,0.44380102888527934,0.5561989711147216,0.9999999973993605,5.442307486921305e-09
578,115.67711807871915,0.875,0.29166666666666663,0.5,0.44380103176413477,0.5561989682358662,0.9999999978219398,5.2414611494161405e-09
579,115.87725150100066,0.875,0.29166666666666663,0.5,0.44380103456637904,0.5561989654336219,0.9999999982504818,5.0456031436611605e-09
580,116.07738492328218,0.875,0.29166666666666663,0.5,0.4438010372920122,0.5561989627079887,0.9999999986849865,4.854733469656338e-09
581,116.2775183455637,0.875,0.29166666666666663,0.5,0.44380103994103426,0.5561989600589667,0.9999999991254538,4.6688521274016866e-09
582,116.47765176784523,0.875,0.29166666666666663,0.5,0.4438010425132015,0.5561989574867995,0.9999999995594773,4.488213988322704e-09
583,116.67778519012674,0.875,0.29166666666666663,0.5,0.44380104500707074,0.5561989549929303,0.9999999999135684,4.314328732126646e-09
584,116.87791861240827,0.875,0.29166666666666663,0.5,0.4438010474224045,0.5561989525775966,1.0000000001756362,4.147444741842929e-09
585,117.07805203468979,0.875,0.29166666666666663,0.5,0.44380104975920276,0.5561989502407984,1.0000000003456808,3.9875620174715675e-09
586,117.27818545697131,0.875,0.29166666666666663,0.5,0.4438010520174655,0.5561989479825356,1.0000000004237022,3.834680559012562e-09
587,117.47831887925283,0.875,0.29166666666666663,0.5,0.44380105419719273,0.5561989458028083,1.0000000004097005,3.6888003664659214e-09
588,117.67845230153435,0.875,0.29166666666666663,0.5,0.44380105629839545,0.5561989437016057,1.0000000003037146,3.5499200113368764e-09
589,117.87858572381587,0.875,0.29166666666666663,0.5,0.44380105833059874,0.5561989416694023,1.000000000139603,3.416793207895117e-09
590,118.0787191460974,0.875,0.29166666666666663,0.5,0.4438010603021122,0.5561989396978889,0.9999999999469034,3.288332735877467e-09
591,118.27885256837891,0.875,0.29166666666666663,0.5,0.4438010622129357,0.5561989377870654,0.9999999997256158,3.164538595283935e-09
592,118.47898599066043,0.875,0.29166666666666663,0.5,0.44380106406306935,0.5561989359369318,0.9999999994757403,3.0454107861145037e-09
593,118.67911941294196,0.875,0.29166666666666663,0.5,0.44380106585251305,0.556198934147488,0.9999999991972767,2.9309493083691813e-09
594,118.87925283522348,0.875,0.29166666666666663,0.5,0.4438010675812669,0.5561989324187342,0.9999999988902251,2.8211541620479688e-09
595,119.07938625750499,0.875,0.29166666666666663,0.5,0.4438010692500706,0.5561989307499305,0.9999999985655713,2.7158471728988035e-09
596,119.27951967978652,0.875,0.29166666666666663,0.5,0.44380107086235826,0.5561989291376429,0.9999999982743167,2.6142011844850827e-09
597,119.47965310206804,0.875,0.29166666666666663,0.5,0.44380107241856226,0.556198927581439,0.9999999980228819,2.516112063927715e-09
598,119.67978652434957,0.875,0.29166666666666663,0.5,0.4438010739186825,0.5561989260813187,0.9999999978112667,2.4215798112266993e-09
599,119.87991994663108,0.875,0.29166666666666663,0.5,0.44380107536271907,0.556198924637282,0.9999999976394712,2.330604426382043e-09
600,120.0800533689126,0.875,0.29166666666666663,0.5,0.443801076750672,0.5561989232493292,0.9999999975074956,2.243185909393733e-09
601,120.28018679119413,0.875,0.29166666666666663,0.5,0.44380107808256913,0.5561989219174319,0.9999999974154412,2.1593210953055886e-09
602,120.48032021347565,0.875,0.29166666666666663,0.5,0.44380107936181373,0.5561989206381873,0.9999999973756496,2.0786257887154828e-09
603,120.68045363575716,0.875,0.29166666666666663,0.5,0.44380108059075424,0.5561989194092468,0.999999997396638,2.000834835134592e-09
604,120.88058705803869,0.875,0.29166666666666663,0.5,0.4438010817693907,0.5561989182306103,0.9999999974784065,1.9259482345629046e-09
605,121.08072048032021,0.875,0.29166666666666663,0.5,0.4438010829500553,0.5561989170499457,0.9999999974707572,1.8516127407202053e-09
606,121.28085390260173,0.875,0.29166666666666663,0.5,0.4438010841746835,0.5561989158253176,0.9999999972533314,1.7759426216890247e-09
607,121.48098732488324,0.875,0.29166666666666663,0.5,0.44380108536192525,0.5561989146380758,0.9999999970596113,1.70259598510713e-09
608,121.68112074716477,0.875,0.29166666666666663,0.5,0.44380108651178046,0.5561989134882206,0.9999999968895966,1.6315728309745101e-09
609,121.8812541694463,0.875,0.29166666666666663,0.5,0.44380108762424925,0.5561989123757518,0.9999999967432875,1.5628731592911708e-09
610,122.08138759172782,0.875,0.29166666666666663,0.5,0.44380108869933155,0.5561989113006696,0.999999996620684,1.496496970057112e-09
611,122.28152101400933,0.875,0.29166666666666663,0.5,0.44380108973702737,0.5561989102629737,0.9999999965217858,1.4324442632723381e-09
612,122.48165443629085,0.875,0.29166666666666663,0.5,0.44380109073733665,0.5561989092626644,0.9999999964465932,1.3707150389368403e-09
613,122.68178785857238,0.875,0.29166666666666663,0.5,0.4438010917002595,0.5561989082997415,0.9999999963951061,1.3113092970506229e-09
614,122.8819212808539,0.875,0.29166666666666663,0.5,0.44380109262579587,0.5561989073742052,0.9999999963673245,1.2542270376136858e-09
615,123.08205470313541,0.875,0.29166666666666663,0.5,0.44380109351394575,0.5561989064860553,0.9999999963632484,1.199468260626033e-09
616,123.28218812541694,0.875,0.29166666666666663,0.5,0.4438010943647092,0.5561989056352918,0.9999999963828778,1.1470329660876569e-09
617,123.48232154769846,0.875,0.29166666666666663,0.5,0.44380109517808614,0.5561989048219149,0.9999999964262127,1.0969211539985612e-09
618,123.68245496997999,0.875,0.29166666666666663,0.5,0.4438010959540766,0.5561989040459245,0.9999999964932532,1.049132824358746e-09
619,123.8825883922615,0.875,0.29166666666666663,0.5,0.44380109669268053,0.5561989033073205,0.9999999965839992,1.0036679771682144e-09
620,124.08272181454302,0.875,0.29166666666666663,0.5,0.44380109739389806,0.556198902606103,0.9999999966984506,9.6052661242696e-10
621,124.28285523682455,0.875,0.29166666666666663,0.5,0.44380109805772905,0.556198901942272,0.9999999968366076,9.19708730134986e-10
622,124.48298865910607,0.875,0.29166666666666663,0.5,0.4438010986841736,0.5561989013158275,0.9999999969984701,8.812143302922926e-10
623,124.68312208138758,0.875,0.29166666666666663,0.5,0.44380109927323164,0.5561989007267694,0.999999997184038,8.450434128988821e-10
624,124.8832555036691,0.875,0.29166666666666663,0.5,0.44380109982490323,0.5561989001750979,0.9999999973933115,8.111959779547495e-10
625,125.08338892595063,0.875,0.29166666666666663,0.5,0.44380110033918835,0.5561988996608127,0.9999999976262905,7.796720254598973e-10
626,125.28352234823215,0.875,0.29166666666666663,0.5,0.44380110089033104,0.5561988991096699,0.9999999977816412,7.460596115951267e-10
627,125.48365577051366,0.875,0.29166666666666663,0.5,0.4438011015089431,0.556198898491058,0.9999999978175822,7.085396445747618e-10
628,125.68378919279519,0.875,0.29166666666666663,0.5,0.4438011021058636,0.5561988978941375,0.9999999978558072,6.724104894922011e-10
629,125.88392261507671,0.875,0.29166666666666663,0.5,0.4438011026810926,0.5561988973189084,0.9999999978963161,6.376721463474473e-10
630,126.08405603735824,0.875,0.29166666666666663,0.5,0.44380110323463007,0.5561988967653709,0.9999999979391088,6.043246151405007e-10
631,126.28418945963975,0.875,0.29166666666666663,0.5,0.4438011037664761,0.5561988962335249,0.9999999979841853,5.723678958713631e-10
632,126.48432288192127,0.875,0.29166666666666663,0.5,0.4438011042766305,0.5561988957233704,0.9999999980315456,5.418019885400303e-10
633,126.6844563042028,0.875,0.29166666666666663,0.5,0.44380110476509343,0.5561988952349075,0.9999999980811899,5.126268931465044e-10
634,126.88458972648432,0.875,0.29166666666666663,0.5,0.4438011052318649,0.5561988947681361,0.9999999981331179,4.848426096907855e-10
635,127.08472314876583,0.875,0.29166666666666663,0.5,0.4438011056769448,0.5561988943230562,0.9999999981873299,4.584491381728754e-10
636,127.28485657104736,0.875,0.29166666666666663,0.5,0.4438011061003332,0.5561988938996678,0.9999999982438257,4.334464785927704e-10
637,127.48498999332888,0.875,0.29166666666666663,0.5,0.4438011065020301,0.5561988934979709,0.9999999983026052,4.0983463095047237e-10
638,127.6851234156104,0.875,0.29166666666666663,0.5,0.44380110688203545,0.5561988931179656,0.9999999983636687,3.8761359524598134e-10
639,127.88525683789192,0.875,0.29166666666666663,0.5,0.4438011072403493,0.5561988927596517,0.999999998427016,3.667833714792987e-10
640,128.08539026017345,0.875,0.29166666666666663,0.5,0.44380110757697167,0.5561988924230293,0.9999999984926473,3.473439596504202e-10
641,128.28552368245496,0.875,0.29166666666666663,0.5,0.44380110789190247,0.5561988921080985,0.9999999985605623,3.2929535975935134e-10
642,128.48565710473648,0.875,0.29166666666666663,0.5,0.4438011081851418,0.5561988918148593,0.9999999986307612,3.126375718060893e-10
643,128.685790527018,0.875,0.29166666666666663,0.5,0.4438011084566896,0.5561988915433114,0.9999999987032439,2.9737059579063194e-10
644,128.88592394929952,0.875,0.29166666666666663,0.5,0.4438011087065459,0.5561988912934551,0.9999999987780105,2.834944317129837e-10
645,129.08605737158106,0.875,0.29166666666666663,0.5,0.44380110893471064,0.5561988910652904,0.9999999988550609,2.710090795731405e-10
646,129.28619079386257,0.875,0.29166666666666663,0.5,0.44380110914118387,0.5561988908588171,0.9999999989343952,2.59914539371106e-10
647,129.48632421614408,0.875,0.29166666666666663,0.5,0.4438011117130478,0.5561988882869532,0.999999999264894,9.932017742860215e-11
648,129.68645763842562,0.875,0.29166666666666663,0.5,0.4438011117744544,0.5561988882255466,0.9999999992822405,9.719277512893097e-11
649,129.88659106070713,0.875,0.29166666666666663,0.5,0.443801111835861,0.55619888816414,0.9999999992995869,9.50653728292601e-11
650,130.08672448298864,0.875,0.29166666666666663,0.5,0.4438011118972676,0.5561988881027334,0.9999999993169334,9.293797052958923e-11
651,130.28685790527018,0.875,0.29166666666666663,0.5,0.4438011119586742,0.5561988880413268,0.9999999993342797,9.081056822991804e-11
652,130.4869913275517,0.875,0.29166666666666663,0.5,0.4438011120200808,0.5561988879799202,0.9999999993516262,8.868316593024717e-11
653,130.68712474983323,0.875,0.29166666666666663,0.5,0.44380111208148737,0.5561988879185136,0.9999999993689727,8.655576363057599e-11
654,130.88725817211474,0.875,0.29166666666666663,0.5,0.44380111214289397,0.556198887857107,0.9999999993863191,8.44283613309051e-11
655,131.08739159439625,0.875,0.29166666666666663,0.5,0.4438011122043006,0.5561988877957004,0.9999999994036656,8.230095903123423e-11
656,131.2875250166778,0.875,0.29166666666666663,0.5,0.4438011122657072,0.5561988877342938,0.999999999421012,8.017355673156304e-11
657,131.4876584389593,0.875,0.29166666666666663,0.5,0.4438011123271138,0.5561988876728872,0.9999999994383585,7.804615443189216e-11
658,131.6877918612408,0.875,0.29166666666666663,0.5,0.4438011123885204,0.5561988876114806,0.999999999455705,7.591875213222129e-11
659,131.88792528352235,0.875,0.29166666666666663,0.5,0.443801112449927,0.5561988875500741,0.9999999994730514,7.379134983255011e-11
660,132.08805870580386,0.875,0.29166666666666663,0.5,0.4438011125113336,0.5561988874886674,0.9999999994903979,7.166394753287924e-11
661,132.2881921280854,0.875,0.29166666666666663,0.5,0.4438011125727402,0.5561988874272609,0.9999999995077443,6.953654523320805e-11
662,132.4883255503669,0.875,0.29166666666666663,0.5,0.4438011126341468,0.5561988873658542,0.9999999995250908,6.740914293353717e-11
663,132.68845897264842,0.875,0.29166666666666663,0.5,0.44380111269555333,0.5561988873044477,0.9999999995424372,6.528174063386628e-11
664,132.88859239492996,0.875,0.29166666666666663,0.5,0.44380111275695994,0.556198887243041,0.9999999995597837,6.315433833419511e-11
665,133.08872581721147,0.875,0.29166666666666663,0.5,0.44380111281836654,0.5561988871816345,0.99999999957713,6.102693603452423e-11
666,133.28885923949298,0.875,0.29166666666666663,0.5,0.44380111287977314,0.5561988871202278,0.9999999995944765,5.889953373485336e-11
667,133.48899266177452,0.875,0.29166666666666663,0.5,0.44380111294117974,0.5561988870588213,0.999999999611823,5.6772131435182173e-11
668,133.68912608405603,0.875,0.29166666666666663,0.5,0.4438011129818145,0.5561988870181865,0.9999999996236759,5.542359163875015e-11
669,133.88925950633757,0.875,0.29166666666666663,0.5,0.4438011130066098,0.5561988869933913,0.9999999996313397,5.4668969250189406e-11
670,134.08939292861908,0.875,0.29166666666666663,0.5,0.44380111303140507,0.556198886968596,0.9999999996390035,5.391434686162877e-11
671,134.2895263509006,0.875,0.29166666666666663,0.5,0.44380111305620035,0.5561988869438007,0.9999999996466673,5.315972447306813e-11
672,134.48965977318213,0.875,0.29166666666666663,0.5,0.4438011130809956,0.5561988869190053,0.9999999996543312,5.240510208450738e-11
673,134.68979319546364,0.875,0.29166666666666663,0.5,0.4438011131057909,0.55619888689421,0.9999999996619949,5.1650479695946744e-11
674,134.88992661774515,0.875,0.29166666666666663,0.5,0.4438011131305862,0.5561988868694148,0.9999999996696588,5.0895857307386105e-11
675,135.09006004002669,0.875,0.29166666666666663,0.5,0.4438011131553815,0.5561988868446195,0.9999999996773226,5.0141234918825364e-11
676,135.2901934623082,0.875,0.29166666666666663,0.5,0.4438011131801768,0.5561988868198242,0.9999999996849864,4.9386612530264725e-11
677,135.49032688458973,0.875,0.29166666666666663,0.5,0.44380111320497206,0.5561988867950289,0.9999999996926502,4.863199014170398e-11
678,135.69046030687124,0.875,0.29166666666666663,0.5,0.44380111322976734,0.5561988867702337,0.9999999997003141,4.787736775314334e-11
679,135.89059372915276,0.875,0.29166666666666663,0.5,0.4438011132545626,0.5561988867454384,0.9999999997079778,4.71227453645827e-11
680,136.0907271514343,0.875,0.29166666666666663,0.5,0.4438011132793579,0.5561988867206431,0.9999999997156417,4.636812297602196e-11
681,136.2908605737158,0.875,0.29166666666666663,0.5,0.44380111330415317,0.5561988866958478,0.9999999997233054,4.561350058746132e-11
682,136.49099399599731,0.875,0.29166666666666663,0.5,0.4438011133289485,0.5561988866710526,0.9999999997309693,4.485887819890068e-11
683,136.69112741827885,0.875,0.29166666666666663,0.5,0.4438011133537438,0.5561988866462573,0.9999999997386331,4.410425581033994e-11
684,136.89126084056036,0.875,0.29166666666666663,0.5,0.44380111337853906,0.556198886621462,0.9999999997462969,4.33496334217793e-11
685,137.0913942628419,0.875,0.29166666666666663,0.5,0.44380111340333434,0.5561988865966667,0.9999999997539607,4.2595011033218555e-11
686,137.2915276851234,0.875,0.29166666666666663,0.5,0.4438011134281296,0.5561988865718713,0.9999999997616246,4.1840388644657917e-11
687,137.49166110740492,0.875,0.29166666666666663,0.5,0.4438011134529249,0.556198886547076,0.9999999997692883,4.108576625609728e-11
688,137.69179452968646,0.875,0.29166666666666663,0.5,0.44380111347772017,0.5561988865222808,0.9999999997769522,4.033114386753653e-11
689,137.89192795196797,0.875,0.29166666666666663,0.5,0.44380111350251544,0.5561988864974855,0.999999999784616,3.957652147897589e-11
690,138.09206137424948,0.875,0.29166666666666663,0.5,0.4438011135273108,0.5561988864726902,0.9999999997922798,3.8821899090415254e-11
691,138.29219479653102,0.875,0.29166666666666663,0.5,0.44380111355210605,0.556198886447895,0.9999999997999436,3.806727670185451e-11
692,138.49232821881253,0.875,0.29166666666666663,0.5,0.44380111357690133,0.5561988864230997,0.9999999998076075,3.7312654313293874e-11
693,138.69246164109407,0.875,0.29166666666666663,0.5,0.4438011136016966,0.5561988863983044,0.9999999998152712,3.6558031924733126e-11
694,138.89259506337558,0.875,0.29166666666666663,0.5,0.4438011136264919,0.5561988863735091,0.9999999998229351,3.5803409536172494e-11
695,139.0927284856571,0.875,0.29166666666666663,0.5,0.44380111365128716,0.5561988863487138,0.9999999998305988,3.5048787147611856e-11
696,139.29286190793863,0.875,0.29166666666666663,0.5,0.44380111367608244,0.5561988863239186,0.9999999998382627,3.429416475905111e-11
697,139.49299533022014,0.875,0.29166666666666663,0.5,0.44380111370087777,0.5561988862991233,0.9999999998459265,3.353954237049047e-11
698,139.69312875250165,0.875,0.29166666666666663,0.5,0.44380111372567305,0.556198886274328,0.9999999998535903,3.278491998192983e-11
699,139.8932621747832,0.875,0.29166666666666663,0.5,0.4438011137504683,0.5561988862495327,0.9999999998612541,3.203029759336908e-11
700,140.0933955970647,0.875,0.29166666666666663,0.5,0.4438011137752636,0.5561988862247373,0.999999999868918,3.1275675204808445e-11
701,140.29352901934624,0.875,0.29166666666666663,0.5,0.4438011138000589,0.5561988861999421,0.9999999998765817,3.05210528162477e-11
702,140.49366244162775,0.875,0.29166666666666663,0.5,0.44380111382485415,0.5561988861751468,0.9999999998842456,2.9766430427687065e-11
703,140.69379586390926,0.875,0.29166666666666663,0.5,0.44380111384964943,0.5561988861503515,0.9999999998919094,2.9011808039126427e-11
704,140.8939292861908,0.875,0.29166666666666663,0.5,0.44380111387444476,0.5561988861255562,0.9999999998995732,2.825718565056568e-11
705,141.0940627084723,0.875,0.29166666666666663,0.5,0.44380111389924004,0.556198886100761,0.999999999907237,2.750256326200504e-11
706,141.29419613075382,0.875,0.29166666666666663,0.5,0.4438011139240353,0.5561988860759657,0.9999999999149009,2.6747940873444402e-11
707,141.49432955303536,0.875,0.29166666666666663,0.5,0.4438011139488306,0.5561988860511704,0.9999999999225646,2.5993318484883657e-11
708,141.69446297531687,0.875,0.29166666666666663,0.5,0.44380111397362587,0.5561988860263751,0.9999999999302285,2.5238696096323022e-11
709,141.8945963975984,0.875,0.29166666666666663,0.5,0.44380111399842115,0.5561988860015799,0.9999999999378922,2.4484073707762274e-11
710,142.09472981987992,0.875,0.29166666666666663,0.5,0.4438011140232164,0.5561988859767846,0.9999999999455561,2.3729451319201636e-11
711,142.29486324216143,0.875,0.29166666666666663,0.5,0.44380111404801176,0.5561988859519893,0.9999999999532199,2.2974828930640998e-11
712,142.49499666444297,0.875,0.29166666666666663,0.5,0.44380111407280703,0.556198885927194,0.9999999999608837,2.2220206542080253e-11
713,142.69513008672448,0.875,0.29166666666666663,0.5,0.4438011140976023,0.5561988859023987,0.9999999999685475,2.1465584153519615e-11
714,142.89526350900599,0.875,0.29166666666666663,0.5,0.4438011141223976,0.5561988858776035,0.9999999999762114,2.0710961764958976e-11
715,143.09539693128752,0.875,0.29166666666666663,0.5,0.44380111414719287,0.5561988858528081,0.9999999999838751,1.995633937639823e-11
716,143.29553035356903,0.875,0.29166666666666663,0.5,0.4438011141594554,0.5561988858405456,0.999999999985748,1.9595167755794526e-11
717,143.49566377585057,0.875,0.29166666666666663,0.5,0.4438011141687398,0.5561988858312612,0.9999999999862447,1.932749186912371e-11
718,143.69579719813208,0.875,0.29166666666666663,0.5,0.44380111417802415,0.5561988858219769,0.9999999999867414,1.9059815982452928e-11
719,143.8959306204136,0.875,0.29166666666666663,0.5,0.4438011141873085,0.5561988858126925,0.9999999999872381,1.8792140095782146e-11
720,144.09606404269513,0.875,0.29166666666666663,0.5,0.44380111419659285,0.5561988858034081,0.9999999999877348,1.852446420911133e-11
721,144.29619746497664,0.875,0.29166666666666663,0.5,0.4438011142058772,0.5561988857941238,0.9999999999882315,1.825678832244055e-11
722,144.49633088725815,0.875,0.29166666666666663,0.5,0.44380111421516155,0.5561988857848394,0.9999999999887282,1.798911243576977e-11
723,144.6964643095397,0.875,0.29166666666666663,0.5,0.4438011142244459,0.5561988857755551,0.9999999999892251,1.772143654909895e-11
724,144.8965977318212,0.875,0.29166666666666663,0.5,0.44380111423373025,0.5561988857662707,0.9999999999897218,1.7453760662428172e-11
725,145.09673115410274,0.875,0.29166666666666663,0.5,0.44380111424301466,0.5561988857569864,0.9999999999902185,1.718608477575735e-11
726,145.29686457638425,0.875,0.29166666666666663,0.5,0.443801114252299,0.556198885747702,0.9999999999907152,1.6918408889086574e-11
727,145.49699799866576,0.875,0.29166666666666663,0.5,0.44380111426158336,0.5561988857384177,0.9999999999912119,1.6650733002415792e-11
728,145.6971314209473,0.875,0.29166666666666663,0.5,0.4438011142708677,0.5561988857291333,0.9999999999917086,1.6383057115744972e-11
729,145.8972648432288,0.875,0.29166666666666663,0.5,0.44380111428015206,0.5561988857198489,0.9999999999922053,1.611538122907419e-11
730,146.09739826551032,0.875,0.29166666666666663,0.5,0.4438011142894364,0.5561988857105645,0.9999999999927021,1.5847705342403413e-11
731,146.29753168779186,0.875,0.29166666666666663,0.5,0.44380111429872077,0.5561988857012802,0.9999999999931988,1.5580029455732596e-11
732,146.49766511007337,0.875,0.29166666666666663,0.5,0.4438011143080052,0.5561988856919958,0.9999999999936955,1.5312353569061815e-11
733,146.6977985323549,0.875,0.29166666666666663,0.5,0.4438011143172895,0.5561988856827115,0.9999999999941922,1.5044677682390995e-11
734,146.89793195463642,0.875,0.29166666666666663,0.5,0.4438011143265739,0.5561988856734271,0.9999999999946889,1.4777001795720217e-11
735,147.09806537691793,0.875,0.29166666666666663,0.5,0.4438011143358582,0.5561988856641428,0.9999999999951856,1.4509325909049437e-11
736,147.29819879919947,0.875,0.29166666666666663,0.5,0.4438011143451426,0.5561988856548584,0.9999999999956823,1.4241650022378619e-11
737,147.49833222148098,0.875,0.29166666666666663,0.5,0.44380111435442693,0.5561988856455741,0.9999999999961791,1.3973974135707837e-11
738,147.6984656437625,0.875,0.29166666666666663,0.5,0.4438011143637113,0.5561988856362897,0.9999999999966758,1.3706298249037058e-11
739,147.89859906604403,0.875,0.29166666666666663,0.5,0.44380111437299563,0.5561988856270054,0.9999999999971725,1.3438622362366239e-11
740,148.09873248832554,0.875,0.29166666666666663,0.5,0.44380111438228004,0.556198885617721,0.9999999999976692,1.317094647569546e-11
741,148.29886591060708,0.875,0.29166666666666663,0.5,0.4438011143915644,0.5561988856084367,0.9999999999981659,1.2903270589024641e-11
742,148.4989993328886,0.875,0.29166666666666663,0.5,0.44380111440084874,0.5561988855991523,0.9999999999986626,1.263559470235386e-11
743,148.6991327551701,0.875,0.29166666666666663,0.5,0.4438011144101331,0.556198885589868,0.9999999999991595,1.236791881568308e-11
744,148.89926617745164,0.875,0.29166666666666663,0.5,0.44380111441941744,0.5561988855805835,0.9999999999996562,1.2100242929012262e-11
745,149.09939959973315,0.875,0.29166666666666663,0.5,0.4438011144287018,0.5561988855712992,1.0000000000001528,1.1832567042341482e-11
746,149.29953302201466,0.875,0.29166666666666663,0.5,0.44380111443798614,0.5561988855620148,1.0000000000006495,1.1564891155670702e-11
747,149.4996664442962,0.875,0.29166666666666663,0.5,0.4438011144472705,0.5561988855527304,1.0000000000011462,1.1297215268999884e-11
748,149.6997998665777,0.875,0.29166666666666663,0.5,0.4438011144565549,0.5561988855434461,1.000000000001643,1.1029539382329104e-11
749,149.89993328885924,0.875,0.29166666666666663,0.5,0.44380111446583925,0.5561988855341617,1.0000000000021396,1.0761863495658286e-11
750,150.10006671114076,0.875,0.29166666666666663,0.5,0.4438011144751236,0.5561988855248774,1.0000000000026363,1.0494187608987504e-11
751,150.30020013342227,0.875,0.29166666666666663,0.5,0.44380111448440795,0.556198885515593,1.000000000003133,1.0226511722316725e-11
752,150.5003335557038,0.875,0.29166666666666663,0.5,0.4438011144936923,0.5561988855063087,1.00000000000363,9.958835835645908e-12
753,150.70046697798531,0.875,0.29166666666666663,0.5,0.44380111450297666,0.5561988854970243,1.0000000000041267,9.691159948975127e-12
754,150.90060040026682,0.875,0.29166666666666663,0.5,0.443801114512261,0.55619888548774,1.0000000000046234,9.423484062304347e-12
755,151.10073382254836,0.875,0.29166666666666663,0.5,0.44380111452154536,0.5561988854784556,1.0000000000051201,9.155808175633528e-12
756,151.30086724482987,0.875,0.29166666666666663,0.5,0.44380111453082977,0.5561988854691713,1.0000000000056168,8.888132288962747e-12
757,151.5010006671114,0.875,0.29166666666666663,0.5,0.4438011145401141,0.5561988854598869,1.0000000000061136,8.62045640229193e-12
758,151.70113408939292,0.875,0.29166666666666663,0.5,0.44380111454939847,0.5561988854506026,1.0000000000066103,8.352780515621149e-12
759,151.90126751167443,0.875,0.29166666666666663,0.5,0.4438011145586828,0.5561988854413182,1.000000000007107,8.08510462895037e-12
760,152.10140093395597,0.875,0.29166666666666663,0.5,0.44380111456796717,0.5561988854320338,1.0000000000076037,7.81742874227955e-12
761,152.30153435623748,0.875,0.29166666666666663,0.5,0.4438011145772515,0.5561988854227494,1.0000000000081004,7.549752855608771e-12
762,152.501667778519,0.875,0.29166666666666663,0.5,0.44380111458653587,0.5561988854134651,1.0000000000085971,7.282076968937991e-12
763,152.70180120080053,0.875,0.29166666666666663,0.5,0.44380111459540983,0.5561988854045913,1.000000000009077,7.026381302234473e-12
764,152.90193462308204,0.875,0.29166666666666663,0.5,0.4438011145962537,0.5561988854037474,1.0000000000092286,7.005058722291428e-12
765,153.10206804536358,0.875,0.29166666666666663,0.5,0.4438011145970976,0.5561988854029035,1.0000000000093803,6.9837361423483795e-12
766,153.3022014676451,0.875,0.29166666666666663,0.5,0.44380111459794147,0.5561988854020596,1.000000000009532,6.962413562405335e-12
767,153.5023348899266,0.875,0.29166666666666663,0.5,0.44380111459878535,0.5561988854012158,1.0000000000096834,6.941090982462289e-12
768,153.70246831220814,0.875,0.29166666666666663,0.5,0.44380111459962923,0.5561988854003719,1.000000000009835,6.9197684025192416e-12
769,153.90260173448965,0.875,0.29166666666666663,0.5,0.4438011146004731,0.556198885399528,1.0000000000099867,6.8984458225761956e-12
770,154.1027351567712,0.875,0.29166666666666663,0.5,0.44380111460131694,0.5561988853986841,1.0000000000101381,6.877123242633147e-12
771,154.3028685790527,0.875,0.29166666666666663,0.5,0.4438011146021608,0.5561988853978402,1.0000000000102898,6.855800662690102e-12
772,154.5030020013342,0.875,0.29166666666666663,0.5,0.4438011146030047,0.5561988853969964,1.0000000000104414,6.834478082747057e-12
773,154.70313542361575,0.875,0.29166666666666663,0.5,0.4438011146038486,0.5561988853961525,1.0000000000105929,6.8131555028040084e-12
774,154.90326884589726,0.875,0.29166666666666663,0.5,0.44380111460469246,0.5561988853953086,1.0000000000107445,6.791832922860963e-12
775,155.10340226817877,0.875,0.29166666666666663,0.5,0.44380111460553634,0.5561988853944647,1.0000000000108962,6.770510342917918e-12
776,155.3035356904603,0.875,0.29166666666666663,0.5,0.4438011146063802,0.5561988853936208,1.0000000000110478,6.74918776297487e-12
777,155.50366911274182,0.875,0.29166666666666663,0.5,0.4438011146072241,0.556198885392777,1.0000000000111993,6.7278651830318245e-12
778,155.70380253502336,0.875,0.29166666666666663,0.5,0.443801114608068,0.5561988853919331,1.000000000011351,6.706542603088776e-12
779,155.90393595730487,0.875,0.29166666666666663,0.5,0.44380111460891186,0.5561988853910892,1.0000000000115026,6.685220023145731e-12
780,156.10406937958638,0.875,0.29166666666666663,0.5,0.44380111460975574,0.5561988853902453,1.000000000011654,6.663897443202685e-12
781,156.30420280186792,0.875,0.29166666666666663,0.5,0.4438011146105996,0.5561988853894014,1.0000000000118057,6.6425748632596366e-12
782,156.50433622414943,0.875,0.29166666666666663,0.5,0.4438011146114435,0.5561988853885576,1.0000000000119573,6.621252283316592e-12
783,156.70446964643094,0.875,0.29166666666666663,0.5,0.4438011146122874,0.5561988853877137,1.0000000000121088,6.599929703373547e-12
784,156.90460306871248,0.875,0.29166666666666663,0.5,0.44380111461313126,0.5561988853868698,1.0000000000122604,6.578607123430499e-12
785,157.104736490994,0.875,0.29166666666666663,0.5,0.44380111461397515,0.5561988853860259,1.000000000012412,6.5572845434874535e-12
786,157.30486991327552,0.875,0.29166666666666663,0.5,0.443801114614819,0.556198885385182,1.0000000000125637,6.535961963544405e-12
787,157.50500333555703,0.875,0.29166666666666663,0.5,0.4438011146156629,0.5561988853843381,1.0000000000127152,6.514639383601359e-12
788,157.70513675783855,0.875,0.29166666666666663,0.5,0.4438011146165068,0.5561988853834943,1.0000000000128668,6.493316803658314e-12
789,157.90527018012008,0.875,0.29166666666666663,0.5,0.44380111461735067,0.5561988853826504,1.0000000000130185,6.4719942237152655e-12
790,158.1054036024016,0.875,0.29166666666666663,0.5,0.44380111461819455,0.5561988853818065,1.00000000001317,6.450671643772221e-12
791,158.3055370246831,0.875,0.29166666666666663,0.5,0.44380111461903843,0.5561988853809626,1.0000000000133216,6.429349063829175e-12
792,158.50567044696464,0.875,0.29166666666666663,0.5,0.4438011146198823,0.5561988853801187,1.0000000000134732,6.408026483886127e-12
793,158.70580386924615,0.875,0.29166666666666663,0.5,0.4438011146207262,0.5561988853792749,1.0000000000136249,6.3867039039430816e-12
794,158.9059372915277,0.875,0.29166666666666663,0.5,0.44380111462157007,0.556198885378431,1.0000000000137763,6.365381324000033e-12
795,159.1060707138092,0.875,0.29166666666666663,0.5,0.44380111462241395,0.5561988853775871,1.000000000013928,6.344058744056988e-12
796,159.3062041360907,0.875,0.29166666666666663,0.5,0.44380111462325783,0.5561988853767432,1.0000000000140796,6.322736164113944e-12
797,159.50633755837225,0.875,0.29166666666666663,0.5,0.4438011146241017,0.5561988853758993,1.000000000014231,6.301413584170895e-12
798,159.70647098065376,0.875,0.29166666666666663,0.5,0.4438011146249456,0.5561988853750555,1.0000000000143827,6.280091004227849e-12
799,159.90660440293527,0.875,0.29166666666666663,0.5,0.4438011146257895,0.5561988853742116,1.0000000000145344,6.258768424284804e-12
800,160.1067378252168,0.875,0.29166666666666663,0.5,0.44380111462663335,0.5561988853733677,1.0000000000146858,6.237445844341756e-12
801,160.30687124749832,0.875,0.29166666666666663,0.5,0.44380111462747723,0.5561988853725238,1.0000000000148375,6.2161232643987105e-12
802,160.50700466977986,0.875,0.29166666666666663,0.5,0.44380111462832106,0.5561988853716799,1.0000000000149891,6.194800684455662e-12
803,160.70713809206137,0.875,0.29166666666666663,0.5,0.44380111462916494,0.5561988853708361,1.0000000000151408,6.173478104512617e-12
804,160.90727151434288,0.875,0.29166666666666663,0.5,0.4438011146300088,0.5561988853699922,1.0000000000152922,6.152155524569572e-12
805,161.10740493662442,0.875,0.29166666666666663,0.5,0.4438011146308527,0.5561988853691483,1.0000000000154439,6.130832944626523e-12
806,161.30753835890593,0.875,0.29166666666666663,0.5,0.4438011146316966,0.5561988853683044,1.0000000000155955,6.109510364683478e-12
807,161.50767178118744,0.875,0.29166666666666663,0.5,0.44380111463254046,0.5561988853674605,1.000000000015747,6.088187784740433e-12
808,161.70780520346898,0.875,0.29166666666666663,0.5,0.44380111463338434,0.5561988853666167,1.0000000000158986,6.066865204797385e-12
809,161.9079386257505,0.875,0.29166666666666663,0.5,0.4438011146342282,0.5561988853657728,1.0000000000160503,6.045542624854339e-12
810,162.10807204803203,0.875,0.29166666666666663,0.5,0.4438011146350721,0.5561988853649289,1.000000000016202,6.024220044911291e-12
811,162.30820547031354,0.875,0.29166666666666663,0.5,0.443801114635916,0.556198885364085,1.0000000000163534,6.002897464968245e-12
812,162.50833889259505,0.875,0.29166666666666663,0.5,0.44380111463675986,0.5561988853632411,1.000000000016505,5.981574885025201e-12
813,162.7084723148766,0.875,0.29166666666666663,0.5,0.44380111463760374,0.5561988853623973,1.0000000000166567,5.960252305082152e-12
814,162.9086057371581,0.875,0.29166666666666663,0.5,0.4438011146384476,0.5561988853615534,1.000000000016808,5.938929725139107e-12
815,163.1087391594396,0.875,0.29166666666666663,0.5,0.4438011146392915,0.5561988853607095,1.0000000000169598,5.917607145196061e-12
816,163.30887258172115,0.875,0.29166666666666663,0.5,0.4438011146401354,0.5561988853598656,1.0000000000171114,5.896284565253013e-12
817,163.50900600400266,0.875,0.29166666666666663,0.5,0.44380111464097927,0.5561988853590218,1.0000000000172629,5.874961985309968e-12
818,163.7091394262842,0.875,0.29166666666666663,0.5,0.44380111464182315,0.556198885358178,1.0000000000174145,5.853639405366919e-12
819,163.9092728485657,0.875,0.29166666666666663,0.5,0.443801114642667,0.5561988853573341,1.0000000000175662,5.832316825423874e-12
820,164.10940627084722,0.875,0.29166666666666663,0.5,0.4438011146435109,0.5561988853564902,1.0000000000177178,5.810994245480829e-12
821,164.30953969312876,0.875,0.29166666666666663,0.5,0.4438011146443548,0.5561988853556463,1.0000000000178693,5.789671665537781e-12
822,164.50967311541027,0.875,0.29166666666666663,0.5,0.44380111464519867,0.5561988853548024,1.000000000018021,5.768349085594735e-12
823,164.70980653769178,0.875,0.29166666666666663,0.5,0.44380111464604255,0.5561988853539586,1.0000000000181726,5.74702650565169e-12
824,164.90993995997331,0.875,0.29166666666666663,0.5,0.44380111464688643,0.5561988853531147,1.000000000018324,5.725703925708642e-12
825,165.11007338225482,0.875,0.29166666666666663,0.5,0.4438011146477303,0.5561988853522708,1.0000000000184757,5.7043813457655966e-12
826,165.31020680453636,0.875,0.29166666666666663,0.5,0.4438011146485742,0.5561988853514269,1.0000000000186273,5.683058765822548e-12
827,165.51034022681787,0.875,0.29166666666666663,0.5,0.44380111464941807,0.556198885350583,1.0000000000187788,5.661736185879503e-12
828,165.71047364909938,0.875,0.29166666666666663,0.5,0.44380111465026195,0.5561988853497392,1.0000000000189304,5.640413605936458e-12
829,165.91060707138092,0.875,0.29166666666666663,0.5,0.44380111465110583,0.5561988853488953,1.000000000019082,5.6190910259934094e-12
830,166.11074049366243,0.875,0.29166666666666663,0.5,0.4438011146519497,0.5561988853480514,1.0000000000192337,5.597768446050364e-12
831,166.31087391594394,0.875,0.29166666666666663,0.5,0.4438011146527936,0.5561988853472075,1.0000000000193852,5.576445866107319e-12
832,166.51100733822548,0.875,0.29166666666666663,0.5,0.4438011146536375,0.5561988853463636,1.0000000000195368,5.555123286164271e-12
833,166.711140760507,0.875,0.29166666666666663,0.5,0.4438011146544813,0.5561988853455198,1.0000000000196885,5.533800706221225e-12
834,166.91127418278853,0.875,0.29166666666666663,0.5,0.4438011146553252,0.5561988853446759,1.00000000001984,5.512478126278177e-12
835,167.11140760507004,0.875,0.29166666666666663,0.5,0.44380111465616906,0.556198885343832,1.0000000000199916,5.491155546335132e-12
836,167.31154102735155,0.875,0.29166666666666663,0.5,0.44380111465701294,0.5561988853429881,1.0000000000201432,5.469832966392087e-12
837,167.5116744496331,0.875,0.29166666666666663,0.5,0.4438011146578568,0.5561988853421442,1.0000000000202949,5.448510386449038e-12
838,167.7118078719146,0.875,0.29166666666666663,0.5,0.4438011146587007,0.5561988853413004,1.0000000000204463,5.427187806505993e-12
839,167.9119412941961,0.875,0.29166666666666663,0.5,0.4438011146595446,0.5561988853404565,1.000000000020598,5.405865226562947e-12
840,168.11207471647765,0.875,0.29166666666666663,0.5,0.44380111466038846,0.5561988853396126,1.0000000000207496,5.384542646619899e-12
841,168.31220813875916,0.875,0.29166666666666663,0.5,0.44380111466123234,0.5561988853387687,1.000000000020901,5.363220066676854e-12
842,168.5123415610407,0.875,0.29166666666666663,0.5,0.4438011146620762,0.5561988853379248,1.0000000000210527,5.341897486733805e-12
843,168.7124749833222,0.875,0.29166666666666663,0.5,0.4438011146629201,0.556198885337081,1.0000000000212044,5.320574906790761e-12
844,168.91260840560372,0.875,0.29166666666666663,0.5,0.443801114663764,0.5561988853362371,1.0000000000213558,5.299252326847715e-12
845,169.11274182788526,0.875,0.29166666666666663,0.5,0.44380111466460787,0.5561988853353932,1.0000000000215075,5.277929746904667e-12
846,169.31287525016677,0.875,0.29166666666666663,0.5,0.44380111466545175,0.5561988853345493,1.0000000000216591,5.256607166961621e-12
847,169.51300867244828,0.875,0.29166666666666663,0.5,0.4438011146662956,0.5561988853337054,1.0000000000218108,5.235284587018576e-12
848,169.71314209472982,0.875,0.29166666666666663,0.5,0.4438011146671395,0.5561988853328615,1.0000000000219622,5.213962007075528e-12
849,169.91327551701133,0.875,0.29166666666666663,0.5,0.4438011146679834,0.5561988853320177,1.0000000000221139,5.1926394271324826e-12
850,170.11340893929287,0.875,0.29166666666666663,0.5,0.44380111466882727,0.5561988853311738,1.0000000000222655,5.171316847189434e-12
851,170.31354236157438,0.875,0.29166666666666663,0.5,0.44380111466967115,0.5561988853303299,1.000000000022417,5.149994267246389e-12
852,170.5136757838559,0.875,0.29166666666666663,0.5,0.44380111467051503,0.556198885329486,1.0000000000225686,5.128671687303344e-12
853,170.71380920613743,0.875,0.29166666666666663,0.5,0.4438011146713589,0.5561988853286421,1.0000000000227203,5.1073491073602954e-12
854,170.91394262841894,0.875,0.29166666666666663,0.5,0.4438011146722028,0.5561988853277983,1.0000000000228717,5.08602652741725e-12
855,171.11407605070045,0.875,0.29166666666666663,0.5,0.44380111467304667,0.5561988853269544,1.0000000000230234,5.064703947474205e-12
856,171.314209472982,0.875,0.29166666666666663,0.5,0.44380111467389055,0.5561988853261105,1.000000000023175,5.043381367531157e-12
857,171.5143428952635,0.875,0.29166666666666663,0.5,0.44380111467473443,0.5561988853252666,1.0000000000233267,5.022058787588111e-12
858,171.71447631754504,0.875,0.29166666666666663,0.5,0.4438011146755783,0.5561988853244227,1.000000000023478,5.000736207645062e-12
859,171.91460973982655,0.875,0.29166666666666663,0.5,0.4438011146764222,0.5561988853235789,1.0000000000236298,4.979413627702018e-12
860,172.11474316210806,0.875,0.29166666666666663,0.5,0.4438011146772661,0.556198885322735,1.0000000000237814,4.958091047758973e-12
861,172.3148765843896,0.875,0.29166666666666663,0.5,0.44380111467810995,0.5561988853218911,1.0000000000239329,4.936768467815924e-12
862,172.5150100066711,0.875,0.29166666666666663,0.5,0.44380111467895383,0.5561988853210472,1.0000000000240845,4.915445887872879e-12
863,172.71514342895262,0.875,0.29166666666666663,0.5,0.4438011146797977,0.5561988853202033,1.0000000000242362,4.894123307929833e-12
864,172.91527685123415,0.875,0.29166666666666663,0.5,0.44380111468064154,0.5561988853193595,1.0000000000243878,4.872800727986785e-12
865,173.11541027351566,0.875,0.29166666666666663,0.5,0.4438011146814854,0.5561988853185156,1.0000000000245393,4.85147814804374e-12
866,173.3155436957972,0.875,0.29166666666666663,0.5,0.4438011146823293,0.5561988853176717,1.000000000024691,4.830155568100691e-12
867,173.5156771180787,0.875,0.29166666666666663,0.5,0.4438011146831732,0.5561988853168278,1.0000000000248426,4.808832988157647e-12
868,173.71581054036022,0.875,0.29166666666666663,0.5,0.44380111468401706,0.5561988853159839,1.000000000024994,4.787510408214601e-12
869,173.91594396264176,0.875,0.29166666666666663,0.5,0.44380111468486094,0.5561988853151401,1.0000000000251457,4.7661878282715525e-12
870,174.11607738492327,0.875,0.29166666666666663,0.5,0.4438011146857048,0.5561988853142962,1.0000000000252973,4.744865248328507e-12
871,174.31621080720478,0.875,0.29166666666666663,0.5,0.4438011146865487,0.5561988853134523,1.0000000000254488,4.723542668385462e-12
872,174.51634422948632,0.875,0.29166666666666663,0.5,0.4438011146873926,0.5561988853126084,1.0000000000256004,4.702220088442414e-12
873,174.71647765176783,0.875,0.29166666666666663,0.5,0.44380111468823646,0.5561988853117645,1.000000000025752,4.680897508499369e-12
874,174.91661107404937,0.875,0.29166666666666663,0.5,0.44380111468908034,0.5561988853109207,1.0000000000259037,4.659574928556321e-12
875,175.11674449633088,0.875,0.29166666666666663,0.5,0.4438011146899242,0.5561988853100768,1.0000000000260552,4.638252348613275e-12
876,175.3168779186124,0.875,0.29166666666666663,0.5,0.4438011146907681,0.5561988853092329,1.0000000000262068,4.61692976867023e-12
877,175.51701134089393,0.875,0.29166666666666663,0.5,0.443801114691612,0.556198885308389,1.0000000000263585,4.5956071887271814e-12
878,175.71714476317544,0.875,0.29166666666666663,0.5,0.44380111469245587,0.5561988853075451,1.00000000002651,4.574284608784136e-12
879,175.91727818545695,0.875,0.29166666666666663,0.5,0.44380111469329975,0.5561988853067013,1.0000000000266616,4.55296202884109e-12
880,176.1174116077385,0.875,0.29166666666666663,0.5,0.44380111469414363,0.5561988853058575,1.0000000000268132,4.531639448898043e-12
881,176.31754503002,0.875,0.29166666666666663,0.5,0.4438011146949875,0.5561988853050136,1.0000000000269649,4.5103168689549975e-12
882,176.51767845230154,0.875,0.29166666666666663,0.5,0.4438011146958314,0.5561988853041697,1.0000000000271163,4.488994289011949e-12
883,176.71781187458305,0.875,0.29166666666666663,0.5,0.44380111469667527,0.5561988853033258,1.000000000027268,4.467671709068904e-12
884,176.91794529686456,0.875,0.29166666666666663,0.5,0.44380111469751915,0.556198885302482,1.0000000000274196,4.446349129125859e-12
885,177.1180787191461,0.875,0.29166666666666663,0.5,0.44380111469836303,0.5561988853016381,1.000000000027571,4.42502654918281e-12
886,177.3182121414276,0.875,0.29166666666666663,0.5,0.4438011146992069,0.5561988853007942,1.0000000000277227,4.4037039692397644e-12
887,177.51834556370912,0.875,0.29166666666666663,0.5,0.4438011147000508,0.5561988852999503,1.0000000000278744,4.382381389296719e-12
888,177.71847898599066,0.875,0.29166666666666663,0.5,0.44380111470089467,0.5561988852991064,1.0000000000280258,4.361058809353671e-12
889,177.91861240827217,0.875,0.29166666666666663,0.5,0.44380111470173855,0.5561988852982626,1.0000000000281775,4.3397362294106265e-12
890,178.1187458305537,0.875,0.29166666666666663,0.5,0.44380111470258243,0.5561988852974187,1.0000000000283291,4.318413649467578e-12
891,178.31887925283522,0.875,0.29166666666666663,0.5,0.4438011147034263,0.5561988852965748,1.0000000000284808,4.297091069524533e-12
892,178.51901267511673,0.875,0.29166666666666663,0.5,0.4438011147042702,0.5561988852957309,1.0000000000286322,4.275768489581487e-12
893,178.71914609739827,0.875,0.29166666666666663,0.5,0.4438011147051141,0.556198885294887,1.0000000000287839,4.2544459096384385e-12
894,178.91927951967978,0.875,0.29166666666666663,0.5,0.44380111470595796,0.5561988852940432,1.0000000000289355,4.233123329695393e-12
895,179.1194129419613,0.875,0.29166666666666663,0.5,0.4438011147068018,0.5561988852931993,1.000000000029087,4.211800749752348e-12
896,179.31954636424283,0.875,0.29166666666666663,0.5,0.44380111470764566,0.5561988852923554,1.0000000000292386,4.1904781698093e-12
897,179.51967978652434,0.875,0.29166666666666663,0.5,0.44380111470848954,0.5561988852915115,1.0000000000293903,4.169155589866255e-12
898,179.71981320880587,0.875,0.29166666666666663,0.5,0.4438011147093334,0.5561988852906676,1.0000000000295417,4.147833009923207e-12
899,179.91994663108738,0.875,0.29166666666666663,0.5,0.4438011147101773,0.5561988852898238,1.0000000000296934,4.126510429980161e-12
900,180.1200800533689,0.875,0.29166666666666663,0.5,0.4438011147110212,0.5561988852889799,1.000000000029845,4.105187850037116e-12
901,180.32021347565043,0.875,0.29166666666666663,0.5,0.44380111471186506,0.556198885288136,1.0000000000299967,4.0838652700940675e-12
902,180.52034689793194,0.875,0.29166666666666663,0.5,0.44380111471270894,0.5561988852872921,1.000000000030148,4.062542690151022e-12
903,180.72048032021348,0.875,0.29166666666666663,0.5,0.4438011147135528,0.5561988852864482,1.0000000000302998,4.041220110207974e-12
904,180.920613742495,0.875,0.29166666666666663,0.5,0.4438011147143967,0.5561988852856043,1.0000000000304514,4.019897530264928e-12
905,181.1207471647765,0.875,0.29166666666666663,0.5,0.4438011147152406,0.5561988852847605,1.0000000000306029,3.9985749503218835e-12
906,181.32088058705804,0.875,0.29166666666666663,0.5,0.44380111471608447,0.5561988852839166,1.0000000000307545,3.977252370378836e-12
907,181.52101400933955,0.875,0.29166666666666663,0.5,0.44380111471692835,0.5561988852830727,1.0000000000309062,3.95592979043579e-12
908,181.72114743162106,0.875,0.29166666666666663,0.5,0.4438011147177722,0.5561988852822288,1.0000000000310578,3.934607210492744e-12
909,181.9212808539026,0.875,0.29166666666666663,0.5,0.4438011147186161,0.556198885281385,1.0000000000312093,3.913284630549696e-12
910,182.1214142761841,0.875,0.29166666666666663,0.5,0.44380111471946,0.5561988852805411,1.000000000031361,3.8919620506066504e-12
911,182.32154769846565,0.875,0.29166666666666663,0.5,0.44380111472030387,0.5561988852796972,1.0000000000315126,3.870639470663603e-12
912,182.52168112074716,0.875,0.29166666666666663,0.5,0.44380111472114775,0.5561988852788533,1.000000000031664,3.849316890720558e-12
913,182.72181454302867,0.875,0.29166666666666663,0.5,0.44380111472199163,0.5561988852780094,1.0000000000318157,3.8279943107775125e-12
914,182.9219479653102,0.875,0.29166666666666663,0.5,0.4438011147228355,0.5561988852771655,1.0000000000319673,3.806671730834464e-12
915,183.12208138759172,0.875,0.29166666666666663,0.5,0.4438011147236794,0.5561988852763217,1.0000000000321188,3.785349150891419e-12
916,183.32221480987323,0.875,0.29166666666666663,0.5,0.44380111472452327,0.5561988852754778,1.0000000000322704,3.764026570948373e-12
917,183.52234823215477,0.875,0.29166666666666663,0.5,0.44380111472536715,0.5561988852746339,1.000000000032422,3.742703991005325e-12
918,183.72248165443628,0.875,0.29166666666666663,0.5,0.44380111472621103,0.55619888527379,1.0000000000325737,3.721381411062279e-12
919,183.92261507671782,0.875,0.29166666666666663,0.5,0.4438011147270549,0.5561988852729461,1.0000000000327252,3.700058831119232e-12
920,184.12274849899933,0.875,0.29166666666666663,0.5,0.4438011147278988,0.5561988852721023,1.0000000000328768,3.678736251176186e-12
921,184.32288192128084,0.875,0.29166666666666663,0.5,0.4438011147287427,0.5561988852712584,1.0000000000330285,3.6574136712331414e-12
922,184.52301534356238,0.875,0.29166666666666663,0.5,0.44380111472958655,0.5561988852704145,1.00000000003318,3.6360910912900926e-12
923,184.7231487658439,0.875,0.29166666666666663,0.5,0.44380111473043043,0.5561988852695706,1.0000000000333316,3.614768511347047e-12
924,184.9232821881254,0.875,0.29166666666666663,0.5,0.4438011147312743,0.5561988852687267,1.0000000000334832,3.593445931404002e-12
925,185.12341561040694,0.875,0.29166666666666663,0.5,0.4438011147321182,0.5561988852678829,1.0000000000336347,3.5721233514609535e-12
926,185.32354903268845,0.875,0.29166666666666663,0.5,0.4438011147329621,0.556198885267039,1.0000000000337863,3.5508007715179083e-12
927,185.52368245497,0.875,0.29166666666666663,0.5,0.4438011147338059,0.5561988852661951,1.000000000033938,3.5294781915748603e-12
928,185.7238158772515,0.875,0.29166666666666663,0.5,0.4438011147346498,0.5561988852653512,1.0000000000340896,3.5081556116318147e-12
929,185.923949299533,0.875,0.29166666666666663,0.5,0.44380111473549366,0.5561988852645073,1.000000000034241,3.4868330316887696e-12
930,186.12408272181455,0.875,0.29166666666666663,0.5,0.44380111473633754,0.5561988852636635,1.0000000000343927,3.465510451745721e-12
931,186.32421614409606,0.875,0.29166666666666663,0.5,0.4438011147371814,0.5561988852628196,1.0000000000345444,3.444187871802676e-12
932,186.52434956637757,0.875,0.29166666666666663,0.5,0.4438011147380253,0.5561988852619757,1.0000000000346958,3.422865291859631e-12
933,186.7244829886591,0.875,0.29166666666666663,0.5,0.4438011147388692,0.5561988852611318,1.0000000000348475,3.4015427119165824e-12
934,186.92461641094062,0.875,0.29166666666666663,0.5,0.44380111473971307,0.5561988852602879,1.0000000000349991,3.3802201319735372e-12
935,187.12474983322215,0.875,0.29166666666666663,0.5,0.44380111474055695,0.556198885259444,1.0000000000351508,3.358897552030489e-12
936,187.32488325550366,0.875,0.29166666666666663,0.5,0.4438011147414008,0.5561988852586002,1.0000000000353022,3.3375749720874433e-12
937,187.52501667778517,0.875,0.29166666666666663,0.5,0.4438011147422447,0.5561988852577563,1.0000000000354539,3.316252392144398e-12
938,187.7251501000667,0.875,0.29166666666666663,0.5,0.4438011147430886,0.5561988852569124,1.0000000000356055,3.29492981220135e-12
939,187.92528352234822,0.875,0.29166666666666663,0.5,0.44380111474393247,0.5561988852560685,1.000000000035757,3.2736072322583045e-12
940,188.12541694462973,0.875,0.29166666666666663,0.5,0.44380111474477635,0.5561988852552247,1.0000000000359086,3.2522846523152594e-12
941,188.32555036691127,0.875,0.29166666666666663,0.5,0.44380111474562023,0.5561988852543808,1.0000000000360603,3.2309620723722114e-12
942,188.52568378919278,0.875,0.29166666666666663,0.5,0.4438011147464641,0.556198885253537,1.0000000000362117,3.2096394924291658e-12
943,188.72581721147432,0.875,0.29166666666666663,0.5,0.443801114747308,0.5561988852526931,1.0000000000363634,3.1883169124861174e-12
944,188.92595063375583,0.875,0.29166666666666663,0.5,0.44380111474815187,0.5561988852518492,1.000000000036515,3.1669943325430722e-12
945,189.12608405603734,0.875,0.29166666666666663,0.5,0.44380111474899575,0.5561988852510054,1.0000000000366667,3.145671752600027e-12
946,189.32621747831888,0.875,0.29166666666666663,0.5,0.44380111474983963,0.5561988852501615,1.000000000036818,3.1243491726569786e-12
947,189.5263509006004,0.875,0.29166666666666663,0.5,0.4438011147506835,0.5561988852493176,1.0000000000369698,3.103026592713933e-12
948,189.7264843228819,0.875,0.29166666666666663,0.5,0.4438011147515274,0.5561988852484737,1.0000000000371214,3.0817040127708883e-12
949,189.92661774516344,0.875,0.29166666666666663,0.5,0.4438011147523713,0.5561988852476298,1.0000000000372729,3.06038143282784e-12
950,190.12675116744495,0.875,0.29166666666666663,0.5,0.44380111475321515,0.556198885246786,1.0000000000374245,3.0390588528847943e-12
951,190.3268845897265,0.875,0.29166666666666663,0.5,0.44380111475405903,0.5561988852459421,1.0000000000375762,3.017736272941746e-12
952,190.527018012008,0.875,0.29166666666666663,0.5,0.4438011147549029,0.5561988852450982,1.0000000000377276,2.996413692998701e-12
953,190.7271514342895,0.875,0.29166666666666663,0.5,0.4438011147557468,0.5561988852442543,1.0000000000378793,2.9750911130556556e-12
954,190.92728485657105,0.875,0.29166666666666663,0.5,0.4438011147565907,0.5561988852434104,1.000000000038031,2.953768533112607e-12
955,191.12741827885256,0.875,0.29166666666666663,0.5,0.44380111475743456,0.5561988852425666,1.0000000000381826,2.932445953169562e-12
956,191.32755170113407,0.875,0.29166666666666663,0.5,0.44380111475827844,0.5561988852417227,1.000000000038334,2.911123373226517e-12
957,191.5276851234156,0.875,0.29166666666666663,0.5,0.4438011147591223,0.5561988852408788,1.0000000000384857,2.8898007932834684e-12
958,191.72781854569712,0.875,0.29166666666666663,0.5,0.44380111475996614,0.5561988852400349,1.0000000000386373,2.8684782133404233e-12
959,191.92795196797866,0.875,0.29166666666666663,0.5,0.44380111476081,0.556198885239191,1.0000000000387887,2.847155633397375e-12
960,192.12808539026017,0.875,0.29166666666666663,0.5,0.4438011147616539,0.5561988852383472,1.0000000000389404,2.8258330534543297e-12
961,192.32821881254168,0.875,0.29166666666666663,0.5,0.4438011147624978,0.5561988852375033,1.000000000039092,2.804510473511284e-12
962,192.52835223482322,0.875,0.29166666666666663,0.5,0.44380111476334166,0.5561988852366594,1.0000000000392437,2.783187893568236e-12
963,192.72848565710473,0.875,0.29166666666666663,0.5,0.44380111476418554,0.5561988852358155,1.0000000000393952,2.7618653136251905e-12
964,192.92861907938624,0.875,0.29166666666666663,0.5,0.4438011147650294,0.5561988852349716,1.0000000000395468,2.7405427336821454e-12
965,193.12875250166778,0.875,0.29166666666666663,0.5,0.4438011147658733,0.5561988852341277,1.0000000000396985,2.719220153739097e-12
966,193.3288859239493,0.875,0.29166666666666663,0.5,0.4438011147667172,0.5561988852332839,1.00000000003985,2.697897573796052e-12
967,193.52901934623083,0.875,0.29166666666666663,0.5,0.44380111476756107,0.55619888523244,1.0000000000400016,2.6765749938530034e-12
968,193.72915276851234,0.875,0.29166666666666663,0.5,0.44380111476840495,0.5561988852315961,1.0000000000401532,2.6552524139099582e-12
969,193.92928619079385,0.875,0.29166666666666663,0.5,0.44380111476924883,0.5561988852307522,1.0000000000403046,2.633929833966913e-12
970,194.12941961307538,0.875,0.29166666666666663,0.5,0.4438011147700927,0.5561988852299083,1.0000000000404563,2.6126072540238647e-12
971,194.3295530353569,0.875,0.29166666666666663,0.5,0.4438011147709366,0.5561988852290645,1.000000000040608,2.5912846740808195e-12
972,194.5296864576384,0.875,0.29166666666666663,0.5,0.44380111477178047,0.5561988852282206,1.0000000000407596,2.5699620941377743e-12
973,194.72981987991994,0.875,0.29166666666666663,0.5,0.44380111477262435,0.5561988852273767,1.000000000040911,2.548639514194726e-12
974,194.92995330220145,0.875,0.29166666666666663,0.5,0.44380111477346823,0.5561988852265328,1.0000000000410627,2.5273169342516803e-12
975,195.130086724483,0.875,0.29166666666666663,0.5,0.4438011147743121,0.5561988852256889,1.0000000000412144,2.505994354308632e-12
976,195.3302201467645,0.875,0.29166666666666663,0.5,0.443801114775156,0.5561988852248451,1.0000000000413658,2.484671774365587e-12
977,195.530353569046,0.875,0.29166666666666663,0.5,0.44380111477599987,0.5561988852240012,1.0000000000415175,2.4633491944225416e-12
978,195.73048699132755,0.875,0.29166666666666663,0.5,0.44380111477684375,0.5561988852231573,1.0000000000416691,2.442026614479493e-12
979,195.93062041360906,0.875,0.29166666666666663,0.5,0.44380111477768763,0.5561988852223134,1.0000000000418208,2.420704034536448e-12
980,196.13075383589057,0.875,0.29166666666666663,0.5,0.4438011147785315,0.5561988852214695,1.0000000000419722,2.399381454593403e-12
981,196.3308872581721,0.875,0.29166666666666663,0.5,0.4438011147793754,0.5561988852206257,1.0000000000421239,2.3780588746503545e-12
982,196.53102068045362,0.875,0.29166666666666663,0.5,0.4438011147802193,0.5561988852197818,1.0000000000422755,2.3567362947073093e-12
983,196.73115410273516,0.875,0.29166666666666663,0.5,0.44380111478106316,0.5561988852189379,1.000000000042427,2.335413714764261e-12
984,196.93128752501667,0.875,0.29166666666666663,0.5,0.44380111478190704,0.556198885218094,1.0000000000425786,2.3140911348212157e-12
985,197.13142094729818,0.875,0.29166666666666663,0.5,0.4438011147827509,0.5561988852172501,1.0000000000427303,2.2927685548781705e-12
986,197.33155436957972,0.875,0.29166666666666663,0.5,0.4438011147835948,0.5561988852164063,1.0000000000428817,2.271445974935122e-12
987,197.53168779186123,0.875,0.29166666666666663,0.5,0.4438011147844387,0.5561988852155624,1.0000000000430334,2.250123394992077e-12
988,197.73182121414274,0.875,0.29166666666666663,0.5,0.44380111478528256,0.5561988852147185,1.000000000043185,2.2288008150490314e-12
989,197.93195463642428,0.875,0.29166666666666663,0.5,0.4438011147861264,0.5561988852138746,1.0000000000433367,2.2074782351059834e-12
990,198.1320880587058,0.875,0.29166666666666663,0.5,0.44380111478697026,0.5561988852130307,1.000000000043488,2.1861556551629382e-12
991,198.33222148098733,0.875,0.29166666666666663,0.5,0.44380111478781414,0.5561988852121869,1.0000000000436398,2.16483307521989e-12
992,198.53235490326884,0.875,0.29166666666666663,0.5,0.443801114788658,0.556198885211343,1.0000000000437914,2.1435104952768442e-12
993,198.73248832555035,0.875,0.29166666666666663,0.5,0.4438011147895019,0.5561988852104991,1.0000000000439428,2.122187915333799e-12
994,198.9326217478319,0.875,0.29166666666666663,0.5,0.4438011147903458,0.5561988852096552,1.0000000000440945,2.1008653353907507e-12
995,199.1327551701134,0.875,0.29166666666666663,0.5,0.44380111479118967,0.5561988852088113,1.0000000000442462,2.0795427554477055e-12
996,199.3328885923949,0.875,0.29166666666666663,0.5,0.44380111479203355,0.5561988852079675,1.0000000000443976,2.05822017550466e-12
997,199.53302201467645,0.875,0.29166666666666663,0.5,0.4438011147928774,0.5561988852071236,1.0000000000445493,2.0368975955616115e-12
998,199.73315543695796,0.875,0.29166666666666663,0.5,0.4438011147937213,0.5561988852062797,1.000000000044701,2.0155750156185664e-12
999,199.9332888592395,0.875,0.29166666666666663,0.5,0.4438011147945652,0.5561988852054358,1.0000000000448526,1.994252435675518e-12
1000,200.133422281521,0.875,0.29166666666666663,0.5,0.44380111479540907,0.5561988852045919,1.000000000045004,1.9729298557324728e-12
1001,200.33355570380252,0.875,0.29166666666666663,0.5,0.44380111479625295,0.556198885203748,1.0000000000451557,1.9516072757894276e-12
1002,200.53368912608406,0.875,0.29166666666666663,0.5,0.44380111479709683,0.5561988852029042,1.0000000000453073,1.9302846958463792e-12
1003,200.73382254836557,0.875,0.29166666666666663,0.5,0.4438011147979407,0.5561988852020603,1.0000000000454587,1.908962115903334e-12
1004,200.93395597064708,0.875,0.29166666666666663,0.5,0.4438011147987846,0.5561988852012164,1.0000000000456104,1.887639535960289e-12
1005,201.13408939292862,0.875,0.29166666666666663,0.5,0.44380111479962847,0.5561988852003726,1.000000000045762,1.8663169560172405e-12
1006,201.33422281521013,0.875,0.29166666666666663,0.5,0.44380111480047235,0.5561988851995288,1.0000000000459137,1.8449943760741953e-12
1007,201.53435623749166,0.875,0.29166666666666663,0.5,0.44380111480131623,0.5561988851986849,1.0000000000460652,1.823671796131147e-12
1008,201.73448965977317,0.875,0.29166666666666663,0.5,0.4438011148021601,0.556198885197841,1.0000000000462168,1.8023492161881017e-12
1009,201.93462308205469,0.875,0.29166666666666663,0.5,0.443801114803004,0.5561988851969971,1.0000000000463685,1.7810266362450564e-12
1010,202.13475650433622,0.875,0.29166666666666663,0.5,0.4438011148038479,0.5561988851961532,1.00000000004652,1.7597040563020082e-12
1011,202.33488992661773,0.875,0.29166666666666663,0.5,0.44380111480469175,0.5561988851953094,1.0000000000466716,1.7383814763589628e-12
1012,202.53502334889924,0.875,0.29166666666666663,0.5,0.44380111480553563,0.5561988851944655,1.0000000000468232,1.7170588964159176e-12
1013,202.73515677118078,0.875,0.29166666666666663,0.5,0.4438011148063795,0.5561988851936216,1.0000000000469746,1.6957363164728692e-12
1014,202.9352901934623,0.875,0.29166666666666663,0.5,0.4438011148072234,0.5561988851927777,1.0000000000471263,1.674413736529824e-12
1015,203.13542361574383,0.875,0.29166666666666663,0.5,0.4438011148080673,0.5561988851919338,1.000000000047278,1.6530911565867756e-12
1016,203.33555703802534,0.875,0.29166666666666663,0.5,0.44380111480891116,0.55619888519109,1.0000000000474296,1.6317685766437303e-12
1017,203.53569046030685,0.875,0.29166666666666663,0.5,0.44380111480975504,0.5561988851902461,1.000000000047581,1.610445996700685e-12
1018,203.7358238825884,0.875,0.29166666666666663,0.5,0.4438011148105989,0.5561988851894022,1.0000000000477327,1.5891234167576367e-12
1019,203.9359573048699,0.875,0.29166666666666663,0.5,0.4438011148114428,0.5561988851885583,1.0000000000478844,1.5678008368145915e-12
1020,204.1360907271514,0.875,0.29166666666666663,0.5,0.4438011148122866,0.5561988851877144,1.0000000000480358,1.5464782568715462e-12
1021,204.33622414943295,0.875,0.29166666666666663,0.5,0.4438011148131305,0.5561988851868706,1.0000000000481875,1.525155676928498e-12
1022,204.53635757171446,0.875,0.29166666666666663,0.5,0.4438011148139744,0.5561988851860267,1.000000000048339,1.5038330969854528e-12
1023,204.736490993996,0.875,0.29166666666666663,0.5,0.44380111481481826,0.5561988851851828,1.0000000000484905,1.4825105170424044e-12
1024,204.9366244162775,0.875,0.29166666666666663,0.5,0.44380111481566215,0.5561988851843389,1.0000000000486422,1.4611879370993592e-12
1025,205.13675783855902,0.875,0.29166666666666663,0.5,0.443801114816506,0.556198885183495,1.0000000000487939,1.4398653571563136e-12
1026,205.33689126084056,0.875,0.29166666666666663,0.5,0.4438011148173499,0.5561988851826511,1.0000000000489455,1.4185427772132654e-12
1027,205.53702468312207,0.875,0.29166666666666663,0.5,0.4438011148181938,0.5561988851818073,1.000000000049097,1.39722019727022e-12
1028,205.7371581054036,0.875,0.29166666666666663,0.5,0.44380111481903767,0.5561988851809634,1.0000000000492486,1.3758976173271719e-12
1029,205.93729152768512,0.875,0.29166666666666663,0.5,0.44380111481988155,0.5561988851801195,1.0000000000494003,1.3545750373841265e-12
1030,206.13742494996663,0.875,0.29166666666666663,0.5,0.44380111482072543,0.5561988851792756,1.0000000000495517,1.3332524574410813e-12
1031,206.33755837224817,0.875,0.29166666666666663,0.5,0.4438011148215693,0.5561988851784317,1.0000000000497034,1.311929877498033e-12
1032,206.53769179452968,0.875,0.29166666666666663,0.5,0.4438011148224132,0.5561988851775879,1.000000000049855,1.2906072975549877e-12
1033,206.7378252168112,0.875,0.29166666666666663,0.5,0.44380111482325707,0.556198885176744,1.0000000000500067,1.2692847176119426e-12
1034,206.93795863909273,0.875,0.29166666666666663,0.5,0.44380111482410095,0.5561988851759001,1.000000000050158,1.2479621376688942e-12
1035,207.13809206137424,0.875,0.29166666666666663,0.5,0.44380111482494483,0.5561988851750562,1.0000000000503098,1.226639557725849e-12
1036,207.33822548365578,0.875,0.29166666666666663,0.5,0.4438011148257887,0.5561988851742123,1.0000000000504614,1.2053169777828006e-12
1037,207.5383589059373,0.875,0.29166666666666663,0.5,0.4438011148266326,0.5561988851733685,1.0000000000506128,1.1839943978397554e-12
1038,207.7384923282188,0.875,0.29166666666666663,0.5,0.4438011148274765,0.5561988851725246,1.0000000000507645,1.16267181789671e-12
1039,207.93862575050034,0.875,0.29166666666666663,0.5,0.44380111482832035,0.5561988851716807,1.0000000000509162,1.1413492379536619e-12
1040,208.13875917278185,0.875,0.29166666666666663,0.5,0.44380111482916423,0.5561988851708368,1.0000000000510676,1.1200266580106165e-12
1041,208.33889259506336,0.875,0.29166666666666663,0.5,0.4438011148300081,0.5561988851699929,1.0000000000512193,1.0987040780675711e-12
1042,208.5390260173449,0.875,0.29166666666666663,0.5,0.443801114830852,0.5561988851691491,1.000000000051371,1.077381498124523e-12
1043,208.7391594396264,0.875,0.29166666666666663,0.5,0.4438011148316959,0.5561988851683052,1.0000000000515226,1.0560589181814775e-12
1044,208.93929286190794,0.875,0.29166666666666663,0.5,0.44380111483253976,0.5561988851674613,1.000000000051674,1.0347363382384291e-12
1045,209.13942628418945,0.875,0.29166666666666663,0.5,0.44380111483338364,0.5561988851666174,1.0000000000518257,1.013413758295384e-12
1046,209.33955970647096,0.875,0.29166666666666663,0.5,0.4438011148342275,0.5561988851657735,1.0000000000519773,9.920911783523388e-13
1047,209.5396931287525,0.875,0.29166666666666663,0.5,0.4438011148350714,0.5561988851649297,1.0000000000521287,9.707685984092904e-13
1048,209.739826551034,0.875,0.29166666666666663,0.5,0.4438011148359153,0.5561988851640858,1.0000000000522804,9.494460184662452e-13
1049,209.93995997331552,0.875,0.29166666666666663,0.5,0.44380111483675916,0.5561988851632419,1.000000000052432,9.281234385231999e-13
1050,210.14009339559706,0.875,0.29166666666666663,0.5,0.44380111483760304,0.556198885162398,1.0000000000525837,9.068008585801516e-13
1051,210.34022681787857,0.875,0.29166666666666663,0.5,0.4438011148384469,0.5561988851615541,1.0000000000527351,8.854782786371063e-13
1052,210.5403602401601,0.875,0.29166666666666663,0.5,0.44380111483929074,0.5561988851607103,1.0000000000528868,8.64155698694058e-13
1053,210.74049366244162,0.875,0.29166666666666663,0.5,0.4438011148401346,0.5561988851598664,1.0000000000530385,8.428331187510127e-13
1054,210.94062708472313,0.875,0.29166666666666663,0.5,0.4438011148409785,0.5561988851590225,1.00000000005319,8.215105388079674e-13
1055,211.14076050700467,0.875,0.29166666666666663,0.5,0.4438011148418224,0.5561988851581786,1.0000000000533416,8.001879588649191e-13
1056,211.34089392928618,0.875,0.29166666666666663,0.5,0.44380111484266627,0.5561988851573347,1.0000000000534932,7.788653789218738e-13
1057,211.5410273515677,0.875,0.29166666666666663,0.5,0.44380111484351015,0.5561988851564909,1.0000000000536446,7.575427989788286e-13
1058,211.74116077384923,0.875,0.29166666666666663,0.5,0.443801114844354,0.556198885155647,1.0000000000537963,7.362202190357802e-13
1059,211.94129419613074,0.875,0.29166666666666663,0.5,0.4438011148451979,0.5561988851548031,1.000000000053948,7.14897639092735e-13
1060,212.14142761841228,0.875,0.29166666666666663,0.5,0.4438011148460418,0.5561988851539592,1.0000000000540996,6.935750591496866e-13
1061,212.3415610406938,0.875,0.29166666666666663,0.5,0.44380111484688567,0.5561988851531153,1.000000000054251,6.722524792066413e-13
1062,212.5416944629753,0.875,0.29166666666666663,0.5,0.44380111484772955,0.5561988851522714,1.0000000000544027,6.509298992635961e-13
1063,212.74182788525684,0.875,0.29166666666666663,0.5,0.44380111484857343,0.5561988851514276,1.0000000000545544,6.296073193205478e-13
1064,212.94196130753835,0.875,0.29166666666666663,0.5,0.4438011148494173,0.5561988851505837,1.0000000000547058,6.082847393775025e-13
1065,213.14209472981986,0.875,0.29166666666666663,0.5,0.4438011148502612,0.5561988851497398,1.0000000000548575,5.869621594344572e-13
1066,213.3422281521014,0.875,0.29166666666666663,0.5,0.44380111485110507,0.5561988851488959,1.000000000055009,5.656395794914089e-13
1067,213.5423615743829,0.875,0.29166666666666663,0.5,0.44380111485133994,0.5561988851486611,1.0000000000549323,5.58559375065606e-13
1068,213.74249499666445,0.875,0.29166666666666663,0.5,0.44380111485134466,0.5561988851486563,1.0000000000547689,5.568608550017934e-13
1069,213.94262841894596,0.875,0.29166666666666663,0.5,0.4438011148513494,0.5561988851486517,1.0000000000546057,5.551623349379812e-13
1070,214.14276184122747,0.875,0.29166666666666663,0.5,0.4438011148513541,0.5561988851486469,1.0000000000544422,5.534638148741688e-13
1071,214.342895263509,0.875,0.29166666666666663,0.5,0.44380111485135887,0.5561988851486422,1.000000000054279,5.517652948103564e-13
1072,214.54302868579052,0.875,0.29166666666666663,0.5,0.4438011148513636,0.5561988851486375,1.0000000000541156,5.50066774746544e-13
1073,214.74316210807203,0.875,0.29166666666666663,0.5,0.4438011148513683,0.5561988851486328,1.0000000000539524,5.483682546827317e-13
1074,214.94329553035357,0.875,0.29166666666666663,0.5,0.443801114851373,0.556198885148628,1.000000000053789,5.466697346189192e-13
1075,215.14342895263508,0.875,0.29166666666666663,0.5,0.44380111485137774,0.5561988851486233,1.0000000000536258,5.449712145551068e-13
1076,215.34356237491662,0.875,0.29166666666666663,0.5,0.44380111485138246,0.5561988851486186,1.0000000000534623,5.432726944912943e-13
1077,215.54369579719813,0.875,0.29166666666666663,0.5,0.44380111485138724,0.5561988851486138,1.000000000053299,5.41574174427482e-13
1078,215.74382921947964,0.875,0.29166666666666663,0.5,0.44380111485139195,0.5561988851486092,1.0000000000531357,5.398756543636697e-13
1079,215.94396264176117,0.875,0.29166666666666663,0.5,0.44380111485139667,0.5561988851486044,1.0000000000529723,5.381771342998571e-13
1080,216.14409606404269,0.875,0.29166666666666663,0.5,0.4438011148514014,0.5561988851485996,1.000000000052809,5.364786142360449e-13
1081,216.3442294863242,0.875,0.29166666666666663,0.5,0.4438011148514061,0.556198885148595,1.0000000000526457,5.347800941722325e-13
1082,216.54436290860573,0.875,0.29166666666666663,0.5,0.4438011148514108,0.5561988851485902,1.0000000000524825,5.3308157410842e-13
1083,216.74449633088724,0.875,0.29166666666666663,0.5,0.4438011148514156,0.5561988851485855,1.000000000052319,5.313830540446077e-13
1084,216.94462975316878,0.875,0.29166666666666663,0.5,0.4438011148514203,0.5561988851485807,1.0000000000521558,5.296845339807951e-13
1085,217.1447631754503,0.875,0.29166666666666663,0.5,0.44380111485142504,0.5561988851485761,1.0000000000519924,5.279860139169828e-13
1086,217.3448965977318,0.875,0.29166666666666663,0.5,0.44380111485142976,0.5561988851485713,1.0000000000518292,5.262874938531705e-13
1087,217.54503002001334,0.875,0.29166666666666663,0.5,0.4438011148514345,0.5561988851485665,1.0000000000516658,5.24588973789358e-13
1088,217.74516344229485,0.875,0.29166666666666663,0.5,0.4438011148514392,0.5561988851485619,1.0000000000515026,5.228904537255456e-13
1089,217.94529686457636,0.875,0.29166666666666663,0.5,0.44380111485144397,0.5561988851485571,1.0000000000513392,5.211919336617334e-13
1090,218.1454302868579,0.875,0.29166666666666663,0.5,0.4438011148514487,0.5561988851485524,1.000000000051176,5.194934135979208e-13
1091,218.3455637091394,0.875,0.29166666666666663,0.5,0.4438011148514534,0.5561988851485477,1.0000000000510125,5.177948935341085e-13
1092,218.54569713142095,0.875,0.29166666666666663,0.5,0.4438011148514581,0.5561988851485429,1.000000000050849,5.16096373470296e-13
1093,218.74583055370246,0.875,0.29166666666666663,0.5,0.44380111485146284,0.5561988851485382,1.000000000050686,5.143978534064836e-13
1094,218.94596397598397,0.875,0.29166666666666663,0.5,0.44380111485146756,0.5561988851485334,1.0000000000505225,5.126993333426714e-13
1095,219.1460973982655,0.875,0.29166666666666663,0.5,0.44380111485147233,0.5561988851485288,1.0000000000503593,5.110008132788588e-13
1096,219.34623082054702,0.875,0.29166666666666663,0.5,0.44380111485147705,0.556198885148524,1.0000000000501958,5.093022932150465e-13
1097,219.54636424282853,0.875,0.29166666666666663,0.5,0.44380111485148177,0.5561988851485193,1.0000000000500326,5.076037731512342e-13
1098,219.74649766511007,0.875,0.29166666666666663,0.5,0.4438011148514865,0.5561988851485146,1.0000000000498692,5.059052530874216e-13
1099,219.94663108739158,0.875,0.29166666666666663,0.5,0.4438011148514912,0.5561988851485098,1.000000000049706,5.042067330236094e-13
1100,220.14676450967312,0.875,0.29166666666666663,0.5,0.4438011148514959,0.5561988851485051,1.0000000000495426,5.025082129597968e-13
1101,220.34689793195463,0.875,0.29166666666666663,0.5,0.4438011148515007,0.5561988851485004,1.0000000000493794,5.008096928959846e-13
1102,220.54703135423614,0.875,0.29166666666666663,0.5,0.4438011148515054,0.5561988851484957,1.000000000049216,4.991111728321722e-13
1103,220.74716477651768,0.875,0.29166666666666663,0.5,0.44380111485151014,0.5561988851484909,1.0000000000490528,4.974126527683596e-13
1104,220.9472981987992,0.875,0.29166666666666663,0.5,0.44380111485151486,0.5561988851484861,1.0000000000488893,4.957141327045474e-13
1105,221.1474316210807,0.875,0.29166666666666663,0.5,0.4438011148515196,0.5561988851484815,1.000000000048726,4.94015612640735e-13
1106,221.34756504336224,0.875,0.29166666666666663,0.5,0.4438011148515243,0.5561988851484767,1.0000000000485627,4.923170925769226e-13
1107,221.54769846564375,0.875,0.29166666666666663,0.5,0.44380111485152907,0.556198885148472,1.0000000000483993,4.906185725131102e-13
1108,221.7478318879253,0.875,0.29166666666666663,0.5,0.4438011148515338,0.5561988851484673,1.000000000048236,4.889200524492977e-13
1109,221.9479653102068,0.875,0.29166666666666663,0.5,0.4438011148515385,0.5561988851484626,1.0000000000480727,4.872215323854854e-13
1110,222.1480987324883,0.875,0.29166666666666663,0.5,0.4438011148515432,0.5561988851484578,1.0000000000479095,4.855230123216731e-13
1111,222.34823215476985,0.875,0.29166666666666663,0.5,0.44380111485154794,0.5561988851484531,1.000000000047746,4.838244922578605e-13
1112,222.54836557705136,0.875,0.29166666666666663,0.5,0.44380111485155266,0.5561988851484484,1.0000000000475828,4.821259721940483e-13
1113,222.74849899933287,0.875,0.29166666666666663,0.5,0.4438011148515574,0.5561988851484436,1.0000000000474194,4.804274521302359e-13
1114,222.9486324216144,0.875,0.29166666666666663,0.5,0.44380111485156215,0.556198885148439,1.0000000000472562,4.787289320664233e-13
1115,223.14876584389592,0.875,0.29166666666666663,0.5,0.44380111485156687,0.5561988851484342,1.0000000000470928,4.770304120026111e-13
1116,223.34889926617745,0.875,0.29166666666666663,0.5,0.4438011148515716,0.5561988851484295,1.0000000000469296,4.753318919387985e-13
1117,223.54903268845896,0.875,0.29166666666666663,0.5,0.4438011148515763,0.5561988851484247,1.0000000000467661,4.736333718749862e-13
1118,223.74916611074048,0.875,0.29166666666666663,0.5,0.443801114851581,0.55619888514842,1.000000000046603,4.719348518111739e-13
1119,223.949299533022,0.875,0.29166666666666663,0.5,0.44380111485158574,0.5561988851484153,1.0000000000464395,4.702363317473614e-13
1120,224.14943295530352,0.875,0.29166666666666663,0.5,0.4438011148515905,0.5561988851484105,1.000000000046276,4.68537811683549e-13
1121,224.34956637758503,0.875,0.29166666666666663,0.5,0.44380111485159524,0.5561988851484059,1.000000000046113,4.668392916197367e-13
1122,224.54969979986657,0.875,0.29166666666666663,0.5,0.44380111485159995,0.5561988851484011,1.0000000000459495,4.651407715559242e-13
1123,224.74983322214808,0.875,0.29166666666666663,0.5,0.44380111485160467,0.5561988851483963,1.0000000000457863,4.634422514921118e-13
1124,224.94996664442962,0.875,0.29166666666666663,0.5,0.4438011148516094,0.5561988851483917,1.0000000000456228,4.617437314282994e-13
1125,225.15010006671113,0.875,0.29166666666666663,0.5,0.4438011148516141,0.5561988851483869,1.0000000000454596,4.60045211364487e-13
1126,225.35023348899264,0.875,0.29166666666666663,0.5,0.4438011148516189,0.5561988851483822,1.0000000000452962,4.583466913006747e-13
1127,225.55036691127418,0.875,0.29166666666666663,0.5,0.4438011148516236,0.5561988851483775,1.000000000045133,4.566481712368622e-13
1128,225.7505003335557,0.875,0.29166666666666663,0.5,0.4438011148516283,0.5561988851483728,1.0000000000449696,4.549496511730498e-13
1129,225.9506337558372,0.875,0.29166666666666663,0.5,0.44380111485163304,0.556198885148368,1.0000000000448064,4.532511311092376e-13
1130,226.15076717811874,0.875,0.29166666666666663,0.5,0.44380111485163776,0.5561988851483632,1.000000000044643,4.5155261104542503e-13
1131,226.35090060040025,0.875,0.29166666666666663,0.5,0.4438011148516425,0.5561988851483586,1.0000000000444798,4.4985409098161267e-13
1132,226.5510340226818,0.875,0.29166666666666663,0.5,0.44380111485164725,0.5561988851483538,1.0000000000443163,4.4815557091780017e-13
1133,226.7511674449633,0.875,0.29166666666666663,0.5,0.44380111485165197,0.5561988851483491,1.000000000044153,4.4645705085398786e-13
1134,226.9513008672448,0.875,0.29166666666666663,0.5,0.4438011148516567,0.5561988851483444,1.0000000000439897,4.447585307901756e-13
1135,227.15143428952635,0.875,0.29166666666666663,0.5,0.4438011148516614,0.5561988851483396,1.0000000000438263,4.43060010726363e-13
1136,227.35156771180786,0.875,0.29166666666666663,0.5,0.4438011148516661,0.5561988851483349,1.000000000043663,4.4136149066255074e-13
1137,227.55170113408937,0.875,0.29166666666666663,0.5,0.44380111485167084,0.5561988851483302,1.0000000000434996,4.3966297059873843e-13
1138,227.7518345563709,0.875,0.29166666666666663,0.5,0.4438011148516756,0.5561988851483255,1.0000000000433364,4.3796445053492593e-13
1139,227.95196797865242,0.875,0.29166666666666663,0.5,0.44380111485168033,0.5561988851483207,1.000000000043173,4.3626593047111357e-13
1140,228.15210140093396,0.875,0.29166666666666663,0.5,0.44380111485168505,0.5561988851483161,1.0000000000430098,4.3456741040730106e-13
1141,228.35223482321547,0.875,0.29166666666666663,0.5,0.44380111485168977,0.5561988851483113,1.0000000000428464,4.3286889034348876e-13
1142,228.55236824549698,0.875,0.29166666666666663,0.5,0.4438011148516945,0.5561988851483065,1.0000000000426832,4.311703702796764e-13
1143,228.75250166777852,0.875,0.29166666666666663,0.5,0.4438011148516992,0.5561988851483018,1.0000000000425198,4.294718502158639e-13
1144,228.95263509006003,0.875,0.29166666666666663,0.5,0.443801114851704,0.5561988851482971,1.0000000000423566,4.277733301520516e-13
1145,229.15276851234154,0.875,0.29166666666666663,0.5,0.4438011148517087,0.5561988851482924,1.0000000000421931,4.260748100882393e-13
1146,229.35290193462308,0.875,0.29166666666666663,0.5,0.4438011148517134,0.5561988851482876,1.00000000004203,4.243762900244267e-13
1147,229.5530353569046,0.875,0.29166666666666663,0.5,0.44380111485171814,0.5561988851482829,1.0000000000418665,4.226777699606144e-13
1148,229.75316877918613,0.875,0.29166666666666663,0.5,0.44380111485172286,0.5561988851482782,1.000000000041703,4.2097924989680186e-13
1149,229.95330220146764,0.875,0.29166666666666663,0.5,0.4438011148517276,0.5561988851482734,1.0000000000415399,4.1928072983298955e-13
1150,230.15343562374915,0.875,0.29166666666666663,0.5,0.44380111485173235,0.5561988851482688,1.0000000000413765,4.1758220976917725e-13
1151,230.35356904603069,0.875,0.29166666666666663,0.5,0.44380111485173707,0.556198885148264,1.0000000000412133,4.1588368970536474e-13
1152,230.5537024683122,0.875,0.29166666666666663,0.5,0.4438011148517418,0.5561988851482593,1.0000000000410498,4.141851696415524e-13
1153,230.75383589059373,0.875,0.29166666666666663,0.5,0.4438011148517465,0.5561988851482546,1.0000000000408866,4.1248664957773987e-13
1154,230.95396931287524,0.875,0.29166666666666663,0.5,0.4438011148517512,0.5561988851482498,1.0000000000407232,4.1078812951392757e-13
1155,231.15410273515675,0.875,0.29166666666666663,0.5,0.44380111485175594,0.5561988851482451,1.00000000004056,4.090896094501152e-13
1156,231.3542361574383,0.875,0.29166666666666663,0.5,0.44380111485176066,0.5561988851482403,1.0000000000403966,4.073910893863027e-13
1157,231.5543695797198,0.875,0.29166666666666663,0.5,0.44380111485176543,0.5561988851482357,1.0000000000402334,4.056925693224904e-13
1158,231.75450300200131,0.875,0.29166666666666663,0.5,0.44380111485177015,0.5561988851482309,1.00000000004007,4.039940492586781e-13
1159,231.95463642428285,0.875,0.29166666666666663,0.5,0.44380111485177487,0.5561988851482262,1.0000000000399067,4.0229552919486553e-13
1160,232.15476984656436,0.875,0.29166666666666663,0.5,0.4438011148517796,0.5561988851482215,1.0000000000397433,4.0059700913105323e-13
1161,232.3549032688459,0.875,0.29166666666666663,0.5,0.4438011148517843,0.5561988851482167,1.0000000000395801,3.9889848906724067e-13
1162,232.5550366911274,0.875,0.29166666666666663,0.5,0.443801114851789,0.556198885148212,1.0000000000394167,3.9719996900342836e-13
1163,232.75517011340892,0.875,0.29166666666666663,0.5,0.4438011148517938,0.5561988851482073,1.0000000000392533,3.9550144893961606e-13
1164,232.95530353569046,0.875,0.29166666666666663,0.5,0.4438011148517985,0.5561988851482026,1.00000000003909,3.9380292887580355e-13
1165,233.15543695797197,0.875,0.29166666666666663,0.5,0.44380111485180324,0.5561988851481978,1.0000000000389266,3.921044088119912e-13
1166,233.35557038025348,0.875,0.29166666666666663,0.5,0.44380111485180795,0.556198885148193,1.0000000000387634,3.90405888748179e-13
1167,233.55570380253502,0.875,0.29166666666666663,0.5,0.4438011148518127,0.5561988851481884,1.0000000000386,3.887073686843664e-13
1168,233.75583722481653,0.875,0.29166666666666663,0.5,0.4438011148518174,0.5561988851481836,1.0000000000384368,3.8700884862055413e-13
1169,233.95597064709807,0.875,0.29166666666666663,0.5,0.44380111485182216,0.556198885148179,1.0000000000382734,3.853103285567415e-13
1170,234.15610406937958,0.875,0.29166666666666663,0.5,0.4438011148518269,0.5561988851481742,1.0000000000381102,3.836118084929292e-13
1171,234.3562374916611,0.875,0.29166666666666663,0.5,0.4438011148518316,0.5561988851481695,1.0000000000379468,3.8191328842911696e-13
1172,234.55637091394263,0.875,0.29166666666666663,0.5,0.4438011148518363,0.5561988851481647,1.0000000000377836,3.8021476836530435e-13
1173,234.75650433622414,0.875,0.29166666666666663,0.5,0.44380111485184104,0.55619888514816,1.0000000000376201,3.785162483014921e-13
1174,234.95663775850565,0.875,0.29166666666666663,0.5,0.44380111485184576,0.5561988851481553,1.000000000037457,3.768177282376798e-13
1175,235.1567711807872,0.875,0.29166666666666663,0.5,0.44380111485185053,0.5561988851481505,1.0000000000372935,3.751192081738673e-13
1176,235.3569046030687,0.875,0.29166666666666663,0.5,0.44380111485185525,0.5561988851481459,1.00000000003713,3.7342068811005497e-13
1177,235.55703802535024,0.875,0.29166666666666663,0.5,0.44380111485185997,0.5561988851481411,1.0000000000369669,3.717221680462424e-13
1178,235.75717144763175,0.875,0.29166666666666663,0.5,0.4438011148518647,0.5561988851481363,1.0000000000368034,3.700236479824301e-13
1179,235.95730486991326,0.875,0.29166666666666663,0.5,0.4438011148518694,0.5561988851481316,1.0000000000366402,3.683251279186178e-13
1180,236.1574382921948,0.875,0.29166666666666663,0.5,0.4438011148518741,0.5561988851481269,1.0000000000364768,3.6662660785480524e-13
1181,236.3575717144763,0.875,0.29166666666666663,0.5,0.4438011148518789,0.5561988851481222,1.0000000000363136,3.6492808779099294e-13
1182,236.55770513675782,0.875,0.29166666666666663,0.5,0.4438011148518836,0.5561988851481174,1.0000000000361502,3.6322956772718063e-13
1183,236.75783855903936,0.875,0.29166666666666663,0.5,0.44380111485188833,0.5561988851481128,1.000000000035987,3.6153104766336807e-13
1184,236.95797198132087,0.875,0.29166666666666663,0.5,0.44380111485189305,0.556198885148108,1.0000000000358236,3.5983252759955577e-13
1185,237.1581054036024,0.875,0.29166666666666663,0.5,0.44380111485189777,0.5561988851481032,1.0000000000356604,3.5813400753574326e-13
1186,237.35823882588392,0.875,0.29166666666666663,0.5,0.4438011148519025,0.5561988851480986,1.000000000035497,3.564354874719309e-13
1187,237.55837224816543,0.875,0.29166666666666663,0.5,0.44380111485190726,0.5561988851480938,1.0000000000353337,3.547369674081186e-13
1188,237.75850567044697,0.875,0.29166666666666663,0.5,0.443801114851912,0.5561988851480891,1.0000000000351703,3.530384473443061e-13
1189,237.95863909272848,0.875,0.29166666666666663,0.5,0.4438011148519167,0.5561988851480844,1.000000000035007,3.513399272804938e-13
1190,238.15877251500999,0.875,0.29166666666666663,0.5,0.4438011148519214,0.5561988851480796,1.0000000000348437,3.496414072166815e-13
1191,238.35890593729152,0.875,0.29166666666666663,0.5,0.44380111485192614,0.5561988851480749,1.0000000000346803,3.479428871528689e-13
1192,238.55903935957303,0.875,0.29166666666666663,0.5,0.44380111485193086,0.5561988851480701,1.000000000034517,3.462443670890566e-13
1193,238.75917278185457,0.875,0.29166666666666663,0.5,0.44380111485193563,0.5561988851480655,1.0000000000343536,3.4454584702524406e-13
1194,238.95930620413608,0.875,0.29166666666666663,0.5,0.44380111485194035,0.5561988851480607,1.0000000000341904,3.4284732696143175e-13
1195,239.1594396264176,0.875,0.29166666666666663,0.5,0.44380111485194507,0.556198885148056,1.000000000034027,3.4114880689761944e-13
1196,239.35957304869913,0.875,0.29166666666666663,0.5,0.4438011148519498,0.5561988851480513,1.0000000000338638,3.394502868338069e-13
1197,239.55970647098064,0.875,0.29166666666666663,0.5,0.4438011148519545,0.5561988851480465,1.0000000000337004,3.3775176676999463e-13
1198,239.75983989326215,0.875,0.29166666666666663,0.5,0.4438011148519592,0.5561988851480418,1.0000000000335372,3.3605324670618233e-13
1199,239.9599733155437,0.875,0.29166666666666663,0.5,0.44380111485196394,0.5561988851480371,1.0000000000333737,3.3435472664236977e-13
1200,240.1601067378252,0.875,0.29166666666666663,0.5,0.4438011148519687,0.5561988851480324,1.0000000000332105,3.3265620657855746e-13
1201,240.36024016010674,0.875,0.29166666666666663,0.5,0.44380111485197343,0.5561988851480276,1.0000000000330471,3.309576865147449e-13
1202,240.56037358238825,0.875,0.29166666666666663,0.5,0.44380111485197815,0.556198885148023,1.000000000032884,3.292591664509326e-13
1203,240.76050700466976,0.875,0.29166666666666663,0.5,0.44380111485198287,0.5561988851480182,1.0000000000327205,3.275606463871203e-13
1204,240.9606404269513,0.875,0.29166666666666663,0.5,0.4438011148519876,0.5561988851480134,1.000000000032557,3.258621263233078e-13
1205,241.1607738492328,0.875,0.29166666666666663,0.5,0.4438011148519923,0.5561988851480087,1.0000000000323939,3.2416360625949543e-13
1206,241.36090727151432,0.875,0.29166666666666663,0.5,0.4438011148519971,0.556198885148004,1.0000000000322304,3.224650861956831e-13
1207,241.56104069379586,0.875,0.29166666666666663,0.5,0.4438011148520018,0.5561988851479993,1.0000000000320672,3.207665661318706e-13
1208,241.76117411607737,0.875,0.29166666666666663,0.5,0.4438011148520065,0.5561988851479945,1.0000000000319038,3.1906804606805826e-13
1209,241.9613075383589,0.875,0.29166666666666663,0.5,0.44380111485201124,0.5561988851479898,1.0000000000317406,3.1736952600424575e-13
1210,242.16144096064042,0.875,0.29166666666666663,0.5,0.44380111485201595,0.5561988851479851,1.0000000000315772,3.1567100594043344e-13
1211,242.36157438292193,0.875,0.29166666666666663,0.5,0.4438011148520207,0.5561988851479803,1.000000000031414,3.1397248587662114e-13
1212,242.56170780520347,0.875,0.29166666666666663,0.5,0.44380111485202545,0.5561988851479757,1.0000000000312506,3.122739658128086e-13
1213,242.76184122748498,0.875,0.29166666666666663,0.5,0.44380111485203017,0.5561988851479709,1.0000000000310874,3.105754457489963e-13
1214,242.9619746497665,0.875,0.29166666666666663,0.5,0.4438011148520349,0.5561988851479662,1.000000000030924,3.0887692568518397e-13
1215,243.16210807204803,0.875,0.29166666666666663,0.5,0.4438011148520396,0.5561988851479615,1.0000000000307607,3.0717840562137146e-13
1216,243.36224149432954,0.875,0.29166666666666663,0.5,0.4438011148520443,0.5561988851479567,1.0000000000305973,3.0547988555755915e-13
1217,243.56237491661108,0.875,0.29166666666666663,0.5,0.44380111485204904,0.556198885147952,1.000000000030434,3.037813654937466e-13
1218,243.7625083388926,0.875,0.29166666666666663,0.5,0.4438011148520538,0.5561988851479472,1.0000000000302707,3.020828454299343e-13
1219,243.9626417611741,0.875,0.29166666666666663,0.5,0.44380111485205853,0.5561988851479426,1.0000000000301073,3.00384325366122e-13
1220,244.16277518345564,0.875,0.29166666666666663,0.5,0.44380111485206325,0.5561988851479378,1.000000000029944,2.9868580530230943e-13
1221,244.36290860573715,0.875,0.29166666666666663,0.5,0.44380111485206797,0.556198885147933,1.0000000000297806,2.969872852384971e-13
1222,244.56304202801866,0.875,0.29166666666666663,0.5,0.4438011148520727,0.5561988851479284,1.0000000000296174,2.952887651746848e-13
1223,244.7631754503002,0.875,0.29166666666666663,0.5,0.4438011148520774,0.5561988851479236,1.000000000029454,2.935902451108723e-13
1224,244.9633088725817,0.875,0.29166666666666663,0.5,0.4438011148520822,0.5561988851479189,1.0000000000292908,2.9189172504705995e-13
1225,245.16344229486324,0.875,0.29166666666666663,0.5,0.4438011148520869,0.5561988851479142,1.0000000000291274,2.9019320498324744e-13
1226,245.36357571714476,0.875,0.29166666666666663,0.5,0.4438011148520916,0.5561988851479095,1.0000000000289642,2.8849468491943514e-13
1227,245.56370913942627,0.875,0.29166666666666663,0.5,0.44380111485209633,0.5561988851479047,1.0000000000288007,2.8679616485562283e-13
1228,245.7638425617078,0.875,0.29166666666666663,0.5,0.44380111485210105,0.5561988851479,1.0000000000286375,2.8509764479181027e-13
1229,245.96397598398931,0.875,0.29166666666666663,0.5,0.44380111485210577,0.5561988851478953,1.0000000000284741,2.8339912472799797e-13
1230,246.16410940627082,0.875,0.29166666666666663,0.5,0.44380111485211055,0.5561988851478905,1.000000000028311,2.8170060466418566e-13
1231,246.36424282855236,0.875,0.29166666666666663,0.5,0.44380111485211526,0.5561988851478858,1.0000000000281475,2.800020846003731e-13
1232,246.56437625083387,0.875,0.29166666666666663,0.5,0.44380111485212,0.5561988851478811,1.0000000000279843,2.7830356453656085e-13
1233,246.7645096731154,0.875,0.29166666666666663,0.5,0.4438011148521247,0.5561988851478763,1.0000000000278209,2.7660504447274824e-13
1234,246.96464309539692,0.875,0.29166666666666663,0.5,0.4438011148521294,0.5561988851478716,1.0000000000276574,2.74906524408936e-13
1235,247.16477651767843,0.875,0.29166666666666663,0.5,0.44380111485213414,0.5561988851478669,1.0000000000274942,2.732080043451237e-13
1236,247.36490993995997,0.875,0.29166666666666663,0.5,0.4438011148521389,0.5561988851478622,1.0000000000273308,2.715094842813111e-13
1237,247.56504336224148,0.875,0.29166666666666663,0.5,0.44380111485214363,0.5561988851478574,1.0000000000271676,2.698109642174988e-13
1238,247.765176784523,0.875,0.29166666666666663,0.5,0.44380111485214835,0.5561988851478528,1.0000000000270042,2.681124441536865e-13
1239,247.96531020680453,0.875,0.29166666666666663,0.5,0.44380111485215307,0.556198885147848,1.000000000026841,2.6641392408987395e-13
1240,248.16544362908604,0.875,0.29166666666666663,0.5,0.4438011148521578,0.5561988851478432,1.0000000000266775,2.6471540402606164e-13
1241,248.36557705136758,0.875,0.29166666666666663,0.5,0.4438011148521625,0.5561988851478386,1.0000000000265143,2.6301688396224914e-13
1242,248.5657104736491,0.875,0.29166666666666663,0.5,0.4438011148521672,0.5561988851478338,1.000000000026351,2.613183638984368e-13
1243,248.7658438959306,0.875,0.29166666666666663,0.5,0.443801114852172,0.5561988851478291,1.0000000000261877,2.596198438346245e-13
1244,248.96597731821214,0.875,0.29166666666666663,0.5,0.4438011148521767,0.5561988851478243,1.0000000000260243,2.5792132377081197e-13
1245,249.16611074049365,0.875,0.29166666666666663,0.5,0.44380111485218143,0.5561988851478197,1.000000000025861,2.562228037069996e-13
1246,249.36624416277516,0.875,0.29166666666666663,0.5,0.44380111485218615,0.5561988851478149,1.0000000000256977,2.5452428364318735e-13
1247,249.5663775850567,0.875,0.29166666666666663,0.5,0.44380111485219087,0.5561988851478101,1.0000000000255342,2.528257635793748e-13
1248,249.7665110073382,0.875,0.29166666666666663,0.5,0.4438011148521956,0.5561988851478055,1.000000000025371,2.5112724351556254e-13
1249,249.96664442961975,0.875,0.29166666666666663,0.5,0.44380111485220036,0.5561988851478007,1.0000000000252076,2.4942872345175e-13
1250,250.16677785190126,0.875,0.29166666666666663,0.5,0.4438011148522051,0.556198885147796,1.0000000000250444,2.477302033879377e-13
1251,250.36691127418277,0.875,0.29166666666666663,0.5,0.4438011148522098,0.5561988851477913,1.000000000024881,2.4603168332412537e-13
1252,250.5670446964643,0.875,0.29166666666666663,0.5,0.4438011148522145,0.5561988851477865,1.0000000000247178,2.443331632603128e-13
1253,250.76717811874582,0.875,0.29166666666666663,0.5,0.44380111485221924,0.5561988851477818,1.0000000000245544,2.426346431965005e-13
1254,250.96731154102733,0.875,0.29166666666666663,0.5,0.44380111485222395,0.556198885147777,1.0000000000243912,2.409361231326882e-13
1255,251.16744496330887,0.875,0.29166666666666663,0.5,0.44380111485222873,0.5561988851477724,1.0000000000242277,2.3923760306887564e-13
1256,251.36757838559038,0.875,0.29166666666666663,0.5,0.44380111485223345,0.5561988851477676,1.0000000000240645,2.3753908300506334e-13
1257,251.56771180787192,0.875,0.29166666666666663,0.5,0.44380111485223817,0.556198885147763,1.000000000023901,2.3584056294125083e-13
1258,251.76784523015343,0.875,0.29166666666666663,0.5,0.4438011148522429,0.5561988851477582,1.000000000023738,2.3414204287743847e-13
1259,251.96797865243494,0.875,0.29166666666666663,0.5,0.4438011148522476,0.5561988851477534,1.0000000000235745,2.3244352281362617e-13
1260,252.16811207471648,0.875,0.29166666666666663,0.5,0.4438011148522523,0.5561988851477487,1.0000000000234113,2.3074500274981366e-13
1261,252.368245496998,0.875,0.29166666666666663,0.5,0.4438011148522571,0.556198885147744,1.0000000000232478,2.290464826860013e-13
1262,252.5683789192795,0.875,0.29166666666666663,0.5,0.4438011148522618,0.5561988851477393,1.0000000000230844,2.2734796262218905e-13
1263,252.76851234156103,0.875,0.29166666666666663,0.5,0.44380111485226653,0.5561988851477345,1.0000000000229212,2.256494425583765e-13
1264,252.96864576384255,0.875,0.29166666666666663,0.5,0.44380111485227125,0.5561988851477297,1.0000000000227578,2.239509224945642e-13
1265,253.16877918612408,0.875,0.29166666666666663,0.5,0.44380111485227597,0.5561988851477251,1.0000000000225946,2.2225240243075162e-13
1266,253.3689126084056,0.875,0.29166666666666663,0.5,0.4438011148522807,0.5561988851477203,1.0000000000224312,2.2055388236693934e-13
1267,253.5690460306871,0.875,0.29166666666666663,0.5,0.44380111485228546,0.5561988851477156,1.000000000022268,2.1885536230312704e-13
1268,253.76917945296864,0.875,0.29166666666666663,0.5,0.4438011148522902,0.5561988851477109,1.0000000000221045,2.171568422393145e-13
1269,253.96931287525015,0.875,0.29166666666666663,0.5,0.4438011148522949,0.5561988851477062,1.0000000000219413,2.154583221755022e-13
1270,254.16944629753166,0.875,0.29166666666666663,0.5,0.4438011148522996,0.5561988851477014,1.000000000021778,2.1375980211168987e-13
1271,254.3695797198132,0.875,0.29166666666666663,0.5,0.44380111485230433,0.5561988851476967,1.0000000000216147,2.1206128204787734e-13
1272,254.5697131420947,0.875,0.29166666666666663,0.5,0.44380111485230905,0.556198885147692,1.0000000000214513,2.1036276198406503e-13
1273,254.76984656437625,0.875,0.29166666666666663,0.5,0.4438011148523138,0.5561988851476872,1.000000000021288,2.086642419202525e-13
1274,254.96997998665776,0.875,0.29166666666666663,0.5,0.44380111485231855,0.5561988851476826,1.0000000000211247,2.0696572185644017e-13
1275,255.17011340893927,0.875,0.29166666666666663,0.5,0.44380111485232326,0.5561988851476778,1.0000000000209615,2.0526720179262788e-13
1276,255.3702468312208,0.875,0.29166666666666663,0.5,0.443801114852328,0.556198885147673,1.000000000020798,2.0356868172881533e-13
1277,255.57038025350232,0.875,0.29166666666666663,0.5,0.4438011148523327,0.5561988851476684,1.0000000000206346,2.0187016166500302e-13
1278,255.77051367578383,0.875,0.29166666666666663,0.5,0.4438011148523374,0.5561988851476636,1.0000000000204714,2.0017164160119071e-13
1279,255.97064709806537,0.875,0.29166666666666663,0.5,0.4438011148523422,0.5561988851476589,1.000000000020308,1.9847312153737818e-13
1280,256.1707805203469,0.875,0.29166666666666663,0.5,0.4438011148523469,0.5561988851476541,1.0000000000201448,1.9677460147356562e-13
1281,256.3709139426284,0.875,0.29166666666666663,0.5,0.44380111485235163,0.5561988851476495,1.0000000000199813,1.9507608140975332e-13
1282,256.57104736490993,0.875,0.29166666666666663,0.5,0.44380111485235635,0.5561988851476447,1.0000000000198181,1.93377561345941e-13
1283,256.77118078719144,0.875,0.29166666666666663,0.5,0.44380111485236107,0.5561988851476399,1.0000000000196547,1.9167904128212873e-13
1284,256.97131420947295,0.875,0.29166666666666663,0.5,0.4438011148523658,0.5561988851476353,1.0000000000194915,1.899805212183164e-13
1285,257.1714476317545,0.875,0.29166666666666663,0.5,0.4438011148523705,0.5561988851476305,1.000000000019328,1.8828200115450361e-13
1286,257.371581054036,0.875,0.29166666666666663,0.5,0.4438011148523753,0.5561988851476258,1.000000000019165,1.8658348109069133e-13
1287,257.57171447631754,0.875,0.29166666666666663,0.5,0.44380111485238,0.5561988851476211,1.0000000000190015,1.84884961026879e-13
1288,257.77184789859905,0.875,0.29166666666666663,0.5,0.4438011148523847,0.5561988851476164,1.0000000000188383,1.831864409630667e-13
1289,257.97198132088056,0.875,0.29166666666666663,0.5,0.44380111485238943,0.5561988851476116,1.0000000000186748,1.8148792089925442e-13
1290,258.1721147431621,0.875,0.29166666666666663,0.5,0.44380111485239415,0.5561988851476068,1.0000000000185114,1.7978940083544163e-13
1291,258.37224816544364,0.875,0.29166666666666663,0.5,0.44380111485239887,0.5561988851476022,1.0000000000183482,1.780908807716293e-13
1292,258.57238158772515,0.875,0.29166666666666663,0.5,0.44380111485240364,0.5561988851475974,1.0000000000181848,1.7639236070781702e-13
1293,258.77251501000666,0.875,0.29166666666666663,0.5,0.44380111485240836,0.5561988851475927,1.0000000000180216,1.7469384064400471e-13
1294,258.97264843228817,0.875,0.29166666666666663,0.5,0.4438011148524131,0.556198885147588,1.0000000000178582,1.729953205801924e-13
1295,259.1727818545697,0.875,0.29166666666666663,0.5,0.4438011148524178,0.5561988851475832,1.000000000017695,1.712968005163801e-13
1296,259.37291527685124,0.875,0.29166666666666663,0.5,0.4438011148524225,0.5561988851475785,1.0000000000175315,1.6959828045256732e-13
1297,259.57304869913276,0.875,0.29166666666666663,0.5,0.44380111485242724,0.5561988851475738,1.0000000000173683,1.67899760388755e-13
1298,259.77318212141427,0.875,0.29166666666666663,0.5,0.443801114852432,0.5561988851475691,1.000000000017205,1.662012403249427e-13
1299,259.9733155436958,0.875,0.29166666666666663,0.5,0.44380111485243673,0.5561988851475643,1.0000000000170417,1.645027202611304e-13
1300,260.1734489659773,0.875,0.29166666666666663,0.5,0.44380111485244145,0.5561988851475597,1.0000000000168783,1.628042001973181e-13
1301,260.37358238825885,0.875,0.29166666666666663,0.5,0.44380111485244617,0.5561988851475549,1.000000000016715,1.611056801335053e-13
1302,260.57371581054036,0.875,0.29166666666666663,0.5,0.4438011148524509,0.5561988851475501,1.0000000000165516,1.59407160069693e-13
1303,260.7738492328219,0.875,0.29166666666666663,0.5,0.4438011148524556,0.5561988851475455,1.0000000000163884,1.577086400058807e-13
1304,260.9739826551034,0.875,0.29166666666666663,0.5,0.4438011148524604,0.5561988851475407,1.000000000016225,1.560101199420684e-13
1305,261.1741160773849,0.875,0.29166666666666663,0.5,0.4438011148524651,0.556198885147536,1.0000000000160616,1.543115998782561e-13
1306,261.37424949966646,0.875,0.29166666666666663,0.5,0.4438011148524698,0.5561988851475312,1.0000000000158984,1.526130798144433e-13
1307,261.574382921948,0.875,0.29166666666666663,0.5,0.44380111485247453,0.5561988851475265,1.000000000015735,1.50914559750631e-13
1308,261.7745163442295,0.875,0.29166666666666663,0.5,0.44380111485247925,0.5561988851475218,1.0000000000155718,1.4921603968681869e-13
1309,261.974649766511,0.875,0.29166666666666663,0.5,0.44380111485248397,0.556198885147517,1.0000000000154083,1.4751751962300638e-13
1310,262.1747831887925,0.875,0.29166666666666663,0.5,0.44380111485248874,0.5561988851475124,1.0000000000152451,1.4581899955919408e-13
1311,262.374916611074,0.875,0.29166666666666663,0.5,0.44380111485249346,0.5561988851475076,1.0000000000150817,1.4412047949538177e-13
1312,262.5750500333556,0.875,0.29166666666666663,0.5,0.4438011148524982,0.5561988851475029,1.0000000000149185,1.4242195943156898e-13
1313,262.7751834556371,0.875,0.29166666666666663,0.5,0.4438011148525029,0.5561988851474982,1.000000000014755,1.407234393677567e-13
1314,262.9753168779186,0.875,0.29166666666666663,0.5,0.4438011148525076,0.5561988851474934,1.0000000000145919,1.390249193039444e-13
1315,263.1754503002001,0.875,0.29166666666666663,0.5,0.44380111485251234,0.5561988851474887,1.0000000000144285,1.373263992401321e-13
1316,263.3755837224816,0.875,0.29166666666666663,0.5,0.4438011148525171,0.556198885147484,1.0000000000142653,1.3562787917631979e-13
1317,263.5757171447632,0.875,0.29166666666666663,0.5,0.4438011148525218,0.5561988851474793,1.0000000000141018,1.3392935911250698e-13
1318,263.7758505670447,0.875,0.29166666666666663,0.5,0.44380111485252655,0.5561988851474745,1.0000000000139384,1.322308390486947e-13
1319,263.9759839893262,0.875,0.29166666666666663,0.5,0.44380111485253126,0.5561988851474697,1.0000000000137752,1.3053231898488236e-13
1320,264.1761174116077,0.875,0.29166666666666663,0.5,0.443801114852536,0.5561988851474651,1.0000000000136118,1.2883379892107008e-13
1321,264.37625083388923,0.875,0.29166666666666663,0.5,0.4438011148525407,0.5561988851474603,1.0000000000134486,1.2713527885725778e-13
1322,264.5763842561708,0.875,0.29166666666666663,0.5,0.4438011148525455,0.5561988851474556,1.0000000000132852,1.25436758793445e-13
1323,264.7765176784523,0.875,0.29166666666666663,0.5,0.4438011148525502,0.5561988851474509,1.000000000013122,1.2373823872963269e-13
1324,264.9766511007338,0.875,0.29166666666666663,0.5,0.4438011148525549,0.5561988851474462,1.0000000000129585,1.2203971866582038e-13
1325,265.17678452301533,0.875,0.29166666666666663,0.5,0.44380111485255963,0.5561988851474414,1.0000000000127953,1.2034119860200807e-13
1326,265.37691794529684,0.875,0.29166666666666663,0.5,0.44380111485256435,0.5561988851474367,1.000000000012632,1.1864267853819577e-13
1327,265.57705136757835,0.875,0.29166666666666663,0.5,0.44380111485256907,0.556198885147432,1.0000000000124687,1.1694415847438346e-13
1328,265.7771847898599,0.875,0.29166666666666663,0.5,0.4438011148525738,0.5561988851474272,1.0000000000123053,1.1524563841057068e-13
1329,265.9773182121414,0.875,0.29166666666666663,0.5,0.44380111485257856,0.5561988851474226,1.000000000012142,1.1354711834675837e-13
1330,266.17745163442294,0.875,0.29166666666666663,0.5,0.4438011148525833,0.5561988851474178,1.0000000000119786,1.1184859828294607e-13
1331,266.37758505670445,0.875,0.29166666666666663,0.5,0.443801114852588,0.5561988851474131,1.0000000000118154,1.1015007821913377e-13
1332,266.57771847898596,0.875,0.29166666666666663,0.5,0.4438011148525927,0.5561988851474083,1.000000000011652,1.0845155815532145e-13
1333,266.7778519012675,0.875,0.29166666666666663,0.5,0.44380111485259743,0.5561988851474036,1.0000000000114886,1.0675303809150868e-13
1334,266.97798532354904,0.875,0.29166666666666663,0.5,0.44380111485260215,0.5561988851473989,1.0000000000113254,1.0505451802769637e-13
1335,267.17811874583055,0.875,0.29166666666666663,0.5,0.4438011148526069,0.5561988851473941,1.000000000011162,1.0335599796388406e-13
1336,267.37825216811206,0.875,0.29166666666666663,0.5,0.44380111485261164,0.5561988851473895,1.0000000000109988,1.0165747790007176e-13
1337,267.57838559039357,0.875,0.29166666666666663,0.5,0.44380111485261636,0.5561988851473847,1.0000000000108353,9.995895783625946e-14
1338,267.77851901267513,0.875,0.29166666666666663,0.5,0.4438011148526211,0.5561988851473799,1.0000000000106721,9.826043777244666e-14
1339,267.97865243495664,0.875,0.29166666666666663,0.5,0.4438011148526258,0.5561988851473753,1.0000000000105087,9.656191770863437e-14
1340,268.17878585723815,0.875,0.29166666666666663,0.5,0.4438011148526305,0.5561988851473705,1.0000000000103455,9.486339764482206e-14
1341,268.37891927951966,0.875,0.29166666666666663,0.5,0.4438011148526353,0.5561988851473658,1.000000000010182,9.316487758100975e-14
1342,268.5790527018012,0.875,0.29166666666666663,0.5,0.44380111485264,0.556198885147361,1.0000000000100189,9.146635751719746e-14
1343,268.7791861240827,0.875,0.29166666666666663,0.5,0.44380111485264473,0.5561988851473564,1.0000000000098554,8.976783745338516e-14
1344,268.97931954636425,0.875,0.29166666666666663,0.5,0.44380111485264945,0.5561988851473516,1.0000000000096922,8.806931738957236e-14
1345,269.17945296864576,0.875,0.29166666666666663,0.5,0.44380111485265417,0.5561988851473468,1.0000000000095288,8.637079732576006e-14
1346,269.3795863909273,0.875,0.29166666666666663,0.5,0.4438011148526589,0.5561988851473422,1.0000000000093656,8.467227726194776e-14
1347,269.5797198132088,0.875,0.29166666666666663,0.5,0.44380111485266366,0.5561988851473374,1.0000000000092022,8.297375719813545e-14
1348,269.7798532354903,0.875,0.29166666666666663,0.5,0.4438011148526684,0.5561988851473327,1.0000000000090388,8.127523713432315e-14
1349,269.97998665777186,0.875,0.29166666666666663,0.5,0.4438011148526731,0.556198885147328,1.0000000000088756,7.957671707051036e-14
1350,270.18012008005337,0.875,0.29166666666666663,0.5,0.4438011148526778,0.5561988851473232,1.0000000000087121,7.787819700669806e-14
1351,270.3802535023349,0.875,0.29166666666666663,0.5,0.44380111485268253,0.5561988851473185,1.000000000008549,7.617967694288575e-14
1352,270.5803869246164,0.875,0.29166666666666663,0.5,0.44380111485268725,0.5561988851473137,1.0000000000083855,7.448115687907344e-14
1353,270.7805203468979,0.875,0.29166666666666663,0.5,0.443801114852692,0.5561988851473091,1.0000000000082223,7.278263681526114e-14
1354,270.98065376917947,0.875,0.29166666666666663,0.5,0.44380111485269674,0.5561988851473043,1.0000000000080589,7.108411675144835e-14
1355,271.180787191461,0.875,0.29166666666666663,0.5,0.44380111485270146,0.5561988851472996,1.0000000000078957,6.938559668763605e-14
1356,271.3809206137425,0.875,0.29166666666666663,0.5,0.4438011148527062,0.5561988851472949,1.0000000000077323,6.768707662382374e-14
1357,271.581054036024,0.875,0.29166666666666663,0.5,0.4438011148527109,0.5561988851472901,1.000000000007569,6.598855656001143e-14
1358,271.7811874583055,0.875,0.29166666666666663,0.5,0.4438011148527156,0.5561988851472854,1.0000000000074056,6.429003649619913e-14
1359,271.981320880587,0.875,0.29166666666666663,0.5,0.4438011148527204,0.5561988851472807,1.0000000000072424,6.259151643238684e-14
1360,272.1814543028686,0.875,0.29166666666666663,0.5,0.4438011148527251,0.556198885147276,1.000000000007079,6.089299636857404e-14
1361,272.3815877251501,0.875,0.29166666666666663,0.5,0.4438011148527298,0.5561988851472712,1.0000000000069156,5.919447630476173e-14
1362,272.5817211474316,0.875,0.29166666666666663,0.5,0.44380111485273455,0.5561988851472665,1.0000000000067524,5.749595624094944e-14
1363,272.7818545697131,0.875,0.29166666666666663,0.5,0.44380111485273926,0.5561988851472618,1.000000000006589,5.579743617713713e-14
1364,272.98198799199463,0.875,0.29166666666666663,0.5,0.443801114852744,0.556198885147257,1.0000000000064257,5.409891611332483e-14
1365,273.1821214142762,0.875,0.29166666666666663,0.5,0.4438011148527487,0.5561988851472524,1.0000000000062623,5.240039604951204e-14
1366,273.3822548365577,0.875,0.29166666666666663,0.5,0.4438011148527535,0.5561988851472476,1.0000000000060991,5.0701875985699736e-14
1367,273.5823882588392,0.875,0.29166666666666663,0.5,0.4438011148527582,0.5561988851472429,1.0000000000059357,4.900335592188743e-14
1368,273.7825216811207,0.875,0.29166666666666663,0.5,0.4438011148527629,0.5561988851472381,1.0000000000057725,4.7304835858075124e-14
1369,273.98265510340224,0.875,0.29166666666666663,0.5,0.44380111485276763,0.5561988851472334,1.000000000005609,4.5606315794262824e-14
1370,274.1827885256838,0.875,0.29166666666666663,0.5,0.4438011148527704,0.5561988851472307,1.0000000000055114,4.4586242998756715e-14
1371,274.3829219479653,0.875,0.29166666666666663,0.5,0.4438011148527702,0.5561988851472308,1.0000000000055107,4.457166795996248e-14
1372,274.5830553702468,0.875,0.29166666666666663,0.5,0.44380111485276996,0.556198885147231,1.0000000000055103,4.4557092921168235e-14
1373,274.78318879252834,0.875,0.29166666666666663,0.5,0.4438011148527698,0.5561988851472313,1.0000000000055096,4.4542517882374e-14
1374,274.98332221480985,0.875,0.29166666666666663,0.5,0.4438011148527696,0.5561988851472315,1.0000000000055091,4.4527942843579755e-14
1375,275.18345563709136,0.875,0.29166666666666663,0.5,0.4438011148527694,0.5561988851472317,1.0000000000055085,4.451336780478552e-14
1376,275.3835890593729,0.875,0.29166666666666663,0.5,0.4438011148527692,0.5561988851472318,1.000000000005508,4.4498792765991275e-14
1377,275.58372248165443,0.875,0.29166666666666663,0.5,0.443801114852769,0.556198885147232,1.0000000000055074,4.448421772719703e-14
1378,275.78385590393594,0.875,0.29166666666666663,0.5,0.4438011148527688,0.5561988851472323,1.000000000005507,4.4469642688402795e-14
1379,275.98398932621745,0.875,0.29166666666666663,0.5,0.44380111485276863,0.5561988851472325,1.0000000000055065,4.445506764960855e-14
1380,276.18412274849896,0.875,0.29166666666666663,0.5,0.4438011148527684,0.5561988851472326,1.0000000000055058,4.444049261081432e-14
1381,276.38425617078053,0.875,0.29166666666666663,0.5,0.44380111485276824,0.5561988851472328,1.0000000000055054,4.442591757202007e-14
1382,276.58438959306204,0.875,0.29166666666666663,0.5,0.443801114852768,0.556198885147233,1.0000000000055047,4.4411342533225835e-14
1383,276.78452301534355,0.875,0.29166666666666663,0.5,0.44380111485276785,0.5561988851472333,1.0000000000055043,4.439676749443159e-14
1384,276.98465643762506,0.875,0.29166666666666663,0.5,0.44380111485276763,0.5561988851472334,1.0000000000055036,4.4382192455637355e-14
1385,277.1847898599066,0.875,0.29166666666666663,0.5,0.44380111485276746,0.5561988851472336,1.0000000000055032,4.436761741684311e-14
1386,277.38492328218814,0.875,0.29166666666666663,0.5,0.44380111485276724,0.5561988851472338,1.0000000000055025,4.435304237804886e-14
1387,277.58505670446965,0.875,0.29166666666666663,0.5,0.443801114852767,0.556198885147234,1.000000000005502,4.433846733925464e-14
1388,277.78519012675116,0.875,0.29166666666666663,0.5,0.44380111485276685,0.5561988851472343,1.0000000000055016,4.432389230046039e-14
1389,277.98532354903267,0.875,0.29166666666666663,0.5,0.44380111485276663,0.5561988851472344,1.000000000005501,4.430931726166616e-14
1390,278.1854569713142,0.875,0.29166666666666663,0.5,0.44380111485276647,0.5561988851472346,1.0000000000055005,4.429474222287191e-14
1391,278.3855903935957,0.875,0.29166666666666663,0.5,0.44380111485276624,0.5561988851472348,1.0000000000054998,4.428016718407768e-14
1392,278.58572381587726,0.875,0.29166666666666663,0.5,0.4438011148527661,0.556198885147235,1.0000000000054994,4.426559214528343e-14
1393,278.78585723815877,0.875,0.29166666666666663,0.5,0.44380111485276585,0.5561988851472351,1.0000000000054987,4.4251017106489186e-14
1394,278.9859906604403,0.875,0.29166666666666663,0.5,0.4438011148527657,0.5561988851472354,1.0000000000054983,4.423644206769495e-14
1395,279.1861240827218,0.875,0.29166666666666663,0.5,0.44380111485276547,0.5561988851472356,1.0000000000054976,4.4221867028900706e-14
1396,279.3862575050033,0.875,0.29166666666666663,0.5,0.4438011148527653,0.5561988851472358,1.0000000000054972,4.420729199010647e-14
1397,279.58639092728487,0.875,0.29166666666666663,0.5,0.4438011148527651,0.5561988851472359,1.0000000000054965,4.4192716951312226e-14
1398,279.7865243495664,0.875,0.29166666666666663,0.5,0.4438011148527649,0.5561988851472361,1.000000000005496,4.417814191251799e-14
1399,279.9866577718479,0.875,0.29166666666666663,0.5,0.4438011148527647,0.5561988851472364,1.0000000000054956,4.4163566873723747e-14
1400,280.1867911941294,0.875,0.29166666666666663,0.5,0.4438011148527645,0.5561988851472366,1.000000000005495,4.414899183492951e-14
1401,280.3869246164109,0.875,0.29166666666666663,0.5,0.4438011148527643,0.5561988851472367,1.0000000000054945,4.4134416796135267e-14
1402,280.5870580386925,0.875,0.29166666666666663,0.5,0.44380111485276413,0.5561988851472369,1.0000000000054938,4.4119841757341024e-14
1403,280.787191460974,0.875,0.29166666666666663,0.5,0.4438011148527639,0.5561988851472371,1.0000000000054934,4.4105266718546787e-14
1404,280.9873248832555,0.875,0.29166666666666663,0.5,0.4438011148527637,0.5561988851472374,1.0000000000054927,4.409069167975255e-14
1405,281.187458305537,0.875,0.29166666666666663,0.5,0.4438011148527635,0.5561988851472376,1.0000000000054923,4.407611664095831e-14
1406,281.3875917278185,0.875,0.29166666666666663,0.5,0.4438011148527633,0.5561988851472377,1.0000000000054916,4.406154160216407e-14
1407,281.5877251501,0.875,0.29166666666666663,0.5,0.44380111485276313,0.5561988851472379,1.0000000000054912,4.404696656336983e-14
1408,281.7878585723816,0.875,0.29166666666666663,0.5,0.4438011148527629,0.5561988851472381,1.0000000000054907,4.403239152457558e-14
1409,281.9879919946631,0.875,0.29166666666666663,0.5,0.44380111485276275,0.5561988851472384,1.00000000000549,4.401781648578135e-14
1410,282.1881254169446,0.875,0.29166666666666663,0.5,0.4438011148527625,0.5561988851472385,1.0000000000054896,4.40032414469871e-14
1411,282.3882588392261,0.875,0.29166666666666663,0.5,0.44380111485276236,0.5561988851472387,1.000000000005489,4.398866640819287e-14
1412,282.58839226150764,0.875,0.29166666666666663,0.5,0.44380111485276214,0.5561988851472389,1.0000000000054885,4.397409136939862e-14
1413,282.7885256837892,0.875,0.29166666666666663,0.5,0.44380111485276197,0.5561988851472391,1.0000000000054878,4.395951633060438e-14
1414,282.9886591060707,0.875,0.29166666666666663,0.5,0.44380111485276175,0.5561988851472393,1.0000000000054874,4.3944941291810144e-14
1415,283.1887925283522,0.875,0.29166666666666663,0.5,0.4438011148527616,0.5561988851472395,1.0000000000054867,4.39303662530159e-14
1416,283.38892595063373,0.875,0.29166666666666663,0.5,0.44380111485276136,0.5561988851472397,1.0000000000054863,4.3915791214221664e-14
1417,283.58905937291524,0.875,0.29166666666666663,0.5,0.4438011148527612,0.5561988851472399,1.0000000000054856,4.390121617542742e-14
1418,283.7891927951968,0.875,0.29166666666666663,0.5,0.44380111485276097,0.5561988851472401,1.0000000000054852,4.3886641136633184e-14
1419,283.9893262174783,0.875,0.29166666666666663,0.5,0.44380111485276075,0.5561988851472403,1.0000000000054847,4.3872066097838935e-14
1420,284.18945963975983,0.875,0.29166666666666663,0.5,0.4438011148527606,0.5561988851472405,1.000000000005484,4.3857491059044704e-14
1421,284.38959306204134,0.875,0.29166666666666663,0.5,0.44380111485276036,0.5561988851472407,1.0000000000054836,4.384291602025046e-14
1422,284.58972648432285,0.875,0.29166666666666663,0.5,0.4438011148527602,0.5561988851472409,1.000000000005483,4.3828340981456225e-14
1423,284.7898599066044,0.875,0.29166666666666663,0.5,0.44380111485275997,0.556198885147241,1.0000000000054825,4.381376594266198e-14
1424,284.98999332888593,0.875,0.29166666666666663,0.5,0.4438011148527598,0.5561988851472413,1.0000000000054818,4.379919090386774e-14
1425,285.19012675116744,0.875,0.29166666666666663,0.5,0.4438011148527596,0.5561988851472415,1.0000000000054814,4.37846158650735e-14
1426,285.39026017344895,0.875,0.29166666666666663,0.5,0.4438011148527594,0.5561988851472417,1.0000000000054807,4.377004082627926e-14
1427,285.59039359573046,0.875,0.29166666666666663,0.5,0.4438011148527592,0.5561988851472418,1.0000000000054803,4.375546578748502e-14
1428,285.79052701801197,0.875,0.29166666666666663,0.5,0.443801114852759,0.556198885147242,1.0000000000054798,4.374089074869078e-14
1429,285.99066044029354,0.875,0.29166666666666663,0.5,0.4438011148527588,0.5561988851472423,1.0000000000054792,4.372631570989654e-14
1430,286.19079386257505,0.875,0.29166666666666663,0.5,0.44380111485275864,0.5561988851472425,1.0000000000054787,4.371174067110229e-14
1431,286.39092728485656,0.875,0.29166666666666663,0.5,0.4438011148527584,0.5561988851472426,1.000000000005478,4.369716563230806e-14
1432,286.59106070713807,0.875,0.29166666666666663,0.5,0.44380111485275825,0.5561988851472428,1.0000000000054776,4.368259059351381e-14
1433,286.7911941294196,0.875,0.29166666666666663,0.5,0.443801114852758,0.556198885147243,1.000000000005477,4.366801555471958e-14
1434,286.99132755170115,0.875,0.29166666666666663,0.5,0.4438011148527578,0.5561988851472432,1.0000000000054765,4.365344051592533e-14
1435,287.19146097398266,0.875,0.29166666666666663,0.5,0.44380111485275764,0.5561988851472435,1.0000000000054758,4.3638865477131096e-14
1436,287.39159439626417,0.875,0.29166666666666663,0.5,0.4438011148527574,0.5561988851472436,1.0000000000054754,4.362429043833685e-14
1437,287.5917278185457,0.875,0.29166666666666663,0.5,0.44380111485275725,0.5561988851472438,1.0000000000054747,4.3609715399542616e-14
1438,287.7918612408272,0.875,0.29166666666666663,0.5,0.44380111485275703,0.556198885147244,1.0000000000054743,4.359514036074837e-14
1439,287.99199466310876,0.875,0.29166666666666663,0.5,0.44380111485275686,0.5561988851472442,1.0000000000054738,4.358056532195413e-14
1440,288.19212808539027,0.875,0.29166666666666663,0.5,0.44380111485275664,0.5561988851472444,1.0000000000054732,4.356599028315989e-14
1441,288.3922615076718,0.875,0.29166666666666663,0.5,0.4438011148527565,0.5561988851472446,1.0000000000054727,4.355141524436565e-14
1442,288.5923949299533,0.875,0.29166666666666663,0.5,0.44380111485275625,0.5561988851472448,1.000000000005472,4.353684020557142e-14
1443,288.7925283522348,0.875,0.29166666666666663,0.5,0.4438011148527561,0.556198885147245,1.0000000000054716,4.352226516677717e-14
1444,288.9926617745163,0.875,0.29166666666666663,0.5,0.44380111485275586,0.5561988851472451,1.000000000005471,4.350769012798294e-14
1445,289.1927951967979,0.875,0.29166666666666663,0.5,0.4438011148527557,0.5561988851472454,1.0000000000054705,4.349311508918869e-14
1446,289.3929286190794,0.875,0.29166666666666663,0.5,0.4438011148527555,0.5561988851472456,1.0000000000054698,4.3478540050394453e-14
1447,289.5930620413609,0.875,0.29166666666666663,0.5,0.4438011148527553,0.5561988851472458,1.0000000000054694,4.3463965011600216e-14
1448,289.7931954636424,0.875,0.29166666666666663,0.5,0.4438011148527551,0.556198885147246,1.000000000005469,4.3449389972805973e-14
1449,289.9933288859239,0.875,0.29166666666666663,0.5,0.44380111485275486,0.5561988851472461,1.0000000000054683,4.3434814934011737e-14
1450,290.1934623082055,0.875,0.29166666666666663,0.5,0.4438011148527547,0.5561988851472464,1.0000000000054678,4.342023989521749e-14
1451,290.393595730487,0.875,0.29166666666666663,0.5,0.4438011148527545,0.5561988851472466,1.0000000000054672,4.3405664856423257e-14
1452,290.5937291527685,0.875,0.29166666666666663,0.5,0.4438011148527543,0.5561988851472468,1.0000000000054667,4.339108981762901e-14
1453,290.79386257505,0.875,0.29166666666666663,0.5,0.4438011148527541,0.5561988851472469,1.000000000005466,4.3376514778834777e-14
1454,290.9939959973315,0.875,0.29166666666666663,0.5,0.4438011148527539,0.5561988851472471,1.0000000000054656,4.336193974004053e-14
1455,291.1941294196131,0.875,0.29166666666666663,0.5,0.4438011148527537,0.5561988851472474,1.000000000005465,4.3347364701246284e-14
1456,291.3942628418946,0.875,0.29166666666666663,0.5,0.44380111485275353,0.5561988851472476,1.0000000000054645,4.333278966245205e-14
1457,291.5943962641761,0.875,0.29166666666666663,0.5,0.4438011148527533,0.5561988851472477,1.0000000000054639,4.3318214623657804e-14
1458,291.7945296864576,0.875,0.29166666666666663,0.5,0.44380111485275314,0.5561988851472479,1.0000000000054634,4.330363958486357e-14
1459,291.99466310873913,0.875,0.29166666666666663,0.5,0.4438011148527529,0.5561988851472481,1.000000000005463,4.328906454606933e-14
1460,292.19479653102064,0.875,0.29166666666666663,0.5,0.44380111485275275,0.5561988851472484,1.0000000000054623,4.3274489507275094e-14
1461,292.3949299533022,0.875,0.29166666666666663,0.5,0.44380111485275253,0.5561988851472485,1.0000000000054619,4.3259914468480844e-14
1462,292.5950633755837,0.875,0.29166666666666663,0.5,0.44380111485275237,0.5561988851472487,1.0000000000054612,4.3245339429686614e-14
1463,292.79519679786523,0.875,0.29166666666666663,0.5,0.44380111485275214,0.5561988851472489,1.0000000000054607,4.3230764390892365e-14
1464,292.99533022014674,0.875,0.29166666666666663,0.5,0.4438011148527519,0.5561988851472491,1.00000000000546,4.3216189352098134e-14
1465,293.19546364242825,0.875,0.29166666666666663,0.5,0.44380111485275175,0.5561988851472494,1.0000000000054596,4.3201614313303885e-14
1466,293.3955970647098,0.875,0.29166666666666663,0.5,0.44380111485275153,0.5561988851472495,1.000000000005459,4.318703927450965e-14
1467,293.59573048699133,0.875,0.29166666666666663,0.5,0.44380111485275137,0.5561988851472497,1.0000000000054585,4.3172464235715405e-14
1468,293.79586390927284,0.875,0.29166666666666663,0.5,0.44380111485275114,0.5561988851472499,1.000000000005458,4.315788919692117e-14
1469,293.99599733155435,0.875,0.29166666666666663,0.5,0.443801114852751,0.5561988851472501,1.0000000000054574,4.3143314158126925e-14
1470,294.19613075383586,0.875,0.29166666666666663,0.5,0.44380111485275076,0.5561988851472502,1.000000000005457,4.312873911933269e-14
1471,294.3962641761174,0.875,0.29166666666666663,0.5,0.4438011148527506,0.5561988851472505,1.0000000000054563,4.3114164080538445e-14
1472,294.59639759839894,0.875,0.29166666666666663,0.5,0.44380111485275037,0.5561988851472507,1.0000000000054559,4.3099589041744196e-14
1473,294.79653102068045,0.875,0.29166666666666663,0.5,0.4438011148527502,0.5561988851472509,1.0000000000054552,4.3085014002949965e-14
1474,294.99666444296196,0.875,0.29166666666666663,0.5,0.44380111485275,0.556198885147251,1.0000000000054547,4.3070438964155716e-14
1475,295.19679786524347,0.875,0.29166666666666663,0.5,0.4438011148527498,0.5561988851472512,1.000000000005454,4.305586392536149e-14
1476,295.396931287525,0.875,0.29166666666666663,0.5,0.4438011148527496,0.5561988851472515,1.0000000000054536,4.304128888656724e-14
1477,295.59706470980655,0.875,0.29166666666666663,0.5,0.4438011148527494,0.5561988851472517,1.000000000005453,4.3026713847773005e-14
1478,295.79719813208806,0.875,0.29166666666666663,0.5,0.4438011148527492,0.5561988851472518,1.0000000000054525,4.301213880897876e-14
1479,295.99733155436957,0.875,0.29166666666666663,0.5,0.443801114852749,0.556198885147252,1.000000000005452,4.2997563770184525e-14
1480,296.1974649766511,0.875,0.29166666666666663,0.5,0.4438011148527488,0.5561988851472522,1.0000000000054514,4.298298873139029e-14
1481,296.3975983989326,0.875,0.29166666666666663,0.5,0.4438011148527486,0.5561988851472525,1.000000000005451,4.2968413692596046e-14
1482,296.59773182121415,0.875,0.29166666666666663,0.5,0.4438011148527484,0.5561988851472527,1.0000000000054503,4.295383865380181e-14
1483,296.79786524349566,0.875,0.29166666666666663,0.5,0.4438011148527482,0.5561988851472528,1.0000000000054499,4.293926361500756e-14
1484,296.9979986657772,0.875,0.29166666666666663,0.5,0.44380111485274804,0.556198885147253,1.0000000000054492,4.292468857621333e-14
1485,297.1981320880587,0.875,0.29166666666666663,0.5,0.4438011148527478,0.5561988851472532,1.0000000000054488,4.291011353741908e-14
1486,297.3982655103402,0.875,0.29166666666666663,0.5,0.44380111485274765,0.5561988851472535,1.000000000005448,4.289553849862485e-14
1487,297.59839893262176,0.875,0.29166666666666663,0.5,0.4438011148527474,0.5561988851472536,1.0000000000054476,4.28809634598306e-14
1488,297.7985323549033,0.875,0.29166666666666663,0.5,0.44380111485274726,0.5561988851472538,1.0000000000054472,4.2866388421036356e-14
1489,297.9986657771848,0.875,0.29166666666666663,0.5,0.44380111485274704,0.556198885147254,1.0000000000054465,4.285181338224212e-14
1490,298.1987991994663,0.875,0.29166666666666663,0.5,0.44380111485274687,0.5561988851472542,1.000000000005446,4.2837238343447877e-14
1491,298.3989326217478,0.875,0.29166666666666663,0.5,0.44380111485274665,0.5561988851472544,1.0000000000054454,4.282266330465364e-14
1492,298.5990660440293,0.875,0.29166666666666663,0.5,0.4438011148527465,0.5561988851472546,1.000000000005445,4.28080882658594e-14
1493,298.7991994663109,0.875,0.29166666666666663,0.5,0.44380111485274626,0.5561988851472548,1.0000000000054443,4.279351322706516e-14
1494,298.9993328885924,0.875,0.29166666666666663,0.5,0.44380111485274604,0.556198885147255,1.0000000000054439,4.2778938188270917e-14
1495,299.1994663108739,0.875,0.29166666666666663,0.5,0.44380111485274587,0.5561988851472552,1.0000000000054432,4.276436314947668e-14
1496,299.3995997331554,0.875,0.29166666666666663,0.5,0.44380111485274565,0.5561988851472554,1.0000000000054428,4.2749788110682437e-14
1497,299.5997331554369,0.875,0.29166666666666663,0.5,0.4438011148527455,0.5561988851472556,1.000000000005442,4.27352130718882e-14
1498,299.7998665777185,0.875,0.29166666666666663,0.5,0.44380111485274526,0.5561988851472558,1.0000000000054416,4.272063803309396e-14
1499,300.0,0.875,0.29166666666666663,0.5,0.4438011148527451,0.556198885147256,1.0000000000054412,4.270606299429972e-14
