,time,beta,alpha,sigma_D,sigma_C,S_c,S_d,I_c,I_d,R0
0,0.0,0.5,0.2,0.25,0.125,0.09995999999999998,0.89964,3.999999999999999e-05,0.00036,1.1466189546842873
1,0.200133422281521,0.5,0.2,0.25,0.125,0.09641741392807003,0.9031600420073562,4.219328391823929e-05,0.0003803507806556763,1.1466189546842873
2,0.400266844563042,0.5,0.2,0.25,0.125,0.0929875258552277,0.9065659778587727,4.440049705845779e-05,0.0004020957889413085,1.1466189546842873
3,0.600400266844563,0.5,0.2,0.25,0.125,0.0896676463818502,0.9098603963594187,4.66239914756624e-05,0.00042533326725552843,1.1466189546842873
4,0.800533689126084,0.5,0.2,0.25,0.125,0.08645510446050955,0.9130458609417048,4.886612238399391e-05,0.00045016847540184184,1.1466189546842873
5,1.0006671114076051,0.5,0.2,0.25,0.125,0.08334723419719958,0.9161249199753461,5.112927998493922e-05,0.0004767165474695344,1.1466189546842873
6,1.200800533689126,0.5,0.2,0.25,0.125,0.0803413703396169,0.9191001209560544,5.341585272095367e-05,0.000505092851608027,1.1466189546842873
7,1.400933955970647,0.5,0.2,0.25,0.125,0.07743487434787304,0.9219739664288801,5.572826574832842e-05,0.000535430957498788,1.1466189546842873
8,1.601067378252168,0.5,0.2,0.25,0.125,0.07462510949586328,0.9247489559443864,5.806894672841707e-05,0.0005678656130220707,1.1466189546842873
9,1.801200800533689,0.5,0.2,0.25,0.125,0.07190947013447184,0.9274275443763191,6.044035665366584e-05,0.0006025451325556334,1.1466189546842873
10,2.0013342228152102,0.5,0.2,0.25,0.125,0.06928537649993387,0.9300121487480351,6.284498587614844e-05,0.0006396297661551631,1.1466189546842873
11,2.201467645096731,0.5,0.2,0.25,0.125,0.0667502841269544,0.9325051375787382,6.528536753905488e-05,0.0006792929267686121,1.1466189546842873
12,2.401601067378252,0.5,0.2,0.25,0.125,0.06430166568442387,0.9349088556533467,6.776405299107294e-05,0.000721714609238587,1.1466189546842873
13,2.601734489659773,0.5,0.2,0.25,0.125,0.06193704591080184,0.9372255758036068,7.02836469770187e-05,0.0007670946386146451,1.1466189546842873
14,2.801867911941294,0.5,0.2,0.25,0.125,0.059653973491606435,0.9394575377242931,7.284677943704194e-05,0.0008156420046636708,1.1466189546842873
15,3.002001334222815,0.5,0.2,0.25,0.125,0.05745004135078531,0.9416069198834783,7.545612641953622e-05,0.0008675826393170175,1.1466189546842873
16,3.202134756504336,0.5,0.2,0.25,0.125,0.05532287788538858,0.9436758510588746,7.811439127310721e-05,0.000923156664463897,1.1466189546842873
17,3.402268178785857,0.5,0.2,0.25,0.125,0.053270169998039144,0.945666378596479,8.082433120609948e-05,0.0009826270742759567,1.1466189546842873
18,3.602401601067378,0.5,0.2,0.25,0.125,0.05128964245581919,0.9475804949768275,8.358876064346405e-05,0.0010462738067099624,1.1466189546842873
19,3.802535023348899,0.5,0.2,0.25,0.125,0.04937906264177101,0.9494201307791241,8.641055802252097e-05,0.0011143960210824916,1.1466189546842873
20,4.0026684456304205,0.5,0.2,0.25,0.125,0.04753624897882069,0.9511871425796324,8.929265197549505e-05,0.0011873157895715717,1.1466189546842873
21,4.202801867911941,0.5,0.2,0.25,0.125,0.0457590615891237,0.9528833234816985,9.223801121037969e-05,0.0012653769179676794,1.1466189546842873
22,4.402935290193462,0.5,0.2,0.25,0.125,0.04404541054441926,0.9545103923630761,9.524966704805032e-05,0.001348947425456702,1.1466189546842873
23,4.603068712474983,0.5,0.2,0.25,0.125,0.04239325607135069,0.9560699883759501,9.833071935969536e-05,0.001438424833339631,1.1466189546842873
24,4.803202134756504,0.5,0.2,0.25,0.125,0.04080060607319702,0.9575636775811832,0.0001014843264274779,0.0015342320191925288,1.1466189546842873
25,5.003335557038025,0.5,0.2,0.25,0.125,0.03926551814978901,0.9589929416321372,0.0001047137199199425,0.0016368264981540068,1.1466189546842873
26,5.203468979319546,0.5,0.2,0.25,0.125,0.03778609836587466,0.9603591852611745,0.0001080221949666401,0.0017466941779844182,1.1466189546842873
27,5.403602401601067,0.5,0.2,0.25,0.125,0.03636050167637606,0.9616637247616492,0.00011141312284243601,0.001864360439132409,1.1466189546842873
28,5.603735823882588,0.5,0.2,0.25,0.125,0.0349869320330228,0.9629077925586427,0.00011488994641470491,0.0019903854619199475,1.1466189546842873
29,5.803869246164109,0.5,0.2,0.25,0.125,0.03366364202873799,0.9640925328865002,0.00011845618542666532,0.0021253688993353595,1.1466189546842873
30,6.00400266844563,0.5,0.2,0.25,0.125,0.0323889310479108,0.9652189972549641,0.00012211544254711785,0.00226995625457823,1.1466189546842873
31,6.204136090727151,0.5,0.2,0.25,0.125,0.031161147325236605,0.9662881414516792,0.00012587140638906338,0.0024248398166954476,1.1466189546842873
32,6.404269513008672,0.5,0.2,0.25,0.125,0.029978686062389386,0.9673008246903779,0.00012972785311373195,0.0025907613941191588,1.1466189546842873
33,6.604402935290193,0.5,0.2,0.25,0.125,0.028839987438625883,0.9682578100466432,0.00013368864646957763,0.0027685138682613944,1.1466189546842873
34,6.804536357571714,0.5,0.2,0.25,0.125,0.027743538505988298,0.9691597569419643,0.0001377577464478527,0.0029589468055995966,1.1466189546842873
35,7.004669779853235,0.5,0.2,0.25,0.125,0.026687871026446236,0.9700072185421178,0.00014193920446214985,0.003162971226973883,1.1466189546842873
36,7.204803202134756,0.5,0.2,0.25,0.125,0.025671560680315626,0.9708006385583065,0.00014623716436229546,0.003381563597015662,1.1466189546842873
37,7.404936624416277,0.5,0.2,0.25,0.125,0.024693227184105458,0.9715403494331999,0.0001506558699447436,0.00361576751275001,1.1466189546842873
38,7.605070046697798,0.5,0.2,0.25,0.125,0.023751532525733716,0.9722265650953669,0.00015519967265996865,0.0038667027062395214,1.1466189546842873
39,7.805203468979319,0.5,0.2,0.25,0.125,0.022845180468704405,0.9728593785864983,0.00015987303244462491,0.004135567912352804,1.1466189546842873
40,8.005336891260841,0.5,0.2,0.25,0.125,0.021972916008161553,0.9734387592706274,0.0001646805178714812,0.004423644203339676,1.1466189546842873
41,8.205470313542362,0.5,0.2,0.25,0.125,0.02113352389106878,0.9739645440879028,0.0001696268053624488,0.004732305215666094,1.1466189546842873
42,8.405603735823883,0.5,0.2,0.25,0.125,0.020325828052987802,0.9744364355403708,0.00017471668442031106,0.005063019722221115,1.1466189546842873
43,8.605737158105404,0.5,0.2,0.25,0.125,0.019548690823238256,0.9748539970952267,0.00017995506121034312,0.005417357020324757,1.1466189546842873
44,8.805870580386925,0.5,0.2,0.25,0.125,0.01880101164110729,0.9752166415996696,0.00018534695988962506,0.005796999799333665,1.1466189546842873
45,9.006004002668446,0.5,0.2,0.25,0.125,0.018081726464371027,0.9755236320762308,0.00019089752513414235,0.0062037439342642825,1.1466189546842873
46,9.206137424949967,0.5,0.2,0.25,0.125,0.01738980676015337,0.9757740746996321,0.0001966120242232777,0.006639506515991574,1.1466189546842873
47,9.406270847231488,0.5,0.2,0.25,0.125,0.016724258583992783,0.9759669093516135,0.00020249584790583633,0.007106336216488355,1.1466189546842873
48,9.606404269513009,0.5,0.2,0.25,0.125,0.016084121704050613,0.9761008981387563,0.00020855451029382866,0.0076064256468996155,1.1466189546842873
49,9.80653769179453,0.5,0.2,0.25,0.125,0.015468468381899043,0.9761746236784439,0.00021479365178313383,0.008142114287874393,1.1466189546842873
50,10.00667111407605,0.5,0.2,0.25,0.125,0.01487640238351318,0.976186478181969,0.00022121903880133003,0.00871590039571689,1.1466189546842873
51,10.206804536357572,0.5,0.2,0.25,0.125,0.014307058857073496,0.976134657633456,0.00022783657012131673,0.00933044693934966,1.1466189546842873
52,10.406937958639093,0.5,0.2,0.25,0.125,0.013759603379384663,0.9760171526261554,0.00023465227772604452,0.009988591716734321,1.1466189546842873
53,10.607071380920614,0.5,0.2,0.25,0.125,0.013233230282011437,0.975831736170783,0.00024167232289878682,0.010693361224307151,1.1466189546842873
54,10.807204803202135,0.5,0.2,0.25,0.125,0.01272716209945683,0.9755759551791714,0.0002489029984176837,0.011447979722954405,1.1466189546842873
55,11.007338225483656,0.5,0.2,0.25,0.125,0.012240649202159438,0.9752471228147409,0.0002563507140000091,0.012255877269099992,1.1466189546842873
56,11.207471647765177,0.5,0.2,0.25,0.125,0.011772968614116844,0.9748423065365691,0.00026402200325738784,0.013120702846056985,1.1466189546842873
57,11.407605070046698,0.5,0.2,0.25,0.125,0.011323423089486214,0.9743583169639585,0.0002719235234409269,0.014046336423114718,1.1466189546842873
58,11.607738492328219,0.5,0.2,0.25,0.125,0.010891340419651552,0.9737916976769441,0.0002800620515167819,0.015036899851887917,1.1466189546842873
59,11.80787191460974,0.5,0.2,0.25,0.125,0.010476072850388062,0.9731387163350336,0.00028844449035889846,0.016096766324219868,1.1466189546842873
60,12.00800533689126,0.5,0.2,0.25,0.125,0.010076996096592466,0.9723953509030595,0.0002970778571650867,0.01723057514318342,1.1466189546842873
61,12.208138759172781,0.5,0.2,0.25,0.125,0.00969350862404705,0.9715572783453582,0.00030596928222670794,0.018443243748368525,1.1466189546842873
62,12.408272181454302,0.5,0.2,0.25,0.125,0.009325030981218535,0.9706198667113621,0.00031512599878374,0.019739976308636106,1.1466189546842873
63,12.608405603735823,0.5,0.2,0.25,0.125,0.00897100518413414,0.9695781706099958,0.00032455532420367115,0.02112626888166684,1.1466189546842873
64,12.808539026017344,0.5,0.2,0.25,0.125,0.008630893885141926,0.9684269104802727,0.0003342646721909426,0.022607930962394888,1.1466189546842873
65,13.008672448298865,0.5,0.2,0.25,0.125,0.008304179748289375,0.9671604648899218,0.0003442615383980446,0.02419109382339133,1.1466189546842873
66,13.208805870580386,0.5,0.2,0.25,0.125,0.007990364822263372,0.9657728701734672,0.00035455348378052374,0.02588221152048938,1.1466189546842873
67,13.408939292861907,0.5,0.2,0.25,0.125,0.0076889699218355995,0.9642578174498528,0.00036514813201944934,0.027688064496292516,1.1466189546842873
68,13.609072715143428,0.5,0.2,0.25,0.125,0.007399533982092888,0.9626086338448145,0.0003760531582218219,0.029615779014871148,1.1466189546842873
69,13.80920613742495,0.5,0.2,0.25,0.125,0.007121613486769358,0.9608182883787321,0.0003872762667768799,0.031672821867722106,1.1466189546842873
70,14.00933955970647,0.5,0.2,0.25,0.125,0.006854781882587115,0.9588793888813562,0.00039882518189962715,0.03386700405415763,1.1466189546842873
71,14.209472981987991,0.5,0.2,0.25,0.125,0.006598629031207645,0.9567841838922855,0.0004107076309386296,0.03620647944556882,1.1466189546842873
72,14.409606404269512,0.5,0.2,0.25,0.125,0.006352760637501523,0.9545245680708414,0.00042293132636123587,0.03869973996529639,1.1466189546842873
73,14.609739826551033,0.5,0.2,0.25,0.125,0.006116797876720851,0.9520920887479974,0.0004355039527280586,0.04135560942255424,1.1466189546842873
74,14.809873248832554,0.5,0.2,0.25,0.125,0.005890376661227243,0.9494779609106064,0.00044843313964348496,0.04418322928852334,1.1466189546842873
75,15.010006671114075,0.5,0.2,0.25,0.125,0.005673147283996871,0.9466730839817653,0.00046172644513595596,0.0471920422891024,1.1466189546842873
76,15.210140093395596,0.5,0.2,0.25,0.125,0.005464773984132769,0.9436680603195283,0.00047539133665416166,0.050391774359685115,1.1466189546842873
77,15.410273515677117,0.5,0.2,0.25,0.125,0.0052649343702159635,0.9404532284403946,0.0004894351634383076,0.05379240202595138,1.1466189546842873
78,15.610406937958638,0.5,0.2,0.25,0.125,0.005073319082785399,0.9370186957304447,0.0005038651388064161,0.057404120047963685,1.1466189546842873
79,15.810540360240159,0.5,0.2,0.25,0.125,0.004889631294185276,0.9333543768911385,0.0005186883148535442,0.06123730349982276,1.1466189546842873
80,16.010673782521682,0.5,0.2,0.25,0.125,0.004713586326168703,0.9294500519684894,0.000533911557802066,0.06530245014754002,1.1466189546842873
81,16.210807204803203,0.5,0.2,0.25,0.125,0.004544911178378084,0.925295418919674,0.000549541523467116,0.06961012837848093,1.1466189546842873
82,16.410940627084724,0.5,0.2,0.25,0.125,0.004383344335779924,0.9208801540323681,0.0005655846428263673,0.07417091698902574,1.1466189546842873
83,16.611074049366245,0.5,0.2,0.25,0.125,0.004228635218942926,0.9161939977300352,0.0005820470973637449,0.07899531995365831,1.1466189546842873
84,16.811207471647766,0.5,0.2,0.25,0.125,0.004080543859493029,0.9112268304731111,0.0005989348013561468,0.08409369086603984,1.1466189546842873
85,17.011340893929287,0.5,0.2,0.25,0.125,0.003938840554494237,0.9059687785173162,0.0006162533853146545,0.0894761275428751,1.1466189546842873
86,17.211474316210808,0.5,0.2,0.25,0.125,0.003803305508233197,0.9004103082425033,0.0006340081828544393,0.09515237806640917,1.1466189546842873
87,17.41160773849233,0.5,0.2,0.25,0.125,0.0036737285037365683,0.8945423486023131,0.0006522042233438293,0.10113171867060673,1.1466189546842873
88,17.61174116077385,0.5,0.2,0.25,0.125,0.0035499085721227325,0.8883564208742021,0.0006708462316294602,0.107422824322046,1.1466189546842873
89,17.81187458305537,0.5,0.2,0.25,0.125,0.0034316536484804505,0.8818447451262476,0.0006899386155759625,0.11403366260969626,1.1466189546842873
90,18.01200800533689,0.5,0.2,0.25,0.125,0.0033187802540424974,0.8750003817625241,0.0007094854771344213,0.1209713525062992,1.1466189546842873
91,18.212141427618413,0.5,0.2,0.25,0.125,0.003211113214803432,0.8678174213004236,0.000729490660684135,0.12824197482408914,1.1466189546842873
92,18.412274849899934,0.5,0.2,0.25,0.125,0.003108485351341552,0.8602911247409835,0.0007499577442569198,0.13585043216341847,1.1466189546842873
93,18.612408272181455,0.5,0.2,0.25,0.125,0.003010737147382278,0.8524180543740554,0.0007708900733869014,0.1438003184051759,1.1466189546842873
94,18.812541694462976,0.5,0.2,0.25,0.125,0.0029177164169195955,0.8441962007819408,0.0007922907936065613,0.15209379200753348,1.1466189546842873
95,19.012675116744497,0.5,0.2,0.25,0.125,0.0028292780600844584,0.8356251766460183,0.0008141629240561894,0.16073138236984144,1.1466189546842873
96,19.212808539026017,0.5,0.2,0.25,0.125,0.002745283784096436,0.8267063719592006,0.00083650943513998,0.16971183482156343,1.1466189546842873
97,19.41294196130754,0.5,0.2,0.25,0.125,0.00266560177370305,0.8174430627079872,0.000859333293071981,0.1790320022252382,1.1466189546842873
98,19.61307538358906,0.5,0.2,0.25,0.125,0.0025901063964474673,0.8078405347458506,0.0008826375353782829,0.1886867213223241,1.1466189546842873
99,19.81320880587058,0.5,0.2,0.25,0.125,0.0025186779503018667,0.7979061960794848,0.0009064253901620781,0.19866870058005173,1.1466189546842873
100,20.0133422281521,0.5,0.2,0.25,0.125,0.0024512023887930147,0.7876496618501571,0.0009307003855746929,0.20896843537547583,1.1466189546842873
101,20.213475650433622,0.5,0.2,0.25,0.125,0.0023875710394615306,0.777082809210433,0.0009554664485738255,0.21957415330153213,1.1466189546842873
102,20.413609072715143,0.5,0.2,0.25,0.125,0.0023276803416304778,0.7662198138853951,0.0009807280305056808,0.2304717777424693,1.1466189546842873
103,20.613742494996664,0.5,0.2,0.25,0.125,0.002271431603351839,0.7550771443155266,0.0010064902415054028,0.24164493383961658,1.1466189546842873
104,20.813875917278185,0.5,0.2,0.25,0.125,0.0022187307569294483,0.743673531834717,0.0010327589883682847,0.2530749784199858,1.1466189546842873
105,21.014009339559706,0.5,0.2,0.25,0.125,0.002169488128852546,0.7320298970900306,0.0010595411087291927,0.2647410736723881,1.1466189546842873
106,21.214142761841227,0.5,0.2,0.25,0.125,0.00212361822015808,0.7201692459666124,0.0010868445170999273,0.27662029129612997,1.1466189546842873
107,21.41427618412275,0.5,0.2,0.25,0.125,0.002081039507189571,0.7081165238733023,0.0011146783408356,0.288687758278673,1.1466189546842873
108,21.61440960640427,0.5,0.2,0.25,0.125,0.0020416742501804972,0.6958984355661799,0.0011430530636828441,0.30091683711995704,1.1466189546842873
109,21.81454302868579,0.5,0.2,0.25,0.125,0.002005448323817604,0.6835432343096672,0.001171980652327011,0.31327933671418856,1.1466189546842873
110,22.01467645096731,0.5,0.2,0.25,0.125,0.001972291058926598,0.6710804715944377,0.0012014746889125688,0.3257457626577235,1.1466189546842873
111,22.214809873248832,0.5,0.2,0.25,0.125,0.0019421351054125736,0.6585407355253949,0.0012315504800034223,0.3382855788891893,1.1466189546842873
112,22.414943295530353,0.5,0.2,0.25,0.125,0.001914916308520915,0.6459553454919403,0.0012622251689266414,0.3508675130306125,1.1466189546842873
113,22.615076717811874,0.5,0.2,0.25,0.125,0.0018905736035011828,0.6333560610238331,0.0012935178204655875,0.36345984755220045,1.1466189546842873
114,22.815210140093395,0.5,0.2,0.25,0.125,0.0018690489259628454,0.6207747441203468,0.0013254495054468858,0.3760307574482438,1.1466189546842873
115,23.015343562374916,0.5,0.2,0.25,0.125,0.0018502871350718451,0.6082430635815027,0.001358043356954139,0.3885486059264717,1.1466189546842873
116,23.215476984656437,0.5,0.2,0.25,0.125,0.0018342359547740795,0.5957921528059527,0.00139132462232129,0.40098228661695245,1.1466189546842873
117,23.415610406937958,0.5,0.2,0.25,0.125,0.0018208459220044886,0.5834523346592531,0.0014253206884066525,0.41330149873033617,1.1466189546842873
118,23.61574382921948,0.5,0.2,0.25,0.125,0.0018100703518042684,0.5712528050287039,0.0014600611006291226,0.4254770635188631,1.1466189546842873
119,23.815877251501,0.5,0.2,0.25,0.125,0.0018018653047043717,0.5592214021532329,0.0014955775578224197,0.4374811549842407,1.1466189546842873
120,24.01601067378252,0.5,0.2,0.25,0.125,0.0017961895750207063,0.5473843187665032,0.0015319038999871662,0.4492875877584893,1.1466189546842873
121,24.216144096064042,0.5,0.2,0.25,0.125,0.0017930046675345092,0.5357659594736465,0.0015690760786419404,0.46087195978017753,1.1466189546842873
122,24.416277518345563,0.5,0.2,0.25,0.125,0.0017922747913874544,0.5243887329546897,0.0016071321184706975,0.4722118601354526,1.1466189546842873
123,24.616410940627084,0.5,0.2,0.25,0.125,0.0017939668576140426,0.5132729176110542,0.0016461120592800422,0.48328700347205206,1.1466189546842873
124,24.816544362908605,0.5,0.2,0.25,0.125,0.0017980504753945708,0.502436581686341,0.0016860579008912769,0.49407930993737353,1.1466189546842873
125,25.016677785190126,0.5,0.2,0.25,0.125,0.0018044979499929562,0.49189550124637244,0.0017270135400138651,0.5045729872636212,1.1466189546842873
126,25.216811207471647,0.5,0.2,0.25,0.125,0.0018132842826794925,0.4816631601949194,0.0017690246918552212,0.5147545308305463,1.1466189546842873
127,25.416944629753168,0.5,0.2,0.25,0.125,0.0018243871689334723,0.471750740214965,0.001812138821475627,0.5246127337946264,1.1466189546842873
128,25.61707805203469,0.5,0.2,0.25,0.125,0.0018377869977622067,0.46216716036815586,0.0018564050658416925,0.5341386475682407,1.1466189546842873
129,25.81721147431621,0.5,0.2,0.25,0.125,0.0018534668482575946,0.45291915933405075,0.001901874158860042,0.5433254996588319,1.1466189546842873
130,26.01734489659773,0.5,0.2,0.25,0.125,0.0018714124864050114,0.44401136261231866,0.0019485983588111335,0.5521686265424655,1.1466189546842873
131,26.21747831887925,0.5,0.2,0.25,0.125,0.001891612359497592,0.4354464135545183,0.001996631376978022,0.5606653427090064,1.1466189546842873
132,26.417611741160773,0.5,0.2,0.25,0.125,0.0019140575902326991,0.42722507915970936,0.0020460283136074556,0.5688148349364507,1.1466189546842873
133,26.617745163442294,0.5,0.2,0.25,0.125,0.0019387419681354183,0.41934642238864833,0.002096845595584905,0.5766179900476316,1.1466189546842873
134,26.817878585723815,0.5,0.2,0.25,0.125,0.001965661939936007,0.41180790547238105,0.002149140921861007,0.5840772916658221,1.1466189546842873
135,27.018012008005336,0.5,0.2,0.25,0.125,0.0019948165989626026,0.40460557118589496,0.0022029732127832155,0.5911966390023593,1.1466189546842873
136,27.218145430286857,0.5,0.2,0.25,0.125,0.0020262076785832798,0.39773417867043526,0.0022584025762142405,0.5979812110747673,1.1466189546842873
137,27.418278852568378,0.5,0.2,0.25,0.125,0.0020598395398646286,0.39118737190292513,0.002315490270566612,0.6044372982866437,1.1466189546842873
138,27.6184122748499,0.5,0.2,0.25,0.125,0.0020957191606727223,0.3849578185683882,0.002374298679641598,0.6105721635912976,1.1466189546842873
139,27.81854569713142,0.5,0.2,0.25,0.125,0.002133856125179702,0.37903736159451,0.002434891294361997,0.6163938909859483,1.1466189546842873
140,28.01867911941294,0.5,0.2,0.25,0.125,0.00217426261291292,0.3734171526346529,0.002497332701740727,0.6219112520506935,1.1466189546842873
141,28.21881254169446,0.5,0.2,0.25,0.125,0.002216953389873511,0.36808778385598845,0.002561688582023224,0.6271335741721149,1.1466189546842873
142,28.418945963975982,0.5,0.2,0.25,0.125,0.00226194579953416,0.3630394092411066,0.0026280257128209416,0.6320706192465383,1.1466189546842873
143,28.619079386257503,0.5,0.2,0.25,0.125,0.0023092597550179246,0.35826185396445975,0.0026964119782922386,0.6367324743022301,1.1466189546842873
144,28.819212808539024,0.5,0.2,0.25,0.125,0.0023589177312934675,0.3537447224421083,0.0027669163880063106,0.641129443438592,1.1466189546842873
145,29.019346230820545,0.5,0.2,0.25,0.125,0.0024109447604061885,0.34947748318265676,0.0028396090961712293,0.6452719629607659,1.1466189546842873
146,29.219479653102066,0.5,0.2,0.25,0.125,0.0024653684261303236,0.3454495534252705,0.002914561431714403,0.6491705167168849,1.1466189546842873
147,29.419613075383587,0.5,0.2,0.25,0.125,0.0025222188617441054,0.3416503735276943,0.0029918459305970342,0.6528355616799646,1.1466189546842873
148,29.61974649766511,0.5,0.2,0.25,0.125,0.0025815287488685475,0.3380694688691253,0.003071536373786952,0.6562774660082192,1.1466189546842873
149,29.81987991994663,0.5,0.2,0.25,0.125,0.0026433333166823456,0.33469650567752585,0.0031537078295466162,0.6595064531762452,1.1466189546842873
150,30.02001334222815,0.5,0.2,0.25,0.125,0.0027076703440912764,0.3315213381202361,0.00323843669586196,0.6625325548398107,1.1466189546842873
151,30.22014676450967,0.5,0.2,0.25,0.125,0.002774580162315848,0.3285340454657674,0.0033258007531153442,0.6653655736188016,1.1466189546842873
152,30.420280186791192,0.5,0.2,0.25,0.125,0.0028441056600058117,0.3257249686748482,0.003415879210326049,0.6680150464548201,1.1466189546842873
153,30.620413609072713,0.5,0.2,0.25,0.125,0.002916292289153796,0.3230847306896255,0.003508752763998951,0.6704902242572218,1.1466189546842873
154,30.820547031354234,0.5,0.2,0.25,0.125,0.002991188073779444,0.32060426358376454,0.003604503649229245,0.6728000446932269,1.1466189546842873
155,31.020680453635755,0.5,0.2,0.25,0.125,0.0030688436191615162,0.31827481732051405,0.0037032157014704106,0.6749531233588542,1.1466189546842873
156,31.220813875917276,0.5,0.2,0.25,0.125,0.003149312122996432,0.3160879763499022,0.0038049744116945765,0.6769577371154069,1.1466189546842873
157,31.420947298198797,0.5,0.2,0.25,0.125,0.0032326493882693544,0.31403566207510447,0.003909866989047865,0.6788218215475784,1.1466189546842873
158,31.621080720480318,0.5,0.2,0.25,0.125,0.0033189138372614955,0.31211014116818275,0.004017982418714585,0.6805529625758413,1.1466189546842873
159,31.82121414276184,0.5,0.2,0.25,0.125,0.0034081665274840207,0.31030402180401995,0.0041294115255432525,0.6821584001429529,1.1466189546842873
160,32.021347565043364,0.5,0.2,0.25,0.125,0.003500471169208106,0.30861024490576144,0.004244247039380355,0.6836450368856501,1.1466189546842873
161,32.22148098732488,0.5,0.2,0.25,0.125,0.0035958941458925256,0.307022091622792,0.004362583652366953,0.6850194305789487,1.1466189546842873
162,32.421614409606406,0.5,0.2,0.25,0.125,0.003694504535420931,0.3055331793609305,0.004484518080226808,0.6862877980234219,1.1466189546842873
163,32.62174783188792,0.5,0.2,0.25,0.125,0.0037963741322063725,0.3041374500898047,0.004610149125580203,0.6874560266524088,1.1466189546842873
164,32.82188125416945,0.5,0.2,0.25,0.125,0.0039015774677875767,0.3028291570262802,0.004739577739726479,0.6885296877662058,1.1466189546842873
165,33.022014676450965,0.5,0.2,0.25,0.125,0.004010191832808062,0.3016028505461086,0.004872907083320931,0.6895140505377625,1.1466189546842873
166,33.22214809873249,0.5,0.2,0.25,0.125,0.004122297305940519,0.3004533851014983,0.005010242578185976,0.6904140750143752,1.1466189546842873
167,33.42228152101401,0.5,0.2,0.25,0.125,0.004237976779983295,0.2993758984786761,0.005151691971723945,0.6912344327696167,1.1466189546842873
168,33.62241494329553,0.5,0.2,0.25,0.125,0.004357315991876478,0.2983657901822844,0.005297365403666483,0.6919795284221727,1.1466189546842873
169,33.82254836557705,0.5,0.2,0.25,0.125,0.004480403548706016,0.2974187272180836,0.00544737544854549,0.6926534937846649,1.1466189546842873
170,34.02268178785857,0.5,0.2,0.25,0.125,0.004607330960812466,0.2965306267661744,0.005601837176807767,0.6932602050962053,1.1466189546842873
171,34.22281521014009,0.5,0.2,0.25,0.125,0.004738192678618543,0.2956976400764254,0.005760868213786622,0.6938032990311694,1.1466189546842873
172,34.422948632421615,0.5,0.2,0.25,0.125,0.004873086123288598,0.29491614851078607,0.00592458878851492,0.6942861765774104,1.1466189546842873
173,34.62308205470313,0.5,0.2,0.25,0.125,0.005012111720607559,0.2941827504349447,0.006093121785391819,0.6947120160590559,1.1466189546842873
174,34.82321547698466,0.5,0.2,0.25,0.125,0.005155372921344219,0.2934942434957434,0.006266592786079671,0.6950837907968327,1.1466189546842873
175,35.023348899266175,0.5,0.2,0.25,0.125,0.005302976246759106,0.29284762054369623,0.0064451301214307226,0.6954042730881139,1.1466189546842873
176,35.2234823215477,0.5,0.2,0.25,0.125,0.005455031320211811,0.2922400578573238,0.006628864914330689,0.6956760459081336,1.1466189546842873
177,35.42361574382922,0.5,0.2,0.25,0.125,0.005611650911615863,0.29166890446420923,0.006817931128710835,0.6959015134954639,1.1466189546842873
178,35.62374916611074,0.5,0.2,0.25,0.125,0.00577295096607455,0.29113167329562484,0.00701246560439624,0.6960829101339043,1.1466189546842873
179,35.82388258839226,0.5,0.2,0.25,0.125,0.005939050641721462,0.2906260322593117,0.0072126080957877195,0.696222309003179,1.1466189546842873
180,36.02401601067378,0.5,0.2,0.25,0.125,0.006110072345509864,0.29014979319629103,0.007418501305749693,0.6963216331524493,1.1466189546842873
181,36.2241494329553,0.5,0.2,0.25,0.125,0.006286141771880616,0.2897009052730761,0.007630290919286845,0.6963826620357564,1.1466189546842873
182,36.424282855236825,0.5,0.2,0.25,0.125,0.006467387940075819,0.2892774473356466,0.007848125633028847,0.6964070390912487,1.1466189546842873
183,36.62441627751834,0.5,0.2,0.25,0.125,0.00665394322462949,0.2888776180574194,0.008072157178091082,0.69639628153986,1.1466189546842873
184,36.82454969979987,0.5,0.2,0.25,0.125,0.0068459433929165,0.28849972949862185,0.008302540343384254,0.6963517867650774,1.1466189546842873
185,37.024683122081385,0.5,0.2,0.25,0.125,0.007043527640644456,0.2881422005619536,0.008539432994593633,0.6962748388028083,1.1466189546842873
186,37.22481654436291,0.5,0.2,0.25,0.125,0.007246838630272647,0.28780355034113403,0.008782996090151344,0.6961666149384419,1.1466189546842873
187,37.42494996664443,0.5,0.2,0.25,0.125,0.007456022524713475,0.28748239201507986,0.00903339369218733,0.6960281917680193,1.1466189546842873
188,37.62508338892595,0.5,0.2,0.25,0.125,0.007671229019316112,0.2871774271341521,0.009290792973031604,0.6958605508735002,1.1466189546842873
189,37.82521681120747,0.5,0.2,0.25,0.125,0.007892611371251,0.28688743939197386,0.00955536421536718,0.6956645850214079,1.1466189546842873
190,38.02535023348899,0.5,0.2,0.25,0.125,0.008120326428174647,0.28661128916787115,0.009827280807718533,0.6954411035962357,1.1466189546842873
191,38.22548365577051,0.5,0.2,0.25,0.125,0.008354534661151375,0.28634790932692494,0.010106719239735981,0.6951908367721877,1.1466189546842873
192,38.425617078052035,0.5,0.2,0.25,0.125,0.008595400190603269,0.286096300334651,0.01039385908708855,0.6949144403876573,1.1466189546842873
193,38.62575050033355,0.5,0.2,0.25,0.125,0.008843090811795993,0.28585552591943714,0.010688882992456492,0.6946125002763105,1.1466189546842873
194,38.82588392261508,0.5,0.2,0.25,0.125,0.009097778016435031,0.28562470878952506,0.010991976641145597,0.6942855365528944,1.1466189546842873
195,39.026017344896594,0.5,0.2,0.25,0.125,0.009359637014038285,0.2854030268402507,0.011303328730153151,0.6939340074155579,1.1466189546842873
196,39.22615076717812,0.5,0.2,0.25,0.125,0.009628846751228902,0.2851897097401948,0.011623130925222103,0.6935583125833542,1.1466189546842873
197,39.426284189459636,0.5,0.2,0.25,0.125,0.009905589927993298,0.2849840355030661,0.01195157782168892,0.6931587967472517,1.1466189546842873
198,39.62641761174116,0.5,0.2,0.25,0.125,0.010190053012107255,0.2847853274120029,0.012288866896340862,0.692735752679549,1.1466189546842873
199,39.82655103402268,0.5,0.2,0.25,0.125,0.01048242624653379,0.28459295095104636,0.012635198443865923,0.692289424358554,1.1466189546842873
200,40.0266844563042,0.5,0.2,0.25,0.125,0.010782903641144174,0.284406310140819,0.012990775488622623,0.6918200107294142,1.1466189546842873
201,40.22681787858572,0.5,0.2,0.25,0.125,0.011091682996267631,0.2842248462341698,0.01335580374038415,0.6913276670291785,1.1466189546842873
202,40.426951300867245,0.5,0.2,0.25,0.125,0.01140896589971991,0.2840480351704752,0.013730491508283475,0.6908125074215214,1.1466189546842873
203,40.62708472314876,0.5,0.2,0.25,0.125,0.01173495770451694,0.28387538453879235,0.014115049583412757,0.690274608173278,1.1466189546842873
204,40.82721814543029,0.5,0.2,0.25,0.125,0.012069867515880035,0.2837064313469107,0.014509691132342416,0.6897140100048669,1.1466189546842873
205,41.027351567711804,0.5,0.2,0.25,0.125,0.012413908200444026,0.2835407411918095,0.014914631620631676,0.6891307189871149,1.1466189546842873
206,41.22748498999333,0.5,0.2,0.25,0.125,0.012767296359433362,0.2833779061101766,0.015330088680538721,0.6885247088498514,1.1466189546842873
207,41.427618412274846,0.5,0.2,0.25,0.125,0.013130252272012607,0.283217541624674,0.01575628193471587,0.6878959241685976,1.1466189546842873
208,41.62775183455637,0.5,0.2,0.25,0.125,0.013502999890940047,0.2830592862276968,0.01619343288990181,0.6872442809914614,1.1466189546842873
209,41.82788525683789,0.5,0.2,0.25,0.125,0.013885766812910842,0.2829028001814901,0.016641764792192253,0.6865696682134068,1.1466189546842873
210,42.02801867911941,0.5,0.2,0.25,0.125,0.014278784223780405,0.28274776373773997,0.017101502445165836,0.6858719495933138,1.1466189546842873
211,42.22815210140093,0.5,0.2,0.25,0.125,0.014682286818506522,0.28259387488104726,0.017572871991813323,0.6851509663086328,1.1466189546842873
212,42.428285523682455,0.5,0.2,0.25,0.125,0.01509651278822581,0.28244084954384285,0.018056100781228178,0.684406536886703,1.1466189546842873
213,42.62841894596397,0.5,0.2,0.25,0.125,0.015521703749680397,0.28228842025756756,0.018551417156148553,0.6836384588366036,1.1466189546842873
214,42.8285523682455,0.5,0.2,0.25,0.125,0.015958104648987677,0.28213633453566556,0.01905905020515921,0.6828465106101875,1.1466189546842873
215,43.028685790527014,0.5,0.2,0.25,0.125,0.016405963682319925,0.28198435392340737,0.01957922953244854,0.6820304528618242,1.1466189546842873
216,43.22881921280854,0.5,0.2,0.25,0.125,0.016865532238545877,0.28183225382222143,0.02011218505137611,0.6811900288878566,1.1466189546842873
217,43.428952635090056,0.5,0.2,0.25,0.125,0.0173370647941579,0.2816798224519432,0.020658146714963063,0.680324966038936,1.1466189546842873
218,43.62908605737158,0.5,0.2,0.25,0.125,0.01782081877184057,0.28152685937347793,0.021217344202974005,0.6794349776517076,1.1466189546842873
219,43.8292194796531,0.5,0.2,0.25,0.125,0.018317054461784485,0.2813731754723839,0.02179000667406597,0.6785197633917657,1.1466189546842873
220,44.02935290193462,0.5,0.2,0.25,0.125,0.018826034905698723,0.28121859243761993,0.022376362471829198,0.6775790101848522,1.1466189546842873
221,44.22948632421614,0.5,0.2,0.25,0.125,0.019348025753140288,0.28106294196756787,0.02297663879763082,0.676612393481661,1.1466189546842873
222,44.429619746497664,0.5,0.2,0.25,0.125,0.019883295086286546,0.28090606468498236,0.023591061348935825,0.6756195788797953,1.1466189546842873
223,44.62975316877918,0.5,0.2,0.25,0.125,0.020432113316744438,0.28074781042605573,0.024219854019131813,0.674600222238068,1.1466189546842873
224,44.829886591060706,0.5,0.2,0.25,0.125,0.02099475301633521,0.2805880376587812,0.02486323852956156,0.673553970795322,1.1466189546842873
225,45.030020013342224,0.5,0.2,0.25,0.125,0.021571488724687168,0.28042661279410264,0.02552143404166021,0.67248046443955,1.1466189546842873
226,45.23015343562375,0.5,0.2,0.25,0.125,0.02216259675976693,0.28026340972162783,0.02619465676286196,0.6713793367557434,1.1466189546842873
227,45.430286857905266,0.5,0.2,0.25,0.125,0.022768355057598583,0.28009830992231827,0.02688311956222122,0.670250215457862,1.1466189546842873
228,45.63042028018679,0.5,0.2,0.25,0.125,0.02338904295894529,0.27993120203986455,0.027587031544886065,0.6690927234563042,1.1466189546842873
229,45.83055370246831,0.5,0.2,0.25,0.125,0.024024940967431428,0.27976198123843743,0.02830659761640682,0.6679064801777245,1.1466189546842873
230,46.03068712474983,0.5,0.2,0.25,0.125,0.02467633054257716,0.27959054922288534,0.02904201803718954,0.6666911021973481,1.1466189546842873
231,46.23082054703135,0.5,0.2,0.25,0.125,0.025343493872141545,0.2794168141557585,0.029793487961209245,0.6654462040108908,1.1466189546842873
232,46.430953969312874,0.5,0.2,0.25,0.125,0.02602671361693188,0.2792406903681644,0.0305611969636833,0.6641713990512205,1.1466189546842873
233,46.63108739159439,0.5,0.2,0.25,0.125,0.026726272632394802,0.27906209789447345,0.03134532857634729,0.6628663008967844,1.1466189546842873
234,46.831220813875916,0.5,0.2,0.25,0.125,0.02744245372037417,0.27888096268646095,0.0321460597614644,0.6615305238317005,1.1466189546842873
235,47.03135423615743,0.5,0.2,0.25,0.125,0.028175539344505205,0.278697216455451,0.032963560401224785,0.6601636837988191,1.1466189546842873
236,47.23148765843896,0.5,0.2,0.25,0.125,0.028925811333500973,0.2785107964492553,0.033797992800402625,0.6587653994168412,1.1466189546842873
237,47.431621080720475,0.5,0.2,0.25,0.125,0.029693550573710113,0.2783216452342514,0.034649511184309374,0.6573352930077292,1.1466189546842873
238,47.631754503002,0.5,0.2,0.25,0.125,0.03047903670183746,0.2781297109034731,0.03551826109559259,0.6558729912990969,1.1466189546842873
239,47.83188792528352,0.5,0.2,0.25,0.125,0.03128254780572603,0.2779349468999173,0.03640437888537055,0.6543781264089861,1.1466189546842873
240,48.03202134756504,0.5,0.2,0.25,0.125,0.03210435995628233,0.27773731203817437,0.0373079911052113,0.652850336900332,1.1466189546842873
241,48.23215476984656,0.5,0.2,0.25,0.125,0.03294474712807967,0.2775367700854107,0.03822921416260343,0.6512892686239062,1.1466189546842873
242,48.432288192128084,0.5,0.2,0.25,0.125,0.03380398058800982,0.2773332902886355,0.03916815347194396,0.6496945756514106,1.1466189546842873
243,48.6324216144096,0.5,0.2,0.25,0.125,0.03468232864308839,0.2771268471129006,0.04012490302265442,0.6480659212213566,1.1466189546842873
244,48.832555036691126,0.5,0.2,0.25,0.125,0.035580056293831076,0.27691742001281466,0.04109954499891447,0.6464029786944397,1.1466189546842873
245,49.03268845897264,0.5,0.2,0.25,0.125,0.036497424796533465,0.27670499380558305,0.04209214891945653,0.6447054324784269,1.1466189546842873
246,49.23282188125417,0.5,0.2,0.25,0.125,0.03743469128307008,0.27648955866423885,0.043102771080398304,0.6429729789722928,1.1466189546842873
247,49.432955303535685,0.5,0.2,0.25,0.125,0.03839210837889786,0.2762711101227278,0.044131453988617154,0.6412053275097571,1.1466189546842873
248,49.63308872581721,0.5,0.2,0.25,0.125,0.039369923796979345,0.2760496489333436,0.045178225999961755,0.6394022012697153,1.1466189546842873
249,49.83322214809873,0.5,0.2,0.25,0.125,0.040368379912389195,0.27582518073096396,0.04624310120263987,0.637563338154007,1.1466189546842873
250,50.03335557038025,0.5,0.2,0.25,0.125,0.04138771343896484,0.27559771671791916,0.047326078005384443,0.6356884918377315,1.1466189546842873
251,50.23348899266177,0.5,0.2,0.25,0.125,0.04242815501661181,0.27536727345524065,0.04842713885965806,0.6337774326684895,1.1466189546842873
252,50.433622414943294,0.5,0.2,0.25,0.125,0.04348992881967156,0.2751338728645701,0.04954624971452075,0.6318299486012376,1.1466189546842873
253,50.63375583722481,0.5,0.2,0.25,0.125,0.04457325186093479,0.27489754235632646,0.05068336006742007,0.6298458457153187,1.1466189546842873
254,50.833889259506336,0.5,0.2,0.25,0.125,0.04567833358691283,0.27465831485566566,0.05183840242551624,0.6278249491319052,1.1466189546842873
255,51.03402268178785,0.5,0.2,0.25,0.125,0.04680537584780673,0.2744162286969522,0.053011291008667916,0.6257671044465731,1.1466189546842873
256,51.23415610406938,0.5,0.2,0.25,0.125,0.047954572304063865,0.27417132771594216,0.05420192159269052,0.6236721783873035,1.1466189546842873
257,51.4342895263509,0.5,0.2,0.25,0.125,0.04912610800662347,0.27392366128228524,0.05541017104173316,0.6215400596693581,1.1466189546842873
258,51.63442294863242,0.5,0.2,0.25,0.125,0.05032015868836138,0.2736732844643208,0.056635898415547545,0.6193706584317702,1.1466189546842873
259,51.834556370913944,0.5,0.2,0.25,0.125,0.05153689058574493,0.2734202579509965,0.05787894318543902,0.6171639082778195,1.1466189546842873
260,52.03468979319546,0.5,0.2,0.25,0.125,0.052776460084318404,0.2731646480544863,0.05913912441089407,0.6149197674503012,1.1466189546842873
261,52.234823215476986,0.5,0.2,0.25,0.125,0.054039013222610136,0.27290652677766264,0.060416240688260514,0.6126382193114667,1.1466189546842873
262,52.4349566377585,0.5,0.2,0.25,0.125,0.05532468530105801,0.27264597179392025,0.06171007015575638,0.6103192727492653,1.1466189546842873
263,52.63509006004003,0.5,0.2,0.25,0.125,0.05663360063359132,0.27238306616978886,0.06302037277275918,0.6079629604238607,1.1466189546842873
264,52.835223482321545,0.5,0.2,0.25,0.125,0.05796587191902969,0.27211789877302467,0.0643468865380608,0.6055693427698848,1.1466189546842873
265,53.03535690460307,0.5,0.2,0.25,0.125,0.05932159986984897,0.2718505642166634,0.06568932781116997,0.6031385081023176,1.1466189546842873
266,53.23549032688459,0.5,0.2,0.25,0.125,0.06070087281836383,0.27158116284379064,0.06704739127359259,0.600670573064253,1.1466189546842873
267,53.43562374916611,0.5,0.2,0.25,0.125,0.06210376659767742,0.27130980051321935,0.06842075115191906,0.5981656817371842,1.1466189546842873
268,53.63575717144763,0.5,0.2,0.25,0.125,0.06353034458791965,0.27103658825360943,0.06980906332408322,0.5956240038343877,1.1466189546842873
269,53.835890593729154,0.5,0.2,0.25,0.125,0.06498065643340747,0.2707616429754443,0.07121196032410164,0.5930457402670466,1.1466189546842873
270,54.03602401601067,0.5,0.2,0.25,0.125,0.06645473799247414,0.27048508720188513,0.07262905293320099,0.5904311218724397,1.1466189546842873
271,54.236157438292196,0.5,0.2,0.25,0.125,0.06795261097330547,0.27020704904973997,0.07405993009112702,0.5877804098858275,1.1466189546842873
272,54.43629086057371,0.5,0.2,0.25,0.125,0.06947428353229704,0.26992766159348436,0.07550416236955967,0.5850938925046588,1.1466189546842873
273,54.63642428285524,0.5,0.2,0.25,0.125,0.07101974972609638,0.26964706296729385,0.07696130116871913,0.5823718861378906,1.1466189546842873
274,54.836557705136755,0.5,0.2,0.25,0.125,0.07258898824258224,0.2693653969313061,0.07843087522374806,0.5796147396023635,1.1466189546842873
275,55.03669112741828,0.5,0.2,0.25,0.125,0.07418196256782626,0.2690828125133794,0.07991239246862379,0.5768228324501704,1.1466189546842873
276,55.2368245496998,0.5,0.2,0.25,0.125,0.07579862075369227,0.26879946391848236,0.08140534033928254,0.5739965749885427,1.1466189546842873
277,55.43695797198132,0.5,0.2,0.25,0.125,0.07743889689175051,0.26851550952226383,0.08290919121273309,0.5711364023732525,1.1466189546842873
278,55.63709139426284,0.5,0.2,0.25,0.125,0.07910270924574023,0.26823111265805977,0.08442339778843673,0.5682427803077632,1.1466189546842873
279,55.837224816544364,0.5,0.2,0.25,0.125,0.08078995978115287,0.2679464416540325,0.08594739267500381,0.5653162058898107,1.1466189546842873
280,56.03735823882588,0.5,0.2,0.25,0.125,0.0825005343027021,0.26766166954404186,0.08748058980662594,0.56235720634663,1.1466189546842873
281,56.237491661107406,0.5,0.2,0.25,0.125,0.08423430278185953,0.26737697373731106,0.08902238615375051,0.5593663373270789,1.1466189546842873
282,56.43762508338892,0.5,0.2,0.25,0.125,0.08599112051499341,0.26709253532871263,0.09057216553895606,0.5563441786173378,1.1466189546842873
283,56.63775850567045,0.5,0.2,0.25,0.125,0.08777082643602521,0.2668085396402189,0.09212929524082918,0.5532913386829267,1.1466189546842873
284,56.837891927951965,0.5,0.2,0.25,0.125,0.0895732424648127,0.26652517631422096,0.09369312522293655,0.5502084559980297,1.1466189546842873
285,57.03802535023349,0.5,0.2,0.25,0.125,0.0913981739992646,0.2662426389119858,0.09526299026163187,0.5470961968271176,1.1466189546842873
286,57.23815877251501,0.5,0.2,0.25,0.125,0.09324541080136708,0.2659611244450369,0.09683821261345182,0.5439552521401442,1.1466189546842873
287,57.43829219479653,0.5,0.2,0.25,0.125,0.09511472808599067,0.2656808328363067,0.09841810511874519,0.5407863339589574,1.1466189546842873
288,57.63842561707805,0.5,0.2,0.25,0.125,0.09700588375608031,0.26540196767950863,0.10000196617670523,0.5375901823877058,1.1466189546842873
289,57.83855903935957,0.5,0.2,0.25,0.125,0.09891861955534222,0.26512473567510003,0.10158908300003014,0.5343675617695276,1.1466189546842873
290,58.03869246164109,0.5,0.2,0.25,0.125,0.10085266117627623,0.26484934641684627,0.10317873267193764,0.5311192597349399,1.1466189546842873
291,58.238825883922615,0.5,0.2,0.25,0.125,0.10280771842170155,0.26457601218475535,0.10477018321684493,0.5278460861766981,1.1466189546842873
292,58.43895930620413,0.5,0.2,0.25,0.125,0.10478348600333331,0.264304947802467,0.10636269487366128,0.5245488713205384,1.1466189546842873
293,58.63909272848566,0.5,0.2,0.25,0.125,0.10677964308559314,0.2640363703156138,0.10795552118496898,0.5212284654138241,1.1466189546842873
294,58.839226150767175,0.5,0.2,0.25,0.125,0.10879585356246528,0.26377049874699054,0.10954791030844023,0.5178857373821039,1.1466189546842873
295,59.0393595730487,0.5,0.2,0.25,0.125,0.11083176646340676,0.26350755385079694,0.11113910642702306,0.5145215732587732,1.1466189546842873
296,59.23949299533022,0.5,0.2,0.25,0.125,0.11288701628226912,0.26324775783943444,0.11272835121577589,0.5111368746625206,1.1466189546842873
297,59.43962641761174,0.5,0.2,0.25,0.125,0.11496122246307387,0.26299133477351494,0.11431488176989094,0.5077325609935203,1.1466189546842873
298,59.63975983989326,0.5,0.2,0.25,0.125,0.11705398923207347,0.2627385107024249,0.11589792988050508,0.5043095701849966,1.1466189546842873
299,59.83989326217478,0.5,0.2,0.25,0.125,0.11916490728243496,0.2624895123996325,0.11747672884683492,0.5008688514710976,1.1466189546842873
300,60.0400266844563,0.5,0.2,0.25,0.125,0.12129355346218666,0.2622445676463557,0.11905051201016632,0.49741136688129134,1.1466189546842873
301,60.240160106737825,0.5,0.2,0.25,0.125,0.1234394910689887,0.2620039050236168,0.12061851390874251,0.49393808999865196,1.1466189546842873
302,60.44029352901934,0.5,0.2,0.25,0.125,0.12560227005181268,0.26176775335904506,0.12217997305234067,0.49045000353680157,1.1466189546842873
303,60.64042695130087,0.5,0.2,0.25,0.125,0.12778142745977344,0.26153634185017993,0.12373413156012557,0.486948099129921,1.1466189546842873
304,60.840560373582385,0.5,0.2,0.25,0.125,0.12997648779357535,0.26130989984174885,0.12528023642007136,0.4834333759446044,1.1466189546842873
305,61.04069379586391,0.5,0.2,0.25,0.125,0.1321869633586172,0.2610886565508594,0.12681754100210835,0.47990683908841497,1.1466189546842873
306,61.24082721814543,0.5,0.2,0.25,0.125,0.13441235449866148,0.2608728411349873,0.12834530490070942,0.4763694994656417,1.1466189546842873
307,61.44096064042695,0.5,0.2,0.25,0.125,0.13665214982986773,0.2606626827899641,0.12986279363934253,0.4728223737408256,1.1466189546842873
308,61.64109406270847,0.5,0.2,0.25,0.125,0.1389058269605842,0.2604584099725933,0.13136928271963175,0.4692664803471907,1.1466189546842873
309,61.84122748498999,0.5,0.2,0.25,0.125,0.1411728527665742,0.26026025048315904,0.13286405742326585,0.46570283932700085,1.1466189546842873
310,62.04136090727151,0.5,0.2,0.25,0.125,0.14345268381423507,0.26006843131727425,0.1343464137172506,0.46213247115124,1.1466189546842873
311,62.241494329553035,0.5,0.2,0.25,0.125,0.14574476690623558,0.25988317854366033,0.13581565829371553,0.45855639625638844,1.1466189546842873
312,62.44162775183455,0.5,0.2,0.25,0.125,0.14804853945216437,0.259704717137304,0.13727111018391822,0.4549756332266134,1.1466189546842873
313,62.64176117411608,0.5,0.2,0.25,0.125,0.15036342993324314,0.2595332708369529,0.13871210169680784,0.4513911975329961,1.1466189546842873
314,62.841894596397594,0.5,0.2,0.25,0.125,0.15268885841317587,0.25936906201466603,0.14013797908288458,0.44780410048927344,1.1466189546842873
315,63.04202801867912,0.5,0.2,0.25,0.125,0.15502423660056203,0.25921231156952923,0.1415481032685694,0.4442153485613393,1.1466189546842873
316,63.242161440960636,0.5,0.2,0.25,0.125,0.157368967626009,0.2590632388426018,0.1429418505182523,0.44062594301313684,1.1466189546842873
317,63.44229486324216,0.5,0.2,0.25,0.125,0.15972244765709365,0.2589220614332799,0.14431861339308819,0.43703687751653825,1.1466189546842873
318,63.64242828552368,0.5,0.2,0.25,0.125,0.16208406588661728,0.2587889951125901,0.14567780140429454,0.433449137596498,1.1466189546842873
319,63.8425617078052,0.5,0.2,0.25,0.125,0.16445320494879703,0.2586642537222455,0.1470188416628399,0.4298636996661174,1.1466189546842873
320,64.04269513008673,0.5,0.2,0.25,0.125,0.16682924168675625,0.2585480491730487,0.1483411782488004,0.4262815308913946,1.1466189546842873
321,64.24282855236824,0.5,0.2,0.25,0.125,0.16921154738604155,0.25844059129213576,0.14964427362081206,0.4227035877010106,1.1466189546842873
322,64.44296197464976,0.5,0.2,0.25,0.125,0.1715994881715306,0.25834208772191297,0.15092760938618566,0.41913081472037067,1.1466189546842873
323,64.64309539693129,0.5,0.2,0.25,0.125,0.17399242556131225,0.25825274386881997,0.15219068645633524,0.41556414411353243,1.1466189546842873
324,64.84322881921281,0.5,0.2,0.25,0.125,0.17638971675985657,0.25817276282039225,0.15343302541921985,0.4120044950005313,1.1466189546842873
325,65.04336224149432,0.5,0.2,0.25,0.125,0.1787907146931149,0.258102345246387,0.15465416682862218,0.40845277323187595,1.1466189546842873
326,65.24349566377585,0.5,0.2,0.25,0.125,0.18119476909771493,0.25804168939351724,0.15585367163249023,0.4049098698762776,1.1466189546842873
327,65.44362908605737,0.5,0.2,0.25,0.125,0.18360122674531076,0.2579909910135925,0.1570311214153536,0.4013766608257431,1.1466189546842873
328,65.6437625083389,0.5,0.2,0.25,0.125,0.1860094318535463,0.25795044331342143,0.15818611863202917,0.39785400620100314,1.1466189546842873
329,65.8438959306204,0.5,0.2,0.25,0.125,0.18841872621547137,0.25792023690969973,0.15931828672002496,0.394342750154804,1.1466189546842873
330,66.04402935290193,0.5,0.2,0.25,0.125,0.19082844981569733,0.2579005597930594,0.16042727031028303,0.3908437200809603,1.1466189546842873
331,66.24416277518345,0.5,0.2,0.25,0.125,0.1932379413500536,0.25789159729703665,0.16151273537112326,0.3873577259817866,1.1466189546842873
332,66.44429619746498,0.5,0.2,0.25,0.125,0.1956465385444719,0.2578935320711996,0.16257436925586538,0.3838855601284632,1.1466189546842873
333,66.64442961974649,0.5,0.2,0.25,0.125,0.1980535785618085,0.257906544060537,0.1636118807358736,0.38042799664178106,1.1466189546842873
334,66.84456304202801,0.5,0.2,0.25,0.125,0.20045839828577744,0.2579308103785057,0.16462499990965931,0.37698579142605765,1.1466189546842873
335,67.04469646430954,0.5,0.2,0.25,0.125,0.20286033469827977,0.25796650527434195,0.16561347813829091,0.3735596818890874,1.1466189546842873
336,67.24482988659106,0.5,0.2,0.25,0.125,0.20525872542523946,0.258013800264299,0.1665770880592866,0.370150386251175,1.1466189546842873
337,67.44496330887257,0.5,0.2,0.25,0.125,0.2076529090421527,0.2580728640476594,0.16751562339501314,0.3667586035151748,1.1466189546842873
338,67.6450967311541,0.5,0.2,0.25,0.125,0.21004222545290627,0.2581438624983424,0.16842889877340922,0.3633850132753422,1.1466189546842873
339,67.84523015343562,0.5,0.2,0.25,0.125,0.21242601611642245,0.25822695860493616,0.16931674977915134,0.36003027549949007,1.1466189546842873
340,68.04536357571715,0.5,0.2,0.25,0.125,0.2148036241363721,0.2583223123648694,0.17017903320734293,0.35669503029141564,1.1466189546842873
341,68.24549699799866,0.5,0.2,0.25,0.125,0.21717439508587005,0.25843008096106884,0.17101562592827654,0.3533798980247846,1.1466189546842873
342,68.44563042028018,0.5,0.2,0.25,0.125,0.21953767716396233,0.2585504186926885,0.17182642492441869,0.3500854792189306,1.1466189546842873
343,68.6457638425617,0.5,0.2,0.25,0.125,0.22189282150855044,0.25868347697045696,0.17261134699444267,0.34681235452655,1.1466189546842873
344,68.84589726484323,0.5,0.2,0.25,0.125,0.22423918249548014,0.258829404286461,0.1733703285373563,0.3435610846807027,1.1466189546842873
345,69.04603068712474,0.5,0.2,0.25,0.125,0.2265761179420661,0.2589883460336398,0.17410332593453778,0.34033221008975645,1.1466189546842873
346,69.24616410940627,0.5,0.2,0.25,0.125,0.22890298953711197,0.2591604447296473,0.17481031424133484,0.33712625149190606,1.1466189546842873
347,69.44629753168779,0.5,0.2,0.25,0.125,0.23121916310336368,0.2593458399664208,0.1754912869881748,0.33394370994204087,1.1466189546842873
348,69.64643095396931,0.5,0.2,0.25,0.125,0.23352400886913544,0.25954466838983586,0.17614625583541024,0.3307850669056186,1.1466189546842873
349,69.84656437625083,0.5,0.2,0.25,0.125,0.23581690174392464,0.2597570636892165,0.17677525016931936,0.3276507843975396,1.1466189546842873
350,70.04669779853235,0.5,0.2,0.25,0.125,0.23809722158337207,0.25998315639126696,0.17737831754986463,0.32454130447549645,1.1466189546842873
351,70.24683122081387,0.5,0.2,0.25,0.125,0.24036435345365564,0.26022307403127676,0.1779555224524747,0.321457050062593,1.1466189546842873
352,70.4469646430954,0.5,0.2,0.25,0.125,0.2426176878858713,0.2604769411651293,0.17850694569914202,0.3183984252498575,1.1466189546842873
353,70.64709806537691,0.5,0.2,0.25,0.125,0.24485662112204942,0.26074487931590273,0.17903268416007417,0.31536581540197384,1.1466189546842873
354,70.84723148765843,0.5,0.2,0.25,0.125,0.24708055535440493,0.26102700696429054,0.17953285024030316,0.31235958744100145,1.1466189546842873
355,71.04736490993996,0.5,0.2,0.25,0.125,0.24928889889208783,0.2613234394327769,0.18000757222232225,0.30938008945281303,1.1466189546842873
356,71.24749833222148,0.5,0.2,0.25,0.125,0.2514810664039989,0.2616342889062881,0.18045699346378602,0.30642765122592697,1.1466189546842873
357,71.44763175450299,0.5,0.2,0.25,0.125,0.25365647917838474,0.26195966449245855,0.1808812712487845,0.30350258508037226,1.1466189546842873
358,71.64776517678452,0.5,0.2,0.25,0.125,0.25581456529875735,0.26229967215739275,0.18128057664567845,0.3006051858981715,1.1466189546842873
359,71.84789859906604,0.5,0.2,0.25,0.125,0.25795475983992855,0.26265441470649253,0.18165509397357107,0.2977357314800079,1.1466189546842873
360,72.04803202134757,0.5,0.2,0.25,0.125,0.26007650512122593,0.2630239916866755,0.18200502069278268,0.294894482499316,1.1466189546842873
361,72.24816544362908,0.5,0.2,0.25,0.125,0.2621792509477403,0.2634084992931156,0.1823305672513582,0.292081682507786,1.1466189546842873
362,72.4482988659106,0.5,0.2,0.25,0.125,0.2642624546502569,0.2638080305081437,0.18263195560618917,0.28929755923541034,1.1466189546842873
363,72.64843228819213,0.5,0.2,0.25,0.125,0.26632558132046974,0.26422267499550905,0.18290941910275493,0.28654232458126644,1.1466189546842873
364,72.84856571047365,0.5,0.2,0.25,0.125,0.2683681039812891,0.26465251906280823,0.18316320195262478,0.2838161750032781,1.1466189546842873
365,73.04869913275516,0.5,0.2,0.25,0.125,0.2703895037735657,0.2650976455974735,0.1833935589063981,0.28111929172256295,1.1466189546842873
366,73.24883255503669,0.5,0.2,0.25,0.125,0.27238927019421383,0.2655581339386274,0.18360075542399498,0.27845184044316407,1.1466189546842873
367,73.44896597731821,0.5,0.2,0.25,0.125,0.27436690113442946,0.26603405995446383,0.18378506615627668,0.27581397275483027,1.1466189546842873
368,73.64909939959973,0.5,0.2,0.25,0.125,0.27632190306348237,0.26652549595444036,0.1839467747432279,0.2732058262388496,1.1466189546842873
369,73.84923282188124,0.5,0.2,0.25,0.125,0.27825379117791055,0.2670325106296132,0.18408617336145086,0.2706275248310257,1.1466189546842873
370,74.04936624416277,0.5,0.2,0.25,0.125,0.2801620895495089,0.2675551689906479,0.1842035622878696,0.2680791791719739,1.1466189546842873
371,74.2494996664443,0.5,0.2,0.25,0.125,0.2820463313615673,0.2680935322489698,0.18429925007583023,0.2655608863136329,1.1466189546842873
372,74.44963308872582,0.5,0.2,0.25,0.125,0.28390605893156556,0.2686476578152558,0.18437355237527198,0.26307273087790695,1.1466189546842873
373,74.64976651100733,0.5,0.2,0.25,0.125,0.2857408238472433,0.2692175992265623,0.18442679152915997,0.2606147853970347,1.1466189546842873
374,74.84989993328885,0.5,0.2,0.25,0.125,0.2875501871041341,0.26980340606668873,0.1844592962162778,0.2581871106128996,1.1466189546842873
375,75.05003335557038,0.5,0.2,0.25,0.125,0.28933371932118485,0.27040512396226046,0.18447140089544625,0.25578975582110874,1.1466189546842873
376,75.2501667778519,0.5,0.2,0.25,0.125,0.2910910005460304,0.27102279412678654,0.1844634462874009,0.25342275903978245,1.1466189546842873
377,75.45030020013341,0.5,0.2,0.25,0.125,0.29282162111291615,0.27165645392273297,0.1844357777411159,0.25108614722323525,1.1466189546842873
378,75.65043362241494,0.5,0.2,0.25,0.125,0.2945251809724939,0.27230613625836597,0.1843887454647091,0.24877993730443135,1.1466189546842873
379,75.85056704469646,0.5,0.2,0.25,0.125,0.29620129011443036,0.2729718696832572,0.18432270394253675,0.246504136259776,1.1466189546842873
380,76.05070046697799,0.5,0.2,0.25,0.125,0.29784956866073653,0.27365367828845477,0.1842380115389068,0.24425874151190222,1.1466189546842873
381,76.2508338892595,0.5,0.2,0.25,0.125,0.2994696470545076,0.27435158160460993,0.18413503042923715,0.24204374091164566,1.1466189546842873
382,76.45096731154102,0.5,0.2,0.25,0.125,0.3010611661498332,0.27506559450222123,0.18401412619203605,0.23985911315590988,1.1466189546842873
383,76.65110073382255,0.5,0.2,0.25,0.125,0.3026237771754852,0.2757957270945809,0.18387566696769564,0.23770482876223856,1.1466189546842873
384,76.85123415610407,0.5,0.2,0.25,0.125,0.30415714190107745,0.2765419846363857,0.1837200233121536,0.2355808501503836,1.1466189546842873
385,77.0513675783856,0.5,0.2,0.25,0.125,0.3056609327337197,0.2773043674238362,0.18354756781201995,0.23348713203042454,1.1466189546842873
386,77.2515010006671,0.5,0.2,0.25,0.125,0.30713483281537823,0.27808287069396753,0.1833586747074887,0.23142362178316586,1.1466189546842873
387,77.45163442294863,0.5,0.2,0.25,0.125,0.3085785362264544,0.2788774844168828,0.18315372062602783,0.22939025873063526,1.1466189546842873
388,77.65176784523015,0.5,0.2,0.25,0.125,0.3099917480226913,0.27968819325603744,0.1829330835731011,0.2273869751481705,1.1466189546842873
389,77.85190126751168,0.5,0.2,0.25,0.125,0.31137418426357466,0.2805149765371015,0.18269714183392402,0.22541369736540012,1.1466189546842873
390,78.05203468979319,0.5,0.2,0.25,0.125,0.3127255721606561,0.28135780809590544,0.18244627412932374,0.22347034561411505,1.1466189546842873
391,78.25216811207471,0.5,0.2,0.25,0.125,0.31404565017704533,0.28221665617562186,0.182180859260943,0.22155683438639012,1.1466189546842873
392,78.45230153435624,0.5,0.2,0.25,0.125,0.31533416811662235,0.2830914833098763,0.18190127582475868,0.21967307274874287,1.1466189546842873
393,78.65243495663776,0.5,0.2,0.25,0.125,0.31659088691243575,0.2839822457941141,0.1816079039237184,0.21781896336973205,1.1466189546842873
394,78.85256837891927,0.5,0.2,0.25,0.125,0.31781557899912777,0.28488889395636297,0.18130112299911713,0.21599440404539244,1.1466189546842873
395,79.0527018012008,0.5,0.2,0.25,0.125,0.3190080284812223,0.28581137214858,0.18098131101861004,0.21419928835158797,1.1466189546842873
396,79.25283522348232,0.5,0.2,0.25,0.125,0.3201680311303227,0.2867496185038161,0.18064884480122836,0.2124335055646331,1.1466189546842873
397,79.45296864576385,0.5,0.2,0.25,0.125,0.3212953944771804,0.2877035648232364,0.1803040997119199,0.21069694098766353,1.1466189546842873
398,79.65310206804536,0.5,0.2,0.25,0.125,0.3223899378686126,0.2886731364292212,0.17994744954777986,0.20898947615438662,1.1466189546842873
399,79.85323549032688,0.5,0.2,0.25,0.125,0.32345149211416346,0.2896582516225847,0.17957926866158536,0.20731098760166677,1.1466189546842873
400,80.0533689126084,0.5,0.2,0.25,0.125,0.3244799000770857,0.2906588220510274,0.17919992893555065,0.2056613489363366,1.1466189546842873
401,80.25350233488993,0.5,0.2,0.25,0.125,0.32547501673779744,0.2916747525685476,0.17880979963189714,0.20404043106175818,1.1466189546842873
402,80.45363575717144,0.5,0.2,0.25,0.125,0.32643670918242373,0.29270594102256187,0.1784092476519696,0.20244810214304515,1.1466189546842873
403,80.65376917945296,0.5,0.2,0.25,0.125,0.3273648566846738,0.29375227813109084,0.177998637286354,0.2008842278978817,1.1466189546842873
404,80.85390260173449,0.5,0.2,0.25,0.125,0.3282593507142927,0.2948136473367326,0.17757833031437684,0.19934867163459824,1.1466189546842873
405,81.05403602401601,0.5,0.2,0.25,0.125,0.32912009454549873,0.29588992453418006,0.17714868800700734,0.19784129291331418,1.1466189546842873
406,81.25416944629752,0.5,0.2,0.25,0.125,0.3299470039780088,0.29698097814946095,0.17671006783569473,0.19636195003683588,1.1466189546842873
407,81.45430286857905,0.5,0.2,0.25,0.125,0.33074000727900904,0.29808666897289515,0.17626282388820602,0.1949104998598901,1.1466189546842873
408,81.65443629086057,0.5,0.2,0.25,0.125,0.3314990451856386,0.29920685001118164,0.17580730699652417,0.1934867978066559,1.1466189546842873
409,81.8545697131421,0.5,0.2,0.25,0.125,0.33222407097561846,0.3003413663610284,0.17534386454048834,0.1920906981228651,1.1466189546842873
410,82.05470313542361,0.5,0.2,0.25,0.125,0.3329150503907735,0.30149005513271326,0.17487284077334073,0.1907220537031728,1.1466189546842873
411,82.25483655770513,0.5,0.2,0.25,0.125,0.3335719612015944,0.30265274549548354,0.17439457842079295,0.18938071488212938,1.1466189546842873
412,82.45496997998666,0.5,0.2,0.25,0.125,0.3341947941030326,0.30382925827110735,0.17390941555713896,0.18806653206872137,1.1466189546842873
413,82.65510340226818,0.5,0.2,0.25,0.125,0.3347835525184188,0.30501940589803045,0.17341768635513205,0.186779355228419,1.1466189546842873
414,82.85523682454969,0.5,0.2,0.25,0.125,0.33533825260772016,0.30622299232617656,0.17291972111090748,0.1855190339551961,1.1466189546842873
415,83.05537024683122,0.5,0.2,0.25,0.125,0.3358589233244129,0.3074398128952464,0.17241584609642724,0.18428541768391374,1.1466189546842873
416,83.25550366911274,0.5,0.2,0.25,0.125,0.3363456061857871,0.30866965443951067,0.17190638409848766,0.18307835527621485,1.1466189546842873
417,83.45563709139427,0.5,0.2,0.25,0.125,0.33679835483769777,0.3099122955550669,0.1713916554501946,0.18189769415704102,1.1466189546842873
418,83.65577051367578,0.5,0.2,0.25,0.125,0.3372172361496084,0.3111675056576003,0.17087197539614618,0.1807432827966454,1.1466189546842873
419,83.8559039359573,0.5,0.2,0.25,0.125,0.33760232985273914,0.3124350451916302,0.17034765494806284,0.17961497000756813,1.1466189546842873
420,84.05603735823883,0.5,0.2,0.25,0.125,0.33795372854966954,0.31371466554616867,0.1698190008504816,0.17851260505368047,1.1466189546842873
421,84.25617078052035,0.5,0.2,0.25,0.125,0.3382715377533268,0.31500610894715575,0.16928631547604878,0.17743603782346895,1.1466189546842873
422,84.45630420280186,0.5,0.2,0.25,0.125,0.3385558753907327,0.3163091089112992,0.1687498975456962,0.17638511815227226,1.1466189546842873
423,84.65643762508338,0.5,0.2,0.25,0.125,0.3388068715107421,0.3176233904859519,0.1682100425344372,0.17535969546886915,1.1466189546842873
424,84.85657104736491,0.5,0.2,0.25,0.125,0.33902466952179877,0.3189486688841774,0.1676670407191863,0.1743596208748379,1.1466189546842873
425,85.05670446964643,0.5,0.2,0.25,0.125,0.33920942565631085,0.3202846499798863,0.16712117795961234,0.17338474640419083,1.1466189546842873
426,85.25683789192794,0.5,0.2,0.25,0.125,0.33936130897541206,0.3216310302361711,0.16657273564618003,0.17243492514223713,1.1466189546842873
427,85.45697131420947,0.5,0.2,0.25,0.125,0.3394805013842601,0.3229874966225883,0.1660219906319518,0.17151001136120014,1.1466189546842873
428,85.657104736491,0.5,0.2,0.25,0.125,0.33956719671406577,0.32435372763907205,0.16546921608648557,0.17060985956037697,1.1466189546842873
429,85.85723815877252,0.5,0.2,0.25,0.125,0.339621600863347,0.3257293930838636,0.16491468130318881,0.16973432474960098,1.1466189546842873
430,86.05737158105403,0.5,0.2,0.25,0.125,0.339643932952787,0.327114152619551,0.16435865050520454,0.16888326392245787,1.1466189546842873
431,86.25750500333555,0.5,0.2,0.25,0.125,0.3396344246776547,0.3285076564763646,0.16380138343215472,0.1680565354138264,1.1466189546842873
432,86.45763842561708,0.5,0.2,0.25,0.125,0.33959332029245304,0.32990954540580214,0.16324313530222562,0.16725399899951957,1.1466189546842873
433,86.6577718478986,0.5,0.2,0.25,0.125,0.33952087658140134,0.3313194506521682,0.16268415678335413,0.16647551598307675,1.1466189546842873
434,86.85790527018011,0.5,0.2,0.25,0.125,0.3394173614130387,0.33273699571420334,0.1621246948754085,0.16572094799734985,1.1466189546842873
435,87.05803869246164,0.5,0.2,0.25,0.125,0.33928305460490227,0.3341617951860945,0.16156499230603824,0.16499015790296537,1.1466189546842873
436,87.25817211474316,0.5,0.2,0.25,0.125,0.3391182487096893,0.335593453697752,0.16100528697704242,0.16428301061551667,1.1466189546842873
437,87.45830553702469,0.5,0.2,0.25,0.125,0.3389232483503942,0.3370315666896135,0.16044581234434516,0.16359937261564755,1.1466189546842873
438,87.6584389593062,0.5,0.2,0.25,0.125,0.3386983701672645,0.33847572041392693,0.15988679740431957,0.16293911201448943,1.1466189546842873
439,87.85857238158772,0.5,0.2,0.25,0.125,0.3384439426924306,0.33992549203133116,0.15932846671093,0.1623020985653086,1.1466189546842873
440,88.05870580386924,0.5,0.2,0.25,0.125,0.33816030442391704,0.34138045207994294,0.1587710411601287,0.16168820233601167,1.1466189546842873
441,88.25883922615077,0.5,0.2,0.25,0.125,0.3378478054908772,0.34284016221262475,0.15821473724401094,0.16109729505248754,1.1466189546842873
442,88.45897264843228,0.5,0.2,0.25,0.125,0.33750680792202536,0.34430417477468844,0.15765976690015626,0.16052925040313035,1.1466189546842873
443,88.6591060707138,0.5,0.2,0.25,0.125,0.3371376850095759,0.34577203357336606,0.1571063377463789,0.15998394367067953,1.1466189546842873
444,88.85923949299533,0.5,0.2,0.25,0.125,0.33674082121201465,0.3472432739373096,0.15655465308587924,0.15946125176479686,1.1466189546842873
445,89.05937291527685,0.5,0.2,0.25,0.125,0.3363166118681852,0.3487174230336235,0.15600491196625701,0.15896105313193454,1.1466189546842873
446,89.25950633755836,0.5,0.2,0.25,0.125,0.33586546095984676,0.3501940028484839,0.15545730979561007,0.15848322639605955,1.1466189546842873
447,89.45963975983989,0.5,0.2,0.25,0.125,0.3353877834857514,0.3516725268736222,0.15491203764222383,0.1580276519984028,1.1466189546842873
448,89.65977318212141,0.5,0.2,0.25,0.125,0.3348840051468693,0.35315250046274904,0.15436928230182362,0.1575942120885583,1.1466189546842873
449,89.85990660440294,0.5,0.2,0.25,0.125,0.33435456177637746,0.3546334215363428,0.1538292264376866,0.15718279024959342,1.1466189546842873
450,90.06004002668445,0.5,0.2,0.25,0.125,0.33379989919344044,0.35611478070801694,0.15329204859977796,0.15679327149876493,1.1466189546842873
451,90.26017344896597,0.5,0.2,0.25,0.125,0.3332204726937583,0.357596061926105,0.1527579233132119,0.15642554206692502,1.1466189546842873
452,90.4603068712475,0.5,0.2,0.25,0.125,0.3326167447762316,0.35907674561718145,0.15222702150335954,0.15607948810322764,1.1466189546842873
453,90.66044029352902,0.5,0.2,0.25,0.125,0.33198918794813576,0.3605563046260981,0.15169950995169532,0.15575499747407104,1.1466189546842873
454,90.86057371581053,0.5,0.2,0.25,0.125,0.33133828387828573,0.3620342053361228,0.1511755514486493,0.15545195933694236,1.1466189546842873
455,91.06070713809206,0.5,0.2,0.25,0.125,0.3306645229109746,0.36350990827734686,0.15065530487760415,0.15517026393407465,1.1466189546842873
456,91.26084056037358,0.5,0.2,0.25,0.125,0.32996840386853094,0.3649828683257077,0.15013892524380737,0.15490980256195425,1.1466189546842873
457,91.4609739826551,0.5,0.2,0.25,0.125,0.3292504332805352,0.3664525357557678,0.14962656377420183,0.15467046718949543,1.1466189546842873
458,91.66110740493662,0.5,0.2,0.25,0.125,0.32851112339873784,0.3679183591016876,0.149118368167456,0.1544521493321188,1.1466189546842873
459,91.86124082721814,0.5,0.2,0.25,0.125,0.3277509950107915,0.36937978087234824,0.14861448225041568,0.15425474186644472,1.1466189546842873
460,92.06137424949966,0.5,0.2,0.25,0.125,0.32697057622965314,0.3708362392590512,0.14811504613233664,0.1540781383789592,1.1466189546842873
461,92.26150767178119,0.5,0.2,0.25,0.125,0.3261704020853029,0.372287168648498,0.14762019625987574,0.15392223300632354,1.1466189546842873
462,92.4616410940627,0.5,0.2,0.25,0.125,0.3253510142771405,0.3737319998965084,0.1471300654522081,0.15378692037414315,1.1466189546842873
463,92.66177451634422,0.5,0.2,0.25,0.125,0.324512959965103,0.3751701621326838,0.146644783004716,0.15367209489749745,1.1466189546842873
464,92.86190793862575,0.5,0.2,0.25,0.125,0.3236567912631076,0.3766010834465379,0.14616447474257818,0.15357765054777647,1.1466189546842873
465,93.06204136090727,0.5,0.2,0.25,0.125,0.32278306591959804,0.3780241896830292,0.14568926298967785,0.1535034814076951,1.1466189546842873
466,93.26217478318878,0.5,0.2,0.25,0.125,0.3218923474411298,0.3794389041251171,0.1452192665772408,0.15344948185651244,1.1466189546842873
467,93.46230820547031,0.5,0.2,0.25,0.125,0.32098520420189147,0.380844648791332,0.14475460092481152,0.15341554608196517,1.1466189546842873
468,93.66244162775183,0.5,0.2,0.25,0.125,0.3200622091709236,0.3822408447495904,0.14429537807716608,0.1534015680023201,1.1466189546842873
469,93.86257505003336,0.5,0.2,0.25,0.125,0.3191239387548474,0.383626914003033,0.14384170675599056,0.15340744048612934,1.1466189546842873
470,94.06270847231487,0.5,0.2,0.25,0.125,0.3181709721199816,0.38500228052161506,0.14339369240421335,0.15343305495419027,1.1466189546842873
471,94.26284189459639,0.5,0.2,0.25,0.125,0.3172038926824809,0.3863663674154588,0.14295143719561582,0.15347830270644475,1.1466189546842873
472,94.46297531687792,0.5,0.2,0.25,0.125,0.3162232868678446,0.3877185989644143,0.14251504008913812,0.15354307407860324,1.1466189546842873
473,94.66310873915944,0.5,0.2,0.25,0.125,0.31522974372668944,0.3890584011229316,0.14208459686972877,0.1536272582806505,1.1466189546842873
474,94.86324216144095,0.5,0.2,0.25,0.125,0.3142238545513868,0.39038520202195354,0.14166020018960665,0.1537307432370533,1.1466189546842873
475,95.06337558372248,0.5,0.2,0.25,0.125,0.3132062124813382,0.3916984324895817,0.14124193961013312,0.15385341541894726,1.1466189546842873
476,95.263509006004,0.5,0.2,0.25,0.125,0.3121774121557348,0.39299752671051963,0.14082990161137057,0.15399515952237525,1.1466189546842873
477,95.46364242828552,0.5,0.2,0.25,0.125,0.31113804939135326,0.39428192297851855,0.1404241695818865,0.15415585804824194,1.1466189546842873
478,95.66377585056703,0.5,0.2,0.25,0.125,0.31008872054486863,0.39555106384740796,0.14002482397931854,0.15433539162840507,1.1466189546842873
479,95.86390927284856,0.5,0.2,0.25,0.125,0.3090300221628565,0.39680439691075114,0.13963194232423487,0.15453363860215769,1.1466189546842873
480,96.06404269513008,0.5,0.2,0.25,0.125,0.3079625505419861,0.398041375440297,0.13924559923849475,0.15475047477922232,1.1466189546842873
481,96.26417611741161,0.5,0.2,0.25,0.125,0.30688690127235957,0.3992614590320091,0.13886586648729135,0.15498577320834017,1.1466189546842873
482,96.46430953969312,0.5,0.2,0.25,0.125,0.305803668769845,0.40046411427159345,0.13849281302160546,0.1552394039369563,1.1466189546842873
483,96.66444296197464,0.5,0.2,0.25,0.125,0.30471344647384707,0.40164881446384026,0.13812650493522932,0.15551123412708348,1.1466189546842873
484,96.86457638425617,0.5,0.2,0.25,0.125,0.30361682897445375,0.40281503664007917,0.13776700517596632,0.1558011292095009,1.1466189546842873
485,97.06470980653769,0.5,0.2,0.25,0.125,0.30251440780531474,0.4039622675186813,0.13741437405966608,0.15610895061633798,1.1466189546842873
486,97.2648432288192,0.5,0.2,0.25,0.125,0.3014067721922468,0.40509000246802523,0.1370686691543903,0.15643455618533778,1.1466189546842873
487,97.46497665110073,0.5,0.2,0.25,0.125,0.3002945089541267,0.40619774567106554,0.13672994527116772,0.15677780010364026,1.1466189546842873
488,97.66511007338225,0.5,0.2,0.25,0.125,0.2991782021673859,0.4072850106278355,0.13639825448376272,0.15713853272101608,1.1466189546842873
489,97.86524349566378,0.5,0.2,0.25,0.125,0.29805843263892157,0.4083513208846333,0.136073646240975,0.1575166002354704,1.1466189546842873
490,98.06537691794529,0.5,0.2,0.25,0.125,0.29693577704501717,0.40939621115586333,0.13575616764038673,0.15791184415873305,1.1466189546842873
491,98.26551034022681,0.5,0.2,0.25,0.125,0.29581080844168806,0.4104192268508926,0.1354458630382322,0.15832410166918745,1.1466189546842873
492,98.46564376250834,0.5,0.2,0.25,0.125,0.29468409561207526,0.4114199249597076,0.13514277422188684,0.15875320520633063,1.1466189546842873
493,98.66577718478986,0.5,0.2,0.25,0.125,0.29355620266296567,0.4123978746516119,0.13484694046160747,0.1591989822238153,1.1466189546842873
494,98.86591060707137,0.5,0.2,0.25,0.125,0.2924276886577748,0.41335265783482106,0.13455839854444257,0.15966125496296193,1.1466189546842873
495,99.0660440293529,0.5,0.2,0.25,0.125,0.2912991077077888,0.4142838689912152,0.13427718273383427,0.1601398405671621,1.1466189546842873
496,99.26617745163442,0.5,0.2,0.25,0.125,0.2901710094633714,0.4151911143788474,0.13400332466437262,0.16063455149340894,1.1466189546842873
497,99.46631087391594,0.5,0.2,0.25,0.125,0.28904393718425786,0.41607401508301495,0.13373685362945997,0.16114519410326758,1.1466189546842873
498,99.66644429619745,0.5,0.2,0.25,0.125,0.2879184280454585,0.41693220651926644,0.13347779650624772,0.1616715689290278,1.1466189546842873
499,99.86657771847898,0.5,0.2,0.25,0.125,0.2867950128916715,0.41776533881549804,0.13322617777012205,0.16221347052270876,1.1466189546842873
500,100.0667111407605,0.5,0.2,0.25,0.125,0.28567421595200254,0.4185730772601794,0.132982019515688,0.16277068727213045,1.1466189546842873
501,100.26684456304203,0.5,0.2,0.25,0.125,0.28455655477665415,0.4193551024328288,0.13274534140958463,0.1633430013809328,1.1466189546842873
502,100.46697798532354,0.5,0.2,0.25,0.125,0.2834425402217637,0.42011111026740605,0.132516160629135,0.1639301888816957,1.1466189546842873
503,100.66711140760506,0.5,0.2,0.25,0.125,0.2823326756077482,0.42084081330993256,0.13229449205855784,0.16453201902376174,1.1466189546842873
504,100.86724482988659,0.5,0.2,0.25,0.125,0.2812274567265205,0.42154394075431606,0.1320803482222506,0.1651482542969133,1.1466189546842873
505,101.06737825216811,0.5,0.2,0.25,0.125,0.2801273716217616,0.4222202388077973,0.13187373928936916,0.1657786502810724,1.1466189546842873
506,101.26751167444962,0.5,0.2,0.25,0.125,0.27903290036702666,0.42286947106187467,0.1316746730798744,0.1664229554912247,1.1466189546842873
507,101.46764509673115,0.5,0.2,0.25,0.125,0.2779445148465607,0.42349141832991527,0.1314831552524243,0.16708091157110028,1.1466189546842873
508,101.66777851901267,0.5,0.2,0.25,0.125,0.27686267854481433,0.42408587865573283,0.1312991894283869,0.16775225337106642,1.1466189546842873
509,101.8679119412942,0.5,0.2,0.25,0.125,0.2757878463549628,0.42465266870507434,0.13112277682912532,0.16843670811083808,1.1466189546842873
510,102.0680453635757,0.5,0.2,0.25,0.125,0.27472046438105485,0.42519162355574236,0.13095391646777352,0.16913399559542977,1.1466189546842873
511,102.26817878585723,0.5,0.2,0.25,0.125,0.2736609697514007,0.42570259695733126,0.13079260517293437,0.1698438281183342,1.1466189546842873
512,102.46831220813876,0.5,0.2,0.25,0.125,0.27260979043916383,0.42618546158602755,0.13063883760987133,0.17056591036493787,1.1466189546842873
513,102.66844563042028,0.5,0.2,0.25,0.125,0.27156734543157984,0.4266401086307216,0.13049260613565508,0.1712999398020441,1.1466189546842873
514,102.8685790527018,0.5,0.2,0.25,0.125,0.27053404463948055,0.4270664478794119,0.13035390078427359,0.17204560669683458,1.1466189546842873
515,103.06871247498331,0.5,0.2,0.25,0.125,0.2695102882475165,0.4274644088816406,0.13022270952749265,0.17280259334335085,1.1466189546842873
516,103.26884589726484,0.5,0.2,0.25,0.125,0.2684964668510522,0.4278339406004702,0.1300990181565203,0.17357057439195786,1.1466189546842873
517,103.46897931954636,0.5,0.2,0.25,0.125,0.267492961348249,0.42817501153615495,0.12998281028639283,0.17434921682920376,1.1466189546842873
518,103.66911274182789,0.5,0.2,0.25,0.125,0.2665001428410357,0.42848760983372525,0.1298740673596657,0.1751381799655739,1.1466189546842873
519,103.8692461641094,0.5,0.2,0.25,0.125,0.26551837250772237,0.4287717427812695,0.1297727687547704,0.1759371159562383,1.1466189546842873
520,104.06937958639092,0.5,0.2,0.25,0.125,0.2645480015286258,0.4290274369684909,0.12967889177232336,0.17674566973056052,1.1466189546842873
521,104.26951300867245,0.5,0.2,0.25,0.125,0.26358937105278285,0.4292547389195035,0.1295924115326085,0.17756347849510565,1.1466189546842873
522,104.46964643095397,0.5,0.2,0.25,0.125,0.26264281211242246,0.42945371474365807,0.1295133010442742,0.17839017209964583,1.1466189546842873
523,104.66977985323548,0.5,0.2,0.25,0.125,0.26170864556855983,0.42962445010511197,0.12944153121197088,0.17922537311435788,1.1466189546842873
524,104.869913275517,0.5,0.2,0.25,0.125,0.26078718206545026,0.4297670501685979,0.12937707084387795,0.18006869692207442,1.1466189546842873
525,105.07004669779853,0.5,0.2,0.25,0.125,0.25987872191201683,0.42988163903274335,0.12931988671004974,0.18091975234519062,1.1466189546842873
526,105.27018012008006,0.5,0.2,0.25,0.125,0.2589835550942636,0.429968359868361,0.12926994352469282,0.18177814151268315,1.1466189546842873
527,105.47031354236157,0.5,0.2,0.25,0.125,0.2581019613110988,0.43002737511975375,0.1292272039192832,0.1826434596498648,1.1466189546842873
528,105.67044696464309,0.5,0.2,0.25,0.125,0.2572342099237129,0.43005886611350874,0.1291916284748482,0.18351529548793077,1.1466189546842873
529,105.87058038692462,0.5,0.2,0.25,0.125,0.2563805599519586,0.43006303287108943,0.12916317573041455,0.18439323144653802,1.1466189546842873
530,106.07071380920614,0.5,0.2,0.25,0.125,0.25554126007973715,0.43004009389850634,0.12914180219125446,0.1852768438305027,1.1466189546842873
531,106.27084723148765,0.5,0.2,0.25,0.125,0.25471654863966775,0.4299902857417356,0.12912746232273548,0.1861657032958617,1.1466189546842873
532,106.47098065376917,0.5,0.2,0.25,0.125,0.25390665358924647,0.4299138623946794,0.1291201085356044,0.18705937548047027,1.1466189546842873
533,106.6711140760507,0.5,0.2,0.25,0.125,0.25311179263960804,0.4298110957050852,0.12911969123963013,0.18795742041567717,1.1466189546842873
534,106.87124749833222,0.5,0.2,0.25,0.125,0.2523321732543378,0.4296822747696365,0.12912615883069636,0.18885939314532982,1.1466189546842873
535,107.07138092061373,0.5,0.2,0.25,0.125,0.2515679926934394,0.429527705563114,0.12913945769495128,0.18976484404849583,1.1466189546842873
536,107.27151434289526,0.5,0.2,0.25,0.125,0.25081943806843404,0.42934771055974386,0.12915953221376913,0.19067331915805338,1.1466189546842873
537,107.47164776517678,0.5,0.2,0.25,0.125,0.2500866863617497,0.42914262835505085,0.12918632478376926,0.19158436049943067,1.1466189546842873
538,107.67178118745831,0.5,0.2,0.25,0.125,0.2493699041083839,0.42891281346053106,0.12921977595646528,0.1924975064746202,1.1466189546842873
539,107.87191460973982,0.5,0.2,0.25,0.125,0.24866924793421621,0.4286586355896872,0.12925982428398972,0.19341229219210732,1.1466189546842873
540,108.07204803202134,0.5,0.2,0.25,0.125,0.24798486456502172,0.4283804792261868,0.12930640635078128,0.1943282498580106,1.1466189546842873
541,108.27218145430287,0.5,0.2,0.25,0.125,0.2473168908404414,0.4280787431693226,0.1293594568062486,0.1952449091839878,1.1466189546842873
542,108.47231487658439,0.5,0.2,0.25,0.125,0.24666545379988447,0.42775384001855893,0.1294189083752191,0.1961617978063379,1.1466189546842873
543,108.6724482988659,0.5,0.2,0.25,0.125,0.24603067077410135,0.42740619563776866,0.12948469186878162,0.1970784417193488,1.1466189546842873
544,108.87258172114743,0.5,0.2,0.25,0.125,0.2454126492071697,0.4270362492144755,0.12955673623594516,0.19799436534241002,1.1466189546842873
545,109.07271514342895,0.5,0.2,0.25,0.125,0.244811486894685,0.4266444523810679,0.129634968555404,0.1989090921688436,1.1466189546842873
546,109.27284856571048,0.5,0.2,0.25,0.125,0.24422727227649987,0.4262312682064357,0.1297193140205183,0.19982214549654656,1.1466189546842873
547,109.47298198799199,0.5,0.2,0.25,0.125,0.24366008441479775,0.42579717088338676,0.12980969597173125,0.20073304873008477,1.1466189546842873
548,109.67311541027351,0.5,0.2,0.25,0.125,0.24310999310603956,0.4253426451091619,0.1299060359105527,0.20164132587424632,1.1466189546842873
549,109.87324883255503,0.5,0.2,0.25,0.125,0.24257705899907797,0.4248681854445312,0.13000825351386405,0.20254650204252728,1.1466189546842873
550,110.07338225483656,0.5,0.2,0.25,0.125,0.24206133359227908,0.42437429617706013,0.13011626666636894,0.20344810356429238,1.1466189546842873
551,110.27351567711807,0.5,0.2,0.25,0.125,0.24156285916189246,0.4238614914726233,0.13022999150386635,0.2043456578616184,1.1466189546842873
552,110.4736490993996,0.5,0.2,0.25,0.125,0.24108166931082248,0.4233302929666397,0.1303493423707441,0.20523869535179426,1.1466189546842873
553,110.67378252168112,0.5,0.2,0.25,0.125,0.24061778892916125,0.4227812297907821,0.13047423186111443,0.2061267494189428,1.1466189546842873
554,110.87391594396264,0.5,0.2,0.25,0.125,0.24017123431551854,0.42221483793912123,0.13060457083859536,0.2070093569067654,1.1466189546842873
555,111.07404936624415,0.5,0.2,0.25,0.125,0.23974201331360812,0.4216316595752791,0.13074026845513886,0.20788605865597448,1.1466189546842873
556,111.27418278852568,0.5,0.2,0.25,0.125,0.23933012540833778,0.4210322425344883,0.1308812321838913,0.2087563998732832,1.1466189546842873
557,111.4743162108072,0.5,0.2,0.25,0.125,0.238935561472265,0.42041714145769205,0.1310273679581363,0.2096199291119072,1.1466189546842873
558,111.67444963308873,0.5,0.2,0.25,0.125,0.23855830438499792,0.4197869148741163,0.13117858005227978,0.21047620068860656,1.1466189546842873
559,111.87458305537024,0.5,0.2,0.25,0.125,0.23819832910684524,0.41914212482759394,0.13133477112731376,0.2113247749382476,1.1466189546842873
560,112.07471647765176,0.5,0.2,0.25,0.125,0.23785560275361156,0.4184833365042104,0.13149584227791336,0.21216521846426525,1.1466189546842873
561,112.27484989993329,0.5,0.2,0.25,0.125,0.2375300847410831,0.4178111175426192,0.13166169306075615,0.2129971046555421,1.1466189546842873
562,112.47498332221481,0.5,0.2,0.25,0.125,0.237221726931755,0.4171260373448204,0.1318322215239512,0.21382001419947388,1.1466189546842873
563,112.67511674449632,0.5,0.2,0.25,0.125,0.23693047356373775,0.4164286681046812,0.13200732427087308,0.21463353406070845,1.1466189546842873
564,112.87525016677785,0.5,0.2,0.25,0.125,0.23665626151012958,0.4157195832755893,0.1321868964754457,0.2154372587388359,1.1466189546842873
565,113.07538358905937,0.5,0.2,0.25,0.125,0.23639902057968884,0.41499935573377755,0.1323708318926266,0.21623079179390747,1.1466189546842873
566,113.2755170113409,0.5,0.2,0.25,0.125,0.23615867356366035,0.41426855794051287,0.1325590229087463,0.2170137455870809,1.1466189546842873
567,113.4756504336224,0.5,0.2,0.25,0.125,0.23593513638733649,0.413527761304936,0.13275136057745063,0.21778574173027732,1.1466189546842873
568,113.67578385590393,0.5,0.2,0.25,0.125,0.23572831826425686,0.4127775355442648,0.13294773465669232,0.21854641153478652,1.1466189546842873
569,113.87591727818545,0.5,0.2,0.25,0.125,0.23553812175155847,0.412018448849059,0.133148033669013,0.21929539573036996,1.1466189546842873
570,114.07605070046698,0.5,0.2,0.25,0.125,0.23536444274818225,0.4112510685216251,0.1333521449759751,0.220032343754218,1.1466189546842873
571,114.27618412274849,0.5,0.2,0.25,0.125,0.2352071709859304,0.4104759577104361,0.1335599547462182,0.22075691655741575,1.1466189546842873
572,114.47631754503001,0.5,0.2,0.25,0.125,0.23506619004876897,0.4096936759173744,0.13377134802852395,0.22146878600533326,1.1466189546842873
573,114.67645096731154,0.5,0.2,0.25,0.125,0.23494137751818223,0.40890477852015733,0.1339862087988856,0.2221676351627754,1.1466189546842873
574,114.87658438959306,0.5,0.2,0.25,0.125,0.2348326051284196,0.40810981623439757,0.134204420007038,0.22285315863014543,1.1466189546842873
575,115.07671781187457,0.5,0.2,0.25,0.125,0.23473973889724592,0.4073093347861239,0.13442586362924222,0.2235250626873886,1.1466189546842873
576,115.2768512341561,0.5,0.2,0.25,0.125,0.2346626390541499,0.40650387619230083,0.1346504207613078,0.22418306399224205,1.1466189546842873
577,115.47698465643762,0.5,0.2,0.25,0.125,0.2346011604701602,0.4056939761222382,0.13487797161745585,0.22482689179014637,1.1466189546842873
578,115.67711807871915,0.5,0.2,0.25,0.125,0.234555152772154,0.4048801637537014,0.1351083955909805,0.22545628788316463,1.1466189546842873
579,115.87725150100066,0.5,0.2,0.25,0.125,0.2345244604566614,0.4040629616511631,0.13534157131658617,0.22607100657558987,1.1466189546842873
580,116.07738492328218,0.5,0.2,0.25,0.125,0.23450892304263468,0.4032428853563793,0.13557737672686748,0.22667081487411908,1.1466189546842873
581,116.2775183455637,0.5,0.2,0.25,0.125,0.2345083752243387,0.40242044299665264,0.1358156891100853,0.22725549266892392,1.1466189546842873
582,116.47765176784523,0.5,0.2,0.25,0.125,0.23452264689779848,0.40159613597902155,0.13605638515078655,0.22782483197239392,1.1466189546842873
583,116.67778519012674,0.5,0.2,0.25,0.125,0.23455156337614372,0.40077045810880146,0.13629934099924365,0.22837863751581172,1.1466189546842873
584,116.87791861240827,0.5,0.2,0.25,0.125,0.23459494562752584,0.3999438945363114,0.1365444323454636,0.2289167274906997,1.1466189546842873
585,117.07805203468979,0.5,0.2,0.25,0.125,0.2346526103658826,0.3991169219643254,0.13679153447302148,0.22943893319677106,1.1466189546842873
586,117.27818545697131,0.5,0.2,0.25,0.125,0.23472437020076764,0.39829000837570067,0.13704052232278396,0.22994509910074826,1.1466189546842873
587,117.47831887925283,0.5,0.2,0.25,0.125,0.2348100337875295,0.39746361277676306,0.13729127055796292,0.23043508287774506,1.1466189546842873
588,117.67845230153435,0.5,0.2,0.25,0.125,0.2349094059173199,0.39663818522893046,0.13754365361680806,0.23090875523694207,1.1466189546842873
589,117.87858572381587,0.5,0.2,0.25,0.125,0.23502228757180982,0.3958141670565647,0.13779754575856698,0.23136599961305898,1.1466189546842873
590,118.0787191460974,0.5,0.2,0.25,0.125,0.23514847627056298,0.39499198975451233,0.13805282117689796,0.2318067127980272,1.1466189546842873
591,118.27885256837891,0.5,0.2,0.25,0.125,0.23528776613587832,0.39417207518502395,0.13830935405062195,0.23223080462847623,1.1466189546842873
592,118.47898599066043,0.5,0.2,0.25,0.125,0.23543994803157456,0.39335483545909167,0.13856701861245177,0.23263819789688242,1.1466189546842873
593,118.67911941294196,0.5,0.2,0.25,0.125,0.23560480970644898,0.3925406728140723,0.13882568922002916,0.23302882825945004,1.1466189546842873
594,118.87925283522348,0.5,0.2,0.25,0.125,0.23578213592378003,0.3917299795195715,0.13908524041856657,0.2334026441380823,1.1466189546842873
595,119.07938625750499,0.5,0.2,0.25,0.125,0.23597170848345325,0.390923137879613,0.13934554692988002,0.2337596067070541,1.1466189546842873
596,119.27951967978652,0.5,0.2,0.25,0.125,0.23617330650618742,0.3901205200620667,0.13960648382573188,0.23409968960601435,1.1466189546842873
597,119.47965310206804,0.5,0.2,0.25,0.125,0.23638670655110333,0.3893224880675252,0.13986792658618294,0.23442287879518892,1.1466189546842873
598,119.67978652434957,0.5,0.2,0.25,0.125,0.23661168273192967,0.3885293937172723,0.14012975115834023,0.2347291723924582,1.1466189546842873
599,119.87991994663108,0.5,0.2,0.25,0.125,0.23684800685255217,0.38774157864526854,0.14039183402995445,0.23501858047222524,1.1466189546842873
600,120.0800533689126,0.5,0.2,0.25,0.125,0.2370954485414836,0.386959374306521,0.14065405230327696,0.23529112484871884,1.1466189546842873
601,120.28018679119413,0.5,0.2,0.25,0.125,0.2373537753121872,0.3861831016453192,0.1409162836634136,0.23554683937908036,1.1466189546842873
602,120.48032021347565,0.5,0.2,0.25,0.125,0.23762275273130892,0.3854130713116378,0.1411784065046933,0.23578576945236035,1.1466189546842873
603,120.68045363575716,0.5,0.2,0.25,0.125,0.23790214459878506,0.3846495839571369,0.14144030007604774,0.23600797136803073,1.1466189546842873
604,120.88058705803869,0.5,0.2,0.25,0.125,0.23819171304185338,0.3838929301327148,0.14170184450359014,0.23621351232184215,1.1466189546842873
605,121.08072048032021,0.5,0.2,0.25,0.125,0.23849121864201284,0.3831433903684814,0.1419629208627076,0.23640247012679869,1.1466189546842873
606,121.28085390260173,0.5,0.2,0.25,0.125,0.23880042056103676,0.38240123527075953,0.14222341125060456,0.23657493291759962,1.1466189546842873
607,121.48098732488324,0.5,0.2,0.25,0.125,0.239119076626081,0.38166672527229634,0.1424831987978399,0.23673099930378327,1.1466189546842873
608,121.68112074716477,0.5,0.2,0.25,0.125,0.23944694339631303,0.38094011023987023,0.14274216765334938,0.23687077871046783,1.1466189546842873
609,121.8812541694463,0.5,0.2,0.25,0.125,0.23978377641949178,0.3802216308370632,0.1430002032635262,0.2369943894799193,1.1466189546842873
610,122.08138759172782,0.5,0.2,0.25,0.125,0.240129330295168,0.3795115181519492,0.14325719235578396,0.2371019591970993,1.1466189546842873
611,122.28152101400933,0.5,0.2,0.25,0.125,0.24048335878892335,0.37880999381514857,0.1435130230025264,0.23719362439340214,1.1466189546842873
612,122.48165443629085,0.5,0.2,0.25,0.125,0.24084561494874213,0.3781172701629443,0.14376758469030348,0.23726953019801053,1.1466189546842873
613,122.68178785857238,0.5,0.2,0.25,0.125,0.24121585122021075,0.37743355041538373,0.14402076838907246,0.2373298299753335,1.1466189546842873
614,122.8819212808539,0.5,0.2,0.25,0.125,0.24159381953621395,0.37675902847433523,0.14427246655351583,0.2373746854359354,1.1466189546842873
615,123.08205470313541,0.5,0.2,0.25,0.125,0.24197927133062994,0.37609388752171297,0.1445225729151967,0.23740426823246077,1.1466189546842873
616,123.28218812541694,0.5,0.2,0.25,0.125,0.242371957806031,0.3754383027753646,0.1447709829884488,0.237418756430156,1.1466189546842873
617,123.48232154769846,0.5,0.2,0.25,0.125,0.24277162999432825,0.3747924409175067,0.14501759400059375,0.23741833508757168,1.1466189546842873
618,123.68245496997999,0.5,0.2,0.25,0.125,0.24317803885078246,0.3741564600988406,0.1452623049188517,0.23740319613152555,1.1466189546842873
619,123.8825883922615,0.5,0.2,0.25,0.125,0.24359093535781773,0.37353051013582095,0.14550501650804804,0.23737353799831362,1.1466189546842873
620,124.08272181454302,0.5,0.2,0.25,0.125,0.2440100706274142,0.37291473271885295,0.14574563138772742,0.23732956526600577,1.1466189546842873
621,124.28285523682455,0.5,0.2,0.25,0.125,0.24443519599662633,0.3723092614647784,0.1459840540665458,0.23727148847204976,1.1466189546842873
622,124.48298865910607,0.5,0.2,0.25,0.125,0.24486606306931202,0.37171422037993623,0.14622019076355694,0.23719952578719508,1.1466189546842873
623,124.68312208138758,0.5,0.2,0.25,0.125,0.24530242388380874,0.3711297262264919,0.1464539497457726,0.23711390014392708,1.1466189546842873
624,124.8832555036691,0.5,0.2,0.25,0.125,0.2457440310005647,0.3705558884969757,0.1466852413460703,0.23701483915638963,1.1466189546842873
625,125.08338892595063,0.5,0.2,0.25,0.125,0.24619063758384077,0.369992809261992,0.14691397796221461,0.23690257519195296,1.1466189546842873
626,125.28352234823215,0.5,0.2,0.25,0.125,0.246641997493361,0.3694405833763045,0.1471400741014231,0.2367773450289118,1.1466189546842873
627,125.48365577051366,0.5,0.2,0.25,0.125,0.24709786537441306,0.3688992986919295,0.14736344642381824,0.2366393895098396,1.1466189546842873
628,125.68378919279519,0.5,0.2,0.25,0.125,0.247557996744865,0.3683690362392442,0.14758401378006672,0.23648895323582442,1.1466189546842873
629,125.88392261507671,0.5,0.2,0.25,0.125,0.24802214802153488,0.36784986891365395,0.14780169706697516,0.23632628599783634,1.1466189546842873
630,126.08405603735824,0.5,0.2,0.25,0.125,0.24849007665666076,0.3673418630058954,0.14801641942379473,0.23615164091364949,1.1466189546842873
631,126.28418945963975,0.5,0.2,0.25,0.125,0.24896154123843015,0.3668450788655904,0.14822810632212097,0.2359652735738588,1.1466189546842873
632,126.48432288192127,0.5,0.2,0.25,0.125,0.2494363015500876,0.36635957055879276,0.14843668553260858,0.23576744235851135,1.1466189546842873
633,126.6844563042028,0.5,0.2,0.25,0.125,0.249914118648303,0.3658853860612641,0.14864208715428426,0.23555840813614898,1.1466189546842873
634,126.88458972648432,0.5,0.2,0.25,0.125,0.250394754939848,0.3654225674551338,0.14884424364230936,0.2353384339627092,1.1466189546842873
635,127.08472314876583,0.5,0.2,0.25,0.125,0.2508779742565835,0.3649711511288749,0.1490430898341815,0.23510778478036046,1.1466189546842873
636,127.28485657104736,0.5,0.2,0.25,0.125,0.2513635419775401,0.3645311670390329,0.14923856283504,0.23486672814838735,1.1466189546842873
637,127.48498999332888,0.5,0.2,0.25,0.125,0.2518512250881387,0.3641026391559691,0.149430602076134,0.2346155336797585,1.1466189546842873
638,127.6851234156104,0.5,0.2,0.25,0.125,0.2523407921974218,0.3636855866908153,0.14961914948684576,0.23435447162491738,1.1466189546842873
639,127.88525683789192,0.5,0.2,0.25,0.125,0.25283201364055014,0.36328002364735706,0.14980414941677922,0.2340838132953138,1.1466189546842873
640,128.08539026017345,0.5,0.2,0.25,0.125,0.25332466154783073,0.3628859589906598,0.14998554864706565,0.23380383081444406,1.1466189546842873
641,128.28552368245496,0.5,0.2,0.25,0.125,0.2538185099122,0.36250339681621757,0.15016329639969442,0.2335147968718882,1.1466189546842873
642,128.48565710473648,0.5,0.2,0.25,0.125,0.25431333465516437,0.3621323365196223,0.1503373443448697,0.23321698448034386,1.1466189546842873
643,128.685790527018,0.5,0.2,0.25,0.125,0.25480891367821756,0.3617727725558247,0.15050764659757282,0.23291066716838515,1.1466189546842873
644,128.88592394929952,0.5,0.2,0.25,0.125,0.25530502691409607,0.3614246942426435,0.15067415971308853,0.23259611913017214,1.1466189546842873
645,129.08605737158106,0.5,0.2,0.25,0.125,0.2558014564223726,0.3610880870175845,0.1508368427117398,0.23227361384830333,1.1466189546842873
646,129.28619079386257,0.5,0.2,0.25,0.125,0.2562979864327195,0.36076293208712074,0.15099565706713267,0.23194342441302734,1.1466189546842873
647,129.48632421614408,0.5,0.2,0.25,0.125,0.2567944034015974,0.36044920655045637,0.15115056670260038,0.23160582334534607,1.1466189546842873
648,129.68645763842562,0.5,0.2,0.25,0.125,0.2572904960678421,0.3601468835378086,0.15130153798597326,0.23126108240837628,1.1466189546842873
649,129.88659106070713,0.5,0.2,0.25,0.125,0.2577860555066451,0.3598559323472606,0.1514485397223324,0.2309094724237622,1.1466189546842873
650,130.08672448298864,0.5,0.2,0.25,0.125,0.2582808751947122,0.35957631844094406,0.1515915431469961,0.23055126321734784,1.1466189546842873
651,130.28685790527018,0.5,0.2,0.25,0.125,0.25877475109904624,0.35930800316495015,0.1517305219209284,0.23018672381507543,1.1466189546842873
652,130.4869913275517,0.5,0.2,0.25,0.125,0.2592674816599037,0.35905094460312004,0.15186545210579708,0.22981612163117945,1.1466189546842873
653,130.68712474983323,0.5,0.2,0.25,0.125,0.2597588678624356,0.35880509744586103,0.1519963121528991,0.22943972253880454,1.1466189546842873
654,130.88725817211474,0.5,0.2,0.25,0.125,0.2602487132878865,0.3585704130627107,0.15212308288675638,0.22905779076264673,1.1466189546842873
655,131.08739159439625,0.5,0.2,0.25,0.125,0.2607368241597904,0.3583468396104971,0.15224574748609743,0.22867058874361537,1.1466189546842873
656,131.2875250166778,0.5,0.2,0.25,0.125,0.2612230093886657,0.35813432213892177,0.15236429146284144,0.2282783770095714,1.1466189546842873
657,131.4876584389593,0.5,0.2,0.25,0.125,0.26170708062392517,0.3579328026581371,0.15247870264962024,0.22788141406831783,1.1466189546842873
658,131.6877918612408,0.5,0.2,0.25,0.125,0.26218885235956,0.3577422199790412,0.15258897125212845,0.2274799564092707,1.1466189546842873
659,131.88792528352235,0.5,0.2,0.25,0.125,0.2626681418835327,0.35756251018026436,0.15269508971233575,0.22707425822386756,1.1466189546842873
660,132.08805870580386,0.5,0.2,0.25,0.125,0.2631447693360963,0.35739360662366193,0.15279705270320582,0.2266645713370363,1.1466189546842873
661,132.2881921280854,0.5,0.2,0.25,0.125,0.2636185577599083,0.3572354399944921,0.15289485711330966,0.2262511451322903,1.1466189546842873
662,132.4883255503669,0.5,0.2,0.25,0.125,0.2640893331374625,0.3570879383844682,0.15298850201592418,0.2258342264621454,1.1466189546842873
663,132.68845897264842,0.5,0.2,0.25,0.125,0.2645569244271124,0.356951027371868,0.15307798863624172,0.22541405956477814,1.1466189546842873
664,132.88859239492996,0.5,0.2,0.25,0.125,0.265021163597683,0.3568246300986994,0.15316332031669064,0.2249908859869272,1.1466189546842873
665,133.08872581721147,0.5,0.2,0.25,0.125,0.26548188566339215,0.3567086673405747,0.15324450249082455,0.2245649445052088,1.1466189546842873
666,133.28885923949298,0.5,0.2,0.25,0.125,0.2659389287566504,0.35660305747427107,0.1533215428943003,0.2241364708747785,1.1466189546842873
667,133.48899266177452,0.5,0.2,0.25,0.125,0.266392134115397,0.35650771665494085,0.15339445126269693,0.22370569796696543,1.1466189546842873
668,133.68912608405603,0.5,0.2,0.25,0.125,0.26684134610772126,0.3564225588925085,0.15346323926281707,0.22327285573695338,1.1466189546842873
669,133.88925950633757,0.5,0.2,0.25,0.125,0.2672864122730435,0.3563474960796738,0.15352792053140193,0.222838171115881,1.1466189546842873
670,134.08939292861908,0.5,0.2,0.25,0.125,0.26772718334935636,0.3562824380486607,0.15358851063574955,0.22240186796623365,1.1466189546842873
671,134.2895263509006,0.5,0.2,0.25,0.125,0.26816351329911375,0.3562272926248786,0.15364502703279032,0.22196416704321761,1.1466189546842873
672,134.48965977318213,0.5,0.2,0.25,0.125,0.2685952593337665,0.3561819656774964,0.15369748902662006,0.22152528596211737,1.1466189546842873
673,134.68979319546364,0.5,0.2,0.25,0.125,0.269022281937059,0.35614636116753096,0.15374591772511714,0.22108543917029327,1.1466189546842873
674,134.88992661774515,0.5,0.2,0.25,0.125,0.269444444928783,0.356120381412163,0.15379033622329316,0.22064483743576116,1.1466189546842873
675,135.09006004002669,0.5,0.2,0.25,0.125,0.26986161546214343,0.35610392700482457,0.15383076943002047,0.22020368810301186,1.1466189546842873
676,135.2901934623082,0.5,0.2,0.25,0.125,0.2702736640096562,0.35609689667913785,0.153867243837988,0.21976219547321835,1.1466189546842873
677,135.49032688458973,0.5,0.2,0.25,0.125,0.2706804644060245,0.3560991874757512,0.1538997876106018,0.21932056050762286,1.1466189546842873
678,135.69046030687124,0.5,0.2,0.25,0.125,0.2710818938658892,0.3561106947813873,0.15392843053754732,0.21887898081517648,1.1466189546842873
679,135.89059372915276,0.5,0.2,0.25,0.125,0.2714778330002972,0.3561313123651732,0.1539532039891933,0.21843765064533657,1.1466189546842873
680,136.0907271514343,0.5,0.2,0.25,0.125,0.27186816583188617,0.3561609324122527,0.15397414086983804,0.21799676088602346,1.1466189546842873
681,136.2908605737158,0.5,0.2,0.25,0.125,0.2722527798087867,0.3561994455546803,0.15399127556979725,0.2175564990667361,1.1466189546842873
682,136.49099399599731,0.5,0.2,0.25,0.125,0.2726315658425244,0.35624674111189364,0.1540046440678164,0.2171170489777659,1.1466189546842873
683,136.69112741827885,0.5,0.2,0.25,0.125,0.27300441833069294,0.35630270721136703,0.15401428394876865,0.21667859050917168,1.1466189546842873
684,136.89126084056036,0.5,0.2,0.25,0.125,0.27337123511020134,0.3563672303343356,0.15402023401189688,0.21624130054356652,1.1466189546842873
685,137.0913942628419,0.5,0.2,0.25,0.125,0.273731917495428,0.3564401955825454,0.15402253439432073,0.21580535252770613,1.1466189546842873
686,137.2915276851234,0.5,0.2,0.25,0.125,0.2740863702874316,0.3565214867100224,0.15402122652765504,0.21537091647489132,1.1466189546842873
687,137.49166110740492,0.5,0.2,0.25,0.125,0.2744345017814349,0.3566109861483898,0.15401635309080708,0.21493815897936852,1.1466189546842873
688,137.69179452968646,0.5,0.2,0.25,0.125,0.2747762237730908,0.35670857503001213,0.15400795796200312,0.2145072432348943,1.1466189546842873
689,137.89192795196797,0.5,0.2,0.25,0.125,0.27511145156352973,0.3568141332089629,0.15399608617004484,0.21407832905746288,1.1466189546842873
690,138.09206137424948,0.5,0.2,0.25,0.125,0.2754401039619235,0.3569275394298145,0.1539807839366435,0.21365157267161886,1.1466189546842873
691,138.29219479653102,0.5,0.2,0.25,0.125,0.2757621032852278,0.3570486716841044,0.153962098834238,0.21322712619643008,1.1466189546842873
692,138.49232821881253,0.5,0.2,0.25,0.125,0.2760773753654771,0.3571774065257168,0.1539400793068748,0.21280513880193164,1.1466189546842873
693,138.69246164109407,0.5,0.2,0.25,0.125,0.2763858495476351,0.3573136193586192,0.15391477478706272,0.2123857563066833,1.1466189546842873
694,138.89259506337558,0.5,0.2,0.25,0.125,0.27668745868819583,0.35745718448911556,0.15388623566899187,0.21196912115369704,1.1466189546842873
695,139.0927284856571,0.5,0.2,0.25,0.125,0.2769821391528151,0.3576079751466152,0.15385451326303556,0.2115553724375344,1.1466189546842873
696,139.29286190793863,0.5,0.2,0.25,0.125,0.2772698308127176,0.35776586350288475,0.153819659749884,0.21114464593451387,1.1466189546842873
697,139.49299533022014,0.5,0.2,0.25,0.125,0.2775504770398807,0.3579307206897816,0.15378172813430976,0.2107370741360282,1.1466189546842873
698,139.69312875250165,0.5,0.2,0.25,0.125,0.27782402470223305,0.35810241688336786,0.15374077223579327,0.21033278617860607,1.1466189546842873
699,139.8932621747832,0.5,0.2,0.25,0.125,0.2780904241640808,0.35828082174018805,0.15369684687270177,0.20993190722302965,1.1466189546842873
700,140.0933955970647,0.5,0.2,0.25,0.125,0.27834962926619844,0.3584658037842431,0.1536500074716049,0.20953455947795388,1.1466189546842873
701,140.29352901934624,0.5,0.2,0.25,0.125,0.2786015973189571,0.3586572305742858,0.15360031010490005,0.2091408620018573,1.1466189546842873
702,140.49366244162775,0.5,0.2,0.25,0.125,0.2788462890928259,0.35885496879266915,0.15354781148589003,0.20875093062861522,1.1466189546842873
703,140.69379586390926,0.5,0.2,0.25,0.125,0.27908366880642743,0.35905888426568894,0.15349256892676308,0.20836487800112083,1.1466189546842873
704,140.8939292861908,0.5,0.2,0.25,0.125,0.2793137041133816,0.35926884198301295,0.15343464029653653,0.20798281360706922,1.1466189546842873
705,141.0940627084723,0.5,0.2,0.25,0.125,0.2795363660879357,0.35948470611619776,0.15337408397896388,0.2076048438169029,1.1466189546842873
706,141.29419613075382,0.5,0.2,0.25,0.125,0.2797516292103349,0.3597063400569688,0.15331095883975995,0.2072310718929366,1.1466189546842873
707,141.49432955303536,0.5,0.2,0.25,0.125,0.2799594713679588,0.3599336068234995,0.15324532436069743,0.20686159744784455,1.1466189546842873
708,141.69446297531687,0.5,0.2,0.25,0.125,0.28015987381734064,0.3601663686422307,0.15317724040106762,0.20649651713936118,1.1466189546842873
709,141.8945963975984,0.5,0.2,0.25,0.125,0.28035282116447025,0.36040448695234373,0.15310676715073998,0.20613592473244624,1.1466189546842873
710,142.09472981987992,0.5,0.2,0.25,0.125,0.2805383013498134,0.3606478225381736,0.15303396514148263,0.2057799109705305,1.1466189546842873
711,142.29486324216143,0.5,0.2,0.25,0.125,0.28071630562713984,0.3608962355525062,0.15295889520929098,0.20542856361106318,1.1466189546842873
712,142.49499666444297,0.5,0.2,0.25,0.125,0.28088682854116237,0.3611495855394957,0.1528816184569222,0.20508196746241988,1.1466189546842873
713,142.69513008672448,0.5,0.2,0.25,0.125,0.2810498679039886,0.36140773145720556,0.15280219621663507,0.2047402044221709,1.1466189546842873
714,142.89526350900599,0.5,0.2,0.25,0.125,0.28120542477037896,0.36167053170147717,0.1527206900139225,0.20440335351422156,1.1466189546842873
715,143.09539693128752,0.5,0.2,0.25,0.125,0.2813535034109247,0.36193784440065957,0.1526371616565809,0.20407149053183507,1.1466189546842873
716,143.29553035356903,0.5,0.2,0.25,0.125,0.28149411128552637,0.3622095272573565,0.15255167311518406,0.2037446883419333,1.1466189546842873
717,143.49566377585057,0.5,0.2,0.25,0.125,0.2816272590156664,0.36248543739532246,0.15246428640631204,0.20342301718269937,1.1466189546842873
718,143.69579719813208,0.5,0.2,0.25,0.125,0.2817529603544387,0.3627654315265593,0.1523750636238791,0.20310654449512316,1.1466189546842873
719,143.8959306204136,0.5,0.2,0.25,0.125,0.2818712321558461,0.36304936597987725,0.1522840669069303,0.20279533495734667,1.1466189546842873
720,144.09606404269513,0.5,0.2,0.25,0.125,0.281982094342907,0.3633370967295146,0.1521913584078454,0.20248945051973327,1.1466189546842873
721,144.29619746497664,0.5,0.2,0.25,0.125,0.28208556987457356,0.3636284794238165,0.15209700026094952,0.20218895044066076,1.1466189546842873
722,144.49633088725815,0.5,0.2,0.25,0.125,0.2821816847114599,0.36392336941397213,0.15200105455153107,0.20189389132303726,1.1466189546842873
723,144.6964643095397,0.5,0.2,0.25,0.125,0.2822704678023799,0.36422162191152824,0.15190358333050444,0.2016043269555878,1.1466189546842873
724,144.8965977318212,0.5,0.2,0.25,0.125,0.28235195105293115,0.3645230920478714,0.15180464859500595,0.2013203083041919,1.1466189546842873
725,145.09673115410274,0.5,0.2,0.25,0.125,0.2824261692447913,0.36482763465233525,0.15170431217048613,0.2010418839323877,1.1466189546842873
726,145.29686457638425,0.5,0.2,0.25,0.125,0.2824931600199164,0.3651351044170824,0.15160263572912142,0.20076909983388017,1.1466189546842873
727,145.49699799866576,0.5,0.2,0.25,0.125,0.28255296384153544,0.3654453559332316,0.15149968076336054,0.20050199946187283,1.1466189546842873
728,145.6971314209473,0.5,0.2,0.25,0.125,0.28260562395377153,0.3657582437259695,0.1513955085595011,0.20024062376075827,1.1466189546842873
729,145.8972648432288,0.5,0.2,0.25,0.125,0.28265118634012604,0.3660736222900257,0.1512901801717797,0.19998501119806897,1.1466189546842873
730,146.09739826551032,0.5,0.2,0.25,0.125,0.282689699680825,0.366391346125511,0.15118375639697623,0.19973519779668808,1.1466189546842873
731,146.29753168779186,0.5,0.2,0.25,0.125,0.28272121532922145,0.3667112698186785,0.15107629776328899,0.19949121708881143,1.1466189546842873
732,146.49766511007337,0.5,0.2,0.25,0.125,0.28274578730460587,0.36703324816176774,0.15096786453167832,0.19925310000194843,1.1466189546842873
733,146.6977985323549,0.5,0.2,0.25,0.125,0.2827634721622318,0.36735713600476727,0.150858516614846,0.19902087521815526,1.1466189546842873
734,146.89793195463642,0.5,0.2,0.25,0.125,0.28277432898088206,0.3676827883694314,0.15074831357758367,0.19879456907210313,1.1466189546842873
735,147.09806537691793,0.5,0.2,0.25,0.125,0.2827784193189935,0.36801006049678703,0.15063731461698843,0.19857420556723132,1.1466189546842873
736,147.29819879919947,0.5,0.2,0.25,0.125,0.2827758071667474,0.3683388078886104,0.15052557854121948,0.19835980640342302,1.1466189546842873
737,147.49833222148098,0.5,0.2,0.25,0.125,0.28276655889710245,0.36866888634944406,0.15041316374882288,0.19815139100463083,1.1466189546842873
738,147.6984656437625,0.5,0.2,0.25,0.125,0.2827507432157707,0.3690001520291537,0.15030012820862498,0.19794897654645086,1.1466189546842873
739,147.89859906604403,0.5,0.2,0.25,0.125,0.28272843112245216,0.3693324614737546,0.1501865294432514,0.19775257796054216,1.1466189546842873
740,148.09873248832554,0.5,0.2,0.25,0.125,0.2826996959240388,0.3696656717100622,0.15007242452637715,0.1975622078395221,1.1466189546842873
741,148.29886591060708,0.5,0.2,0.25,0.125,0.28266461308115187,0.36999964022693305,0.14995787003943692,0.19737787665247844,1.1466189546842873
742,148.4989993328886,0.5,0.2,0.25,0.125,0.28262326018158523,0.3703342250373647,0.14984292206066774,0.19719959272038273,1.1466189546842873
743,148.6991327551701,0.5,0.2,0.25,0.125,0.2825757168963064,0.3706692847308515,0.14972763615065252,0.19702736222219008,1.1466189546842873
744,148.89926617745164,0.5,0.2,0.25,0.125,0.2825220649250963,0.37100467852043995,0.14961206733612298,0.19686118921834123,1.1466189546842873
745,149.09939959973315,0.5,0.2,0.25,0.125,0.2824623879412376,0.37134026629039024,0.14949627009435737,0.1967010756740153,1.1466189546842873
746,149.29953302201466,0.5,0.2,0.25,0.125,0.2823967715352512,0.3716759086444436,0.1493802983381726,0.1965470214821331,1.1466189546842873
747,149.4996664442962,0.5,0.2,0.25,0.125,0.2823253031779257,0.3720114669449455,0.14926420539736093,0.1963990244797683,1.1466189546842873
748,149.6997998665777,0.5,0.2,0.25,0.125,0.2822480722626674,0.3723468033139105,0.14914804398426373,0.1962570804391588,1.1466189546842873
749,149.89993328885924,0.5,0.2,0.25,0.125,0.28216516988915413,0.3726817807588389,0.14903186621278325,0.19612118313922414,1.1466189546842873
750,150.10006671114076,0.5,0.2,0.25,0.125,0.2820766888484534,0.3730162632016433,0.1489157235764896,0.19599132437341407,1.1466189546842873
751,150.30020013342227,0.5,0.2,0.25,0.125,0.2819827235788861,0.37335011552181474,0.14879966693312502,0.1958674939661745,1.1466189546842873
752,150.5003335557038,0.5,0.2,0.25,0.125,0.2818833701071859,0.3736832036068177,0.14868374649252267,0.19574967979347405,1.1466189546842873
753,150.70046697798531,0.5,0.2,0.25,0.125,0.2817787259888719,0.37401539440301307,0.14856801180508628,0.19563786780302908,1.1466189546842873
754,150.90060040026682,0.5,0.2,0.25,0.125,0.28166889024783415,0.37434655596710725,0.14845251175083085,0.19553204203422803,1.1466189546842873
755,151.10073382254836,0.5,0.2,0.25,0.125,0.28155396333963056,0.3746765574966249,0.14833729452451477,0.19543218463923012,1.1466189546842873
756,151.30086724482987,0.5,0.2,0.25,0.125,0.28143404720333115,0.37500526928249156,0.1482224076050336,0.19533827590914404,1.1466189546842873
757,151.5010006671114,0.5,0.2,0.25,0.125,0.28130924501717713,0.37533256292143935,0.14810789777927066,0.19525029428211318,1.1466189546842873
758,151.70113408939292,0.5,0.2,0.25,0.125,0.2811796611891605,0.3756583113220392,0.1479938111235034,0.19516821636529724,1.1466189546842873
759,151.90126751167443,0.5,0.2,0.25,0.125,0.28104540131123856,0.37598238874249007,0.14788019299186225,0.19509201695440953,1.1466189546842873
760,152.10140093395597,0.5,0.2,0.25,0.125,0.28090657209780046,0.37630467084206765,0.14776708800808,0.19502166905205237,1.1466189546842873
761,152.30153435623748,0.5,0.2,0.25,0.125,0.28076328132353684,0.37662503473293313,0.14765454005776762,0.19495714388576285,1.1466189546842873
762,152.501667778519,0.5,0.2,0.25,0.125,0.2806156377607116,0.37694335903230325,0.14754259228121644,0.19489841092576918,1.1466189546842873
763,152.70180120080053,0.5,0.2,0.25,0.125,0.2804637511454608,0.37725952388055023,0.1474312870602861,0.19484543791370337,1.1466189546842873
764,152.90193462308204,0.5,0.2,0.25,0.125,0.2803077322426877,0.3775734108443792,0.14732066598425336,0.19479819092868023,1.1466189546842873
765,153.10206804536358,0.5,0.2,0.25,0.125,0.28014769257194094,0.37788490321368085,0.14721076988976306,0.19475663432461557,1.1466189546842873
766,153.3022014676451,0.5,0.2,0.25,0.125,0.2799837444069843,0.378193885979963,0.14710163884167243,0.19472073077138066,1.1466189546842873
767,153.5023348899266,0.5,0.2,0.25,0.125,0.2798160007304816,0.3785002458666138,0.14699331212405012,0.19469044127885493,1.1466189546842873
768,153.70246831220814,0.5,0.2,0.25,0.125,0.27964457517182734,0.3788038713784194,0.14688582823523616,0.19466572521451744,1.1466189546842873
769,153.90260173448965,0.5,0.2,0.25,0.125,0.2794695819445986,0.3791046528511892,0.14677922488338105,0.19464654032083145,1.1466189546842873
770,154.1027351567712,0.5,0.2,0.25,0.125,0.2792911357836259,0.37940248250148834,0.14667353898246385,0.19463284273242226,1.1466189546842873
771,154.3028685790527,0.5,0.2,0.25,0.125,0.279109351918669,0.3796972544301652,0.14656880663956995,0.19462458701159613,1.1466189546842873
772,154.5030020013342,0.5,0.2,0.25,0.125,0.27892434616118666,0.379988864483889,0.14646506311436078,0.19462172624056379,1.1466189546842873
773,154.70313542361575,0.5,0.2,0.25,0.125,0.27873623459041624,0.38027721061808306,0.14636234287881347,0.1946242119126875,1.1466189546842873
774,154.90326884589726,0.5,0.2,0.25,0.125,0.27854513356856153,0.38056219284736464,0.14626067959530348,0.19463199398877065,1.1466189546842873
775,155.10340226817877,0.5,0.2,0.25,0.125,0.2783511596991167,0.38084371326682487,0.14616010610924718,0.1946450209248115,1.1466189546842873
776,155.3035356904603,0.5,0.2,0.25,0.125,0.27815442976658605,0.38112167609623815,0.14606065444676639,0.19466323969040977,1.1466189546842873
777,155.50366911274182,0.5,0.2,0.25,0.125,0.2779550606760825,0.38139598772405425,0.14596235581276773,0.19468659578709582,1.1466189546842873
778,155.70380253502336,0.5,0.2,0.25,0.125,0.2777531693928057,0.3816665567511752,0.14586524058943628,0.19471503326658313,1.1466189546842873
779,155.90393595730487,0.5,0.2,0.25,0.125,0.2775488729178263,0.3819332939823462,0.14576933832826766,0.1947484947715602,1.1466189546842873
780,156.10406937958638,0.5,0.2,0.25,0.125,0.27734228836592556,0.3821961122710042,0.14567467772322623,0.1947869216398444,1.1466189546842873
781,156.30420280186792,0.5,0.2,0.25,0.125,0.2771335326696758,0.38245492689899896,0.14558128665485082,0.19483025377647484,1.1466189546842873
782,156.50433622414943,0.5,0.2,0.25,0.125,0.27692272259565315,0.3827096555089182,0.1454891921758302,0.1948784297195988,1.1466189546842873
783,156.70446964643094,0.5,0.2,0.25,0.125,0.2767099747040425,0.3829602181170917,0.14539842050765603,0.19493138667121013,1.1466189546842873
784,156.90460306871248,0.5,0.2,0.25,0.125,0.2764954052920154,0.3832065371494435,0.1453089970407311,0.19498906051781034,1.1466189546842873
785,157.104736490994,0.5,0.2,0.25,0.125,0.27627913033723006,0.38344853747678115,0.14522094633484617,0.195051385851143,1.1466189546842873
786,157.30486991327552,0.5,0.2,0.25,0.125,0.27606126544145326,0.3836861464495194,0.1451342921200254,0.19511829598900227,1.1466189546842873
787,157.50500333555703,0.5,0.2,0.25,0.125,0.27584192581323697,0.38391929387630275,0.14504905728984713,0.19518972302061355,1.1466189546842873
788,157.70513675783855,0.5,0.2,0.25,0.125,0.27562122635026576,0.3841479118600546,0.14496526387494904,0.19526559791473097,1.1466189546842873
789,157.90527018012008,0.5,0.2,0.25,0.125,0.27539928134340097,0.3843719351732918,0.14488293309362948,0.19534585038967806,1.1466189546842873
790,158.1054036024016,0.5,0.2,0.25,0.125,0.2751762045019118,0.38459130117487095,0.1448020853377203,0.19543040898549732,1.1466189546842873
791,158.3055370246831,0.5,0.2,0.25,0.125,0.27495210891785404,0.38480594981315086,0.1447227401711911,0.19551920109780438,1.1466189546842873
792,158.50567044696464,0.5,0.2,0.25,0.125,0.27472710701514136,0.38501582365060144,0.14464491633225077,0.19561215300200685,1.1466189546842873
793,158.70580386924615,0.5,0.2,0.25,0.125,0.2745013104989866,0.3852208678874945,0.14456863173576742,0.19570918987775193,1.1466189546842873
794,158.9059372915277,0.5,0.2,0.25,0.125,0.27427483030571115,0.3854210303846784,0.14449390347600688,0.19581023583360402,1.1466189546842873
795,159.1060707138092,0.5,0.2,0.25,0.125,0.2740477765946882,0.385616261626501,0.14442074782137898,0.19591521395743228,1.1466189546842873
796,159.3062041360907,0.5,0.2,0.25,0.125,0.27382025883339256,0.3858065145519494,0.14434918019104673,0.19602404642361174,1.1466189546842873
797,159.50633755837225,0.5,0.2,0.25,0.125,0.27359238549851833,0.3859917449271757,0.1442792152083321,0.19613665436597436,1.1466189546842873
798,159.70647098065376,0.5,0.2,0.25,0.125,0.2733642641151818,0.38617191124054134,0.14421086668723326,0.19625295795704406,1.1466189546842873
799,159.90660440293527,0.5,0.2,0.25,0.125,0.27313600122744225,0.38634697469418566,0.14414414763300215,0.19637287644537046,1.1466189546842873
800,160.1067378252168,0.5,0.2,0.25,0.125,0.2729077023541024,0.3865168992159707,0.14407907024604324,0.1964963281838842,1.1466189546842873
801,160.30687124749832,0.5,0.2,0.25,0.125,0.27267947194506237,0.38668165147024897,0.1440156459260945,0.19662323065859472,1.1466189546842873
802,160.50700466977986,0.5,0.2,0.25,0.125,0.2724514133382284,0.38684120086745266,0.14395388527668979,0.19675350051762971,1.1466189546842873
803,160.70713809206137,0.5,0.2,0.25,0.125,0.2722236287169751,0.38699551957250516,0.14389379810990344,0.19688705360061687,1.1466189546842873
804,160.90727151434288,0.5,0.2,0.25,0.125,0.2719962191988446,0.3871445823341981,0.14383539342656254,0.1970238050403954,1.1466189546842873
805,161.10740493662442,0.5,0.2,0.25,0.125,0.2717692847862346,0.3872883665019748,0.14377867942305173,0.1971636692887395,1.1466189546842873
806,161.30753835890593,0.5,0.2,0.25,0.125,0.271542924118783,0.3874268523121785,0.1437236635361585,0.19730656003288055,1.1466189546842873
807,161.50767178118744,0.5,0.2,0.25,0.125,0.2713172345541551,0.3875600227269253,0.143670352425949,0.19745239029297115,1.1466189546842873
808,161.70780520346898,0.5,0.2,0.25,0.125,0.2710923121331275,0.3876878634300241,0.14361875198100027,0.19760107245584865,1.1466189546842873
809,161.9079386257505,0.5,0.2,0.25,0.125,0.27086825154504784,0.3878103628219616,0.14356886732394836,0.19775251830904278,1.1466189546842873
810,162.10807204803203,0.5,0.2,0.25,0.125,0.27064514609407286,0.38792751201340314,0.14352070281727547,0.19790663907524908,1.1466189546842873
811,162.30820547031354,0.5,0.2,0.25,0.125,0.2704230876661865,0.3880393048172095,0.14347426206933617,0.19806334544726836,1.1466189546842873
812,162.50833889259505,0.5,0.2,0.25,0.125,0.27020216670364017,0.38814573773184713,0.14342954793952872,0.19822254762498448,1.1466189546842873
813,162.7084723148766,0.5,0.2,0.25,0.125,0.2699824723004248,0.3882468097944031,0.14338656252390566,0.19838415538126689,1.1466189546842873
814,162.9086057371581,0.5,0.2,0.25,0.125,0.2697640920266924,0.38834252272351916,0.1433453071857811,0.19854807806400782,1.1466189546842873
815,163.1087391594396,0.5,0.2,0.25,0.125,0.26954711189564423,0.38843288090895084,0.14330578256324752,0.19871422463215788,1.1466189546842873
816,163.30887258172115,0.5,0.2,0.25,0.125,0.2693316163736608,0.3885178913541233,0.1432679885699404,0.19888250370227592,1.1466189546842873
817,163.50900600400266,0.5,0.2,0.25,0.125,0.2691176883548405,0.3885975636561916,0.14323192440203025,0.1990528235869381,1.1466189546842873
818,163.7091394262842,0.5,0.2,0.25,0.125,0.2689054091364593,0.38867190998446455,0.14319758854543024,0.19922509233364633,1.1466189546842873
819,163.9092728485657,0.5,0.2,0.25,0.125,0.26869485839535134,0.3887409450571931,0.14316497878321988,0.19939921776423605,1.1466189546842873
820,164.10940627084722,0.5,0.2,0.25,0.125,0.26848611416521007,0.3888046861167223,0.1431340922032842,0.19957510751478377,1.1466189546842873
821,164.30953969312876,0.5,0.2,0.25,0.125,0.2682792528378404,0.3888631528942219,0.14310492520059986,0.1997526690673382,1.1466189546842873
822,164.50967311541027,0.5,0.2,0.25,0.125,0.268074349209974,0.388916367555751,0.1430774734689418,0.19993180976533356,1.1466189546842873
823,164.70980653769178,0.5,0.2,0.25,0.125,0.2678714763336165,0.3889643547219861,0.1430517320405369,0.20011243690386085,1.1466189546842873
824,164.90993995997331,0.5,0.2,0.25,0.125,0.2676707055442069,0.3890071414188332,0.14302769528315856,0.20029445775380175,1.1466189546842873
825,165.11007338225482,0.5,0.2,0.25,0.125,0.267472106451677,0.38904475704090746,0.14300535690663135,0.20047777960078456,1.1466189546842873
826,165.31020680453636,0.5,0.2,0.25,0.125,0.26727574692524053,0.3890772333161209,0.14298470997128992,0.20066230978734914,1.1466189546842873
827,165.51034022681787,0.5,0.2,0.25,0.125,0.26708169307919905,0.38910460426859644,0.14296574689663052,0.20084795575557446,1.1466189546842873
828,165.71047364909938,0.5,0.2,0.25,0.125,0.2668900092597647,0.3891269061799106,0.14294845947015528,0.2010346250901699,1.1466189546842873
829,165.91060707138092,0.5,0.2,0.25,0.125,0.26670075803289967,0.3891441775486624,0.1429328388564087,0.20122222556202973,1.1466189546842873
830,166.11074049366243,0.5,0.2,0.25,0.125,0.26651400020111493,0.38915645911464003,0.14291887558844668,0.20141066509579877,1.1466189546842873
831,166.31087391594394,0.5,0.2,0.25,0.125,0.2663297947891114,0.38916379380500815,0.14290655957994802,0.2015998518259329,1.1466189546842873
832,166.51100733822548,0.5,0.2,0.25,0.125,0.26614819899426,0.3891662265930223,0.14289588016051313,0.20178969425220503,1.1466189546842873
833,166.711140760507,0.5,0.2,0.25,0.125,0.26596926820291017,0.38916380450878013,0.14288682606996106,0.20198010121834908,1.1466189546842873
834,166.91127418278853,0.5,0.2,0.25,0.125,0.2657930559842689,0.38915657659269426,0.14287938546772133,0.20217098195531594,1.1466189546842873
835,167.11140760507004,0.5,0.2,0.25,0.125,0.26561961408530266,0.3891445938473072,0.14287354594241453,0.202362246124976,1.1466189546842873
836,167.31154102735155,0.5,0.2,0.25,0.125,0.2654489924267024,0.389127909187543,0.1428692945215961,0.20255380386415892,1.1466189546842873
837,167.5116744496331,0.5,0.2,0.25,0.125,0.26528123909991136,0.389106577389396,0.1428666176816631,0.20274556582902992,1.1466189546842873
838,167.7118078719146,0.5,0.2,0.25,0.125,0.26511640036339934,0.38908065505019707,0.14286550135771445,0.20293744322868956,1.1466189546842873
839,167.9119412941961,0.5,0.2,0.25,0.125,0.2649545206109498,0.3890502007573812,0.1428659309502211,0.20312934768144827,1.1466189546842873
840,168.11207471647765,0.5,0.2,0.25,0.125,0.26479564240816295,0.38901527477009634,0.1428678913396108,0.20332119148213026,1.1466189546842873
841,168.31220813875916,0.5,0.2,0.25,0.125,0.2646398064932753,0.38897593896497346,0.14287136689677413,0.20351288764497757,1.1466189546842873
842,168.5123415610407,0.5,0.2,0.25,0.125,0.2644870517703942,0.3889322568428641,0.14287634149273554,0.20370434989400657,1.1466189546842873
843,168.7124749833222,0.5,0.2,0.25,0.125,0.2643374153122148,0.3888842934731444,0.14288279850945948,0.20389549270518179,1.1466189546842873
844,168.91260840560372,0.5,0.2,0.25,0.125,0.26419093236376356,0.38883211543670426,0.14289072085081533,0.2040862313487173,1.1466189546842873
845,169.11274182788526,0.5,0.2,0.25,0.125,0.26404763634717265,0.38877579076762175,0.14290009095370163,0.2042764819315045,1.1466189546842873
846,169.31287525016677,0.5,0.2,0.25,0.125,0.2639075588674816,0.38871538889352275,0.14291089079932945,0.2044661614396667,1.1466189546842873
847,169.51300867244828,0.5,0.2,0.25,0.125,0.26377072970416177,0.3886509806629355,0.14292310191847185,0.20465518771443136,1.1466189546842873
848,169.71314209472982,0.5,0.2,0.25,0.125,0.2636371767780154,0.3885826385193375,0.14293670538649209,0.20484347931615554,1.1466189546842873
849,169.91327551701133,0.5,0.2,0.25,0.125,0.26350692624124805,0.3885104359691903,0.1429516818679529,0.2050309559216093,1.1466189546842873
850,170.11340893929287,0.5,0.2,0.25,0.125,0.26338000245693177,0.38843444769273955,0.14296801161621447,0.2052175382341147,1.1466189546842873
851,170.31354236157438,0.5,0.2,0.25,0.125,0.26325642800459975,0.3883547495086766,0.1429856744833483,0.20540314800337584,1.1466189546842873
852,170.5136757838559,0.5,0.2,0.25,0.125,0.26313622369098694,0.38827141831372586,0.1430046499318765,0.20558770806341115,1.1466189546842873
853,170.71380920613743,0.5,0.2,0.25,0.125,0.2630194085617402,0.38818453202126507,0.14302491704664577,0.2057711423703494,1.1466189546842873
854,170.91394262841894,0.5,0.2,0.25,0.125,0.26290599991409613,0.3880941694989787,0.14304645454683645,0.20595337604008912,1.1466189546842873
855,171.11407605070045,0.5,0.2,0.25,0.125,0.26279601331052777,0.3880004105055443,0.14306924079810607,0.20613433538582232,1.1466189546842873
856,171.314209472982,0.5,0.2,0.25,0.125,0.2626894625261081,0.38790333590985027,0.1430932538058477,0.2063139477581943,1.1466189546842873
857,171.5143428952635,0.5,0.2,0.25,0.125,0.26258635958338766,0.3878030275444153,0.1431184712330601,0.20649214163913732,1.1466189546842873
858,171.71447631754504,0.5,0.2,0.25,0.125,0.26248671485754177,0.3876995677656987,0.14314487043795174,0.20666884693880813,1.1466189546842873
859,171.91460973982655,0.5,0.2,0.25,0.125,0.262390537037856,0.38759303962313585,0.14317242847077602,0.20684399486823243,1.1466189546842873
860,172.11474316210806,0.5,0.2,0.25,0.125,0.26229783314447913,0.38748352679830644,0.14320112208615768,0.20701751797105702,1.1466189546842873
861,172.3148765843896,0.5,0.2,0.25,0.125,0.2622086085460945,0.3873711135433485,0.1432309277555401,0.20718935015501708,1.1466189546842873
862,172.5150100066711,0.5,0.2,0.25,0.125,0.26212286697847886,0.38725588461874666,0.14326182167974413,0.20735942672303054,1.1466189546842873
863,172.71514342895262,0.5,0.2,0.25,0.125,0.2620406105639488,0.38713792523049256,0.14329377980163926,0.20752768440391958,1.1466189546842873
864,172.91527685123415,0.5,0.2,0.25,0.125,0.2619618398316951,0.38701732096662,0.1433267778189264,0.20769406138275873,1.1466189546842873
865,173.11541027351566,0.5,0.2,0.25,0.125,0.2618865536846586,0.3868941579106024,0.14336079118951656,0.20785849721522268,1.1466189546842873
866,173.3155436957972,0.5,0.2,0.25,0.125,0.26181474929364223,0.38676852299466097,0.14339579512683573,0.20802093258486135,1.1466189546842873
867,173.5156771180787,0.5,0.2,0.25,0.125,0.2617464223948347,0.386640503037845,0.1434317646509105,0.2081813099164101,1.1466189546842873
868,173.71581054036022,0.5,0.2,0.25,0.125,0.26168156720639385,0.3865101850304963,0.14346867458675894,0.20833957317635124,1.1466189546842873
869,173.91594396264176,0.5,0.2,0.25,0.125,0.2616201764371454,0.3863776561201479,0.14350649957551004,0.208495667867197,1.1466189546842873
870,174.11607738492327,0.5,0.2,0.25,0.125,0.26156224130893097,0.3862430035551178,0.14354521408740012,0.20864954104855146,1.1466189546842873
871,174.31621080720478,0.5,0.2,0.25,0.125,0.26150775157969147,0.3861063146279725,0.14358479243486028,0.20880114135747616,1.1466189546842873
872,174.51634422948632,0.5,0.2,0.25,0.125,0.261456695567287,0.3859676766188597,0.14362520878569446,0.20895041902815928,1.1466189546842873
873,174.71647765176783,0.5,0.2,0.25,0.125,0.2614090601740519,0.38582717673871164,0.1436664371763486,0.2090973259108883,1.1466189546842873
874,174.91661107404937,0.5,0.2,0.25,0.125,0.26136483089962,0.3856849021085371,0.14370845152115425,0.20924181547068912,1.1466189546842873
875,175.11674449633088,0.5,0.2,0.25,0.125,0.2613239916993059,0.38554094018946294,0.1437512255704172,0.2093838425408143,1.1466189546842873
876,175.3168779186124,0.5,0.2,0.25,0.125,0.26128652522650225,0.38539537809901314,0.14379473299516934,0.20952336367931565,1.1466189546842873
877,175.51701134089393,0.5,0.2,0.25,0.125,0.26125241284229006,0.38524830260576254,0.1438389473948943,0.20966033715705346,1.1466189546842873
878,175.71714476317544,0.5,0.2,0.25,0.125,0.2612216345980549,0.38509980020443396,0.14388384229618664,0.20979472290132484,1.1466189546842873
879,175.91727818545695,0.5,0.2,0.25,0.125,0.26119416926142836,0.3849499570671172,0.14392939116556647,0.20992648250588827,1.1466189546842873
880,176.1174116077385,0.5,0.2,0.25,0.125,0.2611699943428247,0.38479885899476757,0.14397556742233855,0.21005557924006948,1.1466189546842873
881,176.31754503002,0.5,0.2,0.25,0.125,0.26114908612257187,0.384646591368984,0.1440223444514957,0.2101819780569487,1.1466189546842873
882,176.51767845230154,0.5,0.2,0.25,0.125,0.2611314196786378,0.3844932391040661,0.14406969561666655,0.2103056456006298,1.1466189546842873
883,176.71781187458305,0.5,0.2,0.25,0.125,0.26111696891493474,0.3843388865993885,0.14411759427310256,0.21042655021257442,1.1466189546842873
884,176.91794529686456,0.5,0.2,0.25,0.125,0.2611057064551882,0.3841836180072548,0.14416601373687413,0.210544661800683,1.1466189546842873
885,177.1180787191461,0.5,0.2,0.25,0.125,0.2610976037327383,0.3840275170450566,0.14421492731752392,0.21065995190468134,1.1466189546842873
886,177.3182121414276,0.5,0.2,0.25,0.125,0.2610926311651988,0.38387066661101665,0.14426430837811852,0.21077239384566623,1.1466189546842873
887,177.51834556370912,0.5,0.2,0.25,0.125,0.26109075808647236,0.38371314896800185,0.14431413031638207,0.210881962629144,1.1466189546842873
888,177.71847898599066,0.5,0.2,0.25,0.125,0.2610919527748564,0.38355504570469945,0.1443643665768751,0.21098863494356931,1.1466189546842873
889,177.91861240827217,0.5,0.2,0.25,0.125,0.26109618248159366,0.38339643769742426,0.1444149906631689,0.21109238915781348,1.1466189546842873
890,178.1187458305537,0.5,0.2,0.25,0.125,0.2611034134598663,0.3832374050725568,0.14446597615001525,0.21119320531756197,1.1466189546842873
891,178.31887925283522,0.5,0.2,0.25,0.125,0.2611136109942342,0.3830780271696132,0.14451729669551153,0.21129106514064142,1.1466189546842873
892,178.51901267511673,0.5,0.2,0.25,0.125,0.26112673943051745,0.3829183825049455,0.14456892605326158,0.21138595201127588,1.1466189546842873
893,178.71914609739827,0.5,0.2,0.25,0.125,0.261142762137467,0.38275854883252264,0.14462083807185397,0.2114778509581567,1.1466189546842873
894,178.91927951967978,0.5,0.2,0.25,0.125,0.2611616414057002,0.38259860329409856,0.1446730066826702,0.21156674861753133,1.1466189546842873
895,179.1194129419613,0.5,0.2,0.25,0.125,0.2611833387861396,0.3824386219532103,0.14472540596876107,0.21165263329188924,1.1466189546842873
896,179.31954636424283,0.5,0.2,0.25,0.125,0.2612078149949427,0.3822786799394352,0.14477801015358843,0.21173549491203383,1.1466189546842873
897,179.51967978652434,0.5,0.2,0.25,0.125,0.2612350299300538,0.38211885143709345,0.14483079361029136,0.21181532502256153,1.1466189546842873
898,179.71981320880587,0.5,0.2,0.25,0.125,0.26126494269998324,0.38195920965802815,0.14488373087312376,0.21189211676886502,1.1466189546842873
899,179.91994663108738,0.5,0.2,0.25,0.125,0.26129751165285814,0.381799826815259,0.14493679664885564,0.2119658648830273,1.1466189546842873
900,180.1200800533689,0.5,0.2,0.25,0.125,0.26133269440574514,0.3816407740975095,0.1449899658281377,0.21203656566860776,1.1466189546842873
901,180.32021347565043,0.5,0.2,0.25,0.125,0.2613704478742438,0.3814821216446076,0.14504321349682966,0.21210421698431903,1.1466189546842873
902,180.52034689793194,0.5,0.2,0.25,0.125,0.2614107282894381,0.3813239385364021,0.14509651493975967,0.21216881823440015,1.1466189546842873
903,180.72048032021348,0.5,0.2,0.25,0.125,0.26145349108643495,0.381166292908525,0.14514984556938887,0.2122303704356513,1.1466189546842873
904,180.920613742495,0.5,0.2,0.25,0.125,0.26149869112628094,0.38100925174293976,0.14520318104873264,0.2122888760820468,1.1466189546842873
905,181.1207471647765,0.5,0.2,0.25,0.125,0.2615462827010668,0.3808528808718731,0.1452564972876256,0.2123443391394347,1.1466189546842873
906,181.32088058705804,0.5,0.2,0.25,0.125,0.2615962195296405,0.3806972449920789,0.14530977043331422,0.21239676504496652,1.1466189546842873
907,181.52101400933955,0.5,0.2,0.25,0.125,0.2616484547862584,0.38054240764799835,0.14536297688006627,0.21244616068567712,1.1466189546842873
908,181.72114743162106,0.5,0.2,0.25,0.125,0.26170294112938747,0.38038843121591037,0.14541609327867425,0.2124925343760281,1.1466189546842873
909,181.9212808539026,0.5,0.2,0.25,0.125,0.26175963073066,0.38023537688907294,0.14546909654585224,0.21253589583441507,1.1466189546842873
910,182.1214142761841,0.5,0.2,0.25,0.125,0.2618184753039802,0.3800833046638548,0.14552196387352706,0.2125762561586381,1.1466189546842873
911,182.32154769846565,0.5,0.2,0.25,0.125,0.26187942613457216,0.3799322733268805,0.14557467273795266,0.2126136278005949,1.1466189546842873
912,182.52168112074716,0.5,0.2,0.25,0.125,0.2619424339838741,0.37978234045627574,0.1456272008672894,0.21264802469256097,1.1466189546842873
913,182.72181454302867,0.5,0.2,0.25,0.125,0.2620074491916919,0.3796335624031151,0.14567952627476977,0.2126794621304235,1.1466189546842873
914,182.9219479653102,0.5,0.2,0.25,0.125,0.2620744218131176,0.3794859942702091,0.1457316273032949,0.21270795661337866,1.1466189546842873
915,183.12208138759172,0.5,0.2,0.25,0.125,0.2621433015682271,0.37933968991164485,0.14578348260747517,0.21273352591265307,1.1466189546842873
916,183.32221480987323,0.5,0.2,0.25,0.125,0.26221403786933517,0.3791947019251524,0.14583507116136335,0.21275618904414925,1.1466189546842873
917,183.52234823215477,0.5,0.2,0.25,0.125,0.26228657984827136,0.3790510816454766,0.14588637226603784,0.2127759662402144,1.1466189546842873
918,183.72248165443628,0.5,0.2,0.25,0.125,0.2623608763836785,0.37890887913875215,0.1459373655570364,0.2127928789205331,1.1466189546842873
919,183.92261507671782,0.5,0.2,0.25,0.125,0.2624368761283321,0.3787681431978838,0.14598803101164026,0.212806949662144,1.1466189546842873
920,184.12274849899933,0.5,0.2,0.25,0.125,0.2625145275364813,0.3786289213389307,0.14603834895600845,0.2128182021685797,1.1466189546842873
921,184.32288192128084,0.5,0.2,0.25,0.125,0.2625937788296143,0.37849125976590503,0.14608830005686071,0.2128266613476201,1.1466189546842873
922,184.52301534356238,0.5,0.2,0.25,0.125,0.2626745779347823,0.37835520332204386,0.14613786530618783,0.2128323534369862,1.1466189546842873
923,184.7231487658439,0.5,0.2,0.25,0.125,0.26275687275864407,0.37822079561970035,0.14618702608920808,0.21283530553244773,1.1466189546842873
924,184.9232821881254,0.5,0.2,0.25,0.125,0.2628406111060209,0.37808807898314256,0.14623576416385684,0.2128355457469799,1.1466189546842873
925,185.12341561040694,0.5,0.2,0.25,0.125,0.26292574069741476,0.37795709444470493,0.14628406166470573,0.2128331031931748,1.1466189546842873
926,185.32354903268845,0.5,0.2,0.25,0.125,0.2630122091942822,0.37782788174603743,0.14633190110865382,0.2128280079510268,1.1466189546842873
927,185.52368245497,0.5,0.2,0.25,0.125,0.2630999642242396,0.37770047934030987,0.14637926540044663,0.21282029103500416,1.1466189546842873
928,185.7238158772515,0.5,0.2,0.25,0.125,0.26318895340619775,0.37757492439537294,0.14642613783802244,0.21280998436040716,1.1466189546842873
929,185.923949299533,0.5,0.2,0.25,0.125,0.2632791243754268,0.37745125279787467,0.14647250211768667,0.2127971207090121,1.1466189546842873
930,186.12408272181455,0.5,0.2,0.25,0.125,0.2633704248085514,0.37732949915833325,0.14651834233911368,0.21278173369400194,1.1466189546842873
931,186.32421614409606,0.5,0.2,0.25,0.125,0.26346280243546955,0.3772096967985351,0.14656364300335872,0.21276385776263687,1.1466189546842873
932,186.52434956637757,0.5,0.2,0.25,0.125,0.2635562048880062,0.3770918775061185,0.1466083889251554,0.21274352868072016,1.1466189546842873
933,186.7244829886591,0.5,0.2,0.25,0.125,0.26365057996066465,0.37697607188052484,0.14665256536108698,0.21272078279772372,1.1466189546842873
934,186.92461641094062,0.5,0.2,0.25,0.125,0.263745875614298,0.3768623093117507,0.14669615800286823,0.2126956570710833,1.1466189546842873
935,187.12474983322215,0.5,0.2,0.25,0.125,0.2638420399514215,0.3767506179195327,0.1467391529556265,0.2126681891734195,1.1466189546842873
936,187.32488325550366,0.5,0.2,0.25,0.125,0.2639390212384676,0.37664102456083215,0.14678153674065322,0.21263841746004727,1.1466189546842873
937,187.52501667778517,0.5,0.2,0.25,0.125,0.26403676792787284,0.3765335548381348,0.1468232962979313,0.21260638093606127,1.1466189546842873
938,187.7251501000667,0.5,0.2,0.25,0.125,0.2641352286799969,0.37642823310856555,0.14686441898843902,0.21257211922299873,1.1466189546842873
939,187.92528352234822,0.5,0.2,0.25,0.125,0.26423435238487275,0.37632508249381896,0.14690489259622974,0.2125356725250787,1.1466189546842873
940,188.12541694462973,0.5,0.2,0.25,0.125,0.2643340881837896,0.37622412489090434,0.14694470533028803,0.21249708159501818,1.1466189546842873
941,188.32555036691127,0.5,0.2,0.25,0.125,0.2644343854907069,0.3761253809837066,0.14698384582616178,0.21245638769942485,1.1466189546842873
942,188.52568378919278,0.5,0.2,0.25,0.125,0.264535193922513,0.37602887006444236,0.14702230313684142,0.2124136328762034,1.1466189546842873
943,188.72581721147432,0.5,0.2,0.25,0.125,0.2646364633321616,0.3759346100721529,0.1470600667353396,0.21236885986034607,1.1466189546842873
944,188.92595063375583,0.5,0.2,0.25,0.125,0.2647381439808699,0.3758426179241602,0.14709712653315946,0.2123221115618107,1.1466189546842873
945,189.12608405603734,0.5,0.2,0.25,0.125,0.26484018646864255,0.3757529093415835,0.14713347287059098,0.2122734313191832,1.1466189546842873
946,189.32621747831888,0.5,0.2,0.25,0.125,0.2649425417526242,0.3756654988603164,0.1471690965169672,0.21222286287009234,1.1466189546842873
947,189.5263509006004,0.5,0.2,0.25,0.125,0.26504516116559446,0.3755803998434696,0.14720398867073203,0.21217045032020412,1.1466189546842873
948,189.7264843228819,0.5,0.2,0.25,0.125,0.2651479964342153,0.37549762449446317,0.1472381409592754,0.21211623811204638,1.1466189546842873
949,189.92661774516344,0.5,0.2,0.25,0.125,0.2652509996970319,0.3754171838707692,0.14727154543853524,0.21206027099366387,1.1466189546842873
950,190.12675116744495,0.5,0.2,0.25,0.125,0.2653541235222263,0.37533908789830395,0.14730419459236654,0.21200259398710344,1.1466189546842873
951,190.3268845897265,0.5,0.2,0.25,0.125,0.265457320925124,0.37526334538646916,0.1473360813316776,0.2119432523567295,1.1466189546842873
952,190.527018012008,0.5,0.2,0.25,0.125,0.26556054535870954,0.3751899639834105,0.14736719899663095,0.21188229166124925,1.1466189546842873
953,190.7271514342895,0.5,0.2,0.25,0.125,0.26566375061683817,0.375118949935198,0.147397541369347,0.21181975807861705,1.1466189546842873
954,190.92728485657105,0.5,0.2,0.25,0.125,0.2657668910579797,0.37505030857053323,0.14742710264681763,0.21175569772466968,1.1466189546842873
955,191.12741827885256,0.5,0.2,0.25,0.125,0.26586992155601735,0.37498404416988107,0.14745587744721464,0.21169015682688713,1.1466189546842873
956,191.32755170113407,0.5,0.2,0.25,0.125,0.26597279749786623,0.3749201599416087,0.14748386081016127,0.211623181750364,1.1466189546842873
957,191.5276851234156,0.5,0.2,0.25,0.125,0.2660754747977546,0.37485865803698737,0.14751104819468536,0.21155481897057285,1.1466189546842873
958,191.72781854569712,0.5,0.2,0.25,0.125,0.26617790991118545,0.3747995395656789,0.14753743547694864,0.21148511504618717,1.1466189546842873
959,191.92795196797866,0.5,0.2,0.25,0.125,0.26628005984857794,0.37474280461170634,0.147563018947752,0.21141411659196385,1.1466189546842873
960,192.12808539026017,0.5,0.2,0.25,0.125,0.26638188218858844,0.3746884522499095,0.14758779530981678,0.2113418702516855,1.1466189546842873
961,192.32821881254168,0.5,0.2,0.25,0.125,0.26648333509111155,0.37463648056288423,0.1476117616748422,0.21126842267116222,1.1466189546842873
962,192.52835223482322,0.5,0.2,0.25,0.125,0.26658437730975043,0.3745868866543385,0.1476349155602438,0.21119382047566737,1.1466189546842873
963,192.72848565710473,0.5,0.2,0.25,0.125,0.26668496819031706,0.3745396663990849,0.1476572548795093,0.21111811053108884,1.1466189546842873
964,192.92861907938624,0.5,0.2,0.25,0.125,0.26678506769593385,0.3744948147139006,0.14767877794447692,0.21104133964568872,1.1466189546842873
965,193.12875250166778,0.5,0.2,0.25,0.125,0.2668846364243388,0.37445232568435566,0.1476994834640172,0.21096355442728842,1.1466189546842873
966,193.3288859239493,0.5,0.2,0.25,0.125,0.2669836356127318,0.3744121924574884,0.1477193705370131,0.21088480139276683,1.1466189546842873
967,193.52901934623083,0.5,0.2,0.25,0.125,0.2670820271486581,0.37437440725785603,0.14773843864798522,0.2108051269455008,1.1466189546842873
968,193.72915276851234,0.5,0.2,0.25,0.125,0.2671797735805632,0.3743389614039076,0.14775668766248914,0.21072457735304015,1.1466189546842873
969,193.92928619079385,0.5,0.2,0.25,0.125,0.26727683812802,0.3743058453246792,0.14777411782228497,0.21064319872501602,1.1466189546842873
970,194.12941961307538,0.5,0.2,0.25,0.125,0.2673731846916261,0.374275048576812,0.14779072974027915,0.210561036991283,1.1466189546842873
971,194.3295530353569,0.5,0.2,0.25,0.125,0.2674687778625736,0.3742465598618924,0.14780652439523864,0.2104781378802955,1.1466189546842873
972,194.5296864576384,0.5,0.2,0.25,0.125,0.26756358293189025,0.3742203670441153,0.14782150312627734,0.2103945468977173,1.1466189546842873
973,194.72981987991994,0.5,0.2,0.25,0.125,0.2676575658675055,0.3741964570855461,0.14783566766031742,0.21031030938663117,1.1466189546842873
974,194.92995330220145,0.5,0.2,0.25,0.125,0.2677506932850943,0.37417481596639496,0.14784902014546877,0.2102254706030421,1.1466189546842873
975,195.130086724483,0.5,0.2,0.25,0.125,0.26784293257200376,0.3741554290041143,0.1478615630242321,0.21014007539965002,1.1466189546842873
976,195.3302201467645,0.5,0.2,0.25,0.125,0.26793425184221276,0.3741382807347647,0.14787329908229804,0.21005416834072466,1.1466189546842873
977,195.530353569046,0.5,0.2,0.25,0.125,0.26802461993983845,0.3741233549216615,0.14788423144616128,0.2099677936923389,1.1466189546842873
978,195.73048699132755,0.5,0.2,0.25,0.125,0.26811400644535177,0.3741106345722337,0.14789436357733957,0.20988099540507504,1.1466189546842873
979,195.93062041360906,0.5,0.2,0.25,0.125,0.26820238168142013,0.37410010195509186,0.147903699266411,0.20979381709707712,1.1466189546842873
980,196.13075383589057,0.5,0.2,0.25,0.125,0.2682897167183782,0.3740917386173038,0.14791224262686908,0.2097063020374489,1.1466189546842873
981,196.3308872581721,0.5,0.2,0.25,0.125,0.2683759833793261,0.3740855254018801,0.14791999808879602,0.2096184931299978,1.1466189546842873
982,196.53102068045362,0.5,0.2,0.25,0.125,0.268461154244855,0.3740814424654666,0.14792697039235375,0.20953043289732468,1.1466189546842873
983,196.73115410273516,0.5,0.2,0.25,0.125,0.2685452026559409,0.3740794692826927,0.14793316458793934,0.20944216347342703,1.1466189546842873
984,196.93128752501667,0.5,0.2,0.25,0.125,0.2686281027010884,0.3740795845079354,0.1479385861082817,0.2093537266826945,1.1466189546842873
985,197.13142094729818,0.5,0.2,0.25,0.125,0.2687098292433706,0.3740817662112174,0.14794324065148862,0.2092651638939233,1.1466189546842873
986,197.33155436957972,0.5,0.2,0.25,0.125,0.2687903579206577,0.3740859918688017,0.14794713418791872,0.2091765160226218,1.1466189546842873
987,197.53168779186123,0.5,0.2,0.25,0.125,0.2688696651440834,0.37409223834110206,0.1479502729733833,0.2090878235414311,1.1466189546842873
988,197.73182121414274,0.5,0.2,0.25,0.125,0.2689477281003143,0.3741004818895594,0.1479526635425902,0.20899912646753596,1.1466189546842873
989,197.93195463642428,0.5,0.2,0.25,0.125,0.2690245247534362,0.3741106981936397,0.14795431270244944,0.20891046435047456,1.1466189546842873
990,198.1320880587058,0.5,0.2,0.25,0.125,0.26910003384645936,0.37412286236795217,0.1479552275252415,0.20882187626034682,1.1466189546842873
991,198.33222148098733,0.5,0.2,0.25,0.125,0.2691742349024417,0.37413694897948974,0.1479554153416474,0.208733400776421,1.1466189546842873
992,198.53235490326884,0.5,0.2,0.25,0.125,0.2692471082252301,0.3741529320649893,0.14795488373364118,0.20864507597613924,1.1466189546842873
993,198.73248832555035,0.5,0.2,0.25,0.125,0.2693186348998201,0.37417078514841395,0.14795364052724436,0.20855693942452141,1.1466189546842873
994,198.9326217478319,0.5,0.2,0.25,0.125,0.26938879683156985,0.3741904811649643,0.14795169381290624,0.20846902819055943,1.1466189546842873
995,199.1327551701134,0.5,0.2,0.25,0.125,0.2694575767351965,0.3742119925040861,0.14794905193048258,0.20838137883023458,1.1466189546842873
996,199.3328885923949,0.5,0.2,0.25,0.125,0.2695249580772213,0.3742352911627289,0.14794572342140688,0.20829402733864266,1.1466189546842873
997,199.53302201467645,0.5,0.2,0.25,0.125,0.2695909251103146,0.37426034867860225,0.14794171704602257,0.20820700916506032,1.1466189546842873
998,199.73315543695796,0.5,0.2,0.25,0.125,0.26965546287254805,0.3742871361463509,0.14793704177621556,0.20812035920488525,1.1466189546842873
999,199.9332888592395,0.5,0.2,0.25,0.125,0.26971855718624094,0.3743156242339084,0.14793170678789203,0.20803411179195835,1.1466189546842873
1000,200.133422281521,0.5,0.2,0.25,0.125,0.26978019465645664,0.37434578319889567,0.14792572145334118,0.20794830069130626,1.1466189546842873
1001,200.33355570380252,0.5,0.2,0.25,0.125,0.269840362669149,0.3743775829050642,0.14791909533348244,0.2078629590923041,1.1466189546842873
1002,200.53368912608406,0.5,0.2,0.25,0.125,0.2698990493889598,0.37441099283878343,0.147911838169998,0.2077781196022585,1.1466189546842873
1003,200.73382254836557,0.5,0.2,0.25,0.125,0.2699562437566653,0.3744459821255735,0.14790395987734986,0.20769381424041108,1.1466189546842873
1004,200.93395597064708,0.5,0.2,0.25,0.125,0.27001193548354135,0.3744825195339619,0.14789547056130625,0.20761007442119034,1.1466189546842873
1005,201.13408939292862,0.5,0.2,0.25,0.125,0.27006611503799116,0.37452057344500433,0.14788638060931708,0.20752693090768726,1.1466189546842873
1006,201.33422281521013,0.5,0.2,0.25,0.125,0.27011877366117737,0.3745601119584742,0.14787670049480095,0.20744441388554727,1.1466189546842873
1007,201.53435623749166,0.5,0.2,0.25,0.125,0.2701699033565804,0.37460110287936815,0.1478664408319261,0.20736255293212516,1.1466189546842873
1008,201.73448965977317,0.5,0.2,0.25,0.125,0.27021949688414015,0.37464351372741506,0.14785561238221834,0.2072813770062262,1.1466189546842873
1009,201.93462308205469,0.5,0.2,0.25,0.125,0.2702675477554432,0.3746873117531248,0.14784422604746092,0.20720091444397087,1.1466189546842873
1010,202.13475650433622,0.5,0.2,0.25,0.125,0.27031405022855326,0.3747324639538493,0.14783229286254493,0.20712119295505235,1.1466189546842873
1011,202.33488992661773,0.5,0.2,0.25,0.125,0.2703589993024853,0.37477893708985704,0.14781982398827098,0.20704223961938648,1.1466189546842873
1012,202.53502334889924,0.5,0.2,0.25,0.125,0.27040239071132327,0.3748266977004208,0.14780683070410114,0.20696408088415458,1.1466189546842873
1013,202.73515677118078,0.5,0.2,0.25,0.125,0.27044422091798076,0.3748757121199182,0.14779332440086224,0.20688674256123857,1.1466189546842873
1014,202.9352901934623,0.5,0.2,0.25,0.125,0.2704844876202384,0.3749259465290516,0.14777931659352858,0.20681024925718117,1.1466189546842873
1015,203.13542361574383,0.5,0.2,0.25,0.125,0.27052318751984794,0.37497736674769877,0.14776481889306772,0.2067346268393853,1.1466189546842873
1016,203.33555703802534,0.5,0.2,0.25,0.125,0.27056032013136144,0.3750299385880293,0.14774984307790096,0.206659898202708,1.1466189546842873
1017,203.53569046030685,0.5,0.2,0.25,0.125,0.2705958847710669,0.3750836276772404,0.14773440095697682,0.20658608659471558,1.1466189546842873
1018,203.7358238825884,0.5,0.2,0.25,0.125,0.2706298814665367,0.37513839951057965,0.1477185044226247,0.2065132146002586,1.1466189546842873
1019,203.9359573048699,0.5,0.2,0.25,0.125,0.2706623109465549,0.37519421946650156,0.1477021654437466,0.20644130414319664,1.1466189546842873
1020,204.1360907271514,0.5,0.2,0.25,0.125,0.27069317463104414,0.37525105282182375,0.1476853960590087,0.206370376488123,1.1466189546842873
1021,204.33622414943295,0.5,0.2,0.25,0.125,0.27072247462099286,0.37530886476688374,0.14766820837003358,0.20630045224208945,1.1466189546842873
1022,204.53635757171446,0.5,0.2,0.25,0.125,0.2707502136883819,0.37536762042069516,0.1476506145345916,0.20623155135633092,1.1466189546842873
1023,204.736490993996,0.5,0.2,0.25,0.125,0.2707763952661122,0.3754272848461043,0.14763262675979294,0.20616369312799013,1.1466189546842873
1024,204.9366244162775,0.5,0.2,0.25,0.125,0.27080102343793105,0.3754878230649466,0.14761425729527938,0.20609689620184254,1.1466189546842873
1025,205.13675783855902,0.5,0.2,0.25,0.125,0.2708241029728093,0.37554920004476466,0.1475955184353655,0.20603117854706018,1.1466189546842873
1026,205.33689126084056,0.5,0.2,0.25,0.125,0.27084563936253253,0.3756113806834693,0.1475764225218274,0.20596655743217046,1.1466189546842873
1027,205.53702468312207,0.5,0.2,0.25,0.125,0.2708656386664094,0.37567432991740574,0.147556981907856,0.20590304950832852,1.1466189546842873
1028,205.7371581054036,0.5,0.2,0.25,0.125,0.2708841075664918,0.37573801269473633,0.14753720896439487,0.20584067077437668,1.1466189546842873
1029,205.93729152768512,0.5,0.2,0.25,0.125,0.2709010533617865,0.37580239398785525,0.147517116074195,0.20577943657616293,1.1466189546842873
1030,206.13742494996663,0.5,0.2,0.25,0.125,0.27091648395933465,0.3758674388078081,0.14749671562523822,0.20571936160761872,1.1466189546842873
1031,206.33755837224817,0.5,0.2,0.25,0.125,0.2709304078652909,0.375933112218711,0.14747602000416132,0.2056604599118365,1.1466189546842873
1032,206.53769179452968,0.5,0.2,0.25,0.125,0.2709428341757487,0.3759993793520877,0.14745504159005643,0.20560274488210695,1.1466189546842873
1033,206.7378252168112,0.5,0.2,0.25,0.125,0.2709537725313663,0.3760662054094881,0.14743379280197272,0.20554622925717267,1.1466189546842873
1034,206.93795863909273,0.5,0.2,0.25,0.125,0.27096323313491255,0.3761335556854754,0.1474122860530775,0.20549092512653433,1.1466189546842873
1035,207.13809206137424,0.5,0.2,0.25,0.125,0.2709712267652937,0.3762013955894738,0.14739053371003785,0.20543684393519446,1.1466189546842873
1036,207.33822548365578,0.5,0.2,0.25,0.125,0.2709777647495667,0.37626969065401566,0.14736854811472858,0.20538399648168887,1.1466189546842873
1037,207.5383589059373,0.5,0.2,0.25,0.125,0.2709828589535514,0.37633840654900963,0.1473463415783487,0.20533239291909008,1.1466189546842873
1038,207.7384923282188,0.5,0.2,0.25,0.125,0.27098652177244287,0.37640750909600873,0.14732392637553815,0.20528204275601009,1.1466189546842873
1039,207.93862575050034,0.5,0.2,0.25,0.125,0.2709887661214236,0.37647696428247834,0.14730131473849437,0.2052329548576035,1.1466189546842873
1040,208.13875917278185,0.5,0.2,0.25,0.125,0.2709896054196469,0.37654673826592544,0.14727851885607268,0.2051851374583547,1.1466189546842873
1041,208.33889259506336,0.5,0.2,0.25,0.125,0.2709890535250718,0.3766167973028508,0.14725555090983966,0.20513859826223751,1.1466189546842873
1042,208.5390260173449,0.5,0.2,0.25,0.125,0.2709871248045437,0.37668710788456994,0.14723242300844067,0.20509334430244544,1.1466189546842873
1043,208.7391594396264,0.5,0.2,0.25,0.125,0.2709838341102012,0.37675763672975243,0.1472091471923973,0.20504938196764877,1.1466189546842873
1044,208.93929286190794,0.5,0.2,0.25,0.125,0.2709791967584685,0.37682835078091687,0.1471857354369603,0.2050067170236541,1.1466189546842873
1045,209.13942628418945,0.5,0.2,0.25,0.125,0.27097322852003874,0.376899217217737,0.14716219964669885,0.20496535461552512,1.1466189546842873
1046,209.33955970647096,0.5,0.2,0.25,0.125,0.2709659456098579,0.37697020347034865,0.14713855165008985,0.20492529926970335,1.1466189546842873
1047,209.5396931287525,0.5,0.2,0.25,0.125,0.2709573646771078,0.37704127723265546,0.14711480319410739,0.20488655489612909,1.1466189546842873
1048,209.739826551034,0.5,0.2,0.25,0.125,0.2709475027653201,0.37711240643654004,0.1470909659548097,0.20484912484332993,1.1466189546842873
1049,209.93995997331552,0.5,0.2,0.25,0.125,0.27093637725931496,0.3771835592088322,0.1470670515549819,0.20481301197687074,1.1466189546842873
1050,210.14009339559706,0.5,0.2,0.25,0.125,0.2709240059878953,0.37725470403213524,0.14704307149836054,0.20477821848160874,1.1466189546842873
1051,210.34022681787857,0.5,0.2,0.25,0.125,0.2709104071658063,0.37732580969527746,0.1470190371899433,0.20474474594897282,1.1466189546842873
1052,210.5403602401601,0.5,0.2,0.25,0.125,0.27089559937963514,0.3773968453012727,0.14699495993276537,0.20471259538632666,1.1466189546842873
1053,210.74049366244162,0.5,0.2,0.25,0.125,0.2708796015769309,0.37746778027949657,0.14697085092295156,0.2046817672206208,1.1466189546842873
1054,210.94062708472313,0.5,0.2,0.25,0.125,0.2708624330553246,0.37753858439786264,0.1469467212447679,0.20465226130204475,1.1466189546842873
1055,211.14076050700467,0.5,0.2,0.25,0.125,0.27084411345148174,0.37760922777476386,0.14692258186582674,0.20462407690792747,1.1466189546842873
1056,211.34089392928618,0.5,0.2,0.25,0.125,0.27082466266656724,0.37767968080198866,0.14689844369042485,0.20459721284101914,1.1466189546842873
1057,211.5410273515677,0.5,0.2,0.25,0.125,0.27080410089352147,0.3777499142104012,0.14687431751965713,0.20457166737642007,1.1466189546842873
1058,211.74116077384923,0.5,0.2,0.25,0.125,0.2707824486581671,0.37781989915501596,0.14685021399886664,0.2045474381879502,1.1466189546842873
1059,211.94129419613074,0.5,0.2,0.25,0.125,0.2707597267702847,0.37788960717382614,0.14682614364753183,0.20452452240835722,1.1466189546842873
1060,212.14142761841228,0.5,0.2,0.25,0.125,0.27073595631186953,0.3779590101987693,0.14680211685510886,0.20450291663425219,1.1466189546842873
1061,212.3415610406938,0.5,0.2,0.25,0.125,0.2707111586253878,0.37802808056669274,0.1467781438768741,0.20448261693104522,1.1466189546842873
1062,212.5416944629753,0.5,0.2,0.25,0.125,0.2706853553020333,0.37809679103031857,0.14675423482976668,0.20446361883788133,1.1466189546842873
1063,212.74182788525684,0.5,0.2,0.25,0.125,0.2706585681673016,0.37816511475640596,0.1467303996938206,0.20444591738247167,1.1466189546842873
1064,212.94196130753835,0.5,0.2,0.25,0.125,0.27063081924123933,0.3782330252030326,0.14670664836637257,0.20442950718935535,1.1466189546842873
1065,213.14209472981986,0.5,0.2,0.25,0.125,0.27060213076445155,0.3783004963107519,0.14668299057923398,0.20441438234556236,1.1466189546842873
1066,213.3422281521014,0.5,0.2,0.25,0.125,0.27057252518143876,0.3783675024900768,0.14665943590478553,0.2044005364236988,1.1466189546842873
1067,213.5423615743829,0.5,0.2,0.25,0.125,0.2705420251223824,0.378434018601558,0.1466359937653043,0.20438796251075508,1.1466189546842873
1068,213.74249499666445,0.5,0.2,0.25,0.125,0.27051065339109015,0.37850001996526356,0.14661267342945547,0.20437665321419066,1.1466189546842873
1069,213.94262841894596,0.5,0.2,0.25,0.125,0.2704784329529409,0.3785654823702565,0.14658948400878358,0.20436660066801887,1.1466189546842873
1070,214.14276184122747,0.5,0.2,0.25,0.125,0.27044538692282966,0.37863038208407385,0.14656643445420442,0.2043577965388919,1.1466189546842873
1071,214.342895263509,0.5,0.2,0.25,0.125,0.2704115385535865,0.3786946958106501,0.1465435335736165,0.2043502320621468,1.1466189546842873
1072,214.54302868579052,0.5,0.2,0.25,0.125,0.27037691122480445,0.37875840060371674,0.14652079006775215,0.20434389810372658,1.1466189546842873
1073,214.74316210807203,0.5,0.2,0.25,0.125,0.27034152842872794,0.3788214741000668,0.14649821243499336,0.2043387850362119,1.1466189546842873
1074,214.94329553035357,0.5,0.2,0.25,0.125,0.2703054137590258,0.3788838944389634,0.14647580900476095,0.2043348827972499,1.1466189546842873
1075,215.14342895263508,0.5,0.2,0.25,0.125,0.27026859089882643,0.3789456402617704,0.14645358793804075,0.20433218090136243,1.1466189546842873
1076,215.34356237491662,0.5,0.2,0.25,0.125,0.27023108360867854,0.37900669071975934,0.14643155722455997,0.20433066844700223,1.1466189546842873
1077,215.54369579719813,0.5,0.2,0.25,0.125,0.27019291571451143,0.3790670254819162,0.14640972467996335,0.20433033412360915,1.1466189546842873
1078,215.74382921947964,0.5,0.2,0.25,0.125,0.27015411109560006,0.3791266247427115,0.14638809794300542,0.20433116621868305,1.1466189546842873
1079,215.94396264176117,0.5,0.2,0.25,0.125,0.2701146936889351,0.3791854691074149,0.14636668452455684,0.20433315267909327,1.1466189546842873
1080,216.14409606404269,0.5,0.2,0.25,0.125,0.27007468746980906,0.3792435396549457,0.14634549178149006,0.20433628109375523,1.1466189546842873
1081,216.3442294863242,0.5,0.2,0.25,0.125,0.27003411642265757,0.3793008180734765,0.1463245268597815,0.20434053864408452,1.1466189546842873
1082,216.54436290860573,0.5,0.2,0.25,0.125,0.269993004540329,0.37935728658381507,0.14630379672741037,0.20434591214844564,1.1466189546842873
1083,216.74449633088724,0.5,0.2,0.25,0.125,0.2699513758122838,0.3794129279454306,0.14628330817228852,0.2043523880699972,1.1466189546842873
1084,216.94462975316878,0.5,0.2,0.25,0.125,0.2699092542127931,0.3794677254624793,0.14626306780019063,0.20435995252453704,1.1466189546842873
1085,217.1447631754503,0.5,0.2,0.25,0.125,0.26986666368913803,0.3795216629898306,0.14624308203268407,0.20436859128834742,1.1466189546842873
1086,217.3448965977318,0.5,0.2,0.25,0.125,0.26982362815406197,0.3795747249257742,0.1462233571096695,0.20437828981049438,1.1466189546842873
1087,217.54503002001334,0.5,0.2,0.25,0.125,0.26978017152981487,0.37962689604318395,0.1462038991478457,0.2043890332791555,1.1466189546842873
1088,217.74516344229485,0.5,0.2,0.25,0.125,0.2697363176652787,0.37967816171808855,0.14618471406159775,0.204400806555035,1.1466189546842873
1089,217.94529686457636,0.5,0.2,0.25,0.125,0.26969209032937563,0.3797285079193871,0.1461658075665733,0.204413594184664,1.1466189546842873
1090,218.1454302868579,0.5,0.2,0.25,0.125,0.2696475132135941,0.379777921170013,0.14614718519314324,0.20442738042324965,1.1466189546842873
1091,218.3455637091394,0.5,0.2,0.25,0.125,0.26960260992080615,0.37982638855102513,0.14612885228500147,0.20444214924316728,1.1466189546842873
1092,218.54569713142095,0.5,0.2,0.25,0.125,0.26955740395408373,0.37987389770569957,0.14611081399776427,0.20445788434245246,1.1466189546842873
1093,218.74583055370246,0.5,0.2,0.25,0.125,0.2695119187055157,0.37992043684362103,0.14609307529757015,0.2044745691532931,1.1466189546842873
1094,218.94596397598397,0.5,0.2,0.25,0.125,0.2694661774821108,0.37996599466102404,0.14607564098763204,0.20449218686923312,1.1466189546842873
1095,219.1460973982655,0.5,0.2,0.25,0.125,0.26942020357113267,0.3800105601720851,0.14605851576451073,0.20451072049227145,1.1466189546842873
1096,219.34623082054702,0.5,0.2,0.25,0.125,0.26937402003796873,0.38005412314422654,0.14604170407279235,0.2045301527450124,1.1466189546842873
1097,219.54636424282853,0.5,0.2,0.25,0.125,0.2693276497927313,0.38009667392654894,0.14602521016231626,0.2045504661184035,1.1466189546842873
1098,219.74649766511007,0.5,0.2,0.25,0.125,0.26928111558839174,0.3801382034328829,0.146009038093797,0.20457164288492838,1.1466189546842873
1099,219.94663108739158,0.5,0.2,0.25,0.125,0.2692344400101205,0.3801787031446977,0.1459931917378187,0.20459366510736318,1.1466189546842873
1100,220.14676450967312,0.5,0.2,0.25,0.125,0.2691876454646279,0.38021816511400996,0.14597767477382934,0.20461651464753283,1.1466189546842873
1101,220.34689793195463,0.5,0.2,0.25,0.125,0.2691407541695048,0.3802565819662927,0.1459624906891353,0.2046401731750673,1.1466189546842873
1102,220.54703135423614,0.5,0.2,0.25,0.125,0.26909378814256246,0.3802939469033839,0.14594764277789565,0.20466462217615802,1.1466189546842873
1103,220.74716477651768,0.5,0.2,0.25,0.125,0.26904676919117376,0.38033025370639567,0.14593313414011644,0.20468984296231424,1.1466189546842873
1104,220.9472981987992,0.5,0.2,0.25,0.125,0.2689997189016415,0.38036549673856623,0.14591896768066331,0.2047158166791291,1.1466189546842873
1105,221.1474316210807,0.5,0.2,0.25,0.125,0.26895265887015124,0.3803996704659529,0.1459051462637689,0.20474252440012702,1.1466189546842873
1106,221.34756504336224,0.5,0.2,0.25,0.125,0.2689056105492228,0.3804327697455233,0.14589167262005687,0.2047699470851971,1.1466189546842873
1107,221.54769846564375,0.5,0.2,0.25,0.125,0.2688585949785566,0.38046479034397235,0.14587854917915757,0.2047980654983136,1.1466189546842873
1108,221.7478318879253,0.5,0.2,0.25,0.125,0.26881163295923716,0.38049572857167674,0.14586577818768912,0.20482686028139704,1.1466189546842873
1109,221.9479653102068,0.5,0.2,0.25,0.125,0.2687647450444711,0.3805255812828156,0.14585336170915073,0.20485631196356258,1.1466189546842873
1110,222.1480987324883,0.5,0.2,0.25,0.125,0.26871795153032396,0.3805543458754916,0.14584130162381628,0.2048864009703682,1.1466189546842873
1111,222.34823215476985,0.5,0.2,0.25,0.125,0.2686712724464576,0.3805820202918518,0.14582959962862757,0.204917107633063,1.1466189546842873
1112,222.54836557705136,0.5,0.2,0.25,0.125,0.2686247275468678,0.3806086030182088,0.145818257237088,0.2049484121978354,1.1466189546842873
1113,222.74849899933287,0.5,0.2,0.25,0.125,0.26857833630062106,0.3806340930851617,0.1458072757791557,0.2049802948350615,1.1466189546842873
1114,222.9486324216144,0.5,0.2,0.25,0.125,0.26853211788259257,0.38065849006771685,0.14579665640113726,0.20501273564855324,1.1466189546842873
1115,223.14876584389592,0.5,0.2,0.25,0.125,0.2684860912005783,0.38068179403209307,0.14578640008142682,0.20504571468590177,1.1466189546842873
1116,223.34889926617745,0.5,0.2,0.25,0.125,0.2684402752765505,0.3807040049634504,0.14577650780051746,0.20507921195948156,1.1466189546842873
1117,223.54903268845896,0.5,0.2,0.25,0.125,0.2683946886538734,0.38072512362129346,0.14576698028670024,0.2051132074381328,1.1466189546842873
1118,223.74916611074048,0.5,0.2,0.25,0.125,0.2683493494755076,0.3807451514113896,0.1457578180540602,0.20514768105904246,1.1466189546842873
1119,223.949299533022,0.5,0.2,0.25,0.125,0.2683042755760299,0.3807640902374376,0.1457490214464906,0.20518261274004176,1.1466189546842873
1120,224.14943295530352,0.5,0.2,0.25,0.125,0.26825948447412273,0.38078194249862074,0.14574059063834946,0.20521798238890696,1.1466189546842873
1121,224.34956637758503,0.5,0.2,0.25,0.125,0.26821499336506294,0.3807987110871602,0.14573252563511627,0.20525376991266048,1.1466189546842873
1122,224.54969979986657,0.5,0.2,0.25,0.125,0.26817081911321144,0.38081439938586814,0.14572482627404842,0.2052899552268719,1.1466189546842873
1123,224.74983322214808,0.5,0.2,0.25,0.125,0.26812697824450193,0.3808290112657011,0.1457174922248379,0.20532651826495887,1.1466189546842873
1124,224.94996664442962,0.5,0.2,0.25,0.125,0.2680834869389305,0.3808425510833134,0.1457105229902678,0.2053634389874882,1.1466189546842873
1125,225.15010006671113,0.5,0.2,0.25,0.125,0.2680403610230444,0.38085502367860985,0.1457039179068689,0.2054006973914768,1.1466189546842873
1126,225.35023348899264,0.5,0.2,0.25,0.125,0.2679976161263062,0.38086643417477983,0.1456976762035662,0.20543827349534766,1.1466189546842873
1127,225.55036691127418,0.5,0.2,0.25,0.125,0.2679552679062687,0.380876787695392,0.14569179708467547,0.20547614731366362,1.1466189546842873
1128,225.7505003335557,0.5,0.2,0.25,0.125,0.26791333135054357,0.3808860901942386,0.14568627948620694,0.20551429896901077,1.1466189546842873
1129,225.9506337558372,0.5,0.2,0.25,0.125,0.26787182107466884,0.38089434808481254,0.14568112218458554,0.20555270865593295,1.1466189546842873
1130,226.15076717811874,0.5,0.2,0.25,0.125,0.2678307513397784,0.38090156820751153,0.1456763238062178,0.20559135664649214,1.1466189546842873
1131,226.35090060040025,0.5,0.2,0.25,0.125,0.26779013604704927,0.3809077578248308,0.14567188282884141,0.2056302232992784,1.1466189546842873
1132,226.5510340226818,0.5,0.2,0.25,0.125,0.2677499887321495,0.38091292461655546,0.1456677975828749,0.20566928906842002,1.1466189546842873
1133,226.7511674449633,0.5,0.2,0.25,0.125,0.26771032255968563,0.38091707667495356,0.14566406625276723,0.20570853451259347,1.1466189546842873
1134,226.9513008672448,0.5,0.2,0.25,0.125,0.2676711503176502,0.3809202224999688,0.14566068687834738,0.20574794030403354,1.1466189546842873
1135,227.15143428952635,0.5,0.2,0.25,0.125,0.2676324844118697,0.38092237099441295,0.1456576573561739,0.20578748723754337,1.1466189546842873
1136,227.35156771180786,0.5,0.2,0.25,0.125,0.2675943368618079,0.38092353145790986,0.1456549754412522,0.20582715623903,1.1466189546842873
1137,227.55170113408937,0.5,0.2,0.25,0.125,0.26755671967521044,0.38092371323186086,0.14565263885144147,0.20586692824148714,1.1466189546842873
1138,227.7518345563709,0.5,0.2,0.25,0.125,0.26751964453993404,0.38092292597340177,0.14565064518677565,0.20590678429988854,1.1466189546842873
1139,227.95196797865242,0.5,0.2,0.25,0.125,0.26748312253801415,0.38092117990887325,0.14564899185481214,0.20594670569830043,1.1466189546842873
1140,228.15210140093396,0.5,0.2,0.25,0.125,0.2674471643776045,0.3809184856102432,0.145647676136357,0.20598667387579528,1.1466189546842873
1141,228.35223482321547,0.5,0.2,0.25,0.125,0.26741178038942287,0.3809148539884583,0.14564669518735604,0.20602667043476283,1.1466189546842873
1142,228.55236824549698,0.5,0.2,0.25,0.125,0.26737698052319697,0.38091029628679623,0.14564604604078601,0.20606667714922086,1.1466189546842873
1143,228.75250166777852,0.5,0.2,0.25,0.125,0.26734277434411025,0.3809048240742176,0.14564572560854605,0.2061066759731262,1.1466189546842873
1144,228.95263509006003,0.5,0.2,0.25,0.125,0.2673091710292477,0.3808984492387181,0.14564573068334877,0.20614664904868546,1.1466189546842873
1145,229.15276851234154,0.5,0.2,0.25,0.125,0.2672761793640421,0.38089118398068034,0.14564605794061164,0.20618657871466609,1.1466189546842873
1146,229.35290193462308,0.5,0.2,0.25,0.125,0.2672438077387189,0.380883040806226,0.14564670394034807,0.20622644751470715,1.1466189546842873
1147,229.5530353569046,0.5,0.2,0.25,0.125,0.26721206420024274,0.380874032482526,0.1456476651406994,0.20626623817653203,1.1466189546842873
1148,229.75316877918613,0.5,0.2,0.25,0.125,0.2671809568835805,0.3808641717331096,0.14564893799102607,0.20630593339228398,1.1466189546842873
1149,229.95330220146764,0.5,0.2,0.25,0.125,0.2671504933059757,0.38085347171251516,0.14565051878652338,0.20634551619498595,1.1466189546842873
1150,230.15343562374915,0.5,0.2,0.25,0.125,0.2671206805145915,0.38084194589600495,0.14565240370182533,0.20638496988757846,1.1466189546842873
1151,230.35356904603069,0.5,0.2,0.25,0.125,0.26709152518042434,0.38082960800610854,0.14565458881333906,0.20642427800012828,1.1466189546842873
1152,230.5537024683122,0.5,0.2,0.25,0.125,0.26706303359675143,0.38081647200460306,0.14565707010155587,0.20646342429708986,1.1466189546842873
1153,230.75383589059373,0.5,0.2,0.25,0.125,0.267035211677578,0.38080255208449304,0.14565984345336225,0.20650239278456695,1.1466189546842873
1154,230.95396931287524,0.5,0.2,0.25,0.125,0.2670080649560848,0.38078786266199055,0.14566290466435103,0.20654116771757386,1.1466189546842873
1155,231.15410273515675,0.5,0.2,0.25,0.125,0.2669815985830755,0.38077241836849524,0.14566624944113238,0.20657973360729712,1.1466189546842873
1156,231.3542361574383,0.5,0.2,0.25,0.125,0.26695581732542406,0.38075623404257447,0.14566987340364493,0.20661807522835682,1.1466189546842873
1157,231.5543695797198,0.5,0.2,0.25,0.125,0.2669307255645223,0.38073932472194305,0.14567377208746676,0.2066561776260681,1.1466189546842873
1158,231.75450300200131,0.5,0.2,0.25,0.125,0.2669063274749363,0.380721705562184,0.14567794097346304,0.20669402598941697,1.1466189546842873
1159,231.95463642428285,0.5,0.2,0.25,0.125,0.26688262718380396,0.3807033917632975,0.14568237551451182,0.20673160553838704,1.1466189546842873
1160,232.15476984656436,0.5,0.2,0.25,0.125,0.26685962815192027,0.3806843988126556,0.14568707104416598,0.2067689019912585,1.1466189546842873
1161,232.3549032688459,0.5,0.2,0.25,0.125,0.26683733346680827,0.38066474235720954,0.14569202282365643,0.2068059013523261,1.1466189546842873
1162,232.5550366911274,0.5,0.2,0.25,0.125,0.26681574585731727,0.3806444381889044,0.14569722604665314,0.20684258990712545,1.1466189546842873
1163,232.75517011340892,0.5,0.2,0.25,0.125,0.26679486769391525,0.380623502235909,0.14570267584185614,0.20687895422831992,1.1466189546842873
1164,232.95530353569046,0.5,0.2,0.25,0.125,0.2667747009889804,0.38060195055384605,0.14570836727558628,0.2069149811815876,1.1466189546842873
1165,233.15543695797197,0.5,0.2,0.25,0.125,0.2667552473970933,0.38057979931702257,0.14571429535437613,0.20695065793150835,1.1466189546842873
1166,233.35557038025348,0.5,0.2,0.25,0.125,0.26673650821532885,0.38055706480965984,0.14572045502756087,0.20698597194745078,1.1466189546842873
1167,233.55570380253502,0.5,0.2,0.25,0.125,0.2667184843835483,0.3805337634171238,0.14572684118986914,0.20702091100945907,1.1466189546842873
1168,233.75583722481653,0.5,0.2,0.25,0.125,0.26670117648840413,0.3805099116167584,0.14573344868434673,0.207055463210491,1.1466189546842873
1169,233.95597064709807,0.5,0.2,0.25,0.125,0.26668458509629783,0.3804855259335745,0.1457402723347606,0.2070896166353674,1.1466189546842873
1170,234.15610406937958,0.5,0.2,0.25,0.125,0.2666687104343946,0.38046062296559097,0.1457473069195765,0.20712335968043824,1.1466189546842873
1171,234.3562374916611,0.5,0.2,0.25,0.125,0.26665355223055864,0.38043521939219715,0.14575454716017863,0.20715668121706585,1.1466189546842873
1172,234.55637091394263,0.5,0.2,0.25,0.125,0.2666391098863865,0.3804093319469276,0.14576198773894167,0.20718957042774447,1.1466189546842873
1173,234.75650433622414,0.5,0.2,0.25,0.125,0.2666253824791284,0.38038297740851834,0.14576962330196752,0.20722201681038604,1.1466189546842873
1174,234.95663775850565,0.5,0.2,0.25,0.125,0.26661236876361,0.3803561725919627,0.14577744846182225,0.2072540101826054,1.1466189546842873
1175,235.1567711807872,0.5,0.2,0.25,0.125,0.2666000671741537,0.3803289343395676,0.1457854578002731,0.20728554068600585,1.1466189546842873
1176,235.3569046030687,0.5,0.2,0.25,0.125,0.2665884758265006,0.38030127951200976,0.14579364587102528,0.2073165987904647,1.1466189546842873
1177,235.55703802535024,0.5,0.2,0.25,0.125,0.2665775925197314,0.3802732249793913,0.14580200720245895,0.20734717529841865,1.1466189546842873
1178,235.75717144763175,0.5,0.2,0.25,0.125,0.2665674147381886,0.38024478761229646,0.14581053630036614,0.2073772613491491,1.1466189546842873
1179,235.95730486991326,0.5,0.2,0.25,0.125,0.266557939701879,0.3802159842860653,0.1458192276506531,0.20740684836140294,1.1466189546842873
1180,236.1574382921948,0.5,0.2,0.25,0.125,0.26654916465005957,0.3801868319486431,0.14582807572187692,0.20743592767942076,1.1466189546842873
1181,236.3575717144763,0.5,0.2,0.25,0.125,0.2665410863505704,0.38015734747733687,0.14583707496833279,0.20746449120376034,1.1466189546842873
1182,236.55770513675782,0.5,0.2,0.25,0.125,0.26653370123453435,0.38012754770607166,0.14584621983269652,0.2074925312266979,1.1466189546842873
1183,236.75783855903936,0.5,0.2,0.25,0.125,0.2665270054529592,0.38009744943135515,0.1458555047487226,0.2075200403669635,1.1466189546842873
1184,236.95797198132087,0.5,0.2,0.25,0.125,0.26652099488001546,0.3800670694037036,0.14586492414398,0.2075470115723014,1.1466189546842873
1185,237.1581054036024,0.5,0.2,0.25,0.125,0.266515665116314,0.3800364243190674,0.14587447244258828,0.20757343812203072,1.1466189546842873
1186,237.35823882588392,0.5,0.2,0.25,0.125,0.266511011492184,0.38000553081025734,0.14588414406795336,0.20759931362960585,1.1466189546842873
1187,237.55837224816543,0.5,0.2,0.25,0.125,0.26650702907095,0.3799744054383698,0.14589393344550372,0.20762463204517703,1.1466189546842873
1188,237.75850567044697,0.5,0.2,0.25,0.125,0.2665037126522103,0.37994306468421324,0.14590383500542606,0.2076493876581509,1.1466189546842873
1189,237.95863909272848,0.5,0.2,0.25,0.125,0.2665010567751144,0.37991152493973357,0.14591384318540146,0.20767357509975104,1.1466189546842873
1190,238.15877251500999,0.5,0.2,0.25,0.125,0.26649905583897476,0.3798798025917705,0.14592395241957312,0.20769718914968216,1.1466189546842873
1191,238.35890593729152,0.5,0.2,0.25,0.125,0.2664977041599306,0.37984791405549206,0.14593415713501784,0.20772022464955997,1.1466189546842873
1192,238.55903935957303,0.5,0.2,0.25,0.125,0.26649699565119617,0.3798158755116297,0.14594445179238683,0.20774267704478785,1.1466189546842873
1193,238.75917278185457,0.5,0.2,0.25,0.125,0.266496923992463,0.3797837030286273,0.14595483086914818,0.20776454210976203,1.1466189546842873
1194,238.95930620413608,0.5,0.2,0.25,0.125,0.2664974826388986,0.3797514125585685,0.14596528886165175,0.2077858159408816,1.1466189546842873
1195,239.1594396264176,0.5,0.2,0.25,0.125,0.26649866482546314,0.3797190199294203,0.14597582028774292,0.2078064949573741,1.1466189546842873
1196,239.35957304869913,0.5,0.2,0.25,0.125,0.26650046357122625,0.37968654083727665,0.14598641968937687,0.2078265759021207,1.1466189546842873
1197,239.55970647098064,0.5,0.2,0.25,0.125,0.2665028716836843,0.37965399083860213,0.1459970816352323,0.20784605584248173,1.1466189546842873
1198,239.75983989326215,0.5,0.2,0.25,0.125,0.26650588176307716,0.3796213853424755,0.1460078007233257,0.20786493217112206,1.1466189546842873
1199,239.9599733155437,0.5,0.2,0.25,0.125,0.26650948620670517,0.37958873960283357,0.14601857158362513,0.2078832026068366,1.1466189546842873
1200,240.1601067378252,0.5,0.2,0.25,0.125,0.26651367721667946,0.3795560687163218,0.1460293888795197,0.2079008651874794,1.1466189546842873
1201,240.36024016010674,0.5,0.2,0.25,0.125,0.2665184469564804,0.3795233878631834,0.14604024725967668,0.20791791792065986,1.1466189546842873
1202,240.56037358238825,0.5,0.2,0.25,0.125,0.26652378738804755,0.37949071202638285,0.1460511414164086,0.20793435916916145,1.1466189546842873
1203,240.76050700466976,0.5,0.2,0.25,0.125,0.2665296902339506,0.37945805591501597,0.1460620661023382,0.20795018774869561,1.1466189546842873
1204,240.9606404269513,0.5,0.2,0.25,0.125,0.266536147048285,0.3794254340652908,0.14607301611081586,0.20796540277560885,1.1466189546842873
1205,241.1607738492328,0.5,0.2,0.25,0.125,0.2665431492216978,0.3793928608339299,0.14608398627829675,0.207980003666076,1.1466189546842873
1206,241.36090727151432,0.5,0.2,0.25,0.125,0.2665506879864149,0.3793603503915737,0.14609497148671838,0.20799399013529357,1.1466189546842873
1207,241.56104069379586,0.5,0.2,0.25,0.125,0.26655875442126725,0.37932791671618227,0.14610596666587797,0.2080073621966731,1.1466189546842873
1208,241.76117411607737,0.5,0.2,0.25,0.125,0.2665673394567177,0.37929557358643873,0.1461169667958098,0.20802012016103433,1.1466189546842873
1209,241.9613075383589,0.5,0.2,0.25,0.125,0.2665764338798876,0.3792633345751516,0.1461279669091627,0.20803226463579866,1.1466189546842873
1210,242.16144096064042,0.5,0.2,0.25,0.125,0.2665860283395834,0.3792312130426575,0.14613896209357732,0.20804379652418237,1.1466189546842873
1211,242.36157438292193,0.5,0.2,0.25,0.125,0.2665961134239882,0.3791992223838424,0.14614994743206616,0.20805471676010384,1.1466189546842873
1212,242.56170780520347,0.5,0.2,0.25,0.125,0.2666066794962926,0.3791673754303113,0.14616091814991883,0.2080650269234779,1.1466189546842873
1213,242.76184122748498,0.5,0.2,0.25,0.125,0.26661771697190445,0.37913568539377634,0.1461718693848538,0.20807472824946602,1.1466189546842873
1214,242.9619746497665,0.5,0.2,0.25,0.125,0.26662921604709966,0.3791041648948407,0.14618279642519869,0.20808382263286157,1.1466189546842873
1215,243.16210807204803,0.5,0.2,0.25,0.125,0.2666411668134659,0.3790728263382944,0.14619369461891318,0.20809231222932714,1.1466189546842873
1216,243.36224149432954,0.5,0.2,0.25,0.125,0.2666535592630412,0.3790416819069069,0.14620455937587104,0.2081001994541815,1.1466189546842873
1217,243.56237491661108,0.5,0.2,0.25,0.125,0.26666638329348935,0.37901074355534864,0.1462153861701107,0.20810748698105194,1.1466189546842873
1218,243.7625083388926,0.5,0.2,0.25,0.125,0.2666796287133119,0.37898002300424194,0.14622617054205428,0.20811417774039248,1.1466189546842873
1219,243.9626417611741,0.5,0.2,0.25,0.125,0.26669328524709757,0.37894953173433993,0.14623690810069512,0.20812027491786805,1.1466189546842873
1220,244.16277518345564,0.5,0.2,0.25,0.125,0.2667073425408079,0.3789192809808348,0.1462475945257538,0.2081257819526041,1.1466189546842873
1221,244.36290860573715,0.5,0.2,0.25,0.125,0.2667217901671007,0.37888928172779485,0.1462582255698029,0.20813070253530222,1.1466189546842873
1222,244.56304202801866,0.5,0.2,0.25,0.125,0.2667366176398869,0.37885954488792517,0.14626879700937997,0.20813504046280862,1.1466189546842873
1223,244.7631754503002,0.5,0.2,0.25,0.125,0.2667518144204637,0.3788300813120829,0.14627930464296976,0.20813879962448426,1.1466189546842873
1224,244.9633088725817,0.5,0.2,0.25,0.125,0.2667673699030829,0.378800901384103,0.14628974440314377,0.20814198430967099,1.1466189546842873
1225,245.16344229486324,0.5,0.2,0.25,0.125,0.26678327343164854,0.3787720152418202,0.14630011229632742,0.20814459903020446,1.1466189546842873
1226,245.36357571714476,0.5,0.2,0.25,0.125,0.2667995143054997,0.37874343277768385,0.14631040440324383,0.20814664851357326,1.1466189546842873
1227,245.56370913942627,0.5,0.2,0.25,0.125,0.26681608178508287,0.3787151636365531,0.14632061688013778,0.20814813769822677,1.1466189546842873
1228,245.7638425617078,0.5,0.2,0.25,0.125,0.2668329650976667,0.3786872172137126,0.14633074595994294,0.20814907172867828,1.1466189546842873
1229,245.96397598398931,0.5,0.2,0.25,0.125,0.26685015344309715,0.3786596026531087,0.14634078795339225,0.20814945595040238,1.1466189546842873
1230,246.16410940627082,0.5,0.2,0.25,0.125,0.2668676359995951,0.3786323288458064,0.14635073925007183,0.2081492959045272,1.1466189546842873
1231,246.36424282855236,0.5,0.2,0.25,0.125,0.2668854019295949,0.3786054044286666,0.1463605963194177,0.2081485973223213,1.1466189546842873
1232,246.56437625083387,0.5,0.2,0.25,0.125,0.2669034403856244,0.37857883778324447,0.14637035571165619,0.20814736611947543,1.1466189546842873
1233,246.7645096731154,0.5,0.2,0.25,0.125,0.26692174051622664,0.37855263703490794,0.1463800140586873,0.20814560839017862,1.1466189546842873
1234,246.96464309539692,0.5,0.2,0.25,0.125,0.2669402914563081,0.37852681006678707,0.1463895680687053,0.20814333040820004,1.1466189546842873
1235,247.16477651767843,0.5,0.2,0.25,0.125,0.2669590822486463,0.37850136459839506,0.1463990144933843,0.20814053865957483,1.1466189546842873
1236,247.36490993995997,0.5,0.2,0.25,0.125,0.26697810200078265,0.3784763080442662,0.14640835018854723,0.20813723976640447,1.1466189546842873
1237,247.56504336224148,0.5,0.2,0.25,0.125,0.26699733984779345,0.37845164755448635,0.14641757209760572,0.208133440500115,1.1466189546842873
1238,247.765176784523,0.5,0.2,0.25,0.125,0.2670167849421634,0.3784273900301246,0.14642667724569883,0.20812914778201372,1.1466189546842873
1239,247.96531020680453,0.5,0.2,0.25,0.125,0.2670364264592203,0.37840354212436367,0.14643566273994352,0.20812436867647308,1.1466189546842873
1240,248.16544362908604,0.5,0.2,0.25,0.125,0.26705625360258484,0.37838011024387563,0.14644452576961825,0.2081191103839219,1.1466189546842873
1241,248.36557705136758,0.5,0.2,0.25,0.125,0.2670762556096357,0.37835710055044286,0.1464532636062788,0.20811338023364323,1.1466189546842873
1242,248.5657104736491,0.5,0.2,0.25,0.125,0.26709642175698944,0.3783345189628248,0.14646187360380722,0.20810718567637926,1.1466189546842873
1243,248.7658438959306,0.5,0.2,0.25,0.125,0.26711674136599495,0.3783123711588693,0.14647035319839327,0.2081005342767431,1.1466189546842873
1244,248.96597731821214,0.5,0.2,0.25,0.125,0.26713720380824396,0.3782906625778705,0.1464786999084486,0.20809343370543762,1.1466189546842873
1245,249.16611074049365,0.5,0.2,0.25,0.125,0.2671577985110951,0.37826939842317076,0.14648691133445382,0.20808589173128092,1.1466189546842873
1246,249.36624416277516,0.5,0.2,0.25,0.125,0.26717851496222883,0.37824858366325165,0.1464949851590359,0.2080779162154843,1.1466189546842873
1247,249.5663775850567,0.5,0.2,0.25,0.125,0.2671993425661443,0.3782282227690753,0.14650291919171216,0.2080695154730689,1.1466189546842873
1248,249.7665110073382,0.5,0.2,0.25,0.125,0.2672202707807945,0.37820831995109694,0.1465107113289395,0.20806069793916968,1.1466189546842873
1249,249.96664442961975,0.5,0.2,0.25,0.125,0.267241289212781,0.3781888793226128,0.14651835952662015,0.20805147193798662,1.1466189546842873
1250,250.16677785190126,0.5,0.2,0.25,0.125,0.2672623875366622,0.37816990474974244,0.14652586182568156,0.20804184588791438,1.1466189546842873
1251,250.36691127418277,0.5,0.2,0.25,0.125,0.2672835554992409,0.3781513998531369,0.14653321635192082,0.20803182829570196,1.1466189546842873
1252,250.5670446964643,0.5,0.2,0.25,0.125,0.2673047829238184,0.3781333680098463,0.14654042131579623,0.20802142775053958,1.1466189546842873
1253,250.76717811874582,0.5,0.2,0.25,0.125,0.2673260597144149,0.37811581235534647,0.1465474750121662,0.20801065291807286,1.1466189546842873
1254,250.96731154102733,0.5,0.2,0.25,0.125,0.26734737585995694,0.3780987357857236,0.14655437581997577,0.20799951253434412,1.1466189546842873
1255,251.16744496330887,0.5,0.2,0.25,0.125,0.26736872143843016,0.3780821409600192,0.14656112220189024,0.2079880153996608,1.1466189546842873
1256,251.36757838559038,0.5,0.2,0.25,0.125,0.26739008662100017,0.3780660303027328,0.14656771270387625,0.20797617037239113,1.1466189546842873
1257,251.56771180787192,0.5,0.2,0.25,0.125,0.2674114616760988,0.37805040600648443,0.14657414595473023,0.20796398636268684,1.1466189546842873
1258,251.76784523015343,0.5,0.2,0.25,0.125,0.2674328369734771,0.3780352700348356,0.14658042066555427,0.2079514723261333,1.1466189546842873
1259,251.96797865243494,0.5,0.2,0.25,0.125,0.26745420295768046,0.37802062406725495,0.14658653564327445,0.20793863733179047,1.1466189546842873
1260,252.16811207471648,0.5,0.2,0.25,0.125,0.26747555010334023,0.37800646940977,0.1465924898124821,0.20792549067440796,1.1466189546842873
1261,252.368245496998,0.5,0.2,0.25,0.125,0.26749686905561215,0.37799280725749757,0.1465982821517686,0.207912041535122,1.1466189546842873
1262,252.5683789192795,0.5,0.2,0.25,0.125,0.26751815057427514,0.3779796385844815,0.14660391172059556,0.20789829912064803,1.1466189546842873
1263,252.76851234156103,0.5,0.2,0.25,0.125,0.26753938553184725,0.37796696413634984,0.14660937766117013,0.20788427267063309,1.1466189546842873
1264,252.96864576384255,0.5,0.2,0.25,0.125,0.2675605649167497,0.37795478443278296,0.1466146791979222,0.20786997145254546,1.1466189546842873
1265,253.16877918612408,0.5,0.2,0.25,0.125,0.26758167983641346,0.37794309977009466,0.1466198156369407,0.20785540475655148,1.1466189546842873
1266,253.3689126084056,0.5,0.2,0.25,0.125,0.26760272152032766,0.37793191022392497,0.14662478636536833,0.20784058189037935,1.1466189546842873
1267,253.5690460306871,0.5,0.2,0.25,0.125,0.2676236813230295,0.37792121565204567,0.14662959085075505,0.2078255121741701,1.1466189546842873
1268,253.76917945296864,0.5,0.2,0.25,0.125,0.26764455072703663,0.3779110156972777,0.14663422864037032,0.20781020493531568,1.1466189546842873
1269,253.96931287525015,0.5,0.2,0.25,0.125,0.2676653213457212,0.377901309790521,0.1466386993604741,0.20779466950328404,1.1466189546842873
1270,254.16944629753166,0.5,0.2,0.25,0.125,0.26768598492612583,0.3778920971538968,0.14664300271554634,0.20777891520443134,1.1466189546842873
1271,254.3695797198132,0.5,0.2,0.25,0.125,0.2677065333476742,0.3778833767989296,0.14664713848894811,0.20776295136444844,1.1466189546842873
1272,254.5697131420947,0.5,0.2,0.25,0.125,0.2677269585619976,0.37787514745112266,0.14665110656494415,0.20774678742193595,1.1466189546842873
1273,254.76984656437625,0.5,0.2,0.25,0.125,0.2677472526819583,0.37786740766168847,0.14665490689637975,0.2077304327599738,1.1466189546842873
1274,254.96997998665776,0.5,0.2,0.25,0.125,0.2677674079783096,0.3778601558037154,0.1466585395059009,0.20771389671207438,1.1466189546842873
1275,255.17011340893927,0.5,0.2,0.25,0.125,0.2677874168627855,0.37785339005151564,0.14666200449204864,0.20769718859365063,1.1466189546842873
1276,255.3702468312208,0.5,0.2,0.25,0.125,0.2678072718900734,0.3778471083838199,0.146665302028421,0.20768031769768605,1.1466189546842873
1277,255.57038025350232,0.5,0.2,0.25,0.125,0.2678269657597111,0.3778413085870631,0.14666843236280047,0.20766329329042574,1.1466189546842873
1278,255.77051367578383,0.5,0.2,0.25,0.125,0.26784649131790667,0.3778359882587589,0.14667139581624627,0.20764612460708853,1.1466189546842873
1279,255.97064709806537,0.5,0.2,0.25,0.125,0.2678658415592837,0.3778311448109646,0.14667419278215213,0.2076288208476,1.1466189546842873
1280,256.1707805203469,0.5,0.2,0.25,0.125,0.26788500962854944,0.37782677547383514,0.1466768237252693,0.20761139117234653,1.1466189546842873
1281,256.3709139426284,0.5,0.2,0.25,0.125,0.26790398882208744,0.37782287729926817,0.1466792891806946,0.20759384469795025,1.1466189546842873
1282,256.57104736490993,0.5,0.2,0.25,0.125,0.2679227725894742,0.3778194471646372,0.14668158975282392,0.2075761904930651,1.1466189546842873
1283,256.77118078719144,0.5,0.2,0.25,0.125,0.2679413545349197,0.37781648177661614,0.14668372611427088,0.2075584375741938,1.1466189546842873
1284,256.97131420947295,0.5,0.2,0.25,0.125,0.2679597284190509,0.3778139776380648,0.14668569900145803,0.2075405949414267,1.1466189546842873
1285,257.1714476317545,0.5,0.2,0.25,0.125,0.26797788816016227,0.37781193105542477,0.14668750921376736,0.20752267157064608,1.1466189546842873
1286,257.371581054036,0.5,0.2,0.25,0.125,0.26799582783463777,0.3778103382126069,0.14668915761856158,0.20750467633419425,1.1466189546842873
1287,257.57171447631754,0.5,0.2,0.25,0.125,0.2680135416785551,0.37780919513388755,0.14669064514629204,0.20748661804126575,1.1466189546842873
1288,257.77184789859905,0.5,0.2,0.25,0.125,0.26803102408875523,0.3778084976873895,0.1466919727891732,0.20746850543468254,1.1466189546842873
1289,257.97198132088056,0.5,0.2,0.25,0.125,0.268048269623832,0.3778082415889611,0.14669314159984956,0.20745034718735778,1.1466189546842873
1290,258.1721147431621,0.5,0.2,0.25,0.125,0.26806527300504673,0.37780842240612794,0.1466941526900267,0.20743215189879907,1.1466189546842873
1291,258.37224816544364,0.5,0.2,0.25,0.125,0.2680820291171663,0.37780903556211765,0.14669500722906553,0.20741392809165096,1.1466189546842873
1292,258.57238158772515,0.5,0.2,0.25,0.125,0.26809853300922576,0.3778100763399567,0.1466957064425407,0.2073956842082772,1.1466189546842873
1293,258.77251501000666,0.5,0.2,0.25,0.125,0.2681147798952153,0.37781153988664046,0.14669625161076238,0.20737742860738215,1.1466189546842873
1294,258.97264843228817,0.5,0.2,0.25,0.125,0.26813076515469103,0.37781342121737543,0.146696644067262,0.2073591695606719,1.1466189546842873
1295,259.1727818545697,0.5,0.2,0.25,0.125,0.26814648433330984,0.3778157152198944,0.14669688519724144,0.20734091524955464,1.1466189546842873
1296,259.37291527685124,0.5,0.2,0.25,0.125,0.2681619334655199,0.3778184164622317,0.14669697653172903,0.2073226735405197,1.1466189546842873
1297,259.57304869913276,0.5,0.2,0.25,0.125,0.26817710760481545,0.3778215199030535,0.1466969194088451,0.20730445308328627,1.1466189546842873
1298,259.77318212141427,0.5,0.2,0.25,0.125,0.2681920032894257,0.37782501973085214,0.14669671552787814,0.20728626145184434,1.1466189546842873
1299,259.9733155436958,0.5,0.2,0.25,0.125,0.26820661669965656,0.3778289103181028,0.1466963664912521,0.2072681064909889,1.1466189546842873
1300,260.1734489659773,0.5,0.2,0.25,0.125,0.26822094418483255,0.3778331859212565,0.14669587395058475,0.20724999594332652,1.1466189546842873
1301,260.37358238825885,0.5,0.2,0.25,0.125,0.26823498226236286,0.3778378406851751,0.14669523960510542,0.20723193744735696,1.1466189546842873
1302,260.57371581054036,0.5,0.2,0.25,0.125,0.26824872761680635,0.37784286864756633,0.14669446520007284,0.20721393853555484,1.1466189546842873
1303,260.7738492328219,0.5,0.2,0.25,0.125,0.26826217709893757,0.3778482637434187,0.14669355252519312,0.20719600663245102,1.1466189546842873
1304,260.9739826551034,0.5,0.2,0.25,0.125,0.26827532772481216,0.3778540198094363,0.14669250341303744,0.20717814905271448,1.1466189546842873
1305,261.1741160773849,0.5,0.2,0.25,0.125,0.2682881766748325,0.37786013058847423,0.14669131973746002,0.20716037299923362,1.1466189546842873
1306,261.37424949966646,0.5,0.2,0.25,0.125,0.2683007212928131,0.3778665897339733,0.1466900034120159,0.20714268556119808,1.1466189546842873
1307,261.574382921948,0.5,0.2,0.25,0.125,0.2683129590850464,0.37787339081439497,0.14668855638837883,0.20712509371218027,1.1466189546842873
1308,261.7745163442295,0.5,0.2,0.25,0.125,0.26832488771938784,0.3778805273172029,0.1466869806550578,0.20710760430835182,1.1466189546842873
1309,261.974649766511,0.5,0.2,0.25,0.125,0.2683365050261831,0.37788799261093886,0.14668527826370914,0.20709022409916925,1.1466189546842873
1310,262.1747831887925,0.5,0.2,0.25,0.125,0.26834780899577176,0.3778957799851947,0.14668345130415247,0.20707295971488143,1.1466189546842873
1311,262.374916611074,0.5,0.2,0.25,0.125,0.268358797776588,0.37790388267701475,0.14668150188832277,0.2070558176580748,1.1466189546842873
1312,262.5750500333556,0.5,0.2,0.25,0.125,0.2683694696751426,0.37791229385447545,0.1466794321624218,0.2070388043079605,1.1466189546842873
1313,262.7751834556371,0.5,0.2,0.25,0.125,0.26837982315510667,0.3779210066206972,0.14667724430561455,0.20702192591858187,1.1466189546842873
1314,262.9753168779186,0.5,0.2,0.25,0.125,0.2683898568363964,0.37793001401785653,0.14667494052872565,0.2070051886170218,1.1466189546842873
1315,263.1754503002001,0.5,0.2,0.25,0.125,0.26839956949425653,0.37793930903119743,0.146672523072936,0.20698859840161035,1.1466189546842873
1316,263.3755837224816,0.5,0.2,0.25,0.125,0.2684089600583451,0.3779488845930439,0.14666999420847904,0.20697216114013223,1.1466189546842873
1317,263.5757171447632,0.5,0.2,0.25,0.125,0.2684180276246132,0.3779587335708121,0.1466673562225076,0.20695588258206735,1.1466189546842873
1318,263.7758505670447,0.5,0.2,0.25,0.125,0.2684267714624311,0.3779688487609674,0.14666461141098386,0.20693976836561784,1.1466189546842873
1319,263.9759839893262,0.5,0.2,0.25,0.125,0.26843519097859736,0.3779792229368919,0.14666176210706192,0.20692382397744896,1.1466189546842873
1320,264.1761174116077,0.5,0.2,0.25,0.125,0.26844328573349896,0.3779898488315457,0.14665881066533168,0.20690805476962387,1.1466189546842873
1321,264.37625083388923,0.5,0.2,0.25,0.125,0.26845105544093595,0.3780007191405525,0.14665575945988865,0.2068924659586231,1.1466189546842873
1322,264.5763842561708,0.5,0.2,0.25,0.125,0.2684584999674402,0.37801182652591875,0.14665261088283205,0.20687706262380912,1.1466189546842873
1323,264.7765176784523,0.5,0.2,0.25,0.125,0.2684656193315938,0.3780231636197524,0.14664936734276296,0.20686184970589097,1.1466189546842873
1324,264.9766511007338,0.5,0.2,0.25,0.125,0.2684724137033476,0.3780347230279816,0.1466460312632822,0.20684683200538875,1.1466189546842873
1325,265.17678452301533,0.5,0.2,0.25,0.125,0.26847888339020465,0.3780464973333534,0.14664260508704807,0.20683201418939412,1.1466189546842873
1326,265.37691794529684,0.5,0.2,0.25,0.125,0.26848502877508384,0.37805847909578294,0.14663909130028457,0.2068174008288489,1.1466189546842873
1327,265.57705136757835,0.5,0.2,0.25,0.125,0.26849085042167287,0.37807066086188623,0.14663549238640133,0.20680299633003985,1.1466189546842873
1328,265.7771847898599,0.5,0.2,0.25,0.125,0.26849634904289493,0.3780830351670073,0.1466318108375493,0.2067888049525487,1.1466189546842873
1329,265.9773182121414,0.5,0.2,0.25,0.125,0.2685015254904228,0.37809559453839947,0.1466280491572688,0.2067748308139093,1.1466189546842873
1330,266.17745163442294,0.5,0.2,0.25,0.125,0.2685063807533815,0.37810833149891027,0.14662420985924787,0.2067610778884607,1.1466189546842873
1331,266.37758505670445,0.5,0.2,0.25,0.125,0.26851091595705223,0.37812123857066665,0.146620295466081,0.2067475500062005,1.1466189546842873
1332,266.57771847898596,0.5,0.2,0.25,0.125,0.2685151323615751,0.3781343082787602,0.14661630850802737,0.20673425085163769,1.1466189546842873
1333,266.7778519012675,0.5,0.2,0.25,0.125,0.26851903135923255,0.3781475331540091,0.1466122515218332,0.2067211839649255,1.1466189546842873
1334,266.97798532354904,0.5,0.2,0.25,0.125,0.26852261443297365,0.3781609057105346,0.14660812705128848,0.20670835280520355,1.1466189546842873
1335,267.17811874583055,0.5,0.2,0.25,0.125,0.2685258831991141,0.3781744184780358,0.14660393764401639,0.20669576067883408,1.1466189546842873
1336,267.37825216811206,0.5,0.2,0.25,0.125,0.2685288394125332,0.37818806400969424,0.1465996858499407,0.2066834107278322,1.1466189546842873
1337,267.57838559039357,0.5,0.2,0.25,0.125,0.26853148495108703,0.3782018348765732,0.14659537422068425,0.20667130595165578,1.1466189546842873
1338,267.77851901267513,0.5,0.2,0.25,0.125,0.26853382181394364,0.3782157236710636,0.1465910053083438,0.2066594492066492,1.1466189546842873
1339,267.97865243495664,0.5,0.2,0.25,0.125,0.2685358521199185,0.37822972301033,0.14658658166426494,0.20664784320548688,1.1466189546842873
1340,268.17878585723815,0.5,0.2,0.25,0.125,0.26853757810580964,0.3782438255397565,0.14658210583781722,0.20663649051661687,1.1466189546842873
1341,268.37891927951966,0.5,0.2,0.25,0.125,0.2685390021247335,0.378258023936393,0.14657758037516896,0.2066253935637047,1.1466189546842873
1342,268.5790527018012,0.5,0.2,0.25,0.125,0.2685401266283431,0.3782723108909676,0.14657300781649524,0.2066145546641943,1.1466189546842873
1343,268.7791861240827,0.5,0.2,0.25,0.125,0.2685409541661812,0.3782866791126853,0.1465683906948518,0.20660397602628186,1.1466189546842873
1344,268.97931954636425,0.5,0.2,0.25,0.125,0.2685414874115678,0.3783011213693165,0.14656373153762892,0.20659365968148696,1.1466189546842873
1345,269.17945296864576,0.5,0.2,0.25,0.125,0.26854172914428576,0.37831563046982936,0.1465590328638047,0.20658360752208035,1.1466189546842873
1346,269.3795863909273,0.5,0.2,0.25,0.125,0.2685416822486117,0.37833019926743194,0.1465542971826905,0.2065738213012661,1.1466189546842873
1347,269.5797198132088,0.5,0.2,0.25,0.125,0.2685413497114239,0.3783448206627149,0.1465495269926837,0.20656430263317768,1.1466189546842873
1348,269.7798532354903,0.5,0.2,0.25,0.125,0.26854073462031,0.3783594876067951,0.14654472478002056,0.20655505299287452,1.1466189546842873
1349,269.97998665777186,0.5,0.2,0.25,0.125,0.2685398401616745,0.37837419310445863,0.1465398930175291,0.20654607371633796,1.1466189546842873
1350,270.18012008005337,0.5,0.2,0.25,0.125,0.2685386691056354,0.3783889308436103,0.14653503393892892,0.2065373661118256,1.1466189546842873
1351,270.3802535023349,0.5,0.2,0.25,0.125,0.26853722602928104,0.37840369231901977,0.1465301505932156,0.20652893105848374,1.1466189546842873
1352,270.5803869246164,0.5,0.2,0.25,0.125,0.2685355135040957,0.3784184717897858,0.14652524502391487,0.2065207696822038,1.1466189546842873
1353,270.7805203468979,0.5,0.2,0.25,0.125,0.2685335351011408,0.3784332624274725,0.14652031967619578,0.20651288279519114,1.1466189546842873
1354,270.98065376917947,0.5,0.2,0.25,0.125,0.26853129446218754,0.37844805748536653,0.14651537697266986,0.2065052710797763,1.1466189546842873
1355,271.180787191461,0.5,0.2,0.25,0.125,0.26852879529971707,0.3784628502984773,0.14651041931339115,0.20649793508841466,1.1466189546842873
1356,271.3809206137425,0.5,0.2,0.25,0.125,0.2685260413969205,0.37847763428353687,0.14650544907585614,0.2064908752436867,1.1466189546842873
1357,271.581054036024,0.5,0.2,0.25,0.125,0.2685230366076986,0.378492402939,0.14650046861500368,0.2064840918382979,1.1466189546842873
1358,271.7811874583055,0.5,0.2,0.25,0.125,0.2685197848543391,0.3785071498420362,0.14649548026380543,0.2064775850398195,1.1466189546842873
1359,271.981320880587,0.5,0.2,0.25,0.125,0.2685162900976507,0.3785218686098649,0.14649048634085282,0.20647135495163182,1.1466189546842873
1360,272.1814543028686,0.5,0.2,0.25,0.125,0.26851255637898513,0.3785365529541586,0.14648548913968165,0.20646540152717488,1.1466189546842873
1361,272.3815877251501,0.5,0.2,0.25,0.125,0.2685085878164717,0.3785511966761677,0.1464804909297288,0.20645972457763206,1.1466189546842873
1362,272.5817211474316,0.5,0.2,0.25,0.125,0.26850438859702874,0.3785657936563786,0.1464754939583616,0.20645432378823142,1.1466189546842873
1363,272.7818545697131,0.5,0.2,0.25,0.125,0.2684999629763636,0.3785803378545135,0.14647050045087767,0.20644919871824552,1.1466189546842873
1364,272.98198799199463,0.5,0.2,0.25,0.125,0.2684953152789728,0.3785948233095306,0.14646551261050525,0.20644434880099163,1.1466189546842873
1365,273.1821214142762,0.5,0.2,0.25,0.125,0.26849044989814197,0.37860924413962393,0.14646053261840286,0.2064397733438316,1.1466189546842873
1366,273.3822548365577,0.5,0.2,0.25,0.125,0.2684853712694877,0.3786235945544568,0.14645556262730777,0.20643547154874806,1.1466189546842873
1367,273.5823882588392,0.5,0.2,0.25,0.125,0.2684800837216361,0.3786378689242045,0.14645060472568816,0.2064314426284715,1.1466189546842873
1368,273.7825216811207,0.5,0.2,0.25,0.125,0.26847459173547555,0.37865206165968235,0.14644566099998207,0.20642768560486027,1.1466189546842873
1369,273.98265510340224,0.5,0.2,0.25,0.125,0.2684688998770738,0.37866616724336305,0.1464407335184928,0.20642419936107065,1.1466189546842873
1370,274.1827885256838,0.5,0.2,0.25,0.125,0.2684630127708792,0.3786801802417677,0.14643582432495533,0.20642098266239794,1.1466189546842873
1371,274.3829219479653,0.5,0.2,0.25,0.125,0.2684569350997212,0.37869409530546594,0.14643093543853647,0.20641803415627658,1.1466189546842873
1372,274.5830553702468,0.5,0.2,0.25,0.125,0.26845067160480984,0.37870790716907565,0.1464260688538346,0.20641535237228004,1.1466189546842873
1373,274.78318879252834,0.5,0.2,0.25,0.125,0.2684442270857361,0.37872161065126314,0.1464212265408799,0.20641293572212094,1.1466189546842873
1374,274.98332221480985,0.5,0.2,0.25,0.125,0.26843760631685093,0.37873520070776073,0.14641641042421155,0.2064107825511769,1.1466189546842873
1375,275.18345563709136,0.5,0.2,0.25,0.125,0.26843081383385653,0.37874867256667283,0.14641162232948068,0.20640889126999004,1.1466189546842873
1376,275.3835890593729,0.5,0.2,0.25,0.125,0.26842385441517885,0.3787620214232744,0.1464068641038946,0.20640726005765211,1.1466189546842873
1377,275.58372248165443,0.5,0.2,0.25,0.125,0.2684167329042401,0.37877524255269474,0.14640213757174753,0.2064058869713176,1.1466189546842873
1378,275.78385590393594,0.5,0.2,0.25,0.125,0.2684094541838407,0.3787883313261593,0.14639744452801082,0.20640476996198914,1.1466189546842873
1379,275.98398932621745,0.5,0.2,0.25,0.125,0.26840202317615935,0.3788012832109902,0.14639278673833286,0.20640390687451754,1.1466189546842873
1380,276.18412274849896,0.5,0.2,0.25,0.125,0.26839444484275304,0.37881409377060593,0.1463881659390392,0.20640329544760183,1.1466189546842873
1381,276.38425617078053,0.5,0.2,0.25,0.125,0.268386724184557,0.3788267586645213,0.14638358383713246,0.20640293331378914,1.1466189546842873
1382,276.58438959306204,0.5,0.2,0.25,0.125,0.2683788661109484,0.37883927371211334,0.14637904208272004,0.2064028180942182,1.1466189546842873
1383,276.78452301534355,0.5,0.2,0.25,0.125,0.268370875322529,0.3788516349497049,0.1463745422443306,0.20640294748343543,1.1466189546842873
1384,276.98465643762506,0.5,0.2,0.25,0.125,0.2683627567532243,0.37886383841526505,0.14637008590201067,0.20640331892949998,1.1466189546842873
1385,277.1847898599066,0.5,0.2,0.25,0.125,0.2683545153667727,0.3788758802475172,0.1463656746044696,0.20640392978124047,1.1466189546842873
1386,277.38492328218814,0.5,0.2,0.25,0.125,0.2683461561470681,0.37888775669064306,0.14636130986704593,0.20640477729524292,1.1466189546842873
1387,277.58505670446965,0.5,0.2,0.25,0.125,0.2683376840981599,0.3788994640942818,0.14635699317170736,0.20640585863585093,1.1466189546842873
1388,277.78519012675116,0.5,0.2,0.25,0.125,0.2683291042442528,0.37891099891353086,0.14635272596705085,0.2064071708751655,1.1466189546842873
1389,277.98532354903267,0.5,0.2,0.25,0.125,0.26832042162970715,0.3789223577089453,0.14634850966830246,0.2064087109930451,1.1466189546842873
1390,278.1854569713142,0.5,0.2,0.25,0.125,0.2683116414500522,0.37893353710380995,0.1463443456782093,0.20641047576792856,1.1466189546842873
1391,278.3855903935957,0.5,0.2,0.25,0.125,0.2683027676648945,0.37894453423651875,0.1463402351658502,0.20641246293273657,1.1466189546842873
1392,278.58572381587726,0.5,0.2,0.25,0.125,0.2682938057684305,0.3789553458570133,0.1463361795084287,0.20641466886612755,1.1466189546842873
1393,278.78585723815877,0.5,0.2,0.25,0.125,0.26828476066329626,0.3789659690201951,0.14633217995223188,0.20641709036427686,1.1466189546842873
1394,278.9859906604403,0.5,0.2,0.25,0.125,0.26827563726548476,0.37897640088864065,0.14632823770909179,0.2064197241367829,1.1466189546842873
1395,279.1861240827218,0.5,0.2,0.25,0.125,0.26826644050201903,0.37898663873336064,0.14632435395601456,0.20642256680860582,1.1466189546842873
1396,279.3862575050033,0.5,0.2,0.25,0.125,0.26825717530862603,0.37899667993455827,0.14632052983480942,0.2064256149220064,1.1466189546842873
1397,279.58639092728487,0.5,0.2,0.25,0.125,0.26824784662649104,0.37900652198248763,0.14631676645164113,0.2064288649393804,1.1466189546842873
1398,279.7865243495664,0.5,0.2,0.25,0.125,0.26823845916013217,0.3790161625041525,0.14631306485668893,0.2064323134790266,1.1466189546842873
1399,279.9866577718479,0.5,0.2,0.25,0.125,0.2682290175774096,0.3790255992421776,0.14630942606062566,0.20643595711978735,1.1466189546842873
1400,280.1867911941294,0.5,0.2,0.25,0.125,0.26821952667856036,0.3790348300370305,0.14630585104851768,0.2064397922358917,1.1466189546842873
1401,280.3869246164109,0.5,0.2,0.25,0.125,0.2682099912422853,0.3790438528441778,0.1463023407668298,0.20644381514670732,1.1466189546842873
1402,280.5870580386925,0.5,0.2,0.25,0.125,0.26820041602247774,0.3790526657349465,0.1462988961229758,0.2064480221196002,1.1466189546842873
1403,280.787191460974,0.5,0.2,0.25,0.125,0.26819080574495263,0.3790612668973846,0.14629551798486864,0.20645240937279435,1.1466189546842873
1404,280.9873248832555,0.5,0.2,0.25,0.125,0.26818116510417556,0.37906965463712233,0.14629220718047084,0.20645697307823155,1.1466189546842873
1405,281.187458305537,0.5,0.2,0.25,0.125,0.2681714987599918,0.37907782737823265,0.1462889644973449,0.20646170936443092,1.1466189546842873
1406,281.3875917278185,0.5,0.2,0.25,0.125,0.2681618113343553,0.37908578366409257,0.14628579068220357,0.20646661431934885,1.1466189546842873
1407,281.5877251501,0.5,0.2,0.25,0.125,0.26815210740805767,0.3790935221582438,0.14628268644046033,0.20647168399323848,1.1466189546842873
1408,281.7878585723816,0.5,0.2,0.25,0.125,0.2681423915174573,0.3791010416452538,0.14627965243577962,0.2064769144015096,1.1466189546842873
1409,281.9879919946631,0.5,0.2,0.25,0.125,0.26813266815425496,0.37910834102061536,0.14627668929343543,0.20648230153169453,1.1466189546842873
1410,282.1881254169446,0.5,0.2,0.25,0.125,0.26812294180594637,0.379115419134305,0.14627379765451182,0.2064878414052371,1.1466189546842873
1411,282.3882588392261,0.5,0.2,0.25,0.125,0.26811321688983747,0.3791222750172671,0.14627097809706707,0.20649352999582868,1.1466189546842873
1412,282.58839226150764,0.5,0.2,0.25,0.125,0.26810349775543935,0.3791289078618912,0.1462682311427658,0.20649936323990398,1.1466189546842873
1413,282.7885256837892,0.5,0.2,0.25,0.125,0.2680937886944087,0.37913531697534225,0.14626555727294233,0.20650533705730703,1.1466189546842873
1414,282.9886591060707,0.5,0.2,0.25,0.125,0.2680840939374241,0.37914150177989203,0.14626295692833519,0.206511447354349,1.1466189546842873
1415,283.1887925283522,0.5,0.2,0.25,0.125,0.2680744176510619,0.379147461813251,0.14626043050882107,0.20651769002686637,1.1466189546842873
1416,283.38892595063373,0.5,0.2,0.25,0.125,0.26806476393467243,0.3791531967288999,0.14625797837314922,0.20652406096327872,1.1466189546842873
1417,283.58905937291524,0.5,0.2,0.25,0.125,0.2680551368172563,0.37915870629642184,0.14625560083867553,0.2065305560476466,1.1466189546842873
1418,283.7891927951968,0.5,0.2,0.25,0.125,0.26804554025434013,0.3791639904018335,0.14625329818109684,0.2065371711627298,1.1466189546842873
1419,283.9893262174783,0.5,0.2,0.25,0.125,0.2680359781248529,0.37916904904791743,0.146251070634185,0.2065439021930449,1.1466189546842873
1420,284.18945963975983,0.5,0.2,0.25,0.125,0.26802645422800214,0.3791738823545534,0.14624891838952117,0.20655074502792356,1.1466189546842873
1421,284.38959306204134,0.5,0.2,0.25,0.125,0.2680169723799303,0.3791784904935227,0.1462468416220569,0.20655769550449032,1.1466189546842873
1422,284.58972648432285,0.5,0.2,0.25,0.125,0.26800753676857514,0.37918287345374657,0.14624484058250733,0.20656474919517112,1.1466189546842873
1423,284.7898599066044,0.5,0.2,0.25,0.125,0.26799815120733367,0.37918703152969646,0.14624291540471546,0.20657190185825455,1.1466189546842873
1424,284.98999332888593,0.5,0.2,0.25,0.125,0.267988819390099,0.3791909651521878,0.14624106617220758,0.20657914928550572,1.1466189546842873
1425,285.19012675116744,0.5,0.2,0.25,0.125,0.26797954494534204,0.3791946748511439,0.14623929293273438,0.2065864872707798,1.1466189546842873
1426,285.39026017344895,0.5,0.2,0.25,0.125,0.267970331434469,0.37919816125495476,0.14623759569838862,0.20659391161218774,1.1466189546842873
1427,285.59039359573046,0.5,0.2,0.25,0.125,0.26796118235017957,0.3792014250898357,0.14623597444572287,0.206601418114262,1.1466189546842873
1428,285.79052701801197,0.5,0.2,0.25,0.125,0.2679521011148245,0.379204467179186,0.1462344291158672,0.20660900259012244,1.1466189546842873
1429,285.99066044029354,0.5,0.2,0.25,0.125,0.2679430910787635,0.37920728844294754,0.14623295961464702,0.206616660863642,1.1466189546842873
1430,286.19079386257505,0.5,0.2,0.25,0.125,0.2679341555187234,0.3792098898969635,0.14623156581270072,0.2066243887716125,1.1466189546842873
1431,286.39092728485656,0.5,0.2,0.25,0.125,0.26792529763615536,0.37921227265233703,0.1462302475455974,0.20663218216591028,1.1466189546842873
1432,286.59106070713807,0.5,0.2,0.25,0.125,0.26791652055559334,0.37921443791478987,0.1462290046139547,0.20664003691566218,1.1466189546842873
1433,286.7911941294196,0.5,0.2,0.25,0.125,0.2679078273984634,0.3792163869221567,0.1462278368072318,0.20664794887214827,1.1466189546842873
1434,286.99132755170115,0.5,0.2,0.25,0.125,0.2678992213232985,0.3792181209094243,0.14622674391698137,0.20665591385029597,1.1466189546842873
1435,287.19146097398266,0.5,0.2,0.25,0.125,0.2678907052976039,0.37921964129379626,0.14622572566589767,0.20666392774270237,1.1466189546842873
1436,287.39159439626417,0.5,0.2,0.25,0.125,0.26788228221166455,0.3792209495793917,0.14622478174416045,0.20667198646478352,1.1466189546842873
1437,287.5917278185457,0.5,0.2,0.25,0.125,0.2678739548814329,0.3792220473528901,0.1462239118109742,0.20668008595470308,1.1466189546842873
1438,287.7918612408272,0.5,0.2,0.25,0.125,0.26786572604741465,0.379222936282457,0.14622311549485126,0.20668822217527733,1.1466189546842873
1439,287.99199466310876,0.5,0.2,0.25,0.125,0.26785759837355516,0.37922361811666944,0.14622239239389573,0.20669639111587995,1.1466189546842873
1440,288.19212808539027,0.5,0.2,0.25,0.125,0.26784957444612534,0.37922409468344137,0.14622174207608665,0.20670458879434697,1.1466189546842873
1441,288.3922615076718,0.5,0.2,0.25,0.125,0.2678416567726077,0.3792243678889494,0.14622116407956157,0.2067128112588816,1.1466189546842873
1442,288.5923949299533,0.5,0.2,0.25,0.125,0.2678338477805825,0.37922443971655845,0.1462206579129001,0.2067210545899592,1.1466189546842873
1443,288.7925283522348,0.5,0.2,0.25,0.125,0.26782614981661407,0.3792243122257468,0.14622022305540727,0.20672931490223212,1.1466189546842873
1444,288.9926617745163,0.5,0.2,0.25,0.125,0.2678185651453863,0.3792239875508468,0.1462198589574719,0.2067375883462953,1.1466189546842873
1445,289.1927951967979,0.5,0.2,0.25,0.125,0.26781109606868064,0.37922346781087013,0.1462195650767324,0.20674587104371708,1.1466189546842873
1446,289.3929286190794,0.5,0.2,0.25,0.125,0.2678037448304967,0.37922275517800125,0.14621934085034413,0.20675415914115816,1.1466189546842873
1447,289.5930620413609,0.5,0.2,0.25,0.125,0.2677965135178064,0.37922185194933006,0.14621918566594128,0.20676244886692244,1.1466189546842873
1448,289.7931954636424,0.5,0.2,0.25,0.125,0.2677894041405778,0.3792207604855788,0.14621909888616397,0.2067707364876796,1.1466189546842873
1449,289.9933288859239,0.5,0.2,0.25,0.125,0.26778241863114755,0.3792194832096667,0.14621907984908702,0.20677901831009887,1.1466189546842873
1450,290.1934623082055,0.5,0.2,0.25,0.125,0.2677755588435942,0.379218022605274,0.14621912786864913,0.2067872906824828,1.1466189546842873
1451,290.393595730487,0.5,0.2,0.25,0.125,0.26776882655311096,0.37921638121540646,0.14621924223508156,0.2067955499964011,1.1466189546842873
1452,290.5937291527685,0.5,0.2,0.25,0.125,0.2677622234553785,0.3792145616409599,0.14621942221533732,0.20680379268832436,1.1466189546842873
1453,290.79386257505,0.5,0.2,0.25,0.125,0.267755751165938,0.3792125665392842,0.14621966705351988,0.20681201524125795,1.1466189546842873
1454,290.9939959973315,0.5,0.2,0.25,0.125,0.267749411219564,0.3792103986227479,0.14621997597131234,0.20682021418637575,1.1466189546842873
1455,291.1941294196131,0.5,0.2,0.25,0.125,0.26774320506963734,0.37920806065730256,0.14622034816840618,0.20682838610465396,1.1466189546842873
1456,291.3942628418946,0.5,0.2,0.25,0.125,0.2677371340943697,0.3792055554571386,0.14622078282432932,0.20683652762416244,1.1466189546842873
1457,291.5943962641761,0.5,0.2,0.25,0.125,0.26773119970767273,0.3792028858196514,0.14622127912164032,0.20684463535103562,1.1466189546842873
1458,291.7945296864576,0.5,0.2,0.25,0.125,0.2677254032029896,0.3792000546127279,0.14622183621459886,0.20685270596968375,1.1466189546842873
1459,291.99466310873913,0.5,0.2,0.25,0.125,0.26771974576187096,0.37919706476806125,0.14622245323147373,0.2068607362385941,1.1466189546842873
1460,292.19479653102064,0.5,0.2,0.25,0.125,0.2677142284888105,0.37919391925948753,0.1462231292822126,0.20686872296948952,1.1466189546842873
1461,292.3949299533022,0.5,0.2,0.25,0.125,0.2677088524109927,0.3791906211013354,0.14622386345894756,0.2068766630287246,1.1466189546842873
1462,292.5950633755837,0.5,0.2,0.25,0.125,0.26770361847804097,0.379187173346777,0.14622465483650046,0.20688455333868175,1.1466189546842873
1463,292.79519679786523,0.5,0.2,0.25,0.125,0.26769852756176554,0.37918357908617856,0.14622550247288868,0.2068923908791675,1.1466189546842873
1464,292.99533022014674,0.5,0.2,0.25,0.125,0.267693580455911,0.3791798414454504,0.14622640540983034,0.20690017268880848,1.1466189546842873
1465,293.19546364242825,0.5,0.2,0.25,0.125,0.26768877787590456,0.3791759635843979,0.1462273626732501,0.20690789586644767,1.1466189546842873
1466,293.3955970647098,0.5,0.2,0.25,0.125,0.2676841204586037,0.3791719486950717,0.1462283732737844,0.20691555757254054,1.1466189546842873
1467,293.59573048699133,0.5,0.2,0.25,0.125,0.26767960876204405,0.37916780000011796,0.14622943620728715,0.20692315503055114,1.1466189546842873
1468,293.79586390927284,0.5,0.2,0.25,0.125,0.267675243302231,0.3791635207430733,0.14623055046031552,0.20693068549438043,1.1466189546842873
1469,293.99599733155435,0.5,0.2,0.25,0.125,0.26767102469352216,0.37915911415613,0.14623171502954335,0.2069381461208048,1.1466189546842873
1470,294.19613075383586,0.5,0.2,0.25,0.125,0.2676669533476611,0.379154583523885,0.1462329288818367,0.20694553424661757,1.1466189546842873
1471,294.3962641761174,0.5,0.2,0.25,0.125,0.26766302957904103,0.37914993215874293,0.14623419096894544,0.20695284729327093,1.1466189546842873
1472,294.59639759839894,0.5,0.2,0.25,0.125,0.26765925362935566,0.3791451633938512,0.146235500231357,0.2069600827454365,1.1466189546842873
1473,294.79653102068045,0.5,0.2,0.25,0.125,0.26765562566764484,0.37914028058138527,0.14623685559884197,0.20696723815212828,1.1466189546842873
1474,294.99666444296196,0.5,0.2,0.25,0.125,0.267652145790341,0.37913528709083444,0.14623825599099952,0.2069743111278254,1.1466189546842873
1475,295.19679786524347,0.5,0.2,0.25,0.125,0.26764881402131496,0.37913018630728734,0.14623970031780317,0.20698129935359488,1.1466189546842873
1476,295.396931287525,0.5,0.2,0.25,0.125,0.26764563031192184,0.37912498162971786,0.1462411874801463,0.20698820057821438,1.1466189546842873
1477,295.59706470980655,0.5,0.2,0.25,0.125,0.2676425945410472,0.3791196764692705,0.14624271637038777,0.20699501261929498,1.1466189546842873
1478,295.79719813208806,0.5,0.2,0.25,0.125,0.26763970651515295,0.379114274247546,0.1462442858728974,0.20700173336440408,1.1466189546842873
1479,295.99733155436957,0.5,0.2,0.25,0.125,0.26763696596832337,0.3791087783948873,0.14624589486460168,0.2070083607721881,1.1466189546842873
1480,296.1974649766511,0.5,0.2,0.25,0.125,0.26763437256231115,0.3791031923486648,0.14624754221552932,0.20701489287349514,1.1466189546842873
1481,296.3975983989326,0.5,0.2,0.25,0.125,0.2676319258865833,0.3790975195515623,0.1462492267893568,0.20702132777249804,1.1466189546842873
1482,296.59773182121415,0.5,0.2,0.25,0.125,0.26762962545836727,0.37909176344986223,0.14625094744395403,0.2070276636478169,1.1466189546842873
1483,296.79786524349566,0.5,0.2,0.25,0.125,0.2676274708287754,0.37908592748959213,0.14625270304017038,0.20703389864146254,1.1466189546842873
1484,296.9979986657772,0.5,0.2,0.25,0.125,0.2676254617030446,0.3790800151123854,0.1462544924517175,0.207040030732853,1.1466189546842873
1485,297.1981320880587,0.5,0.2,0.25,0.125,0.26762359750337994,0.37907402976258603,0.14625631453175134,0.20704605820228322,1.1466189546842873
1486,297.3982655103402,0.5,0.2,0.25,0.125,0.2676218775770588,0.3790679748813372,0.14625816812958042,0.20705197941202413,1.1466189546842873
1487,297.59839893262176,0.5,0.2,0.25,0.125,0.267620301211027,0.37906185390457375,0.1462600520923418,0.207057792792058,1.1466189546842873
1488,297.7985323549033,0.5,0.2,0.25,0.125,0.2676188676324128,0.37905567026129816,0.14626196526558302,0.20706349684070655,1.1466189546842873
1489,297.9986657771848,0.5,0.2,0.25,0.125,0.26761757600904124,0.3790494273718568,0.146263906493844,0.20706909012525848,1.1466189546842873
1490,298.1987991994663,0.5,0.2,0.25,0.125,0.2676164254499479,0.3790431286462163,0.14626587462123897,0.20707457128259743,1.1466189546842873
1491,298.3989326217478,0.5,0.2,0.25,0.125,0.2676154150058931,0.3790367774822393,0.14626786849203854,0.20707993901982966,1.1466189546842873
1492,298.5990660440293,0.5,0.2,0.25,0.125,0.2676145436698761,0.37903037726396116,0.14626988695125157,0.20708519211491183,1.1466189546842873
1493,298.7991994663109,0.5,0.2,0.25,0.125,0.26761381037764903,0.3790239313598658,0.14627192884520704,0.20709032941727878,1.1466189546842873
1494,298.9993328885924,0.5,0.2,0.25,0.125,0.2676132140082312,0.379017443121162,0.14627399302213615,0.20709534984847133,1.1466189546842873
1495,299.1994663108739,0.5,0.2,0.25,0.125,0.2676127533844227,0.37901091588005964,0.14627607833275416,0.2071002524027641,1.1466189546842873
1496,299.3995997331554,0.5,0.2,0.25,0.125,0.26761242727331913,0.37900435294804596,0.1462781836308424,0.20710503614779316,1.1466189546842873
1497,299.5997331554369,0.5,0.2,0.25,0.125,0.267612234386825,0.3789977576141615,0.14628030777383025,0.20710970022518388,1.1466189546842873
1498,299.7998665777185,0.5,0.2,0.25,0.125,0.26761217350004507,0.37899113320835703,0.1462824496096891,0.20711424368190942,1.1466189546842873
1499,300.0,0.5,0.2,0.25,0.125,0.26761224342532774,0.3789844830851554,0.14628460798058837,0.2071186655089291,1.1466189546842873
