,time,beta,alpha,sigma_D,sigma_C,S_c,S_d,I_c,I_d,R0
0,0.0,0.08333333333333333,0.2,0.5,0.08333333333333333,0.09995999999999998,0.89964,3.999999999999999e-05,0.00036,0.1748422983497666
1,0.200133422281521,0.08333333333333333,0.2,0.5,0.08333333333333333,0.09642032525921959,0.9031855069194372,3.940707569883439e-05,0.00035476074564425774,0.1748422983497666
2,0.400266844563042,0.08333333333333333,0.2,0.5,0.08333333333333333,0.09299302923924903,0.906618530958245,3.8806181793691355e-05,0.00034963362071220474,0.1748422983497666
3,0.600400266844563,0.08333333333333333,0.2,0.5,0.08333333333333333,0.08967543791821607,0.9099417485380953,3.819861412257727e-05,0.0003446149295659089,0.1748422983497666
4,0.800533689126084,0.08333333333333333,0.2,0.5,0.08333333333333333,0.0864648956954281,0.9131578175682423,3.7585573009487495e-05,0.00033970116331993503,0.1748422983497666
5,1.0006671114076051,0.08333333333333333,0.2,0.5,0.08333333333333333,0.08335875470524352,0.9162693881242638,3.696814620042187e-05,0.0003348890242921168,0.1748422983497666
6,1.200800533689126,0.08333333333333333,0.2,0.5,0.08333333333333333,0.08035436442859732,0.9192791129548682,3.634744349615865e-05,0.0003301751730381553,0.1748422983497666
7,1.400933955970647,0.08333333333333333,0.2,0.5,0.08333333333333333,0.07744907909061724,0.9221896400463031,3.572455401317585e-05,0.0003255563090663942,0.1748422983497666
8,1.601067378252168,0.08333333333333333,0.2,0.5,0.08333333333333333,0.07464029591061817,0.9250035741966222,3.510034773254486e-05,0.0003210295450270963,0.1748422983497666
9,1.801200800533689,0.08333333333333333,0.2,0.5,0.08333333333333333,0.0719254143008744,0.9277235180187127,3.4475704786661714e-05,0.00031659197562626865,0.1748422983497666
10,2.0013342228152102,0.08333333333333333,0.2,0.5,0.08333333333333333,0.0693018766866774,0.9303520310303459,3.385142111633488e-05,0.0003122408618602809,0.1748422983497666
11,2.201467645096731,0.08333333333333333,0.2,0.5,0.08333333333333333,0.06676712823350053,0.9328916700070463,3.32282906343365e-05,0.00030797346881870463,0.1748422983497666
12,2.401601067378252,0.08333333333333333,0.2,0.5,0.08333333333333333,0.06431867033627783,0.9353449353966757,3.260700544589648e-05,0.0003037872616005118,0.1748422983497666
13,2.601734489659773,0.08333333333333333,0.2,0.5,0.08333333333333333,0.06195402891001448,0.9377143030947344,3.198822610338387e-05,0.0002996797691477267,0.1748422983497666
14,2.801867911941294,0.08333333333333333,0.2,0.5,0.08333333333333333,0.05967076564685402,0.9400022131714799,3.137256587897407e-05,0.00029564861578700274,0.1748422983497666
15,3.002001334222815,0.08333333333333333,0.2,0.5,0.08333333333333333,0.05746648859141955,0.9422110592894124,3.076058494775667e-05,0.0002916915342202323,0.1748422983497666
16,3.202134756504336,0.08333333333333333,0.2,0.5,0.08333333333333333,0.05533883577961318,0.9443432050864934,3.0152812249101446e-05,0.0002878063216443111,0.1748422983497666
17,3.402268178785857,0.08333333333333333,0.2,0.5,0.08333333333333333,0.05328549439472238,0.9464009650005113,2.9549727624294676e-05,0.0002839908771420326,0.1748422983497666
18,3.602401601067378,0.08333333333333333,0.2,0.5,0.08333333333333333,0.051304188734264664,0.9483866163206682,2.8951780523084087e-05,0.0002802431645440558,0.1748422983497666
19,3.802535023348899,0.08333333333333333,0.2,0.5,0.08333333333333333,0.04939270432554668,0.9503023750450544,2.8359364666111988e-05,0.00027656126473284826,0.1748422983497666
20,4.0026684456304205,0.08333333333333333,0.2,0.5,0.08333333333333333,0.04754886188793543,0.9521504219529078,2.777285265255791e-05,0.0002729433065042521,0.1748422983497666
21,4.202801867911941,0.08333333333333333,0.2,0.5,0.08333333333333333,0.045770532900549235,0.9539328870183013,2.7192577915118057e-05,0.0002693875032344303,0.1748422983497666
22,4.402935290193462,0.08333333333333333,0.2,0.5,0.08333333333333333,0.04405563314840767,0.9556518558762535,2.6618848076964342e-05,0.00026589212726198133,0.1748422983497666
23,4.603068712474983,0.08333333333333333,0.2,0.5,0.08333333333333333,0.0424021265235922,0.9573093660156333,2.6051938711977695e-05,0.00026245552206247927,0.1748422983497666
24,4.803202134756504,0.08333333333333333,0.2,0.5,0.08333333333333333,0.04080802679269152,0.958907405014998,2.5492098109030105e-05,0.00025907609420134487,0.1748422983497666
25,5.003335557038025,0.08333333333333333,0.2,0.5,0.08333333333333333,0.0392713959437089,0.960447912195252,2.493954634575002e-05,0.00025575231469334586,0.1748422983497666
26,5.203468979319546,0.08333333333333333,0.2,0.5,0.08333333333333333,0.037790344748324434,0.9619327780606847,2.4394480203953777e-05,0.0002524827107869319,0.1748422983497666
27,5.403602401601067,0.08333333333333333,0.2,0.5,0.08333333333333333,0.036363032211290634,0.9633638448499365,2.3857073440402582e-05,0.00024926586533242196,0.1748422983497666
28,5.603735823882588,0.08333333333333333,0.2,0.5,0.08333333333333333,0.034987665482959104,0.9647429066258281,2.3327480144178223e-05,0.0002461004110686119,0.1748422983497666
29,5.803869246164109,0.08333333333333333,0.2,0.5,0.08333333333333333,0.033662500392572965,0.9660717087363008,2.2805826648377235e-05,0.00024298504447780656,0.1748422983497666
30,6.00400266844563,0.08333333333333333,0.2,0.5,0.08333333333333333,0.03238584119708476,0.9673519480681085,2.2292215050452515e-05,0.00023991851975610923,0.1748422983497666
31,6.204136090727151,0.08333333333333333,0.2,0.5,0.08333333333333333,0.031156037105245088,0.9685852765356247,2.178674117006202e-05,0.00023689961796006316,0.1748422983497666
32,6.404269513008672,0.08333333333333333,0.2,0.5,0.08333333333333333,0.029971484000620247,0.9697732993514425,2.128948566272873e-05,0.0002339271622743907,0.1748422983497666
33,6.604402935290193,0.08333333333333333,0.2,0.5,0.08333333333333333,0.02883062659763456,0.9709175728623484,2.0800502900206447e-05,0.00023100003711678431,0.1748422983497666
34,6.804536357571714,0.08333333333333333,0.2,0.5,0.08333333333333333,0.027731956443557644,0.9720196065532519,2.031982911271743e-05,0.0002281171740776033,0.1748422983497666
35,7.004669779853235,0.08333333333333333,0.2,0.5,0.08333333333333333,0.026674002965682234,0.9730808720144246,1.9847501212804924e-05,0.00022527751868013925,0.1748422983497666
36,7.204803202134756,0.08333333333333333,0.2,0.5,0.08333333333333333,0.025655342485981225,0.9741027939123271,1.938353784146907e-05,0.00022248006384992881,0.1748422983497666
37,7.404936624416277,0.08333333333333333,0.2,0.5,0.08333333333333333,0.02467459844835988,0.9750867497619911,1.8927938890355297e-05,0.00021972385075848803,0.1748422983497666
38,7.605070046697798,0.08333333333333333,0.2,0.5,0.08333333333333333,0.023730437020928228,0.9760340743302734,1.8480692452975662e-05,0.0002170079563449117,0.1748422983497666
39,7.805203468979319,0.08333333333333333,0.2,0.5,0.08333333333333333,0.022821556281552236,0.9769460704616859,1.8041788650393813e-05,0.0002143314681110211,0.1748422983497666
40,8.005336891260841,0.08333333333333333,0.2,0.5,0.08333333333333333,0.02194670181843942,0.9778239934613923,1.761119968672427e-05,0.00021169352048109553,0.1748422983497666
41,8.205470313542362,0.08333333333333333,0.2,0.5,0.08333333333333333,0.021104662877652006,0.9786690549517502,1.7188884774327437e-05,0.0002090932858230179,0.1748422983497666
42,8.405603735823883,0.08333333333333333,0.2,0.5,0.08333333333333333,0.020294265801198953,0.9794824294397241,1.6774796530736306e-05,0.0002065299625457528,0.1748422983497666
43,8.605737158105404,0.08333333333333333,0.2,0.5,0.08333333333333333,0.019514366976939385,0.9802652613726536,1.6368887504269094e-05,0.00020400276290237875,0.1748422983497666
44,8.805870580386925,0.08333333333333333,0.2,0.5,0.08333333333333333,0.018763866466376188,0.9810186514994966,1.5971097560059898e-05,0.00020151093656675217,0.1748422983497666
45,9.006004002668446,0.08333333333333333,0.2,0.5,0.08333333333333333,0.018041700648787948,0.981743664232179,1.5581359892310705e-05,0.00019905375914046125,0.1748422983497666
46,9.206137424949967,0.08333333333333333,0.2,0.5,0.08333333333333333,0.01734683703587985,0.9824413328342854,1.519960431232376e-05,0.00019663052552206363,0.1748422983497666
47,9.406270847231488,0.08333333333333333,0.2,0.5,0.08333333333333333,0.016678282446534937,0.9831126512410766,1.4825752133120311e-05,0.00019424056025491132,0.1748422983497666
48,9.606404269513009,0.08333333333333333,0.2,0.5,0.08333333333333333,0.016035077639880373,0.9837585794297348,1.4459719456735568e-05,0.00019188321092760503,0.1748422983497666
49,9.80653769179453,0.08333333333333333,0.2,0.5,0.08333333333333333,0.015416289474092489,0.9843800512652434,1.4101421887643157e-05,0.00018955783877593968,0.1748422983497666
50,10.00667111407605,0.08333333333333333,0.2,0.5,0.08333333333333333,0.014821021816118642,0.9849779635841575,1.3750767980712097e-05,0.0001872638317426165,0.1748422983497666
51,10.206804536357572,0.08333333333333333,0.2,0.5,0.08333333333333333,0.014248410454264561,0.9855531812849477,1.3407662070603787e-05,0.00018500059871661448,0.1748422983497666
52,10.406937958639093,0.08333333333333333,0.2,0.5,0.08333333333333333,0.013697614750751073,0.9861065456800316,1.3072008430429755e-05,0.00018276756078641356,0.1748422983497666
53,10.607071380920614,0.08333333333333333,0.2,0.5,0.08333333333333333,0.013167827794863694,0.9866388643370656,1.2743706261691374e-05,0.00018056416180861067,0.1748422983497666
54,10.807204803202135,0.08333333333333333,0.2,0.5,0.08333333333333333,0.012658273238281854,0.9871509142453195,1.242265119563336e-05,0.00017838986520253187,0.1748422983497666
55,11.007338225483656,0.08333333333333333,0.2,0.5,0.08333333333333333,0.01216819305837156,0.9876434540586926,1.2108740505608165e-05,0.00017624414242969457,0.1748422983497666
56,11.207471647765177,0.08333333333333333,0.2,0.5,0.08333333333333333,0.011696863850522089,0.9881172077950007,1.1801866215908776e-05,0.00017412648826079484,0.1748422983497666
57,11.407605070046698,0.08333333333333333,0.2,0.5,0.08333333333333333,0.011243587379187337,0.988572874289752,1.150191901528378e-05,0.0001720364120448622,0.1748422983497666
58,11.607738492328219,0.08333333333333333,0.2,0.5,0.08333333333333333,0.010807684593822557,0.9890111331830155,1.1208790228225897e-05,0.00016997343293329462,0.1748422983497666
59,11.80787191460974,0.08333333333333333,0.2,0.5,0.08333333333333333,0.010388504196012257,0.9894326363481983,1.0922368830307323e-05,0.0001679370869587094,0.1748422983497666
60,12.00800533689126,0.08333333333333333,0.2,0.5,0.08333333333333333,0.00998541980801476,0.9898380107248929,1.0642542512740141e-05,0.00016592692457932691,0.1748422983497666
61,12.208138759172781,0.08333333333333333,0.2,0.5,0.08333333333333333,0.009597827738894716,0.990227860553847,1.0369198534649978e-05,0.00016394250872321303,0.1748422983497666
62,12.408272181454302,0.08333333333333333,0.2,0.5,0.08333333333333333,0.009225145628950672,0.9906027687328868,1.0102223615023727e-05,0.00016198341454715822,0.1748422983497666
63,12.608405603735823,0.08333333333333333,0.2,0.5,0.08333333333333333,0.008866811098407186,0.990963298168581,9.841503844423481e-06,0.00016004922916695565,0.1748422983497666
64,12.808539026017344,0.08333333333333333,0.2,0.5,0.08333333333333333,0.008522280812764049,0.9913099927121143,9.586926527910822e-06,0.00015813954859332296,0.1748422983497666
65,13.008672448298865,0.08333333333333333,0.2,0.5,0.08333333333333333,0.008191029123308529,0.991643378519115,9.338380058846957e-06,0.00015625397751703972,0.1748422983497666
66,13.208805870580386,0.08333333333333333,0.2,0.5,0.08333333333333333,0.00787254708211436,0.9919639650351162,9.095754221925108e-06,0.00015439212854692356,0.1748422983497666
67,13.408939292861907,0.08333333333333333,0.2,0.5,0.08333333333333333,0.007566350935702324,0.9922722364975531,8.858935899759777e-06,0.00015255363084413356,0.1748422983497666
68,13.609072715143428,0.08333333333333333,0.2,0.5,0.08333333333333333,0.007271976802653737,0.9925686572608171,8.6278115012219e-06,0.0001507381250273672,0.1748422983497666
69,13.80920613742495,0.08333333333333333,0.2,0.5,0.08333333333333333,0.00698897672584729,0.992853675745987,8.402268720995973e-06,0.0001489452594440305,0.1748422983497666
70,14.00933955970647,0.08333333333333333,0.2,0.5,0.08333333333333333,0.006716919836488996,0.9931277232761195,8.182195768223261e-06,0.00014717469162264747,0.1748422983497666
71,14.209472981987991,0.08333333333333333,0.2,0.5,0.08333333333333333,0.006455387493386955,0.9933912189390859,7.9674833268127e-06,0.00014542608419975295,0.1748422983497666
72,14.409606404269512,0.08333333333333333,0.2,0.5,0.08333333333333333,0.0062039772038237455,0.9936445656649892,7.7580227233264e-06,0.0001436991084631137,0.1748422983497666
73,14.609739826551033,0.08333333333333333,0.2,0.5,0.08333333333333333,0.005962301021966282,0.9938881518284479,7.553706479798735e-06,0.00014199344310528703,0.1748422983497666
74,14.809873248832554,0.08333333333333333,0.2,0.5,0.08333333333333333,0.0057299858955903,0.9941223509017006,7.3544279332149844e-06,0.000140308774775143,0.1748422983497666
75,15.010006671114075,0.08333333333333333,0.2,0.5,0.08333333333333333,0.00550667433054249,0.9943475207898347,7.160080720711391e-06,0.00013864479890150273,0.1748422983497666
76,15.210140093395596,0.08333333333333333,0.2,0.5,0.08333333333333333,0.005292021094050887,0.9945640071289354,6.97056022286959e-06,0.00013700121679011696,0.1748422983497666
77,15.410273515677117,0.08333333333333333,0.2,0.5,0.08333333333333333,0.005085693753620071,0.9947721427469427,6.7857631133429524e-06,0.00013537773632328658,0.1748422983497666
78,15.610406937958638,0.08333333333333333,0.2,0.5,0.08333333333333333,0.004887372749438937,0.9949722475913091,6.605587211395172e-06,0.00013377407203995494,0.1748422983497666
79,15.810540360240159,0.08333333333333333,0.2,0.5,0.08333333333333333,0.004696750579331367,0.9951646295443497,6.42993166347701e-06,0.000132189944654809,0.1748422983497666
80,16.010673782521682,0.08333333333333333,0.2,0.5,0.08333333333333333,0.004513531126673243,0.9953495850955869,6.2586970720761e-06,0.00013062508066705495,0.1748422983497666
81,16.210807204803203,0.08333333333333333,0.2,0.5,0.08333333333333333,0.004337429391223365,0.9955273996110384,6.091785470426018e-06,0.00012907921226719678,0.1748422983497666
82,16.410940627084724,0.08333333333333333,0.2,0.5,0.08333333333333333,0.004168171413891335,0.9956983474083574,5.9291002034320034e-06,0.00012755207754726807,0.1748422983497666
83,16.611074049366245,0.08333333333333333,0.2,0.5,0.08333333333333333,0.004005493377515883,0.995862692656576,5.77054616817677e-06,0.00012604341973936113,0.1748422983497666
84,16.811207471647766,0.08333333333333333,0.2,0.5,0.08333333333333333,0.00384914124218993,0.9960206897409037,5.6160298211559275e-06,0.00012455298708452896,0.1748422983497666
85,17.011340893929287,0.08333333333333333,0.2,0.5,0.08333333333333333,0.0036988707636383287,0.9961725832443834,5.4654590635259235e-06,0.00012308053291416329,0.1748422983497666
86,17.211474316210808,0.08333333333333333,0.2,0.5,0.08333333333333333,0.0035544473976609793,0.9963186080435289,5.3187431675767456e-06,0.00012162581564200526,0.1748422983497666
87,17.41160773849233,0.08333333333333333,0.2,0.5,0.08333333333333333,0.003415645155378145,0.9964589904534795,5.175793053565465e-06,0.000120188598088207,0.1748422983497666
88,17.61174116077385,0.08333333333333333,0.2,0.5,0.08333333333333333,0.003282246538556628,0.9965939482927424,5.036521207533008e-06,0.00011876864749289995,0.1748422983497666
89,17.81187458305537,0.08333333333333333,0.2,0.5,0.08333333333333333,0.003154042857469162,0.9967236905652025,4.900841510139679e-06,0.00011736573581766374,0.1748422983497666
90,18.01200800533689,0.08333333333333333,0.2,0.5,0.08333333333333333,0.003030833265838223,0.9968484184255945,4.7686694205568016e-06,0.00011597963914628716,0.1748422983497666
91,18.212141427618413,0.08333333333333333,0.2,0.5,0.08333333333333333,0.0029124242552045006,0.9969683256853537,4.639922033258635e-06,0.00011461013740813804,0.1748422983497666
92,18.412274849899934,0.08333333333333333,0.2,0.5,0.08333333333333333,0.0027986294709735184,0.9970835989966528,4.514518045822088e-06,0.00011325701432741588,0.1748422983497666
93,18.612408272181455,0.08333333333333333,0.2,0.5,0.08333333333333333,0.0026892694209600257,0.9971944181439892,4.39237775824223e-06,0.00011192005729214604,0.1748422983497666
94,18.812541694462976,0.08333333333333333,0.2,0.5,0.08333333333333333,0.0025841727499306957,0.9973009547691715,4.273422677112908e-06,0.00011059905822044893,0.1748422983497666
95,19.012675116744497,0.08333333333333333,0.2,0.5,0.08333333333333333,0.002483174503183461,0.9974033741084273,4.157575879537867e-06,0.00010929381250933658,0.1748422983497666
96,19.212808539026017,0.08333333333333333,0.2,0.5,0.08333333333333333,0.002386115536028977,0.9975018355831695,4.044762087906249e-06,0.00010800411871325455,0.1748422983497666
97,19.41294196130754,0.08333333333333333,0.2,0.5,0.08333333333333333,0.002292842613706768,0.9975964927000601,3.934907570456627e-06,0.00010672977866231331,0.1748422983497666
98,19.61307538358906,0.08333333333333333,0.2,0.5,0.08333333333333333,0.0022032081720130183,0.9976874932904958,3.827940130958863e-06,0.00010547059735978894,0.1748422983497666
99,19.81320880587058,0.08333333333333333,0.2,0.5,0.08333333333333333,0.0021170713766226804,0.9977749784509222,3.7237888399619394e-06,0.000104226383614644,0.1748422983497666
100,20.0133422281521,0.08333333333333333,0.2,0.5,0.08333333333333333,0.002034296646062305,0.9978590840204279,3.6223842707632908e-06,0.00010299694923855427,0.1748422983497666
101,20.213475650433622,0.08333333333333333,0.2,0.5,0.08333333333333333,0.001954753192502273,0.9979399410401454,3.5236585328368992e-06,0.00010178210881898973,0.1748422983497666
102,20.413609072715143,0.08333333333333333,0.2,0.5,0.08333333333333333,0.0018783150915494048,0.9980176756834583,3.427545199992813e-06,0.00010058167979169261,0.1748422983497666
103,20.613742494996664,0.08333333333333333,0.2,0.5,0.08333333333333333,0.0018048610876639872,0.9980924094506806,3.3339792938704737e-06,9.939548236111136e-05,0.1748422983497666
104,20.813875917278185,0.08333333333333333,0.2,0.5,0.08333333333333333,0.0017342755192063777,0.9981642582436884,3.2428970942276043e-06,9.822334001052355e-05,0.1748422983497666
105,21.014009339559706,0.08333333333333333,0.2,0.5,0.08333333333333333,0.0016664470227880093,0.9982333336620762,3.1542362927662312e-06,9.706507884255768e-05,0.1748422983497666
106,21.214142761841227,0.08333333333333333,0.2,0.5,0.08333333333333333,0.001601268172590633,0.9982997433639945,3.067936002321011e-06,9.592052741214639e-05,0.1748422983497666
107,21.41427618412275,0.08333333333333333,0.2,0.5,0.08333333333333333,0.0015386355391672853,0.9983635910073508,2.98393670115457e-06,9.478951678041308e-05,0.1748422983497666
108,21.61440960640427,0.08333333333333333,0.2,0.5,0.08333333333333333,0.0014784495339044772,0.9984249764054302,2.9021802127056108e-06,9.367188045251608e-05,0.1748422983497666
109,21.81454302868579,0.08333333333333333,0.2,0.5,0.08333333333333333,0.0014206152339703508,0.9984839947016784,2.8226095722725187e-06,9.256745477882766e-05,0.1748422983497666
110,22.01467645096731,0.08333333333333333,0.2,0.5,0.08333333333333333,0.001365041232518846,0.9985407375199367,2.7451691214140887e-06,9.147607842293526e-05,0.1748422983497666
111,22.214809873248832,0.08333333333333333,0.2,0.5,0.08333333333333333,0.001311639357496014,0.9985952932457616,2.669804502187617e-06,9.039759224010621e-05,0.1748422983497666
112,22.414943295530353,0.08333333333333333,0.2,0.5,0.08333333333333333,0.001260324726561676,0.9986477469715109,2.5964626126279207e-06,8.933183931458576e-05,0.1748422983497666
113,22.615076717811874,0.08333333333333333,0.2,0.5,0.08333333333333333,0.0012110157082581483,0.9986981805352134,2.5250915791035894e-06,8.827866494904516e-05,0.1748422983497666
114,22.815210140093395,0.08333333333333333,0.2,0.5,0.08333333333333333,0.0011636341783386622,0.9987466722641676,2.4556407076150465e-06,8.723791678592145e-05,0.1748422983497666
115,23.015343562374916,0.08333333333333333,0.2,0.5,0.08333333333333333,0.001118105331800531,0.9987932971630021,2.3880604667908814e-06,8.620944473022426e-05,0.1748422983497666
116,23.215476984656437,0.08333333333333333,0.2,0.5,0.08333333333333333,0.0010743567915803723,0.9988381278053402,2.322302521063871e-06,8.519310055805682e-05,0.1748422983497666
117,23.415610406937958,0.08333333333333333,0.2,0.5,0.08333333333333333,0.0010323189036315216,0.9988812340386336,2.2583196792044915e-06,8.418873805527071e-05,0.1748422983497666
118,23.61574382921948,0.08333333333333333,0.2,0.5,0.08333333333333333,0.000991924625606105,0.9989226830955469,2.1960658736702574e-06,8.31962129729523e-05,0.1748422983497666
119,23.815877251501,0.08333333333333333,0.2,0.5,0.08333333333333333,0.000953110107025291,0.9989625390135882,2.13549611637343e-06,8.221538326969114e-05,0.1748422983497666
120,24.01601067378252,0.08333333333333333,0.2,0.5,0.08333333333333333,0.0009158138169646093,0.9990008635077796,2.0765665032801425e-06,8.124610875206283e-05,0.1748422983497666
121,24.216144096064042,0.08333333333333333,0.2,0.5,0.08333333333333333,0.0008799764218370855,0.9990377160929429,2.0192341934483425e-06,8.028825102618447e-05,0.1748422983497666
122,24.416277518345563,0.08333333333333333,0.2,0.5,0.08333333333333333,0.00084554084917591,0.9990731540199156,1.963457381557073e-06,7.934167352655271e-05,0.1748422983497666
123,24.616410940627084,0.08333333333333333,0.2,0.5,0.08333333333333333,0.0008124522004971912,0.9991072323627446,1.909195275306596e-06,7.840624148252864e-05,0.1748422983497666
124,24.816544362908605,0.08333333333333333,0.2,0.5,0.08333333333333333,0.0007806576744373041,0.9991400040956009,1.8564080726123635e-06,7.748182188892432e-05,0.1748422983497666
125,25.016677785190126,0.08333333333333333,0.2,0.5,0.08333333333333333,0.0007501066442137242,0.9991715200153104,1.805056970050517e-06,7.656828350560411e-05,0.1748422983497666
126,25.216811207471647,0.08333333333333333,0.2,0.5,0.08333333333333333,0.0007207505181299633,0.9992018288809265,1.7551041214742001e-06,7.566549682188885e-05,0.1748422983497666
127,25.416944629753168,0.08333333333333333,0.2,0.5,0.08333333333333333,0.0006925426106054899,0.9992309775427728,1.706512596478402e-06,7.47733340251048e-05,0.1748422983497666
128,25.61707805203469,0.08333333333333333,0.2,0.5,0.08333333333333333,0.0006654381688851864,0.999259010915746,1.6592463704124627e-06,7.389166899838226e-05,0.1748422983497666
129,25.81721147431621,0.08333333333333333,0.2,0.5,0.08333333333333333,0.0006393943485402541,0.9992859720038471,1.6132703007596214e-06,7.302037731192221e-05,0.1748422983497666
130,26.01734489659773,0.08333333333333333,0.2,0.5,0.08333333333333333,0.000614370198433943,0.9993119019152448,1.5685501031335723e-06,7.215933621822496e-05,0.1748422983497666
131,26.21747831887925,0.08333333333333333,0.2,0.5,0.08333333333333333,0.0005903259065475565,0.999336840616735,1.525052393520739e-06,7.130842432402095e-05,0.1748422983497666
132,26.417611741160773,0.08333333333333333,0.2,0.5,0.08333333333333333,0.0005672225023919778,0.9993608272314561,1.4827446903440819e-06,7.046752146162642e-05,0.1748422983497666
133,26.617745163442294,0.08333333333333333,0.2,0.5,0.08333333333333333,0.000545023182029457,0.9993838987134286,1.4415952725677271e-06,6.963650926946194e-05,0.1748422983497666
134,26.817878585723815,0.08333333333333333,0.2,0.5,0.08333333333333333,0.000523692613264239,0.9994060905426284,1.4015732180338062e-06,6.881527088940742e-05,0.1748422983497666
135,27.018012008005336,0.08333333333333333,0.2,0.5,0.08333333333333333,0.0005031968890500494,0.9994274367716182,1.362648384564903e-06,6.800369094735518e-05,0.1748422983497666
136,27.218145430286857,0.08333333333333333,0.2,0.5,0.08333333333333333,0.00048350349086022615,0.9994479700622113,1.324791390639201e-06,6.720165553794226e-05,0.1748422983497666
137,27.418278852568378,0.08333333333333333,0.2,0.5,0.08333333333333333,0.0004645811179887638,0.99946772185626,1.2879736091503518e-06,6.640905214207569e-05,0.1748422983497666
138,27.6184122748499,0.08333333333333333,0.2,0.5,0.08333333333333333,0.0004463993525908185,0.9994867227107699,1.2521671770901123e-06,6.562576946221727e-05,0.1748422983497666
139,27.81854569713142,0.08333333333333333,0.2,0.5,0.08333333333333333,0.00042892917822753433,0.9995050017791648,1.2173449254819524e-06,6.48516976822035e-05,0.1748422983497666
140,28.01867911941294,0.08333333333333333,0.2,0.5,0.08333333333333333,0.0004121427398906776,0.9995225870513793,1.1834803810989526e-06,6.408672834892555e-05,0.1748422983497666
141,28.21881254169446,0.08333333333333333,0.2,0.5,0.08333333333333333,0.0003960132869134012,0.9995395054109905,1.1505477514720364e-06,6.33307543446233e-05,0.1748422983497666
142,28.418945963975982,0.08333333333333333,0.2,0.5,0.08333333333333333,0.00038051513828324407,0.9995557826699386,1.1185219082743244e-06,6.25836698698843e-05,0.1748422983497666
143,28.619079386257503,0.08333333333333333,0.2,0.5,0.08333333333333333,0.00036562362800680805,0.9995714436232038,1.087378372836292e-06,6.18453704165169e-05,0.1748422983497666
144,28.819212808539024,0.08333333333333333,0.2,0.5,0.08333333333333333,0.0003513149337302222,0.9995865122202745,1.0570933119319762e-06,6.111575268319123e-05,0.1748422983497666
145,29.019346230820545,0.08333333333333333,0.2,0.5,0.08333333333333333,0.0003375662318555452,0.9996010114099882,1.0276435065610532e-06,6.0394714649555555e-05,0.1748422983497666
146,29.219479653102066,0.08333333333333333,0.2,0.5,0.08333333333333333,0.00032435562868242217,0.9996149632094364,9.990063400197378e-07,5.96821555409354e-05,0.1748422983497666
147,29.419613075383587,0.08333333333333333,0.2,0.5,0.08333333333333333,0.00031166211336926703,0.9996283887510428,9.711597845899296e-07,5.8977975803233966e-05,0.1748422983497666
148,29.61974649766511,0.08333333333333333,0.2,0.5,0.08333333333333333,0.00029946553204651856,0.9996413083084786,9.44082386902747e-07,5.828207708770892e-05,0.1748422983497666
149,29.81987991994663,0.08333333333333333,0.2,0.5,0.08333333333333333,0.0002877465519918215,0.99965374133252,9.177532542410922e-07,5.759436223358867e-05,0.1748422983497666
150,30.02001334222815,0.08333333333333333,0.2,0.5,0.08333333333333333,0.0002764863974417479,0.9996657067153069,8.921520539271612e-07,5.691473519723797e-05,0.1748422983497666
151,30.22014676450967,0.08333333333333333,0.2,0.5,0.08333333333333333,0.0002656670523605555,0.999677222587561,8.67258987130443e-07,5.624310109114602e-05,0.1748422983497666
152,30.420280186791192,0.08333333333333333,0.2,0.5,0.08333333333333333,0.0002552712584881837,0.9996883063205623,8.430547744459689e-07,5.5579366175015505e-05,0.1748422983497666
153,30.620413609072713,0.08333333333333333,0.2,0.5,0.08333333333333333,0.0002452824280436264,0.9996989746134827,8.19520646604705e-07,5.4923437826984536e-05,0.1748422983497666
154,30.820547031354234,0.08333333333333333,0.2,0.5,0.08333333333333333,0.000235684617689882,0.9997092435194486,7.96638332163804e-07,5.427522452940663e-05,0.1748422983497666
155,31.020680453635755,0.08333333333333333,0.2,0.5,0.08333333333333333,0.0002264623965159201,0.9997191285776349,7.743900255487114e-07,5.363463582365297e-05,0.1748422983497666
156,31.220813875917276,0.08333333333333333,0.2,0.5,0.08333333333333333,0.00021760133387988367,0.9997286443252335,7.527584601156374e-07,5.3001582426603795e-05,0.1748422983497666
157,31.420947298198797,0.08333333333333333,0.2,0.5,0.08333333333333333,0.00020908707326954,0.9997378052240358,7.317267331617614e-07,5.237597596158891e-05,0.1748422983497666
158,31.621080720480318,0.08333333333333333,0.2,0.5,0.08333333333333333,0.00020090605819790796,0.999746624934184,7.112784401387453e-07,5.1757729177980284e-05,0.1748422983497666
159,31.82121414276184,0.08333333333333333,0.2,0.5,0.08333333333333333,0.00019304525970538196,0.9997551165868285,6.913976114712802e-07,5.1146755854730423e-05,0.1748422983497666
160,32.021347565043364,0.08333333333333333,0.2,0.5,0.08333333333333333,0.00018549216483232126,0.9997632927956756,6.720687025172002e-07,5.0542970789566205e-05,0.1748422983497666
161,32.22148098732488,0.08333333333333333,0.2,0.5,0.08333333333333333,0.00017823476509163993,0.9997711656685366,6.532765835275967e-07,4.9946289788182755e-05,0.1748422983497666
162,32.421614409606406,0.08333333333333333,0.2,0.5,0.08333333333333333,0.00017126147219983465,0.9997787468916365,6.350065293010309e-07,4.9356629634280145e-05,0.1748422983497666
163,32.62174783188792,0.08333333333333333,0.2,0.5,0.08333333333333333,0.00016456107538159308,0.9997860477723387,6.172442090125803e-07,4.8773908070549014e-05,0.1748422983497666
164,32.82188125416945,0.08333333333333333,0.2,0.5,0.08333333333333333,0.00015812289181864597,0.9997930790886739,5.999756768551032e-07,4.819804383052206e-05,0.1748422983497666
165,33.022014676450965,0.08333333333333333,0.2,0.5,0.08333333333333333,0.0001519366742209479,0.9997998511818107,5.831873616591432e-07,4.7628956606462004e-05,0.1748422983497666
166,33.22214809873249,0.08333333333333333,0.2,0.5,0.08333333333333333,0.00014599259599784448,0.9998063739709074,5.668660568391548e-07,4.706656703768582e-05,0.1748422983497666
167,33.42228152101401,0.08333333333333333,0.2,0.5,0.08333333333333333,0.00014028123776526418,0.9998126569666249,5.509989103453558e-07,4.651079669924116e-05,0.1748422983497666
168,33.62241494329553,0.08333333333333333,0.2,0.5,0.08333333333333333,0.00013479357385290649,0.9998187092846416,5.355734146155713e-07,4.59615680905824e-05,0.1748422983497666
169,33.82254836557705,0.08333333333333333,0.2,0.5,0.08333333333333333,0.00012952085136694802,0.9998245397666231,5.205774085564069e-07,4.541880460112699e-05,0.1748422983497666
170,34.02268178785857,0.08333333333333333,0.2,0.5,0.08333333333333333,0.00012445456348406266,0.9998301570069507,5.059990689744179e-07,4.488243049608823e-05,0.1748422983497666
171,34.22281521014009,0.08333333333333333,0.2,0.5,0.08333333333333333,0.0001195866285037252,0.9998355691736704,4.918268789709062e-07,4.4352370946584e-05,0.1748422983497666
172,34.422948632421615,0.08333333333333333,0.2,0.5,0.08333333333333333,0.00011490927326862898,0.9998407841251056,4.780496294352016e-07,4.382855199613039e-05,0.1748422983497666
173,34.62308205470313,0.08333333333333333,0.2,0.5,0.08333333333333333,0.00011041501640718585,0.9998458094266346,4.6465640936202323e-07,4.331090054861561e-05,0.1748422983497666
174,34.82321547698466,0.08333333333333333,0.2,0.5,0.08333333333333333,0.00010609665225854338,0.9998506523667887,4.516365960924206e-07,4.2799344356420455e-05,0.1748422983497666
175,35.023348899266175,0.08333333333333333,0.2,0.5,0.08333333333333333,0.00010194723479760462,0.9998553199733481,4.389798455547211e-07,4.2293812008539045e-05,0.1748422983497666
176,35.2234823215477,0.08333333333333333,0.2,0.5,0.08333333333333333,9.796017707613256e-05,0.9998598189138341,4.266761340988278e-07,4.179423295558135e-05,0.1748422983497666
177,35.42361574382922,0.08333333333333333,0.2,0.5,0.08333333333333333,9.412921847992028e-05,0.9998641555282861,4.147157412927465e-07,4.130053749257215e-05,0.1748422983497666
178,35.62374916611074,0.08333333333333333,0.2,0.5,0.08333333333333333,9.044824655767949e-05,0.9998683360075792,4.030891677659619e-07,4.081265669531749e-05,0.1748422983497666
179,35.82388258839226,0.08333333333333333,0.2,0.5,0.08333333333333333,8.691137487597958e-05,0.999872366315518,3.9178716740263524e-07,4.033052243851534e-05,0.1748422983497666
180,36.02401601067378,0.08333333333333333,0.2,0.5,0.08333333333333333,8.351292952796436e-05,0.9998762522023485,3.8080073873651267e-07,3.985406738470106e-05,0.1748422983497666
181,36.2241494329553,0.08333333333333333,0.2,0.5,0.08333333333333333,8.024743554168576e-05,0.9998799992183688,3.7012111630100343e-07,3.938322497316093e-05,0.1748422983497666
182,36.424282855236825,0.08333333333333333,0.2,0.5,0.08333333333333333,7.710960333116066e-05,0.9998836127274979,3.597397619969269e-07,3.891792940886031e-05,0.1748422983497666
183,36.62441627751834,0.08333333333333333,0.2,0.5,0.08333333333333333,7.40944828678352e-05,0.999887097752997,3.496484258417816e-07,3.845811570915608e-05,0.1748422983497666
184,36.82454969979987,0.08333333333333333,0.2,0.5,0.08333333333333333,7.119738670990359e-05,0.999890459054508,3.3983911110158906e-07,3.800371967087425e-05,0.1748422983497666
185,37.024683122081385,0.08333333333333333,0.2,0.5,0.08333333333333333,6.841369903568244e-05,0.9998937013191738,3.3030399226562065e-07,3.755467779811316e-05,0.1748422983497666
186,37.22481654436291,0.08333333333333333,0.2,0.5,0.08333333333333333,6.573897540353126e-05,0.9998968290618128,3.2103545328703865e-07,3.7110927330209504e-05,0.1748422983497666
187,37.42494996664443,0.08333333333333333,0.2,0.5,0.08333333333333333,6.31689324068816e-05,0.9998998466352809,3.12026080276047e-07,3.667240623177049e-05,0.1748422983497666
188,37.62508338892595,0.08333333333333333,0.2,0.5,0.08333333333333333,6.069943732926466e-05,0.9999027582408336,3.03268654193037e-07,3.6239053182705794e-05,0.1748422983497666
189,37.82521681120747,0.08333333333333333,0.2,0.5,0.08333333333333333,5.832649822203411e-05,0.9999055679380655,2.947561437602974e-07,3.581080756843554e-05,0.1748422983497666
190,38.02535023348899,0.08333333333333333,0.2,0.5,0.08333333333333333,5.604638046127757e-05,0.999908279528252,2.8648176377161954e-07,3.538760952270565e-05,0.1748422983497666
191,38.22548365577051,0.08333333333333333,0.2,0.5,0.08333333333333333,5.38555246577684e-05,0.9999108966365235,2.7843893068861516e-07,3.496939988777846e-05,0.1748422983497666
192,38.425617078052035,0.08333333333333333,0.2,0.5,0.08333333333333333,5.175043700461414e-05,0.9999134228216281,2.706212039855417e-07,3.455612016315888e-05,0.1748422983497666
193,38.62575050033355,0.08333333333333333,0.2,0.5,0.08333333333333333,4.972775080001654e-05,0.9999158615143583,2.630223160027051e-07,3.414771252551916e-05,0.1748422983497666
194,38.82588392261508,0.08333333333333333,0.2,0.5,0.08333333333333333,4.7784218354698155e-05,0.9999182160256597,2.556361658042412e-07,3.374411981966767e-05,0.1748422983497666
195,39.026017344896594,0.08333333333333333,0.2,0.5,0.08333333333333333,4.591670289933015e-05,0.999920489554738,2.484568130359013e-07,3.334528554951794e-05,0.1748422983497666
196,39.22615076717812,0.08333333333333333,0.2,0.5,0.08333333333333333,4.41221716915471e-05,0.9999226851959665,2.414784723567395e-07,3.2951153869523856e-05,0.1748422983497666
197,39.426284189459636,0.08333333333333333,0.2,0.5,0.08333333333333333,4.239781502425617e-05,0.9999248058197825,2.3469556810436321e-07,3.256166962506595e-05,0.1748422983497666
198,39.62641761174116,0.08333333333333333,0.2,0.5,0.08333333333333333,4.0740946919773156e-05,0.9999268541720876,2.28102684514552e-07,3.217677830795618e-05,0.1748422983497666
199,39.82655103402268,0.08333333333333333,0.2,0.5,0.08333333333333333,3.9148925232549686e-05,0.9999288329542225,2.2169452522631614e-07,3.179642601948904e-05,0.1748422983497666
200,40.0266844563042,0.08333333333333333,0.2,0.5,0.08333333333333333,3.761920470966592e-05,0.9999307447698685,2.1546593639646164e-07,3.142055948518687e-05,0.1748422983497666
201,40.22681787858572,0.08333333333333333,0.2,0.5,0.08333333333333333,3.614933100600754e-05,0.9999325921310457,2.0941190156576283e-07,3.1049126046588444e-05,0.1748422983497666
202,40.426951300867245,0.08333333333333333,0.2,0.5,0.08333333333333333,3.473693469944187e-05,0.9999343774641108,2.035275365251311e-07,3.0682073653037196e-05,0.1748422983497666
203,40.62708472314876,0.08333333333333333,0.2,0.5,0.08333333333333333,3.337972756434308e-05,0.9999361031134955,1.9780808551954797e-07,3.031935085457023e-05,0.1748422983497666
204,40.82721814543029,0.08333333333333333,0.2,0.5,0.08333333333333333,3.2075615513503156e-05,0.9999377712286482,1.9224898656195095e-07,2.9960906851655517e-05,0.1748422983497666
205,41.027351567711804,0.08333333333333333,0.2,0.5,0.08333333333333333,3.082257651830515e-05,0.9999393838862537,1.868457975290999e-07,2.9606691430411323e-05,0.1748422983497666
206,41.22748498999333,0.08333333333333333,0.2,0.5,0.08333333333333333,2.9618612663256075e-05,0.9999409431382367,1.8159416617184175e-07,2.925665493394852e-05,0.1748422983497666
207,41.427618412274846,0.08333333333333333,0.2,0.5,0.08333333333333333,2.846179602107976e-05,0.9999424509658439,1.7648985570114316e-07,2.891074827942868e-05,0.1748422983497666
208,41.62775183455637,0.08333333333333333,0.2,0.5,0.08333333333333333,2.7350263648669425e-05,0.9999439092846608,1.7152874023523472e-07,2.8568922950330276e-05,0.1748422983497666
209,41.82788525683789,0.08333333333333333,0.2,0.5,0.08333333333333333,2.6282212583040855e-05,0.9999453199496281,1.6670680024675804e-07,2.8231130988715122e-05,0.1748422983497666
210,42.02801867911941,0.08333333333333333,0.2,0.5,0.08333333333333333,2.525589483728497e-05,0.9999466847600573,1.6202011800991e-07,2.7897324987494565e-05,0.1748422983497666
211,42.22815210140093,0.08333333333333333,0.2,0.5,0.08333333333333333,2.4269612396521003e-05,0.9999480054646479,1.5746487304758968e-07,2.756745808269592e-05,0.1748422983497666
212,42.428285523682455,0.08333333333333333,0.2,0.5,0.08333333333333333,2.3321736948351958e-05,0.9999492837417396,1.5303735335426622e-07,2.7241483958831352e-05,0.1748422983497666
213,42.62841894596397,0.08333333333333333,0.2,0.5,0.08333333333333333,2.2410906709158042e-05,0.9999505210022633,1.4873407957098608e-07,2.691935694808042e-05,0.1748422983497666
214,42.8285523682455,0.08333333333333333,0.2,0.5,0.08333333333333333,2.153571738380976e-05,0.9999517186991482,1.4455160651749688e-07,2.660103186149836e-05,0.1748422983497666
215,43.028685790527014,0.08333333333333333,0.2,0.5,0.08333333333333333,2.0694776180151912e-05,0.9999528782732511,1.4048655628155053e-07,2.6286464012546555e-05,0.1748422983497666
216,43.22881921280854,0.08333333333333333,0.2,0.5,0.08333333333333333,1.988674008230485e-05,0.9999540011150442,1.365356412684412e-07,2.5975609232284173e-05,0.1748422983497666
217,43.428952635090056,0.08333333333333333,0.2,0.5,0.08333333333333333,1.911031244437452e-05,0.9999550885680325,1.3269566066720528e-07,2.5668423862480967e-05,0.1748422983497666
218,43.62908605737158,0.08333333333333333,0.2,0.5,0.08333333333333333,1.8364239584162028e-05,0.9999561419321702,1.2896349691681897e-07,2.536486474872988e-05,0.1748422983497666
219,43.8292194796531,0.08333333333333333,0.2,0.5,0.08333333333333333,1.7647307376873695e-05,0.9999571624672773,1.253361121723981e-07,2.5064889233559836e-05,0.1748422983497666
220,44.02935290193462,0.08333333333333333,0.2,0.5,0.08333333333333333,1.6958337848830644e-05,0.9999581513964568,1.2181054477139586e-07,2.4768455149548355e-05,0.1748422983497666
221,44.22948632421614,0.08333333333333333,0.2,0.5,0.08333333333333333,1.629622479472893e-05,0.9999591098704304,1.1838393501860083e-07,2.4475520839853284e-05,0.1748422983497666
222,44.429619746497664,0.08333333333333333,0.2,0.5,0.08333333333333333,1.5660011122419042e-05,0.9999600388900871,1.1505358232145218e-07,2.4186045208063193e-05,0.1748422983497666
223,44.62975316877918,0.08333333333333333,0.2,0.5,0.08333333333333333,1.5048696298525134e-05,0.9999609394993234,1.1181679954731461e-07,2.3899987578409858e-05,0.1748422983497666
224,44.829886591060706,0.08333333333333333,0.2,0.5,0.08333333333333333,1.4461308154006421e-05,0.9999618127131382,1.0867096599712145e-07,2.3617307741726648e-05,0.1748422983497666
225,45.030020013342224,0.08333333333333333,0.2,0.5,0.08333333333333333,1.3896908519350238e-05,0.999962659511995,1.0561353066453438e-07,2.333796595491409e-05,0.1748422983497666
226,45.23015343562375,0.08333333333333333,0.2,0.5,0.08333333333333333,1.3354590760580992e-05,0.9999634808442953,1.0264200941010052e-07,2.306192293471457e-05,0.1748422983497666
227,45.430286857905266,0.08333333333333333,0.2,0.5,0.08333333333333333,1.2833477315269416e-05,0.9999642776288511,9.975398213541131e-08,2.27891398514872e-05,0.1748422983497666
228,45.63042028018679,0.08333333333333333,0.2,0.5,0.08333333333333333,1.2332717228541532e-05,0.9999650507573585,9.694708995725959e-08,2.2519578322982533e-05,0.1748422983497666
229,45.83055370246831,0.08333333333333333,0.2,0.5,0.08333333333333333,1.1851483689087893e-05,0.9999658010968705,9.421903238179847e-08,2.22532004081174e-05,0.1748422983497666
230,46.03068712474983,0.08333333333333333,0.2,0.5,0.08333333333333333,1.1389027669874291e-05,0.9999665294360673,9.156761272251287e-08,2.1989968650125302e-05,0.1748422983497666
231,46.23082054703135,0.08333333333333333,0.2,0.5,0.08333333333333333,1.0944671701266444e-05,0.9999672364914997,8.899073203871535e-08,2.1729846067019685e-05,0.1748422983497666
232,46.430953969312874,0.08333333333333333,0.2,0.5,0.08333333333333333,1.0517708966501172e-05,0.9999679230086731,8.648630166177033e-08,2.147279605873479e-05,0.1748422983497666
233,46.63108739159439,0.08333333333333333,0.2,0.5,0.08333333333333333,1.0107456996483855e-05,0.9999685897082645,8.405228865957555e-08,2.1218782450323794e-05,0.1748422983497666
234,46.831220813875916,0.08333333333333333,0.2,0.5,0.08333333333333333,9.713256209089568e-06,0.9999692372875904,8.16867138734392e-08,2.096776948661645e-05,0.1748422983497666
235,47.03135423615743,0.08333333333333333,0.2,0.5,0.08333333333333333,9.334468134695168e-06,0.9999698664223889,7.938764968515175e-08,2.0719721826600793e-05,0.1748422983497666
236,47.23148765843896,0.08333333333333333,0.2,0.5,0.08333333333333333,8.970473641711134e-06,0.9999704777686026,7.715321778405627e-08,2.047460453780467e-05,0.1748422983497666
237,47.431621080720475,0.08333333333333333,0.2,0.5,0.08333333333333333,8.62067116211362e-06,0.9999710719641601,7.498158693412024e-08,2.0232383090677404e-05,0.1748422983497666
238,47.631754503002,0.08333333333333333,0.2,0.5,0.08333333333333333,8.284476574736957e-06,0.9999716496290986,7.287097211923039e-08,1.999302335446275e-05,0.1748422983497666
239,47.83188792528352,0.08333333333333333,0.2,0.5,0.08333333333333333,7.961394890131136e-06,0.9999722112937587,7.081969338267594e-08,1.9756491657667956e-05,0.1748422983497666
240,48.03202134756504,0.08333333333333333,0.2,0.5,0.08333333333333333,7.650944014239286e-06,0.9999727574751585,6.882611168832776e-08,1.9522754715455984e-05,0.1748422983497666
241,48.23215476984656,0.08333333333333333,0.2,0.5,0.08333333333333333,7.35263093044128e-06,0.9999732887008568,6.688860836125547e-08,1.9291779604195855e-05,0.1748422983497666
242,48.432288192128084,0.08333333333333333,0.2,0.5,0.08333333333333333,7.06598046433314e-06,0.9999738054801439,6.500560824443331e-08,1.9063533783318704e-05,0.1748422983497666
243,48.6324216144096,0.08333333333333333,0.2,0.5,0.08333333333333333,6.790534107406708e-06,0.9999743083052242,6.317557796309816e-08,1.8837985090237568e-05,0.1748422983497666
244,48.832555036691126,0.08333333333333333,0.2,0.5,0.08333333333333333,6.525848840729143e-06,0.9999747976523996,6.139702418910634e-08,1.861510173526706e-05,0.1748422983497666
245,49.03268845897264,0.08333333333333333,0.2,0.5,0.08333333333333333,6.271495958622584e-06,0.9999752739832527,5.966849190529158e-08,1.8394852296543143e-05,0.1748422983497666
246,49.23282188125417,0.08333333333333333,0.2,0.5,0.08333333333333333,6.027059892343648e-06,0.9999757377458297,5.798856266982186e-08,1.8177205714942828e-05,0.1748422983497666
247,49.432955303535685,0.08333333333333333,0.2,0.5,0.08333333333333333,5.791856294443496e-06,0.9999761896585235,5.635540520038067e-08,1.796212977651179e-05,0.1748422983497666
248,49.63308872581721,0.08333333333333333,0.2,0.5,0.08333333333333333,5.566248959991837e-06,0.9999766293842214,5.4768848865639293e-08,1.7749597969447052e-05,0.1748422983497666
249,49.83322214809873,0.08333333333333333,0.2,0.5,0.08333333333333333,5.349410112093896e-06,0.9999770577852307,5.3226854976549834e-08,1.753957780183977e-05,0.1748422983497666
250,50.03335557038025,0.08333333333333333,0.2,0.5,0.08333333333333333,5.1410155197034326e-06,0.9999774752165094,5.1728201485979594e-08,1.7332039769013457e-05,0.1748422983497666
251,50.23348899266177,0.08333333333333333,0.2,0.5,0.08333333333333333,4.940747596278043e-06,0.9999778820260299,5.027169123713676e-08,1.7126954682109322e-05,0.1748422983497666
252,50.433622414943294,0.08333333333333333,0.2,0.5,0.08333333333333333,4.748295399779105e-06,0.9999782785547797,4.8856151963569986e-08,1.6924293668086216e-05,0.1748422983497666
253,50.63375583722481,0.08333333333333333,0.2,0.5,0.08333333333333333,4.563354632671831e-06,0.9999786651367608,4.748043628916881e-08,1.672402816972069e-05,0.1748422983497666
254,50.833889259506336,0.08333333333333333,0.2,0.5,0.08333333333333333,4.385627641925217e-06,0.9999790420989902,4.614342172816323e-08,1.6526129945606935e-05,0.1748422983497666
255,51.03402268178785,0.08333333333333333,0.2,0.5,0.08333333333333333,4.214823419012093e-06,0.9999794097614997,4.4844010685124146e-08,1.6330571070156835e-05,0.1748422983497666
256,51.23415610406938,0.08333333333333333,0.2,0.5,0.08333333333333333,4.050672465118473e-06,0.9999797684224419,4.3581146853025856e-08,1.6137323945621577e-05,0.1748422983497666
257,51.4342895263509,0.08333333333333333,0.2,0.5,0.08333333333333333,3.8929499290715105e-06,0.9999801183349089,4.235384073708459e-08,1.5946361320803578e-05,0.1748422983497666
258,51.63442294863242,0.08333333333333333,0.2,0.5,0.08333333333333333,3.7414050838415164e-06,0.9999804597775898,4.116109185909945e-08,1.5757656234023365e-05,0.1748422983497666
259,51.834556370913944,0.08333333333333333,0.2,0.5,0.08333333333333333,3.595792456399748e-06,0.9999807930235818,4.000192309732299e-08,1.55711820382946e-05,0.1748422983497666
260,52.03468979319546,0.08333333333333333,0.2,0.5,0.08333333333333333,3.455874634729312e-06,0.9999811183375774,3.8875383782922475e-08,1.5386912403594174e-05,0.1748422983497666
261,52.234823215476986,0.08333333333333333,0.2,0.5,0.08333333333333333,3.321422267825118e-06,0.9999814359758652,3.778054969997952e-08,1.5204821316862186e-05,0.1748422983497666
262,52.4349566377585,0.08333333333333333,0.2,0.5,0.08333333333333333,3.1922140656939248e-06,0.9999817461863288,3.6716523085490454e-08,1.5024883082001965e-05,0.1748422983497666
263,52.63509006004003,0.08333333333333333,0.2,0.5,0.08333333333333333,3.0680367993542947e-06,0.9999820492084477,3.568243262936599e-08,1.484707231988003e-05,0.1748422983497666
264,52.835223482321545,0.08333333333333333,0.2,0.5,0.08333333333333333,2.948685300836636e-06,0.999982345273297,3.467743347443151e-08,1.467136396832614e-05,0.1748422983497666
265,53.03535690460307,0.08333333333333333,0.2,0.5,0.08333333333333333,2.8339624631831643e-06,0.9999826346035471,3.37007072164268e-08,1.4497733282133246e-05,0.1748422983497666
266,53.23549032688459,0.08333333333333333,0.2,0.5,0.08333333333333333,2.7236792404479393e-06,0.9999829174134642,3.275146190400632e-08,1.432615583305754e-05,0.1748422983497666
267,53.43562374916611,0.08333333333333333,0.2,0.5,0.08333333333333333,2.617656300839494e-06,0.9999831939073512,3.1828923808342115e-08,1.4156607423653251e-05,0.1748422983497666
268,53.63575717144763,0.08333333333333333,0.2,0.5,0.08333333333333333,2.5157323191716253e-06,0.9999834642717292,3.093229613802407e-08,1.398906365505335e-05,0.1748422983497666
269,53.835890593729154,0.08333333333333333,0.2,0.5,0.08333333333333333,2.4177478577439334e-06,0.9999837286905354,3.006083929029988e-08,1.3823500767130692e-05,0.1748422983497666
270,54.03602401601067,0.08333333333333333,0.2,0.5,0.08333333333333333,2.323550241693411e-06,0.9999839873405268,2.9213846578470907e-08,1.3659895384384858e-05,0.1748422983497666
271,54.236157438292196,0.08333333333333333,0.2,0.5,0.08333333333333333,2.2329951701158763e-06,0.9999842403897612,2.8390636210703432e-08,1.349822443196719e-05,0.1748422983497666
272,54.43629086057371,0.08333333333333333,0.2,0.5,0.08333333333333333,2.145946716065998e-06,0.9999844879975964,2.7590551290028903e-08,1.3338465135680831e-05,0.1748422983497666
273,54.63642428285524,0.08333333333333333,0.2,0.5,0.08333333333333333,2.0622773265572687e-06,0.9999847303146912,2.6812959814343693e-08,1.3180595021980686e-05,0.1748422983497666
274,54.836557705136755,0.08333333333333333,0.2,0.5,0.08333333333333333,1.9818678225620326e-06,0.9999849674830043,2.6057254676409335e-08,1.3024591917973462e-05,0.1748422983497666
275,55.03669112741828,0.08333333333333333,0.2,0.5,0.08333333333333333,1.9046073990114582e-06,0.9999851996357954,2.53228536638523e-08,1.2870433951417628e-05,0.1748422983497666
276,55.2368245496998,0.08333333333333333,0.2,0.5,0.08333333333333333,1.8303936247955645e-06,0.9999854268976245,2.4609199459164202e-08,1.2718099550723455e-05,0.1748422983497666
277,55.43695797198132,0.08333333333333333,0.2,0.5,0.08333333333333333,1.7591324427631963e-06,0.9999856493843521,2.3915759639701606e-08,1.2567567444952975e-05,0.1748422983497666
278,55.63709139426284,0.08333333333333333,0.2,0.5,0.08333333333333333,1.6907325459865172e-06,0.9999858672088419,2.3242014331280993e-08,1.2418816597364608e-05,0.1748422983497666
279,55.837224816544364,0.08333333333333333,0.2,0.5,0.08333333333333333,1.6250162481846824e-06,0.9999860805713386,2.258726053221554e-08,1.2271825152173154e-05,0.1748422983497666
280,56.03735823882588,0.08333333333333333,0.2,0.5,0.08333333333333333,1.5618498877108475e-06,0.9999862896272379,2.1950898403532243e-08,1.2126571975527546e-05,0.1748422983497666
281,56.237491661107406,0.08333333333333333,0.2,0.5,0.08333333333333333,1.5011341380424394e-06,0.9999864944969105,2.1332409996525293e-08,1.1983036541010342e-05,0.1748422983497666
282,56.43762508338892,0.08333333333333333,0.2,0.5,0.08333333333333333,1.44277506285165e-06,0.9999866952950534,2.0731295706768484e-08,1.1841198587596898e-05,0.1748422983497666
283,56.63775850567045,0.08333333333333333,0.2,0.5,0.08333333333333333,1.386684116005418e-06,0.9999868921306896,2.014707427411509e-08,1.1701038119655338e-05,0.1748422983497666
284,56.837891927951965,0.08333333333333333,0.2,0.5,0.08333333333333333,1.3327781415654468e-06,0.9999870851071683,1.9579282782698002e-08,1.1562535406946585e-05,0.1748422983497666
285,57.03802535023349,0.08333333333333333,0.2,0.5,0.08333333333333333,1.2809793737881874e-06,0.9999872743221645,1.9027476660929577e-08,1.1425670984624331e-05,0.1748422983497666
286,57.23815877251501,0.08333333333333333,0.2,0.5,0.08333333333333333,1.2312154371248539e-06,0.9999874598676796,1.849122968150179e-08,1.1290425653235066e-05,0.1748422983497666
287,57.43829219479653,0.08333333333333333,0.2,0.5,0.08333333333333333,1.1834193462214096e-06,0.9999876418300406,1.7970133961386085e-08,1.115678047871805e-05,0.1748422983497666
288,57.63842561707805,0.08333333333333333,0.2,0.5,0.08333333333333333,1.1375295059185804e-06,0.9999878202899013,1.746379996183353e-08,1.102471679240534e-05,0.1748422983497666
289,57.83855903935957,0.08333333333333333,0.2,0.5,0.08333333333333333,1.0934892689803627e-06,0.9999879953226912,1.697185541343418e-08,1.0894216184040202e-05,0.1748422983497666
290,58.03869246164109,0.08333333333333333,0.2,0.5,0.08333333333333333,1.051191654047542e-06,0.9999881670549056,1.6493810953146893e-08,1.076525962911203e-05,0.1748422983497666
291,58.238825883922615,0.08333333333333333,0.2,0.5,0.08333333333333333,1.0105347952009412e-06,0.9999883356076454,1.602919489441891e-08,1.0637828364165795e-05,0.1748422983497666
292,58.43895930620413,0.08333333333333333,0.2,0.5,0.08333333333333333,9.714522567970588e-07,0.9999885010657507,1.557762690736999e-08,1.0511904365342596e-05,0.1748422983497666
293,58.63909272848566,0.08333333333333333,0.2,0.5,0.08333333333333333,9.338809302156795e-07,0.9999886635104879,1.5138739991862767e-08,1.0387469841607718e-05,0.1748422983497666
294,58.839226150767175,0.08333333333333333,0.2,0.5,0.08333333333333333,8.977610338598834e-07,0.9999888230195507,1.4712180477502859e-08,1.0264507234750672e-05,0.1748422983497666
295,59.0393595730487,0.08333333333333333,0.2,0.5,0.08333333333333333,8.630361131560371e-07,0.9999889796670592,1.4297608023638756e-08,1.014299921938515e-05,0.1748422983497666
296,59.23949299533022,0.08333333333333333,0.2,0.5,0.08333333333333333,8.29653040553803e-07,0.9999891335235607,1.3894695619361938e-08,1.0022928702949069e-05,0.1748422983497666
297,59.43962641761174,0.08333333333333333,0.2,0.5,0.08333333333333333,7.975620155261294e-07,0.9999892846560291,1.3503129583506747e-08,9.904278825704525e-06,0.1748422983497666
298,59.63975983989326,0.08333333333333333,0.2,0.5,0.08333333333333333,7.667165645692603e-07,0.999989433127865,1.3122609564650517e-08,9.787032960737844e-06,0.1748422983497666
299,59.83989326217478,0.08333333333333333,0.2,0.5,0.08333333333333333,7.370735412027263e-07,0.9999895789988963,1.2752848541113457e-08,9.671174713959533e-06,0.1748422983497666
300,60.0400266844563,0.08333333333333333,0.2,0.5,0.08333333333333333,7.085931259693532e-07,0.9999897223253771,1.2393572820958751e-08,9.55668792410432e-06,0.1748422983497666
301,60.240160106737825,0.08333333333333333,0.2,0.5,0.08333333333333333,6.80082872537455e-07,0.9999898644165701,1.2039828273050673e-08,9.443460729054865e-06,0.1748422983497666
302,60.44029352901934,0.08333333333333333,0.2,0.5,0.08333333333333333,6.541411420592131e-07,0.9999900024574947,1.170206762214345e-08,9.331699295663484e-06,0.1748422983497666
303,60.64042695130087,0.08333333333333333,0.2,0.5,0.08333333333333333,6.290993334633123e-07,0.9999901382757241,1.1373400384520278e-08,9.221251542127433e-06,0.1748422983497666
304,60.840560373582385,0.08333333333333333,0.2,0.5,0.08333333333333333,6.049402960178758e-07,0.9999902719024132,1.1053646806282022e-08,9.112103644118765e-06,0.1748422983497666
305,61.04069379586391,0.08333333333333333,0.2,0.5,0.08333333333333333,5.81646878991023e-07,0.9999904033687167,1.074262713352949e-08,9.00424177730951e-06,0.1748422983497666
306,61.24082721814543,0.08333333333333333,0.2,0.5,0.08333333333333333,5.59201931650877e-07,0.9999905327057895,1.0440161612363544e-08,8.897652117371717e-06,0.1748422983497666
307,61.44096064042695,0.08333333333333333,0.2,0.5,0.08333333333333333,5.375883032655574e-07,0.9999906599447865,1.0146070488884997e-08,8.792320839977424e-06,0.1748422983497666
308,61.64109406270847,0.08333333333333333,0.2,0.5,0.08333333333333333,5.167888431031872e-07,0.9999907851168623,9.860174009194703e-09,8.688234120798678e-06,0.1748422983497666
309,61.84122748498999,0.08333333333333333,0.2,0.5,0.08333333333333333,4.96786400431886e-07,0.9999909082531719,9.582292419393481e-09,8.585378135507513e-06,0.1748422983497666
310,62.04136090727151,0.08333333333333333,0.2,0.5,0.08333333333333333,4.775638245197765e-07,0.9999910293848701,9.312245965582188e-09,8.483739059775977e-06,0.1748422983497666
311,62.241494329553035,0.08333333333333333,0.2,0.5,0.08333333333333333,4.5910396463497884e-07,0.9999911485431114,9.049854893861635e-09,8.383303069276107e-06,0.1748422983497666
312,62.44162775183455,0.08333333333333333,0.2,0.5,0.08333333333333333,4.4137975959872807e-07,0.9999912657686829,8.794921904163217e-09,8.284056635892767e-06,0.1748422983497666
313,62.64176117411608,0.08333333333333333,0.2,0.5,0.08333333333333333,4.243435626028729e-07,0.9999913811223776,8.547213250136316e-09,8.185986846793583e-06,0.1748422983497666
314,62.841894596397594,0.08333333333333333,0.2,0.5,0.08333333333333333,4.079710859027149e-07,0.9999914946422869,8.306536541999886e-09,8.089080090968398e-06,0.1748422983497666
315,63.04202801867912,0.08333333333333333,0.2,0.5,0.08333333333333333,3.922396228323181e-07,0.9999916063649651,8.072702189228653e-09,7.993322710150262e-06,0.1748422983497666
316,63.242161440960636,0.08333333333333333,0.2,0.5,0.08333333333333333,3.7712646672574866e-07,0.9999917163269669,7.845520601297367e-09,7.898701046072242e-06,0.1748422983497666
317,63.44229486324216,0.08333333333333333,0.2,0.5,0.08333333333333333,3.626089109170706e-07,0.9999918245648467,7.624802187680755e-09,7.805201440467384e-06,0.1748422983497666
318,63.64242828552368,0.08333333333333333,0.2,0.5,0.08333333333333333,3.4866424874035016e-07,0.9999919311151592,7.410357357853571e-09,7.712810235068755e-06,0.1748422983497666
319,63.8425617078052,0.08333333333333333,0.2,0.5,0.08333333333333333,3.352697735296513e-07,0.9999920360144586,7.201996521290537e-09,7.621513771609407e-06,0.1748422983497666
320,64.04269513008673,0.08333333333333333,0.2,0.5,0.08333333333333333,3.2240277861903984e-07,0.9999921392992998,6.999530087466403e-09,7.531298391822398e-06,0.1748422983497666
321,64.24282855236824,0.08333333333333333,0.2,0.5,0.08333333333333333,3.100405573425816e-07,0.9999922410062371,6.8027684658559195e-09,7.442150437440792e-06,0.1748422983497666
322,64.44296197464976,0.08333333333333333,0.2,0.5,0.08333333333333333,2.981604030343401e-07,0.9999923411718251,6.611522065933799e-09,7.354056250197634e-06,0.1748422983497666
323,64.64309539693129,0.08333333333333333,0.2,0.5,0.08333333333333333,2.8673960902838116e-07,0.9999924398326182,6.425601297174793e-09,7.267002171825989e-06,0.1748422983497666
324,64.84322881921281,0.08333333333333333,0.2,0.5,0.08333333333333333,2.7575546865877e-07,0.9999925370251711,6.244816569053643e-09,7.1809745440589115e-06,0.1748422983497666
325,65.04336224149432,0.08333333333333333,0.2,0.5,0.08333333333333333,2.651852789171187e-07,0.9999926327860333,6.0689783228664445e-09,7.095959709805671e-06,0.1748422983497666
326,65.24349566377585,0.08333333333333333,0.2,0.5,0.08333333333333333,2.550253107805096e-07,0.9999927271265139,5.898062077181004e-09,7.01195011367769e-06,0.1748422983497666
327,65.44362908605737,0.08333333333333333,0.2,0.5,0.08333333333333333,2.452742550098414e-07,0.9999928200547026,5.732064403143222e-09,6.928938978446602e-06,0.1748422983497666
328,65.6437625083389,0.08333333333333333,0.2,0.5,0.08333333333333333,2.3591454085589067e-07,0.9999929116003217,5.570840393677179e-09,6.846914297466533e-06,0.1748422983497666
329,65.8438959306204,0.08333333333333333,0.2,0.5,0.08333333333333333,2.269285975694345e-07,0.9999930017930937,5.414245141706964e-09,6.765864064091618e-06,0.1748422983497666
330,66.04402935290193,0.08333333333333333,0.2,0.5,0.08333333333333333,2.1829885440124815e-07,0.9999930906627407,5.262133740156633e-09,6.685776271675969e-06,0.1748422983497666
331,66.24416277518345,0.08333333333333333,0.2,0.5,0.08333333333333333,2.1000774060210884e-07,0.999993178238985,5.114361281950278e-09,6.6066389135737196e-06,0.1748422983497666
332,66.44429619746498,0.08333333333333333,0.2,0.5,0.08333333333333333,2.0203768542279297e-07,0.9999932645515491,4.970782860011975e-09,6.528439983138996e-06,0.1748422983497666
333,66.64442961974649,0.08333333333333333,0.2,0.5,0.08333333333333333,1.9437111811407767e-07,0.9999933496301552,4.831253567265813e-09,6.451167473725932e-06,0.1748422983497666
334,66.84456304202801,0.08333333333333333,0.2,0.5,0.08333333333333333,1.8699046792673833e-07,0.9999934335045255,4.695628496635852e-09,6.374809378688641e-06,0.1748422983497666
335,67.04469646430954,0.08333333333333333,0.2,0.5,0.08333333333333333,1.7987816411155207e-07,0.9999935162043824,4.56376274104618e-09,6.2993536913812555e-06,0.1748422983497666
336,67.24482988659106,0.08333333333333333,0.2,0.5,0.08333333333333333,1.7301663591929536e-07,0.9999935977594482,4.4355113934208765e-09,6.224788405157903e-06,0.1748422983497666
337,67.44496330887257,0.08333333333333333,0.2,0.5,0.08333333333333333,1.663883126007452e-07,0.9999936781994452,4.310729546684028e-09,6.151101513372715e-06,0.1748422983497666
338,67.6450967311541,0.08333333333333333,0.2,0.5,0.08333333333333333,1.5997562340667713e-07,0.9999937575540956,4.189272293759695e-09,6.078281009379807e-06,0.1748422983497666
339,67.84523015343562,0.08333333333333333,0.2,0.5,0.08333333333333333,1.537640819368179e-07,0.9999938358493752,4.0710125187456195e-09,6.006315531068757e-06,0.1748422983497666
340,68.04536357571715,0.08333333333333333,0.2,0.5,0.08333333333333333,1.477820731005066e-07,0.9999939130591822,3.9560703964729996e-09,5.9352026751334424e-06,0.1748422983497666
341,68.24549699799866,0.08333333333333333,0.2,0.5,0.08333333333333333,1.4203409175819806e-07,0.9999939891864348,3.844428298944889e-09,5.8649350459716225e-06,0.1748422983497666
342,68.44563042028018,0.08333333333333333,0.2,0.5,0.08333333333333333,1.3651127382342903e-07,0.999994064250279,3.735991540947937e-09,5.795502456366036e-06,0.1748422983497666
343,68.6457638425617,0.08333333333333333,0.2,0.5,0.08333333333333333,1.3120475520973738e-07,0.999994138269861,3.630665437268813e-09,5.72689471909944e-06,0.1748422983497666
344,68.84589726484323,0.08333333333333333,0.2,0.5,0.08333333333333333,1.2610567183066062e-07,0.9999942112643267,3.528355302694183e-09,5.659101646954582e-06,0.1748422983497666
345,69.04603068712474,0.08333333333333333,0.2,0.5,0.08333333333333333,1.2120515959973662e-07,0.9999942832528221,3.428966452010716e-09,5.592113052714219e-06,0.1748422983497666
346,69.24616410940627,0.08333333333333333,0.2,0.5,0.08333333333333333,1.1649435443050219e-07,0.9999943542544931,3.332404200005063e-09,5.52591874916109e-06,0.1748422983497666
347,69.44629753168779,0.08333333333333333,0.2,0.5,0.08333333333333333,1.1196439223649517e-07,0.9999944242884858,3.2385738614638944e-09,5.460508549077948e-06,0.1748422983497666
348,69.64643095396931,0.08333333333333333,0.2,0.5,0.08333333333333333,1.076064089312531e-07,0.9999944933739461,3.1473807511738733e-09,5.395872265247546e-06,0.1748422983497666
349,69.84656437625083,0.08333333333333333,0.2,0.5,0.08333333333333333,1.0341154042831376e-07,0.99999456153002,3.0587301839216705e-09,5.331999710452637e-06,0.1748422983497666
350,70.04669779853235,0.08333333333333333,0.2,0.5,0.08333333333333333,9.937092264121407e-08,0.9999946287758535,2.972527474493937e-09,5.2688806974759625e-06,0.1748422983497666
351,70.24683122081387,0.08333333333333333,0.2,0.5,0.08333333333333333,9.547569148349184e-08,0.9999946951305926,2.888677937677343e-09,5.206505039100276e-06,0.1748422983497666
352,70.4469646430954,0.08333333333333333,0.2,0.5,0.08333333333333333,9.171698286868457e-08,0.9999947606133833,2.8070868882585516e-09,5.144862548108328e-06,0.1748422983497666
353,70.64709806537691,0.08333333333333333,0.2,0.5,0.08333333333333333,8.616482264976847e-08,0.9999948304103776,2.7035558602721448e-09,5.0807212449023e-06,0.1748422983497666
354,70.84723148765843,0.08333333333333333,0.2,0.5,0.08333333333333333,8.309256639928902e-08,0.9999948930638042,2.6315756604455114e-09,5.0212120548947635e-06,0.1748422983497666
355,71.04736490993996,0.08333333333333333,0.2,0.5,0.08333333333333333,8.009902769286289e-08,0.9999949550260877,2.5610394798010153e-09,4.96231384632314e-06,0.1748422983497666
356,71.24749833222148,0.08333333333333333,0.2,0.5,0.08333333333333333,7.71842065304901e-08,0.9999950162972282,2.4919473183386573e-09,4.904026619187429e-06,0.1748422983497666
357,71.44763175450299,0.08333333333333333,0.2,0.5,0.08333333333333333,7.434810291217081e-08,0.9999950768772258,2.424299176058441e-09,4.846350373487636e-06,0.1748422983497666
358,71.64776517678452,0.08333333333333333,0.2,0.5,0.08333333333333333,7.159071683790466e-08,0.9999951367660802,2.358095052960358e-09,4.7892851092237515e-06,0.1748422983497666
359,71.84789859906604,0.08333333333333333,0.2,0.5,0.08333333333333333,6.891204830769183e-08,0.9999951959637917,2.2933349490444123e-09,4.73283082639578e-06,0.1748422983497666
360,72.04803202134757,0.08333333333333333,0.2,0.5,0.08333333333333333,6.631209732153233e-08,0.9999952544703603,2.2300188643106044e-09,4.676987525003721e-06,0.1748422983497666
361,72.24816544362908,0.08333333333333333,0.2,0.5,0.08333333333333333,6.379086387942633e-08,0.9999953122857858,2.1681467987589388e-09,4.621755205047579e-06,0.1748422983497666
362,72.4482988659106,0.08333333333333333,0.2,0.5,0.08333333333333333,6.134834798137347e-08,0.9999953694100683,2.1077187523894058e-09,4.567133866527347e-06,0.1748422983497666
363,72.64843228819213,0.08333333333333333,0.2,0.5,0.08333333333333333,5.8984549627373945e-08,0.9999954258432077,2.048734725202011e-09,4.5131235094430275e-06,0.1748422983497666
364,72.84856571047365,0.08333333333333333,0.2,0.5,0.08333333333333333,5.6699468817427743e-08,0.9999954815852042,1.991194717196753e-09,4.459724133794621e-06,0.1748422983497666
365,73.04869913275516,0.08333333333333333,0.2,0.5,0.08333333333333333,5.449310555153502e-08,0.9999955366360577,1.935098728373637e-09,4.406935739582131e-06,0.1748422983497666
366,73.24883255503669,0.08333333333333333,0.2,0.5,0.08333333333333333,5.2365459829695463e-08,0.9999955909957681,1.8804467587326548e-09,4.35475832680555e-06,0.1748422983497666
367,73.44896597731821,0.08333333333333333,0.2,0.5,0.08333333333333333,5.0311588969283626e-08,0.9999956446874642,1.8271737965519956e-09,4.3031737746747664e-06,0.1748422983497666
368,73.64909939959973,0.08333333333333333,0.2,0.5,0.08333333333333333,4.8325004334973094e-08,0.9999956977415081,1.7751944960009152e-09,4.252158294650687e-06,0.1748422983497666
369,73.84923282188124,0.08333333333333333,0.2,0.5,0.08333333333333333,4.640567683249863e-08,0.9999957501580362,1.7245084743989112e-09,4.201711780068345e-06,0.1748422983497666
370,74.04936624416277,0.08333333333333333,0.2,0.5,0.08333333333333333,4.455360646185997e-08,0.9999958019370484,1.6751157317459761e-09,4.151834230927735e-06,0.1748422983497666
371,74.2494996664443,0.08333333333333333,0.2,0.5,0.08333333333333333,4.276879322305724e-08,0.9999958530785449,1.627016268042114e-09,4.102525647228862e-06,0.1748422983497666
372,74.44963308872582,0.08333333333333333,0.2,0.5,0.08333333333333333,4.105123711609045e-08,0.9999959035825253,1.5802100832873243e-09,4.053786028971724e-06,0.1748422983497666
373,74.64976651100733,0.08333333333333333,0.2,0.5,0.08333333333333333,3.940093814095971e-08,0.9999959534489901,1.5346971774816105e-09,4.0056153761563234e-06,0.1748422983497666
374,74.84989993328885,0.08333333333333333,0.2,0.5,0.08333333333333333,3.781789629766479e-08,0.9999960026779389,1.4904775506249662e-09,3.9580136887826565e-06,0.1748422983497666
375,75.05003335557038,0.08333333333333333,0.2,0.5,0.08333333333333333,3.63021115862058e-08,0.999996051269372,1.4475512027173946e-09,3.9109809668507244e-06,0.1748422983497666
376,75.2501667778519,0.08333333333333333,0.2,0.5,0.08333333333333333,3.485358400658275e-08,0.999996099223289,1.4059181337588956e-09,3.864517210360527e-06,0.1748422983497666
377,75.45030020013341,0.08333333333333333,0.2,0.5,0.08333333333333333,3.347231355879573e-08,0.9999961465396904,1.3655783437494722e-09,3.81862241931207e-06,0.1748422983497666
378,75.65043362241494,0.08333333333333333,0.2,0.5,0.08333333333333333,3.2158300242844543e-08,0.9999961932185758,1.3265318326891185e-09,3.7732965937053444e-06,0.1748422983497666
379,75.85056704469646,0.08333333333333333,0.2,0.5,0.08333333333333333,3.0911544058729293e-08,0.9999962392599454,1.2887786005778375e-09,3.728539733540354e-06,0.1748422983497666
380,76.05070046697799,0.08333333333333333,0.2,0.5,0.08333333333333333,2.9732045006449983e-08,0.9999962846637991,1.2523186474156291e-09,3.6843518388170995e-06,0.1748422983497666
381,76.2508338892595,0.08333333333333333,0.2,0.5,0.08333333333333333,2.8615106996495123e-08,0.9999963294483002,1.2170855677273623e-09,3.6407195089421194e-06,0.1748422983497666
382,76.45096731154102,0.08333333333333333,0.2,0.5,0.08333333333333333,2.7537197397132506e-08,0.9999963737044657,1.1827465962223704e-09,3.5975755920371967e-06,0.1748422983497666
383,76.65110073382255,0.08333333333333333,0.2,0.5,0.08333333333333333,2.6495078024846724e-08,0.9999964174448199,1.1492559430760818e-09,3.554910847737399e-06,0.1748422983497666
384,76.85123415610407,0.08333333333333333,0.2,0.5,0.08333333333333333,2.548874887963776e-08,0.9999964606693632,1.1166136082884968e-09,3.5127252760427265e-06,0.1748422983497666
385,77.0513675783856,0.08333333333333333,0.2,0.5,0.08333333333333333,2.4518209961505624e-08,0.9999965033780952,1.0848195918596152e-09,3.4710188769531795e-06,0.1748422983497666
386,77.2515010006671,0.08333333333333333,0.2,0.5,0.08333333333333333,2.3583461270450382e-08,0.999996545571016,1.0538738937894392e-09,3.4297916504687605e-06,0.1748422983497666
387,77.45163442294863,0.08333333333333333,0.2,0.5,0.08333333333333333,2.26845028064719e-08,0.9999965872481258,1.0237765140779644e-09,3.3890435965894636e-06,0.1748422983497666
388,77.65176784523015,0.08333333333333333,0.2,0.5,0.08333333333333333,2.182133456957024e-08,0.9999966284094244,9.945274527251932e-10,3.3487747153152922e-06,0.1748422983497666
389,77.85190126751168,0.08333333333333333,0.2,0.5,0.08333333333333333,2.0993956559745406e-08,0.9999966690549118,9.661267097311252e-10,3.308985006646246e-06,0.1748422983497666
390,78.05203468979319,0.08333333333333333,0.2,0.5,0.08333333333333333,2.0202368776997457e-08,0.999996709184588,9.385742850957627e-10,3.2696744705823277e-06,0.1748422983497666
391,78.25216811207471,0.08333333333333333,0.2,0.5,0.08333333333333333,1.9446571221326276e-08,0.9999967487984531,9.118701788191017e-10,3.230843107123532e-06,0.1748422983497666
392,78.45230153435624,0.08333333333333333,0.2,0.5,0.08333333333333333,1.872656389273192e-08,0.9999967878965071,8.860143909011441e-10,3.1924909162698613e-06,0.1748422983497666
393,78.65243495663776,0.08333333333333333,0.2,0.5,0.08333333333333333,1.8042346791214387e-08,0.99999682647875,8.610069213418901e-10,3.154617898021316e-06,0.1748422983497666
394,78.85256837891927,0.08333333333333333,0.2,0.5,0.08333333333333333,1.739391991677373e-08,0.9999968645451816,8.368477701413411e-10,3.1172240523778987e-06,0.1748422983497666
395,79.0527018012008,0.08333333333333333,0.2,0.5,0.08333333333333333,1.7403465921288934e-08,0.9999968989313948,8.238030605152924e-10,3.082841337806908e-06,0.1748422983497666
396,79.25283522348232,0.08333333333333333,0.2,0.5,0.08333333333333333,1.6691904483734766e-08,0.9999969366513618,7.991177245470015e-10,3.04585761760642e-06,0.1748422983497666
397,79.45296864576385,0.08333333333333333,0.2,0.5,0.08333333333333333,1.6014621084542146e-08,0.9999969738632085,7.752557555575744e-10,3.0093469161927047e-06,0.1748422983497666
398,79.65310206804536,0.08333333333333333,0.2,0.5,0.08333333333333333,1.5370316501372353e-08,0.999997010573543,7.521957161498528e-10,2.9733039464093457e-06,0.1748422983497666
399,79.85323549032688,0.08333333333333333,0.2,0.5,0.08333333333333333,1.4757691511886526e-08,0.9999970467889727,7.299161689266731e-10,2.937723421099919e-06,0.1748422983497666
400,80.0533689126084,0.08333333333333333,0.2,0.5,0.08333333333333333,1.417544689374594e-08,0.9999970825161059,7.083956764908766e-10,2.902600053108009e-06,0.1748422983497666
401,80.25350233488993,0.08333333333333333,0.2,0.5,0.08333333333333333,1.3622283424611832e-08,0.99999711776155,6.876128014453035e-10,2.867928555277196e-06,0.1748422983497666
402,80.45363575717144,0.08333333333333333,0.2,0.5,0.08333333333333333,1.3096901882145465e-08,0.999997152531913,6.675461063927947e-10,2.833703640451064e-06,0.1748422983497666
403,80.65376917945296,0.08333333333333333,0.2,0.5,0.08333333333333333,1.2598003044007998e-08,0.9999971868338028,6.481741539361873e-10,2.799920021473189e-06,0.1748422983497666
404,80.85390260173449,0.08333333333333333,0.2,0.5,0.08333333333333333,1.2124287687860698e-08,0.999997220673827,6.294755066783223e-10,2.7665724111871556e-06,0.1748422983497666
405,81.05403602401601,0.08333333333333333,0.2,0.5,0.08333333333333333,1.16744565913648e-08,0.9999972540585936,6.114287272220398e-10,2.733655522436544e-06,0.1748422983497666
406,81.25416944629752,0.08333333333333333,0.2,0.5,0.08333333333333333,1.1247210532181562e-08,0.9999972869947105,5.940123781701807e-10,2.701164068064938e-06,0.1748422983497666
407,81.45430286857905,0.08333333333333333,0.2,0.5,0.08333333333333333,1.0841250287972155e-08,0.9999973194887851,5.772050221255823e-10,2.669092760915914e-06,0.1748422983497666
408,81.65443629086057,0.08333333333333333,0.2,0.5,0.08333333333333333,1.0455276636397842e-08,0.9999973515474256,5.609852216910856e-10,2.637436313833056e-06,0.1748422983497666
409,81.8545697131421,0.08333333333333333,0.2,0.5,0.08333333333333333,1.0087990355119853e-08,0.9999973831772397,5.453315394695306e-10,2.6061894396599446e-06,0.1748422983497666
410,82.05470313542361,0.08333333333333333,0.2,0.5,0.08333333333333333,9.739119214145424e-09,0.9999974143860528,5.30230296776577e-10,2.5753445989927293e-06,0.1748422983497666
411,82.25483655770513,0.08333333333333333,0.2,0.5,0.08333333333333333,9.409732899262733e-09,0.9999974451832809,5.156779528215213e-10,2.544891309536705e-06,0.1748422983497666
412,82.45496997998666,0.08333333333333333,0.2,0.5,0.08333333333333333,9.098824627390052e-09,0.9999974755758786,5.016552795247531e-10,2.514823642801011e-06,0.1748422983497666
413,82.65510340226818,0.08333333333333333,0.2,0.5,0.08333333333333333,8.80530904118402e-09,0.9999975055707071,4.881424551945142e-10,2.4851358426122104e-06,0.1748422983497666
414,82.85523682454969,0.08333333333333333,0.2,0.5,0.08333333333333333,8.528100783301286e-09,0.999997535174628,4.751196581390474e-10,2.4558221527968684e-06,0.1748422983497666
415,83.05537024683122,0.08333333333333333,0.2,0.5,0.08333333333333333,8.266114496398444e-09,0.9999975643945024,4.62567066666593e-10,2.4268768171815455e-06,0.1748422983497666
416,83.25550366911274,0.08333333333333333,0.2,0.5,0.08333333333333333,8.018264823132143e-09,0.9999975932371918,4.504648590853938e-10,2.398294079592807e-06,0.1748422983497666
417,83.45563709139427,0.08333333333333333,0.2,0.5,0.08333333333333333,7.783466406159019e-09,0.9999976217095576,4.387932137036917e-10,2.3700681838572154e-06,0.1748422983497666
418,83.65577051367578,0.08333333333333333,0.2,0.5,0.08333333333333333,7.56063388813572e-09,0.9999976498184611,4.275323088297296e-10,2.342193373801338e-06,0.1748422983497666
419,83.8559039359573,0.08333333333333333,0.2,0.5,0.08333333333333333,7.3486819117188444e-09,0.9999976775707635,4.1666232277174775e-10,2.3146638932517334e-06,0.1748422983497666
420,84.05603735823883,0.08333333333333333,0.2,0.5,0.08333333333333333,7.146525119565041e-09,0.9999977049733264,4.0616343383798885e-10,2.2874739860349676e-06,0.1748422983497666
421,84.25617078052035,0.08333333333333333,0.2,0.5,0.08333333333333333,6.953078154330944e-09,0.999997732033011,3.96015820336695e-10,2.260617895977604e-06,0.1748422983497666
422,84.45630420280186,0.08333333333333333,0.2,0.5,0.08333333333333333,6.767255658673197e-09,0.9999977587566787,3.8619966057610876e-10,2.234089866906208e-06,0.1748422983497666
423,84.65643762508338,0.08333333333333333,0.2,0.5,0.08333333333333333,6.587972275248407e-09,0.9999977851511909,3.7669513286447065e-10,2.20788414264734e-06,0.1748422983497666
424,84.85657104736491,0.08333333333333333,0.2,0.5,0.08333333333333333,6.41414264671322e-09,0.9999978112234088,3.674824155100234e-10,2.181994967027565e-06,0.1748422983497666
425,85.05670446964643,0.08333333333333333,0.2,0.5,0.08333333333333333,6.244681415724267e-09,0.9999978369801938,3.58541686821009e-10,2.1564165838734467e-06,0.1748422983497666
426,85.25683789192794,0.08333333333333333,0.2,0.5,0.08333333333333333,6.078503224938193e-09,0.9999978624284075,3.4985312510566995e-10,2.131143237011551e-06,0.1748422983497666
427,85.45697131420947,0.08333333333333333,0.2,0.5,0.08333333333333333,5.914522717011607e-09,0.9999978875749109,3.413969086722469e-10,2.1061691702684366e-06,0.1748422983497666
428,85.657104736491,0.08333333333333333,0.2,0.5,0.08333333333333333,5.751654534601152e-09,0.9999979124265655,3.331532158289826e-10,2.0814886274706706e-06,0.1748422983497666
429,85.85723815877252,0.08333333333333333,0.2,0.5,0.08333333333333333,5.5888133203634625e-09,0.9999979369902328,3.251022248841189e-10,2.0570958524448155e-06,0.1748422983497666
430,86.05737158105403,0.08333333333333333,0.2,0.5,0.08333333333333333,5.4249137169551805e-09,0.999997961272774,3.1722411414589827e-10,2.032985089017437e-06,0.1748422983497666
431,86.25750500333555,0.08333333333333333,0.2,0.5,0.08333333333333333,5.258870367032916e-09,0.9999979852810503,3.094990619225617e-10,2.009150581015095e-06,0.1748422983497666
432,86.45763842561708,0.08333333333333333,0.2,0.5,0.08333333333333333,5.089597913253313e-09,0.9999980090219234,3.0190724652235155e-10,1.9855865722643553e-06,0.1748422983497666
433,86.6577718478986,0.08333333333333333,0.2,0.5,0.08333333333333333,4.916010998273003e-09,0.9999980325022543,2.944288462535098e-10,1.962287306591781e-06,0.1748422983497666
434,86.85790527018011,0.08333333333333333,0.2,0.5,0.08333333333333333,4.737024264748633e-09,0.9999980557289047,2.8704403942427896e-10,1.9392470278239378e-06,0.1748422983497666
435,87.05803869246164,0.08333333333333333,0.2,0.5,0.08333333333333333,4.551552355336808e-09,0.9999980787087356,2.797330043429e-10,1.9164599797873857e-06,0.1748422983497666
436,87.25817211474316,0.08333333333333333,0.2,0.5,0.08333333333333333,4.358509912694175e-09,0.9999981014486086,2.724759193176153e-10,1.89392040630869e-06,0.1748422983497666
437,87.45830553702469,0.08333333333333333,0.2,0.5,0.08333333333333333,4.156811579477364e-09,0.999998123955385,2.652529626566668e-10,1.8716225512144147e-06,0.1748422983497666
438,87.6584389593062,0.08333333333333333,0.2,0.5,0.08333333333333333,3.945371998343025e-09,0.9999981462359261,2.580443126682971e-10,1.8495606583311247e-06,0.1748422983497666
439,87.85857238158772,0.08333333333333333,0.2,0.5,0.08333333333333333,3.7231058119477586e-09,0.9999981682970933,2.50830147660747e-10,1.8277289714853802e-06,0.1748422983497666
440,88.05870580386924,0.08333333333333333,0.2,0.5,0.08333333333333333,3.4889276629482125e-09,0.999998190145748,2.4359064594225903e-10,1.8061217345037468e-06,0.1748422983497666
441,88.25883922615077,0.08333333333333333,0.2,0.5,0.08333333333333333,3.246991376650645e-09,0.9999982117682054,2.3638595766170593e-10,1.7847484181741977e-06,0.1748422983497666
442,88.45897264843228,0.08333333333333333,0.2,0.5,0.08333333333333333,3.00576387579941e-09,0.9999982331338662,2.2934206887482113e-10,1.7636310287072414e-06,0.1748422983497666
443,88.6591060707138,0.08333333333333333,0.2,0.5,0.08333333333333333,2.7652297863444085e-09,0.9999982542453959,2.224554903102119e-10,1.742766919688232e-06,0.1748422983497666
444,88.85923949299533,0.08333333333333333,0.2,0.5,0.08333333333333333,2.5252197028521212e-09,0.9999982751060638,2.157203815333238e-10,1.7221529970315677e-06,0.1748422983497666
445,89.05937291527685,0.08333333333333333,0.2,0.5,0.08333333333333333,2.2855642198890117e-09,0.9999982957191391,2.0913090210960194e-10,1.7017861666516442e-06,0.1748422983497666
446,89.25950633755836,0.08333333333333333,0.2,0.5,0.08333333333333333,2.0460939320215627e-09,0.9999983160878912,2.0268121160449178e-10,1.6816633344628592e-06,0.1748422983497666
447,89.45963975983989,0.08333333333333333,0.2,0.5,0.08333333333333333,1.8066394338162032e-09,0.9999983362155896,1.9636546958343758e-10,1.661781406379606e-06,0.1748422983497666
448,89.65977318212141,0.08333333333333333,0.2,0.5,0.08333333333333333,1.5670313198394143e-09,0.9999983561055035,1.9017783561188482e-10,1.6421372883162824e-06,0.1748422983497666
449,89.85990660440294,0.08333333333333333,0.2,0.5,0.08333333333333333,1.3271001846576597e-09,0.9999983757609021,1.8411246925527866e-10,1.6227278861872844e-06,0.1748422983497666
450,90.06004002668445,0.08333333333333333,0.2,0.5,0.08333333333333333,1.0866766228374223e-09,0.999998395185055,1.7816353007906455e-10,1.6035501059070092e-06,0.1748422983497666
451,90.26017344896597,0.08333333333333333,0.2,0.5,0.08333333333333333,8.455912289451318e-10,0.9999984143812313,1.7232517764868674e-10,1.5846008533898508e-06,0.1748422983497666
452,90.4603068712475,0.08333333333333333,0.2,0.5,0.08333333333333333,6.036745975472685e-10,0.9999984333527003,1.6659157152959075e-10,1.5658770345502064e-06,0.1748422983497666
453,90.66044029352902,0.08333333333333333,0.2,0.5,0.08333333333333333,3.60757323210297e-10,0.9999984521027315,1.6095687128722166e-10,1.5473755553024722e-06,0.1748422983497666
454,90.86057371581053,0.08333333333333333,0.2,0.5,0.08333333333333333,1.166700005006984e-10,0.9999984706345942,1.55415236487025e-10,1.529093321561046e-06,0.1748422983497666
455,91.06070713809206,0.08333333333333333,0.2,0.5,0.08333333333333333,-1.2875677601509504e-10,0.9999984889515579,1.4996082669444497e-10,1.5110272392403209e-06,0.1748422983497666
456,91.26084056037358,0.08333333333333333,0.2,0.5,0.08333333333333333,-3.756924117706063e-10,0.9999985070568915,1.445878014749271e-10,1.4931742142546946e-06,0.1748422983497666
457,91.4609739826551,0.08333333333333333,0.2,0.5,0.08333333333333333,-6.243063121993684e-10,0.9999985249538647,1.392903203939165e-10,1.475531152518563e-06,0.1748422983497666
458,91.66110740493662,0.08333333333333333,0.2,0.5,0.08333333333333333,-8.747678827349002e-10,0.9999985426457466,1.340625430168586e-10,1.4580949599463237e-06,0.1748422983497666
459,91.86124082721814,0.08333333333333333,0.2,0.5,0.08333333333333333,-1.1272465288107722e-09,0.9999985601358067,1.2889862890919774e-10,1.4408625424523708e-06,0.1748422983497666
460,92.06137424949966,0.08333333333333333,0.2,0.5,0.08333333333333333,-1.381911655860503e-09,0.9999985774273141,1.2379273763637937e-10,1.423830805951101e-06,0.1748422983497666
461,92.26150767178119,0.08333333333333333,0.2,0.5,0.08333333333333333,-1.6389326693176285e-09,0.9999985945235386,1.1873902876384862e-10,1.4069966563569107e-06,0.1748422983497666
462,92.4616410940627,0.08333333333333333,0.2,0.5,0.08333333333333333,-1.898478974615666e-09,0.9999986114277489,1.1373166185705088e-10,1.3903569995841974e-06,0.1748422983497666
463,92.66177451634422,0.08333333333333333,0.2,0.5,0.08333333333333333,-2.160719977188189e-09,0.9999986281432149,1.0876479648143057e-10,1.373908741547355e-06,0.1748422983497666
464,92.86190793862575,0.08333333333333333,0.2,0.5,0.08333333333333333,-2.4258250824687128e-09,0.9999986446732056,1.0383259220243308e-10,1.3576487881607803e-06,0.1748422983497666
465,93.06204136090727,0.08333333333333333,0.2,0.5,0.08333333333333333,-2.693963695890775e-09,0.9999986610209904,9.892920858550356e-11,1.3415740453388701e-06,0.1748422983497666
466,93.26217478318878,0.08333333333333333,0.2,0.5,0.08333333333333333,-2.9653052228878916e-09,0.9999986771898388,9.404880519608739e-11,1.3256814189960214e-06,0.1748422983497666
467,93.46230820547031,0.08333333333333333,0.2,0.5,0.08333333333333333,-3.2400190688936364e-09,0.9999986931830198,8.918554159962899e-11,1.3099678150466279e-06,0.1748422983497666
468,93.66244162775183,0.08333333333333333,0.2,0.5,0.08333333333333333,-3.5182746393415267e-09,0.999998709003803,8.433357736157378e-11,1.2944301394050874e-06,0.1748422983497666
469,93.86257505003336,0.08333333333333333,0.2,0.5,0.08333333333333333,-3.800241339665099e-09,0.9999987246554577,7.948707204736683e-11,1.2790652979857955e-06,0.1748422983497666
470,94.06270847231487,0.08333333333333333,0.2,0.5,0.08333333333333333,-4.086088575297867e-09,0.9999987401412531,7.464018522245361e-11,1.26387019670315e-06,0.1748422983497666
471,94.26284189459639,0.08333333333333333,0.2,0.5,0.08333333333333333,-4.375985751673408e-09,0.9999987554644586,6.97870764522785e-11,1.2488417414715444e-06,0.1748422983497666
472,94.46297531687792,0.08333333333333333,0.2,0.5,0.08333333333333333,-4.666150515050981e-09,0.9999987706168935,6.497224056964192e-11,1.2339842862420485e-06,0.1748422983497666
473,94.66310873915944,0.08333333333333333,0.2,0.5,0.08333333333333333,-4.9510933344409535e-09,0.9999987855854303,6.026191746301601e-11,1.2193054025501513e-06,0.1748422983497666
474,94.86324216144095,0.08333333333333333,0.2,0.5,0.08333333333333333,-5.230368655046894e-09,0.9999988003715566,5.5658099712516836e-11,1.2048031553500965e-06,0.1748422983497666
475,95.06337558372248,0.08333333333333333,0.2,0.5,0.08333333333333333,-5.503557784674884e-09,0.9999988149768378,5.1162437737663074e-11,1.1904755589671153e-06,0.1748422983497666
476,95.263509006004,0.08333333333333333,0.2,0.5,0.08333333333333333,-5.7702420311309415e-09,0.9999988294028391,4.677658195797439e-11,1.1763206277264428e-06,0.1748422983497666
477,95.46364242828552,0.08333333333333333,0.2,0.5,0.08333333333333333,-6.030002702221107e-09,0.999998843651126,4.250218279297009e-11,1.162336375953313e-06,0.1748422983497666
478,95.66377585056703,0.08333333333333333,0.2,0.5,0.08333333333333333,-6.2824211057514015e-09,0.9999988577232637,3.8340890662169794e-11,1.14852081797296e-06,0.1748422983497666
479,95.86390927284856,0.08333333333333333,0.2,0.5,0.08333333333333333,-6.527078549527902e-09,0.9999988716208176,3.4294355985092234e-11,1.134871968110616e-06,0.1748422983497666
480,96.06404269513008,0.08333333333333333,0.2,0.5,0.08333333333333333,-6.7635563413566295e-09,0.9999988853453529,3.0364229181257016e-11,1.121387840691516e-06,0.1748422983497666
481,96.26417611741161,0.08333333333333333,0.2,0.5,0.08333333333333333,-6.991435789043622e-09,0.9999988988984351,2.6552160670183472e-11,1.1080664500408931e-06,0.1748422983497666
482,96.46430953969312,0.08333333333333333,0.2,0.5,0.08333333333333333,-7.210298200394906e-09,0.9999989122816294,2.285980087139116e-11,1.0949058104839828e-06,0.1748422983497666
483,96.66444296197464,0.08333333333333333,0.2,0.5,0.08333333333333333,-7.419724883216551e-09,0.9999989254965013,1.9288800204398905e-11,1.0819039363460164e-06,0.1748422983497666
484,96.86457638425617,0.08333333333333333,0.2,0.5,0.08333333333333333,-7.619297145314583e-09,0.9999989385446159,1.5840809088726283e-11,1.0690588419522287e-06,0.1748422983497666
485,97.06470980653769,0.08333333333333333,0.2,0.5,0.08333333333333333,-7.808596294495038e-09,0.9999989514275387,1.2517477943892595e-11,1.0563685416278537e-06,0.1748422983497666
486,97.2648432288192,0.08333333333333333,0.2,0.5,0.08333333333333333,-7.987203638563945e-09,0.999998964146835,9.320457189417412e-12,1.043831049698126e-06,0.1748422983497666
487,97.46497665110073,0.08333333333333333,0.2,0.5,0.08333333333333333,-8.154700485327372e-09,0.9999989767040701,6.2513972448195954e-12,1.0314443804882775e-06,0.1748422983497666
488,97.66511007338225,0.08333333333333333,0.2,0.5,0.08333333333333333,-8.310668142591342e-09,0.9999989891008094,3.311948529618688e-12,1.0192065483235428e-06,0.1748422983497666
489,97.86524349566378,0.08333333333333333,0.2,0.5,0.08333333333333333,-8.454687918161895e-09,0.9999990013386181,5.037614633340027e-13,1.007115567529156e-06,0.1748422983497666
490,98.06537691794529,0.08333333333333333,0.2,0.5,0.08333333333333333,-8.586341119845063e-09,0.9999990134190617,-2.17151353451494e-12,9.951694524303513e-07,0.1748422983497666
491,98.26551034022681,0.08333333333333333,0.2,0.5,0.08333333333333333,-8.705209055446904e-09,0.9999990253437054,-4.712226044409202e-12,9.833662173523612e-07,0.1748422983497666
492,98.46564376250834,0.08333333333333333,0.2,0.5,0.08333333333333333,-8.810873032773448e-09,0.9999990371141146,-7.1167256468292766e-12,9.7170387662042e-07,0.1748422983497666
493,98.66577718478986,0.08333333333333333,0.2,0.5,0.08333333333333333,-8.902914359630735e-09,0.9999990487318546,-9.38336192225583e-12,9.601804445597614e-07,0.1748422983497666
494,98.86591060707137,0.08333333333333333,0.2,0.5,0.08333333333333333,-8.980914343824797e-09,0.9999990601984907,-1.1510484451169411e-11,9.487939354956202e-07,0.1748422983497666
495,99.0660440293529,0.08333333333333333,0.2,0.5,0.08333333333333333,-9.044454293161689e-09,0.9999990715155884,-1.3496442814050991e-11,9.375423637532286e-07,0.1748422983497666
496,99.26617745163442,0.08333333333333333,0.2,0.5,0.08333333333333333,-9.093115515447442e-09,0.9999990826847128,-1.5339586591381097e-11,9.26423743657821e-07,0.1748422983497666
497,99.46631087391594,0.08333333333333333,0.2,0.5,0.08333333333333333,-9.126479318488095e-09,0.9999990937074295,-1.703826536364041e-11,9.154360895346313e-07,0.1748422983497666
498,99.66644429619745,0.08333333333333333,0.2,0.5,0.08333333333333333,-9.14412701008969e-09,0.9999991045853035,-1.8590828711309505e-11,9.045774157088941e-07,0.1748422983497666
499,99.86657771847898,0.08333333333333333,0.2,0.5,0.08333333333333333,-9.145639898058265e-09,0.9999991153199004,-1.9995626214869277e-11,8.938457365058413e-07,0.1748422983497666
500,100.0667111407605,0.08333333333333333,0.2,0.5,0.08333333333333333,-9.130599290199862e-09,0.9999991259127853,-2.1251007454800296e-11,8.832390662507078e-07,0.1748422983497666
501,100.26684456304203,0.08333333333333333,0.2,0.5,0.08333333333333333,-9.098586494320518e-09,0.9999991363655238,-2.2355322011583238e-11,8.727554192687272e-07,0.1748422983497666
502,100.46697798532354,0.08333333333333333,0.2,0.5,0.08333333333333333,-9.049182818226277e-09,0.999999146679681,-2.330691946569872e-11,8.623928098851341e-07,0.1748422983497666
503,100.66711140760506,0.08333333333333333,0.2,0.5,0.08333333333333333,-9.255738730562919e-09,0.9999991639121604,-3.326952659803312e-11,8.453768493237173e-07,0.1748422983497666
504,100.86724482988659,0.08333333333333333,0.2,0.5,0.08333333333333333,-9.155752117229595e-09,0.9999991732704674,-3.311496907684635e-11,8.359184010619722e-07,0.1748422983497666
505,101.06737825216811,0.08333333333333333,0.2,0.5,0.08333333333333333,-9.047230303612738e-09,0.9999991825407708,-3.2926364129318384e-11,8.265393871172192e-07,0.1748422983497666
506,101.26751167444962,0.08333333333333333,0.2,0.5,0.08333333333333333,-8.930173289712353e-09,0.9999991917230707,-3.270371175544925e-11,8.17239807489459e-07,0.1748422983497666
507,101.46764509673115,0.08333333333333333,0.2,0.5,0.08333333333333333,-8.804581075528423e-09,0.999999200817367,-3.2447011955238926e-11,8.080196621786904e-07,0.1748422983497666
508,101.66777851901267,0.08333333333333333,0.2,0.5,0.08333333333333333,-8.67045366106096e-09,0.9999992098236599,-3.215626472868741e-11,7.988789511849139e-07,0.1748422983497666
509,101.8679119412942,0.08333333333333333,0.2,0.5,0.08333333333333333,-8.527791046309963e-09,0.9999992187419491,-3.183147007579471e-11,7.898176745081298e-07,0.1748422983497666
510,102.0680453635757,0.08333333333333333,0.2,0.5,0.08333333333333333,-8.37659323127544e-09,0.9999992275722347,-3.1472627996560855e-11,7.808358321483383e-07,0.1748422983497666
511,102.26817878585723,0.08333333333333333,0.2,0.5,0.08333333333333333,-8.216860215957375e-09,0.9999992363145168,-3.107973849098579e-11,7.719334241055383e-07,0.1748422983497666
512,102.46831220813876,0.08333333333333333,0.2,0.5,0.08333333333333333,-8.048592000355771e-09,0.9999992449687953,-3.0652801559069533e-11,7.631104503797306e-07,0.1748422983497666
513,102.66844563042028,0.08333333333333333,0.2,0.5,0.08333333333333333,-7.871788584470632e-09,0.9999992535350702,-3.0191817200812094e-11,7.543669109709151e-07,0.1748422983497666
514,102.8685790527018,0.08333333333333333,0.2,0.5,0.08333333333333333,-7.68644996830196e-09,0.9999992620133417,-2.9696785416213474e-11,7.457028058790916e-07,0.1748422983497666
515,103.06871247498331,0.08333333333333333,0.2,0.5,0.08333333333333333,-7.492576151849767e-09,0.9999992704036095,-2.916770620527371e-11,7.37118135104261e-07,0.1748422983497666
516,103.26884589726484,0.08333333333333333,0.2,0.5,0.08333333333333333,-7.2901671351140236e-09,0.9999992787058738,-2.8604579567992722e-11,7.28612898646422e-07,0.1748422983497666
517,103.46897931954636,0.08333333333333333,0.2,0.5,0.08333333333333333,-7.079222918094746e-09,0.9999992869201344,-2.8007405504370545e-11,7.201870965055751e-07,0.1748422983497666
518,103.66911274182789,0.08333333333333333,0.2,0.5,0.08333333333333333,-6.8597435007919345e-09,0.9999992950463916,-2.7376184014407187e-11,7.118407286817203e-07,0.1748422983497666
519,103.8692461641094,0.08333333333333333,0.2,0.5,0.08333333333333333,-6.631728883205603e-09,0.9999993030846451,-2.671091509810269e-11,7.035737951748585e-07,0.1748422983497666
520,104.06937958639092,0.08333333333333333,0.2,0.5,0.08333333333333333,-6.3951790653357205e-09,0.9999993110348951,-2.6011598755456965e-11,6.95386295984988e-07,0.1748422983497666
521,104.26951300867245,0.08333333333333333,0.2,0.5,0.08333333333333333,-6.150094047182304e-09,0.9999993188971417,-2.527823498647005e-11,6.872782311121099e-07,0.1748422983497666
522,104.46964643095397,0.08333333333333333,0.2,0.5,0.08333333333333333,-5.896473828745351e-09,0.9999993266713845,-2.4510823791141954e-11,6.792496005562238e-07,0.1748422983497666
523,104.66977985323548,0.08333333333333333,0.2,0.5,0.08333333333333333,-5.634318410024883e-09,0.9999993343576239,-2.370936516947273e-11,6.713004043173305e-07,0.1748422983497666
524,104.869913275517,0.08333333333333333,0.2,0.5,0.08333333333333333,-5.3636277910208615e-09,0.9999993419558596,-2.2873859121462263e-11,6.634306423954289e-07,0.1748422983497666
525,105.07004669779853,0.08333333333333333,0.2,0.5,0.08333333333333333,-5.084401971733305e-09,0.9999993494660918,-2.2004305647110617e-11,6.556403147905194e-07,0.1748422983497666
526,105.27018012008006,0.08333333333333333,0.2,0.5,0.08333333333333333,-4.796640952162214e-09,0.9999993568883204,-2.1100704746417783e-11,6.479294215026021e-07,0.1748422983497666
527,105.47031354236157,0.08333333333333333,0.2,0.5,0.08333333333333333,-4.500344732307608e-09,0.9999993642225455,-2.0163056419383832e-11,6.402979625316776e-07,0.1748422983497666
528,105.67044696464309,0.08333333333333333,0.2,0.5,0.08333333333333333,-4.195513312169447e-09,0.999999371468767,-1.919136066600863e-11,6.327459378777445e-07,0.1748422983497666
529,105.87058038692462,0.08333333333333333,0.2,0.5,0.08333333333333333,-3.88214669174775e-09,0.999999378626985,-1.818561748629224e-11,6.252733475408037e-07,0.1748422983497666
530,106.07071380920614,0.08333333333333333,0.2,0.5,0.08333333333333333,-3.560244871042519e-09,0.9999993856971994,-1.714582688023467e-11,6.178801915208551e-07,0.1748422983497666
531,106.27084723148765,0.08333333333333333,0.2,0.5,0.08333333333333333,-3.2298078500537764e-09,0.9999993926794102,-1.607198884783599e-11,6.105664698178992e-07,0.1748422983497666
532,106.47098065376917,0.08333333333333333,0.2,0.5,0.08333333333333333,-2.8908356287814754e-09,0.9999993995736174,-1.496410338909605e-11,6.033321824319349e-07,0.1748422983497666
533,106.6711140760507,0.08333333333333333,0.2,0.5,0.08333333333333333,-2.5433910933555172e-09,0.9999994063798853,-1.3822380809815012e-11,5.961773282934979e-07,0.1748422983497666
534,106.87124749833222,0.08333333333333333,0.2,0.5,0.08333333333333333,-2.204340253994901e-09,0.999999413115423,-1.2703224958984754e-11,5.891016205728806e-07,0.1748422983497666
535,107.07138092061373,0.08333333333333333,0.2,0.5,0.08333333333333333,-1.8868468567271363e-09,0.9999994197936621,-1.1650658455675364e-11,5.821048354024728e-07,0.1748422983497666
536,107.27151434289526,0.08333333333333333,0.2,0.5,0.08333333333333333,-1.5909109015521775e-09,0.9999994264146028,-1.0664681299886695e-11,5.751869727822733e-07,0.1748422983497666
537,107.47164776517678,0.08333333333333333,0.2,0.5,0.08333333333333333,-1.3165323884700479e-09,0.999999432978245,-9.745293491618824e-12,5.683480327122828e-07,0.1748422983497666
538,107.67178118745831,0.08333333333333333,0.2,0.5,0.08333333333333333,-1.0637113174807486e-09,0.9999994394845887,-8.892495030871748e-12,5.615880151925012e-07,0.1748422983497666
539,107.87191460973982,0.08333333333333333,0.2,0.5,0.08333333333333333,-8.32447688584294e-10,0.9999994459336338,-8.106285917645523e-12,5.54906920222929e-07,0.1748422983497666
540,108.07204803202134,0.08333333333333333,0.2,0.5,0.08333333333333333,-6.227415017806524e-10,0.9999994523253803,-7.386666151940038e-12,5.483047478035652e-07,0.1748422983497666
541,108.27218145430287,0.08333333333333333,0.2,0.5,0.08333333333333333,-4.345927570698402e-10,0.9999994586598284,-6.733635733755351e-12,5.417814979344103e-07,0.1748422983497666
542,108.47231487658439,0.08333333333333333,0.2,0.5,0.08333333333333333,-2.6800145445185757e-10,0.999999464936978,-6.1471946630914584e-12,5.353371706154643e-07,0.1748422983497666
543,108.6724482988659,0.08333333333333333,0.2,0.5,0.08333333333333333,-1.2296759392671416e-10,0.9999994711568291,-5.6273429399483995e-12,5.289717658467277e-07,0.1748422983497666
544,108.87258172114743,0.08333333333333333,0.2,0.5,0.08333333333333333,5.08824505610918e-13,0.9999994773193815,-5.174080564326097e-12,5.226852836281996e-07,0.1748422983497666
545,109.07271514342895,0.08333333333333333,0.2,0.5,0.08333333333333333,1.0242780084510629e-10,0.9999994834246356,-4.787407536224592e-12,5.164777239598803e-07,0.1748422983497666
546,109.27284856571048,0.08333333333333333,0.2,0.5,0.08333333333333333,1.8278933509177205e-10,0.9999994894725911,-4.467323855643885e-12,5.1034908684177e-07,0.1748422983497666
547,109.47298198799199,0.08333333333333333,0.2,0.5,0.08333333333333333,2.4159342724560485e-10,0.9999994954632481,-4.213829522583989e-12,5.042993722738691e-07,0.1748422983497666
548,109.67311541027351,0.08333333333333333,0.2,0.5,0.08333333333333333,2.8212248599904937e-10,0.999999501396001,-4.015724055566248e-12,4.983258920955792e-07,0.1748422983497666
549,109.87324883255503,0.08333333333333333,0.2,0.5,0.08333333333333333,3.161641955349278e-10,0.9999995072686758,-3.832784633261374e-12,4.924189926680257e-07,0.1748422983497666
550,110.07338225483656,0.08333333333333333,0.2,0.5,0.08333333333333333,3.447750324132827e-10,0.9999995130810775,-3.661406267000339e-12,4.865778087794305e-07,0.1748422983497666
551,110.27351567711807,0.08333333333333333,0.2,0.5,0.08333333333333333,3.679549966341125e-10,0.999999518833206,-3.501588956783154e-12,4.808023404297943e-07,0.1748422983497666
552,110.4736490993996,0.08333333333333333,0.2,0.5,0.08333333333333333,3.8570408819742046e-10,0.9999995245250615,-3.3533327026097966e-12,4.750925876191162e-07,0.1748422983497666
553,110.67378252168112,0.08333333333333333,0.2,0.5,0.08333333333333333,3.980223071032048e-10,0.9999995301566438,-3.216637504480279e-12,4.694485503473965e-07,0.1748422983497666
554,110.87391594396264,0.08333333333333333,0.2,0.5,0.08333333333333333,4.0490965335146545e-10,0.999999535727953,-3.0915033623946005e-12,4.638702286146353e-07,0.1748422983497666
555,111.07404936624415,0.08333333333333333,0.2,0.5,0.08333333333333333,4.063661269422026e-10,0.9999995412389892,-2.977930276352769e-12,4.5835762242083295e-07,0.1748422983497666
556,111.27418278852568,0.08333333333333333,0.2,0.5,0.08333333333333333,4.0239172787541637e-10,0.9999995466897522,-2.875918246354768e-12,4.529107317659887e-07,0.1748422983497666
557,111.4743162108072,0.08333333333333333,0.2,0.5,0.08333333333333333,3.929864561511065e-10,0.999999552080242,-2.7854672724006066e-12,4.475295566501029e-07,0.1748422983497666
558,111.67444963308873,0.08333333333333333,0.2,0.5,0.08333333333333333,3.7815031176927297e-10,0.9999995574104589,-2.706577354490284e-12,4.4221409707317557e-07,0.1748422983497666
559,111.87458305537024,0.08333333333333333,0.2,0.5,0.08333333333333333,3.578832947299174e-10,0.9999995626804026,-2.639248492623806e-12,4.3696435303520706e-07,0.1748422983497666
560,112.07471647765176,0.08333333333333333,0.2,0.5,0.08333333333333333,3.32185405033037e-10,0.9999995678900732,-2.5834806868011614e-12,4.3178032453619666e-07,0.1748422983497666
561,112.27484989993329,0.08333333333333333,0.2,0.5,0.08333333333333333,3.0105664267863294e-10,0.9999995730394706,-2.5392739370223567e-12,4.266620115761448e-07,0.1748422983497666
562,112.47498332221481,0.08333333333333333,0.2,0.5,0.08333333333333333,2.6466246224294835e-10,0.9999995781286644,-2.50634345098391e-12,4.216091791437075e-07,0.1748422983497666
563,112.67511674449632,0.08333333333333333,0.2,0.5,0.08333333333333333,2.2793918537770605e-10,0.9999995831597208,-2.4761924772157135e-12,4.166148156976392e-07,0.1748422983497666
564,112.87525016677785,0.08333333333333333,0.2,0.5,0.08333333333333333,1.9318898106267163e-10,0.9999995881336041,-2.4448583570736556e-12,4.116756512417974e-07,0.1748422983497666
565,113.07538358905937,0.08333333333333333,0.2,0.5,0.08333333333333333,1.6041184929784778e-10,0.9999995930503142,-2.412341090557738e-12,4.067916857761825e-07,0.1748422983497666
566,113.2755170113409,0.08333333333333333,0.2,0.5,0.08333333333333333,1.296077900832345e-10,0.999999597909851,-2.3786406776679612e-12,4.019629193007944e-07,0.1748422983497666
567,113.4756504336224,0.08333333333333333,0.2,0.5,0.08333333333333333,1.0077680341883386e-10,0.9999996027122147,-2.3437571184043272e-12,3.9718935181563354e-07,0.1748422983497666
568,113.67578385590393,0.08333333333333333,0.2,0.5,0.08333333333333333,7.391888930464164e-11,0.9999996074574049,-2.3076904127668313e-12,3.9247098332069915e-07,0.1748422983497666
569,113.87591727818545,0.08333333333333333,0.2,0.5,0.08333333333333333,4.903404774065998e-11,0.999999612145422,-2.2704405607554758e-12,3.8780781381599166e-07,0.1748422983497666
570,114.07605070046698,0.08333333333333333,0.2,0.5,0.08333333333333333,2.612227872688891e-11,0.9999996167762659,-2.232007562370261e-12,3.83199843301511e-07,0.1748422983497666
571,114.27618412274849,0.08333333333333333,0.2,0.5,0.08333333333333333,5.1835822633298606e-12,0.9999996213499365,-2.1923914176111895e-12,3.7864707177725753e-07,0.1748422983497666
572,114.47631754503001,0.08333333333333333,0.2,0.5,0.08333333333333333,-1.3782041650020173e-11,0.9999996258664339,-2.1515921264782555e-12,3.7414949924323063e-07,0.1748422983497666
573,114.67645096731154,0.08333333333333333,0.2,0.5,0.08333333333333333,-3.077459301315961e-11,0.999999630325758,-2.1096096889714624e-12,3.697071256994305e-07,0.1748422983497666
574,114.87658438959306,0.08333333333333333,0.2,0.5,0.08333333333333333,-4.579407182608847e-11,0.9999996347279089,-2.0664441050908097e-12,3.6531995114585735e-07,0.1748422983497666
575,115.07671781187457,0.08333333333333333,0.2,0.5,0.08333333333333333,-5.88404780888059e-11,0.9999996390728866,-2.0220953748363004e-12,3.6098797558251125e-07,0.1748422983497666
576,115.2768512341561,0.08333333333333333,0.2,0.5,0.08333333333333333,-6.991381180131372e-11,0.999999643360691,-1.9765634982079288e-12,3.5671119900939177e-07,0.1748422983497666
577,115.47698465643762,0.08333333333333333,0.2,0.5,0.08333333333333333,-7.929605522563497e-11,0.9999996475942904,-1.9303543922363363e-12,3.524869356251472e-07,0.1748422983497666
578,115.67711807871915,0.08333333333333333,0.2,0.5,0.08333333333333333,-8.75997066106637e-11,0.9999996517801324,-1.8845669675165703e-12,3.4830935155706165e-07,0.1748422983497666
579,115.87725150100066,0.08333333333333333,0.2,0.5,0.08333333333333333,-9.484597141343385e-11,0.9999996559184401,-1.839239269710723e-12,3.4417824482915016e-07,0.1748422983497666
580,116.07738492328218,0.08333333333333333,0.2,0.5,0.08333333333333333,-1.0103484963394647e-10,0.9999996600092135,-1.794371298818787e-12,3.4009361544141206e-07,0.1748422983497666
581,116.2775183455637,0.08333333333333333,0.2,0.5,0.08333333333333333,-1.06166341272201e-10,0.9999996640524527,-1.7499630548407656e-12,3.3605546339384773e-07,0.1748422983497666
582,116.47765176784523,0.08333333333333333,0.2,0.5,0.08333333333333333,-1.1024044632819744e-10,0.9999996680481575,-1.7060145377766593e-12,3.320637886864571e-07,0.1748422983497666
583,116.67778519012674,0.08333333333333333,0.2,0.5,0.08333333333333333,-1.1325716480193561e-10,0.9999996719963282,-1.662525747626471e-12,3.2811859131924055e-07,0.1748422983497666
584,116.87791861240827,0.08333333333333333,0.2,0.5,0.08333333333333333,-1.1521649669341595e-10,0.9999996758969646,-1.6194966843901943e-12,3.2421987129219744e-07,0.1748422983497666
585,117.07805203468979,0.08333333333333333,0.2,0.5,0.08333333333333333,-1.1611844200263819e-10,0.9999996797500667,-1.5769273480678326e-12,3.2036762860532805e-07,0.1748422983497666
586,117.27818545697131,0.08333333333333333,0.2,0.5,0.08333333333333333,-1.1596300072960235e-10,0.9999996835556344,-1.5348177386593857e-12,3.165618632586324e-07,0.1748422983497666
587,117.47831887925283,0.08333333333333333,0.2,0.5,0.08333333333333333,-1.1475017287430854e-10,0.999999687313668,-1.4931678561648565e-12,3.1280257525211075e-07,0.1748422983497666
588,117.67845230153435,0.08333333333333333,0.2,0.5,0.08333333333333333,-1.124799584367566e-10,0.9999996910241673,-1.4519777005842392e-12,3.0908976458576263e-07,0.1748422983497666
589,117.87858572381587,0.08333333333333333,0.2,0.5,0.08333333333333333,-1.0915235741694656e-10,0.9999996946871322,-1.411247271917537e-12,3.0542343125958817e-07,0.1748422983497666
590,118.0787191460974,0.08333333333333333,0.2,0.5,0.08333333333333333,-1.0476736981487842e-10,0.999999698302563,-1.3709765701647494e-12,3.0180357527358753e-07,0.1748422983497666
591,118.27885256837891,0.08333333333333333,0.2,0.5,0.08333333333333333,-9.941580881225304e-11,0.9999997018711041,-1.3312057551546314e-12,2.9822964284105286e-07,0.1748422983497666
592,118.47898599066043,0.08333333333333333,0.2,0.5,0.08333333333333333,-9.398517179257586e-11,0.9999997053990555,-1.2923273001192902e-12,2.946962219254817e-07,0.1748422983497666
593,118.67911941294196,0.08333333333333333,0.2,0.5,0.08333333333333333,-8.870041845899827e-11,0.9999997088880141,-1.254440687787839e-12,2.9120194070297065e-07,0.1748422983497666
594,118.87925283522348,0.08333333333333333,0.2,0.5,0.08333333333333333,-8.356154881152022e-11,0.9999997123379799,-1.2175459181602776e-12,2.8774679917351973e-07,0.1748422983497666
595,119.07938625750499,0.08333333333333333,0.2,0.5,0.08333333333333333,-7.856856285014209e-11,0.9999997157489529,-1.181642991236609e-12,2.8433079733712916e-07,0.1748422983497666
596,119.27951967978652,0.08333333333333333,0.2,0.5,0.08333333333333333,-7.372146057486318e-11,0.9999997191209329,-1.1467319070168275e-12,2.809539351937985e-07,0.1748422983497666
597,119.47965310206804,0.08333333333333333,0.2,0.5,0.08333333333333333,-6.902024198568385e-11,0.9999997224539202,-1.112812665500936e-12,2.7761621274352795e-07,0.1748422983497666
598,119.67978652434957,0.08333333333333333,0.2,0.5,0.08333333333333333,-6.446490708260409e-11,0.9999997257479147,-1.0798852666889346e-12,2.743176299863176e-07,0.1748422983497666
599,119.87991994663108,0.08333333333333333,0.2,0.5,0.08333333333333333,-6.005545586562422e-11,0.9999997290029164,-1.0479497105808253e-12,2.710581869221675e-07,0.1748422983497666
600,120.0800533689126,0.08333333333333333,0.2,0.5,0.08333333333333333,-5.579188833474359e-11,0.9999997322189252,-1.0170059971766038e-12,2.6783788355107735e-07,0.1748422983497666
601,120.28018679119413,0.08333333333333333,0.2,0.5,0.08333333333333333,-5.1674204489962546e-11,0.9999997353959412,-9.870541264762721e-13,2.6465671987304734e-07,0.1748422983497666
602,120.48032021347565,0.08333333333333333,0.2,0.5,0.08333333333333333,-4.7702404331281065e-11,0.9999997385339645,-9.580940984798306e-13,2.615146958880774e-07,0.1748422983497666
603,120.68045363575716,0.08333333333333333,0.2,0.5,0.08333333333333333,-4.387648785869943e-11,0.9999997416329949,-9.301259131872807e-13,2.584118115961679e-07,0.1748422983497666
604,120.88058705803869,0.08333333333333333,0.2,0.5,0.08333333333333333,-4.0196455072217084e-11,0.9999997446930324,-9.03149570598619e-13,2.5534806699731824e-07,0.1748422983497666
605,121.08072048032021,0.08333333333333333,0.2,0.5,0.08333333333333333,-3.666230597183431e-11,0.9999997477140772,-8.771650707138472e-13,2.5232346209152867e-07,0.1748422983497666
606,121.28085390260173,0.08333333333333333,0.2,0.5,0.08333333333333333,-3.330563483685445e-11,0.9999997506992031,-8.520007376818915e-13,2.493349543247256e-07,0.1748422983497666
607,121.48098732488324,0.08333333333333333,0.2,0.5,0.08333333333333333,-3.015902602398614e-11,0.9999997536515804,-8.274795158049233e-13,2.4637940579759897e-07,0.1748422983497666
608,121.68112074716477,0.08333333333333333,0.2,0.5,0.08333333333333333,-2.7222481464813018e-11,0.9999997565712094,-8.036013945871665e-13,2.4345681632413513e-07,0.1748422983497666
609,121.8812541694463,0.08333333333333333,0.2,0.5,0.08333333333333333,-2.4496001159335318e-11,0.9999997594580902,-7.803663740286224e-13,2.4056718590433435e-07,0.1748422983497666
610,122.08138759172782,0.08333333333333333,0.2,0.5,0.08333333333333333,-2.1979585107553042e-11,0.9999997623122225,-7.577744541292913e-13,2.3771051453819662e-07,0.1748422983497666
611,122.28152101400933,0.08333333333333333,0.2,0.5,0.08333333333333333,-1.9673233309466343e-11,0.9999997651336064,-7.358256348891748e-13,2.3488680222572213e-07,0.1748422983497666
612,122.48165443629085,0.08333333333333333,0.2,0.5,0.08333333333333333,-1.7576945765074893e-11,0.9999997679222421,-7.145199163082695e-13,2.320960489669105e-07,0.1748422983497666
613,122.68178785857238,0.08333333333333333,0.2,0.5,0.08333333333333333,-1.569072247437887e-11,0.9999997706781294,-6.938572983865771e-13,2.293382547617619e-07,0.1748422983497666
614,122.8819212808539,0.08333333333333333,0.2,0.5,0.08333333333333333,-1.4014563437378259e-11,0.9999997734012684,-6.738377811240977e-13,2.2661341961027636e-07,0.1748422983497666
615,123.08205470313541,0.08333333333333333,0.2,0.5,0.08333333333333333,-1.2548468654073172e-11,0.999999776091659,-6.544613645208325e-13,2.2392154351245405e-07,0.1748422983497666
616,123.28218812541694,0.08333333333333333,0.2,0.5,0.08333333333333333,-1.1292438124463394e-11,0.9999997787493012,-6.35728048576779e-13,2.212626264682946e-07,0.1748422983497666
617,123.48232154769846,0.08333333333333333,0.2,0.5,0.08333333333333333,-1.0246471848549039e-11,0.9999997813741952,-6.176378332919382e-13,2.186366684777982e-07,0.1748422983497666
618,123.68245496997999,0.08333333333333333,0.2,0.5,0.08333333333333333,-9.410569826330105e-12,0.9999997839663408,-6.001907186663105e-13,2.1604366954096483e-07,0.1748422983497666
619,123.8825883922615,0.08333333333333333,0.2,0.5,0.08333333333333333,-8.784732057806628e-12,0.9999997865257381,-5.833867046998968e-13,2.134836296577947e-07,0.1748422983497666
620,124.08272181454302,0.08333333333333333,0.2,0.5,0.08333333333333333,-8.366505451566696e-12,0.9999997890539417,-5.671911828498024e-13,2.1095499154659753e-07,0.1748422983497666
621,124.28285523682455,0.08333333333333333,0.2,0.5,0.08333333333333333,-8.145657249904665e-12,0.9999997915574375,-5.514597879968758e-13,2.0845125920557935e-07,0.1748422983497666
622,124.48298865910607,0.08333333333333333,0.2,0.5,0.08333333333333333,-8.121059999490183e-12,0.9999997940369398,-5.361766138782048e-13,2.0597171690012906e-07,0.1748422983497666
623,124.68312208138758,0.08333333333333333,0.2,0.5,0.08333333333333333,-8.292713700323225e-12,0.999999796492449,-5.213416604937906e-13,2.0351636463024689e-07,0.1748422983497666
624,124.8832555036691,0.08333333333333333,0.2,0.5,0.08333333333333333,-8.660618352403815e-12,0.9999997989239647,-5.069549278436312e-13,2.010852023959324e-07,0.1748422983497666
625,125.08338892595063,0.08333333333333333,0.2,0.5,0.08333333333333333,-9.224773955731928e-12,0.9999998013314871,-4.930164159277276e-13,1.9867823019718584e-07,0.1748422983497666
626,125.28352234823215,0.08333333333333333,0.2,0.5,0.08333333333333333,-9.985180510307642e-12,0.9999998037150162,-4.795261247460798e-13,1.962954480340072e-07,0.1748422983497666
627,125.48365577051366,0.08333333333333333,0.2,0.5,0.08333333333333333,-1.0941838016130776e-11,0.999999806074552,-4.664840542986888e-13,1.9393685590639664e-07,0.1748422983497666
628,125.68378919279519,0.08333333333333333,0.2,0.5,0.08333333333333333,-1.2094746473201562e-11,0.9999998084100944,-4.538902045855527e-13,1.9160245381435383e-07,0.1748422983497666
629,125.88392261507671,0.08333333333333333,0.2,0.5,0.08333333333333333,-1.3443905881519845e-11,0.9999998107216435,-4.4174457560667226e-13,1.8929224175787892e-07,0.1748422983497666
630,126.08405603735824,0.08333333333333333,0.2,0.5,0.08333333333333333,-1.4989316241085703e-11,0.9999998130091992,-4.3004716736204773e-13,1.870062197369719e-07,0.1748422983497666
631,126.28418945963975,0.08333333333333333,0.2,0.5,0.08333333333333333,-1.6730977551898955e-11,0.9999998152727615,-4.1879797985167974e-13,1.8474438775163295e-07,0.1748422983497666
632,126.48432288192127,0.08333333333333333,0.2,0.5,0.08333333333333333,-1.8668889813959885e-11,0.9999998175123306,-4.0799701307556677e-13,1.8250674580186177e-07,0.1748422983497666
633,126.6844563042028,0.08333333333333333,0.2,0.5,0.08333333333333333,-2.0803053027268364e-11,0.9999998197279063,-3.976442670337096e-13,1.802932938876585e-07,0.1748422983497666
634,126.88458972648432,0.08333333333333333,0.2,0.5,0.08333333333333333,-2.313346719182434e-11,0.9999998219194887,-3.8773974172610823e-13,1.7810403200902313e-07,0.1748422983497666
635,127.08472314876583,0.08333333333333333,0.2,0.5,0.08333333333333333,-2.5660132307627737e-11,0.9999998240870778,-3.7828343715276337e-13,1.7593896016595584e-07,0.1748422983497666
636,127.28485657104736,0.08333333333333333,0.2,0.5,0.08333333333333333,-2.8383048374678863e-11,0.9999998262306735,-3.692753533136736e-13,1.7379807835845627e-07,0.1748422983497666
637,127.48498999332888,0.08333333333333333,0.2,0.5,0.08333333333333333,-3.1302215392977486e-11,0.9999998283502758,-3.607154902088396e-13,1.7168138658652464e-07,0.1748422983497666
638,127.6851234156104,0.08333333333333333,0.2,0.5,0.08333333333333333,-3.441763336252366e-11,0.9999998304458849,-3.5260384783826145e-13,1.6958888485016088e-07,0.1748422983497666
639,127.88525683789192,0.08333333333333333,0.2,0.5,0.08333333333333333,-3.772930228331717e-11,0.9999998325175006,-3.4494042620193966e-13,1.675205731493652e-07,0.1748422983497666
640,128.08539026017345,0.08333333333333333,0.2,0.5,0.08333333333333333,-4.1237222155358675e-11,0.999999834565123,-3.3772522529987255e-13,1.6547645148413715e-07,0.1748422983497666
641,128.28552368245496,0.08333333333333333,0.2,0.5,0.08333333333333333,-4.4941392978647236e-11,0.999999836588752,-3.309582451320623e-13,1.634565198544773e-07,0.1748422983497666
642,128.48565710473648,0.08333333333333333,0.2,0.5,0.08333333333333333,-4.8841814753183293e-11,0.9999998385883877,-3.246394856985078e-13,1.6146077826038532e-07,0.1748422983497666
643,128.685790527018,0.08333333333333333,0.2,0.5,0.08333333333333333,-5.2938487478967495e-11,0.99999984056403,-3.1876894699920817e-13,1.5948922670186098e-07,0.1748422983497666
644,128.88592394929952,0.08333333333333333,0.2,0.5,0.08333333333333333,-5.7231411155998624e-11,0.9999998425156791,-3.133466290341652e-13,1.5754186517890486e-07,0.1748422983497666
645,129.08605737158106,0.08333333333333333,0.2,0.5,0.08333333333333333,-6.172058578427792e-11,0.9999998444433348,-3.083725318033773e-13,1.5561869369151636e-07,0.1748422983497666
646,129.28619079386257,0.08333333333333333,0.2,0.5,0.08333333333333333,-6.640601136380413e-11,0.9999998463469971,-3.038466553068459e-13,1.5371971223969602e-07,0.1748422983497666
647,129.48632421614408,0.08333333333333333,0.2,0.5,0.08333333333333333,-7.128768789457785e-11,0.9999998482266661,-2.9976899954457025e-13,1.518449208234436e-07,0.1748422983497666
648,129.68645763842562,0.08333333333333333,0.2,0.5,0.08333333333333333,-7.63656153765998e-11,0.9999998500823418,-2.961395645165498e-13,1.4999431944275882e-07,0.1748422983497666
649,129.88659106070713,0.08333333333333333,0.2,0.5,0.08333333333333333,-8.163979380986857e-11,0.9999998519140242,-2.929583502227857e-13,1.4816790809764222e-07,0.1748422983497666
650,130.08672448298864,0.08333333333333333,0.2,0.5,0.08333333333333333,-8.711022319438486e-11,0.9999998537217132,-2.902253566632773e-13,1.463656867880935e-07,0.1748422983497666
651,130.28685790527018,0.08333333333333333,0.2,0.5,0.08333333333333333,-9.277690353014951e-11,0.9999998555054088,-2.879405838380244e-13,1.445876555141125e-07,0.1748422983497666
652,130.4869913275517,0.08333333333333333,0.2,0.5,0.08333333333333333,-9.863983481716085e-11,0.9999998572651112,-2.8610403174702757e-13,1.428338142756996e-07,0.1748422983497666
653,130.68712474983323,0.08333333333333333,0.2,0.5,0.08333333333333333,-1.0469901705542062e-10,0.9999998590008202,-2.8471570039028633e-13,1.4110416307285436e-07,0.1748422983497666
654,130.88725817211474,0.08333333333333333,0.2,0.5,0.08333333333333333,-1.1095445024492704e-10,0.9999998607125359,-2.837755897678011e-13,1.3939870190557731e-07,0.1748422983497666
655,131.08739159439625,0.08333333333333333,0.2,0.5,0.08333333333333333,-1.17406134385681e-10,0.9999998624002582,-2.8328369987957156e-13,1.3771743077386813e-07,0.1748422983497666
656,131.2875250166778,0.08333333333333333,0.2,0.5,0.08333333333333333,-1.240540694776834e-10,0.9999998640639871,-2.832400307255978e-13,1.3606034967772664e-07,0.1748422983497666
657,131.4876584389593,0.08333333333333333,0.2,0.5,0.08333333333333333,-1.3089825552093239e-10,0.9999998657037228,-2.836445823058798e-13,1.344274586171533e-07,0.1748422983497666
658,131.6877918612408,0.08333333333333333,0.2,0.5,0.08333333333333333,-1.379386925154289e-10,0.9999998673194651,-2.8449735462041763e-13,1.3281875759214785e-07,0.1748422983497666
659,131.88792528352235,0.08333333333333333,0.2,0.5,0.08333333333333333,-1.4517538046117398e-10,0.9999998689112141,-2.8579834766921133e-13,1.312342466027101e-07,0.1748422983497666
660,132.08805870580386,0.08333333333333333,0.2,0.5,0.08333333333333333,-1.5260831935816556e-10,0.9999998704789698,-2.8754756145226067e-13,1.2967392564884047e-07,0.1748422983497666
661,132.2881921280854,0.08333333333333333,0.2,0.5,0.08333333333333333,-1.6023750920640577e-10,0.9999998720227321,-2.897449959695661e-13,1.2813779473053855e-07,0.1748422983497666
662,132.4883255503669,0.08333333333333333,0.2,0.5,0.08333333333333333,-1.6806295000589242e-10,0.9999998735425011,-2.92390651221127e-13,1.2662585384780473e-07,0.1748422983497666
663,132.68845897264842,0.08333333333333333,0.2,0.5,0.08333333333333333,-1.7608464175662656e-10,0.9999998750382767,-2.9548452720694363e-13,1.2513810300063882e-07,0.1748422983497666
664,132.88859239492996,0.08333333333333333,0.2,0.5,0.08333333333333333,-1.8430258445860942e-10,0.999999876510059,-2.990266239270165e-13,1.236745421890406e-07,0.1748422983497666
665,133.08872581721147,0.08333333333333333,0.2,0.5,0.08333333333333333,-1.9271677811183867e-10,0.999999877957848,-3.030169413813447e-13,1.2223517141301053e-07,0.1748422983497666
666,133.28885923949298,0.08333333333333333,0.2,0.5,0.08333333333333333,-2.013272227163154e-10,0.9999998793816436,-3.0745547956992863e-13,1.2081999067254835e-07,0.1748422983497666
667,133.48899266177452,0.08333333333333333,0.2,0.5,0.08333333333333333,-2.1013391827204091e-10,0.9999998807814459,-3.1234223849276904e-13,1.1942899996765388e-07,0.1748422983497666
668,133.68912608405603,0.08333333333333333,0.2,0.5,0.08333333333333333,-2.1913476881813902e-10,0.9999998821578672,-3.176568820183359e-13,1.1806158478815079e-07,0.1748422983497666
669,133.88925950633757,0.08333333333333333,0.2,0.5,0.08333333333333333,-2.28301872797625e-10,0.9999998835190599,-3.231286943427882e-13,1.1670956473767279e-07,0.1748422983497666
670,134.08939292861908,0.08333333333333333,0.2,0.5,0.08333333333333333,-2.3762651775495845e-10,0.9999998848675693,-3.286731425705069e-13,1.1537038543046847e-07,0.1748422983497666
671,134.2895263509006,0.08333333333333333,0.2,0.5,0.08333333333333333,-2.471087036901405e-10,0.9999998862033957,-3.342902267014927e-13,1.1404404686653763e-07,0.1748422983497666
672,134.48965977318213,0.08333333333333333,0.2,0.5,0.08333333333333333,-2.5674843060317266e-10,0.999999887526539,-3.399799467357465e-13,1.127305490458801e-07,0.1748422983497666
673,134.68979319546364,0.08333333333333333,0.2,0.5,0.08333333333333333,-2.665456984940523e-10,0.9999998888369991,-3.4574230267326656e-13,1.1142989196849624e-07,0.1748422983497666
674,134.88992661774515,0.08333333333333333,0.2,0.5,0.08333333333333333,-2.765005073627806e-10,0.9999998901347761,-3.5157729451405377e-13,1.1014207563438587e-07,0.1748422983497666
675,135.09006004002669,0.08333333333333333,0.2,0.5,0.08333333333333333,-2.86612857209359e-10,0.9999998914198699,-3.57484922258109e-13,1.088671000435488e-07,0.1748422983497666
676,135.2901934623082,0.08333333333333333,0.2,0.5,0.08333333333333333,-2.968827480337848e-10,0.9999998926922806,-3.634651859054305e-13,1.0760496519598542e-07,0.1748422983497666
677,135.49032688458973,0.08333333333333333,0.2,0.5,0.08333333333333333,-3.073101798360607e-10,0.9999998939520083,-3.6951808545601993e-13,1.0635567109169534e-07,0.1748422983497666
678,135.69046030687124,0.08333333333333333,0.2,0.5,0.08333333333333333,-3.178951526161839e-10,0.9999998951990527,-3.756436209098757e-13,1.0511921773067891e-07,0.1748422983497666
679,135.89059372915276,0.08333333333333333,0.2,0.5,0.08333333333333333,-3.286376663741557e-10,0.999999896433414,-3.818417922669986e-13,1.0389560511293598e-07,0.1748422983497666
680,136.0907271514343,0.08333333333333333,0.2,0.5,0.08333333333333333,-3.3953772110997787e-10,0.9999998976550922,-3.881125995273895e-13,1.0268483323846638e-07,0.1748422983497666
681,136.2908605737158,0.08333333333333333,0.2,0.5,0.08333333333333333,-3.505953168236473e-10,0.9999998988640874,-3.9445604269104666e-13,1.0148690210727043e-07,0.1748422983497666
682,136.49099399599731,0.08333333333333333,0.2,0.5,0.08333333333333333,-3.618104535151652e-10,0.9999999000603993,-4.008721217579709e-13,1.0030181171934795e-07,0.1748422983497666
683,136.69112741827885,0.08333333333333333,0.2,0.5,0.08333333333333333,-3.731831311845337e-10,0.9999999012440282,-4.0736083672816327e-13,9.912956207469882e-08,0.1748422983497666
684,136.89126084056036,0.08333333333333333,0.2,0.5,0.08333333333333333,-3.847133498317491e-10,0.9999999024149738,-4.139221876016218e-13,9.797015317332332e-08,0.1748422983497666
685,137.0913942628419,0.08333333333333333,0.2,0.5,0.08333333333333333,-3.9640110945681503e-10,0.9999999035732363,-4.205561743783484e-13,9.682358501522115e-08,0.1748422983497666
686,137.2915276851234,0.08333333333333333,0.2,0.5,0.08333333333333333,-4.082464100597279e-10,0.9999999047188158,-4.2726279705834126e-13,9.568985760039265e-08,0.1748422983497666
687,137.49166110740492,0.08333333333333333,0.2,0.5,0.08333333333333333,-4.2024925164048955e-10,0.9999999058517121,-4.3404205564160115e-13,9.456897092883763e-08,0.1748422983497666
688,137.69179452968646,0.08333333333333333,0.2,0.5,0.08333333333333333,-4.3240963419910164e-10,0.9999999069719253,-4.4089395012812925e-13,9.346092500055593e-08,0.1748422983497666
689,137.89192795196797,0.08333333333333333,0.2,0.5,0.08333333333333333,-4.4472755773556067e-10,0.9999999080794553,-4.478184805179235e-13,9.236571981554789e-08,0.1748422983497666
690,138.09206137424948,0.08333333333333333,0.2,0.5,0.08333333333333333,-4.572030222498686e-10,0.9999999091743023,-4.548156468109849e-13,9.128335537381332e-08,0.1748422983497666
691,138.29219479653102,0.08333333333333333,0.2,0.5,0.08333333333333333,-4.698360277420269e-10,0.999999910256466,-4.618854490073143e-13,9.021383167535211e-08,0.1748422983497666
692,138.49232821881253,0.08333333333333333,0.2,0.5,0.08333333333333333,-4.82626574212032e-10,0.9999999113259467,-4.690278871069099e-13,8.915714872016453e-08,0.1748422983497666
693,138.69246164109407,0.08333333333333333,0.2,0.5,0.08333333333333333,-4.955746616598879e-10,0.9999999123827442,-4.762429611097736e-13,8.811330650825028e-08,0.1748422983497666
694,138.89259506337558,0.08333333333333333,0.2,0.5,0.08333333333333333,-5.086802900855906e-10,0.9999999134268586,-4.835306710159036e-13,8.708230503960968e-08,0.1748422983497666
695,139.0927284856571,0.08333333333333333,0.2,0.5,0.08333333333333333,-5.21943459489142e-10,0.9999999144582898,-4.908910168253006e-13,8.606414431424255e-08,0.1748422983497666
696,139.29286190793863,0.08333333333333333,0.2,0.5,0.08333333333333333,-5.35364169870544e-10,0.9999999154770379,-4.983239985379658e-13,8.50588243321488e-08,0.1748422983497666
697,139.49299533022014,0.08333333333333333,0.2,0.5,0.08333333333333333,-5.48942421229793e-10,0.9999999164831029,-5.05829616153897e-13,8.406634509332865e-08,0.1748422983497666
698,139.69312875250165,0.08333333333333333,0.2,0.5,0.08333333333333333,-5.626782135668905e-10,0.9999999174764849,-5.134078696730955e-13,8.308670659778199e-08,0.1748422983497666
699,139.8932621747832,0.08333333333333333,0.2,0.5,0.08333333333333333,-5.765715468818387e-10,0.9999999184571836,-5.210587590955621e-13,8.211990884550869e-08,0.1748422983497666
700,140.0933955970647,0.08333333333333333,0.2,0.5,0.08333333333333333,-5.906224211746338e-10,0.9999999194251992,-5.287822844212948e-13,8.116595183650902e-08,0.1748422983497666
701,140.29352901934624,0.08333333333333333,0.2,0.5,0.08333333333333333,-6.048308364452795e-10,0.9999999203805318,-5.365784456502957e-13,8.022483557078268e-08,0.1748422983497666
702,140.49366244162775,0.08333333333333333,0.2,0.5,0.08333333333333333,-6.191967926937719e-10,0.999999921323181,-5.444472427825626e-13,7.929656004833e-08,0.1748422983497666
703,140.69379586390926,0.08333333333333333,0.2,0.5,0.08333333333333333,-6.337202899201132e-10,0.9999999222531473,-5.523886758180967e-13,7.838112526915078e-08,0.1748422983497666
704,140.8939292861908,0.08333333333333333,0.2,0.5,0.08333333333333333,-6.484013281243052e-10,0.9999999231704304,-5.60402744756899e-13,7.747853123324493e-08,0.1748422983497666
705,141.0940627084723,0.08333333333333333,0.2,0.5,0.08333333333333333,-6.632399073063438e-10,0.9999999240750304,-5.684894495989674e-13,7.65887779406127e-08,0.1748422983497666
706,141.29419613075382,0.08333333333333333,0.2,0.5,0.08333333333333333,-6.782360274662311e-10,0.9999999249669472,-5.766487903443029e-13,7.571186539125394e-08,0.1748422983497666
707,141.49432955303536,0.08333333333333333,0.2,0.5,0.08333333333333333,-6.933896886039693e-10,0.9999999258461809,-5.848807669929067e-13,7.484779358516856e-08,0.1748422983497666
708,141.69446297531687,0.08333333333333333,0.2,0.5,0.08333333333333333,-7.087008907195542e-10,0.9999999267127315,-5.931853795447764e-13,7.399656252235678e-08,0.1748422983497666
709,141.8945963975984,0.08333333333333333,0.2,0.5,0.08333333333333333,-7.241696338129898e-10,0.999999927566599,-6.015626279999145e-13,7.315817220281839e-08,0.1748422983497666
710,142.09472981987992,0.08333333333333333,0.2,0.5,0.08333333333333333,-7.397959178842721e-10,0.9999999284077833,-6.100125123583184e-13,7.233262262655359e-08,0.1748422983497666
711,142.29486324216143,0.08333333333333333,0.2,0.5,0.08333333333333333,-7.55579742933403e-10,0.9999999292362844,-6.185350326199896e-13,7.151991379356228e-08,0.1748422983497666
712,142.49499666444297,0.08333333333333333,0.2,0.5,0.08333333333333333,-7.715211089603848e-10,0.9999999300521025,-6.271301887849291e-13,7.072004570384435e-08,0.1748422983497666
713,142.69513008672448,0.08333333333333333,0.2,0.5,0.08333333333333333,-7.876200159652133e-10,0.9999999308552374,-6.357979808531345e-13,6.993301835740003e-08,0.1748422983497666
714,142.89526350900599,0.08333333333333333,0.2,0.5,0.08333333333333333,-8.038764639478904e-10,0.9999999316456892,-6.44538408824607e-13,6.915883175422919e-08,0.1748422983497666
715,143.09539693128752,0.08333333333333333,0.2,0.5,0.08333333333333333,-8.202904529084185e-10,0.999999932423458,-6.53351472699348e-13,6.839748589433172e-08,0.1748422983497666
716,143.29553035356903,0.08333333333333333,0.2,0.5,0.08333333333333333,-8.368618491841417e-10,0.9999999331885558,-6.622366004010262e-13,6.764896838131559e-08,0.1748422983497666
717,143.49566377585057,0.08333333333333333,0.2,0.5,0.08333333333333333,-8.535520527061286e-10,0.9999999339445239,-6.710285835824195e-13,6.690969929520235e-08,0.1748422983497666
718,143.69579719813208,0.08333333333333333,0.2,0.5,0.08333333333333333,-8.703306605514878e-10,0.9999999346941514,-6.795972976924731e-13,6.617685895110467e-08,0.1748422983497666
719,143.8959306204136,0.08333333333333333,0.2,0.5,0.08333333333333333,-8.871976727202219e-10,0.9999999354374384,-6.879427427311883e-13,6.54504473490224e-08,0.1748422983497666
720,144.09606404269513,0.08333333333333333,0.2,0.5,0.08333333333333333,-9.041530892123331e-10,0.9999999361743848,-6.960649186985662e-13,6.473046448895547e-08,0.1748422983497666
721,144.29619746497664,0.08333333333333333,0.2,0.5,0.08333333333333333,-9.211969100278166e-10,0.9999999369049907,-7.039638255946047e-13,6.40169103709041e-08,0.1748422983497666
722,144.49633088725815,0.08333333333333333,0.2,0.5,0.08333333333333333,-9.38329135166675e-10,0.999999937629256,-7.116394634193047e-13,6.330978499486815e-08,0.1748422983497666
723,144.6964643095397,0.08333333333333333,0.2,0.5,0.08333333333333333,-9.555497646289106e-10,0.9999999383471807,-7.190918321726674e-13,6.260908836084754e-08,0.1748422983497666
724,144.8965977318212,0.08333333333333333,0.2,0.5,0.08333333333333333,-9.728587984145184e-10,0.9999999390587648,-7.263209318546908e-13,6.191482046884247e-08,0.1748422983497666
725,145.09673115410274,0.08333333333333333,0.2,0.5,0.08333333333333333,-9.902562365235037e-10,0.9999999397640085,-7.333267624653768e-13,6.122698131885274e-08,0.1748422983497666
726,145.29686457638425,0.08333333333333333,0.2,0.5,0.08333333333333333,-1.0077420789558613e-09,0.9999999404629115,-7.401093240047233e-13,6.054557091087854e-08,0.1748422983497666
727,145.49699799866576,0.08333333333333333,0.2,0.5,0.08333333333333333,-1.0253163257115933e-09,0.999999941155474,-7.466686164727315e-13,5.987058924491977e-08,0.1748422983497666
728,145.6971314209473,0.08333333333333333,0.2,0.5,0.08333333333333333,-1.042978976790703e-09,0.9999999418416959,-7.530046398694021e-13,5.920203632097636e-08,0.1748422983497666
729,145.8972648432288,0.08333333333333333,0.2,0.5,0.08333333333333333,-1.0607300321931849e-09,0.9999999425215773,-7.591173941947335e-13,5.853991213904847e-08,0.1748422983497666
730,146.09739826551032,0.08333333333333333,0.2,0.5,0.08333333333333333,-1.0785694919190416e-09,0.9999999431951181,-7.650068794487266e-13,5.7884216699136025e-08,0.1748422983497666
731,146.29753168779186,0.08333333333333333,0.2,0.5,0.08333333333333333,-1.0964973559682755e-09,0.9999999438623183,-7.706730956313821e-13,5.723495000123892e-08,0.1748422983497666
732,146.49766511007337,0.08333333333333333,0.2,0.5,0.08333333333333333,-1.1145136243408814e-09,0.999999944523178,-7.761160427426983e-13,5.659211204535735e-08,0.1748422983497666
733,146.6977985323549,0.08333333333333333,0.2,0.5,0.08333333333333333,-1.132618297036865e-09,0.9999999451776971,-7.813357207826769e-13,5.5955702831491116e-08,0.1748422983497666
734,146.89793195463642,0.08333333333333333,0.2,0.5,0.08333333333333333,-1.1508113740562207e-09,0.9999999458258757,-7.863321297513164e-13,5.5325722359640415e-08,0.1748422983497666
735,147.09806537691793,0.08333333333333333,0.2,0.5,0.08333333333333333,-1.1690928553989514e-09,0.9999999464677137,-7.911052696486175e-13,5.470217062980515e-08,0.1748422983497666
736,147.29819879919947,0.08333333333333333,0.2,0.5,0.08333333333333333,-1.187462741065059e-09,0.9999999471032112,-7.956551404745809e-13,5.408504764198524e-08,0.1748422983497666
737,147.49833222148098,0.08333333333333333,0.2,0.5,0.08333333333333333,-1.2059210310545392e-09,0.999999947732368,-7.999817422292053e-13,5.3474353396180844e-08,0.1748422983497666
738,147.6984656437625,0.08333333333333333,0.2,0.5,0.08333333333333333,-1.224467725367394e-09,0.9999999483551844,-8.040850749124913e-13,5.2870087892391893e-08,0.1748422983497666
739,147.89859906604403,0.08333333333333333,0.2,0.5,0.08333333333333333,-1.2431028240036263e-09,0.9999999489716601,-8.079651385244394e-13,5.2272251130618294e-08,0.1748422983497666
740,148.09873248832554,0.08333333333333333,0.2,0.5,0.08333333333333333,-1.2618263269632307e-09,0.9999999495817953,-8.116219330650487e-13,5.168084311086021e-08,0.1748422983497666
741,148.29886591060708,0.08333333333333333,0.2,0.5,0.08333333333333333,-1.2806382342462126e-09,0.99999995018559,-8.150554585343199e-13,5.109586383311749e-08,0.1748422983497666
742,148.4989993328886,0.08333333333333333,0.2,0.5,0.08333333333333333,-1.2995385458525667e-09,0.999999950783044,-8.182657149322525e-13,5.051731329739029e-08,0.1748422983497666
743,148.6991327551701,0.08333333333333333,0.2,0.5,0.08333333333333333,-1.3185272617822952e-09,0.9999999513741575,-8.212527022588465e-13,4.994519150367852e-08,0.1748422983497666
744,148.89926617745164,0.08333333333333333,0.2,0.5,0.08333333333333333,-1.3376043820354016e-09,0.9999999519589304,-8.240164205141026e-13,4.937949845198211e-08,0.1748422983497666
745,149.09939959973315,0.08333333333333333,0.2,0.5,0.08333333333333333,-1.3567699066118799e-09,0.9999999525373628,-8.265568696980199e-13,4.8820234142301216e-08,0.1748422983497666
746,149.29953302201466,0.08333333333333333,0.2,0.5,0.08333333333333333,-1.376023835511733e-09,0.9999999531094547,-8.288740498105989e-13,4.826739857463576e-08,0.1748422983497666
747,149.4996664442962,0.08333333333333333,0.2,0.5,0.08333333333333333,-1.3953661687349635e-09,0.999999953675206,-8.309679608518397e-13,4.772099174898567e-08,0.1748422983497666
748,149.6997998665777,0.08333333333333333,0.2,0.5,0.08333333333333333,-1.4147969062815663e-09,0.9999999542346166,-8.328386028217419e-13,4.718101366535108e-08,0.1748422983497666
749,149.89993328885924,0.08333333333333333,0.2,0.5,0.08333333333333333,-1.4343160481515463e-09,0.9999999547876868,-8.344859757203059e-13,4.6647464323731866e-08,0.1748422983497666
750,150.10006671114076,0.08333333333333333,0.2,0.5,0.08333333333333333,-1.4539235943448987e-09,0.9999999553344164,-8.359100795475313e-13,4.6120343724128154e-08,0.1748422983497666
751,150.30020013342227,0.08333333333333333,0.2,0.5,0.08333333333333333,-1.4736195448616256e-09,0.9999999558748054,-8.371109143034183e-13,4.559965186653989e-08,0.1748422983497666
752,150.5003335557038,0.08333333333333333,0.2,0.5,0.08333333333333333,-1.4934038997017303e-09,0.9999999564088539,-8.380884799879671e-13,4.508538875096698e-08,0.1748422983497666
753,150.70046697798531,0.08333333333333333,0.2,0.5,0.08333333333333333,-1.5132766588652068e-09,0.9999999569365619,-8.388427766011774e-13,4.4577554377409586e-08,0.1748422983497666
754,150.90060040026682,0.08333333333333333,0.2,0.5,0.08333333333333333,-1.533237822352058e-09,0.9999999574579291,-8.393738041430493e-13,4.4076148745867625e-08,0.1748422983497666
755,151.10073382254836,0.08333333333333333,0.2,0.5,0.08333333333333333,-1.5532873901622871e-09,0.9999999579729559,-8.396815626135828e-13,4.3581171856341035e-08,0.1748422983497666
756,151.30086724482987,0.08333333333333333,0.2,0.5,0.08333333333333333,-1.573425362295888e-09,0.9999999584816421,-8.39766052012778e-13,4.309262370882995e-08,0.1748422983497666
757,151.5010006671114,0.08333333333333333,0.2,0.5,0.08333333333333333,-1.5936517387528665e-09,0.9999999589839879,-8.396272723406347e-13,4.2610504303334235e-08,0.1748422983497666
758,151.70113408939292,0.08333333333333333,0.2,0.5,0.08333333333333333,-1.613966519533217e-09,0.9999999594799929,-8.392652235971531e-13,4.2134813639854025e-08,0.1748422983497666
759,151.90126751167443,0.08333333333333333,0.2,0.5,0.08333333333333333,-1.6343697046369422e-09,0.9999999599696575,-8.386799057823331e-13,4.166555171838925e-08,0.1748422983497666
760,152.10140093395597,0.08333333333333333,0.2,0.5,0.08333333333333333,-1.654861294064045e-09,0.9999999604529815,-8.378713188961746e-13,4.120271853893985e-08,0.1748422983497666
761,152.30153435623748,0.08333333333333333,0.2,0.5,0.08333333333333333,-1.6754412878145199e-09,0.9999999609299649,-8.368394629386778e-13,4.074631410150595e-08,0.1748422983497666
762,152.501667778519,0.08333333333333333,0.2,0.5,0.08333333333333333,-1.6961096858883694e-09,0.9999999614006078,-8.355843379098427e-13,4.029633840608749e-08,0.1748422983497666
763,152.70180120080053,0.08333333333333333,0.2,0.5,0.08333333333333333,-1.7168664882855968e-09,0.99999996186491,-8.341059438096689e-13,3.98527914526844e-08,0.1748422983497666
764,152.90193462308204,0.08333333333333333,0.2,0.5,0.08333333333333333,-1.737711695006196e-09,0.9999999623228718,-8.324042806381571e-13,3.9415673241296815e-08,0.1748422983497666
765,153.10206804536358,0.08333333333333333,0.2,0.5,0.08333333333333333,-1.758614220415097e-09,0.9999999627753333,-8.304770018563631e-13,3.8984112316877033e-08,0.1748422983497666
766,153.3022014676451,0.08333333333333333,0.2,0.5,0.08333333333333333,-1.779508912929689e-09,0.9999999632240559,-8.283191894137019e-13,3.855628221921685e-08,0.1748422983497666
767,153.5023348899266,0.08333333333333333,0.2,0.5,0.08333333333333333,-1.8003937129095427e-09,0.9999999636690954,-8.259306878355793e-13,3.813212520833285e-08,0.1748422983497666
768,153.70246831220814,0.08333333333333333,0.2,0.5,0.08333333333333333,-1.8212686203546615e-09,0.9999999641104517,-8.233114971219951e-13,3.7711641284225004e-08,0.1748422983497666
769,153.90260173448965,0.08333333333333333,0.2,0.5,0.08333333333333333,-1.842133635265039e-09,0.9999999645481247,-8.204616172729499e-13,3.7294830446893415e-08,0.1748422983497666
770,154.1027351567712,0.08333333333333333,0.2,0.5,0.08333333333333333,-1.862988757640682e-09,0.9999999649821145,-8.173810482884428e-13,3.688169269633797e-08,0.1748422983497666
771,154.3028685790527,0.08333333333333333,0.2,0.5,0.08333333333333333,-1.883833987481583e-09,0.9999999654124211,-8.14069790168475e-13,3.647222803255879e-08,0.1748422983497666
772,154.5030020013342,0.08333333333333333,0.2,0.5,0.08333333333333333,-1.9046693247877467e-09,0.9999999658390445,-8.105278429130458e-13,3.606643645555581e-08,0.1748422983497666
773,154.70313542361575,0.08333333333333333,0.2,0.5,0.08333333333333333,-1.925494769559175e-09,0.9999999662619846,-8.067552065221547e-13,3.566431796532898e-08,0.1748422983497666
774,154.90326884589726,0.08333333333333333,0.2,0.5,0.08333333333333333,-1.946310321795862e-09,0.9999999666812416,-8.027518809958028e-13,3.52658725618784e-08,0.1748422983497666
775,155.10340226817877,0.08333333333333333,0.2,0.5,0.08333333333333333,-1.9671159814978107e-09,0.9999999670968154,-7.985178663339895e-13,3.487110024520402e-08,0.1748422983497666
776,155.3035356904603,0.08333333333333333,0.2,0.5,0.08333333333333333,-1.987911748665025e-09,0.9999999675087059,-7.940531625367144e-13,3.448000101530579e-08,0.1748422983497666
777,155.50366911274182,0.08333333333333333,0.2,0.5,0.08333333333333333,-2.0086976232974972e-09,0.9999999679169133,-7.893577696039785e-13,3.4092574872183827e-08,0.1748422983497666
778,155.70380253502336,0.08333333333333333,0.2,0.5,0.08333333333333333,-2.029473605395235e-09,0.9999999683214373,-7.844316875357806e-13,3.3708821815838e-08,0.1748422983497666
779,155.90393595730487,0.08333333333333333,0.2,0.5,0.08333333333333333,-2.0502396949582317e-09,0.9999999687222783,-7.79274916332122e-13,3.3328741846268434e-08,0.1748422983497666
780,156.10406937958638,0.08333333333333333,0.2,0.5,0.08333333333333333,-2.07099589198649e-09,0.999999969119436,-7.738874559930021e-13,3.2952334963475066e-08,0.1748422983497666
781,156.30420280186792,0.08333333333333333,0.2,0.5,0.08333333333333333,-2.0917421964800135e-09,0.9999999695129105,-7.682693065184201e-13,3.257960116745785e-08,0.1748422983497666
782,156.50433622414943,0.08333333333333333,0.2,0.5,0.08333333333333333,-2.1124786084387954e-09,0.9999999699027018,-7.624204679083776e-13,3.2210540458216894e-08,0.1748422983497666
783,156.70446964643094,0.08333333333333333,0.2,0.5,0.08333333333333333,-2.1332051278628394e-09,0.9999999702888098,-7.563409401628737e-13,3.184515283575213e-08,0.1748422983497666
784,156.90460306871248,0.08333333333333333,0.2,0.5,0.08333333333333333,-2.1539217547521486e-09,0.9999999706712347,-7.500307232819076e-13,3.148343830006352e-08,0.1748422983497666
785,157.104736490994,0.08333333333333333,0.2,0.5,0.08333333333333333,-2.1746284891067166e-09,0.9999999710499763,-7.43489817265481e-13,3.1125396851151165e-08,0.1748422983497666
786,157.30486991327552,0.08333333333333333,0.2,0.5,0.08333333333333333,-2.195325330926549e-09,0.9999999714250348,-7.367182221135922e-13,3.077102848901496e-08,0.1748422983497666
787,157.50500333555703,0.08333333333333333,0.2,0.5,0.08333333333333333,-2.2160122802116407e-09,0.99999997179641,-7.29715937826243e-13,3.042033321365501e-08,0.1748422983497666
788,157.70513675783855,0.08333333333333333,0.2,0.5,0.08333333333333333,-2.2366893369619943e-09,0.9999999721641021,-7.224829644034325e-13,3.007331102507126e-08,0.1748422983497666
789,157.90527018012008,0.08333333333333333,0.2,0.5,0.08333333333333333,-2.2573565011776126e-09,0.9999999725281108,-7.150193018451596e-13,2.972996192326366e-08,0.1748422983497666
790,158.1054036024016,0.08333333333333333,0.2,0.5,0.08333333333333333,-2.2780137728584902e-09,0.9999999728884365,-7.073249501514263e-13,2.939028590823231e-08,0.1748422983497666
791,158.3055370246831,0.08333333333333333,0.2,0.5,0.08333333333333333,-2.298661152004629e-09,0.9999999732450788,-6.993999093222319e-13,2.9054282979977168e-08,0.1748422983497666
792,158.50567044696464,0.08333333333333333,0.2,0.5,0.08333333333333333,-2.319298638616033e-09,0.9999999735980379,-6.912441793575748e-13,2.8721953138498177e-08,0.1748422983497666
793,158.70580386924615,0.08333333333333333,0.2,0.5,0.08333333333333333,-2.3399262326926964e-09,0.999999973947314,-6.828577602574576e-13,2.8393296383795436e-08,0.1748422983497666
794,158.9059372915277,0.08333333333333333,0.2,0.5,0.08333333333333333,-2.3605439342346243e-09,0.9999999742929067,-6.742406520218778e-13,2.806831271586885e-08,0.1748422983497666
795,159.1060707138092,0.08333333333333333,0.2,0.5,0.08333333333333333,-2.3811517432418107e-09,0.9999999746348163,-6.65392854650838e-13,2.774700213471851e-08,0.1748422983497666
796,159.3062041360907,0.08333333333333333,0.2,0.5,0.08333333333333333,-2.4017496597142596e-09,0.9999999749730426,-6.563143681443368e-13,2.7429364640344375e-08,0.1748422983497666
797,159.50633755837225,0.08333333333333333,0.2,0.5,0.08333333333333333,-2.422337683651973e-09,0.9999999753075857,-6.47005192502373e-13,2.71154002327464e-08,0.1748422983497666
798,159.70647098065376,0.08333333333333333,0.2,0.5,0.08333333333333333,-2.4429158150549456e-09,0.9999999756384456,-6.374653277249491e-13,2.6805108911924666e-08,0.1748422983497666
799,159.90660440293527,0.08333333333333333,0.2,0.5,0.08333333333333333,-2.46348405392318e-09,0.9999999759656223,-6.276947738120639e-13,2.6498490677879135e-08,0.1748422983497666
800,160.1067378252168,0.08333333333333333,0.2,0.5,0.08333333333333333,-2.484042400256679e-09,0.9999999762891157,-6.17693530763716e-13,2.6195545530609763e-08,0.1748422983497666
801,160.30687124749832,0.08333333333333333,0.2,0.5,0.08333333333333333,-2.504590854055437e-09,0.999999976608926,-6.074615985799081e-13,2.589627347011664e-08,0.1748422983497666
802,160.50700466977986,0.08333333333333333,0.2,0.5,0.08333333333333333,-2.52512941531946e-09,0.9999999769250532,-5.969989772606375e-13,2.5600674496399672e-08,0.1748422983497666
803,160.70713809206137,0.08333333333333333,0.2,0.5,0.08333333333333333,-2.545658084048742e-09,0.999999977237497,-5.863056668059069e-13,2.530874860945895e-08,0.1748422983497666
804,160.90727151434288,0.08333333333333333,0.2,0.5,0.08333333333333333,-2.566176860243286e-09,0.9999999775462577,-5.753816672157151e-13,2.5020495809294427e-08,0.1748422983497666
805,161.10740493662442,0.08333333333333333,0.2,0.5,0.08333333333333333,-2.5866857439030943e-09,0.9999999778513351,-5.642269784900604e-13,2.473591609590607e-08,0.1748422983497666
806,161.30753835890593,0.08333333333333333,0.2,0.5,0.08333333333333333,-2.607184735028162e-09,0.9999999781527293,-5.528416006289459e-13,2.445500946929395e-08,0.1748422983497666
807,161.50767178118744,0.08333333333333333,0.2,0.5,0.08333333333333333,-2.6276738336184914e-09,0.9999999784504403,-5.4122553363237e-13,2.4177775929458035e-08,0.1748422983497666
808,161.70780520346898,0.08333333333333333,0.2,0.5,0.08333333333333333,-2.6481530396740856e-09,0.9999999787444681,-5.293787775003311e-13,2.3904215476398285e-08,0.1748422983497666
809,161.9079386257505,0.08333333333333333,0.2,0.5,0.08333333333333333,-2.668622353194939e-09,0.9999999790348127,-5.173013322328326e-13,2.3634328110114773e-08,0.1748422983497666
810,162.10807204803203,0.08333333333333333,0.2,0.5,0.08333333333333333,-2.6890817741810566e-09,0.9999999793214741,-5.04993197829871e-13,2.3368113830607424e-08,0.1748422983497666
811,162.30820547031354,0.08333333333333333,0.2,0.5,0.08333333333333333,-2.709531302632434e-09,0.9999999796044523,-4.924543742914498e-13,2.3105572637876317e-08,0.1748422983497666
812,162.50833889259505,0.08333333333333333,0.2,0.5,0.08333333333333333,-2.7299709385490726e-09,0.9999999798837472,-4.796848616175673e-13,2.2846704531921412e-08,0.1748422983497666
813,162.7084723148766,0.08333333333333333,0.2,0.5,0.08333333333333333,-2.7503841241143123e-09,0.9999999801595425,-4.667171835533095e-13,2.2591309439261793e-08,0.1748422983497666
814,162.9086057371581,0.08333333333333333,0.2,0.5,0.08333333333333333,-2.7706821807602886e-09,0.9999999804328212,-4.537255272632211e-13,2.2338315827937148e-08,0.1748422983497666
815,163.1087391594396,0.08333333333333333,0.2,0.5,0.08333333333333333,-2.7908519747194658e-09,0.9999999807037288,-4.407356907927882e-13,2.208756499836512e-08,0.1748422983497666
816,163.30887258172115,0.08333333333333333,0.2,0.5,0.08333333333333333,-2.8108935059918464e-09,0.9999999809722654,-4.277476741420092e-13,2.1839056950545676e-08,0.1748422983497666
817,163.50900600400266,0.08333333333333333,0.2,0.5,0.08333333333333333,-2.8308067745774247e-09,0.9999999812384309,-4.147614773108878e-13,2.159279168447889e-08,0.1748422983497666
818,163.7091394262842,0.08333333333333333,0.2,0.5,0.08333333333333333,-2.850591780476207e-09,0.9999999815022254,-4.017771002994201e-13,2.134876920016469e-08,0.1748422983497666
819,163.9092728485657,0.08333333333333333,0.2,0.5,0.08333333333333333,-2.8702485236881867e-09,0.9999999817636489,-3.887945431076101e-13,2.1106989497603145e-08,0.1748422983497666
820,164.10940627084722,0.08333333333333333,0.2,0.5,0.08333333333333333,-2.889777004213367e-09,0.9999999820227012,-3.758138057354557e-13,2.0867452576794222e-08,0.1748422983497666
821,164.30953969312876,0.08333333333333333,0.2,0.5,0.08333333333333333,-2.9091772220517513e-09,0.9999999822793826,-3.6283488818295515e-13,2.0630158437737883e-08,0.1748422983497666
822,164.50967311541027,0.08333333333333333,0.2,0.5,0.08333333333333333,-2.928449177203333e-09,0.9999999825336929,-3.4985779045011216e-13,2.03951070804342e-08,0.1748422983497666
823,164.70980653769178,0.08333333333333333,0.2,0.5,0.08333333333333333,-2.9475928696681156e-09,0.9999999827856322,-3.368825125369249e-13,2.0162298504883138e-08,0.1748422983497666
824,164.90993995997331,0.08333333333333333,0.2,0.5,0.08333333333333333,-2.9666082994461015e-09,0.9999999830352004,-3.239090544433915e-13,1.9931732711084662e-08,0.1748422983497666
825,165.11007338225482,0.08333333333333333,0.2,0.5,0.08333333333333333,-2.9854954665372854e-09,0.9999999832823977,-3.1093741616951563e-13,1.970340969903884e-08,0.1748422983497666
826,165.31020680453636,0.08333333333333333,0.2,0.5,0.08333333333333333,-3.004254370941673e-09,0.9999999835272239,-2.9796759771529354e-13,1.9477329468745606e-08,0.1748422983497666
827,165.51034022681787,0.08333333333333333,0.2,0.5,0.08333333333333333,-3.022885012659258e-09,0.9999999837696789,-2.84999599080729e-13,1.9253492020205026e-08,0.1748422983497666
828,165.71047364909938,0.08333333333333333,0.2,0.5,0.08333333333333333,-3.041387391690044e-09,0.999999984009763,-2.720334202658203e-13,1.9031897353417067e-08,0.1748422983497666
829,165.91060707138092,0.08333333333333333,0.2,0.5,0.08333333333333333,-3.0597615080340333e-09,0.999999984247476,-2.590690612705653e-13,1.8812545468381696e-08,0.1748422983497666
830,166.11074049366243,0.08333333333333333,0.2,0.5,0.08333333333333333,-3.0780073616912204e-09,0.999999984482818,-2.461065220949679e-13,1.8595436365098976e-08,0.1748422983497666
831,166.31087391594394,0.08333333333333333,0.2,0.5,0.08333333333333333,-3.0961249526616085e-09,0.9999999847157889,-2.331458027390262e-13,1.838057004356888e-08,0.1748422983497666
832,166.51100733822548,0.08333333333333333,0.2,0.5,0.08333333333333333,-3.1141142809451996e-09,0.9999999849463889,-2.201869032027384e-13,1.816794650379137e-08,0.1748422983497666
833,166.711140760507,0.08333333333333333,0.2,0.5,0.08333333333333333,-3.1319753465419888e-09,0.9999999851746176,-2.0722982348610808e-13,1.7957565745766514e-08,0.1748422983497666
834,166.91127418278853,0.08333333333333333,0.2,0.5,0.08333333333333333,-3.1497081494519814e-09,0.9999999854004755,-1.9427456358913155e-13,1.774942776949425e-08,0.1748422983497666
835,167.11140760507004,0.08333333333333333,0.2,0.5,0.08333333333333333,-3.167312689675172e-09,0.9999999856239622,-1.8132112351181264e-13,1.754353257497463e-08,0.1748422983497666
836,167.31154102735155,0.08333333333333333,0.2,0.5,0.08333333333333333,-3.1847889672115637e-09,0.999999985845078,-1.6836950325414946e-13,1.733988016220764e-08,0.1748422983497666
837,167.5116744496331,0.08333333333333333,0.2,0.5,0.08333333333333333,-3.202136982061158e-09,0.9999999860638227,-1.5541970281614012e-13,1.7138470531193233e-08,0.1748422983497666
838,167.7118078719146,0.08333333333333333,0.2,0.5,0.08333333333333333,-3.2193567342239507e-09,0.9999999862801963,-1.4247172219778823e-13,1.693930368193148e-08,0.1748422983497666
839,167.9119412941961,0.08333333333333333,0.2,0.5,0.08333333333333333,-3.236448223699944e-09,0.9999999864941989,-1.2952556139909214e-13,1.6742379614422348e-08,0.1748422983497666
840,168.11207471647765,0.08333333333333333,0.2,0.5,0.08333333333333333,-3.2534114504891407e-09,0.9999999867058305,-1.1658122042004988e-13,1.6547698328665807e-08,0.1748422983497666
841,168.31220813875916,0.08333333333333333,0.2,0.5,0.08333333333333333,-3.270246414591535e-09,0.999999986915091,-1.0363869926066513e-13,1.6355259824661913e-08,0.1748422983497666
842,168.5123415610407,0.08333333333333333,0.2,0.5,0.08333333333333333,-3.286953116007133e-09,0.9999999871219805,-9.06979979209343e-14,1.6165064102410614e-08,0.1748422983497666
843,168.7124749833222,0.08333333333333333,0.2,0.5,0.08333333333333333,-3.3035315547359293e-09,0.9999999873264989,-7.775911640086089e-14,1.5977111161911963e-08,0.1748422983497666
844,168.91260840560372,0.08333333333333333,0.2,0.5,0.08333333333333333,-3.3199817307779257e-09,0.9999999875286463,-6.482205470044327e-14,1.5791401003165932e-08,0.1748422983497666
845,169.11274182788526,0.08333333333333333,0.2,0.5,0.08333333333333333,-3.3363036441331256e-09,0.9999999877284226,-5.188681281967948e-14,1.5607933626172496e-08,0.1748422983497666
846,169.31287525016677,0.08333333333333333,0.2,0.5,0.08333333333333333,-3.3524972948015236e-09,0.9999999879258279,-3.8953390758573224e-14,1.5426709030931707e-08,0.1748422983497666
847,169.51300867244828,0.08333333333333333,0.2,0.5,0.08333333333333333,-3.3685626827831225e-09,0.9999999881208621,-2.6021788517122714e-14,1.5247727217443536e-08,0.1748422983497666
848,169.71314209472982,0.08333333333333333,0.2,0.5,0.08333333333333333,-3.384499808077924e-09,0.9999999883135253,-1.3092006095326005e-14,1.5070988185707963e-08,0.1748422983497666
849,169.91327551701133,0.08333333333333333,0.2,0.5,0.08333333333333333,-3.4003086706859245e-09,0.9999999885038175,-1.64043493186858e-16,1.4896491935725037e-08,0.1748422983497666
850,170.11340893929287,0.08333333333333333,0.2,0.5,0.08333333333333333,-3.4159892706071276e-09,0.9999999886917387,1.2762099289298463e-14,1.4724238467494705e-08,0.1748422983497666
851,170.31354236157438,0.08333333333333333,0.2,0.5,0.08333333333333333,-3.431541607841529e-09,0.9999999888772887,2.568642225212622e-14,1.4554227781017018e-08,0.1748422983497666
852,170.5136757838559,0.08333333333333333,0.2,0.5,0.08333333333333333,-3.4469656823891312e-09,0.9999999890604677,3.8608925395298285e-14,1.4386459876291951e-08,0.1748422983497666
853,170.71380920613743,0.08333333333333333,0.2,0.5,0.08333333333333333,-3.462261494249936e-09,0.9999999892412758,5.15296087188165e-14,1.4220934753319483e-08,0.1748422983497666
854,170.91394262841894,0.08333333333333333,0.2,0.5,0.08333333333333333,-3.4774290434239395e-09,0.9999999894197127,6.444847222267717e-14,1.4057652412099658e-08,0.1748422983497666
855,171.11407605070045,0.08333333333333333,0.2,0.5,0.08333333333333333,-3.4924683299111437e-09,0.9999999895957786,7.736551590688214e-14,1.3896612852632454e-08,0.1748422983497666
856,171.314209472982,0.08333333333333333,0.2,0.5,0.08333333333333333,-3.507379353711551e-09,0.9999999897694735,9.028073977143325e-14,1.3737816074917847e-08,0.1748422983497666
857,171.5143428952635,0.08333333333333333,0.2,0.5,0.08333333333333333,-3.5221621148251565e-09,0.9999999899407973,1.0319414381632684e-13,1.3581262078955883e-08,0.1748422983497666
858,171.71447631754504,0.08333333333333333,0.2,0.5,0.08333333333333333,-3.536816613251965e-09,0.99999999010975,1.1610572804156654e-13,1.342695086474652e-08,0.1748422983497666
859,171.91460973982655,0.08333333333333333,0.2,0.5,0.08333333333333333,-3.5513428489919716e-09,0.9999999902763318,1.2901549244714875e-13,1.3274882432289798e-08,0.1748422983497666
860,172.11474316210806,0.08333333333333333,0.2,0.5,0.08333333333333333,-3.5657408220451793e-09,0.9999999904405426,1.4192343703307523e-13,1.3125056781585696e-08,0.1748422983497666
861,172.3148765843896,0.08333333333333333,0.2,0.5,0.08333333333333333,-3.57565602491413e-09,0.9999999906068581,1.5320945375079151e-13,1.2968645183165513e-08,0.1748422983497666
862,172.5150100066711,0.08333333333333333,0.2,0.5,0.08333333333333333,-3.5729944347619326e-09,0.999999990783598,1.5986213624701778e-13,1.2789237069822324e-08,0.1748422983497666
863,172.71514342895262,0.08333333333333333,0.2,0.5,0.08333333333333333,-3.569858479213755e-09,0.9999999909583226,1.6638423033492512e-13,1.2611370017729606e-08,0.1748422983497666
864,172.91527685123415,0.08333333333333333,0.2,0.5,0.08333333333333333,-3.566248158269597e-09,0.9999999911310318,1.727757360145147e-13,1.2435044026887333e-08,0.1748422983497666
865,173.11541027351566,0.08333333333333333,0.2,0.5,0.08333333333333333,-3.562163471929459e-09,0.9999999913017258,1.7903665328578454e-13,1.2260259097295553e-08,0.1748422983497666
866,173.3155436957972,0.08333333333333333,0.2,0.5,0.08333333333333333,-3.557604420193341e-09,0.9999999914704045,1.8516698214873639e-13,1.2087015228954219e-08,0.1748422983497666
867,173.5156771180787,0.08333333333333333,0.2,0.5,0.08333333333333333,-3.552571003061243e-09,0.9999999916370679,1.911667226033686e-13,1.1915312421863378e-08,0.1748422983497666
868,173.71581054036022,0.08333333333333333,0.2,0.5,0.08333333333333333,-3.5470632205331657e-09,0.999999991801716,1.9703587464968205e-13,1.1745150676023009e-08,0.1748422983497666
869,173.91594396264176,0.08333333333333333,0.2,0.5,0.08333333333333333,-3.5410810726091067e-09,0.9999999919643487,2.027744382876775e-13,1.1576529991433083e-08,0.1748422983497666
870,174.11607738492327,0.08333333333333333,0.2,0.5,0.08333333333333333,-3.534624559289069e-09,0.9999999921249663,2.0838241351735324e-13,1.1409450368093653e-08,0.1748422983497666
871,174.31621080720478,0.08333333333333333,0.2,0.5,0.08333333333333333,-3.5276936805730514e-09,0.9999999922835684,2.1385980033871026e-13,1.1243911806004696e-08,0.1748422983497666
872,174.51634422948632,0.08333333333333333,0.2,0.5,0.08333333333333333,-3.5202884364610522e-09,0.9999999924401554,2.1920659875174928e-13,1.1079914305166181e-08,0.1748422983497666
873,174.71647765176783,0.08333333333333333,0.2,0.5,0.08333333333333333,-3.5124088269530747e-09,0.9999999925947269,2.244228087564686e-13,1.0917457865578159e-08,0.1748422983497666
874,174.91661107404937,0.08333333333333333,0.2,0.5,0.08333333333333333,-3.5040548520491154e-09,0.9999999927472832,2.295084303528699e-13,1.075654248724059e-08,0.1748422983497666
875,175.11674449633088,0.08333333333333333,0.2,0.5,0.08333333333333333,-3.4952265117491773e-09,0.9999999928978243,2.3446346354095174e-13,1.059716817015351e-08,0.1748422983497666
876,175.3168779186124,0.08333333333333333,0.2,0.5,0.08333333333333333,-3.4859238060532596e-09,0.99999999304635,2.392879083207147e-13,1.04393349143169e-08,0.1748422983497666
877,175.51701134089393,0.08333333333333333,0.2,0.5,0.08333333333333333,-3.47614673496136e-09,0.9999999931928604,2.4398176469215953e-13,1.0283042719730735e-08,0.1748422983497666
878,175.71714476317544,0.08333333333333333,0.2,0.5,0.08333333333333333,-3.465895298473482e-09,0.9999999933373556,2.4854503265528484e-13,1.0128291586395066e-08,0.1748422983497666
879,175.91727818545695,0.08333333333333333,0.2,0.5,0.08333333333333333,-3.4551694965896237e-09,0.9999999934798354,2.5297771221009146e-13,9.975081514309867e-09,0.1748422983497666
880,176.1174116077385,0.08333333333333333,0.2,0.5,0.08333333333333333,-3.443969329309784e-09,0.9999999936202999,2.5727980335657985e-13,9.823412503475115e-09,0.1748422983497666
881,176.31754503002,0.08333333333333333,0.2,0.5,0.08333333333333333,-3.432294796633966e-09,0.9999999937587492,2.614513060947488e-13,9.673284553890853e-09,0.1748422983497666
882,176.51767845230154,0.08333333333333333,0.2,0.5,0.08333333333333333,-3.4201458985621665e-09,0.9999999938951831,2.6549222042459957e-13,9.524697665557042e-09,0.1748422983497666
883,176.71781187458305,0.08333333333333333,0.2,0.5,0.08333333333333333,-3.407522635094388e-09,0.9999999940296017,2.6940254634613094e-13,9.377651838473723e-09,0.1748422983497666
884,176.91794529686456,0.08333333333333333,0.2,0.5,0.08333333333333333,-3.39442500623063e-09,0.9999999941620051,2.7318228385934347e-13,9.232147072640872e-09,0.1748422983497666
885,177.1180787191461,0.08333333333333333,0.2,0.5,0.08333333333333333,-3.38085301197089e-09,0.9999999942923932,2.7683143296423777e-13,9.088183368058468e-09,0.1748422983497666
886,177.3182121414276,0.08333333333333333,0.2,0.5,0.08333333333333333,-3.3668066523151715e-09,0.9999999944207659,2.803499936608127e-13,8.945760724726559e-09,0.1748422983497666
887,177.51834556370912,0.08333333333333333,0.2,0.5,0.08333333333333333,-3.3522859272634736e-09,0.9999999945471234,2.837379659490688e-13,8.804879142645119e-09,0.1748422983497666
888,177.71847898599066,0.08333333333333333,0.2,0.5,0.08333333333333333,-3.337290836815793e-09,0.9999999946714655,2.8699534982900664e-13,8.665538621814127e-09,0.1748422983497666
889,177.91861240827217,0.08333333333333333,0.2,0.5,0.08333333333333333,-3.3218213809721345e-09,0.9999999947937924,2.901221453006252e-13,8.527739162233625e-09,0.1748422983497666
890,178.1187458305537,0.08333333333333333,0.2,0.5,0.08333333333333333,-3.305877559732494e-09,0.999999994914104,2.931183523639253e-13,8.391480763903577e-09,0.1748422983497666
891,178.31887925283522,0.08333333333333333,0.2,0.5,0.08333333333333333,-3.2894593730968755e-09,0.9999999950324002,2.9598397101890627e-13,8.256763426824016e-09,0.1748422983497666
892,178.51901267511673,0.08333333333333333,0.2,0.5,0.08333333333333333,-3.2725668210652774e-09,0.9999999951486812,2.9871900126556836e-13,8.123587150994923e-09,0.1748422983497666
893,178.71914609739827,0.08333333333333333,0.2,0.5,0.08333333333333333,-3.255199903637696e-09,0.9999999952629469,3.0132344310391206e-13,7.991951936416285e-09,0.1748422983497666
894,178.91927951967978,0.08333333333333333,0.2,0.5,0.08333333333333333,-3.2373586208141378e-09,0.9999999953751973,3.037972965339366e-13,7.861857783088134e-09,0.1748422983497666
895,179.1194129419613,0.08333333333333333,0.2,0.5,0.08333333333333333,-3.219042972594599e-09,0.9999999954854324,3.0614056155564233e-13,7.733304691010453e-09,0.1748422983497666
896,179.31954636424283,0.08333333333333333,0.2,0.5,0.08333333333333333,-3.200252958979078e-09,0.9999999955936523,3.083532381690295e-13,7.606292660183226e-09,0.1748422983497666
897,179.51967978652434,0.08333333333333333,0.2,0.5,0.08333333333333333,-3.1809885799675796e-09,0.9999999956998568,3.104353263740976e-13,7.480821690606483e-09,0.1748422983497666
898,179.71981320880587,0.08333333333333333,0.2,0.5,0.08333333333333333,-3.1612498355600983e-09,0.999999995804046,3.1238682617084723e-13,7.3568917822801936e-09,0.1748422983497666
899,179.91994663108738,0.08333333333333333,0.2,0.5,0.08333333333333333,-3.1410367257566394e-09,0.9999999959062198,3.1420773755927775e-13,7.234502935204393e-09,0.1748422983497666
900,180.1200800533689,0.08333333333333333,0.2,0.5,0.08333333333333333,-3.1203492505572005e-09,0.9999999960063785,3.158980605393894e-13,7.1136551493790605e-09,0.1748422983497666
901,180.32021347565043,0.08333333333333333,0.2,0.5,0.08333333333333333,-3.099187409961779e-09,0.9999999961045218,3.1745779511118253e-13,6.994348424804181e-09,0.1748422983497666
902,180.52034689793194,0.08333333333333333,0.2,0.5,0.08333333333333333,-3.07755120397038e-09,0.9999999962006498,3.1888694127465664e-13,6.87658276147979e-09,0.1748422983497666
903,180.72048032021348,0.08333333333333333,0.2,0.5,0.08333333333333333,-3.0554406325829985e-09,0.9999999962947625,3.201854990298121e-13,6.7603581594058516e-09,0.1748422983497666
904,180.920613742495,0.08333333333333333,0.2,0.5,0.08333333333333333,-3.0328556957996394e-09,0.99999999638686,3.2135346837664854e-13,6.6456746185824e-09,0.1748422983497666
905,181.1207471647765,0.08333333333333333,0.2,0.5,0.08333333333333333,-3.0097963936203006e-09,0.9999999964769422,3.2239084931516623e-13,6.5325321390094185e-09,0.1748422983497666
906,181.32088058705804,0.08333333333333333,0.2,0.5,0.08333333333333333,-2.9862627260449785e-09,0.9999999965650089,3.2329764184536524e-13,6.4209307206868916e-09,0.1748422983497666
907,181.52101400933955,0.08333333333333333,0.2,0.5,0.08333333333333333,-2.9622546930736797e-09,0.9999999966510605,3.240738459672453e-13,6.310870363614849e-09,0.1748422983497666
908,181.72114743162106,0.08333333333333333,0.2,0.5,0.08333333333333333,-2.9377722947064008e-09,0.9999999967350968,3.247194616808066e-13,6.202351067793277e-09,0.1748422983497666
909,181.9212808539026,0.08333333333333333,0.2,0.5,0.08333333333333333,-2.912815530943138e-09,0.9999999968171177,3.2523448898604914e-13,6.095372833222161e-09,0.1748422983497666
910,182.1214142761841,0.08333333333333333,0.2,0.5,0.08333333333333333,-2.887384401783899e-09,0.9999999968971234,3.256189278829728e-13,5.9899356599015285e-09,0.1748422983497666
911,182.32154769846565,0.08333333333333333,0.2,0.5,0.08333333333333333,-2.8614789072286764e-09,0.9999999969751138,3.2587277837157767e-13,5.8860395478313516e-09,0.1748422983497666
912,182.52168112074716,0.08333333333333333,0.2,0.5,0.08333333333333333,-2.8350990472774777e-09,0.9999999970510888,3.2599604045186375e-13,5.783684497011659e-09,0.1748422983497666
913,182.72181454302867,0.08333333333333333,0.2,0.5,0.08333333333333333,-2.8082448219302985e-09,0.9999999971250485,3.25988714123831e-13,5.682870507442437e-09,0.1748422983497666
914,182.9219479653102,0.08333333333333333,0.2,0.5,0.08333333333333333,-2.7809162311871356e-09,0.9999999971969931,3.258507993874794e-13,5.583597579123671e-09,0.1748422983497666
915,183.12208138759172,0.08333333333333333,0.2,0.5,0.08333333333333333,-2.7531132750479964e-09,0.9999999972669222,3.2558229624280907e-13,5.485865712055389e-09,0.1748422983497666
916,183.32221480987323,0.08333333333333333,0.2,0.5,0.08333333333333333,-2.7248359535128775e-09,0.9999999973348361,3.251832046898199e-13,5.389674906237576e-09,0.1748422983497666
917,183.52234823215477,0.08333333333333333,0.2,0.5,0.08333333333333333,-2.6960842665817744e-09,0.9999999974007346,3.2465352472851184e-13,5.295025161670221e-09,0.1748422983497666
918,183.72248165443628,0.08333333333333333,0.2,0.5,0.08333333333333333,-2.666858214254695e-09,0.999999997464618,3.239932563588851e-13,5.2019164783533475e-09,0.1748422983497666
919,183.92261507671782,0.08333333333333333,0.2,0.5,0.08333333333333333,-2.6371577965316314e-09,0.9999999975264859,3.232023995809394e-13,5.110348856286932e-09,0.1748422983497666
920,184.12274849899933,0.08333333333333333,0.2,0.5,0.08333333333333333,-2.6069830134125923e-09,0.9999999975863386,3.2228095439467505e-13,5.020322295470999e-09,0.1748422983497666
921,184.32288192128084,0.08333333333333333,0.2,0.5,0.08333333333333333,-2.5763338648975732e-09,0.999999997644176,3.2122892080009184e-13,4.931836795905537e-09,0.1748422983497666
922,184.52301534356238,0.08333333333333333,0.2,0.5,0.08333333333333333,-2.545210350986569e-09,0.9999999976999981,3.200462987971897e-13,4.844892357590532e-09,0.1748422983497666
923,184.7231487658439,0.08333333333333333,0.2,0.5,0.08333333333333333,-2.51361247167959e-09,0.999999997753805,3.187330883859689e-13,4.75948898052601e-09,0.1748422983497666
924,184.9232821881254,0.08333333333333333,0.2,0.5,0.08333333333333333,-2.4815402269766305e-09,0.9999999978055965,3.1728928956642934e-13,4.675626664711956e-09,0.1748422983497666
925,185.12341561040694,0.08333333333333333,0.2,0.5,0.08333333333333333,-2.4489936168776863e-09,0.9999999978553727,3.1571490233857073e-13,4.593305410148362e-09,0.1748422983497666
926,185.32354903268845,0.08333333333333333,0.2,0.5,0.08333333333333333,-2.415972641382767e-09,0.9999999979031337,3.1400992670239354e-13,4.512525216835249e-09,0.1748422983497666
927,185.52368245497,0.08333333333333333,0.2,0.5,0.08333333333333333,-2.382477300491863e-09,0.9999999979488793,3.1217436265789725e-13,4.433286084772594e-09,0.1748422983497666
928,185.7238158772515,0.08333333333333333,0.2,0.5,0.08333333333333333,-2.3485075942049834e-09,0.9999999979926095,3.1020821020508243e-13,4.355588013960422e-09,0.1748422983497666
929,185.923949299533,0.08333333333333333,0.2,0.5,0.08333333333333333,-2.3140635225221243e-09,0.9999999980343246,3.081114693439489e-13,4.279431004398719e-09,0.1748422983497666
930,186.12408272181455,0.08333333333333333,0.2,0.5,0.08333333333333333,-2.2791450854432793e-09,0.9999999980740244,3.0588414007449613e-13,4.204815056087475e-09,0.1748422983497666
931,186.32421614409606,0.08333333333333333,0.2,0.5,0.08333333333333333,-2.2437522829684597e-09,0.9999999981117088,3.035262223967249e-13,4.131740169026712e-09,0.1748422983497666
932,186.52434956637757,0.08333333333333333,0.2,0.5,0.08333333333333333,-2.2078851150976604e-09,0.9999999981473779,3.010377163106349e-13,4.0602063432164184e-09,0.1748422983497666
933,186.7244829886591,0.08333333333333333,0.2,0.5,0.08333333333333333,-2.1715435818308757e-09,0.9999999981810318,2.984186218162257e-13,3.990213578656585e-09,0.1748422983497666
934,186.92461641094062,0.08333333333333333,0.2,0.5,0.08333333333333333,-2.134727683168116e-09,0.9999999982126704,2.9566893891349807e-13,3.9217618753472315e-09,0.1748422983497666
935,187.12474983322215,0.08333333333333333,0.2,0.5,0.08333333333333333,-2.0974374191093707e-09,0.9999999982422936,2.9278866760245123e-13,3.854851233288339e-09,0.1748422983497666
936,187.32488325550366,0.08333333333333333,0.2,0.5,0.08333333333333333,-2.0596727896546513e-09,0.9999999982699016,2.89777807883086e-13,3.789481652479925e-09,0.1748422983497666
937,187.52501667778517,0.08333333333333333,0.2,0.5,0.08333333333333333,-2.0214337948039513e-09,0.9999999982954942,2.86636359755402e-13,3.725653132921982e-09,0.1748422983497666
938,187.7251501000667,0.08333333333333333,0.2,0.5,0.08333333333333333,-1.982720434557266e-09,0.9999999983190716,2.833643232193987e-13,3.6633656746144993e-09,0.1748422983497666
939,187.92528352234822,0.08333333333333333,0.2,0.5,0.08333333333333333,-1.9435327089146064e-09,0.9999999983406337,2.79961698275077e-13,3.6026192775574955e-09,0.1748422983497666
940,188.12541694462973,0.08333333333333333,0.2,0.5,0.08333333333333333,-1.9038706178759663e-09,0.9999999983601805,2.764284849224366e-13,3.543413941750962e-09,0.1748422983497666
941,188.32555036691127,0.08333333333333333,0.2,0.5,0.08333333333333333,-1.863734161441341e-09,0.9999999983777119,2.7276468316147684e-13,3.4857496671948898e-09,0.1748422983497666
942,188.52568378919278,0.08333333333333333,0.2,0.5,0.08333333333333333,-1.823123339610741e-09,0.9999999983932282,2.689702929921988e-13,3.429626453889296e-09,0.1748422983497666
943,188.72581721147432,0.08333333333333333,0.2,0.5,0.08333333333333333,-1.7820381523841554e-09,0.999999998406729,2.6504531441460135e-13,3.3750443018341647e-09,0.1748422983497666
944,188.92595063375583,0.08333333333333333,0.2,0.5,0.08333333333333333,-1.7404785997615951e-09,0.9999999984182146,2.609897474286857e-13,3.3220032110295106e-09,0.1748422983497666
945,189.12608405603734,0.08333333333333333,0.2,0.5,0.08333333333333333,-1.6984446817430552e-09,0.9999999984276849,2.5680359203445127e-13,3.2705031814753266e-09,0.1748422983497666
946,189.32621747831888,0.08333333333333333,0.2,0.5,0.08333333333333333,-1.6559363983285292e-09,0.9999999984351399,2.5248684823189737e-13,3.2205442131716053e-09,0.1748422983497666
947,189.5263509006004,0.08333333333333333,0.2,0.5,0.08333333333333333,-1.6129537495180292e-09,0.9999999984405796,2.480395160210253e-13,3.1721263061183613e-09,0.1748422983497666
948,189.7264843228819,0.08333333333333333,0.2,0.5,0.08333333333333333,-1.5694967353115491e-09,0.999999998444004,2.434615954018344e-13,3.1252494603155874e-09,0.1748422983497666
949,189.92661774516344,0.08333333333333333,0.2,0.5,0.08333333333333333,-1.5255653557090828e-09,0.9999999984454131,2.387530863743241e-13,3.0799136757632767e-09,0.1748422983497666
950,190.12675116744495,0.08333333333333333,0.2,0.5,0.08333333333333333,-1.4811596107106427e-09,0.9999999984448069,2.339139889384956e-13,3.0361189524614423e-09,0.1748422983497666
951,190.3268845897265,0.08333333333333333,0.2,0.5,0.08333333333333333,-1.4362795003162162e-09,0.9999999984421855,2.289443030943476e-13,2.993865290410072e-09,0.1748422983497666
952,190.527018012008,0.08333333333333333,0.2,0.5,0.08333333333333333,-1.390925024525816e-09,0.9999999984375487,2.238440288418815e-13,2.9531526896091775e-09,0.1748422983497666
953,190.7271514342895,0.08333333333333333,0.2,0.5,0.08333333333333333,-1.3450961833394359e-09,0.9999999984308966,2.1861316618109663e-13,2.9139811500587532e-09,0.1748422983497666
954,190.92728485657105,0.08333333333333333,0.2,0.5,0.08333333333333333,-1.2987929767570689e-09,0.9999999984222293,2.1325171511199217e-13,2.8763506717587934e-09,0.1748422983497666
955,191.12741827885256,0.08333333333333333,0.2,0.5,0.08333333333333333,-1.2520154047787287e-09,0.9999999984115466,2.0775967563456966e-13,2.8402612547093087e-09,0.1748422983497666
956,191.32755170113407,0.08333333333333333,0.2,0.5,0.08333333333333333,-1.2047634674044084e-09,0.9999999983988487,2.0213704774882837e-13,2.805712898910294e-09,0.1748422983497666
957,191.5276851234156,0.08333333333333333,0.2,0.5,0.08333333333333333,-1.1775187518776374e-09,0.9999999984300274,2.0008890447786182e-13,2.7472915320091294e-09,0.1748422983497666
958,191.72781854569712,0.08333333333333333,0.2,0.5,0.08333333333333333,-1.1595605570405952e-09,0.9999999984810615,1.9967589511724455e-13,2.6782996716113306e-09,0.1748422983497666
959,191.92795196797866,0.08333333333333333,0.2,0.5,0.08333333333333333,-1.141745494519368e-09,0.9999999985314638,1.992440012942281e-13,2.610082665658896e-09,0.1748422983497666
960,192.12808539026017,0.08333333333333333,0.2,0.5,0.08333333333333333,-1.1240735643139599e-09,0.9999999985812346,1.9879322300881263e-13,2.5426405141518426e-09,0.1748422983497666
961,192.32821881254168,0.08333333333333333,0.2,0.5,0.08333333333333333,-1.1065447664243693e-09,0.9999999986303735,1.9832356026099812e-13,2.4759732170901626e-09,0.1748422983497666
962,192.52835223482322,0.08333333333333333,0.2,0.5,0.08333333333333333,-1.0891591008505932e-09,0.9999999986788808,1.9783501305078447e-13,2.410080774473846e-09,0.1748422983497666
963,192.72848565710473,0.08333333333333333,0.2,0.5,0.08333333333333333,-1.0719165675926364e-09,0.9999999987267563,1.973275813781718e-13,2.3449631863029118e-09,0.1748422983497666
964,192.92861907938624,0.08333333333333333,0.2,0.5,0.08333333333333333,-1.054817166650497e-09,0.9999999987740001,1.9680126524316007e-13,2.2806204525773497e-09,0.1748422983497666
965,193.12875250166778,0.08333333333333333,0.2,0.5,0.08333333333333333,-1.0378608980241727e-09,0.9999999988206123,1.9625606464574918e-13,2.217052573297152e-09,0.1748422983497666
966,193.3288859239493,0.08333333333333333,0.2,0.5,0.08333333333333333,-1.0210477617136674e-09,0.9999999988665927,1.956919795859393e-13,2.1542595484623356e-09,0.1748422983497666
967,193.52901934623083,0.08333333333333333,0.2,0.5,0.08333333333333333,-1.0043777577189768e-09,0.9999999989119415,1.9510901006373027e-13,2.0922413780728836e-09,0.1748422983497666
968,193.72915276851234,0.08333333333333333,0.2,0.5,0.08333333333333333,-9.878508860401058e-10,0.9999999989566586,1.9450715607912227e-13,2.0309980621288127e-09,0.1748422983497666
969,193.92928619079385,0.08333333333333333,0.2,0.5,0.08333333333333333,-9.714671466770518e-10,0.9999999990007439,1.9388641763211515e-13,1.9705296006301153e-09,0.1748422983497666
970,194.12941961307538,0.08333333333333333,0.2,0.5,0.08333333333333333,-9.552265396298128e-10,0.9999999990441976,1.9324679472270892e-13,1.9108359935767808e-09,0.1748422983497666
971,194.3295530353569,0.08333333333333333,0.2,0.5,0.08333333333333333,-9.39129064898393e-10,0.9999999990870194,1.9258828735090368e-13,1.8519172409688287e-09,0.1748422983497666
972,194.5296864576384,0.08333333333333333,0.2,0.5,0.08333333333333333,-9.231747224827906e-10,0.9999999991292097,1.9191089551669938e-13,1.7937733428062496e-09,0.1748422983497666
973,194.72981987991994,0.08333333333333333,0.2,0.5,0.08333333333333333,-9.073635123830026e-10,0.9999999991707682,1.912146192200959e-13,1.7364042990890343e-09,0.1748422983497666
974,194.92995330220145,0.08333333333333333,0.2,0.5,0.08333333333333333,-8.916954345990343e-10,0.999999999211695,1.9049945846109347e-13,1.6798101098172002e-09,0.1748422983497666
975,195.130086724483,0.08333333333333333,0.2,0.5,0.08333333333333333,-8.761704891308809e-10,0.9999999992519901,1.8976541323969186e-13,1.6239907749907312e-09,0.1748422983497666
976,195.3302201467645,0.08333333333333333,0.2,0.5,0.08333333333333333,-8.607886759785468e-10,0.9999999992916535,1.8901248355589128e-13,1.568946294609643e-09,0.1748422983497666
977,195.530353569046,0.08333333333333333,0.2,0.5,0.08333333333333333,-8.455499951420297e-10,0.9999999993306853,1.8824066940969163e-13,1.5146766686739276e-09,0.1748422983497666
978,195.73048699132755,0.08333333333333333,0.2,0.5,0.08333333333333333,-8.304544466213276e-10,0.9999999993690852,1.8744997080109278e-13,1.4611818971835773e-09,0.1748422983497666
979,195.93062041360906,0.08333333333333333,0.2,0.5,0.08333333333333333,-8.155020304164447e-10,0.9999999994068536,1.86640387730095e-13,1.408461980138607e-09,0.1748422983497666
980,196.13075383589057,0.08333333333333333,0.2,0.5,0.08333333333333333,-8.006927465273788e-10,0.9999999994439902,1.8581192019669814e-13,1.3565169175390096e-09,0.1748422983497666
981,196.3308872581721,0.08333333333333333,0.2,0.5,0.08333333333333333,-7.860265949541282e-10,0.9999999994804951,1.8496456820090208e-13,1.305346709384778e-09,0.1748422983497666
982,196.53102068045362,0.08333333333333333,0.2,0.5,0.08333333333333333,-7.715035756966967e-10,0.9999999995163683,1.8409833174270706e-13,1.2549513556759265e-09,0.1748422983497666
983,196.73115410273516,0.08333333333333333,0.2,0.5,0.08333333333333333,-7.571236887550802e-10,0.9999999995516098,1.8321321082211287e-13,1.2053308564124405e-09,0.1748422983497666
984,196.93128752501667,0.08333333333333333,0.2,0.5,0.08333333333333333,-7.428869341292828e-10,0.9999999995862195,1.823092054391197e-13,1.1564852115943343e-09,0.1748422983497666
985,197.13142094729818,0.08333333333333333,0.2,0.5,0.08333333333333333,-7.287933118193026e-10,0.9999999996201976,1.813863155937275e-13,1.1084144212216007e-09,0.1748422983497666
986,197.33155436957972,0.08333333333333333,0.2,0.5,0.08333333333333333,-7.148428218251374e-10,0.999999999653544,1.8044454128593607e-13,1.0611184852942334e-09,0.1748422983497666
987,197.53168779186123,0.08333333333333333,0.2,0.5,0.08333333333333333,-7.010354641467913e-10,0.9999999996862586,1.794838825157457e-13,1.0145974038122453e-09,0.1748422983497666
988,197.73182121414274,0.08333333333333333,0.2,0.5,0.08333333333333333,-6.873712387842625e-10,0.9999999997183416,1.7850433928315629e-13,9.688511767756308e-10,0.1748422983497666
989,197.93195463642428,0.08333333333333333,0.2,0.5,0.08333333333333333,-6.738501457375486e-10,0.9999999997497929,1.7750591158816765e-13,9.238798041843818e-10,0.1748422983497666
990,198.1320880587058,0.08333333333333333,0.2,0.5,0.08333333333333333,-6.60472185006654e-10,0.9999999997806125,1.7648859943078007e-13,8.796832860385124e-10,0.1748422983497666
991,198.33222148098733,0.08333333333333333,0.2,0.5,0.08333333333333333,-6.472373565915744e-10,0.9999999998108003,1.7545240281099327e-13,8.362616223380095e-10,0.1748422983497666
992,198.53235490326884,0.08333333333333333,0.2,0.5,0.08333333333333333,-6.341456604923139e-10,0.9999999998403565,1.7439732172880755e-13,7.936148130828857e-10,0.1748422983497666
993,198.73248832555035,0.08333333333333333,0.2,0.5,0.08333333333333333,-6.211970967088705e-10,0.999999999869281,1.7332335618422276e-13,7.517428582731345e-10,0.1748422983497666
994,198.9326217478319,0.08333333333333333,0.2,0.5,0.08333333333333333,-6.083916652412424e-10,0.9999999998975737,1.7223050617723876e-13,7.106457579087506e-10,0.1748422983497666
995,199.1327551701134,0.08333333333333333,0.2,0.5,0.08333333333333333,-5.957293660894332e-10,0.9999999999252348,1.7111877170785583e-13,6.703235119897447e-10,0.1748422983497666
996,199.3328885923949,0.08333333333333333,0.2,0.5,0.08333333333333333,-5.832101992534411e-10,0.9999999999522642,1.6998815277607383e-13,6.307761205161121e-10,0.1748422983497666
997,199.53302201467645,0.08333333333333333,0.2,0.5,0.08333333333333333,-5.708341647332644e-10,0.9999999999786617,1.6883864938189261e-13,5.920035834878465e-10,0.1748422983497666
998,199.73315543695796,0.08333333333333333,0.2,0.5,0.08333333333333333,-5.586012625289065e-10,1.0000000000044278,1.6767026152531248e-13,5.540059009049593e-10,0.1748422983497666
999,199.9332888592395,0.08333333333333333,0.2,0.5,0.08333333333333333,-5.46511492640364e-10,1.000000000029562,1.6648298920633312e-13,5.167830727674397e-10,0.1748422983497666
1000,200.133422281521,0.08333333333333333,0.2,0.5,0.08333333333333333,-5.345648550676403e-10,1.0000000000540645,1.6527683242495482e-13,4.803350990752981e-10,0.1748422983497666
1001,200.33355570380252,0.08333333333333333,0.2,0.5,0.08333333333333333,-5.227613498107337e-10,1.0000000000779354,1.6405179118117747e-13,4.446619798285291e-10,0.1748422983497666
1002,200.53368912608406,0.08333333333333333,0.2,0.5,0.08333333333333333,-5.111009768696426e-10,1.0000000001011744,1.6280786547500088e-13,4.0976371502712774e-10,0.1748422983497666
1003,200.73382254836557,0.08333333333333333,0.2,0.5,0.08333333333333333,-4.995837362443701e-10,1.0000000001237819,1.6154505530642535e-13,3.756403046711044e-10,0.1748422983497666
1004,200.93395597064708,0.08333333333333333,0.2,0.5,0.08333333333333333,-4.88209627934915e-10,1.0000000001457576,1.6026336067545082e-13,3.4229174876045414e-10,0.1748422983497666
1005,201.13408939292862,0.08333333333333333,0.2,0.5,0.08333333333333333,-4.769786519412752e-10,1.0000000001671017,1.58962781582077e-13,3.0971804729517176e-10,0.1748422983497666
1006,201.33422281521013,0.08333333333333333,0.2,0.5,0.08333333333333333,-4.658908082634541e-10,1.000000000187814,1.5764331802630428e-13,2.7791920027526664e-10,0.1748422983497666
1007,201.53435623749166,0.08333333333333333,0.2,0.5,0.08333333333333333,-4.5494609690144854e-10,1.0000000002078946,1.563049700081323e-13,2.4689520770073e-10,0.1748422983497666
1008,201.73448965977317,0.08333333333333333,0.2,0.5,0.08333333333333333,-4.441445178552617e-10,1.0000000002273435,1.5494773752756148e-13,2.1664606957157063e-10,0.1748422983497666
1009,201.93462308205469,0.08333333333333333,0.2,0.5,0.08333333333333333,-4.334860711248919e-10,1.0000000002461606,1.5357162058459158e-13,1.8717178588778387e-10,0.1748422983497666
1010,202.13475650433622,0.08333333333333333,0.2,0.5,0.08333333333333333,-4.229707567103378e-10,1.000000000264346,1.5217661917922238e-13,1.584723566493661e-10,0.1748422983497666
1011,202.33488992661773,0.08333333333333333,0.2,0.5,0.08333333333333333,-4.1259857461160227e-10,1.0000000002819,1.5076273331145434e-13,1.3054778185632499e-10,0.1748422983497666
1012,202.53502334889924,0.08333333333333333,0.2,0.5,0.08333333333333333,-4.023695248286838e-10,1.000000000298822,1.493299629812872e-13,1.0339806150865658e-10,0.1748422983497666
1013,202.73515677118078,0.08333333333333333,0.2,0.5,0.08333333333333333,-3.9228360736158105e-10,1.0000000003151124,1.478783081887208e-13,7.702319560635733e-11,0.1748422983497666
1014,202.9352901934623,0.08333333333333333,0.2,0.5,0.08333333333333333,-3.823408222102968e-10,1.0000000003307712,1.4640776893375552e-13,5.142318414943467e-11,0.1748422983497666
1015,203.13542361574383,0.08333333333333333,0.2,0.5,0.08333333333333333,-3.725411693748283e-10,1.000000000345798,1.4491834521639097e-13,2.6598027137881052e-11,0.1748422983497666
1016,203.33555703802534,0.08333333333333333,0.2,0.5,0.08333333333333333,-3.6288464885517823e-10,1.0000000003601934,1.4341003703662756e-13,2.5477245717038753e-12,0.1748422983497666
1017,203.53569046030685,0.08333333333333333,0.2,0.5,0.08333333333333333,-3.5337126065134525e-10,1.000000000373957,1.418828443944651e-13,-2.072772354910048e-11,0.1748422983497666
1018,203.7358238825884,0.08333333333333333,0.2,0.5,0.08333333333333333,-3.4400100476332815e-10,1.0000000003870888,1.4033676728990332e-13,-4.3228317224535276e-11,0.1748422983497666
1019,203.9359573048699,0.08333333333333333,0.2,0.5,0.08333333333333333,-3.347738811911294e-10,1.000000000399589,1.3877180572294267e-13,-6.495405645459415e-11,0.1748422983497666
1020,204.1360907271514,0.08333333333333333,0.2,0.5,0.08333333333333333,-3.256898899347478e-10,1.0000000004114575,1.37187959693583e-13,-8.59049412392802e-11,0.1748422983497666
1021,204.33622414943295,0.08333333333333333,0.2,0.5,0.08333333333333333,-3.1674903099418206e-10,1.0000000004226943,1.3558522920182402e-13,-1.0608097157859633e-10,0.1748422983497666
1022,204.53635757171446,0.08333333333333333,0.2,0.5,0.08333333333333333,-3.0795130436943467e-10,1.0000000004332994,1.3396361424766616e-13,-1.2548214747253687e-10,0.1748422983497666
1023,204.736490993996,0.08333333333333333,0.2,0.5,0.08333333333333333,-2.992967100605031e-10,1.0000000004432728,1.3232311483110903e-13,-1.4410846892110723e-10,0.1748422983497666
1024,204.9366244162775,0.08333333333333333,0.2,0.5,0.08333333333333333,-2.907852480673899e-10,1.0000000004526144,1.3066373095215306e-13,-1.6195993592430219e-10,0.1748422983497666
1025,205.13675783855902,0.08333333333333333,0.2,0.5,0.08333333333333333,-2.824169183900938e-10,1.0000000004613243,1.2898546261079802e-13,-1.7903654848212437e-10,0.1748422983497666
1026,205.33689126084056,0.08333333333333333,0.2,0.5,0.08333333333333333,-2.7419172102861364e-10,1.0000000004694025,1.2728830980704366e-13,-1.95338306594576e-10,0.1748422983497666
1027,205.53702468312207,0.08333333333333333,0.2,0.5,0.08333333333333333,-2.661096559829518e-10,1.000000000476849,1.2557227254089048e-13,-2.1086521026165261e-10,0.1748422983497666
1028,205.7371581054036,0.08333333333333333,0.2,0.5,0.08333333333333333,-2.581707232531059e-10,1.000000000483664,1.2383735081233795e-13,-2.2561725948335849e-10,0.1748422983497666
1029,205.93729152768512,0.08333333333333333,0.2,0.5,0.08333333333333333,-2.503749228390782e-10,1.000000000489847,1.2208354462138663e-13,-2.3959445425968947e-10,0.1748422983497666
1030,206.13742494996663,0.08333333333333333,0.2,0.5,0.08333333333333333,-2.4272225474086756e-10,1.0000000004953986,1.2031085396803622e-13,-2.5279679459064774e-10,0.1748422983497666
1031,206.33755837224817,0.08333333333333333,0.2,0.5,0.08333333333333333,-2.352127189584731e-10,1.0000000005003182,1.185192788522865e-13,-2.65224280476235e-10,0.1748422983497666
1032,206.53769179452968,0.08333333333333333,0.2,0.5,0.08333333333333333,-2.278463154918967e-10,1.0000000005046064,1.1670881927413796e-13,-2.7687691191644763e-10,0.1748422983497666
1033,206.7378252168112,0.08333333333333333,0.2,0.5,0.08333333333333333,-2.2062304434113744e-10,1.0000000005082625,1.1487947523359033e-13,-2.877546889112876e-10,0.1748422983497666
1034,206.93795863909273,0.08333333333333333,0.2,0.5,0.08333333333333333,-2.1354290550619425e-10,1.0000000005112872,1.130312467306434e-13,-2.9785761146075614e-10,0.1748422983497666
1035,207.13809206137424,0.08333333333333333,0.2,0.5,0.08333333333333333,-2.0660589898706922e-10,1.0000000005136802,1.1116413376529765e-13,-3.0718567956485046e-10,0.1748422983497666
1036,207.33822548365578,0.08333333333333333,0.2,0.5,0.08333333333333333,-1.998120247837603e-10,1.0000000005154412,1.0927813633755254e-13,-3.1573889322357326e-10,0.1748422983497666
1037,207.5383589059373,0.08333333333333333,0.2,0.5,0.08333333333333333,-1.9316128289626946e-10,1.0000000005165708,1.0737325444740866e-13,-3.23517252436922e-10,0.1748422983497666
1038,207.7384923282188,0.08333333333333333,0.2,0.5,0.08333333333333333,-1.8665367332459572e-10,1.0000000005170686,1.0544948809486568e-13,-3.30520757204898e-10,0.1748422983497666
1039,207.93862575050034,0.08333333333333333,0.2,0.5,0.08333333333333333,-1.8028919606873815e-10,1.0000000005169347,1.0350683727992338e-13,-3.367494075275021e-10,0.1748422983497666
1040,208.13875917278185,0.08333333333333333,0.2,0.5,0.08333333333333333,-1.7406785112869863e-10,1.000000000516169,1.0154530200258227e-13,-3.4220320340473253e-10,0.1748422983497666
1041,208.33889259506336,0.08333333333333333,0.2,0.5,0.08333333333333333,-1.679896385044762e-10,1.0000000005147718,9.956488226284209e-14,-3.4688214483659025e-10,0.1748422983497666
1042,208.5390260173449,0.08333333333333333,0.2,0.5,0.08333333333333333,-1.6205455819607001e-10,1.000000000512743,9.756557806070255e-14,-3.5078623182307566e-10,0.1748422983497666
1043,208.7391594396264,0.08333333333333333,0.2,0.5,0.08333333333333333,-1.5626261020348178e-10,1.0000000005100822,9.554738939616423e-14,-3.539154643641878e-10,0.1748422983497666
1044,208.93929286190794,0.08333333333333333,0.2,0.5,0.08333333333333333,-1.5061379452670986e-10,1.0000000005067897,9.351031626922656e-14,-3.562698424599274e-10,0.1748422983497666
1045,209.13942628418945,0.08333333333333333,0.2,0.5,0.08333333333333333,-1.4510811116575586e-10,1.0000000005028657,9.14543586798901e-14,-3.5784936611029396e-10,0.1748422983497666
1046,209.33955970647096,0.08333333333333333,0.2,0.5,0.08333333333333333,-1.3974556012061894e-10,1.0000000004983098,8.937951662815457e-14,-3.5865403531528773e-10,0.1748422983497666
1047,209.5396931287525,0.08333333333333333,0.2,0.5,0.08333333333333333,-1.3452614139129837e-10,1.0000000004931222,8.728579011401967e-14,-3.586838500749087e-10,0.1748422983497666
1048,209.739826551034,0.08333333333333333,0.2,0.5,0.08333333333333333,-1.2944985497779566e-10,1.000000000487303,8.517317913748599e-14,-3.5793881038915687e-10,0.1748422983497666
1049,209.93995997331552,0.08333333333333333,0.2,0.5,0.08333333333333333,-1.2451670088011005e-10,1.0000000004808522,8.304168369855324e-14,-3.5641891625803234e-10,0.1748422983497666
1050,210.14009339559706,0.08333333333333333,0.2,0.5,0.08333333333333333,-1.1972667909824087e-10,1.0000000004737695,8.089130379722112e-14,-3.5412416768153463e-10,0.1748422983497666
1051,210.34022681787857,0.08333333333333333,0.2,0.5,0.08333333333333333,-1.1507978963218947e-10,1.0000000004660552,7.872203943349025e-14,-3.510545646596645e-10,0.1748422983497666
1052,210.5403602401601,0.08333333333333333,0.2,0.5,0.08333333333333333,3.374794776416653e-10,1.0000000018782254,4.7041256941091056e-14,-1.6953126467995553e-09,0.1748422983497666
1053,210.74049366244162,0.08333333333333333,0.2,0.5,0.08333333333333333,3.346775226948063e-10,1.000000001855182,4.668070290878435e-14,-1.6858628149852328e-09,0.1748422983497666
1054,210.94062708472313,0.08333333333333333,0.2,0.5,0.08333333333333333,3.3187556774794734e-10,1.0000000018321387,4.632014887647764e-14,-1.67641298317091e-09,0.1748422983497666
1055,211.14076050700467,0.08333333333333333,0.2,0.5,0.08333333333333333,3.2907361280108795e-10,1.0000000018090953,4.595959484417088e-14,-1.666963151356586e-09,0.1748422983497666
1056,211.34089392928618,0.08333333333333333,0.2,0.5,0.08333333333333333,3.26271657854229e-10,1.0000000017860518,4.559904081186417e-14,-1.6575133195422636e-09,0.1748422983497666
1057,211.5410273515677,0.08333333333333333,0.2,0.5,0.08333333333333333,3.234697029073699e-10,1.0000000017630084,4.523848677955746e-14,-1.6480634877279409e-09,0.1748422983497666
1058,211.74116077384923,0.08333333333333333,0.2,0.5,0.08333333333333333,3.206677479605105e-10,1.000000001739965,4.48779327472507e-14,-1.638613655913617e-09,0.1748422983497666
1059,211.94129419613074,0.08333333333333333,0.2,0.5,0.08333333333333333,3.1786579301365153e-10,1.0000000017169217,4.451737871494399e-14,-1.6291638240992944e-09,0.1748422983497666
1060,212.14142761841228,0.08333333333333333,0.2,0.5,0.08333333333333333,3.1506383806679215e-10,1.0000000016938781,4.4156824682637233e-14,-1.6197139922849704e-09,0.1748422983497666
1061,212.3415610406938,0.08333333333333333,0.2,0.5,0.08333333333333333,3.1226188311993317e-10,1.0000000016708348,4.379627065033052e-14,-1.6102641604706477e-09,0.1748422983497666
1062,212.5416944629753,0.08333333333333333,0.2,0.5,0.08333333333333333,3.094599281730741e-10,1.0000000016477915,4.3435716618023815e-14,-1.6008143286563252e-09,0.1748422983497666
1063,212.74182788525684,0.08333333333333333,0.2,0.5,0.08333333333333333,3.066579732262147e-10,1.0000000016247481,4.307516258571705e-14,-1.5913644968420012e-09,0.1748422983497666
1064,212.94196130753835,0.08333333333333333,0.2,0.5,0.08333333333333333,3.0385601827935573e-10,1.0000000016017045,4.271460855341035e-14,-1.5819146650276787e-09,0.1748422983497666
1065,213.14209472981986,0.08333333333333333,0.2,0.5,0.08333333333333333,3.0105406333249676e-10,1.0000000015786612,4.235405452110364e-14,-1.572464833213356e-09,0.1748422983497666
1066,213.3422281521014,0.08333333333333333,0.2,0.5,0.08333333333333333,2.982521083856373e-10,1.0000000015556179,4.199350048879688e-14,-1.563015001399032e-09,0.1748422983497666
1067,213.5423615743829,0.08333333333333333,0.2,0.5,0.08333333333333333,2.954501534387783e-10,1.0000000015325745,4.1632946456490167e-14,-1.5535651695847093e-09,0.1748422983497666
1068,213.74249499666445,0.08333333333333333,0.2,0.5,0.08333333333333333,2.926481984919189e-10,1.0000000015095312,4.127239242418341e-14,-1.5441153377703855e-09,0.1748422983497666
1069,213.94262841894596,0.08333333333333333,0.2,0.5,0.08333333333333333,2.8984624354505993e-10,1.0000000014864876,4.09118383918767e-14,-1.5346655059560628e-09,0.1748422983497666
1070,214.14276184122747,0.08333333333333333,0.2,0.5,0.08333333333333333,2.870442885982009e-10,1.0000000014634443,4.055128435956999e-14,-1.5252156741417402e-09,0.1748422983497666
1071,214.342895263509,0.08333333333333333,0.2,0.5,0.08333333333333333,2.8424233365134147e-10,1.000000001440401,4.019073032726323e-14,-1.5157658423274163e-09,0.1748422983497666
1072,214.54302868579052,0.08333333333333333,0.2,0.5,0.08333333333333333,2.814403787044825e-10,1.0000000014173576,3.9830176294956524e-14,-1.5063160105130936e-09,0.1748422983497666
1073,214.74316210807203,0.08333333333333333,0.2,0.5,0.08333333333333333,2.786384237576235e-10,1.000000001394314,3.946962226264981e-14,-1.496866178698771e-09,0.1748422983497666
1074,214.94329553035357,0.08333333333333333,0.2,0.5,0.08333333333333333,2.7583646881076413e-10,1.0000000013712707,3.9109068230343056e-14,-1.487416346884447e-09,0.1748422983497666
1075,215.14342895263508,0.08333333333333333,0.2,0.5,0.08333333333333333,2.7303451386390516e-10,1.0000000013482273,3.8748514198036344e-14,-1.4779665150701245e-09,0.1748422983497666
1076,215.34356237491662,0.08333333333333333,0.2,0.5,0.08333333333333333,2.702325589170457e-10,1.000000001325184,3.838796016572959e-14,-1.4685166832558006e-09,0.1748422983497666
1077,215.54369579719813,0.08333333333333333,0.2,0.5,0.08333333333333333,2.674306039701867e-10,1.0000000013021404,3.8027406133422875e-14,-1.4590668514414779e-09,0.1748422983497666
1078,215.74382921947964,0.08333333333333333,0.2,0.5,0.08333333333333333,2.646286490233277e-10,1.000000001279097,3.766685210111616e-14,-1.4496170196271551e-09,0.1748422983497666
1079,215.94396264176117,0.08333333333333333,0.2,0.5,0.08333333333333333,2.618266940764683e-10,1.0000000012560537,3.730629806880941e-14,-1.4401671878128312e-09,0.1748422983497666
1080,216.14409606404269,0.08333333333333333,0.2,0.5,0.08333333333333333,2.590247391296093e-10,1.0000000012330104,3.6945744036502695e-14,-1.4307173559985086e-09,0.1748422983497666
1081,216.3442294863242,0.08333333333333333,0.2,0.5,0.08333333333333333,2.562227841827503e-10,1.0000000012099668,3.658519000419599e-14,-1.4212675241841861e-09,0.1748422983497666
1082,216.54436290860573,0.08333333333333333,0.2,0.5,0.08333333333333333,2.534208292358909e-10,1.0000000011869234,3.6224635971889226e-14,-1.4118176923698622e-09,0.1748422983497666
1083,216.74449633088724,0.08333333333333333,0.2,0.5,0.08333333333333333,2.506188742890319e-10,1.00000000116388,3.586408193958252e-14,-1.4023678605555394e-09,0.1748422983497666
1084,216.94462975316878,0.08333333333333333,0.2,0.5,0.08333333333333333,2.4781691934217253e-10,1.0000000011408368,3.550352790727576e-14,-1.3929180287412155e-09,0.1748422983497666
1085,217.1447631754503,0.08333333333333333,0.2,0.5,0.08333333333333333,2.450149643953135e-10,1.0000000011177934,3.514297387496905e-14,-1.383468196926893e-09,0.1748422983497666
1086,217.3448965977318,0.08333333333333333,0.2,0.5,0.08333333333333333,2.422130094484545e-10,1.0000000010947498,3.478241984266234e-14,-1.3740183651125702e-09,0.1748422983497666
1087,217.54503002001334,0.08333333333333333,0.2,0.5,0.08333333333333333,2.394110545015951e-10,1.0000000010717065,3.4421865810355584e-14,-1.3645685332982465e-09,0.1748422983497666
1088,217.74516344229485,0.08333333333333333,0.2,0.5,0.08333333333333333,2.3660909955473606e-10,1.0000000010486632,3.406131177804887e-14,-1.3551187014839237e-09,0.1748422983497666
1089,217.94529686457636,0.08333333333333333,0.2,0.5,0.08333333333333333,2.338071446078771e-10,1.0000000010256198,3.3700757745742166e-14,-1.345668869669601e-09,0.1748422983497666
1090,218.1454302868579,0.08333333333333333,0.2,0.5,0.08333333333333333,2.3100518966101768e-10,1.0000000010025762,3.3340203713435403e-14,-1.336219037855277e-09,0.1748422983497666
1091,218.3455637091394,0.08333333333333333,0.2,0.5,0.08333333333333333,2.2820323471415868e-10,1.000000000979533,3.29796496811287e-14,-1.3267692060409545e-09,0.1748422983497666
1092,218.54569713142095,0.08333333333333333,0.2,0.5,0.08333333333333333,2.2540127976729926e-10,1.0000000009564896,3.2619095648821935e-14,-1.3173193742266306e-09,0.1748422983497666
1093,218.74583055370246,0.08333333333333333,0.2,0.5,0.08333333333333333,2.2259932482044026e-10,1.0000000009334462,3.225854161651523e-14,-1.307869542412308e-09,0.1748422983497666
1094,218.94596397598397,0.08333333333333333,0.2,0.5,0.08333333333333333,2.1979736987358126e-10,1.0000000009104026,3.189798758420852e-14,-1.2984197105979853e-09,0.1748422983497666
1095,219.1460973982655,0.08333333333333333,0.2,0.5,0.08333333333333333,2.1699541492672188e-10,1.0000000008873593,3.153743355190176e-14,-1.2889698787836613e-09,0.1748422983497666
1096,219.34623082054702,0.08333333333333333,0.2,0.5,0.08333333333333333,2.1419345997986288e-10,1.000000000864316,3.117687951959505e-14,-1.2795200469693388e-09,0.1748422983497666
1097,219.54636424282853,0.08333333333333333,0.2,0.5,0.08333333333333333,2.1139150503300388e-10,1.0000000008412726,3.081632548728834e-14,-1.2700702151550163e-09,0.1748422983497666
1098,219.74649766511007,0.08333333333333333,0.2,0.5,0.08333333333333333,2.0858955008614446e-10,1.000000000818229,3.045577145498158e-14,-1.2606203833406921e-09,0.1748422983497666
1099,219.94663108739158,0.08333333333333333,0.2,0.5,0.08333333333333333,2.0578759513928546e-10,1.0000000007951857,3.0095217422674875e-14,-1.2511705515263696e-09,0.1748422983497666
1100,220.14676450967312,0.08333333333333333,0.2,0.5,0.08333333333333333,2.0298564019242605e-10,1.0000000007721424,2.973466339036811e-14,-1.2417207197120456e-09,0.1748422983497666
1101,220.34689793195463,0.08333333333333333,0.2,0.5,0.08333333333333333,2.0018368524556707e-10,1.000000000749099,2.9374109358061406e-14,-1.232270887897723e-09,0.1748422983497666
1102,220.54703135423614,0.08333333333333333,0.2,0.5,0.08333333333333333,1.9738173029870805e-10,1.0000000007260557,2.9013555325754694e-14,-1.2228210560834004e-09,0.1748422983497666
1103,220.74716477651768,0.08333333333333333,0.2,0.5,0.08333333333333333,1.9457977535184864e-10,1.000000000703012,2.865300129344793e-14,-1.2133712242690764e-09,0.1748422983497666
1104,220.9472981987992,0.08333333333333333,0.2,0.5,0.08333333333333333,1.9177782040498966e-10,1.0000000006799687,2.8292447261141226e-14,-1.203921392454754e-09,0.1748422983497666
1105,221.1474316210807,0.08333333333333333,0.2,0.5,0.08333333333333333,1.8897586545813064e-10,1.0000000006569254,2.7931893228834514e-14,-1.1944715606404312e-09,0.1748422983497666
1106,221.34756504336224,0.08333333333333333,0.2,0.5,0.08333333333333333,1.8617391051127127e-10,1.000000000633882,2.7571339196527758e-14,-1.1850217288261072e-09,0.1748422983497666
1107,221.54769846564375,0.08333333333333333,0.2,0.5,0.08333333333333333,1.8337195556441225e-10,1.0000000006108385,2.7210785164221045e-14,-1.1755718970117845e-09,0.1748422983497666
1108,221.7478318879253,0.08333333333333333,0.2,0.5,0.08333333333333333,1.8057000061755283e-10,1.0000000005877951,2.685023113191429e-14,-1.1661220651974605e-09,0.1748422983497666
1109,221.9479653102068,0.08333333333333333,0.2,0.5,0.08333333333333333,1.7776804567069383e-10,1.0000000005647518,2.648967709960758e-14,-1.156672233383138e-09,0.1748422983497666
1110,222.1480987324883,0.08333333333333333,0.2,0.5,0.08333333333333333,1.7496609072383483e-10,1.0000000005417085,2.612912306730087e-14,-1.1472224015688155e-09,0.1748422983497666
1111,222.34823215476985,0.08333333333333333,0.2,0.5,0.08333333333333333,1.7216413577697545e-10,1.0000000005186649,2.5768569034994112e-14,-1.1377725697544915e-09,0.1748422983497666
1112,222.54836557705136,0.08333333333333333,0.2,0.5,0.08333333333333333,1.6936218083011645e-10,1.0000000004956215,2.5408015002687403e-14,-1.1283227379401688e-09,0.1748422983497666
1113,222.74849899933287,0.08333333333333333,0.2,0.5,0.08333333333333333,1.6656022588325742e-10,1.0000000004725782,2.504746097038069e-14,-1.118872906125846e-09,0.1748422983497666
1114,222.9486324216144,0.08333333333333333,0.2,0.5,0.08333333333333333,1.6375827093639803e-10,1.0000000004495349,2.4686906938073935e-14,-1.1094230743115223e-09,0.1748422983497666
1115,223.14876584389592,0.08333333333333333,0.2,0.5,0.08333333333333333,1.6095631598953903e-10,1.0000000004264913,2.4326352905767222e-14,-1.0999732424971996e-09,0.1748422983497666
1116,223.34889926617745,0.08333333333333333,0.2,0.5,0.08333333333333333,1.5815436104267965e-10,1.000000000403448,2.3965798873460466e-14,-1.0905234106828758e-09,0.1748422983497666
1117,223.54903268845896,0.08333333333333333,0.2,0.5,0.08333333333333333,1.5535240609582065e-10,1.0000000003804046,2.3605244841153754e-14,-1.081073578868553e-09,0.1748422983497666
1118,223.74916611074048,0.08333333333333333,0.2,0.5,0.08333333333333333,1.5255045114896162e-10,1.0000000003573613,2.3244690808847048e-14,-1.0716237470542304e-09,0.1748422983497666
1119,223.949299533022,0.08333333333333333,0.2,0.5,0.08333333333333333,1.4974849620210223e-10,1.000000000334318,2.2884136776540286e-14,-1.0621739152399064e-09,0.1748422983497666
1120,224.14943295530352,0.08333333333333333,0.2,0.5,0.08333333333333333,1.4694654125524323e-10,1.0000000003112743,2.252358274423358e-14,-1.0527240834255839e-09,0.1748422983497666
1121,224.34956637758503,0.08333333333333333,0.2,0.5,0.08333333333333333,1.4414458630838423e-10,1.000000000288231,2.2163028711926868e-14,-1.0432742516112614e-09,0.1748422983497666
1122,224.54969979986657,0.08333333333333333,0.2,0.5,0.08333333333333333,1.4134263136152482e-10,1.0000000002651876,2.180247467962011e-14,-1.0338244197969374e-09,0.1748422983497666
1123,224.74983322214808,0.08333333333333333,0.2,0.5,0.08333333333333333,1.3854067641466582e-10,1.0000000002421443,2.14419206473134e-14,-1.0243745879826147e-09,0.1748422983497666
1124,224.94996664442962,0.08333333333333333,0.2,0.5,0.08333333333333333,1.3573872146780643e-10,1.0000000002191007,2.108136661500664e-14,-1.0149247561682907e-09,0.1748422983497666
1125,225.15010006671113,0.08333333333333333,0.2,0.5,0.08333333333333333,1.329367665209474e-10,1.0000000001960574,2.072081258269993e-14,-1.0054749243539682e-09,0.1748422983497666
1126,225.35023348899264,0.08333333333333333,0.2,0.5,0.08333333333333333,1.301348115740884e-10,1.000000000173014,2.0360258550393222e-14,-9.960250925396455e-10,0.1748422983497666
1127,225.55036691127418,0.08333333333333333,0.2,0.5,0.08333333333333333,1.2733285662722902e-10,1.0000000001499707,1.9999704518086463e-14,-9.865752607253215e-10,0.1748422983497666
1128,225.7505003335557,0.08333333333333333,0.2,0.5,0.08333333333333333,1.2453090168037002e-10,1.0000000001269271,1.9639150485779754e-14,-9.77125428910999e-10,0.1748422983497666
1129,225.9506337558372,0.08333333333333333,0.2,0.5,0.08333333333333333,1.2172894673351102e-10,1.0000000001038838,1.9278596453473045e-14,-9.676755970966762e-10,0.1748422983497666
1130,226.15076717811874,0.08333333333333333,0.2,0.5,0.08333333333333333,1.189269917866516e-10,1.0000000000808404,1.8918042421166285e-14,-9.582257652823523e-10,0.1748422983497666
1131,226.35090060040025,0.08333333333333333,0.2,0.5,0.08333333333333333,1.161250368397926e-10,1.000000000057797,1.8557488388859577e-14,-9.487759334680298e-10,0.1748422983497666
1132,226.5510340226818,0.08333333333333333,0.2,0.5,0.08333333333333333,1.133230818929332e-10,1.0000000000347535,1.8196934356552814e-14,-9.393261016537058e-10,0.1748422983497666
1133,226.7511674449633,0.08333333333333333,0.2,0.5,0.08333333333333333,1.105211269460742e-10,1.0000000000117102,1.7836380324246108e-14,-9.298762698393832e-10,0.1748422983497666
1134,226.9513008672448,0.08333333333333333,0.2,0.5,0.08333333333333333,1.077191719992152e-10,0.9999999999886668,1.74758262919394e-14,-9.204264380250605e-10,0.1748422983497666
1135,227.15143428952635,0.08333333333333333,0.2,0.5,0.08333333333333333,1.049172170523558e-10,0.9999999999656235,1.711527225963264e-14,-9.109766062107366e-10,0.1748422983497666
1136,227.35156771180786,0.08333333333333333,0.2,0.5,0.08333333333333333,1.021152621054968e-10,0.99999999994258,1.6754718227325928e-14,-9.01526774396414e-10,0.1748422983497666
1137,227.55170113408937,0.08333333333333333,0.2,0.5,0.08333333333333333,9.93133071586378e-11,0.9999999999195367,1.6394164195019222e-14,-8.920769425820913e-10,0.1748422983497666
1138,227.7518345563709,0.08333333333333333,0.2,0.5,0.08333333333333333,9.651135221177839e-11,0.9999999998964932,1.603361016271246e-14,-8.826271107677674e-10,0.1748422983497666
1139,227.95196797865242,0.08333333333333333,0.2,0.5,0.08333333333333333,9.370939726491939e-11,0.9999999998734499,1.5673056130405754e-14,-8.731772789534447e-10,0.1748422983497666
1140,228.15210140093396,0.08333333333333333,0.2,0.5,0.08333333333333333,9.090744231805999e-11,0.9999999998504064,1.531250209809899e-14,-8.637274471391208e-10,0.1748422983497666
1141,228.35223482321547,0.08333333333333333,0.2,0.5,0.08333333333333333,8.810548737120099e-11,0.9999999998273631,1.4951948065792282e-14,-8.542776153247981e-10,0.1748422983497666
1142,228.55236824549698,0.08333333333333333,0.2,0.5,0.08333333333333333,8.530353242434199e-11,0.9999999998043196,1.4591394033485573e-14,-8.448277835104755e-10,0.1748422983497666
1143,228.75250166777852,0.08333333333333333,0.2,0.5,0.08333333333333333,8.250157747748259e-11,0.9999999997812763,1.4230840001178814e-14,-8.353779516961516e-10,0.1748422983497666
1144,228.95263509006003,0.08333333333333333,0.2,0.5,0.08333333333333333,7.969962253062359e-11,0.9999999997582328,1.3870285968872105e-14,-8.259281198818289e-10,0.1748422983497666
1145,229.15276851234154,0.08333333333333333,0.2,0.5,0.08333333333333333,7.689766758376458e-11,0.9999999997351895,1.3509731936565397e-14,-8.164782880675064e-10,0.1748422983497666
1146,229.35290193462308,0.08333333333333333,0.2,0.5,0.08333333333333333,7.409571263690517e-11,0.999999999712146,1.3149177904258636e-14,-8.070284562531825e-10,0.1748422983497666
1147,229.5530353569046,0.08333333333333333,0.2,0.5,0.08333333333333333,7.129375769004618e-11,0.9999999996891027,1.2788623871951927e-14,-7.975786244388598e-10,0.1748422983497666
1148,229.75316877918613,0.08333333333333333,0.2,0.5,0.08333333333333333,6.987024636076748e-11,0.9999999996639027,1.2599080374476485e-14,-7.919428724828479e-10,0.1748422983497666
1149,229.95330220146764,0.08333333333333333,0.2,0.5,0.08333333333333333,6.961032492567279e-11,0.9999999996368824,1.255389253115394e-14,-7.895267116092286e-10,0.1748422983497666
1150,230.15343562374915,0.08333333333333333,0.2,0.5,0.08333333333333333,6.935040349057809e-11,0.999999999609862,1.2508704687831394e-14,-7.871105507356093e-10,0.1748422983497666
1151,230.35356904603069,0.08333333333333333,0.2,0.5,0.08333333333333333,6.909048205548334e-11,0.9999999995828415,1.2463516844508841e-14,-7.846943898619896e-10,0.1748422983497666
1152,230.5537024683122,0.08333333333333333,0.2,0.5,0.08333333333333333,6.883056062038865e-11,0.9999999995558211,1.2418329001186296e-14,-7.822782289883703e-10,0.1748422983497666
1153,230.75383589059373,0.08333333333333333,0.2,0.5,0.08333333333333333,6.857063918529391e-11,0.9999999995288007,1.2373141157863744e-14,-7.798620681147507e-10,0.1748422983497666
1154,230.95396931287524,0.08333333333333333,0.2,0.5,0.08333333333333333,6.831071775019922e-11,0.9999999995017803,1.2327953314541198e-14,-7.774459072411314e-10,0.1748422983497666
1155,231.15410273515675,0.08333333333333333,0.2,0.5,0.08333333333333333,6.805079631510452e-11,0.9999999994747599,1.2282765471218651e-14,-7.750297463675121e-10,0.1748422983497666
1156,231.3542361574383,0.08333333333333333,0.2,0.5,0.08333333333333333,6.779087488000979e-11,0.9999999994477395,1.22375776278961e-14,-7.726135854938924e-10,0.1748422983497666
1157,231.5543695797198,0.08333333333333333,0.2,0.5,0.08333333333333333,6.753095344491509e-11,0.999999999420719,1.2192389784573552e-14,-7.701974246202731e-10,0.1748422983497666
1158,231.75450300200131,0.08333333333333333,0.2,0.5,0.08333333333333333,6.727103200982038e-11,0.9999999993936987,1.2147201941251007e-14,-7.677812637466538e-10,0.1748422983497666
1159,231.95463642428285,0.08333333333333333,0.2,0.5,0.08333333333333333,6.701111057472566e-11,0.9999999993666783,1.2102014097928455e-14,-7.653651028730341e-10,0.1748422983497666
1160,232.15476984656436,0.08333333333333333,0.2,0.5,0.08333333333333333,6.675118913963095e-11,0.9999999993396579,1.2056826254605908e-14,-7.629489419994148e-10,0.1748422983497666
1161,232.3549032688459,0.08333333333333333,0.2,0.5,0.08333333333333333,6.649126770453622e-11,0.9999999993126375,1.2011638411283356e-14,-7.605327811257952e-10,0.1748422983497666
1162,232.5550366911274,0.08333333333333333,0.2,0.5,0.08333333333333333,6.623134626944152e-11,0.999999999285617,1.196645056796081e-14,-7.581166202521758e-10,0.1748422983497666
1163,232.75517011340892,0.08333333333333333,0.2,0.5,0.08333333333333333,6.597142483434683e-11,0.9999999992585966,1.1921262724638265e-14,-7.557004593785565e-10,0.1748422983497666
1164,232.95530353569046,0.08333333333333333,0.2,0.5,0.08333333333333333,6.571150339925208e-11,0.9999999992315762,1.1876074881315712e-14,-7.532842985049368e-10,0.1748422983497666
1165,233.15543695797197,0.08333333333333333,0.2,0.5,0.08333333333333333,6.545158196415738e-11,0.9999999992045558,1.1830887037993166e-14,-7.508681376313175e-10,0.1748422983497666
1166,233.35557038025348,0.08333333333333333,0.2,0.5,0.08333333333333333,6.519166052906269e-11,0.9999999991775355,1.178569919467062e-14,-7.484519767576983e-10,0.1748422983497666
1167,233.55570380253502,0.08333333333333333,0.2,0.5,0.08333333333333333,6.493173909396795e-11,0.9999999991505151,1.1740511351348069e-14,-7.460358158840787e-10,0.1748422983497666
1168,233.75583722481653,0.08333333333333333,0.2,0.5,0.08333333333333333,6.467181765887325e-11,0.9999999991234946,1.1695323508025522e-14,-7.436196550104593e-10,0.1748422983497666
1169,233.95597064709807,0.08333333333333333,0.2,0.5,0.08333333333333333,6.441189622377852e-11,0.9999999990964742,1.165013566470297e-14,-7.412034941368397e-10,0.1748422983497666
1170,234.15610406937958,0.08333333333333333,0.2,0.5,0.08333333333333333,6.415197478868383e-11,0.9999999990694538,1.1604947821380424e-14,-7.387873332632204e-10,0.1748422983497666
1171,234.3562374916611,0.08333333333333333,0.2,0.5,0.08333333333333333,6.389205335358912e-11,0.9999999990424334,1.1559759978057879e-14,-7.363711723896011e-10,0.1748422983497666
1172,234.55637091394263,0.08333333333333333,0.2,0.5,0.08333333333333333,6.363213191849439e-11,0.999999999015413,1.1514572134735325e-14,-7.339550115159814e-10,0.1748422983497666
1173,234.75650433622414,0.08333333333333333,0.2,0.5,0.08333333333333333,6.337221048339969e-11,0.9999999989883925,1.146938429141278e-14,-7.315388506423621e-10,0.1748422983497666
1174,234.95663775850565,0.08333333333333333,0.2,0.5,0.08333333333333333,6.3112289048305e-11,0.9999999989613721,1.1424196448090234e-14,-7.291226897687428e-10,0.1748422983497666
1175,235.1567711807872,0.08333333333333333,0.2,0.5,0.08333333333333333,6.285236761321026e-11,0.9999999989343518,1.1379008604767683e-14,-7.267065288951232e-10,0.1748422983497666
1176,235.3569046030687,0.08333333333333333,0.2,0.5,0.08333333333333333,6.259244617811556e-11,0.9999999989073314,1.1333820761445137e-14,-7.242903680215039e-10,0.1748422983497666
1177,235.55703802535024,0.08333333333333333,0.2,0.5,0.08333333333333333,6.233252474302082e-11,0.999999998880311,1.1288632918122584e-14,-7.218742071478842e-10,0.1748422983497666
1178,235.75717144763175,0.08333333333333333,0.2,0.5,0.08333333333333333,6.207260330792613e-11,0.9999999988532905,1.1243445074800038e-14,-7.194580462742649e-10,0.1748422983497666
1179,235.95730486991326,0.08333333333333333,0.2,0.5,0.08333333333333333,6.181268187283143e-11,0.9999999988262701,1.1198257231477493e-14,-7.170418854006456e-10,0.1748422983497666
1180,236.1574382921948,0.08333333333333333,0.2,0.5,0.08333333333333333,6.155276043773669e-11,0.9999999987992497,1.115306938815494e-14,-7.146257245270259e-10,0.1748422983497666
1181,236.3575717144763,0.08333333333333333,0.2,0.5,0.08333333333333333,6.129283900264198e-11,0.9999999987722293,1.1107881544832394e-14,-7.122095636534066e-10,0.1748422983497666
1182,236.55770513675782,0.08333333333333333,0.2,0.5,0.08333333333333333,6.10329175675473e-11,0.999999998745209,1.1062693701509848e-14,-7.097934027797872e-10,0.1748422983497666
1183,236.75783855903936,0.08333333333333333,0.2,0.5,0.08333333333333333,6.077299613245257e-11,0.9999999987181886,1.1017505858187296e-14,-7.073772419061676e-10,0.1748422983497666
1184,236.95797198132087,0.08333333333333333,0.2,0.5,0.08333333333333333,6.051307469735786e-11,0.9999999986911681,1.0972318014864751e-14,-7.049610810325483e-10,0.1748422983497666
1185,237.1581054036024,0.08333333333333333,0.2,0.5,0.08333333333333333,6.025315326226312e-11,0.9999999986641477,1.0927130171542198e-14,-7.025449201589286e-10,0.1748422983497666
1186,237.35823882588392,0.08333333333333333,0.2,0.5,0.08333333333333333,5.999323182716843e-11,0.9999999986371273,1.0881942328219652e-14,-7.001287592853093e-10,0.1748422983497666
1187,237.55837224816543,0.08333333333333333,0.2,0.5,0.08333333333333333,5.973331039207373e-11,0.9999999986101069,1.0836754484897107e-14,-6.9771259841169e-10,0.1748422983497666
1188,237.75850567044697,0.08333333333333333,0.2,0.5,0.08333333333333333,5.9473388956979e-11,0.9999999985830865,1.0791566641574553e-14,-6.952964375380703e-10,0.1748422983497666
1189,237.95863909272848,0.08333333333333333,0.2,0.5,0.08333333333333333,5.921346752188429e-11,0.999999998556066,1.0746378798252008e-14,-6.92880276664451e-10,0.1748422983497666
1190,238.15877251500999,0.08333333333333333,0.2,0.5,0.08333333333333333,5.89535460867896e-11,0.9999999985290456,1.0701190954929462e-14,-6.904641157908318e-10,0.1748422983497666
1191,238.35890593729152,0.08333333333333333,0.2,0.5,0.08333333333333333,5.869362465169487e-11,0.9999999985020253,1.065600311160691e-14,-6.880479549172122e-10,0.1748422983497666
1192,238.55903935957303,0.08333333333333333,0.2,0.5,0.08333333333333333,5.843370321660016e-11,0.9999999984750049,1.0610815268284365e-14,-6.856317940435929e-10,0.1748422983497666
1193,238.75917278185457,0.08333333333333333,0.2,0.5,0.08333333333333333,5.817378178150543e-11,0.9999999984479845,1.0565627424961811e-14,-6.832156331699732e-10,0.1748422983497666
1194,238.95930620413608,0.08333333333333333,0.2,0.5,0.08333333333333333,5.791386034641073e-11,0.9999999984209641,1.0520439581639266e-14,-6.807994722963539e-10,0.1748422983497666
1195,239.1594396264176,0.08333333333333333,0.2,0.5,0.08333333333333333,5.765393891131603e-11,0.9999999983939436,1.047525173831672e-14,-6.783833114227346e-10,0.1748422983497666
1196,239.35957304869913,0.08333333333333333,0.2,0.5,0.08333333333333333,5.73940174762213e-11,0.9999999983669232,1.0430063894994169e-14,-6.759671505491149e-10,0.1748422983497666
1197,239.55970647098064,0.08333333333333333,0.2,0.5,0.08333333333333333,5.713409604112659e-11,0.9999999983399028,1.0384876051671621e-14,-6.735509896754956e-10,0.1748422983497666
1198,239.75983989326215,0.08333333333333333,0.2,0.5,0.08333333333333333,5.68741746060319e-11,0.9999999983128824,1.0339688208349076e-14,-6.711348288018763e-10,0.1748422983497666
1199,239.9599733155437,0.08333333333333333,0.2,0.5,0.08333333333333333,5.661425317093716e-11,0.9999999982858621,1.0294500365026524e-14,-6.687186679282566e-10,0.1748422983497666
1200,240.1601067378252,0.08333333333333333,0.2,0.5,0.08333333333333333,5.635433173584247e-11,0.9999999982588416,1.0249312521703977e-14,-6.663025070546374e-10,0.1748422983497666
1201,240.36024016010674,0.08333333333333333,0.2,0.5,0.08333333333333333,5.6094410300747726e-11,0.9999999982318212,1.0204124678381425e-14,-6.638863461810177e-10,0.1748422983497666
1202,240.56037358238825,0.08333333333333333,0.2,0.5,0.08333333333333333,5.583448886565303e-11,0.9999999982048008,1.0158936835058878e-14,-6.614701853073984e-10,0.1748422983497666
1203,240.76050700466976,0.08333333333333333,0.2,0.5,0.08333333333333333,5.5574567430558335e-11,0.9999999981777804,1.0113748991736333e-14,-6.590540244337791e-10,0.1748422983497666
1204,240.9606404269513,0.08333333333333333,0.2,0.5,0.08333333333333333,5.53146459954636e-11,0.99999999815076,1.0068561148413781e-14,-6.566378635601594e-10,0.1748422983497666
1205,241.1607738492328,0.08333333333333333,0.2,0.5,0.08333333333333333,5.50547245603689e-11,0.9999999981237396,1.0023373305091234e-14,-6.542217026865401e-10,0.1748422983497666
1206,241.36090727151432,0.08333333333333333,0.2,0.5,0.08333333333333333,5.47948031252742e-11,0.9999999980967191,9.978185461768688e-15,-6.518055418129207e-10,0.1748422983497666
1207,241.56104069379586,0.08333333333333333,0.2,0.5,0.08333333333333333,5.453488169017947e-11,0.9999999980696987,9.932997618446136e-15,-6.493893809393011e-10,0.1748422983497666
1208,241.76117411607737,0.08333333333333333,0.2,0.5,0.08333333333333333,5.427496025508477e-11,0.9999999980426784,9.887809775123591e-15,-6.469732200656818e-10,0.1748422983497666
1209,241.9613075383589,0.08333333333333333,0.2,0.5,0.08333333333333333,5.401503881999003e-11,0.999999998015658,9.842621931801038e-15,-6.445570591920621e-10,0.1748422983497666
1210,242.16144096064042,0.08333333333333333,0.2,0.5,0.08333333333333333,5.3755117384895336e-11,0.9999999979886376,9.797434088478492e-15,-6.421408983184428e-10,0.1748422983497666
1211,242.36157438292193,0.08333333333333333,0.2,0.5,0.08333333333333333,5.3495195949800633e-11,0.9999999979616171,9.752246245155947e-15,-6.397247374448235e-10,0.1748422983497666
1212,242.56170780520347,0.08333333333333333,0.2,0.5,0.08333333333333333,5.3235274514705905e-11,0.9999999979345967,9.707058401833395e-15,-6.373085765712038e-10,0.1748422983497666
1213,242.76184122748498,0.08333333333333333,0.2,0.5,0.08333333333333333,5.2975353079611203e-11,0.9999999979075763,9.661870558510849e-15,-6.348924156975845e-10,0.1748422983497666
1214,242.9619746497665,0.08333333333333333,0.2,0.5,0.08333333333333333,5.27154316445165e-11,0.9999999978805559,9.616682715188302e-15,-6.324762548239653e-10,0.1748422983497666
1215,243.16210807204803,0.08333333333333333,0.2,0.5,0.08333333333333333,5.2455510209421767e-11,0.9999999978535355,9.57149487186575e-15,-6.300600939503455e-10,0.1748422983497666
1216,243.36224149432954,0.08333333333333333,0.2,0.5,0.08333333333333333,5.219558877432707e-11,0.999999997826515,9.526307028543205e-15,-6.276439330767263e-10,0.1748422983497666
1217,243.56237491661108,0.08333333333333333,0.2,0.5,0.08333333333333333,5.193566733923233e-11,0.9999999977994947,9.481119185220651e-15,-6.252277722031066e-10,0.1748422983497666
1218,243.7625083388926,0.08333333333333333,0.2,0.5,0.08333333333333333,5.1675745904137634e-11,0.9999999977724743,9.435931341898106e-15,-6.228116113294873e-10,0.1748422983497666
1219,243.9626417611741,0.08333333333333333,0.2,0.5,0.08333333333333333,5.141582446904294e-11,0.9999999977454539,9.39074349857556e-15,-6.20395450455868e-10,0.1748422983497666
1220,244.16277518345564,0.08333333333333333,0.2,0.5,0.08333333333333333,5.1155903033948204e-11,0.9999999977184335,9.345555655253009e-15,-6.179792895822484e-10,0.1748422983497666
1221,244.36290860573715,0.08333333333333333,0.2,0.5,0.08333333333333333,5.089598159885351e-11,0.9999999976914131,9.300367811930463e-15,-6.155631287086291e-10,0.1748422983497666
1222,244.56304202801866,0.08333333333333333,0.2,0.5,0.08333333333333333,5.0636060163758806e-11,0.9999999976643926,9.255179968607916e-15,-6.131469678350097e-10,0.1748422983497666
1223,244.7631754503002,0.08333333333333333,0.2,0.5,0.08333333333333333,5.037613872866407e-11,0.9999999976373722,9.209992125285364e-15,-6.107308069613901e-10,0.1748422983497666
1224,244.9633088725817,0.08333333333333333,0.2,0.5,0.08333333333333333,5.0116217293569376e-11,0.9999999976103519,9.164804281962819e-15,-6.083146460877708e-10,0.1748422983497666
1225,245.16344229486324,0.08333333333333333,0.2,0.5,0.08333333333333333,4.9856295858474635e-11,0.9999999975833315,9.119616438640265e-15,-6.058984852141511e-10,0.1748422983497666
1226,245.36357571714476,0.08333333333333333,0.2,0.5,0.08333333333333333,4.959637442337994e-11,0.9999999975563111,9.07442859531772e-15,-6.034823243405318e-10,0.1748422983497666
1227,245.56370913942627,0.08333333333333333,0.2,0.5,0.08333333333333333,4.933645298828524e-11,0.9999999975292906,9.029240751995174e-15,-6.010661634669125e-10,0.1748422983497666
1228,245.7638425617078,0.08333333333333333,0.2,0.5,0.08333333333333333,4.907653155319051e-11,0.9999999975022702,8.984052908672622e-15,-5.986500025932929e-10,0.1748422983497666
1229,245.96397598398931,0.08333333333333333,0.2,0.5,0.08333333333333333,4.881661011809581e-11,0.9999999974752498,8.938865065350077e-15,-5.962338417196736e-10,0.1748422983497666
1230,246.16410940627082,0.08333333333333333,0.2,0.5,0.08333333333333333,4.8556688683001105e-11,0.9999999974482294,8.89367722202753e-15,-5.938176808460542e-10,0.1748422983497666
1231,246.36424282855236,0.08333333333333333,0.2,0.5,0.08333333333333333,4.829676724790637e-11,0.999999997421209,8.848489378704978e-15,-5.914015199724346e-10,0.1748422983497666
1232,246.56437625083387,0.08333333333333333,0.2,0.5,0.08333333333333333,4.8036845812811675e-11,0.9999999973941887,8.803301535382432e-15,-5.889853590988153e-10,0.1748422983497666
1233,246.7645096731154,0.08333333333333333,0.2,0.5,0.08333333333333333,4.777692437771694e-11,0.9999999973671682,8.75811369205988e-15,-5.865691982251956e-10,0.1748422983497666
1234,246.96464309539692,0.08333333333333333,0.2,0.5,0.08333333333333333,4.751700294262224e-11,0.9999999973401478,8.712925848737334e-15,-5.841530373515763e-10,0.1748422983497666
1235,247.16477651767843,0.08333333333333333,0.2,0.5,0.08333333333333333,4.725708150752754e-11,0.9999999973131274,8.667738005414788e-15,-5.81736876477957e-10,0.1748422983497666
1236,247.36490993995997,0.08333333333333333,0.2,0.5,0.08333333333333333,4.699716007243281e-11,0.999999997286107,8.622550162092236e-15,-5.793207156043373e-10,0.1748422983497666
1237,247.56504336224148,0.08333333333333333,0.2,0.5,0.08333333333333333,4.673723863733811e-11,0.9999999972590866,8.57736231876969e-15,-5.76904554730718e-10,0.1748422983497666
1238,247.765176784523,0.08333333333333333,0.2,0.5,0.08333333333333333,4.647731720224342e-11,0.9999999972320661,8.532174475447145e-15,-5.744883938570987e-10,0.1748422983497666
1239,247.96531020680453,0.08333333333333333,0.2,0.5,0.08333333333333333,4.6217395767148676e-11,0.9999999972050457,8.48698663212459e-15,-5.72072232983479e-10,0.1748422983497666
1240,248.16544362908604,0.08333333333333333,0.2,0.5,0.08333333333333333,4.5957474332053974e-11,0.9999999971780253,8.441798788802045e-15,-5.696560721098598e-10,0.1748422983497666
1241,248.36557705136758,0.08333333333333333,0.2,0.5,0.08333333333333333,4.5697552896959246e-11,0.999999997151005,8.396610945479493e-15,-5.672399112362402e-10,0.1748422983497666
1242,248.5657104736491,0.08333333333333333,0.2,0.5,0.08333333333333333,4.543763146186454e-11,0.9999999971239846,8.351423102156947e-15,-5.648237503626208e-10,0.1748422983497666
1243,248.7658438959306,0.08333333333333333,0.2,0.5,0.08333333333333333,4.517771002676984e-11,0.9999999970969642,8.306235258834402e-15,-5.624075894890015e-10,0.1748422983497666
1244,248.96597731821214,0.08333333333333333,0.2,0.5,0.08333333333333333,4.4917788591675114e-11,0.9999999970699437,8.26104741551185e-15,-5.599914286153819e-10,0.1748422983497666
1245,249.16611074049365,0.08333333333333333,0.2,0.5,0.08333333333333333,4.465786715658041e-11,0.9999999970429233,8.215859572189305e-15,-5.575752677417626e-10,0.1748422983497666
1246,249.36624416277516,0.08333333333333333,0.2,0.5,0.08333333333333333,4.4397945721485716e-11,0.9999999970159029,8.170671728866759e-15,-5.551591068681432e-10,0.1748422983497666
1247,249.5663775850567,0.08333333333333333,0.2,0.5,0.08333333333333333,4.4138024286390975e-11,0.9999999969888825,8.125483885544204e-15,-5.527429459945236e-10,0.1748422983497666
1248,249.7665110073382,0.08333333333333333,0.2,0.5,0.08333333333333333,4.387810285129628e-11,0.9999999969618621,8.080296042221659e-15,-5.503267851209043e-10,0.1748422983497666
1249,249.96664442961975,0.08333333333333333,0.2,0.5,0.08333333333333333,4.3618181416201545e-11,0.9999999969348417,8.035108198899107e-15,-5.479106242472847e-10,0.1748422983497666
1250,250.16677785190126,0.08333333333333333,0.2,0.5,0.08333333333333333,4.335825998110684e-11,0.9999999969078213,7.989920355576561e-15,-5.454944633736653e-10,0.1748422983497666
1251,250.36691127418277,0.08333333333333333,0.2,0.5,0.08333333333333333,4.309833854601215e-11,0.9999999968808009,7.944732512254016e-15,-5.430783025000459e-10,0.1748422983497666
1252,250.5670446964643,0.08333333333333333,0.2,0.5,0.08333333333333333,4.283841711091741e-11,0.9999999968537805,7.899544668931464e-15,-5.406621416264264e-10,0.1748422983497666
1253,250.76717811874582,0.08333333333333333,0.2,0.5,0.08333333333333333,4.2578495675822717e-11,0.9999999968267601,7.854356825608917e-15,-5.382459807528071e-10,0.1748422983497666
1254,250.96731154102733,0.08333333333333333,0.2,0.5,0.08333333333333333,4.2318574240728014e-11,0.9999999967997396,7.809168982286371e-15,-5.358298198791878e-10,0.1748422983497666
1255,251.16744496330887,0.08333333333333333,0.2,0.5,0.08333333333333333,4.205865280563328e-11,0.9999999967727192,7.763981138963818e-15,-5.334136590055681e-10,0.1748422983497666
1256,251.36757838559038,0.08333333333333333,0.2,0.5,0.08333333333333333,4.179873137053858e-11,0.9999999967456988,7.718793295641272e-15,-5.309974981319488e-10,0.1748422983497666
1257,251.56771180787192,0.08333333333333333,0.2,0.5,0.08333333333333333,4.153880993544385e-11,0.9999999967186785,7.67360545231872e-15,-5.285813372583291e-10,0.1748422983497666
1258,251.76784523015343,0.08333333333333333,0.2,0.5,0.08333333333333333,4.127888850034915e-11,0.9999999966916581,7.628417608996175e-15,-5.261651763847098e-10,0.1748422983497666
1259,251.96797865243494,0.08333333333333333,0.2,0.5,0.08333333333333333,4.1018967065254446e-11,0.9999999966646377,7.583229765673628e-15,-5.237490155110905e-10,0.1748422983497666
1260,252.16811207471648,0.08333333333333333,0.2,0.5,0.08333333333333333,4.075904563015971e-11,0.9999999966376172,7.538041922351076e-15,-5.213328546374708e-10,0.1748422983497666
1261,252.368245496998,0.08333333333333333,0.2,0.5,0.08333333333333333,4.0499124195065015e-11,0.9999999966105968,7.49285407902853e-15,-5.189166937638515e-10,0.1748422983497666
1262,252.5683789192795,0.08333333333333333,0.2,0.5,0.08333333333333333,4.023920275997032e-11,0.9999999965835764,7.447666235705985e-15,-5.165005328902322e-10,0.1748422983497666
1263,252.76851234156103,0.08333333333333333,0.2,0.5,0.08333333333333333,3.997928132487558e-11,0.999999996556556,7.402478392383432e-15,-5.140843720166125e-10,0.1748422983497666
1264,252.96864576384255,0.08333333333333333,0.2,0.5,0.08333333333333333,3.971935988978088e-11,0.9999999965295356,7.357290549060886e-15,-5.116682111429932e-10,0.1748422983497666
1265,253.16877918612408,0.08333333333333333,0.2,0.5,0.08333333333333333,3.945943845468615e-11,0.9999999965025151,7.312102705738335e-15,-5.092520502693735e-10,0.1748422983497666
1266,253.3689126084056,0.08333333333333333,0.2,0.5,0.08333333333333333,3.919951701959145e-11,0.9999999964754948,7.266914862415789e-15,-5.068358893957543e-10,0.1748422983497666
1267,253.5690460306871,0.08333333333333333,0.2,0.5,0.08333333333333333,3.893959558449675e-11,0.9999999964484744,7.221727019093242e-15,-5.04419728522135e-10,0.1748422983497666
1268,253.76917945296864,0.08333333333333333,0.2,0.5,0.08333333333333333,3.8679674149402016e-11,0.999999996421454,7.17653917577069e-15,-5.020035676485153e-10,0.1748422983497666
1269,253.96931287525015,0.08333333333333333,0.2,0.5,0.08333333333333333,3.841975271430732e-11,0.9999999963944336,7.131351332448145e-15,-4.99587406774896e-10,0.1748422983497666
1270,254.16944629753166,0.08333333333333333,0.2,0.5,0.08333333333333333,3.815983127921262e-11,0.9999999963674132,7.086163489125598e-15,-4.971712459012767e-10,0.1748422983497666
1271,254.3695797198132,0.08333333333333333,0.2,0.5,0.08333333333333333,3.7899909844117884e-11,0.9999999963403927,7.0409756458030465e-15,-4.947550850276571e-10,0.1748422983497666
1272,254.5697131420947,0.08333333333333333,0.2,0.5,0.08333333333333333,3.763998840902318e-11,0.9999999963133723,6.9957878024805e-15,-4.923389241540377e-10,0.1748422983497666
1273,254.76984656437625,0.08333333333333333,0.2,0.5,0.08333333333333333,3.7380066973928454e-11,0.9999999962863519,6.950599959157948e-15,-4.899227632804182e-10,0.1748422983497666
1274,254.96997998665776,0.08333333333333333,0.2,0.5,0.08333333333333333,3.712014553883375e-11,0.9999999962593316,6.905412115835402e-15,-4.875066024067988e-10,0.1748422983497666
1275,255.17011340893927,0.08333333333333333,0.2,0.5,0.08333333333333333,3.6860224103739056e-11,0.9999999962323112,6.860224272512856e-15,-4.850904415331795e-10,0.1748422983497666
1276,255.3702468312208,0.08333333333333333,0.2,0.5,0.08333333333333333,3.6600302668644315e-11,0.9999999962052907,6.815036429190304e-15,-4.826742806595598e-10,0.1748422983497666
1277,255.57038025350232,0.08333333333333333,0.2,0.5,0.08333333333333333,3.634038123354962e-11,0.9999999961782703,6.769848585867758e-15,-4.802581197859405e-10,0.1748422983497666
1278,255.77051367578383,0.08333333333333333,0.2,0.5,0.08333333333333333,3.6080459798454924e-11,0.9999999961512499,6.724660742545212e-15,-4.778419589123212e-10,0.1748422983497666
1279,255.97064709806537,0.08333333333333333,0.2,0.5,0.08333333333333333,3.582053836336019e-11,0.9999999961242295,6.6794728992226595e-15,-4.754257980387016e-10,0.1748422983497666
1280,256.1707805203469,0.08333333333333333,0.2,0.5,0.08333333333333333,3.5560616928265455e-11,0.9999999960972091,6.634285055900108e-15,-4.730096371650819e-10,0.1748422983497666
1281,256.3709139426284,0.08333333333333333,0.2,0.5,0.08333333333333333,3.530069549317075e-11,0.9999999960701886,6.5890972125775614e-15,-4.705934762914626e-10,0.1748422983497666
1282,256.57104736490993,0.08333333333333333,0.2,0.5,0.08333333333333333,3.504077405807605e-11,0.9999999960431682,6.543909369255015e-15,-4.681773154178433e-10,0.1748422983497666
1283,256.77118078719144,0.08333333333333333,0.2,0.5,0.08333333333333333,3.4780852622981355e-11,0.9999999960161479,6.49872152593247e-15,-4.65761154544224e-10,0.1748422983497666
1284,256.97131420947295,0.08333333333333333,0.2,0.5,0.08333333333333333,3.452093118788666e-11,0.9999999959891275,6.453533682609924e-15,-4.633449936706047e-10,0.1748422983497666
1285,257.1714476317545,0.08333333333333333,0.2,0.5,0.08333333333333333,3.4261009752791886e-11,0.9999999959621071,6.408345839287365e-15,-4.6092883279698467e-10,0.1748422983497666
1286,257.371581054036,0.08333333333333333,0.2,0.5,0.08333333333333333,3.400108831769719e-11,0.9999999959350867,6.363157995964819e-15,-4.5851267192336533e-10,0.1748422983497666
1287,257.57171447631754,0.08333333333333333,0.2,0.5,0.08333333333333333,3.374116688260249e-11,0.9999999959080662,6.317970152642273e-15,-4.5609651104974604e-10,0.1748422983497666
1288,257.77184789859905,0.08333333333333333,0.2,0.5,0.08333333333333333,3.348124544750779e-11,0.9999999958810458,6.272782309319728e-15,-4.5368035017612675e-10,0.1748422983497666
1289,257.97198132088056,0.08333333333333333,0.2,0.5,0.08333333333333333,3.322132401241309e-11,0.9999999958540254,6.2275944659971816e-15,-4.512641893025074e-10,0.1748422983497666
1290,258.1721147431621,0.08333333333333333,0.2,0.5,0.08333333333333333,3.296140257731832e-11,0.999999995827005,6.182406622674623e-15,-4.4884802842888744e-10,0.1748422983497666
1291,258.37224816544364,0.08333333333333333,0.2,0.5,0.08333333333333333,3.270148114222362e-11,0.9999999957999847,6.137218779352077e-15,-4.4643186755526815e-10,0.1748422983497666
1292,258.57238158772515,0.08333333333333333,0.2,0.5,0.08333333333333333,3.2441559707128926e-11,0.9999999957729642,6.092030936029531e-15,-4.440157066816488e-10,0.1748422983497666
1293,258.77251501000666,0.08333333333333333,0.2,0.5,0.08333333333333333,3.2181638272034223e-11,0.9999999957459438,6.046843092706985e-15,-4.415995458080295e-10,0.1748422983497666
1294,258.97264843228817,0.08333333333333333,0.2,0.5,0.08333333333333333,3.192171683693953e-11,0.9999999957189234,6.001655249384439e-15,-4.3918338493441017e-10,0.1748422983497666
1295,259.1727818545697,0.08333333333333333,0.2,0.5,0.08333333333333333,3.1661795401844826e-11,0.999999995691903,5.9564674060618936e-15,-4.367672240607909e-10,0.1748422983497666
1296,259.37291527685124,0.08333333333333333,0.2,0.5,0.08333333333333333,3.140187396675005e-11,0.9999999956648826,5.911279562739335e-15,-4.3435106318717087e-10,0.1748422983497666
1297,259.57304869913276,0.08333333333333333,0.2,0.5,0.08333333333333333,3.1141952531655357e-11,0.9999999956378622,5.866091719416789e-15,-4.319349023135516e-10,0.1748422983497666
1298,259.77318212141427,0.08333333333333333,0.2,0.5,0.08333333333333333,3.088203109656066e-11,0.9999999956108417,5.820903876094243e-15,-4.295187414399323e-10,0.1748422983497666
1299,259.9733155436958,0.08333333333333333,0.2,0.5,0.08333333333333333,3.062210966146596e-11,0.9999999955838214,5.7757160327716965e-15,-4.2710258056631294e-10,0.1748422983497666
1300,260.1734489659773,0.08333333333333333,0.2,0.5,0.08333333333333333,3.0362188226371257e-11,0.999999995556801,5.730528189449151e-15,-4.2468641969269365e-10,0.1748422983497666
1301,260.37358238825885,0.08333333333333333,0.2,0.5,0.08333333333333333,3.010226679127649e-11,0.9999999955297806,5.685340346126593e-15,-4.222702588190737e-10,0.1748422983497666
1302,260.57371581054036,0.08333333333333333,0.2,0.5,0.08333333333333333,2.9842345356181794e-11,0.9999999955027602,5.640152502804047e-15,-4.198540979454544e-10,0.1748422983497666
1303,260.7738492328219,0.08333333333333333,0.2,0.5,0.08333333333333333,2.958242392108709e-11,0.9999999954757397,5.5949646594815e-15,-4.17437937071835e-10,0.1748422983497666
1304,260.9739826551034,0.08333333333333333,0.2,0.5,0.08333333333333333,2.9322502485992396e-11,0.9999999954487193,5.549776816158955e-15,-4.150217761982157e-10,0.1748422983497666
1305,261.1741160773849,0.08333333333333333,0.2,0.5,0.08333333333333333,2.9062581050897698e-11,0.9999999954216989,5.504588972836409e-15,-4.126056153245964e-10,0.1748422983497666
1306,261.37424949966646,0.08333333333333333,0.2,0.5,0.08333333333333333,2.880265961580292e-11,0.9999999953946785,5.4594011295138496e-15,-4.101894544509764e-10,0.1748422983497666
1307,261.574382921948,0.08333333333333333,0.2,0.5,0.08333333333333333,2.8542738180708225e-11,0.9999999953676582,5.414213286191304e-15,-4.077732935773571e-10,0.1748422983497666
1308,261.7745163442295,0.08333333333333333,0.2,0.5,0.08333333333333333,2.8282816745613526e-11,0.9999999953406378,5.3690254428687586e-15,-4.053571327037378e-10,0.1748422983497666
1309,261.974649766511,0.08333333333333333,0.2,0.5,0.08333333333333333,2.8022895310518828e-11,0.9999999953136173,5.323837599546212e-15,-4.029409718301185e-10,0.1748422983497666
1310,262.1747831887925,0.08333333333333333,0.2,0.5,0.08333333333333333,2.776297387542413e-11,0.9999999952865969,5.278649756223667e-15,-4.005248109564992e-10,0.1748422983497666
1311,262.374916611074,0.08333333333333333,0.2,0.5,0.08333333333333333,2.7503052440329433e-11,0.9999999952595765,5.233461912901121e-15,-3.9810865008287984e-10,0.1748422983497666
1312,262.5750500333556,0.08333333333333333,0.2,0.5,0.08333333333333333,2.724313100523466e-11,0.9999999952325561,5.188274069578562e-15,-3.956924892092599e-10,0.1748422983497666
1313,262.7751834556371,0.08333333333333333,0.2,0.5,0.08333333333333333,2.698320957013996e-11,0.9999999952055357,5.143086226256016e-15,-3.9327632833564054e-10,0.1748422983497666
1314,262.9753168779186,0.08333333333333333,0.2,0.5,0.08333333333333333,2.6723288135045262e-11,0.9999999951785152,5.0978983829334706e-15,-3.9086016746202125e-10,0.1748422983497666
1315,263.1754503002001,0.08333333333333333,0.2,0.5,0.08333333333333333,2.6463366699950566e-11,0.9999999951514948,5.052710539610925e-15,-3.8844400658840196e-10,0.1748422983497666
1316,263.3755837224816,0.08333333333333333,0.2,0.5,0.08333333333333333,2.6203445264855864e-11,0.9999999951244745,5.007522696288378e-15,-3.860278457147826e-10,0.1748422983497666
1317,263.5757171447632,0.08333333333333333,0.2,0.5,0.08333333333333333,2.5943523829761094e-11,0.9999999950974541,4.96233485296582e-15,-3.8361168484116265e-10,0.1748422983497666
1318,263.7758505670447,0.08333333333333333,0.2,0.5,0.08333333333333333,2.5683602394666395e-11,0.9999999950704337,4.917147009643274e-15,-3.8119552396754336e-10,0.1748422983497666
1319,263.9759839893262,0.08333333333333333,0.2,0.5,0.08333333333333333,2.5423680959571696e-11,0.9999999950434132,4.871959166320727e-15,-3.78779363093924e-10,0.1748422983497666
1320,264.1761174116077,0.08333333333333333,0.2,0.5,0.08333333333333333,2.5163759524476997e-11,0.9999999950163928,4.826771322998182e-15,-3.7636320222030467e-10,0.1748422983497666
1321,264.37625083388923,0.08333333333333333,0.2,0.5,0.08333333333333333,2.49038380893823e-11,0.9999999949893724,4.781583479675636e-15,-3.739470413466854e-10,0.1748422983497666
1322,264.5763842561708,0.08333333333333333,0.2,0.5,0.08333333333333333,2.4643916654287528e-11,0.999999994962352,4.736395636353078e-15,-3.715308804730654e-10,0.1748422983497666
1323,264.7765176784523,0.08333333333333333,0.2,0.5,0.08333333333333333,2.438399521919283e-11,0.9999999949353316,4.691207793030531e-15,-3.691147195994461e-10,0.1748422983497666
1324,264.9766511007338,0.08333333333333333,0.2,0.5,0.08333333333333333,2.412407378409813e-11,0.9999999949083113,4.6460199497079855e-15,-3.666985587258268e-10,0.1748422983497666
1325,265.17678452301533,0.08333333333333333,0.2,0.5,0.08333333333333333,2.3864152349003435e-11,0.9999999948812908,4.60083210638544e-15,-3.642823978522075e-10,0.1748422983497666
1326,265.37691794529684,0.08333333333333333,0.2,0.5,0.08333333333333333,2.3604230913908733e-11,0.9999999948542704,4.555644263062894e-15,-3.6186623697858815e-10,0.1748422983497666
1327,265.57705136757835,0.08333333333333333,0.2,0.5,0.08333333333333333,2.3344309478814037e-11,0.99999999482725,4.510456419740348e-15,-3.5945007610496886e-10,0.1748422983497666
1328,265.7771847898599,0.08333333333333333,0.2,0.5,0.08333333333333333,2.3084388043719264e-11,0.9999999948002296,4.465268576417789e-15,-3.570339152313489e-10,0.1748422983497666
1329,265.9773182121414,0.08333333333333333,0.2,0.5,0.08333333333333333,2.2824466608624565e-11,0.9999999947732092,4.420080733095244e-15,-3.546177543577295e-10,0.1748422983497666
1330,266.17745163442294,0.08333333333333333,0.2,0.5,0.08333333333333333,2.2564545173529866e-11,0.9999999947461887,4.3748928897726975e-15,-3.522015934841102e-10,0.1748422983497666
1331,266.37758505670445,0.08333333333333333,0.2,0.5,0.08333333333333333,2.230462373843517e-11,0.9999999947191683,4.329705046450152e-15,-3.497854326104909e-10,0.1748422983497666
1332,266.57771847898596,0.08333333333333333,0.2,0.5,0.08333333333333333,2.204470230334047e-11,0.999999994692148,4.284517203127606e-15,-3.4736927173687163e-10,0.1748422983497666
1333,266.7778519012675,0.08333333333333333,0.2,0.5,0.08333333333333333,2.1784780868245698e-11,0.9999999946651276,4.2393293598050475e-15,-3.449531108632516e-10,0.1748422983497666
1334,266.97798532354904,0.08333333333333333,0.2,0.5,0.08333333333333333,2.1524859433151e-11,0.9999999946381072,4.194141516482501e-15,-3.425369499896323e-10,0.1748422983497666
1335,267.17811874583055,0.08333333333333333,0.2,0.5,0.08333333333333333,2.12649379980563e-11,0.9999999946110868,4.148953673159955e-15,-3.4012078911601303e-10,0.1748422983497666
1336,267.37825216811206,0.08333333333333333,0.2,0.5,0.08333333333333333,2.1005016562961604e-11,0.9999999945840663,4.1037658298374094e-15,-3.377046282423937e-10,0.1748422983497666
1337,267.57838559039357,0.08333333333333333,0.2,0.5,0.08333333333333333,2.0745095127866902e-11,0.9999999945570459,4.058577986514864e-15,-3.352884673687744e-10,0.1748422983497666
1338,267.77851901267513,0.08333333333333333,0.2,0.5,0.08333333333333333,2.0485173692772132e-11,0.9999999945300255,4.013390143192305e-15,-3.3287230649515443e-10,0.1748422983497666
1339,267.97865243495664,0.08333333333333333,0.2,0.5,0.08333333333333333,2.0225252257677433e-11,0.9999999945030051,3.968202299869759e-15,-3.304561456215351e-10,0.1748422983497666
1340,268.17878585723815,0.08333333333333333,0.2,0.5,0.08333333333333333,1.9965330822582734e-11,0.9999999944759848,3.923014456547213e-15,-3.2803998474791575e-10,0.1748422983497666
1341,268.37891927951966,0.08333333333333333,0.2,0.5,0.08333333333333333,1.9705409387488036e-11,0.9999999944489643,3.877826613224668e-15,-3.2562382387429646e-10,0.1748422983497666
1342,268.5790527018012,0.08333333333333333,0.2,0.5,0.08333333333333333,1.944548795239334e-11,0.9999999944219439,3.8326387699021214e-15,-3.2320766300067717e-10,0.1748422983497666
1343,268.7791861240827,0.08333333333333333,0.2,0.5,0.08333333333333333,1.918556651729864e-11,0.9999999943949235,3.787450926579575e-15,-3.207915021270579e-10,0.1748422983497666
1344,268.97931954636425,0.08333333333333333,0.2,0.5,0.08333333333333333,1.8925645082203868e-11,0.9999999943679031,3.742263083257017e-15,-3.1837534125343786e-10,0.1748422983497666
1345,269.17945296864576,0.08333333333333333,0.2,0.5,0.08333333333333333,1.866572364710917e-11,0.9999999943408827,3.697075239934471e-15,-3.159591803798185e-10,0.1748422983497666
1346,269.3795863909273,0.08333333333333333,0.2,0.5,0.08333333333333333,1.8405802212014473e-11,0.9999999943138623,3.651887396611924e-15,-3.1354301950619923e-10,0.1748422983497666
1347,269.5797198132088,0.08333333333333333,0.2,0.5,0.08333333333333333,1.814588077691977e-11,0.9999999942868418,3.606699553289379e-15,-3.1112685863257994e-10,0.1748422983497666
1348,269.7798532354903,0.08333333333333333,0.2,0.5,0.08333333333333333,1.7885959341825075e-11,0.9999999942598214,3.561511709966833e-15,-3.087106977589606e-10,0.1748422983497666
1349,269.97998665777186,0.08333333333333333,0.2,0.5,0.08333333333333333,1.7626037906730302e-11,0.9999999942328011,3.5163238666442745e-15,-3.0629453688534063e-10,0.1748422983497666
1350,270.18012008005337,0.08333333333333333,0.2,0.5,0.08333333333333333,1.7366116471635603e-11,0.9999999942057807,3.4711360233217286e-15,-3.038783760117213e-10,0.1748422983497666
1351,270.3802535023349,0.08333333333333333,0.2,0.5,0.08333333333333333,1.7106195036540904e-11,0.9999999941787603,3.4259481799991827e-15,-3.01462215138102e-10,0.1748422983497666
1352,270.5803869246164,0.08333333333333333,0.2,0.5,0.08333333333333333,1.684627360144621e-11,0.9999999941517398,3.3807603366766368e-15,-2.990460542644827e-10,0.1748422983497666
1353,270.7805203468979,0.08333333333333333,0.2,0.5,0.08333333333333333,1.658635216635151e-11,0.9999999941247194,3.335572493354091e-15,-2.966298933908634e-10,0.1748422983497666
1354,270.98065376917947,0.08333333333333333,0.2,0.5,0.08333333333333333,1.6326430731256736e-11,0.999999994097699,3.290384650031532e-15,-2.942137325172434e-10,0.1748422983497666
1355,271.180787191461,0.08333333333333333,0.2,0.5,0.08333333333333333,1.6066509296162037e-11,0.9999999940706786,3.2451968067089864e-15,-2.917975716436241e-10,0.1748422983497666
1356,271.3809206137425,0.08333333333333333,0.2,0.5,0.08333333333333333,1.5806587861067342e-11,0.9999999940436582,3.20000896338644e-15,-2.8938141077000476e-10,0.1748422983497666
1357,271.581054036024,0.08333333333333333,0.2,0.5,0.08333333333333333,1.554666642597264e-11,0.9999999940166377,3.1548211200638946e-15,-2.869652498963854e-10,0.1748422983497666
1358,271.7811874583055,0.08333333333333333,0.2,0.5,0.08333333333333333,1.5286744990877944e-11,0.9999999939896174,3.1096332767413487e-15,-2.8454908902276613e-10,0.1748422983497666
1359,271.981320880587,0.08333333333333333,0.2,0.5,0.08333333333333333,1.5026823555783245e-11,0.999999993962597,3.064445433418803e-15,-2.8213292814914684e-10,0.1748422983497666
1360,272.1814543028686,0.08333333333333333,0.2,0.5,0.08333333333333333,1.4766902120688475e-11,0.9999999939355766,3.019257590096244e-15,-2.797167672755268e-10,0.1748422983497666
1361,272.3815877251501,0.08333333333333333,0.2,0.5,0.08333333333333333,1.4506980685593774e-11,0.9999999939085562,2.9740697467736984e-15,-2.7730060640190753e-10,0.1748422983497666
1362,272.5817211474316,0.08333333333333333,0.2,0.5,0.08333333333333333,1.4247059250499076e-11,0.9999999938815358,2.928881903451152e-15,-2.7488444552828824e-10,0.1748422983497666
1363,272.7818545697131,0.08333333333333333,0.2,0.5,0.08333333333333333,1.3987137815404377e-11,0.9999999938545153,2.8836940601286062e-15,-2.724682846546689e-10,0.1748422983497666
1364,272.98198799199463,0.08333333333333333,0.2,0.5,0.08333333333333333,1.372721638030968e-11,0.9999999938274949,2.8385062168060603e-15,-2.700521237810496e-10,0.1748422983497666
1365,273.1821214142762,0.08333333333333333,0.2,0.5,0.08333333333333333,1.3467294945214906e-11,0.9999999938004746,2.7933183734835018e-15,-2.676359629074296e-10,0.1748422983497666
1366,273.3822548365577,0.08333333333333333,0.2,0.5,0.08333333333333333,1.3207373510120209e-11,0.9999999937734542,2.748130530160956e-15,-2.652198020338103e-10,0.1748422983497666
1367,273.5823882588392,0.08333333333333333,0.2,0.5,0.08333333333333333,1.2947452075025511e-11,0.9999999937464338,2.70294268683841e-15,-2.6280364116019096e-10,0.1748422983497666
1368,273.7825216811207,0.08333333333333333,0.2,0.5,0.08333333333333333,1.2687530639930811e-11,0.9999999937194133,2.657754843515864e-15,-2.6038748028657167e-10,0.1748422983497666
1369,273.98265510340224,0.08333333333333333,0.2,0.5,0.08333333333333333,1.2427609204836114e-11,0.9999999936923929,2.612567000193318e-15,-2.579713194129524e-10,0.1748422983497666
1370,274.1827885256838,0.08333333333333333,0.2,0.5,0.08333333333333333,1.216768776974134e-11,0.9999999936653725,2.5673791568707596e-15,-2.5555515853933236e-10,0.1748422983497666
1371,274.3829219479653,0.08333333333333333,0.2,0.5,0.08333333333333333,1.1907766334646643e-11,0.9999999936383521,2.5221913135482134e-15,-2.5313899766571307e-10,0.1748422983497666
1372,274.5830553702468,0.08333333333333333,0.2,0.5,0.08333333333333333,1.1647844899551944e-11,0.9999999936113317,2.477003470225668e-15,-2.507228367920938e-10,0.1748422983497666
1373,274.78318879252834,0.08333333333333333,0.2,0.5,0.08333333333333333,1.1387923464457247e-11,0.9999999935843114,2.431815626903122e-15,-2.4830667591847444e-10,0.1748422983497666
1374,274.98332221480985,0.08333333333333333,0.2,0.5,0.08333333333333333,1.1128002029362548e-11,0.9999999935572909,2.386627783580576e-15,-2.4589051504485515e-10,0.1748422983497666
1375,275.18345563709136,0.08333333333333333,0.2,0.5,0.08333333333333333,1.0868080594267849e-11,0.9999999935302705,2.34143994025803e-15,-2.434743541712358e-10,0.1748422983497666
1376,275.3835890593729,0.08333333333333333,0.2,0.5,0.08333333333333333,1.0608159159173076e-11,0.9999999935032501,2.2962520969354712e-15,-2.4105819329761584e-10,0.1748422983497666
1377,275.58372248165443,0.08333333333333333,0.2,0.5,0.08333333333333333,1.0348237724078378e-11,0.9999999934762297,2.2510642536129253e-15,-2.386420324239965e-10,0.1748422983497666
1378,275.78385590393594,0.08333333333333333,0.2,0.5,0.08333333333333333,1.008831628898368e-11,0.9999999934492093,2.2058764102903794e-15,-2.362258715503772e-10,0.1748422983497666
1379,275.98398932621745,0.08333333333333333,0.2,0.5,0.08333333333333333,9.828394853888982e-12,0.9999999934221888,2.1606885669678335e-15,-2.338097106767579e-10,0.1748422983497666
1380,276.18412274849896,0.08333333333333333,0.2,0.5,0.08333333333333333,9.568473418794283e-12,0.9999999933951684,2.1155007236452876e-15,-2.3139354980313857e-10,0.1748422983497666
1381,276.38425617078053,0.08333333333333333,0.2,0.5,0.08333333333333333,9.30855198369951e-12,0.999999993368148,2.070312880322729e-15,-2.2897738892951858e-10,0.1748422983497666
1382,276.58438959306204,0.08333333333333333,0.2,0.5,0.08333333333333333,9.048630548604813e-12,0.9999999933411277,2.025125037000183e-15,-2.265612280558993e-10,0.1748422983497666
1383,276.78452301534355,0.08333333333333333,0.2,0.5,0.08333333333333333,8.788709113510114e-12,0.9999999933141073,1.9799371936776373e-15,-2.2414506718227997e-10,0.1748422983497666
1384,276.98465643762506,0.08333333333333333,0.2,0.5,0.08333333333333333,8.528787678415417e-12,0.9999999932870868,1.9347493503550914e-15,-2.2172890630866066e-10,0.1748422983497666
1385,277.1847898599066,0.08333333333333333,0.2,0.5,0.08333333333333333,8.268866243320718e-12,0.9999999932600664,1.8895615070325455e-15,-2.1931274543504134e-10,0.1748422983497666
1386,277.38492328218814,0.08333333333333333,0.2,0.5,0.08333333333333333,8.008944808225946e-12,0.999999993233046,1.8443736637099866e-15,-2.1689658456142135e-10,0.1748422983497666
1387,277.58505670446965,0.08333333333333333,0.2,0.5,0.08333333333333333,7.749023373131247e-12,0.9999999932060256,1.799185820387441e-15,-2.1448042368780203e-10,0.1748422983497666
1388,277.78519012675116,0.08333333333333333,0.2,0.5,0.08333333333333333,7.489101938036548e-12,0.9999999931790052,1.753997977064895e-15,-2.1206426281418274e-10,0.1748422983497666
1389,277.98532354903267,0.08333333333333333,0.2,0.5,0.08333333333333333,7.22918050294185e-12,0.9999999931519848,1.708810133742349e-15,-2.0964810194056343e-10,0.1748422983497666
1390,278.1854569713142,0.08333333333333333,0.2,0.5,0.08333333333333333,6.969259067847152e-12,0.9999999931249643,1.6636222904198032e-15,-2.072319410669441e-10,0.1748422983497666
1391,278.3855903935957,0.08333333333333333,0.2,0.5,0.08333333333333333,6.709337632752454e-12,0.999999993097944,1.6184344470972573e-15,-2.0481578019332482e-10,0.1748422983497666
1392,278.58572381587726,0.08333333333333333,0.2,0.5,0.08333333333333333,6.490618643202177e-12,0.9999999930751381,1.5801533131223953e-15,-2.0271384810766763e-10,0.1748422983497666
1393,278.78585723815877,0.08333333333333333,0.2,0.5,0.08333333333333333,6.46650627582468e-12,0.999999993072238,1.5744938198953588e-15,-2.0209607557144446e-10,0.1748422983497666
1394,278.9859906604403,0.08333333333333333,0.2,0.5,0.08333333333333333,6.442393908447183e-12,0.9999999930693377,1.5688343266683224e-15,-2.0147830303522127e-10,0.1748422983497666
1395,279.1861240827218,0.08333333333333333,0.2,0.5,0.08333333333333333,6.418281541069685e-12,0.9999999930664376,1.5631748334412856e-15,-2.0086053049899805e-10,0.1748422983497666
1396,279.3862575050033,0.08333333333333333,0.2,0.5,0.08333333333333333,6.394169173692187e-12,0.9999999930635374,1.5575153402142493e-15,-2.0024275796277488e-10,0.1748422983497666
1397,279.58639092728487,0.08333333333333333,0.2,0.5,0.08333333333333333,6.370056806314683e-12,0.9999999930606372,1.5518558469872111e-15,-1.996249854265515e-10,0.1748422983497666
1398,279.7865243495664,0.08333333333333333,0.2,0.5,0.08333333333333333,6.3459444389371856e-12,0.999999993057737,1.5461963537601744e-15,-1.990072128903283e-10,0.1748422983497666
1399,279.9866577718479,0.08333333333333333,0.2,0.5,0.08333333333333333,6.321832071559689e-12,0.9999999930548369,1.540536860533138e-15,-1.9838944035410512e-10,0.1748422983497666
1400,280.1867911941294,0.08333333333333333,0.2,0.5,0.08333333333333333,6.29771970418219e-12,0.9999999930519367,1.5348773673061012e-15,-1.977716678178819e-10,0.1748422983497666
1401,280.3869246164109,0.08333333333333333,0.2,0.5,0.08333333333333333,6.273607336804693e-12,0.9999999930490365,1.5292178740790649e-15,-1.9715389528165874e-10,0.1748422983497666
1402,280.5870580386925,0.08333333333333333,0.2,0.5,0.08333333333333333,6.249494969427189e-12,0.9999999930461363,1.5235583808520267e-15,-1.9653612274543537e-10,0.1748422983497666
1403,280.787191460974,0.08333333333333333,0.2,0.5,0.08333333333333333,6.225382602049691e-12,0.9999999930432362,1.5178988876249902e-15,-1.9591835020921215e-10,0.1748422983497666
1404,280.9873248832555,0.08333333333333333,0.2,0.5,0.08333333333333333,6.201270234672194e-12,0.9999999930403359,1.5122393943979536e-15,-1.9530057767298898e-10,0.1748422983497666
1405,281.187458305537,0.08333333333333333,0.2,0.5,0.08333333333333333,6.177157867294697e-12,0.9999999930374358,1.5065799011709172e-15,-1.946828051367658e-10,0.1748422983497666
1406,281.3875917278185,0.08333333333333333,0.2,0.5,0.08333333333333333,6.1530454999171985e-12,0.9999999930345356,1.5009204079438805e-15,-1.9406503260054257e-10,0.1748422983497666
1407,281.5877251501,0.08333333333333333,0.2,0.5,0.08333333333333333,6.128933132539702e-12,0.9999999930316354,1.495260914716844e-15,-1.934472600643194e-10,0.1748422983497666
1408,281.7878585723816,0.08333333333333333,0.2,0.5,0.08333333333333333,6.1048207651621975e-12,0.9999999930287352,1.489601421489806e-15,-1.9282948752809603e-10,0.1748422983497666
1409,281.9879919946631,0.08333333333333333,0.2,0.5,0.08333333333333333,6.0807083977847e-12,0.9999999930258351,1.4839419282627692e-15,-1.9221171499187284e-10,0.1748422983497666
1410,282.1881254169446,0.08333333333333333,0.2,0.5,0.08333333333333333,6.056596030407202e-12,0.9999999930229349,1.4782824350357328e-15,-1.9159394245564964e-10,0.1748422983497666
1411,282.3882588392261,0.08333333333333333,0.2,0.5,0.08333333333333333,6.032483663029705e-12,0.9999999930200347,1.4726229418086963e-15,-1.9097616991942645e-10,0.1748422983497666
1412,282.58839226150764,0.08333333333333333,0.2,0.5,0.08333333333333333,6.008371295652207e-12,0.9999999930171345,1.4669634485816597e-15,-1.9035839738320326e-10,0.1748422983497666
1413,282.7885256837892,0.08333333333333333,0.2,0.5,0.08333333333333333,5.984258928274703e-12,0.9999999930142344,1.4613039553546216e-15,-1.8974062484697989e-10,0.1748422983497666
1414,282.9886591060707,0.08333333333333333,0.2,0.5,0.08333333333333333,5.960146560897206e-12,0.9999999930113341,1.4556444621275852e-15,-1.891228523107567e-10,0.1748422983497666
1415,283.1887925283522,0.08333333333333333,0.2,0.5,0.08333333333333333,5.936034193519708e-12,0.999999993008434,1.4499849689005484e-15,-1.885050797745335e-10,0.1748422983497666
1416,283.38892595063373,0.08333333333333333,0.2,0.5,0.08333333333333333,5.91192182614221e-12,0.9999999930055338,1.444325475673512e-15,-1.878873072383103e-10,0.1748422983497666
1417,283.58905937291524,0.08333333333333333,0.2,0.5,0.08333333333333333,5.8878094587647135e-12,0.9999999930026336,1.4386659824464755e-15,-1.8726953470208714e-10,0.1748422983497666
1418,283.7891927951968,0.08333333333333333,0.2,0.5,0.08333333333333333,5.8636970913872085e-12,0.9999999929997334,1.4330064892194372e-15,-1.8665176216586374e-10,0.1748422983497666
1419,283.9893262174783,0.08333333333333333,0.2,0.5,0.08333333333333333,5.839584724009712e-12,0.9999999929968332,1.4273469959924008e-15,-1.8603398962964055e-10,0.1748422983497666
1420,284.18945963975983,0.08333333333333333,0.2,0.5,0.08333333333333333,5.815472356632214e-12,0.999999992993933,1.4216875027653642e-15,-1.8541621709341738e-10,0.1748422983497666
1421,284.38959306204134,0.08333333333333333,0.2,0.5,0.08333333333333333,5.791359989254716e-12,0.9999999929910328,1.4160280095383277e-15,-1.8479844455719416e-10,0.1748422983497666
1422,284.58972648432285,0.08333333333333333,0.2,0.5,0.08333333333333333,5.7672476218772194e-12,0.9999999929881327,1.410368516311291e-15,-1.8418067202097097e-10,0.1748422983497666
1423,284.7898599066044,0.08333333333333333,0.2,0.5,0.08333333333333333,5.743135254499715e-12,0.9999999929852325,1.4047090230842531e-15,-1.8356289948474762e-10,0.1748422983497666
1424,284.98999332888593,0.08333333333333333,0.2,0.5,0.08333333333333333,5.719022887122217e-12,0.9999999929823323,1.3990495298572164e-15,-1.829451269485244e-10,0.1748422983497666
1425,285.19012675116744,0.08333333333333333,0.2,0.5,0.08333333333333333,5.69491051974472e-12,0.9999999929794321,1.39339003663018e-15,-1.8232735441230124e-10,0.1748422983497666
1426,285.39026017344895,0.08333333333333333,0.2,0.5,0.08333333333333333,5.6707981523672215e-12,0.999999992976532,1.3877305434031433e-15,-1.8170958187607802e-10,0.1748422983497666
1427,285.59039359573046,0.08333333333333333,0.2,0.5,0.08333333333333333,5.6466857849897246e-12,0.9999999929736317,1.3820710501761069e-15,-1.8109180933985483e-10,0.1748422983497666
1428,285.79052701801197,0.08333333333333333,0.2,0.5,0.08333333333333333,5.622573417612228e-12,0.9999999929707316,1.3764115569490703e-15,-1.8047403680363166e-10,0.1748422983497666
1429,285.99066044029354,0.08333333333333333,0.2,0.5,0.08333333333333333,5.5984610502347236e-12,0.9999999929678314,1.3707520637220322e-15,-1.798562642674083e-10,0.1748422983497666
1430,286.19079386257505,0.08333333333333333,0.2,0.5,0.08333333333333333,5.574348682857225e-12,0.9999999929649313,1.3650925704949956e-15,-1.792384917311851e-10,0.1748422983497666
1431,286.39092728485656,0.08333333333333333,0.2,0.5,0.08333333333333333,5.550236315479728e-12,0.999999992962031,1.359433077267959e-15,-1.786207191949619e-10,0.1748422983497666
1432,286.59106070713807,0.08333333333333333,0.2,0.5,0.08333333333333333,5.5261239481022305e-12,0.9999999929591309,1.3537735840409225e-15,-1.7800294665873868e-10,0.1748422983497666
1433,286.7911941294196,0.08333333333333333,0.2,0.5,0.08333333333333333,5.502011580724733e-12,0.9999999929562307,1.348114090813886e-15,-1.7738517412251552e-10,0.1748422983497666
1434,286.99132755170115,0.08333333333333333,0.2,0.5,0.08333333333333333,5.477899213347229e-12,0.9999999929533305,1.342454597586848e-15,-1.7676740158629214e-10,0.1748422983497666
1435,287.19146097398266,0.08333333333333333,0.2,0.5,0.08333333333333333,5.453786845969731e-12,0.9999999929504303,1.3367951043598112e-15,-1.7614962905006895e-10,0.1748422983497666
1436,287.39159439626417,0.08333333333333333,0.2,0.5,0.08333333333333333,5.429674478592233e-12,0.9999999929475302,1.3311356111327748e-15,-1.7553185651384576e-10,0.1748422983497666
1437,287.5917278185457,0.08333333333333333,0.2,0.5,0.08333333333333333,5.4055621112147365e-12,0.9999999929446299,1.3254761179057383e-15,-1.7491408397762257e-10,0.1748422983497666
1438,287.7918612408272,0.08333333333333333,0.2,0.5,0.08333333333333333,5.381449743837239e-12,0.9999999929417298,1.3198166246787017e-15,-1.7429631144139937e-10,0.1748422983497666
1439,287.99199466310876,0.08333333333333333,0.2,0.5,0.08333333333333333,5.357337376459735e-12,0.9999999929388296,1.3141571314516636e-15,-1.73678538905176e-10,0.1748422983497666
1440,288.19212808539027,0.08333333333333333,0.2,0.5,0.08333333333333333,5.333225009082237e-12,0.9999999929359294,1.308497638224627e-15,-1.730607663689528e-10,0.1748422983497666
1441,288.3922615076718,0.08333333333333333,0.2,0.5,0.08333333333333333,5.309112641704739e-12,0.9999999929330292,1.3028381449975904e-15,-1.7244299383272961e-10,0.1748422983497666
1442,288.5923949299533,0.08333333333333333,0.2,0.5,0.08333333333333333,5.2850002743272424e-12,0.9999999929301291,1.2971786517705539e-15,-1.7182522129650642e-10,0.1748422983497666
1443,288.7925283522348,0.08333333333333333,0.2,0.5,0.08333333333333333,5.260887906949745e-12,0.9999999929272289,1.2915191585435175e-15,-1.7120744876028323e-10,0.1748422983497666
1444,288.9926617745163,0.08333333333333333,0.2,0.5,0.08333333333333333,5.236775539572247e-12,0.9999999929243287,1.2858596653164808e-15,-1.7058967622406004e-10,0.1748422983497666
1445,289.1927951967979,0.08333333333333333,0.2,0.5,0.08333333333333333,5.212663172194743e-12,0.9999999929214285,1.2802001720894428e-15,-1.6997190368783666e-10,0.1748422983497666
1446,289.3929286190794,0.08333333333333333,0.2,0.5,0.08333333333333333,5.188550804817246e-12,0.9999999929185284,1.2745406788624062e-15,-1.693541311516135e-10,0.1748422983497666
1447,289.5930620413609,0.08333333333333333,0.2,0.5,0.08333333333333333,5.1644384374397475e-12,0.9999999929156281,1.2688811856353697e-15,-1.6873635861539028e-10,0.1748422983497666
1448,289.7931954636424,0.08333333333333333,0.2,0.5,0.08333333333333333,5.140326070062251e-12,0.999999992912728,1.2632216924083331e-15,-1.681185860791671e-10,0.1748422983497666
1449,289.9933288859239,0.08333333333333333,0.2,0.5,0.08333333333333333,5.116213702684753e-12,0.9999999929098278,1.2575621991812967e-15,-1.675008135429439e-10,0.1748422983497666
1450,290.1934623082055,0.08333333333333333,0.2,0.5,0.08333333333333333,5.092101335307248e-12,0.9999999929069276,1.2519027059542584e-15,-1.6688304100672052e-10,0.1748422983497666
1451,290.393595730487,0.08333333333333333,0.2,0.5,0.08333333333333333,5.067988967929751e-12,0.9999999929040274,1.2462432127272218e-15,-1.6626526847049735e-10,0.1748422983497666
1452,290.5937291527685,0.08333333333333333,0.2,0.5,0.08333333333333333,5.043876600552254e-12,0.9999999929011273,1.2405837195001855e-15,-1.6564749593427416e-10,0.1748422983497666
1453,290.79386257505,0.08333333333333333,0.2,0.5,0.08333333333333333,5.019764233174756e-12,0.999999992898227,1.2349242262731487e-15,-1.6502972339805097e-10,0.1748422983497666
1454,290.9939959973315,0.08333333333333333,0.2,0.5,0.08333333333333333,4.995651865797259e-12,0.9999999928953269,1.2292647330461123e-15,-1.6441195086182775e-10,0.1748422983497666
1455,291.1941294196131,0.08333333333333333,0.2,0.5,0.08333333333333333,4.971539498419755e-12,0.9999999928924267,1.2236052398190742e-15,-1.637941783256044e-10,0.1748422983497666
1456,291.3942628418946,0.08333333333333333,0.2,0.5,0.08333333333333333,4.947427131042257e-12,0.9999999928895266,1.2179457465920376e-15,-1.631764057893812e-10,0.1748422983497666
1457,291.5943962641761,0.08333333333333333,0.2,0.5,0.08333333333333333,4.9233147636647594e-12,0.9999999928866263,1.212286253365001e-15,-1.6255863325315802e-10,0.1748422983497666
1458,291.7945296864576,0.08333333333333333,0.2,0.5,0.08333333333333333,4.899202396287262e-12,0.9999999928837262,1.2066267601379645e-15,-1.6194086071693482e-10,0.1748422983497666
1459,291.99466310873913,0.08333333333333333,0.2,0.5,0.08333333333333333,4.875090028909764e-12,0.999999992880826,1.200967266910928e-15,-1.613230881807116e-10,0.1748422983497666
1460,292.19479653102064,0.08333333333333333,0.2,0.5,0.08333333333333333,4.850977661532267e-12,0.9999999928779258,1.1953077736838916e-15,-1.6070531564448844e-10,0.1748422983497666
1461,292.3949299533022,0.08333333333333333,0.2,0.5,0.08333333333333333,4.826865294154762e-12,0.9999999928750256,1.1896482804568532e-15,-1.6008754310826507e-10,0.1748422983497666
1462,292.5950633755837,0.08333333333333333,0.2,0.5,0.08333333333333333,4.802752926777265e-12,0.9999999928721255,1.1839887872298167e-15,-1.5946977057204187e-10,0.1748422983497666
1463,292.79519679786523,0.08333333333333333,0.2,0.5,0.08333333333333333,4.778640559399768e-12,0.9999999928692253,1.1783292940027803e-15,-1.5885199803581868e-10,0.1748422983497666
1464,292.99533022014674,0.08333333333333333,0.2,0.5,0.08333333333333333,4.75452819202227e-12,0.9999999928663251,1.1726698007757435e-15,-1.5823422549959546e-10,0.1748422983497666
1465,293.19546364242825,0.08333333333333333,0.2,0.5,0.08333333333333333,4.730415824644773e-12,0.9999999928634249,1.1670103075487072e-15,-1.576164529633723e-10,0.1748422983497666
1466,293.3955970647098,0.08333333333333333,0.2,0.5,0.08333333333333333,4.706303457267269e-12,0.9999999928605248,1.161350814321669e-15,-1.5699868042714892e-10,0.1748422983497666
1467,293.59573048699133,0.08333333333333333,0.2,0.5,0.08333333333333333,4.6821910898897705e-12,0.9999999928576245,1.1556913210946325e-15,-1.563809078909257e-10,0.1748422983497666
1468,293.79586390927284,0.08333333333333333,0.2,0.5,0.08333333333333333,4.658078722512274e-12,0.9999999928547244,1.150031827867596e-15,-1.5576313535470254e-10,0.1748422983497666
1469,293.99599733155435,0.08333333333333333,0.2,0.5,0.08333333333333333,4.633966355134777e-12,0.9999999928518242,1.1443723346405595e-15,-1.5514536281847937e-10,0.1748422983497666
1470,294.19613075383586,0.08333333333333333,0.2,0.5,0.08333333333333333,4.609853987757278e-12,0.999999992848924,1.1387128414135228e-15,-1.5452759028225615e-10,0.1748422983497666
1471,294.3962641761174,0.08333333333333333,0.2,0.5,0.08333333333333333,4.585741620379774e-12,0.9999999928460238,1.1330533481864846e-15,-1.5390981774603278e-10,0.1748422983497666
1472,294.59639759839894,0.08333333333333333,0.2,0.5,0.08333333333333333,4.561629253002277e-12,0.9999999928431237,1.1273938549594483e-15,-1.532920452098096e-10,0.1748422983497666
1473,294.79653102068045,0.08333333333333333,0.2,0.5,0.08333333333333333,4.537516885624779e-12,0.9999999928402235,1.1217343617324115e-15,-1.526742726735864e-10,0.1748422983497666
1474,294.99666444296196,0.08333333333333333,0.2,0.5,0.08333333333333333,4.513404518247282e-12,0.9999999928373233,1.1160748685053751e-15,-1.5205650013736323e-10,0.1748422983497666
1475,295.19679786524347,0.08333333333333333,0.2,0.5,0.08333333333333333,4.489292150869784e-12,0.9999999928344231,1.1104153752783386e-15,-1.5143872760114e-10,0.1748422983497666
1476,295.396931287525,0.08333333333333333,0.2,0.5,0.08333333333333333,4.4651797834922865e-12,0.999999992831523,1.104755882051302e-15,-1.5082095506491682e-10,0.1748422983497666
1477,295.59706470980655,0.08333333333333333,0.2,0.5,0.08333333333333333,4.4410674161147824e-12,0.9999999928286227,1.0990963888242639e-15,-1.5020318252869347e-10,0.1748422983497666
1478,295.79719813208806,0.08333333333333333,0.2,0.5,0.08333333333333333,4.416955048737285e-12,0.9999999928257226,1.0934368955972273e-15,-1.4958540999247025e-10,0.1748422983497666
1479,295.99733155436957,0.08333333333333333,0.2,0.5,0.08333333333333333,4.392842681359788e-12,0.9999999928228224,1.0877774023701907e-15,-1.4896763745624706e-10,0.1748422983497666
1480,296.1974649766511,0.08333333333333333,0.2,0.5,0.08333333333333333,4.36873031398229e-12,0.9999999928199222,1.0821179091431542e-15,-1.4834986492002386e-10,0.1748422983497666
1481,296.3975983989326,0.08333333333333333,0.2,0.5,0.08333333333333333,4.3446179466047925e-12,0.999999992817022,1.0764584159161176e-15,-1.477320923838007e-10,0.1748422983497666
1482,296.59773182121415,0.08333333333333333,0.2,0.5,0.08333333333333333,4.320505579227288e-12,0.9999999928141219,1.0707989226890797e-15,-1.4711431984757732e-10,0.1748422983497666
1483,296.79786524349566,0.08333333333333333,0.2,0.5,0.08333333333333333,4.296393211849791e-12,0.9999999928112216,1.0651394294620431e-15,-1.464965473113541e-10,0.1748422983497666
1484,296.9979986657772,0.08333333333333333,0.2,0.5,0.08333333333333333,4.272280844472294e-12,0.9999999928083215,1.0594799362350065e-15,-1.4587877477513094e-10,0.1748422983497666
1485,297.1981320880587,0.08333333333333333,0.2,0.5,0.08333333333333333,4.248168477094796e-12,0.9999999928054213,1.05382044300797e-15,-1.4526100223890772e-10,0.1748422983497666
1486,297.3982655103402,0.08333333333333333,0.2,0.5,0.08333333333333333,4.224056109717299e-12,0.9999999928025212,1.0481609497809336e-15,-1.4464322970268455e-10,0.1748422983497666
1487,297.59839893262176,0.08333333333333333,0.2,0.5,0.08333333333333333,4.199943742339794e-12,0.9999999927996209,1.0425014565538953e-15,-1.4402545716646118e-10,0.1748422983497666
1488,297.7985323549033,0.08333333333333333,0.2,0.5,0.08333333333333333,4.175831374962297e-12,0.9999999927967208,1.0368419633268587e-15,-1.4340768463023796e-10,0.1748422983497666
1489,297.9986657771848,0.08333333333333333,0.2,0.5,0.08333333333333333,4.151719007584799e-12,0.9999999927938206,1.0311824700998223e-15,-1.427899120940148e-10,0.1748422983497666
1490,298.1987991994663,0.08333333333333333,0.2,0.5,0.08333333333333333,4.127606640207302e-12,0.9999999927909204,1.0255229768727858e-15,-1.421721395577916e-10,0.1748422983497666
1491,298.3989326217478,0.08333333333333333,0.2,0.5,0.08333333333333333,4.103494272829804e-12,0.9999999927880202,1.0198634836457492e-15,-1.415543670215684e-10,0.1748422983497666
1492,298.5990660440293,0.08333333333333333,0.2,0.5,0.08333333333333333,4.079381905452307e-12,0.9999999927851201,1.0142039904187126e-15,-1.409365944853452e-10,0.1748422983497666
1493,298.7991994663109,0.08333333333333333,0.2,0.5,0.08333333333333333,4.0552695380748026e-12,0.9999999927822198,1.0085444971916745e-15,-1.4031882194912184e-10,0.1748422983497666
1494,298.9993328885924,0.08333333333333333,0.2,0.5,0.08333333333333333,4.031157170697305e-12,0.9999999927793196,1.002885003964638e-15,-1.3970104941289865e-10,0.1748422983497666
1495,299.1994663108739,0.08333333333333333,0.2,0.5,0.08333333333333333,4.007044803319808e-12,0.9999999927764195,9.972255107376014e-16,-1.3908327687667546e-10,0.1748422983497666
1496,299.3995997331554,0.08333333333333333,0.2,0.5,0.08333333333333333,3.98293243594231e-12,0.9999999927735193,9.915660175105648e-16,-1.3846550434045227e-10,0.1748422983497666
1497,299.5997331554369,0.08333333333333333,0.2,0.5,0.08333333333333333,3.958820068564813e-12,0.9999999927706191,9.859065242835282e-16,-1.3784773180422907e-10,0.1748422983497666
1498,299.7998665777185,0.08333333333333333,0.2,0.5,0.08333333333333333,3.934707701187308e-12,0.9999999927677189,9.8024703105649e-16,-1.372299592680057e-10,0.1748422983497666
1499,300.0,0.08333333333333333,0.2,0.5,0.08333333333333333,3.910595333809811e-12,0.9999999927648188,9.745875378294535e-16,-1.366121867317825e-10,0.1748422983497666
