,time,beta,alpha,sigma_D,sigma_C,S_c,S_d,I_c,I_d,R0
0,0.0,3.9583333333333335,0.2,0.5416666666666666,0.5,0.09995999999999998,0.89964,3.999999999999999e-05,0.00036,83.18312582849761
1,0.200133422281521,3.9583333333333335,0.2,0.5416666666666666,0.5,0.09638315750007878,0.9028643546349514,7.452944731895738e-05,0.0006779584176509447,83.18312582849761
2,0.400266844563042,3.9583333333333335,0.2,0.5416666666666666,0.5,0.09289288929649997,0.9056874331497571,0.00013751086570726713,0.0012821666880357431,83.18312582849761
3,0.600400266844563,3.9583333333333335,0.2,0.5416666666666666,0.5,0.08946464943813427,0.9078486910995694,0.00025279621544471156,0.002433863246851684,83.18312582849761
4,0.800533689126084,3.9583333333333335,0.2,0.5416666666666666,0.5,0.08605554236757687,0.9088465463701673,0.0004643094313812335,0.0046336018308748795,83.18312582849761
5,1.0006671114076051,3.9583333333333335,0.2,0.5416666666666666,0.5,0.08258942298194435,0.9077219609371744,0.0008525357513866969,0.008836080329494752,83.18312582849761
6,1.200800533689126,3.9583333333333335,0.2,0.5416666666666666,0.5,0.07893155933868416,0.9026656032806512,0.0015630391303794377,0.01683979825028558,83.18312582849761
7,1.400933955970647,3.9583333333333335,0.2,0.5416666666666666,0.5,0.0748500271371793,0.8903568873754766,0.0028516441316250307,0.0319414413557193,83.18312582849761
8,1.601067378252168,3.9583333333333335,0.2,0.5416666666666666,0.5,0.06997200783556197,0.8650375663644766,0.005141940791714175,0.059848485008247354,83.18312582849761
9,1.801200800533689,3.9583333333333335,0.2,0.5416666666666666,0.5,0.06378259148399397,0.8178274566509479,0.009053720185351506,0.10933623167970669,83.18312582849761
10,2.0013342228152102,3.9583333333333335,0.2,0.5416666666666666,0.5,0.05579264352492998,0.7381651616562946,0.015275111875945149,0.19076708294283046,83.18312582849761
11,2.201467645096731,3.9583333333333335,0.2,0.5416666666666666,0.5,0.04600684260632341,0.6206218439843066,0.024099468122824298,0.30927184528654583,83.18312582849761
12,2.401601067378252,3.9583333333333335,0.2,0.5416666666666666,0.5,0.035417064722847155,0.47594333730070204,0.03477889490547663,0.4538607030709743,83.18312582849761
13,2.601734489659773,3.9583333333333335,0.2,0.5416666666666666,0.5,0.02569212477911855,0.3323042640789334,0.04554634557357276,0.5964572655683755,83.18312582849761
14,2.801867911941294,3.9583333333333335,0.2,0.5416666666666666,0.5,0.01806544441954301,0.21692924166716274,0.054706067775331046,0.7102992461379634,83.18312582849761
15,3.002001334222815,3.9583333333333335,0.2,0.5416666666666666,0.5,0.01275774626908769,0.13896351596490447,0.06156857546929856,0.7867101622967094,83.18312582849761
16,3.202134756504336,3.9583333333333335,0.2,0.5416666666666666,0.5,0.009337318109432814,0.09222179336814132,0.06633898366006119,0.8321019048623648,83.18312582849761
17,3.402268178785857,3.9583333333333335,0.2,0.5416666666666666,0.5,0.0072330685175758585,0.06618932529639739,0.06956158889786249,0.8570160172881645,83.18312582849761
18,3.602401601067378,3.9583333333333335,0.2,0.5416666666666666,0.5,0.005976452207548649,0.05228989821275657,0.07175712310636542,0.8699765264733295,83.18312582849761
19,3.802535023348899,3.9583333333333335,0.2,0.5416666666666666,0.5,0.005243406356277228,0.04504138485632774,0.07331022599520205,0.8764049827921933,83.18312582849761
20,4.0026684456304205,3.9583333333333335,0.2,0.5416666666666666,0.5,0.004826446860179715,0.041312106992579825,0.0744748126827061,0.8793866334645347,83.18312582849761
21,4.202801867911941,3.9583333333333335,0.2,0.5416666666666666,0.5,0.004597807348137117,0.03941023336500174,0.07540940970574118,0.8805825495811203,83.18312582849761
22,4.402935290193462,3.9583333333333335,0.2,0.5416666666666666,0.5,0.004480497036870495,0.038447498271344194,0.07621010967790122,0.8808618950138843,83.18312582849761
23,4.603068712474983,3.9583333333333335,0.2,0.5416666666666666,0.5,0.00442871648545388,0.03796446493047994,0.07693421622230394,0.8806726023617624,83.18312582849761
24,4.803202134756504,3.9583333333333335,0.2,0.5416666666666666,0.5,0.004415438760394878,0.0377254586744731,0.07761558240170335,0.8802435201634289,83.18312582849761
25,5.003335557038025,3.9583333333333335,0.2,0.5416666666666666,0.5,0.004424798178359765,0.037610190851709156,0.07827409634811422,0.879690914621817,83.18312582849761
26,5.203468979319546,3.9583333333333335,0.2,0.5416666666666666,0.5,0.004447514945806679,0.03755748135028422,0.07892140343068421,0.8790736002732249,83.18312582849761
27,5.403602401601067,3.9583333333333335,0.2,0.5416666666666666,0.5,0.004478176604888342,0.037536309918088685,0.07956431024248001,0.878421203234543,83.18312582849761
28,5.603735823882588,3.9583333333333335,0.2,0.5416666666666666,0.5,0.0045136328746023455,0.03753098579946708,0.08020679472391352,0.877748586602017,83.18312582849761
29,5.803869246164109,3.9583333333333335,0.2,0.5416666666666666,0.5,0.004552054839899589,0.03753360769016848,0.08085118386893357,0.8770631536009984,83.18312582849761
30,6.00400266844563,3.9583333333333335,0.2,0.5416666666666666,0.5,0.004592382277937986,0.03754020397107437,0.0814988451401332,0.8763685686108545,83.18312582849761
31,6.204136090727151,3.9583333333333335,0.2,0.5416666666666666,0.5,0.0046340034800616365,0.03754879458885056,0.08215058671583195,0.875666615215256,83.18312582849761
32,6.404269513008672,3.9583333333333335,0.2,0.5416666666666666,0.5,0.004676566178617322,0.037558391858295105,0.08280689366972703,0.8749581482933607,83.18312582849761
33,6.604402935290193,3.9583333333333335,0.2,0.5416666666666666,0.5,0.004719864362010738,0.03756849857370774,0.0834680708589757,0.8742435662053059,83.18312582849761
34,6.804536357571714,3.9583333333333335,0.2,0.5416666666666666,0.5,0.004763791965505873,0.0375788945136717,0.08413429353807074,0.8735230199827518,83.18312582849761
35,7.004669779853235,3.9583333333333335,0.2,0.5416666666666666,0.5,0.004808278262075076,0.037589451555451896,0.08480570291337794,0.8727965672690952,83.18312582849761
36,7.204803202134756,3.9583333333333335,0.2,0.5416666666666666,0.5,0.0048532928274888755,0.03760011964311771,0.08548238108288332,0.8720642064465102,83.18312582849761
37,7.404936624416277,3.9583333333333335,0.2,0.5416666666666666,0.5,0.0048988163476851,0.03761086810436727,0.08616440159751208,0.8713259139504357,83.18312582849761
38,7.605070046697798,3.9583333333333335,0.2,0.5416666666666666,0.5,0.0049448415804764344,0.03762168670550958,0.08685181708650828,0.8705816546275058,83.18312582849761
39,7.805203468979319,3.9583333333333335,0.2,0.5416666666666666,0.5,0.004991366658050069,0.037632569721217854,0.08754469170866017,0.8698313719120719,83.18312582849761
40,8.005336891260841,3.9583333333333335,0.2,0.5416666666666666,0.5,0.005038393363799654,0.03764351639221443,0.0882430523120109,0.869075037931975,83.18312582849761
41,8.205470313542362,3.9583333333333335,0.2,0.5416666666666666,0.5,0.005085924081717275,0.03765452409980706,0.0889469595143016,0.868312592304174,83.18312582849761
42,8.405603735823883,3.9583333333333335,0.2,0.5416666666666666,0.5,0.005133963527301858,0.03766559202069855,0.08965645926818763,0.8675439851838119,83.18312582849761
43,8.605737158105404,3.9583333333333335,0.2,0.5416666666666666,0.5,0.005182517756435654,0.03767672024630262,0.0903715916331711,0.8667691703640906,83.18312582849761
44,8.805870580386925,3.9583333333333335,0.2,0.5416666666666666,0.5,0.005231593802265307,0.037687910529734095,0.09109239895773051,0.86598809671027,83.18312582849761
45,9.006004002668446,3.9583333333333335,0.2,0.5416666666666666,0.5,0.0052812087162703815,0.03769916742425014,0.09181898541088436,0.8652006384485951,83.18312582849761
46,9.206137424949967,3.9583333333333335,0.2,0.5416666666666666,0.5,0.005331343936958677,0.03771048856780858,0.09255121409924215,0.8644069533959906,83.18312582849761
47,9.406270847231488,3.9583333333333335,0.2,0.5416666666666666,0.5,0.005382027994629743,0.03772187773530172,0.09328929402902286,0.8636068002410456,83.18312582849761
48,9.606404269513009,3.9583333333333335,0.2,0.5416666666666666,0.5,0.005433259919063393,0.037733327574085436,0.09403323689031538,0.8628001756165359,83.18312582849761
49,9.80653769179453,3.9583333333333335,0.2,0.5416666666666666,0.5,0.005485044433914111,0.03774483416653373,0.0947830782784258,0.8619870431211264,83.18312582849761
50,10.00667111407605,3.9583333333333335,0.2,0.5416666666666666,0.5,0.0055373903204853255,0.03775640245254209,0.09553886095616454,0.861167346270808,83.18312582849761
51,10.206804536357572,3.9583333333333335,0.2,0.5416666666666666,0.5,0.005590304703169351,0.037768032767264835,0.09630062953759858,0.8603410329919673,83.18312582849761
52,10.406937958639093,3.9583333333333335,0.2,0.5416666666666666,0.5,0.005643794821212063,0.03777972478656393,0.09706842870531035,0.8595080516869137,83.18312582849761
53,10.607071380920614,3.9583333333333335,0.2,0.5416666666666666,0.5,0.005697867106997634,0.03779147836899479,0.09784229941074297,0.8586683551132647,83.18312582849761
54,10.807204803202135,3.9583333333333335,0.2,0.5416666666666666,0.5,0.005752528023735157,0.03780329323400495,0.09862228663122335,0.8578218921110367,83.18312582849761
55,11.007338225483656,3.9583333333333335,0.2,0.5416666666666666,0.5,0.005807785617111779,0.03781516919604556,0.0994084424544108,0.8569686027324319,83.18312582849761
56,11.207471647765177,3.9583333333333335,0.2,0.5416666666666666,0.5,0.005863647892789371,0.03782710607742085,0.10020081854364617,0.8561084274861437,83.18312582849761
57,11.407605070046698,3.9583333333333335,0.2,0.5416666666666666,0.5,0.00592012639494827,0.037839104573626346,0.10099945874366616,0.8552413102877592,83.18312582849761
58,11.607738492328219,3.9583333333333335,0.2,0.5416666666666666,0.5,0.005977236062373776,0.03785116636055546,0.10180439436408095,0.8543672032129898,83.18312582849761
59,11.80787191460974,3.9583333333333335,0.2,0.5416666666666666,0.5,0.006034972550644853,0.03786328792805848,0.10261568803649951,0.8534860514847971,83.18312582849761
60,12.00800533689126,3.9583333333333335,0.2,0.5416666666666666,0.5,0.006093343564960966,0.03787546777877987,0.1034333877082174,0.8525978009480416,83.18312582849761
61,12.208138759172781,3.9583333333333335,0.2,0.5416666666666666,0.5,0.00615236116466133,0.03788770847505018,0.10425753991815379,0.8517023904421345,83.18312582849761
62,12.408272181454302,3.9583333333333335,0.2,0.5416666666666666,0.5,0.006212031878739906,0.037900009538165795,0.10508818591530865,0.8507997726677854,83.18312582849761
63,12.608405603735823,3.9583333333333335,0.2,0.5416666666666666,0.5,0.006272366638389206,0.037912370041621034,0.10592538669198286,0.8498898766280067,83.18312582849761
64,12.808539026017344,3.9583333333333335,0.2,0.5416666666666666,0.5,0.006333370149124173,0.03792478979062154,0.10676916985904457,0.8489726702012096,83.18312582849761
65,13.008672448298865,3.9583333333333335,0.2,0.5416666666666666,0.5,0.006395053028551484,0.03793726841457975,0.1076195946363285,0.8480480839205401,83.18312582849761
66,13.208805870580386,3.9583333333333335,0.2,0.5416666666666666,0.5,0.006457425417886209,0.0379498055775554,0.10847671640290828,0.84711605260165,83.18312582849761
67,13.408939292861907,3.9583333333333335,0.2,0.5416666666666666,0.5,0.006520496879535706,0.037962400970881514,0.10934058055714925,0.8461765215924334,83.18312582849761
68,13.609072715143428,3.9583333333333335,0.2,0.5416666666666666,0.5,0.006584277023840501,0.0379750542836325,0.11021123332395559,0.8452294353685713,83.18312582849761
69,13.80920613742495,3.9583333333333335,0.2,0.5416666666666666,0.5,0.006648775496365838,0.037987765248977574,0.11108872336158314,0.8442747358930734,83.18312582849761
70,14.00933955970647,3.9583333333333335,0.2,0.5416666666666666,0.5,0.006714001202243949,0.03800053401733493,0.11197310181961782,0.8433123629608033,83.18312582849761
71,14.209472981987991,3.9583333333333335,0.2,0.5416666666666666,0.5,0.006779963236360929,0.03801336063219259,0.11286441920918198,0.8423422569222644,83.18312582849761
72,14.409606404269512,3.9583333333333335,0.2,0.5416666666666666,0.5,0.006846687657898623,0.03802624095507069,0.11376282692488766,0.841364244462143,83.18312582849761
73,14.609739826551033,3.9583333333333335,0.2,0.5416666666666666,0.5,0.006914134936338262,0.038039182132962875,0.11466809336122007,0.8403785895694788,83.18312582849761
74,14.809873248832554,3.9583333333333335,0.2,0.5416666666666666,0.5,0.006982355885994818,0.03805217320550402,0.1155805202073338,0.8393849507011674,83.18312582849761
75,15.010006671114075,3.9583333333333335,0.2,0.5416666666666666,0.5,0.007051353551783826,0.03806521782106508,0.11650011167059118,0.8383833169565599,83.18312582849761
76,15.210140093395596,3.9583333333333335,0.2,0.5416666666666666,0.5,0.007121138734495366,0.0380783224143128,0.11742689539360994,0.8373736434575818,83.18312582849761
77,15.410273515677117,3.9583333333333335,0.2,0.5416666666666666,0.5,0.007191721045210287,0.03809148062546985,0.11836092301963261,0.8363558753096871,83.18312582849761
78,15.610406937958638,3.9583333333333335,0.2,0.5416666666666666,0.5,0.00726311116298627,0.03810469064836091,0.11930225050436818,0.8353299476842845,83.18312582849761
79,15.810540360240159,3.9583333333333335,0.2,0.5416666666666666,0.5,0.007335319003420289,0.0381179525860873,0.12025092615905401,0.8342958022514383,83.18312582849761
80,16.010673782521682,3.9583333333333335,0.2,0.5416666666666666,0.5,0.007408355669797808,0.03813126630442992,0.12120700132738838,0.8332533766983837,83.18312582849761
81,16.210807204803203,3.9583333333333335,0.2,0.5416666666666666,0.5,0.007482231790936733,0.03814463132633192,0.12217052431488189,0.8322026125678492,83.18312582849761
82,16.410940627084724,3.9583333333333335,0.2,0.5416666666666666,0.5,0.007556960142939467,0.03815804690928315,0.12314154983778527,0.8311434431099919,83.18312582849761
83,16.611074049366245,3.9583333333333335,0.2,0.5416666666666666,0.5,0.007632551753498585,0.038171512090147866,0.12412013355689684,0.8300758025994565,83.18312582849761
84,16.811207471647766,3.9583333333333335,0.2,0.5416666666666666,0.5,0.007709017542048598,0.03818502598979031,0.12510632849443937,0.8289996279737215,83.18312582849761
85,17.011340893929287,3.9583333333333335,0.2,0.5416666666666666,0.5,0.007786370547950286,0.038198587986675185,0.12610019145251597,0.8279148500128584,83.18312582849761
86,17.211474316210808,3.9583333333333335,0.2,0.5416666666666666,0.5,0.007864621766460557,0.03821219736311805,0.12710177231782815,0.8268214085525931,83.18312582849761
87,17.41160773849233,3.9583333333333335,0.2,0.5416666666666666,0.5,0.007943783382669947,0.03822585324785695,0.12811112347090847,0.8257192398985644,83.18312582849761
88,17.61174116077385,3.9583333333333335,0.2,0.5416666666666666,0.5,0.008023867276955025,0.03823955490945869,0.1291282933173433,0.8246082844962428,83.18312582849761
89,17.81187458305537,3.9583333333333335,0.2,0.5416666666666666,0.5,0.008104887841223029,0.03825330141177055,0.130153339412129,0.8234884713348772,83.18312582849761
90,18.01200800533689,3.9583333333333335,0.2,0.5416666666666666,0.5,0.008186858542849737,0.03826709151197659,0.1311863226481346,0.8223597272970389,83.18312582849761
91,18.212141427618413,3.9583333333333335,0.2,0.5416666666666666,0.5,0.008269787672091255,0.038280924425452785,0.13222727995054473,0.8212220079519109,83.18312582849761
92,18.412274849899934,3.9583333333333335,0.2,0.5416666666666666,0.5,0.008353693938703341,0.03829479893227238,0.13327628765523938,0.8200752194737846,83.18312582849761
93,18.612408272181455,3.9583333333333335,0.2,0.5416666666666666,0.5,0.008438585266113451,0.03830871433019993,0.1343333794415669,0.8189193209621195,83.18312582849761
94,18.812541694462976,3.9583333333333335,0.2,0.5416666666666666,0.5,0.008524483610314092,0.0383226689819927,0.13539863950865705,0.8177542078990359,83.18312582849761
95,19.012675116744497,3.9583333333333335,0.2,0.5416666666666666,0.5,0.008611393742979518,0.038336662583543235,0.13647208397352353,0.8165798596999534,83.18312582849761
96,19.212808539026017,3.9583333333333335,0.2,0.5416666666666666,0.5,0.008699334857318686,0.03835069356257,0.1375537858218162,0.8153961857582949,83.18312582849761
97,19.41294196130754,3.9583333333333335,0.2,0.5416666666666666,0.5,0.008788319860124242,0.03836476047250753,0.13864380000427579,0.8142031196630922,83.18312582849761
98,19.61307538358906,3.9583333333333335,0.2,0.5416666666666666,0.5,0.008878363603530552,0.03837886212644078,0.1397421826423731,0.8130005916276554,83.18312582849761
99,19.81320880587058,3.9583333333333335,0.2,0.5416666666666666,0.5,0.008969480595648224,0.038392997314760376,0.14084898946956234,0.8117885326200288,83.18312582849761
100,20.0133422281521,3.9583333333333335,0.2,0.5416666666666666,0.5,0.009061684503456503,0.038407164784093534,0.14196427042909712,0.8105668802833526,83.18312582849761
101,20.213475650433622,3.9583333333333335,0.2,0.5416666666666666,0.5,0.009154992385452101,0.03842136311944514,0.14308808480241925,0.8093355596926831,83.18312582849761
102,20.413609072715143,3.9583333333333335,0.2,0.5416666666666666,0.5,0.009249414416656672,0.03843559111868516,0.14422047217926476,0.8080945222853931,83.18312582849761
103,20.613742494996664,3.9583333333333335,0.2,0.5416666666666666,0.5,0.009344969212121185,0.038449846962994444,0.14536150041671664,0.8068436834081674,83.18312582849761
104,20.813875917278185,3.9583333333333335,0.2,0.5416666666666666,0.5,0.009441674751980655,0.03846412894869906,0.14651123334144703,0.805582962957873,83.18312582849761
105,21.014009339559706,3.9583333333333335,0.2,0.5416666666666666,0.5,0.009539548432462984,0.03847843535243314,0.14766971871021084,0.8043122975048927,83.18312582849761
106,21.214142761841227,3.9583333333333335,0.2,0.5416666666666666,0.5,0.009638607740116191,0.03849276445387682,0.1488370067654957,0.8030316210405111,83.18312582849761
107,21.41427618412275,3.9583333333333335,0.2,0.5416666666666666,0.5,0.009738870056004796,0.0385071146172623,0.15001315123491085,0.8017408640918218,83.18312582849761
108,21.61440960640427,3.9583333333333335,0.2,0.5416666666666666,0.5,0.009840349635418816,0.038521485356151276,0.15119821079283963,0.80043995421559,83.18312582849761
109,21.81454302868579,3.9583333333333335,0.2,0.5416666666666666,0.5,0.009943061192658205,0.038535876015330095,0.1523922433872474,0.7991288194047641,83.18312582849761
110,22.01467645096731,3.9583333333333335,0.2,0.5416666666666666,0.5,0.010047020600064465,0.03855028554116397,0.1535953053833952,0.797807388475376,83.18312582849761
111,22.214809873248832,3.9583333333333335,0.2,0.5416666666666666,0.5,0.010152252722812153,0.038564709559078245,0.15480744329484433,0.7964755944232649,83.18312582849761
112,22.414943295530353,3.9583333333333335,0.2,0.5416666666666666,0.5,0.010258771817644155,0.03857914480809698,0.15602872038313723,0.7951333629911213,83.18312582849761
113,22.615076717811874,3.9583333333333335,0.2,0.5416666666666666,0.5,0.010366592835121145,0.03859359011364186,0.15725918595460292,0.7937806310966338,83.18312582849761
114,22.815210140093395,3.9583333333333335,0.2,0.5416666666666666,0.5,0.010475738593390925,0.03860804373401644,0.1584989048721409,0.7924173128004514,83.18312582849761
115,23.015343562374916,3.9583333333333335,0.2,0.5416666666666666,0.5,0.010586222178422299,0.038622504063085726,0.15974791640890476,0.7910433573495868,83.18312582849761
116,23.215476984656437,3.9583333333333335,0.2,0.5416666666666666,0.5,0.010698073566361481,0.038636968175151956,0.16100630054710893,0.7896586577113773,83.18312582849761
117,23.415610406937958,3.9583333333333335,0.2,0.5416666666666666,0.5,0.010811298298717908,0.03865143528914527,0.16227407318485995,0.7882631932272766,83.18312582849761
118,23.61574382921948,3.9583333333333335,0.2,0.5416666666666666,0.5,0.010925923091577286,0.038665902394017286,0.1635513070554476,0.7868568674589574,83.18312582849761
119,23.815877251501,3.9583333333333335,0.2,0.5416666666666666,0.5,0.011041971409076446,0.03868036699892764,0.164838062540019,0.7854395990519766,83.18312582849761
120,24.01601067378252,3.9583333333333335,0.2,0.5416666666666666,0.5,0.01115946353917575,0.03869482707721796,0.16613438500367192,0.784011324379934,83.18312582849761
121,24.216144096064042,3.9583333333333335,0.2,0.5416666666666666,0.5,0.011278420410457846,0.03870928035929985,0.1674403271673607,0.7825719720628813,83.18312582849761
122,24.416277518345563,3.9583333333333335,0.2,0.5416666666666666,0.5,0.01139885987404077,0.03872372437301544,0.16875594610828434,0.7811214696446592,83.18312582849761
123,24.616410940627084,3.9583333333333335,0.2,0.5416666666666666,0.5,0.011520819206002937,0.038738153532156476,0.17008134428908264,0.7796596829727577,83.18312582849761
124,24.816544362908605,3.9583333333333335,0.2,0.5416666666666666,0.5,0.011644266447371454,0.03875257294482917,0.17141643780394028,0.7781867228038588,83.18312582849761
125,25.016677785190126,3.9583333333333335,0.2,0.5416666666666666,0.5,0.011769273984183605,0.03876697059111285,0.17276141036644282,0.7767023450582604,83.18312582849761
126,25.216811207471647,3.9583333333333335,0.2,0.5416666666666666,0.5,0.011895855411958669,0.03878134667395546,0.17411627819119446,0.7752065197228911,83.18312582849761
127,25.416944629753168,3.9583333333333335,0.2,0.5416666666666666,0.5,0.01202403058325969,0.038795700018494486,0.17548108407530422,0.7736991853229414,83.18312582849761
128,25.61707805203469,3.9583333333333335,0.2,0.5416666666666666,0.5,0.012153821308406946,0.03881002796354494,0.1768558792907513,0.7721802714372965,83.18312582849761
129,25.81721147431621,3.9583333333333335,0.2,0.5416666666666666,0.5,0.01228525120333749,0.03882432692048595,0.1782407164053012,0.7706497054708751,83.18312582849761
130,26.01734489659773,3.9583333333333335,0.2,0.5416666666666666,0.5,0.012418342897208896,0.03883859356247159,0.1796356455094271,0.7691074180308921,83.18312582849761
131,26.21747831887925,3.9583333333333335,0.2,0.5416666666666666,0.5,0.012553114105289125,0.03885282559677254,0.18104070210701362,0.7675533581909243,83.18312582849761
132,26.417611741160773,3.9583333333333335,0.2,0.5416666666666666,0.5,0.0126896133796889,0.03886701689674355,0.182455981940969,0.7659873877825981,83.18312582849761
133,26.617745163442294,3.9583333333333335,0.2,0.5416666666666666,0.5,0.012827836160866668,0.038881167974662,0.1838814747317787,0.7644095211326922,83.18312582849761
134,26.817878585723815,3.9583333333333335,0.2,0.5416666666666666,0.5,0.012967821491286611,0.038895273662644635,0.18531725221697712,0.7628196526290911,83.18312582849761
135,27.018012008005336,3.9583333333333335,0.2,0.5416666666666666,0.5,0.0131095987350135,0.038909330151323515,0.18676336797220935,0.7612177031414532,83.18312582849761
136,27.218145430286857,3.9583333333333335,0.2,0.5416666666666666,0.5,0.013253191669114471,0.03892333430855198,0.1882198654884894,0.7596036085338437,83.18312582849761
137,27.418278852568378,3.9583333333333335,0.2,0.5416666666666666,0.5,0.013398623188740418,0.038937282048118776,0.18968679590111073,0.7579772988620296,83.18312582849761
138,27.6184122748499,3.9583333333333335,0.2,0.5416666666666666,0.5,0.013545920919434398,0.03895116874234293,0.19116421389314633,0.7563386964450759,83.18312582849761
139,27.81854569713142,3.9583333333333335,0.2,0.5416666666666666,0.5,0.013695104147073886,0.038964991698547245,0.19265214712542364,0.7546877570289547,83.18312582849761
140,28.01867911941294,3.9583333333333335,0.2,0.5416666666666666,0.5,0.013846215380280219,0.03897874586148325,0.19415066193376354,0.7530243768244724,83.18312582849761
141,28.21881254169446,3.9583333333333335,0.2,0.5416666666666666,0.5,0.013999274847203183,0.03899242894296619,0.1956597896617739,0.7513485065480563,83.18312582849761
142,28.418945963975982,3.9583333333333335,0.2,0.5416666666666666,0.5,0.01415430976235302,0.039006036696131174,0.19717957302641004,0.7496600805151054,83.18312582849761
143,28.619079386257503,3.9583333333333335,0.2,0.5416666666666666,0.5,0.014311352153092618,0.039019564282799325,0.19871005650706078,0.747959027057047,83.18312582849761
144,28.819212808539024,3.9583333333333335,0.2,0.5416666666666666,0.5,0.014470427368517499,0.039033008173332995,0.20025127155728753,0.7462452929008616,83.18312582849761
145,29.019346230820545,3.9583333333333335,0.2,0.5416666666666666,0.5,0.014631574004606894,0.039046362810182436,0.20180326935488388,0.7445187938303265,83.18312582849761
146,29.219479653102066,3.9583333333333335,0.2,0.5416666666666666,0.5,0.014794818596076287,0.039059624187642375,0.20336608809221188,0.7427794691240691,83.18312582849761
147,29.419613075383587,3.9583333333333335,0.2,0.5416666666666666,0.5,0.014960188356526441,0.039072787199790605,0.20493977121205748,0.7410272532316252,83.18312582849761
148,29.61974649766511,3.9583333333333335,0.2,0.5416666666666666,0.5,0.015127713926893459,0.03908584692696474,0.20652435775194572,0.7392620813941958,83.18312582849761
149,29.81987991994663,3.9583333333333335,0.2,0.5416666666666666,0.5,0.015297428788700416,0.039098798750959514,0.20811988299496334,0.7374838894653765,83.18312582849761
150,30.02001334222815,3.9583333333333335,0.2,0.5416666666666666,0.5,0.015469366131428072,0.03911163846869599,0.20972638203156105,0.7356926133683147,83.18312582849761
151,30.22014676450967,3.9583333333333335,0.2,0.5416666666666666,0.5,0.015643558244529645,0.039124361023031407,0.21134389052894284,0.7338881902034958,83.18312582849761
152,30.420280186791192,3.9583333333333335,0.2,0.5416666666666666,0.5,0.015820038508435982,0.039136960744079866,0.21297244469759247,0.7320705560498915,83.18312582849761
153,30.620413609072713,3.9583333333333335,0.2,0.5416666666666666,0.5,0.01599883821431041,0.039149432354837345,0.21461207580993882,0.7302396536209131,83.18312582849761
154,30.820547031354234,3.9583333333333335,0.2,0.5416666666666666,0.5,0.01617999443045248,0.03916177012055316,0.21626282048158485,0.7283954149674092,83.18312582849761
155,31.020680453635755,3.9583333333333335,0.2,0.5416666666666666,0.5,0.016363537531141805,0.039173969408120485,0.21792470531614194,0.7265377877445955,83.18312582849761
156,31.220813875917276,3.9583333333333335,0.2,0.5416666666666666,0.5,0.016549506395942423,0.03918602420824294,0.2195977609377118,0.7246667084581025,83.18312582849761
157,31.420947298198797,3.9583333333333335,0.2,0.5416666666666666,0.5,0.016737930389548458,0.03919792977620927,0.22128200849745291,0.722782131336789,83.18312582849761
158,31.621080720480318,3.9583333333333335,0.2,0.5416666666666666,0.5,0.016928854927298793,0.03920967893741259,0.22297748049747643,0.720883985637812,83.18312582849761
159,31.82121414276184,3.9583333333333335,0.2,0.5416666666666666,0.5,0.01712231430277282,0.039221266323043416,0.22468419981445945,0.7189722195597241,83.18312582849761
160,32.021347565043364,3.9583333333333335,0.2,0.5416666666666666,0.5,0.017318342607784285,0.03923268563054716,0.22640219373495904,0.7170467780267094,83.18312582849761
161,32.22148098732488,3.9583333333333335,0.2,0.5416666666666666,0.5,0.017516975866312366,0.03924393044882829,0.22813148663801097,0.7151076070468482,83.18312582849761
162,32.421614409606406,3.9583333333333335,0.2,0.5416666666666666,0.5,0.017718253803415362,0.03925499439439432,0.22987209761262753,0.7131546541895626,83.18312582849761
163,32.62174783188792,3.9583333333333335,0.2,0.5416666666666666,0.5,0.01792221631623738,0.039265871588578,0.23162404453027774,0.7111878675649067,83.18312582849761
164,32.82188125416945,3.9583333333333335,0.2,0.5416666666666666,0.5,0.018128902669911063,0.03927655561530159,0.23338734501224986,0.7092071967025373,83.18312582849761
165,33.022014676450965,3.9583333333333335,0.2,0.5416666666666666,0.5,0.01833835187573513,0.03928703950304334,0.2351620160115175,0.7072125926097037,83.18312582849761
166,33.22214809873249,3.9583333333333335,0.2,0.5416666666666666,0.5,0.018550607748367542,0.03929731553182619,0.23694807307270024,0.7052040036471056,83.18312582849761
167,33.42228152101401,3.9583333333333335,0.2,0.5416666666666666,0.5,0.018765700758451083,0.03930737864419331,0.23874552528145077,0.7031813953159044,83.18312582849761
168,33.62241494329553,3.9583333333333335,0.2,0.5416666666666666,0.5,0.018983686349874084,0.03931721935707317,0.24055438968447046,0.7011447046085818,83.18312582849761
169,33.82254836557705,3.9583333333333335,0.2,0.5416666666666666,0.5,0.019204597190762403,0.03932683191305931,0.2423746731297963,0.6990938977663815,83.18312582849761
170,34.02268178785857,3.9583333333333335,0.2,0.5416666666666666,0.5,0.019428475804331064,0.03933620913876311,0.24420638117727886,0.6970289338796265,83.18312582849761
171,34.22281521014009,3.9583333333333335,0.2,0.5416666666666666,0.5,0.019655363904022137,0.03934534422139193,0.24604951623881066,0.6949497756357748,83.18312582849761
172,34.422948632421615,3.9583333333333335,0.2,0.5416666666666666,0.5,0.019885309067428518,0.039354229162632606,0.2479040782289763,0.6928563835409621,83.18312582849761
173,34.62308205470313,3.9583333333333335,0.2,0.5416666666666666,0.5,0.02011836220826762,0.039362855234548064,0.2497700675772855,0.6907487149798984,83.18312582849761
174,34.82321547698466,3.9583333333333335,0.2,0.5416666666666666,0.5,0.02035456362655381,0.03937121501495514,0.2516474846397776,0.688626736718713,83.18312582849761
175,35.023348899266175,3.9583333333333335,0.2,0.5416666666666666,0.5,0.02059395376885362,0.03937930000775585,0.2535363313299839,0.6864904148934062,83.18312582849761
176,35.2234823215477,3.9583333333333335,0.2,0.5416666666666666,0.5,0.020836579104232714,0.03938710200211869,0.2554366010750804,0.6843397178185678,83.18312582849761
177,35.42361574382922,3.9583333333333335,0.2,0.5416666666666666,0.5,0.021082488453388296,0.03939461300037047,0.2573482831467713,0.6821746153994697,83.18312582849761
178,35.62374916611074,3.9583333333333335,0.2,0.5416666666666666,0.5,0.021331730237768395,0.03940182523423977,0.259271365291256,0.6799950792367355,83.18312582849761
179,35.82388258839226,3.9583333333333335,0.2,0.5416666666666666,0.5,0.02158435171688186,0.03940872996541999,0.2612058348305713,0.6778010834871265,83.18312582849761
180,36.02401601067378,3.9583333333333335,0.2,0.5416666666666666,0.5,0.02184040060737346,0.039415318165782066,0.26315167694279823,0.6755926042840459,83.18312582849761
181,36.2241494329553,3.9583333333333335,0.2,0.5416666666666666,0.5,0.022099925861788036,0.03942158074268338,0.26510887337353367,0.6733696200219945,83.18312582849761
182,36.424282855236825,3.9583333333333335,0.2,0.5416666666666666,0.5,0.022362977426788534,0.03942750892123714,0.2670774026286165,0.6711321110233573,83.18312582849761
183,36.62441627751834,3.9583333333333335,0.2,0.5416666666666666,0.5,0.022629605645991025,0.03943309370725584,0.2690572406574776,0.6688800599892751,83.18312582849761
184,36.82454969979987,3.9583333333333335,0.2,0.5416666666666666,0.5,0.02289986111298393,0.039438325921192854,0.271048361685811,0.6666134512800118,83.18312582849761
185,37.024683122081385,3.9583333333333335,0.2,0.5416666666666666,0.5,0.023173795366968772,0.03944319603942671,0.2730507358325142,0.66433227276109,83.18312582849761
186,37.22481654436291,3.9583333333333335,0.2,0.5416666666666666,0.5,0.02345146029199756,0.03944769446496159,0.2750643316535001,0.6620365135895404,83.18312582849761
187,37.42494996664443,3.9583333333333335,0.2,0.5416666666666666,0.5,0.02373290881549568,0.039451811492543745,0.27708911300738953,0.6597261666845706,83.18312582849761
188,37.62508338892595,3.9583333333333335,0.2,0.5416666666666666,0.5,0.02401819408599731,0.03945553736586613,0.2791250423659962,0.65740122618214,83.18312582849761
189,37.82521681120747,3.9583333333333335,0.2,0.5416666666666666,0.5,0.024307370014693252,0.03945886218151996,0.2811720779908176,0.6550616898129689,83.18312582849761
190,38.02535023348899,3.9583333333333335,0.2,0.5416666666666666,0.5,0.024600490954983276,0.03946177576800016,0.28323017418663315,0.6527075590903831,83.18312582849761
191,38.22548365577051,3.9583333333333335,0.2,0.5416666666666666,0.5,0.024897611466201588,0.03946426786067043,0.28529928368177554,0.6503388369913522,83.18312582849761
192,38.425617078052035,3.9583333333333335,0.2,0.5416666666666666,0.5,0.025198785967862836,0.03946632829008255,0.2873793606895361,0.6479555250525183,83.18312582849761
193,38.62575050033355,3.9583333333333335,0.2,0.5416666666666666,0.5,0.025504071673928114,0.039467946296190735,0.2894703465634989,0.645557635466382,83.18312582849761
194,38.82588392261508,3.9583333333333335,0.2,0.5416666666666666,0.5,0.02581352567693743,0.03946911114461117,0.2915721832160138,0.6431451799624374,83.18312582849761
195,39.026017344896594,3.9583333333333335,0.2,0.5416666666666666,0.5,0.02612720480472392,0.039469812206323195,0.2936848137612189,0.6407181692277338,83.18312582849761
196,39.22615076717812,3.9583333333333335,0.2,0.5416666666666666,0.5,0.026445168991880378,0.03947003860362152,0.29580816688127315,0.6382766255232247,83.18312582849761
197,39.426284189459636,3.9583333333333335,0.2,0.5416666666666666,0.5,0.026767477379159767,0.039469779522344775,0.29794217494599706,0.6358205681524982,83.18312582849761
198,39.62641761174116,3.9583333333333335,0.2,0.5416666666666666,0.5,0.027094188988757876,0.03946902409202105,0.30008676919826804,0.6333500177209529,83.18312582849761
199,39.82655103402268,3.9583333333333335,0.2,0.5416666666666666,0.5,0.027425364065534273,0.0394677610705237,0.30224186822071725,0.6308650066432246,83.18312582849761
200,40.0266844563042,3.9583333333333335,0.2,0.5416666666666666,0.5,0.027761062350881566,0.039465979368765634,0.3044073958091967,0.628365562471156,83.18312582849761
201,40.22681787858572,3.9583333333333335,0.2,0.5416666666666666,0.5,0.028101344084784128,0.03946366755172757,0.30658327156939635,0.6258517167940919,83.18312582849761
202,40.426951300867245,3.9583333333333335,0.2,0.5416666666666666,0.5,0.028446270827676184,0.03946081334301982,0.3087694036357761,0.6233235121935278,83.18312582849761
203,40.62708472314876,3.9583333333333335,0.2,0.5416666666666666,0.5,0.028795903575969995,0.0394574048624496,0.31096570521557504,0.6207809863460051,83.18312582849761
204,40.82721814543029,3.9583333333333335,0.2,0.5416666666666666,0.5,0.029150305117256022,0.03945342995418899,0.3131720780218404,0.6182241869067143,83.18312582849761
205,41.027351567711804,3.9583333333333335,0.2,0.5416666666666666,0.5,0.029509538333947507,0.039448876447002894,0.31538842315529997,0.6156531620637494,83.18312582849761
206,41.22748498999333,3.9583333333333335,0.2,0.5416666666666666,0.5,0.029873666378550167,0.039443732327461234,0.31761463981999327,0.6130679614739952,83.18312582849761
207,41.427618412274846,3.9583333333333335,0.2,0.5416666666666666,0.5,0.030242754231899108,0.039437985815649945,0.3198506150121565,0.6104686449402943,83.18312582849761
208,41.62775183455637,3.9583333333333335,0.2,0.5416666666666666,0.5,0.030616866083325495,0.03943162501606619,0.3220962409083814,0.6078552679922268,83.18312582849761
209,41.82788525683789,3.9583333333333335,0.2,0.5416666666666666,0.5,0.03099606739418362,0.03942463774520638,0.3243513979436646,0.6052278969169452,83.18312582849761
210,42.02801867911941,3.9583333333333335,0.2,0.5416666666666666,0.5,0.03138042378578061,0.039417011785870294,0.3266159650946962,0.6025865993336528,83.18312582849761
211,42.22815210140093,3.9583333333333335,0.2,0.5416666666666666,0.5,0.03177000092371386,0.03940873475460057,0.32888982032127145,0.5999314440004139,83.18312582849761
212,42.428285523682455,3.9583333333333335,0.2,0.5416666666666666,0.5,0.03216486567529819,0.03939979353637771,0.3311728287579403,0.5972625120303836,83.18312582849761
213,42.62841894596397,3.9583333333333335,0.2,0.5416666666666666,0.5,0.032565084423729955,0.03939017532438709,0.33346486072315656,0.5945798795287262,83.18312582849761
214,42.8285523682455,3.9583333333333335,0.2,0.5416666666666666,0.5,0.03297072474966537,0.03937986716396428,0.3357657744957607,0.5918836335906095,83.18312582849761
215,43.028685790527014,3.9583333333333335,0.2,0.5416666666666666,0.5,0.03338185447942614,0.03936885606539887,0.33807542587859524,0.5891738635765795,83.18312582849761
216,43.22881921280854,3.9583333333333335,0.2,0.5416666666666666,0.5,0.033798541595224676,0.03935712919084908,0.3403936681193888,0.5864506610945374,83.18312582849761
217,43.428952635090056,3.9583333333333335,0.2,0.5416666666666666,0.5,0.034220854517338674,0.03934467378503699,0.3427203492309656,0.5837141224666585,83.18312582849761
218,43.62908605737158,3.9583333333333335,0.2,0.5416666666666666,0.5,0.034648862304858585,0.039331477209144095,0.3450553095613017,0.5809643509246954,83.18312582849761
219,43.8292194796531,3.9583333333333335,0.2,0.5416666666666666,0.5,0.03508263380389666,0.039317526510093626,0.34739838984661947,0.5782014498393901,83.18312582849761
220,44.02935290193462,3.9583333333333335,0.2,0.5416666666666666,0.5,0.0355222385909034,0.039302808696823344,0.3497494207136012,0.5754255319986719,83.18312582849761
221,44.22948632421614,3.9583333333333335,0.2,0.5416666666666666,0.5,0.03596774667990442,0.039287310832704835,0.35210822745362225,0.5726367150337682,83.18312582849761
222,44.429619746497664,3.9583333333333335,0.2,0.5416666666666666,0.5,0.03641922857471261,0.039271019762857594,0.354474632778508,0.5698351188839216,83.18312582849761
223,44.62975316877918,3.9583333333333335,0.2,0.5416666666666666,0.5,0.036876755313387785,0.039253922213031284,0.3568484545056922,0.5670208679678885,83.18312582849761
224,44.829886591060706,3.9583333333333335,0.2,0.5416666666666666,0.5,0.03734039845670288,0.039236004896711175,0.35922950321624714,0.5641940934303387,83.18312582849761
225,45.030020013342224,3.9583333333333335,0.2,0.5416666666666666,0.5,0.037810227900949615,0.03921725453930711,0.36161758777838304,0.56135492978136,83.18312582849761
226,45.23015343562375,3.9583333333333335,0.2,0.5416666666666666,0.5,0.03828631299935554,0.03919765783491345,0.36401251319894634,0.5585035159667845,83.18312582849761
227,45.430286857905266,3.9583333333333335,0.2,0.5416666666666666,0.5,0.038768723449271944,0.039177201424574225,0.3664140789426604,0.5556399961834931,83.18312582849761
228,45.63042028018679,3.9583333333333335,0.2,0.5416666666666666,0.5,0.03925752992317503,0.039155872229877195,0.36882207826807717,0.5527645195788704,83.18312582849761
229,45.83055370246831,3.9583333333333335,0.2,0.5416666666666666,0.5,0.03975280339189905,0.039133657269091605,0.3712362992045598,0.5498772401344493,83.18312582849761
230,46.03068712474983,3.9583333333333335,0.2,0.5416666666666666,0.5,0.04025461338337015,0.03911054324510399,0.37365653738078036,0.5469783059907454,83.18312582849761
231,46.23082054703135,3.9583333333333335,0.2,0.5416666666666666,0.5,0.04076303657269213,0.039086518419168624,0.3760825338591628,0.5440679111489762,83.18312582849761
232,46.430953969312874,3.9583333333333335,0.2,0.5416666666666666,0.5,0.04127814265216446,0.03906156947768477,0.37851409052936547,0.5411461973407852,83.18312582849761
233,46.63108739159439,3.9583333333333335,0.2,0.5416666666666666,0.5,0.041800005949797714,0.03903568417112866,0.3809509658891037,0.5382133439899698,83.18312582849761
234,46.831220813875916,3.9583333333333335,0.2,0.5416666666666666,0.5,0.04232869751437296,0.03900884964782045,0.38339292047592155,0.5352695323618849,83.18312582849761
235,47.03135423615743,3.9583333333333335,0.2,0.5416666666666666,0.5,0.042864287552327275,0.03898105287960336,0.38583971407500456,0.5323149454930647,83.18312582849761
236,47.23148765843896,3.9583333333333335,0.2,0.5416666666666666,0.5,0.043406845594441475,0.03895228059732675,0.3882911000460425,0.5293497737621892,83.18312582849761
237,47.431621080720475,3.9583333333333335,0.2,0.5416666666666666,0.5,0.04395644197665367,0.038922519970988695,0.3907468279622876,0.52637421009007,83.18312582849761
238,47.631754503002,3.9583333333333335,0.2,0.5416666666666666,0.5,0.04451314825081857,0.03889175890920615,0.39320663902318387,0.5233884538167913,83.18312582849761
239,47.83188792528352,3.9583333333333335,0.2,0.5416666666666666,0.5,0.04507703524218029,0.03885998533310241,0.3956702705883157,0.5203927088364015,83.18312582849761
240,48.03202134756504,3.9583333333333335,0.2,0.5416666666666666,0.5,0.045648173505040635,0.0388271872741844,0.39813745597986816,0.5173871832409068,83.18312582849761
241,48.23215476984656,3.9583333333333335,0.2,0.5416666666666666,0.5,0.04622663273963528,0.03879335266144115,0.4006079219186565,0.5143720926802671,83.18312582849761
242,48.432288192128084,3.9583333333333335,0.2,0.5416666666666666,0.5,0.046812482617869654,0.03875846947781864,0.40308139415774447,0.5113476537465673,83.18312582849761
243,48.6324216144096,3.9583333333333335,0.2,0.5416666666666666,0.5,0.04740579228784748,0.03872252604306773,0.4055575891588239,0.5083140925102609,83.18312582849761
244,48.832555036691126,3.9583333333333335,0.2,0.5416666666666666,0.5,0.048006630815977655,0.03868551072437984,0.40803622291450536,0.505271635545137,83.18312582849761
245,49.03268845897264,3.9583333333333335,0.2,0.5416666666666666,0.5,0.048615066473088,0.03864741233206718,0.4105170025878688,0.5022205186069759,83.18312582849761
246,49.23282188125417,3.9583333333333335,0.2,0.5416666666666666,0.5,0.04923116735336227,0.038608219689062036,0.41299963454286437,0.49916097841471124,83.18312582849761
247,49.432955303535685,3.9583333333333335,0.2,0.5416666666666666,0.5,0.04985500069760799,0.03856792187924013,0.41548381844209353,0.49609325898105827,83.18312582849761
248,49.63308872581721,3.9583333333333335,0.2,0.5416666666666666,0.5,0.05048663328349747,0.03852650810656328,0.41796925120509487,0.4930176074048443,83.18312582849761
249,49.83322214809873,3.9583333333333335,0.2,0.5416666666666666,0.5,0.05112613084450807,0.038483967840763716,0.4204556237433399,0.48993427757138824,83.18312582849761
250,50.03335557038025,3.9583333333333335,0.2,0.5416666666666666,0.5,0.05177355892093875,0.038440290635459846,0.422942624625893,0.48684352581770834,83.18312582849761
251,50.23348899266177,3.9583333333333335,0.2,0.5416666666666666,0.5,0.0524289823182106,0.03839546626773975,0.4254299369019954,0.4837456145120542,83.18312582849761
252,50.433622414943294,3.9583333333333335,0.2,0.5416666666666666,0.5,0.05309246513570035,0.03834948482034163,0.42791723864482195,0.48064081139913595,83.18312582849761
253,50.63375583722481,3.9583333333333335,0.2,0.5416666666666666,0.5,0.053764071088003865,0.03830233708686537,0.4304042068760388,0.47752938494909186,83.18312582849761
254,50.833889259506336,3.9583333333333335,0.2,0.5416666666666666,0.5,0.054443863058294364,0.03825401400842066,0.43289051210962426,0.4744116108236606,83.18312582849761
255,51.03402268178785,3.9583333333333335,0.2,0.5416666666666666,0.5,0.05513190318947259,0.0382045067885954,0.43537581946536064,0.4712877705565713,83.18312582849761
256,51.23415610406938,3.9583333333333335,0.2,0.5416666666666666,0.5,0.05582825277921385,0.03815380694100269,0.43785978954086463,0.4681581507389187,83.18312582849761
257,51.4342895263509,3.9583333333333335,0.2,0.5416666666666666,0.5,0.056532969102597745,0.0381019062640865,0.4403420872762654,0.46502303735705025,83.18312582849761
258,51.63442294863242,3.9583333333333335,0.2,0.5416666666666666,0.5,0.0572461083529727,0.038048796864440695,0.4428223737493629,0.46188272103322353,83.18312582849761
259,51.834556370913944,3.9583333333333335,0.2,0.5416666666666666,0.5,0.05796772622451385,0.03799447116142831,0.4453003045503262,0.4587374980637315,83.18312582849761
260,52.03468979319546,3.9583333333333335,0.2,0.5416666666666666,0.5,0.05869787710618051,0.03793892188072528,0.4477755320328362,0.4555876689802579,83.18312582849761
261,52.234823215476986,3.9583333333333335,0.2,0.5416666666666666,0.5,0.05943661744943379,0.0378821418784908,0.4502477031955976,0.45243353747647774,83.18312582849761
262,52.4349566377585,3.9583333333333335,0.2,0.5416666666666666,0.5,0.06018400506051293,0.03782412417831779,0.45271646012753675,0.4492754106336324,83.18312582849761
263,52.63509006004003,3.9583333333333335,0.2,0.5416666666666666,0.5,0.06094009535638659,0.037764862166710954,0.4551814423630262,0.44611360011387613,83.18312582849761
264,52.835223482321545,3.9583333333333335,0.2,0.5416666666666666,0.5,0.06170494330496201,0.03770434949178779,0.4576422856613798,0.4429484215418703,83.18312582849761
265,53.03535690460307,3.9583333333333335,0.2,0.5416666666666666,0.5,0.06247859901262023,0.03764258033343377,0.4600986270886366,0.43978019356530934,83.18312582849761
266,53.23549032688459,3.9583333333333335,0.2,0.5416666666666666,0.5,0.06326109460594524,0.03757955036509644,0.4625501204914209,0.43660923453753736,83.18312582849761
267,53.43562374916611,3.9583333333333335,0.2,0.5416666666666666,0.5,0.06405248474004531,0.03751525499974712,0.4649963916645496,0.43343586859565797,83.18312582849761
268,53.63575717144763,3.9583333333333335,0.2,0.5416666666666666,0.5,0.06485281624958177,0.03744968991268414,0.46743707123160316,0.4302604226061309,83.18312582849761
269,53.835890593729154,3.9583333333333335,0.2,0.5416666666666666,0.5,0.06566213115879695,0.03738285120768258,0.46987179163883996,0.42708322599468046,83.18312582849761
270,54.03602401601067,3.9583333333333335,0.2,0.5416666666666666,0.5,0.06648047176662183,0.03731473547824286,0.47230018178585387,0.4239046109692814,83.18312582849761
271,54.236157438292196,3.9583333333333335,0.2,0.5416666666666666,0.5,0.06730787837882322,0.03724533979219242,0.4747218692542775,0.4207249125747068,83.18312582849761
272,54.43629086057371,3.9583333333333335,0.2,0.5416666666666666,0.5,0.06814439094582263,0.03717466140329441,0.4771364808027443,0.4175444668481386,83.18312582849761
273,54.63642428285524,3.9583333333333335,0.2,0.5416666666666666,0.5,0.0689900453243452,0.03710269831689321,0.47954364269724287,0.4143636136615187,83.18312582849761
274,54.836557705136755,3.9583333333333335,0.2,0.5416666666666666,0.5,0.06984487730477187,0.037029448591416055,0.48194298109961475,0.4111826930041973,83.18312582849761
275,55.03669112741828,3.9583333333333335,0.2,0.5416666666666666,0.5,0.07070891918586483,0.03695491127677366,0.4843341210014241,0.40800204853593747,83.18312582849761
276,55.2368245496998,3.9583333333333335,0.2,0.5416666666666666,0.5,0.07158220315666168,0.03687908544167491,0.4867166874554534,0.4048220239462101,83.18312582849761
277,55.43695797198132,3.9583333333333335,0.2,0.5416666666666666,0.5,0.07246475775465513,0.03680197104352307,0.4890903052713856,0.40164296593043625,83.18312582849761
278,55.63709139426284,3.9583333333333335,0.2,0.5416666666666666,0.5,0.07335661133304984,0.03672356807287188,0.49145459936870245,0.39846522122537587,83.18312582849761
279,55.837224816544364,3.9583333333333335,0.2,0.5416666666666666,0.5,0.0742577880283964,0.036643877451872704,0.4938091953869426,0.3952891391327883,83.18312582849761
280,56.03735823882588,3.9583333333333335,0.2,0.5416666666666666,0.5,0.07516831270890932,0.0365628999395851,0.4961537188683841,0.3921150684831215,83.18312582849761
281,56.237491661107406,3.9583333333333335,0.2,0.5416666666666666,0.5,0.07608820598482312,0.036480637292460226,0.49848779714072644,0.3889433595819902,83.18312582849761
282,56.43762508338892,3.9583333333333335,0.2,0.5416666666666666,0.5,0.07701748625503672,0.03639709178211402,0.500811058387669,0.38577436357518025,83.18312582849761
283,56.63775850567045,3.9583333333333335,0.2,0.5416666666666666,0.5,0.07795617161315054,0.0363122657353591,0.5031231313282643,0.3826084313232261,83.18312582849761
284,56.837891927951965,3.9583333333333335,0.2,0.5416666666666666,0.5,0.07890427458703494,0.03622616273407378,0.5054236479245118,0.37944591475437944,83.18312582849761
285,57.03802535023349,3.9583333333333335,0.2,0.5416666666666666,0.5,0.07986180949243493,0.03613878594927264,0.507712239212535,0.3762871653457574,83.18312582849761
286,57.23815877251501,3.9583333333333335,0.2,0.5416666666666666,0.5,0.08082878457222371,0.0360501398390472,0.5099885410058878,0.37313253458284146,83.18312582849761
287,57.43829219479653,3.9583333333333335,0.2,0.5416666666666666,0.5,0.08180520877335377,0.03596022871196843,0.5122521885707296,0.3699823739439483,83.18312582849761
288,57.63842561707805,3.9583333333333335,0.2,0.5416666666666666,0.5,0.08279108714896963,0.035869057685921885,0.51450282115553,0.3668370340095786,83.18312582849761
289,57.83855903935957,3.9583333333333335,0.2,0.5416666666666666,0.5,0.08378642189752339,0.035776632474470875,0.5167400808012805,0.3636968648267254,83.18312582849761
290,58.03869246164109,3.9583333333333335,0.2,0.5416666666666666,0.5,0.08479121534353032,0.03568295875589105,0.5189636097820688,0.3605622161185101,83.18312582849761
291,58.238825883922615,3.9583333333333335,0.2,0.5416666666666666,0.5,0.08580546310242976,0.03558804357809778,0.5211730581379033,0.3574334351815694,83.18312582849761
292,58.43895930620413,3.9583333333333335,0.2,0.5416666666666666,0.5,0.08682916294873047,0.035491893544589606,0.5233680734800207,0.35431087002665934,83.18312582849761
293,58.63909272848566,3.9583333333333335,0.2,0.5416666666666666,0.5,0.08786230614976434,0.03539451652405513,0.5255483121720319,0.3511948651541487,83.18312582849761
294,58.839226150767175,3.9583333333333335,0.2,0.5416666666666666,0.5,0.08890488395784098,0.035295920388110094,0.5277134305976289,0.34808576505642014,83.18312582849761
295,59.0393595730487,3.9583333333333335,0.2,0.5416666666666666,0.5,0.08995688486038608,0.03519611351475951,0.5298630895277692,0.34498391209708534,83.18312582849761
296,59.23949299533022,3.9583333333333335,0.2,0.5416666666666666,0.5,0.09101829263829075,0.03509510516170236,0.5319969568238737,0.3418896453761333,83.18312582849761
297,59.43962641761174,3.9583333333333335,0.2,0.5416666666666666,0.5,0.09208909245522072,0.03499290432242237,0.5341146984446113,0.33880330477774573,83.18312582849761
298,59.63975983989326,3.9583333333333335,0.2,0.5416666666666666,0.5,0.09316926206015384,0.034889521344873824,0.5362159925022052,0.3357252240927672,83.18312582849761
299,59.83989326217478,3.9583333333333335,0.2,0.5416666666666666,0.5,0.09425878036770279,0.034784966355520364,0.5383005153426179,0.33265573793415915,83.18312582849761
300,60.0400266844563,3.9583333333333335,0.2,0.5416666666666666,0.5,0.09535762099599474,0.03467925036396994,0.5403679534152264,0.3295951752248091,83.18312582849761
301,60.240160106737825,3.9583333333333335,0.2,0.5416666666666666,0.5,0.09646575783404521,0.03457238433392333,0.5424179926759235,0.326543865156108,83.18312582849761
302,60.44029352901934,3.9583333333333335,0.2,0.5416666666666666,0.5,0.09758315941359297,0.03446438012315557,0.5444503295133504,0.3235021309499011,83.18312582849761
303,60.64042695130087,3.9583333333333335,0.2,0.5416666666666666,0.5,0.09870979359500597,0.03435524970129873,0.5464646616274166,0.32047029507627883,83.18312582849761
304,60.840560373582385,3.9583333333333335,0.2,0.5416666666666666,0.5,0.09984562408332966,0.03424500571128345,0.5484606954170568,0.3174486747883302,83.18312582849761
305,61.04069379586391,3.9583333333333335,0.2,0.5416666666666666,0.5,0.1009906124845078,0.034133661138522675,0.5504381416032121,0.31443758477375755,83.18312582849761
306,61.24082721814543,3.9583333333333335,0.2,0.5416666666666666,0.5,0.10214471793745805,0.034021229320086034,0.5523967167419287,0.3114373360005273,83.18312582849761
307,61.44096064042695,3.9583333333333335,0.2,0.5416666666666666,0.5,0.10330789595817855,0.033907724139551405,0.5543361455113153,0.30844823439095487,83.18312582849761
308,61.64109406270847,3.9583333333333335,0.2,0.5416666666666666,0.5,0.10448010156383784,0.033793159541183976,0.556256153958462,0.3054705849365163,83.18312582849761
309,61.84122748498999,3.9583333333333335,0.2,0.5416666666666666,0.5,0.10566128370946859,0.03367755035020155,0.558156482297755,0.302504683642575,83.18312582849761
310,62.04136090727151,3.9583333333333335,0.2,0.5416666666666666,0.5,0.10685139257805407,0.033560911203613056,0.5600368680741432,0.2995508281441898,83.18312582849761
311,62.241494329553035,3.9583333333333335,0.2,0.5416666666666666,0.5,0.108050371634315,0.033443257664358135,0.5618970655667223,0.2966093051346047,83.18312582849761
312,62.44162775183455,3.9583333333333335,0.2,0.5416666666666666,0.5,0.10925816562690234,0.03332460511356514,0.563736825933648,0.29368040332588463,83.18312582849761
313,62.64176117411608,3.9583333333333335,0.2,0.5416666666666666,0.5,0.11047471319953596,0.033204969714060915,0.5655559164731828,0.29076440061322045,83.18312582849761
314,62.841894596397594,3.9583333333333335,0.2,0.5416666666666666,0.5,0.11169995316937889,0.03308436760526205,0.5673541040467376,0.28786157517862165,83.18312582849761
315,63.04202801867912,3.9583333333333335,0.2,0.5416666666666666,0.5,0.11293381966835712,0.03296281546778,0.5691311689874685,0.28497219587639455,83.18312582849761
316,63.242161440960636,3.9583333333333335,0.2,0.5416666666666666,0.5,0.11417624530939052,0.032840330161266945,0.5708868959306294,0.28209652859871337,83.18312582849761
317,63.44229486324216,3.9583333333333335,0.2,0.5416666666666666,0.5,0.1154271622756137,0.032716928598823455,0.5726210706197808,0.2792348385057822,83.18312582849761
318,63.64242828552368,3.9583333333333335,0.2,0.5416666666666666,0.5,0.1166864944550014,0.03259262868144862,0.5743335018948429,0.2763873749687073,83.18312582849761
319,63.8425617078052,3.9583333333333335,0.2,0.5416666666666666,0.5,0.11795416882668784,0.03246744794017553,0.5760239900219355,0.2735543932112013,83.18312582849761
320,64.04269513008673,3.9583333333333335,0.2,0.5416666666666666,0.5,0.11923010624126373,0.03234140453449298,0.5776923541586673,0.27073613506557626,83.18312582849761
321,64.24282855236824,3.9583333333333335,0.2,0.5416666666666666,0.5,0.1205142258584764,0.03221451679912962,0.579338418641378,0.26793283870101614,83.18312582849761
322,64.44296197464976,3.9583333333333335,0.2,0.5416666666666666,0.5,0.12180644696314988,0.03208680302205185,0.580962007868839,0.2651447421459595,83.18312582849761
323,64.64309539693129,3.9583333333333335,0.2,0.5416666666666666,0.5,0.1231066817434855,0.03195828210529705,0.5825629695759807,0.2623720665752369,83.18312582849761
324,64.84322881921281,3.9583333333333335,0.2,0.5416666666666666,0.5,0.12441484503669846,0.031828972721339145,0.5841411427957236,0.25961503944623904,83.18312582849761
325,65.04336224149432,3.9583333333333335,0.2,0.5416666666666666,0.5,0.12573084576025678,0.031698894036559545,0.5856963864993167,0.25687387370386716,83.18312582849761
326,65.24349566377585,3.9583333333333335,0.2,0.5416666666666666,0.5,0.1270545912681297,0.03156806534806914,0.5872285649168076,0.25414877846699374,83.18312582849761
327,65.44362908605737,3.9583333333333335,0.2,0.5416666666666666,0.5,0.1283859889591967,0.03143650593085361,0.5887375424510926,0.25143996265885726,83.18312582849761
328,65.6437625083389,3.9583333333333335,0.2,0.5416666666666666,0.5,0.12972493935610285,0.03130423556979673,0.5902232077800726,0.24874761729402803,83.18312582849761
329,65.8438959306204,3.9583333333333335,0.2,0.5416666666666666,0.5,0.13107134557005562,0.031171273856127366,0.5916854404665084,0.24607194010730887,83.18312582849761
330,66.04402935290193,3.9583333333333335,0.2,0.5416666666666666,0.5,0.13242510527166407,0.031037640697317168,0.5931241404675454,0.2434131135634736,83.18312582849761
331,66.24416277518345,3.9583333333333335,0.2,0.5416666666666666,0.5,0.13378611474223653,0.030903356082925233,0.5945392129300529,0.24077131624478562,83.18312582849761
332,66.44429619746498,3.9583333333333335,0.2,0.5416666666666666,0.5,0.1351542702892042,0.030768439979304972,0.5959305632406077,0.2381467264908833,83.18312582849761
333,66.64442961974649,3.9583333333333335,0.2,0.5416666666666666,0.5,0.1365294620031574,0.030632912644532825,0.5972981211859103,0.2355395041663997,83.18312582849761
334,66.84456304202801,3.9583333333333335,0.2,0.5416666666666666,0.5,0.13791158232894618,0.030496794224905123,0.5986418073342098,0.23294981611193913,83.18312582849761
335,67.04469646430954,3.9583333333333335,0.2,0.5416666666666666,0.5,0.1393005187593851,0.03036010503470507,0.5999615627558786,0.23037781345003147,83.18312582849761
336,67.24482988659106,3.9583333333333335,0.2,0.5416666666666666,0.5,0.14069615756997986,0.03022286543043411,0.601257333545822,0.22782364345376427,83.18312582849761
337,67.44496330887257,3.9583333333333335,0.2,0.5416666666666666,0.5,0.14209838421045157,0.030085095760710067,0.6025290697757771,0.22528745025306143,83.18312582849761
338,67.6450967311541,3.9583333333333335,0.2,0.5416666666666666,0.5,0.1435070819456008,0.02994681641733549,0.6037767310430735,0.2227693705939904,83.18312582849761
339,67.84523015343562,3.9583333333333335,0.2,0.5416666666666666,0.5,0.1449221312600411,0.029808047846314,0.6050002890705752,0.22026953182306966,83.18312582849761
340,68.04536357571715,3.9583333333333335,0.2,0.5416666666666666,0.5,0.1463434126683886,0.029668810453666702,0.6061997157009028,0.217788061177042,83.18312582849761
341,68.24549699799866,3.9583333333333335,0.2,0.5416666666666666,0.5,0.14777080274808477,0.029529124698120364,0.6073750001013,0.21532507245249496,83.18312582849761
342,68.44563042028018,3.9583333333333335,0.2,0.5416666666666666,0.5,0.14920417601485808,0.0293890110685257,0.6085261406291559,0.21288067228746044,83.18312582849761
343,68.6457638425617,3.9583333333333335,0.2,0.5416666666666666,0.5,0.15064340744266141,0.029248489975830228,0.6096531356610293,0.21045496692047913,83.18312582849761
344,68.84589726484323,3.9583333333333335,0.2,0.5416666666666666,0.5,0.15208836973494239,0.029107581846541882,0.6107559940558591,0.2080480543626567,83.18312582849761
345,69.04603068712474,3.9583333333333335,0.2,0.5416666666666666,0.5,0.15353893387440176,0.028966307009589503,0.6118347342276512,0.20566002488835758,83.18312582849761
346,69.24616410940627,3.9583333333333335,0.2,0.5416666666666666,0.5,0.1549949720744491,0.028824685243758457,0.6128893772285282,0.2032909654532643,83.18312582849761
347,69.44629753168779,3.9583333333333335,0.2,0.5416666666666666,0.5,0.1564563547933101,0.028682736294600514,0.6139199530069135,0.2009409559051759,83.18312582849761
348,69.64643095396931,3.9583333333333335,0.2,0.5416666666666666,0.5,0.1579229504310887,0.028540479989741723,0.6149264997852064,0.19861006979396326,83.18312582849761
349,69.84656437625083,3.9583333333333335,0.2,0.5416666666666666,0.5,0.15939462442258748,0.028397936465103645,0.6159090645777255,0.19629837453458338,83.18312582849761
350,70.04669779853235,3.9583333333333335,0.2,0.5416666666666666,0.5,0.16087124120885846,0.028255125694192886,0.6168677016580487,0.1940059314389,83.18312582849761
351,70.24683122081387,3.9583333333333335,0.2,0.5416666666666666,0.5,0.1623526645922688,0.02811206750250842,0.6178024718430217,0.19173279606220112,83.18312582849761
352,70.4469646430954,3.9583333333333335,0.2,0.5416666666666666,0.5,0.16383875756436375,0.02796878159323496,0.6187134426949119,0.1894790181474894,83.18312582849761
353,70.64709806537691,3.9583333333333335,0.2,0.5416666666666666,0.5,0.1653293816376781,0.027825287628248728,0.6196006893279842,0.1872446414060891,83.18312582849761
354,70.84723148765843,3.9583333333333335,0.2,0.5416666666666666,0.5,0.166824398334307,0.027681604781938946,0.620464292623704,0.18502970426005022,83.18312582849761
355,71.04736490993996,3.9583333333333335,0.2,0.5416666666666666,0.5,0.16832366853214248,0.027537751966768918,0.621304340013255,0.1828342394878337,83.18312582849761
356,71.24749833222148,3.9583333333333335,0.2,0.5416666666666666,0.5,0.16982705198141396,0.027393748055032183,0.622120925781171,0.18065827418238295,83.18312582849761
357,71.44763175450299,3.9583333333333335,0.2,0.5416666666666666,0.5,0.17133440719500345,0.02724961197318517,0.6229141509138906,0.17850182991792085,83.18312582849761
358,71.64776517678452,3.9583333333333335,0.2,0.5416666666666666,0.5,0.1728455919761308,0.02710536243607378,0.6236841229140521,0.1763649226737433,83.18312582849761
359,71.84789859906604,3.9583333333333335,0.2,0.5416666666666666,0.5,0.1743604637675518,0.02696101795589299,0.6244309549528593,0.17424756332369581,83.18312582849761
360,72.04803202134757,3.9583333333333335,0.2,0.5416666666666666,0.5,0.17587887925340764,0.02681659690216805,0.6251547665607905,0.17214975728363371,83.18312582849761
361,72.24816544362908,3.9583333333333335,0.2,0.5416666666666666,0.5,0.17740069473712994,0.02667211738503664,0.625855682982888,0.17007150489494538,83.18312582849761
362,72.4482988659106,3.9583333333333335,0.2,0.5416666666666666,0.5,0.17892576625431258,0.026527597227345334,0.6265338349846762,0.16801280153366588,83.18312582849761
363,72.64843228819213,3.9583333333333335,0.2,0.5416666666666666,0.5,0.18045394927000283,0.026383054082317815,0.6271893592882786,0.16597363735940077,83.18312582849761
364,72.84856571047365,3.9583333333333335,0.2,0.5416666666666666,0.5,0.1819850989651444,0.026238505443802764,0.6278223977399089,0.16395399785114392,83.18312582849761
365,73.04869913275516,3.9583333333333335,0.2,0.5416666666666666,0.5,0.18351907008544915,0.026093968595349345,0.6284330979065826,0.1619538634126188,83.18312582849761
366,73.24883255503669,3.9583333333333335,0.2,0.5416666666666666,0.5,0.1850557172565091,0.02594946059575357,0.6290216122631391,0.15997320988459815,83.18312582849761
367,73.44896597731821,3.9583333333333335,0.2,0.5416666666666666,0.5,0.186594894910355,0.025804998288337093,0.6295880983605906,0.15801200844071722,83.18312582849761
368,73.64909939959973,3.9583333333333335,0.2,0.5416666666666666,0.5,0.18813645728265818,0.025660598290312697,0.6301327188482116,0.1560702255788174,83.18312582849761
369,73.84923282188124,3.9583333333333335,0.2,0.5416666666666666,0.5,0.18968025876052189,0.025516276940205324,0.6306556406544302,0.15414782364484245,83.18312582849761
370,74.04936624416277,3.9583333333333335,0.2,0.5416666666666666,0.5,0.19122615354266215,0.025372050357050153,0.6311570357705439,0.15224476032974366,83.18312582849761
371,74.2494996664443,3.9583333333333335,0.2,0.5416666666666666,0.5,0.19277399600795242,0.025227934421668,0.6316370802403563,0.1503609893300232,83.18312582849761
372,74.44963308872582,3.9583333333333335,0.2,0.5416666666666666,0.5,0.19432364056412324,0.025083944777113332,0.6320959546004988,0.1484964600582645,83.18312582849761
373,74.64976651100733,3.9583333333333335,0.2,0.5416666666666666,0.5,0.19587494176516027,0.024940096821563035,0.6325338435473243,0.14665111786595228,83.18312582849761
374,74.84989993328885,3.9583333333333335,0.2,0.5416666666666666,0.5,0.19742775448241526,0.024796405701785262,0.6329509354477907,0.14482490436800866,83.18312582849761
375,75.05003335557038,3.9583333333333335,0.2,0.5416666666666666,0.5,0.19898193362974873,0.02465288632552535,0.633347423124384,0.14301775692034188,83.18312582849761
376,75.2501667778519,3.9583333333333335,0.2,0.5416666666666666,0.5,0.2005373346469684,0.024509553327582066,0.6337235025289372,0.14122960949651217,83.18312582849761
377,75.45030020013341,3.9583333333333335,0.2,0.5416666666666666,0.5,0.20209381334101298,0.024366421081980956,0.6340793731736898,0.13946039240331615,83.18312582849761
378,75.65043362241494,3.9583333333333335,0.2,0.5416666666666666,0.5,0.20365122577250655,0.024223503713176817,0.6344152384225094,0.1377100320918071,83.18312582849761
379,75.85056704469646,3.9583333333333335,0.2,0.5416666666666666,0.5,0.20520942869158587,0.02408081508092961,0.6347313041866622,0.13597845204082215,83.18312582849761
380,76.05070046697799,3.9583333333333335,0.2,0.5416666666666666,0.5,0.20676827921559163,0.023938368788061687,0.6350277799121045,0.13426557208424206,83.18312582849761
381,76.2508338892595,3.9583333333333335,0.2,0.5416666666666666,0.5,0.20832763498057166,0.02379617817856015,0.6353048781027268,0.1325713087381412,83.18312582849761
382,76.45096731154102,3.9583333333333335,0.2,0.5416666666666666,0.5,0.20988735441570214,0.02365425633430235,0.6355628134556189,0.13089557579437644,83.18312582849761
383,76.65110073382255,3.9583333333333335,0.2,0.5416666666666666,0.5,0.21144729639030557,0.02351261607866743,0.6358018039776363,0.12923828355339068,83.18312582849761
384,76.85123415610407,3.9583333333333335,0.2,0.5416666666666666,0.5,0.213007320580728,0.02337126996730097,0.6360220698461954,0.12759933960577566,83.18312582849761
385,77.0513675783856,3.9583333333333335,0.2,0.5416666666666666,0.5,0.21456728746975828,0.023230230288262287,0.6362238334105622,0.12597864883141724,83.18312582849761
386,77.2515010006671,3.9583333333333335,0.2,0.5416666666666666,0.5,0.21612705815126138,0.023089509068977422,0.636407319787422,0.1243761129923392,83.18312582849761
387,77.45163442294863,3.9583333333333335,0.2,0.5416666666666666,0.5,0.21768649474040275,0.02294911807516472,0.636572755508567,0.12279163167586561,83.18312582849761
388,77.65176784523015,3.9583333333333335,0.2,0.5416666666666666,0.5,0.21924546012100238,0.02280906880939328,0.6367203693695704,0.12122510170003394,83.18312582849761
389,77.85190126751168,3.9583333333333335,0.2,0.5416666666666666,0.5,0.2208038179570093,0.02266937251101374,0.6368503923942158,0.11967641713776117,83.18312582849761
390,78.05203468979319,3.9583333333333335,0.2,0.5416666666666666,0.5,0.22236143312751935,0.0225300401573858,0.6369630564008903,0.11814547031420454,83.18312582849761
391,78.25216811207471,3.9583333333333335,0.2,0.5416666666666666,0.5,0.2239181713744601,0.022391082463010626,0.6370585951608513,0.11663215100167804,83.18312582849761
392,78.45230153435624,3.9583333333333335,0.2,0.5416666666666666,0.5,0.22547389935628898,0.022252509880879602,0.6371372442069589,0.11513634655587254,83.18312582849761
393,78.65243495663776,3.9583333333333335,0.2,0.5416666666666666,0.5,0.22702848501314518,0.022114332611457236,0.6371992395353444,0.11365794284005323,83.18312582849761
394,78.85256837891927,3.9583333333333335,0.2,0.5416666666666666,0.5,0.2285817972418284,0.021976560593621318,0.6372448187739379,0.11219682339061252,83.18312582849761
395,79.0527018012008,3.9583333333333335,0.2,0.5416666666666666,0.5,0.23013370599046848,0.02183920350862752,0.637274220832973,0.11075286966793102,83.18312582849761
396,79.25283522348232,3.9583333333333335,0.2,0.5416666666666666,0.5,0.23168408257132742,0.021702270795202455,0.637287684736462,0.1093259618970082,83.18312582849761
397,79.45296864576385,3.9583333333333335,0.2,0.5416666666666666,0.5,0.23323279934036203,0.02156577163337246,0.6372854508241341,0.10791597820213145,83.18312582849761
398,79.65310206804536,3.9583333333333335,0.2,0.5416666666666666,0.5,0.23477972982865777,0.02142971495043086,0.6372677602607021,0.10652279496020929,83.18312582849761
399,79.85323549032688,3.9583333333333335,0.2,0.5416666666666666,0.5,0.2363247490197102,0.021294109432615227,0.6372348540036806,0.10514628754399401,83.18312582849761
400,80.0533689126084,3.9583333333333335,0.2,0.5416666666666666,0.5,0.23786773302612246,0.021158963511715142,0.6371869740061212,0.10378632945604124,83.18312582849761
401,80.25350233488993,3.9583333333333335,0.2,0.5416666666666666,0.5,0.23940855924852497,0.021024285374778063,0.6371243625948769,0.1024427927818201,83.18312582849761
402,80.45363575717144,3.9583333333333335,0.2,0.5416666666666666,0.5,0.240947106587154,0.020890082980281974,0.6370472616110704,0.10111554882149362,83.18312582849761
403,80.65376917945296,3.9583333333333335,0.2,0.5416666666666666,0.5,0.2424832551443017,0.02075636403462469,0.6369559136263765,0.09980446719469716,83.18312582849761
404,80.85390260173449,3.9583333333333335,0.2,0.5416666666666666,0.5,0.24401688637385976,0.02062313600376488,0.6368505613355466,0.09850941628682873,83.18312582849761
405,81.05403602401601,3.9583333333333335,0.2,0.5416666666666666,0.5,0.24554788335456146,0.020490406134077505,0.6367314464554701,0.09723026405589096,83.18312582849761
406,81.25416944629752,3.9583333333333335,0.2,0.5416666666666666,0.5,0.24707613046035476,0.02035818142722332,0.636598811052676,0.09596687705974591,83.18312582849761
407,81.45430286857905,3.9583333333333335,0.2,0.5416666666666666,0.5,0.2486015134608153,0.02022646864930194,0.636452897121348,0.09471912076853473,83.18312582849761
408,81.65443629086057,3.9583333333333335,0.2,0.5416666666666666,0.5,0.25012391976085707,0.020095274360030346,0.6362939454898529,0.09348686038925974,83.18312582849761
409,81.8545697131421,3.9583333333333335,0.2,0.5416666666666666,0.5,0.25164323817055356,0.01996460488381335,0.6361221968814359,0.0922699600641972,83.18312582849761
410,82.05470313542361,3.9583333333333335,0.2,0.5416666666666666,0.5,0.2531593589422016,0.019834466314918878,0.6359378917385199,0.09106828300435964,83.18312582849761
411,82.25483655770513,3.9583333333333335,0.2,0.5416666666666666,0.5,0.25467217398646225,0.01970486455154188,0.6357412691612339,0.08988169230076203,83.18312582849761
412,82.45496997998666,3.9583333333333335,0.2,0.5416666666666666,0.5,0.25618157670928177,0.019575805269445575,0.6355325677145335,0.0887100503067391,83.18312582849761
413,82.65510340226818,3.9583333333333335,0.2,0.5416666666666666,0.5,0.2576874620022847,0.019447293920379884,0.6353120254752583,0.08755321860207702,83.18312582849761
414,82.85523682454969,3.9583333333333335,0.2,0.5416666666666666,0.5,0.2591897264390495,0.019319335762982316,0.635079879046468,0.08641105875150006,83.18312582849761
415,83.05537024683122,3.9583333333333335,0.2,0.5416666666666666,0.5,0.260688268171302,0.019191935846515667,0.6348363640801346,0.08528343190204776,83.18312582849761
416,83.25550366911274,3.9583333333333335,0.2,0.5416666666666666,0.5,0.26218298687798275,0.01906509900299102,0.6345817155324576,0.08417019858656866,83.18312582849761
417,83.45563709139427,3.9583333333333335,0.2,0.5416666666666666,0.5,0.2636737839166179,0.018938829880906297,0.6343161667895102,0.08307121941296554,83.18312582849761
418,83.65577051367578,3.9583333333333335,0.2,0.5416666666666666,0.5,0.26516056228162704,0.018813132935029304,0.634039949918405,0.08198635486493869,83.18312582849761
419,83.8559039359573,3.9583333333333335,0.2,0.5416666666666666,0.5,0.2666432265311757,0.01868801240847219,0.6337532961079594,0.08091546495239267,83.18312582849761
420,84.05603735823883,3.9583333333333335,0.2,0.5416666666666666,0.5,0.2681216828900022,0.018563472359635166,0.6334564350270345,0.07985840972332803,83.18312582849761
421,84.25617078052035,3.9583333333333335,0.2,0.5416666666666666,0.5,0.2695958393090599,0.018439516678448904,0.6331495944445398,0.07881504956795138,83.18312582849761
422,84.45630420280186,3.9583333333333335,0.2,0.5416666666666666,0.5,0.2710656053262667,0.01831614904845212,0.6328330011166349,0.0777852445086462,83.18312582849761
423,84.65643762508338,3.9583333333333335,0.2,0.5416666666666666,0.5,0.27253089213661064,0.01819337296934082,0.6325068802952758,0.07676885459877276,83.18312582849761
424,84.85657104736491,3.9583333333333335,0.2,0.5416666666666666,0.5,0.27399161266536276,0.01807119179037467,0.6321714550872519,0.07576574045701061,83.18312582849761
425,85.05670446964643,3.9583333333333335,0.2,0.5416666666666666,0.5,0.27544768147319815,0.017949608666841612,0.6318269472879786,0.07477576257198164,83.18312582849761
426,85.25683789192794,3.9583333333333335,0.2,0.5416666666666666,0.5,0.2768990147817511,0.017828626572863434,0.6314735771434931,0.07379878150189245,83.18312582849761
427,85.45697131420947,3.9583333333333335,0.2,0.5416666666666666,0.5,0.27834553052905703,0.017708248341273516,0.6311115626836917,0.07283465844597777,83.18312582849761
428,85.657104736491,3.9583333333333335,0.2,0.5416666666666666,0.5,0.27978714832522467,0.017588476630540837,0.6307411202702574,0.07188325477397708,83.18312582849761
429,85.85723815877252,3.9583333333333335,0.2,0.5416666666666666,0.5,0.28122378944896104,0.017469313922263287,0.6303624646383863,0.0709444319903894,83.18312582849761
430,86.05737158105403,3.9583333333333335,0.2,0.5416666666666666,0.5,0.2826553768790415,0.017350762555905144,0.6299758083475758,0.07001805221747752,83.18312582849761
431,86.25750500333555,3.9583333333333335,0.2,0.5416666666666666,0.5,0.2840818352870396,0.017232824719835685,0.6295813619218327,0.06910397807129207,83.18312582849761
432,86.45763842561708,3.9583333333333335,0.2,0.5416666666666666,0.5,0.2855030910209414,0.017115502431135257,0.6291793341656242,0.06820207238229922,83.18312582849761
433,86.6577718478986,3.9583333333333335,0.2,0.5416666666666666,0.5,0.28691907210835266,0.016998797564849434,0.6287699317676373,0.06731219855916079,83.18312582849761
434,86.85790527018011,3.9583333333333335,0.2,0.5416666666666666,0.5,0.2883297082515969,0.01688271187185302,0.628353359079355,0.0664342207971953,83.18312582849761
435,87.05803869246164,3.9583333333333335,0.2,0.5416666666666666,0.5,0.2897349308399504,0.016767246934265515,0.627929818667678,0.06556800355810614,83.18312582849761
436,87.25817211474316,3.9583333333333335,0.2,0.5416666666666666,0.5,0.29113467294397744,0.01665240418423245,0.6274995110828157,0.06471341178897465,83.18312582849761
437,87.45830553702469,3.9583333333333335,0.2,0.5416666666666666,0.5,0.29252886929148975,0.01653818494699601,0.6270626343407713,0.06387031142074313,83.18312582849761
438,87.6584389593062,3.9583333333333335,0.2,0.5416666666666666,0.5,0.29391745628635785,0.016424590407356675,0.6266193843262,0.06303856898008567,83.18312582849761
439,87.85857238158772,3.9583333333333335,0.2,0.5416666666666666,0.5,0.29530037201419984,0.016311621599532415,0.626169954914216,0.062218051472051845,83.18312582849761
440,88.05870580386924,3.9583333333333335,0.2,0.5416666666666666,0.5,0.2966775562133659,0.016199279430162913,0.6257145377386613,0.061408626617810054,83.18312582849761
441,88.25883922615077,3.9583333333333335,0.2,0.5416666666666666,0.5,0.29804895020996264,0.016087564714322322,0.6252533218834455,0.06061016319226972,83.18312582849761
442,88.45897264843228,3.9583333333333335,0.2,0.5416666666666666,0.5,0.29941449701974987,0.015976478119043055,0.6247864943665947,0.05982253049461258,83.18312582849761
443,88.6591060707138,3.9583333333333335,0.2,0.5416666666666666,0.5,0.3007741413183716,0.01586602017974328,0.6243142399998083,0.0590455985020769,83.18312582849761
444,88.85923949299533,3.9583333333333335,0.2,0.5416666666666666,0.5,0.3021278293489757,0.015756191337951017,0.6238367411314298,0.05827923818164358,83.18312582849761
445,89.05937291527685,3.9583333333333335,0.2,0.5416666666666666,0.5,0.30347550895181546,0.015646991929411616,0.6233541777261686,0.057523321392604375,83.18312582849761
446,89.25950633755836,3.9583333333333335,0.2,0.5416666666666666,0.5,0.3048171296330693,0.015538422156439724,0.6228667275504419,0.0567777206600492,83.18312582849761
447,89.45963975983989,3.9583333333333335,0.2,0.5416666666666666,0.5,0.3061526425097179,0.015430482108307508,0.6223745660411545,0.05604230934082021,83.18312582849761
448,89.65977318212141,3.9583333333333335,0.2,0.5416666666666666,0.5,0.30748200018842375,0.015323171798528257,0.6218778660910815,0.055316961921966536,83.18312582849761
449,89.85990660440294,3.9583333333333335,0.2,0.5416666666666666,0.5,0.30880515691043436,0.015216491120251877,0.6213767983056282,0.05460155366368563,83.18312582849761
450,90.06004002668445,3.9583333333333335,0.2,0.5416666666666666,0.5,0.31012206853020413,0.015110439852845582,0.6208715309649487,0.05389596065200169,83.18312582849761
451,90.26017344896597,3.9583333333333335,0.2,0.5416666666666666,0.5,0.31143269239786475,0.015005017691371931,0.6203622299176904,0.053200059993073034,83.18312582849761
452,90.4603068712475,3.9583333333333335,0.2,0.5416666666666666,0.5,0.31273698731861116,0.014900224256460403,0.6198490585490696,0.052513729875859005,83.18312582849761
453,90.66044029352902,3.9583333333333335,0.2,0.5416666666666666,0.5,0.3140349137498179,0.014796059046396125,0.6193321779358169,0.0518368492679692,83.18312582849761
454,90.86057371581053,3.9583333333333335,0.2,0.5416666666666666,0.5,0.31532643371418256,0.014692521458231314,0.618811746777903,0.051169298049683246,83.18312582849761
455,91.06070713809206,3.9583333333333335,0.2,0.5416666666666666,0.5,0.3166115107077514,0.014589610807363224,0.6182879213588337,0.050510957126051734,83.18312582849761
456,91.26084056037358,3.9583333333333335,0.2,0.5416666666666666,0.5,0.31789010951703445,0.01448732636641687,0.6177608554672477,0.04986170864930101,83.18312582849761
457,91.4609739826551,3.9583333333333335,0.2,0.5416666666666666,0.5,0.31916219657349904,0.01438566728987688,0.6172307005488882,0.04922143558773594,83.18312582849761
458,91.66110740493662,3.9583333333333335,0.2,0.5416666666666666,0.5,0.320427739833198,0.01428463263967948,0.6166976056549995,0.048590021872123086,83.18312582849761
459,91.86124082721814,3.9583333333333335,0.2,0.5416666666666666,0.5,0.32168670871163146,0.014184221396765584,0.6161617174429179,0.047967352448685184,83.18312582849761
460,92.06137424949966,3.9583333333333335,0.2,0.5416666666666666,0.5,0.3229390737980034,0.014084432509782197,0.6156231802032396,0.04735331348897491,83.18312582849761
461,92.26150767178119,3.9583333333333335,0.2,0.5416666666666666,0.5,0.32418480725381327,0.013985264827147405,0.6150821358219236,0.046747792097115846,83.18312582849761
462,92.4616410940627,3.9583333333333335,0.2,0.5416666666666666,0.5,0.32542388272951134,0.01388671711125545,0.6145387237882156,0.04615067637101775,83.18312582849761
463,92.66177451634422,3.9583333333333335,0.2,0.5416666666666666,0.5,0.3266562753078535,0.013788788047626345,0.6139930812066489,0.0455618554378713,83.18312582849761
464,92.86190793862575,3.9583333333333335,0.2,0.5416666666666666,0.5,0.32788196117242796,0.013691476294292022,0.6134453429217117,0.044981219611568334,83.18312582849761
465,93.06204136090727,3.9583333333333335,0.2,0.5416666666666666,0.5,0.329100917954871,0.013594780430064698,0.612895641387259,0.04440866022780532,83.18312582849761
466,93.26217478318878,3.9583333333333335,0.2,0.5416666666666666,0.5,0.33031312474733554,0.013498698952679189,0.6123441066618234,0.04384406963816192,83.18312582849761
467,93.46230820547031,3.9583333333333335,0.2,0.5416666666666666,0.5,0.3315185620299391,0.013403230289495124,0.6117908664368686,0.043287341243697125,83.18312582849761
468,93.66244162775183,3.9583333333333335,0.2,0.5416666666666666,0.5,0.3327172113663801,0.013308372835761086,0.6112360462151184,0.0427383695827404,83.18312582849761
469,93.86257505003336,3.9583333333333335,0.2,0.5416666666666666,0.5,0.3339090556009846,0.01321412492984377,0.6106797691951128,0.04219705027405888,83.18312582849761
470,94.06270847231487,3.9583333333333335,0.2,0.5416666666666666,0.5,0.33509407901599375,0.013120484833455442,0.6101221561790585,0.04166327997149232,83.18312582849761
471,94.26284189459639,3.9583333333333335,0.2,0.5416666666666666,0.5,0.3362722672211475,0.013027450745534335,0.6095633256375188,0.041136956395799465,83.18312582849761
472,94.46297531687792,3.9583333333333335,0.2,0.5416666666666666,0.5,0.33744360679888175,0.012935020839989259,0.6090033939858235,0.040617978375305605,83.18312582849761
473,94.66310873915944,3.9583333333333335,0.2,0.5416666666666666,0.5,0.33860808538029813,0.012843193257617786,0.6084424755248852,0.04010624583719909,83.18312582849761
474,94.86324216144095,3.9583333333333335,0.2,0.5416666666666666,0.5,0.3397656921726845,0.012751966049987632,0.607880682030231,0.03960165974709692,83.18312582849761
475,95.06337558372248,3.9583333333333335,0.2,0.5416666666666666,0.5,0.34091641766204345,0.012661337211082249,0.6073181229837504,0.03910412214312401,83.18312582849761
476,95.263509006004,3.9583333333333335,0.2,0.5416666666666666,0.5,0.3420602536126422,0.01257130467734868,0.6067549055740444,0.038613536135964806,83.18312582849761
477,95.46364242828552,3.9583333333333335,0.2,0.5416666666666666,0.5,0.34319719306701313,0.012481866327697537,0.6061911346964263,0.038129805908863196,83.18312582849761
478,95.66377585056703,3.9583333333333335,0.2,0.5416666666666666,0.5,0.34432723002977955,0.012393020017225411,0.6056269132358636,0.03765283671713151,83.18312582849761
479,95.86390927284856,3.9583333333333335,0.2,0.5416666666666666,0.5,0.3454503585352575,0.012304763676662517,0.605062342901378,0.03718253488670216,83.18312582849761
480,96.06404269513008,3.9583333333333335,0.2,0.5416666666666666,0.5,0.3465665745145869,0.012217095113228466,0.6044975225551569,0.03671880781702789,83.18312582849761
481,96.26417611741161,3.9583333333333335,0.2,0.5416666666666666,0.5,0.3476758751691828,0.012130012077458606,0.6039325487732502,0.03626156398010843,83.18312582849761
482,96.46430953969312,3.9583333333333335,0.2,0.5416666666666666,0.5,0.34877825886597863,0.012043512274377178,0.6033675159393164,0.03581071292032792,83.18312582849761
483,96.66444296197464,3.9583333333333335,0.2,0.5416666666666666,0.5,0.3498737251374263,0.01195759336349729,0.6028025162446218,0.035366165254454754,83.18312582849761
484,96.86457638425617,3.9583333333333335,0.2,0.5416666666666666,0.5,0.35096227462415636,0.011872252963925805,0.6022376397490808,0.034927832662837076,83.18312582849761
485,97.06470980653769,3.9583333333333335,0.2,0.5416666666666666,0.5,0.35204390788758017,0.011787488760075977,0.6016729756452708,0.034495627707073206,83.18312582849761
486,97.2648432288192,3.9583333333333335,0.2,0.5416666666666666,0.5,0.353118626797854,0.011703298378098642,0.6011086107809086,0.03406946404313885,83.18312582849761
487,97.46497665110073,3.9583333333333335,0.2,0.5416666666666666,0.5,0.35418643463600513,0.011619679376790074,0.6005446295501362,0.033649256437068745,83.18312582849761
488,97.66511007338225,3.9583333333333335,0.2,0.5416666666666666,0.5,0.3552473357360289,0.011536629279455628,0.599981114274516,0.03323492070999963,83.18312582849761
489,97.86524349566378,3.9583333333333335,0.2,0.5416666666666666,0.5,0.35630133548488924,0.011454145573909724,0.599418145203031,0.03282637373817007,83.18312582849761
490,98.06537691794529,3.9583333333333335,0.2,0.5416666666666666,0.5,0.35734844032251845,0.011372225712475854,0.5988558005120852,0.032423533452920594,83.18312582849761
491,98.26551034022681,3.9583333333333335,0.2,0.5416666666666666,0.5,0.3583886570293067,0.011290867156343226,0.5982941571637386,0.0320263186506116,83.18312582849761
492,98.46564376250834,3.9583333333333335,0.2,0.5416666666666666,0.5,0.35942199272537523,0.011210067375612049,0.5977332909065831,0.03163464899242974,83.18312582849761
493,98.66577718478986,3.9583333333333335,0.2,0.5416666666666666,0.5,0.36044845616434673,0.011129823768751042,0.5971732747173656,0.03124844534953678,83.18312582849761
494,98.86591060707137,3.9583333333333335,0.2,0.5416666666666666,0.5,0.3614680570488201,0.011050133705211953,0.5966141796255144,0.03086762962045358,83.18312582849761
495,99.0660440293529,3.9583333333333335,0.2,0.5416666666666666,0.5,0.36248080602612626,0.010970994525693733,0.5960560747182524,0.03049212472992771,83.18312582849761
496,99.26617745163442,3.9583333333333335,0.2,0.5416666666666666,0.5,0.3634867146883276,0.01089240354214259,0.5954990271405963,0.03012185462893361,83.18312582849761
497,99.46631087391594,3.9583333333333335,0.2,0.5416666666666666,0.5,0.3644857953001164,0.010814358056640966,0.5949431024453371,0.029756744197905572,83.18312582849761
498,99.66644429619745,3.9583333333333335,0.2,0.5416666666666666,0.5,0.36547805980613957,0.010736855430317866,0.5943883658698268,0.029396718893715784,83.18312582849761
499,99.86657771847898,3.9583333333333335,0.2,0.5416666666666666,0.5,0.366463521678668,0.010659892955085846,0.5938348799594909,0.02904170540675527,83.18312582849761
500,100.0667111407605,3.9583333333333335,0.2,0.5416666666666666,0.5,0.3674421953486754,0.010583467893134845,0.5932827052995794,0.028691631458610437,83.18312582849761
501,100.26684456304203,3.9583333333333335,0.2,0.5416666666666666,0.5,0.36841409608026754,0.01050757748564915,0.5927319006766767,0.028346425757406597,83.18312582849761
502,100.46697798532354,3.9583333333333335,0.2,0.5416666666666666,0.5,0.3693792399706825,0.010432218952807404,0.5921825230787021,0.028006017997808007,83.18312582849761
503,100.66711140760506,3.9583333333333335,0.2,0.5416666666666666,0.5,0.37033764391682483,0.010357389496391634,0.5916346277394104,0.027670338847373015,83.18312582849761
504,100.86724482988659,3.9583333333333335,0.2,0.5416666666666666,0.5,0.37128932462254566,0.010283086377181564,0.5910882694584735,0.027339319541799238,83.18312582849761
505,101.06737825216811,3.9583333333333335,0.2,0.5416666666666666,0.5,0.37223429952382797,0.010209306842825438,0.5905435013712036,0.02701289226214298,83.18312582849761
506,101.26751167444962,3.9583333333333335,0.2,0.5416666666666666,0.5,0.3731725870410556,0.010136048108172657,0.5900003746130964,0.026690990237675294,83.18312582849761
507,101.46764509673115,3.9583333333333335,0.2,0.5416666666666666,0.5,0.37410420627482194,0.01006330737898911,0.589458938724333,0.026373547621855883,83.18312582849761
508,101.66777851901267,3.9583333333333335,0.2,0.5416666666666666,0.5,0.3750291769938212,0.009991081848380483,0.5889192416783243,0.026060499479473944,83.18312582849761
509,101.8679119412942,3.9583333333333335,0.2,0.5416666666666666,0.5,0.37594751948587474,0.00991936865278648,0.5883813302329042,0.02575178162843465,83.18312582849761
510,102.0680453635757,3.9583333333333335,0.2,0.5416666666666666,0.5,0.3768592547342958,0.009848164924077626,0.5878452495145643,0.02544733082706222,83.18312582849761
511,102.26817878585723,3.9583333333333335,0.2,0.5416666666666666,0.5,0.3777644044118334,0.00977746778776629,0.5873110430327323,0.025147084767667992,83.18312582849761
512,102.46831220813876,3.9583333333333335,0.2,0.5416666666666666,0.5,0.3786629908493527,0.009707274353755256,0.5867787527536031,0.024850982043288908,83.18312582849761
513,102.66844563042028,3.9583333333333335,0.2,0.5416666666666666,0.5,0.3795550369277482,0.00963758172700831,0.5862484192460036,0.02455896209923992,83.18312582849761
514,102.8685790527018,3.9583333333333335,0.2,0.5416666666666666,0.5,0.3804405654083524,0.009568387073653761,0.5857200825850085,0.024270964932985303,83.18312582849761
515,103.06871247498331,3.9583333333333335,0.2,0.5416666666666666,0.5,0.38131959989062525,0.00949968752643924,0.5851937810595349,0.023986931523400635,83.18312582849761
516,103.26884589726484,3.9583333333333335,0.2,0.5416666666666666,0.5,0.3821921646248056,0.00943148020322714,0.5846695514251691,0.02370680374679815,83.18312582849761
517,103.46897931954636,3.9583333333333335,0.2,0.5416666666666666,0.5,0.38305828441528533,0.009363762216533778,0.5841474290345644,0.0234305243336165,83.18312582849761
518,103.66911274182789,3.9583333333333335,0.2,0.5416666666666666,0.5,0.38391798448843967,0.009296530682919926,0.5836274480339253,0.023158036794715006,83.18312582849761
519,103.8692461641094,3.9583333333333335,0.2,0.5416666666666666,0.5,0.38477129006312416,0.00922978275350672,0.5831096420015117,0.022889285181857313,83.18312582849761
520,104.06937958639092,3.9583333333333335,0.2,0.5416666666666666,0.5,0.3856182271006186,0.009163515560692656,0.5825940428327642,0.02262421450592446,83.18312582849761
521,104.26951300867245,3.9583333333333335,0.2,0.5416666666666666,0.5,0.3864588220802249,0.009097726234097206,0.5820806810739024,0.022362770611775322,83.18312582849761
522,104.46964643095397,3.9583333333333335,0.2,0.5416666666666666,0.5,0.3872931019578825,0.009032411903501169,0.5815695859834483,0.022104900155167837,83.18312582849761
523,104.66977985323548,3.9583333333333335,0.2,0.5416666666666666,0.5,0.38812109402491757,0.00896756969322178,0.5810607857793794,0.021850550502481133,83.18312582849761
524,104.869913275517,3.9583333333333335,0.2,0.5416666666666666,0.5,0.3889428256870462,0.008903196713312156,0.5805543080258182,0.02159966957382334,83.18312582849761
525,105.07004669779853,3.9583333333333335,0.2,0.5416666666666666,0.5,0.3897583249787555,0.008839290080045026,0.5800501787329936,0.021352206208205816,83.18312582849761
526,105.27018012008006,3.9583333333333335,0.2,0.5416666666666666,0.5,0.39056762036920173,0.008775846908183189,0.5795484226968705,0.021108110025744475,83.18312582849761
527,105.47031354236157,3.9583333333333335,0.2,0.5416666666666666,0.5,0.3913707407489161,0.008712864310450107,0.5790490635224118,0.020867331418221835,83.18312582849761
528,105.67044696464309,3.9583333333333335,0.2,0.5416666666666666,0.5,0.39216771518970617,0.008650339411403408,0.5785521239996271,0.020629821399263174,83.18312582849761
529,105.87058038692462,3.9583333333333335,0.2,0.5416666666666666,0.5,0.39295857281909713,0.008588269354690021,0.5780576263002261,0.020395531525986704,83.18312582849761
530,106.07071380920614,3.9583333333333335,0.2,0.5416666666666666,0.5,0.3937433433554379,0.00852665127212633,0.5775655911395206,0.020164414232915026,83.18312582849761
531,106.27084723148765,3.9583333333333335,0.2,0.5416666666666666,0.5,0.3945220568711736,0.008465482297376927,0.5770760381471947,0.019936422684254728,83.18312582849761
532,106.47098065376917,3.9583333333333335,0.2,0.5416666666666666,0.5,0.39529474378190416,0.008404759566503764,0.5765889858849862,0.019711510766605787,83.18312582849761
533,106.6711140760507,3.9583333333333335,0.2,0.5416666666666666,0.5,0.396061434510165,0.008344480233416884,0.5761044523994386,0.01948963285697947,83.18312582849761
534,106.87124749833222,3.9583333333333335,0.2,0.5416666666666666,0.5,0.39682215975228946,0.008284641457610948,0.5756224547831734,0.019270744006926077,83.18312582849761
535,107.07138092061373,3.9583333333333335,0.2,0.5416666666666666,0.5,0.39757695061579035,0.008225240397851968,0.5751430089490331,0.0190548000373245,83.18312582849761
536,107.27151434289526,3.9583333333333335,0.2,0.5416666666666666,0.5,0.39832583850101083,0.00816627421761595,0.5746661298246488,0.018841757456724322,83.18312582849761
537,107.47164776517678,3.9583333333333335,0.2,0.5416666666666666,0.5,0.39906885505142214,0.008107740085789924,0.5741918314380057,0.018631573424782312,83.18312582849761
538,107.67178118745831,3.9583333333333335,0.2,0.5416666666666666,0.5,0.39980603183251323,0.008049635181200943,0.5737201274702523,0.018424205516033586,83.18312582849761
539,107.87191460973982,3.9583333333333335,0.2,0.5416666666666666,0.5,0.4005374007780154,0.007991956686322431,0.5732510304875001,0.018219612048162016,83.18312582849761
540,108.07204803202134,3.9583333333333335,0.2,0.5416666666666666,0.5,0.40126299410819527,0.007934701788426602,0.572784552081487,0.01801775202189109,83.18312582849761
541,108.27218145430287,3.9583333333333335,0.2,0.5416666666666666,0.5,0.4019828442835376,0.007877867680237738,0.572320702949314,0.01781858508691069,83.18312582849761
542,108.47231487658439,3.9583333333333335,0.2,0.5416666666666666,0.5,0.4026969838684508,0.0078214515650299,0.5718594931267852,0.017622071439734162,83.18312582849761
543,108.6724482988659,3.9583333333333335,0.2,0.5416666666666666,0.5,0.4034054453630087,0.007765450662920208,0.5714009322764703,0.017428171697600876,83.18312582849761
544,108.87258172114743,3.9583333333333335,0.2,0.5416666666666666,0.5,0.4041082616337483,0.0077098621947559705,0.570945028950168,0.017236847221327883,83.18312582849761
545,109.07271514342895,3.9583333333333335,0.2,0.5416666666666666,0.5,0.4048054657445142,0.007654683388441524,0.5704917908785042,0.017048059988540087,83.18312582849761
546,109.27284856571048,3.9583333333333335,0.2,0.5416666666666666,0.5,0.4054970909468155,0.00759991147928795,0.57004122498752,0.016861772586376556,83.18312582849761
547,109.47298198799199,3.9583333333333335,0.2,0.5416666666666666,0.5,0.4061831704359041,0.007545543717158201,0.5695933378303386,0.016677948016599158,83.18312582849761
548,109.67311541027351,3.9583333333333335,0.2,0.5416666666666666,0.5,0.4068637374831268,0.00749157736259014,0.5691481353529422,0.016496549801340833,83.18312582849761
549,109.87324883255503,3.9583333333333335,0.2,0.5416666666666666,0.5,0.40753882561781424,0.007438009681468549,0.5687056225722841,0.01631754212843314,83.18312582849761
550,110.07338225483656,3.9583333333333335,0.2,0.5416666666666666,0.5,0.4082084685120802,0.007384837948399636,0.568265803780158,0.016140889759362138,83.18312582849761
551,110.27351567711807,3.9583333333333335,0.2,0.5416666666666666,0.5,0.4088726999552441,0.007332059447258205,0.5678286825897276,0.015966558007769922,83.18312582849761
552,110.4736490993996,3.9583333333333335,0.2,0.5416666666666666,0.5,0.40953155358853655,0.007279671476862732,0.5673942624181281,0.01579451251647246,83.18312582849761
553,110.67378252168112,3.9583333333333335,0.2,0.5416666666666666,0.5,0.4101850632271342,0.007227671344086515,0.5669625459006463,0.01562471952813276,83.18312582849761
554,110.87391594396264,3.9583333333333335,0.2,0.5416666666666666,0.5,0.41083326283643884,0.007176056364365094,0.5665335349338727,0.015457145865323162,83.18312582849761
555,111.07404936624415,3.9583333333333335,0.2,0.5416666666666666,0.5,0.41147618648227696,0.007124823862761563,0.5661072307662934,0.015291758888667881,83.18312582849761
556,111.27418278852568,3.9583333333333335,0.2,0.5416666666666666,0.5,0.4121138682463219,0.007073971176054489,0.5656836341552302,0.015128526422393302,83.18312582849761
557,111.4743162108072,3.9583333333333335,0.2,0.5416666666666666,0.5,0.41274634206868654,0.007023495656623739,0.5652627456589187,0.014967416615770968,83.18312582849761
558,111.67444963308873,3.9583333333333335,0.2,0.5416666666666666,0.5,0.41337364208055066,0.0069733946642391055,0.5648445650192984,0.014808398235911726,83.18312582849761
559,111.87458305537024,3.9583333333333335,0.2,0.5416666666666666,0.5,0.41399580248521495,0.006923665568996662,0.5644290913827246,0.014651440563063724,83.18312582849761
560,112.07471647765176,3.9583333333333335,0.2,0.5416666666666666,0.5,0.4146128575476695,0.0068743057515755395,0.5640163233193415,0.014496513381413351,83.18312582849761
561,112.27484989993329,3.9583333333333335,0.2,0.5416666666666666,0.5,0.41522484142074756,0.006825312607210069,0.5636062591533514,0.014343586818690792,83.18312582849761
562,112.47498332221481,3.9583333333333335,0.2,0.5416666666666666,0.5,0.415831788218823,0.006776683544005887,0.5631988968230062,0.014192631414164788,83.18312582849761
563,112.67511674449632,3.9583333333333335,0.2,0.5416666666666666,0.5,0.4164337321751491,0.006728415979344997,0.5627942335816983,0.014043618263807456,83.18312582849761
564,112.87525016677785,3.9583333333333335,0.2,0.5416666666666666,0.5,0.4170307075499719,0.006680507341985232,0.5623922661725256,0.013896518935517148,83.18312582849761
565,113.07538358905937,3.9583333333333335,0.2,0.5416666666666666,0.5,0.41762274861194143,0.006632955072412732,0.5619929908646978,0.01375130545094785,83.18312582849761
566,113.2755170113409,3.9583333333333335,0.2,0.5416666666666666,0.5,0.4182098894409081,0.006585756626581205,0.5615964038397728,0.01360795009273756,83.18312582849761
567,113.4756504336224,3.9583333333333335,0.2,0.5416666666666666,0.5,0.4187921641658201,0.006538909471401051,0.5612025007257196,0.013466425637058929,83.18312582849761
568,113.67578385590393,3.9583333333333335,0.2,0.5416666666666666,0.5,0.4193696069486133,0.006492411085044824,0.5608112766284705,0.013326705337871126,83.18312582849761
569,113.87591727818545,3.9583333333333335,0.2,0.5416666666666666,0.5,0.4199422519467482,0.006446258957657596,0.5604227262052949,0.013188762890299022,83.18312582849761
570,114.07605070046698,3.9583333333333335,0.2,0.5416666666666666,0.5,0.4205101332517688,0.006400450592420164,0.5600368437888177,0.013052572366993207,83.18312582849761
571,114.27618412274849,3.9583333333333335,0.2,0.5416666666666666,0.5,0.42107328477211825,0.0063549835075768476,0.5596536236235509,0.012918108096753832,83.18312582849761
572,114.47631754503001,3.9583333333333335,0.2,0.5416666666666666,0.5,0.42163174047824026,0.006309855232194148,0.5592730593711651,0.01278534491840024,83.18312582849761
573,114.67645096731154,3.9583333333333335,0.2,0.5416666666666666,0.5,0.42218553431550276,0.006265063307667566,0.5588951442862491,0.012654258090580286,83.18312582849761
574,114.87658438959306,3.9583333333333335,0.2,0.5416666666666666,0.5,0.42273470019636644,0.0062206052878571545,0.5585198712321311,0.012524823283645086,83.18312582849761
575,115.07671781187457,3.9583333333333335,0.2,0.5416666666666666,0.5,0.4232792718786804,0.0061764787412146235,0.5581472329331534,0.012397016446951263,83.18312582849761
576,115.2768512341561,3.9583333333333335,0.2,0.5416666666666666,0.5,0.42381928301265653,0.006132681249962341,0.5577772218773032,0.012270813860077669,83.18312582849761
577,115.47698465643762,3.9583333333333335,0.2,0.5416666666666666,0.5,0.42435476725411736,0.0060892104081140255,0.5574098300814637,0.01214619225630457,83.18312582849761
578,115.67711807871915,3.9583333333333335,0.2,0.5416666666666666,0.5,0.42488575820008,0.006046063822600589,0.5570450492249414,0.012023128752377762,83.18312582849761
579,115.87725150100066,3.9583333333333335,0.2,0.5416666666666666,0.5,0.42541228936722986,0.006003239113423087,0.5566828706968032,0.011901600822543584,83.18312582849761
580,116.07738492328218,3.9583333333333335,0.2,0.5416666666666666,0.5,0.42593439407732664,0.005960733914466909,0.5563232858478824,0.011781586160323721,83.18312582849761
581,116.2775183455637,3.9583333333333335,0.2,0.5416666666666666,0.5,0.4264521056227478,0.0059185458723255875,0.5559662856267299,0.011663062878196347,83.18312582849761
582,116.47765176784523,3.9583333333333335,0.2,0.5416666666666666,0.5,0.42696545723081436,0.005876672646554267,0.5556118606580658,0.01154600946456524,83.18312582849761
583,116.67778519012674,3.9583333333333335,0.2,0.5416666666666666,0.5,0.4274744820495146,0.005835111909771134,0.5552600012741737,0.01143040476654012,83.18312582849761
584,116.87791861240827,3.9583333333333335,0.2,0.5416666666666666,0.5,0.42797921306627046,0.0057938613488706155,0.554910697695387,0.011316227889471535,83.18312582849761
585,117.07805203468979,3.9583333333333335,0.2,0.5416666666666666,0.5,0.4284796831198559,0.005752918664845396,0.5545639400036065,0.011203458211691823,83.18312582849761
586,117.27818545697131,3.9583333333333335,0.2,0.5416666666666666,0.5,0.4289759250031591,0.005712281571251678,0.5542197179139856,0.011092075511603267,83.18312582849761
587,117.47831887925283,3.9583333333333335,0.2,0.5416666666666666,0.5,0.4294679714102965,0.005671947794999035,0.5538780208924311,0.010982059902273014,83.18312582849761
588,117.67845230153435,3.9583333333333335,0.2,0.5416666666666666,0.5,0.42995585492271954,0.0056319150765006785,0.5535388381880872,0.010873391812692134,83.18312582849761
589,117.87858572381587,3.9583333333333335,0.2,0.5416666666666666,0.5,0.43043960791222563,0.00559218117072267,0.553202159060103,0.010766051856948414,83.18312582849761
590,118.0787191460974,3.9583333333333335,0.2,0.5416666666666666,0.5,0.43091926267046027,0.005552743845783009,0.552867972474846,0.010660021008910366,83.18312582849761
591,118.27885256837891,3.9583333333333335,0.2,0.5416666666666666,0.5,0.43139485138785205,0.005513600883179513,0.5525362671551551,0.010555280573812963,83.18312582849761
592,118.47898599066043,3.9583333333333335,0.2,0.5416666666666666,0.5,0.43186640613934035,0.005474750077944197,0.5522070316137094,0.010451812169005741,83.18312582849761
593,118.67911941294196,3.9583333333333335,0.2,0.5416666666666666,0.5,0.4323339588324752,0.005436189238637527,0.551880254282934,0.010349597645952956,83.18312582849761
594,118.87925283522348,3.9583333333333335,0.2,0.5416666666666666,0.5,0.43279754119986175,0.005397916187347571,0.5515559235339121,0.010248619078878102,83.18312582849761
595,119.07938625750499,3.9583333333333335,0.2,0.5416666666666666,0.5,0.43325718488587783,0.005359928759699629,0.5512340274593311,0.010148858895091007,83.18312582849761
596,119.27951967978652,3.9583333333333335,0.2,0.5416666666666666,0.5,0.4337129214055129,0.005322224804851659,0.550914553976508,0.010050299813126998,83.18312582849761
597,119.47965310206804,3.9583333333333335,0.2,0.5416666666666666,0.5,0.4341647821363447,0.005284802185513159,0.5505974908483869,0.009952924829754734,83.18312582849761
598,119.67978652434957,3.9583333333333335,0.2,0.5416666666666666,0.5,0.43461279824579957,0.005247658778119965,0.5502828258740728,0.009856717102007187,83.18312582849761
599,119.87991994663108,3.9583333333333335,0.2,0.5416666666666666,0.5,0.4350570007808648,0.005210792472618654,0.5499705466538397,0.009761660092676379,83.18312582849761
600,120.0800533689126,3.9583333333333335,0.2,0.5416666666666666,0.5,0.43549742065929364,0.005174201172487686,0.5496606406121687,0.009667737556049575,83.18312582849761
601,120.28018679119413,3.9583333333333335,0.2,0.5416666666666666,0.5,0.43593408865701916,0.005137882794767655,0.549353095030715,0.00957493351749762,83.18312582849761
602,120.48032021347565,3.9583333333333335,0.2,0.5416666666666666,0.5,0.4363670353747915,0.005101835269976801,0.5490478971421615,0.009483232213069749,83.18312582849761
603,120.68045363575716,3.9583333333333335,0.2,0.5416666666666666,0.5,0.4367962912220303,0.005066056542070131,0.5487450341756401,0.009392618060258973,83.18312582849761
604,120.88058705803869,3.9583333333333335,0.2,0.5416666666666666,0.5,0.43722188648782906,0.005030544568619196,0.5484444931569946,0.00930307578655666,83.18312582849761
605,121.08072048032021,3.9583333333333335,0.2,0.5416666666666666,0.5,0.4376438513095976,0.004995297320732706,0.5481462609969897,0.009214590372679585,83.18312582849761
606,121.28085390260173,3.9583333333333335,0.2,0.5416666666666666,0.5,0.43806221566858133,0.004960312783012847,0.547850324504956,0.009127147043449387,83.18312582849761
607,121.48098732488324,3.9583333333333335,0.2,0.5416666666666666,0.5,0.43847700933929823,0.004925588953022661,0.5475566705440422,0.009040731163636491,83.18312582849761
608,121.68112074716477,3.9583333333333335,0.2,0.5416666666666666,0.5,0.4388882619468697,0.0048911238418899465,0.5472652858551824,0.00895532835605755,83.18312582849761
609,121.8812541694463,3.9583333333333335,0.2,0.5416666666666666,0.5,0.4392960029660805,0.004856915474297379,0.5469761570599826,0.008870924499639068,83.18312582849761
610,122.08138759172782,3.9583333333333335,0.2,0.5416666666666666,0.5,0.4397002617111162,0.004822961888374393,0.5466892706922319,0.008787505708276995,83.18312582849761
611,122.28152101400933,3.9583333333333335,0.2,0.5416666666666666,0.5,0.44010106731617504,0.004789261135373657,0.5464046132636651,0.008705058284785728,83.18312582849761
612,122.48165443629085,3.9583333333333335,0.2,0.5416666666666666,0.5,0.44049844871841287,0.004755811279386473,0.5461221713218121,0.00862356868038813,83.18312582849761
613,122.68178785857238,3.9583333333333335,0.2,0.5416666666666666,0.5,0.44089243470927353,0.004722610398199332,0.545841931275889,0.00854302361663773,83.18312582849761
614,122.8819212808539,3.9583333333333335,0.2,0.5416666666666666,0.5,0.44128305391336275,0.004689656582941379,0.5455638794684571,0.008463410035238412,83.18312582849761
615,123.08205470313541,3.9583333333333335,0.2,0.5416666666666666,0.5,0.4416703347859843,0.004656947938023452,0.5452880021846325,0.008384715091359246,83.18312582849761
616,123.28218812541694,3.9583333333333335,0.2,0.5416666666666666,0.5,0.44205430558124587,0.004624482580258882,0.5450142857751916,0.00830692606330309,83.18312582849761
617,123.48232154769846,3.9583333333333335,0.2,0.5416666666666666,0.5,0.4424349943849878,0.004592258639771216,0.5447427165294726,0.008230030445767936,83.18312582849761
618,123.68245496997999,3.9583333333333335,0.2,0.5416666666666666,0.5,0.44281242911777396,0.00456027426007667,0.5444732806638307,0.008154015958318198,83.18312582849761
619,123.8825883922615,3.9583333333333335,0.2,0.5416666666666666,0.5,0.44318663752730025,0.004528527597874849,0.5442059643509412,0.008078870523883204,83.18312582849761
620,124.08272181454302,3.9583333333333335,0.2,0.5416666666666666,0.5,0.44355764863671887,0.004497016715429959,0.5439407539725652,0.008004580675285419,83.18312582849761
621,124.28285523682455,3.9583333333333335,0.2,0.5416666666666666,0.5,0.4439254858625019,0.004465740084881292,0.5436776352008748,0.007931138851741525,83.18312582849761
622,124.48298865910607,3.9583333333333335,0.2,0.5416666666666666,0.5,0.4442901795880032,0.004434695667779982,0.5434165946407329,0.007858530103483398,83.18312582849761
623,124.68312208138758,3.9583333333333335,0.2,0.5416666666666666,0.5,0.44465175644391614,0.004403881701594305,0.543157618358971,0.007786743495517989,83.18312582849761
624,124.8832555036691,3.9583333333333335,0.2,0.5416666666666666,0.5,0.4450102430487757,0.0043732964246823765,0.5429006924274881,0.007715768099053386,83.18312582849761
625,125.08338892595063,3.9583333333333335,0.2,0.5416666666666666,0.5,0.44536566572284814,0.004342938097232045,0.5426458030424945,0.007645593137424796,83.18312582849761
626,125.28352234823215,3.9583333333333335,0.2,0.5416666666666666,0.5,0.44571805083974064,0.004312804975527248,0.5423929363779698,0.007576207806761821,83.18312582849761
627,125.48365577051366,3.9583333333333335,0.2,0.5416666666666666,0.5,0.44606742486762,0.004282895308931267,0.5421420785684828,0.007507601254965367,83.18312582849761
628,125.68378919279519,3.9583333333333335,0.2,0.5416666666666666,0.5,0.44641381427465326,0.004253207346807377,0.5418932157486025,0.007439762629936329,83.18312582849761
629,125.88392261507671,3.9583333333333335,0.2,0.5416666666666666,0.5,0.44675724519269555,0.004223739361655122,0.5416463340739509,0.007372681371697857,83.18312582849761
630,126.08405603735824,3.9583333333333335,0.2,0.5416666666666666,0.5,0.4470977424771258,0.004194489713788089,0.5414014197800577,0.007306348029027813,83.18312582849761
631,126.28418945963975,3.9583333333333335,0.2,0.5416666666666666,0.5,0.4474353317790937,0.004165456708775524,0.5411584590526374,0.007240752459492875,83.18312582849761
632,126.48432288192127,3.9583333333333335,0.2,0.5416666666666666,0.5,0.44777003886340505,0.004136638644367808,0.5409174380702891,0.007175884421937537,83.18312582849761
633,126.6844563042028,3.9583333333333335,0.2,0.5416666666666666,0.5,0.4481018894948654,0.004108033818315329,0.5406783430116124,0.00711173367520631,83.18312582849761
634,126.88458972648432,3.9583333333333335,0.2,0.5416666666666666,0.5,0.4484309084054232,0.004079640590371835,0.5404411601228427,0.0070482908813617575,83.18312582849761
635,127.08472314876583,3.9583333333333335,0.2,0.5416666666666666,0.5,0.448757119719744,0.004051457356746813,0.5402058756899825,0.006985547233526164,83.18312582849761
636,127.28485657104736,3.9583333333333335,0.2,0.5416666666666666,0.5,0.4490805483919354,0.0040234824638575965,0.5399724759447192,0.006923493199487341,83.18312582849761
637,127.48498999332888,3.9583333333333335,0.2,0.5416666666666666,0.5,0.4494012193764137,0.003995714258102972,0.5397409471187199,0.006862119246762897,83.18312582849761
638,127.6851234156104,3.9583333333333335,0.2,0.5416666666666666,0.5,0.4497191575013635,0.003968151094659281,0.5395112754655742,0.006801415938402449,83.18312582849761
639,127.88525683789192,3.9583333333333335,0.2,0.5416666666666666,0.5,0.45003438594557554,0.003940791443393585,0.5392834475253185,0.00674137508571178,83.18312582849761
640,128.08539026017345,3.9583333333333335,0.2,0.5416666666666666,0.5,0.45034692842351004,0.003913633736925135,0.5390574497449605,0.006681988094603735,83.18312582849761
641,128.28552368245496,3.9583333333333335,0.2,0.5416666666666666,0.5,0.4506568090323062,0.0038866763812635697,0.5388332685050489,0.006623246081380807,83.18312582849761
642,128.48565710473648,3.9583333333333335,0.2,0.5416666666666666,0.5,0.45096405186910316,0.0038599177824185176,0.5386108901861323,0.00656514016234546,83.18312582849761
643,128.685790527018,3.9583333333333335,0.2,0.5416666666666666,0.5,0.4512686803374863,0.003833356396449685,0.538390301339594,0.006507661926469455,83.18312582849761
644,128.88592394929952,3.9583333333333335,0.2,0.5416666666666666,0.5,0.4515707162028508,0.0038069907976361742,0.5381714889203326,0.0064508040791798355,83.18312582849761
645,129.08605737158106,3.9583333333333335,0.2,0.5416666666666666,0.5,0.45187018261371553,0.0037808194604444663,0.5379544395425587,0.006394558383280632,83.18312582849761
646,129.28619079386257,3.9583333333333335,0.2,0.5416666666666666,0.5,0.4521671028183084,0.003754840852145575,0.5377391397959231,0.006338916533622295,83.18312582849761
647,129.48632421614408,3.9583333333333335,0.2,0.5416666666666666,0.5,0.4524615000648575,0.0037290534400105033,0.5375255762700761,0.006283870225055247,83.18312582849761
648,129.68645763842562,3.9583333333333335,0.2,0.5416666666666666,0.5,0.4527533976015909,0.003703455691310253,0.5373137355546683,0.006229411152429912,83.18312582849761
649,129.88659106070713,3.9583333333333335,0.2,0.5416666666666666,0.5,0.45304281765584437,0.0036780461306812713,0.5371036044808449,0.006175531732628858,83.18312582849761
650,130.08672448298864,3.9583333333333335,0.2,0.5416666666666666,0.5,0.4533297806694511,0.0036528233830900292,0.536895170302116,0.006122225645342268,83.18312582849761
651,130.28685790527018,3.9583333333333335,0.2,0.5416666666666666,0.5,0.4536143087764684,0.003627785978414428,0.536688419871692,0.006069485373424581,83.18312582849761
652,130.4869913275517,3.9583333333333335,0.2,0.5416666666666666,0.5,0.4538964241841162,0.0036029324424212594,0.5364833400254765,0.00601730334798548,83.18312582849761
653,130.68712474983323,3.9583333333333335,0.2,0.5416666666666666,0.5,0.45417614909961446,0.003578261300877299,0.536279917599373,0.005965672000134619,83.18312582849761
654,130.88725817211474,3.9583333333333335,0.2,0.5416666666666666,0.5,0.45445350573018317,0.003553771079549338,0.5360781394292852,0.00591458376098168,83.18312582849761
655,131.08739159439625,3.9583333333333335,0.2,0.5416666666666666,0.5,0.4547285150696212,0.0035294603806873756,0.5358779927390807,0.005864031810610171,83.18312582849761
656,131.2875250166778,3.9583333333333335,0.2,0.5416666666666666,0.5,0.4550011965887881,0.0035053279025338865,0.5356794652395526,0.005814010269124878,83.18312582849761
657,131.4876584389593,3.9583333333333335,0.2,0.5416666666666666,0.5,0.45527157141276886,0.0034813722390637817,0.5354825441125927,0.005764512235574134,83.18312582849761
658,131.6877918612408,3.9583333333333335,0.2,0.5416666666666666,0.5,0.45553966070317015,0.00345759198194995,0.5352872165284159,0.005715530786463451,83.18312582849761
659,131.88792528352235,3.9583333333333335,0.2,0.5416666666666666,0.5,0.45580548562159884,0.0034339857228652825,0.535093469657237,0.005667058998298339,83.18312582849761
660,132.08805870580386,3.9583333333333335,0.2,0.5416666666666666,0.5,0.4560690673296615,0.0034105520534826778,0.534901290669271,0.005619089947584333,83.18312582849761
661,132.2881921280854,3.9583333333333335,0.2,0.5416666666666666,0.5,0.4563304255747753,0.003387289659917279,0.534710667264842,0.005571617500464959,83.18312582849761
662,132.4883255503669,3.9583333333333335,0.2,0.5416666666666666,0.5,0.4565895789025941,0.0033641973085402556,0.5345215875947554,0.005524636194109674,83.18312582849761
663,132.68845897264842,3.9583333333333335,0.2,0.5416666666666666,0.5,0.4568465474201794,0.0033412736614490193,0.5343340392245229,0.005478139693848129,83.18312582849761
664,132.88859239492996,3.9583333333333335,0.2,0.5416666666666666,0.5,0.45710135124676937,0.0033185173799277976,0.5341480097150915,0.005432121658210884,83.18312582849761
665,133.08872581721147,3.9583333333333335,0.2,0.5416666666666666,0.5,0.45735401050160224,0.0032959271252608257,0.5339634866274079,0.005386575745728517,83.18312582849761
666,133.28885923949298,3.9583333333333335,0.2,0.5416666666666666,0.5,0.4576045453039162,0.003273501558732332,0.5337804575224193,0.0053414956149315865,83.18312582849761
667,133.48899266177452,3.9583333333333335,0.2,0.5416666666666666,0.5,0.45785297421691556,0.003251239436387254,0.5335989105851725,0.005296875761524096,83.18312582849761
668,133.68912608405603,3.9583333333333335,0.2,0.5416666666666666,0.5,0.4580993150072027,0.0032291395627826918,0.5334188343202183,0.005252711109795761,83.18312582849761
669,133.88925950633757,3.9583333333333335,0.2,0.5416666666666666,0.5,0.45834358680185605,0.0032072006596242718,0.5332402166864427,0.005208995852076352,83.18312582849761
670,134.08939292861908,3.9583333333333335,0.2,0.5416666666666666,0.5,0.45858580872876964,0.0031854214485679774,0.5330630456424049,0.0051657241802569795,83.18312582849761
671,134.2895263509006,3.9583333333333335,0.2,0.5416666666666666,0.5,0.4588259999158373,0.0031638006512697825,0.5328873091466636,0.005122890286228735,83.18312582849761
672,134.48965977318213,3.9583333333333335,0.2,0.5416666666666666,0.5,0.4590641794884232,0.0031423369895379216,0.5327129951588787,0.0050804883631596085,83.18312582849761
673,134.68979319546364,3.9583333333333335,0.2,0.5416666666666666,0.5,0.4593003648531,0.0031210292886266287,0.53254009238652,0.005038513471752819,83.18312582849761
674,134.88992661774515,3.9583333333333335,0.2,0.5416666666666666,0.5,0.4595345730096708,0.003099876398271692,0.5323685897140342,0.00499696087802273,83.18312582849761
675,135.09006004002669,3.9583333333333335,0.2,0.5416666666666666,0.5,0.45976682212526016,0.0030788770979532907,0.532198475517991,0.004955825258794949,83.18312582849761
676,135.2901934623082,3.9583333333333335,0.2,0.5416666666666666,0.5,0.4599971303669926,0.0030580301671516105,0.5320297381749601,0.0049151012908951,83.18312582849761
677,135.49032688458973,3.9583333333333335,0.2,0.5416666666666666,0.5,0.46022551590199273,0.0030373343853468265,0.531862366061511,0.0048747836511487865,83.18312582849761
678,135.69046030687124,3.9583333333333335,0.2,0.5416666666666666,0.5,0.46045198933888465,0.003016788992508576,0.5316963510835204,0.004834870585085686,83.18312582849761
679,135.89059372915276,3.9583333333333335,0.2,0.5416666666666666,0.5,0.4606765860614171,0.0029963917192219708,0.5315316735785625,0.004795348640797797,83.18312582849761
680,136.0907271514343,3.9583333333333335,0.2,0.5416666666666666,0.5,0.4608993089387374,0.002976142276971791,0.5313683290663243,0.004756219717965888,83.18312582849761
681,136.2908605737158,3.9583333333333335,0.2,0.5416666666666666,0.5,0.4611201758855088,0.0029560394606190053,0.5312063060412578,0.0047174786126136575,83.18312582849761
682,136.49099399599731,3.9583333333333335,0.2,0.5416666666666666,0.5,0.4613392046593564,0.0029360820745918986,0.5310455930711413,0.004679120194909721,83.18312582849761
683,136.69112741827885,3.9583333333333335,0.2,0.5416666666666666,0.5,0.4615564128608664,0.002916268932886086,0.5308861787970792,0.004641139409167633,83.18312582849761
684,136.89126084056036,3.9583333333333335,0.2,0.5416666666666666,0.5,0.4617718179093619,0.0028965988604800876,0.5307280519454867,0.0046035312846707515,83.18312582849761
685,137.0913942628419,3.9583333333333335,0.2,0.5416666666666666,0.5,0.4619854358859246,0.0028770707609446027,0.5305712019004504,0.004566291452679816,83.18312582849761
686,137.2915276851234,3.9583333333333335,0.2,0.5416666666666666,0.5,0.46219728268282373,0.0028576835492743974,0.5304156181351024,0.0045294156327989055,83.18312582849761
687,137.49166110740492,3.9583333333333335,0.2,0.5416666666666666,0.5,0.4624073744078184,0.0028384361282624473,0.5302612900116098,0.0044928994523088395,83.18312582849761
688,137.69179452968646,3.9583333333333335,0.2,0.5416666666666666,0.5,0.4626157269096267,0.0028193274162296826,0.5301082070159269,0.004456738658216241,83.18312582849761
689,137.89192795196797,3.9583333333333335,0.2,0.5416666666666666,0.5,0.4628223557779253,0.0028003563470249985,0.5299563587577956,0.004420929117253554,83.18312582849761
690,138.09206137424948,3.9583333333333335,0.2,0.5416666666666666,0.5,0.46302727634334984,0.002781521870025239,0.5298057349707453,0.004385466815879014,83.18312582849761
691,138.29219479653102,3.9583333333333335,0.2,0.5416666666666666,0.5,0.46323050377477376,0.002762822943874923,0.5296563254711513,0.004350347810199559,83.18312582849761
692,138.49232821881253,3.9583333333333335,0.2,0.5416666666666666,0.5,0.46343205412719596,0.0027442584690507473,0.5295081197172107,0.004315567686542109,83.18312582849761
693,138.69246164109407,3.9583333333333335,0.2,0.5416666666666666,0.5,0.4636319428698568,0.0027258273825828522,0.5293611074284137,0.004281122319146108,83.18312582849761
694,138.89259506337558,3.9583333333333335,0.2,0.5416666666666666,0.5,0.4638301850563548,0.0027075286471071776,0.5292152785139463,0.0042470077825912285,83.18312582849761
695,139.0927284856571,3.9583333333333335,0.2,0.5416666666666666,0.5,0.4640267955687725,0.0026893612351550325,0.5290706229699451,0.004213220226126907,83.18312582849761
696,139.29286190793863,3.9583333333333335,0.2,0.5416666666666666,0.5,0.46422178911767653,0.002671324129153101,0.5289271308794975,0.004179755873672368,83.18312582849761
697,139.49299533022014,3.9583333333333335,0.2,0.5416666666666666,0.5,0.4644151802421175,0.0026534163214234504,0.528784792412642,0.004146611023816633,83.18312582849761
698,139.69312875250165,3.9583333333333335,0.2,0.5416666666666666,0.5,0.4646069833742369,0.0026356368169790333,0.5286435978177285,0.004113781991055026,83.18312582849761
699,139.8932621747832,3.9583333333333335,0.2,0.5416666666666666,0.5,0.46479721308331956,0.0026179846440837684,0.5285035373887862,0.0040812648838100376,83.18312582849761
700,140.0933955970647,3.9583333333333335,0.2,0.5416666666666666,0.5,0.46498588361648846,0.002600458834378568,0.528364601526938,0.004049056022194462,83.18312582849761
701,140.29352901934624,3.9583333333333335,0.2,0.5416666666666666,0.5,0.46517300904059306,0.0025830584290207547,0.5282267807214289,0.004017151808956723,83.18312582849761
702,140.49366244162775,3.9583333333333335,0.2,0.5416666666666666,0.5,0.4653586032750785,0.0025657824801063596,0.5280900655452307,0.003985548699583787,83.18312582849761
703,140.69379586390926,3.9583333333333335,0.2,0.5416666666666666,0.5,0.46554268009198635,0.002548630050670103,0.5279544466550419,0.0039542432023011295,83.18312582849761
704,140.8939292861908,3.9583333333333335,0.2,0.5416666666666666,0.5,0.4657252531159542,0.002531600214685404,0.5278199147912871,0.00392323187807275,83.18312582849761
705,141.0940627084723,3.9583333333333335,0.2,0.5416666666666666,0.5,0.4659063359441418,0.002514692031810464,0.5276864606936167,0.00389251133043051,83.18312582849761
706,141.29419613075382,3.9583333333333335,0.2,0.5416666666666666,0.5,0.4660859422801117,0.0024979045191958465,0.5275540750065719,0.0038620781941199975,83.18312582849761
707,141.49432955303536,3.9583333333333335,0.2,0.5416666666666666,0.5,0.4662640855100065,0.0024812367407326145,0.5274227485782164,0.0038319291710440127,83.18312582849761
708,141.69446297531687,3.9583333333333335,0.2,0.5416666666666666,0.5,0.4664407788864472,0.002464687768327189,0.5272924723305585,0.003802061014666555,83.18312582849761
709,141.8945963975984,3.9583333333333335,0.2,0.5416666666666666,0.5,0.46661603553865333,0.002448256679770316,0.5271632372524213,0.0037724705291545544,83.18312582849761
710,142.09472981987992,3.9583333333333335,0.2,0.5416666666666666,0.5,0.4667898684724426,0.00243194255873709,0.5270350343994419,0.003743154569377906,83.18312582849761
711,142.29486324216143,3.9583333333333335,0.2,0.5416666666666666,0.5,0.46696229057023114,0.0024157444947869333,0.526907854894072,0.0037141100409094404,83.18312582849761
712,142.49499666444297,3.9583333333333335,0.2,0.5416666666666666,0.5,0.467133320530816,0.002399661259391308,0.5267816865326344,0.003685331677157781,83.18312582849761
713,142.69513008672448,3.9583333333333335,0.2,0.5416666666666666,0.5,0.4673029560291263,0.002383692805314493,0.5266565292710099,0.003656821894548739,83.18312582849761
714,142.89526350900599,3.9583333333333335,0.2,0.5416666666666666,0.5,0.46747122008663394,0.0023678376603650615,0.5265323684020334,0.003628573850967024,83.18312582849761
715,143.09539693128752,3.9583333333333335,0.2,0.5416666666666666,0.5,0.4676381245771113,0.0023520949758773528,0.5264091956536784,0.003600584793332512,83.18312582849761
716,143.29553035356903,3.9583333333333335,0.2,0.5416666666666666,0.5,0.4678036813743304,0.002336463903185712,0.5262870027539183,0.0035728519685650916,83.18312582849761
717,143.49566377585057,3.9583333333333335,0.2,0.5416666666666666,0.5,0.4679679023520637,0.0023209435936244758,0.5261657814307267,0.003545372623584635,83.18312582849761
718,143.69579719813208,3.9583333333333335,0.2,0.5416666666666666,0.5,0.4681307993807998,0.002305533199124316,0.526045523414923,0.003518144005152296,83.18312582849761
719,143.8959306204136,3.9583333333333335,0.2,0.5416666666666666,0.5,0.4682923841373443,0.0022902319067912204,0.525926220605198,0.0034911633506658954,83.18312582849761
720,144.09606404269513,3.9583333333333335,0.2,0.5416666666666666,0.5,0.4684526683032729,0.0022750389028648853,0.5258078648961079,0.0034644278977538573,83.18312582849761
721,144.29619746497664,3.9583333333333335,0.2,0.5416666666666666,0.5,0.4686116636455976,0.002259953358068669,0.5256904481081583,0.00343793488817491,83.18312582849761
722,144.49633088725815,3.9583333333333335,0.2,0.5416666666666666,0.5,0.46876938193133033,0.0022449744431259247,0.5255739620618555,0.0034116815636877694,83.18312582849761
723,144.6964643095397,3.9583333333333335,0.2,0.5416666666666666,0.5,0.4689258349204499,0.0022301013291122656,0.5254583985819561,0.0033856651684811855,83.18312582849761
724,144.8965977318212,3.9583333333333335,0.2,0.5416666666666666,0.5,0.46908103361659753,0.0022153332249843613,0.5253437499503552,0.00335988320806243,83.18312582849761
725,145.09673115410274,3.9583333333333335,0.2,0.5416666666666666,0.5,0.4692349889629599,0.0022006693427267235,0.5252300084854867,0.003334333208826061,83.18312582849761
726,145.29686457638425,3.9583333333333335,0.2,0.5416666666666666,0.5,0.46938771228776355,0.0021861088750392134,0.5251171662730633,0.003309012564133434,83.18312582849761
727,145.49699799866576,3.9583333333333335,0.2,0.5416666666666666,0.5,0.469539214919235,0.002171651014621687,0.5250052153987969,0.003283918667345893,83.18312582849761
728,145.6971314209473,3.9583333333333335,0.2,0.5416666666666666,0.5,0.4696895081823667,0.0021572949543623657,0.524894147950403,0.003259048912867269,83.18312582849761
729,145.8972648432288,3.9583333333333335,0.2,0.5416666666666666,0.5,0.4698386025429491,0.0021430399371917723,0.5247839565478062,0.003234400972052326,83.18312582849761
730,146.09739826551032,3.9583333333333335,0.2,0.5416666666666666,0.5,0.46998650829129923,0.0021288852162604905,0.5246746339196225,0.003209972572817119,83.18312582849761
731,146.29753168779186,3.9583333333333335,0.2,0.5416666666666666,0.5,0.4701332362254857,0.0021148300151462396,0.524566172479956,0.003185761279411498,83.18312582849761
732,146.49766511007337,3.9583333333333335,0.2,0.5416666666666666,0.5,0.4702787971435772,0.0021008735574267446,0.5244585646429102,0.0031617646560853237,83.18312582849761
733,146.6977985323549,3.9583333333333335,0.2,0.5416666666666666,0.5,0.470423199131618,0.0020870152410733347,0.5243518045472336,0.0031379810800744416,83.18312582849761
734,146.89793195463642,3.9583333333333335,0.2,0.5416666666666666,0.5,0.470566459227426,0.002073253888423819,0.5242458806390162,0.0031144062451334033,83.18312582849761
735,147.09806537691793,3.9583333333333335,0.2,0.5416666666666666,0.5,0.47070858202476873,0.0020595891220163897,0.5241407892778333,0.0030910395753810903,83.18312582849761
736,147.29819879919947,3.9583333333333335,0.2,0.5416666666666666,0.5,0.4708495781647978,0.0020460201755191335,0.5240365229775761,0.003067878682106508,83.18312582849761
737,147.49833222148098,3.9583333333333335,0.2,0.5416666666666666,0.5,0.47098945818587346,0.0020325462892100193,0.5239330743175035,0.0030449212074125094,83.18312582849761
738,147.6984656437625,3.9583333333333335,0.2,0.5416666666666666,0.5,0.4711282325235649,0.002019166709976887,0.5238304359422419,0.0030221648242157776,83.18312582849761
739,147.89859906604403,3.9583333333333335,0.2,0.5416666666666666,0.5,0.47126591093201015,0.002005880728724418,0.523728600939238,0.0029996074000267167,83.18312582849761
740,148.09873248832554,3.9583333333333335,0.2,0.5416666666666666,0.5,0.4714025028049424,0.0019926876596209663,0.5236275626293506,0.002977246906085301,83.18312582849761
741,148.29886591060708,3.9583333333333335,0.2,0.5416666666666666,0.5,0.47153801791261857,0.001979586792458768,0.5235273140861434,0.0029550812087785873,83.18312582849761
742,148.4989993328886,3.9583333333333335,0.2,0.5416666666666666,0.5,0.47167246589279777,0.001966577425560355,0.5234278484679254,0.0029331082137156765,83.18312582849761
743,148.6991327551701,3.9583333333333335,0.2,0.5416666666666666,0.5,0.47180585625059995,0.001953658865787698,0.5233291590178438,0.0029113258657677784,83.18312582849761
744,148.89926617745164,3.9583333333333335,0.2,0.5416666666666666,0.5,0.47193819835850565,0.001940830428542214,0.5232312390638831,0.002889732149068223,83.18312582849761
745,149.09939959973315,3.9583333333333335,0.2,0.5416666666666666,0.5,0.472069501456356,0.0019280914377647683,0.523134082018866,0.0028683250870124677,83.18312582849761
746,149.29953302201466,3.9583333333333335,0.2,0.5416666666666666,0.5,0.47219977465135293,0.0019154412259356664,0.5230376813804526,0.0028471027422580803,83.18312582849761
747,149.4996664442962,3.9583333333333335,0.2,0.5416666666666666,0.5,0.4723290269180589,0.001902879134074658,0.522942030731141,0.002826063216724747,83.18312582849761
748,149.6997998665777,3.9583333333333335,0.2,0.5416666666666666,0.5,0.47245726709839697,0.001890404511740943,0.522847123738267,0.0028052046515942806,83.18312582849761
749,149.89993328885924,3.9583333333333335,0.2,0.5416666666666666,0.5,0.4725845040443681,0.001878016703768545,0.5227529540645837,0.0027845251872789414,83.18312582849761
750,150.10006671114076,3.9583333333333335,0.2,0.5416666666666666,0.5,0.47271074726089923,0.0018657149905176884,0.522659514965478,0.002764022783104324,83.18312582849761
751,150.30020013342227,3.9583333333333335,0.2,0.5416666666666666,0.5,0.4728360056314968,0.0018534987063171097,0.5225668000874255,0.002743695574759842,83.18312582849761
752,150.5003335557038,3.9583333333333335,0.2,0.5416666666666666,0.5,0.4729602878192023,0.001841367202197807,0.5224748032167673,0.0027235417618318276,83.18312582849761
753,150.70046697798531,3.9583333333333335,0.2,0.5416666666666666,0.5,0.4730836023825882,0.0018293198351119714,0.5223835182070321,0.0027035595752670305,83.18312582849761
754,150.90060040026682,3.9583333333333335,0.2,0.5416666666666666,0.5,0.47320595777575797,0.0018173559679329782,0.5222929389789357,0.0026837472773725986,83.18312582849761
755,151.10073382254836,3.9583333333333335,0.2,0.5416666666666666,0.5,0.4733273623483464,0.0018054749694553906,0.5222030595203814,0.0026641031618160893,83.18312582849761
756,151.30086724482987,3.9583333333333335,0.2,0.5416666666666666,0.5,0.4734478243455191,0.0017936762143949657,0.5221138738864598,0.0026446255536254756,83.18312582849761
757,151.5010006671114,3.9583333333333335,0.2,0.5416666666666666,0.5,0.4735673519079728,0.0017819590833886418,0.5220253761994488,0.002625312809189127,83.18312582849761
758,151.70113408939292,3.9583333333333335,0.2,0.5416666666666666,0.5,0.4736859530719353,0.001770322962994553,0.5219375606488137,0.0026061633162558326,83.18312582849761
759,151.90126751167443,3.9583333333333335,0.2,0.5416666666666666,0.5,0.4738036357698499,0.001758767245702041,0.5218504214908765,0.0025871754935708423,83.18312582849761
760,152.10140093395597,3.9583333333333335,0.2,0.5416666666666666,0.5,0.47392040824841997,0.0017472913360539715,0.5217639528469242,0.0025683475686011596,83.18312582849761
761,152.30153435623748,3.9583333333333335,0.2,0.5416666666666666,0.5,0.47403627873386933,0.0017358946457444423,0.5216781488648687,0.0025496777555168225,83.18312582849761
762,152.501667778519,3.9583333333333335,0.2,0.5416666666666666,0.5,0.47415125507521655,0.0017245765883944762,0.5215930038915257,0.0025311644448625568,83.18312582849761
763,152.70180120080053,3.9583333333333335,0.2,0.5416666666666666,0.5,0.47426534503621115,0.0017133365838274686,0.5215085123316258,0.002512806048334914,83.18312582849761
764,152.90193462308204,3.9583333333333335,0.2,0.5416666666666666,0.5,0.47437855629533343,0.0017021740580691926,0.5214246686478143,0.0024946009987822765,83.18312582849761
765,153.10206804536358,3.9583333333333335,0.2,0.5416666666666666,0.5,0.4744908964457948,0.0016910884433477872,0.5213414673606518,0.002476547750204842,83.18312582849761
766,153.3022014676451,3.9583333333333335,0.2,0.5416666666666666,0.5,0.47460237299553737,0.0016800791780937705,0.5212589030486134,0.002458644777754642,83.18312582849761
767,153.5023348899266,3.9583333333333335,0.2,0.5416666666666666,0.5,0.4747129933672342,0.0016691457069400286,0.5211769703480895,0.002440890577735523,83.18312582849761
768,153.70246831220814,3.9583333333333335,0.2,0.5416666666666666,0.5,0.47482276489828945,0.0016582874807218202,0.5210956639533848,0.002423283667603158,83.18312582849761
769,153.90260173448965,3.9583333333333335,0.2,0.5416666666666666,0.5,0.4749316948408379,0.0016475039564767813,0.5210149786167195,0.002405822585965051,83.18312582849761
770,154.1027351567712,3.9583333333333335,0.2,0.5416666666666666,0.5,0.4750397904344376,0.0016367945886017455,0.5209349090989165,0.002388505878043354,83.18312582849761
771,154.3028685790527,3.9583333333333335,0.2,0.5416666666666666,0.5,0.47514705914096284,0.0016261588002774885,0.5208554500100585,0.0023713320487003895,83.18312582849761
772,154.5030020013342,3.9583333333333335,0.2,0.5416666666666666,0.5,0.47525350812507067,0.0016155960466710925,0.5207765961619213,0.0023542996663361666,83.18312582849761
773,154.70313542361575,3.9583333333333335,0.2,0.5416666666666666,0.5,0.47535914444123395,0.0016051057921830222,0.5206983424410971,0.0023374073254851533,83.18312582849761
774,154.90326884589726,3.9583333333333335,0.2,0.5416666666666666,0.5,0.4754639750700891,0.0015946875060252918,0.5206206837843376,0.0023206536395472877,83.18312582849761
775,155.10340226817877,3.9583333333333335,0.2,0.5416666666666666,0.5,0.47556800691843626,0.0015843406622214557,0.5205436151785535,0.0023040372407879604,83.18312582849761
776,155.3035356904603,3.9583333333333335,0.2,0.5416666666666666,0.5,0.47567124681923945,0.001574064739606613,0.5204671316608152,0.0022875567803380234,83.18312582849761
777,155.50366911274182,3.9583333333333335,0.2,0.5416666666666666,0.5,0.4757737015316262,0.001563859221827412,0.5203912283183519,0.0022712109281937975,83.18312582849761
778,155.70380253502336,3.9583333333333335,0.2,0.5416666666666666,0.5,0.47587537774088784,0.0015537235973420403,0.5203159002885523,0.002254998373217054,83.18312582849761
779,155.90393595730487,3.9583333333333335,0.2,0.5416666666666666,0.5,0.4759762820584796,0.0015436573594202355,0.5202411427589644,0.0022389178231350354,83.18312582849761
780,156.10406937958638,3.9583333333333335,0.2,0.5416666666666666,0.5,0.47607645097802326,0.0015336585478311288,0.5201669307654768,0.0022229597086681316,83.18312582849761
781,156.30420280186792,3.9583333333333335,0.2,0.5416666666666666,0.5,0.47617582134336256,0.0015237300247912806,0.5200933065374821,0.0022071420943633076,83.18312582849761
782,156.50433622414943,3.9583333333333335,0.2,0.5416666666666666,0.5,0.4762744425089289,0.001513869176928472,0.5200202364296368,0.0021914518845050305,83.18312582849761
783,156.70446964643094,3.9583333333333335,0.2,0.5416666666666666,0.5,0.4763723203784128,0.0015040755221302706,0.5199477161038403,0.002175887995615941,83.18312582849761
784,156.90460306871248,3.9583333333333335,0.2,0.5416666666666666,0.5,0.4764694608555046,0.001494348578284244,0.5198757412219918,0.002160449344218682,83.18312582849761
785,157.104736490994,3.9583333333333335,0.2,0.5416666666666666,0.5,0.4765658698438948,0.001484687863277964,0.5198043074459906,0.0021451348468359004,83.18312582849761
786,157.30486991327552,3.9583333333333335,0.2,0.5416666666666666,0.5,0.47666155324727394,0.001475092894998997,0.5197334104377361,0.0021299434199902375,83.18312582849761
787,157.50500333555703,3.9583333333333335,0.2,0.5416666666666666,0.5,0.4767565169693324,0.0014655631913349145,0.5196630458591276,0.0021148739802043406,83.18312582849761
788,157.70513675783855,3.9583333333333335,0.2,0.5416666666666666,0.5,0.4768507669137606,0.0014560982701732846,0.5195932093720645,0.002099925444000852,83.18312582849761
789,157.90527018012008,3.9583333333333335,0.2,0.5416666666666666,0.5,0.4769443089842491,0.0014466976494016748,0.5195238966384461,0.0020850967279024135,83.18312582849761
790,158.1054036024016,3.9583333333333335,0.2,0.5416666666666666,0.5,0.4770371490844883,0.0014373608469076568,0.5194551033201716,0.0020703867484316734,83.18312582849761
791,158.3055370246831,3.9583333333333335,0.2,0.5416666666666666,0.5,0.477129293061356,0.0014280873976528767,0.5193868251352961,0.002055794405694399,83.18312582849761
792,158.50567044696464,3.9583333333333335,0.2,0.5416666666666666,0.5,0.477220746577718,0.00141887689190051,0.5193190579837573,0.00204131854662345,83.18312582849761
793,158.70580386924615,3.9583333333333335,0.2,0.5416666666666666,0.5,0.4773115154433408,0.0014097288757653915,0.5192517976202925,0.0020269580606007143,83.18312582849761
794,158.9059372915277,3.9583333333333335,0.2,0.5416666666666666,0.5,0.47740160548514954,0.0014006428902055123,0.5191850397826778,0.002012711841966418,83.18312582849761
795,159.1060707138092,3.9583333333333335,0.2,0.5416666666666666,0.5,0.47749102253006964,0.0013916184761788688,0.51911878020869,0.001998578785060793,83.18312582849761
796,159.3062041360907,3.9583333333333335,0.2,0.5416666666666666,0.5,0.47757977240502636,0.0013826551746434533,0.5190530146361054,0.001984557784224067,83.18312582849761
797,159.50633755837225,3.9583333333333335,0.2,0.5416666666666666,0.5,0.47766786093694513,0.0013737525265572585,0.5189877388027004,0.0019706477337964657,83.18312582849761
798,159.70647098065376,3.9583333333333335,0.2,0.5416666666666666,0.5,0.47775529366627817,0.0013649100942892684,0.5189229486501987,0.0019568475892330498,83.18312582849761
799,159.90660440293527,3.9583333333333335,0.2,0.5416666666666666,0.5,0.47784207544262347,0.001356127491842905,0.5188586406121602,0.0019431564533725382,83.18312582849761
800,160.1067378252168,3.9583333333333335,0.2,0.5416666666666666,0.5,0.47792821173125055,0.001347404287206313,0.5187948106838332,0.0019295732977091422,83.18312582849761
801,160.30687124749832,3.9583333333333335,0.2,0.5416666666666666,0.5,0.4780137080445625,0.0013387400448448695,0.51873145482691,0.0019160970836817983,83.18312582849761
802,160.50700466977986,3.9583333333333335,0.2,0.5416666666666666,0.5,0.47809856989496247,0.0013301343292239475,0.5186685690030833,0.0019027267727294342,83.18312582849761
803,160.70713809206137,3.9583333333333335,0.2,0.5416666666666666,0.5,0.47818280279485365,0.0013215867048089248,0.5186061491740456,0.001889461326290986,83.18312582849761
804,160.90727151434288,3.9583333333333335,0.2,0.5416666666666666,0.5,0.4782664122566392,0.0013130967360651749,0.5185441913014894,0.0018762997058053843,83.18312582849761
805,161.10740493662442,3.9583333333333335,0.2,0.5416666666666666,0.5,0.47834940342746224,0.0013046640060381375,0.5184826916015524,0.0018632409649464985,83.18312582849761
806,161.30753835890593,3.9583333333333335,0.2,0.5416666666666666,0.5,0.47843178080920723,0.0012962881305963044,0.5184216467398677,0.0018502843203280074,83.18312582849761
807,161.50767178118744,3.9583333333333335,0.2,0.5416666666666666,0.5,0.47851354955229897,0.0012879686926181846,0.518361052930287,0.0018374288247951058,83.18312582849761
808,161.70780520346898,3.9583333333333335,0.2,0.5416666666666666,0.5,0.47859471483720767,0.0012797052734539352,0.5183009063657317,0.0018246735236059656,83.18312582849761
809,161.9079386257505,3.9583333333333335,0.2,0.5416666666666666,0.5,0.4786752818444034,0.0012714974544537163,0.5182412032391234,0.0018120174620187637,83.18312582849761
810,162.10807204803203,3.9583333333333335,0.2,0.5416666666666666,0.5,0.4787552557543565,0.0012633448169676838,0.5181819397433834,0.0017994596852916702,83.18312582849761
811,162.30820547031354,3.9583333333333335,0.2,0.5416666666666666,0.5,0.47883464174753704,0.0012552469423459983,0.5181231120714334,0.001786999238682862,83.18312582849761
812,162.50833889259505,3.9583333333333335,0.2,0.5416666666666666,0.5,0.47891344456880564,0.0012472034430013887,0.5180647167284561,0.001774635259736161,83.18312582849761
813,162.7084723148766,3.9583333333333335,0.2,0.5416666666666666,0.5,0.47899166841784324,0.0012392139702223953,0.5180067506104398,0.001762367001493864,83.18312582849761
814,162.9086057371581,3.9583333333333335,0.2,0.5416666666666666,0.5,0.4790693181271333,0.001231278130173512,0.5179492101597559,0.0017501935829365325,83.18312582849761
815,163.1087391594396,3.9583333333333335,0.2,0.5416666666666666,0.5,0.47914639854440083,0.0012233955279323827,0.5178920918078503,0.0017381141198157472,83.18312582849761
816,163.30887258172115,3.9583333333333335,0.2,0.5416666666666666,0.5,0.47922291451737076,0.0012155657685766514,0.5178353919861688,0.001726127727883089,83.18312582849761
817,163.50900600400266,3.9583333333333335,0.2,0.5416666666666666,0.5,0.47929887089376805,0.001207788457183965,0.517779107126157,0.0017142335228901432,83.18312582849761
818,163.7091394262842,3.9583333333333335,0.2,0.5416666666666666,0.5,0.47937427252131776,0.0012000631988319669,0.5177232336592611,0.001702430620588489,83.18312582849761
819,163.9092728485657,3.9583333333333335,0.2,0.5416666666666666,0.5,0.4794491237485895,0.0011923896351557395,0.5176677683769522,0.0016907182393018614,83.18312582849761
820,164.10940627084722,3.9583333333333335,0.2,0.5416666666666666,0.5,0.47952342851898405,0.0011847674374643874,0.517612708362938,0.0016790956806127944,83.18312582849761
821,164.30953969312876,3.9583333333333335,0.2,0.5416666666666666,0.5,0.4795971913670846,0.0011771962337696219,0.5175580502745242,0.0016675621246208343,83.18312582849761
822,164.50967311541027,3.9583333333333335,0.2,0.5416666666666666,0.5,0.4796704168327049,0.0011696756517000852,0.5175037907652436,0.0016561167503507139,83.18312582849761
823,164.70980653769178,3.9583333333333335,0.2,0.5416666666666666,0.5,0.47974310945565857,0.0011622053188844168,0.5174499264886291,0.001644758736827162,83.18312582849761
824,164.90993995997331,3.9583333333333335,0.2,0.5416666666666666,0.5,0.4798152737757594,0.0011547848629512557,0.5173964540982138,0.0016334872630749074,83.18312582849761
825,165.11007338225482,3.9583333333333335,0.2,0.5416666666666666,0.5,0.47988691433282094,0.0011474139115292444,0.5173433702475304,0.001622301508118683,83.18312582849761
826,165.31020680453636,3.9583333333333335,0.2,0.5416666666666666,0.5,0.4799580354842349,0.001140092104580635,0.5172906717213435,0.0016112006898402614,83.18312582849761
827,165.51034022681787,3.9583333333333335,0.2,0.5416666666666666,0.5,0.48002864077930696,0.0011328191367025791,0.5172383558857411,0.0016001841982486288,83.18312582849761
828,165.71047364909938,3.9583333333333335,0.2,0.5416666666666666,0.5,0.4800987343535196,0.001125594662860676,0.5171864196851255,0.0015892512984935928,83.18312582849761
829,165.91060707138092,3.9583333333333335,0.2,0.5416666666666666,0.5,0.4801683204452055,0.0011184183310667664,0.5171348599899098,0.0015784012338171487,83.18312582849761
830,166.11074049366243,3.9583333333333335,0.2,0.5416666666666666,0.5,0.48023740329269776,0.0011112897893326946,0.5170836736705074,0.0015676332474612964,83.18312582849761
831,166.31087391594394,3.9583333333333335,0.2,0.5416666666666666,0.5,0.48030598713432915,0.001104208685670301,0.5170328575973318,0.001556946582668031,83.18312582849761
832,166.51100733822548,3.9583333333333335,0.2,0.5416666666666666,0.5,0.4803740762084326,0.0010971746680914275,0.5169824086407958,0.0015463404826793479,83.18312582849761
833,166.711140760507,3.9583333333333335,0.2,0.5416666666666666,0.5,0.48044167472885424,0.0010901873863234744,0.516932323689038,0.0015358141957836162,83.18312582849761
834,166.91127418278853,3.9583333333333335,0.2,0.5416666666666666,0.5,0.4805087861667751,0.0010832465421255245,0.5168826001677764,0.0015253671233221627,83.18312582849761
835,167.11140760507004,3.9583333333333335,0.2,0.5416666666666666,0.5,0.48057541419056005,0.0010763518234418155,0.5168332353599979,0.001514998625999475,83.18312582849761
836,167.31154102735155,3.9583333333333335,0.2,0.5416666666666666,0.5,0.48064156276000225,0.0010695028977988868,0.5167842263377374,0.0015047080044606948,83.18312582849761
837,167.5116744496331,3.9583333333333335,0.2,0.5416666666666666,0.5,0.48070723583489505,0.0010626994327232783,0.51673557017303,0.0014944945593509636,83.18312582849761
838,167.7118078719146,3.9583333333333335,0.2,0.5416666666666666,0.5,0.4807724373750316,0.0010559410957415322,0.5166872639379106,0.0014843575913154278,83.18312582849761
839,167.9119412941961,3.9583333333333335,0.2,0.5416666666666666,0.5,0.48083717134020526,0.0010492275543801883,0.5166393047044145,0.0014742964009992283,83.18312582849761
840,168.11207471647765,3.9583333333333335,0.2,0.5416666666666666,0.5,0.48090144169020915,0.0010425584761657857,0.5165916895445768,0.0014643102890475074,83.18312582849761
841,168.31220813875916,3.9583333333333335,0.2,0.5416666666666666,0.5,0.4809652494075244,0.001035933744313754,0.5165444176975993,0.0014543991505618424,83.18312582849761
842,168.5123415610407,3.9583333333333335,0.2,0.5416666666666666,0.5,0.4810286041039335,0.0010293526168970058,0.5164974821214695,0.0014445611576992766,83.18312582849761
843,168.7124749833222,3.9583333333333335,0.2,0.5416666666666666,0.5,0.4810915050906951,0.001022815098201274,0.5164508832718617,0.001434796539241169,83.18312582849761
844,168.91260840560372,3.9583333333333335,0.2,0.5416666666666666,0.5,0.48115395624359125,0.0010163208618392235,0.5164046182819623,0.0014251046126065256,83.18312582849761
845,169.11274182788526,3.9583333333333335,0.2,0.5416666666666666,0.5,0.4812159614030064,0.0010098695839878572,0.5163586843107232,0.0014154847022818829,83.18312582849761
846,169.31287525016677,3.9583333333333335,0.2,0.5416666666666666,0.5,0.4812775243739277,0.0010034609433885208,0.5163130785428618,0.0014059361398213116,83.18312582849761
847,169.51300867244828,3.9583333333333335,0.2,0.5416666666666666,0.5,0.4813386489259447,0.000997094621346895,0.5162677981888613,0.0013964582638464082,83.18312582849761
848,169.71314209472982,3.9583333333333335,0.2,0.5416666666666666,0.5,0.48139933869082685,0.0009907703094274261,0.5162228405600473,0.0013870504396977694,83.18312582849761
849,169.91327551701133,3.9583333333333335,0.2,0.5416666666666666,0.5,0.48145959675809163,0.0009844877398358864,0.5161782033650402,0.0013777121370316778,83.18312582849761
850,170.11340893929287,3.9583333333333335,0.2,0.5416666666666666,0.5,0.48151942654877705,0.000978246619777999,0.5161338840692714,0.0013684427621728414,83.18312582849761
851,170.31354236157438,3.9583333333333335,0.2,0.5416666666666666,0.5,0.48157883151178793,0.0009720466542711608,0.516089880117565,0.0013592417163752458,83.18312582849761
852,170.5136757838559,3.9583333333333335,0.2,0.5416666666666666,0.5,0.4816378150491095,0.0009658875517626898,0.516046188988956,0.0013501084101710961,83.18312582849761
853,170.71380920613743,3.9583333333333335,0.2,0.5416666666666666,0.5,0.48169638051580754,0.000959769024129828,0.5160028081966911,0.0013410422633708217,83.18312582849761
854,170.91394262841894,3.9583333333333335,0.2,0.5416666666666666,0.5,0.48175453122002826,0.0009536907866797438,0.5159597352882282,0.0013320427050630794,83.18312582849761
855,171.11407605070045,3.9583333333333335,0.2,0.5416666666666666,0.5,0.4818122704229983,0.0009476525581495274,0.5159169678452368,0.0013231091736147468,83.18312582849761
856,171.314209472982,3.9583333333333335,0.2,0.5416666666666666,0.5,0.48186960133902484,0.0009416540607061925,0.5158745034835973,0.0013142411166709247,83.18312582849761
857,171.5143428952635,3.9583333333333335,0.2,0.5416666666666666,0.5,0.4819265271354956,0.0009356950199466796,0.5158323398534022,0.001305437991154942,83.18312582849761
858,171.71447631754504,3.9583333333333335,0.2,0.5416666666666666,0.5,0.48198305093287863,0.0009297751648978495,0.5157904746389544,0.0012966992632683467,83.18312582849761
859,171.91460973982655,3.9583333333333335,0.2,0.5416666666666666,0.5,0.48203917580472266,0.0009238942280164908,0.5157489055587693,0.0012880244084909152,83.18312582849761
860,172.11474316210806,3.9583333333333335,0.2,0.5416666666666666,0.5,0.4820949047776567,0.000918051945189313,0.5157076303655727,0.0012794129115806443,83.18312582849761
861,172.3148765843896,3.9583333333333335,0.2,0.5416666666666666,0.5,0.4821502408314885,0.000912248055724413,0.5156666468462305,0.0012708642665559952,83.18312582849761
862,172.5150100066711,3.9583333333333335,0.2,0.5416666666666666,0.5,0.4822051873036178,0.0009064822671712559,0.5156259525257021,0.0012623779035082772,83.18312582849761
863,172.71514342895262,3.9583333333333335,0.2,0.5416666666666666,0.5,0.4822597475747475,0.0009007542826607209,0.515585544897112,0.0012539532454791855,83.18312582849761
864,172.91527685123415,3.9583333333333335,0.2,0.5416666666666666,0.5,0.4823139246635987,0.0008950638361609857,0.5155454217184335,0.0012455897818062424,83.18312582849761
865,173.11541027351566,3.9583333333333335,0.2,0.5416666666666666,0.5,0.4823677215539333,0.0008894106640296886,0.5155055807730957,0.0012372870089406391,83.18312582849761
866,173.3155436957972,3.9583333333333335,0.2,0.5416666666666666,0.5,0.4824211411945548,0.0008837945050139237,0.5154660198699834,0.0012290444304472292,83.18312582849761
867,173.5156771180787,3.9583333333333335,0.2,0.5416666666666666,0.5,0.48247418649930757,0.0008782151002502468,0.5154267368434371,0.001220861557004537,83.18312582849761
868,173.71581054036022,3.9583333333333335,0.2,0.5416666666666666,0.5,0.4825268603470773,0.0008726721932646697,0.5153877295532526,0.00121273790640475,83.18312582849761
869,173.91594396264176,3.9583333333333335,0.2,0.5416666666666666,0.5,0.4825791655817909,0.0008671655299726631,0.5153489958846821,0.0012046730035537214,83.18312582849761
870,174.11607738492327,3.9583333333333335,0.2,0.5416666666666666,0.5,0.48263110501241646,0.0008616948586791586,0.5153105337484328,0.001196666380470975,83.18312582849761
871,174.31621080720478,3.9583333333333335,0.2,0.5416666666666666,0.5,0.4826826814129632,0.000856259930078544,0.515272341080668,0.0011887175762896965,83.18312582849761
872,174.51634422948632,3.9583333333333335,0.2,0.5416666666666666,0.5,0.4827338975224816,0.0008508604972546656,0.5152344158430064,0.0011808261372567392,83.18312582849761
873,174.71647765176783,3.9583333333333335,0.2,0.5416666666666666,0.5,0.4827847560450632,0.0008454963156808308,0.5151967560225228,0.0011729916167326254,83.18312582849761
874,174.91661107404937,3.9583333333333335,0.2,0.5416666666666666,0.5,0.482835259649841,0.0008401671432198025,0.5151593596317471,0.0011652135751915392,83.18312582849761
875,175.11674449633088,3.9583333333333335,0.2,0.5416666666666666,0.5,0.48288541103864613,0.0008348727388789083,0.5151222246623823,0.0011574915600919718,83.18312582849761
876,175.3168779186124,3.9583333333333335,0.2,0.5416666666666666,0.5,0.48293521325685534,0.0008296128570904349,0.51508534887266,0.001149825013393666,83.18312582849761
877,175.51701134089393,3.9583333333333335,0.2,0.5416666666666666,0.5,0.48298466905320003,0.0008243872594911706,0.5150487302252813,0.0011422134620268443,83.18312582849761
878,175.71714476317544,3.9583333333333335,0.2,0.5416666666666666,0.5,0.4830337810884815,0.0008191957110820425,0.5150123667446405,0.0011346564557954577,83.18312582849761
879,175.91727818545695,3.9583333333333335,0.2,0.5416666666666666,0.5,0.4830825519970172,0.000814037979097491,0.5149762564747892,0.0011271535490956015,83.18312582849761
880,176.1174116077385,3.9583333333333335,0.2,0.5416666666666666,0.5,0.48313098438664104,0.0008089138330054724,0.5149403974794374,0.0011197043009155204,83.18312582849761
881,176.31754503002,3.9583333333333335,0.2,0.5416666666666666,0.5,0.48317908083870315,0.000803823044507461,0.5149047878419531,0.00111230827483561,83.18312582849761
882,176.51767845230154,3.9583333333333335,0.2,0.5416666666666666,0.5,0.4832268439080701,0.0007987653875384439,0.5148694256653625,0.0011049650390284108,83.18312582849761
883,176.71781187458305,3.9583333333333335,0.2,0.5416666666666666,0.5,0.4832742761231246,0.0007937406382669268,0.5148343090723493,0.001097674166258615,83.18312582849761
884,176.91794529686456,3.9583333333333335,0.2,0.5416666666666666,0.5,0.48332137998576596,0.0007887485750949288,0.5147994362052555,0.0010904352338830612,83.18312582849761
885,177.1180787191461,3.9583333333333335,0.2,0.5416666666666666,0.5,0.4833681579714095,0.0007837889786579852,0.5147648052260813,0.0010832478238507355,83.18312582849761
886,177.3182121414276,3.9583333333333335,0.2,0.5416666666666666,0.5,0.4834146125289871,0.0007788616318251486,0.5147304143164845,0.001076111522702776,83.18312582849761
887,177.51834556370912,3.9583333333333335,0.2,0.5416666666666666,0.5,0.4834607460809468,0.0007739663196989856,0.5146962616777812,0.0010690259215724665,83.18312582849761
888,177.71847898599066,3.9583333333333335,0.2,0.5416666666666666,0.5,0.4835065610232532,0.0007691028296155785,0.5146623455309455,0.001061990616185238,83.18312582849761
889,177.91861240827217,3.9583333333333335,0.2,0.5416666666666666,0.5,0.48355205984066785,0.0007642709385562473,0.5146286640307025,0.0010550051900727452,83.18312582849761
890,178.1187458305537,3.9583333333333335,0.2,0.5416666666666666,0.5,0.4835972450304091,0.0007594704214837281,0.5145952153224177,0.0010480692256887977,83.18312582849761
891,178.31887925283522,3.9583333333333335,0.2,0.5416666666666666,0.5,0.48364211896305115,0.0007547010665313788,0.5145619976457533,0.0010411823246635147,83.18312582849761
892,178.51901267511673,3.9583333333333335,0.2,0.5416666666666666,0.5,0.4836866839862746,0.0007499626636740913,0.5145290092573541,0.0010343440926964722,83.18312582849761
893,178.71914609739827,3.9583333333333335,0.2,0.5416666666666666,0.5,0.4837309424248788,0.0007452550047268885,0.5144962484308389,0.0010275541395548336,83.18312582849761
894,178.91927951967978,3.9583333333333335,0.2,0.5416666666666666,0.5,0.4837748965807818,0.0007405778833449256,0.5144637134567993,0.001020812079073351,83.18312582849761
895,179.1194129419613,3.9583333333333335,0.2,0.5416666666666666,0.5,0.48381854873302077,0.0007359310950234874,0.5144314026428007,0.0010141175291543609,83.18312582849761
896,179.31954636424283,3.9583333333333335,0.2,0.5416666666666666,0.5,0.48386190113775157,0.0007313144370979893,0.514399314313382,0.0010074701117677863,83.18312582849761
897,179.51967978652434,3.9583333333333335,0.2,0.5416666666666666,0.5,0.483904956028249,0.0007267277087439794,0.5143674468100552,0.0010008694529511394,83.18312582849761
898,179.71981320880587,3.9583333333333335,0.2,0.5416666666666666,0.5,0.4839477156149068,0.0007221707109771344,0.5143357984913058,0.0009943151828095162,83.18312582849761
899,179.91994663108738,3.9583333333333335,0.2,0.5416666666666666,0.5,0.48399018208523736,0.0007176432466532643,0.514304367732593,0.0009878069355156018,83.18312582849761
900,180.1200800533689,3.9583333333333335,0.2,0.5416666666666666,0.5,0.48403235760387214,0.0007131451204683081,0.5142731529263491,0.0009813443493096666,83.18312582849761
901,180.32021347565043,3.9583333333333335,0.2,0.5416666666666666,0.5,0.48407424431256146,0.0007086761389583355,0.5142421524819799,0.0009749270664995665,83.18312582849761
902,180.52034689793194,3.9583333333333335,0.2,0.5416666666666666,0.5,0.4841158443642206,0.0007042361048998279,0.5142113647984051,0.0009685547324737009,83.18312582849761
903,180.72048032021348,3.9583333333333335,0.2,0.5416666666666666,0.5,0.48415716010476223,0.0006998247874031592,0.5141807881174043,0.0009622269904294681,83.18312582849761
904,180.920613742495,3.9583333333333335,0.2,0.5416666666666666,0.5,0.4841981937149632,0.0006954419808159185,0.5141504208124641,0.0009559434917559945,83.18312582849761
905,181.1207471647765,3.9583333333333335,0.2,0.5416666666666666,0.5,0.48423894731904116,0.0006910874868649888,0.5141202613012067,0.000949703892886363,83.18312582849761
906,181.32088058705804,3.9583333333333335,0.2,0.5416666666666666,0.5,0.4842794230231096,0.0006867611083316924,0.5140903080143752,0.0009435078541827518,83.18312582849761
907,181.52101400933955,3.9583333333333335,0.2,0.5416666666666666,0.5,0.484319622915178,0.0006824626490517923,0.514060559395833,0.0009373550399364363,83.18312582849761
908,181.72114743162106,3.9583333333333335,0.2,0.5416666666666666,0.5,0.4843595490651515,0.0006781919139154886,0.5140310139025644,0.0009312451183677845,83.18312582849761
909,181.9212808539026,3.9583333333333335,0.2,0.5416666666666666,0.5,0.48439920352483135,0.0006739487088674203,0.5140016700046741,0.0009251777616262596,83.18312582849761
910,182.1214142761841,3.9583333333333335,0.2,0.5416666666666666,0.5,0.48443858832791453,0.0006697328409066672,0.5139725261853876,0.0009191526457904219,83.18312582849761
911,182.32154769846565,3.9583333333333335,0.2,0.5416666666666666,0.5,0.484477705489994,0.0006655441180867457,0.5139435809410505,0.0009131694508679239,83.18312582849761
912,182.52168112074716,3.9583333333333335,0.2,0.5416666666666666,0.5,0.4845165570085585,0.0006613823495156134,0.5139148327811295,0.000907227860795516,83.18312582849761
913,182.72181454302867,3.9583333333333335,0.2,0.5416666666666666,0.5,0.4845551448629928,0.0006572473453556649,0.5138862802282117,0.0009013275634390411,83.18312582849761
914,182.9219479653102,3.9583333333333335,0.2,0.5416666666666666,0.5,0.4845934710145773,0.0006531389168237341,0.5138579218180047,0.0008954682505934375,83.18312582849761
915,183.12208138759172,3.9583333333333335,0.2,0.5416666666666666,0.5,0.48463153740648846,0.0006490568761910953,0.5138297560993369,0.0008896496179827403,83.18312582849761
916,183.32221480987323,3.9583333333333335,0.2,0.5416666666666666,0.5,0.4846693459807271,0.0006450010497861982,0.5138017816327091,0.0008838713367767625,83.18312582849761
917,183.52234823215477,3.9583333333333335,0.2,0.5416666666666666,0.5,0.48470689866913924,0.0006409712710978727,0.5137739969910631,0.0008781330686989643,83.18312582849761
918,183.72248165443628,3.9583333333333335,0.2,0.5416666666666666,0.5,0.4847441973692134,0.000636967362185202,0.5137464007618512,0.0008724345067492993,83.18312582849761
919,183.92261507671782,3.9583333333333335,0.2,0.5416666666666666,0.5,0.48478124396089617,0.0006329891465933489,0.5137189915455984,0.0008667753469112721,83.18312582849761
920,184.12274849899933,3.9583333333333335,0.2,0.5416666666666666,0.5,0.48481804030661624,0.0006290364493724806,0.5136917679558999,0.0008611552881105,83.18312582849761
921,184.32288192128084,3.9583333333333335,0.2,0.5416666666666666,0.5,0.48485458825128513,0.0006251090970777631,0.5136647286194216,0.000855574032214707,83.18312582849761
922,184.52301534356238,3.9583333333333335,0.2,0.5416666666666666,0.5,0.4848908896222966,0.0006212069177693651,0.5136378721758995,0.0008500312840337262,83.18312582849761
923,184.7231487658439,3.9583333333333335,0.2,0.5416666666666666,0.5,0.484926946229527,0.0006173297410124578,0.5136111972781402,0.0008445267513195027,83.18312582849761
924,184.9232821881254,3.9583333333333335,0.2,0.5416666666666666,0.5,0.48496275986533505,0.0006134773978772124,0.5135847025920208,0.0008390601447660882,83.18312582849761
925,185.12341561040694,3.9583333333333335,0.2,0.5416666666666666,0.5,0.48499833230456213,0.0006096497209388017,0.5135583867964886,0.0008336311780096439,83.18312582849761
926,185.32354903268845,3.9583333333333335,0.2,0.5416666666666666,0.5,0.4850336653045319,0.0006058465442774018,0.5135322485835614,0.0008282395676284422,83.18312582849761
927,185.52368245497,3.9583333333333335,0.2,0.5416666666666666,0.5,0.48506876060505055,0.0006020677034781882,0.5135062866583275,0.0008228850331428623,83.18312582849761
928,185.7238158772515,3.9583333333333335,0.2,0.5416666666666666,0.5,0.4851036199284068,0.00059831303563134,0.5134804997389456,0.0008175672970153951,83.18312582849761
929,185.923949299533,3.9583333333333335,0.2,0.5416666666666666,0.5,0.4851382449938909,0.0005945823831997367,0.513454886550265,0.0008122860726435165,83.18312582849761
930,186.12408272181455,3.9583333333333335,0.2,0.5416666666666666,0.5,0.48517263752851536,0.0005908755968747821,0.5134294458191151,0.0008070410554939092,83.18312582849761
931,186.32421614409606,3.9583333333333335,0.2,0.5416666666666666,0.5,0.48520679921504484,0.0005871925217323012,0.5134041762971412,0.0008018319660809239,83.18312582849761
932,186.52434956637757,3.9583333333333335,0.2,0.5416666666666666,0.5,0.4852407317182396,0.0005835330042234269,0.5133790767492725,0.0007966585282636451,83.18312582849761
933,186.7244829886591,3.9583333333333335,0.2,0.5416666666666666,0.5,0.48527443668615367,0.0005798968925203691,0.5133541459531527,0.0007915204681724668,83.18312582849761
934,186.92461641094062,3.9583333333333335,0.2,0.5416666666666666,0.5,0.4853079157501345,0.0005762840365164173,0.5133293826991392,0.0007864175142090954,83.18312582849761
935,187.12474983322215,3.9583333333333335,0.2,0.5416666666666666,0.5,0.4853411705248232,0.0005726942878259362,0.5133047857903036,0.0007813493970465445,83.18312582849761
936,187.32488325550366,3.9583333333333335,0.2,0.5416666666666666,0.5,0.4853742026081545,0.00056912749978437,0.5132803540424312,0.0007763158496291403,83.18312582849761
937,187.52501667778517,3.9583333333333335,0.2,0.5416666666666666,0.5,0.48540701358135685,0.0005655835274482394,0.5132560862840216,0.0007713166071725171,83.18312582849761
938,187.7251501000667,3.9583333333333335,0.2,0.5416666666666666,0.5,0.4854396050089521,0.0005620622275951421,0.5132319813562883,0.0007663514071636189,83.18312582849761
939,187.92528352234822,3.9583333333333335,0.2,0.5416666666666666,0.5,0.4854719784387559,0.0005585634587237553,0.5132080381131588,0.0007614199893607021,83.18312582849761
940,188.12541694462973,3.9583333333333335,0.2,0.5416666666666666,0.5,0.48550413540187737,0.0005550870810538317,0.5131842554212747,0.0007565220957933308,83.18312582849761
941,188.32555036691127,3.9583333333333335,0.2,0.5416666666666666,0.5,0.48553607741271937,0.0005516329565262025,0.5131606321599912,0.000751657470762379,83.18312582849761
942,188.52568378919278,3.9583333333333335,0.2,0.5416666666666666,0.5,0.48556780601239186,0.0005482009395391868,0.5131371671843356,0.0007468258637325671,83.18312582849761
943,188.72581721147432,3.9583333333333335,0.2,0.5416666666666666,0.5,0.48559932291046065,0.0005447908467023082,0.5131138592040595,0.0007420270387767891,83.18312582849761
944,188.92595063375583,3.9583333333333335,0.2,0.5416666666666666,0.5,0.4856306296594029,0.0005414025263009062,0.5130907070614095,0.0007372607528859537,83.18312582849761
945,189.12608405603734,3.9583333333333335,0.2,0.5416666666666666,0.5,0.48566172777549466,0.0005380358325011653,0.51306770962798,0.0007325267640233999,83.18312582849761
946,189.32621747831888,3.9583333333333335,0.2,0.5416666666666666,0.5,0.4856926187628067,0.0005346906202299296,0.5130448657842389,0.0007278248327236652,83.18312582849761
947,189.5263509006004,3.9583333333333335,0.2,0.5416666666666666,0.5,0.4857233041132043,0.0005313667451747052,0.5130221744195277,0.0007231547220924868,83.18312582849761
948,189.7264843228819,3.9583333333333335,0.2,0.5416666666666666,0.5,0.4857537853063473,0.0005280640637836568,0.5129996344320614,0.0007185161978067978,83.18312582849761
949,189.92661774516344,3.9583333333333335,0.2,0.5416666666666666,0.5,0.48578406380969014,0.0005247824332656094,0.5129772447289287,0.0007139090281147299,83.18312582849761
950,190.12675116744495,3.9583333333333335,0.2,0.5416666666666666,0.5,0.48581414107848186,0.0005215217115900496,0.5129550042260916,0.0007093329838356146,83.18312582849761
951,190.3268845897265,3.9583333333333335,0.2,0.5416666666666666,0.5,0.4858440185557661,0.0005182817574871222,0.512932911848386,0.0007047878383599785,83.18312582849761
952,190.527018012008,3.9583333333333335,0.2,0.5416666666666666,0.5,0.4858736976723811,0.000515062430447634,0.512910966529521,0.0007002733676495494,83.18312582849761
953,190.7271514342895,3.9583333333333335,0.2,0.5416666666666666,0.5,0.4859031798469595,0.0005118635907230508,0.5128891672120793,0.0006957893502372511,83.18312582849761
954,190.92728485657105,3.9583333333333335,0.2,0.5416666666666666,0.5,0.4859324664859289,0.0005086850993254983,0.5128675128475176,0.0006913355672272053,83.18312582849761
955,191.12741827885256,3.9583333333333335,0.2,0.5416666666666666,0.5,0.4859615589891589,0.0005055268177806005,0.5128460023920746,0.000686911800985069,83.18312582849761
956,191.32755170113407,3.9583333333333335,0.2,0.5416666666666666,0.5,0.4859904588065527,0.0005023886056508992,0.5128246347657803,0.0006825178220151936,83.18312582849761
957,191.5276851234156,3.9583333333333335,0.2,0.5416666666666666,0.5,0.4860191673436168,0.0004992703246683798,0.512803408920856,0.0006781534108579612,83.18312582849761
958,191.72781854569712,3.9583333333333335,0.2,0.5416666666666666,0.5,0.4860476859792965,0.0004961718379539232,0.5127823238287949,0.0006738183539538277,83.18312582849761
959,191.92795196797866,3.9583333333333335,0.2,0.5416666666666666,0.5,0.4860760160817486,0.0004930930093270758,0.5127613784689374,0.0006695124399859561,83.18312582849761
960,192.12808539026017,3.9583333333333335,0.2,0.5416666666666666,0.5,0.48610415900834086,0.0004900337033060525,0.512740571828472,0.0006652354598802207,83.18312582849761
961,192.32821881254168,3.9583333333333335,0.2,0.5416666666666666,0.5,0.4861321161056522,0.00048699378510773335,0.512719902902434,0.000660987206805203,83.18312582849761
962,192.52835223482322,3.9583333333333335,0.2,0.5416666666666666,0.5,0.4861598887094729,0.00048397312064766564,0.5126993706937063,0.0006567674761721932,83.18312582849761
963,192.72848565710473,3.9583333333333335,0.2,0.5416666666666666,0.5,0.4861874781448042,0.00048097157654006467,0.5126789742130197,0.0006525760656351929,83.18312582849761
964,192.92861907938624,3.9583333333333335,0.2,0.5416666666666666,0.5,0.4862148857258585,0.0004779890200978112,0.5126587124789518,0.0006484127750909104,83.18312582849761
965,193.12875250166778,3.9583333333333335,0.2,0.5416666666666666,0.5,0.4862421127560596,0.00047502531933245296,0.5126385845179283,0.0006442774066787632,83.18312582849761
966,193.3288859239493,3.9583333333333335,0.2,0.5416666666666666,0.5,0.48626916052804214,0.0004720803429542056,0.5126185893642219,0.0006401697647808798,83.18312582849761
967,193.52901934623083,3.9583333333333335,0.2,0.5416666666666666,0.5,0.4862960303236522,0.0004691539603719501,0.5125987260599528,0.0006360896560220949,83.18312582849761
968,193.72915276851234,3.9583333333333335,0.2,0.5416666666666666,0.5,0.4863227380073658,0.0004662443336617644,0.5125789824006375,0.0006320352583339735,83.18312582849761
969,193.92928619079385,3.9583333333333335,0.2,0.5416666666666666,0.5,0.486349251605516,0.0004633552473585013,0.5125593830942285,0.000628010052896005,83.18312582849761
970,194.12941961307538,3.9583333333333335,0.2,0.5416666666666666,0.5,0.4863755917875678,0.0004604843179129173,0.5125399122446804,0.0006240116498379415,83.18312582849761
971,194.3295530353569,3.9583333333333335,0.2,0.5416666666666666,0.5,0.4864017596320349,0.0004576314446711956,0.5125205690560701,0.0006200398672229026,83.18312582849761
972,194.5296864576384,3.9583333333333335,0.2,0.5416666666666666,0.5,0.4864277562174311,0.0004547965269795182,0.5125013527324744,0.0006160945231140058,83.18312582849761
973,194.72981987991994,3.9583333333333335,0.2,0.5416666666666666,0.5,0.48645358262227023,0.0004519794641840671,0.5124822624779705,0.0006121754355743687,83.18312582849761
974,194.92995330220145,3.9583333333333335,0.2,0.5416666666666666,0.5,0.48647923992506586,0.00044918015563102535,0.5124632974966351,0.0006082824226671108,83.18312582849761
975,195.130086724483,3.9583333333333335,0.2,0.5416666666666666,0.5,0.48650472920433185,0.0004463985006665747,0.5124444569925454,0.0006044153024553489,83.18312582849761
976,195.3302201467645,3.9583333333333335,0.2,0.5416666666666666,0.5,0.48653005153858186,0.00044363439863689816,0.5124257401697782,0.0006005738930022026,83.18312582849761
977,195.530353569046,3.9583333333333335,0.2,0.5416666666666666,0.5,0.4865552080063297,0.00044088774888817787,0.5124071462324105,0.0005967580123707893,83.18312582849761
978,195.73048699132755,3.9583333333333335,0.2,0.5416666666666666,0.5,0.48658019968608907,0.00043815845076659567,0.5123886743845192,0.0005929674786242267,83.18312582849761
979,195.93062041360906,3.9583333333333335,0.2,0.5416666666666666,0.5,0.4866050276563737,0.00043544640361833475,0.5123703238301813,0.0005892021098256342,83.18312582849761
980,196.13075383589057,3.9583333333333335,0.2,0.5416666666666666,0.5,0.4866296929956974,0.00043275150678957715,0.512352093773474,0.0005854617240381294,83.18312582849761
981,196.3308872581721,3.9583333333333335,0.2,0.5416666666666666,0.5,0.4866541967825739,0.0004300736596265048,0.5123339834184739,0.0005817461393248298,83.18312582849761
982,196.53102068045362,3.9583333333333335,0.2,0.5416666666666666,0.5,0.4866785401038337,0.00042741276239699705,0.5123159919643172,0.0005780551694511345,83.18312582849761
983,196.73115410273516,3.9583333333333335,0.2,0.5416666666666666,0.5,0.4867027240515881,0.0004247687159541274,0.512298118607003,0.0005743886254537657,83.18312582849761
984,196.93128752501667,3.9583333333333335,0.2,0.5416666666666666,0.5,0.4867267497108161,0.0004221414203605787,0.5122803625467675,0.0005707463220549199,83.18312582849761
985,197.13142094729818,3.9583333333333335,0.2,0.5416666666666666,0.5,0.4867506181664887,0.0004195307756781415,0.5122627229838512,0.000567128073980948,83.18312582849761
986,197.33155436957972,3.9583333333333335,0.2,0.5416666666666666,0.5,0.48677433050438335,0.000416936681589279,0.5122451991176294,0.0005635336963969191,83.18312582849761
987,197.53168779186123,3.9583333333333335,0.2,0.5416666666666666,0.5,0.4867978878948847,0.0004143589979815894,0.5122277900566393,0.0005599630504934094,83.18312582849761
988,197.73182121414274,3.9583333333333335,0.2,0.5416666666666666,0.5,0.4868212915159485,0.0004117975811815036,0.5122104949012893,0.0005564160015797272,83.18312582849761
989,197.93195463642428,3.9583333333333335,0.2,0.5416666666666666,0.5,0.4868445425031572,0.0004092523074457616,0.5121933127974817,0.0005528923919144054,83.18312582849761
990,198.1320880587058,3.9583333333333335,0.2,0.5416666666666666,0.5,0.4868676419920932,0.0004067230530311042,0.5121762428911187,0.0005493920637559781,83.18312582849761
991,198.33222148098733,3.9583333333333335,0.2,0.5416666666666666,0.5,0.48689059111059413,0.00040420969583678825,0.5121592843346952,0.000545914858872872,83.18312582849761
992,198.53235490326884,3.9583333333333335,0.2,0.5416666666666666,0.5,0.4869133908108596,0.0004017121510111236,0.5121424364302093,0.0005424606079188823,83.18312582849761
993,198.73248832555035,3.9583333333333335,0.2,0.5416666666666666,0.5,0.486936042082283,0.0003992303258144312,0.512125698448,0.0005390291439014759,83.18312582849761
994,198.9326217478319,3.9583333333333335,0.2,0.5416666666666666,0.5,0.4869585459689491,0.00039676411590817073,0.5121090696118527,0.0005356203032890693,83.18312582849761
995,199.1327551701134,3.9583333333333335,0.2,0.5416666666666666,0.5,0.4869809035149424,0.00039431341695380306,0.5120925491455527,0.0005322339225500807,83.18312582849761
996,199.3328885923949,3.9583333333333335,0.2,0.5416666666666666,0.5,0.4870031157547925,0.0003918781258036805,0.5120761362802982,0.0005288698391046274,83.18312582849761
997,199.53302201467645,3.9583333333333335,0.2,0.5416666666666666,0.5,0.4870251836314448,0.0003894581507245599,0.512059830318335,0.0005255278994946418,83.18312582849761
998,199.73315543695796,3.9583333333333335,0.2,0.5416666666666666,0.5,0.4870471081256953,0.00038705339526578386,0.5120436305325459,0.0005222079464921378,83.18312582849761
999,199.9332888592395,3.9583333333333335,0.2,0.5416666666666666,0.5,0.48706889023623096,0.0003846637607468664,0.5120275361819341,0.0005189098210871624,83.18312582849761
1000,200.133422281521,3.9583333333333335,0.2,0.5416666666666666,0.5,0.4870905309617388,0.00038228914848732304,0.5120115465255032,0.0005156333642697645,83.18312582849761
1001,200.33355570380252,3.9583333333333335,0.2,0.5416666666666666,0.5,0.4871120312877164,0.0003799294604959793,0.511995660831644,0.000512378420142683,83.18312582849761
1002,200.53368912608406,3.9583333333333335,0.2,0.5416666666666666,0.5,0.48713339213574025,0.0003775846021223366,0.5119798784142425,0.0005091448478940021,83.18312582849761
1003,200.73382254836557,3.9583333333333335,0.2,0.5416666666666666,0.5,0.4871546144663301,0.00037525447668061967,0.5119641985594672,0.0005059324975211906,83.18312582849761
1004,200.93395597064708,3.9583333333333335,0.2,0.5416666666666666,0.5,0.48717569924773174,0.00037293898708128635,0.5119486205479876,0.0005027412171984497,83.18312582849761
1005,201.13408939292862,3.9583333333333335,0.2,0.5416666666666666,0.5,0.48719664744819063,0.0003706380362347946,0.5119331436604737,0.0004995708550999802,83.18312582849761
1006,201.33422281521013,3.9583333333333335,0.2,0.5416666666666666,0.5,0.4872174600335219,0.0003683515272744501,0.5119177671794085,0.0004964212597942609,83.18312582849761
1007,201.53435623749166,3.9583333333333335,0.2,0.5416666666666666,0.5,0.48723813789095394,0.0003660793705390001,0.5119024904459081,0.0004932922925981503,83.18312582849761
1008,201.73448965977317,3.9583333333333335,0.2,0.5416666666666666,0.5,0.48725868192059424,0.0003638214751863384,0.5118873127914793,0.0004901838127392565,83.18312582849761
1009,201.93462308205469,3.9583333333333335,0.2,0.5416666666666666,0.5,0.4872790930516416,0.00036157774770704615,0.5118722335259245,0.00048709567472598873,83.18312582849761
1010,202.13475650433622,3.9583333333333335,0.2,0.5416666666666666,0.5,0.48729937221329467,0.00035934809459170437,0.511857251959046,0.0004840277330667563,83.18312582849761
1011,202.33488992661773,3.9583333333333335,0.2,0.5416666666666666,0.5,0.4873195203347522,0.0003571324223308952,0.511842367400646,0.00048097984226996995,83.18312582849761
1012,202.53502334889924,3.9583333333333335,0.2,0.5416666666666666,0.5,0.4873395383030787,0.00035493064139505376,0.5118275791920399,0.0004779518634853233,83.18312582849761
1013,202.73515677118078,3.9583333333333335,0.2,0.5416666666666666,0.5,0.48735942695866197,0.00035274266666357246,0.5118128867094536,0.00047494366521984993,83.18312582849761
1014,202.9352901934623,3.9583333333333335,0.2,0.5416666666666666,0.5,0.48737918719277823,0.000350568408209055,0.5117982892910523,0.00047195510795937194,83.18312582849761
1015,203.13542361574383,3.9583333333333335,0.2,0.5416666666666666,0.5,0.4873988198974648,0.0003484077760322363,0.5117837862744321,0.00046898605206978215,83.18312582849761
1016,203.33555703802534,3.9583333333333335,0.2,0.5416666666666666,0.5,0.4874183259647589,0.0003462606801338525,0.5117693769971893,0.00046603635791697527,83.18312582849761
1017,203.53569046030685,3.9583333333333335,0.2,0.5416666666666666,0.5,0.4874377061281385,0.0003441270449023814,0.5117550609148983,0.0004631059120597328,83.18312582849761
1018,203.7358238825884,3.9583333333333335,0.2,0.5416666666666666,0.5,0.48745696156787194,0.00034200675418433424,0.5117408371506925,0.0004601945272501785,83.18312582849761
1019,203.9359573048699,3.9583333333333335,0.2,0.5416666666666666,0.5,0.48747609285236104,0.00033989974734727354,0.5117267052829741,0.0004573021173165201,83.18312582849761
1020,204.1360907271514,3.9583333333333335,0.2,0.5416666666666666,0.5,0.4874951008603651,0.00033780593559677653,0.5117126646592189,0.000454428544818066,83.18312582849761
1021,204.33622414943295,3.9583333333333335,0.2,0.5416666666666666,0.5,0.4875139864641258,0.00033572523072985085,0.5116987146317525,0.00045157367339082404,83.18312582849761
1022,204.53635757171446,3.9583333333333335,0.2,0.5416666666666666,0.5,0.4875327505271618,0.00033365754534780506,0.5116848545593966,0.00044873736809282163,83.18312582849761
1023,204.736490993996,3.9583333333333335,0.2,0.5416666666666666,0.5,0.4875513938308852,0.00033160279994108127,0.5116710838622754,0.0004459195068972026,83.18312582849761
1024,204.9366244162775,3.9583333333333335,0.2,0.5416666666666666,0.5,0.48756991717522424,0.00032956091317467597,0.5116574019466669,0.00044311996493312565,83.18312582849761
1025,205.13675783855902,3.9583333333333335,0.2,0.5416666666666666,0.5,0.48758832138626934,0.00032753180114990764,0.5116438081992916,0.00044033861328819673,83.18312582849761
1026,205.33689126084056,3.9583333333333335,0.2,0.5416666666666666,0.5,0.4876066072825727,0.0003255153806580451,0.5116303020124816,0.0004375753242865406,83.18312582849761
1027,205.53702468312207,3.9583333333333335,0.2,0.5416666666666666,0.5,0.4876247756751484,0.00032351156918030793,0.5116168827841814,0.00043482997148880246,83.18312582849761
1028,205.7371581054036,3.9583333333333335,0.2,0.5416666666666666,0.5,0.48764282736747205,0.00032152028488786487,0.5116035499179469,0.0004321024296921446,83.18312582849761
1029,205.93729152768512,3.9583333333333335,0.2,0.5416666666666666,0.5,0.48766076315548096,0.00031954144664183594,0.5115903028229459,0.0004293925749302502,83.18312582849761
1030,206.13742494996663,3.9583333333333335,0.2,0.5416666666666666,0.5,0.4876785838275744,0.00031757497399329036,0.511577140913958,0.00042670028447332,83.18312582849761
1031,206.33755837224817,3.9583333333333335,0.2,0.5416666666666666,0.5,0.4876962901646131,0.00031562078718324753,0.5115640636113745,0.00042402543682807395,83.18312582849761
1032,206.53769179452968,3.9583333333333335,0.2,0.5416666666666666,0.5,0.4877138829399196,0.00031367880714267774,0.511551070341199,0.000421367911737752,83.18312582849761
1033,206.7378252168112,3.9583333333333335,0.2,0.5416666666666666,0.5,0.48773136291927816,0.0003117489554925008,0.5115381605350462,0.0004187275901821119,83.18312582849761
1034,206.93795863909273,3.9583333333333335,0.2,0.5416666666666666,0.5,0.48774873086093484,0.00030983115454358637,0.5115253336301431,0.00041610435437743065,83.18312582849761
1035,207.13809206137424,3.9583333333333335,0.2,0.5416666666666666,0.5,0.4877659875155973,0.0003079253272967553,0.5115125890693284,0.0004134980877765051,83.18312582849761
1036,207.33822548365578,3.9583333333333335,0.2,0.5416666666666666,0.5,0.487783133626435,0.0003060313974427774,0.5114999263010526,0.00041090867506864967,83.18312582849761
1037,207.5383589059373,3.9583333333333335,0.2,0.5416666666666666,0.5,0.487800169929079,0.0003041492893623736,0.511487344779378,0.0004083360021796994,83.18312582849761
1038,207.7384923282188,3.9583333333333335,0.2,0.5416666666666666,0.5,0.4878170971516222,0.00030227892812621435,0.5114748439639786,0.000405779956272007,83.18312582849761
1039,207.93862575050034,3.9583333333333335,0.2,0.5416666666666666,0.5,0.4878339160146192,0.0003004202394949201,0.5114624233201405,0.00040324042574444433,83.18312582849761
1040,208.13875917278185,3.9583333333333335,0.2,0.5416666666666666,0.5,0.48785062723399664,0.0002985731496493701,0.5114500823165838,0.00040071729976919176,83.18312582849761
1041,208.33889259506336,3.9583333333333335,0.2,0.5416666666666666,0.5,0.4878672316001971,0.00029673757785674844,0.51143782036625,0.00039821045569526226,83.18312582849761
1042,208.5390260173449,3.9583333333333335,0.2,0.5416666666666666,0.5,0.48788372986568157,0.0002949134468952559,0.5114256369104687,0.0003957197769535273,83.18312582849761
1043,208.7391594396264,3.9583333333333335,0.2,0.5416666666666666,0.5,0.4879001227423433,0.00029310068329375954,0.5114135314208937,0.000393245153468329,83.18312582849761
1044,208.93929286190794,3.9583333333333335,0.2,0.5416666666666666,0.5,0.48791641093562804,0.00029129921416997723,0.5114015033739742,0.0003907864762268847,83.18312582849761
1045,209.13942628418945,3.9583333333333335,0.2,0.5416666666666666,0.5,0.4879325951445345,0.0002895089672304796,0.5113895522509548,0.0003883436372792903,83.18312582849761
1046,209.33955970647096,3.9583333333333335,0.2,0.5416666666666666,0.5,0.48794867606161396,0.00028772987077068816,0.5113776775378759,0.00038591652973851714,83.18312582849761
1047,209.5396931287525,3.9583333333333335,0.2,0.5416666666666666,0.5,0.48796465437297054,0.00028596185367487634,0.5113658787255733,0.00038350504778041365,83.18312582849761
1048,209.739826551034,3.9583333333333335,0.2,0.5416666666666666,0.5,0.48798053075826087,0.0002842048454161699,0.5113541553096783,0.000381109086643706,83.18312582849761
1049,209.93995997331552,3.9583333333333335,0.2,0.5416666666666666,0.5,0.48799630589069454,0.00028245877605654566,0.5113425067906181,0.0003787285426299963,83.18312582849761
1050,210.14009339559706,3.9583333333333335,0.2,0.5416666666666666,0.5,0.48801198043703364,0.0002807235762468322,0.5113309326736148,0.0003763633131037634,83.18312582849761
1051,210.34022681787857,3.9583333333333335,0.2,0.5416666666666666,0.5,0.48802755505759315,0.0002789991772267106,0.5113194324686869,0.000374013296492364,83.18312582849761
1052,210.5403602401601,3.9583333333333335,0.2,0.5416666666666666,0.5,0.48804303040624064,0.0002772855108247127,0.5113080056906478,0.00037167839228603033,83.18312582849761
1053,210.74049366244162,3.9583333333333335,0.2,0.5416666666666666,0.5,0.48805840713039644,0.00027558250945822297,0.5112966518591067,0.0003693585010378728,83.18312582849761
1054,210.94062708472313,3.9583333333333335,0.2,0.5416666666666666,0.5,0.4880736858710336,0.000273890106133477,0.5112853704984682,0.00036705352436387757,83.18312582849761
1055,211.14076050700467,3.9583333333333335,0.2,0.5416666666666666,0.5,0.48808886726267786,0.00027220823444556205,0.5112741611379328,0.00036476336494290786,83.18312582849761
1056,211.34089392928618,3.9583333333333335,0.2,0.5416666666666666,0.5,0.4881039519334078,0.00027053682857841794,0.5112630233114963,0.0003624879265167045,83.18312582849761
1057,211.5410273515677,3.9583333333333335,0.2,0.5416666666666666,0.5,0.48811894050485444,0.0002688758233048354,0.5112519565579501,0.0003602271138898842,83.18312582849761
1058,211.74116077384923,3.9583333333333335,0.2,0.5416666666666666,0.5,0.48813383359707146,0.0002672251536533287,0.511240960417295,0.0003579808319794243,83.18312582849761
1059,211.94129419613074,3.9583333333333335,0.2,0.5416666666666666,0.5,0.4881486319385856,0.00026558474737965694,0.5112300343497004,0.0003557489643336206,83.18312582849761
1060,212.14142761841228,3.9583333333333335,0.2,0.5416666666666666,0.5,0.48816333620452146,0.00026395453604057375,0.5112191778547084,0.0003535314047288685,83.18312582849761
1061,212.3415610406938,3.9583333333333335,0.2,0.5416666666666666,0.5,0.48817794702046585,0.0002623344547294681,0.5112083904683886,0.0003513280564153624,83.18312582849761
1062,212.5416944629753,3.9583333333333335,0.2,0.5416666666666666,0.5,0.4881924650070664,0.000260724439025401,0.5111976717304957,0.00034913882341177136,83.18312582849761
1063,212.74182788525684,3.9583333333333335,0.2,0.5416666666666666,0.5,0.488206890780032,0.0002591244249931063,0.5111870211844689,0.0003469636105052407,83.18312582849761
1064,212.94196130753835,3.9583333333333335,0.2,0.5416666666666666,0.5,0.4882212249501323,0.0002575343491829915,0.5111764383774327,0.00034480232325139246,83.18312582849761
1065,213.14209472981986,3.9583333333333335,0.2,0.5416666666666666,0.5,0.48823546812319796,0.000255954148631136,0.5111659228601959,0.00034265486797432383,83.18312582849761
1066,213.3422281521014,3.9583333333333335,0.2,0.5416666666666666,0.5,0.48824962090012064,0.0002543837608592922,0.5111554741872527,0.00034052115176660784,83.18312582849761
1067,213.5423615743829,3.9583333333333335,0.2,0.5416666666666666,0.5,0.4882636838768531,0.00025282312387488583,0.511145091916782,0.0003384010824892944,83.18312582849761
1068,213.74249499666445,3.9583333333333335,0.2,0.5416666666666666,0.5,0.48827765764440884,0.0002512721761710147,0.5111347756106476,0.00033629456877190837,83.18312582849761
1069,213.94262841894596,3.9583333333333335,0.2,0.5416666666666666,0.5,0.4882915427888625,0.00024973085672645024,0.5111245248343979,0.00033420152001245146,83.18312582849761
1070,214.14276184122747,3.9583333333333335,0.2,0.5416666666666666,0.5,0.4883053398913497,0.00024819910500563597,0.5111143391572666,0.0003321218463774007,83.18312582849761
1071,214.342895263509,3.9583333333333335,0.2,0.5416666666666666,0.5,0.488319049528067,0.00024667686095868844,0.5111042181521719,0.0003300554588017089,83.18312582849761
1072,214.54302868579052,3.9583333333333335,0.2,0.5416666666666666,0.5,0.4883326722702719,0.0002451640650213974,0.5110941613957172,0.0003280022689888059,83.18312582849761
1073,214.74316210807203,3.9583333333333335,0.2,0.5416666666666666,0.5,0.48834620868428297,0.00024366065811522503,0.5110841684681906,0.0003259621894105964,83.18312582849761
1074,214.94329553035357,3.9583333333333335,0.2,0.5416666666666666,0.5,0.4883596593314796,0.00024216658164730612,0.511074238953565,0.00032393513330746123,83.18312582849761
1075,215.14342895263508,3.9583333333333335,0.2,0.5416666666666666,0.5,0.48837302476830247,0.000240681777510449,0.5110643724394982,0.000321921014688258,83.18312582849761
1076,215.34356237491662,3.9583333333333335,0.2,0.5416666666666666,0.5,0.48838630554853313,0.00023920618790316593,0.5110545685156667,0.00031991974789637666,83.18312582849761
1077,215.54369579719813,3.9583333333333335,0.2,0.5416666666666666,0.5,0.48839950226670525,0.00023773975190350454,0.5110448267420421,0.0003179312393484939,83.18312582849761
1078,215.74382921947964,3.9583333333333335,0.2,0.5416666666666666,0.5,0.48841261549211745,0.00023628241067704333,0.5110351466971127,0.0003159554000921941,83.18312582849761
1079,215.94396264176117,3.9583333333333335,0.2,0.5416666666666666,0.5,0.4884256457731659,0.0002348341071349349,0.5110255279747171,0.00031399214498143606,83.18312582849761
1080,216.14409606404269,3.9583333333333335,0.2,0.5416666666666666,0.5,0.48843859365390097,0.00023339478462718679,0.5110159701719454,0.00031204138952576553,83.18312582849761
1081,216.3442294863242,3.9583333333333335,0.2,0.5416666666666666,0.5,0.48845145967402714,0.00023196438694266015,0.5110064728891393,0.00031010304989031377,83.18312582849761
1082,216.54436290860573,3.9583333333333335,0.2,0.5416666666666666,0.5,0.4884642443689032,0.0002305428583090705,0.5109970357298913,0.0003081770428957982,83.18312582849761
1083,216.74449633088724,3.9583333333333335,0.2,0.5416666666666666,0.5,0.48847694826954197,0.00022913014339298815,0.5109876583010459,0.0003062632860185233,83.18312582849761
1084,216.94462975316878,3.9583333333333335,0.2,0.5416666666666666,0.5,0.4884895719026106,0.00022772618729983705,0.5109783402126985,0.00030436169739037864,83.18312582849761
1085,217.1447631754503,3.9583333333333335,0.2,0.5416666666666666,0.5,0.4885021157904304,0.00022633093557389606,0.5109690810781962,0.00030247219579884114,83.18312582849761
1086,217.3448965977318,3.9583333333333335,0.2,0.5416666666666666,0.5,0.48851458045097684,0.00022494433419829787,0.5109598805141373,0.000300594700686973,83.18312582849761
1087,217.54503002001334,3.9583333333333335,0.2,0.5416666666666666,0.5,0.4885269663978795,0.00022356632959502938,0.5109507381403714,0.00029872913215342294,83.18312582849761
1088,217.74516344229485,3.9583333333333335,0.2,0.5416666666666666,0.5,0.4885392741404223,0.00022219686862493242,0.5109416535799998,0.00029687541095242627,83.18312582849761
1089,217.94529686457636,3.9583333333333335,0.2,0.5416666666666666,0.5,0.48855150418354315,0.00022083589858770247,0.5109326264593747,0.0002950334584938041,83.18312582849761
1090,218.1454302868579,3.9583333333333335,0.2,0.5416666666666666,0.5,0.4885636570278344,0.00021948336722188934,0.5109236564081001,0.0002932031968429636,83.18312582849761
1091,218.3455637091394,3.9583333333333335,0.2,0.5416666666666666,0.5,0.4885757331695423,0.00021813922270489772,0.5109147430590313,0.00029138454872089885,83.18312582849761
1092,218.54569713142095,3.9583333333333335,0.2,0.5416666666666666,0.5,0.4885877331005675,0.00021680341365298573,0.5109058860482747,0.0002895774375041893,83.18312582849761
1093,218.74583055370246,3.9583333333333335,0.2,0.5416666666666666,0.5,0.4885996573084648,0.00021547588912126665,0.5108970850151884,0.0002877817872250015,83.18312582849761
1094,218.94596397598397,3.9583333333333335,0.2,0.5416666666666666,0.5,0.48861150627999067,0.00021415659805690675,0.5108883395995479,0.00028599752240374273,83.18312582849761
1095,219.1460973982655,3.9583333333333335,0.2,0.5416666666666666,0.5,0.48862328055862614,0.00021284548043330132,0.5108796493956042,0.0002842245653357334,83.18312582849761
1096,219.34623082054702,3.9583333333333335,0.2,0.5416666666666666,0.5,0.4886349806543064,0.0002115424811632251,0.5108710140241804,0.00028246284034923717,83.18312582849761
1097,219.54636424282853,3.9583333333333335,0.2,0.5416666666666666,0.5,0.4886466070527378,0.0002102475486628185,0.5108624331252326,0.0002807122733659774,83.18312582849761
1098,219.74649766511007,3.9583333333333335,0.2,0.5416666666666666,0.5,0.4886581602360673,0.0002089606316659344,0.5108539063413399,0.00027897279092618896,83.18312582849761
1099,219.94663108739158,3.9583333333333335,0.2,0.5416666666666666,0.5,0.4886696406828815,0.00020768167922413872,0.510845433317705,0.00027724432018861906,83.18312582849761
1100,220.14676450967312,3.9583333333333335,0.2,0.5416666666666666,0.5,0.4886810488682076,0.0002064106407067091,0.5108370137021544,0.0002755267889305253,83.18312582849761
1101,220.34689793195463,3.9583333333333335,0.2,0.5416666666666666,0.5,0.4886923852635127,0.0002051474658006363,0.5108286471451382,0.00027382012554767797,83.18312582849761
1102,220.54703135423614,3.9583333333333335,0.2,0.5416666666666666,0.5,0.48870365033670427,0.0002038921045106231,0.51082033329973,0.00027212425905435815,83.18312582849761
1103,220.74716477651768,3.9583333333333335,0.2,0.5416666666666666,0.5,0.4887148445521297,0.00020264450715908467,0.5108120718216271,0.0002704391190833584,83.18312582849761
1104,220.9472981987992,3.9583333333333335,0.2,0.5416666666666666,0.5,0.48872596837057675,0.00020140462438614923,0.5108038623691503,0.0002687646358859835,83.18312582849761
1105,221.1474316210807,3.9583333333333335,0.2,0.5416666666666666,0.5,0.4887370222492732,0.00020017240714965685,0.5107957046032443,0.0002671007403320493,83.18312582849761
1106,221.34756504336224,3.9583333333333335,0.2,0.5416666666666666,0.5,0.4887480066418871,0.00019894780672516014,0.510787598187477,0.00026544736390988284,83.18312582849761
1107,221.54769846564375,3.9583333333333335,0.2,0.5416666666666666,0.5,0.4887589219985267,0.00019773077470592465,0.5107795427880403,0.00026380443872632374,83.18312582849761
1108,221.7478318879253,3.9583333333333335,0.2,0.5416666666666666,0.5,0.4887697687657403,0.00019652126300292772,0.5107715380737492,0.00026217189750672205,83.18312582849761
1109,221.9479653102068,3.9583333333333335,0.2,0.5416666666666666,0.5,0.48878054738651633,0.0001953192238448598,0.510763583716043,0.00026054967359494035,83.18312582849761
1110,222.1480987324883,3.9583333333333335,0.2,0.5416666666666666,0.5,0.4887912583002836,0.0001941246097781233,0.5107556793889841,0.00025893770095335194,83.18312582849761
1111,222.34823215476985,3.9583333333333335,0.2,0.5416666666666666,0.5,0.48880190194291084,0.00019293737366683317,0.5107478247692586,0.0002573359141628419,83.18312582849761
1112,222.54836557705136,3.9583333333333335,0.2,0.5416666666666666,0.5,0.48881247874886796,0.00019175746854310845,0.5107400195345564,0.00025574424803176843,83.18312582849761
1113,222.74849899933287,3.9583333333333335,0.2,0.5416666666666666,0.5,0.4888229891817185,0.00019058484549447087,0.5107322633407083,0.00025416263207785403,83.18312582849761
1114,222.9486324216144,3.9583333333333335,0.2,0.5416666666666666,0.5,0.4888334336859178,0.00018941945700338397,0.510724555857827,0.00025259099925105323,83.18312582849761
1115,223.14876584389592,3.9583333333333335,0.2,0.5416666666666666,0.5,0.48884381269283117,0.00018826125653029758,0.5107168967657932,0.00025102928484446507,83.18312582849761
1116,223.34889926617745,3.9583333333333335,0.2,0.5416666666666666,0.5,0.488854126630834,0.00018711019781388245,0.5107092857466847,0.00024947742466654944,83.18312582849761
1117,223.54903268845896,3.9583333333333335,0.2,0.5416666666666666,0.5,0.48886437592531184,0.00018596623487103178,0.5107017224847752,0.0002479353550411289,83.18312582849761
1118,223.74916611074048,3.9583333333333335,0.2,0.5416666666666666,0.5,0.4888745609986605,0.00018482932199685994,0.5106942066665343,0.00024640301280738706,83.18312582849761
1119,223.949299533022,3.9583333333333335,0.2,0.5416666666666666,0.5,0.488884682270286,0.00018369941376470295,0.5106867379806286,0.0002448803353198693,83.18312582849761
1120,224.14943295530352,3.9583333333333335,0.2,0.5416666666666666,0.5,0.4888947401566042,0.00018257646502611914,0.5106793161179203,0.00024336726044848356,83.18312582849761
1121,224.34956637758503,3.9583333333333335,0.2,0.5416666666666666,0.5,0.48890473507104154,0.0001814604309108879,0.5106719407714682,0.00024186372657849869,83.18312582849761
1122,224.54969979986657,3.9583333333333335,0.2,0.5416666666666666,0.5,0.48891466742403444,0.00018035126682701045,0.5106646116365271,0.00024036967261054543,83.18312582849761
1123,224.74983322214808,3.9583333333333335,0.2,0.5416666666666666,0.5,0.48892453762302934,0.0001792489284607101,0.5106573284105485,0.00023888503796061692,83.18312582849761
1124,224.94996664442962,3.9583333333333335,0.2,0.5416666666666666,0.5,0.48893434607248315,0.00017815337177643127,0.5106500907931795,0.0002374097625600672,83.18312582849761
1125,225.15010006671113,3.9583333333333335,0.2,0.5416666666666666,0.5,0.4889440931738626,0.0001770645530168407,0.510642898486264,0.0002359437868556129,83.18312582849761
1126,225.35023348899264,3.9583333333333335,0.2,0.5416666666666666,0.5,0.48895377932564493,0.00017598242870282634,0.510635751193842,0.0002344870518093318,83.18312582849761
1127,225.55036691127418,3.9583333333333335,0.2,0.5416666666666666,0.5,0.4889634049233041,0.00017490695564040078,0.5106286486221651,0.00023303949888958873,83.18312582849761
1128,225.7505003335557,3.9583333333333335,0.2,0.5416666666666666,0.5,0.488972970348863,0.00017383809637466435,0.5106215904918604,0.00023160106290105514,83.18312582849761
1129,225.9506337558372,3.9583333333333335,0.2,0.5416666666666666,0.5,0.48898247598019423,0.00017277581433479457,0.5106145765271028,0.00023017167836728345,83.18312582849761
1130,226.15076717811874,3.9583333333333335,0.2,0.5416666666666666,0.5,0.4889919221998682,0.00017172006921504352,0.5106076064453128,0.000228751285603019,83.18312582849761
1131,226.35090060040025,3.9583333333333335,0.2,0.5416666666666666,0.5,0.4890013093872309,0.0001706708211104659,0.5106006799663805,0.00022733982527722063,83.18312582849761
1132,226.5510340226818,3.9583333333333335,0.2,0.5416666666666666,0.5,0.48901063791840355,0.00016962803051691808,0.5105937968126656,0.00022593723841305932,83.18312582849761
1133,226.7511674449633,3.9583333333333335,0.2,0.5416666666666666,0.5,0.4890199081662826,0.00016859165833105915,0.5105869567089976,0.00022454346638791975,83.18312582849761
1134,226.9513008672448,3.9583333333333335,0.2,0.5416666666666666,0.5,0.48902912050054004,0.00016756166585035005,0.5105801593826753,0.00022315845093339888,83.18312582849761
1135,227.15143428952635,3.9583333333333335,0.2,0.5416666666666666,0.5,0.489038275287623,0.00016653801477305388,0.5105734045634678,0.0002217821341353066,83.18312582849761
1136,227.35156771180786,3.9583333333333335,0.2,0.5416666666666666,0.5,0.4890473728907542,0.0001655206671982364,0.510566691983613,0.00022041445843366627,83.18312582849761
1137,227.55170113408937,3.9583333333333335,0.2,0.5416666666666666,0.5,0.48905641366993136,0.00016450958562576516,0.5105600213778193,0.00021905536662271362,83.18312582849761
1138,227.7518345563709,3.9583333333333335,0.2,0.5416666666666666,0.5,0.4890653979819279,0.00016350473295630985,0.510553392483264,0.00021770480185089725,83.18312582849761
1139,227.95196797865242,3.9583333333333335,0.2,0.5416666666666666,0.5,0.4890743261802923,0.00016250607249134282,0.5105468050395946,0.0002163627076208792,83.18312582849761
1140,228.15210140093396,3.9583333333333335,0.2,0.5416666666666666,0.5,0.4890831986153486,0.00016151356793313814,0.5105402587889278,0.0002150290277895338,83.18312582849761
1141,228.35223482321547,3.9583333333333335,0.2,0.5416666666666666,0.5,0.48909201563419596,0.00016052718338477255,0.5105337534758505,0.00021370370656794883,83.18312582849761
1142,228.55236824549698,3.9583333333333335,0.2,0.5416666666666666,0.5,0.4891007775807091,0.00015954688335012465,0.5105272888474185,0.0002123866885214246,83.18312582849761
1143,228.75250166777852,3.9583333333333335,0.2,0.5416666666666666,0.5,0.489109484811909,0.0001585726293873049,0.5105208646393121,0.00021107791939073506,83.18312582849761
1144,228.95263509006003,3.9583333333333335,0.2,0.5416666666666666,0.5,0.4891181377086544,0.00015760437792318043,0.5105144805667932,0.00020977734662845225,83.18312582849761
1145,229.15276851234154,3.9583333333333335,0.2,0.5416666666666666,0.5,0.48912673661783607,0.00015664209206993826,0.510508136373594,0.0002084849164991165,83.18312582849761
1146,229.35290193462308,3.9583333333333335,0.2,0.5416666666666666,0.5,0.48913528188238353,0.00015568573549112227,0.5105018318065401,0.00020720057558453435,83.18312582849761
1147,229.5530353569046,3.9583333333333335,0.2,0.5416666666666666,0.5,0.48914377384268326,0.0001547352721117506,0.5104955666143494,0.00020592427085491753,83.18312582849761
1148,229.75316877918613,3.9583333333333335,0.2,0.5416666666666666,0.5,0.48915221283657867,0.00015379066611831456,0.5104893405476334,0.00020465594966888158,83.18312582849761
1149,229.95330220146764,3.9583333333333335,0.2,0.5416666666666666,0.5,0.48916059919937016,0.00015285188195877998,0.5104831533588969,0.00020339555977344744,83.18312582849761
1150,230.15343562374915,3.9583333333333335,0.2,0.5416666666666666,0.5,0.4891689332638149,0.00015191888434258597,0.5104770048025378,0.00020214304930404008,83.18312582849761
1151,230.35356904603069,3.9583333333333335,0.2,0.5416666666666666,0.5,0.48917721536012715,0.00015099163824064556,0.510470894634847,0.00020089836678448912,83.18312582849761
1152,230.5537024683122,3.9583333333333335,0.2,0.5416666666666666,0.5,0.48918544581597795,0.0001500701088853459,0.5104648226140089,0.0001996614611270293,83.18312582849761
1153,230.75383589059373,3.9583333333333335,0.2,0.5416666666666666,0.5,0.4891936249564954,0.0001491542617705475,0.5104587885001011,0.00019843228163229926,83.18312582849761
1154,230.95396931287524,3.9583333333333335,0.2,0.5416666666666666,0.5,0.48920175310426434,0.0001482440626515852,0.5104527920550941,0.00019721077798934294,83.18312582849761
1155,231.15410273515675,3.9583333333333335,0.2,0.5416666666666666,0.5,0.4892098305793267,0.00014733947754526727,0.5104468330428518,0.00019599690027560841,83.18312582849761
1156,231.3542361574383,3.9583333333333335,0.2,0.5416666666666666,0.5,0.4892178576991813,0.00014644047272987577,0.5104409112291312,0.00019479059895694833,83.18312582849761
1157,231.5543695797198,3.9583333333333335,0.2,0.5416666666666666,0.5,0.48922583477878384,0.000145547014745167,0.5104350263815827,0.00019359182488762046,83.18312582849761
1158,231.75450300200131,3.9583333333333335,0.2,0.5416666666666666,0.5,0.48923376213815273,0.00014465906869416174,0.5104291782631295,0.00019240053002290666,83.18312582849761
1159,231.95463642428285,3.9583333333333335,0.2,0.5416666666666666,0.5,0.48924164013812144,0.00014377659026056975,0.5104233666008484,0.0001912166707688435,83.18312582849761
1160,232.15476984656436,3.9583333333333335,0.2,0.5416666666666666,0.5,0.4892494691059337,0.00014289954232149624,0.510417591150733,0.00019004020101102897,83.18312582849761
1161,232.3549032688459,3.9583333333333335,0.2,0.5416666666666666,0.5,0.4892572493596883,0.0001420278894895911,0.5104118516764166,0.00018887107440489982,83.18312582849761
1162,232.5550366911274,3.9583333333333335,0.2,0.5416666666666666,0.5,0.48926498121571205,0.00014116159646679883,0.5104061479427539,0.00018770924506655002,83.18312582849761
1163,232.75517011340892,3.9583333333333335,0.2,0.5416666666666666,0.5,0.48927266498855987,0.0001403006280443579,0.5104004797158223,0.00018655466757272937,83.18312582849761
1164,232.95530353569046,3.9583333333333335,0.2,0.5416666666666666,0.5,0.48928030099101477,0.00013944494910280082,0.5103948467629209,0.00018540729696084405,83.18312582849761
1165,233.15543695797197,3.9583333333333335,0.2,0.5416666666666666,0.5,0.4892878895340877,0.0001385945246119547,0.5103892488525706,0.00018426708872895715,83.18312582849761
1166,233.35557038025348,3.9583333333333335,0.2,0.5416666666666666,0.5,0.4892954309270179,0.00013774931963094045,0.5103836857545146,0.00018313399883578772,83.18312582849761
1167,233.55570380253502,3.9583333333333335,0.2,0.5416666666666666,0.5,0.4893029254772725,0.00013690929930817316,0.5103781572397179,0.00018200798370071112,83.18312582849761
1168,233.75583722481653,3.9583333333333335,0.2,0.5416666666666666,0.5,0.48931037349054674,0.0001360744288813625,0.5103726630803674,0.00018088900020375967,83.18312582849761
1169,233.95597064709807,3.9583333333333335,0.2,0.5416666666666666,0.5,0.489317775270764,0.00013524467367751177,0.5103672030498722,0.0001797770056856214,83.18312582849761
1170,234.15610406937958,3.9583333333333335,0.2,0.5416666666666666,0.5,0.48932513112007564,0.00013441999911291896,0.510361776922863,0.00017867195794764142,83.18312582849761
1171,234.3562374916611,3.9583333333333335,0.2,0.5416666666666666,0.5,0.4893324413388612,0.0001336003706931759,0.510356384475193,0.0001775738152518207,83.18312582849761
1172,234.55637091394263,3.9583333333333335,0.2,0.5416666666666666,0.5,0.48933970622572825,0.00013278575401316856,0.510351025483937,0.00017648253632081675,83.18312582849761
1173,234.75650433622414,3.9583333333333335,0.2,0.5416666666666666,0.5,0.4893469307634372,0.00013197555515813867,0.5103456961779809,0.00017539750342295012,83.18312582849761
1174,234.95663775850565,3.9583333333333335,0.2,0.5416666666666666,0.5,0.4893541047222655,0.00013117100431852275,0.5103404043163746,0.0001743199570404551,83.18312582849761
1175,235.1567711807872,3.9583333333333335,0.2,0.5416666666666666,0.5,0.48936123440994156,0.00013037135346864756,0.5103351451284381,0.00017324910815072524,83.18312582849761
1176,235.3569046030687,3.9583333333333335,0.2,0.5416666666666666,0.5,0.4893683200810764,0.00012957657505053058,0.5103299184261375,0.00017218491773473066,83.18312582849761
1177,235.55703802535024,3.9583333333333335,0.2,0.5416666666666666,0.5,0.4893753619902809,0.00012878664150618884,0.5103247240214386,0.00017112734677344086,83.18312582849761
1178,235.75717144763175,3.9583333333333335,0.2,0.5416666666666666,0.5,0.48938236039216615,0.0001280015252776398,0.5103195617263075,0.00017007635624782593,83.18312582849761
1179,235.95730486991326,3.9583333333333335,0.2,0.5416666666666666,0.5,0.4893893155413431,0.00012722119880690064,0.5103144313527103,0.00016903190713885553,83.18312582849761
1180,236.1574382921948,3.9583333333333335,0.2,0.5416666666666666,0.5,0.48939622769242264,0.00012644563453598844,0.510309332712613,0.00016799396042749932,83.18312582849761
1181,236.3575717144763,3.9583333333333335,0.2,0.5416666666666666,0.5,0.48940309710001584,0.00012567480490692073,0.5103042656179816,0.0001669624770947274,83.18312582849761
1182,236.55770513675782,3.9583333333333335,0.2,0.5416666666666666,0.5,0.4894099240187337,0.00012490868236171465,0.5102992298807822,0.0001659374181215094,83.18312582849761
1183,236.75783855903936,3.9583333333333335,0.2,0.5416666666666666,0.5,0.4894167087031871,0.00012414723934238732,0.5102942253129809,0.00016491874448881498,83.18312582849761
1184,236.95797198132087,3.9583333333333335,0.2,0.5416666666666666,0.5,0.48942345140798704,0.00012339044829095622,0.5102892517265435,0.00016390641717761427,83.18312582849761
1185,237.1581054036024,3.9583333333333335,0.2,0.5416666666666666,0.5,0.4894301523877446,0.00012263828164943836,0.5102843089334362,0.00016290039716887673,83.18312582849761
1186,237.35823882588392,3.9583333333333335,0.2,0.5416666666666666,0.5,0.48943681189707067,0.00012189071185985127,0.5102793967456251,0.00016190064544357248,83.18312582849761
1187,237.55837224816543,3.9583333333333335,0.2,0.5416666666666666,0.5,0.4894434301905762,0.00012114771136421205,0.510274514975076,0.00016090712298267118,83.18312582849761
1188,237.75850567044697,3.9583333333333335,0.2,0.5416666666666666,0.5,0.4894500075228722,0.00012040925260453786,0.5102696634337552,0.00015991979076714245,83.18312582849761
1189,237.95863909272848,3.9583333333333335,0.2,0.5416666666666666,0.5,0.4894565441115052,0.00011967531970281786,0.5102648419688935,0.0001589385998975173,83.18312582849761
1190,238.15877251500999,3.9583333333333335,0.2,0.5416666666666666,0.5,0.4894630401503163,0.000118945904251175,0.5102600504502766,0.00015796349515511502,83.18312582849761
1191,238.35890593729152,3.9583333333333335,0.2,0.5416666666666666,0.5,0.4894694958681015,0.00011822098682657884,0.5102552887144317,0.00015699443063930453,83.18312582849761
1192,238.55903935957303,3.9583333333333335,0.2,0.5416666666666666,0.5,0.48947591149373615,0.00011750054798100574,0.5102505565978114,0.00015603136047059787,83.18312582849761
1193,238.75917278185457,3.9583333333333335,0.2,0.5416666666666666,0.5,0.4894822872560956,0.00011678456826643162,0.5102458539368676,0.00015507423876950658,83.18312582849761
1194,238.95930620413608,3.9583333333333335,0.2,0.5416666666666666,0.5,0.4894886233877277,0.00011607302698192796,0.51024118056446,0.00015412302082963924,83.18312582849761
1195,239.1594396264176,3.9583333333333335,0.2,0.5416666666666666,0.5,0.4894949202081096,0.00011536587376968716,0.5102365362284075,0.00015317768971238006,83.18312582849761
1196,239.35957304869913,3.9583333333333335,0.2,0.5416666666666666,0.5,0.4895011780148581,0.00011466306572989316,0.510231920697915,0.00015223822149618575,83.18312582849761
1197,239.55970647098064,3.9583333333333335,0.2,0.5416666666666666,0.5,0.48950739707658736,0.0001139645698571757,0.5102273337705593,0.00015130458299533048,83.18312582849761
1198,239.75983989326215,3.9583333333333335,0.2,0.5416666666666666,0.5,0.4895135776619118,0.0001132703531461642,0.5102227752439171,0.00015037674102408804,83.18312582849761
1199,239.9599733155437,3.9583333333333335,0.2,0.5416666666666666,0.5,0.48951972003944555,0.00011258038259148807,0.5102182449155654,0.00014945466239673226,83.18312582849761
1200,240.1601067378252,3.9583333333333335,0.2,0.5416666666666666,0.5,0.4895258244662329,0.00011189462783878058,0.5102137425930933,0.00014853831283426962,83.18312582849761
1201,240.36024016010674,3.9583333333333335,0.2,0.5416666666666666,0.5,0.4895318911432581,0.00011121307137843255,0.510209268132602,0.0001476276527605576,83.18312582849761
1202,240.56037358238825,3.9583333333333335,0.2,0.5416666666666666,0.5,0.4895379203068107,0.00011053568761152582,0.5102048213596415,0.00014672264593546674,83.18312582849761
1203,240.76050700466976,3.9583333333333335,0.2,0.5416666666666666,0.5,0.48954391220015675,0.00010986244934058125,0.5102004020937237,0.00014582325677810985,83.18312582849761
1204,240.9606404269513,3.9583333333333335,0.2,0.5416666666666666,0.5,0.4895498670665626,0.00010919332936811972,0.5101960101543609,0.0001449294497075997,83.18312582849761
1205,241.1607738492328,3.9583333333333335,0.2,0.5416666666666666,0.5,0.48955578514929443,0.00010852830049666239,0.5101916453610651,0.0001440411891430496,83.18312582849761
1206,241.36090727151432,3.9583333333333335,0.2,0.5416666666666666,0.5,0.48956167103168824,0.00010786687254831446,0.5101873043374423,0.00014315775832037097,83.18312582849761
1207,241.56104069379586,3.9583333333333335,0.2,0.5416666666666666,0.5,0.48956751402969334,0.00010721019030125334,0.510182994956409,0.0001422808235956126,83.18312582849761
1208,241.76117411607737,3.9583333333333335,0.2,0.5416666666666666,0.5,0.4895733217834797,0.00010655743645704451,0.5101787115894856,0.00014140919057685047,83.18312582849761
1209,241.9613075383589,3.9583333333333335,0.2,0.5416666666666666,0.5,0.4895790942930472,0.00010590861101568781,0.5101744542366722,0.0001405428592640843,83.18312582849761
1210,242.16144096064042,3.9583333333333335,0.2,0.5416666666666666,0.5,0.4895848315583959,0.00010526371397718342,0.5101702228979688,0.00013968182965731437,83.18312582849761
1211,242.36157438292193,3.9583333333333335,0.2,0.5416666666666666,0.5,0.4895905335877573,0.00010462274441933832,0.5101660175672729,0.0001388261005497107,83.18312582849761
1212,242.56170780520347,3.9583333333333335,0.2,0.5416666666666666,0.5,0.4895962008779952,0.00010398564667768715,0.5101618378762305,0.00013797559909584347,83.18312582849761
1213,242.76184122748498,3.9583333333333335,0.2,0.5416666666666666,0.5,0.4896018337215033,0.00010335238799489261,0.5101576836080733,0.00013713028242774835,83.18312582849761
1214,242.9619746497665,3.9583333333333335,0.2,0.5416666666666666,0.5,0.48960743211828156,0.0001027229683709546,0.5101535547628013,0.0001362901505454253,83.18312582849761
1215,243.16210807204803,3.9583333333333335,0.2,0.5416666666666666,0.5,0.48961299606833,0.00010209738780587302,0.5101494513404146,0.00013545520344887416,83.18312582849761
1216,243.36224149432954,3.9583333333333335,0.2,0.5416666666666666,0.5,0.48961852557164853,0.00010147564629964808,0.510145373340913,0.00013462544113809513,83.18312582849761
1217,243.56237491661108,3.9583333333333335,0.2,0.5416666666666666,0.5,0.48962402062823723,0.00010085774385227956,0.5101413207642966,0.00013380086361308805,83.18312582849761
1218,243.7625083388926,3.9583333333333335,0.2,0.5416666666666666,0.5,0.48962948123809613,0.00010024368046376767,0.5101372936105655,0.0001329814708738531,83.18312582849761
1219,243.9626417611741,3.9583333333333335,0.2,0.5416666666666666,0.5,0.4896349078345048,9.963340854744673e-05,0.5101332915594288,0.00013216719751816,83.18312582849761
1220,244.16277518345564,3.9583333333333335,0.2,0.5416666666666666,0.5,0.48964030150440413,9.902680872571523e-05,0.5101293138073937,0.00013135787947564842,83.18312582849761
1221,244.36290860573715,3.9583333333333335,0.2,0.5416666666666666,0.5,0.48964566229997936,9.842387526711648e-05,0.5101253603158835,0.00013055350886911066,83.18312582849761
1222,244.56304202801866,3.9583333333333335,0.2,0.5416666666666666,0.5,0.4896509902212305,9.782460817165043e-05,0.5101214310848985,0.0001297540856985466,83.18312582849761
1223,244.7631754503002,3.9583333333333335,0.2,0.5416666666666666,0.5,0.4896562852681575,9.722900743931696e-05,0.5101175261144383,0.00012895960996395613,83.18312582849761
1224,244.9633088725817,3.9583333333333335,0.2,0.5416666666666666,0.5,0.4896615474407605,9.663707307011625e-05,0.5101136454045032,0.00012817008166533946,83.18312582849761
1225,245.16344229486324,3.9583333333333335,0.2,0.5416666666666666,0.5,0.48966677673903936,9.604880506404813e-05,0.5101097889550931,0.0001273855008026964,83.18312582849761
1226,245.36357571714476,3.9583333333333335,0.2,0.5416666666666666,0.5,0.4896719613962318,9.546549279079991e-05,0.5101059654587778,0.00012660765219877956,83.18312582849761
1227,245.56370913942627,3.9583333333333335,0.2,0.5416666666666666,0.5,0.4896771305609357,9.488394222660447e-05,0.5101021533823423,0.00012583211449457282,83.18312582849761
1228,245.7638425617078,3.9583333333333335,0.2,0.5416666666666666,0.5,0.48968226712232743,9.430602832879814e-05,0.5100983653662247,0.00012506148311832856,83.18312582849761
1229,245.96397598398931,3.9583333333333335,0.2,0.5416666666666666,0.5,0.4896873712824965,9.373172895296478e-05,0.5100946012611334,0.0001242957274164195,83.18312582849761
1230,246.16410940627082,3.9583333333333335,0.2,0.5416666666666666,0.5,0.48969244324353234,9.316102195468797e-05,0.510090860917777,0.00012353481673521802,83.18312582849761
1231,246.36424282855236,3.9583333333333335,0.2,0.5416666666666666,0.5,0.48969748320752454,9.259388518955132e-05,0.5100871441868641,0.00012277872042109657,83.18312582849761
1232,246.56437625083387,3.9583333333333335,0.2,0.5416666666666666,0.5,0.4897024913765625,9.20302965131387e-05,0.5100834509191031,0.00012202740782042786,83.18312582849761
1233,246.7645096731154,3.9583333333333335,0.2,0.5416666666666666,0.5,0.4897074679527359,9.147023378103364e-05,0.5100797809652027,0.00012128084827958421,83.18312582849761
1234,246.96464309539692,3.9583333333333335,0.2,0.5416666666666666,0.5,0.48971241327281817,9.091365989640423e-05,0.5100761340763542,0.00012053899093034848,83.18312582849761
1235,247.16477651767843,3.9583333333333335,0.2,0.5416666666666666,0.5,0.48971732772951426,9.036053155300607e-05,0.510072509962422,0.00011980177650982468,83.18312582849761
1236,247.36490993995997,3.9583333333333335,0.2,0.5416666666666666,0.5,0.48972221155866047,8.981082285991395e-05,0.5100689084491794,0.0001190691692993749,83.18312582849761
1237,247.56504336224148,3.9583333333333335,0.2,0.5416666666666666,0.5,0.4897270649955592,8.926450798546724e-05,0.510065329362794,0.0001183411336604828,83.18312582849761
1238,247.765176784523,3.9583333333333335,0.2,0.5416666666666666,0.5,0.4897318882755128,8.872156109800511e-05,0.5100617725294337,0.00011761763395463167,83.18312582849761
1239,247.96531020680453,3.9583333333333335,0.2,0.5416666666666666,0.5,0.48973668163382367,8.818195636586674e-05,0.5100582377752664,0.00011689863454330481,83.18312582849761
1240,248.16544362908604,3.9583333333333335,0.2,0.5416666666666666,0.5,0.4897414453057943,8.76456679573915e-05,0.5100547249264595,0.00011618409978798587,83.18312582849761
1241,248.36557705136758,3.9583333333333335,0.2,0.5416666666666666,0.5,0.489746179526727,8.71126700409185e-05,0.5100512338091812,0.00011547399405015802,83.18312582849761
1242,248.5657104736491,3.9583333333333335,0.2,0.5416666666666666,0.5,0.4897508845319242,8.658293678478712e-05,0.5100477642495989,0.00011476828169130491,83.18312582849761
1243,248.7658438959306,3.9583333333333335,0.2,0.5416666666666666,0.5,0.48975556055668845,8.605644235733654e-05,0.5100443160738806,0.00011406692707290983,83.18312582849761
1244,248.96597731821214,3.9583333333333335,0.2,0.5416666666666666,0.5,0.48976020783632196,8.553316092690591e-05,0.5100408891081939,0.0001133698945564561,83.18312582849761
1245,249.16611074049365,3.9583333333333335,0.2,0.5416666666666666,0.5,0.48976482660612725,8.501306666183464e-05,0.5100374831787067,0.00011267714850342732,83.18312582849761
1246,249.36624416277516,3.9583333333333335,0.2,0.5416666666666666,0.5,0.4897694171014067,8.449613373046188e-05,0.5100340981115867,0.00011198865327530683,83.18312582849761
1247,249.5663775850567,3.9583333333333335,0.2,0.5416666666666666,0.5,0.48977397955746266,8.398233630112682e-05,0.5100307337330018,0.00011130437323357793,83.18312582849761
1248,249.7665110073382,3.9583333333333335,0.2,0.5416666666666666,0.5,0.4897785142095976,8.347164854216882e-05,0.5100273898691197,0.00011062427273972423,83.18312582849761
1249,249.96664442961975,3.9583333333333335,0.2,0.5416666666666666,0.5,0.48978302129311396,8.296404462192699e-05,0.5100240663461081,0.00010994831615522895,83.18312582849761
1250,250.16677785190126,3.9583333333333335,0.2,0.5416666666666666,0.5,0.4897875010433141,8.245949870874073e-05,0.5100207629901348,0.0001092764678415757,83.18312582849761
1251,250.36691127418277,3.9583333333333335,0.2,0.5416666666666666,0.5,0.4897919536843063,8.195798619209802e-05,0.5100174796356456,0.00010860869385513661,83.18312582849761
1252,250.5670446964643,3.9583333333333335,0.2,0.5416666666666666,0.5,0.4897963790610031,8.145952382731232e-05,0.510014216397503,0.00010794501766582136,83.18312582849761
1253,250.76717811874582,3.9583333333333335,0.2,0.5416666666666666,0.5,0.4898007771688915,8.09641119437781e-05,0.5100109732792186,0.00010728543994524893,83.18312582849761
1254,250.96731154102733,3.9583333333333335,0.2,0.5416666666666666,0.5,0.48980514817957366,8.047173165878882e-05,0.5100077501540671,0.00010662993469967688,83.18312582849761
1255,251.16744496330887,3.9583333333333335,0.2,0.5416666666666666,0.5,0.4898094922646517,7.998236408963792e-05,0.5100045468953224,0.00010597847593536274,83.18312582849761
1256,251.36757838559038,3.9583333333333335,0.2,0.5416666666666666,0.5,0.48981380959572784,7.949599035361903e-05,0.5100013633762591,0.00010533103765856435,83.18312582849761
1257,251.56771180787192,3.9583333333333335,0.2,0.5416666666666666,0.5,0.4898181003444042,7.901259156802554e-05,0.5099981994701513,0.00010468759387553915,83.18312582849761
1258,251.76784523015343,3.9583333333333335,0.2,0.5416666666666666,0.5,0.4898223646822829,7.85321488501511e-05,0.5099950550502735,0.000104048118592545,83.18312582849761
1259,251.96797865243494,3.9583333333333335,0.2,0.5416666666666666,0.5,0.48982660278096607,7.805464331728914e-05,0.5099919299899,0.0001034125858158394,83.18312582849761
1260,252.16811207471648,3.9583333333333335,0.2,0.5416666666666666,0.5,0.4898308148120559,7.75800560867331e-05,0.5099888241623048,0.00010278096955167994,83.18312582849761
1261,252.368245496998,3.9583333333333335,0.2,0.5416666666666666,0.5,0.4898350009471545,7.710836827577665e-05,0.5099857374407625,0.00010215324380632442,83.18312582849761
1262,252.5683789192795,3.9583333333333335,0.2,0.5416666666666666,0.5,0.48983916135786404,7.66395610017132e-05,0.5099826696985473,0.0001015293825860304,83.18312582849761
1263,252.76851234156103,3.9583333333333335,0.2,0.5416666666666666,0.5,0.48984329621578665,7.617361538183622e-05,0.5099796208089336,0.00010090935989705544,83.18312582849761
1264,252.96864576384255,3.9583333333333335,0.2,0.5416666666666666,0.5,0.4898474056925245,7.571051253343932e-05,0.5099765906451955,0.00010029314974565734,83.18312582849761
1265,253.16877918612408,3.9583333333333335,0.2,0.5416666666666666,0.5,0.4898514899596797,7.525023357381591e-05,0.5099735790806075,9.968072613809358e-05,83.18312582849761
1266,253.3689126084056,3.9583333333333335,0.2,0.5416666666666666,0.5,0.4898555491888544,7.479275962025964e-05,0.5099705859884438,9.907206308062196e-05,83.18312582849761
1267,253.5690460306871,3.9583333333333335,0.2,0.5416666666666666,0.5,0.48985958355165077,7.43380717900639e-05,0.5099676112419788,9.846713457950004e-05,83.18312582849761
1268,253.76917945296864,3.9583333333333335,0.2,0.5416666666666666,0.5,0.48986359321967093,7.388615120052219e-05,0.5099646547144867,9.786591464098539e-05,83.18312582849761
1269,253.96931287525015,3.9583333333333335,0.2,0.5416666666666666,0.5,0.4898675783473187,7.343698069826802e-05,0.5099617162919015,9.726838008077578e-05,83.18312582849761
1270,254.16944629753166,3.9583333333333335,0.2,0.5416666666666666,0.5,0.48987153897645985,7.29905544459032e-05,0.5099587959429952,9.667452609819245e-05,83.18312582849761
1271,254.3695797198132,3.9583333333333335,0.2,0.5416666666666666,0.5,0.48987547523703057,7.254685775034187e-05,0.5099558935717123,9.608433350584022e-05,83.18312582849761
1272,254.5697131420947,3.9583333333333335,0.2,0.5416666666666666,0.5,0.48987938728237124,7.210587356514824e-05,0.5099530090647696,9.54977792931336e-05,83.18312582849761
1273,254.76984656437625,3.9583333333333335,0.2,0.5416666666666666,0.5,0.4898832752658222,7.166758484388624e-05,0.5099501423088836,9.491484044948677e-05,83.18312582849761
1274,254.96997998665776,3.9583333333333335,0.2,0.5416666666666666,0.5,0.4898871393407237,7.123197454012011e-05,0.5099472931907709,9.433549396431425e-05,83.18312582849761
1275,255.17011340893927,3.9583333333333335,0.2,0.5416666666666666,0.5,0.48989097966041617,7.079902560741384e-05,0.5099444615971485,9.375971682703028e-05,83.18312582849761
1276,255.3702468312208,3.9583333333333335,0.2,0.5416666666666666,0.5,0.4898947963782399,7.036872099933143e-05,0.5099416474147328,9.318748602704915e-05,83.18312582849761
1277,255.57038025350232,3.9583333333333335,0.2,0.5416666666666666,0.5,0.48989858964753524,6.994104366943711e-05,0.5099388505302407,9.261877855378537e-05,83.18312582849761
1278,255.77051367578383,3.9583333333333335,0.2,0.5416666666666666,0.5,0.4899023596216425,6.951597657129489e-05,0.5099360708303886,9.20535713966532e-05,83.18312582849761
1279,255.97064709806537,3.9583333333333335,0.2,0.5416666666666666,0.5,0.4899061064539021,6.909350265846876e-05,0.5099333082018934,9.14918415450669e-05,83.18312582849761
1280,256.1707805203469,3.9583333333333335,0.2,0.5416666666666666,0.5,0.48990983029765434,6.86736048845229e-05,0.5099305625314718,9.093356598844092e-05,83.18312582849761
1281,256.3709139426284,3.9583333333333335,0.2,0.5416666666666666,0.5,0.4899135313062395,6.82562662030214e-05,0.5099278337058405,9.037872171618967e-05,83.18312582849761
1282,256.57104736490993,3.9583333333333335,0.2,0.5416666666666666,0.5,0.48991720963299795,6.784146956752831e-05,0.509925121611716,8.982728571772742e-05,83.18312582849761
1283,256.77118078719144,3.9583333333333335,0.2,0.5416666666666666,0.5,0.48992086543127,6.742919793160769e-05,0.5099224261358151,8.927923498246853e-05,83.18312582849761
1284,256.97131420947295,3.9583333333333335,0.2,0.5416666666666666,0.5,0.4899244988543961,6.701943424882363e-05,0.5099197471648544,8.873454649982733e-05,83.18312582849761
1285,257.1714476317545,3.9583333333333335,0.2,0.5416666666666666,0.5,0.48992811005571646,6.661216147274008e-05,0.5099170845855507,8.819319725921802e-05,83.18312582849761
1286,257.371581054036,3.9583333333333335,0.2,0.5416666666666666,0.5,0.4899316991885715,6.620736255692135e-05,0.5099144382846207,8.765516425005528e-05,83.18312582849761
1287,257.57171447631754,3.9583333333333335,0.2,0.5416666666666666,0.5,0.4899352631994534,6.580537775719507e-05,0.509911810520385,8.71209024034998e-05,83.18312582849761
1288,257.77184789859905,3.9583333333333335,0.2,0.5416666666666666,0.5,0.48993880915124877,6.540542017572615e-05,0.5099091960696496,8.65893589250555e-05,83.18312582849761
1289,257.97198132088056,3.9583333333333335,0.2,0.5416666666666666,0.5,0.48994233320827424,6.500791721717352e-05,0.5099065977691881,8.606110531963279e-05,83.18312582849761
1290,258.1721147431621,3.9583333333333335,0.2,0.5416666666666666,0.5,0.4899458355218649,6.461285205854377e-05,0.5099040155072002,8.553611887553161e-05,83.18312582849761
1291,258.37224816544364,3.9583333333333335,0.2,0.5416666666666666,0.5,0.4899493162424503,6.42202079776995e-05,0.5099014491725552,8.501437701596093e-05,83.18312582849761
1292,258.57238158772515,3.9583333333333335,0.2,0.5416666666666666,0.5,0.4899527755195551,6.38299683533587e-05,0.5098988986547917,8.449585729903795e-05,83.18312582849761
1293,258.77251501000666,3.9583333333333335,0.2,0.5416666666666666,0.5,0.48995621350179847,6.344211666509525e-05,0.5098963638441179,8.398053741778866e-05,83.18312582849761
1294,258.97264843228817,3.9583333333333335,0.2,0.5416666666666666,0.5,0.48995963033689455,6.305663649333872e-05,0.5098938446314111,8.34683952001477e-05,83.18312582849761
1295,259.1727818545697,3.9583333333333335,0.2,0.5416666666666666,0.5,0.4899630261716523,6.267351151937444e-05,0.5098913409082185,8.295940860895833e-05,83.18312582849761
1296,259.37291527685124,3.9583333333333335,0.2,0.5416666666666666,0.5,0.4899664011519755,6.229272552534334e-05,0.5098888525667563,8.245355574197233e-05,83.18312582849761
1297,259.57304869913276,3.9583333333333335,0.2,0.5416666666666666,0.5,0.48996975542286253,6.19142623942424e-05,0.5098863794999106,8.195081483185058e-05,83.18312582849761
1298,259.77318212141427,3.9583333333333335,0.2,0.5416666666666666,0.5,0.4899730891284068,6.153810610992406e-05,0.5098839216012363,8.145116424616213e-05,83.18312582849761
1299,259.9733155436958,3.9583333333333335,0.2,0.5416666666666666,0.5,0.48997640241179646,6.116424075709652e-05,0.5098814787649583,8.095458248738483e-05,83.18312582849761
1300,260.1734489659773,3.9583333333333335,0.2,0.5416666666666666,0.5,0.4899796954153144,6.079265052132378e-05,0.5098790508859706,8.04610481929052e-05,83.18312582849761
1301,260.37358238825885,3.9583333333333335,0.2,0.5416666666666666,0.5,0.4899829682803383,6.042331968902543e-05,0.5098766378598368,7.997054013501825e-05,83.18312582849761
1302,260.57371581054036,3.9583333333333335,0.2,0.5416666666666666,0.5,0.48998622114734086,6.0056232647477105e-05,0.50987423958279,7.948303722092804e-05,83.18312582849761
1303,260.7738492328219,3.9583333333333335,0.2,0.5416666666666666,0.5,0.48998945415588924,5.969137388480988e-05,0.5098718559517325,7.899851849274688e-05,83.18312582849761
1304,260.9739826551034,3.9583333333333335,0.2,0.5416666666666666,0.5,0.48999266744464565,5.932872799001064e-05,0.509869486864236,7.851696312749585e-05,83.18312582849761
1305,261.1741160773849,3.9583333333333335,0.2,0.5416666666666666,0.5,0.48999586110327503,5.8968285119952986e-05,0.5098671322543791,7.803835722514828e-05,83.18312582849761
1306,261.37424949966646,3.9583333333333335,0.2,0.5416666666666666,0.5,0.4899990352087358,5.861003687390436e-05,0.5098647920657032,7.756268868628346e-05,83.18312582849761
1307,261.574382921948,3.9583333333333335,0.2,0.5416666666666666,0.5,0.490002189886467,5.825396933790244e-05,0.5098624662056185,7.708993857575814e-05,83.18312582849761
1308,261.7745163442295,3.9583333333333335,0.2,0.5416666666666666,0.5,0.4900053252606973,5.790006873352462e-05,0.509860154582432,7.662008813640244e-05,83.18312582849761
1309,261.974649766511,3.9583333333333335,0.2,0.5416666666666666,0.5,0.490008441454412,5.754832142164179e-05,0.5098578571053718,7.615311879368072e-05,83.18312582849761
1310,262.1747831887925,3.9583333333333335,0.2,0.5416666666666666,0.5,0.49001153858935326,5.719871390241821e-05,0.5098555736845878,7.568901215569138e-05,83.18312582849761
1311,262.374916611074,3.9583333333333335,0.2,0.5416666666666666,0.5,0.49001461678601965,5.685123281531152e-05,0.509853304231151,7.522775001316695e-05,83.18312582849761
1312,262.5750500333556,3.9583333333333335,0.2,0.5416666666666666,0.5,0.4900176761636667,5.6505864939072644e-05,0.509851048657054,7.476931433947386e-05,83.18312582849761
1313,262.7751834556371,3.9583333333333335,0.2,0.5416666666666666,0.5,0.49002071684030635,5.616259719174618e-05,0.5098488068752105,7.431368729061304e-05,83.18312582849761
1314,262.9753168779186,3.9583333333333335,0.2,0.5416666666666666,0.5,0.49002373893270745,5.5821416630669797e-05,0.5098465787994558,7.38608512052191e-05,83.18312582849761
1315,263.1754503002001,3.9583333333333335,0.2,0.5416666666666666,0.5,0.49002674255639533,5.548231045247466e-05,0.5098443643445468,7.341078860456087e-05,83.18312582849761
1316,263.3755837224816,3.9583333333333335,0.2,0.5416666666666666,0.5,0.4900297278256521,5.514526599308531e-05,0.5098421634261615,7.296348219254124e-05,83.18312582849761
1317,263.5757171447632,3.9583333333333335,0.2,0.5416666666666666,0.5,0.4900326948535166,5.481027072771956e-05,0.5098399759608992,7.251891485569707e-05,83.18312582849761
1318,263.7758505670447,3.9583333333333335,0.2,0.5416666666666666,0.5,0.49003564375178416,5.447731227088889e-05,0.509837801866281,7.207706966319967e-05,83.18312582849761
1319,263.9759839893262,3.9583333333333335,0.2,0.5416666666666666,0.5,0.490038574631007,5.414637837639789e-05,0.509835641060749,7.163792986685405e-05,83.18312582849761
1320,264.1761174116077,3.9583333333333335,0.2,0.5416666666666666,0.5,0.4900414876004939,5.3817456937344593e-05,0.5098334934636669,7.120147890109943e-05,83.18312582849761
1321,264.37625083388923,3.9583333333333335,0.2,0.5416666666666666,0.5,0.4900443827683103,5.349053598612045e-05,0.5098313589953198,7.076770038300913e-05,83.18312582849761
1322,264.5763842561708,3.9583333333333335,0.2,0.5416666666666666,0.5,0.4900472602412784,5.3165603694410166e-05,0.5098292375769141,7.033657811229036e-05,83.18312582849761
1323,264.7765176784523,3.9583333333333335,0.2,0.5416666666666666,0.5,0.49005012012497706,5.284264837319211e-05,0.5098271291305777,6.990809607128487e-05,83.18312582849761
1324,264.9766511007338,3.9583333333333335,0.2,0.5416666666666666,0.5,0.4900529625237417,5.2521658472737776e-05,0.5098250335793598,6.948223842496807e-05,83.18312582849761
1325,265.17678452301533,3.9583333333333335,0.2,0.5416666666666666,0.5,0.49005578754066453,5.220262258261209e-05,0.5098229508472312,6.905898952094954e-05,83.18312582849761
1326,265.37691794529684,3.9583333333333335,0.2,0.5416666666666666,0.5,0.4900585952775945,5.188552943167339e-05,0.5098208808590836,6.863833388947302e-05,83.18312582849761
1327,265.57705136757835,3.9583333333333335,0.2,0.5416666666666666,0.5,0.49006138583513703,5.157036788807338e-05,0.5098188235407307,6.822025624341626e-05,83.18312582849761
1328,265.7771847898599,3.9583333333333335,0.2,0.5416666666666666,0.5,0.4900641593126544,5.1257126959257046e-05,0.5098167788189073,6.780474147829101e-05,83.18312582849761
1329,265.9773182121414,3.9583333333333335,0.2,0.5416666666666666,0.5,0.4900669158082655,5.094579579196304e-05,0.5098147466212696,6.739177467224346e-05,83.18312582849761
1330,266.17745163442294,3.9583333333333335,0.2,0.5416666666666666,0.5,0.49006965541884584,5.063636367222311e-05,0.5098127268763952,6.698134108605346e-05,83.18312582849761
1331,266.37758505670445,3.9583333333333335,0.2,0.5416666666666666,0.5,0.49007237824002775,5.032882002536246e-05,0.5098107195137831,6.657342616313515e-05,83.18312582849761
1332,266.57771847898596,3.9583333333333335,0.2,0.5416666666666666,0.5,0.4900750843662001,5.0023154415999713e-05,0.5098087244638537,6.616801552953668e-05,83.18312582849761
1333,266.7778519012675,3.9583333333333335,0.2,0.5416666666666666,0.5,0.4900777738905085,4.971935654804675e-05,0.5098067416579488,6.57650949939402e-05,83.18312582849761
1334,266.97798532354904,3.9583333333333335,0.2,0.5416666666666666,0.5,0.49008044691641756,4.941741495100616e-05,0.509804771019806,6.536464882480437e-05,83.18312582849761
1335,267.17811874583055,3.9583333333333335,0.2,0.5416666666666666,0.5,0.49008310361688506,4.911731025664515e-05,0.5098028124219246,6.496665093304725e-05,83.18312582849761
1336,267.37825216811206,3.9583333333333335,0.2,0.5416666666666666,0.5,0.4900857441063818,4.881902974001841e-05,0.5098008657799357,6.457108394189486e-05,83.18312582849761
1337,267.57838559039357,3.9583333333333335,0.2,0.5416666666666666,0.5,0.4900883684842625,4.852256239165301e-05,0.5097989310206209,6.417793272428979e-05,83.18312582849761
1338,267.77851901267513,3.9583333333333335,0.2,0.5416666666666666,0.5,0.4900909768489942,4.822789730100085e-05,0.5097970080714213,6.378718228286734e-05,83.18312582849761
1339,267.97865243495664,3.9583333333333335,0.2,0.5416666666666666,0.5,0.49009356929815573,4.7935023656439e-05,0.5097950968604372,6.339881774995597e-05,83.18312582849761
1340,268.17878585723815,3.9583333333333335,0.2,0.5416666666666666,0.5,0.49009614592843787,4.764393074526923e-05,0.5097931973164287,6.301282438757661e-05,83.18312582849761
1341,268.37891927951966,3.9583333333333335,0.2,0.5416666666666666,0.5,0.4900987068356434,4.735460795371831e-05,0.5097913093688148,6.262918758744308e-05,83.18312582849761
1342,268.5790527018012,3.9583333333333335,0.2,0.5416666666666666,0.5,0.49010125211468714,4.7067044766937934e-05,0.5097894329476743,6.224789287096205e-05,83.18312582849761
1343,268.7791861240827,3.9583333333333335,0.2,0.5416666666666666,0.5,0.49010378185959586,4.678123076900475e-05,0.5097875679837454,6.186892588923297e-05,83.18312582849761
1344,268.97931954636425,3.9583333333333335,0.2,0.5416666666666666,0.5,0.49010629616350815,4.649715564292021e-05,0.5097857144084252,6.1492272423048e-05,83.18312582849761
1345,269.17945296864576,3.9583333333333335,0.2,0.5416666666666666,0.5,0.49010879511867483,4.621480917061098e-05,0.5097838721537711,6.111791838289244e-05,83.18312582849761
1346,269.3795863909273,3.9583333333333335,0.2,0.5416666666666666,0.5,0.49011127881645855,4.593418123292839e-05,0.509782041152499,6.074584980894406e-05,83.18312582849761
1347,269.5797198132088,3.9583333333333335,0.2,0.5416666666666666,0.5,0.4901137473473339,4.565526180964877e-05,0.5097802213379848,6.037605287107356e-05,83.18312582849761
1348,269.7798532354903,3.9583333333333335,0.2,0.5416666666666666,0.5,0.4901162008008874,4.537804097947341e-05,0.5097784126442637,6.000851386884443e-05,83.18312582849761
1349,269.97998665777186,3.9583333333333335,0.2,0.5416666666666666,0.5,0.4901186392658178,4.510250892002842e-05,0.5097766150060301,5.9643219231512885e-05,83.18312582849761
1350,270.18012008005337,3.9583333333333335,0.2,0.5416666666666666,0.5,0.49012106282993556,4.482865590786509e-05,0.509774828358638,5.928015551802825e-05,83.18312582849761
1351,270.3802535023349,3.9583333333333335,0.2,0.5416666666666666,0.5,0.49012347158016323,4.45564723184594e-05,0.5097730526381007,5.891930941703235e-05,83.18312582849761
1352,270.5803869246164,3.9583333333333335,0.2,0.5416666666666666,0.5,0.49012586560253524,4.428594862621233e-05,0.509771287781091,5.856066774685992e-05,83.18312582849761
1353,270.7805203468979,3.9583333333333335,0.2,0.5416666666666666,0.5,0.4901282449821982,4.40170754044498e-05,0.5097695337249413,5.82042174555385e-05,83.18312582849761
1354,270.98065376917947,3.9583333333333335,0.2,0.5416666666666666,0.5,0.4901306098034104,4.3749843325422574e-05,0.5097677904076428,5.7849945620788346e-05,83.18312582849761
1355,271.180787191461,3.9583333333333335,0.2,0.5416666666666666,0.5,0.49013296014954233,4.348424316030658e-05,0.5097660577678468,5.749783945002282e-05,83.18312582849761
1356,271.3809206137425,3.9583333333333335,0.2,0.5416666666666666,0.5,0.49013529610307643,4.3220265779202435e-05,0.5097643357448635,5.71478862803478e-05,83.18312582849761
1357,271.581054036024,3.9583333333333335,0.2,0.5416666666666666,0.5,0.49013761774560693,4.2957902151135767e-05,0.5097626242786628,5.680007357856205e-05,83.18312582849761
1358,271.7811874583055,3.9583333333333335,0.2,0.5416666666666666,0.5,0.4901399251578403,4.269714334405714e-05,0.5097609233098739,5.645438894115716e-05,83.18312582849761
1359,271.981320880587,3.9583333333333335,0.2,0.5416666666666666,0.5,0.4901422184195947,4.243798052484203e-05,0.5097592327797855,5.611082009431753e-05,83.18312582849761
1360,272.1814543028686,3.9583333333333335,0.2,0.5416666666666666,0.5,0.49014449760980056,4.218040495929079e-05,0.5097575526303456,5.576935489392027e-05,83.18312582849761
1361,272.3815877251501,3.9583333333333335,0.2,0.5416666666666666,0.5,0.49014676280650005,4.19244080121289e-05,0.5097558828041617,5.5429981325535576e-05,83.18312582849761
1362,272.5817211474316,3.9583333333333335,0.2,0.5416666666666666,0.5,0.49014901408684736,4.166998114700656e-05,0.5097542232445006,5.509268750442618e-05,83.18312582849761
1363,272.7818545697131,3.9583333333333335,0.2,0.5416666666666666,0.5,0.49015125152710876,4.1417115926498964e-05,0.5097525738952886,5.47574616755477e-05,83.18312582849761
1364,272.98198799199463,3.9583333333333335,0.2,0.5416666666666666,0.5,0.4901534752489984,4.1165798418855305e-05,0.5097509346659396,5.442428664247856e-05,83.18312582849761
1365,273.1821214142762,3.9583333333333335,0.2,0.5416666666666666,0.5,0.49015568538644194,4.091601321000364e-05,0.5097493054565838,5.4093143763514634e-05,83.18312582849761
1366,273.3822548365577,3.9583333333333335,0.2,0.5416666666666666,0.5,0.4901578820233657,4.0667750913061314e-05,0.5097476862052892,5.37640204313995e-05,83.18312582849761
1367,273.5823882588392,3.9583333333333335,0.2,0.5416666666666666,0.5,0.49016006524308275,4.0421002206877935e-05,0.5097460768505742,5.3436904135508474e-05,83.18312582849761
1368,273.7825216811207,3.9583333333333335,0.2,0.5416666666666666,0.5,0.4901622351283499,4.01757578292084e-05,0.5097444773313652,5.3111782455048725e-05,83.18312582849761
1369,273.98265510340224,3.9583333333333335,0.2,0.5416666666666666,0.5,0.49016439176136734,3.993200857671278e-05,0.5097428875869962,5.2788643059059246e-05,83.18312582849761
1370,274.1827885256838,3.9583333333333335,0.2,0.5416666666666666,0.5,0.49016653522377873,3.968974530495632e-05,0.5097413075572091,5.24674737064107e-05,83.18312582849761
1371,274.3829219479653,3.9583333333333335,0.2,0.5416666666666666,0.5,0.4901686655966714,3.944895892840965e-05,0.5097397371821537,5.214826224580582e-05,83.18312582849761
1372,274.5830553702468,3.9583333333333335,0.2,0.5416666666666666,0.5,0.490170782960576,3.920964042044842e-05,0.509738176402387,5.183099661577888e-05,83.18312582849761
1373,274.78318879252834,3.9583333333333335,0.2,0.5416666666666666,0.5,0.49017288739546677,3.8971780813353525e-05,0.5097366251588745,5.1515664844696e-05,83.18312582849761
1374,274.98332221480985,3.9583333333333335,0.2,0.5416666666666666,0.5,0.4901749789807615,3.8735371198311103e-05,0.5097350833929887,5.1202255050755115e-05,83.18312582849761
1375,275.18345563709136,3.9583333333333335,0.2,0.5416666666666666,0.5,0.49017705779532145,3.850040272541247e-05,0.5097335510465104,5.089075544198593e-05,83.18312582849761
1376,275.3835890593729,3.9583333333333335,0.2,0.5416666666666666,0.5,0.49017912391745133,3.826686660365408e-05,0.5097320280616281,5.0581154316249885e-05,83.18312582849761
1377,275.58372248165443,3.9583333333333335,0.2,0.5416666666666666,0.5,0.4901811774248995,3.803475410093781e-05,0.5097305143809376,5.027344006124043e-05,83.18312582849761
1378,275.78385590393594,3.9583333333333335,0.2,0.5416666666666666,0.5,0.4901832183948576,3.780405654407054e-05,0.5097290099474432,4.9967601154482576e-05,83.18312582849761
1379,275.98398932621745,3.9583333333333335,0.2,0.5416666666666666,0.5,0.49018524690396104,3.75747653187644e-05,0.5097275147045562,4.96636261633332e-05,83.18312582849761
1380,276.18412274849896,3.9583333333333335,0.2,0.5416666666666666,0.5,0.4901872630282885,3.7346871869636754e-05,0.5097260285960962,4.936150374498096e-05,83.18312582849761
1381,276.38425617078053,3.9583333333333335,0.2,0.5416666666666666,0.5,0.4901892668433624,3.712036770021009e-05,0.5097245515662903,4.906122264644624e-05,83.18312582849761
1382,276.58438959306204,3.9583333333333335,0.2,0.5416666666666666,0.5,0.49019125842414846,3.689524437291229e-05,0.5097230835597734,4.876277170458144e-05,83.18312582849761
1383,276.78452301534355,3.9583333333333335,0.2,0.5416666666666666,0.5,0.490193237845056,3.667149350907628e-05,0.5097216245215882,4.846613984607053e-05,83.18312582849761
1384,276.98465643762506,3.9583333333333335,0.2,0.5416666666666666,0.5,0.49019520517993787,3.6449106788940215e-05,0.5097201743971851,4.8171316087429326e-05,83.18312582849761
1385,277.1847898599066,3.9583333333333335,0.2,0.5416666666666666,0.5,0.49019716050209033,3.622807595164748e-05,0.5097187331324223,4.7878289535005446e-05,83.18312582849761
1386,277.38492328218814,3.9583333333333335,0.2,0.5416666666666666,0.5,0.4901991038842533,3.600839279524659e-05,0.5097173006735658,4.758704938497822e-05,83.18312582849761
1387,277.58505670446965,3.9583333333333335,0.2,0.5416666666666666,0.5,0.49020103539861004,3.579004917669147e-05,0.5097158769672893,4.729758492335901e-05,83.18312582849761
1388,277.78519012675116,3.9583333333333335,0.2,0.5416666666666666,0.5,0.49020295511678746,3.557303701184104e-05,0.509714461960674,4.700988552599071e-05,83.18312582849761
1389,277.98532354903267,3.9583333333333335,0.2,0.5416666666666666,0.5,0.4902048631098559,3.535734827545952e-05,0.5097130556012095,4.672394065854811e-05,83.18312582849761
1390,278.1854569713142,3.9583333333333335,0.2,0.5416666666666666,0.5,0.4902067594483292,3.514297500121629e-05,0.5097116578367924,4.643973987653777e-05,83.18312582849761
1391,278.3855903935957,3.9583333333333335,0.2,0.5416666666666666,0.5,0.49020864420216476,3.492990928168598e-05,0.5097102686157277,4.615727282529805e-05,83.18312582849761
1392,278.58572381587726,3.9583333333333335,0.2,0.5416666666666666,0.5,0.4902105174407634,3.4718143268348345e-05,0.5097088878867276,4.587652923999902e-05,83.18312582849761
1393,278.78585723815877,3.9583333333333335,0.2,0.5416666666666666,0.5,0.49021237923636957,3.4507668671527355e-05,0.5097075155962536,4.559749870464486e-05,83.18312582849761
1394,278.9859906604403,3.9583333333333335,0.2,0.5416666666666666,0.5,0.4902142296823249,3.429847407571784e-05,0.5097061516742405,4.5320169358230707e-05,83.18312582849761
1395,279.1861240827218,3.9583333333333335,0.2,0.5416666666666666,0.5,0.4902160688541355,3.4090550665644296e-05,0.5097047960645439,4.504453065434131e-05,83.18312582849761
1396,279.3862575050033,3.9583333333333335,0.2,0.5416666666666666,0.5,0.4902178968223848,3.388389032708955e-05,0.5097034487148416,4.4770572445870444e-05,83.18312582849761
1397,279.58639092728487,3.9583333333333335,0.2,0.5416666666666666,0.5,0.49021971365720823,3.367848498880935e-05,0.5097021095731346,4.449828466786532e-05,83.18312582849761
1398,279.7865243495664,3.9583333333333335,0.2,0.5416666666666666,0.5,0.49022151942829284,3.3474326622532655e-05,0.5097007785877465,4.422765733752682e-05,83.18312582849761
1399,279.9866577718479,3.9583333333333335,0.2,0.5416666666666666,0.5,0.4902233142048776,3.327140724296121e-05,0.5096994557073247,4.395868055420907e-05,83.18312582849761
1400,280.1867911941294,3.9583333333333335,0.2,0.5416666666666666,0.5,0.4902250980557533,3.306971890776985e-05,0.509698140880839,4.3691344499419774e-05,83.18312582849761
1401,280.3869246164109,3.9583333333333335,0.2,0.5416666666666666,0.5,0.49022687104926266,3.286925371760637e-05,0.5096968340575824,4.342563943682008e-05,83.18312582849761
1402,280.5870580386925,3.9583333333333335,0.2,0.5416666666666666,0.5,0.49022863325330013,3.267000381609157e-05,0.509695535187171,4.316155571222455e-05,83.18312582849761
1403,280.787191460974,3.9583333333333335,0.2,0.5416666666666666,0.5,0.490230384735312,3.2471961389819365e-05,0.509694244219544,4.289908375360144e-05,83.18312582849761
1404,280.9873248832555,3.9583333333333335,0.2,0.5416666666666666,0.5,0.49023212556229645,3.227511866835652e-05,0.5096929611049636,4.2638214071072264e-05,83.18312582849761
1405,281.187458305537,3.9583333333333335,0.2,0.5416666666666666,0.5,0.4902338558008034,3.207946792424286e-05,0.5096916857940149,4.2378937256912055e-05,83.18312582849761
1406,281.3875917278185,3.9583333333333335,0.2,0.5416666666666666,0.5,0.4902355755169347,3.1885001472991214e-05,0.5096904182376062,4.212124398554936e-05,83.18312582849761
1407,281.5877251501,3.9583333333333335,0.2,0.5416666666666666,0.5,0.49023728477634404,3.1691711673087396e-05,0.5096891583869688,4.1865125013566176e-05,83.18312582849761
1408,281.7878585723816,3.9583333333333335,0.2,0.5416666666666666,0.5,0.4902389836442368,3.149959092599018e-05,0.509687906193657,4.16105711796979e-05,83.18312582849761
1409,281.9879919946631,3.9583333333333335,0.2,0.5416666666666666,0.5,0.4902406721853704,3.130863167613149e-05,0.5096866616095481,4.135757340483364e-05,83.18312582849761
1410,282.1881254169446,3.9583333333333335,0.2,0.5416666666666666,0.5,0.49024235046405384,3.111882641091611e-05,0.5096854245868427,4.1106122692015736e-05,83.18312582849761
1411,282.3882588392261,3.9583333333333335,0.2,0.5416666666666666,0.5,0.4902440185441483,3.093016766072185e-05,0.5096841950780641,4.085621012644008e-05,83.18312582849761
1412,282.58839226150764,3.9583333333333335,0.2,0.5416666666666666,0.5,0.4902456764890664,3.0742647998899546e-05,0.5096829730360588,4.060782687545605e-05,83.18312582849761
1413,282.7885256837892,3.9583333333333335,0.2,0.5416666666666666,0.5,0.49024732436177293,3.0556260041772956e-05,0.5096817584139963,4.0360964188566424e-05,83.18312582849761
1414,282.9886591060707,3.9583333333333335,0.2,0.5416666666666666,0.5,0.4902489622247843,3.0370996448639017e-05,0.5096805511653691,4.011561339742765e-05,83.18312582849761
1415,283.1887925283522,3.9583333333333335,0.2,0.5416666666666666,0.5,0.4902505901401688,3.01868499217675e-05,0.5096793512439931,3.987176591584946e-05,83.18312582849761
1416,283.38892595063373,3.9583333333333335,0.2,0.5416666666666666,0.5,0.4902522081695467,3.0003813206401232e-05,0.5096781586040067,3.962941323979511e-05,83.18312582849761
1417,283.58905937291524,3.9583333333333335,0.2,0.5416666666666666,0.5,0.4902538163740899,2.9821879090756035e-05,0.5096769731998716,3.938854694738134e-05,83.18312582849761
1418,283.7891927951968,3.9583333333333335,0.2,0.5416666666666666,0.5,0.4902554148145221,2.9641040406020685e-05,0.5096757949863725,3.914915869887829e-05,83.18312582849761
1419,283.9893262174783,3.9583333333333335,0.2,0.5416666666666666,0.5,0.4902570035511192,2.9461290026357112e-05,0.5096746239186173,3.891124023670979e-05,83.18312582849761
1420,284.18945963975983,3.9583333333333335,0.2,0.5416666666666666,0.5,0.49025858264370853,2.9282620868900087e-05,0.5096734599520367,3.867478338545294e-05,83.18312582849761
1421,284.38959306204134,3.9583333333333335,0.2,0.5416666666666666,0.5,0.4902601521516694,2.9105025893757438e-05,0.5096723030423845,3.843978005183836e-05,83.18312582849761
1422,284.58972648432285,3.9583333333333335,0.2,0.5416666666666666,0.5,0.490261712133933,2.8928498104009988e-05,0.5096711531457379,3.820622222475016e-05,83.18312582849761
1423,284.7898599066044,3.9583333333333335,0.2,0.5416666666666666,0.5,0.4902632626440203,2.875303391782585e-05,0.5096700102255673,3.797409649408728e-05,83.18312582849761
1424,284.98999332888593,3.9583333333333335,0.2,0.5416666666666666,0.5,0.49026480373341197,2.857863087826945e-05,0.509668874247936,3.774338777331127e-05,83.18312582849761
1425,285.19012675116744,3.9583333333333335,0.2,0.5416666666666666,0.5,0.49026633545856635,2.840528288415007e-05,0.5096677451714977,3.751408705137073e-05,83.18312582849761
1426,285.39026017344895,3.9583333333333335,0.2,0.5416666666666666,0.5,0.49026785787546695,2.8232983895330806e-05,0.5096666229552673,3.728618536997884e-05,83.18312582849761
1427,285.59039359573046,3.9583333333333335,0.2,0.5416666666666666,0.5,0.49026937103961304,2.8061727939205097e-05,0.5096655075586343,3.705967381308601e-05,83.18312582849761
1428,285.79052701801197,3.9583333333333335,0.2,0.5416666666666666,0.5,0.49027087500601946,2.7891509110696747e-05,0.5096643989413625,3.683454350687979e-05,83.18312582849761
1429,285.99066044029354,3.9583333333333335,0.2,0.5416666666666666,0.5,0.4902723698292169,2.7722321572259865e-05,0.5096632970635907,3.661078561978489e-05,83.18312582849761
1430,286.19079386257505,3.9583333333333335,0.2,0.5416666666666666,0.5,0.49027385556325165,2.7554159553879068e-05,0.5096622018858317,3.6388391362463376e-05,83.18312582849761
1431,286.39092728485656,3.9583333333333335,0.2,0.5416666666666666,0.5,0.4902753322616857,2.7387017353069177e-05,0.509661113368973,3.616735198781433e-05,83.18312582849761
1432,286.59106070713807,3.9583333333333335,0.2,0.5416666666666666,0.5,0.49027679997759677,2.722088933487543e-05,0.509660031474277,3.594765879097407e-05,83.18312582849761
1433,286.7911941294196,3.9583333333333335,0.2,0.5416666666666666,0.5,0.49027825876357833,2.705576993187342e-05,0.5096589561633801,3.5729303109316126e-05,83.18312582849761
1434,286.99132755170115,3.9583333333333335,0.2,0.5416666666666666,0.5,0.4902797086717394,2.6891653644169044e-05,0.5096578873982935,3.551227632245112e-05,83.18312582849761
1435,287.19146097398266,3.9583333333333335,0.2,0.5416666666666666,0.5,0.4902811497537049,2.6728535039398703e-05,0.5096568251414031,3.5296569852227074e-05,83.18312582849761
1436,287.39159439626417,3.9583333333333335,0.2,0.5416666666666666,0.5,0.49028258206061526,2.6566408752729014e-05,0.5096557693554689,3.508217516272901e-05,83.18312582849761
1437,287.5917278185457,3.9583333333333335,0.2,0.5416666666666666,0.5,0.49028400564312663,2.6405269486857e-05,0.5096547200036258,3.486908376027918e-05,83.18312582849761
1438,287.7918612408272,3.9583333333333335,0.2,0.5416666666666666,0.5,0.490285420551411,2.624511201201004e-05,0.5096536770493831,3.4657287193437045e-05,83.18312582849761
1439,287.99199466310876,3.9583333333333335,0.2,0.5416666666666666,0.5,0.4902868268351559,2.6085931165945825e-05,0.5096526404566247,3.44467770529992e-05,83.18312582849761
1440,288.19212808539027,3.9583333333333335,0.2,0.5416666666666666,0.5,0.4902882245435647,2.5927721853952542e-05,0.5096516101896089,3.423754497199958e-05,83.18312582849761
1441,288.3922615076718,3.9583333333333335,0.2,0.5416666666666666,0.5,0.49028961372535634,2.5770479048848603e-05,0.5096505862129687,3.4029582625709155e-05,83.18312582849761
1442,288.5923949299533,3.9583333333333335,0.2,0.5416666666666666,0.5,0.4902909944287655,2.561419779098281e-05,0.5096495684917115,3.3822881731636125e-05,83.18312582849761
1443,288.7925283522348,3.9583333333333335,0.2,0.5416666666666666,0.5,0.4902923667015426,2.545887318823434e-05,0.5096485569912192,3.3617434049525895e-05,83.18312582849761
1444,288.9926617745163,3.9583333333333335,0.2,0.5416666666666666,0.5,0.49029373059095366,2.5304500416012712e-05,0.5096475516772485,3.3413231381361045e-05,83.18312582849761
1445,289.1927951967979,3.9583333333333335,0.2,0.5416666666666666,0.5,0.49029508614378053,2.5151074717257772e-05,0.5096465525159304,3.321026557136129e-05,83.18312582849761
1446,289.3929286190794,3.9583333333333335,0.2,0.5416666666666666,0.5,0.49029643340632073,2.4998591402439848e-05,0.5096455594737704,3.30085285059837e-05,83.18312582849761
1447,289.5930620413609,3.9583333333333335,0.2,0.5416666666666666,0.5,0.4902977724243873,2.4847045849559495e-05,0.5096445725176487,3.2808012113922375e-05,83.18312582849761
1448,289.7931954636424,3.9583333333333335,0.2,0.5416666666666666,0.5,0.4902991032433093,2.4696433504147674e-05,0.5096435916148201,3.260870836610865e-05,83.18312582849761
1449,289.9933288859239,3.9583333333333335,0.2,0.5416666666666666,0.5,0.4903004259079311,2.4546749879265696e-05,0.5096426167329134,3.2410609275711056e-05,83.18312582849761
1450,290.1934623082055,3.9583333333333335,0.2,0.5416666666666666,0.5,0.49030174046261316,2.439799055550519e-05,0.5096416478399328,3.2213706898135234e-05,83.18312582849761
1451,290.393595730487,3.9583333333333335,0.2,0.5416666666666666,0.5,0.49030304695123134,2.425015118098828e-05,0.5096406849042563,3.2017993331024215e-05,83.18312582849761
1452,290.5937291527685,3.9583333333333335,0.2,0.5416666666666666,0.5,0.4903043457696114,2.410314513774608e-05,0.5096397275829718,3.182350227850657e-05,83.18312582849761
1453,290.79386257505,3.9583333333333335,0.2,0.5416666666666666,0.5,0.49030563710438557,2.395693463279326e-05,0.5096387757181083,3.163024287286136e-05,83.18312582849761
1454,290.9939959973315,3.9583333333333335,0.2,0.5416666666666666,0.5,0.4903069206037277,2.3811607619066386e-05,0.50963782962781,3.14381608427387e-05,83.18312582849761
1455,291.1941294196131,3.9583333333333335,0.2,0.5416666666666666,0.5,0.4903081963150414,2.3667158738143312e-05,0.5096368892771207,3.124724909922563e-05,83.18312582849761
1456,291.3942628418946,3.9583333333333335,0.2,0.5416666666666666,0.5,0.49030946428536454,2.352358267145107e-05,0.5096359546313539,3.1057500609620846e-05,83.18312582849761
1457,291.5943962641761,3.9583333333333335,0.2,0.5416666666666666,0.5,0.490310724561369,2.3380874140265628e-05,0.5096350256560928,3.086890839743433e-05,83.18312582849761
1458,291.7945296864576,3.9583333333333335,0.2,0.5416666666666666,0.5,0.490311977189361,2.3239027905712042e-05,0.5096341023171904,3.068146554238757e-05,83.18312582849761
1459,291.99466310873913,3.9583333333333335,0.2,0.5416666666666666,0.5,0.4903132222152809,2.309803876876443e-05,0.5096331845807694,3.0495165180413542e-05,83.18312582849761
1460,292.19479653102064,3.9583333333333335,0.2,0.5416666666666666,0.5,0.4903144596847032,2.2957901570245957e-05,0.5096322724132224,3.0310000503656656e-05,83.18312582849761
1461,292.3949299533022,3.9583333333333335,0.2,0.5416666666666666,0.5,0.4903156896428367,2.281861119082881e-05,0.5096313657812115,3.0125964760472757e-05,83.18312582849761
1462,292.5950633755837,3.9583333333333335,0.2,0.5416666666666666,0.5,0.4903169121345244,2.2680162551034342e-05,0.5096304646516686,2.9943051255429288e-05,83.18312582849761
1463,292.79519679786523,3.9583333333333335,0.2,0.5416666666666666,0.5,0.4903181272042432,2.2542550611232846e-05,0.5096295689917957,2.9761253349305014e-05,83.18312582849761
1464,292.99533022014674,3.9583333333333335,0.2,0.5416666666666666,0.5,0.4903193348961047,2.2405770371643708e-05,0.509628678769064,2.95805644590902e-05,83.18312582849761
1465,293.19546364242825,3.9583333333333335,0.2,0.5416666666666666,0.5,0.4903205352538541,2.2269816872335365e-05,0.509627793951215,2.9400978057986586e-05,83.18312582849761
1466,293.3955970647098,3.9583333333333335,0.2,0.5416666666666666,0.5,0.49032172832087134,2.213468519322527e-05,0.5096269145062595,2.922248767540732e-05,83.18312582849761
1467,293.59573048699133,3.9583333333333335,0.2,0.5416666666666666,0.5,0.4903229141401701,2.2000370454080053e-05,0.5096260404024783,2.9045086896977157e-05,83.18312582849761
1468,293.79586390927284,3.9583333333333335,0.2,0.5416666666666666,0.5,0.4903240927543986,2.1866867814515277e-05,0.5096251716084218,2.886876936453217e-05,83.18312582849761
1469,293.99599733155435,3.9583333333333335,0.2,0.5416666666666666,0.5,0.490325264205839,2.1734172473995595e-05,0.5096243080929104,2.8693528776119944e-05,83.18312582849761
1470,294.19613075383586,3.9583333333333335,0.2,0.5416666666666666,0.5,0.49032642853640773,2.1602279671834717e-05,0.5096234498250338,2.851935888599952e-05,83.18312582849761
1471,294.3962641761174,3.9583333333333335,0.2,0.5416666666666666,0.5,0.4903275857876555,2.1471184687195372e-05,0.5096225967741521,2.8346253504641364e-05,83.18312582849761
1472,294.59639759839894,3.9583333333333335,0.2,0.5416666666666666,0.5,0.4903287360007671,2.1340882839089454e-05,0.5096217489098945,2.817420649872754e-05,83.18312582849761
1473,294.79653102068045,3.9583333333333335,0.2,0.5416666666666666,0.5,0.4903298792165615,2.1211369486377794e-05,0.5096209062021604,2.8003211791151432e-05,83.18312582849761
1474,294.99666444296196,3.9583333333333335,0.2,0.5416666666666666,0.5,0.49033101547549196,2.1082640027770324e-05,0.5096200686211186,2.7833263361017933e-05,83.18312582849761
1475,295.19679786524347,3.9583333333333335,0.2,0.5416666666666666,0.5,0.49033214481764587,2.0954689901826026e-05,0.509619236137208,2.7664355243643406e-05,83.18312582849761
1476,295.396931287525,3.9583333333333335,0.2,0.5416666666666666,0.5,0.49033326728274473,2.082751458695293e-05,0.5096184087211372,2.7496481530555666e-05,83.18312582849761
1477,295.59706470980655,3.9583333333333335,0.2,0.5416666666666666,0.5,0.4903343829101444,2.070110960140809e-05,0.5096175863438841,2.7329636369493947e-05,83.18312582849761
1478,295.79719813208806,3.9583333333333335,0.2,0.5416666666666666,0.5,0.49033549173883484,2.0575470503297725e-05,0.5096167689766968,2.716381396440909e-05,83.18312582849761
1479,295.99733155436957,3.9583333333333335,0.2,0.5416666666666666,0.5,0.4903365938074401,2.0450592890577e-05,0.5096159565910933,2.699900857546325e-05,83.18312582849761
1480,296.1974649766511,3.9583333333333335,0.2,0.5416666666666666,0.5,0.4903376891542186,2.0326472401050157e-05,0.5096151491588607,2.6835214519030096e-05,83.18312582849761
1481,296.3975983989326,3.9583333333333335,0.2,0.5416666666666666,0.5,0.49033877781938284,2.020310465537731e-05,0.5096143466504994,2.66724254617696e-05,83.18312582849761
1482,296.59773182121415,3.9583333333333335,0.2,0.5416666666666666,0.5,0.490339860126239,2.0080478350716247e-05,0.5096135488465376,2.651054887756792e-05,83.18312582849761
1483,296.79786524349566,3.9583333333333335,0.2,0.5416666666666666,0.5,0.4903409358597513,1.9958595439779942e-05,0.509612755888832,2.634965598799506e-05,83.18312582849761
1484,296.9979986657772,3.9583333333333335,0.2,0.5416666666666666,0.5,0.49034200505866754,1.9837451671803617e-05,0.5096119677489386,2.6189740740167012e-05,83.18312582849761
1485,297.1981320880587,3.9583333333333335,0.2,0.5416666666666666,0.5,0.4903430677614122,1.9717042834821442e-05,0.5096111843986544,2.6030797124404237e-05,83.18312582849761
1486,297.3982655103402,3.9583333333333335,0.2,0.5416666666666666,0.5,0.49034412400608673,1.959736475566652e-05,0.5096104058100176,2.587281917423159e-05,83.18312582849761
1487,297.59839893262176,3.9583333333333335,0.2,0.5416666666666666,0.5,0.49034517383046966,1.9478413299970842e-05,0.5096096319553075,2.57158009663783e-05,83.18312582849761
1488,297.7985323549033,3.9583333333333335,0.2,0.5416666666666666,0.5,0.4903462172720164,1.936018437216542e-05,0.5096088628070444,2.555973662077813e-05,83.18312582849761
1489,297.9986657771848,3.9583333333333335,0.2,0.5416666666666666,0.5,0.49034725436785914,1.9242673915480095e-05,0.5096080983379896,2.5404620300569125e-05,83.18312582849761
1490,298.1987991994663,3.9583333333333335,0.2,0.5416666666666666,0.5,0.4903482851548072,1.912587791194366e-05,0.5096073385211456,2.5250446212093774e-05,83.18312582849761
1491,298.3989326217478,3.9583333333333335,0.2,0.5416666666666666,0.5,0.4903493096693468,1.9009792382383832e-05,0.5096065833297558,2.509720860489898e-05,83.18312582849761
1492,298.5990660440293,3.9583333333333335,0.2,0.5416666666666666,0.5,0.49035032794764105,1.8894413386427258e-05,0.5096058327373049,2.4944901771736057e-05,83.18312582849761
1493,298.7991994663109,3.9583333333333335,0.2,0.5416666666666666,0.5,0.49035134002552994,1.8779737022499465e-05,0.5096050867175183,2.4793520048560677e-05,83.18312582849761
1494,298.9993328885924,3.9583333333333335,0.2,0.5416666666666666,0.5,0.49035234593853055,1.8665759427825013e-05,0.5096043452443627,2.4643057814533056e-05,83.18312582849761
1495,299.1994663108739,3.9583333333333335,0.2,0.5416666666666666,0.5,0.4903533457218368,1.855247677842728e-05,0.5096036082920459,2.449350949201768e-05,83.18312582849761
1496,299.3995997331554,3.9583333333333335,0.2,0.5416666666666666,0.5,0.4903543394103196,1.8439885289128606e-05,0.5096028758350166,2.4344869546583503e-05,83.18312582849761
1497,299.5997331554369,3.9583333333333335,0.2,0.5416666666666666,0.5,0.49035532703852663,1.8327981213550246e-05,0.5096021478479648,2.419713248700387e-05,83.18312582849761
1498,299.7998665777185,3.9583333333333335,0.2,0.5416666666666666,0.5,0.4903563086406828,1.821676084411236e-05,0.5096014243058211,2.40502928652565e-05,83.18312582849761
1499,300.0,3.9583333333333335,0.2,0.5416666666666666,0.5,0.4903572842506897,1.8106220512034115e-05,0.5096007051837578,2.3904345276523644e-05,83.18312582849761
