,time,beta,alpha,sigma_D,sigma_C,S_c,S_d,I_c,I_d,R0
0,0.0,3.3333333333333335,0.2,0.4583333333333333,0.5,0.09995999999999998,0.89964,3.999999999999999e-05,0.00036,70.04894806610324
1,0.200133422281521,3.3333333333333335,0.2,0.4583333333333333,0.5,0.09639029534377834,0.9029317446663363,6.723274199719387e-05,0.0006107272478882443,70.04894806610324
2,0.400266844563042,3.3333333333333335,0.2,0.4583333333333333,0.5,0.0929175001275354,0.9059306529114173,0.00011196052159294015,0.0010398864394545724,70.04894806610324
3,0.600400266844563,3.3333333333333335,0.2,0.4583333333333333,0.5,0.08952858944822176,0.9085092229308173,0.00018566820784219444,0.0017765194131188562,70.04894806610324
4,0.800533689126084,3.3333333333333335,0.2,0.4583333333333333,0.5,0.08620369877652838,0.9104451293765482,0.0003074441169713695,0.003043727729952189,70.04894806610324
5,1.0006671114076051,3.3333333333333335,0.2,0.4583333333333333,0.5,0.08291167497109712,0.9113524686443352,0.0005089756629575943,0.005226880721610198,70.04894806610324
6,1.200800533689126,3.3333333333333335,0.2,0.4583333333333333,0.5,0.07960297962340203,0.9105659014782629,0.0008425974138457628,0.008988521484489382,70.04894806610324
7,1.400933955970647,3.3333333333333335,0.2,0.4583333333333333,0.5,0.07619883829147031,0.9069507305934693,0.0013938383154863132,0.01545659279957407,70.04894806610324
8,1.601067378252168,3.3333333333333335,0.2,0.4583333333333333,0.5,0.07257613832136493,0.8986099200290375,0.0022996127887378336,0.0265143288608597,70.04894806610324
9,1.801200800533689,3.3333333333333335,0.2,0.4583333333333333,0.5,0.06855055850287438,0.8824855005262398,0.003770777806942204,0.04519316316394384,70.04894806610324
10,2.0013342228152102,3.3333333333333335,0.2,0.4583333333333333,0.5,0.06386931374577363,0.8539686675869763,0.006109576362169613,0.0760524423050806,70.04894806610324
11,2.201467645096731,3.3333333333333335,0.2,0.4583333333333333,0.5,0.05824315481098514,0.8069466551377684,0.009693670222725286,0.1251165198285212,70.04894806610324
12,2.401601067378252,3.3333333333333335,0.2,0.4583333333333333,0.5,0.05146505725726817,0.7352322490674094,0.014873669034914062,0.19842902464040857,70.04894806610324
13,2.601734489659773,3.3333333333333335,0.2,0.4583333333333333,0.5,0.043628143068286156,0.6363817563415731,0.02174492615392338,0.2982451744362175,70.04894806610324
14,2.801867911941294,3.3333333333333335,0.2,0.4583333333333333,0.5,0.0353017038632736,0.5167484569400769,0.029890719194120882,0.4180591200025291,70.04894806610324
15,3.002001334222815,3.3333333333333335,0.2,0.4583333333333333,0.5,0.027394765322806162,0.39244030568613536,0.03838412568931513,0.5417808033017437,70.04894806610324
16,3.202134756504336,3.3333333333333335,0.2,0.4583333333333333,0.5,0.02070238390352081,0.28200315586778474,0.04619649716355234,0.6510979630651426,70.04894806610324
17,3.402268178785857,3.3333333333333335,0.2,0.4583333333333333,0.5,0.015560502277293924,0.19667258831714354,0.0526732178723134,0.7350936915332497,70.04894806610324
18,3.602401601067378,3.3333333333333335,0.2,0.4583333333333333,0.5,0.011878106990749203,0.13755746899038354,0.05766628957081751,0.7928981344480502,70.04894806610324
19,3.802535023348899,3.3333333333333335,0.2,0.4583333333333333,0.5,0.009361817092150095,0.09962913935268107,0.0613612149240821,0.8296478286310872,70.04894806610324
20,4.0026684456304205,3.3333333333333335,0.2,0.4583333333333333,0.5,0.007694965699557005,0.07648181731538348,0.06405904933390648,0.8517641676511535,70.04894806610324
21,4.202801867911941,3.3333333333333335,0.2,0.4583333333333333,0.5,0.006615339507267242,0.06278819497172791,0.06604682099325268,0.8645496445277526,70.04894806610324
22,4.402935290193462,3.3333333333333335,0.2,0.4583333333333333,0.5,0.005929651475721441,0.05483971434810528,0.06755134115264955,0.8716792930235241,70.04894806610324
23,4.603068712474983,3.3333333333333335,0.2,0.4583333333333333,0.5,0.005503549617126357,0.05027991576395956,0.06873618686513366,0.8754803477537807,70.04894806610324
24,4.803202134756504,3.3333333333333335,0.2,0.4583333333333333,0.5,0.005246612967428382,0.0476843302504668,0.06971361899878771,0.8773554377833173,70.04894806610324
25,5.003335557038025,3.3333333333333335,0.2,0.4583333333333333,0.5,0.005099144824872135,0.046215609634907055,0.07055851404507052,0.8781267314951505,70.04894806610324
26,5.203468979319546,3.3333333333333335,0.2,0.4583333333333333,0.5,0.005022213413358824,0.045389382929907594,0.07131996754928865,0.8782684361074452,70.04894806610324
27,5.403602401601067,3.3333333333333335,0.2,0.4583333333333333,0.5,0.00499063243648503,0.04492798244072943,0.07202983653843895,0.878051548584347,70.04894806610324
28,5.603735823882588,3.3333333333333335,0.2,0.4583333333333333,0.5,0.004988199310579865,0.04467316425232779,0.07270865559996821,0.8776299808371245,70.04894806610324
29,5.803869246164109,3.3333333333333335,0.2,0.4583333333333333,0.5,0.00500453202987544,0.044535064595875064,0.0733696058211336,0.8770907975531164,70.04894806610324
30,6.00400266844563,3.3333333333333335,0.2,0.4583333333333333,0.5,0.0050329981043956955,0.04446278350874373,0.07402112619381046,0.8764830921930503,70.04894806610324
31,6.204136090727151,3.3333333333333335,0.2,0.4583333333333333,0.5,0.00506937056308231,0.04442755134650506,0.07466861235945066,0.8758344657309622,70.04894806610324
32,6.404269513008672,3.3333333333333335,0.2,0.4583333333333333,0.5,0.00511096104648772,0.04441313801165188,0.07531551355707755,0.8751603873847831,70.04894806610324
33,6.604402935290193,3.3333333333333335,0.2,0.4583333333333333,0.5,0.0051560629801441545,0.04441040491310467,0.07596403747366848,0.8744694946330829,70.04894806610324
34,6.804536357571714,3.3333333333333335,0.2,0.4583333333333333,0.5,0.00520359557833044,0.04441422062844682,0.07661560088244684,0.873766582910776,70.04894806610324
35,7.004669779853235,3.3333333333333335,0.2,0.4583333333333333,0.5,0.005252875729401668,0.04442170775916258,0.07727111832854613,0.8730542981828898,70.04894806610324
36,7.204803202134756,3.3333333333333335,0.2,0.4583333333333333,0.5,0.005303473267536294,0.04443126007617945,0.07793118521691467,0.8723340814393699,70.04894806610324
37,7.404936624416277,3.3333333333333335,0.2,0.4583333333333333,0.5,0.005355118433206786,0.04444198236836951,0.07859619482937863,0.8716067043690454,70.04894806610324
38,7.605070046697798,3.3333333333333335,0.2,0.4583333333333333,0.5,0.005407643183787686,0.0444533782202761,0.07926641249887402,0.8708725660970625,70.04894806610324
39,7.805203468979319,3.3333333333333335,0.2,0.4583333333333333,0.5,0.005460943900680672,0.04446517301418402,0.07994202271983801,0.8701318603652975,70.04894806610324
40,8.005336891260841,3.3333333333333335,0.2,0.4583333333333333,0.5,0.005514958274371713,0.04447721852261057,0.08062315833105912,0.8693846648719589,70.04894806610324
41,8.205470313542362,3.3333333333333335,0.2,0.4583333333333333,0.5,0.005569649326963799,0.044489430782664416,0.08130992068210938,0.8686309992082627,70.04894806610324
42,8.405603735823883,3.3333333333333335,0.2,0.4583333333333333,0.5,0.005624996883703783,0.04450176628965678,0.08200239039648732,0.8678708464301523,70.04894806610324
43,8.605737158105404,3.3333333333333335,0.2,0.4583333333333333,0.5,0.005680990822118613,0.04451420115195124,0.08270063586054306,0.8671041721653873,70.04894806610324
44,8.805870580386925,3.3333333333333335,0.2,0.4583333333333333,0.5,0.005737627909169621,0.044526722269679866,0.08340472074029298,0.8663309290808577,70.04894806610324
45,9.006004002668446,3.3333333333333335,0.2,0.4583333333333333,0.5,0.005794909037194665,0.04453932502245947,0.084114690699171,0.865551075241175,70.04894806610324
46,9.206137424949967,3.3333333333333335,0.2,0.4583333333333333,0.5,0.0058528384627425135,0.04455200526515807,0.08483061033769454,0.8647645459344051,70.04894806610324
47,9.406270847231488,3.3333333333333335,0.2,0.4583333333333333,0.5,0.005911421152628229,0.04456476156921203,0.08555252336982806,0.8639712939083318,70.04894806610324
48,9.606404269513009,3.3333333333333335,0.2,0.4583333333333333,0.5,0.005970663395993859,0.044577592934456324,0.08628047775924849,0.8631712659103015,70.04894806610324
49,9.80653769179453,3.3333333333333335,0.2,0.4583333333333333,0.5,0.00603057173473671,0.04459049885490054,0.08701451744099523,0.8623644119693676,70.04894806610324
50,10.00667111407605,3.3333333333333335,0.2,0.4583333333333333,0.5,0.006091154359769958,0.04460347846058964,0.08775470037127764,0.8615506668083629,70.04894806610324
51,10.206804536357572,3.3333333333333335,0.2,0.4583333333333333,0.5,0.006152419548825469,0.04461653105006513,0.08850108092579008,0.8607299684753195,70.04894806610324
52,10.406937958639093,3.3333333333333335,0.2,0.4583333333333333,0.5,0.006214376740113765,0.044629656694991963,0.08925370176628529,0.8599022647986091,70.04894806610324
53,10.607071380920614,3.3333333333333335,0.2,0.4583333333333333,0.5,0.006277034888517037,0.04464285514503653,0.09001261043326138,0.8590674995331852,70.04894806610324
54,10.807204803202135,3.3333333333333335,0.2,0.4583333333333333,0.5,0.006340404746273671,0.04465613006667522,0.09077785329357842,0.8582256118934729,70.04894806610324
55,11.007338225483656,3.3333333333333335,0.2,0.4583333333333333,0.5,0.00640450007687804,0.044669491870470736,0.09154947454539551,0.8573765335072561,70.04894806610324
56,11.207471647765177,3.3333333333333335,0.2,0.4583333333333333,0.5,0.006469321589670907,0.04468292230164674,0.09232753504374384,0.8565202210649389,70.04894806610324
57,11.407605070046698,3.3333333333333335,0.2,0.4583333333333333,0.5,0.006534880639157416,0.04469642482700636,0.09311208512413781,0.8556566094096988,70.04894806610324
58,11.607738492328219,3.3333333333333335,0.2,0.4583333333333333,0.5,0.0066011869234320324,0.04471000039604075,0.0939031734162062,0.8547856392643213,70.04894806610324
59,11.80787191460974,3.3333333333333335,0.2,0.4583333333333333,0.5,0.006668250208125734,0.04472364866987131,0.09470084868649319,0.8539072524355101,70.04894806610324
60,12.00800533689126,3.3333333333333335,0.2,0.4583333333333333,0.5,0.00673607950331611,0.04473736980001055,0.09550515552723238,0.8530213951694413,70.04894806610324
61,12.208138759172781,3.3333333333333335,0.2,0.4583333333333333,0.5,0.006804684521716589,0.044751163667398806,0.0963161444521949,0.8521280073586901,70.04894806610324
62,12.408272181454302,3.3333333333333335,0.2,0.4583333333333333,0.5,0.0068740769934792795,0.04476503042268196,0.0971338741310638,0.8512270184527753,70.04894806610324
63,12.608405603735823,3.3333333333333335,0.2,0.4583333333333333,0.5,0.00694426851221213,0.044778970144830094,0.0979584014414181,0.85031835990154,70.04894806610324
64,12.808539026017344,3.3333333333333335,0.2,0.4583333333333333,0.5,0.007015270077512909,0.04479298225707441,0.09878977212137308,0.84940197554404,70.04894806610324
65,13.008672448298865,3.3333333333333335,0.2,0.4583333333333333,0.5,0.007087092879780539,0.04480706639327509,0.09962803548713518,0.8484778052398095,70.04894806610324
66,13.208805870580386,3.3333333333333335,0.2,0.4583333333333333,0.5,0.0071597481864896775,0.04482122227654346,0.1004732424828478,0.8475457870541195,70.04894806610324
67,13.408939292861907,3.3333333333333335,0.2,0.4583333333333333,0.5,0.007233246857819174,0.04483544940928863,0.10132544644527101,0.8466058572876216,70.04894806610324
68,13.609072715143428,3.3333333333333335,0.2,0.4583333333333333,0.5,0.007307599702564843,0.044849747266076635,0.10218470101300925,0.8456579520183497,70.04894806610324
69,13.80920613742495,3.3333333333333335,0.2,0.4583333333333333,0.5,0.007382817679773073,0.044864115402890134,0.10305105894203555,0.8447020079753017,70.04894806610324
70,14.00933955970647,3.3333333333333335,0.2,0.4583333333333333,0.5,0.00745893750154769,0.044878548617992606,0.1039247020896508,0.8437378117908093,70.04894806610324
71,14.209472981987991,3.3333333333333335,0.2,0.4583333333333333,0.5,0.0075358979610544745,0.04489305518284787,0.10480532781485384,0.8427657190412443,70.04894806610324
72,14.409606404269512,3.3333333333333335,0.2,0.4583333333333333,0.5,0.007613771842884728,0.04490762414879923,0.10569329754167317,0.8417853064666433,70.04894806610324
73,14.609739826551033,3.3333333333333335,0.2,0.4583333333333333,0.5,0.007692561046842701,0.04492225760010447,0.10658861547710559,0.8407965658759476,70.04894806610324
74,14.809873248832554,3.3333333333333335,0.2,0.4583333333333333,0.5,0.007772275681483501,0.044936963963087925,0.107491307699069,0.83979945265636,70.04894806610324
75,15.010006671114075,3.3333333333333335,0.2,0.4583333333333333,0.5,0.007852927599954252,0.04495173989853142,0.10840142333021935,0.8387939091712954,70.04894806610324
76,15.210140093395596,3.3333333333333335,0.2,0.4583333333333333,0.5,0.00793453039109844,0.044966581812766235,0.10931902146452559,0.8377798663316101,70.04894806610324
77,15.410273515677117,3.3333333333333335,0.2,0.4583333333333333,0.5,0.008017094136908947,0.04498148918737074,0.11024414424381875,0.8367572724319019,70.04894806610324
78,15.610406937958638,3.3333333333333335,0.2,0.4583333333333333,0.5,0.008100635459961165,0.04499646039488925,0.11117686141216114,0.8357260427329889,70.04894806610324
79,15.810540360240159,3.3333333333333335,0.2,0.4583333333333333,0.5,0.008185167144701518,0.045011495815299146,0.11211722342145053,0.8346861136185493,70.04894806610324
80,16.010673782521682,3.3333333333333335,0.2,0.4583333333333333,0.5,0.008270702182926658,0.045026595111998045,0.11306528538919143,0.8336374173158844,70.04894806610324
81,16.210807204803203,3.3333333333333335,0.2,0.4583333333333333,0.5,0.008357253267392542,0.04504175755374828,0.11402110400259706,0.8325798851762626,70.04894806610324
82,16.410940627084724,3.3333333333333335,0.2,0.4583333333333333,0.5,0.008444834481374402,0.04505698166313989,0.11498473475080498,0.8315134491046812,70.04894806610324
83,16.611074049366245,3.3333333333333335,0.2,0.4583333333333333,0.5,0.008533460235455363,0.045072266014930855,0.11595623298932918,0.830438040760285,70.04894806610324
84,16.811207471647766,3.3333333333333335,0.2,0.4583333333333333,0.5,0.008623145436343604,0.04508760995252548,0.11693565407180086,0.8293535905393306,70.04894806610324
85,17.011340893929287,3.3333333333333335,0.2,0.4583333333333333,0.5,0.008713904781355575,0.04510301282594517,0.11792305389527119,0.8282600284974285,70.04894806610324
86,17.211474316210808,3.3333333333333335,0.2,0.4583333333333333,0.5,0.008805758727307276,0.04511847360865604,0.11891851104213047,0.8271572566219068,70.04894806610324
87,17.41160773849233,3.3333333333333335,0.2,0.4583333333333333,0.5,0.008898704771363265,0.04513399250646352,0.11992201605853445,0.8260452866636393,70.04894806610324
88,17.61174116077385,3.3333333333333335,0.2,0.4583333333333333,0.5,0.00899277620433145,0.045149566741938325,0.12093369438777431,0.8249239626659565,70.04894806610324
89,17.81187458305537,3.3333333333333335,0.2,0.4583333333333333,0.5,0.00908798230391377,0.04516519553048319,0.12195357940122793,0.8237932427643757,70.04894806610324
90,18.01200800533689,3.3333333333333335,0.2,0.4583333333333333,0.5,0.009184338476978618,0.04518087800234658,0.12298172586625873,0.8226530576544165,70.04894806610324
91,18.212141427618413,3.3333333333333335,0.2,0.4583333333333333,0.5,0.009281859857252836,0.04519661317070629,0.12401818562753963,0.8215033413445018,70.04894806610324
92,18.412274849899934,3.3333333333333335,0.2,0.4583333333333333,0.5,0.009380564656580978,0.04521239971131216,0.1250630195340843,0.8203440160980232,70.04894806610324
93,18.612408272181455,3.3333333333333335,0.2,0.4583333333333333,0.5,0.009480468921261484,0.04522823621611794,0.12611628550940873,0.8191750093532124,70.04894806610324
94,18.812541694462976,3.3333333333333335,0.2,0.4583333333333333,0.5,0.009581589009885231,0.045244121296475155,0.12717804070011496,0.8179962489935252,70.04894806610324
95,19.012675116744497,3.3333333333333335,0.2,0.4583333333333333,0.5,0.009683942211243343,0.04526005368980847,0.12824834191370166,0.816807662185247,70.04894806610324
96,19.212808539026017,3.3333333333333335,0.2,0.4583333333333333,0.5,0.009787545835295374,0.04527603201519866,0.12932724626236364,0.8156091758871428,70.04894806610324
97,19.41294196130754,3.3333333333333335,0.2,0.4583333333333333,0.5,0.00989241742993071,0.0452920547727622,0.13041481096268165,0.8144007168346259,70.04894806610324
98,19.61307538358906,3.3333333333333335,0.2,0.4583333333333333,0.5,0.009998574867846898,0.045308120453031696,0.13151109319262563,0.8131822114864963,70.04894806610324
99,19.81320880587058,3.3333333333333335,0.2,0.4583333333333333,0.5,0.010106036300409292,0.04532422751467285,0.13261615014278466,0.8119535860421336,70.04894806610324
100,20.0133422281521,3.3333333333333335,0.2,0.4583333333333333,0.5,0.010214820151604333,0.04534037434899731,0.13373003902285585,0.810714766476543,70.04894806610324
101,20.213475650433622,3.3333333333333335,0.2,0.4583333333333333,0.5,0.01032494511394983,0.04535655928603853,0.13485281703361546,0.8094656785663966,70.04894806610324
102,20.413609072715143,3.3333333333333335,0.2,0.4583333333333333,0.5,0.010436430186193654,0.045372780602128196,0.1359845413419924,0.8082062478696863,70.04894806610324
103,20.613742494996664,3.3333333333333335,0.2,0.4583333333333333,0.5,0.010549294670352411,0.045389036525163816,0.13712526907536046,0.8069363997291239,70.04894806610324
104,20.813875917278185,3.3333333333333335,0.2,0.4583333333333333,0.5,0.010663558162954797,0.04540532522364509,0.13827505731342907,0.8056560592999716,70.04894806610324
105,21.014009339559706,3.3333333333333335,0.2,0.4583333333333333,0.5,0.010779240563864222,0.04542164480553518,0.1394339630693651,0.8043651515612361,70.04894806610324
106,21.214142761841227,3.3333333333333335,0.2,0.4583333333333333,0.5,0.010896362070277282,0.04543799332191742,0.14060204327651835,0.8030636013312875,70.04894806610324
107,21.41427618412275,3.3333333333333335,0.2,0.4583333333333333,0.5,0.011014943206243768,0.045454368763465175,0.14177935476625314,0.8017513332640386,70.04894806610324
108,21.61440960640427,3.3333333333333335,0.2,0.4583333333333333,0.5,0.011135004818822238,0.04547076905848961,0.14296595425497094,0.8004282718677178,70.04894806610324
109,21.81454302868579,3.3333333333333335,0.2,0.4583333333333333,0.5,0.011256568076685933,0.04548719207155661,0.1441618983292678,0.7990943415224903,70.04894806610324
110,22.01467645096731,3.3333333333333335,0.2,0.4583333333333333,0.5,0.011379654472852102,0.045503635603483285,0.14536724343010948,0.7977494664935557,70.04894806610324
111,22.214809873248832,3.3333333333333335,0.2,0.4583333333333333,0.5,0.011504285823430514,0.04552009739192163,0.14658204583971376,0.7963935709449347,70.04894806610324
112,22.414943295530353,3.3333333333333335,0.2,0.4583333333333333,0.5,0.011630484300247351,0.045536575104869796,0.14780636164891547,0.795026578945968,70.04894806610324
113,22.615076717811874,3.3333333333333335,0.2,0.4583333333333333,0.5,0.01175827241892456,0.045553066341738425,0.1490402467461549,0.7936484144931827,70.04894806610324
114,22.815210140093395,3.3333333333333335,0.2,0.4583333333333333,0.5,0.011887673041837589,0.0455695686323424,0.15028375679983758,0.792259001525983,70.04894806610324
115,23.015343562374916,3.3333333333333335,0.2,0.4583333333333333,0.5,0.012018709373821377,0.04558607943762328,0.15153694724629763,0.7908582639422583,70.04894806610324
116,23.215476984656437,3.3333333333333335,0.2,0.4583333333333333,0.5,0.012151404981527402,0.045602596145670846,0.15279987326128186,0.7894461256115205,70.04894806610324
117,23.415610406937958,3.3333333333333335,0.2,0.4583333333333333,0.5,0.01228578380905935,0.04561911606835063,0.15407258972906826,0.7880225103935223,70.04894806610324
118,23.61574382921948,3.3333333333333335,0.2,0.4583333333333333,0.5,0.01242187016814149,0.04563563644248564,0.15535515123177826,0.7865873421575952,70.04894806610324
119,23.815877251501,3.3333333333333335,0.2,0.4583333333333333,0.5,0.012559688740664628,0.04565215442890195,0.15664761203060268,0.7851405447998314,70.04894806610324
120,24.01601067378252,3.3333333333333335,0.2,0.4583333333333333,0.5,0.012699264575178407,0.04566866711287032,0.15795002605349387,0.783682042258458,70.04894806610324
121,24.216144096064042,3.3333333333333335,0.2,0.4583333333333333,0.5,0.012840623123496452,0.04568517149635744,0.15926244684311383,0.7822117585370328,70.04894806610324
122,24.416277518345563,3.3333333333333335,0.2,0.4583333333333333,0.5,0.01298379023224937,0.04570166449964957,0.1605849275431368,0.7807296177249649,70.04894806610324
123,24.616410940627084,3.3333333333333335,0.2,0.4583333333333333,0.5,0.01312879214258104,0.04571814296068346,0.1619175208798642,0.7792355440168719,70.04894806610324
124,24.816544362908605,3.3333333333333335,0.2,0.4583333333333333,0.5,0.01327565548355484,0.04573460363596336,0.16326027915214641,0.777729461728336,70.04894806610324
125,25.016677785190126,3.3333333333333335,0.2,0.4583333333333333,0.5,0.013424407296340639,0.04575104319511998,0.16461325418691597,0.7762112953216239,70.04894806610324
126,25.216811207471647,3.3333333333333335,0.2,0.4583333333333333,0.5,0.013575075049288897,0.045767458217486456,0.16597649729907926,0.7746809694341459,70.04894806610324
127,25.416944629753168,3.3333333333333335,0.2,0.4583333333333333,0.5,0.013727686628890578,0.04578384519396817,0.1673500592803094,0.7731384088968324,70.04894806610324
128,25.61707805203469,3.3333333333333335,0.2,0.4583333333333333,0.5,0.013882270339695964,0.04580020052640215,0.16873399037968326,0.7715835387542191,70.04894806610324
129,25.81721147431621,3.3333333333333335,0.2,0.4583333333333333,0.5,0.01403885490190945,0.04581652052757636,0.1701283402889404,0.7700162842815743,70.04894806610324
130,26.01734489659773,3.3333333333333335,0.2,0.4583333333333333,0.5,0.014197469495761927,0.045832801411054044,0.1715331580599829,0.7684365710332017,70.04894806610324
131,26.21747831887925,3.3333333333333335,0.2,0.4583333333333333,0.5,0.01435814374111472,0.045849039294197626,0.1729484921071321,0.766844324857556,70.04894806610324
132,26.417611741160773,3.3333333333333335,0.2,0.4583333333333333,0.5,0.014520907703696672,0.045865230200118366,0.17437439017839432,0.7652394719177912,70.04894806610324
133,26.617745163442294,3.3333333333333335,0.2,0.4583333333333333,0.5,0.014685791881459619,0.04588137005947547,0.17581089935805405,0.7636219387010115,70.04894806610324
134,26.817878585723815,3.3333333333333335,0.2,0.4583333333333333,0.5,0.014852827261751512,0.045897454695606035,0.17725806595242932,0.7619916520902137,70.04894806610324
135,27.018012008005336,3.3333333333333335,0.2,0.4583333333333333,0.5,0.015022045298206322,0.04591347982703424,0.17871593549613654,0.7603485393786235,70.04894806610324
136,27.218145430286857,3.3333333333333335,0.2,0.4583333333333333,0.5,0.015193477920587518,0.04592944106156048,0.18018455270262437,0.7586925283152282,70.04894806610324
137,27.418278852568378,3.3333333333333335,0.2,0.4583333333333333,0.5,0.015367157410354316,0.04594533392967534,0.18166396167208254,0.7570235469878884,70.04894806610324
138,27.6184122748499,3.3333333333333335,0.2,0.4583333333333333,0.5,0.01554311673473809,0.04596115382686695,0.18315420530754378,0.7553415241308516,70.04894806610324
139,27.81854569713142,3.3333333333333335,0.2,0.4583333333333333,0.5,0.01572138925340839,0.04597689606233636,0.184655325771461,0.7536463889127948,70.04894806610324
140,28.01867911941294,3.3333333333333335,0.2,0.4583333333333333,0.5,0.015902008809890514,0.04599255583735967,0.18616736431236,0.7519380710403902,70.04894806610324
141,28.21881254169446,3.3333333333333335,0.2,0.4583333333333333,0.5,0.01608500981630166,0.04600812820860903,0.18769036104019843,0.7502165009348912,70.04894806610324
142,28.418945963975982,3.3333333333333335,0.2,0.4583333333333333,0.5,0.016270427078617797,0.04602360813815666,0.18922435524935924,0.7484816095338667,70.04894806610324
143,28.619079386257503,3.3333333333333335,0.2,0.4583333333333333,0.5,0.016458295915850903,0.046038990465681856,0.19076938516864106,0.7467333284498265,70.04894806610324
144,28.819212808539024,3.3333333333333335,0.2,0.4583333333333333,0.5,0.016648652260436946,0.04605426992066086,0.192325487776649,0.7449715900422536,70.04894806610324
145,29.019346230820545,3.3333333333333335,0.2,0.4583333333333333,0.5,0.016841532496458686,0.046069441142769375,0.19389269911611715,0.7431963272446551,70.04894806610324
146,29.219479653102066,3.3333333333333335,0.2,0.4583333333333333,0.5,0.017036973734294896,0.0460844986101065,0.19547105358831343,0.7414074740672855,70.04894806610324
147,29.419613075383587,3.3333333333333335,0.2,0.4583333333333333,0.5,0.017235013318112793,0.04609943674169325,0.1970605850471719,0.7396049648930224,70.04894806610324
148,29.61974649766511,3.3333333333333335,0.2,0.4583333333333333,0.5,0.01743568941054264,0.04611424973527841,0.19866132537885292,0.7377887354753264,70.04894806610324
149,29.81987991994663,3.3333333333333335,0.2,0.4583333333333333,0.5,0.017639040407796115,0.04612893173229367,0.2002733058707002,0.7359587219892103,70.04894806610324
150,30.02001334222815,3.3333333333333335,0.2,0.4583333333333333,0.5,0.017845105517276718,0.046143476671948104,0.20189655578550877,0.7341148620252668,70.04894806610324
151,30.22014676450967,3.3333333333333335,0.2,0.4583333333333333,0.5,0.018053924127679866,0.04615787847933304,0.20353110397935859,0.7322570934136288,70.04894806610324
152,30.420280186791192,3.3333333333333335,0.2,0.4583333333333333,0.5,0.018265536838463707,0.04617213085073254,0.2051769764007249,0.7303853559100791,70.04894806610324
153,30.620413609072713,3.3333333333333335,0.2,0.4583333333333333,0.5,0.01847998423978474,0.04618622747389191,0.2068341989146978,0.7284995893716258,70.04894806610324
154,30.820547031354234,3.3333333333333335,0.2,0.4583333333333333,0.5,0.018697308048110515,0.046200161796550294,0.20850279440973943,0.7265997357456001,70.04894806610324
155,31.020680453635755,3.3333333333333335,0.2,0.4583333333333333,0.5,0.018917549960313217,0.04621392724210714,0.21018278572018909,0.7246857370773908,70.04894806610324
156,31.220813875917276,3.3333333333333335,0.2,0.4583333333333333,0.5,0.01914075274017514,0.04622751692839394,0.21187419257373094,0.7227575377577002,70.04894806610324
157,31.420947298198797,3.3333333333333335,0.2,0.4583333333333333,0.5,0.019366959187522882,0.046240923973350126,0.21357703455566207,0.7208150822834652,70.04894806610324
158,31.621080720480318,3.3333333333333335,0.2,0.4583333333333333,0.5,0.01959621326796988,0.04625414119281796,0.2152913277562034,0.718858317783009,70.04894806610324
159,31.82121414276184,3.3333333333333335,0.2,0.4583333333333333,0.5,0.01982855875144526,0.04626716147384653,0.21701708889076726,0.7168871908839413,70.04894806610324
160,32.021347565043364,3.3333333333333335,0.2,0.4583333333333333,0.5,0.02006404112828967,0.04627997739359374,0.21875432978256718,0.7149016516955498,70.04894806610324
161,32.22148098732488,3.3333333333333335,0.2,0.4583333333333333,0.5,0.020302705605052204,0.04629258157881036,0.220503063038256,0.7129016497778816,70.04894806610324
162,32.421614409606406,3.3333333333333335,0.2,0.4583333333333333,0.5,0.020544598705598105,0.04630496637683592,0.22226329702979045,0.7108871378877757,70.04894806610324
163,32.62174783188792,3.3333333333333335,0.2,0.4583333333333333,0.5,0.020789767055994564,0.04631712411323274,0.22403503980291647,0.7088580690278565,70.04894806610324
164,32.82188125416945,3.3333333333333335,0.2,0.4583333333333333,0.5,0.021038258044069773,0.04632904685559938,0.2258182965791948,0.7068143985211363,70.04894806610324
165,33.022014676450965,3.3333333333333335,0.2,0.4583333333333333,0.5,0.02129011966972086,0.04634072648625599,0.22761307040129192,0.7047560834427316,70.04894806610324
166,33.22214809873249,3.3333333333333335,0.2,0.4583333333333333,0.5,0.0215454002276776,0.04635215481998471,0.22941936318622025,0.7026830817661177,70.04894806610324
167,33.42228152101401,3.3333333333333335,0.2,0.4583333333333333,0.5,0.02180414923651214,0.04636332333811513,0.2312371723645363,0.7005953550608367,70.04894806610324
168,33.62241494329553,3.3333333333333335,0.2,0.4583333333333333,0.5,0.02206641579088326,0.04637422365941812,0.2330664969838436,0.6984928635658554,70.04894806610324
169,33.82254836557705,3.3333333333333335,0.2,0.4583333333333333,0.5,0.02233225115247079,0.046384847032366575,0.23490732878014406,0.696375573035019,70.04894806610324
170,34.02268178785857,3.3333333333333335,0.2,0.4583333333333333,0.5,0.0226017062630913,0.04639518476030756,0.23675966056929068,0.6942434484073108,70.04894806610324
171,34.22281521014009,3.3333333333333335,0.2,0.4583333333333333,0.5,0.022874832952800322,0.046405227964591324,0.23862348160920868,0.6920964574734,70.04894806610324
172,34.422948632421615,3.3333333333333335,0.2,0.4583333333333333,0.5,0.0231516841521566,0.04641496755039655,0.2404987769256032,0.6899345713718439,70.04894806610324
173,34.62308205470313,3.3333333333333335,0.2,0.4583333333333333,0.5,0.023432312371223004,0.046424394466710914,0.24238553296997628,0.6877577601920901,70.04894806610324
174,34.82321547698466,3.3333333333333335,0.2,0.4583333333333333,0.5,0.023716771819626545,0.046433499102827375,0.24428372854388733,0.685566000533659,70.04894806610324
175,35.023348899266175,3.3333333333333335,0.2,0.4583333333333333,0.5,0.024005116251513425,0.04644227199851937,0.24619334449813685,0.6833592672518306,70.04894806610324
176,35.2234823215477,3.3333333333333335,0.2,0.4583333333333333,0.5,0.024297400737812985,0.0464507033165795,0.24811435565165904,0.6811375402939488,70.04894806610324
177,35.42361574382922,3.3333333333333335,0.2,0.4583333333333333,0.5,0.024593680895239643,0.046458783061168143,0.25004673432768687,0.6789008017159056,70.04894806610324
178,35.62374916611074,3.3333333333333335,0.2,0.4583333333333333,0.5,0.024894012073790984,0.04646650135748729,0.25199045423276195,0.6766490323359601,70.04894806610324
179,35.82388258839226,3.3333333333333335,0.2,0.4583333333333333,0.5,0.02519845228687647,0.046473847922024386,0.25394547826892205,0.6743822215221774,70.04894806610324
180,36.02401601067378,3.3333333333333335,0.2,0.4583333333333333,0.5,0.02550705894842939,0.04648081256325962,0.25591177177006463,0.6721003567182466,70.04894806610324
181,36.2241494329553,3.3333333333333335,0.2,0.4583333333333333,0.5,0.025819890029982424,0.046487384986312684,0.2578892971622253,0.6698034278214798,70.04894806610324
182,36.424282855236825,3.3333333333333335,0.2,0.4583333333333333,0.5,0.02613700538409574,0.0464935545704732,0.25987800789136434,0.667491432154067,70.04894806610324
183,36.62441627751834,3.3333333333333335,0.2,0.4583333333333333,0.5,0.02645846389361776,0.046499310858862386,0.26187786200735796,0.6651643632401621,70.04894806610324
184,36.82454969979987,3.3333333333333335,0.2,0.4583333333333333,0.5,0.026784325911545115,0.046504642849930444,0.26388880875476545,0.6628222224837593,70.04894806610324
185,37.024683122081385,3.3333333333333335,0.2,0.4583333333333333,0.5,0.02711465220913806,0.046509539389484725,0.26591079488727815,0.6604650135140994,70.04894806610324
186,37.22481654436291,3.3333333333333335,0.2,0.4583333333333333,0.5,0.027449503326121522,0.046513989431755665,0.26794376867044534,0.6580927385716777,70.04894806610324
187,37.42494996664443,3.3333333333333335,0.2,0.4583333333333333,0.5,0.027788941989684637,0.046517981304737575,0.26998766629943577,0.6557054104061423,70.04894806610324
188,37.62508338892595,3.3333333333333335,0.2,0.4583333333333333,0.5,0.02813303035449067,0.0465215035003298,0.272042427128604,0.6533030390165757,70.04894806610324
189,37.82521681120747,3.3333333333333335,0.2,0.4583333333333333,0.5,0.02848183135261208,0.04652454445386881,0.2741079862847612,0.6508856379087582,70.04894806610324
190,38.02535023348899,3.3333333333333335,0.2,0.4583333333333333,0.5,0.028835409762206544,0.046527092371048046,0.2761842688200171,0.6484532290467286,70.04894806610324
191,38.22548365577051,3.3333333333333335,0.2,0.4583333333333333,0.5,0.029193829369218244,0.04652913557904035,0.27827120516424925,0.6460058298874924,70.04894806610324
192,38.425617078052035,3.3333333333333335,0.2,0.4583333333333333,0.5,0.02955715567182683,0.046530662100046194,0.2803687146514022,0.6435434675767251,70.04894806610324
193,38.62575050033355,3.3333333333333335,0.2,0.4583333333333333,0.5,0.029925454503726398,0.04653165989681565,0.2824767144470501,0.6410661711524082,70.04894806610324
194,38.82588392261508,3.3333333333333335,0.2,0.4583333333333333,0.5,0.03029879145398324,0.04653211692941511,0.284595123060809,0.6385739685557928,70.04894806610324
195,39.026017344896594,3.3333333333333335,0.2,0.4583333333333333,0.5,0.030677234002018584,0.04653202053768161,0.2867238453167792,0.6360669001435209,70.04894806610324
196,39.22615076717812,3.3333333333333335,0.2,0.4583333333333333,0.5,0.03106084906732291,0.0465313582451666,0.2888627900927665,0.6335450025947442,70.04894806610324
197,39.426284189459636,3.3333333333333335,0.2,0.4583333333333333,0.5,0.031449704324482144,0.046530117410851835,0.29101186076754537,0.6310083174971208,70.04894806610324
198,39.62641761174116,3.3333333333333335,0.2,0.4583333333333333,0.5,0.031843868900885,0.04652828504522477,0.2931709501521739,0.6284568959017165,70.04894806610324
199,39.82655103402268,3.3333333333333335,0.2,0.4583333333333333,0.5,0.032243411912295704,0.04652584826141031,0.29533995055299794,0.6258907892732963,70.04894806610324
200,40.0266844563042,3.3333333333333335,0.2,0.4583333333333333,0.5,0.03264840103470863,0.04652279434967253,0.2975187657420974,0.6233100388735218,70.04894806610324
201,40.22681787858572,3.3333333333333335,0.2,0.4583333333333333,0.5,0.03305890853774943,0.046519110040922164,0.2997072628754482,0.6207147185458806,70.04894806610324
202,40.426951300867245,3.3333333333333335,0.2,0.4583333333333333,0.5,0.03347500380866541,0.046514782399710915,0.30190533183179946,0.6181048819598246,70.04894806610324
203,40.62708472314876,3.3333333333333335,0.2,0.4583333333333333,0.5,0.03389675799464243,0.046509798169518564,0.30411284690434626,0.6154805969314932,70.04894806610324
204,40.82721814543029,3.3333333333333335,0.2,0.4583333333333333,0.5,0.03432424283692182,0.04650414401706033,0.3063296775864599,0.6128419355595583,70.04894806610324
205,41.027351567711804,3.3333333333333335,0.2,0.4583333333333333,0.5,0.03475753078455557,0.046497806507925885,0.30855568763317026,0.6101889750743487,70.04894806610324
206,41.22748498999333,3.3333333333333335,0.2,0.4583333333333333,0.5,0.03519669453025181,0.04649077220052812,0.3107907400751858,0.6075217931940347,70.04894806610324
207,41.427618412274846,3.3333333333333335,0.2,0.4583333333333333,0.5,0.03564180759859187,0.046483027526394924,0.31303469100554954,0.604840473869464,70.04894806610324
208,41.62775183455637,3.3333333333333335,0.2,0.4583333333333333,0.5,0.036092943960387376,0.04647455880141678,0.3152873909194368,0.6021451063187595,70.04894806610324
209,41.82788525683789,3.3333333333333335,0.2,0.4583333333333333,0.5,0.036550175563542016,0.04646535220442513,0.31754868949330534,0.599435782738728,70.04894806610324
210,42.02801867911941,3.3333333333333335,0.2,0.4583333333333333,0.5,0.037013574751366116,0.046455393809483735,0.3198184313640059,0.5967126000751447,70.04894806610324
211,42.22815210140093,3.3333333333333335,0.2,0.4583333333333333,0.5,0.037483214258492666,0.0464446695961248,0.3220964561873666,0.5939756599580165,70.04894806610324
212,42.428285523682455,3.3333333333333335,0.2,0.4583333333333333,0.5,0.03795916869271045,0.046433165568774366,0.324382596550054,0.5912250691884616,70.04894806610324
213,42.62841894596397,3.3333333333333335,0.2,0.4583333333333333,0.5,0.038441512903685734,0.04642086764226426,0.3266766803532182,0.5884609391008323,70.04894806610324
214,42.8285523682455,3.3333333333333335,0.2,0.4583333333333333,0.5,0.038930320441499515,0.04640776143995457,0.328978542226244,0.5856833758923023,70.04894806610324
215,43.028685790527014,3.3333333333333335,0.2,0.4583333333333333,0.5,0.039425672680068,0.04639383415613776,0.33128796543324923,0.5828925277305455,70.04894806610324
216,43.22881921280854,3.3333333333333335,0.2,0.4583333333333333,0.5,0.03992764284121935,0.04637907168037205,0.333604790322688,0.580088495155721,70.04894806610324
217,43.428952635090056,3.3333333333333335,0.2,0.4583333333333333,0.5,0.04043630965580152,0.04636346068818756,0.33592881610210534,0.5772714135539061,70.04894806610324
218,43.62908605737158,3.3333333333333335,0.2,0.4583333333333333,0.5,0.04095174804981292,0.046346987315186744,0.33825984423167527,0.5744414204033256,70.04894806610324
219,43.8292194796531,3.3333333333333335,0.2,0.4583333333333333,0.5,0.04147403261096649,0.04632963754904433,0.34059767543984876,0.571598654400141,70.04894806610324
220,44.02935290193462,3.3333333333333335,0.2,0.4583333333333333,0.5,0.04200323869918319,0.04631139660023758,0.34294210172677286,0.568743262973807,70.04894806610324
221,44.22948632421614,3.3333333333333335,0.2,0.4583333333333333,0.5,0.04253944195498718,0.046292249896713315,0.34529291342735785,0.5658753947209423,70.04894806610324
222,44.429619746497664,3.3333333333333335,0.2,0.4583333333333333,0.5,0.043082719561058205,0.046272183813846124,0.347649889914962,0.5629952067101343,70.04894806610324
223,44.62975316877918,3.3333333333333335,0.2,0.4583333333333333,0.5,0.04363314831161645,0.04625118464573,0.3500128099526196,0.5601028570900346,70.04894806610324
224,44.829886591060706,3.3333333333333335,0.2,0.4583333333333333,0.5,0.04419080457456464,0.046229238894504913,0.3523814436786971,0.557198512852234,70.04894806610324
225,45.030020013342224,3.3333333333333335,0.2,0.4583333333333333,0.5,0.04475576462007445,0.04620633290248107,0.35475555958529914,0.554282342892146,70.04894806610324
226,45.23015343562375,3.3333333333333335,0.2,0.4583333333333333,0.5,0.04532810435397018,0.0461824528332286,0.3571349180351313,0.5513545247776706,70.04894806610324
227,45.430286857905266,3.3333333333333335,0.2,0.4583333333333333,0.5,0.04590789981578251,0.0461575849891775,0.359519278792238,0.5484152364028025,70.04894806610324
228,45.63042028018679,3.3333333333333335,0.2,0.4583333333333333,0.5,0.04649522698682162,0.046131715857159535,0.3619083905941706,0.5454646665618488,70.04894806610324
229,45.83055370246831,3.3333333333333335,0.2,0.4583333333333333,0.5,0.0470901617494841,0.04610483195338194,0.364302003129164,0.5425030031679706,70.04894806610324
230,46.03068712474983,3.3333333333333335,0.2,0.4583333333333333,0.5,0.0476927795437679,0.04607692013867497,0.36669985502575825,0.5395304452917995,70.04894806610324
231,46.23082054703135,3.3333333333333335,0.2,0.4583333333333333,0.5,0.048303155724890925,0.04604796723658537,0.369101685131018,0.5365471919075063,70.04894806610324
232,46.430953969312874,3.3333333333333335,0.2,0.4583333333333333,0.5,0.048921365156155805,0.046017960218273694,0.3715072252110257,0.5335534494145454,70.04894806610324
233,46.63108739159439,3.3333333333333335,0.2,0.4583333333333333,0.5,0.04954748233623686,0.04598688615790726,0.37391620260953545,0.5305494288963211,70.04894806610324
234,46.831220813875916,3.3333333333333335,0.2,0.4583333333333333,0.5,0.050181580956208165,0.0459547323043013,0.3763283388951038,0.5275353478443873,70.04894806610324
235,47.03135423615743,3.3333333333333335,0.2,0.4583333333333333,0.5,0.050823734587680865,0.04592148596100318,0.3787433526107235,0.524511426840593,70.04894806610324
236,47.23148765843896,3.3333333333333335,0.2,0.4583333333333333,0.5,0.051474016415643406,0.045887134550210484,0.3811609569017615,0.5214778921323852,70.04894806610324
237,47.431621080720475,3.3333333333333335,0.2,0.4583333333333333,0.5,0.05213249913445181,0.045851665641096565,0.3835808585822844,0.5184349766421679,70.04894806610324
238,47.631754503002,3.3333333333333335,0.2,0.4583333333333333,0.5,0.05279925549617308,0.0458150673570466,0.38600276140888923,0.5153829157378917,70.04894806610324
239,47.83188792528352,3.3333333333333335,0.2,0.4583333333333333,0.5,0.05347435802280148,0.045777328161930475,0.38842636436251887,0.5123219494527498,70.04894806610324
240,48.03202134756504,3.3333333333333335,0.2,0.4583333333333333,0.5,0.05415787861036666,0.045738436566087004,0.3908513592848278,0.5092523255387191,70.04894806610324
241,48.23215476984656,3.3333333333333335,0.2,0.4583333333333333,0.5,0.05484988877487913,0.04569838130897959,0.3932774323465761,0.5061742975695658,70.04894806610324
242,48.432288192128084,3.3333333333333335,0.2,0.4583333333333333,0.5,0.05555045827068881,0.04565715167196903,0.3957042665556623,0.5030881235016805,70.04894806610324
243,48.6324216144096,3.3333333333333335,0.2,0.4583333333333333,0.5,0.05625964820580899,0.04561473878361986,0.3981315548338694,0.4999940581767024,70.04894806610324
244,48.832555036691126,3.3333333333333335,0.2,0.4583333333333333,0.5,0.056977529028812125,0.045571129449211316,0.4005589723755825,0.4968923691463947,70.04894806610324
245,49.03268845897264,3.3333333333333335,0.2,0.4583333333333333,0.5,0.057704169797051244,0.045526312549826864,0.40298618994777397,0.4937833277053485,70.04894806610324
246,49.23282188125417,3.3333333333333335,0.2,0.4583333333333333,0.5,0.05843963537641752,0.04548027888400644,0.40541287834889495,0.4906672073906817,70.04894806610324
247,49.432955303535685,3.3333333333333335,0.2,0.4583333333333333,0.5,0.059183990537524676,0.04543301869702458,0.40783870317447823,0.487544287590973,70.04894806610324
248,49.63308872581721,3.3333333333333335,0.2,0.4583333333333333,0.5,0.05993729935504017,0.04538452254422862,0.41026332586222397,0.4844148522385078,70.04894806610324
249,49.83322214809873,3.3333333333333335,0.2,0.4583333333333333,0.5,0.060699625103897585,0.04533478122605181,0.412686405377564,0.4812791882924871,70.04894806610324
250,50.03335557038025,3.3333333333333335,0.2,0.4583333333333333,0.5,0.061471029107135707,0.04528378611206631,0.41510759638798905,0.47813758839280945,70.04894806610324
251,50.23348899266177,3.3333333333333335,0.2,0.4583333333333333,0.5,0.06225157199444526,0.04523152878305765,0.4175265520948668,0.4749903471276309,70.04894806610324
252,50.433622414943294,3.3333333333333335,0.2,0.4583333333333333,0.5,0.06304131262054455,0.04517800129709864,0.4199429203271217,0.47183776575523567,70.04894806610324
253,50.63375583722481,3.3333333333333335,0.2,0.4583333333333333,0.5,0.06384030941816962,0.04512319582678682,0.4223563479645091,0.468680146790535,70.04894806610324
254,50.833889259506336,3.3333333333333335,0.2,0.4583333333333333,0.5,0.06464861850431525,0.04506710517035016,0.42476647690735475,0.46551779941798044,70.04894806610324
255,51.03402268178785,3.3333333333333335,0.2,0.4583333333333333,0.5,0.0654662954699247,0.04500972225962819,0.42717294826642144,0.4623510340040263,70.04894806610324
256,51.23415610406938,3.3333333333333335,0.2,0.4583333333333333,0.5,0.06629339302748503,0.04495104077546951,0.4295753980767764,0.4591801681202696,70.04894806610324
257,51.4342895263509,3.3333333333333335,0.2,0.4583333333333333,0.5,0.06712996501498451,0.04489105410649059,0.43197346442544876,0.45600551645307674,70.04894806610324
258,51.63442294863242,3.3333333333333335,0.2,0.4583333333333333,0.5,0.06797606118210191,0.04482975677309617,0.43436677964214093,0.45282740240266156,70.04894806610324
259,51.834556370913944,3.3333333333333335,0.2,0.4583333333333333,0.5,0.06883173036101937,0.04476714354916759,0.4367549747519743,0.44964615133783936,70.04894806610324
260,52.03468979319546,3.3333333333333335,0.2,0.4583333333333333,0.5,0.06969702117051088,0.04470320924332939,0.439137680990362,0.44646208859579833,70.04894806610324
261,52.234823215476986,3.3333333333333335,0.2,0.4583333333333333,0.5,0.07057197735244036,0.044637949932263415,0.4415145243403655,0.4432755483749313,70.04894806610324
262,52.4349566377585,3.3333333333333335,0.2,0.4583333333333333,0.5,0.07145664250358935,0.04457136169866245,0.4438851312759086,0.4400868645218402,70.04894806610324
263,52.63509006004003,3.3333333333333335,0.2,0.4583333333333333,0.5,0.07235106353084675,0.04450343981046916,0.44624913089883383,0.43689636575985086,70.04894806610324
264,52.835223482321545,3.3333333333333335,0.2,0.4583333333333333,0.5,0.07325527519019302,0.0444341825144721,0.4486061429087464,0.43370439938658906,70.04894806610324
265,53.03535690460307,3.3333333333333335,0.2,0.4583333333333333,0.5,0.07416931920060009,0.044363586351111775,0.450955792903435,0.43051130154485373,70.04894806610324
266,53.23549032688459,3.3333333333333335,0.2,0.4583333333333333,0.5,0.07509323121629555,0.044291649349931406,0.45329770357477317,0.42731741585900046,70.04894806610324
267,53.43562374916611,3.3333333333333335,0.2,0.4583333333333333,0.5,0.07602704551496504,0.044218369877732394,0.4556314963891421,0.4241230882181611,70.04894806610324
268,53.63575717144763,3.3333333333333335,0.2,0.4583333333333333,0.5,0.07697079380855548,0.044143746933447685,0.4579567916799245,0.4209286675780729,70.04894806610324
269,53.835890593729154,3.3333333333333335,0.2,0.4583333333333333,0.5,0.07792450645017274,0.0440677798736562,0.4602732133146278,0.41773450036154386,70.04894806610324
270,54.03602401601067,3.3333333333333335,0.2,0.4583333333333333,0.5,0.07888821102496969,0.04399046873590028,0.46258038379192024,0.4145409364472103,70.04894806610324
271,54.236157438292196,3.3333333333333335,0.2,0.4583333333333333,0.5,0.07986193249822926,0.04391181419751868,0.4648779246655865,0.4113483286386661,70.04894806610324
272,54.43629086057371,3.3333333333333335,0.2,0.4583333333333333,0.5,0.08084569499429728,0.04383181688608872,0.4671654591612952,0.40815702895831935,70.04894806610324
273,54.63642428285524,3.3333333333333335,0.2,0.4583333333333333,0.5,0.08183952086355135,0.04375047775643884,0.4694426109990038,0.40496739038100654,70.04894806610324
274,54.836557705136755,3.3333333333333335,0.2,0.4583333333333333,0.5,0.08284343003804212,0.04366779835101627,0.47170900357970114,0.401779768031241,70.04894806610324
275,55.03669112741828,3.3333333333333335,0.2,0.4583333333333333,0.5,0.08385743971838372,0.04358378086673134,0.47396426245079554,0.39859451696409,70.04894806610324
276,55.2368245496998,3.3333333333333335,0.2,0.4583333333333333,0.5,0.08488156409812907,0.04349842824409148,0.47620801602426194,0.39541199163351803,70.04894806610324
277,55.43695797198132,3.3333333333333335,0.2,0.4583333333333333,0.5,0.08591581549604349,0.04341174380103631,0.4784398926264709,0.3922325480764498,70.04894806610324
278,55.63709139426284,3.3333333333333335,0.2,0.4583333333333333,0.5,0.08696020358406337,0.04332373146405565,0.48065952264087164,0.3890565423110099,70.04894806610324
279,55.837224816544364,3.3333333333333335,0.2,0.4583333333333333,0.5,0.08801473459574635,0.043234395976633616,0.4828665409063362,0.3858843285212844,70.04894806610324
280,56.03735823882588,3.3333333333333335,0.2,0.4583333333333333,0.5,0.08907941252177418,0.043143742584526114,0.4850605830941782,0.38271626179952206,70.04894806610324
281,56.237491661107406,3.3333333333333335,0.2,0.4583333333333333,0.5,0.09015423885022263,0.04305177706742392,0.48724128692475405,0.37955269715760004,70.04894806610324
282,56.43762508338892,3.3333333333333335,0.2,0.4583333333333333,0.5,0.09123921321739784,0.04295850526088622,0.48940829378343925,0.37639398773827726,70.04894806610324
283,56.63775850567045,3.3333333333333335,0.2,0.4583333333333333,0.5,0.09233433269629293,0.042863933559852976,0.4915612471779044,0.3732404865659503,70.04894806610324
284,56.837891927951965,3.3333333333333335,0.2,0.4583333333333333,0.5,0.0934395918359846,0.04276806888460272,0.4936997929036733,0.3700925463757401,70.04894806610324
285,57.03802535023349,3.3333333333333335,0.2,0.4583333333333333,0.5,0.09455498233474123,0.04267091866018314,0.49582358161057083,0.36695051739450546,70.04894806610324
286,57.23815877251501,3.3333333333333335,0.2,0.4583333333333333,0.5,0.09568049327484329,0.042572490793313864,0.49793226745158015,0.36381474848026335,70.04894806610324
287,57.43829219479653,3.3333333333333335,0.2,0.4583333333333333,0.5,0.09681611129308484,0.04247279365561567,0.50002550710179,0.3606855879495103,70.04894806610324
288,57.63842561707805,3.3333333333333335,0.2,0.4583333333333333,0.5,0.09796181986710265,0.04237183628781009,0.5021029622564174,0.35756338158867057,70.04894806610324
289,57.83855903935957,3.3333333333333335,0.2,0.4583333333333333,0.5,0.09911759907371971,0.04226962847722503,0.5041643003763067,0.35444847207274927,70.04894806610324
290,58.03869246164109,3.3333333333333335,0.2,0.4583333333333333,0.5,0.10028342653168937,0.04216618045543184,0.5062091917796139,0.35134120123326557,70.04894806610324
291,58.238825883922615,3.3333333333333335,0.2,0.4583333333333333,0.5,0.10145927712006936,0.04206150292842904,0.5082373113832744,0.34824190856822773,70.04894806610324
292,58.43895930620413,3.3333333333333335,0.2,0.4583333333333333,0.5,0.10264512324516877,0.04195560683321973,0.5102483401692876,0.34515092975232453,70.04894806610324
293,58.63909272848566,3.3333333333333335,0.2,0.4583333333333333,0.5,0.10384093443856819,0.04184850370339948,0.5122419629907684,0.3420685988672645,70.04894806610324
294,58.839226150767175,3.3333333333333335,0.2,0.4583333333333333,0.5,0.10504667748548524,0.04174020554116051,0.5142178694257139,0.3389952475476409,70.04894806610324
295,59.0393595730487,3.3333333333333335,0.2,0.4583333333333333,0.5,0.10626231656134556,0.041630724596859243,0.5161757558323135,0.3359312030094823,70.04894806610324
296,59.23949299533022,3.3333333333333335,0.2,0.4583333333333333,0.5,0.10748781310602704,0.041520073581838714,0.5181153233223627,0.3328767899897721,70.04894806610324
297,59.43962641761174,3.3333333333333335,0.2,0.4583333333333333,0.5,0.10872312581974526,0.04140826565875669,0.5200362779425944,0.32983233057890415,70.04894806610324
298,59.63975983989326,3.3333333333333335,0.2,0.4583333333333333,0.5,0.10996821016359998,0.04129531457620072,0.5219383332045396,0.32679814205566016,70.04894806610324
299,59.83989326217478,3.3333333333333335,0.2,0.4583333333333333,0.5,0.11122301864637761,0.04118123457899642,0.5238212088162618,0.32377453795836475,70.04894806610324
300,60.0400266844563,3.3333333333333335,0.2,0.4583333333333333,0.5,0.11248750104353643,0.041066040339724136,0.5256846297139801,0.3207618289027599,70.04894806610324
301,60.240160106737825,3.3333333333333335,0.2,0.4583333333333333,0.5,0.1137616043121341,0.04094974692320313,0.5275283276324215,0.3177603211322418,70.04894806610324
302,60.44029352901934,3.3333333333333335,0.2,0.4583333333333333,0.5,0.11504527262457047,0.04083236973806212,0.5293520416837176,0.31477031595365035,70.04894806610324
303,60.64042695130087,3.3333333333333335,0.2,0.4583333333333333,0.5,0.11633844728653274,0.04071392465876083,0.5311555168738608,0.31179211118084615,70.04894806610324
304,60.840560373582385,3.3333333333333335,0.2,0.4583333333333333,0.5,0.11764106713058096,0.040594427777486695,0.5329385052084037,0.3088259998835291,70.04894806610324
305,61.04069379586391,3.3333333333333335,0.2,0.4583333333333333,0.5,0.11895306841142683,0.04047389546255146,0.5347007655340249,0.30587227059199734,70.04894806610324
306,61.24082721814543,3.3333333333333335,0.2,0.4583333333333333,0.5,0.12027438457889784,0.040352344480905265,0.5364420633043296,0.3029312076358678,70.04894806610324
307,61.44096064042695,3.3333333333333335,0.2,0.4583333333333333,0.5,0.12160494615125969,0.04022979200470428,0.5381621720719667,0.3000030897720698,70.04894806610324
308,61.64109406270847,3.3333333333333335,0.2,0.4583333333333333,0.5,0.1229446808826108,0.04010625556447528,0.5398608725190097,0.2970881910339047,70.04894806610324
309,61.84122748498999,3.3333333333333335,0.2,0.4583333333333333,0.5,0.12429351381460652,0.039981753026622616,0.54153795243896,0.29418678071981147,70.04894806610324
310,62.04136090727151,3.3333333333333335,0.2,0.4583333333333333,0.5,0.12565136735913848,0.03985630252592856,0.5431932078154387,0.29129912229949484,70.04894806610324
311,62.241494329553035,3.3333333333333335,0.2,0.4583333333333333,0.5,0.12701816117504428,0.03972992254639003,0.5448264419094069,0.2884254743691594,70.04894806610324
312,62.44162775183455,3.3333333333333335,0.2,0.4583333333333333,0.5,0.12839381232406555,0.03960263184123844,0.5464374655849912,0.28556609024970536,70.04894806610324
313,62.64176117411608,3.3333333333333335,0.2,0.4583333333333333,0.5,0.12977823557928608,0.03947444927898797,0.5480260977966831,0.2827212173450434,70.04894806610324
314,62.841894596397594,3.3333333333333335,0.2,0.4583333333333333,0.5,0.1311713429965283,0.0393453940552631,0.5495921649905687,0.27989109795764044,70.04894806610324
315,63.04202801867912,3.3333333333333335,0.2,0.4583333333333333,0.5,0.13257304413026866,0.03921548559547568,0.551135501697568,0.27707596857668815,70.04894806610324
316,63.242161440960636,3.3333333333333335,0.2,0.4583333333333333,0.5,0.1339832460804645,0.039084743535456434,0.5526559507160966,0.27427605966798285,70.04894806610324
317,63.44229486324216,3.3333333333333335,0.2,0.4583333333333333,0.5,0.13540185335593255,0.03895318777512018,0.5541533624908032,0.2714915963781445,70.04894806610324
318,63.64242828552368,3.3333333333333335,0.2,0.4583333333333333,0.5,0.1368287680798022,0.03882083840037316,0.5556275956864603,0.2687227978333647,70.04894806610324
319,63.8425617078052,3.3333333333333335,0.2,0.4583333333333333,0.5,0.13826389010448045,0.03868771563993954,0.5570785174366977,0.2659698768188827,70.04894806610324
320,64.04269513008673,3.3333333333333335,0.2,0.4583333333333333,0.5,0.13970711672779365,0.03855383997195693,0.5585060027303946,0.26323304056985514,70.04894806610324
321,64.24282855236824,3.3333333333333335,0.2,0.4583333333333333,0.5,0.1411583430098001,0.03841923200590405,0.5599099347601053,0.2605124902241908,70.04894806610324
322,64.44296197464976,3.3333333333333335,0.2,0.4583333333333333,0.5,0.14261746202270054,0.03828391238981331,0.5612902050654209,0.25780842052206554,70.04894806610324
323,64.64309539693129,3.3333333333333335,0.2,0.4583333333333333,0.5,0.14408436435901054,0.038147901992868424,0.5626467132543803,0.255121020393741,70.04894806610324
324,64.84322881921281,3.3333333333333335,0.2,0.4583333333333333,0.5,0.1455589384658583,0.03801122179340013,0.5639793671544664,0.25245047258627545,70.04894806610324
325,65.04336224149432,3.3333333333333335,0.2,0.4583333333333333,0.5,0.14704107092288884,0.03787389279600026,0.565288082905737,0.24979695337537425,70.04894806610324
326,65.24349566377585,3.3333333333333335,0.2,0.4583333333333333,0.5,0.14853064597837032,0.03773593616930062,0.5665727848071996,0.24716063304512964,70.04894806610324
327,65.44362908605737,3.3333333333333335,0.2,0.4583333333333333,0.5,0.15002754584266767,0.037597373163764734,0.567833405351725,0.24454167564184293,70.04894806610324
328,65.6437625083389,3.3333333333333335,0.2,0.4583333333333333,0.5,0.15153165102349334,0.03745822502336716,0.5690698851956713,0.24194023875746862,70.04894806610324
329,65.8438959306204,3.3333333333333335,0.2,0.4583333333333333,0.5,0.15304283983128333,0.03731851311550102,0.5702821732087202,0.23935647384449577,70.04894806610324
330,66.04402935290193,3.3333333333333335,0.2,0.4583333333333333,0.5,0.15456098873781962,0.037178258838734136,0.5714702263408558,0.23679052608259082,70.04894806610324
331,66.24416277518345,3.3333333333333335,0.2,0.4583333333333333,0.5,0.1560859728925069,0.03703748349179159,0.5726340093422488,0.234242534273453,70.04894806610324
332,66.44429619746498,3.3333333333333335,0.2,0.4583333333333333,0.5,0.1576176651568573,0.03689620851835492,0.5737734952982225,0.23171263102656556,70.04894806610324
333,66.64442961974649,3.3333333333333335,0.2,0.4583333333333333,0.5,0.15915593642629805,0.03675445542547019,0.5748886654509474,0.2292009426972847,70.04894806610324
334,66.84456304202801,3.3333333333333335,0.2,0.4583333333333333,0.5,0.16070065566881625,0.03661224577375482,0.5759795091776787,0.22670758937975063,70.04894806610324
335,67.04469646430954,3.3333333333333335,0.2,0.4583333333333333,0.5,0.16225169121591165,0.03646960085504056,0.5770460229160086,0.2242326850130396,70.04894806610324
336,67.24482988659106,3.3333333333333335,0.2,0.4583333333333333,0.5,0.16380891031759987,0.036326541803491416,0.5780882105343371,0.22177633734457197,70.04894806610324
337,67.44496330887257,3.3333333333333335,0.2,0.4583333333333333,0.5,0.16537217783611824,0.03618308992179121,0.5791060844193899,0.21933864782270102,70.04894806610324
338,67.6450967311541,3.3333333333333335,0.2,0.4583333333333333,0.5,0.16694135697699083,0.03603926649859334,0.5800996648675911,0.21691971165682503,70.04894806610324
339,67.84523015343562,3.3333333333333335,0.2,0.4583333333333333,0.5,0.16851630944966914,0.035895092775768404,0.5810689798871509,0.21451961788741192,70.04894806610324
340,68.04536357571715,3.3333333333333335,0.2,0.4583333333333333,0.5,0.1700968971588472,0.03575058960356887,0.5820140631143412,0.21213845012324303,70.04894806610324
341,68.24549699799866,3.3333333333333335,0.2,0.4583333333333333,0.5,0.171682980164617,0.03560577785652466,0.5829349563266141,0.20977628565224463,70.04894806610324
342,68.44563042028018,3.3333333333333335,0.2,0.4583333333333333,0.5,0.17327441682322642,0.03546067840474461,0.5838317092691856,0.20743319550284375,70.04894806610324
343,68.6457638425617,3.3333333333333335,0.2,0.4583333333333333,0.5,0.17487106410618658,0.0353153120488549,0.5847043792618905,0.20510924458306842,70.04894806610324
344,68.84589726484323,3.3333333333333335,0.2,0.4583333333333333,0.5,0.17647277816856222,0.03516969944537616,0.5855530302556465,0.20280449213041543,70.04894806610324
345,69.04603068712474,3.3333333333333335,0.2,0.4583333333333333,0.5,0.17807941529557939,0.03502386098242317,0.5863777312607948,0.20051899246120297,70.04894806610324
346,69.24616410940627,3.3333333333333335,0.2,0.4583333333333333,0.5,0.17969082980904524,0.0348778170546156,0.5871785598230863,0.19825279331325316,70.04894806610324
347,69.44629753168779,3.3333333333333335,0.2,0.4583333333333333,0.5,0.1813068748363044,0.03473158796210532,0.587955600746977,0.19600593645461364,70.04894806610324
348,69.64643095396931,3.3333333333333335,0.2,0.4583333333333333,0.5,0.18292740237573996,0.03458519390161548,0.5887089459854841,0.1937784577371609,70.04894806610324
349,69.84656437625083,3.3333333333333335,0.2,0.4583333333333333,0.5,0.18455226483513437,0.034438654707684466,0.5894386918664404,0.19157038859074113,70.04894806610324
350,70.04669779853235,3.3333333333333335,0.2,0.4583333333333333,0.5,0.18618131417555095,0.034291989996667216,0.5901449406361228,0.18938175519165948,70.04894806610324
351,70.24683122081387,3.3333333333333335,0.2,0.4583333333333333,0.5,0.18781440080678366,0.03414521935252303,0.5908278024508108,0.1872125773898829,70.04894806610324
352,70.4469646430954,3.3333333333333335,0.2,0.4583333333333333,0.5,0.18945137429426048,0.033998362207912844,0.5914873941022051,0.18506286939562192,70.04894806610324
353,70.64709806537691,3.3333333333333335,0.2,0.4583333333333333,0.5,0.1910920835629024,0.03385143780301298,0.5921238386656529,0.18293263996843212,70.04894806610324
354,70.84723148765843,3.3333333333333335,0.2,0.4583333333333333,0.5,0.1927363787955864,0.03370446480196324,0.5927372622242106,0.18082189417824007,70.04894806610324
355,71.04736490993996,3.3333333333333335,0.2,0.4583333333333333,0.5,0.19438410983014417,0.03355746161672584,0.5933277966347402,0.1787306319183901,70.04894806610324
356,71.24749833222148,3.3333333333333335,0.2,0.4583333333333333,0.5,0.19603512563662867,0.03341044659141277,0.5938955799931964,0.17665884777876248,70.04894806610324
357,71.44763175450299,3.3333333333333335,0.2,0.4583333333333333,0.5,0.1976892732552808,0.033263438409774825,0.594440757396903,0.17460653093804168,70.04894806610324
358,71.64776517678452,3.3333333333333335,0.2,0.4583333333333333,0.5,0.19934639949859748,0.03311645549382437,0.5949634794361466,0.1725736655714319,70.04894806610324
359,71.84789859906604,3.3333333333333335,0.2,0.4583333333333333,0.5,0.20100635173019812,0.032969515826870785,0.595463900964944,0.17056023147798752,70.04894806610324
360,72.04803202134757,3.3333333333333335,0.2,0.4583333333333333,0.5,0.20266897802458878,0.03282263691323199,0.5959421808707863,0.16856620419139326,70.04894806610324
361,72.24816544362908,3.3333333333333335,0.2,0.4583333333333333,0.5,0.20433412589976838,0.032675836128020996,0.5963984837203906,0.16659155425182032,70.04894806610324
362,72.4482988659106,3.3333333333333335,0.2,0.4583333333333333,0.5,0.20600164320003758,0.032529130516832594,0.5968329780986174,0.1646362481845128,70.04894806610324
363,72.64843228819213,3.3333333333333335,0.2,0.4583333333333333,0.5,0.2076713778559808,0.03238253683441837,0.5972458372476008,0.16270024806200026,70.04894806610324
364,72.84856571047365,3.3333333333333335,0.2,0.4583333333333333,0.5,0.20934317780314798,0.03223607159800332,0.5976372390953818,0.16078351150346715,70.04894806610324
365,73.04869913275516,3.3333333333333335,0.2,0.4583333333333333,0.5,0.21101689098529383,0.03208975125658547,0.5980073654537408,0.15888599230438016,70.04894806610324
366,73.24883255503669,3.3333333333333335,0.2,0.4583333333333333,0.5,0.21269236541714984,0.03194359199223057,0.5983564027322903,0.15700763985832955,70.04894806610324
367,73.44896597731821,3.3333333333333335,0.2,0.4583333333333333,0.5,0.21436944948697287,0.031797609694872046,0.5986845411393724,0.15514839967878297,70.04894806610324
368,73.64909939959973,3.3333333333333335,0.2,0.4583333333333333,0.5,0.21604799221688054,0.03165181991970314,0.5989919740896119,0.15330821377380477,70.04894806610324
369,73.84923282188124,3.3333333333333335,0.2,0.4583333333333333,0.5,0.21772784270614595,0.03150623800047996,0.599278899369126,0.15148701992424837,70.04894806610324
370,74.04936624416277,3.3333333333333335,0.2,0.4583333333333333,0.5,0.21940885069076252,0.03136087897380097,0.5995455177379743,0.14968475259746253,70.04894806610324
371,74.2494996664443,3.3333333333333335,0.2,0.4583333333333333,0.5,0.2210908664368154,0.03121575758937811,0.5997920332211287,0.14790134275267802,70.04894806610324
372,74.44963308872582,3.3333333333333335,0.2,0.4583333333333333,0.5,0.2227737405647191,0.031070888332682355,0.6000186535641958,0.14613671753840307,70.04894806610324
373,74.64976651100733,3.3333333333333335,0.2,0.4583333333333333,0.5,0.2244573244417902,0.030926285448067675,0.6002255889148304,0.1443908011953121,70.04894806610324
374,74.84989993328885,3.3333333333333335,0.2,0.4583333333333333,0.5,0.22614146994876916,0.030781962912630665,0.6004130526574925,0.1426635144811081,70.04894806610324
375,75.05003335557038,3.3333333333333335,0.2,0.4583333333333333,0.5,0.22782602955627518,0.030637934428178415,0.600581261200545,0.14095477481500182,70.04894806610324
376,75.2501667778519,3.3333333333333335,0.2,0.4583333333333333,0.5,0.22951085670838878,0.030494213402618424,0.6007304328290918,0.13926449705990143,70.04894806610324
377,75.45030020013341,3.3333333333333335,0.2,0.4583333333333333,0.5,0.23119580541611034,0.03035081297689017,0.6008607888945429,0.13759259271245705,70.04894806610324
378,75.65043362241494,3.3333333333333335,0.2,0.4583333333333333,0.5,0.2328807305171905,0.030207746014071574,0.6009725530166844,0.13593897045205394,70.04894806610324
379,75.85056704469646,3.3333333333333335,0.2,0.4583333333333333,0.5,0.23456548786624049,0.030065025093095596,0.6010659504898008,0.13430353655086355,70.04894806610324
380,76.05070046697799,3.3333333333333335,0.2,0.4583333333333333,0.5,0.23624993400348201,0.0299226625186782,0.6011412093235773,0.132686194154263,70.04894806610324
381,76.2508338892595,3.3333333333333335,0.2,0.4583333333333333,0.5,0.23793392652826786,0.029780670327596293,0.6011985589694123,0.13108684417472405,70.04894806610324
382,76.45096731154102,3.3333333333333335,0.2,0.4583333333333333,0.5,0.2396173240154309,0.029639060285439302,0.6012382306162037,0.1295053850829265,70.04894806610324
383,76.65110073382255,3.3333333333333335,0.2,0.4583333333333333,0.5,0.2412999858583436,0.02949784388062842,0.6012604577446017,0.12794171251642678,70.04894806610324
384,76.85123415610407,3.3333333333333335,0.2,0.4583333333333333,0.5,0.24298177267813623,0.029357032326640643,0.6012654747542513,0.12639572024097237,70.04894806610324
385,77.0513675783856,3.3333333333333335,0.2,0.4583333333333333,0.5,0.24466254624244113,0.02921663656221446,0.6012535172328637,0.12486729996248117,70.04894806610324
386,77.2515010006671,3.3333333333333335,0.2,0.4583333333333333,0.5,0.24634216923328595,0.02907666725198028,0.6012248227243696,0.12335634079036463,70.04894806610324
387,77.45163442294863,3.3333333333333335,0.2,0.4583333333333333,0.5,0.24802050561324723,0.028937134794923516,0.6011796294175064,0.12186273017432342,70.04894806610324
388,77.65176784523015,3.3333333333333335,0.2,0.4583333333333333,0.5,0.24969742058599043,0.028798049323020415,0.6011181762919089,0.12038635379908076,70.04894806610324
389,77.85190126751168,3.3333333333333335,0.2,0.4583333333333333,0.5,0.2513727803900235,0.02865942069412241,0.6010407038816001,0.1189270950342546,70.04894806610324
390,78.05203468979319,3.3333333333333335,0.2,0.4583333333333333,0.5,0.2530464526129059,0.028521258509731754,0.6009474530643966,0.11748483581296634,70.04894806610324
391,78.25216811207471,3.3333333333333335,0.2,0.4583333333333333,0.5,0.25471830617972063,0.028383572114238302,0.600838665107086,0.11605945659895577,70.04894806610324
392,78.45230153435624,3.3333333333333335,0.2,0.4583333333333333,0.5,0.25638821114874477,0.02824637058139063,0.6007145824661344,0.11465083580373076,70.04894806610324
393,78.65243495663776,3.3333333333333335,0.2,0.4583333333333333,0.5,0.2580560390046162,0.0281096627303968,0.6005754476485933,0.11325885061639432,70.04894806610324
394,78.85256837891927,3.3333333333333335,0.2,0.4583333333333333,0.5,0.2597216626713061,0.027973457126571264,0.6004215031618835,0.11188337704023976,70.04894806610324
395,79.0527018012008,3.3333333333333335,0.2,0.4583333333333333,0.5,0.2613849562954219,0.027837762070529987,0.6002529923525476,0.11052428928150108,70.04894806610324
396,79.25283522348232,3.3333333333333335,0.2,0.4583333333333333,0.5,0.26304579551241414,0.027702585621244134,0.6000701582778296,0.10918146058851266,70.04894806610324
397,79.45296864576385,3.3333333333333335,0.2,0.4583333333333333,0.5,0.2647040574548536,0.02756793559691927,0.5998732436689618,0.10785476327926591,70.04894806610324
398,79.65310206804536,3.3333333333333335,0.2,0.4583333333333333,0.5,0.26635962053902923,0.027433819552326495,0.5996624918777316,0.1065440680309132,70.04894806610324
399,79.85323549032688,3.3333333333333335,0.2,0.4583333333333333,0.5,0.26801236461708183,0.027300244793422433,0.5994381462189926,0.10524924437050366,70.04894806610324
400,80.0533689126084,3.3333333333333335,0.2,0.4583333333333333,0.5,0.26966217133063486,0.027167218405145972,0.5992004485118809,0.10397016175233878,70.04894806610324
401,80.25350233488993,3.3333333333333335,0.2,0.4583333333333333,0.5,0.27130892369229476,0.027034747218522618,0.5989496408061921,0.10270668828299113,70.04894806610324
402,80.45363575717144,3.3333333333333335,0.2,0.4583333333333333,0.5,0.2729525061477442,0.02690283781554681,0.5986859651262181,0.10145869091049146,70.04894806610324
403,80.65376917945296,3.3333333333333335,0.2,0.4583333333333333,0.5,0.2745928047834817,0.026771496561089812,0.5984096624329757,0.10022603622245332,70.04894806610324
404,80.85390260173449,3.3333333333333335,0.2,0.4583333333333333,0.5,0.2762297073278348,0.026640729603073288,0.5981209726189356,0.09900859045015682,70.04894806610324
405,81.05403602401601,3.3333333333333335,0.2,0.4583333333333333,0.5,0.27786310295289984,0.02651054283855808,0.5978201355379489,0.09780621867059373,70.04894806610324
406,81.25416944629752,3.3333333333333335,0.2,0.4583333333333333,0.5,0.27949288239609654,0.026380941936792395,0.5975073903515011,0.09661878531561047,70.04894806610324
407,81.45430286857905,3.3333333333333335,0.2,0.4583333333333333,0.5,0.28111893814971683,0.026251932385296488,0.5971829744110452,0.09544615505394212,70.04894806610324
408,81.65443629086057,3.3333333333333335,0.2,0.4583333333333333,0.5,0.2827411642338777,0.02612351943466107,0.5968471245967755,0.09428819173468632,70.04894806610324
409,81.8545697131421,3.3333333333333335,0.2,0.4583333333333333,0.5,0.2843594562321524,0.025995708107208217,0.5965000771075413,0.09314475855309869,70.04894806610324
410,82.05470313542361,3.3333333333333335,0.2,0.4583333333333333,0.5,0.2859737114465434,0.025868503227681437,0.5961420665815014,0.09201571874427446,70.04894806610324
411,82.25483655770513,3.3333333333333335,0.2,0.4583333333333333,0.5,0.28758382889293527,0.025741909422376558,0.5957733261217711,0.09090093556291763,70.04894806610324
412,82.45496997998666,3.3333333333333335,0.2,0.4583333333333333,0.5,0.28918970914963454,0.025615931090195793,0.5953940881506661,0.08980027160950421,70.04894806610324
413,82.65510340226818,3.3333333333333335,0.2,0.4583333333333333,0.5,0.2907912544477706,0.02549057242377105,0.5950045838559267,0.08871358927253228,70.04894806610324
414,82.85523682454969,3.3333333333333335,0.2,0.4583333333333333,0.5,0.29238836878918834,0.025365837454220178,0.594605042272094,0.08764075148449818,70.04894806610324
415,83.05537024683122,3.3333333333333335,0.2,0.4583333333333333,0.5,0.2939809577995358,0.025241729995373677,0.5941956914252591,0.08658162077983209,70.04894806610324
416,83.25550366911274,3.3333333333333335,0.2,0.4583333333333333,0.5,0.29556892875363083,0.025118253653405004,0.5937767581354024,0.08553605945756239,70.04894806610324
417,83.45563709139427,3.3333333333333335,0.2,0.4583333333333333,0.5,0.2971521906432675,0.024995411858562622,0.5933484674135177,0.08450393008465291,70.04894806610324
418,83.65577051367578,3.3333333333333335,0.2,0.4583333333333333,0.5,0.2987306542110855,0.02487320788171576,0.5929110421518223,0.08348509575537709,70.04894806610324
419,83.8559039359573,3.3333333333333335,0.2,0.4583333333333333,0.5,0.3003042318415759,0.0247516447811084,0.592464704120693,0.08247941925662333,70.04894806610324
420,84.05603735823883,3.3333333333333335,0.2,0.4583333333333333,0.5,0.3018728376071379,0.024630725426073707,0.5920096735311347,0.08148676343565442,70.04894806610324
421,84.25617078052035,3.3333333333333335,0.2,0.4583333333333333,0.5,0.3034363873116435,0.024510452545409372,0.5915461682735688,0.08050699186937904,70.04894806610324
422,84.45630420280186,3.3333333333333335,0.2,0.4583333333333333,0.5,0.30499479845544336,0.024390828688256448,0.5910744045328099,0.07953996832349097,70.04894806610324
423,84.65643762508338,3.3333333333333335,0.2,0.4583333333333333,0.5,0.3065479902261595,0.024271856213806363,0.5905945969498692,0.07858555661016575,70.04894806610324
424,84.85657104736491,3.3333333333333335,0.2,0.4583333333333333,0.5,0.30809588350965383,0.024153537315851303,0.5901069582699626,0.07764362090453292,70.04894806610324
425,85.05670446964643,3.3333333333333335,0.2,0.4583333333333333,0.5,0.30963840089336353,0.024035874064966163,0.5896116987856164,0.0767140262560546,70.04894806610324
426,85.25683789192794,3.3333333333333335,0.2,0.4583333333333333,0.5,0.3111754666612502,0.023918868344626778,0.5891090271800469,0.07579663781407682,70.04894806610324
427,85.45697131420947,3.3333333333333335,0.2,0.4583333333333333,0.5,0.31270700679516916,0.023802521868701347,0.5885991502962646,0.07489132103986544,70.04894806610324
428,85.657104736491,3.3333333333333335,0.2,0.4583333333333333,0.5,0.3142329489560267,0.023686836218711153,0.5880822726908816,0.07399794213438109,70.04894806610324
429,85.85723815877252,3.3333333333333335,0.2,0.4583333333333333,0.5,0.3157532224859298,0.023571812839957657,0.5875585966800874,0.07311636799402582,70.04894806610324
430,86.05737158105403,3.3333333333333335,0.2,0.4583333333333333,0.5,0.3172677584285698,0.02345745300479469,0.5870283227756597,0.07224646579097638,70.04894806610324
431,86.25750500333555,3.3333333333333335,0.2,0.4583333333333333,0.5,0.31877648951185167,0.023343757835389323,0.5864916494284119,0.0713881032243479,70.04894806610324
432,86.45763842561708,3.3333333333333335,0.2,0.4583333333333333,0.5,0.32027935007167835,0.023230728355406488,0.585948772551525,0.07054114902139096,70.04894806610324
433,86.6577718478986,3.3333333333333335,0.2,0.4583333333333333,0.5,0.3217762761372967,0.023118365432132495,0.5853998860543209,0.06970547237625059,70.04894806610324
434,86.85790527018011,3.3333333333333335,0.2,0.4583333333333333,0.5,0.32326720542653425,0.023006669779704888,0.5848451818124748,0.06888094298128679,70.04894806610324
435,87.05803869246164,3.3333333333333335,0.2,0.4583333333333333,0.5,0.32475207732074446,0.02289564197415708,0.5842848495344208,0.0680674311706783,70.04894806610324
436,87.25817211474316,3.3333333333333335,0.2,0.4583333333333333,0.5,0.3262308327543589,0.02278528251106024,0.5837190762754735,0.06726480845910815,70.04894806610324
437,87.45830553702469,3.3333333333333335,0.2,0.4583333333333333,0.5,0.3277034143431226,0.02267559173859795,0.5831480470019597,0.06647294691632051,70.04894806610324
438,87.6584389593062,3.3333333333333335,0.2,0.4583333333333333,0.5,0.3291697663727368,0.02256656986349355,0.5825719445412562,0.0656917192225142,70.04894806610324
439,87.85857238158772,3.3333333333333335,0.2,0.4583333333333333,0.5,0.33062983476035457,0.022458216967127884,0.5819909494672076,0.06492099880531067,70.04894806610324
440,88.05870580386924,3.3333333333333335,0.2,0.4583333333333333,0.5,0.33208356688555585,0.022350533062473806,0.5814052397875457,0.06416066026442545,70.04894806610324
441,88.25883922615077,3.3333333333333335,0.2,0.4583333333333333,0.5,0.3335309117936152,0.022243518025627188,0.5808149913197966,0.06341057886096164,70.04894806610324
442,88.45897264843228,3.3333333333333335,0.2,0.4583333333333333,0.5,0.33497182017148697,0.02213717160389608,0.580220377646871,0.06267063057774669,70.04894806610324
443,88.6591060707138,3.3333333333333335,0.2,0.4583333333333333,0.5,0.33640624429516036,0.022031493431738217,0.5796215700430449,0.06194069223005715,70.04894806610324
444,88.85923949299533,3.3333333333333335,0.2,0.4583333333333333,0.5,0.33783413783100935,0.021926483085118065,0.5790187372698139,0.0612206418140593,70.04894806610324
445,89.05937291527685,3.3333333333333335,0.2,0.4583333333333333,0.5,0.33925545608306373,0.021822140013845394,0.5784120458300068,0.060510358073084705,70.04894806610324
446,89.25950633755836,3.3333333333333335,0.2,0.4583333333333333,0.5,0.34067015595715205,0.021718463551387002,0.5778016599309361,0.059809720560525456,70.04894806610324
447,89.45963975983989,3.3333333333333335,0.2,0.4583333333333333,0.5,0.34207819590035937,0.02161545292967446,0.5771877414390383,0.05911860973092858,70.04894806610324
448,89.65977318212141,3.3333333333333335,0.2,0.4583333333333333,0.5,0.3434795356889147,0.021513107326187615,0.5765704497669285,0.058436907217969875,70.04894806610324
449,89.85990660440294,3.3333333333333335,0.2,0.4583333333333333,0.5,0.344874136701377,0.02141142580331431,0.5759499420188665,0.057764495476442905,70.04894806610324
450,90.06004002668445,3.3333333333333335,0.2,0.4583333333333333,0.5,0.3462619618723134,0.02131040731863267,0.5753263729660906,0.05710125784296407,70.04894806610324
451,90.26017344896597,3.3333333333333335,0.2,0.4583333333333333,0.5,0.3476429756124998,0.021210050740861776,0.5746998950306048,0.056447078616034284,70.04894806610324
452,90.4603068712475,3.3333333333333335,0.2,0.4583333333333333,0.5,0.34901714353076146,0.021110354902442587,0.5740706582736728,0.055801843293123835,70.04894806610324
453,90.66044029352902,3.3333333333333335,0.2,0.4583333333333333,0.5,0.35038443284999293,0.02101131852089708,0.573438810413026,0.055165438216084536,70.04894806610324
454,90.86057371581053,3.3333333333333335,0.2,0.4583333333333333,0.5,0.3517448123130304,0.020912940216621323,0.572804496818971,0.05453775065137785,70.04894806610324
455,91.06070713809206,3.3333333333333335,0.2,0.4583333333333333,0.5,0.3530982521469304,0.020815218519637954,0.5721678605129109,0.05391866882052137,70.04894806610324
456,91.26084056037358,3.3333333333333335,0.2,0.4583333333333333,0.5,0.3544447239010526,0.020718151896940595,0.5715290421989185,0.0533080820030889,70.04894806610324
457,91.4609739826551,3.3333333333333335,0.2,0.4583333333333333,0.5,0.3557842001487721,0.02062173880286838,0.5708881803219013,0.05270588072645893,70.04894806610324
458,91.66110740493662,3.3333333333333335,0.2,0.4583333333333333,0.5,0.35711665512924917,0.02052597757072451,0.5702454109424588,0.05211195635756803,70.04894806610324
459,91.86124082721814,3.3333333333333335,0.2,0.4583333333333333,0.5,0.35844206451554367,0.020430866451936893,0.5696008677821007,0.051526201250419346,70.04894806610324
460,92.06137424949966,3.3333333333333335,0.2,0.4583333333333333,0.5,0.3597604053950545,0.02033640361936144,0.5689546822270592,0.05094850875852547,70.04894806610324
461,92.26150767178119,3.3333333333333335,0.2,0.4583333333333333,0.5,0.3610716559792942,0.020242587208390846,0.5683069834780097,0.05037877333430597,70.04894806610324
462,92.4616410940627,3.3333333333333335,0.2,0.4583333333333333,0.5,0.3623757955388653,0.0201494153261648,0.5676578985836136,0.04981689055135693,70.04894806610324
463,92.66177451634422,3.3333333333333335,0.2,0.4583333333333333,0.5,0.363672804939809,0.020056885975599324,0.5670075521638321,0.04926275692076016,70.04894806610324
464,92.86190793862575,3.3333333333333335,0.2,0.4583333333333333,0.5,0.3649626663899748,0.01996499709131204,0.5663560665407662,0.048716269977947584,70.04894806610324
465,93.06204136090727,3.3333333333333335,0.2,0.4583333333333333,0.5,0.36624536343297004,0.019873746540408587,0.565703561742614,0.048177328284007954,70.04894806610324
466,93.26217478318878,3.3333333333333335,0.2,0.4583333333333333,0.5,0.3675208805017172,0.01978313217828702,0.5650501558220109,0.047645831497985444,70.04894806610324
467,93.46230820547031,3.3333333333333335,0.2,0.4583333333333333,0.5,0.36878920320711667,0.019693151812555643,0.5643959646501957,0.04712168033013256,70.04894806610324
468,93.66244162775183,3.3333333333333335,0.2,0.4583333333333333,0.5,0.37005031861499,0.01960380316841558,0.5637411017195342,0.04660477649706094,70.04894806610324
469,93.86257505003336,3.3333333333333335,0.2,0.4583333333333333,0.5,0.3713042150529569,0.0195150839128008,0.5630856782812266,0.04609502275301636,70.04894806610324
470,94.06270847231487,3.3333333333333335,0.2,0.4583333333333333,0.5,0.3725508820783283,0.019426991657852485,0.5624298033733153,0.0455923228905047,70.04894806610324
471,94.26284189459639,3.3333333333333335,0.2,0.4583333333333333,0.5,0.3737903099603862,0.019339524016942673,0.5617735842722874,0.04509658175038443,70.04894806610324
472,94.46297531687792,3.3333333333333335,0.2,0.4583333333333333,0.5,0.3750224902457972,0.01925267854348958,0.5611171259998695,0.04460770521084445,70.04894806610324
473,94.66310873915944,3.3333333333333335,0.2,0.4583333333333333,0.5,0.3762474157869094,0.019166452727895546,0.5604605312983434,0.04412560018685233,70.04894806610324
474,94.86324216144095,3.3333333333333335,0.2,0.4583333333333333,0.5,0.37746508061891504,0.019080844010839565,0.5598039007376971,0.043650174632549,70.04894806610324
475,95.06337558372248,3.3333333333333335,0.2,0.4583333333333333,0.5,0.37867547982197786,0.018995849795709778,0.5591473328559683,0.04318133752634471,70.04894806610324
476,95.263509006004,3.3333333333333335,0.2,0.4583333333333333,0.5,0.3798786088427516,0.01891146750978494,0.5584909248498882,0.04271899879757599,70.04894806610324
477,95.46364242828552,3.3333333333333335,0.2,0.4583333333333333,0.5,0.3810744646892147,0.01882769449649131,0.5578347713586286,0.04226306945566611,70.04894806610324
478,95.66377585056703,3.3333333333333335,0.2,0.4583333333333333,0.5,0.382263045603559,0.018744528044899584,0.5571789647967774,0.04181346155476467,70.04894806610324
479,95.86390927284856,3.3333333333333335,0.2,0.4583333333333333,0.5,0.3834443509537104,0.01866196539950696,0.5565235954647624,0.041370088182020905,70.04894806610324
480,96.06404269513008,3.3333333333333335,0.2,0.4583333333333333,0.5,0.3846183812333282,0.018580003760237156,0.5558687515488514,0.040932863457583936,70.04894806610324
481,96.26417611741161,3.3333333333333335,0.2,0.4583333333333333,0.5,0.38578513806180575,0.01849864028244037,0.5552145191211519,0.04050170253460259,70.04894806610324
482,96.46430953969312,3.3333333333333335,0.2,0.4583333333333333,0.5,0.38694462404727753,0.018417872090065353,0.5545609822892933,0.040076521573364506,70.04894806610324
483,96.66444296197464,3.3333333333333335,0.2,0.4583333333333333,0.5,0.38809684107823733,0.01833769643992285,0.5539082250630475,0.039657237418793,70.04894806610324
484,96.86457638425617,3.3333333333333335,0.2,0.4583333333333333,0.5,0.3892417926785716,0.018258110495245637,0.5532563287811603,0.03924376804502313,70.04894806610324
485,97.06470980653769,3.3333333333333335,0.2,0.4583333333333333,0.5,0.3903794838039307,0.018179111345267764,0.5526053723338412,0.038836032516961,70.04894806610324
486,97.2648432288192,3.3333333333333335,0.2,0.4583333333333333,0.5,0.39150992040624816,0.018100696047096635,0.5519554326385806,0.038433950908075255,70.04894806610324
487,97.46497665110073,3.3333333333333335,0.2,0.4583333333333333,0.5,0.39263310943374097,0.01802286162571301,0.5513065846401497,0.038037444300396954,70.04894806610324
488,97.66511007338225,3.3333333333333335,0.2,0.4583333333333333,0.5,0.3937490588309092,0.017945605073971017,0.5506589013106007,0.03764643478451974,70.04894806610324
489,97.86524349566378,3.3333333333333335,0.2,0.4583333333333333,0.5,0.3948577775063298,0.01786892335514758,0.5500124536889167,0.037260845449606596,70.04894806610324
490,98.06537691794529,3.3333333333333335,0.2,0.4583333333333333,0.5,0.3959592738181353,0.017792813522830377,0.5493673127455763,0.036880599913458836,70.04894806610324
491,98.26551034022681,3.3333333333333335,0.2,0.4583333333333333,0.5,0.3970535571192677,0.017717272598597098,0.548723547480153,0.0365056228019829,70.04894806610324
492,98.46564376250834,3.3333333333333335,0.2,0.4583333333333333,0.5,0.3981406382671084,0.017642297531673696,0.5480812242938983,0.03613583990732029,70.04894806610324
493,98.66577718478986,3.3333333333333335,0.2,0.4583333333333333,0.5,0.3992205289940712,0.017567885248757555,0.5474404077646191,0.03577117799255288,70.04894806610324
494,98.86591060707137,3.3333333333333335,0.2,0.4583333333333333,0.5,0.4002932419076024,0.01749403265401752,0.5468011606466778,0.03541156479170295,70.04894806610324
495,99.0660440293529,3.3333333333333335,0.2,0.4583333333333333,0.5,0.4013587904901811,0.01742073662909387,0.5461635438709926,0.03505692900973308,70.04894806610324
496,99.26617745163442,3.3333333333333335,0.2,0.4583333333333333,0.5,0.40241718909929775,0.017347994033099383,0.5455276165450659,0.03470720032253772,70.04894806610324
497,99.46631087391594,3.3333333333333335,0.2,0.4583333333333333,0.5,0.4034684518773438,0.017275801756785353,0.5448934374402213,0.0343623089256502,70.04894806610324
498,99.66644429619745,3.3333333333333335,0.2,0.4583333333333333,0.5,0.4045125932777488,0.017204156696398618,0.5442610642737957,0.034022185752057496,70.04894806610324
499,99.86657771847898,3.3333333333333335,0.2,0.4583333333333333,0.5,0.4055496293280459,0.017133055690921602,0.5436305519859395,0.03368676299509377,70.04894806610324
500,100.0667111407605,3.3333333333333335,0.2,0.4583333333333333,0.5,0.4065795768206923,0.01706249556227932,0.5430019538435789,0.0333559737734502,70.04894806610324
501,100.26684456304203,3.3333333333333335,0.2,0.4583333333333333,0.5,0.4076024533130696,0.016992473115339347,0.5423753214404169,0.03302975213117481,70.04894806610324
502,100.46697798532354,3.3333333333333335,0.2,0.4583333333333333,0.5,0.40861827712748366,0.01692298513791183,0.5417507046969327,0.032708033037672606,70.04894806610324
503,100.66711140760506,3.3333333333333335,0.2,0.4583333333333333,0.5,0.4096270673511649,0.01685402840074946,0.5411281518603809,0.03239075238770542,70.04894806610324
504,100.86724482988659,3.3333333333333335,0.2,0.4583333333333333,0.5,0.4106288430664341,0.016785599709453078,0.540507710584826,0.032077846639287394,70.04894806610324
505,101.06737825216811,3.3333333333333335,0.2,0.4583333333333333,0.5,0.4116236229780792,0.01671769592959553,0.5398894284539112,0.03176925263841472,70.04894806610324
506,101.26751167444962,3.3333333333333335,0.2,0.4583333333333333,0.5,0.41261142746419643,0.016650313848445012,0.5392733501036442,0.03146490858371501,70.04894806610324
507,101.46764509673115,3.3333333333333335,0.2,0.4583333333333333,0.5,0.41359227757890266,0.016583450242206574,0.5386595186215363,0.031164753557355075,70.04894806610324
508,101.66777851901267,3.3333333333333335,0.2,0.4583333333333333,0.5,0.4145661950262628,0.016517101877780025,0.53804797558318,0.030868727512777815,70.04894806610324
509,101.8679119412942,3.3333333333333335,0.2,0.4583333333333333,0.5,0.41553320216029027,0.01645126551275991,0.5374387610522483,0.03057677127470208,70.04894806610324
510,102.0680453635757,3.3333333333333335,0.2,0.4583333333333333,0.5,0.416493321984947,0.016385937895435534,0.5368319135804953,0.030288826539122744,70.04894806610324
511,102.26817878585723,3.3333333333333335,0.2,0.4583333333333333,0.5,0.41744657776920796,0.01632111579313342,0.5362274707596577,0.030004835678001572,70.04894806610324
512,102.46831220813876,3.3333333333333335,0.2,0.4583333333333333,0.5,0.4183929921373544,0.01625679605919842,0.5356254705257488,0.02972474127769898,70.04894806610324
513,102.66844563042028,3.3333333333333335,0.2,0.4583333333333333,0.5,0.41933258895351705,0.01619297549423613,0.5350259484570913,0.02944848709515623,70.04894806610324
514,102.8685790527018,3.3333333333333335,0.2,0.4583333333333333,0.5,0.4202653926627163,0.016129650894631635,0.5344289387191014,0.02917601772355144,70.04894806610324
515,103.06871247498331,3.3333333333333335,0.2,0.4583333333333333,0.5,0.4211914282098841,0.01606681905851187,0.5338344741803918,0.028907278551212886,70.04894806610324
516,103.26884589726484,3.3333333333333335,0.2,0.4583333333333333,0.5,0.42211072103884567,0.016004476785277395,0.5332425864159386,0.028642215759939135,70.04894806610324
517,103.46897931954636,3.3333333333333335,0.2,0.4583333333333333,0.5,0.4230232969728552,0.015942620820695495,0.5326533060784386,0.028380776128011376,70.04894806610324
518,103.66911274182789,3.3333333333333335,0.2,0.4583333333333333,0.5,0.4239291823001245,0.01588124789620995,0.5320666626324425,0.028122907171223774,70.04894806610324
519,103.8692461641094,3.3333333333333335,0.2,0.4583333333333333,0.5,0.4248284038486998,0.0158203547633554,0.5314826841215946,0.027868557266350843,70.04894806610324
520,104.06937958639092,3.3333333333333335,0.2,0.4583333333333333,0.5,0.42572098893027777,0.015759938167934327,0.5309013973432857,0.02761767555850293,70.04894806610324
521,104.26951300867245,3.3333333333333335,0.2,0.4583333333333333,0.5,0.4266069653402047,0.015699994850017062,0.5303228278486526,0.027370211961126354,70.04894806610324
522,104.46964643095397,3.3333333333333335,0.2,0.4583333333333333,0.5,0.42748636118041183,0.015640521562069916,0.5297470001926067,0.027126117064912327,70.04894806610324
523,104.66977985323548,3.3333333333333335,0.2,0.4583333333333333,0.5,0.42835920409623157,0.015581515147090623,0.5291739390114993,0.026885341745179238,70.04894806610324
524,104.869913275517,3.3333333333333335,0.2,0.4583333333333333,0.5,0.4292255225604121,0.015522972407149718,0.5286036672100084,0.026647837822430628,70.04894806610324
525,105.07004669779853,3.3333333333333335,0.2,0.4583333333333333,0.5,0.4300853455242132,0.015464890139111632,0.5280362064538132,0.026413557882862662,70.04894806610324
526,105.27018012008006,3.3333333333333335,0.2,0.4583333333333333,0.5,0.43093870232021086,0.015407265144585717,0.5274715773068424,0.026182455228361802,70.04894806610324
527,105.47031354236157,3.3333333333333335,0.2,0.4583333333333333,0.5,0.43178562266229675,0.015350094229926246,0.5269097992312729,0.025954483876504814,70.04894806610324
528,105.67044696464309,3.3333333333333335,0.2,0.4583333333333333,0.5,0.432626136217139,0.015293374232480608,0.5263508912700101,0.02572959828037099,70.04894806610324
529,105.87058038692462,3.3333333333333335,0.2,0.4583333333333333,0.5,0.43346027272882376,0.015237102012954966,0.5257948718481864,0.025507753410035645,70.04894806610324
530,106.07071380920614,3.3333333333333335,0.2,0.4583333333333333,0.5,0.4342880625560449,0.01518127442251119,0.5252417579176494,0.025288905103795205,70.04894806610324
531,106.27084723148765,3.3333333333333335,0.2,0.4583333333333333,0.5,0.43510953636804384,0.015125888321390672,0.5246915654411997,0.02507300986936654,70.04894806610324
532,106.47098065376917,3.3333333333333335,0.2,0.4583333333333333,0.5,0.43592472514460195,0.015070940578914753,0.5241443093926019,0.024860024883882115,70.04894806610324
533,106.6711140760507,3.3333333333333335,0.2,0.4583333333333333,0.5,0.43673366012583403,0.015016428070957839,0.5236000038531722,0.024649907950036742,70.04894806610324
534,106.87124749833222,3.3333333333333335,0.2,0.4583333333333333,0.5,0.4375363724255722,0.014962347660488826,0.5230586627555448,0.02444261715839487,70.04894806610324
535,107.07138092061373,3.3333333333333335,0.2,0.4583333333333333,0.5,0.4383328935817672,0.014908696225273035,0.522520298824818,0.02423811136814252,70.04894806610324
536,107.27151434289526,3.3333333333333335,0.2,0.4583333333333333,0.5,0.43912325546459946,0.014855470653247395,0.5219849237553276,0.024036350126826315,70.04894806610324
537,107.47164776517678,3.3333333333333335,0.2,0.4583333333333333,0.5,0.4399074902078597,0.014802667839066816,0.5214525483426568,0.0238372936104175,70.04894806610324
538,107.67178118745831,3.3333333333333335,0.2,0.4583333333333333,0.5,0.4406856302089491,0.014750284684104194,0.5209231824836356,0.023640902623311897,70.04894806610324
539,107.87191460973982,3.3333333333333335,0.2,0.4583333333333333,0.5,0.44145770785724564,0.014698318112105679,0.5203968356259427,0.023447138404706663,70.04894806610324
540,108.07204803202134,3.3333333333333335,0.2,0.4583333333333333,0.5,0.44222375542794723,0.014646765075308939,0.5198735169438146,0.02325596255292996,70.04894806610324
541,108.27218145430287,3.3333333333333335,0.2,0.4583333333333333,0.5,0.4429838056754547,0.014595622520244171,0.5193532343558902,0.023067337448411693,70.04894806610324
542,108.47231487658439,3.3333333333333335,0.2,0.4583333333333333,0.5,0.44373789155698135,0.014544887403663583,0.5188359949826871,0.02288122605666872,70.04894806610324
543,108.6724482988659,3.3333333333333335,0.2,0.4583333333333333,0.5,0.44448604622848853,0.014494556692775626,0.5183218051533287,0.022697591925407917,70.04894806610324
544,108.87258172114743,3.3333333333333335,0.2,0.4583333333333333,0.5,0.4452283029496294,0.014444627368113352,0.5178106705758458,0.022516399106412087,70.04894806610324
545,109.07271514342895,3.3333333333333335,0.2,0.4583333333333333,0.5,0.4459646948142773,0.014395096431665885,0.5173025968199607,0.022337611934096807,70.04894806610324
546,109.27284856571048,3.3333333333333335,0.2,0.4583333333333333,0.5,0.4466952552599489,0.014345960891506292,0.5167975884044075,0.02216119544413802,70.04894806610324
547,109.47298198799199,3.3333333333333335,0.2,0.4583333333333333,0.5,0.44742001790300673,0.014297217766764455,0.516295649092183,0.021987115238046567,70.04894806610324
548,109.67311541027351,3.3333333333333335,0.2,0.4583333333333333,0.5,0.44813901651323446,0.014248864088394247,0.5157967819360969,0.02181533746227515,70.04894806610324
549,109.87324883255503,3.3333333333333335,0.2,0.4583333333333333,0.5,0.448852284980671,0.014200896899691676,0.5153009893396236,0.021645828780014427,70.04894806610324
550,110.07338225483656,3.3333333333333335,0.2,0.4583333333333333,0.5,0.4495598569856705,0.014153313261449252,0.5148082736622654,0.021478556090615573,70.04894806610324
551,110.27351567711807,3.3333333333333335,0.2,0.4583333333333333,0.5,0.45026176642697485,0.014106110245268564,0.5143186364341389,0.021313486893618505,70.04894806610324
552,110.4736490993996,3.3333333333333335,0.2,0.4583333333333333,0.5,0.45095804737828715,0.014059284934238704,0.5138320784356525,0.021150589251822394,70.04894806610324
553,110.67378252168112,3.3333333333333335,0.2,0.4583333333333333,0.5,0.45164873402333305,0.014012834423950751,0.5133485998166544,0.020989831736062517,70.04894806610324
554,110.87391594396264,3.3333333333333335,0.2,0.4583333333333333,0.5,0.45233386065152076,0.013966755822647243,0.5128682001043726,0.020831183421460012,70.04894806610324
555,111.07404936624415,3.3333333333333335,0.2,0.4583333333333333,0.5,0.45301346137246185,0.01392104626105446,0.512390878725752,0.020674613640732375,70.04894806610324
556,111.27418278852568,3.3333333333333335,0.2,0.4583333333333333,0.5,0.45368757034180707,0.013875702884604348,0.511916634594246,0.02052009217934334,70.04894806610324
557,111.4743162108072,3.3333333333333335,0.2,0.4583333333333333,0.5,0.4543562218993721,0.013830722848677264,0.5114454658570899,0.020367589394861375,70.04894806610324
558,111.67444963308873,3.3333333333333335,0.2,0.4583333333333333,0.5,0.4550194504537975,0.013786103322574456,0.5109773701063378,0.020217076117290962,70.04894806610324
559,111.87458305537024,3.3333333333333335,0.2,0.4583333333333333,0.5,0.4556772904825483,0.013741841489518068,0.5105123443788617,0.020068523649072627,70.04894806610324
560,112.07471647765176,3.3333333333333335,0.2,0.4583333333333333,0.5,0.45632977637569977,0.01369793454930107,0.5100503854578189,0.019921903617180853,70.04894806610324
561,112.27484989993329,3.3333333333333335,0.2,0.4583333333333333,0.5,0.45697694239836495,0.013654379718924624,0.5095914899451597,0.019777187937551455,70.04894806610324
562,112.47498332221481,3.3333333333333335,0.2,0.4583333333333333,0.5,0.45761882299878154,0.013611174227371863,0.5091356536670731,0.019634349106774085,70.04894806610324
563,112.67511674449632,3.3333333333333335,0.2,0.4583333333333333,0.5,0.4582554526601987,0.0135683153181204,0.5086828719598212,0.019493360061860424,70.04894806610324
564,112.87525016677785,3.3333333333333335,0.2,0.4583333333333333,0.5,0.45888686589945715,0.013525800249166418,0.5082331396724772,0.0193541941788999,70.04894806610324
565,113.07538358905937,3.3333333333333335,0.2,0.4583333333333333,0.5,0.4595130971941321,0.013483626294207773,0.5077864513105818,0.01921682520107912,70.04894806610324
566,113.2755170113409,3.3333333333333335,0.2,0.4583333333333333,0.5,0.4601341808014119,0.013441790745585182,0.5073428013932643,0.019081227059739424,70.04894806610324
567,113.4756504336224,3.3333333333333335,0.2,0.4583333333333333,0.5,0.46075015111853085,0.013400290908429245,0.5069021837425669,0.018947374230473647,70.04894806610324
568,113.67578385590393,3.3333333333333335,0.2,0.4583333333333333,0.5,0.4613610425604249,0.013359124102647158,0.5064645917246752,0.01881524161225342,70.04894806610324
569,113.87591727818545,3.3333333333333335,0.2,0.4583333333333333,0.5,0.4619668895438722,0.013318287663180259,0.5060300182811872,0.018684804511760994,70.04894806610324
570,114.07605070046698,3.3333333333333335,0.2,0.4583333333333333,0.5,0.46256772646631283,0.013277778940401646,0.5055984559717258,0.0185560386215604,70.04894806610324
571,114.27618412274849,3.3333333333333335,0.2,0.4583333333333333,0.5,0.46316358747999103,0.013237595304356226,0.505169897428325,0.018428919787328427,70.04894806610324
572,114.47631754503001,3.3333333333333335,0.2,0.4583333333333333,0.5,0.4637545067805279,0.013197734139343305,0.5047443347748721,0.01830342430525732,70.04894806610324
573,114.67645096731154,3.3333333333333335,0.2,0.4583333333333333,0.5,0.46434051858234804,0.013158192844377917,0.5043217596765442,0.01817952889673052,70.04894806610324
574,114.87658438959306,3.3333333333333335,0.2,0.4583333333333333,0.5,0.46492165707243305,0.01311896883405901,0.5039021634328484,0.018057210660660166,70.04894806610324
575,115.07671781187457,3.3333333333333335,0.2,0.4583333333333333,0.5,0.46549795640911923,0.013080059538581944,0.5034855369801495,0.017936447072149864,70.04894806610324
576,115.2768512341561,3.3333333333333335,0.2,0.4583333333333333,0.5,0.46606945055487503,0.013041462405477289,0.5030718712432062,0.017817215796442132,70.04894806610324
577,115.47698465643762,3.3333333333333335,0.2,0.4583333333333333,0.5,0.4666361733863041,0.013003174898467,0.5026611569039212,0.01769949481130832,70.04894806610324
578,115.67711807871915,3.3333333333333335,0.2,0.4583333333333333,0.5,0.46719815880683147,0.012965194496292704,0.5022533841644528,0.017583262532423618,70.04894806610324
579,115.87725150100066,3.3333333333333335,0.2,0.4583333333333333,0.5,0.4677554406671828,0.012927518693542564,0.5018485429143836,0.0174684977248916,70.04894806610324
580,116.07738492328218,3.3333333333333335,0.2,0.4583333333333333,0.5,0.4683080527653839,0.012890145000651268,0.5014466227307213,0.0173551795032442,70.04894806610324
581,116.2775183455637,3.3333333333333335,0.2,0.4583333333333333,0.5,0.4688560287662073,0.012853070944494694,0.5010476130533477,0.017243287235950963,70.04894806610324
582,116.47765176784523,3.3333333333333335,0.2,0.4583333333333333,0.5,0.4693994021341349,0.01281629406888476,0.5006515033310293,0.017132800465951812,70.04894806610324
583,116.67778519012674,3.3333333333333335,0.2,0.4583333333333333,0.5,0.4699382063592338,0.012779811932902025,0.500258282529449,0.017023699178415876,70.04894806610324
584,116.87791861240827,3.3333333333333335,0.2,0.4583333333333333,0.5,0.47047247485989924,0.012743622111613626,0.49986793934303736,0.016915963685450446,70.04894806610324
585,117.07805203468979,3.3333333333333335,0.2,0.4583333333333333,0.5,0.4710022409796129,0.01270772219609723,0.4994804622020325,0.016809574622258072,70.04894806610324
586,117.27818545697131,3.3333333333333335,0.2,0.4583333333333333,0.5,0.47152753795789765,0.012672109793604351,0.499095839338117,0.016704512910381695,70.04894806610324
587,117.47831887925283,3.3333333333333335,0.2,0.4583333333333333,0.5,0.47204839879429256,0.012636782528325327,0.49871405909181127,0.016600759585571567,70.04894806610324
588,117.67845230153435,3.3333333333333335,0.2,0.4583333333333333,0.5,0.47256485646699625,0.012601738040159722,0.49833510941837755,0.016498296074467154,70.04894806610324
589,117.87858572381587,3.3333333333333335,0.2,0.4583333333333333,0.5,0.473076943877398,0.012566973985028287,0.4979589780131698,0.016397104124404604,70.04894806610324
590,118.0787191460974,3.3333333333333335,0.2,0.4583333333333333,0.5,0.4735846938325141,0.012532488034971721,0.49758565235132446,0.01629716578119038,70.04894806610324
591,118.27885256837891,3.3333333333333335,0.2,0.4583333333333333,0.5,0.4740881390397054,0.012498277878161067,0.4972151197002184,0.016198463381915724,70.04894806610324
592,118.47898599066043,3.3333333333333335,0.2,0.4583333333333333,0.5,0.47458731198278065,0.01246434121914135,0.49684736741166247,0.016100979386416175,70.04894806610324
593,118.67911941294196,3.3333333333333335,0.2,0.4583333333333333,0.5,0.4750822450479602,0.012430675778583877,0.4964823826248325,0.016004696548624082,70.04894806610324
594,118.87925283522348,3.3333333333333335,0.2,0.4583333333333333,0.5,0.47557297054497183,0.012397279293244738,0.4961201522165186,0.015909597945265502,70.04894806610324
595,119.07938625750499,3.3333333333333335,0.2,0.4583333333333333,0.5,0.47605952067161444,0.012364149516034506,0.49576066288469667,0.015815666927655066,70.04894806610324
596,119.27951967978652,3.3333333333333335,0.2,0.4583333333333333,0.5,0.47654192751168006,0.012331284215979241,0.4954039011539405,0.015722887118400856,70.04894806610324
597,119.47965310206804,3.3333333333333335,0.2,0.4583333333333333,0.5,0.4770202229503541,0.012298681176633637,0.4950498535957607,0.015631242277252235,70.04894806610324
598,119.67978652434957,3.3333333333333335,0.2,0.4583333333333333,0.5,0.47749443874840164,0.012266338197472554,0.49469850663538795,0.01554071641873858,70.04894806610324
599,119.87991994663108,3.3333333333333335,0.2,0.4583333333333333,0.5,0.47796460657156825,0.012234253094442513,0.4943498464751976,0.015451293858792342,70.04894806610324
600,120.0800533689126,3.3333333333333335,0.2,0.4583333333333333,0.5,0.47843075796119244,0.01220242369941044,0.4940038591712507,0.01536295916814712,70.04894806610324
601,120.28018679119413,3.3333333333333335,0.2,0.4583333333333333,0.5,0.4788929243333329,0.012170847860160535,0.49366053063556387,0.015275697170943453,70.04894806610324
602,120.48032021347565,3.3333333333333335,0.2,0.4583333333333333,0.5,0.479351136902249,0.01213952344011803,0.4933198468352256,0.015189492822408059,70.04894806610324
603,120.68045363575716,3.3333333333333335,0.2,0.4583333333333333,0.5,0.47980542673500265,0.012108448318546301,0.4929817936503142,0.01510433129613761,70.04894806610324
604,120.88058705803869,3.3333333333333335,0.2,0.4583333333333333,0.5,0.48025582479483064,0.012077620390703437,0.4926463567610349,0.015020198053431771,70.04894806610324
605,121.08072048032021,3.3333333333333335,0.2,0.4583333333333333,0.5,0.48070236190854015,0.012047037567724543,0.49231352173256265,0.014937078791173373,70.04894806610324
606,121.28085390260173,3.3333333333333335,0.2,0.4583333333333333,0.5,0.48114506876633917,0.0120166977766189,0.491983274015525,0.014854959441517667,70.04894806610324
607,121.48098732488324,3.3333333333333335,0.2,0.4583333333333333,0.5,0.4815839758654132,0.01198659895932856,0.4916555991065806,0.01477382606867844,70.04894806610324
608,121.68112074716477,3.3333333333333335,0.2,0.4583333333333333,0.5,0.4820191135387529,0.01195673907320932,0.49133048246637684,0.014693664921661659,70.04894806610324
609,121.8812541694463,3.3333333333333335,0.2,0.4583333333333333,0.5,0.48245051200316774,0.011927116091831834,0.49100790938290473,0.014614462522096418,70.04894806610324
610,122.08138759172782,3.3333333333333335,0.2,0.4583333333333333,0.5,0.4828782013293403,0.011897728004481974,0.4906878650567227,0.01453620560945579,70.04894806610324
611,122.28152101400933,3.3333333333333335,0.2,0.4583333333333333,0.5,0.4833022114418263,0.011868572816160824,0.4903703346009568,0.01445888114105683,70.04894806610324
612,122.48165443629085,3.3333333333333335,0.2,0.4583333333333333,0.5,0.4837225720803917,0.011839648545947034,0.4900553031659712,0.01438247620769075,70.04894806610324
613,122.68178785857238,3.3333333333333335,0.2,0.4583333333333333,0.5,0.4841393128093733,0.011810953227393296,0.489742755909185,0.01430697805404907,70.04894806610324
614,122.8819212808539,3.3333333333333335,0.2,0.4583333333333333,0.5,0.4845524630656293,0.011782484910557424,0.4894326778404518,0.01423237418336206,70.04894806610324
615,123.08205470313541,3.3333333333333335,0.2,0.4583333333333333,0.5,0.4849620521323778,0.011754241660894187,0.4891250539064208,0.014158652300307857,70.04894806610324
616,123.28218812541694,3.3333333333333335,0.2,0.4583333333333333,0.5,0.4853681091391962,0.011726221559255312,0.4888198689905368,0.014085800311012302,70.04894806610324
617,123.48232154769846,3.3333333333333335,0.2,0.4583333333333333,0.5,0.4857706630342219,0.011698422700688228,0.48851710800992654,0.014013806255163961,70.04894806610324
618,123.68245496997999,3.3333333333333335,0.2,0.4583333333333333,0.5,0.48616974258136586,0.011670843194315664,0.4882167559251087,0.013942658299210335,70.04894806610324
619,123.8825883922615,3.3333333333333335,0.2,0.4583333333333333,0.5,0.4865653764085246,0.01164348116541895,0.487918797571969,0.01387234485408806,70.04894806610324
620,124.08272181454302,3.3333333333333335,0.2,0.4583333333333333,0.5,0.4869575929838164,0.01161633475441115,0.48762321774457934,0.013802854517193692,70.04894806610324
621,124.28285523682455,3.3333333333333335,0.2,0.4583333333333333,0.5,0.4873464206154649,0.011589402116832044,0.48733000119560443,0.013734176072099279,70.04894806610324
622,124.48298865910607,3.3333333333333335,0.2,0.4583333333333333,0.5,0.4877318874336997,0.011562681422149737,0.48703913270938803,0.013666298434763172,70.04894806610324
623,124.68312208138758,3.3333333333333335,0.2,0.4583333333333333,0.5,0.4881140213815586,0.011536170853151648,0.48675059713909563,0.013599210626194763,70.04894806610324
624,124.8832555036691,3.3333333333333335,0.2,0.4583333333333333,0.5,0.4884928502566144,0.011509868608707308,0.486464379238217,0.013532901896461974,70.04894806610324
625,125.08338892595063,3.3333333333333335,0.2,0.4583333333333333,0.5,0.4888684016921275,0.011483772902520475,0.4861804637366727,0.01346736166868004,70.04894806610324
626,125.28352234823215,3.3333333333333335,0.2,0.4583333333333333,0.5,0.4892407031567038,0.011457881963106433,0.48589883534219724,0.013402579537993202,70.04894806610324
627,125.48365577051366,3.3333333333333335,0.2,0.4583333333333333,0.5,0.4896097842528714,0.011432193833998128,0.48561947886773893,0.013338543045392295,70.04894806610324
628,125.68378919279519,3.3333333333333335,0.2,0.4583333333333333,0.5,0.48997566595066894,0.011406707297700158,0.48534237894499116,0.013275247806640444,70.04894806610324
629,125.88392261507671,3.3333333333333335,0.2,0.4583333333333333,0.5,0.49033837993707924,0.01138142021760521,0.4850675204751977,0.013212679370118595,70.04894806610324
630,126.08405603735824,3.3333333333333335,0.2,0.4583333333333333,0.5,0.49069795253278947,0.011356330918777014,0.48479488818688266,0.013150828361551582,70.04894806610324
631,126.28418945963975,3.3333333333333335,0.2,0.4583333333333333,0.5,0.49105441005848677,0.011331437726279314,0.4845244668085704,0.013089685406664237,70.04894806610324
632,126.48432288192127,3.3333333333333335,0.2,0.4583333333333333,0.5,0.4914077786991385,0.011306738975743575,0.4842562411345874,0.013029241190531298,70.04894806610324
633,126.6844563042028,3.3333333333333335,0.2,0.4583333333333333,0.5,0.49175808434358725,0.011282233025858856,0.48399019610283234,0.012969486527722247,70.04894806610324
634,126.88458972648432,3.3333333333333335,0.2,0.4583333333333333,0.5,0.4921053531249952,0.01125791821629041,0.48372631653274895,0.012910412125966157,70.04894806610324
635,127.08472314876583,3.3333333333333335,0.2,0.4583333333333333,0.5,0.49244961119157526,0.011233792885531576,0.48346458723648345,0.012852008686410428,70.04894806610324
636,127.28485657104736,3.3333333333333335,0.2,0.4583333333333333,0.5,0.49279088469154037,0.011209855372075686,0.4832049930261822,0.012794266910202442,70.04894806610324
637,127.48498999332888,3.3333333333333335,0.2,0.4583333333333333,0.5,0.49312919954978335,0.011186104032012693,0.48294751875013925,0.012737177668065472,70.04894806610324
638,127.6851234156104,3.3333333333333335,0.2,0.4583333333333333,0.5,0.49346458006285254,0.011162537349738638,0.4826921495202209,0.012680733067188628,70.04894806610324
639,127.88525683789192,3.3333333333333335,0.2,0.4583333333333333,0.5,0.4937970513496057,0.011139153744855355,0.4824388703151903,0.012624924590349362,70.04894806610324
640,128.08539026017345,3.3333333333333335,0.2,0.4583333333333333,0.5,0.4941266388009193,0.011115951615530844,0.48218766606978003,0.012569743513770546,70.04894806610324
641,128.28552368245496,3.3333333333333335,0.2,0.4583333333333333,0.5,0.4944533678076695,0.011092929359933109,0.48193852171872303,0.01251518111367508,70.04894806610324
642,128.48565710473648,3.3333333333333335,0.2,0.4583333333333333,0.5,0.49477726372229,0.011070085378976198,0.4816914222031959,0.01246122869553868,70.04894806610324
643,128.685790527018,3.3333333333333335,0.2,0.4583333333333333,0.5,0.49509835020500625,0.011047418194451722,0.48144635274803393,0.012407878852508828,70.04894806610324
644,128.88592394929952,3.3333333333333335,0.2,0.4583333333333333,0.5,0.49541665107950994,0.011024926316474618,0.4812032985506713,0.012355124053344895,70.04894806610324
645,129.08605737158106,3.3333333333333335,0.2,0.4583333333333333,0.5,0.49573219086332027,0.011002608205598417,0.48096224469223825,0.012302956238843836,70.04894806610324
646,129.28619079386257,3.3333333333333335,0.2,0.4583333333333333,0.5,0.4960449940739562,0.010980462322376665,0.48072317625386524,0.012251367349802636,70.04894806610324
647,129.48632421614408,3.3333333333333335,0.2,0.4583333333333333,0.5,0.496355085228937,0.010958487127362896,0.48048607831668255,0.01220034932701826,70.04894806610324
648,129.68645763842562,3.3333333333333335,0.2,0.4583333333333333,0.5,0.496662487748451,0.010936681166147835,0.48025093625336146,0.012149894832040476,70.04894806610324
649,129.88659106070713,3.3333333333333335,0.2,0.4583333333333333,0.5,0.496967224007243,0.010915043065338392,0.48001773571432854,0.012099997213090779,70.04894806610324
650,130.08672448298864,3.3333333333333335,0.2,0.4583333333333333,0.5,0.4972693175929778,0.010893571357546782,0.47978646202775965,0.012050649021716488,70.04894806610324
651,130.28685790527018,3.3333333333333335,0.2,0.4583333333333333,0.5,0.49756879210490385,0.010872264574487537,0.47955710051875294,0.012001842801856451,70.04894806610324
652,130.4869913275517,3.3333333333333335,0.2,0.4583333333333333,0.5,0.49786567114226926,0.010851121247875208,0.47932963651240673,0.011953571097449536,70.04894806610324
653,130.68712474983323,3.3333333333333335,0.2,0.4583333333333333,0.5,0.49815997772569703,0.010830139953937862,0.4791040555216658,0.011905826798699998,70.04894806610324
654,130.88725817211474,3.3333333333333335,0.2,0.4583333333333333,0.5,0.4984517328650236,0.010809319423592907,0.4788803437122624,0.011858603999121815,70.04894806610324
655,131.08739159439625,3.3333333333333335,0.2,0.4583333333333333,0.5,0.4987409590667974,0.010788658272616035,0.4786584867640319,0.011811895896555447,70.04894806610324
656,131.2875250166778,3.3333333333333335,0.2,0.4583333333333333,0.5,0.499027679028676,0.010768155102080965,0.4784384702947673,0.011765695574476426,70.04894806610324
657,131.4876584389593,3.3333333333333335,0.2,0.4583333333333333,0.5,0.49931191544831693,0.010747808513061414,0.4782202799222621,0.011719996116360308,70.04894806610324
658,131.6877918612408,3.3333333333333335,0.2,0.4583333333333333,0.5,0.4995936910233777,0.010727617106631098,0.4780039012643093,0.011674790605682626,70.04894806610324
659,131.88792528352235,3.3333333333333335,0.2,0.4583333333333333,0.5,0.49987302816164725,0.010707579503274106,0.4777893200356939,0.011630072299385539,70.04894806610324
660,132.08805870580386,3.3333333333333335,0.2,0.4583333333333333,0.5,0.5001499467313172,0.010687694493532632,0.4775765228009646,0.01158583597418644,70.04894806610324
661,132.2881921280854,3.3333333333333335,0.2,0.4583333333333333,0.5,0.5004244678876213,0.010667960781765157,0.47736549569401826,0.011542075636596164,70.04894806610324
662,132.4883255503669,3.3333333333333335,0.2,0.4583333333333333,0.5,0.5006966132967441,0.010648377038115537,0.47715622467778496,0.011498784987356231,70.04894806610324
663,132.68845897264842,3.3333333333333335,0.2,0.4583333333333333,0.5,0.5009664046248705,0.01062894193272762,0.4769486957151946,0.01145595772720815,70.04894806610324
664,132.88859239492996,3.3333333333333335,0.2,0.4583333333333333,0.5,0.5012338635381851,0.010609654135745257,0.47674289476917703,0.01141358755689343,70.04894806610324
665,133.08872581721147,3.3333333333333335,0.2,0.4583333333333333,0.5,0.5014990116311011,0.01059051232232444,0.4765388078313542,0.011371668215221039,70.04894806610324
666,133.28885923949298,3.3333333333333335,0.2,0.4583333333333333,0.5,0.5017618681539405,0.010571515331319704,0.47633642183044117,0.011330194684299456,70.04894806610324
667,133.48899266177452,3.3333333333333335,0.2,0.4583333333333333,0.5,0.5020224528400199,0.010552661967855875,0.476135723502067,0.011289161690058084,70.04894806610324
668,133.68912608405603,3.3333333333333335,0.2,0.4583333333333333,0.5,0.5022807863306542,0.010533950973648119,0.47593669921887205,0.011248563476826503,70.04894806610324
669,133.88925950633757,3.3333333333333335,0.2,0.4583333333333333,0.5,0.5025368892671586,0.010515381090411596,0.47573933535349644,0.011208394288934269,70.04894806610324
670,134.08939292861908,3.3333333333333335,0.2,0.4583333333333333,0.5,0.5027907822908478,0.010496951059861474,0.4755436182785805,0.011168648370710962,70.04894806610324
671,134.2895263509006,3.3333333333333335,0.2,0.4583333333333333,0.5,0.5030424860430145,0.010478659623714507,0.47534953436677446,0.011129319966497225,70.04894806610324
672,134.48965977318213,3.3333333333333335,0.2,0.4583333333333333,0.5,0.503292019416397,0.010460505645662352,0.47515707076556785,0.01109040417237344,70.04894806610324
673,134.68979319546364,3.3333333333333335,0.2,0.4583333333333333,0.5,0.5035394006544738,0.010442488034687504,0.4749662149101577,0.0110518964006817,70.04894806610324
674,134.88992661774515,3.3333333333333335,0.2,0.4583333333333333,0.5,0.5037846493889454,0.010424605602933389,0.47477695362057615,0.011013791387545716,70.04894806610324
675,135.09006004002669,3.3333333333333335,0.2,0.4583333333333333,0.5,0.5040277852515129,0.010406857162543432,0.47458927371685505,0.010976083869089206,70.04894806610324
676,135.2901934623082,3.3333333333333335,0.2,0.4583333333333333,0.5,0.5042688278738771,0.010389241525661062,0.4744031620190266,0.010938768581435903,70.04894806610324
677,135.49032688458973,3.3333333333333335,0.2,0.4583333333333333,0.5,0.5045077968877387,0.010371757504429702,0.47421860534712273,0.010901840260709512,70.04894806610324
678,135.69046030687124,3.3333333333333335,0.2,0.4583333333333333,0.5,0.5047447108854021,0.010354403979660736,0.474035591010816,0.010865294124121821,70.04894806610324
679,135.89059372915276,3.3333333333333335,0.2,0.4583333333333333,0.5,0.5049795868142433,0.010337179940838107,0.47385410709467407,0.010829126150245219,70.04894806610324
680,136.0907271514343,3.3333333333333335,0.2,0.4583333333333333,0.5,0.5052124432754865,0.010320084268183894,0.47367414090416743,0.01079333155216284,70.04894806610324
681,136.2908605737158,3.3333333333333335,0.2,0.4583333333333333,0.5,0.5054432989307204,0.010303115837932201,0.47349567971633,0.010757905515018049,70.04894806610324
682,136.49099399599731,3.3333333333333335,0.2,0.4583333333333333,0.5,0.5056721724415336,0.010286273526317129,0.47331871080819565,0.010722843223954195,70.04894806610324
683,136.69112741827885,3.3333333333333335,0.2,0.4583333333333333,0.5,0.5058990824695149,0.010269556209572778,0.4731432214567984,0.010688139864114625,70.04894806610324
684,136.89126084056036,3.3333333333333335,0.2,0.4583333333333333,0.5,0.5061240471331252,0.01025296279919594,0.4729691992117777,0.010653790855901827,70.04894806610324
685,137.0913942628419,3.3333333333333335,0.2,0.4583333333333333,0.5,0.5063470823919123,0.010236492346851391,0.47279663270637146,0.01061979255486559,70.04894806610324
686,137.2915276851234,3.3333333333333335,0.2,0.4583333333333333,0.5,0.5065682057325129,0.010220143805057265,0.47262550980734336,0.010586140655087105,70.04894806610324
687,137.49166110740492,3.3333333333333335,0.2,0.4583333333333333,0.5,0.5067874348749402,0.010203916111179708,0.4724558182643214,0.010552830749559376,70.04894806610324
688,137.69179452968646,3.3333333333333335,0.2,0.4583333333333333,0.5,0.5070047875392065,0.010187808202584872,0.4722875458269339,0.010519858431275416,70.04894806610324
689,137.89192795196797,3.3333333333333335,0.2,0.4583333333333333,0.5,0.5072202814453246,0.010171819016638913,0.4721206802448089,0.010487219293228246,70.04894806610324
690,138.09206137424948,3.3333333333333335,0.2,0.4583333333333333,0.5,0.5074339270640571,0.010155947955603173,0.4719552131077309,0.0104549118726094,70.04894806610324
691,138.29219479653102,3.3333333333333335,0.2,0.4583333333333333,0.5,0.5076457574372055,0.010140192974255837,0.47179112404889345,0.01042292553964579,70.04894806610324
692,138.49232821881253,3.3333333333333335,0.2,0.4583333333333333,0.5,0.5078557763993123,0.010124553900439755,0.47162840817349605,0.010391261526752443,70.04894806610324
693,138.69246164109407,3.3333333333333335,0.2,0.4583333333333333,0.5,0.5080640013934173,0.010109029689283391,0.47146705337788813,0.010359915539411754,70.04894806610324
694,138.89259506337558,3.3333333333333335,0.2,0.4583333333333333,0.5,0.5082704497156215,0.010093619305338385,0.47130704763625725,0.010328883342783441,70.04894806610324
695,139.0927284856571,3.3333333333333335,0.2,0.4583333333333333,0.5,0.508475138515088,0.010078321722579548,0.4711483790006286,0.010298160761704516,70.04894806610324
696,139.29286190793863,3.3333333333333335,0.2,0.4583333333333333,0.5,0.5086780847638167,0.010063135926311256,0.47099103561792666,0.010267743691946052,70.04894806610324
697,139.49299533022014,3.3333333333333335,0.2,0.4583333333333333,0.5,0.5088793039388793,0.010048060996284823,0.4708350064738368,0.010237628590999758,70.04894806610324
698,139.69312875250165,3.3333333333333335,0.2,0.4583333333333333,0.5,0.5090788114920646,0.01003309601400137,0.4706802805632093,0.01020781193072541,70.04894806610324
699,139.8932621747832,3.3333333333333335,0.2,0.4583333333333333,0.5,0.5092766232230707,0.01001824003917294,0.4705268466793972,0.010178290058359853,70.04894806610324
700,140.0933955970647,3.3333333333333335,0.2,0.4583333333333333,0.5,0.5094727547113652,0.01000349214555761,0.4703746937349638,0.01014905940811396,70.04894806610324
701,140.29352901934624,3.3333333333333335,0.2,0.4583333333333333,0.5,0.5096672213161859,0.00998885142095946,0.47022381076168257,0.010120116501172605,70.04894806610324
702,140.49366244162775,3.3333333333333335,0.2,0.4583333333333333,0.5,0.50986003817654,0.009974316967228601,0.47007418691053726,0.010091457945694698,70.04894806610324
703,140.69379586390926,3.3333333333333335,0.2,0.4583333333333333,0.5,0.5100512202112046,0.00995988790026116,0.46992581145172163,0.01006308043681315,70.04894806610324
704,140.8939292861908,3.3333333333333335,0.2,0.4583333333333333,0.5,0.5102407821187265,0.009945563349999277,0.4697786737746399,0.010034980756634893,70.04894806610324
705,141.0940627084723,3.3333333333333335,0.2,0.4583333333333333,0.5,0.5104287385541539,0.009931342446592852,0.4696327633017914,0.010007155697462394,70.04894806610324
706,141.29419613075382,3.3333333333333335,0.2,0.4583333333333333,0.5,0.5106151052039942,0.009917224236229271,0.46948806896498296,0.009979601594794095,70.04894806610324
707,141.49432955303536,3.3333333333333335,0.2,0.4583333333333333,0.5,0.5107998969097505,0.009903207828062359,0.4693445801196614,0.009952315142526313,70.04894806610324
708,141.69446297531687,3.3333333333333335,0.2,0.4583333333333333,0.5,0.5109831281447414,0.009889292356876932,0.46920228631257627,0.009925293185805905,70.04894806610324
709,141.8945963975984,3.3333333333333335,0.2,0.4583333333333333,0.5,0.5111648132234577,0.00987547696669597,0.4690611771797684,0.009898532630078507,70.04894806610324
710,142.09472981987992,3.3333333333333335,0.2,0.4583333333333333,0.5,0.5113449663015616,0.00986176081078064,0.4689212424465698,0.009872030441088555,70.04894806610324
711,142.29486324216143,3.3333333333333335,0.2,0.4583333333333333,0.5,0.5115236013758873,0.009848143051630275,0.46878247192760375,0.00984578364487927,70.04894806610324
712,142.49499666444297,3.3333333333333335,0.2,0.4583333333333333,0.5,0.5117007322844409,0.009834622860982387,0.4686448555267846,0.009819789327792665,70.04894806610324
713,142.69513008672448,3.3333333333333335,0.2,0.4583333333333333,0.5,0.5118763727064003,0.00982119941981267,0.4685083832373181,0.009794044636469552,70.04894806610324
714,142.89526350900599,3.3333333333333335,0.2,0.4583333333333333,0.5,0.5120505363389465,0.009807871922576202,0.4683730451123674,0.009768546626110505,70.04894806610324
715,143.09539693128752,3.3333333333333335,0.2,0.4583333333333333,0.5,0.5122232370841426,0.00979463958168965,0.46823883123405313,0.00974329210011506,70.04894806610324
716,143.29553035356903,3.3333333333333335,0.2,0.4583333333333333,0.5,0.5123944883894612,0.00978150161171414,0.4681057318228496,0.009718278175975634,70.04894806610324
717,143.49566377585057,3.3333333333333335,0.2,0.4583333333333333,0.5,0.5125643035488734,0.009768457236576733,0.46797373718763846,0.009693502026911969,70.04894806610324
718,143.69579719813208,3.3333333333333335,0.2,0.4583333333333333,0.5,0.5127326957203331,0.009755505689989783,0.46784283772280877,0.009668960866868881,70.04894806610324
719,143.8959306204136,3.3333333333333335,0.2,0.4583333333333333,0.5,0.5128996779257766,0.009742646215450911,0.4677130239082568,0.009644651950516248,70.04894806610324
720,144.09606404269513,3.3333333333333335,0.2,0.4583333333333333,0.5,0.5130652630511223,0.009729878066243008,0.4675842863093862,0.009620572573249013,70.04894806610324
721,144.29619746497664,3.3333333333333335,0.2,0.4583333333333333,0.5,0.5132294638462712,0.009717200505434252,0.4674566155771079,0.009596720071187195,70.04894806610324
722,144.49633088725815,3.3333333333333335,0.2,0.4583333333333333,0.5,0.5133922929254507,0.009704612805818058,0.46733000244759837,0.009573091821133384,70.04894806610324
723,144.6964643095397,3.3333333333333335,0.2,0.4583333333333333,0.5,0.5135537630813144,0.00969211419512346,0.46720443752176744,0.00954968520179525,70.04894806610324
724,144.8965977318212,3.3333333333333335,0.2,0.4583333333333333,0.5,0.5137138870645341,0.009679703894461707,0.46707991142000843,0.009526497620996222,70.04894806610324
725,145.09673115410274,3.3333333333333335,0.2,0.4583333333333333,0.5,0.5138726772931951,0.009667381169017643,0.46695641498623536,0.00950352655155244,70.04894806610324
726,145.29686457638425,3.3333333333333335,0.2,0.4583333333333333,0.5,0.5140301460700718,0.00965514529014937,0.4668339391353306,0.009480769504448709,70.04894806610324
727,145.49699799866576,3.3333333333333335,0.2,0.4583333333333333,0.5,0.5141863055826283,0.009642995535388242,0.46671247485314543,0.009458224028838462,70.04894806610324
728,145.6971314209473,3.3333333333333335,0.2,0.4583333333333333,0.5,0.5143411679030183,0.009630931188438868,0.4665920131964995,0.009435887712043796,70.04894806610324
729,145.8972648432288,3.3333333333333335,0.2,0.4583333333333333,0.5,0.5144947449880847,0.009618951539179112,0.4664725452931813,0.009413758179555459,70.04894806610324
730,146.09739826551032,3.3333333333333335,0.2,0.4583333333333333,0.5,0.5146470486793597,0.009607055883660093,0.46635406234194776,0.009391833095032838,70.04894806610324
731,146.29753168779186,3.3333333333333335,0.2,0.4583333333333333,0.5,0.5147981131691292,0.00959524232652442,0.4662365412666691,0.009370103237677922,70.04894806610324
732,146.49766511007337,3.3333333333333335,0.2,0.4583333333333333,0.5,0.5149478963593603,0.009583513038531891,0.46612000777069523,0.009348582831413151,70.04894806610324
733,146.6977985323549,3.3333333333333335,0.2,0.4583333333333333,0.5,0.51509644421775,0.009571865496333041,0.46600443128769437,0.009327258998223122,70.04894806610324
734,146.89793195463642,3.3333333333333335,0.2,0.4583333333333333,0.5,0.5152437674457799,0.00956029905657469,0.46588980376212874,0.009306129735517222,70.04894806610324
735,147.09806537691793,3.3333333333333335,0.2,0.4583333333333333,0.5,0.5153898767449315,0.009548813075903655,0.46577611713846057,0.009285193040704824,70.04894806610324
736,147.29819879919947,3.3333333333333335,0.2,0.4583333333333333,0.5,0.5155347828166865,0.009537406910966748,0.465663363361152,0.009264446911195311,70.04894806610324
737,147.49833222148098,3.3333333333333335,0.2,0.4583333333333333,0.5,0.5156784963625265,0.009526079918410793,0.4655515343746653,0.009243889344398067,70.04894806610324
738,147.6984656437625,3.3333333333333335,0.2,0.4583333333333333,0.5,0.5158210280839329,0.009514831454882602,0.46544062212346266,0.00922351833772247,70.04894806610324
739,147.89859906604403,3.3333333333333335,0.2,0.4583333333333333,0.5,0.5159623886823874,0.009503660877028992,0.4653306185520063,0.009203331888577896,70.04894806610324
740,148.09873248832554,3.3333333333333335,0.2,0.4583333333333333,0.5,0.5161025887789893,0.009492567554544832,0.46522151568183295,0.009183327984633588,70.04894806610324
741,148.29886591060708,3.3333333333333335,0.2,0.4583333333333333,0.5,0.5162416386992336,0.009481550905108814,0.4651133058179186,0.009163504577739673,70.04894806610324
742,148.4989993328886,3.3333333333333335,0.2,0.4583333333333333,0.5,0.5163795489874747,0.009470610310873382,0.46500598105538654,0.009143859646266028,70.04894806610324
743,148.6991327551701,3.3333333333333335,0.2,0.4583333333333333,0.5,0.5165163302182778,0.009459745149087017,0.46489953346039264,0.009124391172243236,70.04894806610324
744,148.89926617745164,3.3333333333333335,0.2,0.4583333333333333,0.5,0.516651992966208,0.009448954796998203,0.46479395509909255,0.00910509713770189,70.04894806610324
745,149.09939959973315,3.3333333333333335,0.2,0.4583333333333333,0.5,0.5167865478058306,0.009438238631855425,0.46468923803764206,0.00908597552467258,70.04894806610324
746,149.29953302201466,3.3333333333333335,0.2,0.4583333333333333,0.5,0.5169200052918967,0.009427596031922586,0.46458537435558234,0.00906702432059915,70.04894806610324
747,149.4996664442962,3.3333333333333335,0.2,0.4583333333333333,0.5,0.5170523748563408,0.009417026433004976,0.4644823568909715,0.009048241819683443,70.04894806610324
748,149.6997998665777,3.3333333333333335,0.2,0.4583333333333333,0.5,0.5171836660523058,0.009406529264696295,0.46438017839998597,0.009029626283012737,70.04894806610324
749,149.89993328885924,3.3333333333333335,0.2,0.4583333333333333,0.5,0.5173138889559598,0.009396103929786556,0.46427883128547276,0.009011175828781656,70.04894806610324
750,150.10006671114076,3.3333333333333335,0.2,0.4583333333333333,0.5,0.517443053643471,0.009385749831065783,0.4641783079502791,0.00899288857518484,70.04894806610324
751,150.30020013342227,3.3333333333333335,0.2,0.4583333333333333,0.5,0.5175711701910077,0.00937546637132399,0.4640786007972521,0.008974762640416916,70.04894806610324
752,150.5003335557038,3.3333333333333335,0.2,0.4583333333333333,0.5,0.5176982486747381,0.009365252953351192,0.4639797022292389,0.008956796142672516,70.04894806610324
753,150.70046697798531,3.3333333333333335,0.2,0.4583333333333333,0.5,0.5178242986647085,0.009355109007472209,0.46388160499614767,0.008938987331672327,70.04894806610324
754,150.90060040026682,3.3333333333333335,0.2,0.4583333333333333,0.5,0.5179493285028723,0.009345034030824397,0.463784302690022,0.008921334776281894,70.04894806610324
755,151.10073382254836,3.3333333333333335,0.2,0.4583333333333333,0.5,0.518073347593541,0.009335027462749142,0.46368778817441897,0.00890383676929155,70.04894806610324
756,151.30086724482987,3.3333333333333335,0.2,0.4583333333333333,0.5,0.5181963654221385,0.009325088738174999,0.46359205425727434,0.008886491582412732,70.04894806610324
757,151.5010006671114,3.3333333333333335,0.2,0.4583333333333333,0.5,0.5183183914740895,0.00931521729203051,0.46349709374652376,0.00886929748735687,70.04894806610324
758,151.70113408939292,3.3333333333333335,0.2,0.4583333333333333,0.5,0.5184394352348182,0.009305412559244232,0.4634028994501029,0.008852252755835396,70.04894806610324
759,151.90126751167443,3.3333333333333335,0.2,0.4583333333333333,0.5,0.5185595006375726,0.00929567430703419,0.46330946808280726,0.008835356972586608,70.04894806610324
760,152.10140093395597,3.3333333333333335,0.2,0.4583333333333333,0.5,0.5186786094648674,0.009286001234366379,0.46321678379956766,0.008818605501199162,70.04894806610324
761,152.30153435623748,3.3333333333333335,0.2,0.4583333333333333,0.5,0.5187967606677448,0.009276393406636451,0.4631248468209726,0.008801999104646747,70.04894806610324
762,152.501667778519,3.3333333333333335,0.2,0.4583333333333333,0.5,0.5189139635754351,0.009266850268120934,0.4630336500648657,0.00878553609157891,70.04894806610324
763,152.70180120080053,3.3333333333333335,0.2,0.4583333333333333,0.5,0.519030227427996,0.009257371268433203,0.46294318651183797,0.00876921479173351,70.04894806610324
764,152.90193462308204,3.3333333333333335,0.2,0.4583333333333333,0.5,0.5191455613763124,0.009247955862523489,0.462853449205228,0.008753033555936743,70.04894806610324
765,153.10206804536358,3.3333333333333335,0.2,0.4583333333333333,0.5,0.5192599744820969,0.009238603510678865,0.4627644312511217,0.008736990756103107,70.04894806610324
766,153.3022014676451,3.3333333333333335,0.2,0.4583333333333333,0.5,0.5193734752937926,0.009229313702794775,0.46267612612112435,0.008721084882288736,70.04894806610324
767,153.5023348899266,3.3333333333333335,0.2,0.4583333333333333,0.5,0.5194860716023144,0.009220085972354268,0.46258852782674237,0.008705314598589467,70.04894806610324
768,153.70246831220814,3.3333333333333335,0.2,0.4583333333333333,0.5,0.5195977717519875,0.009210919821401474,0.4625016299834755,0.008689678443136034,70.04894806610324
769,153.90260173448965,3.3333333333333335,0.2,0.4583333333333333,0.5,0.5197085839836367,0.009201814758137387,0.4624154262797999,0.008674174978426442,70.04894806610324
770,154.1027351567712,3.3333333333333335,0.2,0.4583333333333333,0.5,0.5198185164104752,0.009192770298299761,0.4623299104943819,0.008658802796843676,70.04894806610324
771,154.3028685790527,3.3333333333333335,0.2,0.4583333333333333,0.5,0.519927577018104,0.00918378596516311,0.4622450764960776,0.00864356052065573,70.04894806610324
772,154.5030020013342,3.3333333333333335,0.2,0.4583333333333333,0.5,0.5200357736645129,0.009174861289538712,0.46216091824393324,0.008628446802015587,70.04894806610324
773,154.70313542361575,3.3333333333333335,0.2,0.4583333333333333,0.5,0.5201431140800798,0.009165995809774603,0.4620774297871848,0.008613460322961227,70.04894806610324
774,154.90326884589726,3.3333333333333335,0.2,0.4583333333333333,0.5,0.5202496058675707,0.00915718907175558,0.4619946052652585,0.008598599795415633,70.04894806610324
775,155.10340226817877,3.3333333333333335,0.2,0.4583333333333333,0.5,0.5203552565024341,0.00914844062888235,0.4619124389075669,0.008583863961117147,70.04894806610324
776,155.3035356904603,3.3333333333333335,0.2,0.4583333333333333,0.5,0.5204600739814927,0.009139749996021808,0.461830924584596,0.008569251437889834,70.04894806610324
777,155.50366911274182,3.3333333333333335,0.2,0.4583333333333333,0.5,0.520564066371109,0.009131116681582188,0.46175005612058806,0.008554760826721231,70.04894806610324
778,155.70380253502336,3.3333333333333335,0.2,0.4583333333333333,0.5,0.5206672411616499,0.009122540233338517,0.46166982774026866,0.00854039086474339,70.04894806610324
779,155.90393595730487,3.3333333333333335,0.2,0.4583333333333333,0.5,0.5207696057510981,0.00911402020410187,0.46159023373417535,0.008526140310625138,70.04894806610324
780,156.10406937958638,3.3333333333333335,0.2,0.4583333333333333,0.5,0.5208711674450514,0.009105556151719374,0.46151126845865764,0.008512007944572072,70.04894806610324
781,156.30420280186792,3.3333333333333335,0.2,0.4583333333333333,0.5,0.5209719334567228,0.009097147639074207,0.4614329263358769,0.008497992568326552,70.04894806610324
782,156.50433622414943,3.3333333333333335,0.2,0.4583333333333333,0.5,0.5210719109069407,0.009088794234085597,0.46135520185380646,0.00848409300516772,70.04894806610324
783,156.70446964643094,3.3333333333333335,0.2,0.4583333333333333,0.5,0.5211711068241487,0.009080495509708821,0.46127808956623145,0.008470308099911478,70.04894806610324
784,156.90460306871248,3.3333333333333335,0.2,0.4583333333333333,0.5,0.5212695281444057,0.009072251043935208,0.4612015840927489,0.008456636718910499,70.04894806610324
785,157.104736490994,3.3333333333333335,0.2,0.4583333333333333,0.5,0.5213671817306361,0.009064060419332675,0.46112568010686633,0.0084430777431653,70.04894806610324
786,157.30486991327552,3.3333333333333335,0.2,0.4583333333333333,0.5,0.5214640748206869,0.009055923212351389,0.4610503720589825,0.008429629907979701,70.04894806610324
787,157.50500333555703,3.3333333333333335,0.2,0.4583333333333333,0.5,0.5215602144407621,0.009047839007324053,0.4609756545390416,0.008416292012872745,70.04894806610324
788,157.70513675783855,3.3333333333333335,0.2,0.4583333333333333,0.5,0.5216556073814282,0.00903980739703861,0.460901522291368,0.008403062930165624,70.04894806610324
789,157.90527018012008,3.3333333333333335,0.2,0.4583333333333333,0.5,0.5217502603603106,0.00903182797885497,0.46082797011407683,0.00838994154675808,70.04894806610324
790,158.1054036024016,3.3333333333333335,0.2,0.4583333333333333,0.5,0.5218441800220934,0.009023900354705008,0.46075499285907356,0.008376926764128406,70.04894806610324
791,158.3055370246831,3.3333333333333335,0.2,0.4583333333333333,0.5,0.52193737293852,0.009016024131092563,0.4606825854320544,0.008364017498333447,70.04894806610324
792,158.50567044696464,3.3333333333333335,0.2,0.4583333333333333,0.5,0.5220298456083924,0.009008198919093442,0.460610742792506,0.00835121268000859,70.04894806610324
793,158.70580386924615,3.3333333333333335,0.2,0.4583333333333333,0.5,0.5221216044575716,0.009000424334355417,0.4605394599537057,0.00833851125436778,70.04894806610324
794,158.9059372915277,3.3333333333333335,0.2,0.4583333333333333,0.5,0.5222126558389776,0.008992699997098222,0.46046873198272115,0.008325912181203508,70.04894806610324
795,159.1060707138092,3.3333333333333335,0.2,0.4583333333333333,0.5,0.5223030060668621,0.008985025527824863,0.4603985539746279,0.008313414430685725,70.04894806610324
796,159.3062041360907,3.3333333333333335,0.2,0.4583333333333333,0.5,0.5223926616155325,0.008977400522454326,0.4603289209030111,0.008301016959002547,70.04894806610324
797,159.50633755837225,3.3333333333333335,0.2,0.4583333333333333,0.5,0.5224816287585772,0.008969824597467084,0.4602598278913727,0.008288718752583522,70.04894806610324
798,159.70647098065376,3.3333333333333335,0.2,0.4583333333333333,0.5,0.5225699136664643,0.00896229737769194,0.4601912701397083,0.008276518816135975,70.04894806610324
799,159.90660440293527,3.3333333333333335,0.2,0.4583333333333333,0.5,0.5226575224460276,0.008954818491365132,0.4601232428948028,0.00826441616780504,70.04894806610324
800,160.1067378252168,3.3333333333333335,0.2,0.4583333333333333,0.5,0.5227444611404657,0.008947387570130335,0.46005574145023087,0.008252409839173656,70.04894806610324
801,160.30687124749832,3.3333333333333335,0.2,0.4583333333333333,0.5,0.5228307357293426,0.008940004249038661,0.4599887611463568,0.008240498875262577,70.04894806610324
802,160.50700466977986,3.3333333333333335,0.2,0.4583333333333333,0.5,0.5229163521285872,0.008932668166548655,0.45992229737033435,0.008228682334530356,70.04894806610324
803,160.70713809206137,3.3333333333333335,0.2,0.4583333333333333,0.5,0.5230013161904938,0.008925378964526297,0.4598563455561071,0.008216959288873366,70.04894806610324
804,160.90727151434288,3.3333333333333335,0.2,0.4583333333333333,0.5,0.5230856337037217,0.008918136288245004,0.459790901184408,0.008205328823625778,70.04894806610324
805,161.10740493662442,3.3333333333333335,0.2,0.4583333333333333,0.5,0.5231693104450118,0.008910939782627424,0.4597259597476597,0.008193790024701669,70.04894806610324
806,161.30753835890593,3.3333333333333335,0.2,0.4583333333333333,0.5,0.5232523522605766,0.008903789086330776,0.4596615166947338,0.008182341958359235,70.04894806610324
807,161.50767178118744,3.3333333333333335,0.2,0.4583333333333333,0.5,0.5233347648265417,0.008896683849155616,0.4595975675935419,0.00817098373076127,70.04894806610324
808,161.70780520346898,3.3333333333333335,0.2,0.4583333333333333,0.5,0.523416553752522,0.008889623724518876,0.45953410806073636,0.0081597144622232,70.04894806610324
809,161.9079386257505,3.3333333333333335,0.2,0.4583333333333333,0.5,0.5234977245908056,0.008882608368786573,0.45947113375547827,0.00814853328493011,70.04894806610324
810,162.10807204803203,3.3333333333333335,0.2,0.4583333333333333,0.5,0.5235782828363522,0.008875637441273803,0.45940864037943774,0.008137439342936748,70.04894806610324
811,162.30820547031354,3.3333333333333335,0.2,0.4583333333333333,0.5,0.5236582339267947,0.008868710604244757,0.4593466236767935,0.008126431792167526,70.04894806610324
812,162.50833889259505,3.3333333333333335,0.2,0.4583333333333333,0.5,0.523737583242438,0.008861827522912705,0.45928507943423325,0.008115509800416513,70.04894806610324
813,162.7084723148766,3.3333333333333335,0.2,0.4583333333333333,0.5,0.5238163361062597,0.00885498786544001,0.4592240034809534,0.008104672547347442,70.04894806610324
814,162.9086057371581,3.3333333333333335,0.2,0.4583333333333333,0.5,0.5238944977839095,0.008848191302938112,0.45916339168865916,0.00809391922449371,70.04894806610324
815,163.1087391594396,3.3333333333333335,0.2,0.4583333333333333,0.5,0.5239720735362751,0.008841437513889003,0.4591032399478551,0.008083249001981315,70.04894806610324
816,163.30887258172115,3.3333333333333335,0.2,0.4583333333333333,0.5,0.5240490686062651,0.008834726183033544,0.4590435441738064,0.00807266103689559,70.04894806610324
817,163.50900600400266,3.3333333333333335,0.2,0.4583333333333333,0.5,0.5241254881219801,0.00882805699322678,0.4589843003502133,0.008062154534580314,70.04894806610324
818,163.7091394262842,3.3333333333333335,0.2,0.4583333333333333,0.5,0.5242013371564309,0.008821429630461034,0.4589255045022761,0.008051728710832491,70.04894806610324
819,163.9092728485657,3.3333333333333335,0.2,0.4583333333333333,0.5,0.5242766207279415,0.008814843783899858,0.4588671526965123,0.008041382791646911,70.04894806610324
820,164.10940627084722,3.3333333333333335,0.2,0.4583333333333333,0.5,0.524351343800149,0.008808299145878029,0.45880924104075727,0.00803111601321615,70.04894806610324
821,164.30953969312876,3.3333333333333335,0.2,0.4583333333333333,0.5,0.5244255112820044,0.008801795411901547,0.458751765684164,0.008020927621930558,70.04894806610324
822,164.50967311541027,3.3333333333333335,0.2,0.4583333333333333,0.5,0.5244991280277718,0.008795332280647642,0.45869472281720286,0.00801081687437828,70.04894806610324
823,164.70980653769178,3.3333333333333335,0.2,0.4583333333333333,0.5,0.5245721988370284,0.008788909453964766,0.4586381086716621,0.008000783037345235,70.04894806610324
824,164.90993995997331,3.3333333333333335,0.2,0.4583333333333333,0.5,0.5246447284546654,0.008782526636872593,0.4585819195206475,0.007990825387815126,70.04894806610324
825,165.11007338225482,3.3333333333333335,0.2,0.4583333333333333,0.5,0.5247167215708867,0.008776183537562031,0.4585261516785824,0.007980943212969441,70.04894806610324
826,165.31020680453636,3.3333333333333335,0.2,0.4583333333333333,0.5,0.5247881828493562,0.008769879865665142,0.45847080148162656,0.007971135803352604,70.04894806610324
827,165.51034022681787,3.3333333333333335,0.2,0.4583333333333333,0.5,0.5248591171073427,0.008763615321182134,0.4584158651623491,0.007961402409126562,70.04894806610324
828,165.71047364909938,3.3333333333333335,0.2,0.4583333333333333,0.5,0.52492952898733,0.008757389614666532,0.458361339078189,0.007951742319814973,70.04894806610324
829,165.91060707138092,3.3333333333333335,0.2,0.4583333333333333,0.5,0.5249994230437753,0.008751202461892392,0.4583072196510974,0.007942154843235327,70.04894806610324
830,166.11074049366243,3.3333333333333335,0.2,0.4583333333333333,0.5,0.5250688037826362,0.00874505358142473,0.458253503340039,0.007932639295900608,70.04894806610324
831,166.31087391594394,3.3333333333333335,0.2,0.4583333333333333,0.5,0.5251376756613695,0.008738942694619518,0.45820018664099227,0.007923195003019278,70.04894806610324
832,166.51100733822548,3.3333333333333335,0.2,0.4583333333333333,0.5,0.5252060430889323,0.008732869525623686,0.4581472660869493,0.007913821298495289,70.04894806610324
833,166.711140760507,3.3333333333333335,0.2,0.4583333333333333,0.5,0.5252739104257815,0.008726833801375122,0.4580947382479158,0.007904517524928083,70.04894806610324
834,166.91127418278853,3.3333333333333335,0.2,0.4583333333333333,0.5,0.525341281983874,0.008720835251602674,0.45804259973091127,0.007895283033612581,70.04894806610324
835,167.11140760507004,3.3333333333333335,0.2,0.4583333333333333,0.5,0.5254081620266664,0.008714873608826147,0.45799084717996874,0.007886117184539201,70.04894806610324
836,167.31154102735155,3.3333333333333335,0.2,0.4583333333333333,0.5,0.5254745547691154,0.0087089486083563,0.457939477276135,0.007877019346393838,70.04894806610324
837,167.5116744496331,3.3333333333333335,0.2,0.4583333333333333,0.5,0.5255404643776773,0.008703059988294855,0.45788848673747046,0.007867988896557876,70.04894806610324
838,167.7118078719146,3.3333333333333335,0.2,0.4583333333333333,0.5,0.5256058951092405,0.008697207477740573,0.45783787221491223,0.007859025198107276,70.04894806610324
839,167.9119412941961,3.3333333333333335,0.2,0.4583333333333333,0.5,0.5256708512336329,0.008691390803367506,0.4577876303503585,0.007850127612641724,70.04894806610324
840,168.11207471647765,3.3333333333333335,0.2,0.4583333333333333,0.5,0.525735336850874,0.008685609704938554,0.45773775791364835,0.007841295530539676,70.04894806610324
841,168.31220813875916,3.3333333333333335,0.2,0.4583333333333333,0.5,0.5257993560185171,0.008679863924495376,0.4576882517071119,0.00783252834987618,70.04894806610324
842,168.5123415610407,3.3333333333333335,0.2,0.4583333333333333,0.5,0.5258629127517167,0.008674153206352626,0.45763910856551965,0.00782382547641162,70.04894806610324
843,168.7124749833222,3.3333333333333335,0.2,0.4583333333333333,0.5,0.5259260110232287,0.008668477297097965,0.45759032535608224,0.007815186323591728,70.04894806610324
844,168.91260840560372,3.3333333333333335,0.2,0.4583333333333333,0.5,0.5259886547634105,0.008662835945592045,0.4575418989784505,0.00780661031254758,70.04894806610324
845,169.11274182788526,3.3333333333333335,0.2,0.4583333333333333,0.5,0.5260508478602209,0.008657228902968515,0.4574938263647156,0.007798096872095594,70.04894806610324
846,169.31287525016677,3.3333333333333335,0.2,0.4583333333333333,0.5,0.5261125941592202,0.008651655922634031,0.45744610447940887,0.0077896454387375354,70.04894806610324
847,169.51300867244828,3.3333333333333335,0.2,0.4583333333333333,0.5,0.5261738974635699,0.008646116760268241,0.45739873031950196,0.00778125545666051,70.04894806610324
848,169.71314209472982,3.3333333333333335,0.2,0.4583333333333333,0.5,0.5262347615340333,0.008640611173823793,0.4573517009144066,0.007772926377736969,70.04894806610324
849,169.91327551701133,3.3333333333333335,0.2,0.4583333333333333,0.5,0.5262951901131239,0.008635138922858708,0.4573050133094169,0.007764657654601123,70.04894806610324
850,170.11340893929287,3.3333333333333335,0.2,0.4583333333333333,0.5,0.5263551870356609,0.008629699765480002,0.457258664489907,0.0077564487089526995,70.04894806610324
851,170.31354236157438,3.3333333333333335,0.2,0.4583333333333333,0.5,0.5264147560069211,0.00862429346447685,0.45721265153344154,0.00774829899516103,70.04894806610324
852,170.5136757838559,3.3333333333333335,0.2,0.4583333333333333,0.5,0.5264739006731174,0.008618919785372157,0.45716697156145225,0.007740207980058798,70.04894806610324
853,170.71380920613743,3.3333333333333335,0.2,0.4583333333333333,0.5,0.5265326246421477,0.008613578495848921,0.45712162172501086,0.007732175136993104,70.04894806610324
854,170.91394262841894,3.3333333333333335,0.2,0.4583333333333333,0.5,0.5265909314835959,0.008608269365750227,0.4570765992048289,0.007724199945825469,70.04894806610324
855,171.11407605070045,3.3333333333333335,0.2,0.4583333333333333,0.5,0.5266488247287315,0.00860299216707925,0.4570319012112579,0.007716281892931822,70.04894806610324
856,171.314209472982,3.3333333333333335,0.2,0.4583333333333333,0.5,0.5267063078705094,0.00859774667399925,0.4569875249842893,0.007708420471202508,70.04894806610324
857,171.5143428952635,3.3333333333333335,0.2,0.4583333333333333,0.5,0.5267633843635702,0.00859253266283358,0.45694346779355444,0.00770061518004229,70.04894806610324
858,171.71447631754504,3.3333333333333335,0.2,0.4583333333333333,0.5,0.5268200576242399,0.00858734991206568,0.4568997269383246,0.007692865525370342,70.04894806610324
859,171.91460973982655,3.3333333333333335,0.2,0.4583333333333333,0.5,0.5268763310305302,0.008582198202339077,0.456856299747511,0.007685171019620255,70.04894806610324
860,172.11474316210806,3.3333333333333335,0.2,0.4583333333333333,0.5,0.5269322324150715,0.008577075889244059,0.45681316446900644,0.007677527226678658,70.04894806610324
861,172.3148765843896,3.3333333333333335,0.2,0.4583333333333333,0.5,0.5269877086832668,0.00857198604583373,0.45677036250065817,0.0076699427702417965,70.04894806610324
862,172.5150100066711,3.3333333333333335,0.2,0.4583333333333333,0.5,0.5270427970961017,0.008566926480375254,0.45672786474114985,0.0076624116823737895,70.04894806610324
863,172.71514342895262,3.3333333333333335,0.2,0.4583333333333333,0.5,0.5270975005869047,0.008561897000077251,0.45668566886865436,0.007654933544364153,70.04894806610324
864,172.91527685123415,3.3333333333333335,0.2,0.4583333333333333,0.5,0.527151822089005,0.00855689741214834,0.45664377256134475,0.0076475079375024025,70.04894806610324
865,173.11541027351566,3.3333333333333335,0.2,0.4583333333333333,0.5,0.5272057645357314,0.008551927523797144,0.45660217349739396,0.007640134443078059,70.04894806610324
866,173.3155436957972,3.3333333333333335,0.2,0.4583333333333333,0.5,0.5272593308604127,0.008546987142232277,0.45656086935497503,0.007632812642380638,70.04894806610324
867,173.5156771180787,3.3333333333333335,0.2,0.4583333333333333,0.5,0.5273125239963777,0.008542076074662364,0.45651985781226084,0.00762554211669966,70.04894806610324
868,173.71581054036022,3.3333333333333335,0.2,0.4583333333333333,0.5,0.5273653468769555,0.008537194128296023,0.4564791365474245,0.007618322447324641,70.04894806610324
869,173.91594396264176,3.3333333333333335,0.2,0.4583333333333333,0.5,0.5274178024354748,0.008532341110341873,0.4564387032386389,0.007611153215545099,70.04894806610324
870,174.11607738492327,3.3333333333333335,0.2,0.4583333333333333,0.5,0.5274698936052645,0.008527516828008536,0.456398555564077,0.007604034002650552,70.04894806610324
871,174.31621080720478,3.3333333333333335,0.2,0.4583333333333333,0.5,0.5275216233196536,0.008522721088504631,0.45635869120191186,0.007596964389930518,70.04894806610324
872,174.51634422948632,3.3333333333333335,0.2,0.4583333333333333,0.5,0.5275729945197835,0.008517953698109025,0.4563191078245118,0.0075899439575962905,70.04894806610324
873,174.71647765176783,3.3333333333333335,0.2,0.4583333333333333,0.5,0.5276240101805223,0.008513214459086947,0.45627980307918675,0.007582972281204585,70.04894806610324
874,174.91661107404937,3.3333333333333335,0.2,0.4583333333333333,0.5,0.5276746732529225,0.008508503176537785,0.45624077463094137,0.0075760489395988685,70.04894806610324
875,175.11674449633088,3.3333333333333335,0.2,0.4583333333333333,0.5,0.5277249866839883,0.00850381965604275,0.45620202014778816,0.007569173512181367,70.04894806610324
876,175.3168779186124,3.3333333333333335,0.2,0.4583333333333333,0.5,0.5277749534207233,0.00849916370318305,0.45616353729773984,0.007562345578354307,70.04894806610324
877,175.51701134089393,3.3333333333333335,0.2,0.4583333333333333,0.5,0.5278245764101317,0.008494535123539896,0.456125323748809,0.007555564717519915,70.04894806610324
878,175.71714476317544,3.3333333333333335,0.2,0.4583333333333333,0.5,0.5278738585992173,0.008489933722694498,0.45608737716900827,0.007548830509080419,70.04894806610324
879,175.91727818545695,3.3333333333333335,0.2,0.4583333333333333,0.5,0.5279228027182951,0.008485359317578073,0.45604969539561085,0.007542142568516495,70.04894806610324
880,176.1174116077385,3.3333333333333335,0.2,0.4583333333333333,0.5,0.5279714113076689,0.008480811735074471,0.4560122764143117,0.007535500542945394,70.04894806610324
881,176.31754503002,3.3333333333333335,0.2,0.4583333333333333,0.5,0.5280196871639578,0.008476290788641955,0.4559751180105925,0.007528904036808257,70.04894806610324
882,176.51767845230154,3.3333333333333335,0.2,0.4583333333333333,0.5,0.5280676330863198,0.00847179629160579,0.4559382179679514,0.007522352654123459,70.04894806610324
883,176.71781187458305,3.3333333333333335,0.2,0.4583333333333333,0.5,0.528115251873913,0.008467328057291243,0.4559015740698869,0.0075158459989093755,70.04894806610324
884,176.91794529686456,3.3333333333333335,0.2,0.4583333333333333,0.5,0.5281625463258953,0.008462885899023578,0.4558651840998972,0.007509383675184382,70.04894806610324
885,177.1180787191461,3.3333333333333335,0.2,0.4583333333333333,0.5,0.5282095192260622,0.00845846963105508,0.45582904585362477,0.007502965289258498,70.04894806610324
886,177.3182121414276,3.3333333333333335,0.2,0.4583333333333333,0.5,0.5282561729258783,0.008454079093725461,0.45579315746846555,0.007496590511931174,70.04894806610324
887,177.51834556370912,3.3333333333333335,0.2,0.4583333333333333,0.5,0.5283025098879508,0.008449714120667966,0.45575751699395867,0.007490258997423145,70.04894806610324
888,177.71847898599066,3.3333333333333335,0.2,0.4583333333333333,0.5,0.5283485327361755,0.008445374535783425,0.4557221223521455,0.007483970375896117,70.04894806610324
889,177.91861240827217,3.3333333333333335,0.2,0.4583333333333333,0.5,0.5283942440944486,0.008441060162972667,0.45568697146506754,0.007477724277511801,70.04894806610324
890,178.1187458305537,3.3333333333333335,0.2,0.4583333333333333,0.5,0.5284396465866659,0.008436770826136523,0.4556520622547663,0.007471520332431902,70.04894806610324
891,178.31887925283522,3.3333333333333335,0.2,0.4583333333333333,0.5,0.5284847428367235,0.008432506349175825,0.4556173926432831,0.007465358170818129,70.04894806610324
892,178.51901267511673,3.3333333333333335,0.2,0.4583333333333333,0.5,0.5285295339693644,0.008428266643888044,0.45558296173683255,0.007459237649915615,70.04894806610324
893,178.71914609739827,3.3333333333333335,0.2,0.4583333333333333,0.5,0.5285740256618487,0.008424051355152623,0.4555487650456199,0.007453157937379336,70.04894806610324
894,178.91927951967978,3.3333333333333335,0.2,0.4583333333333333,0.5,0.5286182178749678,0.008419860463010532,0.45551480259525895,0.007447119066763385,70.04894806610324
895,179.1194129419613,3.3333333333333335,0.2,0.4583333333333333,0.5,0.5286621131828521,0.008415693794280392,0.45548107234710056,0.007441120675767665,70.04894806610324
896,179.31954636424283,3.3333333333333335,0.2,0.4583333333333333,0.5,0.5287057141354201,0.008411551177200396,0.4554475722816206,0.007435162405759587,70.04894806610324
897,179.51967978652434,3.3333333333333335,0.2,0.4583333333333333,0.5,0.5287490232583782,0.008407432441428317,0.45541430039842,0.007429243901774072,70.04894806610324
898,179.71981320880587,3.3333333333333335,0.2,0.4583333333333333,0.5,0.528792043053221,0.008403337418041496,0.4553812547162246,0.0074233648125135495,70.04894806610324
899,179.91994663108738,3.3333333333333335,0.2,0.4583333333333333,0.5,0.528834775818217,0.008399265950022246,0.45534843341466785,0.007417524817093567,70.04894806610324
900,180.1200800533689,3.3333333333333335,0.2,0.4583333333333333,0.5,0.5288772236728229,0.008395217890827854,0.45531583481495475,0.007411723621395236,70.04894806610324
901,180.32021347565043,3.3333333333333335,0.2,0.4583333333333333,0.5,0.528919388940968,0.008391193081940397,0.45528345707629186,0.007405960900800443,70.04894806610324
902,180.52034689793194,3.3333333333333335,0.2,0.4583333333333333,0.5,0.5289612739185604,0.008387191366484649,0.4552512983800279,0.007400236334927719,70.04894806610324
903,180.72048032021348,3.3333333333333335,0.2,0.4583333333333333,0.5,0.5290028808706208,0.008383212589395946,0.45521935693192356,0.00739454960806041,70.04894806610324
904,180.920613742495,3.3333333333333335,0.2,0.4583333333333333,0.5,0.5290442120312827,0.008379256597420184,0.45518763096215115,0.007388900409146684,70.04894806610324
905,181.1207471647765,3.3333333333333335,0.2,0.4583333333333333,0.5,0.5290852696037923,0.008375323239113821,0.455156118725295,0.007383288431799524,70.04894806610324
906,181.32088058705804,3.3333333333333335,0.2,0.4583333333333333,0.5,0.5291260557605088,0.008371412364843876,0.45512481850035136,0.007377713374296735,70.04894806610324
907,181.52101400933955,3.3333333333333335,0.2,0.4583333333333333,0.5,0.5291665726429036,0.008367523826787928,0.4550937285907282,0.00737217493958094,70.04894806610324
908,181.72114743162106,3.3333333333333335,0.2,0.4583333333333333,0.5,0.5292068223615614,0.008363657478934118,0.4550628473242456,0.007366672835259581,70.04894806610324
909,181.9212808539026,3.3333333333333335,0.2,0.4583333333333333,0.5,0.5292468069961793,0.008359813177081149,0.45503217305313526,0.007361206773604916,70.04894806610324
910,182.1214142761841,3.3333333333333335,0.2,0.4583333333333333,0.5,0.5292865285955675,0.008355990778838284,0.4550017041540409,0.007355776471554025,70.04894806610324
911,182.32154769846565,3.3333333333333335,0.2,0.4583333333333333,0.5,0.5293259891776485,0.008352190143625347,0.45497143902801807,0.007350381650708804,70.04894806610324
912,182.52168112074716,3.3333333333333335,0.2,0.4583333333333333,0.5,0.5293651907294579,0.008348411132672724,0.4549413761005342,0.0073450220373359725,70.04894806610324
913,182.72181454302867,3.3333333333333335,0.2,0.4583333333333333,0.5,0.5294041354312876,0.008344653594342338,0.45491151364444976,0.007339697329920936,70.04894806610324
914,182.9219479653102,3.3333333333333335,0.2,0.4583333333333333,0.5,0.5294428255173069,0.008340917373255532,0.4548818498900944,0.0073344072193438185,70.04894806610324
915,183.12208138759172,3.3333333333333335,0.2,0.4583333333333333,0.5,0.5294812629863139,0.008337202329235691,0.45485238325370136,0.007329151430749744,70.04894806610324
916,183.32221480987323,3.3333333333333335,0.2,0.4583333333333333,0.5,0.5295194498128981,0.008333508323479389,0.4548231121706413,0.007323929692981897,70.04894806610324
917,183.52234823215477,3.3333333333333335,0.2,0.4583333333333333,0.5,0.5295573879475428,0.008329835218549667,0.45479403509534155,0.0073187417385666715,70.04894806610324
918,183.72248165443628,3.3333333333333335,0.2,0.4583333333333333,0.5,0.5295950793166253,0.008326182878376037,0.4547651505012857,0.007313587303713673,70.04894806610324
919,183.92261507671782,3.3333333333333335,0.2,0.4583333333333333,0.5,0.5296325258224168,0.008322551168254476,0.45473645688101366,0.007308466128315708,70.04894806610324
920,184.12274849899933,3.3333333333333335,0.2,0.4583333333333333,0.5,0.5296697293430824,0.008318939954847435,0.4547079527461221,0.0073033779559488,70.04894806610324
921,184.32288192128084,3.3333333333333335,0.2,0.4583333333333333,0.5,0.5297066917326809,0.008315349106183827,0.45467963662726374,0.007298322533872173,70.04894806610324
922,184.52301534356238,3.3333333333333335,0.2,0.4583333333333333,0.5,0.5297434148211654,0.00831177849165904,0.45465150707414803,0.007293299613028262,70.04894806610324
923,184.7231487658439,3.3333333333333335,0.2,0.4583333333333333,0.5,0.5297799004143824,0.008308227982034925,0.4546235626555407,0.007288308948042712,70.04894806610324
924,184.9232821881254,3.3333333333333335,0.2,0.4583333333333333,0.5,0.5298161502940726,0.008304697449439806,0.4545958019592639,0.007283350297224374,70.04894806610324
925,185.12341561040694,3.3333333333333335,0.2,0.4583333333333333,0.5,0.5298521662178707,0.008301186767368471,0.4545682235921963,0.007278423422565304,70.04894806610324
926,185.32354903268845,3.3333333333333335,0.2,0.4583333333333333,0.5,0.5298879499203841,0.008297695810639905,0.4545408261794402,0.00727352808953657,70.04894806610324
927,185.52368245497,3.3333333333333335,0.2,0.4583333333333333,0.5,0.5299235033610131,0.008294224445688043,0.45451360817310726,0.0072686640201922986,70.04894806610324
928,185.7238158772515,3.3333333333333335,0.2,0.4583333333333333,0.5,0.5299588284807966,0.00829077254008824,0.4544865680399332,0.007263830939182796,70.04894806610324
929,185.923949299533,3.3333333333333335,0.2,0.4583333333333333,0.5,0.5299939270389591,0.008287339968961081,0.45445970438739536,0.007259028604685246,70.04894806610324
930,186.12408272181455,3.3333333333333335,0.2,0.4583333333333333,0.5,0.5300288007769518,0.008283926608545529,0.45443301583714174,0.007254256777361734,70.04894806610324
931,186.32421614409606,3.3333333333333335,0.2,0.4583333333333333,0.5,0.530063451418452,0.008280532336198921,0.4544065010249906,0.007249515220359251,70.04894806610324
932,186.52434956637757,3.3333333333333335,0.2,0.4583333333333333,0.5,0.5300978806693635,0.008277157030396966,0.4543801586009306,0.007244803699309695,70.04894806610324
933,186.7244829886591,3.3333333333333335,0.2,0.4583333333333333,0.5,0.5301320902178162,0.008273800570733753,0.45435398722912107,0.007240121982329868,70.04894806610324
934,186.92461641094062,3.3333333333333335,0.2,0.4583333333333333,0.5,0.530166081734166,0.008270462837921738,0.45432798558789156,0.0072354698400214764,70.04894806610324
935,187.12474983322215,3.3333333333333335,0.2,0.4583333333333333,0.5,0.5301998568709958,0.008267143713791758,0.4543021523697421,0.007230847045471131,70.04894806610324
936,187.32488325550366,3.3333333333333335,0.2,0.4583333333333333,0.5,0.5302334172631142,0.008263843081293023,0.4542764862813432,0.0072262533742503505,70.04894806610324
937,187.52501667778517,3.3333333333333335,0.2,0.4583333333333333,0.5,0.5302667645275564,0.008260560824493111,0.4542509860435358,0.007221688604415555,70.04894806610324
938,187.7251501000667,3.3333333333333335,0.2,0.4583333333333333,0.5,0.5302999002635834,0.008257296828577987,0.4542256503913313,0.0072171525165080725,70.04894806610324
939,187.92528352234822,3.3333333333333335,0.2,0.4583333333333333,0.5,0.5303328260526833,0.008254050979851976,0.4542004780739114,0.007212644893554134,70.04894806610324
940,188.12541694462973,3.3333333333333335,0.2,0.4583333333333333,0.5,0.5303655434607222,0.00825082316557071,0.4541754678529106,0.007208165520797237,70.04894806610324
941,188.32555036691127,3.3333333333333335,0.2,0.4583333333333333,0.5,0.5303980541402467,0.00824761326600055,0.4541506184207751,0.0072037141729784995,70.04894806610324
942,188.52568378919278,3.3333333333333335,0.2,0.4583333333333333,0.5,0.5304303597039974,0.008244421164236326,0.4541259285017037,0.007199290630063269,70.04894806610324
943,188.72581721147432,3.3333333333333335,0.2,0.4583333333333333,0.5,0.5304624616993331,0.008241246748186604,0.45410139687205975,0.0071948946804212465,70.04894806610324
944,188.92595063375583,3.3333333333333335,0.2,0.4583333333333333,0.5,0.5304943616582122,0.00823808990669408,0.4540770223204826,0.0071905261146119,70.04894806610324
945,189.12608405603734,3.3333333333333335,0.2,0.4583333333333333,0.5,0.5305260610971932,0.008234950529535571,0.4540528036478875,0.007186184725384454,70.04894806610324
946,189.32621747831888,3.3333333333333335,0.2,0.4583333333333333,0.5,0.5305575615174348,0.008231828507422014,0.454028739667466,0.0071818703076778935,70.04894806610324
947,189.5263509006004,3.3333333333333335,0.2,0.4583333333333333,0.5,0.5305888644046958,0.008228723731998474,0.45400482920468554,0.007177582658620967,70.04894806610324
948,189.7264843228819,3.3333333333333335,0.2,0.4583333333333333,0.5,0.5306199712293348,0.008225636095844136,0.45398107109728963,0.007173321577532179,70.04894806610324
949,189.92661774516344,3.3333333333333335,0.2,0.4583333333333333,0.5,0.5306508834463107,0.008222565492472307,0.453957464195298,0.0071690868659197975,70.04894806610324
950,190.12675116744495,3.3333333333333335,0.2,0.4583333333333333,0.5,0.5306816024951824,0.008219511816330422,0.45393400736100614,0.007164878327481851,70.04894806610324
951,190.3268845897265,3.3333333333333335,0.2,0.4583333333333333,0.5,0.5307121298001087,0.008216474962800034,0.4539106994689858,0.0071606957681061255,70.04894806610324
952,190.527018012008,3.3333333333333335,0.2,0.4583333333333333,0.5,0.5307424667698489,0.00821345482819682,0.4538875394060849,0.0071565389958701715,70.04894806610324
953,190.7271514342895,3.3333333333333335,0.2,0.4583333333333333,0.5,0.5307726147977618,0.008210451309770585,0.45386452607142713,0.007152407821041296,70.04894806610324
954,190.92728485657105,3.3333333333333335,0.2,0.4583333333333333,0.5,0.5308025745604542,0.008207464366802399,0.45384165895417944,0.007148302118564711,70.04894806610324
955,191.12741827885256,3.3333333333333335,0.2,0.4583333333333333,0.5,0.5308323491810301,0.008204493745043376,0.45381893552769875,0.007144221546228623,70.04894806610324
956,191.32755170113407,3.3333333333333335,0.2,0.4583333333333333,0.5,0.5308619390935149,0.008201539424091811,0.45379635548016733,0.0071401660022267655,70.04894806610324
957,191.5276851234156,3.3333333333333335,0.2,0.4583333333333333,0.5,0.5308913456819919,0.008198601300375884,0.45377391771670933,0.0071361353009235995,70.04894806610324
958,191.72781854569712,3.3333333333333335,0.2,0.4583333333333333,0.5,0.5309205703155501,0.008195679271222573,0.45375162115439094,0.007132129258837222,70.04894806610324
959,191.92795196797866,3.3333333333333335,0.2,0.4583333333333333,0.5,0.5309496143484629,0.008192773234842032,0.45372946472207243,0.007128147694623377,70.04894806610324
960,192.12808539026017,3.3333333333333335,0.2,0.4583333333333333,0.5,0.5309784791203686,0.00818988309031196,0.45370744736026075,0.00712419042905948,70.04894806610324
961,192.32821881254168,3.3333333333333335,0.2,0.4583333333333333,0.5,0.5310071659564487,0.008187008737561981,0.4536855680209615,0.007120257285028636,70.04894806610324
962,192.52835223482322,3.3333333333333335,0.2,0.4583333333333333,0.5,0.5310356761676079,0.008184150077358019,0.4536638256675312,0.0071163480875036595,70.04894806610324
963,192.72848565710473,3.3333333333333335,0.2,0.4583333333333333,0.5,0.5310640110506533,0.008181307011286675,0.4536422192745298,0.007112462663531098,70.04894806610324
964,192.92861907938624,3.3333333333333335,0.2,0.4583333333333333,0.5,0.5310921718884735,0.0081784794417396,0.4536207478275725,0.007108600842215246,70.04894806610324
965,193.12875250166778,3.3333333333333335,0.2,0.4583333333333333,0.5,0.5311201599502184,0.00817566727189787,0.4535994103231824,0.007104762454702169,70.04894806610324
966,193.3288859239493,3.3333333333333335,0.2,0.4583333333333333,0.5,0.5311479764914783,0.008172870405716367,0.4535782057686425,0.007100947334163721,70.04894806610324
967,193.52901934623083,3.3333333333333335,0.2,0.4583333333333333,0.5,0.531175622754463,0.008170088747908151,0.4535571331818481,0.007097155315781568,70.04894806610324
968,193.72915276851234,3.3333333333333335,0.2,0.4583333333333333,0.5,0.5312030999749809,0.008167322204022477,0.4535361915862021,0.007093386234795322,70.04894806610324
969,193.92928619079385,3.3333333333333335,0.2,0.4583333333333333,0.5,0.5312304094527515,0.00816457068139513,0.45351537995933683,0.0070896399065174965,70.04894806610324
970,194.12941961307538,3.3333333333333335,0.2,0.4583333333333333,0.5,0.5312575524295077,0.00816183408745143,0.45349469732196546,0.007085916161076319,70.04894806610324
971,194.3295530353569,3.3333333333333335,0.2,0.4583333333333333,0.5,0.5312845301142007,0.008159112330035268,0.45347414271949044,0.007082214836274412,70.04894806610324
972,194.5296864576384,3.3333333333333335,0.2,0.4583333333333333,0.5,0.5313113437044962,0.008156405317687096,0.45345371520631433,0.007078535771503223,70.04894806610324
973,194.72981987991994,3.3333333333333335,0.2,0.4583333333333333,0.5,0.5313379943869851,0.00815371295962873,0.45343341384566893,0.007074878807718083,70.04894806610324
974,194.92995330220145,3.3333333333333335,0.2,0.4583333333333333,0.5,0.5313644833373945,0.008151035165748163,0.4534132377094449,0.007071243787413254,70.04894806610324
975,195.130086724483,3.3333333333333335,0.2,0.4583333333333333,0.5,0.5313908117207987,0.008148371846584367,0.45339318587802085,0.007067630554596971,70.04894806610324
976,195.3302201467645,3.3333333333333335,0.2,0.4583333333333333,0.5,0.5314169806918296,0.008145722913312113,0.45337325744009255,0.007064038954766494,70.04894806610324
977,195.530353569046,3.3333333333333335,0.2,0.4583333333333333,0.5,0.5314429913948885,0.008143088277726774,0.45335345149250245,0.007060468834883158,70.04894806610324
978,195.73048699132755,3.3333333333333335,0.2,0.4583333333333333,0.5,0.5314688449643558,0.008140467852229136,0.45333376714006857,0.007056920043347414,70.04894806610324
979,195.93062041360906,3.3333333333333335,0.2,0.4583333333333333,0.5,0.5314945425248025,0.00813786154981021,0.45331420349541424,0.007053392429973887,70.04894806610324
980,196.13075383589057,3.3333333333333335,0.2,0.4583333333333333,0.5,0.5315200851912014,0.008135269284036037,0.45329475967879695,0.007049885845966415,70.04894806610324
981,196.3308872581721,3.3333333333333335,0.2,0.4583333333333333,0.5,0.5315454740691373,0.008132690969032503,0.45327543481793797,0.007046400143893102,70.04894806610324
982,196.53102068045362,3.3333333333333335,0.2,0.4583333333333333,0.5,0.531570710255018,0.008130126519470145,0.4532562280478514,0.007042935177661366,70.04894806610324
983,196.73115410273516,3.3333333333333335,0.2,0.4583333333333333,0.5,0.5315957948362855,0.008127575850548964,0.45323713851067343,0.007039490802492983,70.04894806610324
984,196.93128752501667,3.3333333333333335,0.2,0.4583333333333333,0.5,0.5316207288916266,0.008125038877983229,0.4532181653554919,0.007036066874899142,70.04894806610324
985,197.13142094729818,3.3333333333333335,0.2,0.4583333333333333,0.5,0.5316455134911839,0.008122515517986291,0.4531993077381752,0.007032663252655487,70.04894806610324
986,197.33155436957972,3.3333333333333335,0.2,0.4583333333333333,0.5,0.5316701496967666,0.008120005687255393,0.4531805648212017,0.0070292797947771645,70.04894806610324
987,197.53168779186123,3.3333333333333335,0.2,0.4583333333333333,0.5,0.5316946385620612,0.00811750930295648,0.45316193577348934,0.007025916361493879,70.04894806610324
988,197.73182121414274,3.3333333333333335,0.2,0.4583333333333333,0.5,0.5317189811328427,0.008115026282709003,0.45314341977022426,0.0070225728142249335,70.04894806610324
989,197.93195463642428,3.3333333333333335,0.2,0.4583333333333333,0.5,0.5317431784471852,0.008112556544570736,0.45312501599269067,0.00701924901555428,70.04894806610324
990,198.1320880587058,3.3333333333333335,0.2,0.4583333333333333,0.5,0.5317672315356731,0.008110100007022584,0.45310672362809973,0.007015944829205569,70.04894806610324
991,198.33222148098733,3.3333333333333335,0.2,0.4583333333333333,0.5,0.5317911414216113,0.008107656588953386,0.45308854186941905,0.007012660120017196,70.04894806610324
992,198.53235490326884,3.3333333333333335,0.2,0.4583333333333333,0.5,0.5318149090966977,0.008105226214596906,0.4530704699380266,0.007009394750679831,70.04894806610324
993,198.73248832555035,3.3333333333333335,0.2,0.4583333333333333,0.5,0.531838535452882,0.008102808827310286,0.4530525071471151,0.007006148572693768,70.04894806610324
994,198.9326217478319,3.3333333333333335,0.2,0.4583333333333333,0.5,0.5318620214573866,0.008100404354281282,0.45303465273892624,0.00700292144940694,70.04894806610324
995,199.1327551701134,3.3333333333333335,0.2,0.4583333333333333,0.5,0.5318853680815423,0.008098012720917066,0.45301690595096844,0.006999713246573267,70.04894806610324
996,199.3328885923949,3.3333333333333335,0.2,0.4583333333333333,0.5,0.5319085762888491,0.008095633853280847,0.45299926602714635,0.006996523830724802,70.04894806610324
997,199.53302201467645,3.3333333333333335,0.2,0.4583333333333333,0.5,0.5319316470351456,0.00809326767808515,0.4529817322176291,0.006993353069141242,70.04894806610324
998,199.73315543695796,3.3333333333333335,0.2,0.4583333333333333,0.5,0.5319545812687775,0.008090914122685101,0.4529643037787191,0.006990200829819442,70.04894806610324
999,199.9332888592395,3.3333333333333335,0.2,0.4583333333333333,0.5,0.5319773799307668,0.008088573115071716,0.45294697997271977,0.006987066981442914,70.04894806610324
1000,200.133422281521,3.3333333333333335,0.2,0.4583333333333333,0.5,0.5320000439549804,0.008086244583865176,0.4529297600678043,0.006983951393351346,70.04894806610324
1001,200.33355570380252,3.3333333333333335,0.2,0.4583333333333333,0.5,0.5320225742682992,0.008083928458308116,0.4529126433378837,0.0069808539355100995,70.04894806610324
1002,200.53368912608406,3.3333333333333335,0.2,0.4583333333333333,0.5,0.532044971790787,0.008081624668258902,0.45289562906247555,0.006977774478479725,70.04894806610324
1003,200.73382254836557,3.3333333333333335,0.2,0.4583333333333333,0.5,0.532067237435859,0.008079333144184924,0.45287871652657175,0.006974712893385472,70.04894806610324
1004,200.93395597064708,3.3333333333333335,0.2,0.4583333333333333,0.5,0.5320893721104513,0.008077053817155871,0.45286190502050727,0.006971669051886788,70.04894806610324
1005,201.13408939292862,3.3333333333333335,0.2,0.4583333333333333,0.5,0.5321113767151889,0.008074786618837017,0.4528451938398284,0.006968642826146837,70.04894806610324
1006,201.33422281521013,3.3333333333333335,0.2,0.4583333333333333,0.5,0.5321332521445558,0.008072531481482502,0.452828582285161,0.006965634088802003,70.04894806610324
1007,201.53435623749166,3.3333333333333335,0.2,0.4583333333333333,0.5,0.5321549992870624,0.008070288337928623,0.45281206966207876,0.0069626427129313995,70.04894806610324
1008,201.73448965977317,3.3333333333333335,0.2,0.4583333333333333,0.5,0.5321766190254159,0.008068057121587105,0.4527956552809719,0.0069596685720263755,70.04894806610324
1009,201.93462308205469,3.3333333333333335,0.2,0.4583333333333333,0.5,0.5321981122366879,0.008065837766438396,0.4527793384569149,0.006956711539960029,70.04894806610324
1010,202.13475650433622,3.3333333333333335,0.2,0.4583333333333333,0.5,0.5322194797924841,0.008063630207024943,0.45276311850953554,0.006953771490956709,70.04894806610324
1011,202.33488992661773,3.3333333333333335,0.2,0.4583333333333333,0.5,0.5322407225591127,0.008061434378444478,0.4527469947628826,0.006950848299561531,70.04894806610324
1012,202.53502334889924,3.3333333333333335,0.2,0.4583333333333333,0.5,0.5322618413977536,0.0080592502163433,0.4527309665452945,0.006947941840609879,70.04894806610324
1013,202.73515677118078,3.3333333333333335,0.2,0.4583333333333333,0.5,0.5322828371646271,0.008057077656909557,0.45271503318926765,0.006945051989196915,70.04894806610324
1014,202.9352901934623,3.3333333333333335,0.2,0.4583333333333333,0.5,0.5323037107111629,0.008054916636866537,0.4526991940313247,0.006942178620647095,70.04894806610324
1015,203.13542361574383,3.3333333333333335,0.2,0.4583333333333333,0.5,0.5323244628841688,0.00805276709346594,0.45268344841188285,0.0069393216104836645,70.04894806610324
1016,203.33555703802534,3.3333333333333335,0.2,0.4583333333333333,0.5,0.5323450945607953,0.00805062894768527,0.4526677956324943,0.006936480859026285,70.04894806610324
1017,203.53569046030685,3.3333333333333335,0.2,0.4583333333333333,0.5,0.5323656066854078,0.008048502086504473,0.4526522349107502,0.00693365631733874,70.04894806610324
1018,203.7358238825884,3.3333333333333335,0.2,0.4583333333333333,0.5,0.5323860001715225,0.008046386410316258,0.4526367655004924,0.00693084791767006,70.04894806610324
1019,203.9359573048699,3.3333333333333335,0.2,0.4583333333333333,0.5,0.53240627594565,0.008044281811837486,0.45262138663817686,0.0069280556043367645,70.04894806610324
1020,204.1360907271514,3.3333333333333335,0.2,0.4583333333333333,0.5,0.5324264349508199,0.008042188174483,0.45260609753863124,0.006925279336066997,70.04894806610324
1021,204.33622414943295,3.3333333333333335,0.2,0.4583333333333333,0.5,0.5324464781484801,0.008040105371523165,0.45259089739280234,0.006922519087195488,70.04894806610324
1022,204.53635757171446,3.3333333333333335,0.2,0.4583333333333333,0.5,0.5324664063442878,0.008038033327871242,0.4525757855588353,0.006919774769006807,70.04894806610324
1023,204.736490993996,3.3333333333333335,0.2,0.4583333333333333,0.5,0.5324862200807083,0.008035972058111464,0.4525607616798102,0.006917046181371178,70.04894806610324
1024,204.9366244162775,3.3333333333333335,0.2,0.4583333333333333,0.5,0.5325059200371016,0.008033921524050225,0.45254582524436465,0.006914333194484639,70.04894806610324
1025,205.13675783855902,3.3333333333333335,0.2,0.4583333333333333,0.5,0.5325255068408387,0.008031881701721767,0.4525309757938817,0.006911635663559022,70.04894806610324
1026,205.33689126084056,3.3333333333333335,0.2,0.4583333333333333,0.5,0.5325449810580409,0.00802985258451482,0.4525162129324889,0.006908953424956398,70.04894806610324
1027,205.53702468312207,3.3333333333333335,0.2,0.4583333333333333,0.5,0.5325643431879107,0.008027834185022367,0.45250153633311646,0.006906286293951533,70.04894806610324
1028,205.7371581054036,3.3333333333333335,0.2,0.4583333333333333,0.5,0.5325835939321659,0.008025826454039913,0.45248694545639107,0.006903634157404076,70.04894806610324
1029,205.93729152768512,3.3333333333333335,0.2,0.4583333333333333,0.5,0.5326027342589437,0.008023829261462513,0.45247243948407156,0.006900996995523236,70.04894806610324
1030,206.13742494996663,3.3333333333333335,0.2,0.4583333333333333,0.5,0.5326217649101858,0.008021842544783804,0.4524580178333939,0.006898374711637496,70.04894806610324
1031,206.33755837224817,3.3333333333333335,0.2,0.4583333333333333,0.5,0.5326406866481929,0.00801986623498535,0.45244367989984996,0.00689576721697282,70.04894806610324
1032,206.53769179452968,3.3333333333333335,0.2,0.4583333333333333,0.5,0.5326595002619546,0.008017900254772345,0.45242942505071876,0.006893174432555146,70.04894806610324
1033,206.7378252168112,3.3333333333333335,0.2,0.4583333333333333,0.5,0.5326782065717848,0.008015944517320028,0.4524152526203683,0.006890596290527851,70.04894806610324
1034,206.93795863909273,3.3333333333333335,0.2,0.4583333333333333,0.5,0.5326968062992937,0.008013998962017727,0.45240116204263936,0.006888032696050056,70.04894806610324
1035,207.13809206137424,3.3333333333333335,0.2,0.4583333333333333,0.5,0.5327153000803866,0.008012063550917709,0.4523871528376345,0.006885483531062049,70.04894806610324
1036,207.33822548365578,3.3333333333333335,0.2,0.4583333333333333,0.5,0.5327336886500013,0.008010138217998598,0.4523732244236766,0.006882948708324388,70.04894806610324
1037,207.5383589059373,3.3333333333333335,0.2,0.4583333333333333,0.5,0.5327519727447636,0.008008222895930216,0.45235937621642386,0.0068804281428831385,70.04894806610324
1038,207.7384923282188,3.3333333333333335,0.2,0.4583333333333333,0.5,0.5327701531031309,0.00800631751605406,0.4523456076287433,0.0068779217520724915,70.04894806610324
1039,207.93862575050034,3.3333333333333335,0.2,0.4583333333333333,0.5,0.5327882304655284,0.008004422008362563,0.4523319180705886,0.006875429455521207,70.04894806610324
1040,208.13875917278185,3.3333333333333335,0.2,0.4583333333333333,0.5,0.5328062054932244,0.008002536320445912,0.4523183070283987,0.006872951157931644,70.04894806610324
1041,208.33889259506336,3.3333333333333335,0.2,0.4583333333333333,0.5,0.5328240787951753,0.008000660411237462,0.45230477403883973,0.006870486754748137,70.04894806610324
1042,208.5390260173449,3.3333333333333335,0.2,0.4583333333333333,0.5,0.5328418510067936,0.007998794232639255,0.4522913186117345,0.0068680361488333876,70.04894806610324
1043,208.7391594396264,3.3333333333333335,0.2,0.4583333333333333,0.5,0.5328595227403564,0.007996937741108613,0.4522779402786033,0.006865599239932467,70.04894806610324
1044,208.93929286190794,3.3333333333333335,0.2,0.4583333333333333,0.5,0.5328770945828372,0.007995090898175511,0.4522646385947976,0.006863175924190512,70.04894806610324
1045,209.13942628418945,3.3333333333333335,0.2,0.4583333333333333,0.5,0.5328945671922451,0.007993253648380492,0.45225141304562955,0.006860766113745511,70.04894806610324
1046,209.33955970647096,3.3333333333333335,0.2,0.4583333333333333,0.5,0.5329119409910342,0.007991425988788442,0.4522382633444181,0.006858369675759973,70.04894806610324
1047,209.5396931287525,3.3333333333333335,0.2,0.4583333333333333,0.5,0.5329292168839144,0.007989607804916731,0.4522251887333803,0.006855986577789322,70.04894806610324
1048,209.739826551034,3.3333333333333335,0.2,0.4583333333333333,0.5,0.5329463955042957,0.007987799043973703,0.45221218871853597,0.0068536167331953455,70.04894806610324
1049,209.93995997331552,3.3333333333333335,0.2,0.4583333333333333,0.5,0.5329634774986427,0.007985999649327198,0.4521992627922337,0.006851260059797156,70.04894806610324
1050,210.14009339559706,3.3333333333333335,0.2,0.4583333333333333,0.5,0.5329804635264742,0.007984209560504555,0.45218641043315083,0.006848916479871195,70.04894806610324
1051,210.34022681787857,3.3333333333333335,0.2,0.4583333333333333,0.5,0.5329973542591047,0.00798242871348776,0.4521736311075267,0.006846585919881701,70.04894806610324
1052,210.5403602401601,3.3333333333333335,0.2,0.4583333333333333,0.5,0.5330141502920032,0.007980657061266046,0.45216092435502026,0.006844268291711259,70.04894806610324
1053,210.74049366244162,3.3333333333333335,0.2,0.4583333333333333,0.5,0.5330308522089419,0.007978894558792552,0.4521482897258674,0.006841963506398981,70.04894806610324
1054,210.94062708472313,3.3333333333333335,0.2,0.4583333333333333,0.5,0.5330474606267996,0.007977141152477364,0.45213572673698793,0.0068396714837358555,70.04894806610324
1055,211.14076050700467,3.3333333333333335,0.2,0.4583333333333333,0.5,0.5330639761608982,0.007975396788316729,0.45212323490594514,0.006837392144840846,70.04894806610324
1056,211.34089392928618,3.3333333333333335,0.2,0.4583333333333333,0.5,0.5330803994231907,0.007973661412319442,0.45211081375272494,0.006835125411765728,70.04894806610324
1057,211.5410273515677,3.3333333333333335,0.2,0.4583333333333333,0.5,0.5330967309903117,0.007971934978033867,0.4520984628311358,0.006832871200519474,70.04894806610324
1058,211.74116077384923,3.3333333333333335,0.2,0.4583333333333333,0.5,0.53311297143779,0.007970217438487913,0.45208618169518505,0.006830629428537829,70.04894806610324
1059,211.94129419613074,3.3333333333333335,0.2,0.4583333333333333,0.5,0.5331291213427158,0.007968508745560906,0.45207396989645865,0.006828400015265425,70.04894806610324
1060,212.14142761841228,3.3333333333333335,0.2,0.4583333333333333,0.5,0.5331451812758068,0.007966808851852589,0.45206182699191777,0.006826182880423698,70.04894806610324
1061,212.3415610406938,3.3333333333333335,0.2,0.4583333333333333,0.5,0.5331611518041536,0.007965117710078271,0.4520497525412409,0.006823977944528061,70.04894806610324
1062,212.5416944629753,3.3333333333333335,0.2,0.4583333333333333,0.5,0.5331770335113689,0.007963435268630675,0.4520377460873185,0.006821785132682713,70.04894806610324
1063,212.74182788525684,3.3333333333333335,0.2,0.4583333333333333,0.5,0.5331928269701814,0.007961761477616706,0.4520258071827838,0.006819604369418938,70.04894806610324
1064,212.94196130753835,3.3333333333333335,0.2,0.4583333333333333,0.5,0.5332085327468388,0.00796009628788748,0.4520139353857501,0.006817435579524486,70.04894806610324
1065,213.14209472981986,3.3333333333333335,0.2,0.4583333333333333,0.5,0.5332241514043075,0.007958439650333656,0.4520021302567136,0.00681527868864608,70.04894806610324
1066,213.3422281521014,3.3333333333333335,0.2,0.4583333333333333,0.5,0.5332396835006081,0.007956791516326464,0.45199039136023933,0.006813133622826932,70.04894806610324
1067,213.5423615743829,3.3333333333333335,0.2,0.4583333333333333,0.5,0.5332551295831717,0.007955151839213574,0.4519787182706776,0.0068110003069380256,70.04894806610324
1068,213.74249499666445,3.3333333333333335,0.2,0.4583333333333333,0.5,0.5332704901985305,0.007953520571750616,0.45196711056234806,0.006808878667371661,70.04894806610324
1069,213.94262841894596,3.3333333333333335,0.2,0.4583333333333333,0.5,0.533285765889479,0.007951897666853731,0.45195556781241586,0.006806768631252263,70.04894806610324
1070,214.14276184122747,3.3333333333333335,0.2,0.4583333333333333,0.5,0.533300957194517,0.007950283077747094,0.45194408960145505,0.006804670126281671,70.04894806610324
1071,214.342895263509,3.3333333333333335,0.2,0.4583333333333333,0.5,0.5333160646976106,0.007948676754095716,0.45193267547363936,0.0068025830746551086,70.04894806610324
1072,214.54302868579052,3.3333333333333335,0.2,0.4583333333333333,0.5,0.53333108879537,0.007947078660638894,0.4519213251235622,0.006800507420429628,70.04894806610324
1073,214.74316210807203,3.3333333333333335,0.2,0.4583333333333333,0.5,0.533346030117547,0.007945488743457078,0.4519100380587407,0.00679844308025595,70.04894806610324
1074,214.94329553035357,3.3333333333333335,0.2,0.4583333333333333,0.5,0.533360889174265,0.007943906958134175,0.45189881388261033,0.006796389984991168,70.04894806610324
1075,215.14342895263508,3.3333333333333335,0.2,0.4583333333333333,0.5,0.5333756664756474,0.007942333260254099,0.4518876521986068,0.006794348065492376,70.04894806610324
1076,215.34356237491662,3.3333333333333335,0.2,0.4583333333333333,0.5,0.5333903625298091,0.007940767605345147,0.4518765526114959,0.006792317253350713,70.04894806610324
1077,215.54369579719813,3.3333333333333335,0.2,0.4583333333333333,0.5,0.5334049778431401,0.007939209948887879,0.4518655147271853,0.0067902974807875485,70.04894806610324
1078,215.74382921947964,3.3333333333333335,0.2,0.4583333333333333,0.5,0.5334195129241267,0.007937660246420876,0.4518545381501949,0.00678828867925831,70.04894806610324
1079,215.94396264176117,3.3333333333333335,0.2,0.4583333333333333,0.5,0.5334339682812692,0.007936118453483108,0.4518436224850352,0.006786290780213301,70.04894806610324
1080,216.14409606404269,3.3333333333333335,0.2,0.4583333333333333,0.5,0.5334483444230677,0.007934584525613547,0.45183276733621675,0.006784303715102822,70.04894806610324
1081,216.3442294863242,3.3333333333333335,0.2,0.4583333333333333,0.5,0.533462641847975,0.007933058419075592,0.4518219723161925,0.0067823274167577935,70.04894806610324
1082,216.54436290860573,3.3333333333333335,0.2,0.4583333333333333,0.5,0.5334768610241167,0.007931540092319273,0.4518112370613884,0.006780361822176388,70.04894806610324
1083,216.74449633088724,3.3333333333333335,0.2,0.4583333333333333,0.5,0.5334910024417037,0.007930029502202262,0.4518005611907728,0.006778406865322086,70.04894806610324
1084,216.94462975316878,3.3333333333333335,0.2,0.4583333333333333,0.5,0.5335050665932235,0.007928526605418056,0.4517899443215138,0.006776462479845475,70.04894806610324
1085,217.1447631754503,3.3333333333333335,0.2,0.4583333333333333,0.5,0.5335190539711638,0.007927031358660148,0.4517793860707798,0.006774528599397137,70.04894806610324
1086,217.3448965977318,3.3333333333333335,0.2,0.4583333333333333,0.5,0.5335329650636286,0.007925543718949185,0.4517688860592146,0.006772605158208424,70.04894806610324
1087,217.54503002001334,3.3333333333333335,0.2,0.4583333333333333,0.5,0.5335468003179513,0.007924063646348498,0.45175844393978903,0.006770692095912047,70.04894806610324
1088,217.74516344229485,3.3333333333333335,0.2,0.4583333333333333,0.5,0.5335605601996022,0.007922591099567862,0.4517480593510929,0.006768789349737891,70.04894806610324
1089,217.94529686457636,3.3333333333333335,0.2,0.4583333333333333,0.5,0.5335742451821025,0.007921126036716223,0.45173773192533284,0.00676689685584925,70.04894806610324
1090,218.1454302868579,3.3333333333333335,0.2,0.4583333333333333,0.5,0.5335878557389736,0.007919668415902527,0.45172746129471525,0.006765014550409417,70.04894806610324
1091,218.3455637091394,3.3333333333333335,0.2,0.4583333333333333,0.5,0.5336013923431623,0.007918218195278747,0.4517172470919016,0.0067631423696582595,70.04894806610324
1092,218.54569713142095,3.3333333333333335,0.2,0.4583333333333333,0.5,0.5336148554337363,0.007916775335534788,0.45170708897637746,0.006761280254352349,70.04894806610324
1093,218.74583055370246,3.3333333333333335,0.2,0.4583333333333333,0.5,0.5336282454510602,0.007915339797263412,0.4516969866066019,0.006759428145075366,70.04894806610324
1094,218.94596397598397,3.3333333333333335,0.2,0.4583333333333333,0.5,0.5336415628506246,0.007913911539924262,0.45168693962905765,0.006757585980394416,70.04894806610324
1095,219.1460973982655,3.3333333333333335,0.2,0.4583333333333333,0.5,0.5336548080879201,0.007912490522976984,0.4516769476902272,0.006755753698876601,70.04894806610324
1096,219.34623082054702,3.3333333333333335,0.2,0.4583333333333333,0.5,0.5336679816184373,0.007911076705881226,0.45166701043659335,0.006753931239089028,70.04894806610324
1097,219.54636424282853,3.3333333333333335,0.2,0.4583333333333333,0.5,0.5336810838403518,0.00790967005252745,0.451657127559992,0.006752118547129727,70.04894806610324
1098,219.74649766511007,3.3333333333333335,0.2,0.4583333333333333,0.5,0.5336941151145268,0.007908270529690575,0.4516472987817843,0.006750315573999359,70.04894806610324
1099,219.94663108739158,3.3333333333333335,0.2,0.4583333333333333,0.5,0.5337070758775264,0.007906878098293386,0.45163752376342936,0.0067485222607518765,70.04894806610324
1100,220.14676450967312,3.3333333333333335,0.2,0.4583333333333333,0.5,0.5337199665666003,0.007905492719205673,0.4516278021658439,0.006746738548351166,70.04894806610324
1101,220.34689793195463,3.3333333333333335,0.2,0.4583333333333333,0.5,0.5337327876189978,0.00790411435329723,0.45161813364994485,0.006744964377761117,70.04894806610324
1102,220.54703135423614,3.3333333333333335,0.2,0.4583333333333333,0.5,0.5337455394719688,0.007902742961437849,0.4516085178766488,0.006743199689945616,70.04894806610324
1103,220.74716477651768,3.3333333333333335,0.2,0.4583333333333333,0.5,0.5337582225627626,0.007901378504497321,0.45159895450687254,0.006741444425868554,70.04894806610324
1104,220.9472981987992,3.3333333333333335,0.2,0.4583333333333333,0.5,0.533770837328629,0.00790002094334544,0.4515894432015328,0.006739698526493818,70.04894806610324
1105,221.1474316210807,3.3333333333333335,0.2,0.4583333333333333,0.5,0.5337833842068173,0.007898670238851999,0.4515799836215465,0.006737961932785296,70.04894806610324
1106,221.34756504336224,3.3333333333333335,0.2,0.4583333333333333,0.5,0.5337958636345771,0.007897326351886788,0.4515705754278302,0.006736234585706876,70.04894806610324
1107,221.54769846564375,3.3333333333333335,0.2,0.4583333333333333,0.5,0.5338082760491581,0.007895989243319601,0.4515612182813008,0.006734516426222448,70.04894806610324
1108,221.7478318879253,3.3333333333333335,0.2,0.4583333333333333,0.5,0.5338206218878099,0.007894658874020232,0.45155191184287496,0.0067328073952959,70.04894806610324
1109,221.9479653102068,3.3333333333333335,0.2,0.4583333333333333,0.5,0.533832901587782,0.007893335204858472,0.45154265577346947,0.006731107433891118,70.04894806610324
1110,222.1480987324883,3.3333333333333335,0.2,0.4583333333333333,0.5,0.5338451155863237,0.007892018196704112,0.4515334497340011,0.006729416482971994,70.04894806610324
1111,222.34823215476985,3.3333333333333335,0.2,0.4583333333333333,0.5,0.5338572643206849,0.007890707810426946,0.4515242933853867,0.006727734483502413,70.04894806610324
1112,222.54836557705136,3.3333333333333335,0.2,0.4583333333333333,0.5,0.5338693480707812,0.007889404018853682,0.4515151865128551,0.006726061397510913,70.04894806610324
1113,222.74849899933287,3.3333333333333335,0.2,0.4583333333333333,0.5,0.5338813670647343,0.007888106798747234,0.4515061289425589,0.006724397193960488,70.04894806610324
1114,222.9486324216144,3.3333333333333335,0.2,0.4583333333333333,0.5,0.5338933216960936,0.007886816114298468,0.45149712036994305,0.006722741819665803,70.04894806610324
1115,223.14876584389592,3.3333333333333335,0.2,0.4583333333333333,0.5,0.5339052123586209,0.007885531929682126,0.4514881604902848,0.006721095221413119,70.04894806610324
1116,223.34889926617745,3.3333333333333335,0.2,0.4583333333333333,0.5,0.5339170394460779,0.00788425420907295,0.4514792489988613,0.006719457345988694,70.04894806610324
1117,223.54903268845896,3.3333333333333335,0.2,0.4583333333333333,0.5,0.5339288033522264,0.007882982916645687,0.45147038559095004,0.006717828140178791,70.04894806610324
1118,223.74916611074048,3.3333333333333335,0.2,0.4583333333333333,0.5,0.533940504470828,0.007881718016575077,0.4514615699618282,0.006716207550769671,70.04894806610324
1119,223.949299533022,3.3333333333333335,0.2,0.4583333333333333,0.5,0.5339521431956443,0.007880459473035863,0.45145280180677305,0.006714595524547593,70.04894806610324
1120,224.14943295530352,3.3333333333333335,0.2,0.4583333333333333,0.5,0.5339637199204373,0.00787920725020279,0.45144408082106185,0.00671299200829882,70.04894806610324
1121,224.34956637758503,3.3333333333333335,0.2,0.4583333333333333,0.5,0.5339752350389686,0.0078779613122506,0.45143540669997195,0.006711396948809611,70.04894806610324
1122,224.54969979986657,3.3333333333333335,0.2,0.4583333333333333,0.5,0.5339866889449999,0.007876721623354035,0.45142677913878065,0.006709810292866228,70.04894806610324
1123,224.74983322214808,3.3333333333333335,0.2,0.4583333333333333,0.5,0.5339980820322929,0.00787548814768784,0.45141819783276516,0.006708231987254931,70.04894806610324
1124,224.94996664442962,3.3333333333333335,0.2,0.4583333333333333,0.5,0.5340094146946093,0.007874260849426756,0.45140966247720277,0.00670666197876198,70.04894806610324
1125,225.15010006671113,3.3333333333333335,0.2,0.4583333333333333,0.5,0.5340206873257108,0.00787303969274553,0.4514011727673708,0.006705100214173638,70.04894806610324
1126,225.35023348899264,3.3333333333333335,0.2,0.4583333333333333,0.5,0.5340319003192419,0.007871824641827943,0.45139272839863886,0.006703546640292004,70.04894806610324
1127,225.55036691127418,3.3333333333333335,0.2,0.4583333333333333,0.5,0.5340430539064773,0.007870615673384236,0.45138432919428173,0.006702001225857411,70.04894806610324
1128,225.7505003335557,3.3333333333333335,0.2,0.4583333333333333,0.5,0.5340541483086864,0.007869412764896529,0.45137597498545573,0.006700463940962034,70.04894806610324
1129,225.9506337558372,3.3333333333333335,0.2,0.4583333333333333,0.5,0.5340651838801892,0.007868215883582393,0.4513676654985079,0.006698934737721203,70.04894806610324
1130,226.15076717811874,3.3333333333333335,0.2,0.4583333333333333,0.5,0.5340761609753059,0.007867024996659398,0.45135940045978523,0.006697413568250246,70.04894806610324
1131,226.35090060040025,3.3333333333333335,0.2,0.4583333333333333,0.5,0.5340870799483564,0.00786584007134512,0.45135117959563475,0.006695900384664493,70.04894806610324
1132,226.5510340226818,3.3333333333333335,0.2,0.4583333333333333,0.5,0.5340979411536608,0.007864661074857131,0.45134300263240346,0.006694395139079275,70.04894806610324
1133,226.7511674449633,3.3333333333333335,0.2,0.4583333333333333,0.5,0.5341087449455393,0.007863487974413002,0.4513348692964385,0.006692897783609919,70.04894806610324
1134,226.9513008672448,3.3333333333333335,0.2,0.4583333333333333,0.5,0.5341194916783119,0.007862320737230309,0.45132677931408677,0.0066914082703717565,70.04894806610324
1135,227.15143428952635,3.3333333333333335,0.2,0.4583333333333333,0.5,0.5341301817062986,0.007861159330526623,0.45131873241169534,0.0066899265514801165,70.04894806610324
1136,227.35156771180786,3.3333333333333335,0.2,0.4583333333333333,0.5,0.5341408153838196,0.007860003721519517,0.45131072831561125,0.006688452579050328,70.04894806610324
1137,227.55170113408937,3.3333333333333335,0.2,0.4583333333333333,0.5,0.5341513930651949,0.007858853877426563,0.4513027667521815,0.006686986305197721,70.04894806610324
1138,227.7518345563709,3.3333333333333335,0.2,0.4583333333333333,0.5,0.5341619151047445,0.007857709765465333,0.45129484744775317,0.006685527682037625,70.04894806610324
1139,227.95196797865242,3.3333333333333335,0.2,0.4583333333333333,0.5,0.5341723818567886,0.0078565713528534,0.45128697012867325,0.00668407666168537,70.04894806610324
1140,228.15210140093396,3.3333333333333335,0.2,0.4583333333333333,0.5,0.5341827936756474,0.007855438606808339,0.4512791345212887,0.006682633196256285,70.04894806610324
1141,228.35223482321547,3.3333333333333335,0.2,0.4583333333333333,0.5,0.5341931461795953,0.00785431188012041,0.4512713440828072,0.006681197857477696,70.04894806610324
1142,228.55236824549698,3.3333333333333335,0.2,0.4583333333333333,0.5,0.5342034501854557,0.007853190288229984,0.45126359029764873,0.006679769228666294,70.04894806610324
1143,228.75250166777852,3.3333333333333335,0.2,0.4583333333333333,0.5,0.5342136997972503,0.007852074307206231,0.4512558778158865,0.006678348079657546,70.04894806610324
1144,228.95263509006003,3.3333333333333335,0.2,0.4583333333333333,0.5,0.5342238953655711,0.007850963904570265,0.4512482063668046,0.006676934363054571,70.04894806610324
1145,229.15276851234154,3.3333333333333335,0.2,0.4583333333333333,0.5,0.5342340372386685,0.007849859048033796,0.45124057568153153,0.006675528031766776,70.04894806610324
1146,229.35290193462308,3.3333333333333335,0.2,0.4583333333333333,0.5,0.5342441257624517,0.007848759705499137,0.45123298549303986,0.006674129039009859,70.04894806610324
1147,229.5530353569046,3.3333333333333335,0.2,0.4583333333333333,0.5,0.534254161280489,0.007847665845059196,0.4512254355361466,0.006672737338305809,70.04894806610324
1148,229.75316877918613,3.3333333333333335,0.2,0.4583333333333333,0.5,0.5342641441340075,0.007846577434997483,0.4512179255475128,0.006671352883482905,70.04894806610324
1149,229.95330220146764,3.3333333333333335,0.2,0.4583333333333333,0.5,0.5342740746618928,0.007845494443788103,0.45121045526564396,0.0066699756286757155,70.04894806610324
1150,230.15343562374915,3.3333333333333335,0.2,0.4583333333333333,0.5,0.5342839532006899,0.007844416840095764,0.45120302443088983,0.006668605528325102,70.04894806610324
1151,230.35356904603069,3.3333333333333335,0.2,0.4583333333333333,0.5,0.5342937800846023,0.007843344592775768,0.4511956327854444,0.006667242537178213,70.04894806610324
1152,230.5537024683122,3.3333333333333335,0.2,0.4583333333333333,0.5,0.5343035556454923,0.007842277670874021,0.45118828007334577,0.006665886610288492,70.04894806610324
1153,230.75383589059373,3.3333333333333335,0.2,0.4583333333333333,0.5,0.5343132802128814,0.007841216043627024,0.4511809660404766,0.006664537703015668,70.04894806610324
1154,230.95396931287524,3.3333333333333335,0.2,0.4583333333333333,0.5,0.5343229541139495,0.007840159680461877,0.4511736904345635,0.006663195771025765,70.04894806610324
1155,231.15410273515675,3.3333333333333335,0.2,0.4583333333333333,0.5,0.5343325776735356,0.00783910855099628,0.4511664530051776,0.006661860770291095,70.04894806610324
1156,231.3542361574383,3.3333333333333335,0.2,0.4583333333333333,0.5,0.5343421512121106,0.007838062625208244,0.45115925350532576,0.006660532657356011,70.04894806610324
1157,231.5543695797198,3.3333333333333335,0.2,0.4583333333333333,0.5,0.5343516749411298,0.007837021882197415,0.4511520917736172,0.006659211403056181,70.04894806610324
1158,231.75450300200131,3.3333333333333335,0.2,0.4583333333333333,0.5,0.5343611491013421,0.007835986298605511,0.4511449676256667,0.006657896974386265,70.04894806610324
1159,231.95463642428285,3.3333333333333335,0.2,0.4583333333333333,0.5,0.5343705739864063,0.007834955846639086,0.45113788083555145,0.006656589331403769,70.04894806610324
1160,232.15476984656436,3.3333333333333335,0.2,0.4583333333333333,0.5,0.5343799498867909,0.007833930498766368,0.45113083117985947,0.006655288434583789,70.04894806610324
1161,232.3549032688459,3.3333333333333335,0.2,0.4583333333333333,0.5,0.5343892770897747,0.007832910227717257,0.4511238184376896,0.006653994244819007,70.04894806610324
1162,232.5550366911274,3.3333333333333335,0.2,0.4583333333333333,0.5,0.5343985558794461,0.007831895006483331,0.4511168423906515,0.006652706723419697,70.04894806610324
1163,232.75517011340892,3.3333333333333335,0.2,0.4583333333333333,0.5,0.5344077865367033,0.007830884808317846,0.45110990282286567,0.006651425832113721,70.04894806610324
1164,232.95530353569046,3.3333333333333335,0.2,0.4583333333333333,0.5,0.5344169693392548,0.007829879606735727,0.45110299952096355,0.006650151533046525,70.04894806610324
1165,233.15543695797197,3.3333333333333335,0.2,0.4583333333333333,0.5,0.5344261045616185,0.007828879375513579,0.45109613227408735,0.00664888378878115,70.04894806610324
1166,233.35557038025348,3.3333333333333335,0.2,0.4583333333333333,0.5,0.5344351924751227,0.00782788408868968,0.45108930087389004,0.0066476225622982225,70.04894806610324
1167,233.55570380253502,3.3333333333333335,0.2,0.4583333333333333,0.5,0.5344442333479051,0.007826893720563985,0.4510825051145355,0.006646367816995957,70.04894806610324
1168,233.75583722481653,3.3333333333333335,0.2,0.4583333333333333,0.5,0.5344532274449137,0.007825908245698123,0.4510757447926986,0.006645119516690157,70.04894806610324
1169,233.95597064709807,3.3333333333333335,0.2,0.4583333333333333,0.5,0.5344621750279063,0.007824927638915399,0.45106901970756474,0.006643877625614216,70.04894806610324
1170,234.15610406937958,3.3333333333333335,0.2,0.4583333333333333,0.5,0.5344710763554502,0.007823951875300791,0.4510623296608305,0.006642642108419115,70.04894806610324
1171,234.3562374916611,3.3333333333333335,0.2,0.4583333333333333,0.5,0.5344799316829233,0.007822980930200958,0.45105567445670297,0.006641412930173422,70.04894806610324
1172,234.55637091394263,3.3333333333333335,0.2,0.4583333333333333,0.5,0.5344887412625128,0.007822014779224225,0.4510490539019003,0.006640190056363297,70.04894806610324
1173,234.75650433622414,3.3333333333333335,0.2,0.4583333333333333,0.5,0.534497505343216,0.007821053398240603,0.4510424678056515,0.006638973452892485,70.04894806610324
1174,234.95663775850565,3.3333333333333335,0.2,0.4583333333333333,0.5,0.5345062241708403,0.007820096763381771,0.4510359159796963,0.006637763086082323,70.04894806610324
1175,235.1567711807872,3.3333333333333335,0.2,0.4583333333333333,0.5,0.5345148979880026,0.007819144851041083,0.4510293982382852,0.006636558922671734,70.04894806610324
1176,235.3569046030687,3.3333333333333335,0.2,0.4583333333333333,0.5,0.53452352703413,0.007818197637873574,0.4510229143981798,0.006635360929817232,70.04894806610324
1177,235.55703802535024,3.3333333333333335,0.2,0.4583333333333333,0.5,0.5345321115454594,0.007817255100795948,0.4510164642786524,0.006634169075092916,70.04894806610324
1178,235.75717144763175,3.3333333333333335,0.2,0.4583333333333333,0.5,0.5345406517550375,0.00781631721698659,0.451010047701486,0.006632983326490476,70.04894806610324
1179,235.95730486991326,3.3333333333333335,0.2,0.4583333333333333,0.5,0.5345491478927211,0.007815383963885555,0.45100366449097473,0.006631803652419192,70.04894806610324
1180,236.1574382921948,3.3333333333333335,0.2,0.4583333333333333,0.5,0.5345576001865021,0.007814455319082673,0.4509973144728665,0.006630630021549454,70.04894806610324
1181,236.3575717144763,3.3333333333333335,0.2,0.4583333333333333,0.5,0.5345660089820818,0.007813531250220402,0.4509909973790048,0.006629462388693737,70.04894806610324
1182,236.55770513675782,3.3333333333333335,0.2,0.4583333333333333,0.5,0.5345743745971204,0.007812611727301383,0.4509847129635624,0.00662830071201649,70.04894806610324
1183,236.75783855903936,3.3333333333333335,0.2,0.4583333333333333,0.5,0.5345826972744557,0.007811696726638702,0.4509784610403484,0.0066271449585578604,70.04894806610324
1184,236.95797198132087,3.3333333333333335,0.2,0.4583333333333333,0.5,0.5345909772547388,0.007810786224722401,0.4509722414248824,0.006625995095657117,70.04894806610324
1185,237.1581054036024,3.3333333333333335,0.2,0.4583333333333333,0.5,0.5345992147764338,0.007809880198219477,0.4509660539343948,0.00662485109095265,70.04894806610324
1186,237.35823882588392,3.3333333333333335,0.2,0.4583333333333333,0.5,0.534607410075818,0.0078089786239738815,0.45095989838782674,0.006623712912381975,70.04894806610324
1187,237.55837224816543,3.3333333333333335,0.2,0.4583333333333333,0.5,0.5346155633869824,0.007808081479006517,0.4509537746058301,0.006622580528181725,70.04894806610324
1188,237.75850567044697,3.3333333333333335,0.2,0.4583333333333333,0.5,0.5346236749418303,0.007807188740515247,0.45094768241076744,0.006621453906887658,70.04894806610324
1189,237.95863909272848,3.3333333333333335,0.2,0.4583333333333333,0.5,0.5346317449700789,0.0078063003858748845,0.45094162162671214,0.006620333017334655,70.04894806610324
1190,238.15877251500999,3.3333333333333335,0.2,0.4583333333333333,0.5,0.5346397736992584,0.0078054163926372,0.4509355920794483,0.006619217828656717,70.04894806610324
1191,238.35890593729152,3.3333333333333335,0.2,0.4583333333333333,0.5,0.5346477613547123,0.007804536738530916,0.45092959359647056,0.006618108310286967,70.04894806610324
1192,238.55903935957303,3.3333333333333335,0.2,0.4583333333333333,0.5,0.5346557081595967,0.007803661401461712,0.4509236260069845,0.006617004431957652,70.04894806610324
1193,238.75917278185457,3.3333333333333335,0.2,0.4583333333333333,0.5,0.5346636143348819,0.0078027903595122225,0.45091768914190644,0.006615906163700141,70.04894806610324
1194,238.95930620413608,3.3333333333333335,0.2,0.4583333333333333,0.5,0.5346714800993504,0.007801923590942034,0.45091178283386324,0.006614813475844922,70.04894806610324
1195,239.1594396264176,3.3333333333333335,0.2,0.4583333333333333,0.5,0.5346793056695985,0.0078010610741876905,0.4509059069171927,0.00661372633902161,70.04894806610324
1196,239.35957304869913,3.3333333333333335,0.2,0.4583333333333333,0.5,0.5346870912600358,0.007800202787862687,0.45090006122794324,0.006612644724158937,70.04894806610324
1197,239.55970647098064,3.3333333333333335,0.2,0.4583333333333333,0.5,0.5346948370828843,0.007799348710757479,0.4508942456038739,0.0066115686024847626,70.04894806610324
1198,239.75983989326215,3.3333333333333335,0.2,0.4583333333333333,0.5,0.5347025433481802,0.00779849882183947,0.4508884598844548,0.006610497945526064,70.04894806610324
1199,239.9599733155437,3.3333333333333335,0.2,0.4583333333333333,0.5,0.5347102102637722,0.007797653100253023,0.4508827039108664,0.006609432725108941,70.04894806610324
1200,240.1601067378252,3.3333333333333335,0.2,0.4583333333333333,0.5,0.5347178380353225,0.007796811525319454,0.45087697752600003,0.006608372913358619,70.04894806610324
1201,240.36024016010674,3.3333333333333335,0.2,0.4583333333333333,0.5,0.5347254268663062,0.007795974076537031,0.4508712805744579,0.006607318482699443,70.04894806610324
1202,240.56037358238825,3.3333333333333335,0.2,0.4583333333333333,0.5,0.5347329769580119,0.007795140733580982,0.4508656129025528,0.00660626940585488,70.04894806610324
1203,240.76050700466976,3.3333333333333335,0.2,0.4583333333333333,0.5,0.5347404885095414,0.007794311476303487,0.45085997435830816,0.006605225655847519,70.04894806610324
1204,240.9606404269513,3.3333333333333335,0.2,0.4583333333333333,0.5,0.5347479617182371,0.007793486284705943,0.45085436479112034,0.0066041872059370375,70.04894806610324
1205,241.1607738492328,3.3333333333333335,0.2,0.4583333333333333,0.5,0.5347553968653721,0.007792665133383191,0.4508487839840516,0.006603154017193624,70.04894806610324
1206,241.36090727151432,3.3333333333333335,0.2,0.4583333333333333,0.5,0.534762794221446,0.007791847997663711,0.45084323172865903,0.006602126052231734,70.04894806610324
1207,241.56104069379586,3.3333333333333335,0.2,0.4583333333333333,0.5,0.534770153996089,0.0077910348568577415,0.4508377078645786,0.0066011032824751115,70.04894806610324
1208,241.76117411607737,3.3333333333333335,0.2,0.4583333333333333,0.5,0.5347774763974967,0.007790225690403685,0.45083221223256253,0.006600085679537501,70.04894806610324
1209,241.9613075383589,3.3333333333333335,0.2,0.4583333333333333,0.5,0.5347847616324306,0.007789420477868115,0.45082674467447903,0.006599073215222649,70.04894806610324
1210,242.16144096064042,3.3333333333333335,0.2,0.4583333333333333,0.5,0.5347920099062177,0.00778861919894577,0.45082130503331264,0.006598065861524303,70.04894806610324
1211,242.36157438292193,3.3333333333333335,0.2,0.4583333333333333,0.5,0.5347992214227506,0.007787821833459558,0.450815893153164,0.00659706359062621,70.04894806610324
1212,242.56170780520347,3.3333333333333335,0.2,0.4583333333333333,0.5,0.5348063963844878,0.007787028361360554,0.45081050887925,0.006596066374902119,70.04894806610324
1213,242.76184122748498,3.3333333333333335,0.2,0.4583333333333333,0.5,0.5348135349924531,0.007786238762728003,0.4508051520579036,0.006595074186915783,70.04894806610324
1214,242.9619746497665,3.3333333333333335,0.2,0.4583333333333333,0.5,0.5348206374462361,0.007785453017769315,0.450799822536574,0.00659408699942095,70.04894806610324
1215,243.16210807204803,3.3333333333333335,0.2,0.4583333333333333,0.5,0.5348277039439924,0.007784671106820069,0.45079452016382665,0.006593104785361376,70.04894806610324
1216,243.36224149432954,3.3333333333333335,0.2,0.4583333333333333,0.5,0.5348347346824425,0.007783893010344013,0.45078924478934307,0.006592127517870813,70.04894806610324
1217,243.56237491661108,3.3333333333333335,0.2,0.4583333333333333,0.5,0.5348417298568733,0.007783118708933062,0.450783996263921,0.006591155170273016,70.04894806610324
1218,243.7625083388926,3.3333333333333335,0.2,0.4583333333333333,0.5,0.534848689661137,0.007782348183307297,0.4507787744394744,0.00659018771608174,70.04894806610324
1219,243.9626417611741,3.3333333333333335,0.2,0.4583333333333333,0.5,0.5348556142876515,0.0077815814143149704,0.45077357916903327,0.006589225129000742,70.04894806610324
1220,244.16277518345564,3.3333333333333335,0.2,0.4583333333333333,0.5,0.5348625039274002,0.007780818382932499,0.45076841030674397,0.006588267382923781,70.04894806610324
1221,244.36290860573715,3.3333333333333335,0.2,0.4583333333333333,0.5,0.5348693587699325,0.00778005907026447,0.4507632677078689,0.006587314451934617,70.04894806610324
1222,244.56304202801866,3.3333333333333335,0.2,0.4583333333333333,0.5,0.534876179003363,0.007779303457543638,0.4507581512287867,0.006586366310307007,70.04894806610324
1223,244.7631754503002,3.3333333333333335,0.2,0.4583333333333333,0.5,0.5348829648143726,0.007778551526130924,0.4507530607269922,0.006585422932504715,70.04894806610324
1224,244.9633088725817,3.3333333333333335,0.2,0.4583333333333333,0.5,0.534889716388207,0.007777803257515419,0.4507479960610964,0.0065844842931815015,70.04894806610324
1225,245.16344229486324,3.3333333333333335,0.2,0.4583333333333333,0.5,0.5348964339086785,0.00777705863331438,0.45074295709082646,0.006583550367181131,70.04894806610324
1226,245.36357571714476,3.3333333333333335,0.2,0.4583333333333333,0.5,0.5349031175581641,0.007776317635273233,0.4507379436770257,0.006582621129537368,70.04894806610324
1227,245.56370913942627,3.3333333333333335,0.2,0.4583333333333333,0.5,0.5349097675176072,0.007775580245265571,0.45073295568165367,0.006581696555473977,70.04894806610324
1228,245.7638425617078,3.3333333333333335,0.2,0.4583333333333333,0.5,0.5349163839665343,0.007774846445292148,0.45072799296777355,0.006580776620400392,70.04894806610324
1229,245.96397598398931,3.3333333333333335,0.2,0.4583333333333333,0.5,0.5349229670978932,0.0077741162166427525,0.45072305538915647,0.006579861296307965,70.04894806610324
1230,246.16410940627082,3.3333333333333335,0.2,0.4583333333333333,0.5,0.5349295171035857,0.0077733895407134075,0.45071814280041755,0.006578950555283743,70.04894806610324
1231,246.36424282855236,3.3333333333333335,0.2,0.4583333333333333,0.5,0.534936034162352,0.007772666399690717,0.45071325506550464,0.006578044372452989,70.04894806610324
1232,246.56437625083387,3.3333333333333335,0.2,0.4583333333333333,0.5,0.5349425184516367,0.007771946775881645,0.4507083920493846,0.00657714272309741,70.04894806610324
1233,246.7645096731154,3.3333333333333335,0.2,0.4583333333333333,0.5,0.5349489701475877,0.007771230651713516,0.45070355361804404,0.006576245582655142,70.04894806610324
1234,246.96464309539692,3.3333333333333335,0.2,0.4583333333333333,0.5,0.534955389425057,0.00777051800973402,0.4506987396384886,0.006575352926720759,70.04894806610324
1235,247.16477651767843,3.3333333333333335,0.2,0.4583333333333333,0.5,0.5349617764576005,0.007769808832611203,0.4506939499787434,0.00657446473104527,70.04894806610324
1236,247.36490993995997,3.3333333333333335,0.2,0.4583333333333333,0.5,0.5349681314174779,0.007769103103133475,0.45068918450785295,0.006573580971536119,70.04894806610324
1237,247.56504336224148,3.3333333333333335,0.2,0.4583333333333333,0.5,0.5349744544756526,0.00776840080420961,0.45068444309588096,0.006572701624257186,70.04894806610324
1238,247.765176784523,3.3333333333333335,0.2,0.4583333333333333,0.5,0.5349807458017922,0.00776770191886874,0.4506797256139107,0.006571826665428784,70.04894806610324
1239,247.96531020680453,3.3333333333333335,0.2,0.4583333333333333,0.5,0.5349870055642678,0.0077670064302603585,0.45067503193404457,0.006570956071427665,70.04894806610324
1240,248.16544362908604,3.3333333333333335,0.2,0.4583333333333333,0.5,0.5349932339301546,0.007766314321654322,0.45067036192940446,0.006570089818787013,70.04894806610324
1241,248.36557705136758,3.3333333333333335,0.2,0.4583333333333333,0.5,0.5349994310652314,0.007765625576440849,0.45066571547413165,0.00656922788419645,70.04894806610324
1242,248.5657104736491,3.3333333333333335,0.2,0.4583333333333333,0.5,0.5350055971339812,0.007764940178130518,0.45066109244338665,0.00656837024450203,70.04894806610324
1243,248.7658438959306,3.3333333333333335,0.2,0.4583333333333333,0.5,0.5350117322995905,0.007764258110354268,0.4506564927133494,0.006567516876706245,70.04894806610324
1244,248.96597731821214,3.3333333333333335,0.2,0.4583333333333333,0.5,0.5350178367239499,0.007763579356863402,0.45065191616121913,0.006566667757968022,70.04894806610324
1245,249.16611074049365,3.3333333333333335,0.2,0.4583333333333333,0.5,0.5350239105676536,0.007762903901529584,0.4506473626652145,0.006565822865602722,70.04894806610324
1246,249.36624416277516,3.3333333333333335,0.2,0.4583333333333333,0.5,0.53502995399,0.007762231728344837,0.4506428321045734,0.006564982177082142,70.04894806610324
1247,249.5663775850567,3.3333333333333335,0.2,0.4583333333333333,0.5,0.5350359671489912,0.0077615628214215485,0.45063832435955326,0.006564145670034515,70.04894806610324
1248,249.7665110073382,3.3333333333333335,0.2,0.4583333333333333,0.5,0.5350419502013328,0.007760897164992466,0.4506338393114306,0.006563313322244508,70.04894806610324
1249,249.96664442961975,3.3333333333333335,0.2,0.4583333333333333,0.5,0.5350479033024349,0.007760234743410697,0.45062937684250154,0.006562485111653225,70.04894806610324
1250,250.16677785190126,3.3333333333333335,0.2,0.4583333333333333,0.5,0.535053826606411,0.007759575541149715,0.45062493683608146,0.006561661016358203,70.04894806610324
1251,250.36691127418277,3.3333333333333335,0.2,0.4583333333333333,0.5,0.5350597202660786,0.0077589195428033495,0.45062051917650503,0.006560841014613415,70.04894806610324
1252,250.5670446964643,3.3333333333333335,0.2,0.4583333333333333,0.5,0.5350655844329589,0.007758266733085795,0.45061612374912635,0.006560025084829272,70.04894806610324
1253,250.76717811874582,3.3333333333333335,0.2,0.4583333333333333,0.5,0.5350714310271982,0.007757616106806222,0.45061174140690047,0.00655921145909553,70.04894806610324
1254,250.96731154102733,3.3333333333333335,0.2,0.4583333333333333,0.5,0.5350772348428682,0.00775696977783255,0.4506073914888337,0.006558403890466026,70.04894806610324
1255,251.16744496330887,3.3333333333333335,0.2,0.4583333333333333,0.5,0.5350830099274614,0.00775632656311128,0.4506030632174789,0.00655760029194887,70.04894806610324
1256,251.36757838559038,3.3333333333333335,0.2,0.4583333333333333,0.5,0.5350887564136644,0.007755686448680759,0.45059875649208236,0.006556800645572951,70.04894806610324
1257,251.56771180787192,3.3333333333333335,0.2,0.4583333333333333,0.5,0.5350944744341636,0.007755049420579332,0.4505944712118904,0.006556004933367164,70.04894806610324
1258,251.76784523015343,3.3333333333333335,0.2,0.4583333333333333,0.5,0.5351001641216454,0.007754415464845346,0.4505902072761493,0.0065552131373604,70.04894806610324
1259,251.96797865243494,3.3333333333333335,0.2,0.4583333333333333,0.5,0.5351058256087963,0.007753784567517146,0.45058596458410544,0.006554425239581552,70.04894806610324
1260,252.16811207471648,3.3333333333333335,0.2,0.4583333333333333,0.5,0.5351114590283027,0.007753156714633078,0.45058174303500514,0.006553641222059511,70.04894806610324
1261,252.368245496998,3.3333333333333335,0.2,0.4583333333333333,0.5,0.5351170645128511,0.0077525318922314875,0.4505775425280946,0.006552861066823171,70.04894806610324
1262,252.5683789192795,3.3333333333333335,0.2,0.4583333333333333,0.5,0.535122642195128,0.007751910086350722,0.45057336296262024,0.006552084755901424,70.04894806610324
1263,252.76851234156103,3.3333333333333335,0.2,0.4583333333333333,0.5,0.5351281922078197,0.007751291283029124,0.45056920423782837,0.006551312271323161,70.04894806610324
1264,252.96864576384255,3.3333333333333335,0.2,0.4583333333333333,0.5,0.5351337146836128,0.007750675468305043,0.4505650662529653,0.006550543595117275,70.04894806610324
1265,253.16877918612408,3.3333333333333335,0.2,0.4583333333333333,0.5,0.5351392097551937,0.007750062628216822,0.4505609489072772,0.006549778709312658,70.04894806610324
1266,253.3689126084056,3.3333333333333335,0.2,0.4583333333333333,0.5,0.5351446775552489,0.007749452748802808,0.45055685210001056,0.006549017595938203,70.04894806610324
1267,253.5690460306871,3.3333333333333335,0.2,0.4583333333333333,0.5,0.5351501182164646,0.007748845816101347,0.45055277573041164,0.006548260237022802,70.04894806610324
1268,253.76917945296864,3.3333333333333335,0.2,0.4583333333333333,0.5,0.5351555318715275,0.0077482418161507844,0.45054871969772675,0.006547506614595347,70.04894806610324
1269,253.96931287525015,3.3333333333333335,0.2,0.4583333333333333,0.5,0.535160918653124,0.007747640734989467,0.45054468390120217,0.00654675671068473,70.04894806610324
1270,254.16944629753166,3.3333333333333335,0.2,0.4583333333333333,0.5,0.5351662786939405,0.00774704255865574,0.45054066824008426,0.006546010507319844,70.04894806610324
1271,254.3695797198132,3.3333333333333335,0.2,0.4583333333333333,0.5,0.5351716121266635,0.007746447273187948,0.4505366726136193,0.00654526798652958,70.04894806610324
1272,254.5697131420947,3.3333333333333335,0.2,0.4583333333333333,0.5,0.5351769190839795,0.007745854864624438,0.45053269692105363,0.0065445291303428315,70.04894806610324
1273,254.76984656437625,3.3333333333333335,0.2,0.4583333333333333,0.5,0.5351821996985748,0.0077452653190035565,0.45052874106163354,0.006543793920788491,70.04894806610324
1274,254.96997998665776,3.3333333333333335,0.2,0.4583333333333333,0.5,0.535187454103136,0.007744678622363648,0.45052480493460534,0.00654306233989545,70.04894806610324
1275,255.17011340893927,3.3333333333333335,0.2,0.4583333333333333,0.5,0.5351926824303493,0.007744094760743059,0.4505208884392154,0.006542334369692601,70.04894806610324
1276,255.3702468312208,3.3333333333333335,0.2,0.4583333333333333,0.5,0.5351978848129015,0.007743513720180135,0.4505169914747099,0.006541609992208835,70.04894806610324
1277,255.57038025350232,3.3333333333333335,0.2,0.4583333333333333,0.5,0.5352030614037199,0.007742935483690289,0.45051311392165766,0.006540889190932591,70.04894806610324
1278,255.77051367578383,3.3333333333333335,0.2,0.4583333333333333,0.5,0.5352082123632004,0.007742360033173549,0.4505092556537356,0.006540171949890835,70.04894806610324
1279,255.97064709806537,3.3333333333333335,0.2,0.4583333333333333,0.5,0.5352133378299195,0.007741787353788619,0.4505054165647551,0.006539458251537173,70.04894806610324
1280,256.1707805203469,3.3333333333333335,0.2,0.4583333333333333,0.5,0.5352184379424133,0.007741217430700217,0.4505015965485646,0.006538748078322304,70.04894806610324
1281,256.3709139426284,3.3333333333333335,0.2,0.4583333333333333,0.5,0.5352235128392179,0.007740650249073063,0.45049779549901253,0.006538041412696928,70.04894806610324
1282,256.57104736490993,3.3333333333333335,0.2,0.4583333333333333,0.5,0.5352285626588693,0.007740085794071877,0.4504940133099474,0.006537338237111746,70.04894806610324
1283,256.77118078719144,3.3333333333333335,0.2,0.4583333333333333,0.5,0.5352335875399038,0.007739524050861377,0.4504902498752178,0.006536638534017455,70.04894806610324
1284,256.97131420947295,3.3333333333333335,0.2,0.4583333333333333,0.5,0.5352385876208573,0.0077389650046062845,0.450486505088672,0.0065359422858647575,70.04894806610324
1285,257.1714476317545,3.3333333333333335,0.2,0.4583333333333333,0.5,0.5352435630402661,0.007738408640471318,0.4504827788441586,0.00653524947510435,70.04894806610324
1286,257.371581054036,3.3333333333333335,0.2,0.4583333333333333,0.5,0.5352485139366662,0.0077378549436211965,0.4504790710355261,0.006534560084186935,70.04894806610324
1287,257.57171447631754,3.3333333333333335,0.2,0.4583333333333333,0.5,0.5352534404485937,0.00773730389922064,0.4504753815566228,0.00653387409556321,70.04894806610324
1288,257.77184789859905,3.3333333333333335,0.2,0.4583333333333333,0.5,0.5352583427145847,0.007736755492434368,0.4504717103012974,0.006533191491683877,70.04894806610324
1289,257.97198132088056,3.3333333333333335,0.2,0.4583333333333333,0.5,0.5352632208731753,0.007736209708427101,0.4504680571633982,0.006532512254999632,70.04894806610324
1290,258.1721147431621,3.3333333333333335,0.2,0.4583333333333333,0.5,0.5352680750629017,0.007735666532363556,0.4504644220367738,0.006531836367961178,70.04894806610324
1291,258.37224816544364,3.3333333333333335,0.2,0.4583333333333333,0.5,0.5352729054096576,0.0077351259512926495,0.45046080482616363,0.006531163812886523,70.04894806610324
1292,258.57238158772515,3.3333333333333335,0.2,0.4583333333333333,0.5,0.5352777119572025,0.007734587964504218,0.450457205507062,0.006530494571231633,70.04894806610324
1293,258.77251501000666,3.3333333333333335,0.2,0.4583333333333333,0.5,0.5352824948114904,0.007734052562018942,0.4504536240013858,0.0065298286251052355,70.04894806610324
1294,258.97264843228817,3.3333333333333335,0.2,0.4583333333333333,0.5,0.5352872540949813,0.00773351973139746,0.45045006021683226,0.006529165956789302,70.04894806610324
1295,259.1727818545697,3.3333333333333335,0.2,0.4583333333333333,0.5,0.5352919899301353,0.007732989460200412,0.45044651406109887,0.006528506548565806,70.04894806610324
1296,259.37291527685124,3.3333333333333335,0.2,0.4583333333333333,0.5,0.5352967024394122,0.007732461735988436,0.45044298544188294,0.006527850382716718,70.04894806610324
1297,259.57304869913276,3.3333333333333335,0.2,0.4583333333333333,0.5,0.5353013917452724,0.007731936546322172,0.4504394742668818,0.006527197441524009,70.04894806610324
1298,259.77318212141427,3.3333333333333335,0.2,0.4583333333333333,0.5,0.5353060579701756,0.007731413878762259,0.4504359804437928,0.006526547707269652,70.04894806610324
1299,259.9733155436958,3.3333333333333335,0.2,0.4583333333333333,0.5,0.5353107012365821,0.007730893720869335,0.45043250388031325,0.006525901162235619,70.04894806610324
1300,260.1734489659773,3.3333333333333335,0.2,0.4583333333333333,0.5,0.5353153216669518,0.007730376060204039,0.4504290444841405,0.0065252577887038804,70.04894806610324
1301,260.37358238825885,3.3333333333333335,0.2,0.4583333333333333,0.5,0.5353199193837449,0.007729860884327012,0.45042560216297195,0.006524617568956409,70.04894806610324
1302,260.57371581054036,3.3333333333333335,0.2,0.4583333333333333,0.5,0.5353244945094212,0.007729348180798891,0.4504221768245049,0.0065239804852751755,70.04894806610324
1303,260.7738492328219,3.3333333333333335,0.2,0.4583333333333333,0.5,0.535329047166441,0.007728837937180316,0.45041876837643674,0.006523346519942152,70.04894806610324
1304,260.9739826551034,3.3333333333333335,0.2,0.4583333333333333,0.5,0.5353335774772643,0.007728330141031925,0.45041537672646476,0.006522715655239311,70.04894806610324
1305,261.1741160773849,3.3333333333333335,0.2,0.4583333333333333,0.5,0.5353380855643509,0.007727824779914358,0.4504120017822863,0.0065220878734486235,70.04894806610324
1306,261.37424949966646,3.3333333333333335,0.2,0.4583333333333333,0.5,0.5353425715155483,0.007727321844656638,0.4504086434780633,0.006521463161731947,70.04894806610324
1307,261.574382921948,3.3333333333333335,0.2,0.4583333333333333,0.5,0.535347035407413,0.007726821327153897,0.45040530175659027,0.006520841508842911,70.04894806610324
1308,261.7745163442295,3.3333333333333335,0.2,0.4583333333333333,0.5,0.5353514773525552,0.0077263232158968995,0.45040197653309594,0.006520222898452216,70.04894806610324
1309,261.974649766511,3.3333333333333335,0.2,0.4583333333333333,0.5,0.5353558974636263,0.007725827499372447,0.45039866772277676,0.006519607314224647,70.04894806610324
1310,262.1747831887925,3.3333333333333335,0.2,0.4583333333333333,0.5,0.5353602958532783,0.007725334166067339,0.4503953752408295,0.00651899473982499,70.04894806610324
1311,262.374916611074,3.3333333333333335,0.2,0.4583333333333333,0.5,0.535364672634163,0.0077248432044683775,0.45039209900245075,0.00651838515891803,70.04894806610324
1312,262.5750500333556,3.3333333333333335,0.2,0.4583333333333333,0.5,0.5353690279189321,0.0077243546030623614,0.45038883892283715,0.00651777855516855,70.04894806610324
1313,262.7751834556371,3.3333333333333335,0.2,0.4583333333333333,0.5,0.5353733618202374,0.007723868350336093,0.4503855949171852,0.006517174912241338,70.04894806610324
1314,262.9753168779186,3.3333333333333335,0.2,0.4583333333333333,0.5,0.5353776744507309,0.007723384434776371,0.4503823669006917,0.006516574213801177,70.04894806610324
1315,263.1754503002001,3.3333333333333335,0.2,0.4583333333333333,0.5,0.5353819659230642,0.007722902844869997,0.4503791547885531,0.006515976443512854,70.04894806610324
1316,263.3755837224816,3.3333333333333335,0.2,0.4583333333333333,0.5,0.535386236349889,0.007722423569103772,0.4503759584959662,0.0065153815850411525,70.04894806610324
1317,263.5757171447632,3.3333333333333335,0.2,0.4583333333333333,0.5,0.5353904858438574,0.007721946595964496,0.4503727779381274,0.006514789622050858,70.04894806610324
1318,263.7758505670447,3.3333333333333335,0.2,0.4583333333333333,0.5,0.5353947145176209,0.00772147191393897,0.4503696130302335,0.006514200538206756,70.04894806610324
1319,263.9759839893262,3.3333333333333335,0.2,0.4583333333333333,0.5,0.5353989224838315,0.007720999511513995,0.450366463687481,0.006513614317173631,70.04894806610324
1320,264.1761174116077,3.3333333333333335,0.2,0.4583333333333333,0.5,0.5354031592535858,0.007720524087664582,0.4503632922923885,0.006513024366361268,70.04894806610324
1321,264.37625083388923,3.3333333333333335,0.2,0.4583333333333333,0.5,0.5354073162715786,0.00772005726265352,0.4503601813194245,0.006512445146343567,70.04894806610324
1322,264.5763842561708,3.3333333333333335,0.2,0.4583333333333333,0.5,0.5354114542740394,0.007719592532943791,0.4503570846215332,0.006511868571483833,70.04894806610324
1323,264.7765176784523,3.3333333333333335,0.2,0.4583333333333333,0.5,0.5354155732609682,0.007719129898535395,0.4503540021987144,0.006511294641782067,70.04894806610324
1324,264.9766511007338,3.3333333333333335,0.2,0.4583333333333333,0.5,0.5354196732323653,0.007718669359428332,0.4503509340509682,0.006510723357238266,70.04894806610324
1325,265.17678452301533,3.3333333333333335,0.2,0.4583333333333333,0.5,0.5354237541882304,0.0077182109156226026,0.4503478801782946,0.006510154717852433,70.04894806610324
1326,265.37691794529684,3.3333333333333335,0.2,0.4583333333333333,0.5,0.5354278161285637,0.007717754567118205,0.4503448405806936,0.006509588723624567,70.04894806610324
1327,265.57705136757835,3.3333333333333335,0.2,0.4583333333333333,0.5,0.5354318590533651,0.007717300313915142,0.45034181525816513,0.006509025374554667,70.04894806610324
1328,265.7771847898599,3.3333333333333335,0.2,0.4583333333333333,0.5,0.5354358829626347,0.007716848156013411,0.45033880421070926,0.006508464670642734,70.04894806610324
1329,265.9773182121414,3.3333333333333335,0.2,0.4583333333333333,0.5,0.5354398878563723,0.007716398093413014,0.45033580743832596,0.006507906611888768,70.04894806610324
1330,266.17745163442294,3.3333333333333335,0.2,0.4583333333333333,0.5,0.535443873734578,0.007715950126113949,0.4503328249410153,0.006507351198292769,70.04894806610324
1331,266.37758505670445,3.3333333333333335,0.2,0.4583333333333333,0.5,0.5354478405972519,0.007715504254116217,0.4503298567187772,0.006506798429854736,70.04894806610324
1332,266.57771847898596,3.3333333333333335,0.2,0.4583333333333333,0.5,0.5354517884443939,0.007715060477419819,0.45032690277161164,0.006506248306574671,70.04894806610324
1333,266.7778519012675,3.3333333333333335,0.2,0.4583333333333333,0.5,0.535455717276004,0.007714618796024753,0.45032396309951866,0.006505700828452572,70.04894806610324
1334,266.97798532354904,3.3333333333333335,0.2,0.4583333333333333,0.5,0.5354596270920823,0.007714179209931021,0.4503210377024983,0.00650515599548844,70.04894806610324
1335,267.17811874583055,3.3333333333333335,0.2,0.4583333333333333,0.5,0.5354635180524528,0.007713741701368463,0.450318126458883,0.006504613787295833,70.04894806610324
1336,267.37825216811206,3.3333333333333335,0.2,0.4583333333333333,0.5,0.5354673903335267,0.007713306250722686,0.4503152292343781,0.006504074181372549,70.04894806610324
1337,267.57838559039357,3.3333333333333335,0.2,0.4583333333333333,0.5,0.5354712439354102,0.007712872857981882,0.4503123460289029,0.006503537177705042,70.04894806610324
1338,267.77851901267513,3.3333333333333335,0.2,0.4583333333333333,0.5,0.5354750788581033,0.007712441523146048,0.45030947684245737,0.006503002776293309,70.04894806610324
1339,267.97865243495664,3.3333333333333335,0.2,0.4583333333333333,0.5,0.5354788951016061,0.007712012246215186,0.4503066216750415,0.006502470977137352,70.04894806610324
1340,268.17878585723815,3.3333333333333335,0.2,0.4583333333333333,0.5,0.5354826926659184,0.007711585027189296,0.45030378052665526,0.006501941780237171,70.04894806610324
1341,268.37891927951966,3.3333333333333335,0.2,0.4583333333333333,0.5,0.5354864715510403,0.007711159866068377,0.45030095339729864,0.006501415185592764,70.04894806610324
1342,268.5790527018012,3.3333333333333335,0.2,0.4583333333333333,0.5,0.5354902317848705,0.007710736759983056,0.45029814026606424,0.006500891189082312,70.04894806610324
1343,268.7791861240827,3.3333333333333335,0.2,0.4583333333333333,0.5,0.5354939738600548,0.007710315658264719,0.45029534076375966,0.006500369717920955,70.04894806610324
1344,268.97931954636425,3.3333333333333335,0.2,0.4583333333333333,0.5,0.5354976979573154,0.007709896542326115,0.4502925547549504,0.0064998507454083285,70.04894806610324
1345,269.17945296864576,3.3333333333333335,0.2,0.4583333333333333,0.5,0.5355014040766519,0.007709479412167246,0.4502897822396365,0.006499334271544433,70.04894806610324
1346,269.3795863909273,3.3333333333333335,0.2,0.4583333333333333,0.5,0.5355050922180647,0.007709064267788108,0.45028702321781805,0.006498820296329267,70.04894806610324
1347,269.5797198132088,3.3333333333333335,0.2,0.4583333333333333,0.5,0.5355087623815536,0.007708651109188705,0.45028427768949497,0.006498308819762833,70.04894806610324
1348,269.7798532354903,3.3333333333333335,0.2,0.4583333333333333,0.5,0.5355124145671187,0.007708239936369036,0.4502815456546672,0.0064977998418451295,70.04894806610324
1349,269.97998665777186,3.3333333333333335,0.2,0.4583333333333333,0.5,0.53551604877476,0.0077078307493290985,0.4502788271133349,0.006497293362576156,70.04894806610324
1350,270.18012008005337,3.3333333333333335,0.2,0.4583333333333333,0.5,0.5355196597803983,0.007707424102572115,0.45027612600683603,0.006496790110193634,70.04894806610324
1351,270.3802535023349,3.3333333333333335,0.2,0.4583333333333333,0.5,0.5355232607356559,0.007707018600135893,0.4502734324128496,0.00649628825135866,70.04894806610324
1352,270.5803869246164,3.3333333333333335,0.2,0.4583333333333333,0.5,0.5355268438551449,0.007706615068390514,0.4502707522051087,0.006495788871355944,70.04894806610324
1353,270.7805203468979,3.3333333333333335,0.2,0.4583333333333333,0.5,0.5355304092283115,0.007706213497841826,0.45026808531613005,0.006495291957716666,70.04894806610324
1354,270.98065376917947,3.3333333333333335,0.2,0.4583333333333333,0.5,0.535533956944602,0.007705813878995675,0.4502654316784304,0.006494797497972003,70.04894806610324
1355,271.180787191461,3.3333333333333335,0.2,0.4583333333333333,0.5,0.5355374870934625,0.007705416202357905,0.45026279122452656,0.006494305479653138,70.04894806610324
1356,271.3809206137425,3.3333333333333335,0.2,0.4583333333333333,0.5,0.5355409997643392,0.007705020458434364,0.45026016388693524,0.006493815890291248,70.04894806610324
1357,271.581054036024,3.3333333333333335,0.2,0.4583333333333333,0.5,0.5355444950466784,0.007704626637730897,0.45025754959817327,0.006493328717417513,70.04894806610324
1358,271.7811874583055,3.3333333333333335,0.2,0.4583333333333333,0.5,0.535547973077707,0.007704234725423652,0.45025494825468093,0.006492843942188513,70.04894806610324
1359,271.981320880587,3.3333333333333335,0.2,0.4583333333333333,0.5,0.5355514340222882,0.00770384470360608,0.450252359732032,0.00649236154207376,70.04894806610324
1360,272.1814543028686,3.3333333333333335,0.2,0.4583333333333333,0.5,0.5355548779787179,0.0077034565617969016,0.45024978395606147,0.00649188150342378,70.04894806610324
1361,272.3815877251501,3.3333333333333335,0.2,0.4583333333333333,0.5,0.5355583050446695,0.007703070289584252,0.45024722085307417,0.006491403812672121,70.04894806610324
1362,272.5817211474316,3.3333333333333335,0.2,0.4583333333333333,0.5,0.5355617153178165,0.007702685876556268,0.45024467034937493,0.006490928456252334,70.04894806610324
1363,272.7818545697131,3.3333333333333335,0.2,0.4583333333333333,0.5,0.5355651088958324,0.007702303312301082,0.4502421323712686,0.006490455420597966,70.04894806610324
1364,272.98198799199463,3.3333333333333335,0.2,0.4583333333333333,0.5,0.5355684858763907,0.007701922586406833,0.4502396068450599,0.00648998469214257,70.04894806610324
1365,273.1821214142762,3.3333333333333335,0.2,0.4583333333333333,0.5,0.5355718463571648,0.007701543688461654,0.4502370936970539,0.0064895162573196915,70.04894806610324
1366,273.3822548365577,3.3333333333333335,0.2,0.4583333333333333,0.5,0.5355751904358282,0.007701166608053682,0.4502345928535552,0.006489050102562882,70.04894806610324
1367,273.5823882588392,3.3333333333333335,0.2,0.4583333333333333,0.5,0.5355785182100544,0.0077007913347710505,0.4502321042408688,0.0064885862143056906,70.04894806610324
1368,273.7825216811207,3.3333333333333335,0.2,0.4583333333333333,0.5,0.535581829777517,0.007700417858201897,0.45022962778529946,0.006488124578981667,70.04894806610324
1369,273.98265510340224,3.3333333333333335,0.2,0.4583333333333333,0.5,0.5355851252358892,0.007700046167934355,0.45022716341315205,0.00648766518302436,70.04894806610324
1370,274.1827885256838,3.3333333333333335,0.2,0.4583333333333333,0.5,0.5355884046828447,0.007699676253556562,0.45022471105073136,0.006487208012867318,70.04894806610324
1371,274.3829219479653,3.3333333333333335,0.2,0.4583333333333333,0.5,0.535591668216057,0.007699308104656652,0.4502222706243422,0.006486753054944091,70.04894806610324
1372,274.5830553702468,3.3333333333333335,0.2,0.4583333333333333,0.5,0.5355949159331994,0.00769894171082276,0.45021984206028953,0.00648630029568823,70.04894806610324
1373,274.78318879252834,3.3333333333333335,0.2,0.4583333333333333,0.5,0.5355981479319455,0.007698577061643023,0.4502174252848781,0.006485849721533284,70.04894806610324
1374,274.98332221480985,3.3333333333333335,0.2,0.4583333333333333,0.5,0.5356013643099687,0.007698214146705575,0.4502150202244128,0.0064854013189128,70.04894806610324
1375,275.18345563709136,3.3333333333333335,0.2,0.4583333333333333,0.5,0.5356045651649426,0.007697852955598552,0.45021262680519836,0.0064849550742603285,70.04894806610324
1376,275.3835890593729,3.3333333333333335,0.2,0.4583333333333333,0.5,0.5356077505945406,0.00769749347791009,0.45021024495353973,0.00648451097400942,70.04894806610324
1377,275.58372248165443,3.3333333333333335,0.2,0.4583333333333333,0.5,0.5356109206964362,0.007697135703228323,0.45020787459574163,0.006484069004593623,70.04894806610324
1378,275.78385590393594,3.3333333333333335,0.2,0.4583333333333333,0.5,0.5356140755683029,0.007696779621141387,0.45020551565810907,0.006483629152446486,70.04894806610324
1379,275.98398932621745,3.3333333333333335,0.2,0.4583333333333333,0.5,0.5356172153078141,0.007696425221237419,0.4502031680669467,0.00648319140400156,70.04894806610324
1380,276.18412274849896,3.3333333333333335,0.2,0.4583333333333333,0.5,0.5356203400126434,0.007696072493104552,0.45020083174855946,0.006482755745692394,70.04894806610324
1381,276.38425617078053,3.3333333333333335,0.2,0.4583333333333333,0.5,0.5356234497804641,0.007695721426330923,0.45019850662925215,0.006482322163952536,70.04894806610324
1382,276.58438959306204,3.3333333333333335,0.2,0.4583333333333333,0.5,0.5356265447089499,0.007695372010504667,0.4501961926353297,0.006481890645215536,70.04894806610324
1383,276.78452301534355,3.3333333333333335,0.2,0.4583333333333333,0.5,0.535629624895774,0.0076950242352139195,0.45019388969309676,0.006481461175914945,70.04894806610324
1384,276.98465643762506,3.3333333333333335,0.2,0.4583333333333333,0.5,0.5356326904386103,0.007694678090046815,0.4501915977288583,0.00648103374248431,70.04894806610324
1385,277.1847898599066,3.3333333333333335,0.2,0.4583333333333333,0.5,0.5356357414351318,0.00769433356459149,0.45018931666891915,0.006480608331357182,70.04894806610324
1386,277.38492328218814,3.3333333333333335,0.2,0.4583333333333333,0.5,0.5356387779237101,0.00769399065455709,0.45018704648447183,0.006480184937260676,70.04894806610324
1387,277.58505670446965,3.3333333333333335,0.2,0.4583333333333333,0.5,0.5356417997388045,0.007693649376699919,0.45018478730105577,0.00647976358343943,70.04894806610324
1388,277.78519012675116,3.3333333333333335,0.2,0.4583333333333333,0.5,0.5356448069262303,0.007693309725960788,0.4501825390842291,0.006479344263579517,70.04894806610324
1389,277.98532354903267,3.3333333333333335,0.2,0.4583333333333333,0.5,0.5356477995598804,0.007692971694382373,0.4501803017782967,0.006478926967440228,70.04894806610324
1390,278.1854569713142,3.3333333333333335,0.2,0.4583333333333333,0.5,0.535650777713648,0.007692635274007347,0.4501780753275635,0.00647851168478085,70.04894806610324
1391,278.3855903935957,3.3333333333333335,0.2,0.4583333333333333,0.5,0.5356537414614262,0.0076923004568783876,0.4501758596763344,0.006478098405360675,70.04894806610324
1392,278.58572381587726,3.3333333333333335,0.2,0.4583333333333333,0.5,0.5356566908771082,0.007691967235038168,0.4501736547689143,0.006477687118938992,70.04894806610324
1393,278.78585723815877,3.3333333333333335,0.2,0.4583333333333333,0.5,0.535659626034587,0.007691635600529363,0.4501714605496081,0.006477277815275088,70.04894806610324
1394,278.9859906604403,3.3333333333333335,0.2,0.4583333333333333,0.5,0.535662547007756,0.0076913055453946486,0.4501692769627208,0.006476870484128255,70.04894806610324
1395,279.1861240827218,3.3333333333333335,0.2,0.4583333333333333,0.5,0.5356654538705079,0.007690977061676698,0.45016710395255727,0.0064764651152577814,70.04894806610324
1396,279.3862575050033,3.3333333333333335,0.2,0.4583333333333333,0.5,0.535668346696736,0.007690650141418189,0.4501649414634224,0.0064760616984229575,70.04894806610324
1397,279.58639092728487,3.3333333333333335,0.2,0.4583333333333333,0.5,0.5356712255603336,0.007690324776661794,0.4501627894396212,0.006475660223383071,70.04894806610324
1398,279.7865243495664,3.3333333333333335,0.2,0.4583333333333333,0.5,0.5356740905351935,0.007690000959450188,0.45016064782545845,0.006475260679897412,70.04894806610324
1399,279.9866577718479,3.3333333333333335,0.2,0.4583333333333333,0.5,0.5356769416952092,0.007689678681826048,0.45015851656523914,0.006474863057725271,70.04894806610324
1400,280.1867911941294,3.3333333333333335,0.2,0.4583333333333333,0.5,0.5356797791142734,0.007689357935832046,0.4501563956032682,0.006474467346625936,70.04894806610324
1401,280.3869246164109,3.3333333333333335,0.2,0.4583333333333333,0.5,0.5356826028662796,0.00768903871351086,0.4501542848838505,0.0064740735363586965,70.04894806610324
1402,280.5870580386925,3.3333333333333335,0.2,0.4583333333333333,0.5,0.5356854130251205,0.007688721006905163,0.450152184351291,0.006473681616682843,70.04894806610324
1403,280.787191460974,3.3333333333333335,0.2,0.4583333333333333,0.5,0.5356882096646897,0.00768840480805763,0.45015009394989464,0.006473291577357664,70.04894806610324
1404,280.9873248832555,3.3333333333333335,0.2,0.4583333333333333,0.5,0.5356909928588799,0.007688090109010936,0.4501480136239662,0.00647290340814245,70.04894806610324
1405,281.187458305537,3.3333333333333335,0.2,0.4583333333333333,0.5,0.5356937626815845,0.007687776901807757,0.4501459433178108,0.006472517098796489,70.04894806610324
1406,281.3875917278185,3.3333333333333335,0.2,0.4583333333333333,0.5,0.5356965192066965,0.0076874651784907665,0.4501438829757332,0.00647213263907907,70.04894806610324
1407,281.5877251501,3.3333333333333335,0.2,0.4583333333333333,0.5,0.5356992625081091,0.00768715493110264,0.4501418325420384,0.006471750018749485,70.04894806610324
1408,281.7878585723816,3.3333333333333335,0.2,0.4583333333333333,0.5,0.5357019926597152,0.007686846151686053,0.45013979196103127,0.00647136922756702,70.04894806610324
1409,281.9879919946631,3.3333333333333335,0.2,0.4583333333333333,0.5,0.5357047097354082,0.007686538832283679,0.4501377611770167,0.0064709902552909674,70.04894806610324
1410,282.1881254169446,3.3333333333333335,0.2,0.4583333333333333,0.5,0.535707413809081,0.007686232964938195,0.4501357401342997,0.0064706130916806145,70.04894806610324
1411,282.3882588392261,3.3333333333333335,0.2,0.4583333333333333,0.5,0.5357101049546269,0.007685928541692273,0.4501337287771851,0.006470237726495252,70.04894806610324
1412,282.58839226150764,3.3333333333333335,0.2,0.4583333333333333,0.5,0.5357127832459389,0.007685625554588592,0.4501317270499779,0.006469864149494169,70.04894806610324
1413,282.7885256837892,3.3333333333333335,0.2,0.4583333333333333,0.5,0.5357154487569101,0.007685323995669823,0.45012973489698294,0.006469492350436655,70.04894806610324
1414,282.9886591060707,3.3333333333333335,0.2,0.4583333333333333,0.5,0.5357181015555419,0.007685023857546157,0.45012775226696,0.006469122319951518,70.04894806610324
1415,283.1887925283522,3.3333333333333335,0.2,0.4583333333333333,0.5,0.5357207416091969,0.007684725142521391,0.45012577918476154,0.00646875406351966,70.04894806610324
1416,283.38892595063373,3.3333333333333335,0.2,0.4583333333333333,0.5,0.5357233689443303,0.0076844278472075,0.45012381563056053,0.00646838757790124,70.04894806610324
1417,283.58905937291524,3.3333333333333335,0.2,0.4583333333333333,0.5,0.5357259836244787,0.007684131964644689,0.4501218615564922,0.0064680228543839155,70.04894806610324
1418,283.7891927951968,3.3333333333333335,0.2,0.4583333333333333,0.5,0.535728585713179,0.007683837487873163,0.45011991691469194,0.006467659884255343,70.04894806610324
1419,283.9893262174783,3.3333333333333335,0.2,0.4583333333333333,0.5,0.5357311752739683,0.007683544409933124,0.45011798165729494,0.006467298658803182,70.04894806610324
1420,284.18945963975983,3.3333333333333335,0.2,0.4583333333333333,0.5,0.5357337523703831,0.0076832527238647795,0.4501160557364366,0.0064669391693150885,70.04894806610324
1421,284.38959306204134,3.3333333333333335,0.2,0.4583333333333333,0.5,0.5357363170659604,0.007682962422708332,0.45011413910425213,0.006466581407078721,70.04894806610324
1422,284.58972648432285,3.3333333333333335,0.2,0.4583333333333333,0.5,0.5357388694242369,0.007682673499503987,0.4501122317128769,0.006466225363381738,70.04894806610324
1423,284.7898599066044,3.3333333333333335,0.2,0.4583333333333333,0.5,0.5357414095087496,0.007682385947291949,0.4501103335144462,0.006465871029511796,70.04894806610324
1424,284.98999332888593,3.3333333333333335,0.2,0.4583333333333333,0.5,0.5357439373830353,0.007682099759112421,0.4501084444610953,0.006465518396756553,70.04894806610324
1425,285.19012675116744,3.3333333333333335,0.2,0.4583333333333333,0.5,0.5357464531106306,0.00768181492800561,0.45010656450495956,0.0064651674564036666,70.04894806610324
1426,285.39026017344895,3.3333333333333335,0.2,0.4583333333333333,0.5,0.5357489567550727,0.0076815314470117186,0.45010469359817423,0.006464818199740795,70.04894806610324
1427,285.59039359573046,3.3333333333333335,0.2,0.4583333333333333,0.5,0.5357514483798983,0.007681249309170952,0.4501028316928747,0.006464470618055595,70.04894806610324
1428,285.79052701801197,3.3333333333333335,0.2,0.4583333333333333,0.5,0.5357539280486442,0.007680968507523514,0.45010097874119614,0.0064641247026357256,70.04894806610324
1429,285.99066044029354,3.3333333333333335,0.2,0.4583333333333333,0.5,0.5357563958248471,0.007680689035109611,0.4500991346952739,0.006463780444768843,70.04894806610324
1430,286.19079386257505,3.3333333333333335,0.2,0.4583333333333333,0.5,0.5357588517720442,0.007680410884969445,0.45009729950724336,0.006463437835742605,70.04894806610324
1431,286.39092728485656,3.3333333333333335,0.2,0.4583333333333333,0.5,0.5357612959537719,0.007680134050143222,0.45009547312923975,0.0064630968668446705,70.04894806610324
1432,286.59106070713807,3.3333333333333335,0.2,0.4583333333333333,0.5,0.5357637284335673,0.007679858523671147,0.45009365551339836,0.0064627575293626964,70.04894806610324
1433,286.7911941294196,3.3333333333333335,0.2,0.4583333333333333,0.5,0.5357661492749672,0.007679584298593422,0.45009184661185453,0.006462419814584341,70.04894806610324
1434,286.99132755170115,3.3333333333333335,0.2,0.4583333333333333,0.5,0.5357685585415085,0.007679311367950254,0.45009004637674355,0.00646208371379726,70.04894806610324
1435,287.19146097398266,3.3333333333333335,0.2,0.4583333333333333,0.5,0.5357709562967279,0.007679039724781847,0.45008825476020076,0.0064617492182891135,70.04894806610324
1436,287.39159439626417,3.3333333333333335,0.2,0.4583333333333333,0.5,0.5357733426041622,0.007678769362128405,0.4500864717143614,0.006461416319347558,70.04894806610324
1437,287.5917278185457,3.3333333333333335,0.2,0.4583333333333333,0.5,0.5357757175273484,0.007678500273030132,0.45008469719136074,0.006461085008260252,70.04894806610324
1438,287.7918612408272,3.3333333333333335,0.2,0.4583333333333333,0.5,0.5357780811298233,0.007678232450527234,0.4500829311433342,0.006460755276314852,70.04894806610324
1439,287.99199466310876,3.3333333333333335,0.2,0.4583333333333333,0.5,0.5357804334751236,0.007677965887659914,0.45008117352241706,0.006460427114799016,70.04894806610324
1440,288.19212808539027,3.3333333333333335,0.2,0.4583333333333333,0.5,0.5357827746267863,0.007677700577468377,0.45007942428074454,0.0064601005150004024,70.04894806610324
1441,288.3922615076718,3.3333333333333335,0.2,0.4583333333333333,0.5,0.535785104648348,0.007677436512992828,0.45007768337045195,0.006459775468206668,70.04894806610324
1442,288.5923949299533,3.3333333333333335,0.2,0.4583333333333333,0.5,0.535787423603346,0.007677173687273471,0.4500759507436747,0.006459451965705471,70.04894806610324
1443,288.7925283522348,3.3333333333333335,0.2,0.4583333333333333,0.5,0.5357897245437887,0.007676912848321975,0.45007423166198907,0.006459130945899858,70.04894806610324
1444,288.9926617745163,3.3333333333333335,0.2,0.4583333333333333,0.5,0.5357920223330114,0.007676652395599311,0.4500725148704644,0.006458810400924555,70.04894806610324
1445,289.1927951967979,3.3333333333333335,0.2,0.4583333333333333,0.5,0.5357943090060422,0.007676393186621291,0.45007080640078,0.006458491406556093,70.04894806610324
1446,289.3929286190794,3.3333333333333335,0.2,0.4583333333333333,0.5,0.5357965846256777,0.007676135214507839,0.4500691062056319,0.006458173954182137,70.04894806610324
1447,289.5930620413609,3.3333333333333335,0.2,0.4583333333333333,0.5,0.5357988492544153,0.0076758784724110804,0.4500674142379425,0.00645785803523075,70.04894806610324
1448,289.7931954636424,3.3333333333333335,0.2,0.4583333333333333,0.5,0.5358011029544534,0.0076756229535153405,0.45006573045086057,0.006457543641170391,70.04894806610324
1449,289.9933288859239,3.3333333333333335,0.2,0.4583333333333333,0.5,0.5358033457876911,0.007675368651037147,0.4500640547977615,0.006457230763509915,70.04894806610324
1450,290.1934623082055,3.3333333333333335,0.2,0.4583333333333333,0.5,0.5358055778157288,0.007675115558225229,0.45006238723224706,0.006456919393798573,70.04894806610324
1451,290.393595730487,3.3333333333333335,0.2,0.4583333333333333,0.5,0.5358077990998676,0.007674863668360516,0.4500607277081454,0.006456609523626016,70.04894806610324
1452,290.5937291527685,3.3333333333333335,0.2,0.4583333333333333,0.5,0.5358100097011098,0.007674612974756138,0.4500590761795114,0.0064563011446222875,70.04894806610324
1453,290.79386257505,3.3333333333333335,0.2,0.4583333333333333,0.5,0.5358122096801583,0.007674363470757428,0.45005743260062603,0.00645599424845783,70.04894806610324
1454,290.9939959973315,3.3333333333333335,0.2,0.4583333333333333,0.5,0.5358143990974172,0.00767411514974192,0.450055796925997,0.006455688826843483,70.04894806610324
1455,291.1941294196131,3.3333333333333335,0.2,0.4583333333333333,0.5,0.5358165780129914,0.007673868005119347,0.45005416911035834,0.00645538487153048,70.04894806610324
1456,291.3942628418946,3.3333333333333335,0.2,0.4583333333333333,0.5,0.5358187464866869,0.007673622030331647,0.45005254910867065,0.006455082374310454,70.04894806610324
1457,291.5943962641761,3.3333333333333335,0.2,0.4583333333333333,0.5,0.5358209045780105,0.007673377218852956,0.45005093687612086,0.0064547813270154335,70.04894806610324
1458,291.7945296864576,3.3333333333333335,0.2,0.4583333333333333,0.5,0.5358230523461698,0.007673133564189614,0.45004933236812245,0.006454481721517843,70.04894806610324
1459,291.99466310873913,3.3333333333333335,0.2,0.4583333333333333,0.5,0.5358251898500737,0.007672891059880158,0.4500477355403153,0.006454183549730503,70.04894806610324
1460,292.19479653102064,3.3333333333333335,0.2,0.4583333333333333,0.5,0.5358273171483319,0.007672649699495332,0.4500461463485658,0.006453886803606633,70.04894806610324
1461,292.3949299533022,3.3333333333333335,0.2,0.4583333333333333,0.5,0.5358294342992549,0.007672409476638075,0.45004456474896687,0.006453591475139849,70.04894806610324
1462,292.5950633755837,3.3333333333333335,0.2,0.4583333333333333,0.5,0.5358315413608543,0.007672170384943533,0.4500429906978377,0.00645329755636416,70.04894806610324
1463,292.79519679786523,3.3333333333333335,0.2,0.4583333333333333,0.5,0.5358336383908426,0.007671932418079049,0.45004142415172405,0.006453005039353976,70.04894806610324
1464,292.99533022014674,3.3333333333333335,0.2,0.4583333333333333,0.5,0.5358357254466333,0.00767169556974417,0.4500398650673982,0.006452713916224101,70.04894806610324
1465,293.19546364242825,3.3333333333333335,0.2,0.4583333333333333,0.5,0.5358378025853406,0.007671459833670643,0.45003831340185874,0.006452424179129735,70.04894806610324
1466,293.3955970647098,3.3333333333333335,0.2,0.4583333333333333,0.5,0.53583986986378,0.007671225203622415,0.4500367691123308,0.006452135820266478,70.04894806610324
1467,293.59573048699133,3.3333333333333335,0.2,0.4583333333333333,0.5,0.5358419273384677,0.007670991673395638,0.45003523215626606,0.006451848831870323,70.04894806610324
1468,293.79586390927284,3.3333333333333335,0.2,0.4583333333333333,0.5,0.5358439750656209,0.007670759236818661,0.4500337024913425,0.006451563206217663,70.04894806610324
1469,293.99599733155435,3.3333333333333335,0.2,0.4583333333333333,0.5,0.5358460131011578,0.007670527887752037,0.45003218007546464,0.006451278935625283,70.04894806610324
1470,294.19613075383586,3.3333333333333335,0.2,0.4583333333333333,0.5,0.5358480415006973,0.007670297620088519,0.45003066486676346,0.00645099601245037,70.04894806610324
1471,294.3962641761174,3.3333333333333335,0.2,0.4583333333333333,0.5,0.5358500603034116,0.007670068429570991,0.45002915683603906,0.006450714430977962,70.04894806610324
1472,294.59639759839894,3.3333333333333335,0.2,0.4583333333333333,0.5,0.53585206950949,0.007669840316329473,0.4500276559841251,0.006450434190054986,70.04894806610324
1473,294.79653102068045,3.3333333333333335,0.2,0.4583333333333333,0.5,0.5358540691638459,0.007669613275457567,0.4500261622773899,0.006450155283306295,70.04894806610324
1474,294.99666444296196,3.3333333333333335,0.2,0.4583333333333333,0.5,0.5358560593147946,0.007669387301664387,0.45002467567957605,0.0064498777039645105,70.04894806610324
1475,295.19679786524347,3.3333333333333335,0.2,0.4583333333333333,0.5,0.5358580400101965,0.007669162389708849,0.4500231961547734,0.006449601445320925,70.04894806610324
1476,295.396931287525,3.3333333333333335,0.2,0.4583333333333333,0.5,0.5358600112974561,0.0076689385343996705,0.4500217236674184,0.0064493265007255045,70.04894806610324
1477,295.59706470980655,3.3333333333333335,0.2,0.4583333333333333,0.5,0.5358619732235228,0.007668715730595377,0.45002025818229463,0.006449052863586887,70.04894806610324
1478,295.79719813208806,3.3333333333333335,0.2,0.4583333333333333,0.5,0.5358639258348904,0.007668493973204297,0.45001879966453256,0.006448780527372384,70.04894806610324
1479,295.99733155436957,3.3333333333333335,0.2,0.4583333333333333,0.5,0.5358658691775974,0.00766827325718456,0.4500173480796097,0.006448509485607976,70.04894806610324
1480,296.1974649766511,3.3333333333333335,0.2,0.4583333333333333,0.5,0.5358678032972269,0.007668053577544101,0.45001590339335035,0.0064482397318783215,70.04894806610324
1481,296.3975983989326,3.3333333333333335,0.2,0.4583333333333333,0.5,0.5358697282389066,0.007667834929340661,0.45001446557192576,0.006447971259826746,70.04894806610324
1482,296.59773182121415,3.3333333333333335,0.2,0.4583333333333333,0.5,0.5358716440473085,0.007667617307681781,0.4500130345818542,0.0064477040631552495,70.04894806610324
1483,296.79786524349566,3.3333333333333335,0.2,0.4583333333333333,0.5,0.5358735507666494,0.007667400707724809,0.4500116103900009,0.006447438135624506,70.04894806610324
1484,296.9979986657772,3.3333333333333335,0.2,0.4583333333333333,0.5,0.535875448440691,0.007667185124676894,0.45001019296357797,0.0064471734710538605,70.04894806610324
1485,297.1981320880587,3.3333333333333335,0.2,0.4583333333333333,0.5,0.535877337112739,0.00766697055379499,0.45000878227014435,0.006446910063321328,70.04894806610324
1486,297.3982655103402,3.3333333333333335,0.2,0.4583333333333333,0.5,0.535879216825644,0.007666756990385858,0.4500073782776062,0.006446647906363602,70.04894806610324
1487,297.59839893262176,3.3333333333333335,0.2,0.4583333333333333,0.5,0.5358810876218013,0.007666544429806057,0.45000598095421634,0.006446386994176042,70.04894806610324
1488,297.7985323549033,3.3333333333333335,0.2,0.4583333333333333,0.5,0.5358829495431504,0.0076663328674619535,0.45000459026857464,0.006446127320812684,70.04894806610324
1489,297.9986657771848,3.3333333333333335,0.2,0.4583333333333333,0.5,0.5358848026311758,0.0076661222988097175,0.450003206189628,0.006445868880386234,70.04894806610324
1490,298.1987991994663,3.3333333333333335,0.2,0.4583333333333333,0.5,0.5358866469269061,0.007665912719355323,0.45000182868667016,0.006445611667068073,70.04894806610324
1491,298.3989326217478,3.3333333333333335,0.2,0.4583333333333333,0.5,0.5358884824709151,0.007665704124654546,0.4500004577293417,0.0064453556750882525,70.04894806610324
1492,298.5990660440293,3.3333333333333335,0.2,0.4583333333333333,0.5,0.5358903093033208,0.007665496510312967,0.4499990932876304,0.006445100898735496,70.04894806610324
1493,298.7991994663109,3.3333333333333335,0.2,0.4583333333333333,0.5,0.5358921274637858,0.0076652898719859735,0.4499977353318707,0.006444847332357201,70.04894806610324
1494,298.9993328885924,3.3333333333333335,0.2,0.4583333333333333,0.5,0.5358939369915173,0.007665084205378751,0.4499963838327442,0.0064445949703594374,70.04894806610324
1495,299.1994663108739,3.3333333333333335,0.2,0.4583333333333333,0.5,0.5358957379252671,0.007664879506246294,0.44999503876127933,0.006444343807206945,70.04894806610324
1496,299.3995997331554,3.3333333333333335,0.2,0.4583333333333333,0.5,0.5358975303033316,0.007664675770393399,0.4499937000888515,0.00644409383742314,70.04894806610324
1497,299.5997331554369,3.3333333333333335,0.2,0.4583333333333333,0.5,0.535899314163552,0.007664472993674665,0.449992367787183,0.006443845055590107,70.04894806610324
1498,299.7998665777185,3.3333333333333335,0.2,0.4583333333333333,0.5,0.5359010895433135,0.007664271171994497,0.44999104182834304,0.006443597456348607,70.04894806610324
1499,300.0,3.3333333333333335,0.2,0.4583333333333333,0.5,0.5359028564795466,0.007664070301307103,0.449989722184748,0.006443351034398069,70.04894806610324
