,time,sigma,beta,S,I,C,D
0,0.0,0.8,0.93,0.9998,0.0002,0.5,0.5
1,0.5016722408026756,0.8,0.93,0.9997613286456248,0.00023867135437525744,0.4791164811683498,0.52088351883165
2,1.0033444816053512,0.8,0.93,0.9997133473002394,0.00028665269976069197,0.45830709551282944,0.5416929044871703
3,1.5050167224080266,0.8,0.93,0.9996534332622232,0.00034656673777695105,0.43764390125564867,0.562356098744351
4,2.0066889632107023,0.8,0.93,0.9995781419877764,0.0004218580122238303,0.4171970131186886,0.5828029868813112
5,2.508361204013378,0.8,0.93,0.9994829064841669,0.0005170935158332937,0.3970336722454881,0.6029663277545118
6,3.0100334448160533,0.8,0.93,0.9993616903302056,0.0006383096697944826,0.37721751944549814,0.6227824805545016
7,3.511705685618729,0.8,0.93,0.9992063892388865,0.0007936107611135885,0.3578077229686771,0.6421922770313226
8,4.013377926421405,0.8,0.93,0.9990061647263806,0.0009938352736195161,0.3388585467501659,0.6611414532498339
9,4.51505016722408,0.8,0.93,0.9987464114344228,0.001253588565577235,0.3204188644383169,0.6795811355616829
10,5.016722408026756,0.8,0.93,0.9984073874623968,0.001592612537603207,0.3025318675836457,0.6974681324163541
11,5.518394648829432,0.8,0.93,0.9979622504095113,0.002037749590488846,0.28523492833101516,0.7147650716689846
12,6.020066889632107,0.8,0.93,0.9973744300452622,0.002625569954737822,0.2685596324767587,0.7314403675232412
13,6.521739130434782,0.8,0.93,0.996593923793776,0.0034060762062239616,0.25253195129969724,0.7474680487003025
14,7.023411371237458,0.8,0.93,0.9955521782643851,0.004447821735614888,0.23717256386419625,0.7628274361358035
15,7.525083612040134,0.8,0.93,0.9941550616274556,0.005844938372544391,0.2224973249540077,0.777502675045992
16,8.02675585284281,0.8,0.93,0.992273173060041,0.0077268269399589605,0.20851787694085183,0.7914821230591479
17,8.528428093645484,0.8,0.93,0.9897287487535688,0.010271251246431235,0.19524239902051052,0.8047576009794891
18,9.03010033444816,0.8,0.93,0.986278167351788,0.013721832648212043,0.1826764991972271,0.8173235008027726
19,9.531772575250836,0.8,0.93,0.9815891263206113,0.01841087367938862,0.17082424962411114,0.8291757503758885
20,10.033444816053512,0.8,0.93,0.9752121545903527,0.024787845409647295,0.15968936078792925,0.8403106392120705
21,10.535117056856187,0.8,0.93,0.9665472594232585,0.033452740576741566,0.14927648159406146,0.8507235184059384
22,11.036789297658864,0.8,0.93,0.9548096378687636,0.04519036213123642,0.13959257709660752,0.8604074229033923
23,11.538461538461538,0.8,0.93,0.9390039822228948,0.06099601777710536,0.1306482811514396,0.8693517188485602
24,12.040133779264213,0.8,0.93,0.9179260515415615,0.08207394845843877,0.1224590191427889,0.877540980857211
25,12.54180602006689,0.8,0.93,0.8902224985632301,0.1097775014367702,0.11504555388414345,0.8849544461158565
26,13.043478260869565,0.8,0.93,0.8545503319787795,0.1454496680212209,0.10843343440514912,0.8915665655948509
27,13.545150501672241,0.8,0.93,0.8098717437240133,0.19012825627598706,0.1026507133449381,0.8973492866550619
28,14.046822742474916,0.8,0.93,0.7558772979010975,0.24412270209890288,0.09772340167701139,0.9022765983229885
29,14.548494983277592,0.8,0.93,0.6934358112728123,0.306564188727188,0.09366867162158352,0.9063313283784163
30,15.050167224080267,0.8,0.93,0.6248560544194702,0.37514394558053,0.09048687841768849,0.9095131215823113
31,15.551839464882944,0.8,0.93,0.5537187899775544,0.4462812100224458,0.0881546868642562,0.9118453131357436
32,16.05351170568562,0.8,0.93,0.48420480205077987,0.5157951979492201,0.08662205948716202,0.9133779405128379
33,16.555183946488295,0.8,0.93,0.42015009918387825,0.5798499008161216,0.08581483949454881,0.9141851605054513
34,17.05685618729097,0.8,0.93,0.3642544375432843,0.6357455624567157,0.08564237050882555,0.9143576294911747
35,17.558528428093645,0.8,0.93,0.3177595371448605,0.6822404628551394,0.08600754360539452,0.9139924563946056
36,18.06020066889632,0.8,0.93,0.2806097208764901,0.7193902791235097,0.086816157066975,0.9131838429330251
37,18.561872909698998,0.8,0.93,0.2518800288364642,0.7481199711635357,0.08798352628068487,0.9120164737193153
38,19.06354515050167,0.8,0.93,0.23023058046069675,0.7697694195393032,0.0894378252011598,0.9105621747988403
39,19.565217391304348,0.8,0.93,0.21424831183552065,0.7857516881644793,0.0911207517598443,0.9088792482401558
40,20.066889632107024,0.8,0.93,0.2026454170020875,0.7973545829979125,0.09298650343956989,0.9070134965604301
41,20.568561872909697,0.8,0.93,0.19434357094922794,0.8056564290507722,0.09499995239632952,0.9050000476036704
42,21.070234113712374,0.8,0.93,0.18848716115388423,0.8115128388461159,0.09713462491097147,0.9028653750890285
43,21.57190635451505,0.8,0.93,0.18442104697624864,0.8155789530237515,0.09937082042905353,0.9006291795709465
44,22.073578595317727,0.8,0.93,0.1816555054314095,0.8183444945685907,0.10169401177775218,0.8983059882222478
45,22.5752508361204,0.8,0.93,0.1798304007339748,0.8201695992660255,0.10409355631704036,0.8959064436829598
46,23.076923076923077,0.8,0.93,0.17868382062099564,0.8213161793790047,0.10656169279512034,0.8934383072048798
47,23.578595317725753,0.8,0.93,0.17802670943801743,0.8219732905619829,0.10909277819145075,0.8909072218085494
48,24.080267558528426,0.8,0.93,0.17772327984256261,0.8222767201574377,0.11168271580737849,0.8883172841926217
49,24.581939799331103,0.8,0.93,0.17767631919611637,0.8223236808038838,0.11432853100946877,0.8856714689905313
50,25.08361204013378,0.8,0.93,0.17781637025279495,0.8221836297472054,0.11702805852582923,0.8829719414741708
51,25.585284280936456,0.8,0.93,0.17809386542955086,0.8219061345704495,0.11977971302995906,0.8802202869700411
52,26.08695652173913,0.8,0.93,0.1784734531585222,0.8215265468414782,0.12258232118214106,0.877417678817859
53,26.588628762541806,0.8,0.93,0.1789299246610033,0.8210700753389969,0.1254349987121011,0.874565001287899
54,27.090301003344482,0.8,0.93,0.17944530447672158,0.8205546955232786,0.12833706068874895,0.8716629393112512
55,27.59197324414716,0.8,0.93,0.18000677367941206,0.8199932263205881,0.1312879558321655,0.8687120441678347
56,28.093645484949832,0.8,0.93,0.18060519018652793,0.8193948098134721,0.1342872184402384,0.8657127815597618
57,28.59531772575251,0.8,0.93,0.18123403276762456,0.8187659672323756,0.13733443307172147,0.8626655669282787
58,29.096989966555185,0.8,0.93,0.18188865352875566,0.8181113464712445,0.14042920871988404,0.8595707912801162
59,29.598662207357858,0.8,0.93,0.18256573452198138,0.8174342654780188,0.143571159462093,0.8564288405379072
60,30.100334448160535,0.8,0.93,0.18326291322829516,0.8167370867717051,0.1467598906370239,0.8532401093629763
61,30.60200668896321,0.8,0.93,0.18397850790797368,0.8160214920920267,0.1499949883034878,0.8500050116965124
62,31.103678929765888,0.8,0.93,0.1847113217447884,0.8152886782552119,0.15327601145225783,0.8467239885477424
63,31.60535117056856,0.8,0.93,0.18546050141666398,0.8145394985833363,0.1566024862022838,0.8433975137977164
64,32.10702341137124,0.8,0.93,0.186225441317764,0.8137745586822362,0.1599739017164017,0.8400260982835985
65,32.608695652173914,0.8,0.93,0.1870057100726676,0.8129942899273328,0.16338970699143784,0.8366102930085624
66,33.11036789297659,0.8,0.93,0.18780099735534864,0.8121990026446517,0.1668493084897662,0.833150691510234
67,33.61204013377927,0.8,0.93,0.18861107791690618,0.8113889220830941,0.17035206857541743,0.8296479314245827
68,34.11371237458194,0.8,0.93,0.18943578556505697,0.8105642144349433,0.1738973044448222,0.8261026955551779
69,34.61538461538461,0.8,0.93,0.1902749924052815,0.8097250075947188,0.17748428737966077,0.8225157126203394
70,35.11705685618729,0.8,0.93,0.19112859343651561,0.8088714065634847,0.18111224226793868,0.8188877577320615
71,35.618729096989966,0.8,0.93,0.19199650159302903,0.8080034984069712,0.1847803478548433,0.8152196521451569
72,36.12040133779264,0.8,0.93,0.19287863551217,0.8071213644878302,0.18848773665939322,0.811512263340607
73,36.62207357859532,0.8,0.93,0.1937749148166679,0.8062250851833322,0.19223349528033482,0.8077665047196654
74,37.123745819397996,0.8,0.93,0.19468525486826363,0.8053147451317365,0.19601666508160717,0.803983334918393
75,37.625418060200666,0.8,0.93,0.19560956676186228,0.8043904332381379,0.19983624306049738,0.8001637569395028
76,38.12709030100334,0.8,0.93,0.19654775445815845,0.8034522455418417,0.20369118256351462,0.7963088174364856
77,38.62876254180602,0.8,0.93,0.1974997116433038,0.8025002883566963,0.20758039448301163,0.7924196055169886
78,39.130434782608695,0.8,0.93,0.19846532110520146,0.8015346788947988,0.2115027484893463,0.788497251510654
79,39.63210702341137,0.8,0.93,0.1994444540143256,0.8005555459856746,0.21545707416053403,0.7845429258394663
80,40.13377926421405,0.8,0.93,0.20043696923629029,0.7995630307637098,0.219442162662941,0.7805578373370593
81,40.635451505016725,0.8,0.93,0.20144271264081637,0.7985572873591837,0.22345676846048296,0.7765432315395173
82,41.137123745819395,0.8,0.93,0.20246151684398783,0.7975384831560122,0.22749961072713565,0.7725003892728647
83,41.63879598662207,0.8,0.93,0.2034932008597368,0.7965067991402632,0.23156937527263502,0.7684306247273653
84,42.14046822742475,0.8,0.93,0.20453757004427112,0.7954624299557289,0.23566471680889117,0.7643352831911092
85,42.642140468227424,0.8,0.93,0.20559441602080122,0.7944055839791988,0.23978426058811744,0.7602157394118829
86,43.1438127090301,0.8,0.93,0.20666351662514887,0.7933364833748511,0.243926604492009,0.7560733955079912
87,43.64548494983278,0.8,0.93,0.20774463597779522,0.7922553640222046,0.24809032183600419,0.7519096781639961
88,44.147157190635454,0.8,0.93,0.20883752478840223,0.7911624752115977,0.2522739642002235,0.7477260357997768
89,44.64882943143812,0.8,0.93,0.20994192026570416,0.7900580797342958,0.2564760612706598,0.7435239387293405
90,45.1505016722408,0.8,0.93,0.21105754611234864,0.7889424538876512,0.2606951224884646,0.7393048775115357
91,45.65217391304348,0.8,0.93,0.21218411313095847,0.7878158868690414,0.2649296443668653,0.735070355633135
92,46.15384615384615,0.8,0.93,0.2133213190725085,0.7866786809274914,0.26917811173060135,0.7308218882693991
93,46.65551839464883,0.8,0.93,0.214468848826466,0.7855311511735338,0.27343899998646687,0.7265610000135335
94,47.15719063545151,0.8,0.93,0.21562637635241183,0.7843736236475879,0.2777107736145583,0.722289226385442
95,47.65886287625418,0.8,0.93,0.2167935639166622,0.7832064360833376,0.281991892143884,0.7180081078561164
96,48.16053511705685,0.8,0.93,0.21797006246059136,0.7820299375394085,0.28628081301346725,0.7137191869865332
97,48.66220735785953,0.8,0.93,0.2191555131682671,0.7808444868317328,0.29057599334003237,0.7094240066599682
98,49.163879598662206,0.8,0.93,0.2203495472035122,0.7796504527964877,0.2948758926474447,0.7051241073525558
99,49.66555183946488,0.8,0.93,0.22155178601616515,0.7784482139838347,0.2991789753577896,0.7008210246422109
100,50.16722408026756,0.8,0.93,0.22276184061849227,0.7772381593815075,0.30348371293006854,0.696516287069932
101,50.668896321070235,0.8,0.93,0.2239793129399233,0.7760206870600765,0.30778858668842835,0.6922114133115721
102,51.17056856187291,0.8,0.93,0.22520379697052476,0.7747962030294749,0.31209209153211964,0.6879079084678809
103,51.67224080267559,0.8,0.93,0.2264348798991907,0.773565120100809,0.3163927311969442,0.6836072688030562
104,52.17391304347826,0.8,0.93,0.22767214403049757,0.7723278559695022,0.3206890342861157,0.6793109657138848
105,52.675585284280935,0.8,0.93,0.2289151646883938,0.771084835311606,0.3249795437141673,0.6750204562858331
106,53.17725752508361,0.8,0.93,0.2301635141811105,0.7698364858188893,0.3292628240429958,0.6707371759570047
107,53.67892976588629,0.8,0.93,0.23141675946718707,0.7685832405328127,0.3335374629574873,0.6664625370425131
108,54.180602006688964,0.8,0.93,0.23267446054671745,0.7673255394532823,0.33780207259275874,0.6621979274072418
109,54.68227424749164,0.8,0.93,0.23393617582070061,0.7660638241792991,0.34205529208495333,0.6579447079150472
110,55.18394648829432,0.8,0.93,0.2352014621935351,0.7647985378064647,0.3462957887923873,0.6537042112076134
111,55.68561872909699,0.8,0.93,0.23646987522218496,0.7635301247778148,0.3505222608176493,0.6494777391823513
112,56.187290969899664,0.8,0.93,0.23774096923843915,0.7622590307615607,0.35473343688689907,0.6452665631131016
113,56.68896321070234,0.8,0.93,0.23901429820061337,0.7609857017993864,0.3589280795098123,0.6410719204901884
114,57.19063545150502,0.8,0.93,0.24028941627630004,0.7597105837236997,0.36310498453469037,0.6368950154653102
115,57.69230769230769,0.8,0.93,0.24156587939968657,0.7584341206003132,0.36726298376017674,0.6327370162398237
116,58.19397993311037,0.8,0.93,0.24284324538081872,0.757156754619181,0.37140094524126266,0.6285990547587379
117,58.69565217391305,0.8,0.93,0.24412107441393274,0.7558789255860671,0.3755177740213097,0.6244822259786907
118,59.197324414715716,0.8,0.93,0.24539893016179148,0.7546010698382084,0.37961241363370996,0.6203875863662905
119,59.69899665551839,0.8,0.93,0.24667637996858144,0.7533236200314184,0.3836838460761887,0.6163161539238118
120,60.20066889632107,0.8,0.93,0.247952995826869,0.7520470041731308,0.38773109286205254,0.6122689071379479
121,60.702341137123746,0.8,0.93,0.24922835493065915,0.7507716450693407,0.39175321534879487,0.6082467846512056
122,61.20401337792642,0.8,0.93,0.2505020401720111,0.7494979598279886,0.3957493150583535,0.6042506849416469
123,61.7056856187291,0.8,0.93,0.25177364119322526,0.7482263588067745,0.3997185342344508,0.6002814657655496
124,62.207357859531776,0.8,0.93,0.2530427526517874,0.7469572473482123,0.4036600548455981,0.5963399451544023
125,62.709030100334445,0.8,0.93,0.25430897709737,0.7456910229026297,0.40757309963443394,0.5924269003655664
126,63.21070234113712,0.8,0.93,0.2555719268996209,0.7444280731003788,0.41145693273554934,0.5885430672644509
127,63.7123745819398,0.8,0.93,0.2568312200386106,0.7431687799613891,0.4153108583471793,0.584689141652821
128,64.21404682274247,0.8,0.93,0.2580864844849981,0.7419135155150016,0.4191342206135051,0.5808657793864952
129,64.71571906354515,0.8,0.93,0.25933735798206586,0.7406626420179337,0.42292640367740275,0.5770735963225976
130,65.21739130434783,0.8,0.93,0.2605834857639237,0.739416514236076,0.4266868320851756,0.5733131679148247
131,65.7190635451505,0.8,0.93,0.2618245240358629,0.7381754759641368,0.4304149679671292,0.569585032032871
132,66.22073578595318,0.8,0.93,0.2630601386578934,0.7369398613421063,0.43411031244079246,0.5658896875592078
133,66.72240802675586,0.8,0.93,0.26429000455975554,0.7357099954402442,0.43777240607224066,0.5622275939277597
134,67.22408026755853,0.8,0.93,0.2655138087148469,0.7344861912851528,0.4414008239550607,0.5585991760449396
135,67.72575250836121,0.8,0.93,0.26673124808864607,0.7332687519113537,0.44499517936285815,0.5550048206371422
136,68.22742474916387,0.8,0.93,0.2679420298564528,0.732057970143547,0.4485551231330773,0.5514448768669229
137,68.72909698996655,0.8,0.93,0.26914587366494064,0.7308541263350592,0.45208033817446197,0.5479196618255382
138,69.23076923076923,0.8,0.93,0.27034251001028614,0.7296574899897137,0.4555705420170556,0.5444294579829446
139,69.7324414715719,0.8,0.93,0.2715316789009124,0.7284683210990874,0.45902548596060727,0.540974514039393
140,70.23411371237458,0.8,0.93,0.2727131318893754,0.7272868681106245,0.46244495395914603,0.5375550460408542
141,70.73578595317726,0.8,0.93,0.27388663256427753,0.7261133674357224,0.465828761067222,0.5341712389327784
142,71.23745819397993,0.8,0.93,0.2750519556158178,0.7249480443841821,0.46917675290147465,0.5308232470985257
143,71.73913043478261,0.8,0.93,0.2762088870526009,0.7237911129473991,0.4724888048451607,0.5275111951548397
144,72.24080267558529,0.8,0.93,0.2773572238086203,0.7226427761913797,0.4757648202915413,0.5242351797084591
145,72.74247491638796,0.8,0.93,0.2784967738790882,0.7215032261209118,0.4790047307043669,0.5209952692956336
146,73.24414715719064,0.8,0.93,0.279627356319023,0.720372643680977,0.4822084931740891,0.5177915068259114
147,73.74581939799332,0.8,0.93,0.2807488012000269,0.7192511987999731,0.48537609187935,0.5146239081206504
148,74.24749163879599,0.8,0.93,0.28186094925597904,0.718139050744021,0.4885075336758426,0.5114924663241578
149,74.74916387959867,0.8,0.93,0.2829636520669217,0.7170363479330784,0.4916028505025825,0.5083971494974178
150,75.25083612040133,0.8,0.93,0.28405677144294755,0.7159432285570525,0.49466209527168015,0.5053379047283201
151,75.75250836120401,0.8,0.93,0.28514017972518435,0.7148598202748155,0.4976853437657247,0.5023146562342755
152,76.25418060200668,0.8,0.93,0.28621375914990704,0.7137862408500928,0.5006726909725011,0.49932730902749917
153,76.75585284280936,0.8,0.93,0.2872774021227236,0.7127225978772762,0.5036242526429916,0.4963757473570087
154,77.25752508361204,0.8,0.93,0.2883310104650827,0.7116689895349171,0.5065401615614278,0.4934598384385725
155,77.75919732441471,0.8,0.93,0.289374495831552,0.7106255041684478,0.5094205696427822,0.49057943035721796
156,78.26086956521739,0.8,0.93,0.2904077784418168,0.709592221558183,0.5122656428997969,0.48773435710020324
157,78.76254180602007,0.8,0.93,0.29143078784783377,0.7085692121521662,0.5150755643876037,0.48492443561239645
158,79.26421404682274,0.8,0.93,0.2924434630011575,0.7075565369988424,0.5178505342415652,0.4821494657584349
159,79.76588628762542,0.8,0.93,0.2934457517005772,0.7065542482994227,0.520590767309312,0.4794092326906882
160,80.2675585284281,0.8,0.93,0.29443760992419454,0.7055623900758055,0.5232964910907515,0.4767035089092487
161,80.76923076923077,0.8,0.93,0.29541900077925004,0.70458099922075,0.5259679428873211,0.47403205711267904
162,81.27090301003345,0.8,0.93,0.2963898955848146,0.7036101044151853,0.528605371363461,0.47139462863653914
163,81.77257525083613,0.8,0.93,0.2973502730858783,0.7026497269141218,0.5312090342425413,0.4687909657574588
164,82.27424749163879,0.8,0.93,0.29830011913548865,0.7016998808645113,0.5337791973237611,0.46622080267623905
165,82.77591973244147,0.8,0.93,0.2992394268803237,0.7007605731196763,0.5363161426703565,0.46368385732964357
166,83.27759197324414,0.8,0.93,0.30016819609799994,0.6998318039020001,0.5388201603478557,0.4611798396521444
167,83.77926421404682,0.8,0.93,0.30108643281371433,0.6989135671862856,0.5412915455792949,0.45870845442070524
168,84.2809364548495,0.8,0.93,0.30199414913580924,0.6980058508641908,0.5437306001459135,0.4562693998540866
169,84.78260869565217,0.8,0.93,0.30289136301801256,0.6971086369819874,0.5461376327540082,0.453862367245992
170,85.28428093645485,0.8,0.93,0.30377809804925876,0.6962219019507413,0.5485129601868644,0.4514870398131358
171,85.78595317725753,0.8,0.93,0.30465438304860454,0.6953456169513955,0.5508569029087623,0.44914309709123784
172,86.2876254180602,0.8,0.93,0.30552025183660997,0.6944797481633901,0.5531697856920267,0.4468302143079735
173,86.78929765886288,0.8,0.93,0.3063757430361257,0.6936242569638742,0.555451937115327,0.44454806288467313
174,87.29096989966555,0.8,0.93,0.3072209012705395,0.6927790987294604,0.5577036914796011,0.4422963085203991
175,87.79264214046823,0.8,0.93,0.3080557757347621,0.6919442242652378,0.5599253860485669,0.44007461395143327
176,88.29431438127091,0.8,0.93,0.3088804197639769,0.691119580236023,0.562117360064832,0.43788263993516807
177,88.79598662207358,0.8,0.93,0.30969489095032526,0.6903051090496747,0.5642799547410963,0.4357200452589038
178,89.29765886287625,0.8,0.93,0.3104992488614777,0.6895007511385224,0.566413510721209,0.4335864892787912
179,89.79933110367892,0.8,0.93,0.31129356126729163,0.6887064387327083,0.5685183819167385,0.43148161808326163
180,90.3010033444816,0.8,0.93,0.312077891881754,0.687922108118246,0.5705949078535284,0.4294050921464718
181,90.80267558528428,0.8,0.93,0.31285231163965793,0.6871476883603421,0.5726434363216262,0.42735656367837405
182,91.30434782608695,0.8,0.93,0.31361689365297396,0.686383106347026,0.5746643142685092,0.42533568573149105
183,91.80602006688963,0.8,0.93,0.31437171311445494,0.6856282868855451,0.5766578892771205,0.42334211072287975
184,92.3076923076923,0.8,0.93,0.31511684735156287,0.684883152648437,0.5786245089464235,0.42137549105357675
185,92.80936454849498,0.8,0.93,0.3158523773176248,0.6841476226823751,0.580564520100211,0.41943547989978924
186,93.31103678929766,0.8,0.93,0.31657838764869234,0.6834216123513075,0.5824782689725803,0.41752173102741996
187,93.81270903010034,0.8,0.93,0.3172949642666968,0.6827050357333032,0.5843661008044468,0.4156338991955534
188,94.31438127090301,0.8,0.93,0.318002193316781,0.6819978066832191,0.5862283590445361,0.4137716409554641
189,94.81605351170569,0.8,0.93,0.3187001632520135,0.6812998367479866,0.5880653861171967,0.41193461388280345
190,95.31772575250837,0.8,0.93,0.31938896388400534,0.6806110361159947,0.5898775223065975,0.41012247769340254
191,95.81939799331104,0.8,0.93,0.32006868619520734,0.6799313138047927,0.5916651070142814,0.40833489298571873
192,96.3210702341137,0.8,0.93,0.32073942401563205,0.679260575984368,0.5934284749818103,0.4065715250181899
193,96.82274247491638,0.8,0.93,0.32140127015580006,0.6785987298442,0.5951679622350915,0.4048320377649086
194,97.32441471571906,0.8,0.93,0.32205431986307226,0.6779456801369278,0.5968838983055983,0.4031161016944019
195,97.82608695652173,0.8,0.93,0.3226986684576822,0.6773013315423179,0.5985766132512479,0.4014233867487523
196,98.32775919732441,0.8,0.93,0.32333441141860936,0.6766655885813907,0.6002464371696282,0.3997535628303719
197,98.82943143812709,0.8,0.93,0.323961646134423,0.6760383538655771,0.6018936902232005,0.39810630977679956
198,99.33110367892976,0.8,0.93,0.3245804698803087,0.6754195301196914,0.6035186931643332,0.3964813068356669
199,99.83277591973244,0.8,0.93,0.32519097949202885,0.6748090205079713,0.6051217689848747,0.39487823101512537
200,100.33444816053512,0.8,0.93,0.32579327362296645,0.6742067263770336,0.6067032290687022,0.3932967709312979
201,100.8361204013378,0.8,0.93,0.3263874511376741,0.673612548862326,0.6082633834510898,0.39173661654891034
202,101.33779264214047,0.8,0.93,0.3269736104643714,0.6730263895356288,0.6098025349174072,0.39019746508259295
203,101.83946488294315,0.8,0.93,0.32755184953150335,0.6724481504684968,0.6113210172948105,0.3886789827051897
204,102.34113712374582,0.8,0.93,0.3281222672675305,0.6718777327324696,0.6128191022979071,0.387180897702093
205,102.8428093645485,0.8,0.93,0.32868496200444003,0.6713150379955601,0.6142970986892137,0.38570290131078644
206,103.34448160535118,0.8,0.93,0.3292400316274937,0.6707599683725065,0.6157553050543232,0.38424469494567687
207,103.84615384615384,0.8,0.93,0.32978757359620875,0.6702124264037914,0.6171940100917469,0.38280598990825304
208,104.34782608695652,0.8,0.93,0.33032768558159126,0.669672314418409,0.6186135014159645,0.38138649858403545
209,104.84949832775919,0.8,0.93,0.33086046515857437,0.6691395348414259,0.6200140613086196,0.3799859386913804
210,105.35117056856187,0.8,0.93,0.33138600912363136,0.6686139908763689,0.6213959705735719,0.378604029426428
211,105.85284280936455,0.8,0.93,0.33190441349330396,0.6680955865066963,0.6227595085452124,0.37724049145478744
212,106.35451505016722,0.8,0.93,0.3324157744150607,0.6675842255849396,0.6241049479425052,0.3758950520574947
213,106.8561872909699,0.8,0.93,0.3329201877331056,0.6670798122668947,0.6254325573219821,0.3745674426780178
214,107.35785953177258,0.8,0.93,0.3334177475950771,0.6665822524049231,0.6267426027004611,0.37325739729953883
215,107.85953177257525,0.8,0.93,0.33390854638616807,0.6660914536138322,0.628035347631754,0.371964652368246
216,108.36120401337793,0.8,0.93,0.3343926766725175,0.6656073233274826,0.6293110509438513,0.3706889490561486
217,108.8628762541806,0.8,0.93,0.3348702302859793,0.6651297697140208,0.6305699678045852,0.36943003219541476
218,109.36454849498328,0.8,0.93,0.3353412986313927,0.6646587013686074,0.6318123499084346,0.36818765009156523
219,109.86622073578596,0.8,0.93,0.33580597271533535,0.6641940272846648,0.6330384454939196,0.36696155450608026
220,110.36789297658864,0.8,0.93,0.3362643426979578,0.6637356573020424,0.6342484990724945,0.36575150092750536
221,110.8695652173913,0.8,0.93,0.3367164981015635,0.6632835018984367,0.6354427515547232,0.36455724844527665
222,111.37123745819397,0.8,0.93,0.3371625273771034,0.6628374726228967,0.6366214404160087,0.3633785595839911
223,111.87290969899665,0.8,0.93,0.33760251784320305,0.6623974821567971,0.6377847997198701,0.36221520028012966
224,112.37458193979933,0.8,0.93,0.3380365563446969,0.6619634436553032,0.6389330598665334,0.3610669401334665
225,112.876254180602,0.8,0.93,0.3384647289496707,0.6615352710503294,0.640066447708591,0.35993355229140883
226,113.37792642140468,0.8,0.93,0.33888712030534185,0.6611128796946583,0.6411851867418674,0.35881481325813247
227,113.87959866220736,0.8,0.93,0.3393038135165547,0.6606961864834454,0.6422894971414134,0.3577105028585865
228,114.38127090301003,0.8,0.93,0.33971489116367276,0.6602851088363273,0.6433795954599609,0.356620404540039
229,114.88294314381271,0.8,0.93,0.3401204348395965,0.6598795651604037,0.6444556947650791,0.3555443052349207
230,115.38461538461539,0.8,0.93,0.34052052525510945,0.6594794747448907,0.6455180050641041,0.3544819949358958
231,115.88628762541806,0.8,0.93,0.3409152422642595,0.6590847577357405,0.646566733405235,0.35343326659476487
232,116.38795986622074,0.8,0.93,0.3413046646889002,0.6586953353110999,0.6476020831786446,0.35239791682135524
233,116.88963210702342,0.8,0.93,0.3416888703976077,0.6583111296023924,0.6486242544308237,0.3513757455691761
234,117.3913043478261,0.8,0.93,0.3420679362811398,0.6579320637188603,0.6496334442893732,0.35036655571062664
235,117.89297658862876,0.8,0.93,0.3424419382452693,0.6575580617547307,0.6506298470852544,0.3493701529147455
236,118.39464882943143,0.8,0.93,0.34281095125329525,0.6571890487467048,0.6516136536276048,0.34838634637239513
237,118.89632107023411,0.8,0.93,0.34317504930713244,0.6568249506928676,0.6525850515263217,0.34741494847367826
238,119.39799331103679,0.8,0.93,0.3435343053062944,0.6564656946937056,0.6535442255189469,0.34645577448105314
239,119.89966555183946,0.8,0.93,0.343888790958529,0.6561112090414711,0.654491357676954,0.345508642323046
240,120.40133779264214,0.8,0.93,0.34423857702495614,0.6557614229750439,0.6554266268398746,0.34457337316012543
241,120.90301003344482,0.8,0.93,0.3445837333418285,0.6554162666581717,0.6563502089859744,0.34364979101402554
242,121.40468227424749,0.8,0.93,0.3449243289400209,0.6550756710599793,0.6572622773950237,0.34273772260497615
243,121.90635451505017,0.8,0.93,0.3452604317929828,0.6547395682070174,0.6581630023098808,0.3418369976901192
244,122.40802675585284,0.8,0.93,0.34559210890524245,0.6544078910947577,0.6590525512248954,0.3409474487751046
245,122.90969899665552,0.8,0.93,0.34591942631241723,0.654080573687583,0.6599310891444989,0.34006891085550095
246,123.4113712374582,0.8,0.93,0.34624244908456786,0.6537575509154323,0.6607987781311316,0.33920122186886825
247,123.91304347826087,0.8,0.93,0.34656124132838806,0.6534387586716122,0.6616557775875014,0.33834422241249856
248,124.41471571906355,0.8,0.93,0.3468758661940883,0.653124133805912,0.6625022445435704,0.3374977554564295
249,124.91638795986621,0.8,0.93,0.34718638586461814,0.6528136141353822,0.6633383332207288,0.33666166677927123
250,125.41806020066889,0.8,0.93,0.3474928615934995,0.6525071384065007,0.6641641952803958,0.33583580471960417
251,125.91973244147157,0.8,0.93,0.34779535380227505,0.6522046461977252,0.6649799801645184,0.33502001983548163
252,126.42140468227424,0.8,0.93,0.34809392194429095,0.6519060780557092,0.6657858346329008,0.3342141653670992
253,126.92307692307692,0.8,0.93,0.34838862456319225,0.6516113754368079,0.6665819029947703,0.33341809700522973
254,127.4247491638796,0.8,0.93,0.3486795193720579,0.6513204806279423,0.6673683274890434,0.33263167251095666
255,127.92642140468227,0.8,0.93,0.348966663144705,0.6510333368552952,0.6681452477521147,0.33185475224788535
256,128.42809364548495,0.8,0.93,0.34925011174433357,0.6507498882556666,0.6689128009580292,0.3310871990419709
257,128.9297658862876,0.8,0.93,0.3495299202261548,0.6504700797738454,0.6696711222905873,0.3303288777094127
258,129.4314381270903,0.8,0.93,0.3498061428145141,0.6501938571854861,0.6704203448384815,0.32957965516151855
259,129.93311036789297,0.8,0.93,0.3500788328153796,0.6499211671846206,0.6711605991941563,0.3288394008058438
260,130.43478260869566,0.8,0.93,0.35034804268191494,0.6496519573180853,0.6718920137311172,0.3281079862688829
261,130.93645484949832,0.8,0.93,0.35061382416444203,0.6493861758355582,0.6726147151302372,0.32738528486976287
262,131.438127090301,0.8,0.93,0.35087622813509045,0.6491237718649098,0.6733288277643495,0.32667117223565045
263,131.93979933110367,0.8,0.93,0.3511353046109414,0.6488646953890589,0.6740344737794745,0.32596552622052555
264,132.44147157190636,0.8,0.93,0.35139110285681857,0.6486088971431817,0.6747317734449265,0.3252682265550736
265,132.94314381270902,0.8,0.93,0.35164367143242486,0.6483563285675755,0.6754208453128158,0.32457915468718435
266,133.44481605351172,0.8,0.93,0.3518930580323692,0.6481069419676312,0.6761018056767297,0.3238981943232704
267,133.94648829431438,0.8,0.93,0.35213930953061867,0.6478606904693817,0.676774768723451,0.323225231276549
268,134.44816053511707,0.8,0.93,0.35238247227557845,0.6476175277244219,0.6774398475129939,0.32256015248700615
269,134.94983277591973,0.8,0.93,0.35262259167572785,0.6473774083242725,0.6780971526024495,0.32190284739755054
270,135.45150501672242,0.8,0.93,0.35285971244222947,0.6471402875577709,0.6787467928517205,0.32125320714827954
271,135.95317725752508,0.8,0.93,0.3530938786139257,0.6469061213860747,0.6793888754659023,0.3206111245340977
272,136.45484949832775,0.8,0.93,0.35332513368846,0.6466748663115404,0.680023506383101,0.31997649361689895
273,136.95652173913044,0.8,0.93,0.35355352027195325,0.6464464797280471,0.6806507892530531,0.31934921074694683
274,137.4581939799331,0.8,0.93,0.35377908024977145,0.6462209197502289,0.6812708259409909,0.3187291740590091
275,137.9598662207358,0.8,0.93,0.35400185480792984,0.6459981451920705,0.6818837165943146,0.3181162834056853
276,138.46153846153845,0.8,0.93,0.3542218844456516,0.6457781155543488,0.6824895596833777,0.3175104403166223
277,138.96321070234114,0.8,0.93,0.3544392089879274,0.645560791012073,0.6830884520422712,0.3169115479577287
278,139.4648829431438,0.8,0.93,0.3546538675980746,0.6453461324019257,0.6836804889096095,0.31631951109039036
279,139.9665551839465,0.8,0.93,0.35486589883717806,0.6451341011628222,0.6842657640601747,0.31573423593982525
280,140.46822742474916,0.8,0.93,0.3550753408258719,0.6449246591741283,0.6848443701349054,0.3151556298650946
281,140.96989966555185,0.8,0.93,0.35528223096732625,0.644717769032674,0.68541639812047,0.31458360187953016
282,141.4715719063545,0.8,0.93,0.35548660605966914,0.6445133939403311,0.6859819375835916,0.3140180624164085
283,141.9732441471572,0.8,0.93,0.3556885023281273,0.644311497671873,0.686541076749785,0.3134589232502152
284,142.47491638795987,0.8,0.93,0.35588795543933566,0.6441120445606646,0.6870939025475326,0.3129060974524677
285,142.97658862876253,0.8,0.93,0.3560850005156473,0.6439149994843529,0.6876405006524623,0.31235949934753804
286,143.47826086956522,0.8,0.93,0.3562796721494428,0.6437203278505575,0.6881809555315253,0.31181904446847514
287,143.97993311036788,0.8,0.93,0.3564720043648238,0.6435279956351766,0.6887153502628396,0.31128464973716086
288,144.48160535117057,0.8,0.93,0.3566620302474804,0.6433379697525199,0.6892437649407661,0.3107562350592344
289,144.98327759197323,0.8,0.93,0.3568497825407471,0.6431502174592533,0.6897662792004094,0.31023372079959105
290,145.48494983277592,0.8,0.93,0.35703529353678887,0.6429647064632115,0.6902829717368482,0.3097170282631525
291,145.9866220735786,0.8,0.93,0.35721859501464504,0.6427814049853553,0.6907939200241457,0.30920607997585486
292,146.48829431438128,0.8,0.93,0.3573997182508126,0.6426002817491877,0.6912992003436423,0.3087007996563583
293,146.98996655518394,0.8,0.93,0.3575786940298301,0.6424213059701702,0.6917988878122445,0.3082011121877562
294,147.49163879598663,0.8,0.93,0.3577555526548607,0.6422444473451396,0.6922930564107165,0.30770694358928424
295,147.9933110367893,0.8,0.93,0.35793032395096536,0.6420696760490349,0.6927817789852093,0.30721822101479146
296,148.49498327759198,0.8,0.93,0.35810303713761354,0.6418969628623867,0.6932651267701174,0.3067348732298833
297,148.99665551839465,0.8,0.93,0.3582737210042954,0.6417262789957049,0.6937431700204796,0.30625682997952114
298,149.49832775919734,0.8,0.93,0.35844240392466553,0.6415575960753348,0.6942159780533022,0.30578402194669857
299,150.0,0.8,0.93,0.35860911382505595,0.6413908861749443,0.6946836191218445,0.30531638087815616
