,time,sigma,beta,S,I,C,D
0,0.0,0.26,0.39,0.9998,0.0002,0.5,0.5
1,0.5016722408026756,0.26,0.39,0.999793386082076,0.00020661391792400324,0.4791114158266321,0.5208885841733678
2,1.0033444816053512,0.26,0.39,0.9997859831430171,0.0002140168569830794,0.4582956418850129,0.5417043581149872
3,1.5050167224080266,0.26,0.39,0.999777698136074,0.00022230186392621312,0.43762451482893944,0.5623754851710606
4,2.0066889632107023,0.26,0.39,0.9997684311780287,0.0002315688219714035,0.41716782591877244,0.5828321740812277
5,2.508361204013378,0.26,0.39,0.9997580707048906,0.00024192929510954194,0.396992451158721,0.6030075488412792
6,3.0100334448160533,0.26,0.39,0.9997464918759738,0.00025350812402644786,0.3771615050438577,0.6228384949561423
7,3.511705685618729,0.26,0.39,0.9997335549166433,0.00026644508335683676,0.35773363863430885,0.6422663613656913
8,4.013377926421405,0.26,0.39,0.9997191029301933,0.0002808970698068996,0.3387623342509651,0.661237665749035
9,4.51505016722408,0.26,0.39,0.9997029598349181,0.00029704016508208205,0.32029552724163274,0.6797044727583672
10,5.016722408026756,0.26,0.39,0.9996849277252299,0.00031507227477031626,0.30237521179516647,0.6976247882048335
11,5.518394648829432,0.26,0.39,0.9996647839788028,0.000335216021197311,0.28503723761896765,0.7149627623810323
12,6.020066889632107,0.26,0.39,0.9996422779786248,0.00035772202137535097,0.26831123867921447,0.7316887613207854
13,6.521739130434782,0.26,0.39,0.9996171273784911,0.00038287262150910837,0.2522206887734903,0.7477793112265096
14,7.023411371237458,0.26,0.39,0.9995890141522991,0.00041098584770102477,0.23678299850621093,0.763217001493789
15,7.525083612040134,0.26,0.39,0.9995575794570051,0.0004424205429950561,0.2220098879850269,0.7779901120149729
16,8.02675585284281,0.26,0.39,0.9995224185321255,0.0004775814678746022,0.20790766739763303,0.7920923326023668
17,8.528428093645484,0.26,0.39,0.9994830747383506,0.0005169252616495311,0.19447754697891007,0.8055224530210897
18,9.03010033444816,0.26,0.39,0.9994390325896638,0.0005609674103362354,0.18171621361274307,0.8182837863872567
19,9.531772575250836,0.26,0.39,0.9993897101300633,0.0006102898699368412,0.16961622400594023,0.8303837759940595
20,10.033444816053512,0.26,0.39,0.9993344502398187,0.0006655497601812664,0.15816650595526766,0.8418334940447322
21,10.535117056856187,0.26,0.39,0.99927251083162,0.0007274891683798839,0.14735285417810368,0.8526471458218962
22,11.036789297658864,0.26,0.39,0.999203053781686,0.0007969462183140031,0.13715840156410905,0.8628415984358907
23,11.538461538461538,0.26,0.39,0.9991251324428936,0.0008748675571064175,0.12756407949353915,0.8724359205064607
24,12.040133779264213,0.26,0.39,0.9990376775666638,0.0009623224333362307,0.1185490531388119,0.881450946861188
25,12.54180602006689,0.26,0.39,0.9989394813620843,0.0010605186379156872,0.11009112337406132,0.8899088766259385
26,13.043478260869565,0.26,0.39,0.9988291798157278,0.0011708201842722688,0.10216710151447964,0.8978328984855202
27,13.545150501672241,0.26,0.39,0.9987052322104194,0.0012947677895807257,0.09475313570107419,0.9052468642989256
28,14.046822742474916,0.26,0.39,0.9985658987906261,0.0014341012093740408,0.08782501096232195,0.9121749890376779
29,14.548494983277592,0.26,0.39,0.9984092147603348,0.0015907852396652366,0.08135840755025806,0.9186415924497418
30,15.050167224080267,0.26,0.39,0.9982329620637895,0.0017670379362106127,0.07532912734572121,0.9246708726542786
31,15.551839464882944,0.26,0.39,0.9980346367269286,0.0019653632730715215,0.069713283059773,0.9302867169402268
32,16.05351170568562,0.26,0.39,0.9978114128026271,0.0021885871973730204,0.06448745910927345,0.9355125408907264
33,16.555183946488295,0.26,0.39,0.9975601019405113,0.0024398980594888234,0.05962884001898852,0.9403711599810113
34,17.05685618729097,0.26,0.39,0.9972771074203652,0.0027228925796348048,0.05511531832729901,0.9448846816727008
35,17.558528428093645,0.26,0.39,0.996958374124441,0.003041625875559043,0.05092557078579983,0.9490744292142
36,18.06020066889632,0.26,0.39,0.9965993309113899,0.0034006690886101225,0.0470391235811695,0.9529608764188304
37,18.561872909698998,0.26,0.39,0.9961948279383228,0.003805172061677232,0.04343639111620695,0.9565636088837929
38,19.06354515050167,0.26,0.39,0.9957390667270818,0.00426093327291821,0.04009870125545654,0.9599012987445433
39,19.565217391304348,0.26,0.39,0.9952255220495292,0.0047744779504708176,0.03700830912138402,0.9629916908786158
40,20.066889632107024,0.26,0.39,0.9946468554405989,0.005353144559401046,0.03414840187245182,0.965851598127548
41,20.568561872909697,0.26,0.39,0.9939948210962682,0.00600517890373174,0.03150308638367421,0.9684969136163256
42,21.070234113712374,0.26,0.39,0.9932601614660437,0.006739838533956275,0.029057375877592575,0.9709426241224073
43,21.57190635451505,0.26,0.39,0.992432494240061,0.007567505759938935,0.026797166863591557,0.9732028331364083
44,22.073578595317727,0.26,0.39,0.991500188748563,0.008499811251436982,0.024709213731677407,0.9752907862683224
45,22.5752508361204,0.26,0.39,0.9904502337808995,0.009549766219100603,0.022781097468402296,0.9772189025315975
46,23.076923076923077,0.26,0.39,0.9892680946255866,0.010731905374413517,0.021001193338129488,0.9789988066618702
47,23.578595317725753,0.26,0.39,0.987937564240126,0.012062435759874092,0.01935863549642966,0.9806413645035701
48,24.080267558528426,0.26,0.39,0.9864406038457816,0.013559396154218528,0.017843280926650724,0.9821567190733491
49,24.581939799331103,0.26,0.39,0.9847571842947553,0.015242815705244725,0.016445673120482514,0.9835543268795173
50,25.08361204013378,0.26,0.39,0.982865117953129,0.017134882046871035,0.01515700515918618,0.9848429948408136
51,25.585284280936456,0.26,0.39,0.9807399068004715,0.019260093199528556,0.013969083914017378,0.9860309160859824
52,26.08695652173913,0.26,0.39,0.9783545760024115,0.021645423997588592,0.0128742930833217,0.9871257069166781
53,26.588628762541806,0.26,0.39,0.9756795540675147,0.024320445932485335,0.0118655593137193,0.9881344406862805
54,27.090301003344482,0.26,0.39,0.9726825543481527,0.027317445651847357,0.010936319328202118,0.9890636806717976
55,27.59197324414716,0.26,0.39,0.9693284963464085,0.03067150365359156,0.010080485713465542,0.9899195142865342
56,28.093645484949832,0.26,0.39,0.9655795102311255,0.03442048976887459,0.009292417368983868,0.990707582631016
57,28.59531772575251,0.26,0.39,0.9613949676447986,0.03860503235520151,0.008566888764222081,0.9914331112357777
58,29.096989966555185,0.26,0.39,0.956731631836493,0.0432683681635071,0.007899061967966624,0.9921009380320331
59,29.598662207357858,0.26,0.39,0.9515439020047082,0.04845609799529199,0.007284460019264011,0.9927155399807358
60,30.100334448160535,0.26,0.39,0.94578422218794,0.05421577781206008,0.00671894153193362,0.9932810584680662
61,30.60200668896321,0.26,0.39,0.9394036160343212,0.0605963839656789,0.006198676590535036,0.9938013234094648
62,31.103678929765888,0.26,0.39,0.9323524779274401,0.06764752207255989,0.005720124657238246,0.9942798753427616
63,31.60535117056856,0.26,0.39,0.9245814877775025,0.07541851222249751,0.005280012927633922,0.994719987072366
64,32.10702341137124,0.26,0.39,0.9160428354949393,0.08395716450506077,0.004875316856185652,0.9951246831438143
65,32.608695652173914,0.26,0.39,0.906691652097404,0.09330834790259603,0.004503241504539621,0.9954967584954603
66,33.11036789297659,0.26,0.39,0.8964876853295884,0.10351231467041155,0.00416120426330124,0.9958387957366986
67,33.61204013377927,0.26,0.39,0.8853971913847486,0.11460280861525138,0.003846818743675131,0.9961531812563248
68,34.11371237458194,0.26,0.39,0.8733949928728092,0.12660500712719086,0.0035578797780720997,0.9964421202219278
69,34.61538461538461,0.26,0.39,0.8604666135074633,0.13953338649253672,0.0032923494335127877,0.9967076505664871
70,35.11705685618729,0.26,0.39,0.8466105523197233,0.15338944768027682,0.003048344681106895,0.9969516553188931
71,35.618729096989966,0.26,0.39,0.831840113597003,0.16815988640299703,0.0028241247221009536,0.997175875277899
72,36.12040133779264,0.26,0.39,0.8161853207864346,0.18381467921356562,0.0026180808265047497,0.9973819191734952
73,36.62207357859532,0.26,0.39,0.799694150756485,0.20030584924351516,0.002428726046370007,0.9975712739536299
74,37.123745819397996,0.26,0.39,0.7824332471468177,0.21756675285318233,0.0022546862025861203,0.9977453137974138
75,37.625418060200666,0.26,0.39,0.7644878753771551,0.23551212462284493,0.00209469162253433,0.9979053083774657
76,38.12709030100334,0.26,0.39,0.7459610162903356,0.25403898370966443,0.0019475696058338498,0.9980524303941662
77,38.62876254180602,0.26,0.39,0.7269715590012179,0.27302844099878215,0.0018122376055135293,0.9981877623944866
78,39.130434782608695,0.26,0.39,0.707651617276625,0.29234838272337516,0.001687697033069204,0.998312302966931
79,39.63210702341137,0.26,0.39,0.6881430584341502,0.31185694156585,0.001573027632276091,0.998426972367724
80,40.13377926421405,0.26,0.39,0.6685934328133848,0.3314065671866154,0.0014673822988426598,0.9985326177011575
81,40.635451505016725,0.26,0.39,0.6491515648626192,0.350848435137381,0.0013699823370959716,0.9986300176629043
82,41.137123745819395,0.26,0.39,0.6299630213234981,0.37003697867650204,0.001280113047249422,0.9987198869527508
83,41.63879598662207,0.26,0.39,0.6111658739929412,0.388834126007059,0.001197119555394175,0.998802880444606
84,42.14046822742475,0.26,0.39,0.5928867803448579,0.40711321965514224,0.0011204029074853804,0.9988795970925148
85,42.642140468227424,0.26,0.39,0.5752379099883603,0.4247620900116399,0.0010494162906455869,0.9989505837093547
86,43.1438127090301,0.26,0.39,0.558314600503226,0.4416853994967742,0.00098366141962994,0.9990163385803703
87,43.64548494983278,0.26,0.39,0.5421939580838626,0.45780604191613755,0.0009226850337548915,0.9990773149662454
88,44.147157190635454,0.26,0.39,0.5269343358492268,0.4730656641507734,0.0008660755110205402,0.9991339244889798
89,44.64882943143812,0.26,0.39,0.5125756205314441,0.487424379468556,0.0008134595931703785,0.9991865404068299
90,45.1505016722408,0.26,0.39,0.49914024634026916,0.500859753659731,0.0007644992316430489,0.9992355007683571
91,45.65217391304348,0.26,0.39,0.48663468099027907,0.513365319009721,0.0007188885674596738,0.9992811114325405
92,46.15384615384615,0.26,0.39,0.4750513728987889,0.5249486271012112,0.0006763510505977581,0.9993236489494024
93,46.65551839464883,0.26,0.39,0.46437074991742305,0.5356292500825771,0.0006366367311565239,0.9993633632688436
94,47.15719063545151,0.26,0.39,0.454563519474168,0.5454364805258322,0.0005995197052488381,0.9994004802947513
95,47.65886287625418,0.26,0.39,0.44559271550318175,0.5544072844968184,0.0005647957445730684,0.9994352042554271
96,48.16053511705685,0.26,0.39,0.43741572223220415,0.5625842777677961,0.0005322801053571602,0.999467719894643
97,48.66220735785953,0.26,0.39,0.4299860757627688,0.5700139242372314,0.0005018055204830775,0.999498194479517
98,49.163879598662206,0.26,0.39,0.4232550357752181,0.576744964224782,0.0004732203690862189,0.9995267796309139
99,49.66555183946488,0.26,0.39,0.41717291797984746,0.5828270820201527,0.0004463870185891499,0.9995536129814109
100,50.16722408026756,0.26,0.39,0.41169019098020065,0.5883098090197995,0.00042118033142046844,0.9995788196685796
101,50.668896321070235,0.26,0.39,0.40675833830919833,0.5932416616908017,0.00039748633283707524,0.999602513667163
102,51.17056856187291,0.26,0.39,0.40233053033780397,0.5976694696621961,0.0003752010099612765,0.9996247989900389
103,51.67224080267559,0.26,0.39,0.3983620847671182,0.6016379152328818,0.00035422925873112194,0.9996457707412689
104,52.17391304347826,0.26,0.39,0.3948108322474791,0.6051891677525209,0.0003344839285891165,0.999665516071411
105,52.675585284280935,0.26,0.39,0.39163727526559866,0.6083627247344012,0.00031588500871703194,0.999684114991283
106,53.17725752508361,0.26,0.39,0.3888047290574979,0.611195270942502,0.00029835887233303635,0.999701641127667
107,53.67892976588629,0.26,0.39,0.3862793082750465,0.6137206917249535,0.0002818376413785963,0.9997181623586214
108,54.180602006688964,0.26,0.39,0.38402989186190806,0.6159701081380918,0.00026625861005093025,0.9997337413899492
109,54.68227424749164,0.26,0.39,0.38202804370489135,0.6179719562951086,0.0002515637338534524,0.9997484362661467
110,55.18394648829432,0.26,0.39,0.38024786561540647,0.6197521343845935,0.0002376991972654806,0.9997623008027346
111,55.68561872909699,0.26,0.39,0.3786658811646862,0.6213341188353138,0.0002246150046044006,0.9997753849953958
112,56.187290969899664,0.26,0.39,0.37726085486101607,0.6227391451389839,0.00021226464568290275,0.9997877353543173
113,56.68896321070234,0.26,0.39,0.3760136429175638,0.6239863570824362,0.000200604780672069,0.999799395219328
114,57.19063545150502,0.26,0.39,0.374907026232805,0.625092973767195,0.00018959496735077721,0.9998104050326494
115,57.69230769230769,0.26,0.39,0.37392554588001653,0.6260744541199835,0.0001791974229472341,0.999820802577053
116,58.19397993311037,0.26,0.39,0.3730553556091102,0.6269446443908898,0.00016937679987806412,0.9998306232001221
117,58.69565217391305,0.26,0.39,0.37228407170295036,0.6277159282970497,0.00016009999462382582,0.9998399000053764
118,59.197324414715716,0.26,0.39,0.3716006309331292,0.6283993690668708,0.00015133597947619788,0.999848664020524
119,59.69899665551839,0.26,0.39,0.3709951521123252,0.6290048478876749,0.00014305566120274274,0.9998569443387973
120,60.20066889632107,0.26,0.39,0.3704588562411304,0.6295411437588697,0.00013523169886361786,0.9998647683011366
121,60.702341137123746,0.26,0.39,0.36998389455173614,0.6300161054482639,0.00012783838745611991,0.9998721616125441
122,61.20401337792642,0.26,0.39,0.3695633136730693,0.6304366863269307,0.00012085157961508791,0.9998791484203852
123,61.7056856187291,0.26,0.39,0.36919093174233736,0.6308090682576627,0.00011424854645594874,0.9998857514535443
124,62.207357859531776,0.26,0.39,0.3688612544546006,0.6311387455453995,0.00010800789787869929,0.9998919921021215
125,62.709030100334445,0.26,0.39,0.3685693917662769,0.6314306082337232,0.00010210947446771843,0.9998978905255326
126,63.21070234113712,0.26,0.39,0.3683110215743762,0.6316889784256239,9.653429404501541e-05,0.9999034657059552
127,63.7123745819398,0.26,0.39,0.36808230207510345,0.6319176979248966,9.126445407442617e-05,0.9999087355459259
128,64.21404682274247,0.26,0.39,0.3678798342433488,0.6321201657566513,8.628308027792842e-05,0.9999137169197224
129,64.71571906354515,0.26,0.39,0.36770060193453874,0.6322993980654613,8.157425198160827e-05,0.9999184257480187
130,65.21739130434783,0.26,0.39,0.3675419337356743,0.6324580662643259,7.71229500396718e-05,0.9999228770499606
131,65.7190635451505,0.26,0.39,0.36740146417181574,0.6325985358281845,7.291500048159521e-05,0.9999270849995188
132,66.22073578595318,0.26,0.39,0.3672770982611117,0.6327229017388886,6.893702322594975e-05,0.9999310629767744
133,66.72240802675586,0.26,0.39,0.3671669833723563,0.6328330166276439,6.51763882739444e-05,0.9999348236117264
134,67.22408026755853,0.26,0.39,0.36706947666170686,0.6329305233382932,6.162116679318649e-05,0.999938378833207
135,67.72575250836121,0.26,0.39,0.36698312765247915,0.633016872347521,5.8260096523586414e-05,0.9999417399034767
136,68.22742474916387,0.26,0.39,0.3669066492259896,0.6330933507740106,5.5082536502153384e-05,0.9999449174634981
137,68.72909698996655,0.26,0.39,0.3668389061998854,0.6331610938001149,5.207843837584674e-05,0.9999479215616245
138,69.23076923076923,0.26,0.39,0.36677889183879075,0.6332211081612095,4.92383066842144e-05,0.9999507616933161
139,69.7324414715719,0.26,0.39,0.3667257183679875,0.6332742816320127,4.655317301783332e-05,0.9999534468269825
140,70.23411371237458,0.26,0.39,0.36667859357710886,0.6333214064228913,4.4014555840476865e-05,0.99995598544416
141,70.73578595317726,0.26,0.39,0.3666368249805756,0.6333631750194245,4.1614449259819726e-05,0.9999583855507406
142,71.23745819397993,0.26,0.39,0.3665997947923741,0.633400205207626,3.934528115619919e-05,0.9999606547188443
143,71.73913043478261,0.26,0.39,0.36656695998157773,0.6334330400184223,3.719989962896735e-05,0.9999628001003715
144,72.24080267558529,0.26,0.39,0.36653783820913377,0.6334621617908662,3.517154242932046e-05,0.9999648284575712
145,72.74247491638796,0.26,0.39,0.3665120032120084,0.6334879967879917,3.3253818944072605e-05,0.9999667461810564
146,73.24414715719064,0.26,0.39,0.3664890786160958,0.6335109213839043,3.1440689726995506e-05,0.9999685593102735
147,73.74581939799332,0.26,0.39,0.3664687295517202,0.6335312704482798,2.972644342473657e-05,0.9999702735565758
148,74.24749163879599,0.26,0.39,0.3664506627172038,0.6335493372827963,2.8105685142940442e-05,0.9999718943148576
149,74.74916387959867,0.26,0.39,0.3664346159606994,0.6335653840393006,2.6573310837865763e-05,0.9999734266891627
150,75.25083612040133,0.26,0.39,0.3664203596895755,0.6335796403104246,2.512449979000378e-05,0.9999748755002106
151,75.75250836120401,0.26,0.39,0.3664076888895281,0.633592311110472,2.3754691300989573e-05,0.9999762453086996
152,76.25418060200668,0.26,0.39,0.36639642441280346,0.6336035755871966,2.2459578457183703e-05,0.9999775404215433
153,76.75585284280936,0.26,0.39,0.3663864056656754,0.6336135943343246,2.1235085465480957e-05,0.9999787649145351
154,77.25752508361204,0.26,0.39,0.36637748839739953,0.6336225116026005,2.0077354994863184e-05,0.9999799226450058
155,77.75919732441471,0.26,0.39,0.3663695501316477,0.6336304498683524,1.8982750883328838e-05,0.9999810172491173
156,78.26086956521739,0.26,0.39,0.3663624798664232,0.6336375201335769,1.794782914542063e-05,0.9999820521708552
157,78.76254180602007,0.26,0.39,0.36635617862932063,0.6336438213706793,1.6969332129927185e-05,0.9999830306678706
158,79.26421404682274,0.26,0.39,0.36635056138945266,0.6336494386105472,1.6044187001264155e-05,0.9999839558129994
159,79.76588628762542,0.26,0.39,0.36634555066125596,0.633654449338744,1.5169482111643262e-05,0.999984830517889
160,80.2675585284281,0.26,0.39,0.366341078024804,0.6336589219751961,1.4342465750885588e-05,0.9999856575342498
161,80.76923076923077,0.26,0.39,0.3663370841186985,0.6336629158813015,1.3560540635333426e-05,0.9999864394593654
162,81.27090301003345,0.26,0.39,0.3663335145042603,0.6336664854957398,1.2821245343278762e-05,0.9999871787546575
163,81.77257525083613,0.26,0.39,0.36633032193632503,0.6336696780636751,1.2122255843796639e-05,0.999987877744157
164,82.27424749163879,0.26,0.39,0.3663274651656487,0.6336725348343515,1.1461376230251784e-05,0.9999885386237706
165,82.77591973244147,0.26,0.39,0.3663249060410774,0.6336750939589227,1.0836520218183812e-05,0.9999891634797826
166,83.27759197324414,0.26,0.39,0.3663226136248541,0.633677386375146,1.0245741993549274e-05,0.9999897542580073
167,83.77926421404682,0.26,0.39,0.36632055732284524,0.6336794426771549,9.687168510749448e-06,0.9999903128314901
168,84.2809364548495,0.26,0.39,0.36631871130187843,0.6336812886981218,9.159045953594728e-06,0.9999908409540472
169,84.78260869565217,0.26,0.39,0.3663170530872265,0.6336829469127736,8.659715334844157e-06,0.9999913402846661
170,85.28428093645485,0.26,0.39,0.3663155620683177,0.6336844379316825,8.18760601828978e-06,0.9999918123939826
171,85.78595317725753,0.26,0.39,0.36631421968319017,0.6336857803168099,7.741235199410359e-06,0.9999922587648016
172,86.2876254180602,0.26,0.39,0.3663130098168334,0.6336869901831667,7.31919201535072e-06,0.9999926808079856
173,86.78929765886288,0.26,0.39,0.36631191858956247,0.6336880814104376,6.920151639866269e-06,0.9999930798483612
174,87.29096989966555,0.26,0.39,0.36631093426823125,0.6336890657317688,6.542875314896394e-06,0.9999934571246862
175,87.79264214046823,0.26,0.39,0.3663100451480026,0.6336899548519975,6.186167468255842e-06,0.9999938138325329
176,88.29431438127091,0.26,0.39,0.3663092408624458,0.6336907591375542,5.848900138045463e-06,0.9999941510998631
177,88.79598662207358,0.26,0.39,0.3663085131043566,0.6336914868956435,5.5300263711893945e-06,0.99999446997363
178,89.29765886287625,0.26,0.39,0.36630785376077746,0.6336921462392225,5.228539915739231e-06,0.9999947714600855
179,89.79933110367892,0.26,0.39,0.36630725527243274,0.6336927447275673,4.943483393288441e-06,0.9999950565166079
180,90.3010033444816,0.26,0.39,0.36630671161563744,0.6336932883843626,4.67397062452204e-06,0.9999953260293768
181,90.80267558528428,0.26,0.39,0.3663062165451906,0.6336937834548095,4.419110281451365e-06,0.9999955808897198
182,91.30434782608695,0.26,0.39,0.36630576682083327,0.6336942331791668,4.178222796977103e-06,0.9999958217772044
183,91.80602006688963,0.26,0.39,0.36630535638093276,0.6336946436190674,3.9504334356818714e-06,0.9999960495665657
184,92.3076923076923,0.26,0.39,0.3663049820790394,0.6336950179209607,3.73508029921978e-06,0.9999962649197022
185,92.80936454849498,0.26,0.39,0.3663046403722901,0.63369535962771,3.5315078550551696e-06,0.9999964684921464
186,93.31103678929766,0.26,0.39,0.3663043280360581,0.6336956719639419,3.3390554602513974e-06,0.9999966609445412
187,93.81270903010034,0.26,0.39,0.3663040418532489,0.6336959581467512,3.157062350913381e-06,0.9999968429376506
188,94.31438127090301,0.26,0.39,0.3663037794303103,0.6336962205696897,2.9849801755971497e-06,0.9999970150198259
189,94.81605351170569,0.26,0.39,0.3663035389060896,0.6336964610939104,2.8223332546698804e-06,0.9999971776667468
190,95.31772575250837,0.26,0.39,0.36630331781078684,0.6336966821892132,2.6685628289845847e-06,0.9999973314371726
191,95.81939799331104,0.26,0.39,0.3663031136902187,0.6336968863097813,2.523111962376602e-06,0.9999974768880392
192,96.3210702341137,0.26,0.39,0.3663029254194918,0.6336970745805082,2.38557906879489e-06,0.9999976144209328
193,96.82274247491638,0.26,0.39,0.3663027520618367,0.6336972479381632,2.255584547664663e-06,0.999997744415454
194,97.32441471571906,0.26,0.39,0.36630259209340177,0.6336974079065981,2.132680187858869e-06,0.9999978673198138
195,97.82608695652173,0.26,0.39,0.3663024361067548,0.6336975638932453,2.0136441966407473e-06,0.9999979863558051
196,98.32775919732441,0.26,0.39,0.36630230419733906,0.6336976958026609,1.905471208024924e-06,0.9999980945287937
197,98.82943143812709,0.26,0.39,0.3663021800215702,0.6336978199784298,1.8023858888300738e-06,0.9999981976141129
198,99.33110367892976,0.26,0.39,0.3663020635794483,0.6336979364205517,1.7043882390561974e-06,0.9999982956117628
199,99.83277591973244,0.26,0.39,0.36630195479661126,0.6336980452033887,1.611436687571425e-06,0.9999983885633144
200,100.33444816053512,0.26,0.39,0.3663018530271724,0.6336981469728274,1.5231701593008864e-06,0.9999984768298427
201,100.8361204013378,0.26,0.39,0.3663017581215181,0.6336982418784818,1.4395050145541164e-06,0.9999985604949875
202,101.33779264214047,0.26,0.39,0.3663016700796483,0.6336983299203516,1.360441253331115e-06,0.9999986395587488
203,101.83946488294315,0.26,0.39,0.366301588901563,0.6336984110984368,1.2859788756318823e-06,0.9999987140211265
204,102.34113712374582,0.26,0.39,0.36630151386405363,0.6336984861359463,1.2157758190126173e-06,0.9999987842241832
205,102.8428093645485,0.26,0.39,0.3663014435050425,0.6336985564949574,1.1491405515994215e-06,0.9999988508594507
206,103.34448160535118,0.26,0.39,0.3663013777825582,0.6336986222174417,1.086053221771915e-06,0.9999989139467806
207,103.84615384615384,0.26,0.39,0.36630131669660076,0.6336986833033991,1.0265138295300994e-06,0.999998973486173
208,104.34782608695652,0.26,0.39,0.3663012602167849,0.633698739783215,9.705061622014706e-07,0.9999990294938403
209,104.84949832775919,0.26,0.39,0.3663012073241239,0.6336987926758759,9.174865195726659e-07,0.999999082513483
210,105.35117056856187,0.26,0.39,0.36630115752158543,0.6336988424784145,8.67189700186825e-07,0.9999991328103025
211,105.85284280936455,0.26,0.39,0.36630111080916933,0.6336988891908306,8.196157040439483e-07,0.9999991803842987
212,106.35451505016722,0.26,0.39,0.3663010671868756,0.6336989328131243,7.747645311440354e-07,0.9999992252354717
213,106.8561872909699,0.26,0.39,0.3663010264966211,0.6336989735033789,7.325193113790027e-07,0.9999992674806915
214,107.35785953177258,0.26,0.39,0.3663009880660582,0.6336990119339417,6.923829817551247e-07,0.9999993076170212
215,107.85953177257525,0.26,0.39,0.36630095181923206,0.6336990481807679,6.542993892197335e-07,0.9999993457006138
216,108.36120401337793,0.26,0.39,0.36630091775614265,0.6336990822438573,6.182685337728288e-07,0.9999993817314693
217,108.8628762541806,0.26,0.39,0.36630088587679,0.63369911412321,5.842904154144109e-07,0.9999994157095878
218,109.36454849498328,0.26,0.39,0.3663008561811741,0.6336991438188259,5.523650341444797e-07,0.9999994476349692
219,109.86622073578596,0.26,0.39,0.3663008284112858,0.6336991715887142,5.222881801203003e-07,0.9999994777118233
220,110.36789297658864,0.26,0.39,0.36630080210260096,0.6336991978973991,4.936921903580126e-07,0.9999995063078131
221,110.8695652173913,0.26,0.39,0.36630077724570853,0.6336992227542915,4.665696162079166e-07,0.9999995334303874
222,111.37123745819397,0.26,0.39,0.36630075384060856,0.6336992461593915,4.4092045767001055e-07,0.999999559079546
223,111.87290969899665,0.26,0.39,0.366300731887301,0.633699268112699,4.167447147442954e-07,0.999999583255289
224,112.37458193979933,0.26,0.39,0.3663007113839753,0.6336992886160249,3.9404077110463625e-07,0.9999996059592328
225,112.876254180602,0.26,0.39,0.36630069206312466,0.6336993079368756,3.7256982844205524e-07,0.9999996274301756
226,113.37792642140468,0.26,0.39,0.3663006737334896,0.6336993262665105,3.521611531017133e-07,0.999999647838851
227,113.87959866220736,0.26,0.39,0.36630065639507037,0.6336993436049299,3.328147450836104e-07,0.9999996671852591
228,114.38127090301003,0.26,0.39,0.3663006400478668,0.6336993599521334,3.145306043877466e-07,0.9999996854693999
229,114.88294314381271,0.26,0.39,0.36630062469187885,0.6336993753081213,2.9730873101412185e-07,0.9999997026912734
230,115.38461538461539,0.26,0.39,0.3663006103101829,0.6336993896898173,2.8113169348883937e-07,0.9999997188683111
231,115.88628762541806,0.26,0.39,0.3663005966879968,0.6336994033120034,2.65778266827904e-07,0.9999997342217378
232,116.38795986622074,0.26,0.39,0.3663005837602264,0.6336994162397739,2.511814041045622e-07,0.9999997488186007
233,116.88963210702342,0.26,0.39,0.3663005715268716,0.6336994284731285,2.373411053188142e-07,0.9999997626588996
234,117.3913043478261,0.26,0.39,0.36630055998793254,0.6336994400120677,2.2425737047065985e-07,0.9999997757426345
235,117.89297658862876,0.26,0.39,0.36630054914340915,0.6336994508565911,2.1193019956009953e-07,0.9999997880698056
236,118.39464882943143,0.26,0.39,0.3663005389933014,0.6336994610066988,2.0035959258713256e-07,0.9999997996404127
237,118.89632107023411,0.26,0.39,0.3663005294893179,0.6336994705106823,1.8949540849046195e-07,0.9999998105045971
238,119.39799331103679,0.26,0.39,0.36630052046041184,0.6336994795395884,1.791600487092176e-07,0.999999820839957
239,119.89966555183946,0.26,0.39,0.36630051189156154,0.6336994881084388,1.6933791627338445e-07,0.9999998306620895
240,120.40133779264214,0.26,0.39,0.366300503782767,0.6336994962172333,1.6002901118296253e-07,0.9999998399709948
241,120.90301003344482,0.26,0.39,0.36630049613402826,0.6336995038659721,1.5123333343795183e-07,0.9999998487666727
242,121.40468227424749,0.26,0.39,0.3663004889453453,0.633699511054655,1.4295088303835237e-07,0.9999998570491233
243,121.90635451505017,0.26,0.39,0.366300482216718,0.6336995177832823,1.3518165998416412e-07,0.9999998648183466
244,122.40802675585284,0.26,0.39,0.3663004758793543,0.6336995241206459,1.2785275534105097e-07,0.9999998721472514
245,122.90969899665552,0.26,0.39,0.36630046984859993,0.6336995301514003,1.208744488956892e-07,0.999999879125558
246,123.4113712374582,0.26,0.39,0.3663004641242325,0.6336995358757677,1.142465051184174e-07,0.999999885753502
247,123.91304347826087,0.26,0.39,0.36630045870625216,0.6336995412937481,1.0796892400923559e-07,0.9999998920310833
248,124.41471571906355,0.26,0.39,0.3663004535946588,0.6336995464053414,1.0204170556814377e-07,0.9999998979583019
249,124.91638795986621,0.26,0.39,0.3663004487894525,0.6336995512105478,9.64648497951421e-08,0.9999999035351579
250,125.41806020066889,0.26,0.39,0.36630044428735126,0.6336995557126489,9.123461051180833e-08,0.9999999087653973
251,125.91973244147157,0.26,0.39,0.3663004400164037,0.6336995599835965,8.626885813322095e-08,0.9999999137311499
252,126.42140468227424,0.26,0.39,0.3663004359472229,0.6336995640527774,8.153404877011812e-08,0.9999999184659596
253,126.92307692307692,0.26,0.39,0.36630043207980884,0.6336995679201914,7.703018242249979e-08,0.9999999229698262
254,127.4247491638796,0.26,0.39,0.36630042841416155,0.6336995715858387,7.275725909036601e-08,0.9999999272427498
255,127.92642140468227,0.26,0.39,0.36630042495028103,0.6336995750497192,6.871527877371675e-08,0.9999999312847303
256,128.42809364548495,0.26,0.39,0.36630042168816723,0.633699578311833,6.4904241472552e-08,0.9999999350957679
257,128.9297658862876,0.26,0.39,0.36630041862782026,0.63369958137218,6.132414718687188e-08,0.9999999386758623
258,129.4314381270903,0.26,0.39,0.36630041576924,0.6336995842307602,5.7974995916676105e-08,0.999999942025014
259,129.93311036789297,0.26,0.39,0.36630041311242656,0.6336995868875737,5.485678766196503e-08,0.9999999451432224
260,130.43478260869566,0.26,0.39,0.36630041065737984,0.6336995893426204,5.1969522422738316e-08,0.999999948030488
261,130.93645484949832,0.26,0.39,0.36630040835534416,0.6336995916446561,4.9258374356857704e-08,0.9999999507416364
262,131.438127090301,0.26,0.39,0.3663004061563035,0.6336995938436968,4.6667100368323836e-08,0.9999999533329107
263,131.93979933110367,0.26,0.39,0.36630040406025577,0.6336995959397445,4.4195698174745806e-08,0.9999999558043132
264,132.44147157190636,0.26,0.39,0.36630040206720105,0.6336995979327993,4.184416777612333e-08,0.9999999581558439
265,132.94314381270902,0.26,0.39,0.3663004001771392,0.6336995998228611,3.961250917245668e-08,0.9999999603875028
266,133.44481605351172,0.26,0.39,0.3663003983900704,0.6336996016099299,3.75007223637456e-08,0.99999996249929
267,133.94648829431438,0.26,0.39,0.3663003967059945,0.6336996032940058,3.5508807349990326e-08,0.9999999644912053
268,134.44816053511707,0.26,0.39,0.3663003951249116,0.6336996048750887,3.3636764131190636e-08,0.999999966363249
269,134.94983277591973,0.26,0.39,0.36630039364682165,0.6336996063531787,3.188459270734674e-08,0.9999999681154207
270,135.45150501672242,0.26,0.39,0.3663003922717246,0.6336996077282756,3.025229307845844e-08,0.9999999697477208
271,135.95317725752508,0.26,0.39,0.3663003909855298,0.6336996090144704,2.8724234553534974e-08,0.9999999712757796
272,136.45484949832775,0.26,0.39,0.366300389752202,0.6336996102477982,2.726044381114353e-08,0.9999999727395706
273,136.95652173913044,0.26,0.39,0.3663003885699413,0.6336996114300589,2.585892420625295e-08,0.9999999741410907
274,137.4581939799331,0.26,0.39,0.36630038743874765,0.6336996125612525,2.4519675738863382e-08,0.9999999754803396
275,137.9598662207358,0.26,0.39,0.3663003863586211,0.6336996136413792,2.3242698408974686e-08,0.9999999767573173
276,138.46153846153845,0.26,0.39,0.3663003853295616,0.6336996146704386,2.2027992216587004e-08,0.999999977972024
277,138.96321070234114,0.26,0.39,0.3663003843515692,0.633699615648431,2.0875557161700193e-08,0.9999999791244595
278,139.4648829431438,0.26,0.39,0.3663003834246439,0.6336996165753563,1.9785393244314393e-08,0.9999999802146239
279,139.9665551839465,0.26,0.39,0.36630038254878566,0.6336996174512146,1.875750046442947e-08,0.9999999812425172
280,140.46822742474916,0.26,0.39,0.3663003817239945,0.6336996182760057,1.7791878822045547e-08,0.9999999822081393
281,140.96989966555185,0.26,0.39,0.36630038094776474,0.6336996190522355,1.6885552402452597e-08,0.9999999831144661
282,141.4715719063545,0.26,0.39,0.3663003802037794,0.6336996197962208,1.601914193053223e-08,0.9999999839808772
283,141.9732441471572,0.26,0.39,0.36630037948909333,0.6336996205109069,1.5189149510706008e-08,0.9999999848108702
284,142.47491638795987,0.26,0.39,0.36630037880370653,0.6336996211962936,1.4395575142974022e-08,0.999999985604445
285,142.97658862876253,0.26,0.39,0.366300378147619,0.6336996218523812,1.3638418827336225e-08,0.9999999863616019
286,143.47826086956522,0.26,0.39,0.3663003775208308,0.6336996224791694,1.291768056379258e-08,0.9999999870823407
287,143.97993311036788,0.26,0.39,0.3663003769233418,0.6336996230766585,1.2233360352343165e-08,0.9999999877666615
288,144.48160535117057,0.26,0.39,0.36630037635515206,0.6336996236448482,1.1585458192987905e-08,0.9999999884145644
289,144.98327759197323,0.26,0.39,0.36630037581626157,0.6336996241837386,1.0973974085726872e-08,0.9999999890260491
290,145.48494983277592,0.26,0.39,0.36630037530667037,0.6336996246933299,1.0398908030559996e-08,0.9999999896011158
291,145.9866220735786,0.26,0.39,0.36630037482612665,0.6336996251738736,9.859901419147532e-09,0.9999999901401231
292,146.48829431438128,0.26,0.39,0.36630037436780744,0.6336996256321928,9.347237699687778e-09,0.9999999906527876
293,146.98996655518394,0.26,0.39,0.3663003739286528,0.6336996260713474,8.85655922849703e-09,0.9999999911434667
294,147.49163879598663,0.26,0.39,0.36630037350866274,0.6336996264913375,8.38786600557523e-09,0.9999999916121607
295,147.9933110367893,0.26,0.39,0.36630037310783725,0.633699626892163,7.94115803092243e-09,0.9999999920588694
296,148.49498327759198,0.26,0.39,0.3663003727261764,0.6336996272738238,7.516435304538584e-09,0.999999992483593
297,148.99665551839465,0.26,0.39,0.3663003723636801,0.6336996276363202,7.113697826423734e-09,0.9999999928863311
298,149.49832775919734,0.26,0.39,0.36630037202034843,0.6336996279796518,6.732945596577839e-09,0.9999999932670842
299,150.0,0.26,0.39,0.3663003716961813,0.6336996283038189,6.374178615000941e-09,0.999999993625852
