,time,sigma,beta,S,I,C,D
0,0.0,0.0,0.08,0.9998,0.0002,0.5,0.5
1,0.5016722408026756,0.0,0.08,0.9998098077404275,0.0001901922595723848,0.4791092076183969,0.520890792381603
2,1.0033444816053512,0.0,0.08,0.9998190373350864,0.00018096266491335423,0.4582911758111521,0.5417088241888479
3,1.5050167224080266,0.0,0.08,0.9998277207963402,0.0001722792036594786,0.4376177539123171,0.5623822460876831
4,2.0066889632107023,0.0,0.08,0.9998358912706016,0.00016410872939820825,0.4171587485267729,0.5828412514732272
5,2.508361204013378,0.0,0.08,0.9998435802672232,0.00015641973277663801,0.3969810506506536,0.6030189493493465
6,3.0100334448160533,0.0,0.08,0.9998508177024729,0.00014918229752695954,0.3771477888716052,0.6228522111283948
7,3.511705685618729,0.0,0.08,0.9998576319468312,0.00014236805316866633,0.35771762745437274,0.6422823725456273
8,4.013377926421405,0.0,0.08,0.9998640498756114,0.00013595012438844242,0.33874406032792054,0.6612559396720795
9,4.51505016722408,0.0,0.08,0.9998700969051044,0.00012990309489551992,0.3202750332422911,0.679724966757709
10,5.016722408026756,0.0,0.08,0.9998757970385285,0.00012420296147146962,0.30235254900908654,0.6976474509909135
11,5.518394648829432,0.0,0.08,0.9998811729083042,0.00011882709169576782,0.2850124642594148,0.7149875357405853
12,6.020066889632107,0.0,0.08,0.9998862458192265,0.0001137541807735583,0.2682844181589955,0.7317155818410046
13,6.521739130434782,0.0,0.08,0.9998910357931741,0.00010896420682594532,0.2521918879408909,0.7478081120591091
14,7.023411371237458,0.0,0.08,0.9998955616143977,0.00010443838560225494,0.23675228583473462,0.7632477141652654
15,7.525083612040134,0.0,0.08,0.9998998408780947,0.00010015912190543871,0.22197733230670974,0.7780226676932903
16,8.02675585284281,0.0,0.08,0.9999038900388177,9.610996118229334e-05,0.20787333624851906,0.792126663751481
17,8.528428093645484,0.0,0.08,0.9999077244610967,9.227553890340508e-05,0.19444150518781123,0.805558494812189
18,9.03010033444816,0.0,0.08,0.9999113584702135,8.864152978647029e-05,0.18167852233536513,0.818321477664635
19,9.531772575250836,0.0,0.08,0.9999148054043946,8.519459560544395e-05,0.16957693960460477,0.8304230603953954
20,10.033444816053512,0.0,0.08,0.9999180776671042,8.192233289586543e-05,0.15812567918322287,0.8418743208167773
21,10.535117056856187,0.0,0.08,0.9999211867792402,7.881322075970909e-05,0.14731052950171375,0.8526894704982865
22,11.036789297658864,0.0,0.08,0.9999241434306022,7.585656939773376e-05,0.13711461662801677,0.8628853833719834
23,11.538461538461538,0.0,0.08,0.9999269575310407,7.304246895924163e-05,0.12751886471585855,0.8724811352841416
24,12.040133779264213,0.0,0.08,0.9999296382601118,7.03617398880494e-05,0.11850243143657149,0.8814975685634286
25,12.54180602006689,0.0,0.08,0.9999321941153146,6.78058846852529e-05,0.11004310999438291,0.8899568900056172
26,13.043478260869565,0.0,0.08,0.9999346329590725,6.536704092736021e-05,0.10211770396807629,0.8978822960319238
27,13.545150501672241,0.0,0.08,0.9999369620631388,6.303793686114087e-05,0.09470235375491086,0.9052976462450892
28,14.046822742474916,0.0,0.08,0.9999391881517009,6.081184829897807e-05,0.0877728367163402,0.9122271632836598
29,14.548494983277592,0.0,0.08,0.9999413174416899,5.868255831008882e-05,0.08130482555402703,0.918695174445973
30,15.050167224080267,0.0,0.08,0.9999433556815508,5.664431844917274e-05,0.07527411476048144,0.9247258852395187
31,15.551839464882944,0.0,0.08,0.9999453081871814,5.469181281857642e-05,0.06965680984494163,0.9303431901550584
32,16.05351170568562,0.0,0.08,0.9999471798760685,5.2820123931409425e-05,0.0644294882344149,0.9355705117655851
33,16.555183946488295,0.0,0.08,0.9999489752989502,5.102470104971144e-05,0.05956932767941121,0.9404306723205889
34,17.05685618729097,0.0,0.08,0.999950698669438,4.930133056200674e-05,0.05505421417493182,0.9449457858250683
35,17.558528428093645,0.0,0.08,0.999952353891429,4.764610857084874e-05,0.05086281815418477,0.9491371818458154
36,18.06020066889632,0.0,0.08,0.999953944584639,4.605541536082697e-05,0.04697465970986879,0.9530253402901314
37,18.561872909698998,0.0,0.08,0.9999554741080829,4.4525891916926144e-05,0.04337014743406075,0.9566298525659395
38,19.06354515050167,0.0,0.08,0.9999569455817127,4.305441828717287e-05,0.0400306045989584,0.9599693954010418
39,19.565217391304348,0.0,0.08,0.9999583619061704,4.1638093829439664e-05,0.03693827567568664,0.9630617243243135
40,20.066889632107024,0.0,0.08,0.9999597257816192,4.0274218380700236e-05,0.034076344178093104,0.965923655821907
41,20.568561872909697,0.0,0.08,0.9999610397241142,3.8960275885597394e-05,0.03142891754242544,0.9685710824575746
42,21.070234113712374,0.0,0.08,0.9999623060810165,3.769391898329142e-05,0.028980999787933948,0.9710190002120661
43,21.57190635451505,0.0,0.08,0.9999635270451829,3.647295481712519e-05,0.026718486460458653,0.9732815135395414
44,22.073578595317727,0.0,0.08,0.9999647046676405,3.5295332359456044e-05,0.024628125419624548,0.9753718745803756
45,22.5752508361204,0.0,0.08,0.9999658408693868,3.415913061325232e-05,0.02269749296261474,0.9773025070373853
46,23.076923076923077,0.0,0.08,0.9999669374520075,3.306254799258257e-05,0.020914959886621492,0.9790850401133786
47,23.578595317725753,0.0,0.08,0.999967996107363,3.2003892637053715e-05,0.019269656207029476,0.9807303437929706
48,24.080267558528426,0.0,0.08,0.9999690184264844,3.0981573515623935e-05,0.01775143688763483,0.9822485631123653
49,24.581939799331103,0.0,0.08,0.9999700059076176,2.9994092382408257e-05,0.0163508407542691,0.983649159245731
50,25.08361204013378,0.0,0.08,0.9999709599635984,2.90400364016507e-05,0.015059058067994908,0.9849409419320051
51,25.585284280936456,0.0,0.08,0.9999718819283604,2.8118071639666385e-05,0.013867892113269813,0.9861321078867302
52,26.08695652173913,0.0,0.08,0.9999727730631459,2.7226936854071137e-05,0.012769725649625122,0.9872302743503749
53,26.588628762541806,0.0,0.08,0.9999736345619124,2.6365438087657313e-05,0.011757483480225069,0.988242516519775
54,27.090301003344482,0.0,0.08,0.9999744675564242,2.553244357592909e-05,0.010824600989115906,0.9891753990108841
55,27.59197324414716,0.0,0.08,0.9999752731207423,2.472687925780434e-05,0.009964990406318965,0.9900350095936811
56,28.093645484949832,0.0,0.08,0.9999760522754396,2.3947724560402843e-05,0.009173010547694871,0.9908269894523052
57,28.59531772575251,0.0,0.08,0.9999768059914129,2.3194008587069893e-05,0.008443437854029153,0.991556562145971
58,29.096989966555185,0.0,0.08,0.9999775351931565,2.2464806843575208e-05,0.007771436159120613,0.9922285638408795
59,29.598662207357858,0.0,0.08,0.999978240762116,2.1759237884007438e-05,0.007152532538978715,0.9928474674610214
60,30.100334448160535,0.0,0.08,0.9999789235394099,2.107646059012954e-05,0.006582590324214419,0.9934174096757857
61,30.60200668896321,0.0,0.08,0.9999795843285337,2.0415671466244508e-05,0.006057786203065174,0.9939422137969349
62,31.103678929765888,0.0,0.08,0.9999802238977527,1.9776102247366415e-05,0.005574587980036483,0.9944254120199636
63,31.60535117056856,0.0,0.08,0.9999808429822065,1.9157017793525774e-05,0.00512973294553695,0.9948702670544631
64,32.10702341137124,0.0,0.08,0.9999814422860511,1.8557713948885456e-05,0.00472020916109472,0.9952797908389054
65,32.608695652173914,0.0,0.08,0.9999820224841829,1.797751581713893e-05,0.004343236304317341,0.9956567636956828
66,33.11036789297659,0.0,0.08,0.999982584224013,1.7415775987009494e-05,0.0039962489620348615,0.9960037510379652
67,33.61204013377927,0.0,0.08,0.9999831281269979,1.6871873002068915e-05,0.003676880575827828,0.9963231194241723
68,34.11371237458194,0.0,0.08,0.9999836547900457,1.6345209954311776e-05,0.0033829484427860454,0.9966170515572141
69,34.61538461538461,0.0,0.08,0.9999841647869044,1.5835213095606048e-05,0.0031124400509150107,0.9968875599490851
70,35.11705685618729,0.0,0.08,0.9999846586693073,1.5341330692704426e-05,0.0028634999872139554,0.9971365000127862
71,35.618729096989966,0.0,0.08,0.9999851369681677,1.486303183230031e-05,0.0026344180989836133,0.9973655819010164
72,36.12040133779264,0.0,0.08,0.9999856001945906,1.4399805409463612e-05,0.002423618384466992,0.9975763816155331
73,36.62207357859532,0.0,0.08,0.9999860488408502,1.3951159149812805e-05,0.002229648641984986,0.9977703513580151
74,37.123745819397996,0.0,0.08,0.9999864833813087,1.3516618691325116e-05,0.0020511709800563986,0.9979488290199436
75,37.625418060200666,0.0,0.08,0.9999869042732088,1.3095726791265211e-05,0.0018869530184885087,0.9981130469815116
76,38.12709030100334,0.0,0.08,0.999987311957556,1.26880424440017e-05,0.0017358595864989028,0.9982641404135012
77,38.62876254180602,0.0,0.08,0.9999877068598249,1.229314017517781e-05,0.0015968451780739837,0.998403154821926
78,39.130434782608695,0.0,0.08,0.9999880893904995,1.1910609500493266e-05,0.0014689470904380912,0.9985310529095619
79,39.63210702341137,0.0,0.08,0.9999884599458915,1.154005410857448e-05,0.0013512789750466285,0.9986487210249534
80,40.13377926421405,0.0,0.08,0.9999888189086953,1.1181091304775943e-05,0.0012430248522377297,0.9987569751477623
81,40.635451505016725,0.0,0.08,0.9999891666485248,1.0833351475236598e-05,0.0011434330025309886,0.9988565669974689
82,41.137123745819395,0.0,0.08,0.9999895035224358,1.0496477564235691e-05,0.0010518120030034049,0.9989481879969966
83,41.63879598662207,0.0,0.08,0.9999898298754357,1.0170124564354787e-05,0.0009675256960353384,0.9990324743039646
84,42.14046822742475,0.0,0.08,0.9999901460410809,9.853958919058725e-06,0.0008899873939536198,0.9991100126060464
85,42.642140468227424,0.0,0.08,0.9999904523417523,9.547658247716182e-06,0.0008186578955398752,0.9991813421044601
86,43.1438127090301,0.0,0.08,0.9999907490891273,9.25091087280139e-06,0.0007530412597293134,0.9992469587402707
87,43.64548494983278,0.0,0.08,0.9999910365847067,8.96341529345042e-06,0.0006926800474798806,0.9993073199525201
88,44.147157190635454,0.0,0.08,0.9999913151200382,8.684879961822259e-06,0.0006371539930260186,0.999362846006974
89,44.64882943143812,0.0,0.08,0.9999915849771236,8.415022876512074e-06,0.0005860766403787435,0.9994139233596213
90,45.1505016722408,0.0,0.08,0.9999918464288601,8.153571140044956e-06,0.0005390915098131196,0.9994609084901869
91,45.65217391304348,0.0,0.08,0.9999920997392503,7.900260749779437e-06,0.0004958711702703344,0.9995041288297297
92,46.15384615384615,0.0,0.08,0.9999923451637492,7.654836250811211e-06,0.0004561145777878874,0.9995438854222122
93,46.65551839464883,0.0,0.08,0.9999925829496366,7.417050363584253e-06,0.0004195440205058827,0.9995804559794942
94,47.15719063545151,0.0,0.08,0.9999928133362145,7.186663785590801e-06,0.00038590443434482704,0.9996140955656553
95,47.65886287625418,0.0,0.08,0.999993036555107,6.963444893090515e-06,0.00035496132462073946,0.9996450386753793
96,48.16053511705685,0.0,0.08,0.9999932528305746,6.747169425444302e-06,0.00032649841939871263,0.9996735015806014
97,48.66220735785953,0.0,0.08,0.9999934623797024,6.537620297588021e-06,0.00030031709549194994,0.9996996829045082
98,49.163879598662206,0.0,0.08,0.9999936654126591,6.334587340824069e-06,0.0002762347622252275,0.9997237652377748
99,49.66555183946488,0.0,0.08,0.9999938621329685,6.137867031503675e-06,0.0002540830074346731,0.9997459169925654
100,50.16722408026756,0.0,0.08,0.9999940527376829,5.947262316982484e-06,0.00023370718462856668,0.9997662928153715
101,50.668896321070235,0.0,0.08,0.9999942374176124,5.7625823876262405e-06,0.00021496513502484098,0.9997850348649753
102,51.17056856187291,0.0,0.08,0.9999944163575594,5.5836424407005776e-06,0.0001977257359690836,0.999802274264031
103,51.67224080267559,0.0,0.08,0.99999458973648,5.4102635200030674e-06,0.00018186858926680987,0.9998181314107334
104,52.17391304347826,0.0,0.08,0.9999947577276861,5.24227231399234e-06,0.0001672830186520858,0.999832716981348
105,52.675585284280935,0.0,0.08,0.9999949204990509,5.0795009491814524e-06,0.00015386695220403375,0.9998461330477961
106,53.17725752508361,0.0,0.08,0.9999950782131578,4.921786842214791e-06,0.00014152667408391778,0.9998584733259162
107,53.67892976588629,0.0,0.08,0.9999952310274798,4.768972520273454e-06,0.00013017603874473075,0.9998698239612553
108,54.180602006688964,0.0,0.08,0.9999953790945615,4.62090543856129e-06,0.00011973558974942236,0.9998802644102507
109,54.68227424749164,0.0,0.08,0.9999955225621554,4.477437844638203e-06,0.00011013238114155458,0.9998898676188586
110,55.18394648829432,0.0,0.08,0.9999956615733822,4.338426617844706e-06,0.00010129935827884382,0.9998987006417214
111,55.68561872909699,0.0,0.08,0.9999957962668927,4.203733107277417e-06,9.317467762836686e-05,0.9999068253223719
112,56.187290969899664,0.0,0.08,0.9999959267769926,4.073223007409436e-06,8.570156415086488e-05,0.9999142984358493
113,56.68896321070234,0.0,0.08,0.9999960532337869,3.9467662131074895e-06,7.88278203331828e-05,0.999921172179667
114,57.19063545150502,0.0,0.08,0.9999961757633203,3.8242366797299225e-06,7.250533525712666e-05,0.9999274946647431
115,57.69230769230769,0.0,0.08,0.9999962944877,3.7055123000640794e-06,6.668990278179183e-05,0.9999333100972184
116,58.19397993311037,0.0,0.08,0.9999964095252183,3.5904747817378712e-06,6.134087797490898e-05,0.9999386591220253
117,58.69565217391305,0.0,0.08,0.9999965209904869,3.4790095130972993e-06,5.642072009538678e-05,0.9999435792799048
118,59.197324414715716,0.0,0.08,0.9999966289945303,3.3710054696777367e-06,5.189508322875272e-05,0.9999481049167714
119,59.69899665551839,0.0,0.08,0.9999967336449058,3.266355094126068e-06,4.7732507612863e-05,0.9999522674923873
120,60.20066889632107,0.0,0.08,0.9999968350458155,3.1649541844621048e-06,4.390404611454402e-05,0.9999560959538857
121,60.702341137123746,0.0,0.08,0.9999969332982157,3.06670178431748e-06,4.038278610952652e-05,0.9999596172138907
122,61.20401337792642,0.0,0.08,0.9999970284999362,2.9715000637633255e-06,3.714405901743262e-05,0.9999628559409828
123,61.7056856187291,0.0,0.08,0.9999971207457917,2.879254208325426e-06,3.4165051597497585e-05,0.9999658349484027
124,62.207357859531776,0.0,0.08,0.9999972101276269,2.7898723731433987e-06,3.1424842331473014e-05,0.9999685751576688
125,62.709030100334445,0.0,0.08,0.9999972967343338,2.703265666234201e-06,2.8904566908536048e-05,0.9999710954330917
126,63.21070234113712,0.0,0.08,0.9999973806521247,2.619347875237173e-06,2.6586519622282478e-05,0.9999734134803779
127,63.7123745819398,0.0,0.08,0.9999974619645741,2.538035425915529e-06,2.445421613798469e-05,0.9999755457838623
128,64.21404682274247,0.0,0.08,0.9999975407526276,2.459247372508447e-06,2.2492618464004308e-05,0.9999775073815363
129,64.71571906354515,0.0,0.08,0.9999976170945971,2.382905402910719e-06,2.068842707929817e-05,0.9999793115729211
130,65.21739130434783,0.0,0.08,0.9999976910664593,2.308933540709608e-06,1.902901559675334e-05,0.9999809709844036
131,65.7190635451505,0.0,0.08,0.9999977627418675,2.23725813256678e-06,1.7502643193058658e-05,0.9999824973568073
132,66.22073578595318,0.0,0.08,0.9999978321921547,2.167807845518093e-06,1.6098593127777403e-05,0.9999839014068727
133,66.72240802675586,0.0,0.08,0.9999978994863412,2.1005136589304477e-06,1.48072919089172e-05,0.9999851927080915
134,67.22408026755853,0.0,0.08,0.9999979646913898,2.035308610304218e-06,1.361966493501948e-05,0.9999863803350654
135,67.72575250836121,0.0,0.08,0.9999980278722166,1.972127783596316e-06,1.2527244389418166e-05,0.999987472755611
136,68.22742474916387,0.0,0.08,0.9999980890918441,1.910908156086938e-06,1.1522175296421099e-05,0.999988477824704
137,68.72909698996655,0.0,0.08,0.9999981484106589,1.8515893412516983e-06,1.0598094935582022e-05,0.9999894019050648
138,69.23076923076923,0.0,0.08,0.9999982058880869,1.7941119132569758e-06,9.748082723186407e-06,0.9999902519172772
139,69.7324414715719,0.0,0.08,0.9999982615812508,1.7384187493005405e-06,8.96617254700769e-06,0.9999910338274535
140,70.23411371237458,0.0,0.08,0.99999831554555,1.6844544502344334e-06,8.246930109713705e-06,0.9999917530698907
141,70.73578595317726,0.0,0.08,0.9999983678346513,1.6321653487520366e-06,7.585483295172988e-06,0.9999924145167053
142,71.23745819397993,0.0,0.08,0.9999984185005976,1.5814994025723264e-06,6.977125982770441e-06,0.9999930228740177
143,71.73913043478261,0.0,0.08,0.9999984675937545,1.5324062456172105e-06,6.4175078670622694e-06,0.9999935824921334
144,72.24080267558529,0.0,0.08,0.9999985151628463,1.4848371538534595e-06,5.902635186578986e-06,0.9999940973648138
145,72.74247491638796,0.0,0.08,0.9999985612554974,1.4387445028837717e-06,5.428870501475015e-06,0.999994571129499
146,73.24414715719064,0.0,0.08,0.999998605917649,1.394082351199794e-06,4.992932932622353e-06,0.9999950070670678
147,73.74581939799332,0.0,0.08,0.99999864919353,1.3508064702086272e-06,4.5918981739193756e-06,0.9999954081018265
148,74.24749163879599,0.0,0.08,0.9999986911257807,1.3088742195234114e-06,4.223198441168549e-06,0.9999957768015593
149,74.74916387959867,0.0,0.08,0.9999987317558665,1.2682441336995085e-06,3.8843994522761325e-06,0.9999961156005481
150,75.25083612040133,0.0,0.08,0.9999987711249746,1.2288750256474859e-06,3.572716579770621e-06,0.9999964272834206
151,75.75250836120401,0.0,0.08,0.9999988092722424,1.1907277578661654e-06,3.285970705210211e-06,0.9999967140292952
152,76.25418060200668,0.0,0.08,0.9999988462353625,1.1537646376657156e-06,3.0222618484219947e-06,0.999996977738152
153,76.75585284280936,0.0,0.08,0.9999988820506496,1.117949350605154e-06,2.7799336843590167e-06,0.9999972200663161
154,77.25752508361204,0.0,0.08,0.9999989167539817,1.0832460184597082e-06,2.5571703749928596e-06,0.9999974428296254
155,77.75919732441471,0.0,0.08,0.9999989503803387,1.0496196614329286e-06,2.3521943853713646e-06,0.9999976478056151
156,78.26086956521739,0.0,0.08,0.9999989829630446,1.0170369555247607e-06,2.1635906195758396e-06,0.9999978364093809
157,78.76254180602007,0.0,0.08,0.9999990145342283,9.854657717455332e-07,1.9901092150025325e-06,0.9999980098907855
158,79.26421404682274,0.0,0.08,0.9999990451379481,9.548620519966275e-07,1.8291265057693307e-06,0.9999981708734947
159,79.76588628762542,0.0,0.08,0.9999990747705333,9.252294668082627e-07,1.6833777040574134e-06,0.9999983166222964
160,80.2675585284281,0.0,0.08,0.9999991034885021,8.965114980328802e-07,1.548698362882019e-06,0.9999984513016377
161,80.76923076923077,0.0,0.08,0.9999991313175066,8.686824935097398e-07,1.4245175438163397e-06,0.9999985754824567
162,81.27090301003345,0.0,0.08,0.9999991582831991,8.417168010781008e-07,1.3102643084335677e-06,0.9999986897356921
163,81.77257525083613,0.0,0.08,0.9999991844109171,8.155890830282346e-07,1.205279592860371e-06,0.9999987947204076
164,82.27424749163879,0.0,0.08,0.9999992097255697,7.902744303471422e-07,1.1087841902145311e-06,0.9999988912158103
165,82.77591973244147,0.0,0.08,0.9999992342525071,7.657474929716661e-07,1.0201224986924542e-06,0.9999989798775019
166,83.27759197324414,0.0,0.08,0.9999992580170906,7.419829094508702e-07,9.386421079358812e-07,0.9999990613578925
167,83.77926421404682,0.0,0.08,0.9999992810446817,7.189553183338179e-07,8.6369060758655e-07,0.999999136309393
168,84.2809364548495,0.0,0.08,0.9999993033605433,6.966394567909312e-07,7.946203977455811e-07,0.9999992053796027
169,84.78260869565217,0.0,0.08,0.9999993249832939,6.750167061849472e-07,7.311079626462105e-07,0.9999992688920378
170,85.28428093645485,0.0,0.08,0.9999993459318129,6.540681872088239e-07,6.728170718175263e-07,0.9999993271829286
171,85.78595317725753,0.0,0.08,0.9999993662281205,6.337718796402537e-07,6.192582901929137e-07,0.9999993807417102
172,86.2876254180602,0.0,0.08,0.9999993858942369,6.141057632569295e-07,5.699421827057583e-07,0.9999994300578178
173,86.78929765886288,0.0,0.08,0.9999994049521823,5.950478178365438e-07,5.243793142894453e-07,0.9999994756206861
174,87.29096989966555,0.0,0.08,0.9999994234228505,5.76577149558192e-07,4.821441465797526e-07,0.999999517855854
175,87.79264214046823,0.0,0.08,0.9999994413187762,5.58681223954886e-07,4.432853373101099e-07,0.9999995567146632
176,88.29431438127091,0.0,0.08,0.9999994586568645,5.413431355904534e-07,4.076035948447836e-07,0.9999995923964057
177,88.79598662207358,0.0,0.08,0.9999994754554768,5.24544523290493e-07,3.7481704875137667e-07,0.9999996251829517
178,89.29765886287625,0.0,0.08,0.9999994917329742,5.082670258806036e-07,3.4464382859749324e-07,0.9999996553561719
179,89.79933110367892,0.0,0.08,0.9999995075077179,4.924922821863831e-07,3.1680206395073455e-07,0.9999996831979365
180,90.3010033444816,0.0,0.08,0.9999995231012402,4.768987599636412e-07,2.8753947067487475e-07,0.9999997124605298
181,90.80267558528428,0.0,0.08,0.9999995377611967,4.622388034054139e-07,2.6573126208282024e-07,0.9999997342687383
182,91.30434782608695,0.0,0.08,0.9999995520199237,4.479800763508303e-07,2.4518110979894035e-07,0.9999997548188907
183,91.80602006688963,0.0,0.08,0.9999995658774213,4.341225787998904e-07,2.2588901382323501e-07,0.9999997741109866
184,92.3076923076923,0.0,0.08,0.9999995793336893,4.2066631075259426e-07,2.078549741557043e-07,0.9999997921450263
185,92.80936454849498,0.0,0.08,0.9999995923888223,4.076111778851871e-07,1.9107852292345345e-07,0.9999998089214774
186,93.31103678929766,0.0,0.08,0.9999996050622723,3.9493772788913374e-07,1.754631710932228e-07,0.9999998245368293
187,93.81270903010034,0.0,0.08,0.9999996173686945,3.826313056698999e-07,1.6093622519002525e-07,0.9999998390637752
188,94.31438127090301,0.0,0.08,0.9999996293080889,3.706919112274854e-07,1.4749768521386082e-07,0.9999998525023152
189,94.81605351170569,0.0,0.08,0.9999996408804556,3.591195445618904e-07,1.351475511647295e-07,0.9999998648524493
190,95.31772575250837,0.0,0.08,0.9999996520857944,3.479142056731148e-07,1.238858230426313e-07,0.9999998761141774
191,95.81939799331104,0.0,0.08,0.9999996629241056,3.3707589456115867e-07,1.137125008475662e-07,0.9999998862874996
192,96.3210702341137,0.0,0.08,0.9999996733967867,3.266032133875993e-07,1.0461803374562013e-07,0.9999998953819667
193,96.82274247491638,0.0,0.08,0.9999996835511361,3.164488640961101e-07,9.627925428552242e-08,0.9999999037207462
194,97.32441471571906,0.0,0.08,0.9999996934103007,3.065896994410907e-07,8.853800720792894e-08,0.9999999114619933
195,97.82608695652173,0.0,0.08,0.9999997029742808,2.9702571942254105e-07,8.139429251283968e-08,0.9999999186057079
196,98.32775919732441,0.0,0.08,0.9999997122430762,2.8775692404046117e-07,7.484811020025464e-08,0.9999999251518903
197,98.82943143812709,0.0,0.08,0.9999997212166869,2.7878331329485107e-07,6.889946027017384e-08,0.9999999311005402
198,99.33110367892976,0.0,0.08,0.999999729895113,2.7010488718571077e-07,6.354834272259726e-08,0.9999999364516577
199,99.83277591973244,0.0,0.08,0.9999997382813474,2.617186528014421e-07,5.877876068429437e-08,0.9999999412212397
200,100.33444816053512,0.0,0.08,0.9999997464172743,2.535827259018755e-07,5.436684623989585e-08,0.9999999456331541
201,100.8361204013378,0.0,0.08,0.999999754316376,2.456836242131463e-07,5.0240537713403555e-08,0.9999999497594626
202,101.33779264214047,0.0,0.08,0.9999997619786525,2.380213477352544e-07,4.6399835104817484e-08,0.9999999536001652
203,101.83946488294315,0.0,0.08,0.9999997694041037,2.305958964681999e-07,4.284473841413765e-08,0.9999999571552619
204,102.34113712374582,0.0,0.08,0.9999997765927298,2.2340727041198275e-07,3.9575247641364035e-08,0.9999999604247527
205,102.8428093645485,0.0,0.08,0.9999997835445306,2.1645546956660297e-07,3.659136278649666e-08,0.9999999634086376
206,103.34448160535118,0.0,0.08,0.9999997902640563,2.0973594382661138e-07,3.38805090805845e-08,0.9999999661194913
207,103.84615384615384,0.0,0.08,0.999999796785895,2.0321410506110037e-07,3.1347098023652516e-08,0.9999999686529023
208,104.34782608695652,0.0,0.08,0.9999998031172249,1.9688277518355922e-07,2.897129210195792e-08,0.9999999710287082
209,104.84949832775919,0.0,0.08,0.9999998092580459,1.907419541939881e-07,2.6753091315500798e-08,0.999999973246909
210,105.35117056856187,0.0,0.08,0.999999815208358,1.8479164209238702e-07,2.469249566428115e-08,0.9999999753075047
211,105.85284280936455,0.0,0.08,0.9999998209681612,1.7903183887875598e-07,2.2789505148298974e-08,0.9999999772104952
212,106.35451505016722,0.0,0.08,0.9999998265374556,1.7346254455309497e-07,2.104411976755427e-08,0.9999999789558806
213,106.8561872909699,0.0,0.08,0.999999831922211,1.6807778914754724e-07,1.9446728634503525e-08,0.9999999805532718
214,107.35785953177258,0.0,0.08,0.9999998371501915,1.6284980864546364e-07,1.795263522009078e-08,0.9999999820473652
215,107.85953177257525,0.0,0.08,0.9999998422248998,1.5777510036699475e-07,1.655620065607732e-08,0.9999999834437997
216,108.36120401337793,0.0,0.08,0.9999998471463358,1.5285366431214059e-07,1.5257424942463155e-08,0.9999999847425755
217,108.8628762541806,0.0,0.08,0.9999998519144997,1.480855004809011e-07,1.4056308079248281e-08,0.9999999859436923
218,109.36454849498328,0.0,0.08,0.9999998565293913,1.4347060887327637e-07,1.2952850066432695e-08,0.9999999870471503
219,109.86622073578596,0.0,0.08,0.9999998609910107,1.3900898948926633e-07,1.1947050904016401e-08,0.9999999880529494
220,110.36789297658864,0.0,0.08,0.9999998653064757,1.3469352440637236e-07,1.1029565943479739e-08,0.9999999889704345
221,110.8695652173913,0.0,0.08,0.999999869497187,1.3050281299851825e-07,1.0172299721740085e-08,0.9999999898277007
222,111.37123745819397,0.0,0.08,0.9999998735645915,1.2643540854412005e-07,9.373352933949956e-09,0.9999999906266475
223,111.87290969899665,0.0,0.08,0.999999877508689,1.2249131104317785e-07,8.63272558010938e-09,0.9999999913672748
224,112.37458193979933,0.0,0.08,0.9999998813294796,1.186705204956917e-07,7.950417660218359e-09,0.9999999920495828
225,112.876254180602,0.0,0.08,0.9999998850269631,1.1497303690166157e-07,7.326429174276889e-09,0.9999999926735712
226,113.37792642140468,0.0,0.08,0.9999998886011398,1.1139886026108748e-07,6.760760122284972e-09,0.9999999932392403
227,113.87959866220736,0.0,0.08,0.9999998920599621,1.0794003796375892e-07,6.245017940480055e-09,0.9999999937549825
228,114.38127090301003,0.0,0.08,0.99999989541916,1.0458084003833338e-07,5.762602445528544e-09,0.9999999942373979
229,114.88294314381271,0.0,0.08,0.9999998986791584,1.0132084162947942e-07,5.313065278292437e-09,0.9999999946869351
230,115.38461538461539,0.0,0.08,0.9999999018399574,9.816004273719708e-08,4.896406438771734e-09,0.9999999951035939
231,115.88628762541806,0.0,0.08,0.9999999049015567,9.509844336148633e-08,4.512625926966435e-09,0.9999999954873745
232,116.38795986622074,0.0,0.08,0.9999999078639565,9.213604350234719e-08,4.1617237428765405e-09,0.9999999958382766
233,116.88963210702342,0.0,0.08,0.9999999107271569,8.927284315977966e-08,3.843699886502049e-09,0.9999999961563005
234,117.3913043478261,0.0,0.08,0.9999999134996398,8.650036021529025e-08,3.552245993615677e-09,0.9999999964477545
235,117.89297658862876,0.0,0.08,0.9999999161922768,8.380772327185882e-08,3.2792767336345174e-09,0.9999999967207237
236,118.39464882943143,0.0,0.08,0.9999999188051084,8.119489168456964e-08,3.024761877915611e-09,0.9999999969752386
237,118.89632107023411,0.0,0.08,0.9999999213381346,7.866186545342278e-08,2.7887014264589643e-09,0.9999999972112991
238,119.39799331103679,0.0,0.08,0.9999999237913555,7.620864457841826e-08,2.571095379264579e-09,0.9999999974289051
239,119.89966555183946,0.0,0.08,0.999999926164771,7.383522905955606e-08,2.3719437363324537e-09,0.9999999976280567
240,120.40133779264214,0.0,0.08,0.9999999284584076,7.154159241911252e-08,2.191233189399796e-09,0.9999999978087671
241,120.90301003344482,0.0,0.08,0.9999999306809226,6.931907740615475e-08,2.024612421418738e-09,0.999999997975388
242,121.40468227424749,0.0,0.08,0.9999999328392347,6.71607652864178e-08,1.868603930513664e-09,0.9999999981313964
243,121.90635451505017,0.0,0.08,0.9999999349333439,6.506665605990166e-08,1.7232077166845733e-09,0.9999999982767926
244,122.40802675585284,0.0,0.08,0.9999999369632503,6.303674972660636e-08,1.5884237799314667e-09,0.9999999984115766
245,122.90969899665552,0.0,0.08,0.9999999389289538,6.107104628653188e-08,1.4642521202543437e-09,0.9999999985357483
246,123.4113712374582,0.0,0.08,0.9999999408304543,5.916954573967823e-08,1.3506927376532045e-09,0.9999999986493077
247,123.91304347826087,0.0,0.08,0.9999999426679581,5.733204188936408e-08,1.2476724996102814e-09,0.9999999987523278
248,124.41471571906355,0.0,0.08,0.999999944449604,5.555039591949245e-08,1.1523047829798287e-09,0.9999999988476955
249,124.91638795986621,0.0,0.08,0.9999999461795992,5.382040076224962e-08,1.0630974519054637e-09,0.9999999989369028
250,125.41806020066889,0.0,0.08,0.9999999478579435,5.214205641763548e-08,9.800505063871817e-10,0.9999999990199498
251,125.91973244147157,0.0,0.08,0.9999999494846371,5.0515362885650095e-08,9.03163946424985e-10,0.9999999990968363
252,126.42140468227424,0.0,0.08,0.9999999510596799,4.8940320166293455e-08,8.324377720188739e-10,0.9999999991675625
253,126.92307692307692,0.0,0.08,0.9999999525830717,4.741692825956557e-08,7.678719831688482e-10,0.9999999992321283
254,127.4247491638796,0.0,0.08,0.9999999540552802,4.594471976078439e-08,7.093456985975665e-10,0.9999999992906546
255,127.92642140468227,0.0,0.08,0.9999999554834919,4.451650802519044e-08,6.550002916552006e-10,0.9999999993450001
256,128.42809364548495,0.0,0.08,0.9999999568701509,4.3129849035001385e-08,6.042036848236646e-10,0.9999999993957966
257,128.9297658862876,0.0,0.08,0.9999999582152571,4.1784742790217276e-08,5.569558781029602e-10,0.9999999994430444
258,129.4314381270903,0.0,0.08,0.9999999595188106,4.048118929083799e-08,5.132568714930832e-10,0.9999999994867435
259,129.93311036789297,0.0,0.08,0.9999999607808113,3.921918853686368e-08,4.731066649940388e-10,0.9999999995268937
260,130.43478260869566,0.0,0.08,0.9999999620012594,3.79987405282942e-08,4.3650525860582234e-10,0.9999999995634951
261,130.93645484949832,0.0,0.08,0.9999999631808962,3.681910376427093e-08,4.0331412912838016e-10,0.9999999995966862
262,131.438127090301,0.0,0.08,0.9999999643257717,3.5674228358815265e-08,3.724030694205619e-10,0.9999999996275972
263,131.93979933110367,0.0,0.08,0.9999999654372181,3.4562781869246263e-08,3.435231597112121e-10,0.9999999996564772
264,132.44147157190636,0.0,0.08,0.9999999665152357,3.34847642955638e-08,3.1667440000032757e-10,0.999999999683326
265,132.94314381270902,0.0,0.08,0.9999999675598243,3.2440175637767996e-08,2.918567902879113e-10,0.9999999997081436
266,133.44481605351172,0.0,0.08,0.999999968570984,3.142901589585873e-08,2.690703305739605e-10,0.99999999973093
267,133.94648829431438,0.0,0.08,0.999999969548715,3.045128506983612e-08,2.483150208584778e-10,0.9999999997516853
268,134.44816053511707,0.0,0.08,0.9999999704943683,2.9505631665013784e-08,2.2949216627234883e-10,0.9999999997705081
269,134.94983277591973,0.0,0.08,0.999999971414617,2.858538289063721e-08,2.1211447654589537e-10,0.9999999997878859
270,135.45150501672242,0.0,0.08,0.9999999723103641,2.7689635912660568e-08,1.9611602090714995e-10,0.9999999998038843
271,135.95317725752508,0.0,0.08,0.9999999731816093,2.6818390731083945e-08,1.8149679935611435e-10,0.9999999998185035
272,136.45484949832775,0.0,0.08,0.9999999740283526,2.5971647345907304e-08,1.682568118927876e-10,0.9999999998317435
273,136.95652173913044,0.0,0.08,0.9999999748505942,2.5149405757130587e-08,1.5639605851716915e-10,0.9999999998436043
274,137.4581939799331,0.0,0.08,0.999999975648334,2.4351665964753895e-08,1.4591453922926025e-10,0.9999999998540858
275,137.9598662207358,0.0,0.08,0.999999976421572,2.3578427968777133e-08,1.3681225402905975e-10,0.9999999998631881
276,138.46153846153845,0.0,0.08,0.9999999771703082,2.282969176920039e-08,1.2908920291656868e-10,0.9999999998709111
277,138.96321070234114,0.0,0.08,0.9999999778945426,2.2105457366023585e-08,1.2274538589178617e-10,0.999999999877255
278,139.4648829431438,0.0,0.08,0.9999999785942753,2.1405724759246795e-08,1.1778080295471293e-10,0.9999999998822195
279,139.9665551839465,0.0,0.08,0.999999979269506,2.0730493948869944e-08,1.1419545410534841e-10,0.9999999998858049
280,140.46822742474916,0.0,0.08,0.999999979920235,2.0079764934893107e-08,1.11989339343693e-10,0.999999999888011
281,140.96989966555185,0.0,0.08,0.9999999805464622,1.945353771731621e-08,1.1116245866974646e-10,0.9999999998888379
282,141.4715719063545,0.0,0.08,0.9999999811481877,1.8851812296139323e-08,1.1171481208350889e-10,0.9999999998882856
283,141.9732441471572,0.0,0.08,0.9999999817254265,1.827457343121114e-08,1.1364466189532171e-10,0.9999999998863558
284,142.47491638795987,0.0,0.08,0.999999982283741,1.7716258911833457e-08,1.1631780206193434e-10,0.9999999998836826
285,142.97658862876253,0.0,0.08,0.9999999828276307,1.7172369227069027e-08,1.1922119609788558e-10,0.9999999998807793
286,143.47826086956522,0.0,0.08,0.9999999833570956,1.664290437691782e-08,1.2235484400317565e-10,0.9999999998776455
287,143.97993311036788,0.0,0.08,0.9999999838721356,1.61278643613799e-08,1.2571874577780418e-10,0.9999999998742817
288,144.48160535117057,0.0,0.08,0.9999999843727507,1.5627249180455206e-08,1.2931290142177151e-10,0.9999999998706876
289,144.98327759197323,0.0,0.08,0.9999999848589411,1.514105883414379e-08,1.331373109350773e-10,0.999999999866863
290,145.48494983277592,0.0,0.08,0.9999999853307067,1.4669293322445605e-08,1.3719197431772197e-10,0.9999999998628084
291,145.9866220735786,0.0,0.08,0.9999999857880473,1.42119526453607e-08,1.4147689156970504e-10,0.9999999998585235
292,146.48829431438128,0.0,0.08,0.9999999862309631,1.3769036802889023e-08,1.4599206269102699e-10,0.9999999998540083
293,146.98996655518394,0.0,0.08,0.9999999866594541,1.3340545795030626e-08,1.507374876816873e-10,0.9999999998492629
294,147.49163879598663,0.0,0.08,0.9999999870735203,1.292647962178546e-08,1.5571316654168654e-10,0.9999999998442872
295,147.9933110367893,0.0,0.08,0.9999999874731617,1.2526838283153569e-08,1.6091909927102413e-10,0.9999999998390813
296,148.49498327759198,0.0,0.08,0.9999999878583782,1.214162177913491e-08,1.6635528586970066e-10,0.9999999998336452
297,148.99665551839465,0.0,0.08,0.9999999882291698,1.1770830109729529e-08,1.7202172633771553e-10,0.9999999998279787
298,149.49832775919734,0.0,0.08,0.9999999885855366,1.1414463274937381e-08,1.7791842067506935e-10,0.999999999822082
299,150.0,0.0,0.08,0.999999988928418,1.1071581916887498e-08,1.8392070265378864e-10,0.9999999998160797
