,time,sigma,beta,S,I,C,D
0,0.0,0.86,0.68,0.9998,0.0002,0.5,0.5
1,0.5016722408026756,0.86,0.68,0.9997767475158207,0.00022325248417936528,0.479116764968363,0.5208832350316367
2,1.0033444816053512,0.86,0.68,0.9997496230215197,0.00025037697848011184,0.4583071356856442,0.5416928643143555
3,1.5050167224080266,0.86,0.68,0.9997178411099695,0.0002821588900302858,0.4376429848946294,0.5623570151053703
4,2.0066889632107023,0.86,0.68,0.9996804376777713,0.0003195623222285042,0.41719417683230764,0.582805823167692
5,2.508361204013378,0.86,0.68,0.9996362271365309,0.0003637728634688499,0.3970276744915924,0.6029723255084074
6,3.0100334448160533,0.86,0.68,0.9995837453797938,0.00041625462020603195,0.37720669098134774,0.622793309018652
7,3.511705685618729,0.86,0.68,0.9995211839481886,0.0004788160518112158,0.3577899972647852,0.6422100027352146
8,4.013377926421405,0.86,0.68,0.9994462932474067,0.0005537067525929444,0.3388312118815672,0.6611687881184327
9,4.51505016722408,0.86,0.68,0.9993562777047716,0.0006437222952281255,0.32037843892604745,0.6796215610739524
10,5.016722408026756,0.86,0.68,0.9992476497620865,0.0007523502379133022,0.3024738703229561,0.6975261296770439
11,5.518394648829432,0.86,0.68,0.999116047776241,0.0008839522237587731,0.285153592606662,0.7148464073933378
12,6.020066889632107,0.86,0.68,0.9989560044980429,0.001043995501956919,0.26844752141600337,0.7315524785839964
13,6.521739130434782,0.86,0.68,0.99876065157941,0.0012393484205897936,0.2523794592485673,0.7476205407514326
14,7.023411371237458,0.86,0.68,0.9985213545902453,0.0014786454097544632,0.23696724209736406,0.7630327579026358
15,7.525083612040134,0.86,0.68,0.9982272094306069,0.0017727905693927756,0.22222307183825712,0.7777769281617428
16,8.02675585284281,0.86,0.68,0.9978644506290321,0.002135549370967657,0.20815379194656156,0.7918462080534384
17,8.528428093645484,0.86,0.68,0.9974156676530603,0.002584332346939358,0.19476133636050638,0.8052386636394936
18,9.03010033444816,0.86,0.68,0.9968588245309368,0.003141175469062977,0.1820431831427052,0.8179568168572947
19,9.531772575250836,0.86,0.68,0.9961659842373114,0.0038340157626884095,0.16999285113927176,0.8300071488607282
20,10.033444816053512,0.86,0.68,0.9953017261362334,0.004698273863766448,0.15860041416537946,0.8413995858346206
21,10.535117056856187,0.86,0.68,0.9942211502560551,0.005778849743944797,0.14785302122891913,0.8521469787710809
22,11.036789297658864,0.86,0.68,0.9928673593297783,0.0071326406702214955,0.1377354111140955,0.8622645888859046
23,11.538461538461538,0.86,0.68,0.9911683223354791,0.008831677664520652,0.12823041608992608,0.8717695839100741
24,12.040133779264213,0.86,0.68,0.9890330435387746,0.010966956461225159,0.11931944755966116,0.8806805524403392
25,12.54180602006689,0.86,0.68,0.9863469397707413,0.013653060229258482,0.1109829595974459,0.8890170404025545
26,13.043478260869565,0.86,0.68,0.9829663162287401,0.017033683771259703,0.10320087969986799,0.8967991203001324
27,13.545150501672241,0.86,0.68,0.9787120513771131,0.021287948622886646,0.09595301560865568,0.9040469843913447
28,14.046822742474916,0.86,0.68,0.9733626863466559,0.026637313653344014,0.08921942497381326,0.910780575026187
29,14.548494983277592,0.86,0.68,0.9666474382421733,0.03335256175782664,0.08298075046989636,0.9170192495301039
30,15.050167224080267,0.86,0.68,0.9582400588510764,0.04175994114892342,0.07721851259014496,0.9227814874098553
31,15.551839464882944,0.86,0.68,0.9477552266038505,0.05224477339614935,0.0719153528372112,0.928084647162789
32,16.05351170568562,0.86,0.68,0.9347500780790925,0.06524992192090731,0.06705521368263612,0.9329447863173641
33,16.555183946488295,0.86,0.68,0.9187342332881157,0.08126576671188422,0.06262343980479776,0.9373765601952025
34,17.05685618729097,0.86,0.68,0.8991931633871624,0.10080683661283761,0.05860677520733888,0.9413932247926615
35,17.558528428093645,0.86,0.68,0.8756291300700489,0.12437086992995093,0.05499323354725644,0.9450067664527438
36,18.06020066889632,0.86,0.68,0.8476231957954475,0.15237680420455227,0.05177181447212145,0.9482281855278789
37,18.561872909698998,0.86,0.68,0.8149171671378025,0.18508283286219748,0.04893205256160521,0.9510679474383951
38,19.06354515050167,0.86,0.68,0.7775070621670988,0.2224929378329013,0.04646340487440592,0.9535365951255944
39,19.565217391304348,0.86,0.68,0.7357295597659389,0.26427044023406115,0.04435452342691558,0.9556454765730846
40,20.066889632107024,0.86,0.68,0.6903148710712607,0.30968512892873945,0.04259249760157666,0.9574075023984236
41,20.568561872909697,0.86,0.68,0.6423780279173146,0.35762197208268554,0.04116219581116384,0.9588378041888366
42,21.070234113712374,0.86,0.68,0.5933324200299205,0.40666757997007974,0.04004584859461232,0.9599541514053881
43,21.57190635451505,0.86,0.68,0.5447331174686748,0.4552668825313253,0.03922298953464705,0.9607770104653534
44,22.073578595317727,0.86,0.68,0.498083981714632,0.5019160182853681,0.03867079928786852,0.961329200712132
45,22.5752508361204,0.86,0.68,0.4546576191738662,0.5453423808261341,0.038364805164745726,0.961635194835255
46,23.076923076923077,0.86,0.68,0.41537187847795626,0.5846281215220439,0.038279806489465856,0.9617201935105348
47,23.578595317725753,0.86,0.68,0.380744023821653,0.6192559761783472,0.03839085743097838,0.9616091425690224
48,24.080267558528426,0.86,0.68,0.35091703854007505,0.6490829614599251,0.038674150801673864,0.9613258491983269
49,24.581939799331103,0.86,0.68,0.3257340403169715,0.6742659596830287,0.03910769828009531,0.9608923017199053
50,25.08361204013378,0.86,0.68,0.3048320545594671,0.6951679454405331,0.03967176400965568,0.960328235990345
51,25.585284280936456,0.86,0.68,0.28773197735118955,0.7122680226488106,0.040349063514905276,0.9596509364850955
52,26.08695652173913,0.86,0.68,0.27391138803628634,0.7260886119637138,0.04112477092232094,0.95887522907768
53,26.588628762541806,0.86,0.68,0.262855951263653,0.7371440487363471,0.04198639067088067,0.9580136093291202
54,27.090301003344482,0.86,0.68,0.2540909146179682,0.7459090853820319,0.04292354620088603,0.9570764537991149
55,27.59197324414716,0.86,0.68,0.24719705248557913,0.752802947514421,0.043927730158437865,0.9560722698415632
56,28.093645484949832,0.86,0.68,0.2418157087913432,0.7581842912086568,0.04499204514690071,0.9550079548531005
57,28.59531772575251,0.86,0.68,0.237647118102503,0.762352881897497,0.04611095604543894,0.9538890439545624
58,29.096989966555185,0.86,0.68,0.2344450612833705,0.7655549387166294,0.04728006454035202,0.9527199354596494
59,29.598662207357858,0.86,0.68,0.23200992686722063,0.7679900731327793,0.048495910817360065,0.9515040891826416
60,30.100334448160535,0.86,0.68,0.23018149087716483,0.7698185091228352,0.0497558033739019,0.9502441966260998
61,30.60200668896321,0.86,0.68,0.22883211562158676,0.7711678843784133,0.05105767544378167,0.9489423245562204
62,31.103678929765888,0.86,0.68,0.22786069832128375,0.7721393016787164,0.052399965563257635,0.9476000344367446
63,31.60535117056856,0.86,0.68,0.22718751560685943,0.7728124843931407,0.053781519031699795,0.9462184809683026
64,32.10702341137124,0.86,0.68,0.22674990590885585,0.7732500940911442,0.055201507159157864,0.9447984928408448
65,32.608695652173914,0.86,0.68,0.22649874636319342,0.7735012536368067,0.056659361564136076,0.9433406384358668
66,33.11036789297659,0.86,0.68,0.22639560452721075,0.7736043954727893,0.058154720828794554,0.9418452791712086
67,33.61204013377927,0.86,0.68,0.22641045744719007,0.77358954255281,0.059687387216854446,0.9403126127831491
68,34.11371237458194,0.86,0.68,0.22651988222255853,0.7734801177774414,0.06125729171670332,0.9387427082833006
69,34.61538461538461,0.86,0.68,0.22670562377761178,0.7732943762223882,0.06286446568909626,0.9371355343109081
70,35.11705685618729,0.86,0.68,0.22695346874687733,0.7730465312531226,0.06450901794020375,0.9354909820598011
71,35.618729096989966,0.86,0.68,0.22725236150978934,0.7727476384902107,0.06619111611462665,0.9338088838853786
72,36.12040133779264,0.86,0.68,0.22759371144775148,0.7724062885522486,0.0679109715456033,0.9320890284544026
73,36.62207357859532,0.86,0.68,0.22797085183345403,0.772029148166546,0.06966882690549442,0.930331173094512
74,37.123745819397996,0.86,0.68,0.22837861607326299,0.7716213839267371,0.07146494605301777,0.9285350539469892
75,37.625418060200666,0.86,0.68,0.22881301121864858,0.7711869887813515,0.07329960573648593,0.9267003942635218
76,38.12709030100334,0.86,0.68,0.22927095348381538,0.7707290465161847,0.07517308850949234,0.9248269114905161
77,38.62876254180602,0.86,0.68,0.22975007186014085,0.7702499281398593,0.07708567702320468,0.9229143229768045
78,39.130434782608695,0.86,0.68,0.23024855267509114,0.769751447324909,0.07903764916350317,0.9209623508365069
79,39.63210702341137,0.86,0.68,0.23076501484270745,0.7692349851572927,0.08102927378284976,0.9189707262171612
80,40.13377926421405,0.86,0.68,0.2312984150735417,0.7687015849264583,0.08306080711054306,0.916939192889469
81,40.635451505016725,0.86,0.68,0.23184797391840498,0.7681520260815952,0.08513248961738117,0.9148675103826319
82,41.137123745819395,0.86,0.68,0.23241311180241814,0.767586888197582,0.0872445431279194,0.9127554568720949
83,41.63879598662207,0.86,0.68,0.23299341409709684,0.7670065859029034,0.08939716860579244,0.9106028313942232
84,42.14046822742475,0.86,0.68,0.2335885897283192,0.766411410271681,0.09159054378101027,0.9084094562190067
85,42.642140468227424,0.86,0.68,0.23419844140960297,0.7658015585903972,0.09382482105977007,0.9061751789402485
86,43.1438127090301,0.86,0.68,0.2348228448269756,0.7651771551730246,0.0961001256661846,0.9038998743338355
87,43.64548494983278,0.86,0.68,0.23546173340936222,0.7645382665906381,0.0984165539952884,0.9015834460047334
88,44.147157190635454,0.86,0.68,0.23611508457232153,0.7638849154276788,0.10077417216045483,0.8992258278395688
89,44.64882943143812,0.86,0.68,0.23678290539515673,0.7632170946048435,0.10317301401533349,0.8968269859846921
90,45.1505016722408,0.86,0.68,0.237465228108061,0.7625347718919393,0.10561308023446762,0.8943869197655602
91,45.65217391304348,0.86,0.68,0.23816209999019042,0.7618379000098099,0.10809433668946988,0.8919056633105602
92,46.15384615384615,0.86,0.68,0.23887358369990885,0.7611264163000915,0.11061671373925355,0.889383286260779
93,46.65551839464883,0.86,0.68,0.2395997463131235,0.7604002536868768,0.1131801042853645,0.8868198957146707
94,47.15719063545151,0.86,0.68,0.24034065966899767,0.7596593403310026,0.11578436352383516,0.8842156364762029
95,47.65886287625418,0.86,0.68,0.2410963943730814,0.7589036056269188,0.11842930698026366,0.8815706930197774
96,48.16053511705685,0.86,0.68,0.24186702109232722,0.7581329789076731,0.12111471058892916,0.8788852894111152
97,48.66220735785953,0.86,0.68,0.2426526069500498,0.7573473930499504,0.12384030923053047,0.8761596907695173
98,49.163879598662206,0.86,0.68,0.24345321354623664,0.7565467864537636,0.12660579597247848,0.873394204027573
99,49.66555183946488,0.86,0.68,0.24426889753374503,0.7557311024662553,0.12941082228974377,0.8705891777103115
100,50.16722408026756,0.86,0.68,0.24509970631906852,0.7549002936809318,0.13225499615160322,0.8677450038484563
101,50.668896321070235,0.86,0.68,0.245945679377356,0.7540543206226443,0.13513788259968446,0.8648621174003794
102,51.17056856187291,0.86,0.68,0.24680684624669097,0.7531931537533094,0.13805900267720778,0.8619409973228608
103,51.67224080267559,0.86,0.68,0.24768322700739684,0.7523167729926035,0.1410178337328298,0.8589821662672438
104,52.17391304347826,0.86,0.68,0.24857483030997332,0.751425169690027,0.144013808806364,0.8559861911937148
105,52.675585284280935,0.86,0.68,0.2494816539623674,0.7505183460376329,0.14704631683378178,0.8529536831663026
106,53.17725752508361,0.86,0.68,0.25040368305851957,0.7495963169414808,0.15011470260348167,0.8498852973966086
107,53.67892976588629,0.86,0.68,0.2513408906088865,0.7486591093911138,0.1532182668042732,0.8467817331958232
108,54.180602006688964,0.86,0.68,0.25229323619459343,0.7477067638054069,0.15635626670154606,0.8436437332985568
109,54.68227424749164,0.86,0.68,0.25326066666428576,0.7467393333357145,0.15952791578567208,0.8404720842144375
110,55.18394648829432,0.86,0.68,0.2542431146847059,0.7457568853152943,0.16273238525976025,0.8372676147403565
111,55.68561872909699,0.86,0.68,0.25524049894100903,0.7447595010589911,0.16596880375155348,0.8340311962485707
112,56.187290969899664,0.86,0.68,0.2562527239035958,0.7437472760964043,0.16923625861304925,0.8307637413870828
113,56.68896321070234,0.86,0.68,0.2572796791894204,0.7427203208105798,0.17253379694607662,0.8274662030540636
114,57.19063545150502,0.86,0.68,0.2583212400189145,0.7416787599810857,0.1758604254453139,0.8241395745548348
115,57.69230769230769,0.86,0.68,0.25937726625370683,0.7406227337462933,0.17921511383915475,0.8207848861610028
116,58.19397993311037,0.86,0.68,0.2604476030597613,0.7395523969402389,0.18259679262670325,0.8174032073734635
117,58.69565217391305,0.86,0.68,0.2615320800134772,0.738467919986523,0.1860043588721329,0.8139956411280435
118,59.197324414715716,0.86,0.68,0.26263051166556084,0.7373694883344394,0.18943667237743375,0.8105633276227525
119,59.69899665551839,0.86,0.68,0.2637426970412657,0.7362573029587345,0.19289256230778418,0.8071074376924124
120,60.20066889632107,0.86,0.68,0.2648684198693958,0.7351315801306043,0.19637082582750698,0.8036291741727003
121,60.702341137123746,0.86,0.68,0.26600744891280764,0.7339925510871925,0.19987023109201865,0.8001297689081996
122,61.20401337792642,0.86,0.68,0.26715953773100665,0.7328404622689935,0.20338951777790756,0.796610482222322
123,61.7056856187291,0.86,0.68,0.2683244247353954,0.7316755752646048,0.20692740052213576,0.7930725994781055
124,62.207357859531776,0.86,0.68,0.26950183349188883,0.7304981665081113,0.21048257018713248,0.7895174298131208
125,62.709030100334445,0.86,0.68,0.27069147279640265,0.7293085272035974,0.21405369543432487,0.7859463045659406
126,63.21070234113712,0.86,0.68,0.27189303723571173,0.7281069627642883,0.21763942671640463,0.7823605732838734
127,63.7123745819398,0.86,0.68,0.2731062071984643,0.7268937928015358,0.2212383961486515,0.7787616038516393
128,64.21404682274247,0.86,0.68,0.2743306497717706,0.7256693502282295,0.2248492237522433,0.7751507762480605
129,64.71571906354515,0.86,0.68,0.2755660179424796,0.7244339820575205,0.22847051221046977,0.7715294877898473
130,65.21739130434783,0.86,0.68,0.2768119512732139,0.7231880487267861,0.23210085185872945,0.7678991481416011
131,65.7190635451505,0.86,0.68,0.2780680772002834,0.7219319227997166,0.23573882859529158,0.7642611714050527
132,66.22073578595318,0.86,0.68,0.27933401094627736,0.7206659890537227,0.23938302431803882,0.7606169756823192
133,66.72240802675586,0.86,0.68,0.2806093557040134,0.7193906442959866,0.24303201881541794,0.756967981184954
134,67.22408026755853,0.86,0.68,0.28189370368850075,0.7181062963114994,0.24668439060615743,0.7533156093942285
135,67.72575250836121,0.86,0.68,0.28318663734062655,0.7168133626593736,0.2503387142150475,0.7496612857853526
136,68.22742474916387,0.86,0.68,0.2844877287384444,0.7155122712615558,0.2539935710927972,0.7460064289076171
137,68.72909698996655,0.86,0.68,0.28579654056452725,0.714203459435473,0.2576475491525445,0.742352450847884
138,69.23076923076923,0.86,0.68,0.2871126277079519,0.7128873722920483,0.26129924388577136,0.7387007561146713
139,69.7324414715719,0.86,0.68,0.2884355371315286,0.7115644628684716,0.26494726154892595,0.735052738451531
140,70.23411371237458,0.86,0.68,0.28976480838706103,0.7102351916129391,0.26859022161703416,0.7314097783834368
141,70.73578595317726,0.86,0.68,0.29109997405658566,0.7089000259434146,0.2722267581223757,0.7277732418781092
142,71.23745819397993,0.86,0.68,0.2924405600271044,0.7075594399728958,0.27585552115984796,0.7241444788406508
143,71.73913043478261,0.86,0.68,0.2937860866663644,0.7062139133336358,0.2794751805538053,0.7205248194467071
144,72.24080267558529,0.86,0.68,0.2951360710594496,0.7048639289405506,0.28308443138899675,0.716915568611529
145,72.74247491638796,0.86,0.68,0.2964900223013663,0.703509977698634,0.28668197413868646,0.7133180258618526
146,73.24414715719064,0.86,0.68,0.29784745523439704,0.7021525447656032,0.29026655680617763,0.7097334431943743
147,73.74581939799332,0.86,0.68,0.2992078772074958,0.7007921227925045,0.2938369411150677,0.7061630588854968
148,74.24749163879599,0.86,0.68,0.30057079548030313,0.6994292045196971,0.29739191813155974,0.702608081869017
149,74.74916387959867,0.86,0.68,0.30193571744390196,0.6980642825560983,0.30093030714175123,0.6990696928588375
150,75.25083612040133,0.86,0.68,0.3033021499555785,0.6966978500444216,0.3044509584244298,0.6955490415761704
151,75.75250836120401,0.86,0.68,0.3046695991585954,0.6953304008414048,0.30795275364356184,0.6920472463570494
152,76.25418060200668,0.86,0.68,0.3060375731762392,0.6939624268237611,0.3114346067380496,0.6885653932625722
153,76.75585284280936,0.86,0.68,0.30740558410960833,0.692594415890392,0.3148954664152823,0.6851045335853496
154,77.25752508361204,0.86,0.68,0.30877314625488145,0.6912268537451188,0.3183343150607534,0.681665684939888
155,77.75919732441471,0.86,0.68,0.3101397782365355,0.6898602217634647,0.3217501714867583,0.6782498285138923
156,78.26086956521739,0.86,0.68,0.31150500246743057,0.6884949975325697,0.32514208979042186,0.6748579102102371
157,78.76254180602007,0.86,0.68,0.31286834687337045,0.6871316531266297,0.3285091616258612,0.6714908383748057
158,79.26421404682274,0.86,0.68,0.3142293451533683,0.6857706548466319,0.3318505157361086,0.6681494842645657
159,79.76588628762542,0.86,0.68,0.31558753815044455,0.6844124618495557,0.3351653192718584,0.6648346807288226
160,80.2675585284281,0.86,0.68,0.31694247070031034,0.6830575292996899,0.3384527752275737,0.6615472247731133
161,80.76923076923077,0.86,0.68,0.31829369460416346,0.6817063053958367,0.3417121244562017,0.6582878755444908
162,81.27090301003345,0.86,0.68,0.31964077519721595,0.6803592248027841,0.34494264945079833,0.655057350549899
163,81.77257525083613,0.86,0.68,0.3209832825871637,0.6790167174128364,0.3481436693023471,0.6518563306983544
164,82.27424749163879,0.86,0.68,0.32232079399341373,0.6776792060065863,0.35131454089723396,0.648685459103471
165,82.77591973244147,0.86,0.68,0.32365290002613056,0.6763470999738694,0.35445465960886346,0.6455453403918442
166,83.27759197324414,0.86,0.68,0.3249792001443693,0.6750207998556307,0.3575634589723923,0.6424365410283176
167,83.77926421404682,0.86,0.68,0.3262993015620087,0.6737006984379913,0.3606404106063775,0.6393595893943338
168,84.2809364548495,0.86,0.68,0.32761282331689145,0.6723871766831085,0.3636850224223458,0.6363149775783664
169,84.78260869565217,0.86,0.68,0.3289193969101514,0.6710806030898487,0.36669683820943383,0.6333031617912785
170,85.28428093645485,0.86,0.68,0.3302186623281907,0.6697813376718094,0.36967544021883575,0.6303245597818762
171,85.78595317725753,0.86,0.68,0.3315102707280553,0.6684897292719448,0.3726204465656584,0.6273795534350524
172,86.2876254180602,0.86,0.68,0.3327938875706399,0.6672061124293602,0.37553150649913336,0.6244684935015757
173,86.78929765886288,0.86,0.68,0.33406918815014924,0.6659308118498508,0.3784083071522631,0.6215916928484436
174,87.29096989966555,0.86,0.68,0.33533585890300993,0.6646641410969901,0.38125057140217344,0.6187494285985303
175,87.79264214046823,0.86,0.68,0.3365935999250904,0.6634064000749096,0.3840580512566886,0.6159419487440115
176,88.29431438127091,0.86,0.68,0.33784212378586104,0.6621578762141391,0.38683053107660864,0.6131694689240875
177,88.79598662207358,0.86,0.68,0.33908115429575236,0.6609188457042477,0.3895678271606882,0.6104321728400033
178,89.29765886287625,0.86,0.68,0.3403104265565074,0.6596895734434928,0.3922697863047288,0.6077302136959575
179,89.79933110367892,0.86,0.68,0.3415296880863613,0.6584703119136388,0.39493628616728294,0.6050637138333976
180,90.3010033444816,0.86,0.68,0.3427386995400458,0.6572613004599543,0.39756723094520147,0.6024327690554729
181,90.80267558528428,0.86,0.68,0.3439372336068167,0.6560627663931833,0.4001625550310802,0.5998374449695875
182,91.30434782608695,0.86,0.68,0.34512507511883833,0.6548749248811617,0.40272221761741345,0.5972777823832471
183,91.80602006688963,0.86,0.68,0.3463020211733188,0.6536979788266812,0.4052462054670235,0.5947537945336295
184,92.3076923076923,0.86,0.68,0.34746788065870265,0.6525321193412974,0.40773452956992545,0.5922654704307196
185,92.80936454849498,0.86,0.68,0.34862247424492954,0.6513775257550705,0.4101872247288293,0.5898127752718075
186,93.31103678929766,0.86,0.68,0.34976563441097974,0.6502343655890204,0.412604349503967,0.5873956504966611
187,93.81270903010034,0.86,0.68,0.35089720492940213,0.649102795070598,0.4149859819787599,0.5850140180218593
188,94.31438127090301,0.86,0.68,0.3520170416217988,0.6479829583782013,0.4173322261328751,0.5826677738677347
189,94.81605351170569,0.86,0.68,0.35312501173180105,0.646874988268199,0.4196432071399897,0.5803567928606105
190,95.31772575250837,0.86,0.68,0.3542209925213833,0.6457790074786167,0.42191906176462585,0.5780809382359645
191,95.81939799331104,0.86,0.68,0.35530487309494097,0.6446951269050591,0.42415995082154234,0.5758400491790379
192,96.3210702341137,0.86,0.68,0.35637655374731875,0.6436234462526814,0.42636605527563803,0.5736339447249319
193,96.82274247491638,0.86,0.68,0.3574359436036751,0.642564056396325,0.4285375655617094,0.57146243443885
194,97.32441471571906,0.86,0.68,0.35848296280535674,0.6415170371946434,0.43067469126139934,0.5693253087391495
195,97.82608695652173,0.86,0.68,0.3595175423976924,0.6404824576023076,0.4327776606638711,0.5672223393366671
196,98.32775919732441,0.86,0.68,0.36053962155279995,0.6394603784472002,0.43484671048637846,0.5651532895141488
197,98.82943143812709,0.86,0.68,0.36154914903711705,0.638450850962883,0.4368820911723756,0.5631179088281407
198,99.33110367892976,0.86,0.68,0.36254608479137007,0.63745391520863,0.43888407240342764,0.5611159275970776
199,99.83277591973244,0.86,0.68,0.36353039419024574,0.6364696058097544,0.440852923848972,0.5591470761515221
200,100.33444816053512,0.86,0.68,0.3645020541250114,0.6354979458749886,0.44278893537485103,0.557211064625632
201,100.8361204013378,0.86,0.68,0.3654610494278434,0.6345389505721567,0.44469240516371483,0.555307594836757
202,101.33779264214047,0.86,0.68,0.36640737303420023,0.6335926269657999,0.4465636410227836,0.5534363589776771
203,101.83946488294315,0.86,0.68,0.36734102406490515,0.6326589759350949,0.44840295501141536,0.5515970449890342
204,102.34113712374582,0.86,0.68,0.3682620108341442,0.6317379891658558,0.45021067148934674,0.5497893285110916
205,102.8428093645485,0.86,0.68,0.3691703491746426,0.6308296508253575,0.4519871224065712,0.5480128775938562
206,103.34448160535118,0.86,0.68,0.37006606198667963,0.6299339380133203,0.4537326460900852,0.546267353910331
207,103.84615384615384,0.86,0.68,0.37094917859548426,0.6290508214045157,0.4554475876489809,0.5445524123514244
208,104.34782608695652,0.86,0.68,0.37181973459322404,0.628180265406776,0.45713229637633623,0.5428677036240582
209,104.84949832775919,0.86,0.68,0.3726777714543101,0.6273222285456899,0.4587871245559471,0.5412128754444365
210,105.35117056856187,0.86,0.68,0.373523336091246,0.626476663908754,0.46041242663753307,0.5395875733628399
211,105.85284280936455,0.86,0.68,0.37435648158819607,0.6256435184118039,0.4620085636117403,0.5379914363886221
212,106.35451505016722,0.86,0.68,0.37517726771939874,0.6248227322806011,0.46357590633914264,0.5364240936612095
213,106.8561872909699,0.86,0.68,0.37598575830922404,0.6240142416907758,0.4651148235245725,0.5348851764757693
214,107.35785953177258,0.86,0.68,0.37678202190561405,0.6232179780943858,0.4666256857998022,0.5333743142005295
215,107.85953177257525,0.86,0.68,0.3775661315954716,0.6224338684045284,0.46810886545326996,0.5318911345470518
216,108.36120401337793,0.86,0.68,0.3783381656476781,0.6216618343523219,0.46956473853701497,0.530435261463297
217,108.8628762541806,0.86,0.68,0.37909820630294194,0.620901793697058,0.4709936815822628,0.5290063184180396
218,109.36454849498328,0.86,0.68,0.37984633958074837,0.6201536604192516,0.47239607127402217,0.5276039287262707
219,109.86622073578596,0.86,0.68,0.38058265517241224,0.6194173448275877,0.4737722843761778,0.5262277156241058
220,110.36789297658864,0.86,0.68,0.38130724659748305,0.6186927534025168,0.47512269848305744,0.5248773015172171
221,110.8695652173913,0.86,0.68,0.38202021111638634,0.6179797888836135,0.4764476920256042,0.5235523079746615
222,111.37123745819397,0.86,0.68,0.3827216488685687,0.6172783511314313,0.47774764190924773,0.5222523580910092
223,111.87290969899665,0.86,0.68,0.3834116629416856,0.6165883370583143,0.4790229239987742,0.5209770760014742
224,112.37458193979933,0.86,0.68,0.38409035911139267,0.6159096408886072,0.4802739129299032,0.519726087070337
225,112.876254180602,0.86,0.68,0.3847578453018911,0.6152421546981087,0.48150098319475554,0.5184990168054765
226,113.37792642140468,0.86,0.68,0.38541423171527045,0.6145857682847294,0.4827045071564957,0.5172954928437283
227,113.87959866220736,0.86,0.68,0.38605963054815995,0.6139403694518399,0.48388485495887223,0.5161151450413441
228,114.38127090301003,0.86,0.68,0.3866941557186174,0.6133058442813825,0.4850423943889375,0.5149576056112712
229,114.88294314381271,0.86,0.68,0.38731792339349697,0.612682076606503,0.4861774917277999,0.5138225082724015
230,115.38461538461539,0.86,0.68,0.3879310517957353,0.6120689482042646,0.48729051149027003,0.5127094885099241
231,115.88628762541806,0.86,0.68,0.38853366014209795,0.611466339857902,0.48838181482278076,0.5116181851774064
232,116.38795986622074,0.86,0.68,0.3891258688890069,0.610874131110993,0.48945175991971485,0.5105482400804656
233,116.88963210702342,0.86,0.68,0.3897077996552066,0.6102922003447931,0.4905007020155409,0.5094992979846329
234,117.3913043478261,0.86,0.68,0.39027957560981025,0.6097204243901896,0.4915289944285594,0.5084710055716081
235,117.89297658862876,0.86,0.68,0.390841320619932,0.6091586793800677,0.4925369868017111,0.5074630131984502
236,118.39464882943143,0.86,0.68,0.39139315923856055,0.6086068407614392,0.49352502524206143,0.5064749747580938
237,118.89632107023411,0.86,0.68,0.3919352166096788,0.608064783390321,0.49449345227468994,0.5055065477254594
238,119.39799331103679,0.86,0.68,0.39246761846353834,0.6075323815364615,0.49544260741693025,0.5045573925832135
239,119.89966555183946,0.86,0.68,0.3929904909312489,0.607009509068751,0.49637282683635414,0.5036271731637841
240,120.40133779264214,0.86,0.68,0.3935039602775274,0.6064960397224725,0.49728444259374527,0.5027155574063877
241,120.90301003344482,0.86,0.68,0.39400815282245216,0.6059918471775476,0.4981777828445167,0.5018222171556111
242,121.40468227424749,0.86,0.68,0.3945031950239265,0.6054968049760734,0.4990531720102229,0.5009468279899
243,121.90635451505017,0.86,0.68,0.3949892141537227,0.6050107858462772,0.499910931750222,0.5000890682498961
244,122.40802675585284,0.86,0.68,0.3954663368420962,0.6045336631579037,0.5007513790601589,0.4992486209399546
245,122.90969899665552,0.86,0.68,0.3959346893477266,0.6040653106522732,0.5015748266961977,0.4984251733039113
246,123.4113712374582,0.86,0.68,0.3963943975165849,0.6036056024834149,0.5023815831799265,0.49761841682017804
247,123.91304347826087,0.86,0.68,0.39684558665988473,0.6031544133401151,0.5031719526941851,0.49682804730591523
248,124.41471571906355,0.86,0.68,0.39728838200514316,0.6027116179948566,0.503946235868749,0.4960537641313473
249,124.91638795986621,0.86,0.68,0.3977229093569538,0.6022770906430459,0.5047047308916287,0.4952952691084637
250,125.41806020066889,0.86,0.68,0.39814929315450526,0.6018507068454945,0.505447730578351,0.4945522694217376
251,125.91973244147157,0.86,0.68,0.39856765712129105,0.6014323428787087,0.5061755234660817,0.49382447653400324
252,126.42140468227424,0.86,0.68,0.39897812421562007,0.6010218757843797,0.5068883938221147,0.49311160617796673
253,126.92307692307692,0.86,0.68,0.39938081654155233,0.6006191834584474,0.5075866215909152,0.4924133784091629
254,127.4247491638796,0.86,0.68,0.3997758557657183,0.6002241442342815,0.5082704831840889,0.49172951681598587
255,127.92642140468227,0.86,0.68,0.40016336308508765,0.5998366369149122,0.5089402515221227,0.4910597484779488
256,128.42809364548495,0.86,0.68,0.4005434583528276,0.5994565416471722,0.5095961946732966,0.4904038053267719
257,128.9297658862876,0.86,0.68,0.40091626041124834,0.5990837395887515,0.510238576503897,0.4897614234961687
258,129.4314381270903,0.86,0.68,0.40128188702280765,0.5987181129771921,0.5108676566587009,0.48913234334136196
259,129.93311036789297,0.86,0.68,0.40164045480824223,0.5983595451917576,0.5114836905489524,0.4885163094511079
260,130.43478260869566,0.86,0.68,0.4019920800230439,0.5980079199769559,0.5120869302998687,0.48791306970018905
261,130.93645484949832,0.86,0.68,0.4023368779711352,0.5976631220288646,0.5126776241383509,0.4873223758617043
262,131.438127090301,0.86,0.68,0.40267496245956147,0.5973250375404383,0.5132560158276391,0.4867439841724137
263,131.93979933110367,0.86,0.68,0.4030064461121209,0.596993553887879,0.5138223450850669,0.48617765491498377
264,132.44147157190636,0.86,0.68,0.40333144032192697,0.5966685596780729,0.5143768475865558,0.4856231524134927
265,132.94314381270902,0.86,0.68,0.4036500552416105,0.5963499447583893,0.5149197550109956,0.48508024498905067
266,133.44481605351172,0.86,0.68,0.4039624004399561,0.5960375995600438,0.515451295790841,0.4845487042092033
267,133.94648829431438,0.86,0.68,0.4042685841501165,0.5957314158498833,0.5159716943702124,0.48402830562982996
268,134.44816053511707,0.86,0.68,0.4045687131752881,0.5954312868247117,0.5164811711597049,0.48351882884033565
269,134.94983277591973,0.86,0.68,0.40486289303430967,0.5951371069656901,0.5169799427454412,0.48302005725459757
270,135.45150501672242,0.86,0.68,0.4051512279308571,0.5948487720691427,0.5174682219111909,0.48253177808884606
271,135.95317725752508,0.86,0.68,0.40543382078412765,0.5945661792158723,0.517946217720883,0.48205378227915235
272,136.45484949832775,0.86,0.68,0.40571077363045055,0.5942892263695493,0.5184141359654317,0.481585864034602
273,136.95652173913044,0.86,0.68,0.40598218702526817,0.5940178129747317,0.5188721786277543,0.48112782137227794
274,137.4581939799331,0.86,0.68,0.40624816012637427,0.5937518398736257,0.5193205440169008,0.48067945598313006
275,137.9598662207358,0.86,0.68,0.4065087907386951,0.5934912092613047,0.5197594268644119,0.48024057313561747
276,138.46153846153845,0.86,0.68,0.40676417529386355,0.5932358247061363,0.5201890183566326,0.47981098164339553
277,138.96321070234114,0.86,0.68,0.4070144089740533,0.5929855910259466,0.520609506261298,0.47939049373872883
278,139.4648829431438,0.86,0.68,0.40725958611260277,0.5927404138873971,0.5210210752350001,0.47897892476502557
279,139.9665551839465,0.86,0.68,0.4074997994327641,0.5925002005672357,0.5214239063713773,0.4785760936286472
280,140.46822742474916,0.86,0.68,0.4077351402832839,0.5922648597167159,0.5218181774007264,0.47818182259929687
281,140.96989966555185,0.86,0.68,0.40796569866653387,0.592034301333466,0.5222040627540481,0.47779593724597424
282,141.4715719063545,0.86,0.68,0.408191563229022,0.5918084367709778,0.5225817336025063,0.47741826639751506
283,141.9732441471572,0.86,0.68,0.40841282133084,0.5915871786691597,0.5229513579372402,0.4770486420627801
284,142.47491638795987,0.86,0.68,0.40862955942850454,0.5913704405714952,0.5233131008093747,0.4766868991906447
285,142.97658862876253,0.86,0.68,0.40884186248255155,0.5911581375174482,0.5236671240715076,0.47633287592851087
286,143.47826086956522,0.86,0.68,0.4090498141040902,0.5909501858959095,0.5240135864969364,0.4759864135030812
287,143.97993311036788,0.86,0.68,0.4092534966036048,0.5907465033963949,0.5243526438489157,0.4756473561511011
288,144.48160535117057,0.86,0.68,0.4094529909902487,0.5905470090097511,0.5246844489246071,0.47531555107540896
289,144.98327759197323,0.86,0.68,0.40964837699488504,0.5903516230051146,0.5250091516026315,0.47499084839738376
290,145.48494983277592,0.86,0.68,0.4098397332707733,0.5901602667292263,0.525326898917567,0.4746731010824476
291,145.9866220735786,0.86,0.68,0.4100271371354688,0.5899728628645308,0.5256378350648565,0.4743621649351574
292,146.48829431438128,0.86,0.68,0.41021066461194455,0.5897893353880551,0.5259421014511027,0.47405789854891056
293,146.98996655518394,0.86,0.68,0.41039039046701586,0.5896096095329838,0.5262398367439536,0.473760163256059
294,147.49163879598663,0.86,0.68,0.4105663882148377,0.589433611785162,0.5265311769166902,0.47346882308332183
295,147.9933110367893,0.86,0.68,0.41073873013588486,0.5892612698641149,0.5268162552928901,0.4731837447071214
296,148.49498327759198,0.86,0.68,0.4109074875200576,0.5890925124799421,0.5270952025921931,0.47290479740781777
297,148.99665551839465,0.86,0.68,0.41107273040994835,0.5889272695900514,0.5273681469736099,0.4726318530264006
298,149.49832775919734,0.86,0.68,0.41123452760483764,0.5887654723951621,0.5276352140801116,0.4723647859198984
299,150.0,0.86,0.68,0.4113929467257084,0.5886070532742913,0.5278965270835205,0.4721034729164889
