,time,beta,alpha,sigma_D,sigma_C,S_c,S_d,I_c,I_d,R0
0,0.0,3.125,0.2,0.5,1.0,0.09995999999999998,0.89964,3.999999999999999e-05,0.00036,-5.721177560608958
1,0.200133422281521,3.125,0.2,0.5,1.0,0.09638890662374132,0.9029562973818295,6.496364030354298e-05,0.0005898323541255813,-5.721177560608958
2,0.400266844563042,3.125,0.2,0.5,1.0,0.09291539060819122,0.9060102967176182,0.00010455323879396073,0.0009697594353964704,-5.721177560608958
3,0.600400266844563,3.125,0.2,0.5,1.0,0.08952769990330203,0.9087052732064649,0.0001675397383417772,0.0015994871518913317,-5.721177560608958
4,0.800533689126084,3.125,0.2,0.5,1.0,0.0862085844846924,0.9108778354189804,0.00026800394269308923,0.0026455761536342917,-5.721177560608958
5,1.0006671114076051,3.125,0.2,0.5,1.0,0.08293200765268173,0.9122532211015026,0.00042853594951882957,0.004386235296296874,-5.721177560608958
6,1.200800533689126,3.125,0.2,0.5,1.0,0.07965803902965683,0.9123720028795393,0.00068523608009862,0.007284722010705222,-5.721177560608958
7,1.400933955970647,3.125,0.2,0.5,1.0,0.07632516721617899,0.9104720714707096,0.0010953413485615827,0.012107419964549889,-5.721177560608958
8,1.601067378252168,3.125,0.2,0.5,1.0,0.07283949105511052,0.9053062114166107,0.0017482349439206426,0.02010606258435826,-5.721177560608958
9,1.801200800533689,3.125,0.2,0.5,1.0,0.06906157336265871,0.8948817708064911,0.002779663080343813,0.03327699275050632,-5.721177560608958
10,2.0013342228152102,3.125,0.2,0.5,1.0,0.0647958305638768,0.8761468512673015,0.004385747414609796,0.054671570754211696,-5.721177560608958
11,2.201467645096731,3.125,0.2,0.5,1.0,0.059796958830439124,0.8447692831612861,0.006825105991753272,0.0886086520165215,-5.721177560608958
12,2.401601067378252,3.125,0.2,0.5,1.0,0.05382259537601876,0.7954156201798358,0.010383083854234804,0.14037870058991048,-5.721177560608958
13,2.601734489659773,3.125,0.2,0.5,1.0,0.04676534987157379,0.7232619867086441,0.015262038607983827,0.21471062481179806,-5.721177560608958
14,2.801867911941294,3.125,0.2,0.5,1.0,0.038843720073286715,0.6272524803020987,0.021395179050767304,0.3125086205738469,-5.721177560608958
15,3.002001334222815,3.125,0.2,0.5,1.0,0.030698764503012392,0.513778468558507,0.028296648200866917,0.4272261187376133,-5.721177560608958
16,3.202134756504336,3.125,0.2,0.5,1.0,0.02319771850114146,0.3967936632033189,0.03515217246865938,0.54485644582688,-5.721177560608958
17,3.402268178785857,3.125,0.2,0.5,1.0,0.017020054516763885,0.2919233007975399,0.041177733068934415,0.6498789116167614,-5.721177560608958
18,3.602401601067378,3.125,0.2,0.5,1.0,0.012396153281832217,0.20902416980296365,0.045949493579452085,0.7326301833357517,-5.721177560608958
19,3.802535023348899,3.125,0.2,0.5,1.0,0.009174488979528302,0.1497563945205396,0.04944728819257986,0.7916218283073518,-5.721177560608958
20,4.0026684456304205,3.125,0.2,0.5,1.0,0.00703730251808418,0.11035447277374794,0.05188825687936365,0.8307199678288039,-5.721177560608958
21,4.202801867911941,3.125,0.2,0.5,1.0,0.005664415458675261,0.08540851262477372,0.05355128030278155,0.8553757916137691,-5.721177560608958
22,4.402935290193462,3.125,0.2,0.5,1.0,0.004801068757827204,0.0701000662958778,0.05468153219146042,0.8704173327548342,-5.721177560608958
23,4.603068712474983,3.125,0.2,0.5,1.0,0.004266384564053979,0.060885512420765245,0.055462525809281155,0.8793855772058994,-5.721177560608958
24,4.803202134756504,3.125,0.2,0.5,1.0,0.0039395651899562035,0.055403974452862124,0.056020573199811144,0.8846358871573703,-5.721177560608958
25,5.003335557038025,3.125,0.2,0.5,1.0,0.0037426676683882418,0.05216657973745687,0.056438634082158566,0.8876521185119962,-5.721177560608958
26,5.203468979319546,3.125,0.2,0.5,1.0,0.003626394012102449,0.0502633821513882,0.05676973800413747,0.8893404858323716,-5.721177560608958
27,5.403602401601067,3.125,0.2,0.5,1.0,0.0035599311997921482,0.04914823807182224,0.05704724474559984,0.8902445859827854,-5.721177560608958
28,5.603735823882588,3.125,0.2,0.5,1.0,0.0035241605232268674,0.04849682619220124,0.05729193701121798,0.8906870762733536,-5.721177560608958
29,5.803869246164109,3.125,0.2,0.5,1.0,0.003507270342824812,0.04811767442548562,0.057516687845496815,0.8908583673861925,-5.721177560608958
30,6.00400266844563,3.125,0.2,0.5,1.0,0.0035019863354730607,0.04789817151028089,0.05772943974016023,0.8908704024140857,-5.721177560608958
31,6.204136090727151,3.125,0.2,0.5,1.0,0.003503837294950723,0.04777221848555689,0.05793508136811389,0.8907888628513783,-5.721177560608958
32,6.404269513008672,3.125,0.2,0.5,1.0,0.0035100789342537757,0.04770106348841182,0.058136616844634684,0.8906522407326996,-5.721177560608958
33,6.604402935290193,3.125,0.2,0.5,1.0,0.003519028772501765,0.047662003387465256,0.058335890167556,0.8904830776724768,-5.721177560608958
34,6.804536357571714,3.125,0.2,0.5,1.0,0.0035296562334909054,0.047641742294076556,0.05853403243618471,0.8902945690362476,-5.721177560608958
35,7.004669779853235,3.125,0.2,0.5,1.0,0.003541330408506645,0.04763249329756456,0.058731737379762214,0.8900944389141664,-5.721177560608958
36,7.204803202134756,3.125,0.2,0.5,1.0,0.0035536655729754008,0.04762970046422213,0.05892943026134882,0.8898872037014535,-5.721177560608958
37,7.404936624416277,3.125,0.2,0.5,1.0,0.0035664258498428816,0.047630694518159884,0.05912737218547034,0.8896755074465267,-5.721177560608958
38,7.605070046697798,3.125,0.2,0.5,1.0,0.0035794672911478556,0.047633914765958026,0.059325723506871195,0.8894608944360227,-5.721177560608958
39,7.805203468979319,3.125,0.2,0.5,1.0,0.0035927019853602485,0.04763844634859326,0.05952458314421003,0.8892442685218361,-5.721177560608958
40,8.005336891260841,3.125,0.2,0.5,1.0,0.0036060764080114898,0.04764375460906469,0.059724012305157496,0.8890261566777661,-5.721177560608958
41,8.205470313542362,3.125,0.2,0.5,1.0,0.003619557857781809,0.047649524827782716,0.059924049356095827,0.8888068679583393,-5.721177560608958
42,8.405603735823883,3.125,0.2,0.5,1.0,0.0036331267181443925,0.04765557583078215,0.060124718309849334,0.8885865791412239,-5.721177560608958
43,8.605737158105404,3.125,0.2,0.5,1.0,0.0036467709459450837,0.0476617994033986,0.060326034871260446,0.8883653947793955,-5.721177560608958
44,8.805870580386925,3.125,0.2,0.5,1.0,0.0036604833636810605,0.047668132478664256,0.06052800940953598,0.8881433747481182,-5.721177560608958
45,9.006004002668446,3.125,0.2,0.5,1.0,0.0036742596744111827,0.047674538504559584,0.06073064913805899,0.8879205526829698,-5.721177560608958
46,9.206137424949967,3.125,0.2,0.5,1.0,0.003688097321973838,0.04768099546999528,0.06093395936512111,0.8876969478429092,-5.721177560608958
47,9.406270847231488,3.125,0.2,0.5,1.0,0.0037019948492039087,0.047687490383014695,0.06113794438984165,0.8874725703779393,-5.721177560608958
48,9.606404269513009,3.125,0.2,0.5,1.0,0.0037159517114760186,0.04769401810820761,0.061342606786497965,0.8872474233938179,-5.721177560608958
49,9.80653769179453,3.125,0.2,0.5,1.0,0.0037299674160720746,0.047700572941346615,0.06154795037532859,0.8870215092672521,-5.721177560608958
50,10.00667111407605,3.125,0.2,0.5,1.0,0.003744041913207793,0.04770715296073715,0.06175397734453874,0.8867948277815157,-5.721177560608958
51,10.206804536357572,3.125,0.2,0.5,1.0,0.003758175208394389,0.04771375638650044,0.06196069022935527,0.8865673781757493,-5.721177560608958
52,10.406937958639093,3.125,0.2,0.5,1.0,0.003772367425052919,0.047720382318565596,0.06216809142621899,0.8863391588301619,-5.721177560608958
53,10.607071380920614,3.125,0.2,0.5,1.0,0.003786618764834151,0.047727030399049394,0.06237618327618417,0.8861101675599317,-5.721177560608958
54,10.807204803202135,3.125,0.2,0.5,1.0,0.003800929462745299,0.047733700462570784,0.06258496808687897,0.8858804019878044,-5.721177560608958
55,11.007338225483656,3.125,0.2,0.5,1.0,0.003815299820920158,0.047740392458690654,0.06279444904815464,0.885649858672234,-5.721177560608958
56,11.207471647765177,3.125,0.2,0.5,1.0,0.003829730111167109,0.04774710643499265,0.06300462939203338,0.8854185340618063,-5.721177560608958
57,11.407605070046698,3.125,0.2,0.5,1.0,0.003844220339574585,0.047753842392566824,0.06321550919100617,0.8851864280768518,-5.721177560608958
58,11.607738492328219,3.125,0.2,0.5,1.0,0.0038587706781783183,0.04776060033259194,0.06342709003175745,0.8849535389574718,-5.721177560608958
59,11.80787191460974,3.125,0.2,0.5,1.0,0.0038733817092219407,0.047767380259057406,0.0636393772843165,0.8847198607474036,-5.721177560608958
60,12.00800533689126,3.125,0.2,0.5,1.0,0.003888053480438322,0.047774182172290285,0.0638523713889233,0.8844853929583475,-5.721177560608958
61,12.208138759172781,3.125,0.2,0.5,1.0,0.0039027861142959266,0.04778100606563285,0.06406607317439589,0.8842501346456748,-5.721177560608958
62,12.408272181454302,3.125,0.2,0.5,1.0,0.003917580407831269,0.04778785189575604,0.06428048803476168,0.8840140796616505,-5.721177560608958
63,12.608405603735823,3.125,0.2,0.5,1.0,0.003932436504824252,0.0477947196548436,0.06449561694306609,0.8837772268972655,-5.721177560608958
64,12.808539026017344,3.125,0.2,0.5,1.0,0.0039473545269983175,0.0478016093535156,0.06471146007893627,0.8835395760405491,-5.721177560608958
65,13.008672448298865,3.125,0.2,0.5,1.0,0.003962336338433105,0.04780852115440849,0.06492802019319256,0.8833011223139652,-5.721177560608958
66,13.208805870580386,3.125,0.2,0.5,1.0,0.003977382510336139,0.04781545516182291,0.06514529868928266,0.8830618636385577,-5.721177560608958
67,13.408939292861907,3.125,0.2,0.5,1.0,0.003992492466417764,0.04782241183768801,0.06536329998817195,0.8828217957077216,-5.721177560608958
68,13.609072715143428,3.125,0.2,0.5,1.0,0.004007665984286527,0.047829391294355476,0.06558202588122329,0.882580916840134,-5.721177560608958
69,13.80920613742495,3.125,0.2,0.5,1.0,0.004022902557559257,0.04783639352282572,0.06580148079010568,0.8823392231295086,-5.721177560608958
70,14.00933955970647,3.125,0.2,0.5,1.0,0.004038202180484574,0.047843418455652514,0.06602166610486167,0.8820967132590005,-5.721177560608958
71,14.209472981987991,3.125,0.2,0.5,1.0,0.004053565308044154,0.04785046582656152,0.0662425846929544,0.8818533841724391,-5.721177560608958
72,14.409606404269512,3.125,0.2,0.5,1.0,0.004068992911172302,0.047857535866313645,0.06646423831359734,0.8816092329089159,-5.721177560608958
73,14.609739826551033,3.125,0.2,0.5,1.0,0.0040844855702951805,0.04786462879499447,0.06668662908161171,0.8813642565530978,-5.721177560608958
74,14.809873248832554,3.125,0.2,0.5,1.0,0.004100043597818817,0.047871744706486606,0.06690975947751518,0.8811184522181785,-5.721177560608958
75,15.010006671114075,3.125,0.2,0.5,1.0,0.004115667204105914,0.047878883621986466,0.06713363176438095,0.8808718174095258,-5.721177560608958
76,15.210140093395596,3.125,0.2,0.5,1.0,0.004131356574682943,0.04788604554586196,0.06735824769035026,0.8806243501891039,-5.721177560608958
77,15.410273515677117,3.125,0.2,0.5,1.0,0.004147112402623207,0.04789323061331839,0.06758361233708962,0.8803760446469678,-5.721177560608958
78,15.610406937958638,3.125,0.2,0.5,1.0,0.004162934527251863,0.047900438792019384,0.06780972481555168,0.8801269018651762,-5.721177560608958
79,15.810540360240159,3.125,0.2,0.5,1.0,0.004178823279409401,0.04790767014887235,0.06803658846882855,0.8798769181028887,-5.721177560608958
80,16.010673782521682,3.125,0.2,0.5,1.0,0.004194778990644363,0.04791492475079749,0.06826420603947371,0.8796260902190834,-5.721177560608958
81,16.210807204803203,3.125,0.2,0.5,1.0,0.0042108019925601115,0.047922202664715974,0.06849258022354689,0.8793744151191761,-5.721177560608958
82,16.410940627084724,3.125,0.2,0.5,1.0,0.004226892616760007,0.047929503957548976,0.06872171371710778,0.8791218897085823,-5.721177560608958
83,16.611074049366245,3.125,0.2,0.5,1.0,0.00424305119484741,0.04793682869621768,0.0689516092162161,0.8788685108927179,-5.721177560608958
84,16.811207471647766,3.125,0.2,0.5,1.0,0.004259278058425682,0.04794417694764325,0.06918226941693159,0.8786142755769986,-5.721177560608958
85,17.011340893929287,3.125,0.2,0.5,1.0,0.004275573640040826,0.047951548808505884,0.06941369685862205,0.8783591806928303,-5.721177560608958
86,17.211474316210808,3.125,0.2,0.5,1.0,0.0042919396368791074,0.04795894474831582,0.06964589211757141,0.8781032234972327,-5.721177560608958
87,17.41160773849233,3.125,0.2,0.5,1.0,0.004308377393965725,0.04796636515244674,0.06987885620455449,0.8778464012490321,-5.721177560608958
88,17.61174116077385,3.125,0.2,0.5,1.0,0.004324885740499058,0.04797380978144443,0.07011259336971591,0.8775887111083397,-5.721177560608958
89,17.81187458305537,3.125,0.2,0.5,1.0,0.004341463863767732,0.047981278372921696,0.07034710741463532,0.8773301503486745,-5.721177560608958
90,18.01200800533689,3.125,0.2,0.5,1.0,0.004358111119266507,0.047988770362048516,0.070582401945856,0.8770707165728281,-5.721177560608958
91,18.212141427618413,3.125,0.2,0.5,1.0,0.004374827870513096,0.04799628568634268,0.07081847982734024,0.8768104066158032,-5.721177560608958
92,18.412274849899934,3.125,0.2,0.5,1.0,0.004391615327075112,0.04800382474751668,0.07105534154143514,0.8765492183839723,-5.721177560608958
93,18.612408272181455,3.125,0.2,0.5,1.0,0.004408475327007273,0.04801138850427561,0.07129298939477109,0.8762871467739453,-5.721177560608958
94,18.812541694462976,3.125,0.2,0.5,1.0,0.004425407904572504,0.048018977078850056,0.0715314255859194,0.8760241894306572,-5.721177560608958
95,19.012675116744497,3.125,0.2,0.5,1.0,0.004442412695451683,0.04802659001209951,0.0717706534478174,0.8757603438446305,-5.721177560608958
96,19.212808539026017,3.125,0.2,0.5,1.0,0.00445948995642582,0.04803422721004054,0.07201067567061302,0.8754956071629197,-5.721177560608958
97,19.41294196130754,3.125,0.2,0.5,1.0,0.004476640158961417,0.048041888830406956,0.07225149467287952,0.8752299763377513,-5.721177560608958
98,19.61307538358906,3.125,0.2,0.5,1.0,0.004493863706409439,0.04804957500973361,0.07249311278937498,0.8749634484944812,-5.721177560608958
99,19.81320880587058,3.125,0.2,0.5,1.0,0.004511161037215409,0.048057285843076315,0.07273553304466752,0.8746960200750399,-5.721177560608958
100,20.0133422281521,3.125,0.2,0.5,1.0,0.004528532308666953,0.04806502136923436,0.07297875695198783,0.8744276893701101,-5.721177560608958
101,20.213475650433622,3.125,0.2,0.5,1.0,0.004545977919943593,0.04807278167429835,0.07322278761187515,0.874158452793882,-5.721177560608958
102,20.413609072715143,3.125,0.2,0.5,1.0,0.00456349825819683,0.04808056683981984,0.07346762791518165,0.8738883069868009,-5.721177560608958
103,20.613742494996664,3.125,0.2,0.5,1.0,0.004581093710578162,0.04808837694735037,0.07371328075275953,0.8736172485893111,-5.721177560608958
104,20.813875917278185,3.125,0.2,0.5,1.0,0.004598764664239088,0.048096212078441496,0.07395974901546097,0.8733452742418576,-5.721177560608958
105,21.014009339559706,3.125,0.2,0.5,1.0,0.004616511459858176,0.04810407228109235,0.07420703528916121,0.8730723809698875,-5.721177560608958
106,21.214142761841227,3.125,0.2,0.5,1.0,0.004634334402227294,0.048111957577392665,0.07445514192423039,0.8727985660961488,-5.721177560608958
107,21.41427618412275,3.125,0.2,0.5,1.0,0.004652233842421494,0.04811986802284761,0.07470407157477026,0.8725238265599599,-5.721177560608958
108,21.61440960640427,3.125,0.2,0.5,1.0,0.004670210131727369,0.048127803673115074,0.07495382689627088,0.8722481592988859,-5.721177560608958
109,21.81454302868579,3.125,0.2,0.5,1.0,0.0046882636214315146,0.04813576458385295,0.07520441054422232,0.8719715612504924,-5.721177560608958
110,22.01467645096731,3.125,0.2,0.5,1.0,0.004706395203498774,0.04814375087596151,0.07545582459276179,0.8716940293277771,-5.721177560608958
111,22.214809873248832,3.125,0.2,0.5,1.0,0.004724608701840648,0.0481517630295848,0.0757080679680657,0.871415560300508,-5.721177560608958
112,22.414943295530353,3.125,0.2,0.5,1.0,0.004742902586745656,0.048159801029828996,0.07596114547873048,0.8711361509046941,-5.721177560608958
113,22.615076717811874,3.125,0.2,0.5,1.0,0.004761273984796385,0.04816786454421312,0.07621506340790085,0.8708557980630889,-5.721177560608958
114,22.815210140093395,3.125,0.2,0.5,1.0,0.004779723003222685,0.04817595329884242,0.07646982496411511,0.870574498733819,-5.721177560608958
115,23.015343562374916,3.125,0.2,0.5,1.0,0.004798251388167244,0.048184067717156824,0.07672543081418813,0.870292250080487,-5.721177560608958
116,23.215476984656437,3.125,0.2,0.5,1.0,0.004816860618311261,0.0481922082856829,0.07698188331532954,0.8700090477806757,-5.721177560608958
117,23.415610406937958,3.125,0.2,0.5,1.0,0.004835550525695815,0.04820037489591582,0.07723918534533261,0.8697248892330551,-5.721177560608958
118,23.61574382921948,3.125,0.2,0.5,1.0,0.0048543213282842244,0.04820856747711866,0.07749733979074244,0.869439771403854,-5.721177560608958
119,23.815877251501,3.125,0.2,0.5,1.0,0.004873173526717915,0.04821678609432391,0.07775635053425634,0.8691536898447012,-5.721177560608958
120,24.01601067378252,3.125,0.2,0.5,1.0,0.004892107540208311,0.048225030840691414,0.07801622186301238,0.8688666397560872,-5.721177560608958
121,24.216144096064042,3.125,0.2,0.5,1.0,0.004911123378482165,0.04823330171838332,0.07827695387649862,0.8685786210266353,-5.721177560608958
122,24.416277518345563,3.125,0.2,0.5,1.0,0.0049302213067436915,0.04824159879103389,0.07853854672162149,0.8682896331806004,-5.721177560608958
123,24.616410940627084,3.125,0.2,0.5,1.0,0.004949404084734293,0.048249922708114706,0.07880100276156671,0.8679996704455837,-5.721177560608958
124,24.816544362908605,3.125,0.2,0.5,1.0,0.004968670668527531,0.04825827311624655,0.07906432723452447,0.8677087289807008,-5.721177560608958
125,25.016677785190126,3.125,0.2,0.5,1.0,0.004988020897706403,0.048266649885621654,0.07932852372426862,0.8674168054924027,-5.721177560608958
126,25.216811207471647,3.125,0.2,0.5,1.0,0.005007455333540867,0.048275053166875824,0.07959359469248058,0.8671238968071021,-5.721177560608958
127,25.416944629753168,3.125,0.2,0.5,1.0,0.0050269744669575985,0.04828348308994654,0.07985954235728,0.8668300000858152,-5.721177560608958
128,25.61707805203469,3.125,0.2,0.5,1.0,0.005046579011921486,0.048291939788190096,0.08012637084781142,0.8665351103520763,-5.721177560608958
129,25.81721147431621,3.125,0.2,0.5,1.0,0.005066269040445512,0.048300423273783595,0.08039408080788198,0.8662392268778882,-5.721177560608958
130,26.01734489659773,3.125,0.2,0.5,1.0,0.005086045109922994,0.048308933644708035,0.08066267588488317,0.8659423453604851,-5.721177560608958
131,26.21747831887925,3.125,0.2,0.5,1.0,0.00510590773840547,0.04831747099236755,0.08093215934737637,0.86564446192185,-5.721177560608958
132,26.417611741160773,3.125,0.2,0.5,1.0,0.0051258574409202414,0.04832603540627952,0.08120253441828565,0.865345572734514,-5.721177560608958
133,26.617745163442294,3.125,0.2,0.5,1.0,0.005145894682181415,0.04833462694457231,0.08147380356128218,0.8650456748119634,-5.721177560608958
134,26.817878585723815,3.125,0.2,0.5,1.0,0.005166019936423896,0.048343245671314046,0.08174596938371098,0.8647447650085504,-5.721177560608958
135,27.018012008005336,3.125,0.2,0.5,1.0,0.005186233690003331,0.04835189165813466,0.08201903467582557,0.8644428399760358,-5.721177560608958
136,27.218145430286857,3.125,0.2,0.5,1.0,0.005206536417714937,0.04836056497933122,0.08229300225578755,0.8641398963471656,-5.721177560608958
137,27.418278852568378,3.125,0.2,0.5,1.0,0.005226928548258723,0.04836926571983561,0.08256787505303732,0.8638359306788677,-5.721177560608958
138,27.6184122748499,3.125,0.2,0.5,1.0,0.005247410534650422,0.048377993958969724,0.0828436559383145,0.8635309395680647,-5.721177560608958
139,27.81854569713142,3.125,0.2,0.5,1.0,0.005267982833645407,0.048386749775192674,0.08312034777333081,0.8632249196178304,-5.721177560608958
140,28.01867911941294,3.125,0.2,0.5,1.0,0.00528864732534947,0.04839553353592097,0.08339796401553906,0.8629178551231899,-5.721177560608958
141,28.21881254169446,3.125,0.2,0.5,1.0,0.005309400371084782,0.0484043445375996,0.08367647890404327,0.8626097761872716,-5.721177560608958
142,28.418945963975982,3.125,0.2,0.5,1.0,0.0053302456583299756,0.04841318350278052,0.08395591890608016,0.8623006519328087,-5.721177560608958
143,28.619079386257503,3.125,0.2,0.5,1.0,0.005351183180605075,0.04842205042249596,0.0842362840911146,0.8619904823057837,-5.721177560608958
144,28.819212808539024,3.125,0.2,0.5,1.0,0.005372212765156525,0.04843094505766897,0.08451757631105224,0.8616792658661215,-5.721177560608958
145,29.019346230820545,3.125,0.2,0.5,1.0,0.005393334872163687,0.04843986746059161,0.08479979745027837,0.8613670002169657,-5.721177560608958
146,29.219479653102066,3.125,0.2,0.5,1.0,0.005414550599530151,0.04844881795826748,0.08508294985849149,0.8610536815837103,-5.721177560608958
147,29.419613075383587,3.125,0.2,0.5,1.0,0.005435860659985809,0.04845779678126547,0.08536703644662741,0.8607393061121207,-5.721177560608958
148,29.61974649766511,3.125,0.2,0.5,1.0,0.00545726548230873,0.048466803989906694,0.08565206045781217,0.8604238700699718,-5.721177560608958
149,29.81987991994663,3.125,0.2,0.5,1.0,0.005478765339785928,0.04847583959465432,0.08593802441235665,0.8601073706532025,-5.721177560608958
150,30.02001334222815,3.125,0.2,0.5,1.0,0.005500360751857506,0.048484903606990114,0.08622493203526953,0.8597898036058823,-5.721177560608958
151,30.22014676450967,3.125,0.2,0.5,1.0,0.005522051855291223,0.04849399602209439,0.08651278440154801,0.8594711677210659,-5.721177560608958
152,30.420280186791192,3.125,0.2,0.5,1.0,0.005543839859431453,0.04850311700401367,0.08680158853420306,0.8591514546023513,-5.721177560608958
153,30.620413609072713,3.125,0.2,0.5,1.0,0.005565724401413462,0.04851226650043175,0.08709134267412919,0.8588306664240252,-5.721177560608958
154,30.820547031354234,3.125,0.2,0.5,1.0,0.005587706044174476,0.04852144457754559,0.08738205123431847,0.858508798143961,-5.721177560608958
155,31.020680453635755,3.125,0.2,0.5,1.0,0.005609785319815669,0.0485306513033953,0.08767371777058884,0.8581858456061997,-5.721177560608958
156,31.220813875917276,3.125,0.2,0.5,1.0,0.0056319627583325,0.04853988674614682,0.08796634578022404,0.8578618047152962,-5.721177560608958
157,31.420947298198797,3.125,0.2,0.5,1.0,0.005654238889720432,0.04854915097396612,0.08825993876050785,0.8575366713758051,-5.721177560608958
158,31.621080720480318,3.125,0.2,0.5,1.0,0.005676614243974925,0.04855844405501914,0.08855450020872403,0.8572104414922814,-5.721177560608958
159,31.82121414276184,3.125,0.2,0.5,1.0,0.005699090190010824,0.04856776638828437,0.08885003227891565,0.8568831111427887,-5.721177560608958
160,32.021347565043364,3.125,0.2,0.5,1.0,0.005721669900910102,0.0485771190920856,0.08914653414912165,0.8565546768578822,-5.721177560608958
161,32.22148098732488,3.125,0.2,0.5,1.0,0.005744351962066024,0.04858650160235192,0.08944401094478734,0.8562251354907944,-5.721177560608958
162,32.421614409606406,3.125,0.2,0.5,1.0,0.005767134592666418,0.04859591306599657,0.08974246834545839,0.8558944839958782,-5.721177560608958
163,32.62174783188792,3.125,0.2,0.5,1.0,0.005790017990225375,0.0486053530857916,0.09004191051602409,0.8555627184079586,-5.721177560608958
164,32.82188125416945,3.125,0.2,0.5,1.0,0.005813002798972759,0.04861482190751486,0.09034233822439196,0.8552298370691201,-5.721177560608958
165,33.022014676450965,3.125,0.2,0.5,1.0,0.005836091677371032,0.04862432069689363,0.09064375486415534,0.8548958327615797,-5.721177560608958
166,33.22214809873249,3.125,0.2,0.5,1.0,0.005859284614615636,0.0486338494217946,0.09094616290919165,0.8545607030543978,-5.721177560608958
167,33.42228152101401,3.125,0.2,0.5,1.0,0.005882581727495749,0.048643407807097756,0.09124956579539824,0.854224444670008,-5.721177560608958
168,33.62241494329553,3.125,0.2,0.5,1.0,0.005905983599762119,0.04865299584408897,0.0915539668893788,0.8538870536667699,-5.721177560608958
169,33.82254836557705,3.125,0.2,0.5,1.0,0.005929490594390556,0.048662613587620404,0.09185936831848471,0.853548527499504,-5.721177560608958
170,34.02268178785857,3.125,0.2,0.5,1.0,0.005953103376242114,0.04867226107801389,0.09216577384975758,0.8532088616959862,-5.721177560608958
171,34.22281521014009,3.125,0.2,0.5,1.0,0.005976822583402944,0.04868193834528911,0.09247318707983394,0.8528680519914738,-5.721177560608958
172,34.422948632421615,3.125,0.2,0.5,1.0,0.006000648856667431,0.048691645436150906,0.09278161144292642,0.852526094264255,-5.721177560608958
173,34.62308205470313,3.125,0.2,0.5,1.0,0.006024582851827925,0.0487013824897049,0.09309104947375804,0.8521829851847089,-5.721177560608958
174,34.82321547698466,3.125,0.2,0.5,1.0,0.006048625217713327,0.048711149602155696,0.09340150412467846,0.8518387210554523,-5.721177560608958
175,35.023348899266175,3.125,0.2,0.5,1.0,0.006072776601434079,0.04872094685912064,0.09371297845110031,0.8514932980883447,-5.721177560608958
176,35.2234823215477,3.125,0.2,0.5,1.0,0.0060970376437631335,0.04873077440486166,0.09402547553859585,0.8511467124127791,-5.721177560608958
177,35.42361574382922,3.125,0.2,0.5,1.0,0.00612140896767154,0.04874063254837218,0.09433899855745471,0.8507989599265012,-5.721177560608958
178,35.62374916611074,3.125,0.2,0.5,1.0,0.006145891207271177,0.04875052149555296,0.09465355062494857,0.850450036672227,-5.721177560608958
179,35.82388258839226,3.125,0.2,0.5,1.0,0.0061704849976550805,0.04876044144322554,0.09496913485367973,0.8500999387054393,-5.721177560608958
180,36.02401601067378,3.125,0.2,0.5,1.0,0.006195193207213846,0.04877039351783466,0.09528576876551648,0.8497486445094348,-5.721177560608958
181,36.2241494329553,3.125,0.2,0.5,1.0,0.006220009989481235,0.048780375455421736,0.09560341711347789,0.8493961974416189,-5.721177560608958
182,36.424282855236825,3.125,0.2,0.5,1.0,0.006244940881968544,0.04879038944992308,0.09592211400554795,0.8490425556625601,-5.721177560608958
183,36.62441627751834,3.125,0.2,0.5,1.0,0.006269985883565415,0.04880043550003787,0.09624185944405336,0.8486877191723431,-5.721177560608958
184,36.82454969979987,3.125,0.2,0.5,1.0,0.0062951437297575465,0.04881051212434113,0.0965626560787239,0.8483316880671772,-5.721177560608958
185,37.024683122081385,3.125,0.2,0.5,1.0,0.0063204145972559035,0.04882061839949338,0.09688450648198206,0.8479744605212683,-5.721177560608958
186,37.22481654436291,3.125,0.2,0.5,1.0,0.00634580109917359,0.04883075522489652,0.09720741172313065,0.8476160319527989,-5.721177560608958
187,37.42494996664443,3.125,0.2,0.5,1.0,0.006371304312402737,0.048840923303120225,0.09753137459646583,0.8472563977880108,-5.721177560608958
188,37.62508338892595,3.125,0.2,0.5,1.0,0.006396924563046579,0.048851122737888705,0.09785639875945172,0.8468955539396126,-5.721177560608958
189,37.82521681120747,3.125,0.2,0.5,1.0,0.006422662255770437,0.04886135351850315,0.09818248775818726,0.8465334964675387,-5.721177560608958
190,38.02535023348899,3.125,0.2,0.5,1.0,0.00644851788520513,0.04887161567353505,0.09850964475908859,0.8461702216821708,-5.721177560608958
191,38.22548365577051,3.125,0.2,0.5,1.0,0.006474491982628739,0.048881909269518506,0.09883787276078777,0.8458057259870646,-5.721177560608958
192,38.425617078052035,3.125,0.2,0.5,1.0,0.006500584982596019,0.04889223435697128,0.09916717476838456,0.8454400058920477,-5.721177560608958
193,38.62575050033355,3.125,0.2,0.5,1.0,0.006526797543385108,0.048902591017250696,0.09949755465037674,0.845073056788987,-5.721177560608958
194,38.82588392261508,3.125,0.2,0.5,1.0,0.006553130315977825,0.04891297933114707,0.099829016185013,0.8447048741678617,-5.721177560608958
195,39.026017344896594,3.125,0.2,0.5,1.0,0.006579583951355987,0.04892339937945072,0.100161563150542,0.8443354535186509,-5.721177560608958
196,39.22615076717812,3.125,0.2,0.5,1.0,0.0066061593311472835,0.04893385130772189,0.10049519894882446,0.8439647904123059,-5.721177560608958
197,39.426284189459636,3.125,0.2,0.5,1.0,0.006632859140853171,0.048944335768528864,0.10082992400582175,0.8435928810847958,-5.721177560608958
198,39.62641761174116,3.125,0.2,0.5,1.0,0.006659683167487954,0.04895485261570035,0.10116574237592166,0.8432197218408896,-5.721177560608958
199,39.82655103402268,3.125,0.2,0.5,1.0,0.006686630200103426,0.048965401340058855,0.1015026595396465,0.8428453089201907,-5.721177560608958
200,40.0266844563042,3.125,0.2,0.5,1.0,0.006713700819694633,0.048975981857454415,0.10184067907273728,0.8424696382501132,-5.721177560608958
201,40.22681787858572,3.125,0.2,0.5,1.0,0.0067408964583782986,0.048986594611173086,0.10217980328984004,0.8420927056406081,-5.721177560608958
202,40.426951300867245,3.125,0.2,0.5,1.0,0.006768218115867212,0.04899723985537201,0.10252003573511234,0.841714506293648,-5.721177560608958
203,40.62708472314876,3.125,0.2,0.5,1.0,0.006795666216066781,0.04900791753618762,0.10286137969895834,0.8413350365487867,-5.721177560608958
204,40.82721814543029,3.125,0.2,0.5,1.0,0.006823241401457281,0.04901862767492368,0.10320383850345315,0.8409542924201654,-5.721177560608958
205,41.027351567711804,3.125,0.2,0.5,1.0,0.006850944244419976,0.04902937033030317,0.10354741488576971,0.8405722705395066,-5.721177560608958
206,41.22748498999333,3.125,0.2,0.5,1.0,0.006878775371771279,0.04904014557215229,0.10389211225749057,0.8401889667985852,-5.721177560608958
207,41.427618412274846,3.125,0.2,0.5,1.0,0.0069067355877228415,0.0490509534829935,0.10423793446554937,0.8398043764637337,-5.721177560608958
208,41.62775183455637,3.125,0.2,0.5,1.0,0.00693482569326728,0.049061794144790324,0.1045848853243267,0.8394184948376151,-5.721177560608958
209,41.82788525683789,3.125,0.2,0.5,1.0,0.006963046489328147,0.04907266763945323,0.10493296864694665,0.8390313172242714,-5.721177560608958
210,42.02801867911941,3.125,0.2,0.5,1.0,0.00699139874004519,0.049083574020631675,0.10528218757728691,0.8386428396620357,-5.721177560608958
211,42.22815210140093,3.125,0.2,0.5,1.0,0.007019883198468268,0.049094513333454784,0.10563254505745527,0.8382530584106211,-5.721177560608958
212,42.428285523682455,3.125,0.2,0.5,1.0,0.007048500640663149,0.04910548564073478,0.10598404444831201,0.8378619692702896,-5.721177560608958
213,42.62841894596397,3.125,0.2,0.5,1.0,0.007077251842695598,0.04911649100528389,0.1063366891107174,0.8374695680413026,-5.721177560608958
214,42.8285523682455,3.125,0.2,0.5,1.0,0.007106137581193395,0.04912752949216624,0.10669048241284233,0.8370758505137975,-5.721177560608958
215,43.028685790527014,3.125,0.2,0.5,1.0,0.007135158640626821,0.0491386011978696,0.10704542782487136,0.8366808123366317,-5.721177560608958
216,43.22881921280854,3.125,0.2,0.5,1.0,0.0071643158029985644,0.04914970620899447,0.10740152878489112,0.8362844492031154,-5.721177560608958
217,43.428952635090056,3.125,0.2,0.5,1.0,0.007193609848410957,0.04916084460452694,0.10775878870626879,0.8358867568407928,-5.721177560608958
218,43.62908605737158,3.125,0.2,0.5,1.0,0.007223041556966339,0.04917201646345313,0.10811721100237158,0.8354877309772084,-5.721177560608958
219,43.8292194796531,3.125,0.2,0.5,1.0,0.00725261116544198,0.0491832222262284,0.10847680007215522,0.8350873665361739,-5.721177560608958
220,44.02935290193462,3.125,0.2,0.5,1.0,0.007282319386236915,0.04919446201688124,0.10883755945180035,0.834685659145081,-5.721177560608958
221,44.22948632421614,3.125,0.2,0.5,1.0,0.007312167224190473,0.049205735764882276,0.10919949214700252,0.8342826048639242,-5.721177560608958
222,44.429619746497664,3.125,0.2,0.5,1.0,0.007342155416161774,0.04921704357798694,0.10956260164957189,0.8338781993562789,-5.721177560608958
223,44.62975316877918,3.125,0.2,0.5,1.0,0.007372284699009933,0.04922838556395064,0.1099268914513186,0.8334724382857204,-5.721177560608958
224,44.829886591060706,3.125,0.2,0.5,1.0,0.007402555809594069,0.049239761830528826,0.11029236504405283,0.8330653173158238,-5.721177560608958
225,45.030020013342224,3.125,0.2,0.5,1.0,0.007432969484773296,0.049251172485476925,0.11065902591958471,0.8326568321101646,-5.721177560608958
226,45.23015343562375,3.125,0.2,0.5,1.0,0.007463526697387036,0.049262617299991616,0.11102687772590256,0.8322469782767183,-5.721177560608958
227,45.430286857905266,3.125,0.2,0.5,1.0,0.007494228668497523,0.04927409569125039,0.11139592427527528,0.8318357513649763,-5.721177560608958
228,45.63042028018679,3.125,0.2,0.5,1.0,0.007525075756461519,0.04928560830683456,0.11176616880900993,0.8314231471276936,-5.721177560608958
229,45.83055370246831,3.125,0.2,0.5,1.0,0.007556068737760476,0.04929715519798958,0.11213761484513975,0.8310091612191097,-5.721177560608958
230,46.03068712474983,3.125,0.2,0.5,1.0,0.007587208388875849,0.049308736415960876,0.11251026590169806,0.8305937892934647,-5.721177560608958
231,46.23082054703135,3.125,0.2,0.5,1.0,0.00761849548628909,0.049320352011993904,0.11288412549671814,0.8301770270049984,-5.721177560608958
232,46.430953969312874,3.125,0.2,0.5,1.0,0.007649930806481654,0.0493320020373341,0.11325919714823329,0.8297588700079505,-5.721177560608958
233,46.63108739159439,3.125,0.2,0.5,1.0,0.0076815151295063985,0.049343686544154844,0.11363548437720021,0.8293393139491381,-5.721177560608958
234,46.831220813875916,3.125,0.2,0.5,1.0,0.00771325022239015,0.04935540584106899,0.11401299151248141,0.8289183524240589,-5.721177560608958
235,47.03135423615743,3.125,0.2,0.5,1.0,0.00774513625035382,0.04936715982050185,0.11439172157175156,0.8284959823573922,-5.721177560608958
236,47.23148765843896,3.125,0.2,0.5,1.0,0.00777717403592901,0.0493789485456638,0.11477167811073918,0.8280721993076674,-5.721177560608958
237,47.431621080720475,3.125,0.2,0.5,1.0,0.007809364401647322,0.04939077207976521,0.11515286468517273,0.8276469988334141,-5.721177560608958
238,47.631754503002,3.125,0.2,0.5,1.0,0.007841708170040358,0.04940263048601645,0.11553528485078071,0.8272203764931618,-5.721177560608958
239,47.83188792528352,3.125,0.2,0.5,1.0,0.007874206163639715,0.049414523827627906,0.11591894216329159,0.82679232784544,-5.721177560608958
240,48.03202134756504,3.125,0.2,0.5,1.0,0.007906859204977,0.04942645216780994,0.11630384017843386,0.8263628484487783,-5.721177560608958
241,48.23215476984656,3.125,0.2,0.5,1.0,0.007939669154497347,0.04943841580073859,0.11668998364381972,0.8259319314009433,-5.721177560608958
242,48.432288192128084,3.125,0.2,0.5,1.0,0.007972635670450905,0.04945041453053806,0.11707737477817988,0.82549957502083,-5.721177560608958
243,48.6324216144096,3.125,0.2,0.5,1.0,0.00800576016357808,0.049462448551312134,0.11746601781270996,0.8250657734723986,-5.721177560608958
244,48.832555036691126,3.125,0.2,0.5,1.0,0.008039043468822964,0.04947451792903331,0.11785591631739228,0.8246305222847502,-5.721177560608958
245,49.03268845897264,3.125,0.2,0.5,1.0,0.008072486426785036,0.0494866227309326,0.1182470738687035,0.8241938169735775,-5.721177560608958
246,49.23282188125417,3.125,0.2,0.5,1.0,0.008106089883719178,0.049498763025499486,0.11863949404961467,0.8237556530411653,-5.721177560608958
247,49.432955303535685,3.125,0.2,0.5,1.0,0.008139854691535666,0.04951093888248193,0.1190331804495911,0.8233160259763898,-5.721177560608958
248,49.63308872581721,3.125,0.2,0.5,1.0,0.008173782012075618,0.04952315033465386,0.11942813694878393,0.8228749307044849,-5.721177560608958
249,49.83322214809873,3.125,0.2,0.5,1.0,0.008207873102605892,0.04953539740476796,0.1198243675176836,0.8224323619749407,-5.721177560608958
250,50.03335557038025,3.125,0.2,0.5,1.0,0.00824212848109566,0.04954768021043954,0.1202218754374933,0.8219883158709697,-5.721177560608958
251,50.23348899266177,3.125,0.2,0.5,1.0,0.008276549075369776,0.04955999881975422,0.12062066437343105,0.821542787731443,-5.721177560608958
252,50.433622414943294,3.125,0.2,0.5,1.0,0.008311135822160157,0.049572353301647505,0.12102073800024642,0.8210957728759438,-5.721177560608958
253,50.63375583722481,3.125,0.2,0.5,1.0,0.008345889667105774,0.049584743725904844,0.1214221000022202,0.820647266604767,-5.721177560608958
254,50.833889259506336,3.125,0.2,0.5,1.0,0.008380811564752665,0.04959717016316158,0.12182475407316472,0.8201972641989187,-5.721177560608958
255,51.03402268178785,3.125,0.2,0.5,1.0,0.008415902478553916,0.04960963268490298,0.12222870391642356,0.819745760920117,-5.721177560608958
256,51.23415610406938,3.125,0.2,0.5,1.0,0.008451163380869682,0.049622131363464224,0.12263395324487178,0.8192927520107917,-5.721177560608958
257,51.4342895263509,3.125,0.2,0.5,1.0,0.008486595252967171,0.049634666272030406,0.12304050578091578,0.8188382326940838,-5.721177560608958
258,51.63442294863242,3.125,0.2,0.5,1.0,0.00852219895247598,0.04964723734305899,0.1234483653254189,0.8183821983790432,-5.721177560608958
259,51.834556370913944,3.125,0.2,0.5,1.0,0.008557975498128808,0.0496598446724255,0.12385753560963132,0.8179246442198113,-5.721177560608958
260,52.03468979319546,3.125,0.2,0.5,1.0,0.008593925930298969,0.04967248837045672,0.1242680203677128,0.8174655653315284,-5.721177560608958
261,52.234823215476986,3.125,0.2,0.5,1.0,0.00863005125387908,0.04968516850091659,0.12467982336643701,0.8170049568787641,-5.721177560608958
262,52.4349566377585,3.125,0.2,0.5,1.0,0.008666352481950945,0.04969788512765214,0.12509294838248225,0.8165428140079113,-5.721177560608958
263,52.63509006004003,3.125,0.2,0.5,1.0,0.00870283063578555,0.04971063831459356,0.12550739920243154,0.816079131847186,-5.721177560608958
264,52.835223482321545,3.125,0.2,0.5,1.0,0.008739486744843069,0.04972342812575412,0.12592317962277255,0.8156139055066267,-5.721177560608958
265,53.03535690460307,3.125,0.2,0.5,1.0,0.008776321846772865,0.049736254625230236,0.12634029344989772,0.8151471300780957,-5.721177560608958
266,53.23549032688459,3.125,0.2,0.5,1.0,0.008813336987413482,0.049749117877201425,0.12675874450010408,0.8146788006352774,-5.721177560608958
267,53.43562374916611,3.125,0.2,0.5,1.0,0.008850533220521612,0.0497620179412625,0.12717853655646838,0.814208912281744,-5.721177560608958
268,53.63575717144763,3.125,0.2,0.5,1.0,0.008887911601780527,0.04977495476923877,0.12759967241554437,0.8137374612134327,-5.721177560608958
269,53.835890593729154,3.125,0.2,0.5,1.0,0.008925473205795353,0.049787928497873384,0.12802215659143942,0.8132644417048882,-5.721177560608958
270,54.03602401601067,3.125,0.2,0.5,1.0,0.008963219110749392,0.04980093918458321,0.12844599287451916,0.8127898488301446,-5.721177560608958
271,54.236157438292196,3.125,0.2,0.5,1.0,0.00900115040298947,0.04981398688642623,0.12887118506096992,0.8123136776496107,-5.721177560608958
272,54.43629086057371,3.125,0.2,0.5,1.0,0.00903926817702592,0.04982707166010146,0.1292977369527987,0.8118359232100703,-5.721177560608958
273,54.63642428285524,3.125,0.2,0.5,1.0,0.009077573535532605,0.04984019356194899,0.12972565235783326,0.8113565805446815,-5.721177560608958
274,54.836557705136755,3.125,0.2,0.5,1.0,0.009116067589346898,0.049853352647949996,0.13015493508972198,0.8108756446729775,-5.721177560608958
275,55.03669112741828,3.125,0.2,0.5,1.0,0.009154751457469695,0.049866548973726714,0.13058558896793404,0.8103931106008658,-5.721177560608958
276,55.2368245496998,3.125,0.2,0.5,1.0,0.009193626267065403,0.04987978259454244,0.1310176178177592,0.8099089733206293,-5.721177560608958
277,55.43695797198132,3.125,0.2,0.5,1.0,0.00923269300109435,0.049893053531263123,0.13145102537429648,0.8094232280933423,-5.721177560608958
278,55.63709139426284,3.125,0.2,0.5,1.0,0.009271952595105909,0.0499063617919806,0.13188581534344643,0.8089358702694633,-5.721177560608958
279,55.837224816544364,3.125,0.2,0.5,1.0,0.009311406383156735,0.049919707471629354,0.13232199168289788,0.8084468944623124,-5.721177560608958
280,56.03735823882588,3.125,0.2,0.5,1.0,0.00935105549775422,0.04993309061793575,0.1327595582240138,0.8079562956602926,-5.721177560608958
281,56.237491661107406,3.125,0.2,0.5,1.0,0.009390901077902044,0.04994651127789478,0.1331985188029275,0.8074640688412721,-5.721177560608958
282,56.43762508338892,3.125,0.2,0.5,1.0,0.009430944269100159,0.04995996949777006,0.13363887726054213,0.8069702089725841,-5.721177560608958
283,56.63775850567045,3.125,0.2,0.5,1.0,0.009471186223344802,0.04997346532309379,0.13408063744253118,0.8064747110110267,-5.721177560608958
284,56.837891927951965,3.125,0.2,0.5,1.0,0.00951162809912849,0.04998699879866681,0.13452380319933818,0.8059775699028631,-5.721177560608958
285,57.03802535023349,3.125,0.2,0.5,1.0,0.009552271061440023,0.05000056996855857,0.13496837838617676,0.8054787805838213,-5.721177560608958
286,57.23815877251501,3.125,0.2,0.5,1.0,0.009593116281764479,0.050014178876107124,0.1354143668630307,0.8049783379790943,-5.721177560608958
287,57.43829219479653,3.125,0.2,0.5,1.0,0.009634165131440197,0.05002782562163901,0.1358617721680032,0.8044762370789144,-5.721177560608958
288,57.63842561707805,3.125,0.2,0.5,1.0,0.009675418770156763,0.05004151023962992,0.1363105982124943,0.8039724727777158,-5.721177560608958
289,57.83855903935957,3.125,0.2,0.5,1.0,0.00971687833919786,0.0500552327563905,0.13676084895474322,0.8034670399496652,-5.721177560608958
290,58.03869246164109,3.125,0.2,0.5,1.0,0.009758545053769739,0.050068993217627734,0.1372125282438515,0.8029599334847479,-5.721177560608958
291,58.238825883922615,3.125,0.2,0.5,1.0,0.009800420136636226,0.05008279166863404,0.1376656399318979,0.8024511482628287,-5.721177560608958
292,58.43895930620413,3.125,0.2,0.5,1.0,0.009842504818118731,0.050096628154287254,0.13812018787393843,0.8019406791536525,-5.721177560608958
293,58.63909272848566,3.125,0.2,0.5,1.0,0.009884800336096258,0.050110502719050654,0.13857617592800625,0.8014285210168437,-5.721177560608958
294,58.839226150767175,3.125,0.2,0.5,1.0,0.00992730793600538,0.050124415406972926,0.13903360795511166,0.800914668701907,-5.721177560608958
295,59.0393595730487,3.125,0.2,0.5,1.0,0.009970028870840269,0.0501383662616882,0.13949248781924226,0.8003991170482262,-5.721177560608958
296,59.23949299533022,3.125,0.2,0.5,1.0,0.010012964404636523,0.05015235532279521,0.1399528193853806,0.7998818608871844,-5.721177560608958
297,59.43962641761174,3.125,0.2,0.5,1.0,0.010056115906683098,0.05016638252794142,0.1404146064659032,0.799362895099469,-5.721177560608958
298,59.63975983989326,3.125,0.2,0.5,1.0,0.010099484582282527,0.05018044799264802,0.14087785297376246,0.7988422144513038,-5.721177560608958
299,59.83989326217478,3.125,0.2,0.5,1.0,0.010143071719351547,0.05019455175401414,0.14134256278218513,0.7983198137444459,-5.721177560608958
300,60.0400266844563,3.125,0.2,0.5,1.0,0.010186878613618498,0.050208693848460315,0.14180873976723052,0.7977956877706874,-5.721177560608958
301,60.240160106737825,3.125,0.2,0.5,1.0,0.010230906568623327,0.05022287431172852,0.1422763878077907,0.7972698313118542,-5.721177560608958
302,60.44029352901934,3.125,0.2,0.5,1.0,0.010275156895717584,0.05023709317888214,0.14274551078559028,0.7967422391398068,-5.721177560608958
303,60.64042695130087,3.125,0.2,0.5,1.0,0.010319630914064428,0.050251350484306,0.14321611258518674,0.7962129060164396,-5.721177560608958
304,60.840560373582385,3.125,0.2,0.5,1.0,0.010364329950638618,0.05026564626170631,0.14368819709397,0.7956818266936818,-5.721177560608958
305,61.04069379586391,3.125,0.2,0.5,1.0,0.01040925534022653,0.050279980544110724,0.14416176820216278,0.7951489959134967,-5.721177560608958
306,61.24082721814543,3.125,0.2,0.5,1.0,0.01045440842542613,0.05029435336386831,0.14463682980282047,0.7946144084078819,-5.721177560608958
307,61.44096064042695,3.125,0.2,0.5,1.0,0.010499790556647005,0.05030876475264956,0.14511338579183108,0.7940780588988691,-5.721177560608958
308,61.64109406270847,3.125,0.2,0.5,1.0,0.010545403453866242,0.05032321470133281,0.14559143967039953,0.7935399421743982,-5.721177560608958
309,61.84122748498999,3.125,0.2,0.5,1.0,0.010591248379815869,0.050337703251685975,0.14607099545359128,0.7930000529149036,-5.721177560608958
310,62.04136090727151,3.125,0.2,0.5,1.0,0.01063732662651627,0.05035223044241691,0.14655205713570477,0.7924583857953588,-5.721177560608958
311,62.241494329553035,3.125,0.2,0.5,1.0,0.010683639598509143,0.050366796299944096,0.14703462859881072,0.7919149355027327,-5.721177560608958
312,62.44162775183455,3.125,0.2,0.5,1.0,0.010730188709340841,0.050381400849875115,0.14751871372650155,0.7913696967142793,-5.721177560608958
313,62.64176117411608,3.125,0.2,0.5,1.0,0.010776975381562377,0.050396044117006704,0.14800431640389136,0.7908226640975363,-5.721177560608958
314,62.841894596397594,3.125,0.2,0.5,1.0,0.010824001046729408,0.050410726125324705,0.14849144051761592,0.7902738323103267,-5.721177560608958
315,63.04202801867912,3.125,0.2,0.5,1.0,0.01087126714540226,0.05042544689800411,0.1489800899558327,0.7897231960007577,-5.721177560608958
316,63.242161440960636,3.125,0.2,0.5,1.0,0.010918775127145904,0.050440206457409015,0.14947026860822082,0.7891707498072209,-5.721177560608958
317,63.44229486324216,3.125,0.2,0.5,1.0,0.010966526450529968,0.05045500482509267,0.14996198036598118,0.7886164883583928,-5.721177560608958
318,63.64242828552368,3.125,0.2,0.5,1.0,0.01101452258312874,0.050469842021797426,0.15045522912183623,0.7880604062732343,-5.721177560608958
319,63.8425617078052,3.125,0.2,0.5,1.0,0.011062765107104114,0.05048471803488789,0.15095001856735396,0.7875024982906507,-5.721177560608958
320,64.04269513008673,3.125,0.2,0.5,1.0,0.011111255582118104,0.0504996328606353,0.15144635245609978,0.7869427591011435,-5.721177560608958
321,64.24282855236824,3.125,0.2,0.5,1.0,0.011159995407809294,0.05051458654663648,0.15194423486762595,0.7863811831779249,-5.721177560608958
322,64.44296197464976,3.125,0.2,0.5,1.0,0.011208986098987241,0.05052957910693054,0.1524436696792104,0.7858177651148684,-5.721177560608958
323,64.64309539693129,3.125,0.2,0.5,1.0,0.011258229180059837,0.05054461055456261,0.15294466076851296,0.7852524994968613,-5.721177560608958
324,64.84322881921281,3.125,0.2,0.5,1.0,0.011307726185033316,0.05055968090158382,0.1534472120135756,0.7846853808998039,-5.721177560608958
325,65.04336224149432,3.125,0.2,0.5,1.0,0.011357478657512247,0.0505747901590513,0.15395132729282232,0.7841164038906108,-5.721177560608958
326,65.24349566377585,3.125,0.2,0.5,1.0,0.01140748815069955,0.0505899383370282,0.1544570104850592,0.7835455630272098,-5.721177560608958
327,65.44362908605737,3.125,0.2,0.5,1.0,0.011457756227396478,0.050605125444583655,0.15496426546947434,0.7829728528585422,-5.721177560608958
328,65.6437625083389,3.125,0.2,0.5,1.0,0.011508284460002623,0.05062035148979283,0.15547309612563787,0.7823982679245634,-5.721177560608958
329,65.8438959306204,3.125,0.2,0.5,1.0,0.011559074430515915,0.05063561647973689,0.155983506333502,0.7818218027562419,-5.721177560608958
330,66.04402935290193,3.125,0.2,0.5,1.0,0.01161012777661035,0.05065092041047174,0.15649549987116318,0.7812434519417515,-5.721177560608958
331,66.24416277518345,3.125,0.2,0.5,1.0,0.011661446331522352,0.050666263236574346,0.15700908010448017,0.7806632103274199,-5.721177560608958
332,66.44429619746498,3.125,0.2,0.5,1.0,0.011713031528581982,0.0506816450007781,0.15752425130830844,0.7800810721623282,-5.721177560608958
333,66.64442961974649,3.125,0.2,0.5,1.0,0.011764885001808535,0.05069706570322133,0.1580410173338903,0.7794970319610767,-5.721177560608958
334,66.84456304202801,3.125,0.2,0.5,1.0,0.011817008395552187,0.0507125253428889,0.15855938203122497,0.7789110842303307,-5.721177560608958
335,67.04469646430954,3.125,0.2,0.5,1.0,0.011869403364493974,0.050728023917612206,0.1590793492490682,0.7783232234688224,-5.721177560608958
336,67.24482988659106,3.125,0.2,0.5,1.0,0.011922071573645806,0.05074356142406917,0.15960092283493252,0.7777334441673494,-5.721177560608958
337,67.44496330887257,3.125,0.2,0.5,1.0,0.011975014698350458,0.05075913785778425,0.1601241066350871,0.7771417408087751,-5.721177560608958
338,67.6450967311541,3.125,0.2,0.5,1.0,0.01202823442428159,0.050774753213128444,0.16064890449455796,0.776548107868029,-5.721177560608958
339,67.84523015343562,3.125,0.2,0.5,1.0,0.012081732447443717,0.05079040748331927,0.16117532025712766,0.7759525398121063,-5.721177560608958
340,68.04536357571715,3.125,0.2,0.5,1.0,0.012135510474172231,0.05080610066042078,0.16170335776533554,0.7753550311000684,-5.721177560608958
341,68.24549699799866,3.125,0.2,0.5,1.0,0.01218957022113339,0.050821832735343575,0.16223302086047756,0.7747555761830425,-5.721177560608958
342,68.44563042028018,3.125,0.2,0.5,1.0,0.012243913677894422,0.050837603650100205,0.16276431282466325,0.7741541698473391,-5.721177560608958
343,68.6457638425617,3.125,0.2,0.5,1.0,0.012298542606897162,0.050853413388727724,0.1632972374433367,0.7735508065610354,-5.721177560608958
344,68.84589726484323,3.125,0.2,0.5,1.0,0.012353458600537649,0.05086926196690862,0.16383179888398694,0.7729454805485638,-5.721177560608958
345,69.04603068712474,3.125,0.2,0.5,1.0,0.0124086634386967,0.050885149366959044,0.16436800093641976,0.7723381862579215,-5.721177560608958
346,69.24616410940627,3.125,0.2,0.5,1.0,0.012464158911830591,0.05090107556999719,0.164905847388678,0.7717289181294913,-5.721177560608958
347,69.44629753168779,3.125,0.2,0.5,1.0,0.012519946821055937,0.050917040555927884,0.16544534202686098,0.7711176705961523,-5.721177560608958
348,69.64643095396931,3.125,0.2,0.5,1.0,0.012576028978234599,0.050933044303427134,0.1659864886349443,0.7705044380833911,-5.721177560608958
349,69.84656437625083,3.125,0.2,0.5,1.0,0.012632407206058573,0.05094908678992669,0.1665292909945993,0.7698892150094127,-5.721177560608958
350,70.04669779853235,3.125,0.2,0.5,1.0,0.012689083338134908,0.05096516799159863,0.16707375288501275,0.769271995785251,-5.721177560608958
351,70.24683122081387,3.125,0.2,0.5,1.0,0.012746059219070576,0.05098128788333988,0.16761987808270631,0.7686527748148805,-5.721177560608958
352,70.4469646430954,3.125,0.2,0.5,1.0,0.012803336704557387,0.05099744643875682,0.16816767036135635,0.7680315464953267,-5.721177560608958
353,70.64709806537691,3.125,0.2,0.5,1.0,0.01286091789215386,0.051013643581341014,0.16871713299657534,0.7674083055299271,-5.721177560608958
354,70.84723148765843,3.125,0.2,0.5,1.0,0.012918804692289298,0.05102987927523489,0.16926826968646894,0.7667830463460042,-5.721177560608958
355,71.04736490993996,3.125,0.2,0.5,1.0,0.01297699888013043,0.05104615351426072,0.16982108444034014,0.766155763165266,-5.721177560608958
356,71.24749833222148,3.125,0.2,0.5,1.0,0.013035502379407938,0.05106246626187373,0.17037558096964603,0.7655264503890696,-5.721177560608958
357,71.44763175450299,3.125,0.2,0.5,1.0,0.013094317127250319,0.05107881747976185,0.17093176297804377,0.7648951024149415,-5.721177560608958
358,71.64776517678452,3.125,0.2,0.5,1.0,0.013153445074336079,0.051095207127816004,0.17148963416106605,0.7642617136367793,-5.721177560608958
359,71.84789859906604,3.125,0.2,0.5,1.0,0.013212888185045872,0.051111635164100507,0.17204919820579612,0.7636262784450549,-5.721177560608958
360,72.04803202134757,3.125,0.2,0.5,1.0,0.013272648437614689,0.051128101544823334,0.17261045879054313,0.7629887912270163,-5.721177560608958
361,72.24816544362908,3.125,0.2,0.5,1.0,0.013332727824284013,0.05114460622430649,0.17317341958451732,0.7623492463668897,-5.721177560608958
362,72.4482988659106,3.125,0.2,0.5,1.0,0.013393128351454014,0.05116114915495633,0.17373808424750545,0.7617076382460817,-5.721177560608958
363,72.64843228819213,3.125,0.2,0.5,1.0,0.013453852039835682,0.05117773028723386,0.17430445642954584,0.7610639612433822,-5.721177560608958
364,72.84856571047365,3.125,0.2,0.5,1.0,0.013514900924603017,0.05119434956962512,0.1748725397706036,0.7604182097351658,-5.721177560608958
365,73.04869913275516,3.125,0.2,0.5,1.0,0.013576277055545191,0.05121100694861146,0.17544233790024608,0.7597703780955948,-5.721177560608958
366,73.24883255503669,3.125,0.2,0.5,1.0,0.01363798254177357,0.05122770233902589,0.17601385422998003,0.7591204608892181,-5.721177560608958
367,73.44896597731821,3.125,0.2,0.5,1.0,0.013700019441994393,0.05124443569705639,0.17658709246425594,0.7584684523966909,-5.721177560608958
368,73.64909939959973,3.125,0.2,0.5,1.0,0.01376238984688116,0.05126120696556734,0.17716205621752767,0.7578143469700215,-5.721177560608958
369,73.84923282188124,3.125,0.2,0.5,1.0,0.01382509586921312,0.05127801608072564,0.17773874906052703,0.7571581389895319,-5.721177560608958
370,74.04936624416277,3.125,0.2,0.5,1.0,0.013888139637391224,0.05129486297638188,0.17831717455082102,0.7564998228354035,-5.721177560608958
371,74.2494996664443,3.125,0.2,0.5,1.0,0.013951523295598938,0.05131174758403493,0.17889733623244655,0.7558393928879172,-5.721177560608958
372,74.44963308872582,3.125,0.2,0.5,1.0,0.014015249003963105,0.05132866983279646,0.17947923763554538,0.7551768435276927,-5.721177560608958
373,74.64976651100733,3.125,0.2,0.5,1.0,0.014079318938714775,0.051345629649355545,0.18006288227599912,0.7545121691359282,-5.721177560608958
374,74.84989993328885,3.125,0.2,0.5,1.0,0.014143735292350064,0.05136262695794323,0.18064827365506406,0.7538453640946403,-5.721177560608958
375,75.05003335557038,3.125,0.2,0.5,1.0,0.014208500273790958,0.05137966168029708,0.181235415259006,0.7531764227869037,-5.721177560608958
376,75.2501667778519,3.125,0.2,0.5,1.0,0.014273616108546185,0.05139673373562576,0.18182431055873524,0.7525053395970904,-5.721177560608958
377,75.45030020013341,3.125,0.2,0.5,1.0,0.014339085038872035,0.05141384304057358,0.18241496300944138,0.7518321089111106,-5.721177560608958
378,75.65043362241494,3.125,0.2,0.5,1.0,0.014404909305410354,0.05143098951297537,0.18300737607497974,0.7511567251066322,-5.721177560608958
379,75.85056704469646,3.125,0.2,0.5,1.0,0.014471091021562693,0.05144817309756031,0.18360155339558945,0.7504791824852852,-5.721177560608958
380,76.05070046697799,3.125,0.2,0.5,1.0,0.014537632597786558,0.05146539367912712,0.18419749822077414,0.7497994755023099,-5.721177560608958
381,76.2508338892595,3.125,0.2,0.5,1.0,0.014604536334720258,0.051482651165799045,0.18479521395284185,0.7491175985466365,-5.721177560608958
382,76.45096731154102,3.125,0.2,0.5,1.0,0.014671804549690564,0.05149994546313446,0.18539470397770827,0.7484335460094644,-5.721177560608958
383,76.65110073382255,3.125,0.2,0.5,1.0,0.014739439576842227,0.05151727647409788,0.18599597166457305,0.7477473122844845,-5.721177560608958
384,76.85123415610407,3.125,0.2,0.5,1.0,0.014807443767267552,0.051534644099030885,0.18659902036559675,0.7470588917681025,-5.721177560608958
385,77.0513675783856,3.125,0.2,0.5,1.0,0.014875819489135939,0.05155204823562315,0.18720385341557752,0.7463682788596611,-5.721177560608958
386,77.2515010006671,3.125,0.2,0.5,1.0,0.014944569127823432,0.05156948877888335,0.18781047413162777,0.7456754679616631,-5.721177560608958
387,77.45163442294863,3.125,0.2,0.5,1.0,0.015013695086042287,0.05158696562111018,0.18841888581285093,0.7449804534799942,-5.721177560608958
388,77.65176784523015,3.125,0.2,0.5,1.0,0.015083199783970495,0.05160447865186328,0.18902909174001806,0.7442832298241457,-5.721177560608958
389,77.85190126751168,3.125,0.2,0.5,1.0,0.015153085659381352,0.05162202775793426,0.18964109517524455,0.7435837914074374,-5.721177560608958
390,78.05203468979319,3.125,0.2,0.5,1.0,0.015223355167772996,0.05163961282331759,0.19025489936166698,0.74288213264724,-5.721177560608958
391,78.25216811207471,3.125,0.2,0.5,1.0,0.01529401072738689,0.05165723373730946,0.19087050759950602,0.742178247935795,-5.721177560608958
392,78.45230153435624,3.125,0.2,0.5,1.0,0.015365054756152876,0.05167489038904913,0.1914879231947154,0.74147213166008,-5.721177560608958
393,78.65243495663776,3.125,0.2,0.5,1.0,0.01543648983504295,0.05169258264341753,0.19210714923242245,0.7407637782891144,-5.721177560608958
394,78.85256837891927,3.125,0.2,0.5,1.0,0.015508318482861867,0.05171031037424133,0.19272818888893467,0.7400531822539596,-5.721177560608958
395,79.0527018012008,3.125,0.2,0.5,1.0,0.015580543236044908,0.05172807345251438,0.19335104532099281,0.7393403379904452,-5.721177560608958
396,79.25283522348232,3.125,0.2,0.5,1.0,0.015653166648760757,0.05174587174637264,0.19397572166548435,0.7386252399393796,-5.721177560608958
397,79.45296864576385,3.125,0.2,0.5,1.0,0.015726191293014426,0.051763705121069065,0.1946022210391572,0.7379078825467567,-5.721177560608958
398,79.65310206804536,3.125,0.2,0.5,1.0,0.015799619758750154,0.05178157343894848,0.19523054653833335,0.7371882602639653,-5.721177560608958
399,79.85323549032688,3.125,0.2,0.5,1.0,0.015873454653954327,0.05179947655942251,0.19586070123862268,0.7364663675479978,-5.721177560608958
400,80.0533689126084,3.125,0.2,0.5,1.0,0.01594769860475836,0.0518174143389445,0.19649268819463625,0.7357421988616581,-5.721177560608958
401,80.25350233488993,3.125,0.2,0.5,1.0,0.016022354255541625,0.05183538663098433,0.19712651043970017,0.7350157486737711,-5.721177560608958
402,80.45363575717144,3.125,0.2,0.5,1.0,0.01609742426903432,0.05185339328600342,0.1977621709855691,0.7342870114593903,-5.721177560608958
403,80.65376917945296,3.125,0.2,0.5,1.0,0.016172911326420444,0.051871434151429544,0.19839967282214024,0.7335559817000069,-5.721177560608958
404,80.85390260173449,3.125,0.2,0.5,1.0,0.01624881820512424,0.051889509047981584,0.19903901872835947,0.7328226540185319,-5.721177560608958
405,81.05403602401601,3.125,0.2,0.5,1.0,0.016325147625246395,0.05190761781642711,0.19968021164541636,0.7320870229129073,-5.721177560608958
406,81.25416944629752,3.125,0.2,0.5,1.0,0.016401902291647577,0.05192576030477654,0.20032325457442518,0.7313490828291478,-5.721177560608958
407,81.45430286857905,3.125,0.2,0.5,1.0,0.016479084967572,0.0519439363458753,0.20096815039744995,0.7306088282890998,-5.721177560608958
408,81.65443629086057,3.125,0.2,0.5,1.0,0.016556698435827508,0.051962145769228425,0.2016149019718179,0.7298662538231232,-5.721177560608958
409,81.8545697131421,3.125,0.2,0.5,1.0,0.016634745498909705,0.05198038840096904,0.20226351212978194,0.7291213539703364,-5.721177560608958
410,82.05470313542361,3.125,0.2,0.5,1.0,0.016713228979126003,0.05199866406382679,0.20291398367818272,0.7283741232788615,-5.721177560608958
411,82.25483655770513,3.125,0.2,0.5,1.0,0.01679215171871975,0.05201697257709629,0.20356631939811082,0.7276245563060701,-5.721177560608958
412,82.45496997998666,3.125,0.2,0.5,1.0,0.016871516579994264,0.0520353137566056,0.20422052204456884,0.7268726476188283,-5.721177560608958
413,82.65510340226818,3.125,0.2,0.5,1.0,0.016951326445436964,0.05205368741468464,0.20487659434613356,0.7261183917937418,-5.721177560608958
414,82.85523682454969,3.125,0.2,0.5,1.0,0.017031584217843416,0.052072093360133666,0.20553453900461818,0.7253617834174018,-5.721177560608958
415,83.05537024683122,3.125,0.2,0.5,1.0,0.017112292820441466,0.05209053139819172,0.20619435869473451,0.7246028170866293,-5.721177560608958
416,83.25550366911274,3.125,0.2,0.5,1.0,0.017193455197015275,0.05210900133050507,0.20685605606375496,0.7238414874087218,-5.721177560608958
417,83.45563709139427,3.125,0.2,0.5,1.0,0.017275074438830366,0.05212750292567553,0.20751963329064746,0.7230777893448438,-5.721177560608958
418,83.65577051367578,3.125,0.2,0.5,1.0,0.01735715346465049,0.05214603599349962,0.2081850931978428,0.7223117173440042,-5.721177560608958
419,83.8559039359573,3.125,0.2,0.5,1.0,0.01743969527463402,0.05216460032605727,0.20885243836925027,0.7215432660300556,-5.721177560608958
420,84.05603735823883,3.125,0.2,0.5,1.0,0.017522702904207352,0.05218319570841117,0.20952167131060165,0.7207724300767769,-5.721177560608958
421,84.25617078052035,3.125,0.2,0.5,1.0,0.017606179410640365,0.05220182192171884,0.2101927944961842,0.7199992041714538,-5.721177560608958
422,84.45630420280186,3.125,0.2,0.5,1.0,0.017690127873193982,0.05222047874319558,0.21086581036842073,0.7192235830151869,-5.721177560608958
423,84.65643762508338,3.125,0.2,0.5,1.0,0.017774551393267807,0.05223916594607748,0.21154072133745055,0.7184455613232014,-5.721177560608958
424,84.85657104736491,3.125,0.2,0.5,1.0,0.01785945309454765,0.052257883299584425,0.21221752978070954,0.7176651338251556,-5.721177560608958
425,85.05670446964643,3.125,0.2,0.5,1.0,0.01794483612315315,0.052276630568883084,0.21289623804251093,0.7168822952654501,-5.721177560608958
426,85.25683789192794,3.125,0.2,0.5,1.0,0.01803070364778534,0.052295407515049915,0.21357684843362568,0.7160970404035363,-5.721177560608958
427,85.45697131420947,3.125,0.2,0.5,1.0,0.01811705885987428,0.05231421389503417,0.2142593632308632,0.7153093640142256,-5.721177560608958
428,85.657104736491,3.125,0.2,0.5,1.0,0.018203904973726575,0.052333049461620866,0.21494378467665162,0.7145192608879982,-5.721177560608958
429,85.85723815877252,3.125,0.2,0.5,1.0,0.018291245216284436,0.052351913962544704,0.21563011494931392,0.7137267258718543,-5.721177560608958
430,86.05737158105403,3.125,0.2,0.5,1.0,0.01837908278468515,0.05237080713697209,0.21631835604251434,0.7129317540358258,-5.721177560608958
431,86.25750500333555,3.125,0.2,0.5,1.0,0.018467421009556746,0.05238972872879911,0.21700851022505319,0.7121343400365883,-5.721177560608958
432,86.45763842561708,3.125,0.2,0.5,1.0,0.018556263193921427,0.05240867847343516,0.2177005795856037,0.711334478747037,-5.721177560608958
433,86.6577718478986,3.125,0.2,0.5,1.0,0.018645612664056017,0.05242765610191102,0.21839456617534533,0.710532165058685,-5.721177560608958
434,86.85790527018011,3.125,0.2,0.5,1.0,0.018735472769626504,0.05244666134084073,0.2190904720075073,0.7097273938820229,-5.721177560608958
435,87.05803869246164,3.125,0.2,0.5,1.0,0.018825846883822613,0.05246569391238359,0.21978829905691283,0.7089201601468784,-5.721177560608958
436,87.25817211474316,3.125,0.2,0.5,1.0,0.01891673840349234,0.05248475353420603,0.22048804925952234,0.7081104588027767,-5.721177560608958
437,87.45830553702469,3.125,0.2,0.5,1.0,0.019008150749276524,0.05250383991944358,0.22118972451197758,0.7072982848192997,-5.721177560608958
438,87.6584389593062,3.125,0.2,0.5,1.0,0.01910008736574342,0.052522952776662794,0.22189332667114528,0.7064836331864459,-5.721177560608958
439,87.85857238158772,3.125,0.2,0.5,1.0,0.01919255172152325,0.05254209180982319,0.22259885755366107,0.7056664989149899,-5.721177560608958
440,88.05870580386924,3.125,0.2,0.5,1.0,0.019285547309442753,0.052561256718239156,0.22330631893547295,0.7048468770368426,-5.721177560608958
441,88.25883922615077,3.125,0.2,0.5,1.0,0.019379077646659755,0.05258044719654193,0.2240157125513853,0.7040247626054105,-5.721177560608958
442,88.45897264843228,3.125,0.2,0.5,1.0,0.019473146276712417,0.05259966292254038,0.2247270400017279,0.7032001507990167,-5.721177560608958
443,88.6591060707138,3.125,0.2,0.5,1.0,0.01956775676781609,0.05261890356879782,0.22544030284104247,0.702373036822341,-5.721177560608958
444,88.85923949299533,3.125,0.2,0.5,1.0,0.01966291270882036,0.0526381688289956,0.22615550278025612,0.7015434156819254,-5.721177560608958
445,89.05937291527685,3.125,0.2,0.5,1.0,0.019758617715832608,0.05265745837688442,0.22687264137147345,0.700711282535807,-5.721177560608958
446,89.25950633755836,3.125,0.2,0.5,1.0,0.01985487542998738,0.05267677188119419,0.22759172012224377,0.6998766325665721,-5.721177560608958
447,89.45963975983989,3.125,0.2,0.5,1.0,0.019951689517581844,0.052696109005590686,0.22831274049506448,0.6990394609817604,-5.721177560608958
448,89.65977318212141,3.125,0.2,0.5,1.0,0.020049063670211115,0.052715469408632185,0.22903570390688402,0.6981997630142701,-5.721177560608958
449,89.85990660440294,3.125,0.2,0.5,1.0,0.0201470016049037,0.05273485274372612,0.22976061172860537,0.6973575339227622,-5.721177560608958
450,90.06004002668445,3.125,0.2,0.5,1.0,0.020245507064256867,0.05275425865908575,0.23048746528458913,0.6965127689920656,-5.721177560608958
451,90.26017344896597,3.125,0.2,0.5,1.0,0.020344583816572066,0.05277368679768679,0.23121626585215696,0.6956654635335815,-5.721177560608958
452,90.4603068712475,3.125,0.2,0.5,1.0,0.02044423565599029,0.05279313679722408,0.23194701466109452,0.6948156128856885,-5.721177560608958
453,90.66044029352902,3.125,0.2,0.5,1.0,0.020544466402627505,0.05281260829006824,0.23267971289315492,0.6939632124141467,-5.721177560608958
454,90.86057371581053,3.125,0.2,0.5,1.0,0.020645279902710013,0.05283210090322227,0.2334143616815618,0.6931082575125033,-5.721177560608958
455,91.06070713809206,3.125,0.2,0.5,1.0,0.02074668019575066,0.05285161423387505,0.23415096172212987,0.6922507438482418,-5.721177560608958
456,91.26084056037358,3.125,0.2,0.5,1.0,0.020848671166728953,0.05287114790019122,0.23488951408179126,0.6913906668512859,-5.721177560608958
457,91.4609739826551,3.125,0.2,0.5,1.0,0.020951256683364804,0.052890701521233166,0.2356300198792413,0.6905280219161581,-5.721177560608958
458,91.66110740493662,3.125,0.2,0.5,1.0,0.021054440712283483,0.05291027469996665,0.236372480014664,0.6896628045730833,-5.721177560608958
459,91.86124082721814,3.125,0.2,0.5,1.0,0.021158227248100434,0.05292986703359741,0.23711689533443361,0.6887950103838659,-5.721177560608958
460,92.06137424949966,3.125,0.2,0.5,1.0,0.021262620313599382,0.052949478113521554,0.2378632666305183,0.6879246349423581,-5.721177560608958
461,92.26150767178119,3.125,0.2,0.5,1.0,0.021367623959910466,0.05296910752527598,0.23861159463988407,0.6870516738749268,-5.721177560608958
462,92.4616410940627,3.125,0.2,0.5,1.0,0.021473242266688362,0.052988754848488744,0.2393618800438987,0.6861761228409216,-5.721177560608958
463,92.66177451634422,3.125,0.2,0.5,1.0,0.021579479342290448,0.05300841965682953,0.24011412346773572,0.6852979775331417,-5.721177560608958
464,92.86190793862575,3.125,0.2,0.5,1.0,0.021686339323954876,0.05302810151796,0.24086832547977804,0.6844172336783044,-5.721177560608958
465,93.06204136090727,3.125,0.2,0.5,1.0,0.021793826377978734,0.05304779999348426,0.241624486591022,0.6835338870375124,-5.721177560608958
466,93.26217478318878,3.125,0.2,0.5,1.0,0.02190194469989616,0.053067514638899214,0.2423826072544812,0.6826479334067208,-5.721177560608958
467,93.46230820547031,3.125,0.2,0.5,1.0,0.022010698514656514,0.053087245003545024,0.24314268786459048,0.6817593686172054,-5.721177560608958
468,93.66244162775183,3.125,0.2,0.5,1.0,0.022120092143983607,0.05310699062968847,0.2439047282810809,0.6808681889452446,-5.721177560608958
469,93.86257505003336,3.125,0.2,0.5,1.0,0.02223012983335275,0.05312675105470864,0.24466872905435388,0.6799743900575823,-5.721177560608958
470,94.06270847231487,3.125,0.2,0.5,1.0,0.022340815896257787,0.05314652580918777,0.24543469040497967,0.6790779678895723,-5.721177560608958
471,94.26284189459639,3.125,0.2,0.5,1.0,0.022452154681235084,0.05316631441728955,0.2462026124577771,0.6781789184436958,-5.721177560608958
472,94.46297531687792,3.125,0.2,0.5,1.0,0.022564150567464233,0.053186116396768596,0.24697249527361692,0.6772772377621479,-5.721177560608958
473,94.66310873915944,3.125,0.2,0.5,1.0,0.022676807964958114,0.053205931258920695,0.24774433884874178,0.6763729219273771,-5.721177560608958
474,94.86324216144095,3.125,0.2,0.5,1.0,0.022790131314752864,0.053225758508533075,0.2485181431140859,0.6754659670626258,-5.721177560608958
475,95.06337558372248,3.125,0.2,0.5,1.0,0.022904125089097935,0.05324559764383467,0.24929390793459522,0.6745563693324699,-5.721177560608958
476,95.263509006004,3.125,0.2,0.5,1.0,0.023018793791646043,0.053265448156446356,0.2500716331085467,0.6736441249433586,-5.721177560608958
477,95.46364242828552,3.125,0.2,0.5,1.0,0.023134141957643205,0.053285309531331204,0.25085131836686847,0.6727292301441549,-5.721177560608958
478,95.66377585056703,3.125,0.2,0.5,1.0,0.023250174154118734,0.05330518124674476,0.2516329633724594,0.6718116812266748,-5.721177560608958
479,95.86390927284856,3.125,0.2,0.5,1.0,0.02336689498007528,0.053325062774185285,0.2524165677195093,0.6708914745262279,-5.721177560608958
480,96.06404269513008,3.125,0.2,0.5,1.0,0.02348430902248085,0.05334495357242385,0.2532021309166709,0.6699686064884223,-5.721177560608958
481,96.26417611741161,3.125,0.2,0.5,1.0,0.02360242074616292,0.05336485307268085,0.25398965234608445,0.6690430738350697,-5.721177560608958
482,96.46430953969312,3.125,0.2,0.5,1.0,0.023721234998623927,0.05338476074616907,0.2547791314470573,0.6681148728081475,-5.721177560608958
483,96.66444296197464,3.125,0.2,0.5,1.0,0.02384075649421798,0.05340467603492576,0.25557056752686375,0.6671839999439904,-5.721177560608958
484,96.86457638425617,3.125,0.2,0.5,1.0,0.023960989979006413,0.053424598373819285,0.2563639598202231,0.6662504518269491,-5.721177560608958
485,97.06470980653769,3.125,0.2,0.5,1.0,0.024081940230903834,0.05344452719049347,0.25715930748860377,0.6653142250899968,-5.721177560608958
486,97.2648432288192,3.125,0.2,0.5,1.0,0.0242036120598242,0.05346446190531198,0.25795660961952716,0.6643753164153345,-5.721177560608958
487,97.46497665110073,3.125,0.2,0.5,1.0,0.02432601030782687,0.053484401931302716,0.2587558652258713,0.6634337225349971,-5.721177560608958
488,97.66511007338225,3.125,0.2,0.5,1.0,0.02444913984926262,0.053504346674102116,0.2595570732451743,0.6624894402314588,-5.721177560608958
489,97.86524349566378,3.125,0.2,0.5,1.0,0.02457300559091972,0.053524295531899586,0.26036023253893853,0.66154246633824,-5.721177560608958
490,98.06537691794529,3.125,0.2,0.5,1.0,0.024697612472169977,0.05354424789538184,0.261165341891934,0.660592797740512,-5.721177560608958
491,98.26551034022681,3.125,0.2,0.5,1.0,0.024822965465114814,0.05356420314767728,0.26197240001150246,0.6596404313757033,-5.721177560608958
492,98.46564376250834,3.125,0.2,0.5,1.0,0.02494906957473126,0.05358416066430034,0.2627814055268607,0.6586853642341055,-5.721177560608958
493,98.66577718478986,3.125,0.2,0.5,1.0,0.02507592985837568,0.05360411977638667,0.26359235682406185,0.6577275935411736,-5.721177560608958
494,98.86591060707137,3.125,0.2,0.5,1.0,0.025203551402651292,0.053624079814782115,0.2644052522429292,0.6567671165396352,-5.721177560608958
495,99.0660440293529,3.125,0.2,0.5,1.0,0.02533193929388082,0.05364404016625896,0.2652200903282827,0.6558039302115753,-5.721177560608958
496,99.26617745163442,3.125,0.2,0.5,1.0,0.025461098672585777,0.05366400017042425,0.2660368693679618,0.6548380317890259,-5.721177560608958
497,99.46631087391594,3.125,0.2,0.5,1.0,0.02559103471310837,0.05368395915858556,0.2668555875663768,0.653869418561927,-5.721177560608958
498,99.66644429619745,3.125,0.2,0.5,1.0,0.02572175262376521,0.05370391645368087,0.2676762430437466,0.652898087878805,-5.721177560608958
499,99.86657771847898,3.125,0.2,0.5,1.0,0.025853257647001106,0.05372387137020829,0.2684988338353379,0.6519240371474504,-5.721177560608958
500,100.0667111407605,3.125,0.2,0.5,1.0,0.025985555059542743,0.05374382321415586,0.2693233578907029,0.6509472638355962,-5.721177560608958
501,100.26684456304203,3.125,0.2,0.5,1.0,0.02611865017255245,0.05376377128293136,0.2701498130729182,0.6499677654715956,-5.721177560608958
502,100.46697798532354,3.125,0.2,0.5,1.0,0.026252548331781953,0.05378371486529203,0.27097819715782295,0.6489855396451006,-5.721177560608958
503,100.66711140760506,3.125,0.2,0.5,1.0,0.026387254917726116,0.0538036532412744,0.2718085078332578,0.6480005840077393,-5.721177560608958
504,100.86724482988659,3.125,0.2,0.5,1.0,0.02652277534577666,0.05382358568212408,0.2726407426983026,0.6470128962737943,-5.721177560608958
505,101.06737825216811,3.125,0.2,0.5,1.0,0.026659115066375923,0.053843511450225506,0.27347489926251545,0.6460224742208808,-5.721177560608958
506,101.26751167444962,3.125,0.2,0.5,1.0,0.026796279905709895,0.053863429823565435,0.27431097422508643,0.6450293160456358,-5.721177560608958
507,101.46764509673115,3.125,0.2,0.5,1.0,0.026934275324549308,0.053883340042255874,0.2751489650416128,0.6440334195915797,-5.721177560608958
508,101.66777851901267,3.125,0.2,0.5,1.0,0.02707310678340711,0.05390324133476004,0.27598886915152077,0.6430347827303097,-5.721177560608958
509,101.8679119412942,3.125,0.2,0.5,1.0,0.027212779902574112,0.05392313292934062,0.27683068363922825,0.6420334035288546,-5.721177560608958
510,102.0680453635757,3.125,0.2,0.5,1.0,0.0273533003404717,0.053943014045214586,0.277674405490936,0.6410292801233753,-5.721177560608958
511,102.26817878585723,3.125,0.2,0.5,1.0,0.027494673793887595,0.053962883892488864,0.27852003159369304,0.640022410719928,-5.721177560608958
512,102.46831220813876,3.125,0.2,0.5,1.0,0.027636905998211565,0.05398274167209604,0.2793675587344613,0.6390127935952288,-5.721177560608958
513,102.66844563042028,3.125,0.2,0.5,1.0,0.027780002727671185,0.05400258657573002,0.28021698359918085,0.6380004270974156,-5.721177560608958
514,102.8685790527018,3.125,0.2,0.5,1.0,0.027923969795567587,0.05402241778578175,0.2810683027718351,0.6369853096468132,-5.721177560608958
515,103.06871247498331,3.125,0.2,0.5,1.0,0.02806881305451119,0.05404223447527492,0.28192151273351546,0.6359674397366961,-5.721177560608958
516,103.26884589726484,3.125,0.2,0.5,1.0,0.028214538396657475,0.05406203580780161,0.28277660986148695,0.6349468159340517,-5.721177560608958
517,103.46897931954636,3.125,0.2,0.5,1.0,0.028361151753942698,0.054081820937458024,0.28363359042825265,0.6339234368803445,-5.721177560608958
518,103.66911274182789,3.125,0.2,0.5,1.0,0.02850865909831963,0.05410158900878013,0.28449245060061906,0.6328973012922791,-5.721177560608958
519,103.8692461641094,3.125,0.2,0.5,1.0,0.02865706632777192,0.05412133928579285,0.28535318597627496,0.6318684084101581,-5.721177560608958
520,104.06937958639092,3.125,0.2,0.5,1.0,0.0288063795666792,0.05414107081268592,0.28621579279809006,0.6308367568225427,-5.721177560608958
521,104.26951300867245,3.125,0.2,0.5,1.0,0.02895660490595417,0.05416078270775944,0.2870802669000318,0.6298023454862525,-5.721177560608958
522,104.46964643095397,3.125,0.2,0.5,1.0,0.029107748473218724,0.05418047408430058,0.2879466039894216,0.628765173453057,-5.721177560608958
523,104.66977985323548,3.125,0.2,0.5,1.0,0.029259816436741064,0.05420014404633525,0.2888147996609869,0.6277252398559348,-5.721177560608958
524,104.869913275517,3.125,0.2,0.5,1.0,0.02941281500565216,0.054219791688585636,0.2896848493958479,0.6266825439099124,-5.721177560608958
525,105.07004669779853,3.125,0.2,0.5,1.0,0.02956675043016216,0.05423941609642771,0.29055674856050434,0.6256370849129038,-5.721177560608958
526,105.27018012008006,3.125,0.2,0.5,1.0,0.02972162900177685,0.054259016345848725,0.29143049240582275,0.6245888622465497,-5.721177560608958
527,105.47031354236157,3.125,0.2,0.5,1.0,0.029877457053514092,0.054278591503404715,0.29230607606602294,0.6235378753770564,-5.721177560608958
528,105.67044696464309,3.125,0.2,0.5,1.0,0.030034240960120324,0.054298140626178014,0.29318349455766546,0.6224841238560344,-5.721177560608958
529,105.87058038692462,3.125,0.2,0.5,1.0,0.030191987138286917,0.054317662761734754,0.2940627427786378,0.6214276073213386,-5.721177560608958
530,106.07071380920614,3.125,0.2,0.5,1.0,0.030350702046866688,0.054337156948082374,0.29494381550714194,0.6203683254979072,-5.721177560608958
531,106.27084723148765,3.125,0.2,0.5,1.0,0.03051039199810177,0.05435662217776385,0.2958267075411981,0.6193062782829345,-5.721177560608958
532,106.47098065376917,3.125,0.2,0.5,1.0,0.030671062887479793,0.05437605734651054,0.2967114138986521,0.6182414658673558,-5.721177560608958
533,106.6711140760507,3.125,0.2,0.5,1.0,0.030832721813777827,0.05439546156058492,0.29759792861178014,0.6171738880138553,-5.721177560608958
534,106.87124749833222,3.125,0.2,0.5,1.0,0.030995375355437067,0.05441483380961463,0.29848624600799467,0.6161035448269518,-5.721177560608958
535,107.07138092061373,3.125,0.2,0.5,1.0,0.031159030129836597,0.0544341730726391,0.299376360293158,0.6150304365043645,-5.721177560608958
536,107.27151434289526,3.125,0.2,0.5,1.0,0.03132369279335446,0.05445347831803751,0.3002682655506854,0.6139545633379208,-5.721177560608958
537,107.47164776517678,3.125,0.2,0.5,1.0,0.031489370041428606,0.054472748503456826,0.30116195574064697,0.6128759257144657,-5.721177560608958
538,107.67178118745831,3.125,0.2,0.5,1.0,0.031656068608617985,0.054491982575739804,0.30205742469887037,0.6117945241167699,-5.721177560608958
539,107.87191460973982,3.125,0.2,0.5,1.0,0.03182379526866353,0.05451117947085301,0.3029546661360432,0.6107103591244383,-5.721177560608958
540,108.07204803202134,3.125,0.2,0.5,1.0,0.031992556834549234,0.05453033811381482,0.30385367363681576,0.6096234314148181,-5.721177560608958
541,108.27218145430287,3.125,0.2,0.5,1.0,0.032162360158563094,0.05454945741862346,0.30475444065890306,0.6085337417639083,-5.721177560608958
542,108.47231487658439,3.125,0.2,0.5,1.0,0.03233321213235821,0.05456853628818497,0.30565696053218755,0.6074412910472671,-5.721177560608958
543,108.6724482988659,3.125,0.2,0.5,1.0,0.03250511968701376,0.05458757361424127,0.30656122645782147,0.6063460802409213,-5.721177560608958
544,108.87258172114743,3.125,0.2,0.5,1.0,0.032678089809413835,0.054606568064034675,0.30746723139434745,0.6052481107322015,-5.721177560608958
545,109.07271514342895,3.125,0.2,0.5,1.0,0.03285212951933874,0.05462551838043616,0.30837496821584004,0.6041473838843825,-5.721177560608958
546,109.27284856571048,3.125,0.2,0.5,1.0,0.03302724585345889,0.0546444235918609,0.3092844298222544,0.6030439007324232,-5.721177560608958
547,109.47298198799199,3.125,0.2,0.5,1.0,0.0332034459031694,0.054663282518518694,0.31019560887699005,0.6019376627013191,-5.721177560608958
548,109.67311541027351,3.125,0.2,0.5,1.0,0.03338073679976287,0.05468209396692275,0.3111084979090781,0.6008286713242335,-5.721177560608958
549,109.87324883255503,3.125,0.2,0.5,1.0,0.033559125714496284,0.05470085672973998,0.31202308931224165,0.5997169282435192,-5.721177560608958
550,110.07338225483656,3.125,0.2,0.5,1.0,0.03373861985865803,0.054719569585641344,0.31293937534395794,0.5986024352117396,-5.721177560608958
551,110.27351567711807,3.125,0.2,0.5,1.0,0.03391922648363485,0.05473823129915215,0.3138573481245192,0.5974851940926907,-5.721177560608958
552,110.4736490993996,3.125,0.2,0.5,1.0,0.03410095288097885,0.0547568406205024,0.31477699963609423,0.5963652068624213,-5.721177560608958
553,110.67378252168112,3.125,0.2,0.5,1.0,0.03428380638247439,0.05477539628547706,0.31569832172178935,0.595242475610256,-5.721177560608958
554,110.87391594396264,3.125,0.2,0.5,1.0,0.034467794360205126,0.054793897015266456,0.31662130608470995,0.5941170025398153,-5.721177560608958
555,111.07404936624415,3.125,0.2,0.5,1.0,0.03465292422662093,0.054812341516316504,0.3175459442870217,0.5929887899700376,-5.721177560608958
556,111.27418278852568,3.125,0.2,0.5,1.0,0.03483920343460492,0.05483072848017912,0.31847222774901207,0.5918578403362006,-5.721177560608958
557,111.4743162108072,3.125,0.2,0.5,1.0,0.03502664058379559,0.054849057215996165,0.3194001461707213,0.5907241560294836,-5.721177560608958
558,111.67444963308873,3.125,0.2,0.5,1.0,0.03521524303362433,0.05486732628528029,0.3203296909347138,0.5895877397463782,-5.721177560608958
559,111.87458305537024,3.125,0.2,0.5,1.0,0.035405018169731704,0.0548855342259519,0.3212608532994283,0.5884485943048847,-5.721177560608958
560,112.07471647765176,3.125,0.2,0.5,1.0,0.03559597374721757,0.054903679748445414,0.322193623908888,0.5873067225954456,-5.721177560608958
561,112.27484989993329,3.125,0.2,0.5,1.0,0.035788117576113415,0.05492176155565256,0.3231279932403481,0.5861621276278826,-5.721177560608958
562,112.47498332221481,3.125,0.2,0.5,1.0,0.03598145752206668,0.05493977834312567,0.3240639516024767,0.5850148125323276,-5.721177560608958
563,112.67511674449632,3.125,0.2,0.5,1.0,0.03617600150702499,0.05495772879928107,0.3250014891335361,0.5838647805601545,-5.721177560608958
564,112.87525016677785,3.125,0.2,0.5,1.0,0.036371757509920444,0.054975611605602374,0.3259405957995641,0.5827120350849097,-5.721177560608958
565,113.07538358905937,3.125,0.2,0.5,1.0,0.03656873356735385,0.05499342543684381,0.3268812613925545,0.5815565796032445,-5.721177560608958
566,113.2755170113409,3.125,0.2,0.5,1.0,0.03676693777427901,0.055011168961233564,0.3278234755286387,0.5803984177358453,-5.721177560608958
567,113.4756504336224,3.125,0.2,0.5,1.0,0.03696637695894293,0.05502884036942861,0.32876722906562744,0.5792375536059976,-5.721177560608958
568,113.67578385590393,3.125,0.2,0.5,1.0,0.03716705919521509,0.055046438267506465,0.3297125114121885,0.5780739911250866,-5.721177560608958
569,113.87591727818545,3.125,0.2,0.5,1.0,0.037368993189247725,0.05506396145890781,0.3306593111834101,0.576907734168431,-5.721177560608958
570,114.07605070046698,3.125,0.2,0.5,1.0,0.03757218708011032,0.05508140851807053,0.33160761748377343,0.5757387869180424,-5.721177560608958
571,114.27618412274849,3.125,0.2,0.5,1.0,0.03777664904866432,0.05509877800682021,0.3325574192541958,0.5745671536903163,-5.721177560608958
572,114.47631754503001,3.125,0.2,0.5,1.0,0.03798238731737269,0.055116068474262536,0.3335087052711487,0.5733928389372128,-5.721177560608958
573,114.67645096731154,3.125,0.2,0.5,1.0,0.03818941015010931,0.05513327845667567,0.3344614641457748,0.5722158472474369,-5.721177560608958
574,114.87658438959306,3.125,0.2,0.5,1.0,0.038397725851968524,0.05515040647740263,0.33541568432300617,0.5710361833476194,-5.721177560608958
575,115.07671781187457,3.125,0.2,0.5,1.0,0.03860734276907462,0.05516745104674371,0.3363713540806814,0.569853852103497,-5.721177560608958
576,115.2768512341561,3.125,0.2,0.5,1.0,0.03881826928839137,0.05518441066184883,0.3373284615286639,0.5686688585210926,-5.721177560608958
577,115.47698465643762,3.125,0.2,0.5,1.0,0.03903051354118974,0.055201283619200514,0.33828699498627235,0.5674812078533342,-5.721177560608958
578,115.67711807871915,3.125,0.2,0.5,1.0,0.039244083856912866,0.0552180683016554,0.33924694240174574,0.5662909054396827,-5.721177560608958
579,115.87725150100066,3.125,0.2,0.5,1.0,0.03945898890367226,0.055234763267308376,0.34020829117175877,0.5650979566572574,-5.721177560608958
580,116.07738492328218,3.125,0.2,0.5,1.0,0.03967523717722691,0.05525136692633066,0.34117102879267197,0.5639023671037673,-5.721177560608958
581,116.2775183455637,3.125,0.2,0.5,1.0,0.039892837207827304,0.05526787767179298,0.34213514259534594,0.5627041425250305,-5.721177560608958
582,116.47765176784523,3.125,0.2,0.5,1.0,0.040111797559787804,0.05528429387940792,0.34310061974456235,0.5615032888162388,-5.721177560608958
583,116.67778519012674,3.125,0.2,0.5,1.0,0.04033212683105878,0.055300613907272256,0.344067447238444,0.5602998120232218,-5.721177560608958
584,116.87791861240827,3.125,0.2,0.5,1.0,0.04055383365279898,0.05531683609560934,0.34503561190787585,0.5590937183437127,-5.721177560608958
585,117.07805203468979,3.125,0.2,0.5,1.0,0.04077692668894767,0.055332958766511425,0.34600510041592497,0.5578850141286128,-5.721177560608958
586,117.27818545697131,3.125,0.2,0.5,1.0,0.04100141463579691,0.05534898022368199,0.34697589925726136,0.5566737058832566,-5.721177560608958
587,117.47831887925283,3.125,0.2,0.5,1.0,0.04122730676690716,0.055364898951542674,0.34794799416462663,0.5554598001169204,-5.721177560608958
588,117.67845230153435,3.125,0.2,0.5,1.0,0.04145461238650836,0.05538071341530842,0.34892137070210644,0.5542433034960735,-5.721177560608958
589,117.87858572381587,3.125,0.2,0.5,1.0,0.041683339821137214,0.055396421692252826,0.3498960153604785,0.5530242231261283,-5.721177560608958
590,118.0787191460974,3.125,0.2,0.5,1.0,0.04191349801293025,0.055412022054076866,0.35087191382378036,0.5518025661092093,-5.721177560608958
591,118.27885256837891,3.125,0.2,0.5,1.0,0.04214509594667729,0.05542751275735202,0.3518490515912299,0.5505783397047376,-5.721177560608958
592,118.47898599066043,3.125,0.2,0.5,1.0,0.04237814264994326,0.05544289204346347,0.35282741397604844,0.5493515513305416,-5.721177560608958
593,118.67911941294196,3.125,0.2,0.5,1.0,0.04261264719318973,0.05545815813855334,0.35380698610428324,0.5481222085639704,-5.721177560608958
594,118.87925283522348,3.125,0.2,0.5,1.0,0.04284861868989674,0.055473309253463915,0.35478775291363124,0.5468903191430049,-5.721177560608958
595,119.07938625750499,3.125,0.2,0.5,1.0,0.04308606629668441,0.055488343583680835,0.35576969915226164,0.5456558909673699,-5.721177560608958
596,119.27951967978652,3.125,0.2,0.5,1.0,0.043324999213434724,0.055503259309276305,0.3567528093776396,0.5444189320996461,-5.721177560608958
597,119.47965310206804,3.125,0.2,0.5,1.0,0.0435654269389625,0.05551805483917761,0.3577370676414111,0.5431794505804456,-5.721177560608958
598,119.67978652434957,3.125,0.2,0.5,1.0,0.04380735923308915,0.05553272877473335,0.3587224575349678,0.5419374544572064,-5.721177560608958
599,119.87991994663108,3.125,0.2,0.5,1.0,0.04405080508058339,0.05554727891898652,0.3597089634611982,0.5406929525392286,-5.721177560608958
600,120.0800533689126,3.125,0.2,0.5,1.0,0.04429577393011142,0.055561703461034756,0.36069656911143433,0.5394459534974162,-5.721177560608958
601,120.28018679119413,3.125,0.2,0.5,1.0,0.04454227528193346,0.05557600058166289,0.3616852579709305,0.5381964661654699,-5.721177560608958
602,120.48032021347565,3.125,0.2,0.5,1.0,0.04479031868836825,0.05559016845361386,0.3626750133172655,0.5369444995407491,-5.721177560608958
603,120.68045363575716,3.125,0.2,0.5,1.0,0.04503991375425738,0.05560420524185951,0.36366581821874483,0.535690062785135,-5.721177560608958
604,120.88058705803869,3.125,0.2,0.5,1.0,0.04529107013742981,0.055618109103871514,0.364657655532803,0.5344331652258923,-5.721177560608958
605,121.08072048032021,3.125,0.2,0.5,1.0,0.04554379754916614,0.05563187818989223,0.365650507904405,0.5331738163565333,-5.721177560608958
606,121.28085390260173,3.125,0.2,0.5,1.0,0.04579810575466305,0.05564551064320554,0.36664435776444904,0.531912025837679,-5.721177560608958
607,121.48098732488324,3.125,0.2,0.5,1.0,0.04605400413776385,0.055659004428489034,0.36763918778652543,0.5306478036472184,-5.721177560608958
608,121.68112074716477,3.125,0.2,0.5,1.0,0.046311501070612125,0.05567235708319862,0.3686349815488819,0.5293811602973041,-5.721177560608958
609,121.8812541694463,3.125,0.2,0.5,1.0,0.04657060748101078,0.05568556712515694,0.36963171978073583,0.5281121056130932,-5.721177560608958
610,122.08138759172782,3.125,0.2,0.5,1.0,0.046831333169999954,0.05569863259974209,0.37062938423478026,0.5268406499954744,-5.721177560608958
611,122.28152101400933,3.125,0.2,0.5,1.0,0.04709368797562705,0.05571155153914057,0.3716279564618807,0.5255668040233484,-5.721177560608958
612,122.48165443629085,3.125,0.2,0.5,1.0,0.04735768177255406,0.0557243219622799,0.3726274178103792,0.5242905784547836,-5.721177560608958
613,122.68178785857238,3.125,0.2,0.5,1.0,0.04762332447166477,0.05573694187476136,0.3736277494253978,0.5230119842281727,-5.721177560608958
614,122.8819212808539,3.125,0.2,0.5,1.0,0.04789062601967207,0.05574940926879261,0.3746289322481421,0.5217310324633899,-5.721177560608958
615,123.08205470313541,3.125,0.2,0.5,1.0,0.04815959639872515,0.05576172212312045,0.3756309470152054,0.5204477344629457,-5.721177560608958
616,123.28218812541694,3.125,0.2,0.5,1.0,0.04843024562601689,0.055773878402963425,0.3766337742578723,0.519162101713144,-5.721177560608958
617,123.48232154769846,3.125,0.2,0.5,1.0,0.048702583654179836,0.055785876001389643,0.37763739442542554,0.5178741459190017,-5.721177560608958
618,123.68245496997999,3.125,0.2,0.5,1.0,0.04897661982321991,0.055797712416009754,0.378641788568984,0.5165838791917831,-5.721177560608958
619,123.8825883922615,3.125,0.2,0.5,1.0,0.0492523647176643,0.05580938584523936,0.3796469360190774,0.5152913134180157,-5.721177560608958
620,124.08272181454302,3.125,0.2,0.5,1.0,0.04952982841558295,0.05582089415502721,0.380652816572997,0.5139964608563896,-5.721177560608958
621,124.28285523682455,3.125,0.2,0.5,1.0,0.04980902102022203,0.05583223519279249,0.3816594098291224,0.5126993339578598,-5.721177560608958
622,124.48298865910607,3.125,0.2,0.5,1.0,0.05008995265925751,0.05584340678714871,0.3826666951866677,0.5113999453669228,-5.721177560608958
623,124.68312208138758,3.125,0.2,0.5,1.0,0.05037263348404847,0.05585440674762747,0.38367465184542754,0.5100983079228932,-5.721177560608958
624,124.8832555036691,3.125,0.2,0.5,1.0,0.05065707366889054,0.05586523286440231,0.38468325880552323,0.5087944346611807,-5.721177560608958
625,125.08338892595063,3.125,0.2,0.5,1.0,0.05094328341026924,0.055875882908012556,0.38569249486714846,0.5074883388145665,-5.721177560608958
626,125.28352234823215,3.125,0.2,0.5,1.0,0.05123127292611338,0.0558863546290871,0.3867023386303157,0.5061800338144805,-5.721177560608958
627,125.48365577051366,3.125,0.2,0.5,1.0,0.05152105249494837,0.05589664578384577,0.3877127684574962,0.5048695332637064,-5.721177560608958
628,125.68378919279519,3.125,0.2,0.5,1.0,0.05181263396388633,0.05590675510854874,0.38872376107028106,0.5035568498572807,-5.721177560608958
629,125.88392261507671,3.125,0.2,0.5,1.0,0.052106026667252524,0.0559166796829144,0.3897352953440015,0.5022419983058284,-5.721177560608958
630,126.08405603735824,3.125,0.2,0.5,1.0,0.05240124103806656,0.05592641726353792,0.3907473489481995,0.5009249927501928,-5.721177560608958
631,126.28418945963975,3.125,0.2,0.5,1.0,0.05269828754148666,0.055935965595044726,0.39175989933754773,0.4996058475259177,-5.721177560608958
632,126.48432288192127,3.125,0.2,0.5,1.0,0.05299717667471213,0.05594532241023358,0.39277292375099215,0.49828457716405894,-5.721177560608958
633,126.6844563042028,3.125,0.2,0.5,1.0,0.05329791896688564,0.055954485430219705,0.3937863992108943,0.49696119639199715,-5.721177560608958
634,126.88458972648432,3.125,0.2,0.5,1.0,0.05360052497899559,0.05596345236457786,0.394800302522174,0.4956357201342494,-5.721177560608958
635,127.08472314876583,3.125,0.2,0.5,1.0,0.053905005303778473,0.05597222091148541,0.3958146102714517,0.4943081635132812,-5.721177560608958
636,127.28485657104736,3.125,0.2,0.5,1.0,0.05421137056562132,0.05598078875786549,0.39682929882619133,0.49297854185031864,-5.721177560608958
637,127.48498999332888,3.125,0.2,0.5,1.0,0.05451963142046395,0.05598915357953004,0.39784434433384225,0.4916468706661606,-5.721177560608958
638,127.6851234156104,3.125,0.2,0.5,1.0,0.05482979864680694,0.055997313436423515,0.39885972280829607,0.49031316510847023,-5.721177560608958
639,127.88525683789192,3.125,0.2,0.5,1.0,0.05514188291866327,0.056005265788541196,0.39987540991152354,0.48897744138126875,-5.721177560608958
640,128.08539026017345,3.125,0.2,0.5,1.0,0.05545589498840002,0.05601300828943107,0.4008913811280431,0.48763971559412256,-5.721177560608958
641,128.28552368245496,3.125,0.2,0.5,1.0,0.05577184564622822,0.05602053861107954,0.401907611725332,0.48630000401735696,-5.721177560608958
642,128.48565710473648,3.125,0.2,0.5,1.0,0.056089745714329696,0.05602785441900657,0.4029240767474347,0.4849583231192258,-5.721177560608958
643,128.685790527018,3.125,0.2,0.5,1.0,0.05640960604679849,0.05603495337257864,0.40394075101414195,0.4836146895664777,-5.721177560608958
644,128.88592394929952,3.125,0.2,0.5,1.0,0.05673143752958225,0.056041833125321745,0.404957609120171,0.4822691202249218,-5.721177560608958
645,129.08605737158106,3.125,0.2,0.5,1.0,0.057055251080424085,0.05604849132523432,0.40597462543434615,0.4809216321599922,-5.721177560608958
646,129.28619079386257,3.125,0.2,0.5,1.0,0.05738105764880373,0.056054925615100226,0.40699177409877807,0.47957224263731474,-5.721177560608958
647,129.48632421614408,3.125,0.2,0.5,1.0,0.05770886821587938,0.05606113363280172,0.40800902902804437,0.4782209691232712,-5.721177560608958
648,129.68645763842562,3.125,0.2,0.5,1.0,0.05803869209571193,0.056067112565569364,0.4090263659733759,0.47686782936533956,-5.721177560608958
649,129.88659106070713,3.125,0.2,0.5,1.0,0.05837054088936951,0.05607286018861149,0.4100437577150491,0.47551284120696663,-5.721177560608958
650,130.08672448298864,3.125,0.2,0.5,1.0,0.05870442579256539,0.056078374158459975,0.41106117733440395,0.47415602271456736,-5.721177560608958
651,130.28685790527018,3.125,0.2,0.5,1.0,0.05904035772148685,0.05608365204633977,0.4120785980599916,0.47279739217217853,-5.721177560608958
652,130.4869913275517,3.125,0.2,0.5,1.0,0.059378347604438574,0.05608869141507939,0.41309599291215265,0.4714369680683261,-5.721177560608958
653,130.68712474983323,3.125,0.2,0.5,1.0,0.05971840638094786,0.05609348981920418,0.41411333470321593,0.4700747690966287,-5.721177560608958
654,130.88725817211474,3.125,0.2,0.5,1.0,0.06006054500086908,0.056098044805029536,0.41513059603769387,0.46871081415640414,-5.721177560608958
655,131.08739159439625,3.125,0.2,0.5,1.0,0.06040477442348885,0.0561023539107542,0.41614774931248116,0.46734512235327247,-5.721177560608958
656,131.2875250166778,3.125,0.2,0.5,1.0,0.06075110561663072,0.05610641466655352,0.4171647667170511,0.4659777129997613,-5.721177560608958
657,131.4876584389593,3.125,0.2,0.5,1.0,0.061099549555759886,0.05611022459467268,0.4181816202336525,0.46460860561591155,-5.721177560608958
658,131.6877918612408,3.125,0.2,0.5,1.0,0.061450116677672015,0.056113780573783884,0.4191982825262251,0.46323782022231563,-5.721177560608958
659,131.88792528352235,3.125,0.2,0.5,1.0,0.061802818035258986,0.056117080186115734,0.4202147250575279,0.46186537672109396,-5.721177560608958
660,132.08805870580386,3.125,0.2,0.5,1.0,0.062157664727198754,0.056120121053837714,0.4212309190171575,0.4604912952018026,-5.721177560608958
661,132.2881921280854,3.125,0.2,0.5,1.0,0.06251466767990405,0.05612290058603635,0.42224683567558713,0.4591155960584691,-5.721177560608958
662,132.4883255503669,3.125,0.2,0.5,1.0,0.0628738378157877,0.056125416175982004,0.4232624461087271,0.45773829989949977,-5.721177560608958
663,132.68845897264842,3.125,0.2,0.5,1.0,0.06323518605205537,0.0561276652008579,0.42427772119863205,0.4563594275484512,-5.721177560608958
664,132.88859239492996,3.125,0.2,0.5,1.0,0.06359872329949762,0.056129645021489066,0.42529263163420705,0.4549790000448028,-5.721177560608958
665,133.08872581721147,3.125,0.2,0.5,1.0,0.06396446046128207,0.056131352982071295,0.4263071479119135,0.4535970386447297,-5.721177560608958
666,133.28885923949298,3.125,0.2,0.5,1.0,0.06433240843174609,0.05613278640990013,0.4273212403364763,0.452213564821874,-5.721177560608958
667,133.48899266177452,3.125,0.2,0.5,1.0,0.06470257809518887,0.056133942615099866,0.42833487902159,0.45082860026811783,-5.721177560608958
668,133.68912608405603,3.125,0.2,0.5,1.0,0.06507498120405765,0.05613481967899998,0.42934803324301085,0.44944216587392805,-5.721177560608958
669,133.88925950633757,3.125,0.2,0.5,1.0,0.06544962875777009,0.056135415001062006,0.4303606726322619,0.44805428360890254,-5.721177560608958
670,134.08939292861908,3.125,0.2,0.5,1.0,0.06582653128956717,0.05613572555694379,0.43137276696520116,0.44666497618828443,-5.721177560608958
671,134.2895263509006,3.125,0.2,0.5,1.0,0.06620569976539914,0.056135748705439366,0.4323842854998714,0.44527426602928666,-5.721177560608958
672,134.48965977318213,3.125,0.2,0.5,1.0,0.06658714514879219,0.05613548179906003,0.4333951972967628,0.4438821757553815,-5.721177560608958
673,134.68979319546364,3.125,0.2,0.5,1.0,0.0669708784002387,0.0561349221842997,0.4344054712190784,0.44248872819637974,-5.721177560608958
674,134.88992661774515,3.125,0.2,0.5,1.0,0.06735691047658794,0.056134067201900305,0.43541507593300094,0.4410939463885074,-5.721177560608958
675,135.09006004002669,3.125,0.2,0.5,1.0,0.06774525233043638,0.05613291418711713,0.4364239799079582,0.4396978535744848,-5.721177560608958
676,135.2901934623082,3.125,0.2,0.5,1.0,0.0681359149095179,0.05613146046998419,0.4374321514168888,0.43830047320360566,-5.721177560608958
677,135.49032688458973,3.125,0.2,0.5,1.0,0.06852890915609466,0.05612970337557959,0.43843955853650884,0.4369018289318135,-5.721177560608958
678,135.69046030687124,3.125,0.2,0.5,1.0,0.06892424600475977,0.056127640795264444,0.4394461694259576,0.4355019437740148,-5.721177560608958
679,135.89059372915276,3.125,0.2,0.5,1.0,0.06932193638414215,0.05612527035455161,0.4404519519212256,0.43410084134007726,-5.721177560608958
680,136.0907271514343,3.125,0.2,0.5,1.0,0.06972199121735564,0.05612258903242675,0.44145687334968897,0.43269854640052524,-5.721177560608958
681,136.2908605737158,3.125,0.2,0.5,1.0,0.07012442141838673,0.05611959424174454,0.44246090105699776,0.43129508328286753,-5.721177560608958
682,136.49099399599731,3.125,0.2,0.5,1.0,0.07052923789267232,0.05611628340249377,0.44346400219915677,0.42989047650567375,-5.721177560608958
683,136.69112741827885,3.125,0.2,0.5,1.0,0.07093645153648856,0.056112653942536374,0.44446614374302185,0.42848475077794984,-5.721177560608958
684,136.89126084056036,3.125,0.2,0.5,1.0,0.0713460732363399,0.056108703298346434,0.44546729246679645,0.42707793099851377,-5.721177560608958
685,137.0913942628419,3.125,0.2,0.5,1.0,0.07175811386834853,0.05610442891574919,0.44646741496052955,0.4256700422553693,-5.721177560608958
686,137.2915276851234,3.125,0.2,0.5,1.0,0.07217258429764302,0.056099828250660046,0.4474664776266112,0.42426110982508236,-5.721177560608958
687,137.49166110740492,3.125,0.2,0.5,1.0,0.07258949537774789,0.05609489876982358,0.4484644466802703,0.4228511591721548,-5.721177560608958
688,137.69179452968646,3.125,0.2,0.5,1.0,0.07300885714824999,0.05608963749896574,0.4494612891949426,0.4214402161578383,-5.721177560608958
689,137.89192795196797,3.125,0.2,0.5,1.0,0.07343067940071883,0.05608404134335005,0.4504569723644159,0.4200283068915118,-5.721177560608958
690,138.09206137424948,3.125,0.2,0.5,1.0,0.07385497355275983,0.05607810814679815,0.45145146106011125,0.41861545724032745,-5.721177560608958
691,138.29219479653102,3.125,0.2,0.5,1.0,0.07428175011444015,0.05607183526252543,0.45244472113274614,0.4172016934902849,-5.721177560608958
692,138.49232821881253,3.125,0.2,0.5,1.0,0.07471101954477523,0.05606522003772711,0.45343671829579085,0.4157870421217034,-5.721177560608958
693,138.69246164109407,3.125,0.2,0.5,1.0,0.07514279224917612,0.05605825981322084,0.4544274181284971,0.4143715298091026,-5.721177560608958
694,138.89259506337558,3.125,0.2,0.5,1.0,0.07557707857689594,0.05605095192308933,0.455416786078925,0.41295518342108634,-5.721177560608958
695,139.0927284856571,3.125,0.2,0.5,1.0,0.07601388881847723,0.05604329369432296,0.45640478746697244,0.41153803002022393,-5.721177560608958
696,139.29286190793863,3.125,0.2,0.5,1.0,0.07645323341648477,0.05603528245518222,0.45739138731459605,0.41012009681373357,-5.721177560608958
697,139.49299533022014,3.125,0.2,0.5,1.0,0.07689512321265966,0.056026915545049044,0.45837655014652373,0.4087014110957642,-5.721177560608958
698,139.69312875250165,3.125,0.2,0.5,1.0,0.0773395679496442,0.05601819025291987,0.4593602412051316,0.4072820005923009,-5.721177560608958
699,139.8932621747832,3.125,0.2,0.5,1.0,0.07778657778511244,0.05600910387905479,0.46034242522464053,0.4058618931111888,-5.721177560608958
700,140.0933955970647,3.125,0.2,0.5,1.0,0.07823616282138803,0.055999653715493994,0.4613230668131831,0.40444111664993154,-5.721177560608958
701,140.29352901934624,3.125,0.2,0.5,1.0,0.07868833310375943,0.05598983704573579,0.4623021304551291,0.4030196993953723,-5.721177560608958
702,140.49366244162775,3.125,0.2,0.5,1.0,0.07914309861879446,0.05597965114441477,0.46327958051340973,0.4015976697233776,-5.721177560608958
703,140.69379586390926,3.125,0.2,0.5,1.0,0.07960046929265557,0.0559690932769799,0.46425538123184307,0.40017505619851806,-5.721177560608958
704,140.8939292861908,3.125,0.2,0.5,1.0,0.08006045507103478,0.05595816081404841,0.4652294966675905,0.3987518874473229,-5.721177560608958
705,141.0940627084723,3.125,0.2,0.5,1.0,0.0805230666542092,0.055946852266199464,0.46620189006282264,0.3973281910167653,-5.721177560608958
706,141.29419613075382,3.125,0.2,0.5,1.0,0.08098831332694786,0.05593516423705389,0.4671725257032278,0.39590399673276705,-5.721177560608958
707,141.49432955303536,3.125,0.2,0.5,1.0,0.08145620488616565,0.055923094133660145,0.4681413672687996,0.39447933371137117,-5.721177560608958
708,141.69446297531687,3.125,0.2,0.5,1.0,0.0819267510764724,0.055910639375490616,0.46910837831789526,0.39305423123013833,-5.721177560608958
709,141.8945963975984,3.125,0.2,0.5,1.0,0.08239996158938542,0.055897797395380346,0.4700735222887932,0.3916287187264376,-5.721177560608958
710,142.09472981987992,3.125,0.2,0.5,1.0,0.08287584606254111,0.0558845656404657,0.471036762501249,0.39020282579574084,-5.721177560608958
711,142.29486324216143,3.125,0.2,0.5,1.0,0.08335441407890758,0.05587094157312308,0.47199806215805284,0.3887765821899131,-5.721177560608958
712,142.49499666444297,3.125,0.2,0.5,1.0,0.08383567516599656,0.05585692267190762,0.47295738434658624,0.3873500178155062,-5.721177560608958
713,142.69513008672448,3.125,0.2,0.5,1.0,0.0843196381071008,0.05584250641331543,0.47391469306206624,0.3859231624175141,-5.721177560608958
714,142.89526350900599,3.125,0.2,0.5,1.0,0.08480631259646482,0.05582769031888012,0.4748699507498945,0.38449604633475715,-5.721177560608958
715,143.09539693128752,3.125,0.2,0.5,1.0,0.08529570793208567,0.055812471919696884,0.47582312024732165,0.3830686999008924,-5.721177560608958
716,143.29553035356903,3.125,0.2,0.5,1.0,0.08578783330736953,0.05579684876551271,0.47677416435070363,0.3816411535764107,-5.721177560608958
717,143.49566377585057,3.125,0.2,0.5,1.0,0.08628269784371609,0.05578081842659532,0.4777230457675002,0.380213437962185,-5.721177560608958
718,143.69579719813208,3.125,0.2,0.5,1.0,0.08678031058907534,0.055764378494653564,0.478669727118803,0.37878558379746463,-5.721177560608958
719,143.8959306204136,3.125,0.2,0.5,1.0,0.08728068051650545,0.055747526583757916,0.47961417094186565,0.37735762195786743,-5.721177560608958
720,144.09606404269513,3.125,0.2,0.5,1.0,0.08778381652272983,0.0557302603312609,0.4805563396926327,0.3759295834533731,-5.721177560608958
721,144.29619746497664,3.125,0.2,0.5,1.0,0.08828972667606762,0.05571257676582907,0.4814961968502282,0.3745014997078714,-5.721177560608958
722,144.49633088725815,3.125,0.2,0.5,1.0,0.08879841981110842,0.05569447365412437,0.4824337045763011,0.37307340195846245,-5.721177560608958
723,144.6964643095397,3.125,0.2,0.5,1.0,0.08930990462730362,0.05567594874292124,0.48336882503875117,0.3716453215910202,-5.721177560608958
724,144.8965977318212,3.125,0.2,0.5,1.0,0.08982418956177492,0.055656999654002656,0.4843015205988644,0.3702172901853542,-5.721177560608958
725,145.09673115410274,3.125,0.2,0.5,1.0,0.09034128295102578,0.05563762402264289,0.48523175357432413,0.3687893394520034,-5.721177560608958
726,145.29686457638425,3.125,0.2,0.5,1.0,0.09086119302860442,0.05561781949777449,0.4861594862430517,0.3673615012305655,-5.721177560608958
727,145.49699799866576,3.125,0.2,0.5,1.0,0.0913839279227679,0.05559758374215506,0.48708468084704865,0.3659338074880245,-5.721177560608958
728,145.6971314209473,3.125,0.2,0.5,1.0,0.09190949565414555,0.055576914432534257,0.48800729959623707,0.36450629031707915,-5.721177560608958
729,145.8972648432288,3.125,0.2,0.5,1.0,0.09243790414502535,0.05555580913503664,0.4889273048674266,0.3630789818525074,-5.721177560608958
730,146.09739826551032,3.125,0.2,0.5,1.0,0.0929691611972229,0.0555342655178465,0.4898446588758403,0.3616519144090863,-5.721177560608958
731,146.29753168779186,3.125,0.2,0.5,1.0,0.09350327449141682,0.055512281333425104,0.49075932370702396,0.36022512046813004,-5.721177560608958
732,146.49766511007337,3.125,0.2,0.5,1.0,0.0940402515971358,0.05548985428637036,0.4916712615275764,0.3587986325889133,-5.721177560608958
733,146.6977985323549,3.125,0.2,0.5,1.0,0.09458009996494147,0.05546698209243117,0.49258043449697125,0.357372483445652,-5.721177560608958
734,146.89793195463642,3.125,0.2,0.5,1.0,0.09512282692410938,0.05544366247848022,0.4934868047717011,0.3559467058257052,-5.721177560608958
735,147.09806537691793,3.125,0.2,0.5,1.0,0.09566843968031122,0.055419893182486815,0.4943903345094226,0.3545213326277752,-5.721177560608958
736,147.29819879919947,3.125,0.2,0.5,1.0,0.0962169453132963,0.05539567195348977,0.49529098587310133,0.35309639686010846,-5.721177560608958
737,147.49833222148098,3.125,0.2,0.5,1.0,0.09676835119587737,0.055370997044359216,0.496188720793564,0.3516719309661953,-5.721177560608958
738,147.6984656437625,3.125,0.2,0.5,1.0,0.09732266449808433,0.05534586663450189,0.4970835012566518,0.35024796761075794,-5.721177560608958
739,147.89859906604403,3.125,0.2,0.5,1.0,0.09787989158321321,0.05532027812611959,0.49797528965236276,0.3488245406383004,-5.721177560608958
740,148.09873248832554,3.125,0.2,0.5,1.0,0.09844003908835641,0.055294229410762896,0.4988640481580507,0.34740168334282595,-5.721177560608958
741,148.29886591060708,3.125,0.2,0.5,1.0,0.09900311352160183,0.055267718400869026,0.49974973897222247,0.3459794291053026,-5.721177560608958
742,148.4989993328886,3.125,0.2,0.5,1.0,0.09956912126008266,0.05524074303016607,0.5006323243184703,0.34455781139127695,-5.721177560608958
743,148.6991327551701,3.125,0.2,0.5,1.0,0.10013806854802842,0.05521330125407713,0.5015117664494058,0.34313686374848473,-5.721177560608958
744,148.89926617745164,3.125,0.2,0.5,1.0,0.10070996149481516,0.05518539105012451,0.5023880276505927,0.34171661980446366,-5.721177560608958
745,149.09939959973315,3.125,0.2,0.5,1.0,0.10128480607301565,0.05515701041833394,0.50326107024448,0.3402971132641664,-5.721177560608958
746,149.29953302201466,3.125,0.2,0.5,1.0,0.10186260811645034,0.05512815738163873,0.5041308565943359,0.3388783779075711,-5.721177560608958
747,149.4996664442962,3.125,0.2,0.5,1.0,0.1024433733327093,0.055098830073816635,0.5049973492128105,0.3374604473806596,-5.721177560608958
748,149.6997998665777,3.125,0.2,0.5,1.0,0.10302710735924485,0.05506902709096643,0.5058605111855157,0.3360433543642691,-5.721177560608958
749,149.89993328885924,3.125,0.2,0.5,1.0,0.10361381554609309,0.05503874618948275,0.506720304618129,0.3346271336462912,-5.721177560608958
750,150.10006671114076,3.125,0.2,0.5,1.0,0.10420350316141157,0.055007985541459234,0.5075766921404609,0.3332118191566643,-5.721177560608958
751,150.30020013342227,3.125,0.2,0.5,1.0,0.10479617532576678,0.054976743349416005,0.5084296364493791,0.33179744487543417,-5.721177560608958
752,150.5003335557038,3.125,0.2,0.5,1.0,0.10539183701022421,0.054945017846945346,0.5092791003130298,0.33038404482979666,-5.721177560608958
753,150.70046697798531,3.125,0.2,0.5,1.0,0.10599049303443853,0.054912807299357394,0.5101250465750593,0.3289716530911408,-5.721177560608958
754,150.90060040026682,3.125,0.2,0.5,1.0,0.10659214806474443,0.05488011000432578,0.5109674381588366,0.3275603037720892,-5.721177560608958
755,151.10073382254836,3.125,0.2,0.5,1.0,0.10719680661224677,0.05484692429253329,0.5118062380716749,0.32615003102354106,-5.721177560608958
756,151.30086724482987,3.125,0.2,0.5,1.0,0.10780447303091066,0.05481324852831754,0.5126414094090531,0.32474086903171473,-5.721177560608958
757,151.5010006671114,3.125,0.2,0.5,1.0,0.10841515151565247,0.054779081110316645,0.5134729153588384,0.32333285201518847,-5.721177560608958
758,151.70113408939292,3.125,0.2,0.5,1.0,0.10902884556029722,0.05474442029289808,0.5143007206558299,0.3219260134909709,-5.721177560608958
759,151.90126751167443,3.125,0.2,0.5,1.0,0.1096455592402239,0.05470926461302163,0.5151247881367927,0.3205203880099578,-5.721177560608958
760,152.10140093395597,3.125,0.2,0.5,1.0,0.11026529628903872,0.0546736125851574,0.5159450812187986,0.3191160099070014,-5.721177560608958
761,152.30153435623748,3.125,0.2,0.5,1.0,0.11088806018981666,0.05463746273283928,0.5167615636533242,0.31771291342401586,-5.721177560608958
762,152.501667778519,3.125,0.2,0.5,1.0,0.11151385425144225,0.05460081361527405,0.5175741993203631,0.31631113281291656,-5.721177560608958
763,152.70180120080053,3.125,0.2,0.5,1.0,0.11214268160646138,0.05456366382790797,0.5183829522332871,0.31491070233233953,-5.721177560608958
764,152.90193462308204,3.125,0.2,0.5,1.0,0.11277454520893286,0.05452601200299331,0.5191877865437081,0.3135116562443616,-5.721177560608958
765,153.10206804536358,3.125,0.2,0.5,1.0,0.11340944783228114,0.05448785681015495,0.519988666546341,0.3121140288112188,-5.721177560608958
766,153.3022014676451,3.125,0.2,0.5,1.0,0.11404739206714752,0.05444919695695691,0.5207855566838644,0.3107178542920271,-5.721177560608958
767,153.5023348899266,3.125,0.2,0.5,1.0,0.1146883803192427,0.05441003118946891,0.5215784215517839,0.3093231669395003,-5.721177560608958
768,153.70246831220814,3.125,0.2,0.5,1.0,0.11533241464735201,0.05437035807188822,0.5223672265361791,0.3079300007445766,-5.721177560608958
769,153.90260173448965,3.125,0.2,0.5,1.0,0.11597949701181806,0.05433017633353594,0.5231519368262334,0.30653838982840836,-5.721177560608958
770,154.1027351567712,3.125,0.2,0.5,1.0,0.1166296293360937,0.0542894849574722,0.5239325171668876,0.3051483685395423,-5.721177560608958
771,154.3028685790527,3.125,0.2,0.5,1.0,0.11728281323774573,0.054248282812217906,0.524708932920237,0.303759971029795,-5.721177560608958
772,154.5030020013342,3.125,0.2,0.5,1.0,0.11793905013596048,0.05420656880388698,0.5254811496362433,0.302373231423905,-5.721177560608958
773,154.70313542361575,3.125,0.2,0.5,1.0,0.11859834124927851,0.054164341876591186,0.5262491330580581,0.30098818381606784,-5.721177560608958
774,154.90326884589726,3.125,0.2,0.5,1.0,0.11926068759332925,0.054121601012844925,0.5270128491273494,0.29960486226647204,-5.721177560608958
775,155.10340226817877,3.125,0.2,0.5,1.0,0.11992608997856648,0.05407834523397005,0.5277722639896265,0.29822330079783255,-5.721177560608958
776,155.3035356904603,3.125,0.2,0.5,1.0,0.12059454900800304,0.05403457360050065,0.5285273439995658,0.2968435333919261,-5.721177560608958
777,155.50366911274182,3.125,0.2,0.5,1.0,0.12126606507494546,0.05399028521258791,0.529278055726335,0.2954655939861271,-5.721177560608958
778,155.70380253502336,3.125,0.2,0.5,1.0,0.12194063848395525,0.05394547921699798,0.5300243659749868,0.29408951632405544,-5.721177560608958
779,155.90393595730487,3.125,0.2,0.5,1.0,0.12261826961164744,0.053900154816241524,0.5307662418130434,0.29271533375906306,-5.721177560608958
780,156.10406937958638,3.125,0.2,0.5,1.0,0.12329895793045931,0.05385431121686688,0.5315036504488341,0.2913430804038352,-5.721177560608958
781,156.30420280186792,3.125,0.2,0.5,1.0,0.12398270302122899,0.05380794768416361,0.5322365593691384,0.28997278992546444,-5.721177560608958
782,156.50433622414943,3.125,0.2,0.5,1.0,0.1246695042487771,0.05376106352533066,0.5329649363025086,0.28860449592337906,-5.721177560608958
783,156.70446964643094,3.125,0.2,0.5,1.0,0.12535936075986176,0.053713658089892896,0.5336887492246237,0.2872382319256171,-5.721177560608958
784,156.90460306871248,3.125,0.2,0.5,1.0,0.12605227148113274,0.05366573077011768,0.5344079663636432,0.28587403138510187,-5.721177560608958
785,157.104736490994,3.125,0.2,0.5,1.0,0.12674823511708538,0.05361728100143141,0.5351225562055608,0.2845119276759178,-5.721177560608958
786,157.30486991327552,3.125,0.2,0.5,1.0,0.1274472501480159,0.053568308262836074,0.5358324874995593,0.28315195408958427,-5.721177560608958
787,157.50500333555703,3.125,0.2,0.5,1.0,0.12814931482797476,0.0535188120773258,0.5365377292633631,0.28179414383133183,-5.721177560608958
788,157.70513675783855,3.125,0.2,0.5,1.0,0.12885442718272194,0.05346879201230336,0.5372382507885938,0.2804385300163765,-5.721177560608958
789,157.90527018012008,3.125,0.2,0.5,1.0,0.12956258583172695,0.053418247895107775,0.5379340212841244,0.27908514498903647,-5.721177560608958
790,158.1054036024016,3.125,0.2,0.5,1.0,0.1302737879221602,0.05336717927464901,0.5386250107881202,0.27773402201506614,-5.721177560608958
791,158.3055370246831,3.125,0.2,0.5,1.0,0.13098803080334007,0.05331558585946001,0.5393111894369201,0.2763851939002754,-5.721177560608958
792,158.50567044696464,3.125,0.2,0.5,1.0,0.1317053116455144,0.053263467419133195,0.5399925276369586,0.2750386932983895,-5.721177560608958
793,158.70580386924615,3.125,0.2,0.5,1.0,0.13242562738810387,0.05321082377176038,0.5406689960919567,0.2736945527481747,-5.721177560608958
794,158.9059372915277,3.125,0.2,0.5,1.0,0.1331489747379836,0.05315765478443454,0.5413405658081339,0.2723528046694437,-5.721177560608958
795,159.1060707138092,3.125,0.2,0.5,1.0,0.13387535016776347,0.05310396037375171,0.542007208099417,0.27101348135906356,-5.721177560608958
796,159.3062041360907,3.125,0.2,0.5,1.0,0.13460474991407007,0.053049740506312754,0.542668894592652,0.2696766149869611,-5.721177560608958
797,159.50633755837225,3.125,0.2,0.5,1.0,0.1353371699758273,0.052994995199225264,0.5433255972328133,0.2683422375921301,-5.721177560608958
798,159.70647098065376,3.125,0.2,0.5,1.0,0.13607260611253727,0.05293972452060537,0.5439772882882149,0.26701038107863845,-5.721177560608958
799,159.90660440293527,3.125,0.2,0.5,1.0,0.13681105406613878,0.05288392847425804,0.5446239403346127,0.26568107712498656,-5.721177560608958
800,160.1067378252168,3.125,0.2,0.5,1.0,0.1375525091431702,0.05282760721574424,0.5452655262997009,0.26435435734138074,-5.721177560608958
801,160.30687124749832,3.125,0.2,0.5,1.0,0.13829696629419708,0.052770761010845706,0.5459020194606609,0.2630302532342925,-5.721177560608958
802,160.50700466977986,3.125,0.2,0.5,1.0,0.13904442033635125,0.052713390119892525,0.5465333934281998,0.26170879611555264,-5.721177560608958
803,160.70713809206137,3.125,0.2,0.5,1.0,0.13979486584200293,0.05265549485504643,0.5471596221621091,0.2603900171408378,-5.721177560608958
804,160.90727151434288,3.125,0.2,0.5,1.0,0.14054829713718253,0.05259707558073003,0.5477806799764618,0.25907394730562194,-5.721177560608958
805,161.10740493662442,3.125,0.2,0.5,1.0,0.14130470830000158,0.052538132714056086,0.5483965415448099,0.2577606174411288,-5.721177560608958
806,161.30753835890593,3.125,0.2,0.5,1.0,0.14206409315907353,0.052478666725256855,0.5490071819053808,0.25645005821028527,-5.721177560608958
807,161.50767178118744,3.125,0.2,0.5,1.0,0.14282644529193558,0.05241867813811327,0.5496125764662755,0.2551423001036721,-5.721177560608958
808,161.70780520346898,3.125,0.2,0.5,1.0,0.14359175802346955,0.05235816753038425,0.5502127010106653,0.2538373734354774,-5.721177560608958
809,161.9079386257505,3.125,0.2,0.5,1.0,0.14436002448725666,0.0522971353819276,0.5508075316692925,0.25253530846151984,-5.721177560608958
810,162.10807204803203,3.125,0.2,0.5,1.0,0.14513123762467214,0.05223558207350192,0.5513970449253184,0.2512361353765042,-5.721177560608958
811,162.30820547031354,3.125,0.2,0.5,1.0,0.14590538990030488,0.05217350857209237,0.5519812177665492,0.24993988376105022,-5.721177560608958
812,162.50833889259505,3.125,0.2,0.5,1.0,0.14668247363110123,0.052110915630951875,0.5525600275188117,0.24864658321913188,-5.721177560608958
813,162.7084723148766,3.125,0.2,0.5,1.0,0.1474624808753395,0.05204780405490406,0.5531334519080118,0.24735626316174142,-5.721177560608958
814,162.9086057371581,3.125,0.2,0.5,1.0,0.14824540343113293,0.05198417470057389,0.5537014690652883,0.24606895280300167,-5.721177560608958
815,163.1087391594396,3.125,0.2,0.5,1.0,0.14903123283493355,0.05192002847661835,0.5542640575321686,0.2447846811562763,-5.721177560608958
816,163.30887258172115,3.125,0.2,0.5,1.0,0.14981996036003503,0.05185536634395716,0.5548211962657228,0.2435034770302819,-5.721177560608958
817,163.50900600400266,3.125,0.2,0.5,1.0,0.1506115770150756,0.05179018931600348,0.5553728646437176,0.24222536902520017,-5.721177560608958
818,163.7091394262842,3.125,0.2,0.5,1.0,0.15140607354254212,0.05172449845889457,0.5559190424697724,0.2409503855287878,-5.721177560608958
819,163.9092728485657,3.125,0.2,0.5,1.0,0.15220344042894043,0.05165829488882871,0.5564597099648173,0.23967855471741034,-5.721177560608958
820,164.10940627084722,3.125,0.2,0.5,1.0,0.1530036689697626,0.0515915795078048,0.5569948465205474,0.23840990500188203,-5.721177560608958
821,164.30953969312876,3.125,0.2,0.5,1.0,0.15380674844793668,0.051524353703247976,0.5575244340144571,0.23714446383435522,-5.721177560608958
822,164.50967311541027,3.125,0.2,0.5,1.0,0.15461266861451603,0.05145661873263894,0.558048453901666,0.23588225875117602,-5.721177560608958
823,164.70980653769178,3.125,0.2,0.5,1.0,0.1554214189560526,0.051388375905070637,0.5585668880781984,0.23462331706067538,-5.721177560608958
824,164.90993995997331,3.125,0.2,0.5,1.0,0.15623298869350352,0.05131962658137886,0.5590797188856635,0.23336766583945115,-5.721177560608958
825,165.11007338225482,3.125,0.2,0.5,1.0,0.15704736678113765,0.05125037217427286,0.559586929115936,0.23211533192865058,-5.721177560608958
826,165.31020680453636,3.125,0.2,0.5,1.0,0.1578645419054433,0.05118061414846582,0.5600885020158374,0.23086634193025066,-5.721177560608958
827,165.51034022681787,3.125,0.2,0.5,1.0,0.15868450248403435,0.051110354020805535,0.560584421291816,0.22962072220334137,-5.721177560608958
828,165.71047364909938,3.125,0.2,0.5,1.0,0.15950723666455777,0.05103959336040489,0.5610746711146284,0.22837849886040623,-5.721177560608958
829,165.91060707138092,3.125,0.2,0.5,1.0,0.16033273232360046,0.05096833378877247,0.56155923612402,0.2271396977636045,-5.721177560608958
830,166.11074049366243,3.125,0.2,0.5,1.0,0.1611609783737695,0.05089657701417423,0.5620380998117084,0.22590434480034544,-5.721177560608958
831,166.31087391594394,3.125,0.2,0.5,1.0,0.16199196203254498,0.05082432476032647,0.5625112479104173,0.22467246529670887,-5.721177560608958
832,166.51100733822548,3.125,0.2,0.5,1.0,0.16282567006291054,0.050751578799018725,0.5629786668592359,0.22344408427883247,-5.721177560608958
833,166.711140760507,3.125,0.2,0.5,1.0,0.16366208941319313,0.05067834096701569,0.5634403430137571,0.22221922660603186,-5.721177560608958
834,166.91127418278853,3.125,0.2,0.5,1.0,0.16450120677183352,0.05060461315456595,0.5638962632013397,0.22099791687225873,-5.721177560608958
835,167.11140760507004,3.125,0.2,0.5,1.0,0.1653430085670059,0.05053039730555131,0.5643464147249042,0.21978017940253655,-5.721177560608958
836,167.31154102735155,3.125,0.2,0.5,1.0,0.166187480966239,0.05045569541763596,0.5647907853667299,0.2185660382493932,-5.721177560608958
837,167.5116744496331,3.125,0.2,0.5,1.0,0.1670346098760364,0.05038050954241577,0.5652293633922503,0.2173555171892957,-5.721177560608958
838,167.7118078719146,3.125,0.2,0.5,1.0,0.16788438094149652,0.05030484178556751,0.5656621375538494,0.21614863971908482,-5.721177560608958
839,167.9119412941961,3.125,0.2,0.5,1.0,0.1687367795459338,0.05022869430699808,0.5660890970946584,0.21494542905240813,-5.721177560608958
840,168.11207471647765,3.125,0.2,0.5,1.0,0.16959179132971883,0.050152069229397314,0.5665102309846135,0.21374590845626892,-5.721177560608958
841,168.31220813875916,3.125,0.2,0.5,1.0,0.1704494017914181,0.05007496870868388,0.5669255285134598,0.2125501009864369,-5.721177560608958
842,168.5123415610407,3.125,0.2,0.5,1.0,0.1713095950014202,0.04999739516101879,0.5673349811960684,0.21135802864149134,-5.721177560608958
843,168.7124749833222,3.125,0.2,0.5,1.0,0.17217235541250273,0.049919350943482675,0.567738580098498,0.2101697135455156,-5.721177560608958
844,168.91260840560372,3.125,0.2,0.5,1.0,0.17303766722596792,0.04984083846597915,0.568136316778486,0.20898517752956602,-5.721177560608958
845,169.11274182788526,3.125,0.2,0.5,1.0,0.17390551439179347,0.04976186019129048,0.5685281832884613,0.20780444212845392,-5.721177560608958
846,169.31287525016677,3.125,0.2,0.5,1.0,0.1747758806087828,0.049682418635133306,0.5689141721785556,0.20662752857752772,-5.721177560608958
847,169.51300867244828,3.125,0.2,0.5,1.0,0.17564874932471675,0.04960251636621424,0.5692942764996151,0.20545445780945346,-5.721177560608958
848,169.71314209472982,3.125,0.2,0.5,1.0,0.17652410373650418,0.04952215600628556,0.5696684898062131,0.2042852504509968,-5.721177560608958
849,169.91327551701133,3.125,0.2,0.5,1.0,0.17740192679033237,0.04944134023020093,0.5700368061596613,0.2031199268198051,-5.721177560608958
850,170.11340893929287,3.125,0.2,0.5,1.0,0.17828220121339097,0.04936007170557463,0.5703992200277218,0.20195850705331236,-5.721177560608958
851,170.31354236157438,3.125,0.2,0.5,1.0,0.17916490980090202,0.049278352544047145,0.5707557253489793,0.20080101230607145,-5.721177560608958
852,170.5136757838559,3.125,0.2,0.5,1.0,0.18005003453057244,0.04919618599564839,0.5711063184337606,0.19964746104001863,-5.721177560608958
853,170.71380920613743,3.125,0.2,0.5,1.0,0.18093755737923553,0.049113574886938315,0.5714509952956808,0.19849787243814548,-5.721177560608958
854,170.91394262841894,3.125,0.2,0.5,1.0,0.18182746007706035,0.04903052209153828,0.5717897524593464,0.19735226537205522,-5.721177560608958
855,171.11407605070045,3.125,0.2,0.5,1.0,0.18271972410784895,0.04894703052990831,0.5721225869628913,0.1962106583993518,-5.721177560608958
856,171.314209472982,3.125,0.2,0.5,1.0,0.18361433070933217,0.04886310316912461,0.5724494963605129,0.1950730697610308,-5.721177560608958
857,171.5143428952635,3.125,0.2,0.5,1.0,0.18451126087346573,0.04877874302265699,0.5727704787250077,0.19393951737887014,-5.721177560608958
858,171.71447631754504,3.125,0.2,0.5,1.0,0.18541049534672743,0.048693953150146164,0.5730855326503079,0.19281001885281912,-5.721177560608958
859,171.91460973982655,3.125,0.2,0.5,1.0,0.1863120146304125,0.048608736657181295,0.5733946572540168,0.19168459145839017,-5.721177560608958
860,172.11474316210806,3.125,0.2,0.5,1.0,0.18721579898093071,0.04852309669507728,0.5736978521799451,0.19056325214404785,-5.721177560608958
861,172.3148765843896,3.125,0.2,0.5,1.0,0.188121829093103,0.04843703605385141,0.5739951160643693,0.18944601878867715,-5.721177560608958
862,172.5150100066711,3.125,0.2,0.5,1.0,0.18903008455270026,0.04835055808385788,0.574286450019948,0.18833290734349475,-5.721177560608958
863,172.71514342895262,3.125,0.2,0.5,1.0,0.18994054480295594,0.04826366612007917,0.5745718554649428,0.18722393361202305,-5.721177560608958
864,172.91527685123415,3.125,0.2,0.5,1.0,0.1908531892012179,0.048176363448337305,0.5748513339989927,0.18611911335145315,-5.721177560608958
865,173.11541027351566,3.125,0.2,0.5,1.0,0.1917679968691229,0.04808865339448506,0.5751248877433194,0.1850184619930738,-5.721177560608958
866,173.3155436957972,3.125,0.2,0.5,1.0,0.19268494669322234,0.04800053932398749,0.5753925193425242,0.18392199464026718,-5.721177560608958
867,173.5156771180787,3.125,0.2,0.5,1.0,0.19360401732560653,0.04791202464150363,0.5756542319663843,0.1828297260665068,-5.721177560608958
868,173.71581054036022,3.125,0.2,0.5,1.0,0.1945251871845306,0.047823112790467984,0.5759100293116495,0.1817416707133533,-5.721177560608958
869,173.91594396264176,3.125,0.2,0.5,1.0,0.19544843445503926,0.04773380725267216,0.5761599156038383,0.1806578426884517,-5.721177560608958
870,174.11607738492327,3.125,0.2,0.5,1.0,0.19637373708959155,0.04764411154784653,0.5764038955990348,0.17957825576352868,-5.721177560608958
871,174.31621080720478,3.125,0.2,0.5,1.0,0.1973010736107066,0.04755402929421547,0.5766419733801237,0.17850292371495585,-5.721177560608958
872,174.51634422948632,3.125,0.2,0.5,1.0,0.19823042221402348,0.047463564139841416,0.5768741537077675,0.1774318599383693,-5.721177560608958
873,174.71647765176783,3.125,0.2,0.5,1.0,0.19916175970314443,0.04737271968118026,0.5771004436242381,0.176365076991439,-5.721177560608958
874,174.91661107404937,3.125,0.2,0.5,1.0,0.20009506334948587,0.047281499604010846,0.5773208496605085,0.17530258738599663,-5.721177560608958
875,175.11674449633088,3.125,0.2,0.5,1.0,0.2010303102248683,0.047189907632229175,0.5775353788422087,0.17424440330069568,-5.721177560608958
876,175.3168779186124,3.125,0.2,0.5,1.0,0.20196747720370953,0.04709794752754912,0.5777440386890669,0.1731905365796765,-5.721177560608958
877,175.51701134089393,3.125,0.2,0.5,1.0,0.20290654096521712,0.0470056230892032,0.5779468372143485,0.17214099873123329,-5.721177560608958
878,175.71714476317544,3.125,0.2,0.5,1.0,0.20384747799558053,0.04691293815364341,0.5781437829242976,0.17109580092648075,-5.721177560608958
879,175.91727818545695,3.125,0.2,0.5,1.0,0.20479026490899455,0.04681989662597364,0.5783348844236906,0.1700549540413436,-5.721177560608958
880,176.1174116077385,3.125,0.2,0.5,1.0,0.20573487931161127,0.046726502565417515,0.578520149350651,0.16901846877232268,-5.721177560608958
881,176.31754503002,3.125,0.2,0.5,1.0,0.20668129633674248,0.0466327598399653,0.5786995886592419,0.16798635516405294,-5.721177560608958
882,176.51767845230154,3.125,0.2,0.5,1.0,0.20762949196513605,0.04653867245630848,0.5788732125197147,0.1669586230588434,-5.721177560608958
883,176.71781187458305,3.125,0.2,0.5,1.0,0.20857944202613976,0.0464442444599128,0.5790410315546292,0.16593528195932106,-5.721177560608958
884,176.91794529686456,3.125,0.2,0.5,1.0,0.20953112220152825,0.04634947993488152,0.579203056836275,0.16491634102731806,-5.721177560608958
885,177.1180787191461,3.125,0.2,0.5,1.0,0.21048450802932872,0.04625438300381879,0.579359299884095,0.1639018090827604,-5.721177560608958
886,177.3182121414276,3.125,0.2,0.5,1.0,0.21143957490764645,0.04615895782769304,0.5795097726621068,0.16289169460255667,-5.721177560608958
887,177.51834556370912,3.125,0.2,0.5,1.0,0.21239629809849192,0.04606320860570023,0.5796544875763252,0.16188600571948558,-5.721177560608958
888,177.71847898599066,3.125,0.2,0.5,1.0,0.2133546502704242,0.04596713892269418,0.5797934597819365,0.1608847510249482,-5.721177560608958
889,177.91861240827217,3.125,0.2,0.5,1.0,0.21431460706302588,0.04587075322311861,0.5799267019622038,0.15988793775165483,-5.721177560608958
890,178.1187458305537,3.125,0.2,0.5,1.0,0.21527614304578585,0.045774055738598815,0.5800542281219592,0.15889557309365923,-5.721177560608958
891,178.31887925283522,3.125,0.2,0.5,1.0,0.21623923241711282,0.04567705067209228,0.5801760529326101,0.15790766397818792,-5.721177560608958
892,178.51901267511673,3.125,0.2,0.5,1.0,0.2172038491799675,0.04557974224329557,0.5802921915683271,0.15692421700841297,-5.721177560608958
893,178.71914609739827,3.125,0.2,0.5,1.0,0.21816996714095604,0.045482134687253296,0.5804026597079075,0.15594523846388622,-5.721177560608958
894,178.91927951967978,3.125,0.2,0.5,1.0,0.21913755999649856,0.04538423226795839,0.5805074734325265,0.1549707343030196,-5.721177560608958
895,179.1194129419613,3.125,0.2,0.5,1.0,0.2201066025451622,0.045286039485839924,0.5806066477769765,0.15400071019202452,-5.721177560608958
896,179.31954636424283,3.125,0.2,0.5,1.0,0.22107706745854008,0.04518756052058175,0.5807002005913855,0.15303517142949574,-5.721177560608958
897,179.51967978652434,3.125,0.2,0.5,1.0,0.22204892801769746,0.04508879970101175,0.5807881492701311,0.1520741230111628,-5.721177560608958
898,179.71981320880587,3.125,0.2,0.5,1.0,0.22302215734326727,0.044989761371314746,0.5808705116731667,0.15111756961225434,-5.721177560608958
899,179.91994663108738,3.125,0.2,0.5,1.0,0.22399672839711166,0.04489044989008376,0.580947306124814,0.15016551558799365,-5.721177560608958
900,180.1200800533689,3.125,0.2,0.5,1.0,0.22497261398398535,0.044790869629371004,0.5810185514125551,0.14921796497409176,-5.721177560608958
901,180.32021347565043,3.125,0.2,0.5,1.0,0.22594978716799793,0.04469102505258186,0.5810842663203801,0.14827492145904336,-5.721177560608958
902,180.52034689793194,3.125,0.2,0.5,1.0,0.2269282220540469,0.04459092086174045,0.5811444687526045,0.1473363883316115,-5.721177560608958
903,180.72048032021348,3.125,0.2,0.5,1.0,0.22790789036263934,0.04449056134518629,0.581199179577895,0.14640236871428292,-5.721177560608958
904,180.920613742495,3.125,0.2,0.5,1.0,0.22888876468238614,0.04438995099452511,0.5812484189803258,0.1454728653427666,-5.721177560608958
905,181.1207471647765,3.125,0.2,0.5,1.0,0.22987081751182836,0.04428909432123955,0.5812922075351975,0.14454788063173837,-5.721177560608958
906,181.32088058705804,3.125,0.2,0.5,1.0,0.2308540212647898,0.04418799585644178,0.5813305662036877,0.14362741667508466,-5.721177560608958
907,181.52101400933955,3.125,0.2,0.5,1.0,0.23183834827572963,0.044086660150626164,0.5813635163275023,0.1427114752461461,-5.721177560608958
908,181.72114743162106,3.125,0.2,0.5,1.0,0.23282377072962818,0.043985091755865284,0.5813910796331344,0.14180005788137637,-5.721177560608958
909,181.9212808539026,3.125,0.2,0.5,1.0,0.23381026069695676,0.04388329523245259,0.5814132782227459,0.14089316584784922,-5.721177560608958
910,182.1214142761841,3.125,0.2,0.5,1.0,0.2347977903523994,0.043781275198291954,0.5814301345416504,0.13999079990766286,-5.721177560608958
911,182.32154769846565,3.125,0.2,0.5,1.0,0.23578633172477595,0.043679036269228214,0.5814416714054871,0.13909296060051346,-5.721177560608958
912,182.52168112074716,3.125,0.2,0.5,1.0,0.23677585678419644,0.04357658307782991,0.5814479119844562,0.1381996481535223,-5.721177560608958
913,182.72181454302867,3.125,0.2,0.5,1.0,0.2377663374470349,0.04347392027305338,0.5814488797980183,0.1373108624818983,-5.721177560608958
914,182.9219479653102,3.125,0.2,0.5,1.0,0.238757745580902,0.04337105251990692,0.581444598709594,0.13642660318960212,-5.721177560608958
915,183.12208138759172,3.125,0.2,0.5,1.0,0.2397500521539936,0.04326798431538025,0.5814350936913233,0.13554686983930794,-5.721177560608958
916,183.32221480987323,3.125,0.2,0.5,1.0,0.24074322839967055,0.04316472023711983,0.5814203897751214,0.1346716615880932,-5.721177560608958
917,183.52234823215477,3.125,0.2,0.5,1.0,0.24173724626900844,0.04306126503920482,0.5814005116445594,0.13380097704723237,-5.721177560608958
918,183.72248165443628,3.125,0.2,0.5,1.0,0.24273207715604259,0.042957623377005434,0.5813754847813162,0.13293481468564083,-5.721177560608958
919,183.92261507671782,3.125,0.2,0.5,1.0,0.24372769238344483,0.042853799910072064,0.5813453350272463,0.13207317267924182,-5.721177560608958
920,184.12274849899933,3.125,0.2,0.5,1.0,0.24472406320457252,0.04274979930117193,0.5813100885817097,0.1312160489125506,-5.721177560608958
921,184.32288192128084,3.125,0.2,0.5,1.0,0.24572116080551965,0.04264562621532552,0.5812697719989024,0.13036344098025718,-5.721177560608958
922,184.52301534356238,3.125,0.2,0.5,1.0,0.246718956207761,0.04254128526352577,0.5812244121650136,0.12951534636370413,-5.721177560608958
923,184.7231487658439,3.125,0.2,0.5,1.0,0.24771742045793865,0.042436781106246976,0.581174036333653,0.12867176210216572,-5.721177560608958
924,184.9232821881254,3.125,0.2,0.5,1.0,0.24871652455492294,0.042332118410750276,0.5811186721079622,0.12783268492636873,-5.721177560608958
925,185.12341561040694,3.125,0.2,0.5,1.0,0.24971623940736493,0.042227301825358665,0.5810583474289163,0.1269981113383642,-5.721177560608958
926,185.32354903268845,3.125,0.2,0.5,1.0,0.2507165358627776,0.04212233599353598,0.5809930905781384,0.1261680375655519,-5.721177560608958
927,185.52368245497,3.125,0.2,0.5,1.0,0.25171738470933547,0.04201722555278339,0.5809229301751794,0.12534245956270557,-5.721177560608958
928,185.7238158772515,3.125,0.2,0.5,1.0,0.2527187566776721,0.04191197513353614,0.580847895174796,0.12452137301399963,-5.721177560608958
929,185.923949299533,3.125,0.2,0.5,1.0,0.25372062459331224,0.0418065897331536,0.5807680124573724,0.12370477321616535,-5.721177560608958
930,186.12408272181455,3.125,0.2,0.5,1.0,0.2547229582496149,0.04170107382028807,0.5806833125661041,0.12289265536399657,-5.721177560608958
931,186.32421614409606,3.125,0.2,0.5,1.0,0.2557257282644226,0.04159543200610929,0.580593825390159,0.12208501433931256,-5.721177560608958
932,186.52434956637757,3.125,0.2,0.5,1.0,0.256728905439766,0.04148966893121244,0.5804995808805523,0.12128184474847258,-5.721177560608958
933,186.7244829886591,3.125,0.2,0.5,1.0,0.2577324605607477,0.04138378922912449,0.5804006092745136,0.12048314093561742,-5.721177560608958
934,186.92461641094062,3.125,0.2,0.5,1.0,0.2587363643988574,0.04127779752546533,0.5802969410910689,0.11968889698461173,-5.721177560608958
935,187.12474983322215,3.125,0.2,0.5,1.0,0.2597405877152884,0.041171698437108856,0.5801886071266209,0.11889910672098519,-5.721177560608958
936,187.32488325550366,3.125,0.2,0.5,1.0,0.2607451012642521,0.041065496571344264,0.5800756384505318,0.11811376371387534,-5.721177560608958
937,187.52501667778517,3.125,0.2,0.5,1.0,0.2617498757962943,0.04095919652503707,0.5799580664007035,0.11733286127796881,-5.721177560608958
938,187.7251501000667,3.125,0.2,0.5,1.0,0.2627548835953738,0.040852803237617065,0.5798359205580592,0.11655639260895367,-5.721177560608958
939,187.92528352234822,3.125,0.2,0.5,1.0,0.26376009476727247,0.0407463211332411,0.5797092336374015,0.11578435046208893,-5.721177560608958
940,188.12541694462973,3.125,0.2,0.5,1.0,0.2647654801372716,0.04063975478765965,0.5795780376689804,0.11501672740609246,-5.721177560608958
941,188.32555036691127,3.125,0.2,0.5,1.0,0.2657710106707956,0.040533108792960286,0.5794423647618853,0.11425351577436316,-5.721177560608958
942,188.52568378919278,3.125,0.2,0.5,1.0,0.2667766573680459,0.04042638773165702,0.5793022472428387,0.11349470765746277,-5.721177560608958
943,188.72581721147432,3.125,0.2,0.5,1.0,0.2677823912683648,0.04031959617609307,0.5791577176503985,0.11274029490514838,-5.721177560608958
944,188.92595063375583,3.125,0.2,0.5,1.0,0.26878818345459776,0.04021273868784385,0.5790088087291568,0.1119902691284064,-5.721177560608958
945,189.12608405603734,3.125,0.2,0.5,1.0,0.26979400505745776,0.0401058198171197,0.5788555534239426,0.11124462170148501,-5.721177560608958
946,189.32621747831888,3.125,0.2,0.5,1.0,0.27079982725988794,0.03999884410216882,0.5786979848740209,0.11050334376392762,-5.721177560608958
947,189.5263509006004,3.125,0.2,0.5,1.0,0.27180562056528745,0.03989181603968071,0.5785361365893814,0.10976642680565582,-5.721177560608958
948,189.7264843228819,3.125,0.2,0.5,1.0,0.2728113566109036,0.03978474015545397,0.5783700419974673,0.10903386123618072,-5.721177560608958
949,189.92661774516344,3.125,0.2,0.5,1.0,0.27381700671688225,0.03967762094646853,0.5781997347973541,0.10830563753930093,-5.721177560608958
950,190.12675116744495,3.125,0.2,0.5,1.0,0.2748225422271236,0.03957046289354436,0.5780252488707177,0.10758174600862037,-5.721177560608958
951,190.3268845897265,3.125,0.2,0.5,1.0,0.27582793454939186,0.03946327046215235,0.5778466182671929,0.10686217672126916,-5.721177560608958
952,190.527018012008,3.125,0.2,0.5,1.0,0.27683315515918955,0.03935604810179817,0.577663877198695,0.1061469195403236,-5.721177560608958
953,190.7271514342895,3.125,0.2,0.5,1.0,0.2778381756036347,0.03924880024540576,0.5774770600337412,0.10543596411722474,-5.721177560608958
954,190.92728485657105,3.125,0.2,0.5,1.0,0.27884296750533616,0.03914153130870107,0.5772862012917713,0.10472929989419784,-5.721177560608958
955,191.12741827885256,3.125,0.2,0.5,1.0,0.2798475025662689,0.039034245689595765,0.5770913356374698,0.10402691610667184,-5.721177560608958
956,191.32755170113407,3.125,0.2,0.5,1.0,0.2808517512058744,0.038926947629011534,0.5768924987988195,0.10332880236630085,-5.721177560608958
957,191.5276851234156,3.125,0.2,0.5,1.0,0.2818556859671978,0.038819641555426304,0.5766897252603281,0.10263494721705413,-5.721177560608958
958,191.72781854569712,3.125,0.2,0.5,1.0,0.28285927870402566,0.038712331798497444,0.5764830501624293,0.10194533933505394,-5.721177560608958
959,191.92795196797866,3.125,0.2,0.5,1.0,0.28386250130930646,0.038605022661950844,0.5762725088057643,0.10125996722298461,-5.721177560608958
960,192.12808539026017,3.125,0.2,0.5,1.0,0.2848653257563889,0.03849771842675531,0.576058136620233,0.10057881919662899,-5.721177560608958
961,192.32821881254168,3.125,0.2,0.5,1.0,0.28586772410202166,0.03839042335041716,0.5758399691599075,0.09990188338765969,-5.721177560608958
962,192.52835223482322,3.125,0.2,0.5,1.0,0.286869668489352,0.03828314166627492,0.5756180420979475,0.09922914774643148,-5.721177560608958
963,192.72848565710473,3.125,0.2,0.5,1.0,0.2878711311509241,0.038175877582794095,0.5753923912215141,0.09856060004477353,-5.721177560608958
964,192.92861907938624,3.125,0.2,0.5,1.0,0.28887208441167883,0.03806863528286176,0.5751630524266842,0.09789622787878093,-5.721177560608958
965,193.12875250166778,3.125,0.2,0.5,1.0,0.2898725007442684,0.03796141902895853,0.57493006136677,0.09723601886000849,-5.721177560608958
966,193.3288859239493,3.125,0.2,0.5,1.0,0.2908723526400566,0.03785423289531676,0.5746934543217207,0.09657996014291122,-5.721177560608958
967,193.52901934623083,3.125,0.2,0.5,1.0,0.2918716127242672,0.03774708099417997,0.5744532674500532,0.09592803883150477,-5.721177560608958
968,193.72915276851234,3.125,0.2,0.5,1.0,0.29287025372757297,0.03763996741153374,0.574209536991848,0.09528024186905026,-5.721177560608958
969,193.92928619079385,3.125,0.2,0.5,1.0,0.29386824848872056,0.03753289620564045,0.5739622992661502,0.09463655603949363,-5.721177560608958
970,194.12941961307538,3.125,0.2,0.5,1.0,0.2948655699575612,0.03742587140639997,0.5737115906656682,0.09399696797037524,-5.721177560608958
971,194.3295530353569,3.125,0.2,0.5,1.0,0.29586219119808177,0.037318897014710375,0.5734574476514727,0.09336146413573967,-5.721177560608958
972,194.5296864576384,3.125,0.2,0.5,1.0,0.29685808539143715,0.037211977001828545,0.5731999067476942,0.09273003085904458,-5.721177560608958
973,194.72981987991994,3.125,0.2,0.5,1.0,0.2978532258477981,0.037105115312007456,0.5729390045249447,0.09210265431525412,-5.721177560608958
974,194.92995330220145,3.125,0.2,0.5,1.0,0.29884758673527834,0.03699831613161406,0.5726747766665665,0.09147932046654542,-5.721177560608958
975,195.130086724483,3.125,0.2,0.5,1.0,0.29984114120494143,0.036891583190578614,0.5724072603653998,0.09086001523908444,-5.721177560608958
976,195.3302201467645,3.125,0.2,0.5,1.0,0.30083386301588255,0.03678492036454172,0.5721364922438129,0.09024472437576705,-5.721177560608958
977,195.530353569046,3.125,0.2,0.5,1.0,0.30182572606882546,0.03667833149976347,0.5718625089488272,0.0896334334825881,-5.721177560608958
978,195.73048699132755,3.125,0.2,0.5,1.0,0.30281670440961944,0.03657182041265727,0.5715853471462196,0.08902612803150792,-5.721177560608958
979,195.93062041360906,3.125,0.2,0.5,1.0,0.30380677223273644,0.036465390889323754,0.5713050435146252,0.08842279336331885,-5.721177560608958
980,196.13075383589057,3.125,0.2,0.5,1.0,0.304795903884769,0.036359046685084495,0.5710216347396396,0.08782341469051108,-5.721177560608958
981,196.3308872581721,3.125,0.2,0.5,1.0,0.3057840738679278,0.036252791524015913,0.5707351575079214,0.0872279771001392,-5.721177560608958
982,196.53102068045362,3.125,0.2,0.5,1.0,0.3067712568282073,0.0361466291040074,0.5704456485114171,0.08663646555637267,-5.721177560608958
983,196.73115410273516,3.125,0.2,0.5,1.0,0.30775742712142956,0.036040563253929334,0.5701531447303029,0.08604886489434271,-5.721177560608958
984,196.93128752501667,3.125,0.2,0.5,1.0,0.3087425599911939,0.03593459750995998,0.5698576826516284,0.08546515984722235,-5.721177560608958
985,197.13142094729818,3.125,0.2,0.5,1.0,0.3097266305457909,0.03582873548504244,0.5695592989412437,0.08488533502792762,-5.721177560608958
986,197.33155436957972,3.125,0.2,0.5,1.0,0.31070961406057324,0.03572298076072127,0.5692580302405644,0.08430937493814587,-5.721177560608958
987,197.53168779186123,3.125,0.2,0.5,1.0,0.3116914859811502,0.03561733688678535,0.5689539131608734,0.08373726397119595,-5.721177560608958
988,197.73182121414274,3.125,0.2,0.5,1.0,0.3126722219265837,0.03551180738091048,0.5686469842776228,0.08316898641488789,-5.721177560608958
989,197.93195463642428,3.125,0.2,0.5,1.0,0.3136517976925831,0.035406395728302245,0.5683372801247366,0.08260452645438317,-5.721177560608958
990,198.1320880587058,3.125,0.2,0.5,1.0,0.3146301892546996,0.03530110538133875,0.5680248371889118,0.08204386817505498,-5.721177560608958
991,198.33222148098733,3.125,0.2,0.5,1.0,0.31560737269068284,0.03519593976076296,0.5677096919800353,0.08148699556852404,-5.721177560608958
992,198.53235490326884,3.125,0.2,0.5,1.0,0.31658332288119234,0.03509090228029278,0.5673918822518259,0.08093389258669417,-5.721177560608958
993,198.73248832555035,3.125,0.2,0.5,1.0,0.3175580171597502,0.03498599627635915,0.5670714435625663,0.08038454300132955,-5.721177560608958
994,198.9326217478319,3.125,0.2,0.5,1.0,0.3185314320869986,0.03488122506964423,0.5667484123095814,0.07983893053378106,-5.721177560608958
995,199.1327551701134,3.125,0.2,0.5,1.0,0.31950354439987133,0.034776591946590836,0.5664228248328642,0.07929703882067883,-5.721177560608958
996,199.3328885923949,3.125,0.2,0.5,1.0,0.3204743310138148,0.03467210015906379,0.5660947174102966,0.07875885141683008,-5.721177560608958
997,199.53302201467645,3.125,0.2,0.5,1.0,0.3214437690250066,0.0345677529240114,0.5657641262528693,0.07822435179811783,-5.721177560608958
998,199.73315543695796,3.125,0.2,0.5,1.0,0.32241183571257487,0.034463553423127,0.5654310874999038,0.07769352336439951,-5.721177560608958
999,199.9332888592395,3.125,0.2,0.5,1.0,0.3233785085408189,0.034359504802510266,0.5650956372142711,0.07716634944240477,-5.721177560608958
1000,200.133422281521,3.125,0.2,0.5,1.0,0.3243437651023193,0.03425561017676598,0.5647578114378324,0.0766428132830872,-5.721177560608958
1001,200.33355570380252,3.125,0.2,0.5,1.0,0.32530758249424313,0.034151872675651895,0.564417646824331,0.07612289800577876,-5.721177560608958
1002,200.53368912608406,3.125,0.2,0.5,1.0,0.3262699391593355,0.03404829530570637,0.5640751787613023,0.07560658677366053,-5.721177560608958
1003,200.73382254836557,3.125,0.2,0.5,1.0,0.32723081323723285,0.03394488107384089,0.56373044304721,0.07509386264172087,-5.721177560608958
1004,200.93395597064708,3.125,0.2,0.5,1.0,0.3281901830535735,0.03384163295045132,0.5633834753906307,0.07458470860534891,-5.721177560608958
1005,201.13408939292862,3.125,0.2,0.5,1.0,0.3291480271217047,0.033738553869117824,0.5630343114059967,0.07407910760318509,-5.721177560608958
1006,201.33422281521013,3.125,0.2,0.5,1.0,0.33010432414438945,0.033635646726304876,0.5626829866093382,0.07357704251997164,-5.721177560608958
1007,201.53435623749166,3.125,0.2,0.5,1.0,0.3310590530155144,0.03353291438106104,0.5623295364140262,0.07307849618940246,-5.721177560608958
1008,201.73448965977317,3.125,0.2,0.5,1.0,0.3320121928217964,0.03343035965471902,0.5619739961265147,0.07258345139697392,-5.721177560608958
1009,201.93462308205469,3.125,0.2,0.5,1.0,0.3329637228749074,0.03332798534721011,0.5616164009212805,0.07209189085660583,-5.721177560608958
1010,202.13475650433622,3.125,0.2,0.5,1.0,0.33391362294032106,0.033225794360833436,0.561256785681221,0.07160379701762838,-5.721177560608958
1011,202.33488992661773,3.125,0.2,0.5,1.0,0.33486187253354804,0.0331237893146098,0.5608951854758816,0.07111915267596422,-5.721177560608958
1012,202.53502334889924,3.125,0.2,0.5,1.0,0.33580845156485706,0.03302197289521123,0.5605316351174302,0.07063794042250506,-5.721177560608958
1013,202.73515677118078,3.125,0.2,0.5,1.0,0.33675334015,0.03292034775234216,0.5601661692870148,0.07016014281064642,-5.721177560608958
1014,202.9352901934623,3.125,0.2,0.5,1.0,0.3376965186121243,0.03281891649855143,0.5597988225303664,0.06968574235896124,-5.721177560608958
1015,203.13542361574383,3.125,0.2,0.5,1.0,0.3386379674836858,0.032717681709044176,0.5594296292534006,0.06921472155387277,-5.721177560608958
1016,203.33555703802534,3.125,0.2,0.5,1.0,0.3395776675083605,0.032616645921493964,0.5590586237178203,0.06874706285232846,-5.721177560608958
1017,203.53569046030685,3.125,0.2,0.5,1.0,0.3405155996429577,0.032515811635854715,0.558685840036718,0.06828274868447286,-5.721177560608958
1018,203.7358238825884,3.125,0.2,0.5,1.0,0.34145174504459075,0.0324151813366719,0.5583113122016523,0.06782176141708843,-5.721177560608958
1019,203.9359573048699,3.125,0.2,0.5,1.0,0.3423860849920981,0.0323147576157465,0.5579350742501116,0.06736408314204718,-5.721177560608958
1020,204.1360907271514,3.125,0.2,0.5,1.0,0.3433186011548296,0.032214542764623925,0.5575571596913003,0.06690969638924958,-5.721177560608958
1021,204.33622414943295,3.125,0.2,0.5,1.0,0.34424927534729327,0.03211453915180191,0.5571776020296909,0.06645858347121732,-5.721177560608958
1022,204.53635757171446,3.125,0.2,0.5,1.0,0.3451780896050598,0.03201474910960915,0.5567964346026409,0.0660107266826936,-5.721177560608958
1023,204.736490993996,3.125,0.2,0.5,1.0,0.34610502618659483,0.03191517493414119,0.5564136905761676,0.06556610830309988,-5.721177560608958
1024,204.9366244162775,3.125,0.2,0.5,1.0,0.34703006757508886,0.03181581888519653,0.5560294029407247,0.06512471059899343,-5.721177560608958
1025,205.13675783855902,3.125,0.2,0.5,1.0,0.34795319648028966,0.031716683186212485,0.5556436045069773,0.06468651582652417,-5.721177560608958
1026,205.33689126084056,3.125,0.2,0.5,1.0,0.34887439584033253,0.031617770024201255,0.5552563279015778,0.06425150623389198,-5.721177560608958
1027,205.53702468312207,3.125,0.2,0.5,1.0,0.3497936486310909,0.03151908156471987,0.5548676057794744,0.06381966402471857,-5.721177560608958
1028,205.7371581054036,3.125,0.2,0.5,1.0,0.3507109370863168,0.03142062001286088,0.5544774716990534,0.06339097120177264,-5.721177560608958
1029,205.93729152768512,3.125,0.2,0.5,1.0,0.35162624550127436,0.031322387394350615,0.5540859569660121,0.06296541013836664,-5.721177560608958
1030,206.13742494996663,3.125,0.2,0.5,1.0,0.3525395575917626,0.031224385761904536,0.5536930936021767,0.06254296304415995,-5.721177560608958
1031,206.33755837224817,3.125,0.2,0.5,1.0,0.35345085729312387,0.031126617132898837,0.5532989134444886,0.062123612129492606,-5.721177560608958
1032,206.53769179452968,3.125,0.2,0.5,1.0,0.35436012876117995,0.031029083489376386,0.5529034481417865,0.06170733960766095,-5.721177560608958
1033,206.7378252168112,3.125,0.2,0.5,1.0,0.3552673563731688,0.03093178677805251,0.5525067291515898,0.06129412769719262,-5.721177560608958
1034,206.93795863909273,3.125,0.2,0.5,1.0,0.35617252472868044,0.03083472891032096,0.5521087877368802,0.06088395862412221,-5.721177560608958
1035,207.13809206137424,3.125,0.2,0.5,1.0,0.35707561865059245,0.030737911762259824,0.5517096549628846,0.06047681462426683,-5.721177560608958
1036,207.33822548365578,3.125,0.2,0.5,1.0,0.35797662297832494,0.030641337181321934,0.5513093619377891,0.06007267790256759,-5.721177560608958
1037,207.5383589059373,3.125,0.2,0.5,1.0,0.35887552193948596,0.030545007006595584,0.550907940548648,0.05967153050527398,-5.721177560608958
1038,207.7384923282188,3.125,0.2,0.5,1.0,0.35977230163092033,0.030448922988983867,0.5505054205451734,0.059273354834925886,-5.721177560608958
1039,207.93862575050034,3.125,0.2,0.5,1.0,0.3606669476339352,0.03035308686799861,0.5501018323386319,0.05887813315943763,-5.721177560608958
1040,208.13875917278185,3.125,0.2,0.5,1.0,0.36155944574101284,0.03025750034840597,0.5496972061461729,0.05848584776441154,-5.721177560608958
1041,208.33889259506336,3.125,0.2,0.5,1.0,0.3624497819559134,0.030162165100259115,0.54929157198859,0.058096480955240615,-5.721177560608958
1042,208.5390260173449,3.125,0.2,0.5,1.0,0.3633379424937767,0.03006708275893099,0.5488849596880837,0.05771001505921168,-5.721177560608958
1043,208.7391594396264,3.125,0.2,0.5,1.0,0.36422391378122426,0.02997225492514709,0.548477398866023,0.05732643242760858,-5.721177560608958
1044,208.93929286190794,3.125,0.2,0.5,1.0,0.3651076824564618,0.029877683165018123,0.5480689189407081,0.05694571543781477,-5.721177560608958
1045,209.13942628418945,3.125,0.2,0.5,1.0,0.3659892353917686,0.029783369019315203,0.5476595491539153,0.056567846435003524,-5.721177560608958
1046,209.33955970647096,3.125,0.2,0.5,1.0,0.36686855974371946,0.02968931402419292,0.5472493186330942,0.05619280759899594,-5.721177560608958
1047,209.5396931287525,3.125,0.2,0.5,1.0,0.36774564273085947,0.0295955196193983,0.5468382561031674,0.05582058154657726,-5.721177560608958
1048,209.739826551034,3.125,0.2,0.5,1.0,0.368620471852439,0.02950198723856132,0.5464263901653782,0.055451150743623764,-5.721177560608958
1049,209.93995997331552,3.125,0.2,0.5,1.0,0.36949303482139634,0.029408718281518472,0.5460137492087593,0.05508449768832808,-5.721177560608958
1050,210.14009339559706,3.125,0.2,0.5,1.0,0.3703633195645384,0.029315714114378142,0.5456003614079965,0.054720604913089096,-5.721177560608958
1051,210.34022681787857,3.125,0.2,0.5,1.0,0.37123131422272126,0.02922297606958603,0.5451862547212929,0.054359454986401906,-5.721177560608958
1052,210.5403602401601,3.125,0.2,0.5,1.0,0.37209700715103267,0.029130505445990395,0.5447714568882316,0.05400103051474726,-5.721177560608958
1053,210.74049366244162,3.125,0.2,0.5,1.0,0.37296038691897176,0.029038303508907536,0.5443559954276409,0.05364531414448174,-5.721177560608958
1054,210.94062708472313,3.125,0.2,0.5,1.0,0.37382144238319126,0.028946371514121914,0.54393989762309,0.05329228847959867,-5.721177560608958
1055,211.14076050700467,3.125,0.2,0.5,1.0,0.37468016280464767,0.028854710746535246,0.5435231905008187,0.05294193594800029,-5.721177560608958
1056,211.34089392928618,3.125,0.2,0.5,1.0,0.3755365372431829,0.028763322320467705,0.5431059009308129,0.05259423950553821,-5.721177560608958
1057,211.5410273515677,3.125,0.2,0.5,1.0,0.3763905551673883,0.028672207380834237,0.5426880555207608,0.05224918193101841,-5.721177560608958
1058,211.74116077384923,3.125,0.2,0.5,1.0,0.3772422062657776,0.02858136704086357,0.5422696806461282,0.05190674604723231,-5.721177560608958
1059,211.94129419613074,3.125,0.2,0.5,1.0,0.3780914804471964,0.028490802382238858,0.5418508024479842,0.051566914722582215,-5.721177560608958
1060,212.14142761841228,3.125,0.2,0.5,1.0,0.3789383678412319,0.028400514455238213,0.5414314468308253,0.05122967087270618,-5.721177560608958
1061,212.3415610406938,3.125,0.2,0.5,1.0,0.37978285879862145,0.02831050427887542,0.5410116394604011,0.050894997462103714,-5.721177560608958
1062,212.5416944629753,3.125,0.2,0.5,1.0,0.38062494389166235,0.02822077284104047,0.5405914057615382,0.05056287750576068,-5.721177560608958
1063,212.74182788525684,3.125,0.2,0.5,1.0,0.38146461360652834,0.028131321128731995,0.5401707713020647,0.05023329396267664,-5.721177560608958
1064,212.94196130753835,3.125,0.2,0.5,1.0,0.3823018580474731,0.02804215015712858,0.5397497621618368,0.04990622963356324,-5.721177560608958
1065,213.14209472981986,3.125,0.2,0.5,1.0,0.38313666907229993,0.027953260761195694,0.539328402254926,0.04958166791158014,-5.721177560608958
1066,213.3422281521014,3.125,0.2,0.5,1.0,0.3839690380258409,0.02786465381723988,0.5389067161683397,0.04925959198858119,-5.721177560608958
1067,213.5423615743829,3.125,0.2,0.5,1.0,0.38479895646428347,0.027776330172343558,0.5384847282526398,0.04893998511073497,-5.721177560608958
1068,213.74249499666445,3.125,0.2,0.5,1.0,0.38562641615503573,0.02768829064455878,0.5380624626204488,0.04862283057995858,-5.721177560608958
1069,213.94262841894596,3.125,0.2,0.5,1.0,0.3864514090765899,0.02760053602310116,0.5376399431449588,0.048308111755352066,-5.721177560608958
1070,214.14276184122747,3.125,0.2,0.5,1.0,0.38727392741838773,0.027513067068543617,0.5372171934584383,0.047995812054632235,-5.721177560608958
1071,214.342895263509,3.125,0.2,0.5,1.0,0.38809396358068426,0.027425884513010253,0.5367942369507406,0.04768591495556686,-5.721177560608958
1072,214.54302868579052,3.125,0.2,0.5,1.0,0.38891151017441233,0.02733898906037021,0.5363710967678105,0.0473784039974089,-5.721177560608958
1073,214.74316210807203,3.125,0.2,0.5,1.0,0.3897265598165552,0.0272523813965471,0.5359477960755216,0.04707326271137796,-5.721177560608958
1074,214.94329553035357,3.125,0.2,0.5,1.0,0.3905391041572002,0.027166062237835107,0.5355243593204071,0.04677047428455947,-5.721177560608958
1075,215.14342895263508,3.125,0.2,0.5,1.0,0.39134913730523346,0.027080032161626546,0.5351008077831464,0.04647002274999554,-5.721177560608958
1076,215.34356237491662,3.125,0.2,0.5,1.0,0.3921566525708088,0.02699429176773992,0.5346771638035497,0.046171891857903685,-5.721177560608958
1077,215.54369579719813,3.125,0.2,0.5,1.0,0.39296164345920137,0.02690884162944397,0.5342534494893619,0.04587606542199482,-5.721177560608958
1078,215.74382921947964,3.125,0.2,0.5,1.0,0.39376410367000786,0.026823682293684283,0.5338296867156338,0.04558252732067625,-5.721177560608958
1079,215.94396264176117,3.125,0.2,0.5,1.0,0.3945640270963451,0.0267388142813101,0.5334058971240919,0.04529126149825513,-5.721177560608958
1080,216.14409606404269,3.125,0.2,0.5,1.0,0.3953614078240493,0.02665423808730107,0.53298210212251,0.04500225196614196,-5.721177560608958
1081,216.3442294863242,3.125,0.2,0.5,1.0,0.39615624013087625,0.0265699541809939,0.5325583228840787,0.044715482804053595,-5.721177560608958
1082,216.54436290860573,3.125,0.2,0.5,1.0,0.39694851848569984,0.02648596300630915,0.5321345803467767,0.044430938161216765,-5.721177560608958
1083,216.74449633088724,3.125,0.2,0.5,1.0,0.3977382375366364,0.02640226498190903,0.5317108952380337,0.04414860224342358,-5.721177560608958
1084,216.94462975316878,3.125,0.2,0.5,1.0,0.3985253916853792,0.026318860498779167,0.5312872890443516,0.04386845877149282,-5.721177560608958
1085,217.1447631754503,3.125,0.2,0.5,1.0,0.3993099762350289,0.02623574992760598,0.5308637813875811,0.04359049244978703,-5.721177560608958
1086,217.3448965977318,3.125,0.2,0.5,1.0,0.40009198637254567,0.026152933612673804,0.5304403923462069,0.04331468766857658,-5.721177560608958
1087,217.54503002001334,3.125,0.2,0.5,1.0,0.4008714174679608,0.026070411873959285,0.5300171417695908,0.04304102888849219,-5.721177560608958
1088,217.74516344229485,3.125,0.2,0.5,1.0,0.4016482650733936,0.02598818500735706,0.5295940492777563,0.042769500641496254,-5.721177560608958
1089,217.94529686457636,3.125,0.2,0.5,1.0,0.4024225249220699,0.025906253284905263,0.5291711342611743,0.0425000875318538,-5.721177560608958
1090,218.1454302868579,3.125,0.2,0.5,1.0,0.40319419292733955,0.025824616955011172,0.5287484158805488,0.04223277423710388,-5.721177560608958
1091,218.3455637091394,3.125,0.2,0.5,1.0,0.40396326518169323,0.025743276242676843,0.5283259130666026,0.0419675455090308,-5.721177560608958
1092,218.54569713142095,3.125,0.2,0.5,1.0,0.40472973795578127,0.025662231349724632,0.5279036445198626,0.041704386174635115,-5.721177560608958
1093,218.74583055370246,3.125,0.2,0.5,1.0,0.4054936076974302,0.0255814824550229,0.5274816287104455,0.04144328113710516,-5.721177560608958
1094,218.94596397598397,3.125,0.2,0.5,1.0,0.4062548709046064,0.025501029758496344,0.5270598845004834,0.04118421483641768,-5.721177560608958
1095,219.1460973982655,3.125,0.2,0.5,1.0,0.4070135244362381,0.02542087337304703,0.5266384296037685,0.04092717258695025,-5.721177560608958
1096,219.34623082054702,3.125,0.2,0.5,1.0,0.4077695652639011,0.025341013410690085,0.5262172818072189,0.040672139518193845,-5.721177560608958
1097,219.54636424282853,3.125,0.2,0.5,1.0,0.40852299052164864,0.02526144996512991,0.5257964587196826,0.04041910079354285,-5.721177560608958
1098,219.74649766511007,3.125,0.2,0.5,1.0,0.40927379751453025,0.0251821831086855,0.5253759777247912,0.04016804165199725,-5.721177560608958
1099,219.94663108739158,3.125,0.2,0.5,1.0,0.4100219837175542,0.025103212892535125,0.5249558559810159,0.03991894740889899,-5.721177560608958
1100,220.14676450967312,3.125,0.2,0.5,1.0,0.41076754677465105,0.025024539346960896,0.5245361104217245,0.03967180345666791,-5.721177560608958
1101,220.34689793195463,3.125,0.2,0.5,1.0,0.4115104844976357,0.024946162481593478,0.5241167577552369,0.0394265952655383,-5.721177560608958
1102,220.54703135423614,3.125,0.2,0.5,1.0,0.4122507948651708,0.024868082285656682,0.5236978144648822,0.03918330838429488,-5.721177560608958
1103,220.74716477651768,3.125,0.2,0.5,1.0,0.41298847602172944,0.024790298728212114,0.5232792968090539,0.0389419284410091,-5.721177560608958
1104,220.9472981987992,3.125,0.2,0.5,1.0,0.4137235260687235,0.024712811791795755,0.5228612213968511,0.038702440742634535,-5.721177560608958
1105,221.1474316210807,3.125,0.2,0.5,1.0,0.41445594353792337,0.024635621396433466,0.5224436038741556,0.03846483119149248,-5.721177560608958
1106,221.34756504336224,3.125,0.2,0.5,1.0,0.4151857270853078,0.024558727448906973,0.5220264597686815,0.03822908569710872,-5.721177560608958
1107,221.54769846564375,3.125,0.2,0.5,1.0,0.4159128754841269,0.024482129843946356,0.5216098045063677,0.037995190165564005,-5.721177560608958
1108,221.7478318879253,3.125,0.2,0.5,1.0,0.41663738766582575,0.02440582845773306,0.5211936532952294,0.03776313058121695,-5.721177560608958
1109,221.9479653102068,3.125,0.2,0.5,1.0,0.41735926271890084,0.0243298231481616,0.5207780211257059,0.03753289300723685,-5.721177560608958
1110,222.1480987324883,3.125,0.2,0.5,1.0,0.418078499887758,0.024254113755101062,0.5203629227710102,0.03730446358613604,-5.721177560608958
1111,222.34823215476985,3.125,0.2,0.5,1.0,0.41879509857156966,0.02417870010065674,0.5199483727874764,0.03707782854030258,-5.721177560608958
1112,222.54836557705136,3.125,0.2,0.5,1.0,0.4195090583231314,0.024103581989431758,0.5195343855149094,0.03685297417253291,-5.721177560608958
1113,222.74849899933287,3.125,0.2,0.5,1.0,0.4202203788477204,0.024028759208788598,0.5191209750769323,0.036629886866564224,-5.721177560608958
1114,222.9486324216144,3.125,0.2,0.5,1.0,0.4209290596991116,0.023954231533531052,0.5187081559642917,0.03640855280307134,-5.721177560608958
1115,223.14876584389592,3.125,0.2,0.5,1.0,0.42163510089305767,0.023879998717194695,0.5182959418520806,0.036188958537672684,-5.721177560608958
1116,223.34889926617745,3.125,0.2,0.5,1.0,0.4223385026602576,0.023806060495897455,0.5178843460734156,0.03597109077043509,-5.721177560608958
1117,223.54903268845896,3.125,0.2,0.5,1.0,0.423039265263119,0.023732416591259166,0.5174733819703082,0.03575493617531936,-5.721177560608958
1118,223.74916611074048,3.125,0.2,0.5,1.0,0.4237373891066191,0.023659066709028287,0.5170630626784133,0.03554048150594522,-5.721177560608958
1119,223.949299533022,3.125,0.2,0.5,1.0,0.42443287473697805,0.02358601053934619,0.5166534011277298,0.03532771359595189,-5.721177560608958
1120,224.14943295530352,3.125,0.2,0.5,1.0,0.42512572284033284,0.02351324775701148,0.5162444100433032,0.035116619359358524,-5.721177560608958
1121,224.34956637758503,3.125,0.2,0.5,1.0,0.4258159342414121,0.02344077802174418,0.5158361019459252,0.034907185790924534,-5.721177560608958
1122,224.54969979986657,3.125,0.2,0.5,1.0,0.4265035099022099,0.02336860097845005,0.5154284891528361,0.03469939996651007,-5.721177560608958
1123,224.74983322214808,3.125,0.2,0.5,1.0,0.4271884509206592,0.02329671625748488,0.5150215837784256,0.03449324904343657,-5.721177560608958
1124,224.94996664442962,3.125,0.2,0.5,1.0,0.4278707583528844,0.023225123459966607,0.5146153981293325,0.03428872005782282,-5.721177560608958
1125,225.15010006671113,3.125,0.2,0.5,1.0,0.4285504335076192,0.023153822183104487,0.5142099440439991,0.0340858002652837,-5.721177560608958
1126,225.35023348899264,3.125,0.2,0.5,1.0,0.42922747796297545,0.023082812021996777,0.5138052328529215,0.03388447716211281,-5.721177560608958
1127,225.55036691127418,3.125,0.2,0.5,1.0,0.4299018933181879,0.02301209254896741,0.5134012759313703,0.03368473820148096,-5.721177560608958
1128,225.7505003335557,3.125,0.2,0.5,1.0,0.4305736812988185,0.022941663322858963,0.5129980844619387,0.0334865709163904,-5.721177560608958
1129,225.9506337558372,3.125,0.2,0.5,1.0,0.43124284375530014,0.022871523889285747,0.5125956694355361,0.03328996291988461,-5.721177560608958
1130,226.15076717811874,3.125,0.2,0.5,1.0,0.43190938266148005,0.022801673780887037,0.5121940416523814,0.03309490190525829,-5.721177560608958
1131,226.35090060040025,3.125,0.2,0.5,1.0,0.43257330011316236,0.022732112517580283,0.5117932117229967,0.032901375646267335,-5.721177560608958
1132,226.5510340226818,3.125,0.2,0.5,1.0,0.4332345983266524,0.022662839606814228,0.5113931900692016,0.0327093719973386,-5.721177560608958
1133,226.7511674449633,3.125,0.2,0.5,1.0,0.433893279637299,0.022593854543822164,0.5109939869251057,0.03251887889378001,-5.721177560608958
1134,226.9513008672448,3.125,0.2,0.5,1.0,0.4345493464808612,0.022525156796146372,0.5105956125132384,0.03232988420976096,-5.721177560608958
1135,227.15143428952635,3.125,0.2,0.5,1.0,0.43520280141179285,0.022456745821968306,0.5101980768442592,0.03214237592198649,-5.721177560608958
1136,227.35156771180786,3.125,0.2,0.5,1.0,0.43585364712698516,0.022388621093435302,0.5098013894610331,0.03195634231855328,-5.721177560608958
1137,227.55170113408937,3.125,0.2,0.5,1.0,0.43650188641981047,0.022320782056167512,0.509405559893324,0.031771771630704986,-5.721177560608958
1138,227.7518345563709,3.125,0.2,0.5,1.0,0.43714752219503317,0.022253228144498042,0.5090105974919118,0.03158865216856402,-5.721177560608958
1139,227.95196797865242,3.125,0.2,0.5,1.0,0.43779055746733603,0.022185958781711274,0.5086165114297527,0.031406972321207,-5.721177560608958
1140,228.15210140093396,3.125,0.2,0.5,1.0,0.43843099535984825,0.02211897338028112,0.5082233107031376,0.031226720556740018,-5.721177560608958
1141,228.35223482321547,3.125,0.2,0.5,1.0,0.4390688391026716,0.022052271342109398,0.5078310041328519,0.031047885422374227,-5.721177560608958
1142,228.55236824549698,3.125,0.2,0.5,1.0,0.43970409203140803,0.021985852058764094,0.507439600365334,0.030870455544501053,-5.721177560608958
1143,228.75250166777852,3.125,0.2,0.5,1.0,0.4403367575856865,0.021919714911717677,0.5070491078738353,0.0306944196287677,-5.721177560608958
1144,228.95263509006003,3.125,0.2,0.5,1.0,0.44096683933643177,0.021853859262884977,0.5066595350309897,0.030519766369700798,-5.721177560608958
1145,229.15276851234154,3.125,0.2,0.5,1.0,0.44159434097642364,0.021788284457550613,0.5062708900901761,0.03034648447585679,-5.721177560608958
1146,229.35290193462308,3.125,0.2,0.5,1.0,0.44221926621178315,0.02172298986073415,0.5058831809207287,0.030174563006761215,-5.721177560608958
1147,229.5530353569046,3.125,0.2,0.5,1.0,0.44284161889157675,0.021657974813189092,0.505496415334766,0.030003990960475454,-5.721177560608958
1148,229.75316877918613,3.125,0.2,0.5,1.0,0.4434614029623676,0.021593238646483538,0.5051106009790868,0.029834757412069444,-5.721177560608958
1149,229.95330220146764,3.125,0.2,0.5,1.0,0.44407862246677826,0.021528780683226063,0.504725745336422,0.02966685151358102,-5.721177560608958
1150,230.15343562374915,3.125,0.2,0.5,1.0,0.4446932815420559,0.021464600237291513,0.504341855726685,0.02950026249397491,-5.721177560608958
1151,230.35356904603069,3.125,0.2,0.5,1.0,0.44530538441863543,0.021400696614046887,0.5039589393082231,0.029334979659101958,-5.721177560608958
1152,230.5537024683122,3.125,0.2,0.5,1.0,0.44591493541870364,0.02133706911057717,0.5035770030790683,0.029170992391658362,-5.721177560608958
1153,230.75383589059373,3.125,0.2,0.5,1.0,0.44652193895476366,0.021273717015911152,0.503196053878188,0.02900829015114466,-5.721177560608958
1154,230.95396931287524,3.125,0.2,0.5,1.0,0.44712639955059097,0.021210639601220868,0.5028160984376985,0.028846862410497186,-5.721177560608958
1155,231.15410273515675,3.125,0.2,0.5,1.0,0.4477283218683508,0.021147836107262764,0.5024371434490954,0.028686698575298538,-5.721177560608958
1156,231.3542361574383,3.125,0.2,0.5,1.0,0.44832771052743836,0.021085305825075423,0.5020591951554905,0.028527788492003193,-5.721177560608958
1157,231.5543695797198,3.125,0.2,0.5,1.0,0.44892457029408966,0.021023048010663452,0.5016822597876475,0.02837012190760698,-5.721177560608958
1158,231.75450300200131,3.125,0.2,0.5,1.0,0.44951890601829364,0.02096106191282821,0.5013063434249246,0.028213688643961014,-5.721177560608958
1159,231.95463642428285,3.125,0.2,0.5,1.0,0.45011072263238017,0.020899346773382965,0.5009314519965811,0.02805847859766331,-5.721177560608958
1160,232.15476984656436,3.125,0.2,0.5,1.0,0.45070002514960733,0.020837901827368072,0.5005575912830817,0.027904481739950412,-5.721177560608958
1161,232.3549032688459,3.125,0.2,0.5,1.0,0.4512868186627501,0.02077672630326604,0.5001847669174027,0.027751688116588798,-5.721177560608958
1162,232.5550366911274,3.125,0.2,0.5,1.0,0.4518711083426877,0.020715819423216743,0.4998129843863366,0.0276000878477666,-5.721177560608958
1163,232.75517011340892,3.125,0.2,0.5,1.0,0.4524528994369915,0.0206551804032325,0.49944224903179857,0.02744967112798502,-5.721177560608958
1164,232.95530353569046,3.125,0.2,0.5,1.0,0.4530321972685134,0.020594808453413254,0.49907256605213096,0.02730042822594994,-5.721177560608958
1165,233.15543695797197,3.125,0.2,0.5,1.0,0.45360900723397296,0.020534702778161704,0.4987039405034094,0.02715234948446356,-5.721177560608958
1166,233.35557038025348,3.125,0.2,0.5,1.0,0.45418333481438705,0.02047486254997782,0.4983363774752122,0.02700542516043051,-5.721177560608958
1167,233.55570380253502,3.125,0.2,0.5,1.0,0.45475518556002087,0.02041528694010124,0.49796988189100444,0.026859645608881082,-5.721177560608958
1168,233.75583722481653,3.125,0.2,0.5,1.0,0.4553245650699888,0.020355975161089494,0.4976044582297047,0.026715001539224622,-5.721177560608958
1169,233.95597064709807,3.125,0.2,0.5,1.0,0.4558914790242229,0.020296926392554787,0.4972401110187973,0.02657148356443263,-5.721177560608958
1170,234.15610406937958,3.125,0.2,0.5,1.0,0.4564559331696289,0.020238139809116536,0.4968768446524783,0.026429082368783902,-5.721177560608958
1171,234.3562374916611,3.125,0.2,0.5,1.0,0.45701793331868085,0.020179614580602166,0.496514663393055,0.02628778870766961,-5.721177560608958
1172,234.55637091394263,3.125,0.2,0.5,1.0,0.4575774853480152,0.02012134987224801,0.49615357137234584,0.02614759340739858,-5.721177560608958
1173,234.75650433622414,3.125,0.2,0.5,1.0,0.45813459519702476,0.020063344844900216,0.49579357259308005,0.026008487365002556,-5.721177560608958
1174,234.95663775850565,3.125,0.2,0.5,1.0,0.4586892688664538,0.02000559865521555,0.49543467093029697,0.025870461548041308,-5.721177560608958
1175,235.1567711807872,3.125,0.2,0.5,1.0,0.45924151241699157,0.019948110455862315,0.49507687013274587,0.025733506994407882,-5.721177560608958
1176,235.3569046030687,3.125,0.2,0.5,1.0,0.4597913319678668,0.019890879395721216,0.4947201738242857,0.0255976148121339,-5.721177560608958
1177,235.55703802535024,3.125,0.2,0.5,1.0,0.46033873369544226,0.019833904620086207,0.4943645855052845,0.025462776179194613,-5.721177560608958
1178,235.75717144763175,3.125,0.2,0.5,1.0,0.46088372405181605,0.01977718519369254,0.49401010861727956,0.025328982137219427,-5.721177560608958
1179,235.95730486991326,3.125,0.2,0.5,1.0,0.46142630931986434,0.01972072025650397,0.49365674641683926,0.025196224006799932,-5.721177560608958
1180,236.1574382921948,3.125,0.2,0.5,1.0,0.4619664957624941,0.019664508971066603,0.4933045020202828,0.025064493246163874,-5.721177560608958
1181,236.3575717144763,3.125,0.2,0.5,1.0,0.4625042897935746,0.01960855046225834,0.4929533784546331,0.024933781289541206,-5.721177560608958
1182,236.55770513675782,3.125,0.2,0.5,1.0,0.463039697879118,0.01955284385165994,0.4926033786310064,0.024804079638222783,-5.721177560608958
1183,236.75783855903936,3.125,0.2,0.5,1.0,0.46357272653595133,0.019497388257728624,0.49225450534603404,0.02467537986029287,-5.721177560608958
1184,236.95797198132087,3.125,0.2,0.5,1.0,0.4641033823303883,0.019442182795971753,0.4919067612832849,0.024547673590361634,-5.721177560608958
1185,237.1581054036024,3.125,0.2,0.5,1.0,0.4646316718769016,0.019387226579120377,0.49156014901468686,0.02442095252929748,-5.721177560608958
1186,237.35823882588392,3.125,0.2,0.5,1.0,0.4651576018367942,0.019332518717302943,0.49121467100194915,0.024295208443959642,-5.721177560608958
1187,237.55837224816543,3.125,0.2,0.5,1.0,0.4656811789168722,0.019278058318218837,0.490870329597984,0.02417043316693049,-5.721177560608958
1188,237.75850567044697,3.125,0.2,0.5,1.0,0.4662024098681162,0.019223844487312066,0.49052712704832874,0.02404661859624805,-5.721177560608958
1189,237.95863909272848,3.125,0.2,0.5,1.0,0.4667213014843529,0.01916987632794487,0.4901850654925682,0.0239237566951385,-5.721177560608958
1190,238.15877251500999,3.125,0.2,0.5,1.0,0.4672378610420986,0.01911615283819967,0.48984414681272576,0.023801839306979978,-5.721177560608958
1191,238.35890593729152,3.125,0.2,0.5,1.0,0.4677520952138666,0.01906267316536671,0.4895043730111692,0.02368085860960096,-5.721177560608958
1192,238.55903935957303,3.125,0.2,0.5,1.0,0.46826401088772424,0.019009436413774394,0.4891657459272899,0.0235608067712145,-5.721177560608958
1193,238.75917278185457,3.125,0.2,0.5,1.0,0.46877361504992493,0.018956441672152345,0.4888282672791756,0.023441675998749606,-5.721177560608958
1194,238.95930620413608,3.125,0.2,0.5,1.0,0.46928091472593453,0.018903688027312203,0.48849193868502844,0.02332345856172674,-5.721177560608958
1195,239.1594396264176,3.125,0.2,0.5,1.0,0.4697859169792169,0.018851174564294592,0.48815676166454736,0.023206146791942522,-5.721177560608958
1196,239.35957304869913,3.125,0.2,0.5,1.0,0.4702886289100196,0.0187989003665161,0.4878227376403105,0.023089733083154627,-5.721177560608958
1197,239.55970647098064,3.125,0.2,0.5,1.0,0.4707890576541592,0.0187468645159163,0.48748986793915805,0.022974209890766675,-5.721177560608958
1198,239.75983989326215,3.125,0.2,0.5,1.0,0.4712872103818074,0.01869506609310471,0.48715815379357463,0.02285956973151296,-5.721177560608958
1199,239.9599733155437,3.125,0.2,0.5,1.0,0.47178309429627635,0.018643504177507778,0.4868275963430716,0.02274580518314336,-5.721177560608958
1200,240.1601067378252,3.125,0.2,0.5,1.0,0.4722767166328043,0.018592177847515903,0.4864981966355702,0.022632908884108204,-5.721177560608958
1201,240.36024016010674,3.125,0.2,0.5,1.0,0.4727680846887529,0.018541086175171327,0.4861699556112073,0.02252087352486655,-5.721177560608958
1202,240.56037358238825,3.125,0.2,0.5,1.0,0.47325720619212996,0.018490228162058066,0.4858428738968354,0.022409691748974062,-5.721177560608958
1203,240.76050700466976,3.125,0.2,0.5,1.0,0.4737440881758084,0.018439602934888732,0.48551695243664605,0.022299356452653706,-5.721177560608958
1204,240.9606404269513,3.125,0.2,0.5,1.0,0.4742287380202728,0.018389209564220257,0.4851921919094136,0.02218986050608967,-5.721177560608958
1205,241.1607738492328,3.125,0.2,0.5,1.0,0.47471116313456485,0.01833904711983872,0.48486859290772216,0.02208119683787,-5.721177560608958
1206,241.36090727151432,3.125,0.2,0.5,1.0,0.47519137095517466,0.018289114670887976,0.4845461559392893,0.02197335843464327,-5.721177560608958
1207,241.56104069379586,3.125,0.2,0.5,1.0,0.47566936894493156,0.018239411285998368,0.48422488142828946,0.021866338340775344,-5.721177560608958
1208,241.76117411607737,3.125,0.2,0.5,1.0,0.4761451645918948,0.018189936033415406,0.48390476971667773,0.021760129658006184,-5.721177560608958
1209,241.9613075383589,3.125,0.2,0.5,1.0,0.47661876540824544,0.018140687981128414,0.4835858210655134,0.02165472554510648,-5.721177560608958
1210,242.16144096064042,3.125,0.2,0.5,1.0,0.47709017892917605,0.01809166619699925,0.48326803565628346,0.02155011921753451,-5.721177560608958
1211,242.36157438292193,3.125,0.2,0.5,1.0,0.477559412711783,0.01804286974889095,0.48295141359222615,0.02144630394709279,-5.721177560608958
1212,242.56170780520347,3.125,0.2,0.5,1.0,0.4780264743339565,0.017994297704796408,0.4826359548996547,0.021343273061584848,-5.721177560608958
1213,242.76184122748498,3.125,0.2,0.5,1.0,0.47849137150615817,0.01794594911457194,0.48232165945288435,0.02124101992637765,-5.721177560608958
1214,242.9619746497665,3.125,0.2,0.5,1.0,0.4789541121054041,0.017897823004347547,0.4820085269518067,0.0211395379384334,-5.721177560608958
1215,243.16210807204803,3.125,0.2,0.5,1.0,0.4794147035562,0.017849918477353448,0.48169655734142036,0.021038820625017614,-5.721177560608958
1216,243.36224149432954,3.125,0.2,0.5,1.0,0.4798731535363183,0.017802234598859427,0.4813857503347633,0.020938861530050038,-5.721177560608958
1217,243.56237491661108,3.125,0.2,0.5,1.0,0.4803294697412855,0.017754770434500397,0.4810761055728712,0.020839654251333686,-5.721177560608958
1218,243.7625083388926,3.125,0.2,0.5,1.0,0.48078365988336874,0.017707525050389365,0.4807676226260363,0.02074119244019615,-5.721177560608958
1219,243.9626417611741,3.125,0.2,0.5,1.0,0.48123573169056477,0.017660497513230282,0.4804603009950644,0.02064346980113075,-5.721177560608958
1220,244.16277518345564,3.125,0.2,0.5,1.0,0.48168569290558727,0.017613686890430972,0.48015414011253393,0.020546480091437794,-5.721177560608958
1221,244.36290860573715,3.125,0.2,0.5,1.0,0.48213355128485436,0.017567092250216035,0.47984913934405354,0.02045021712086584,-5.721177560608958
1222,244.56304202801866,3.125,0.2,0.5,1.0,0.4825793145974769,0.017520712661739723,0.47954529798952006,0.020354674751252834,-5.721177560608958
1223,244.7631754503002,3.125,0.2,0.5,1.0,0.4830229906242463,0.01747454719519886,0.4792426152843768,0.020259846896167378,-5.721177560608958
1224,244.9633088725817,3.125,0.2,0.5,1.0,0.4834645871566218,0.017428594921945748,0.47894109040087157,0.020165727520549997,-5.721177560608958
1225,245.16344229486324,3.125,0.2,0.5,1.0,0.48390411227529634,0.017382854864916548,0.4786407222340308,0.020072310625745306,-5.721177560608958
1226,245.36357571714476,3.125,0.2,0.5,1.0,0.4843415739283488,0.017337326073531986,0.4783415097269745,0.019979590271133545,-5.721177560608958
1227,245.56370913942627,3.125,0.2,0.5,1.0,0.48477697972045153,0.01729200766109101,0.4780434520337127,0.019887560584733517,-5.721177560608958
1228,245.7638425617078,3.125,0.2,0.5,1.0,0.48521033750620823,0.01724689869925993,0.4777465480627336,0.019796215731786835,-5.721177560608958
1229,245.96397598398931,3.125,0.2,0.5,1.0,0.48564165514828017,0.017201998260989608,0.47745079666373363,0.01970554992698512,-5.721177560608958
1230,246.16410940627082,3.125,0.2,0.5,1.0,0.4860709405164584,0.017157305420613313,0.47715619662881004,0.019615557434106732,-5.721177560608958
1231,246.36424282855236,3.125,0.2,0.5,1.0,0.48649820148673606,0.0171128192539446,0.4768627466936541,0.019526232565653594,-5.721177560608958
1232,246.56437625083387,3.125,0.2,0.5,1.0,0.48692344594038084,0.01706853883837521,0.4765704455387441,0.019437569682488064,-5.721177560608958
1233,246.7645096731154,3.125,0.2,0.5,1.0,0.48734668176300744,0.017024463252972903,0.4762792917905382,0.019349563193469636,-5.721177560608958
1234,246.96464309539692,3.125,0.2,0.5,1.0,0.4877679168436495,0.016980591578579386,0.4759892840226673,0.019262207555091844,-5.721177560608958
1235,247.16477651767843,3.125,0.2,0.5,1.0,0.4881871590738325,0.016936922897908137,0.4757004207571283,0.01917549727111899,-5.721177560608958
1236,247.36490993995997,3.125,0.2,0.5,1.0,0.4886044163466458,0.016893456295642297,0.4754127004654767,0.01908942689222298,-5.721177560608958
1237,247.56504336224148,3.125,0.2,0.5,1.0,0.489019696555815,0.016850190858532576,0.4751261215700198,0.019003991015620163,-5.721177560608958
1238,247.765176784523,3.125,0.2,0.5,1.0,0.48943300779710114,0.0168071256415861,0.47484068227405696,0.018919184287243186,-5.721177560608958
1239,247.96531020680453,3.125,0.2,0.5,1.0,0.48984435850859553,0.01676425964449598,0.4745563804437485,0.018835001403147332,-5.721177560608958
1240,248.16544362908604,3.125,0.2,0.5,1.0,0.4902537561209185,0.016721592037804232,0.4742732147490183,0.01875143709224622,-5.721177560608958
1241,248.36557705136758,3.125,0.2,0.5,1.0,0.49066120856480283,0.016679121910180148,0.4739911833901543,0.01866848613484989,-5.721177560608958
1242,248.5657104736491,3.125,0.2,0.5,1.0,0.4910667237705199,0.016636848352256577,0.47371028452116937,0.018586143356041234,-5.721177560608958
1243,248.7658438959306,3.125,0.2,0.5,1.0,0.49147030966707556,0.016594770456707087,0.4734305162508901,0.018504403625314254,-5.721177560608958
1244,248.96597731821214,3.125,0.2,0.5,1.0,0.49187197418140566,0.016552887318323224,0.47315187664404557,0.018423261856212465,-5.721177560608958
1245,249.16611074049365,3.125,0.2,0.5,1.0,0.4922717252375713,0.016511198034091748,0.4728743637223565,0.018342713005967265,-5.721177560608958
1246,249.36624416277516,3.125,0.2,0.5,1.0,0.4926695707559548,0.016469701703271836,0.47259797546562393,0.01826275207513621,-5.721177560608958
1247,249.5663775850567,3.125,0.2,0.5,1.0,0.49306551865245507,0.01642839742747231,0.47232270981281793,0.01818337410724142,-5.721177560608958
1248,249.7665110073382,3.125,0.2,0.5,1.0,0.4934595768376831,0.0163872843107289,0.47204856466316675,0.018104574188407937,-5.721177560608958
1249,249.96664442961975,3.125,0.2,0.5,1.0,0.4938517532161577,0.01634636145958142,0.4717755378772455,0.018026347447002017,-5.721177560608958
1250,250.16677785190126,3.125,0.2,0.5,1.0,0.49424205568550084,0.016305627983151043,0.47150362727806516,0.017948689053269552,-5.721177560608958
1251,250.36691127418277,3.125,0.2,0.5,1.0,0.4946304921481454,0.0162650829914669,0.4712328306405132,0.01787159421986114,-5.721177560608958
1252,250.5670446964643,3.125,0.2,0.5,1.0,0.4950170714097741,0.0162247254697263,0.47096314485528057,0.01779505826520565,-5.721177560608958
1253,250.76717811874582,3.125,0.2,0.5,1.0,0.495401800703993,0.016184554624592923,0.47069456823363726,0.017719076437763347,-5.721177560608958
1254,250.96731154102733,3.125,0.2,0.5,1.0,0.49578468793870645,0.016144569569861607,0.4704270984164823,0.017643644074936148,-5.721177560608958
1255,251.16744496330887,3.125,0.2,0.5,1.0,0.496165741014657,0.016104769421768972,0.4701607330090968,0.017568756554463626,-5.721177560608958
1256,251.36757838559038,3.125,0.2,0.5,1.0,0.4965449678247531,0.016065153299052184,0.46989546958211026,0.01749440929407074,-5.721177560608958
1257,251.56771180787192,3.125,0.2,0.5,1.0,0.4969223762533966,0.016025720323007725,0.46963130567246647,0.017420597751115433,-5.721177560608958
1258,251.76784523015343,3.125,0.2,0.5,1.0,0.49729797417580973,0.015986469617550198,0.46936823878438977,0.01734731742223644,-5.721177560608958
1259,251.96797865243494,3.125,0.2,0.5,1.0,0.4976717694573631,0.015947400309271078,0.46910626639035097,0.017274563843000888,-5.721177560608958
1260,252.16811207471648,3.125,0.2,0.5,1.0,0.49804376995290267,0.015908511527497508,0.46884538593203373,0.017202332587552025,-5.721177560608958
1261,252.368245496998,3.125,0.2,0.5,1.0,0.49841398350607724,0.01586980240435109,0.46858559482130047,0.017130619268256955,-5.721177560608958
1262,252.5683789192795,3.125,0.2,0.5,1.0,0.4987824179486661,0.01583127207480664,0.4683268904411586,0.01705941953535425,-5.721177560608958
1263,252.76851234156103,3.125,0.2,0.5,1.0,0.49914908109990624,0.01579291967675098,0.4680692701467266,0.0169887290766017,-5.721177560608958
1264,252.96864576384255,3.125,0.2,0.5,1.0,0.49951398076581943,0.015754744351041728,0.46781273126620015,0.01691854361692403,-5.721177560608958
1265,253.16877918612408,3.125,0.2,0.5,1.0,0.49987712538941653,0.015716745157197978,0.4675572704446197,0.0168488590087511,-5.721177560608958
1266,253.3689126084056,3.125,0.2,0.5,1.0,0.5002385225247968,0.015678921271162605,0.4673028851848794,0.01677967101914637,-5.721177560608958
1267,253.5690460306871,3.125,0.2,0.5,1.0,0.5005981798131842,0.015641271858757865,0.4670495728624977,0.016710975465545258,-5.721177560608958
1268,253.76917945296864,3.125,0.2,0.5,1.0,0.500956105045886,0.015603796067496086,0.46679733066233386,0.016642768224269088,-5.721177560608958
1269,253.96931287525015,3.125,0.2,0.5,1.0,0.5013123060011814,0.015566493047694108,0.46654615574357,0.016575045207539257,-5.721177560608958
1270,254.16944629753166,3.125,0.2,0.5,1.0,0.5016667904437715,0.015529361952516293,0.46629604524055507,0.016507802363141796,-5.721177560608958
1271,254.3695797198132,3.125,0.2,0.5,1.0,0.5020195661242269,0.0154924019380176,0.466046996263648,0.016441035674091987,-5.721177560608958
1272,254.5697131420947,3.125,0.2,0.5,1.0,0.5023706407784371,0.01545561216318665,0.4657990059000617,0.016374741158299004,-5.721177560608958
1273,254.76984656437625,3.125,0.2,0.5,1.0,0.5027200221270589,0.015418991789988734,0.46555207121470626,0.016308914868230436,-5.721177560608958
1274,254.96997998665776,3.125,0.2,0.5,1.0,0.5030677178749653,0.01538253998340891,0.465306189251033,0.01624355289057699,-5.721177560608958
1275,255.17011340893927,3.125,0.2,0.5,1.0,0.5034137357106945,0.01534625591149502,0.4650613570318776,0.016178651345916988,-5.721177560608958
1276,255.3702468312208,3.125,0.2,0.5,1.0,0.5037580833058983,0.015310138745400747,0.464817571560304,0.01611420638838105,-5.721177560608958
1277,255.57038025350232,3.125,0.2,0.5,1.0,0.5041007683147909,0.01527418765942869,0.4645748298204478,0.016050214205316667,-5.721177560608958
1278,255.77051367578383,3.125,0.2,0.5,1.0,0.5044417987095051,0.015238401796089455,0.4643331284042886,0.015986671090100824,-5.721177560608958
1279,255.97064709806537,3.125,0.2,0.5,1.0,0.5047811822219541,0.015202780324216035,0.46409246413343064,0.015923573320383022,-5.721177560608958
1280,256.1707805203469,3.125,0.2,0.5,1.0,0.5051189262307788,0.015167322450723646,0.46385283418523,0.015860917133251363,-5.721177560608958
1281,256.3709139426284,3.125,0.2,0.5,1.0,0.5054550383491747,0.015132027359374554,0.46361423543841057,0.01579869885302388,-5.721177560608958
1282,256.57104736490993,3.125,0.2,0.5,1.0,0.5057895261728822,0.01509689423700998,0.4633766647539367,0.015736914836154782,-5.721177560608958
1283,256.77118078719144,3.125,0.2,0.5,1.0,0.5061223972797293,0.015061922273583342,0.46314011897575147,0.015675561470919606,-5.721177560608958
1284,256.97131420947295,3.125,0.2,0.5,1.0,0.5064536592291745,0.015027110662193456,0.46290459493151526,0.015614635177100374,-5.721177560608958
1285,257.1714476317545,3.125,0.2,0.5,1.0,0.5067833195618509,0.014992458599117768,0.4626700894333442,0.015554132405670737,-5.721177560608958
1286,257.371581054036,3.125,0.2,0.5,1.0,0.507111385799108,0.014957965283845598,0.4624365992785489,0.015494049638481179,-5.721177560608958
1287,257.57171447631754,3.125,0.2,0.5,1.0,0.5074378654425556,0.014923629919111317,0.4622041212503725,0.01543438338794408,-5.721177560608958
1288,257.77184789859905,3.125,0.2,0.5,1.0,0.5077627659736075,0.014889451710927598,0.4619726521187296,0.015375130196718939,-5.721177560608958
1289,257.97198132088056,3.125,0.2,0.5,1.0,0.5080860948530231,0.014855429868618628,0.4617421886409444,0.015316286637397501,-5.721177560608958
1290,258.1721147431621,3.125,0.2,0.5,1.0,0.508407859520452,0.014821563604853328,0.46151272756248946,0.0152578493121889,-5.721177560608958
1291,258.37224816544364,3.125,0.2,0.5,1.0,0.5087280675557159,0.014787852119029039,0.4612842654299654,0.015199814895273424,-5.721177560608958
1292,258.57238158772515,3.125,0.2,0.5,1.0,0.5090467267026907,0.01475429459479929,0.4610567985635855,0.015142180138908286,-5.721177560608958
1293,258.77251501000666,3.125,0.2,0.5,1.0,0.5093638440283517,0.014720890286628272,0.4608303240336226,0.015084941651381224,-5.721177560608958
1294,258.97264843228817,3.125,0.2,0.5,1.0,0.5096794269140091,0.014687638417738787,0.46060483850992207,0.015028096158313882,-5.721177560608958
1295,259.1727818545697,3.125,0.2,0.5,1.0,0.5099934827200573,0.014654538214609304,0.46038033865129224,0.014971640414025052,-5.721177560608958
1296,259.37291527685124,3.125,0.2,0.5,1.0,0.5103060187856042,0.01462158890699829,0.4601568211061429,0.014915571201238542,-5.721177560608958
1297,259.57304869913276,3.125,0.2,0.5,1.0,0.5106170424281005,0.014588789727968612,0.45993428251312385,0.014859885330791132,-5.721177560608958
1298,259.77318212141427,3.125,0.2,0.5,1.0,0.5109265609429688,0.014556139913911822,0.4597127195017632,0.014804579641340337,-5.721177560608958
1299,259.9733155436958,3.125,0.2,0.5,1.0,0.5112345816032334,0.01452363870457256,0.45949212869310585,0.014749650999072375,-5.721177560608958
1300,260.1734489659773,3.125,0.2,0.5,1.0,0.5115411116591492,0.014491285343072887,0.45927250670035225,0.01469509629741002,-5.721177560608958
1301,260.37358238825885,3.125,0.2,0.5,1.0,0.5118461583378308,0.014459079075936639,0.4590538501294965,0.014640912456720468,-5.721177560608958
1302,260.57371581054036,3.125,0.2,0.5,1.0,0.512149728842882,0.014427019153113806,0.4588361555799654,0.014587096424023288,-5.721177560608958
1303,260.7738492328219,3.125,0.2,0.5,1.0,0.5124518303540255,0.014395104828004837,0.4586194196452561,0.0145336451726982,-5.721177560608958
1304,260.9739826551034,3.125,0.2,0.5,1.0,0.5127524700537032,0.014363335354416737,0.4584036388821992,0.014480555709665707,-5.721177560608958
1305,261.1741160773849,3.125,0.2,0.5,1.0,0.5130516556452119,0.014331709927602508,0.45818880920842064,0.014427825218749812,-5.721177560608958
1306,261.37424949966646,3.125,0.2,0.5,1.0,0.5133493938308188,0.014300227857371933,0.45797492767295195,0.014375450638842279,-5.721177560608958
1307,261.574382921948,3.125,0.2,0.5,1.0,0.513645691721086,0.01426888840774987,0.4577619908169749,0.014323429054174407,-5.721177560608958
1308,261.7745163442295,3.125,0.2,0.5,1.0,0.5139405564032978,0.014237690846053882,0.45754999517607575,0.014271757574557814,-5.721177560608958
1309,261.974649766511,3.125,0.2,0.5,1.0,0.5142339949411763,0.014206634442908823,0.45733893728078406,0.014220433335116255,-5.721177560608958
1310,262.1747831887925,3.125,0.2,0.5,1.0,0.5145260143745959,0.014175718472261388,0.4571288136571109,0.014169453496017333,-5.721177560608958
1311,262.374916611074,3.125,0.2,0.5,1.0,0.5148166217192996,0.014144942211394671,0.456919620827087,0.014118815242204253,-5.721177560608958
1312,262.5750500333556,3.125,0.2,0.5,1.0,0.5151058239666144,0.014114304940942712,0.45671135530930107,0.014068515783127535,-5.721177560608958
1313,262.7751834556371,3.125,0.2,0.5,1.0,0.5153936280831655,0.014083805944905086,0.4565040136194385,0.01401855235247682,-5.721177560608958
1314,262.9753168779186,3.125,0.2,0.5,1.0,0.5156800410105931,0.014053444510661418,0.45629759227081895,0.013968922207912522,-5.721177560608958
1315,263.1754503002001,3.125,0.2,0.5,1.0,0.5159650696652671,0.014023219928985954,0.45609208777493526,0.013919622630797625,-5.721177560608958
1316,263.3755837224816,3.125,0.2,0.5,1.0,0.516248720938003,0.013993131494062134,0.4558874966419916,0.01387065092592941,-5.721177560608958
1317,263.5757171447632,3.125,0.2,0.5,1.0,0.5165310016937765,0.013963178503497119,0.4556838153814413,0.01382200442127118,-5.721177560608958
1318,263.7758505670447,3.125,0.2,0.5,1.0,0.516811919207565,0.01393336021246438,0.4554810399789199,0.01377368060103695,-5.721177560608958
1319,263.9759839893262,3.125,0.2,0.5,1.0,0.5170914801134368,0.013903675944223844,0.45527916715814964,0.013725676784176096,-5.721177560608958
1320,264.1761174116077,3.125,0.2,0.5,1.0,0.5173696911356355,0.013874125013210559,0.4550781935034066,0.013677990347733756,-5.721177560608958
1321,264.37625083388923,3.125,0.2,0.5,1.0,0.5176465590616198,0.013844706727854973,0.4548781154920856,0.013630618718426102,-5.721177560608958
1322,264.5763842561708,3.125,0.2,0.5,1.0,0.5179220906538524,0.01381542039984569,0.45467892960080153,0.013583559345486973,-5.721177560608958
1323,264.7765176784523,3.125,0.2,0.5,1.0,0.5181962926495924,0.013786265344135906,0.45448063230583513,0.013536809700423333,-5.721177560608958
1324,264.9766511007338,3.125,0.2,0.5,1.0,0.5184691717606885,0.013757240878949788,0.45428322008357797,0.01349036727677058,-5.721177560608958
1325,265.17678452301533,3.125,0.2,0.5,1.0,0.5187407346733716,0.013728346325788926,0.4540866894109784,0.013444229589848004,-5.721177560608958
1326,265.37691794529684,3.125,0.2,0.5,1.0,0.5190109880480476,0.013699581009438737,0.4538910367659865,0.01339839417651416,-5.721177560608958
1327,265.57705136757835,3.125,0.2,0.5,1.0,0.51927993851909,0.013670944257974892,0.45369625862799984,0.013352858594922277,-5.721177560608958
1328,265.7771847898599,3.125,0.2,0.5,1.0,0.5195475926946332,0.013642435402769718,0.45350235147830864,0.013307620424275633,-5.721177560608958
1329,265.9773182121414,3.125,0.2,0.5,1.0,0.5198139571563642,0.013614053778498662,0.4533093118005414,0.013262677264583009,-5.721177560608958
1330,266.17745163442294,3.125,0.2,0.5,1.0,0.5200790384593167,0.013585798723146648,0.4531171360811101,0.013218026736414002,-5.721177560608958
1331,266.37758505670445,3.125,0.2,0.5,1.0,0.5203428433661619,0.01355766955962374,0.45292582050701397,0.013173666567187976,-5.721177560608958
1332,266.57771847898596,3.125,0.2,0.5,1.0,0.5206053784259521,0.013529665628792736,0.45273536150968663,0.01312959443555616,-5.721177560608958
1333,266.7778519012675,3.125,0.2,0.5,1.0,0.520866649980765,0.013501786288938262,0.4525457557565993,0.013085807973685231,-5.721177560608958
1334,266.97798532354904,3.125,0.2,0.5,1.0,0.5211266644993141,0.013474030889593218,0.45235699972088406,0.013042304890196522,-5.721177560608958
1335,267.17811874583055,3.125,0.2,0.5,1.0,0.5213854284244089,0.013446398783492025,0.4521690898783788,0.01299908291370819,-5.721177560608958
1336,267.37825216811206,3.125,0.2,0.5,1.0,0.5216429481728092,0.013418889326572246,0.45198202270799326,0.012956139792613354,-5.721177560608958
1337,267.57838559039357,3.125,0.2,0.5,1.0,0.5218992301350786,0.013391501877976187,0.4517957946920752,0.012913473294858167,-5.721177560608958
1338,267.77851901267513,3.125,0.2,0.5,1.0,0.5221542806754396,0.013364235800052474,0.45161040231677635,0.012871081207719884,-5.721177560608958
1339,267.97865243495664,3.125,0.2,0.5,1.0,0.522408106131627,0.013337090458357697,0.45142584207241865,0.012828961337584986,-5.721177560608958
1340,268.17878585723815,3.125,0.2,0.5,1.0,0.5226607128147431,0.013310065221657945,0.4512421104538602,0.012787111509727203,-5.721177560608958
1341,268.37891927951966,3.125,0.2,0.5,1.0,0.5229121070091112,0.013283159461930446,0.45105920396086135,0.012745529568085633,-5.721177560608958
1342,268.5790527018012,3.125,0.2,0.5,1.0,0.52316229497213,0.013256372554365153,0.4508771190984508,0.012704213375042819,-5.721177560608958
1343,268.7791861240827,3.125,0.2,0.5,1.0,0.523411282934128,0.013229703877366345,0.4506958523772917,0.012663160811202825,-5.721177560608958
1344,268.97931954636425,3.125,0.2,0.5,1.0,0.5236590772024521,0.013203152805918491,0.4505154001702837,0.012622369821334615,-5.721177560608958
1345,269.17945296864576,3.125,0.2,0.5,1.0,0.5239056841322006,0.013176718713441768,0.45033575875309406,0.012581838401252566,-5.721177560608958
1346,269.3795863909273,3.125,0.2,0.5,1.0,0.5241511097047297,0.013150400998617296,0.45015692488566256,0.012541564410979604,-5.721177560608958
1347,269.5797198132088,3.125,0.2,0.5,1.0,0.5243953600582236,0.013124199051602526,0.44997889508058375,0.012501545809579325,-5.721177560608958
1348,269.7798532354903,3.125,0.2,0.5,1.0,0.5246384413044877,0.01309811226568683,0.4498016658559588,0.012461780573856102,-5.721177560608958
1349,269.97998665777186,3.125,0.2,0.5,1.0,0.5248803595288513,0.01307214003728996,0.44962523373569335,0.012422266698155,-5.721177560608958
1350,270.18012008005337,3.125,0.2,0.5,1.0,0.5251211207900716,0.013046281765960531,0.44944959524979583,0.012383002194161715,-5.721177560608958
1351,270.3802535023349,3.125,0.2,0.5,1.0,0.5253607311202375,0.013020536854374435,0.44927474693467545,0.01234398509070243,-5.721177560608958
1352,270.5803869246164,3.125,0.2,0.5,1.0,0.5255991965246726,0.012994904708333341,0.44910068533344033,0.012305213433543762,-5.721177560608958
1353,270.7805203468979,3.125,0.2,0.5,1.0,0.5258365229818387,0.012969384736763135,0.4489274069961956,0.012266685285192666,-5.721177560608958
1354,270.98065376917947,3.125,0.2,0.5,1.0,0.52607271644324,0.012943976351712386,0.4487549084803415,0.01222839872469633,-5.721177560608958
1355,271.180787191461,3.125,0.2,0.5,1.0,0.5263077828333258,0.012918678968350823,0.44858318635087163,0.012190351847442132,-5.721177560608958
1356,271.3809206137425,3.125,0.2,0.5,1.0,0.5265417280493946,0.012893492004967758,0.44841223718067075,0.012152542764957487,-5.721177560608958
1357,271.581054036024,3.125,0.2,0.5,1.0,0.5267745579845884,0.012868414881195283,0.44824205751830404,0.01211496961590296,-5.721177560608958
1358,271.7811874583055,3.125,0.2,0.5,1.0,0.5270062787532275,0.012843447000675067,0.4480726435709408,0.01207763067514748,-5.721177560608958
1359,271.981320880587,3.125,0.2,0.5,1.0,0.527236895974735,0.012818587806102904,0.4479039922126481,0.012040524006505024,-5.721177560608958
1360,272.1814543028686,3.125,0.2,0.5,1.0,0.5274664154519864,0.012793836727066691,0.4477361000295341,0.012003647791404068,-5.721177560608958
1361,272.3815877251501,3.125,0.2,0.5,1.0,0.5276948429614589,0.012769193196171265,0.44756896361534954,0.011967000227011656,-5.721177560608958
1362,272.5817211474316,3.125,0.2,0.5,1.0,0.5279221842531793,0.01274465664903349,0.4474025795717245,0.011930579526054188,-5.721177560608958
1363,272.7818545697131,3.125,0.2,0.5,1.0,0.5281484450506698,0.012720226524277423,0.4472369445084061,0.01189438391663836,-5.721177560608958
1364,272.98198799199463,3.125,0.2,0.5,1.0,0.5283736310508951,0.012695902263529445,0.4470720550434953,0.01185841164207201,-5.721177560608958
1365,273.1821214142762,3.125,0.2,0.5,1.0,0.5285977479242092,0.012671683311413382,0.4469079078036844,0.011822660960684985,-5.721177560608958
1366,273.3822548365577,3.125,0.2,0.5,1.0,0.5288208013143021,0.012647569115545675,0.4467444994244943,0.011787130145650072,-5.721177560608958
1367,273.5823882588392,3.125,0.2,0.5,1.0,0.5290427968381468,0.012623559126530466,0.4465818265505113,0.011751817484803787,-5.721177560608958
1368,273.7825216811207,3.125,0.2,0.5,1.0,0.5292637400859456,0.012599652797954771,0.44641988583562486,0.011716721280467308,-5.721177560608958
1369,273.98265510340224,3.125,0.2,0.5,1.0,0.5294836366210773,0.0125758495863836,0.44625867394326435,0.011681839849267336,-5.721177560608958
1370,274.1827885256838,3.125,0.2,0.5,1.0,0.5297024919800442,0.012552148951355088,0.44609818754663655,0.011647171521956951,-5.721177560608958
1371,274.3829219479653,3.125,0.2,0.5,1.0,0.5299203118954319,0.01252855033687051,0.44593842300939573,0.01161271475829493,-5.721177560608958
1372,274.5830553702468,3.125,0.2,0.5,1.0,0.5301371017451885,0.012505053217082477,0.445779377174959,0.011578467862763201,-5.721177560608958
1373,274.78318879252834,3.125,0.2,0.5,1.0,0.5303528669626307,0.012481657062264381,0.44562104677915076,0.011544429195947468,-5.721177560608958
1374,274.98332221480985,3.125,0.2,0.5,1.0,0.5305676129902431,0.01245836134263472,0.4454634285165661,0.011510597150549516,-5.721177560608958
1375,275.18345563709136,3.125,0.2,0.5,1.0,0.5307813452444732,0.01243516553126902,0.44530651909117885,0.011476970133072553,-5.721177560608958
1376,275.3835890593729,3.125,0.2,0.5,1.0,0.5309940691157163,0.012412069104091837,0.4451503152165241,0.011443546563661528,-5.721177560608958
1377,275.58372248165443,3.125,0.2,0.5,1.0,0.5312057899682995,0.012389071539868785,0.44499481361588217,0.011410324875943505,-5.721177560608958
1378,275.78385590393594,3.125,0.2,0.5,1.0,0.5314165131404667,0.012366172320198503,0.44484001102246096,0.011377303516867937,-5.721177560608958
1379,275.98398932621745,3.125,0.2,0.5,1.0,0.5316262439443629,0.012343370929504686,0.44468590417957965,0.011344480946547043,-5.721177560608958
1380,276.18412274849896,3.125,0.2,0.5,1.0,0.5318349876660184,0.01232066685502809,0.44453248984085175,0.011311855638096115,-5.721177560608958
1381,276.38425617078053,3.125,0.2,0.5,1.0,0.532042749565334,0.01229805958681852,0.4443797647703681,0.011279426077473865,-5.721177560608958
1382,276.58438959306204,3.125,0.2,0.5,1.0,0.5322495348760645,0.012275548617726872,0.44422772574288044,0.011247190763322772,-5.721177560608958
1383,276.78452301534355,3.125,0.2,0.5,1.0,0.5324553488058043,0.0122531334433971,0.444076369543984,0.011215148206809378,-5.721177560608958
1384,276.98465643762506,3.125,0.2,0.5,1.0,0.5326601966907231,0.012230813552775947,0.4439256927359511,0.011183297020544814,-5.721177560608958
1385,277.1847898599066,3.125,0.2,0.5,1.0,0.5328640836919684,0.012208588446706683,0.4437756921176465,0.011151635743673553,-5.721177560608958
1386,277.38492328218814,3.125,0.2,0.5,1.0,0.5330670148602827,0.012186457633960769,0.44362636462683314,0.01112016287891853,-5.721177560608958
1387,277.58505670446965,3.125,0.2,0.5,1.0,0.533268995309438,0.012164420620601938,0.44347770707769085,0.011088876992264494,-5.721177560608958
1388,277.78519012675116,3.125,0.2,0.5,1.0,0.5334700301277557,0.012142476915398721,0.44332971629496554,0.011057776661875528,-5.721177560608958
1389,277.98532354903267,3.125,0.2,0.5,1.0,0.5336701243781156,0.012120626029814978,0.4431823891141156,0.011026860477949494,-5.721177560608958
1390,278.1854569713142,3.125,0.2,0.5,1.0,0.5338692830979648,0.012098867478000397,0.44303572238145816,0.010996127042572402,-5.721177560608958
1391,278.3855903935957,3.125,0.2,0.5,1.0,0.5340675112993271,0.012077200776781014,0.442889712954315,0.010965574969572825,-5.721177560608958
1392,278.58572381587726,3.125,0.2,0.5,1.0,0.534264813968811,0.012055625445649705,0.442744357701159,0.010935202884376289,-5.721177560608958
1393,278.78585723815877,3.125,0.2,0.5,1.0,0.5344611960676197,0.012034141006756724,0.4425996535017601,0.010905009423859692,-5.721177560608958
1394,278.9859906604403,3.125,0.2,0.5,1.0,0.534656662531559,0.012012746984900166,0.4424555972473316,0.010874993236205667,-5.721177560608958
1395,279.1861240827218,3.125,0.2,0.5,1.0,0.5348512182710469,0.011991442907516517,0.44231218584067605,0.010845152980757004,-5.721177560608958
1396,279.3862575050033,3.125,0.2,0.5,1.0,0.5350448681711225,0.011970228304671135,0.44216941619633193,0.010815487327871045,-5.721177560608958
1397,279.58639092728487,3.125,0.2,0.5,1.0,0.5352376170914547,0.011949102709048772,0.44202728524071927,0.010785994958774072,-5.721177560608958
1398,279.7865243495664,3.125,0.2,0.5,1.0,0.5354294698663509,0.011928065655944094,0.4418857899122863,0.010756674565415745,-5.721177560608958
1399,279.9866577718479,3.125,0.2,0.5,1.0,0.535620431482369,0.01190711668105424,0.44174492684752276,0.010727524989051083,-5.721177560608958
1400,280.1867911941294,3.125,0.2,0.5,1.0,0.5358105066531631,0.011886255325730953,0.44160469313310874,0.010698544887994495,-5.721177560608958
1401,280.3869246164109,3.125,0.2,0.5,1.0,0.5359997001023894,0.01186548113347009,0.44146508580568905,0.010669732958448919,-5.721177560608958
1402,280.5870580386925,3.125,0.2,0.5,1.0,0.5361880165726294,0.011844793649791812,0.4413261018362533,0.010641087941323051,-5.721177560608958
1403,280.787191460974,3.125,0.2,0.5,1.0,0.5363754607818345,0.011824192422770245,0.4411877382073358,0.010612608588057192,-5.721177560608958
1404,280.9873248832555,3.125,0.2,0.5,1.0,0.5365620374233562,0.01180367700302369,0.44104999191312394,0.010584293660494123,-5.721177560608958
1405,281.187458305537,3.125,0.2,0.5,1.0,0.5367477511659761,0.011783246943704887,0.44091285995956714,0.01055614193075008,-5.721177560608958
1406,281.3875917278185,3.125,0.2,0.5,1.0,0.5369326066539358,0.011762901800491268,0.44077633936448557,0.010528152181085677,-5.721177560608958
1407,281.5877251501,3.125,0.2,0.5,1.0,0.5371166085069676,0.011742641131575192,0.4406404271576788,0.01050032320377685,-5.721177560608958
1408,281.7878585723816,3.125,0.2,0.5,1.0,0.5372997613203241,0.01172246449765419,0.4405051203810346,0.010472653800985776,-5.721177560608958
1409,281.9879919946631,3.125,0.2,0.5,1.0,0.537482069664808,0.011702371461921237,0.44037041608863775,0.010445142784631841,-5.721177560608958
1410,282.1881254169446,3.125,0.2,0.5,1.0,0.5376635380868032,0.01168236159005496,0.4402363113468783,0.010417788976262535,-5.721177560608958
1411,282.3882588392261,3.125,0.2,0.5,1.0,0.5378441711083041,0.011662434450209909,0.4401028032345609,0.010390591206924408,-5.721177560608958
1412,282.58839226150764,3.125,0.2,0.5,1.0,0.5380239732269455,0.011642589613006793,0.43996988884301313,0.010363548317034007,-5.721177560608958
1413,282.7885256837892,3.125,0.2,0.5,1.0,0.5382029489160339,0.011622826651522734,0.4398375652761943,0.010336659156248802,-5.721177560608958
1414,282.9886591060707,3.125,0.2,0.5,1.0,0.5383811028648577,0.01160314513182684,0.43970582923499896,0.010309922768316337,-5.721177560608958
1415,283.1887925283522,3.125,0.2,0.5,1.0,0.5385584393379496,0.011583544638183604,0.43957467812621065,0.010283337897656198,-5.721177560608958
1416,283.38892595063373,3.125,0.2,0.5,1.0,0.5387349627361506,0.011564024750967412,0.4394441090917448,0.01025690342113741,-5.721177560608958
1417,283.58905937291524,3.125,0.2,0.5,1.0,0.5389106774462502,0.011544585052570375,0.4393141192690069,0.01023061823217291,-5.721177560608958
1418,283.7891927951968,3.125,0.2,0.5,1.0,0.5390855878316027,0.011525225127763,0.4391847058072914,0.010204481233343462,-5.721177560608958
1419,283.9893262174783,3.125,0.2,0.5,1.0,0.5392596982321796,0.011505944563683545,0.43905586586785145,0.010178491336286172,-5.721177560608958
1420,284.18945963975983,3.125,0.2,0.5,1.0,0.5394330129646231,0.011486742949827352,0.43892759662396746,0.01015264746158293,-5.721177560608958
1421,284.38959306204134,3.125,0.2,0.5,1.0,0.539605536322299,0.011467619878036205,0.43879989526101687,0.010126948538648928,-5.721177560608958
1422,284.58972648432285,3.125,0.2,0.5,1.0,0.5397772725753491,0.01144857494248768,0.43867275897654323,0.010101393505621139,-5.721177560608958
1423,284.7898599066044,3.125,0.2,0.5,1.0,0.5399482259707444,0.011429607739684487,0.4385461849803255,0.010075981309246794,-5.721177560608958
1424,284.98999332888593,3.125,0.2,0.5,1.0,0.5401184007323382,0.011410717868443847,0.4384201704944474,0.010050710904771906,-5.721177560608958
1425,285.19012675116744,3.125,0.2,0.5,1.0,0.5402878010609184,0.011391904929886797,0.4382947127533665,0.010025581255829698,-5.721177560608958
1426,285.39026017344895,3.125,0.2,0.5,1.0,0.5404564311342611,0.01137316852742757,0.4381698090039836,0.010000591334329137,-5.721177560608958
1427,285.59039359573046,3.125,0.2,0.5,1.0,0.5406242951071831,0.011354508266762939,0.4380454565057121,0.009975740120343397,-5.721177560608958
1428,285.79052701801197,3.125,0.2,0.5,1.0,0.5407913971466022,0.01133592375259251,0.43792165247619513,0.009951026624611599,-5.721177560608958
1429,285.99066044029354,3.125,0.2,0.5,1.0,0.5409577415968837,0.011317414573172781,0.4377983938347459,0.009926449995199097,-5.721177560608958
1430,286.19079386257505,3.125,0.2,0.5,1.0,0.5411233323583956,0.011298980358342745,0.43767567816733594,0.009902009115927288,-5.721177560608958
1431,286.39092728485656,3.125,0.2,0.5,1.0,0.5412881735062092,0.011280620721743082,0.43755350276616944,0.009877703005879958,-5.721177560608958
1432,286.59106070713807,3.125,0.2,0.5,1.0,0.5414522690935468,0.01126233527916477,0.4374318649349961,0.00985353069229394,-5.721177560608958
1433,286.7911941294196,3.125,0.2,0.5,1.0,0.5416156231518618,0.011244123648535952,0.43731076198913915,0.00982949121046479,-5.721177560608958
1434,286.99132755170115,3.125,0.2,0.5,1.0,0.5417782396909172,0.011225985449908783,0.4371901912555232,0.009805583603652461,-5.721177560608958
1435,287.19146097398266,3.125,0.2,0.5,1.0,0.5419401226988659,0.011207920305446324,0.4370701500727024,0.009781806922987007,-5.721177560608958
1436,287.39159439626417,3.125,0.2,0.5,1.0,0.5421012761423302,0.01118992783940937,0.436950635790888,0.009758160227374222,-5.721177560608958
1437,287.5917278185457,3.125,0.2,0.5,1.0,0.5422617039664803,0.011172007678143334,0.43683164577197664,0.00973464258340135,-5.721177560608958
1438,287.7918612408272,3.125,0.2,0.5,1.0,0.5424214100951157,0.01115415945006511,0.4367131773895782,0.009711253065242757,-5.721177560608958
1439,287.99199466310876,3.125,0.2,0.5,1.0,0.5425803984307427,0.011136382785649926,0.4365952280290435,0.0096879907545656,-5.721177560608958
1440,288.19212808539027,3.125,0.2,0.5,1.0,0.5427386728546552,0.011118677317418233,0.43647779508749274,0.009664854740435536,-5.721177560608958
1441,288.3922615076718,3.125,0.2,0.5,1.0,0.5428962372270139,0.011101042679922535,0.43636087597384304,0.009641844119222366,-5.721177560608958
1442,288.5923949299533,3.125,0.2,0.5,1.0,0.5430530953869254,0.011083478509734276,0.4362444681088364,0.009618957994505736,-5.721177560608958
1443,288.7925283522348,3.125,0.2,0.5,1.0,0.5432092511450437,0.011065984451628656,0.4361285688950085,0.009596195508320965,-5.721177560608958
1444,288.9926617745163,3.125,0.2,0.5,1.0,0.5433647082848955,0.011048560157538634,0.4360131757217256,0.009573555835842096,-5.721177560608958
1445,289.1927951967979,3.125,0.2,0.5,1.0,0.5435194705963384,0.011031205258879507,0.43589828609937165,0.009551038045412309,-5.721177560608958
1446,289.3929286190794,3.125,0.2,0.5,1.0,0.5436735418340083,0.011013919401038054,0.43578389749204416,0.009528641272911418,-5.721177560608958
1447,289.5930620413609,3.125,0.2,0.5,1.0,0.5438269257318087,0.010996702231417554,0.4356700073754984,0.009506364661277342,-5.721177560608958
1448,289.7931954636424,3.125,0.2,0.5,1.0,0.5439796260029877,0.01097955339942665,0.4355566132371659,0.009484207360421822,-5.721177560608958
1449,289.9933288859239,3.125,0.2,0.5,1.0,0.5441316463402149,0.01096247255646818,0.43544371257617276,0.009462168527146106,-5.721177560608958
1450,290.1934623082055,3.125,0.2,0.5,1.0,0.5442829904156593,0.010945459355928031,0.4353313029033581,0.009440247325056628,-5.721177560608958
1451,290.393595730487,3.125,0.2,0.5,1.0,0.5444336618810653,0.010928513453163992,0.4352193817412922,0.009418442924480729,-5.721177560608958
1452,290.5937291527685,3.125,0.2,0.5,1.0,0.5445836643678306,0.010911634505494563,0.4351079466242949,0.009396754502382303,-5.721177560608958
1453,290.79386257505,3.125,0.2,0.5,1.0,0.5447330014870831,0.010894822172187828,0.4349969950984541,0.009375181242277516,-5.721177560608958
1454,290.9939959973315,3.125,0.2,0.5,1.0,0.5448816768297581,0.010878076114450297,0.43488652472164385,0.009353722334150487,-5.721177560608958
1455,291.1941294196131,3.125,0.2,0.5,1.0,0.5450296939666753,0.010861395995415725,0.4347765330635429,0.009332376974368974,-5.721177560608958
1456,291.3942628418946,3.125,0.2,0.5,1.0,0.545177056448616,0.010844781480133998,0.4346670177056531,0.009311144365600087,-5.721177560608958
1457,291.5943962641761,3.125,0.2,0.5,1.0,0.5453237678064002,0.01082823223555993,0.43455797624131737,0.009290023716725937,-5.721177560608958
1458,291.7945296864576,3.125,0.2,0.5,1.0,0.5454698315464368,0.01081174793731698,0.43444940622640854,0.00926901428984137,-5.721177560608958
1459,291.99466310873913,3.125,0.2,0.5,1.0,0.5456152511576295,0.010795328259466396,0.43434130525376047,0.00924811532914753,-5.721177560608958
1460,292.19479653102064,3.125,0.2,0.5,1.0,0.5457600301151426,0.010778972868975908,0.4342336709933805,0.009227326022505138,-5.721177560608958
1461,292.3949299533022,3.125,0.2,0.5,1.0,0.5459041718703216,0.01076268144090804,0.43412650108179546,0.00920664560697937,-5.721177560608958
1462,292.5950633755837,3.125,0.2,0.5,1.0,0.5460476798549074,0.010746453652217734,0.4340197931671502,0.00918607332572937,-5.721177560608958
1463,292.79519679786523,3.125,0.2,0.5,1.0,0.5461905574811128,0.010730289181742505,0.4339135449092165,0.009165608427933238,-5.721177560608958
1464,292.99533022014674,3.125,0.2,0.5,1.0,0.5463328081416982,0.010714187710192656,0.4338077539794014,0.009145250168713108,-5.721177560608958
1465,293.19546364242825,3.125,0.2,0.5,1.0,0.5464744352100483,0.010698148920141462,0.43370241806075577,0.00912499780906018,-5.721177560608958
1466,293.3955970647098,3.125,0.2,0.5,1.0,0.5466154420402481,0.010682172496015349,0.43359753484798275,0.009104850615759743,-5.721177560608958
1467,293.59573048699133,3.125,0.2,0.5,1.0,0.5467558319671593,0.010666258124084104,0.4334931020474467,0.009084807861316256,-5.721177560608958
1468,293.79586390927284,3.125,0.2,0.5,1.0,0.5468956083064961,0.010650405492451036,0.4333891173771812,0.009064868823878346,-5.721177560608958
1469,293.99599733155435,3.125,0.2,0.5,1.0,0.5470347743549018,0.010634614291043188,0.43328557856689814,0.009045032787163867,-5.721177560608958
1470,294.19613075383586,3.125,0.2,0.5,1.0,0.5471733333900252,0.010618884211601511,0.43318248335799564,0.009025299040384937,-5.721177560608958
1471,294.3962641761174,3.125,0.2,0.5,1.0,0.5473112886705964,0.01060321494767106,0.4330798295035672,0.00900566687817298,-5.721177560608958
1472,294.59639759839894,3.125,0.2,0.5,1.0,0.547448643436503,0.010587606194591192,0.43297761476840996,0.008986135600503776,-5.721177560608958
1473,294.79653102068045,3.125,0.2,0.5,1.0,0.5475854010343177,0.01057205763793106,0.4328758366870496,0.00896670464070983,-5.721177560608958
1474,294.99666444296196,3.125,0.2,0.5,1.0,0.5477215646392674,0.010556568979094915,0.4327744931001927,0.008947373281453707,-5.721177560608958
1475,295.19679786524347,3.125,0.2,0.5,1.0,0.547857137382793,0.010541139923570284,0.43267358190882893,0.00892814078481693,-5.721177560608958
1476,295.396931287525,3.125,0.2,0.5,1.0,0.5479921224349776,0.01052577017333328,0.4325731009153927,0.008909006476306068,-5.721177560608958
1477,295.59706470980655,3.125,0.2,0.5,1.0,0.5481265229477147,0.010510459432080212,0.43247304793354047,0.008889969686674722,-5.721177560608958
1478,295.79719813208806,3.125,0.2,0.5,1.0,0.5482603420547912,0.010495207405217184,0.43237342078814683,0.008871029751855391,-5.721177560608958
1479,295.99733155436957,3.125,0.2,0.5,1.0,0.5483935828719705,0.01048001379984964,0.43227421731529975,0.008852186012891287,-5.721177560608958
1480,296.1974649766511,3.125,0.2,0.5,1.0,0.5485262484970751,0.010464878324771961,0.43217543536229647,0.0088334378158682,-5.721177560608958
1481,296.3975983989326,3.125,0.2,0.5,1.0,0.5486583420100697,0.01044980069045703,0.4320770727876391,0.008814784511846342,-5.721177560608958
1482,296.59773182121415,3.125,0.2,0.5,1.0,0.5487898664731443,0.010434780609045811,0.4319791274610304,0.00879622545679218,-5.721177560608958
1483,296.79786524349566,3.125,0.2,0.5,1.0,0.5489208249307966,0.01041981779433693,0.4318815972633695,0.008777760011510307,-5.721177560608958
1484,296.9979986657772,3.125,0.2,0.5,1.0,0.5490512204099149,0.010404911961776231,0.4317844800867474,0.008759387541575256,-5.721177560608958
1485,297.1981320880587,3.125,0.2,0.5,1.0,0.5491810559198618,0.01039006282844637,0.4316877738344429,0.008741107417263359,-5.721177560608958
1486,297.3982655103402,3.125,0.2,0.5,1.0,0.549310334452556,0.010375270113056388,0.43159147642091805,0.008722919013484596,-5.721177560608958
1487,297.59839893262176,3.125,0.2,0.5,1.0,0.5494390589825559,0.010360533535931266,0.43149558577181407,0.008704821709714431,-5.721177560608958
1488,297.7985323549033,3.125,0.2,0.5,1.0,0.549567232467142,0.01034585281900154,0.43140009982394695,0.008686814889925678,-5.721177560608958
1489,297.9986657771848,3.125,0.2,0.5,1.0,0.5496948578464006,0.01033122768579283,0.431305016525303,0.00866889794252031,-5.721177560608958
1490,298.1987991994663,3.125,0.2,0.5,1.0,0.5498219380433057,0.010316657861415448,0.43121033383503476,0.008651070260261337,-5.721177560608958
1491,298.3989326217478,3.125,0.2,0.5,1.0,0.5499484759638027,0.010302143072553957,0.4311160497234566,0.008633331240204633,-5.721177560608958
1492,298.5990660440293,3.125,0.2,0.5,1.0,0.5500744745660526,0.010287683049744404,0.43102216192279436,0.00861568046142706,-5.721177560608958
1493,298.7991994663109,3.125,0.2,0.5,1.0,0.5501999367181933,0.01027327752265634,0.4309286684400821,0.008598117319087327,-5.721177560608958
1494,298.9993328885924,3.125,0.2,0.5,1.0,0.5503248652381082,0.010258926221395098,0.43083556741413614,0.008580641126380354,-5.721177560608958
1495,299.1994663108739,3.125,0.2,0.5,1.0,0.5504492629673622,0.010244628878934159,0.4307428568493997,0.008563251304324367,-5.721177560608958
1496,299.3995997331554,3.125,0.2,0.5,1.0,0.5505731327310709,0.010230385229774592,0.43065053476086235,0.008545947278313355,-5.721177560608958
1497,299.5997331554369,3.125,0.2,0.5,1.0,0.5506964773379867,0.010216195009934755,0.43055859917404116,0.008528728478059331,-5.721177560608958
1498,299.7998665777185,3.125,0.2,0.5,1.0,0.5508192995805864,0.010202057956940005,0.4304670481249616,0.008511594337534567,-5.721177560608958
1499,300.0,3.125,0.2,0.5,1.0,0.550941602235158,0.010187973809812421,0.43037587966013907,0.008494544294913866,-5.721177560608958
