,time,beta,sigma_D,sigma_C,S,I,C,D
0,0.0,0.5,0.9166666666666666,0.5833333333333333,0.9998,0.0002,0.5,0.5
1,0.200133422281521,0.5,0.9166666666666666,0.5833333333333333,0.9997933699257744,0.00020663007422556427,0.48334368490419155,0.5166563150958082
2,0.400266844563042,0.5,0.9166666666666666,0.5833333333333333,0.9997863037910827,0.00021369620891695785,0.4667247598649869,0.5332752401350129
3,0.600400266844563,0.5,0.9166666666666666,0.5833333333333333,0.9997787660531208,0.00022123394687889665,0.4501798963485911,0.5498201036514088
4,0.800533689126084,0.5,0.9166666666666666,0.5833333333333333,0.99977072150496,0.00022927849503969744,0.43374507124705436,0.5662549287529455
5,1.0006671114076051,0.5,0.9166666666666666,0.5833333333333333,0.9997621323085161,0.00023786769148359324,0.41745529535108544,0.5825447046489144
6,1.200800533689126,0.5,0.9166666666666666,0.5833333333333333,0.9997529578464062,0.0002470421535934738,0.40134432980172763,0.598655670198272
7,1.400933955970647,0.5,0.9166666666666666,0.5833333333333333,0.9997431544917557,0.00025684550824401367,0.3854444118142712,0.6145555881857285
8,1.601067378252168,0.5,0.9166666666666666,0.5833333333333333,0.9997326754036885,0.0002673245963111855,0.3697860227356213,0.6302139772643784
9,1.801200800533689,0.5,0.9166666666666666,0.5833333333333333,0.9997214702913453,0.00027852970865429347,0.35439767907596254,0.6456023209240374
10,2.0013342228152102,0.5,0.9166666666666666,0.5833333333333333,0.9997094851236314,0.0002905148763681538,0.33930570200943955,0.6606942979905603
11,2.201467645096731,0.5,0.9166666666666666,0.5833333333333333,0.9996966619177382,0.0003033380822615226,0.32453416022686293,0.6754658397731369
12,2.401601067378252,0.5,0.9166666666666666,0.5833333333333333,0.9996829384106939,0.00031706158930569354,0.3101047110524974,0.6898952889475026
13,2.601734489659773,0.5,0.9166666666666666,0.5833333333333333,0.999668247754422,0.000331752245577677,0.2960365368982456,0.7039634631017544
14,2.801867911941294,0.5,0.9166666666666666,0.5833333333333333,0.9996525181796393,0.0003474818203603963,0.28234630676379174,0.7176536932362082
15,3.002001334222815,0.5,0.9166666666666666,0.5833333333333333,0.99963567263087,0.0003643273691296295,0.269048178837177,0.730951821162823
16,3.202134756504336,0.5,0.9166666666666666,0.5833333333333333,0.9996176283734646,0.0003823716265351755,0.25615382904717793,0.7438461709528221
17,3.402268178785857,0.5,0.9166666666666666,0.5833333333333333,0.9995982966157893,0.00040170338421040383,0.24367246372598306,0.7563275362740169
18,3.602401601067378,0.5,0.9166666666666666,0.5833333333333333,0.9995775820076842,0.000422417992315447,0.23161095091208286,0.7683890490879172
19,3.802535023348899,0.5,0.9166666666666666,0.5833333333333333,0.9995553821679042,0.00044461783209535807,0.21997394349177826,0.7800260565082217
20,4.0026684456304205,0.5,0.9166666666666666,0.5833333333333333,0.9995315871963872,0.0004684128036122866,0.20876392411106653,0.7912360758889334
21,4.202801867911941,0.5,0.9166666666666666,0.5833333333333333,0.9995060791182043,0.0004939208817952756,0.19798134380145266,0.8020186561985474
22,4.402935290193462,0.5,0.9166666666666666,0.5833333333333333,0.9994787312640643,0.0005212687359352356,0.18762482662307312,0.8123751733769269
23,4.603068712474983,0.5,0.9166666666666666,0.5833333333333333,0.99944940764806,0.0005505923519394854,0.17769128398375766,0.8223087160162423
24,4.803202134756504,0.5,0.9166666666666666,0.5833333333333333,0.9994179622860218,0.000582037713977774,0.16817606087033268,0.8318239391296672
25,5.003335557038025,0.5,0.9166666666666666,0.5833333333333333,0.9993842384535362,0.0006157615464632595,0.15907311053408812,0.8409268894659119
26,5.203468979319546,0.5,0.9166666666666666,0.5833333333333333,0.9993480679035768,0.000651932096422657,0.15037514840244298,0.849624851597557
27,5.403602401601067,0.5,0.9166666666666666,0.5833333333333333,0.9993092700190531,0.0006907299809462857,0.14207380264141148,0.8579261973585884
28,5.603735823882588,0.5,0.9166666666666666,0.5833333333333333,0.9992676509079252,0.0007323490920742189,0.1341597657680408,0.8658402342319591
29,5.803869246164109,0.5,0.9166666666666666,0.5833333333333333,0.9992230024337635,0.0007769975662360247,0.12662293784828926,0.8733770621517106
30,6.00400266844563,0.5,0.9166666666666666,0.5833333333333333,0.9991751011701877,0.0008248988298118891,0.11945256157097255,0.8805474384290275
31,6.204136090727151,0.5,0.9166666666666666,0.5833333333333333,0.9991237072843423,0.0008762927156572909,0.11263735032779025,0.8873626496722098
32,6.404269513008672,0.5,0.9166666666666666,0.5833333333333333,0.999068563348093,0.0009314366519064801,0.10616560822931842,0.8938343917706816
33,6.604402935290193,0.5,0.9166666666666666,0.5833333333333333,0.999009393058366,0.000990606941633512,0.10002534068791913,0.8999746593120809
34,6.804536357571714,0.5,0.9166666666666666,0.5833333333333333,0.9989458998372344,0.0010541001627652037,0.09420434788616197,0.9057956521138381
35,7.004669779853235,0.5,0.9166666666666666,0.5833333333333333,0.9988777654041214,0.001122234595878143,0.08869032285686725,0.9113096771431328
36,7.204803202134756,0.5,0.9166666666666666,0.5833333333333333,0.998804648145538,0.001195351854461479,0.0834709278229929,0.9165290721770072
37,7.404936624416277,0.5,0.9166666666666666,0.5833333333333333,0.9987261814900203,0.001273818509979249,0.07853386879800398,0.921466131201996
38,7.605070046697798,0.5,0.9166666666666666,0.5833333333333333,0.9986419720342802,0.0013580279657194206,0.07386695838793696,0.9261330416120631
39,7.805203468979319,0.5,0.9166666666666666,0.5833333333333333,0.9985515976793358,0.001448402320663826,0.06945816970261168,0.9305418302973884
40,8.005336891260841,0.5,0.9166666666666666,0.5833333333333333,0.9984546054929887,0.0015453945070109216,0.0652956862876827,0.9347043137123173
41,8.205470313542362,0.5,0.9166666666666666,0.5833333333333333,0.9983505095598414,0.001649490440158223,0.061367939071000466,0.9386320609289995
42,8.405603735823883,0.5,0.9166666666666666,0.5833333333333333,0.9982387885611551,0.0017612114388444794,0.05766364308174121,0.9423363569182588
43,8.605737158105404,0.5,0.9166666666666666,0.5833333333333333,0.998118883286072,0.0018811167139275368,0.05417182234792193,0.945828177652078
44,8.805870580386925,0.5,0.9166666666666666,0.5833333333333333,0.9979901939028244,0.002009806097175237,0.05088183320340936,0.9491181667965906
45,9.006004002668446,0.5,0.9166666666666666,0.5833333333333333,0.9978520770767918,0.0021479229232077447,0.047783380910329826,0.9522166190896701
46,9.206137424949967,0.5,0.9166666666666666,0.5833333333333333,0.9977038428904691,0.0022961571095304915,0.044866531566243664,0.9551334684337563
47,9.406270847231488,0.5,0.9166666666666666,0.5833333333333333,0.9975447515173925,0.002455248482607001,0.042121722530449185,0.9578782774695508
48,9.606404269513009,0.5,0.9166666666666666,0.5833333333333333,0.9973740098598738,0.0026259901401257725,0.039539759948932135,0.9604602400510679
49,9.80653769179453,0.5,0.9166666666666666,0.5833333333333333,0.9971907676304008,0.0028092323695986937,0.037111828793796674,0.9628881712062033
50,10.00667111407605,0.5,0.9166666666666666,0.5833333333333333,0.9969941133737188,0.0030058866262807345,0.0348294925052844,0.9651705074947156
51,10.206804536357572,0.5,0.9166666666666666,0.5833333333333333,0.996783070272998,0.003216929727001562,0.03268468879893561,0.9673153112010644
52,10.406937958639093,0.5,0.9166666666666666,0.5833333333333333,0.9965565916750655,0.0034434083249340348,0.030669716899923472,0.9693302831000765
53,10.607071380920614,0.5,0.9166666666666666,0.5833333333333333,0.9963135562114077,0.0036864437885917502,0.028777238444933045,0.9712227615550669
54,10.807204803202135,0.5,0.9166666666666666,0.5833333333333333,0.9960527626751305,0.003947237324868964,0.02700027112030721,0.9729997288796929
55,11.007338225483656,0.5,0.9166666666666666,0.5833333333333333,0.9957729246951855,0.0042270753048139625,0.025332170648973945,0.9746678293510261
56,11.207471647765177,0.5,0.9166666666666666,0.5833333333333333,0.9954726649110219,0.0045273350889775705,0.02376662886327995,0.9762333711367202
57,11.407605070046698,0.5,0.9166666666666666,0.5833333333333333,0.9951505088881365,0.004849491111863075,0.0222976614570258,0.9777023385429742
58,11.607738492328219,0.5,0.9166666666666666,0.5833333333333333,0.9948048786606823,0.005195121339317188,0.02091959385287524,0.9790804061471248
59,11.80787191460974,0.5,0.9166666666666666,0.5833333333333333,0.9944340859123951,0.005565914087604433,0.019627054035141107,0.9803729459648589
60,12.00800533689126,0.5,0.9166666666666666,0.5833333333333333,0.994036324789834,0.005963675210165658,0.018414958222210752,0.9815850417777893
61,12.208138759172781,0.5,0.9166666666666666,0.5833333333333333,0.9936096643181441,0.006390335681855457,0.017278498061627498,0.9827215019383725
62,12.408272181454302,0.5,0.9166666666666666,0.5833333333333333,0.993152040379471,0.006847959620528494,0.0162131312304537,0.9837868687695462
63,12.608405603735823,0.5,0.9166666666666666,0.5833333333333333,0.9926612473705655,0.007338752629433994,0.015214568277151107,0.9847854317228489
64,12.808539026017344,0.5,0.9166666666666666,0.5833333333333333,0.9921349293728806,0.007865070627118952,0.014278761535884369,0.9857212384641156
65,13.008672448298865,0.5,0.9166666666666666,0.5833333333333333,0.9915705709016291,0.008429429098370462,0.01340189441065642,0.9865981055893436
66,13.208805870580386,0.5,0.9166666666666666,0.5833333333333333,0.9909654874257361,0.009034512574263463,0.012580368456033324,0.9874196315439667
67,13.408939292861907,0.5,0.9166666666666666,0.5833333333333333,0.9903168152301255,0.009683184769874119,0.01181079390060225,0.9881892060993978
68,13.609072715143428,0.5,0.9166666666666666,0.5833333333333333,0.9896215010318218,0.010378498968177795,0.011089979181594116,0.988910020818406
69,13.80920613742495,0.5,0.9166666666666666,0.5833333333333333,0.9888762915169124,0.011123708483087143,0.010414919406486043,0.989585080593514
70,14.00933955970647,0.5,0.9166666666666666,0.5833333333333333,0.9880777218244023,0.011922278175597179,0.009782788215347537,0.9902172117846525
71,14.209472981987991,0.5,0.9166666666666666,0.5833333333333333,0.9872221041587216,0.012777895841277961,0.009190928252482241,0.9908090717475178
72,14.409606404269512,0.5,0.9166666666666666,0.5833333333333333,0.9863055170580081,0.013694482941991448,0.008636840131857004,0.991363159868143
73,14.609739826551033,0.5,0.9166666666666666,0.5833333333333333,0.9853237927507181,0.014676207249281394,0.008118175418171608,0.9918818245818284
74,14.809873248832554,0.5,0.9166666666666666,0.5833333333333333,0.9842725050270524,0.01572749497294717,0.007632728506045058,0.992367271493955
75,15.010006671114075,0.5,0.9166666666666666,0.5833333333333333,0.9831469586170818,0.01685304138291774,0.0071784275795488415,0.9928215724204511
76,15.210140093395596,0.5,0.9166666666666666,0.5833333333333333,0.9819421766361294,0.018057823363870205,0.006753327563754609,0.9932466724362454
77,15.410273515677117,0.5,0.9166666666666666,0.5833333333333333,0.9806528881618354,0.019347111838164184,0.006355603413370076,0.9936443965866298
78,15.610406937958638,0.5,0.9166666666666666,0.5833333333333333,0.9792735186062103,0.020726481393789298,0.005983542636681807,0.9940164573633181
79,15.810540360240159,0.5,0.9166666666666666,0.5833333333333333,0.9777981791342111,0.022201820865788445,0.005635538749377539,0.9943644612506224
80,16.010673782521682,0.5,0.9166666666666666,0.5833333333333333,0.9762206547475996,0.023779345252399994,0.005310085710311339,0.9946899142896886
81,16.210807204803203,0.5,0.9166666666666666,0.5833333333333333,0.9745343968947053,0.02546560310529435,0.005005771772960583,0.9949942282270393
82,16.410940627084724,0.5,0.9166666666666666,0.5833333333333333,0.9727325178513502,0.027267482148649495,0.004721273681655641,0.9952787263183442
83,16.611074049366245,0.5,0.9166666666666666,0.5833333333333333,0.9708077807017658,0.029192219298233818,0.0044553519366277265,0.9955446480633722
84,16.811207471647766,0.5,0.9166666666666666,0.5833333333333333,0.9687525964351763,0.031247403564823275,0.004206845741429445,0.9957931542585705
85,17.011340893929287,0.5,0.9166666666666666,0.5833333333333333,0.9665590262469567,0.03344097375304294,0.0039746682599300425,0.9960253317400699
86,17.211474316210808,0.5,0.9166666666666666,0.5833333333333333,0.9642187769197037,0.0357812230802959,0.0037578024191839447,0.996242197580816
87,17.41160773849233,0.5,0.9166666666666666,0.5833333333333333,0.9617232052293774,0.038276794770622104,0.0035552967985138465,0.996444703201486
88,17.61174116077385,0.5,0.9166666666666666,0.5833333333333333,0.9590633315221708,0.04093666847782862,0.0033662616390139123,0.996633738360986
89,17.81187458305537,0.5,0.9166666666666666,0.5833333333333333,0.9562298460275711,0.043770153972428366,0.0031898653353342977,0.9968101346646656
90,18.01200800533689,0.5,0.9166666666666666,0.5833333333333333,0.9532131243002363,0.046786875699763184,0.0030253310436261036,0.9969746689563739
91,18.212141427618413,0.5,0.9166666666666666,0.5833333333333333,0.9500032555630286,0.049996744436970914,0.0028719335296666856,0.9971280664703333
92,18.412274849899934,0.5,0.9166666666666666,0.5833333333333333,0.9465900673132902,0.05340993268670931,0.0027289961923764303,0.9972710038076236
93,18.612408272181455,0.5,0.9166666666666666,0.5833333333333333,0.9429631566862108,0.05703684331378867,0.002595888284580645,0.9974041117154193
94,18.812541694462976,0.5,0.9166666666666666,0.5833333333333333,0.9391119370469854,0.060888062953014147,0.002472022387219489,0.9975279776127804
95,19.012675116744497,0.5,0.9166666666666666,0.5833333333333333,0.9350256886360905,0.06497431136390898,0.002356852032907482,0.9976431479670925
96,19.212808539026017,0.5,0.9166666666666666,0.5833333333333333,0.9306936127721028,0.06930638722789664,0.0022498694525572164,0.9977501305474428
97,19.41294196130754,0.5,0.9166666666666666,0.5833333333333333,0.9261049015347758,0.07389509846522366,0.002150603583984371,0.9978493964160157
98,19.61307538358906,0.5,0.9166666666666666,0.5833333333333333,0.9212488154228909,0.07875118457710852,0.002058618215776545,0.9979413817842235
99,19.81320880587058,0.5,0.9166666666666666,0.5833333333333333,0.9161147697448472,0.08388523025515222,0.001973510219124372,0.9980264897808757
100,20.0133422281521,0.5,0.9166666666666666,0.5833333333333333,0.9106924311432072,0.08930756885679231,0.0018949080648261068,0.9981050919351739
101,20.213475650433622,0.5,0.9166666666666666,0.5833333333333333,0.9049718244323186,0.09502817556768094,0.0018224704874997256,0.9981775295125004
102,20.413609072715143,0.5,0.9166666666666666,0.5833333333333333,0.8989434553105149,0.10105654468948458,0.00175588514146508,0.9982441148585349
103,20.613742494996664,0.5,0.9166666666666666,0.5833333333333333,0.8925984330168751,0.10740156698312443,0.0016948675900829225,0.9983051324099171
104,20.813875917278185,0.5,0.9166666666666666,0.5833333333333333,0.8859285998474835,0.11407140015251606,0.0016391604447934301,0.9983608395552066
105,21.014009339559706,0.5,0.9166666666666666,0.5833333333333333,0.8789266929993295,0.12107330700067008,0.0015885324859043193,0.9984114675140957
106,21.214142761841227,0.5,0.9166666666666666,0.5833333333333333,0.8715864868867901,0.1284135131132096,0.0015427781274640936,0.9984572218725359
107,21.41427618412275,0.5,0.9166666666666666,0.5833333333333333,0.8639029312693772,0.13609706873062238,0.001501717096230554,0.9984982829037695
108,21.61440960640427,0.5,0.9166666666666666,0.5833333333333333,0.855872342492554,0.1441276575074456,0.001465194012792409,0.9985348059872076
109,21.81454302868579,0.5,0.9166666666666666,0.5833333333333333,0.8474925302391542,0.15250746976084537,0.0014330784836407882,0.9985669215163592
110,22.01467645096731,0.5,0.9166666666666666,0.5833333333333333,0.8387629732203522,0.16123702677964732,0.0014052651526762845,0.9985947348473236
111,22.214809873248832,0.5,0.9166666666666666,0.5833333333333333,0.82968498759403,0.17031501240596963,0.0013816739718788792,0.9986183260281211
112,22.414943295530353,0.5,0.9166666666666666,0.5833333333333333,0.8202618080876076,0.17973819191239193,0.0013622510493212193,0.9986377489506788
113,22.615076717811874,0.5,0.9166666666666666,0.5833333333333333,0.8104987493975563,0.18950125060244327,0.0013469693308599685,0.99865303066914
114,22.815210140093395,0.5,0.9166666666666666,0.5833333333333333,0.8004033197711208,0.19959668022887875,0.0013358297029551415,0.9986641702970449
115,23.015343562374916,0.5,0.9166666666666666,0.5833333333333333,0.7899853157894275,0.21001468421057198,0.0013288623642914133,0.9986711376357086
116,23.215476984656437,0.5,0.9166666666666666,0.5833333333333333,0.7792568445945708,0.22074315540542877,0.0013261287999056244,0.9986738712000944
117,23.415610406937958,0.5,0.9166666666666666,0.5833333333333333,0.7682323905114838,0.23176760948851569,0.001327723720745783,0.9986722762792543
118,23.61574382921948,0.5,0.9166666666666666,0.5833333333333333,0.7569287902090134,0.2430712097909861,0.001333777858481909,0.9986662221415181
119,23.815877251501,0.5,0.9166666666666666,0.5833333333333333,0.745365217206118,0.2546347827938815,0.0013444608114341876,0.998655539188566
120,24.01601067378252,0.5,0.9166666666666666,0.5833333333333333,0.7335630858698735,0.26643691413012605,0.0013599849529507052,0.9986400150470495
121,24.216144096064042,0.5,0.9166666666666666,0.5833333333333333,0.7215459587864833,0.27845404121351625,0.0013806093625770702,0.998619390637423
122,24.416277518345563,0.5,0.9166666666666666,0.5833333333333333,0.7093393804433998,0.2906606195565996,0.0014066451937070222,0.9985933548062931
123,24.616410940627084,0.5,0.9166666666666666,0.5833333333333333,0.6969707002438854,0.30302929975611403,0.001438461013765848,0.9985615389862343
124,24.816544362908605,0.5,0.9166666666666666,0.5833333333333333,0.684468846164977,0.3155311538350225,0.0014764900445336448,0.9985235099554666
125,25.016677785190126,0.5,0.9166666666666666,0.5833333333333333,0.6718640707792776,0.32813592922072204,0.0015212374664978574,0.9984787625335023
126,25.216811207471647,0.5,0.9166666666666666,0.5833333333333333,0.6591876838539813,0.3408123161460183,0.0015732902820080501,0.9984267097179921
127,25.416944629753168,0.5,0.9166666666666666,0.5833333333333333,0.6464717085887386,0.353528291411261,0.0016333257299008216,0.9983666742700994
128,25.61707805203469,0.5,0.9166666666666666,0.5833333333333333,0.6337485951707162,0.3662514048292834,0.0017021247049905418,0.9982978752950097
129,25.81721147431621,0.5,0.9166666666666666,0.5833333333333333,0.6210509260705787,0.37894907392942095,0.001780587108629498,0.9982194128913707
130,26.01734489659773,0.5,0.9166666666666666,0.5833333333333333,0.6084110455783955,0.3915889544216041,0.0018697458928390578,0.9981302541071612
131,26.21747831887925,0.5,0.9166666666666666,0.5833333333333333,0.5958607268002398,0.40413927319975973,0.0019707848451421227,0.9980292151548582
132,26.417611741160773,0.5,0.9166666666666666,0.5833333333333333,0.5834308852891772,0.4165691147108224,0.002085060991964662,0.9979149390080356
133,26.617745163442294,0.5,0.9166666666666666,0.5833333333333333,0.57115129602935,0.42884870397064956,0.0022141290567621224,0.9977858709432381
134,26.817878585723815,0.5,0.9166666666666666,0.5833333333333333,0.559050310051383,0.4409496899486166,0.002359769084449652,0.9976402309155507
135,27.018012008005336,0.5,0.9166666666666666,0.5833333333333333,0.5471546217014305,0.4528453782985691,0.002524018484833361,0.9974759815151669
136,27.218145430286857,0.5,0.9166666666666666,0.5833333333333333,0.5354890680968976,0.46451093190310205,0.0027092096241374177,0.9972907903758628
137,27.418278852568378,0.5,0.9166666666666666,0.5833333333333333,0.5240764630911264,0.47592353690887323,0.002918011616220608,0.9970819883837796
138,27.6184122748499,0.5,0.9166666666666666,0.5833333333333333,0.5129374683882475,0.4870625316117521,0.0031534802242070906,0.9968465197757932
139,27.81854569713142,0.5,0.9166666666666666,0.5833333333333333,0.5020905062567933,0.49790949374320626,0.0034191126450858894,0.9965808873549145
140,28.01867911941294,0.5,0.9166666666666666,0.5833333333333333,0.49155170773630824,0.5084482922636913,0.00371891345179065,0.9962810865482097
141,28.21881254169446,0.5,0.9166666666666666,0.5833333333333333,0.4813349030811039,0.5186650969188958,0.004057466218291232,0.995942533781709
142,28.418945963975982,0.5,0.9166666666666666,0.5833333333333333,0.4714516390389761,0.5285483609610236,0.004440021593189319,0.995559978406811
143,28.619079386257503,0.5,0.9166666666666666,0.5833333333333333,0.46191124269882733,0.5380887573011723,0.004872586963652585,0.9951274130363477
144,28.819212808539024,0.5,0.9166666666666666,0.5833333333333333,0.45272089701311546,0.5472791029868841,0.005362041791462207,0.9946379582085381
145,29.019346230820545,0.5,0.9166666666666666,0.5833333333333333,0.4438857522558005,0.556114247744199,0.005916264479116718,0.9940837355208836
146,29.219479653102066,0.5,0.9166666666666666,0.5833333333333333,0.4354090697751447,0.5645909302248548,0.006544265769067155,0.9934557342309331
147,29.419613075383587,0.5,0.9166666666666666,0.5833333333333333,0.42729234039202824,0.5727076596079713,0.007256366376283223,0.9927436336237171
148,29.61974649766511,0.5,0.9166666666666666,0.5833333333333333,0.4195354917277434,0.5804645082722562,0.008064358307980132,0.9919356416920203
149,29.81987991994663,0.5,0.9166666666666666,0.5833333333333333,0.4121370114681851,0.5878629885318144,0.00898173599059341,0.9910182640094071
150,30.02001334222815,0.5,0.9166666666666666,0.5833333333333333,0.4050941754852844,0.5949058245147151,0.01002390316794512,0.9899760968320553
151,30.22014676450967,0.5,0.9166666666666666,0.5833333333333333,0.3984031956170432,0.6015968043829564,0.011208453394625137,0.9887915466053754
152,30.420280186791192,0.5,0.9166666666666666,0.5833333333333333,0.3920594291144332,0.6079405708855663,0.012555444267612473,0.9874445557323881
153,30.620413609072713,0.5,0.9166666666666666,0.5833333333333333,0.3860575587913586,0.6139424412086408,0.014087719783284993,0.9859122802167156
154,30.820547031354234,0.5,0.9166666666666666,0.5833333333333333,0.38039176891644993,0.6196082310835496,0.015831264777340856,0.9841687352226598
155,31.020680453635755,0.5,0.9166666666666666,0.5833333333333333,0.37505594591993113,0.6249440540800683,0.01781556990849288,0.9821844300915078
156,31.220813875917276,0.5,0.9166666666666666,0.5833333333333333,0.3700438287592856,0.6299561712407138,0.020074050331828863,0.9799259496681718
157,31.420947298198797,0.5,0.9166666666666666,0.5833333333333333,0.36534920576970503,0.6346507942302946,0.022644467696182898,0.977355532303818
158,31.621080720480318,0.5,0.9166666666666666,0.5833333333333333,0.3609660568784322,0.6390339431215674,0.0255693546743982,0.9744306453256028
159,31.82121414276184,0.5,0.9166666666666666,0.5833333333333333,0.3568887269893095,0.6431112730106899,0.028896502226042238,0.9711034977739587
160,32.021347565043364,0.5,0.9166666666666666,0.5833333333333333,0.3531120659718473,0.6468879340281521,0.03267933410671026,0.9673206658932907
161,32.22148098732488,0.5,0.9166666666666666,0.5833333333333333,0.3496315661787507,0.6503684338212488,0.03697729994274927,0.9630227000572518
162,32.421614409606406,0.5,0.9166666666666666,0.5833333333333333,0.34644349843903777,0.6535565015609616,0.041856205142161394,0.9581437948578397
163,32.62174783188792,0.5,0.9166666666666666,0.5833333333333333,0.3435450266058989,0.6564549733941005,0.04738844240845483,0.9526115575915464
164,32.82188125416945,0.5,0.9166666666666666,0.5833333333333333,0.3409343000293717,0.6590656999706277,0.05365293959104023,0.946347060408961
165,33.022014676450965,0.5,0.9166666666666666,0.5833333333333333,0.3386105402022813,0.661389459797718,0.06073504093253715,0.9392649590674642
166,33.22214809873249,0.5,0.9166666666666666,0.5833333333333333,0.3365740954779582,0.6634259045220412,0.0687259978983096,0.9312740021016919
167,33.42228152101401,0.5,0.9166666666666666,0.5833333333333333,0.33482646735372534,0.6651735326462741,0.07772208950977609,0.9222779104902254
168,33.62241494329553,0.5,0.9166666666666666,0.5833333333333333,0.33337030055400985,0.6666296994459897,0.08782327378770083,0.9121767262123008
169,33.82254836557705,0.5,0.9166666666666666,0.5833333333333333,0.33220933165537875,0.6677906683446208,0.09913129001192346,0.9008687099880782
170,34.02268178785857,0.5,0.9166666666666666,0.5833333333333333,0.33134828722232823,0.6686517127776712,0.1117471277398974,0.8882528722601044
171,34.22281521014009,0.5,0.9166666666666666,0.5833333333333333,0.3307927252130904,0.6692072747869091,0.12576780256429923,0.8742321974357027
172,34.422948632421615,0.5,0.9166666666666666,0.5833333333333333,0.3305488139278837,0.6694511860721158,0.1412824273934584,0.8587175726065436
173,34.62308205470313,0.5,0.9166666666666666,0.5833333333333333,0.3306230480462473,0.6693769519537522,0.158367654486033,0.841632345513969
174,34.82321547698466,0.5,0.9166666666666666,0.5833333333333333,0.33102190142532856,0.668978098574671,0.17708258551525702,0.8229174144847451
175,35.023348899266175,0.5,0.9166666666666666,0.5833333333333333,0.3317514211854943,0.6682485788145053,0.1974633346228349,0.8025366653771672
176,35.2234823215477,0.5,0.9166666666666666,0.5833333333333333,0.3328167823350159,0.6671832176649837,0.21951776116122898,0.7804822388387732
177,35.42361574382922,0.5,0.9166666666666666,0.5833333333333333,0.3342218135160166,0.665778186483983,0.243220444030931,0.7567795559690712
178,35.62374916611074,0.5,0.9166666666666666,0.5833333333333333,0.33596852504455055,0.664031474955449,0.26850873973467476,0.7314912602653274
179,35.82388258839226,0.5,0.9166666666666666,0.5833333333333333,0.33805666826067915,0.6619433317393204,0.29528021284217765,0.7047197871578246
180,36.02401601067378,0.5,0.9166666666666666,0.5833333333333333,0.34048335708736205,0.6595166429126376,0.3233919832661522,0.67660801673385
181,36.2241494329553,0.5,0.9166666666666666,0.5833333333333333,0.3432427841714946,0.6567572158285049,0.35266232538910813,0.647337674610894
182,36.424282855236825,0.5,0.9166666666666666,0.5833333333333333,0.3463260569951842,0.6536739430048154,0.382874669229465,0.6171253307705371
183,36.62441627751834,0.5,0.9166666666666666,0.5833333333333333,0.34972117089658133,0.6502788291034182,0.41378391409787496,0.5862160859021271
184,36.82454969979987,0.5,0.9166666666666666,0.5833333333333333,0.35341312481926956,0.6465868751807299,0.4451247024721481,0.5548752975278539
185,37.024683122081385,0.5,0.9166666666666666,0.5833333333333333,0.3573841728251917,0.6426158271748078,0.47662106448129393,0.523378935518708
186,37.22481654436291,0.5,0.9166666666666666,0.5833333333333333,0.36161419281553353,0.638385807184466,0.507996678951068,0.4920033210489338
187,37.42494996664443,0.5,0.9166666666666666,0.5833333333333333,0.36608114466934505,0.6339188553306544,0.5389849317658806,0.46101506823412114
188,37.62508338892595,0.5,0.9166666666666666,0.5833333333333333,0.3707615844537345,0.6292384155462649,0.569337999114959,0.4306620008850426
189,37.82521681120747,0.5,0.9166666666666666,0.5833333333333333,0.37563119995896793,0.6243688000410315,0.5988343293936261,0.4011656706063754
190,38.02535023348899,0.5,0.9166666666666666,0.5833333333333333,0.3806653351152789,0.6193346648847204,0.6272841104315618,0.3727158895684395
191,38.22548365577051,0.5,0.9166666666666666,0.5833333333333333,0.3858394763154432,0.6141605236845562,0.6545325535031349,0.3454674464968664
192,38.425617078052035,0.5,0.9166666666666666,0.5833333333333333,0.3911296801324453,0.6088703198675541,0.6804610595302617,0.3195389404697394
193,38.62575050033355,0.5,0.9166666666666666,0.5833333333333333,0.39651293317801983,0.6034870668219796,0.7049864599476962,0.29501354005230473
194,38.82588392261508,0.5,0.9166666666666666,0.5833333333333333,0.40196743169874777,0.5980325683012517,0.7280587918514193,0.2719412081485815
195,39.026017344896594,0.5,0.9166666666666666,0.5833333333333333,0.407472787408426,0.5925272125915735,0.7496579693692866,0.25034203063071414
196,39.22615076717812,0.5,0.9166666666666666,0.5833333333333333,0.4130101687692797,0.5869898312307197,0.7697896799002227,0.23021032009977793
197,39.426284189459636,0.5,0.9166666666666666,0.5833333333333333,0.41856237118952705,0.5814376288104723,0.7884811046300824,0.2115188953699183
198,39.62641761174116,0.5,0.9166666666666666,0.5833333333333333,0.42411384220244785,0.5758861577975516,0.8057765498387839,0.19422345016121656
199,39.82655103402268,0.5,0.9166666666666666,0.5833333333333333,0.4296506608162495,0.5703493391837499,0.821733357933416,0.1782666420665844
200,40.0266844563042,0.5,0.9166666666666666,0.5833333333333333,0.43516048501282545,0.564839514987174,0.8364181944987378,0.16358180550126247
201,40.22681787858572,0.5,0.9166666666666666,0.5833333333333333,0.4406324757221991,0.5593675242778003,0.8499038146211197,0.15009618537888067
202,40.426951300867245,0.5,0.9166666666666666,0.5833333333333333,0.4460572040894299,0.5539427959105695,0.8622663398132983,0.137733660186702
203,40.62708472314876,0.5,0.9166666666666666,0.5833333333333333,0.45142654910776686,0.5485734508922325,0.873583037458845,0.12641696254115517
204,40.82721814543029,0.5,0.9166666666666666,0.5833333333333333,0.45673359094009014,0.5432664090599093,0.8839305629327181,0.11606943706728212
205,41.027351567711804,0.5,0.9166666666666666,0.5833333333333333,0.4619725005600157,0.5380274994399838,0.89338364869546,0.10661635130454006
206,41.22748498999333,0.5,0.9166666666666666,0.5833333333333333,0.4671384366253706,0.5328615633746289,0.9020141020813482,0.09798589791865187
207,41.427618412274846,0.5,0.9166666666666666,0.5833333333333333,0.4722274415186158,0.5277725584813837,0.9098901688890899,0.09010983111091023
208,41.62775183455637,0.5,0.9166666666666666,0.5833333333333333,0.47723634664180536,0.522763653358194,0.9170760832648017,0.08292391673519853
209,41.82788525683789,0.5,0.9166666666666666,0.5833333333333333,0.48216268165011045,0.5178373183498889,0.9236318484220165,0.07636815157798368
210,42.02801867911941,0.5,0.9166666666666666,0.5833333333333333,0.4870045916021703,0.5129954083978291,0.9296131796070062,0.07038682039299399
211,42.22815210140093,0.5,0.9166666666666666,0.5833333333333333,0.49176076179233996,0.5082392382076594,0.9350715128055427,0.06492848719445746
212,42.428285523682455,0.5,0.9166666666666666,0.5833333333333333,0.4964303484477271,0.5035696515522723,0.9400541431093803,0.05994585689061979
213,42.62841894596397,0.5,0.9166666666666666,0.5833333333333333,0.5010129169689622,0.4989870830310372,0.9446044064233023,0.05539559357669773
214,42.8285523682455,0.5,0.9166666666666666,0.5833333333333333,0.5055083861887979,0.4944916138112015,0.9487618777344546,0.05123812226554543
215,43.028685790527014,0.5,0.9166666666666666,0.5833333333333333,0.509916978666327,0.49008302133367243,0.9525626218094585,0.04743737819054148
216,43.22881921280854,0.5,0.9166666666666666,0.5833333333333333,0.5142391766739249,0.48576082332607434,0.9560394388129672,0.04396056118703279
217,43.428952635090056,0.5,0.9166666666666666,0.5833333333333333,0.518475682762051,0.48152431723794836,0.959222106053608,0.040777893946391884
218,43.62908605737158,0.5,0.9166666666666666,0.5833333333333333,0.5226273854907787,0.47737261450922064,0.9621376292486064,0.03786237075139354
219,43.8292194796531,0.5,0.9166666666666666,0.5833333333333333,0.5266953287036898,0.47330467129630943,0.9648104729248176,0.03518952707518224
220,44.02935290193462,0.5,0.9166666666666666,0.5833333333333333,0.5306806849701704,0.4693193150298289,0.9672627840253033,0.0327372159746966
221,44.22948632421614,0.5,0.9166666666666666,0.5833333333333333,0.5345847335146191,0.4654152664853802,0.9695146135990984,0.030485386400901385
222,44.429619746497664,0.5,0.9166666666666666,0.5833333333333333,0.5384088371475809,0.4615911628524183,0.9715840846435008,0.028415915356499122
223,44.62975316877918,0.5,0.9166666666666666,0.5833333333333333,0.5421544254300884,0.45784557456991076,0.9734876039226067,0.026512396077393172
224,44.829886591060706,0.5,0.9166666666666666,0.5833333333333333,0.5458229812832058,0.45417701871679333,0.9752399960296084,0.024760003970391554
225,45.030020013342224,0.5,0.9166666666666666,0.5833333333333333,0.5494160241956814,0.4505839758043178,0.9768546833440013,0.023145316655998727
226,45.23015343562375,0.5,0.9166666666666666,0.5833333333333333,0.5529351025269832,0.44706489747301587,0.9783437995166138,0.02165620048338617
227,45.430286857905266,0.5,0.9166666666666666,0.5833333333333333,0.556381780265387,0.4436182197346121,0.9797183332292232,0.020281666770776748
228,45.63042028018679,0.5,0.9166666666666666,0.5833333333333333,0.5597576307510133,0.44024236924898585,0.9809882285936501,0.019011771406349937
229,45.83055370246831,0.5,0.9166666666666666,0.5833333333333333,0.5630642280830107,0.43693577191698835,0.982162494924792,0.01783750507520797
230,46.03068712474983,0.5,0.9166666666666666,0.5833333333333333,0.5663031414875584,0.43369685851244066,0.9832492970474781,0.01675070295252192
231,46.23082054703135,0.5,0.9166666666666666,0.5833333333333333,0.5694759301167076,0.4305240698832915,0.9842560363561849,0.015743963643815098
232,46.430953969312874,0.5,0.9166666666666666,0.5833333333333333,0.572584138167986,0.4274158618320132,0.9851894317554368,0.014810568244563033
233,46.63108739159439,0.5,0.9166666666666666,0.5833333333333333,0.575629291992885,0.4243707080071141,0.9860555783731787,0.013944421626821172
234,46.831220813875916,0.5,0.9166666666666666,0.5833333333333333,0.5786128960360357,0.42138710396396334,0.9868600192829297,0.013139980717070156
235,47.03135423615743,0.5,0.9166666666666666,0.5833333333333333,0.5815364314756752,0.4184635685243238,0.9876077874899301,0.012392212510069767
236,47.23148765843896,0.5,0.9166666666666666,0.5833333333333333,0.5844013529833942,0.4155986470166049,0.9883034685755753,0.011696531424424584
237,47.431621080720475,0.5,0.9166666666666666,0.5833333333333333,0.5872090883403547,0.4127909116596444,0.9889512306340389,0.011048769365961005
238,47.631754503002,0.5,0.9166666666666666,0.5833333333333333,0.58996103597338,0.4100389640266192,0.9895548781199784,0.010445121880021434
239,47.83188792528352,0.5,0.9166666666666666,0.5833333333333333,0.5926585651598335,0.40734143484016566,0.9901178734154306,0.009882126584569323
240,48.03202134756504,0.5,0.9166666666666666,0.5833333333333333,0.595303014268159,0.4046969857318401,0.9906433823234249,0.009356617676575068
241,48.23215476984656,0.5,0.9166666666666666,0.5833333333333333,0.5978956912840572,0.4021043087159419,0.9911342901263656,0.00886570987363439
242,48.432288192128084,0.5,0.9166666666666666,0.5833333333333333,0.6004378726537613,0.3995621273462378,0.9915932395138788,0.008406760486121196
243,48.6324216144096,0.5,0.9166666666666666,0.5833333333333333,0.6029308039718094,0.39706919602818963,0.9920226429776648,0.00797735702233505
244,48.832555036691126,0.5,0.9166666666666666,0.5833333333333333,0.6053756994888341,0.3946243005111651,0.992424711907902,0.007575288092097879
245,49.03268845897264,0.5,0.9166666666666666,0.5833333333333333,0.6077737424303411,0.39222625756965807,0.99280147252172,0.007198527478279941
246,49.23282188125417,0.5,0.9166666666666666,0.5833333333333333,0.6101260857986626,0.38987391420133655,0.9931547766938307,0.006845223306169214
247,49.432955303535685,0.5,0.9166666666666666,0.5833333333333333,0.6124338517506068,0.38756614824939223,0.9934863292732865,0.006513670726713389
248,49.63308872581721,0.5,0.9166666666666666,0.5833333333333333,0.6146981326135997,0.3853018673863994,0.9937976943408292,0.006202305659170718
249,49.83322214809873,0.5,0.9166666666666666,0.5833333333333333,0.6169199912814974,0.3830800087185017,0.9940903093088012,0.005909690691198761
250,50.03335557038025,0.5,0.9166666666666666,0.5833333333333333,0.6191004617260063,0.38089953827399275,0.9943654965691184,0.005634503430881472
251,50.23348899266177,0.5,0.9166666666666666,0.5833333333333333,0.621240549629358,0.37875945037064107,0.9946244726559621,0.005375527344037853
252,50.433622414943294,0.5,0.9166666666666666,0.5833333333333333,0.6233412329083262,0.37665876709167284,0.9948683584633873,0.005131641536612637
253,50.63375583722481,0.5,0.9166666666666666,0.5833333333333333,0.6254034624053894,0.3745965375946097,0.9950981867271307,0.004901813272869106
254,50.833889259506336,0.5,0.9166666666666666,0.5833333333333333,0.6274281624069247,0.3725718375930744,0.9953149107110425,0.004685089288957345
255,51.03402268178785,0.5,0.9166666666666666,0.5833333333333333,0.629416231392047,0.37058376860795195,0.9955194099561232,0.004480590043876687
256,51.23415610406938,0.5,0.9166666666666666,0.5833333333333333,0.6313685426442261,0.3686314573557728,0.995712497426054,0.004287502573945838
257,51.4342895263509,0.5,0.9166666666666666,0.5833333333333333,0.6332859449362608,0.3667140550637383,0.9958949244292252,0.004105075570774713
258,51.63442294863242,0.5,0.9166666666666666,0.5833333333333333,0.6351692631030169,0.36483073689698214,0.996067386953827,0.0039326130461728665
259,51.834556370913944,0.5,0.9166666666666666,0.5833333333333333,0.637019298847433,0.3629807011525661,0.9962305282564196,0.003769471743580341
260,52.03468979319546,0.5,0.9166666666666666,0.5833333333333333,0.6388368313942193,0.36116316860577974,0.9963849429718118,0.0036150570281880856
261,52.234823215476986,0.5,0.9166666666666666,0.5833333333333333,0.6406226178292818,0.35937738217071724,0.9965311852109927,0.003468814789007155
262,52.4349566377585,0.5,0.9166666666666666,0.5833333333333333,0.6423773939848753,0.35762260601512386,0.9966697683227376,0.003330231677262441
263,52.63509006004003,0.5,0.9166666666666666,0.5833333333333333,0.6441018750999234,0.35589812490007566,0.9968011673686523,0.003198832631347814
264,52.835223482321545,0.5,0.9166666666666666,0.5833333333333333,0.6457967562656092,0.3542032437343898,0.9969258251335463,0.003074174866453814
265,53.03535690460307,0.5,0.9166666666666666,0.5833333333333333,0.6474627130791891,0.35253728692080993,0.9970441536166859,0.0029558463833142677
266,53.23549032688459,0.5,0.9166666666666666,0.5833333333333333,0.6491004023110317,0.35089959768896734,0.9971565347316039,0.0028434652683961606
267,53.43562374916611,0.5,0.9166666666666666,0.5833333333333333,0.6507104623950181,0.34928953760498094,0.9972633243523618,0.0027366756476383046
268,53.63575717144763,0.5,0.9166666666666666,0.5833333333333333,0.6522935139571865,0.34770648604281246,0.9973648550193502,0.002635144980649737
269,53.835890593729154,0.5,0.9166666666666666,0.5833333333333333,0.6538501604493491,0.34614983955064993,0.997461435543469,0.0025385644565309373
270,54.03602401601067,0.5,0.9166666666666666,0.5833333333333333,0.6553809886333666,0.3446190113666324,0.9975533537576111,0.002446646242388837
271,54.236157438292196,0.5,0.9166666666666666,0.5833333333333333,0.656886569041338,0.34311343095866104,0.9976408794174617,0.0023591205825383337
272,54.43629086057371,0.5,0.9166666666666666,0.5833333333333333,0.6583674565424842,0.3416325434575148,0.9977242636575869,0.0022757363424130744
273,54.63642428285524,0.5,0.9166666666666666,0.5833333333333333,0.6598241908085691,0.3401758091914299,0.9978037407941917,0.0021962592058083655
274,54.836557705136755,0.5,0.9166666666666666,0.5833333333333333,0.6612572967792362,0.3387427032207628,0.997879530678944,0.00212046932105602
275,55.03669112741828,0.5,0.9166666666666666,0.5833333333333333,0.6626672851223396,0.3373327148776594,0.9979518386146148,0.0020481613853851753
276,55.2368245496998,0.5,0.9166666666666666,0.5833333333333333,0.6640546526759596,0.3359453473240394,0.998020856391179,0.0019791436088210097
277,55.43695797198132,0.5,0.9166666666666666,0.5833333333333333,0.6654198828741458,0.3345801171258532,0.9980867641058048,0.0019132358941952022
278,55.63709139426284,0.5,0.9166666666666666,0.5833333333333333,0.6667634461619296,0.3332365538380694,0.9981497304696688,0.0018502695303311242
279,55.837224816544364,0.5,0.9166666666666666,0.5833333333333333,0.6680858003955427,0.33191419960445634,0.9982099133259249,0.001790086674075049
280,56.03735823882588,0.5,0.9166666666666666,0.5833333333333333,0.66938739124603,0.33061260875396903,0.9982674611406526,0.0017325388593473668
281,56.237491661107406,0.5,0.9166666666666666,0.5833333333333333,0.6706686525688547,0.32933134743114434,0.9983225133917769,0.001677486608223111
282,56.43762508338892,0.5,0.9166666666666666,0.5833333333333333,0.6719300067520895,0.32806999324790953,0.9983752005426697,0.0016247994573302831
283,56.63775850567045,0.5,0.9166666666666666,0.5833333333333333,0.6731718650692868,0.32682813493071217,0.9984256446968988,0.0015743553031012613
284,56.837891927951965,0.5,0.9166666666666666,0.5833333333333333,0.6743946280447956,0.32560537195520345,0.9984739609638917,0.0015260390361082504
285,57.03802535023349,0.5,0.9166666666666666,0.5833333333333333,0.6755986858057923,0.32440131419420665,0.9985202587459011,0.0014797412540988964
286,57.23815877251501,0.5,0.9166666666666666,0.5833333333333333,0.676784418335218,0.32321558166478104,0.99856464011924,0.0014353598807600072
287,57.43829219479653,0.5,0.9166666666666666,0.5833333333333333,0.6779521957963015,0.32204780420369755,0.9986072009330113,0.0013927990669886808
288,57.63842561707805,0.5,0.9166666666666666,0.5833333333333333,0.6791023788462298,0.32089762115376924,0.9986480314126344,0.0013519685873655443
289,57.83855903935957,0.5,0.9166666666666666,0.5833333333333333,0.680235318992577,0.319764681007422,0.9986872174429711,0.0013127825570288239
290,58.03869246164109,0.5,0.9166666666666666,0.5833333333333333,0.6813513587679851,0.318648641232014,0.9987248395084081,0.001275160491591798
291,58.238825883922615,0.5,0.9166666666666666,0.5833333333333333,0.6824508320210889,0.3175491679789102,0.9987609733100402,0.0012390266899596242
292,58.43895930620413,0.5,0.9166666666666666,0.5833333333333333,0.683534064182538,0.316465935817461,0.9987956901242527,0.0012043098757471926
293,58.63909272848566,0.5,0.9166666666666666,0.5833333333333333,0.6846013725946549,0.31539862740534413,0.9988290579005044,0.0011709420994956163
294,58.839226150767175,0.5,0.9166666666666666,0.5833333333333333,0.6856530666679993,0.3143469333319998,0.9988611405994121,0.0011388594005879201
295,59.0393595730487,0.5,0.9166666666666666,0.5833333333333333,0.6866894481189868,0.3133105518810123,0.9988919984661094,0.0011080015338905832
296,59.23949299533022,0.5,0.9166666666666666,0.5833333333333333,0.6877108112016779,0.3122891887983211,0.9989216883111074,0.0010783116888926911
297,59.43962641761174,0.5,0.9166666666666666,0.5833333333333333,0.6887174429895966,0.31128255701040247,0.9989502642270002,0.0010497357729999143
298,59.63975983989326,0.5,0.9166666666666666,0.5833333333333333,0.6897096235409449,0.3102903764590541,0.9989777774036087,0.001022222596391302
299,59.83989326217478,0.5,0.9166666666666666,0.5833333333333333,0.6906876260797591,0.3093123739202399,0.9990042761245082,0.0009957238754917785
300,60.0400266844563,0.5,0.9166666666666666,0.5833333333333333,0.6916517172022109,0.3083482827977881,0.9990298060198466,0.000970193980153303
301,60.240160106737825,0.5,0.9166666666666666,0.5833333333333333,0.6926021571209723,0.3073978428790268,0.9990544104588839,0.000945589541116016
302,60.44029352901934,0.5,0.9166666666666666,0.5833333333333333,0.6935391998470093,0.30646080015298977,0.9990781306727111,0.0009218693272886836
303,60.64042695130087,0.5,0.9166666666666666,0.5833333333333333,0.6944630933075108,0.3055369066924882,0.9991010056011591,0.0008989943988407477
304,60.840560373582385,0.5,0.9166666666666666,0.5833333333333333,0.6953740795410278,0.30462592045897124,0.9991230721158525,0.0008769278841473672
305,61.04069379586391,0.5,0.9166666666666666,0.5833333333333333,0.6962723948859424,0.3037276051140566,0.9991443652319562,0.0008556347680437795
306,61.24082721814543,0.5,0.9166666666666666,0.5833333333333333,0.6971582701760689,0.3028417298239301,0.9991649183723049,0.0008350816276950861
307,61.44096064042695,0.5,0.9166666666666666,0.5833333333333333,0.6980319308274769,0.30196806917252206,0.9991847631475188,0.0008152368524812224
308,61.64109406270847,0.5,0.9166666666666666,0.5833333333333333,0.6988935970097365,0.30110640299026253,0.9992039295461845,0.0007960704538155079
309,61.84122748498999,0.5,0.9166666666666666,0.5833333333333333,0.6997434838099414,0.3002565161900575,0.999222446079142,0.0007775539208580779
310,62.04136090727151,0.5,0.9166666666666666,0.5833333333333333,0.7005818014464716,0.2994181985535273,0.9992403400936735,0.0007596599063266434
311,62.241494329553035,0.5,0.9166666666666666,0.5833333333333333,0.7014087552785037,0.2985912447214953,0.9992576374369347,0.0007423625630653268
312,62.44162775183455,0.5,0.9166666666666666,0.5833333333333333,0.7022245459679909,0.297775454032008,0.999274362622838,0.0007256373771620436
313,62.64176117411608,0.5,0.9166666666666666,0.5833333333333333,0.7030293696059343,0.2969706303940646,0.9992905388935116,0.0007094611064884219
314,62.841894596397594,0.5,0.9166666666666666,0.5833333333333333,0.703823417825582,0.296176582174417,0.9993061882485885,0.0006938117514114152
315,63.04202801867912,0.5,0.9166666666666666,0.5833333333333333,0.704606877982768,0.29539312201723095,0.9993213316879392,0.0006786683120605813
316,63.242161440960636,0.5,0.9166666666666666,0.5833333333333333,0.7053799334696834,0.29462006653031547,0.9993359898697829,0.0006640101302167736
317,63.44229486324216,0.5,0.9166666666666666,0.5833333333333333,0.7061427634773988,0.2938572365226001,0.9993501820986014,0.0006498179013981856
318,63.64242828552368,0.5,0.9166666666666666,0.5833333333333333,0.7068955432102684,0.29310445678973057,0.9993639266984479,0.0006360733015515152
319,63.8425617078052,0.5,0.9166666666666666,0.5833333333333333,0.7076384439999427,0.2923615560000562,0.9993772410893904,0.0006227589106088763
320,64.04269513008673,0.5,0.9166666666666666,0.5833333333333333,0.7083716333985213,0.29162836660147773,0.9993901418093526,0.0006098581906466741
321,64.24282855236824,0.5,0.9166666666666666,0.5833333333333333,0.7090952753358809,0.29090472466411804,0.9994026446869942,0.0005973553130051354
322,64.44296197464976,0.5,0.9166666666666666,0.5833333333333333,0.7098095303681641,0.2901904696318349,0.9994147652270283,0.000585234772971108
323,64.64309539693129,0.5,0.9166666666666666,0.5833333333333333,0.7105145554800155,0.2894854445199835,0.999426517985158,0.000573482014841625
324,64.84322881921281,0.5,0.9166666666666666,0.5833333333333333,0.7112105042689203,0.28878949573107865,0.999437916817454,0.0005620831825458119
325,65.04336224149432,0.5,0.9166666666666666,0.5833333333333333,0.7118975270370864,0.2881024729629125,0.9994489749243776,0.0005510250756223672
326,65.24349566377585,0.5,0.9166666666666666,0.5833333333333333,0.7125757708686739,0.2874242291313251,0.9994597048664726,0.0005402951335275721
327,65.44362908605737,0.5,0.9166666666666666,0.5833333333333333,0.7132453797672873,0.2867546202327117,0.9994701186964575,0.0005298813035427023
328,65.6437625083389,0.5,0.9166666666666666,0.5833333333333333,0.7139064948500864,0.28609350514991255,0.9994802282008781,0.0005197717991221895
329,65.8438959306204,0.5,0.9166666666666666,0.5833333333333333,0.7145592541877814,0.2854407458122176,0.9994900444809318,0.0005099555190685327
330,66.04402935290193,0.5,0.9166666666666666,0.5833333333333333,0.7152037929616992,0.28479620703829983,0.9994995781313712,0.0005004218686292036
331,66.24416277518345,0.5,0.9166666666666666,0.5833333333333333,0.7158402435384938,0.2841597564615052,0.999508839268302,0.000491160731698288
332,66.44429619746498,0.5,0.9166666666666666,0.5833333333333333,0.716468735534781,0.283531264465218,0.99951783754145,0.00048216245855034
333,66.64442961974649,0.5,0.9166666666666666,0.5833333333333333,0.7170893959329969,0.282910604067002,0.9995265822300309,0.0004734177699690729
334,66.84456304202801,0.5,0.9166666666666666,0.5833333333333333,0.7177023492240859,0.2822976507759131,0.9995350823835555,0.00046491761644429564
335,67.04469646430954,0.5,0.9166666666666666,0.5833333333333333,0.7183077172956217,0.2816922827043773,0.9995433465614789,0.0004566534385206291
336,67.24482988659106,0.5,0.9166666666666666,0.5833333333333333,0.7189056195584146,0.2810943804415844,0.9995513829533149,0.00044861704668442743
337,67.44496330887257,0.5,0.9166666666666666,0.5833333333333333,0.7194961730069843,0.2805038269930146,0.9995591993963124,0.0004408006036867113
338,67.6450967311541,0.5,0.9166666666666666,0.5833333333333333,0.7200794922735119,0.27992050772648713,0.9995668033851939,0.00043319661480517135
339,67.84523015343562,0.5,0.9166666666666666,0.5833333333333333,0.7206556897310514,0.27934431026894757,0.9995742021374867,0.0004257978625125049
340,68.04536357571715,0.5,0.9166666666666666,0.5833333333333333,0.7212248756048616,0.27877512439513746,0.9995814026689349,0.000418597331064468
341,68.24549699799866,0.5,0.9166666666666666,0.5833333333333333,0.7217871578801848,0.2782128421198143,0.9995884116448536,0.0004115883551460877
342,68.44563042028018,0.5,0.9166666666666666,0.5833333333333333,0.722342642411008,0.277657357588991,0.9995952354549006,0.0004047645450994596
343,68.6457638425617,0.5,0.9166666666666666,0.5833333333333333,0.7228914329701803,0.2771085670298188,0.999601880224082,0.0003981197759182812
344,68.84589726484323,0.5,0.9166666666666666,0.5833333333333333,0.7234336312950421,0.27656636870495693,0.999608351819895,0.0003916481801055504
345,69.04603068712474,0.5,0.9166666666666666,0.5833333333333333,0.7239693371744864,0.27603066282551264,0.9996146559039863,0.0003853440960144
346,69.24616410940627,0.5,0.9166666666666666,0.5833333333333333,0.7244986485295872,0.27550135147041194,0.9996207979780333,0.0003792020219676155
347,69.44629753168779,0.5,0.9166666666666666,0.5833333333333333,0.7250216613525956,0.27497833864740356,0.9996267832817745,0.00037321671822645514
348,69.64643095396931,0.5,0.9166666666666666,0.5833333333333333,0.725538469793897,0.2744615302061021,0.999632616847501,0.00036738315249987264
349,69.84656437625083,0.5,0.9166666666666666,0.5833333333333333,0.7260491662034799,0.27395083379651924,0.9996383035077275,0.0003616964922732089
350,70.04669779853235,0.5,0.9166666666666666,0.5833333333333333,0.7265538411694792,0.2734461588305199,0.9996438479007703,0.0003561520992302477
351,70.24683122081387,0.5,0.9166666666666666,0.5833333333333333,0.7270525836240944,0.2729474163759047,0.9996492545322001,0.00035074546780011713
352,70.4469646430954,0.5,0.9166666666666666,0.5833333333333333,0.7275454808970772,0.2724545191029219,0.9996545277938231,0.0003454722061765883
353,70.64709806537691,0.5,0.9166666666666666,0.5833333333333333,0.7280326186045218,0.2719673813954772,0.9996596718480306,0.00034032815196854076
354,70.84723148765843,0.5,0.9166666666666666,0.5833333333333333,0.7285140807576789,0.27148591924232024,0.9996646906933313,0.00033530930666716936
355,71.04736490993996,0.5,0.9166666666666666,0.5833333333333333,0.7289899497960723,0.27101005020392677,0.9996695881683145,0.0003304118316831935
356,71.24749833222148,0.5,0.9166666666666666,0.5833333333333333,0.7294603066179502,0.27053969338204886,0.9996743679539908,0.00032563204600636854
357,71.44763175450299,0.5,0.9166666666666666,0.5833333333333333,0.7299252306090674,0.27007476939093167,0.9996790335753309,0.00032096642466575287
358,71.64776517678452,0.5,0.9166666666666666,0.5833333333333333,0.7303847996698017,0.26961520033019737,0.9996835884020058,0.00031641159799072644
359,71.84789859906604,0.5,0.9166666666666666,0.5833333333333333,0.7308390902414587,0.26916090975854057,0.9996880356489837,0.00031196435101299446
360,72.04803202134757,0.5,0.9166666666666666,0.5833333333333333,0.731288177639368,0.26871182236063107,0.9996923786139988,0.0003076213859984277
361,72.24816544362908,0.5,0.9166666666666666,0.5833333333333333,0.7317321358897412,0.268267864110258,0.9996966205331441,0.00030337946685383407
362,72.4482988659106,0.5,0.9166666666666666,0.5833333333333333,0.7321710375058154,0.26782896249418375,0.9997007643901705,0.00029923560982851285
363,72.64843228819213,0.5,0.9166666666666666,0.5833333333333333,0.7326049536944016,0.26739504630559763,0.9997048130578975,0.0002951869421026954
364,72.84856571047365,0.5,0.9166666666666666,0.5833333333333333,0.7330339543808967,0.26696604561910253,0.9997087693002351,0.000291230699766513
365,73.04869913275516,0.5,0.9166666666666666,0.5833333333333333,0.7334581082330203,0.2665418917669789,0.9997126357737047,0.0002873642262985546
366,73.24883255503669,0.5,0.9166666666666666,0.5833333333333333,0.7338774826832749,0.2661225173167243,0.9997164150284611,0.0002835849715440124
367,73.44896597731821,0.5,0.9166666666666666,0.5833333333333333,0.7342921439501296,0.2657078560498695,0.9997201095088145,0.0002798904911924186
368,73.64909939959973,0.5,0.9166666666666666,0.5833333333333333,0.7347021570686537,0.2652978429313455,0.9997237215598176,0.0002762784401912492
369,73.84923282188124,0.5,0.9166666666666666,0.5833333333333333,0.7351075862015313,0.264892413798468,0.9997272536057231,0.00027274639428761523
370,74.04936624416277,0.5,0.9166666666666666,0.5833333333333333,0.7355084943472561,0.2644915056527432,0.9997307079598053,0.00026929204020733044
371,74.2494996664443,0.5,0.9166666666666666,0.5833333333333333,0.7359049433141669,0.26409505668583233,0.9997340867971531,0.00026591320286120884
372,74.44963308872582,0.5,0.9166666666666666,0.5833333333333333,0.7362969938385612,0.2637030061614381,0.9997373922159201,0.0002626077840957651
373,74.64976651100733,0.5,0.9166666666666666,0.5833333333333333,0.7366847056045305,0.26331529439546875,0.9997406262387095,0.0002593737613073587
374,74.84989993328885,0.5,0.9166666666666666,0.5833333333333333,0.7370681372628302,0.2629318627371691,0.999743790813651,0.00025620918636651594
375,75.05003335557038,0.5,0.9166666666666666,0.5833333333333333,0.7374473464487808,0.2625526535512185,0.9997468878151649,0.0002531121848524321
376,75.2501667778519,0.5,0.9166666666666666,0.5833333333333333,0.7378223897992044,0.26217761020079483,0.9997499190444186,0.00025008095559764986
377,75.45030020013341,0.5,0.9166666666666666,0.5833333333333333,0.7381933229938331,0.2618066770061661,0.9997528862423458,0.00024711375766826155
378,75.65043362241494,0.5,0.9166666666666666,0.5833333333333333,0.7385602009939961,0.26143979900600317,0.9997557912026834,0.00024420879732771144
379,75.85056704469646,0.5,0.9166666666666666,0.5833333333333333,0.738923077743872,0.2610769222561273,0.9997586356132042,0.00024136438680340088
380,76.05070046697799,0.5,0.9166666666666666,0.5833333333333333,0.739282006240133,0.2607179937598664,0.9997614210835625,0.00023857891644104963
381,76.2508338892595,0.5,0.9166666666666666,0.5833333333333333,0.7396370385938007,0.2603629614061986,0.9997641491693786,0.00023585083062043304
382,76.45096731154102,0.5,0.9166666666666666,0.5833333333333333,0.7399882260462058,0.26001177395379343,0.9997668213732742,0.00023317862672016606
383,76.65110073382255,0.5,0.9166666666666666,0.5833333333333333,0.7403356189842136,0.25966438101578565,0.9997694391457159,0.00023056085427394275
384,76.85123415610407,0.5,0.9166666666666666,0.5833333333333333,0.7406792669547183,0.2593207330452809,0.9997720038856674,0.00022799611431822728
385,77.0513675783856,0.5,0.9166666666666666,0.5833333333333333,0.7410192186784053,0.25898078132159397,0.999774516941051,0.0002254830589313991
386,77.2515010006671,0.5,0.9166666666666666,0.5833333333333333,0.7413555221012214,0.25864447789877787,0.9997769796252447,0.00022302037473571407
387,77.45163442294863,0.5,0.9166666666666666,0.5833333333333333,0.7416882245431314,0.25831177545686773,0.9997793932747688,0.00022060672521032542
388,77.65176784523015,0.5,0.9166666666666666,0.5833333333333333,0.7420173724623609,0.25798262753763834,0.999781759144761,0.0002182408552178041
389,77.85190126751168,0.5,0.9166666666666666,0.5833333333333333,0.7423430115501041,0.2576569884498951,0.9997840784440799,0.00021592155589936443
390,78.05203468979319,0.5,0.9166666666666666,0.5833333333333333,0.7426651867605937,0.2573348132394056,0.9997863523432395,0.0002136476567414196
391,78.25216811207471,0.5,0.9166666666666666,0.5833333333333333,0.7429839423239831,0.2570160576760161,0.9997885819752036,0.00021141802478014026
392,78.45230153435624,0.5,0.9166666666666666,0.5833333333333333,0.743299321758667,0.2567006782413322,0.9997907684360617,0.0002092315639259309
393,78.65243495663776,0.5,0.9166666666666666,0.5833333333333333,0.7436113678830382,0.256388632116961,0.999792912785585,0.0002070872144078204
394,78.85256837891927,0.5,0.9166666666666666,0.5833333333333333,0.7439201228266825,0.2560798771733167,0.9997950160476614,0.0002049839523377693
395,79.0527018012008,0.5,0.9166666666666666,0.5833333333333333,0.7442256280914026,0.25577437190859664,0.9997970792264045,0.00020292077360203713
396,79.25283522348232,0.5,0.9166666666666666,0.5833333333333333,0.7445279246237111,0.25547207537628824,0.9997991033259132,0.00020089667410144203
397,79.45296864576385,0.5,0.9166666666666666,0.5833333333333333,0.7448270526501586,0.25517294734984064,0.9998010892957596,0.0001989107042634111
398,79.65310206804536,0.5,0.9166666666666666,0.5833333333333333,0.7451230517649627,0.25487694823503654,0.9998030380556054,0.00019696194442602515
399,79.85323549032688,0.5,0.9166666666666666,0.5833333333333333,0.7454159609452768,0.25458403905472243,0.9998049504971963,0.00019504950284314056
400,80.0533689126084,0.5,0.9166666666666666,0.5833333333333333,0.7457058185616878,0.25429418143831145,0.9998068274849176,0.00019317251512864409
401,80.25350233488993,0.5,0.9166666666666666,0.5833333333333333,0.7459926623882788,0.2540073376117205,0.9998086698562706,0.00019133014378047017
402,80.45363575717144,0.5,0.9166666666666666,0.5833333333333333,0.7462765296122573,0.2537234703877419,0.9998104784222687,0.0001895215777843839
403,80.65376917945296,0.5,0.9166666666666666,0.5833333333333333,0.7465574568431494,0.25344254315684983,0.9998122539677535,0.00018774603229752726
404,80.85390260173449,0.5,0.9166666666666666,0.5833333333333333,0.7468354801798432,0.2531645198201562,0.9998139972684851,0.00018600273156019992
405,81.05403602401601,0.5,0.9166666666666666,0.5833333333333333,0.7471106352175679,0.25288936478243146,0.9998157090909088,0.00018429090912799363
406,81.25416944629752,0.5,0.9166666666666666,0.5833333333333333,0.7473829569591044,0.252617043040895,0.9998173901642787,0.0001826098357470052
407,81.45430286857905,0.5,0.9166666666666666,0.5833333333333333,0.7476524798781722,0.25234752012182726,0.9998190411968273,0.00018095880318518394
408,81.65443629086057,0.5,0.9166666666666666,0.5833333333333333,0.7479192379286137,0.2520807620713857,0.9998206628763081,0.00017933712368922833
409,81.8545697131421,0.5,0.9166666666666666,0.5833333333333333,0.7481832645529909,0.25181673544700856,0.9998222558704154,0.00017774412956562854
410,82.05470313542361,0.5,0.9166666666666666,0.5833333333333333,0.7484445926908412,0.2515554073091582,0.9998238208271506,0.00017617917281391405
411,82.25483655770513,0.5,0.9166666666666666,0.5833333333333333,0.748703254786596,0.25129674521340334,0.9998253583751368,0.00017464162481210433
412,82.45496997998666,0.5,0.9166666666666666,0.5833333333333333,0.748959282797998,0.25104071720200144,0.9998268691240771,0.00017313087585851846
413,82.65510340226818,0.5,0.9166666666666666,0.5833333333333333,0.749212708296726,0.25078729170327335,0.999828353686756,0.00017164631316784438
414,82.85523682454969,0.5,0.9166666666666666,0.5833333333333333,0.7494635623903707,0.25053643760962874,0.9998298126593802,0.0001701873405324622
415,83.05537024683122,0.5,0.9166666666666666,0.5833333333333333,0.7497118756793427,0.25028812432065667,0.999831246610099,0.00016875338980388538
416,83.25550366911274,0.5,0.9166666666666666,0.5833333333333333,0.7499576783139091,0.2500423216860903,0.9998326560909148,0.00016734390898065862
417,83.45563709139427,0.5,0.9166666666666666,0.5833333333333333,0.7502010000009947,0.24979899999900473,0.999834041637899,0.00016595836199239273
418,83.65577051367578,0.5,0.9166666666666666,0.5833333333333333,0.7504418700106796,0.24955812998931978,0.9998354037713644,0.0001645962285278774
419,83.8559039359573,0.5,0.9166666666666666,0.5833333333333333,0.7506803171823927,0.24931968281760675,0.9998367429959922,0.00016325700390727076
420,84.05603735823883,0.5,0.9166666666666666,0.5833333333333333,0.7509163699307994,0.24908363006920006,0.9998380598009163,0.0001619401989983672
421,84.25617078052035,0.5,0.9166666666666666,0.5833333333333333,0.7511500562513865,0.24884994374861288,0.9998393546597633,0.00016064534017694171
422,84.45630420280186,0.5,0.9166666666666666,0.5833333333333333,0.751381403725742,0.24861859627425742,0.9998406280306468,0.00015937196933117214
423,84.65643762508338,0.5,0.9166666666666666,0.5833333333333333,0.7516104395265298,0.24838956047346955,0.9998418803561206,0.00015811964391013793
424,84.85657104736491,0.5,0.9166666666666666,0.5833333333333333,0.7518371904296302,0.24816280957036932,0.9998431120646982,0.00015688793540303094
425,85.05670446964643,0.5,0.9166666666666666,0.5833333333333333,0.7520616830645591,0.24793831693544036,0.9998443236238612,0.00015567637632344123
426,85.25683789192794,0.5,0.9166666666666666,0.5833333333333333,0.752283943634806,0.24771605636519342,0.9998455154785975,0.00015448452168023073
427,85.45697131420947,0.5,0.9166666666666666,0.5833333333333333,0.7525039978784396,0.24749600212155987,0.9998466880418557,0.0001533119585238052
428,85.657104736491,0.5,0.9166666666666666,0.5833333333333333,0.7527218711704708,0.2472781288295286,0.9998478417156403,0.0001521582848486144
429,85.85723815877252,0.5,0.9166666666666666,0.5833333333333333,0.7529375885282378,0.2470624114717617,0.9998489768911811,0.00015102310942314713
430,86.05737158105403,0.5,0.9166666666666666,0.5833333333333333,0.7531511746165698,0.24684882538342973,0.9998500939490778,0.00014990605164578598
431,86.25750500333555,0.5,0.9166666666666666,0.5833333333333333,0.753362653752732,0.2466373462472674,0.9998511932594176,0.00014880674142652074
432,86.45763842561708,0.5,0.9166666666666666,0.5833333333333333,0.7535720499111501,0.24642795008884935,0.9998522751818684,0.00014772481909452185
433,86.6577718478986,0.5,0.9166666666666666,0.5833333333333333,0.7537793867279137,0.2462206132720858,0.9998533400657446,0.00014665993533157222
434,86.85790527018011,0.5,0.9166666666666666,0.5833333333333333,0.753984687505061,0.24601531249493847,0.9998543882500479,0.00014561175113135855
435,87.05803869246164,0.5,0.9166666666666666,0.5833333333333333,0.754187975214643,0.24581202478535646,0.9998554200634828,0.00014457993778462173
436,87.25817211474316,0.5,0.9166666666666666,0.5833333333333333,0.7543892725133713,0.24561072748662816,0.999856435826307,0.00014356417502807208
437,87.45830553702469,0.5,0.9166666666666666,0.5833333333333333,0.7545886019125368,0.24541139808746257,0.9998574358789654,0.0001425641224206031
438,87.6584389593062,0.5,0.9166666666666666,0.5833333333333333,0.7547859855552382,0.2452140144447612,0.9998584205430333,0.00014157945838707184
439,87.85857238158772,0.5,0.9166666666666666,0.5833333333333333,0.7549814452348513,0.24501855476514808,0.9998593901237631,0.00014060987767231024
440,88.05870580386924,0.5,0.9166666666666666,0.5833333333333333,0.7551750024487178,0.24482499755128165,0.9998603449187151,0.0001396550827132994
441,88.25883922615077,0.5,0.9166666666666666,0.5833333333333333,0.7553666784023626,0.24463332159763687,0.999861285217871,0.00013871478352534862
442,88.45897264843228,0.5,0.9166666666666666,0.5833333333333333,0.7555564940135476,0.24444350598645181,0.9998622113037318,0.000137788697604584
443,88.6591060707138,0.5,0.9166666666666666,0.5833333333333333,0.7557444699161605,0.24425553008383893,0.9998631234513987,0.00013687654984674536
444,88.85923949299533,0.5,0.9166666666666666,0.5833333333333333,0.7559306264639383,0.24406937353606123,0.9998640219286385,0.00013597807248229244
445,89.05937291527685,0.5,0.9166666666666666,0.5833333333333333,0.7561149837340267,0.24388501626597267,0.9998649069959317,0.00013509300502781934
446,89.25950633755836,0.5,0.9166666666666666,0.5833333333333333,0.7562975615303756,0.24370243846962383,0.9998657789065046,0.00013422109425377808
447,89.45963975983989,0.5,0.9166666666666666,0.5833333333333333,0.7564783793869678,0.2435216206130316,0.9998666379063463,0.0001333620941685106
448,89.65977318212141,0.5,0.9166666666666666,0.5833333333333333,0.7566574565856197,0.24334254341437989,0.9998674842363993,0.00013251576382813558
449,89.85990660440294,0.5,0.9166666666666666,0.5833333333333333,0.7568348122839584,0.243165187716041,0.99986831815115,0.00013168184875861108
450,90.06004002668445,0.5,0.9166666666666666,0.5833333333333333,0.7570104653222867,0.24298953467771287,0.9998691398894572,0.0001308601101079903
451,90.26017344896597,0.5,0.9166666666666666,0.5833333333333333,0.7571844342659757,0.24281556573402377,0.9998699496804279,0.00013005031877532245
452,90.4603068712475,0.5,0.9166666666666666,0.5833333333333333,0.7573567374372814,0.2426432625627181,0.9998707477477251,0.00012925225110434403
453,90.66044029352902,0.5,0.9166666666666666,0.5833333333333333,0.7575273929187266,0.2424726070812729,0.9998715343096571,0.000128465688795676
454,90.86057371581053,0.5,0.9166666666666666,0.5833333333333333,0.7576964185563628,0.24230358144363662,0.9998723095792547,0.0001276904188289771
455,91.06070713809206,0.5,0.9166666666666666,0.5833333333333333,0.7578638319629102,0.24213616803708934,0.9998730737643394,0.0001269262333950514
456,91.26084056037358,0.5,0.9166666666666666,0.5833333333333333,0.7580296505207741,0.24197034947922547,0.9998738270675818,0.00012617292983791226
457,91.4609739826551,0.5,0.9166666666666666,0.5833333333333333,0.7581938913849415,0.241806108615058,0.9998745696865491,0.00012543031060680045
458,91.66110740493662,0.5,0.9166666666666666,0.5833333333333333,0.7583565714857545,0.24164342851424497,0.9998753018137442,0.00012469818321815846
459,91.86124082721814,0.5,0.9166666666666666,0.5833333333333333,0.758517707531562,0.24148229246843753,0.9998760236366332,0.0001239763602275591
460,92.06137424949966,0.5,0.9166666666666666,0.5833333333333333,0.7586773160275717,0.24132268397242776,0.9998767353396105,0.0001232646572567275
461,92.26150767178119,0.5,0.9166666666666666,0.5833333333333333,0.7588354133596383,0.2411645866403612,0.9998774371137137,0.00012256288323896167
462,92.4616410940627,0.5,0.9166666666666666,0.5833333333333333,0.7589920156494383,0.24100798435056123,0.9998781291390759,0.00012187085803958727
463,92.66177451634422,0.5,0.9166666666666666,0.5833333333333333,0.7591471388005526,0.24085286119944685,0.9998788115901522,0.00012118840720783312
464,92.86190793862575,0.5,0.9166666666666666,0.5833333333333333,0.7593007985154037,0.24069920148459584,0.9998794846374751,0.00012051536021467846
465,93.06204136090727,0.5,0.9166666666666666,0.5833333333333333,0.7594530102979861,0.24054698970201346,0.9998801484477192,0.00011985155038735532
466,93.26217478318878,0.5,0.9166666666666666,0.5833333333333333,0.7596037894565068,0.24039621054349278,0.9998808031837606,0.00011919681485018216
467,93.46230820547031,0.5,0.9166666666666666,0.5833333333333333,0.759753151105933,0.24024684889406653,0.9998814490047294,0.00011855099447172789
468,93.66244162775183,0.5,0.9166666666666666,0.5833333333333333,0.7599011101704486,0.24009888982955088,0.9998820860660559,0.00011791393381830717
469,93.86257505003336,0.5,0.9166666666666666,0.5833333333333333,0.7600476813858187,0.23995231861418082,0.9998827145195106,0.00011728548111380612
470,94.06270847231487,0.5,0.9166666666666666,0.5833333333333333,0.7601928793016626,0.23980712069833696,0.9998833345132379,0.00011666548820583899
471,94.26284189459639,0.5,0.9166666666666666,0.5833333333333333,0.7603367182836352,0.2396632817163643,0.9998839461917831,0.00011605381053823547
472,94.46297531687792,0.5,0.9166666666666666,0.5833333333333333,0.7604792125322359,0.2395207874677636,0.9998845496977848,0.00011545030545877062
473,94.66310873915944,0.5,0.9166666666666666,0.5833333333333333,0.7606203761337214,0.23937962386627823,0.9998851451768792,0.00011485482731522542
474,94.86324216144095,0.5,0.9166666666666666,0.5833333333333333,0.7607602229568542,0.23923977704314536,0.9998857327671962,0.00011426723795742524
475,95.06337558372248,0.5,0.9166666666666666,0.5833333333333333,0.7608987666939107,0.23910123330608893,0.9998863126032792,0.00011368740281775307
476,95.263509006004,0.5,0.9166666666666666,0.5833333333333333,0.761036020869449,0.2389639791305506,0.9998868848167857,0.00011311519021102647
477,95.46364242828552,0.5,0.9166666666666666,0.5833333333333333,0.7611719988425176,0.23882800115748198,0.9998874495365327,0.00011255047128734357
478,95.66377585056703,0.5,0.9166666666666666,0.5833333333333333,0.7613067138087926,0.23869328619120705,0.9998880068885408,0.00011199311998911829
479,95.86390927284856,0.5,0.9166666666666666,0.5833333333333333,0.7614401788026449,0.23855982119735467,0.9998885569960719,0.00011144301301230423
480,96.06404269513008,0.5,0.9166666666666666,0.5833333333333333,0.761572406699138,0.23842759330086163,0.9998890999796635,0.00011090002977180796
481,96.26417611741161,0.5,0.9166666666666666,0.5833333333333333,0.7617034102159538,0.23829658978404572,0.9998896359571586,0.0001103640523710908
482,96.46430953969312,0.5,0.9166666666666666,0.5833333333333333,0.7618332019152504,0.23816679808474917,0.9998901650437323,0.0001098349655759599
483,96.66444296197464,0.5,0.9166666666666666,0.5833333333333333,0.7619617942054475,0.2380382057945521,0.9998906873519126,0.00010931265679254797
484,96.86457638425617,0.5,0.9166666666666666,0.5833333333333333,0.762089199360375,0.2379108006396246,0.9998912029931837,0.00010879701451910335
485,97.06470980653769,0.5,0.9166666666666666,0.5833333333333333,0.7622154295486735,0.23778457045132612,0.9998917120805241,0.0001082879258957389
486,97.2648432288192,0.5,0.9166666666666666,0.5833333333333333,0.7623404967584924,0.23765950324150725,0.9998922147214228,0.00010778528344414607
487,97.46497665110073,0.5,0.9166666666666666,0.5833333333333333,0.7624644128325895,0.2375355871674102,0.9998927110209395,0.00010728898211304273
488,97.66511007338225,0.5,0.9166666666666666,0.5833333333333333,0.7625871894730162,0.23741281052698346,0.9998932010820014,0.00010679891899177823
489,97.86524349566378,0.5,0.9166666666666666,0.5833333333333333,0.762708838242923,0.23729116175707662,0.9998936850054396,0.00010631499327478207
490,98.06537691794529,0.5,0.9166666666666666,0.5833333333333333,0.7628293705683108,0.23717062943168887,0.9998941628900228,0.00010583710622876985
491,98.26551034022681,0.5,0.9166666666666666,0.5833333333333333,0.762948797739728,0.23705120226027157,0.9998946348324883,0.0001053651611627061
492,98.46564376250834,0.5,0.9166666666666666,0.5833333333333333,0.7630671309139149,0.23693286908608477,0.9998951009275706,0.00010489906340052458
493,98.66577718478986,0.5,0.9166666666666666,0.5833333333333333,0.763184381115392,0.23681561888460756,0.999895561268027,0.00010443872025660541
494,98.86591060707137,0.5,0.9166666666666666,0.5833333333333333,0.7633005592379971,0.23669944076200247,0.9998960159446604,0.00010398404101400948
495,99.0660440293529,0.5,0.9166666666666666,0.5833333333333333,0.763415676046366,0.2365843239536336,0.9998964650463399,0.00010353493690546968
496,99.26617745163442,0.5,0.9166666666666666,0.5833333333333333,0.7635297422032171,0.23647025779678255,0.999896908661836,0.00010309131918672727
497,99.46631087391594,0.5,0.9166666666666666,0.5833333333333333,0.7636427682839917,0.23635723171600792,0.9998973468807687,0.00010265309814286597
498,99.66644429619745,0.5,0.9166666666666666,0.5833333333333333,0.7637547646988293,0.23624523530117036,0.99989777978804,0.00010222018893993295
499,99.86657771847898,0.5,0.9166666666666666,0.5833333333333333,0.763865741735505,0.23613425826449466,0.9998982074667736,0.00010179250853806725
500,100.0667111407605,0.5,0.9166666666666666,0.5833333333333333,0.7639757095623304,0.23602429043766923,0.9998986299984404,0.0001013699755615005
501,100.26684456304203,0.5,0.9166666666666666,0.5833333333333333,0.7640846782295169,0.2359153217704828,0.9998990474628768,0.00010095251028094078
502,100.46697798532354,0.5,0.9166666666666666,0.5833333333333333,0.7641926576704903,0.23580734232950937,0.9998994599383005,0.00010054003459828333
503,100.66711140760506,0.5,0.9166666666666666,0.5833333333333333,0.7642996577031584,0.23570034229684125,0.9998998675013249,0.00010013247203364805
504,100.86724482988659,0.5,0.9166666666666666,0.5833333333333333,0.7644056880311294,0.23559431196887032,0.9999002702269696,9.97297477147441e-05
505,101.06737825216811,0.5,0.9166666666666666,0.5833333333333333,0.7645107582448826,0.23548924175511712,0.9999006681886706,9.933178836856107e-05
506,101.26751167444962,0.5,0.9166666666666666,0.5833333333333333,0.7646148778228912,0.23538512217710847,0.9999010614582864,9.893852231538712e-05
507,101.46764509673115,0.5,0.9166666666666666,0.5833333333333333,0.7647180561326969,0.2352819438673027,0.9999014501061028,9.854987946515381e-05
508,101.66777851901267,0.5,0.9166666666666666,0.5833333333333333,0.7648203024319361,0.23517969756806353,0.999901834200835,9.816579131610816e-05
509,101.8679119412942,0.5,0.9166666666666666,0.5833333333333333,0.7649216258693181,0.23507837413068158,0.9999022138096278,9.778619095581106e-05
510,102.0680453635757,0.5,0.9166666666666666,0.5833333333333333,0.7650220354855554,0.23497796451444428,0.9999025889980528,9.741101306446292e-05
511,102.26817878585723,0.5,0.9166666666666666,0.5833333333333333,0.7651215402142459,0.23487845978575375,0.9999029598301042,9.704019392055586e-05
512,102.46831220813876,0.5,0.9166666666666666,0.5833333333333333,0.7652201489515691,0.2347798510484306,0.9999033263724777,9.667366669434989e-05
513,102.66844563042028,0.5,0.9166666666666666,0.5833333333333333,0.7653178705705719,0.23468212942942776,0.9999036886954022,9.631136053392195e-05
514,102.8685790527018,0.5,0.9166666666666666,0.5833333333333333,0.7654147137462117,0.23458528625378794,0.9999040468616913,9.595321260635565e-05
515,103.06871247498331,0.5,0.9166666666666666,0.5833333333333333,0.7655106870542383,0.2344893129457613,0.9999044009328415,9.559916139016629e-05
516,103.26884589726484,0.5,0.9166666666666666,0.5833333333333333,0.7656057989744736,0.23439420102552613,0.9999047509691804,9.524914651198693e-05
517,103.46897931954636,0.5,0.9166666666666666,0.5833333333333333,0.7657000578918935,0.2342999421081061,0.9999050970298787,9.490310873269758e-05
518,103.66911274182789,0.5,0.9166666666666666,0.5833333333333333,0.7657934720976775,0.2342065279023222,0.9999054391729605,9.45609899349311e-05
519,103.8692461641094,0.5,0.9166666666666666,0.5833333333333333,0.7658860497902209,0.23411395020977874,0.9999057774553122,9.422273311195635e-05
520,104.06937958639092,0.5,0.9166666666666666,0.5833333333333333,0.7659777990761162,0.23402220092388346,0.9999061119326905,9.388828235793828e-05
521,104.26951300867245,0.5,0.9166666666666666,0.5833333333333333,0.7660687279710976,0.23393127202890207,0.9999064426597284,9.355758285957537e-05
522,104.46964643095397,0.5,0.9166666666666666,0.5833333333333333,0.7661588444009527,0.23384115559904692,0.9999067696899396,9.323058088911379e-05
523,104.66977985323548,0.5,0.9166666666666666,0.5833333333333333,0.7662481562023997,0.23375184379759995,0.9999070930757225,9.290722379873894e-05
524,104.869913275517,0.5,0.9166666666666666,0.5833333333333333,0.7663366711239298,0.2336633288760699,0.9999074128683607,9.258746001634378e-05
525,105.07004669779853,0.5,0.9166666666666666,0.5833333333333333,0.766424396826616,0.23357560317338366,0.9999077291180253,9.227123904267458e-05
526,105.27018012008006,0.5,0.9166666666666666,0.5833333333333333,0.7665113408848877,0.23348865911511196,0.9999080418737721,9.19585114498534e-05
527,105.47031354236157,0.5,0.9166666666666666,0.5833333333333333,0.7665975107872703,0.23340248921272927,0.99990835118354,9.164922888127792e-05
528,105.67044696464309,0.5,0.9166666666666666,0.5833333333333333,0.7666829139857496,0.23331708601425005,0.9999086570971111,9.134334128269217e-05
529,105.87058038692462,0.5,0.9166666666666666,0.5833333333333333,0.7667675578924832,0.23323244210751645,0.9999089596658636,9.104079713025617e-05
530,106.07071380920614,0.5,0.9166666666666666,0.5833333333333333,0.7668514497787013,0.23314855022129838,0.999909258936568,9.074154922672477e-05
531,106.27084723148765,0.5,0.9166666666666666,0.5833333333333333,0.7669345968361161,0.23306540316388355,0.999909554955083,9.044555124498646e-05
532,106.47098065376917,0.5,0.9166666666666666,0.5833333333333333,0.767017006178502,0.23298299382149767,0.9999098477664072,9.015275767729196e-05
533,106.6711140760507,0.5,0.9166666666666666,0.5833333333333333,0.7670986848425413,0.23290131515745843,0.9999101374146866,8.986312382569806e-05
534,106.87124749833222,0.5,0.9166666666666666,0.5833333333333333,0.7671796397886445,0.23282036021135522,0.9999104239432222,8.957660579338625e-05
535,107.07138092061373,0.5,0.9166666666666666,0.5833333333333333,0.7672598779017459,0.2327401220982538,0.9999107073944752,8.929316047685679e-05
536,107.27151434289526,0.5,0.9166666666666666,0.5833333333333333,0.7673394059920728,0.2326605940079269,0.999910987810073,8.901274555899766e-05
537,107.47164776517678,0.5,0.9166666666666666,0.5833333333333333,0.7674182307958898,0.2325817692041099,0.9999112652308126,8.873531950302877e-05
538,107.67178118745831,0.5,0.9166666666666666,0.5833333333333333,0.7674963589762177,0.232503641023782,0.9999115396966645,8.846084154732133e-05
539,107.87191460973982,0.5,0.9166666666666666,0.5833333333333333,0.7675737971235268,0.2324262028764729,0.9999118112467742,8.81892717010923e-05
540,108.07204803202134,0.5,0.9166666666666666,0.5833333333333333,0.7676505517564048,0.2323494482435949,0.999912079919465,8.792057074097377e-05
541,108.27218145430287,0.5,0.9166666666666666,0.5833333333333333,0.7677266293221995,0.23227337067780024,0.9999123457522373,8.765470020845795e-05
542,108.47231487658439,0.5,0.9166666666666666,0.5833333333333333,0.7678020361976355,0.2321979638023641,0.9999126087817692,8.739162240821682e-05
543,108.6724482988659,0.5,0.9166666666666666,0.5833333333333333,0.7678767786894068,0.23212322131059285,0.9999128690439145,8.713130040729714e-05
544,108.87258172114743,0.5,0.9166666666666666,0.5833333333333333,0.7679508630759072,0.2320491369240925,0.9999131265778229,8.687369599701726e-05
545,109.07271514342895,0.5,0.9166666666666666,0.5833333333333333,0.7680242955943557,0.231975704405644,0.9999133814245933,8.66187703581731e-05
546,109.27284856571048,0.5,0.9166666666666666,0.5833333333333333,0.7680970823722245,0.2319029176277752,0.9999136336203523,8.63664874835023e-05
547,109.47298198799199,0.5,0.9166666666666666,0.5833333333333333,0.7681692294723016,0.23183077052769813,0.9999138832007131,8.611681197350315e-05
548,109.67311541027351,0.5,0.9166666666666666,0.5833333333333333,0.7682407428935857,0.23175925710641399,0.9999141302008113,8.5869709018698e-05
549,109.87324883255503,0.5,0.9166666666666666,0.5833333333333333,0.7683116285719638,0.2316883714280359,0.9999143746553236,8.562514439228072e-05
550,110.07338225483656,0.5,0.9166666666666666,0.5833333333333333,0.7683818923808697,0.23161810761912996,0.9999146165984839,8.538308444330523e-05
551,110.27351567711807,0.5,0.9166666666666666,0.5833333333333333,0.7684515401319244,0.23154845986807523,0.9999148560641002,8.514349609041549e-05
552,110.4736490993996,0.5,0.9166666666666666,0.5833333333333333,0.7685205775755574,0.23147942242444233,0.9999150930855712,8.490634681611672e-05
553,110.67378252168112,0.5,0.9166666666666666,0.5833333333333333,0.7685890104016091,0.2314109895983906,0.9999153276959027,8.467160466158807e-05
554,110.87391594396264,0.5,0.9166666666666666,0.5833333333333333,0.7686568442399155,0.23134315576008416,0.9999155599277233,8.443923822203643e-05
555,111.07404936624415,0.5,0.9166666666666666,0.5833333333333333,0.7687240846608733,0.23127591533912648,0.9999157898133003,8.420921664259165e-05
556,111.27418278852568,0.5,0.9166666666666666,0.5833333333333333,0.7687907371759861,0.23120926282401358,0.9999160173845557,8.398150961474306e-05
557,111.4743162108072,0.5,0.9166666666666666,0.5833333333333333,0.7688568072383934,0.2311431927616063,0.999916242673081,8.375608737331726e-05
558,111.67444963308873,0.5,0.9166666666666666,0.5833333333333333,0.7689223002433792,0.2310776997566206,0.9999164657101526,8.353292069399729e-05
559,111.87458305537024,0.5,0.9166666666666666,0.5833333333333333,0.7689872215288626,0.23101277847113713,0.9999166865267469,8.331198089138311e-05
560,112.07471647765176,0.5,0.9166666666666666,0.5833333333333333,0.7690515764084122,0.23094842359158763,0.9999169051531235,8.309323852930675e-05
561,112.27484989993329,0.5,0.9166666666666666,0.5833333333333333,0.7691153701540318,0.23088462984596805,0.9999171216190738,8.28766641193728e-05
562,112.47498332221481,0.5,0.9166666666666666,0.5833333333333333,0.7691786079540778,0.23082139204592197,0.9999173359544984,8.266222980388645e-05
563,112.67511674449632,0.5,0.9166666666666666,0.5833333333333333,0.7692412949437724,0.23075870505622736,0.9999175481890229,8.244990816455554e-05
564,112.87525016677785,0.5,0.9166666666666666,0.5833333333333333,0.7693034362057841,0.23069656379421566,0.9999177583520081,8.223967221599098e-05
565,113.07538358905937,0.5,0.9166666666666666,0.5833333333333333,0.7693650367707778,0.2306349632292219,0.9999179664725624,8.203149540023524e-05
566,113.2755170113409,0.5,0.9166666666666666,0.5833333333333333,0.7694261016179509,0.23057389838204886,0.9999181725795522,8.182535158164049e-05
567,113.4756504336224,0.5,0.9166666666666666,0.5833333333333333,0.769486635675555,0.2305133643244448,0.9999183767016123,8.162121504209647e-05
568,113.67578385590393,0.5,0.9166666666666666,0.5833333333333333,0.7695466438214047,0.23045335617859508,0.9999185788671572,8.141906047660808e-05
569,113.87591727818545,0.5,0.9166666666666666,0.5833333333333333,0.769606130883372,0.2303938691166278,0.9999187791043901,8.121886298922281e-05
570,114.07605070046698,0.5,0.9166666666666666,0.5833333333333333,0.7696651016398668,0.23033489836013304,0.9999189774413132,8.102059808930766e-05
571,114.27618412274849,0.5,0.9166666666666666,0.5833333333333333,0.7697235608203036,0.23027643917969617,0.9999191739057374,8.082424168817606e-05
572,114.47631754503001,0.5,0.9166666666666666,0.5833333333333333,0.769781513105555,0.2302184868944448,0.9999193685252911,8.062977009606426e-05
573,114.67645096731154,0.5,0.9166666666666666,0.5833333333333333,0.7698389631283901,0.23016103687160966,0.9999195613274292,8.043716001945765e-05
574,114.87658438959306,0.5,0.9166666666666666,0.5833333333333333,0.7698959154739003,0.23010408452609937,0.999919752339442,8.024638855876671e-05
575,115.07671781187457,0.5,0.9166666666666666,0.5833333333333333,0.7699523746799203,0.23004762532007958,0.9999199415884588,8.005743320602018e-05
576,115.2768512341561,0.5,0.9166666666666666,0.5833333333333333,0.7700083452618806,0.22999165473811928,0.9999201290910074,7.987027097677252e-05
577,115.47698465643762,0.5,0.9166666666666666,0.5833333333333333,0.7700638316952384,0.22993616830476138,0.9999203148606927,7.968487904494009e-05
578,115.67711807871915,0.5,0.9166666666666666,0.5833333333333333,0.7701188383919858,0.22988116160801395,0.9999204989183993,7.9501235587272e-05
579,115.87725150100066,0.5,0.9166666666666666,0.5833333333333333,0.7701733697200576,0.2298266302799423,0.9999206812841587,7.931931910777524e-05
580,116.07738492328218,0.5,0.9166666666666666,0.5833333333333333,0.7702274300037875,0.22977256999621232,0.9999208619771066,7.913910843343587e-05
581,116.2775183455637,0.5,0.9166666666666666,0.5833333333333333,0.7702810235243553,0.22971897647564446,0.99992104101544,7.896058271017256e-05
582,116.47765176784523,0.5,0.9166666666666666,0.5833333333333333,0.7703341545202218,0.229665845479778,0.9999212184163712,7.878372139902179e-05
583,116.67778519012674,0.5,0.9166666666666666,0.5833333333333333,0.7703868271875537,0.2296131728124461,0.9999213941960805,7.860850427255536e-05
584,116.87791861240827,0.5,0.9166666666666666,0.5833333333333333,0.7704390456806388,0.22956095431936102,0.999921568369668,7.843491141152965e-05
585,117.07805203468979,0.5,0.9166666666666666,0.5833333333333333,0.7704908141122895,0.2295091858877103,0.9999217409511021,7.826292320176717e-05
586,117.27818545697131,0.5,0.9166666666666666,0.5833333333333333,0.7705421365542368,0.22945786344576305,0.9999219119531678,7.80925203312699e-05
587,117.47831887925283,0.5,0.9166666666666666,0.5833333333333333,0.7705930170375128,0.22940698296248704,0.9999220813874128,7.792368378756481e-05
588,117.67845230153435,0.5,0.9166666666666666,0.5833333333333333,0.7706434595528237,0.2293565404471761,0.9999222492640909,7.775639485528122e-05
589,117.87858572381587,0.5,0.9166666666666666,0.5833333333333333,0.7706934680509115,0.22930653194908826,0.9999224155921057,7.759063511396041e-05
590,118.0787191460974,0.5,0.9166666666666666,0.5833333333333333,0.7707430464429057,0.22925695355709413,0.9999225803789504,7.742638643609703e-05
591,118.27885256837891,0.5,0.9166666666666666,0.5833333333333333,0.7707921987814021,0.2292078012185976,0.9999227436328132,7.726362750966094e-05
592,118.47898599066043,0.5,0.9166666666666666,0.5833333333333333,0.7708409284990776,0.22915907150092213,0.9999229053661658,7.710234824551028e-05
593,118.67911941294196,0.5,0.9166666666666666,0.5833333333333333,0.7708892396674802,0.22911076033251954,0.9999230655992469,7.694252579083913e-05
594,118.87925283522348,0.5,0.9166666666666666,0.5833333333333333,0.7709371360486262,0.22906286395137349,0.9999232243399153,7.678414293603129e-05
595,119.07938625750499,0.5,0.9166666666666666,0.5833333333333333,0.7709846213685523,0.22901537863144739,0.9999233815951389,7.662718270370641e-05
596,119.27951967978652,0.5,0.9166666666666666,0.5833333333333333,0.7710316993175796,0.22896830068242008,0.99992353737098,7.647162834758985e-05
597,119.47965310206804,0.5,0.9166666666666666,0.5833333333333333,0.7710783735505781,0.22892162644942168,0.99992369167258,7.63174633513826e-05
598,119.67978652434957,0.5,0.9166666666666666,0.5833333333333333,0.7711246476872304,0.22887535231276931,0.9999238445041448,7.616467142763113e-05
599,119.87991994663108,0.5,0.9166666666666666,0.5833333333333333,0.7711705253122968,0.22882947468770293,0.9999239958689299,7.601323651659733e-05
600,120.0800533689126,0.5,0.9166666666666666,0.5833333333333333,0.7712160099758788,0.22878399002412092,0.999924145769225,7.586314278512831e-05
601,120.28018679119413,0.5,0.9166666666666666,0.5833333333333333,0.7712611051936836,0.2287388948063161,0.9999242942063397,7.571437462552643e-05
602,120.48032021347565,0.5,0.9166666666666666,0.5833333333333333,0.7713058144472884,0.22869418555271126,0.9999244411805883,7.556691665441901e-05
603,120.68045363575716,0.5,0.9166666666666666,0.5833333333333333,0.7713501411844047,0.22864985881559508,0.999924586691275,7.542075371162838e-05
604,120.88058705803869,0.5,0.9166666666666666,0.5833333333333333,0.771394088819142,0.22860591118085777,0.9999247307366786,7.527587085904165e-05
605,121.08072048032021,0.5,0.9166666666666666,0.5833333333333333,0.7714376607322727,0.22856233926772695,0.9999248733140382,7.513225337948068e-05
606,121.28085390260173,0.5,0.9166666666666666,0.5833333333333333,0.7714808602714963,0.2285191397285034,0.9999250144195377,7.498988677557193e-05
607,121.48098732488324,0.5,0.9166666666666666,0.5833333333333333,0.7715236907516781,0.22847630924832157,0.9999251540495022,7.484875676735589e-05
608,121.68112074716477,0.5,0.9166666666666666,0.5833333333333333,0.7715661554516601,0.2284338445483396,0.9999252923683647,7.470884911630952e-05
609,121.8812541694463,0.5,0.9166666666666666,0.5833333333333333,0.7716082576146934,0.2283917423853063,0.9999254297004536,7.457014963274842e-05
610,122.08138759172782,0.5,0.9166666666666666,0.5833333333333333,0.7716500004506414,0.22834999954935833,0.9999255664356899,7.443264427283923e-05
611,122.28152101400933,0.5,0.9166666666666666,0.5833333333333333,0.7716913871425615,0.2283086128574383,0.999925702895648,7.429631917874967e-05
612,122.48165443629085,0.5,0.9166666666666666,0.5833333333333333,0.7717324208713521,0.22826757912864767,0.9999258386946688,7.416116103287589e-05
613,122.68178785857238,0.5,0.9166666666666666,0.5833333333333333,0.7717731047890971,0.2282268952109027,0.9999259734638695,7.402715663437469e-05
614,122.8819212808539,0.5,0.9166666666666666,0.5833333333333333,0.7718134420275445,0.22818655797245524,0.9999261066320564,7.389429302411377e-05
615,123.08205470313541,0.5,0.9166666666666666,0.5833333333333333,0.7718534356585246,0.22814656434147515,0.9999262382573598,7.376255724917626e-05
616,123.28218812541694,0.5,0.9166666666666666,0.5833333333333333,0.771893088716633,0.22810691128336685,0.9999263685512308,7.363193650703043e-05
617,123.48232154769846,0.5,0.9166666666666666,0.5833333333333333,0.7719324042078665,0.22806759579213337,0.9999264976987811,7.350241820187919e-05
618,123.68245496997999,0.5,0.9166666666666666,0.5833333333333333,0.7719713851099704,0.22802861489002935,0.9999266258717373,7.337398991328444e-05
619,123.8825883922615,0.5,0.9166666666666666,0.5833333333333333,0.7720100343846062,0.22798996561539353,0.999926752998143,7.324663942632688e-05
620,124.08272181454302,0.5,0.9166666666666666,0.5833333333333333,0.7720483549559223,0.2279516450440775,0.9999268791830943,7.312035466842807e-05
621,124.28285523682455,0.5,0.9166666666666666,0.5833333333333333,0.7720863497198627,0.22791365028013716,0.9999270045390678,7.29951237263913e-05
622,124.48298865910607,0.5,0.9166666666666666,0.5833333333333333,0.7721240215564149,0.2278759784435849,0.9999271290034117,7.28709348278839e-05
623,124.68312208138758,0.5,0.9166666666666666,0.5833333333333333,0.7721613733212962,0.22783862667870355,0.9999272524684486,7.274777635086066e-05
624,124.8832555036691,0.5,0.9166666666666666,0.5833333333333333,0.772198407845426,0.2278015921545739,0.9999273748112678,7.262563681453066e-05
625,125.08338892595063,0.5,0.9166666666666666,0.5833333333333333,0.7722351279333841,0.22776487206661578,0.9999274958412565,7.250450491694106e-05
626,125.28352234823215,0.5,0.9166666666666666,0.5833333333333333,0.772271536340337,0.22772846365966298,0.9999276158180772,7.238436949593537e-05
627,125.48365577051366,0.5,0.9166666666666666,0.5833333333333333,0.7723076358053275,0.2276923641946724,0.9999277347977897,7.226521954270052e-05
628,125.68378919279519,0.5,0.9166666666666666,0.5833333333333333,0.7723434290402962,0.22765657095970365,0.9999278528651444,7.214704418995275e-05
629,125.88392261507671,0.5,0.9166666666666666,0.5833333333333333,0.7723789187434056,0.22762108125659422,0.9999279699257546,7.202983269364116e-05
630,126.08405603735824,0.5,0.9166666666666666,0.5833333333333333,0.7724141075782599,0.22758589242173985,0.9999280860302056,7.191357446148127e-05
631,126.28418945963975,0.5,0.9166666666666666,0.5833333333333333,0.7724489981795174,0.22755100182048243,0.9999282012865235,7.179825904524904e-05
632,126.48432288192127,0.5,0.9166666666666666,0.5833333333333333,0.7724835931571092,0.22751640684289062,0.9999283158008774,7.168387613224073e-05
633,126.6844563042028,0.5,0.9166666666666666,0.5833333333333333,0.772517895113127,0.2274821048868729,0.999928429450013,7.157041550697519e-05
634,126.88458972648432,0.5,0.9166666666666666,0.5833333333333333,0.7725519066188893,0.22744809338111055,0.9999285421902949,7.145786710320333e-05
635,127.08472314876583,0.5,0.9166666666666666,0.5833333333333333,0.7725856302194734,0.22741436978052645,0.9999286539966433,7.134622099363183e-05
636,127.28485657104736,0.5,0.9166666666666666,0.5833333333333333,0.7726190684358316,0.22738093156416825,0.9999287648426276,7.123546738150799e-05
637,127.48498999332888,0.5,0.9166666666666666,0.5833333333333333,0.772652223765998,0.2273477762340019,0.9999288747588337,7.11255965665943e-05
638,127.6851234156104,0.5,0.9166666666666666,0.5833333333333333,0.7726850986836538,0.22731490131634619,0.9999289837634612,7.101659898562701e-05
639,127.88525683789192,0.5,0.9166666666666666,0.5833333333333333,0.7727176956382695,0.22728230436173041,0.999929091869201,7.090846520830609e-05
640,128.08539026017345,0.5,0.9166666666666666,0.5833333333333333,0.7727500170556354,0.22724998294436452,0.9999291990923374,7.080118592933102e-05
641,128.28552368245496,0.5,0.9166666666666666,0.5833333333333333,0.7727820653427687,0.22721793465723117,0.999929305453362,7.069475192997755e-05
642,128.48565710473648,0.5,0.9166666666666666,0.5833333333333333,0.7728138428828749,0.22718615711712498,0.9999294109763431,7.058915411754892e-05
643,128.685790527018,0.5,0.9166666666666666,0.5833333333333333,0.7728453520351118,0.22715464796488805,0.9999295156888958,7.048438352722141e-05
644,128.88592394929952,0.5,0.9166666666666666,0.5833333333333333,0.772876595332537,0.2271234046674628,0.9999296196535656,7.038043029225301e-05
645,129.08605737158106,0.5,0.9166666666666666,0.5833333333333333,0.7729075745643612,0.2270924254356387,0.9999297227793048,7.027728840355076e-05
646,129.28619079386257,0.5,0.9166666666666666,0.5833333333333333,0.7729382924529388,0.22706170754706115,0.9999298251303993,7.017494701035591e-05
647,129.48632421614408,0.5,0.9166666666666666,0.5833333333333333,0.7729687512226824,0.2270312487773176,0.9999299266983448,7.007339784613164e-05
648,129.68645763842562,0.5,0.9166666666666666,0.5833333333333333,0.772998953097528,0.22700104690247194,0.999930027474993,6.99726326464473e-05
649,129.88659106070713,0.5,0.9166666666666666,0.5833333333333333,0.7730289002741699,0.22697109972582996,0.9999301274725338,6.987264326730472e-05
650,130.08672448298864,0.5,0.9166666666666666,0.5833333333333333,0.7730585949500584,0.22694140504994156,0.9999302267025929,6.977342156136393e-05
651,130.28685790527018,0.5,0.9166666666666666,0.5833333333333333,0.7730880393345273,0.2269119606654727,0.9999303251679235,6.967495932874781e-05
652,130.4869913275517,0.5,0.9166666666666666,0.5833333333333333,0.7731172356369107,0.2268827643630893,0.9999304228712788,6.957724836957933e-05
653,130.68712474983323,0.5,0.9166666666666666,0.5833333333333333,0.7731461860639814,0.22685381393601856,0.9999305198156375,6.94802804964906e-05
654,130.88725817211474,0.5,0.9166666666666666,0.5833333333333333,0.7731748926736831,0.22682510732631683,0.999930616017087,6.938404824900229e-05
655,131.08739159439625,0.5,0.9166666666666666,0.5833333333333333,0.7732033575276345,0.22679664247236556,0.9999307114913906,6.92885441486866e-05
656,131.2875250166778,0.5,0.9166666666666666,0.5833333333333333,0.773231582752671,0.226768417247329,0.9999308062485674,6.919376039859233e-05
657,131.4876584389593,0.5,0.9166666666666666,0.5833333333333333,0.7732595704756284,0.2267404295243715,0.9999309002986372,6.909968920176828e-05
658,131.6877918612408,0.5,0.9166666666666666,0.5833333333333333,0.7732873228204369,0.226712677179563,0.9999309936515345,6.900632277534764e-05
659,131.88792528352235,0.5,0.9166666666666666,0.5833333333333333,0.7733148417394214,0.22668515826057847,0.9999310863121968,6.891365416828097e-05
660,132.08805870580386,0.5,0.9166666666666666,0.5833333333333333,0.7733421291886174,0.22665787081138253,0.9999311782856701,6.882167641153389e-05
661,132.2881921280854,0.5,0.9166666666666666,0.5833333333333333,0.7733691871995965,0.2266308128004034,0.9999312695791994,6.873038216992615e-05
662,132.4883255503669,0.5,0.9166666666666666,0.5833333333333333,0.7733960178039305,0.22660398219606942,0.99993136020003,6.86397641082775e-05
663,132.68845897264842,0.5,0.9166666666666666,0.5833333333333333,0.7734226230304765,0.22657737696952343,0.9999314501553688,6.854981490428265e-05
664,132.88859239492996,0.5,0.9166666666666666,0.5833333333333333,0.7734490047451195,0.22655099525488048,0.9999315394501104,6.846052800858609e-05
665,133.08872581721147,0.5,0.9166666666666666,0.5833333333333333,0.773475164816765,0.22652483518323485,0.9999316280891926,6.837189685750542e-05
666,133.28885923949298,0.5,0.9166666666666666,0.5833333333333333,0.7735011051863789,0.22649889481362095,0.9999317160785752,6.828391454558992e-05
667,133.48899266177452,0.5,0.9166666666666666,0.5833333333333333,0.7735268277949269,0.2264731722050731,0.9999318034242184,6.819657416738892e-05
668,133.68912608405603,0.5,0.9166666666666666,0.5833333333333333,0.7735523345791632,0.2264476654208367,0.9999318901320985,6.810986883695709e-05
669,133.88925950633757,0.5,0.9166666666666666,0.5833333333333333,0.7735776272319955,0.22642237276800437,0.9999319762091667,6.802379279783846e-05
670,134.08939292861908,0.5,0.9166666666666666,0.5833333333333333,0.773602707489567,0.22639729251043283,0.9999320616622013,6.793834009331046e-05
671,134.2895263509006,0.5,0.9166666666666666,0.5833333333333333,0.7736275772093245,0.22637242279067535,0.9999321464974955,6.785350420477833e-05
672,134.48965977318213,0.5,0.9166666666666666,0.5833333333333333,0.7736522382487147,0.22634776175128524,0.9999322307213432,6.776927861364724e-05
673,134.68979319546364,0.5,0.9166666666666666,0.5833333333333333,0.7736766924651842,0.22632330753481575,0.9999323143400378,6.768565680132248e-05
674,134.88992661774515,0.5,0.9166666666666666,0.5833333333333333,0.7737009417161798,0.22629905828382016,0.9999323973598729,6.760263224920921e-05
675,135.09006004002669,0.5,0.9166666666666666,0.5833333333333333,0.7737249878591482,0.22627501214085174,0.9999324797871421,6.752019843871268e-05
676,135.2901934623082,0.5,0.9166666666666666,0.5833333333333333,0.7737488327515362,0.22625116724846378,0.9999325616281389,6.743834885123811e-05
677,135.49032688458973,0.5,0.9166666666666666,0.5833333333333333,0.773772478168056,0.2262275218319438,0.9999326428890934,6.73570773417338e-05
678,135.69046030687124,0.5,0.9166666666666666,0.5833333333333333,0.7737959254348727,0.22620407456512714,0.9999327235758924,6.727637979033062e-05
679,135.89059372915276,0.5,0.9166666666666666,0.5833333333333333,0.7738191761968598,0.2261808238031401,0.999932803694666,6.719625063819592e-05
680,136.0907271514343,0.5,0.9166666666666666,0.5833333333333333,0.7738422321697024,0.2261577678302975,0.9999328832515995,6.711668400678476e-05
681,136.2908605737158,0.5,0.9166666666666666,0.5833333333333333,0.7738650950690857,0.22613490493091415,0.9999329622528778,6.703767401755229e-05
682,136.49099399599731,0.5,0.9166666666666666,0.5833333333333333,0.773887766610695,0.22611223338930486,0.9999330407046856,6.695921479195356e-05
683,136.69112741827885,0.5,0.9166666666666666,0.5833333333333333,0.7739102485102155,0.2260897514897844,0.999933118613208,6.688130045144364e-05
684,136.89126084056036,0.5,0.9166666666666666,0.5833333333333333,0.7739325424833322,0.22606745751666762,0.9999331959846298,6.680392511747768e-05
685,137.0913942628419,0.5,0.9166666666666666,0.5833333333333333,0.7739546502457306,0.22604534975426932,0.9999332728251361,6.672708291151072e-05
686,137.2915276851234,0.5,0.9166666666666666,0.5833333333333333,0.7739765732904679,0.22602342670953188,0.9999333491394155,6.665076892748578e-05
687,137.49166110740492,0.5,0.9166666666666666,0.5833333333333333,0.7739983128951291,0.2260016871048707,0.9999334249307082,6.657497920058072e-05
688,137.69179452968646,0.5,0.9166666666666666,0.5833333333333333,0.7740198706423387,0.22598012935766112,0.9999335002043053,6.649970843348897e-05
689,137.89192795196797,0.5,0.9166666666666666,0.5833333333333333,0.7740412481195192,0.2259587518804805,0.9999335749655291,6.642495130794588e-05
690,138.09206137424948,0.5,0.9166666666666666,0.5833333333333333,0.7740624469140934,0.2259375530859063,0.999933649219703,6.635070250568679e-05
691,138.29219479653102,0.5,0.9166666666666666,0.5833333333333333,0.7740834686134839,0.22591653138651593,0.9999337229721494,6.627695670844703e-05
692,138.49232821881253,0.5,0.9166666666666666,0.5833333333333333,0.7741043148051129,0.22589568519488687,0.9999337962281915,6.620370859796197e-05
693,138.69246164109407,0.5,0.9166666666666666,0.5833333333333333,0.7741249870764033,0.2258750129235965,0.999933868993152,6.613095285596692e-05
694,138.89259506337558,0.5,0.9166666666666666,0.5833333333333333,0.7741454841493237,0.22585451585067612,0.9999339412537648,6.605869628710012e-05
695,139.0927284856571,0.5,0.9166666666666666,0.5833333333333333,0.7741658140690992,0.2258341859309006,0.9999340130572463,6.598690625201015e-05
696,139.29286190793863,0.5,0.9166666666666666,0.5833333333333333,0.7741859738005211,0.22581402619947877,0.9999340843789312,6.591559698944294e-05
697,139.49299533022014,0.5,0.9166666666666666,0.5833333333333333,0.7742059649074692,0.22579403509253065,0.9999341552239895,6.584476328073576e-05
698,139.69312875250165,0.5,0.9166666666666666,0.5833333333333333,0.774225788940181,0.2257742110598188,0.9999342255975029,6.577439996494351e-05
699,139.8932621747832,0.5,0.9166666666666666,0.5833333333333333,0.7742454474352515,0.22575455256474838,0.9999342955044646,6.570450193883873e-05
700,140.0933955970647,0.5,0.9166666666666666,0.5833333333333333,0.7742649419156328,0.22573505808436703,0.9999343649497792,6.563506415691164e-05
701,140.29352901934624,0.5,0.9166666666666666,0.5833333333333333,0.7742842738906348,0.22571572610936502,0.9999344339382626,6.556608163137014e-05
702,140.49366244162775,0.5,0.9166666666666666,0.5833333333333333,0.7743034448559247,0.2256965551440751,0.9999345024746428,6.549754943213977e-05
703,140.69379586390926,0.5,0.9166666666666666,0.5833333333333333,0.7743224562291224,0.22567754377087748,0.9999345705634767,6.542946294438422e-05
704,140.8939292861908,0.5,0.9166666666666666,0.5833333333333333,0.7743413091673267,0.22565869083267323,0.9999346382089187,6.536181859811835e-05
705,141.0940627084723,0.5,0.9166666666666666,0.5833333333333333,0.7743600050196314,0.22563999498036846,0.9999347054152964,6.52946120588407e-05
706,141.29419613075382,0.5,0.9166666666666666,0.5833333333333333,0.7743785451477595,0.22562145485224036,0.9999347721868824,6.522783894472252e-05
707,141.49432955303536,0.5,0.9166666666666666,0.5833333333333333,0.7743969308953057,0.22560306910469421,0.999934838527855,6.516149494958747e-05
708,141.69446297531687,0.5,0.9166666666666666,0.5833333333333333,0.7744151635877367,0.2255848364122632,0.9999349044422985,6.509557584291178e-05
709,141.8945963975984,0.5,0.9166666666666666,0.5833333333333333,0.7744332445323914,0.22556675546760852,0.9999349699342027,6.503007746982407e-05
710,142.09472981987992,0.5,0.9166666666666666,0.5833333333333333,0.7744511750184806,0.22554882498151935,0.9999350350074634,6.496499575110545e-05
711,142.29486324216143,0.5,0.9166666666666666,0.5833333333333333,0.7744689563170871,0.22553104368291277,0.999935099665882,6.490032668318951e-05
712,142.49499666444297,0.5,0.9166666666666666,0.5833333333333333,0.7744865896811659,0.22551341031883393,0.9999351639131658,6.483606633816225e-05
713,142.69513008672448,0.5,0.9166666666666666,0.5833333333333333,0.774504076345544,0.22549592365445592,0.999935227752928,6.47722108637622e-05
714,142.89526350900599,0.5,0.9166666666666666,0.5833333333333333,0.7745214175269202,0.22547858247307978,0.9999352911886873,6.47087564833803e-05
715,143.09539693128752,0.5,0.9166666666666666,0.5833333333333333,0.7745386144238654,0.22546138557613452,0.9999353542238685,6.464569949605998e-05
716,143.29553035356903,0.5,0.9166666666666666,0.5833333333333333,0.7745556682168226,0.2254443317831772,0.999935416861802,6.458303627649716e-05
717,143.49566377585057,0.5,0.9166666666666666,0.5833333333333333,0.7745725800681071,0.22542741993189275,0.9999354791057239,6.452076327504015e-05
718,143.69579719813208,0.5,0.9166666666666666,0.5833333333333333,0.7745893511219057,0.22541064887809417,0.9999355409587763,6.44588770176898e-05
719,143.8959306204136,0.5,0.9166666666666666,0.5833333333333333,0.7746059826869974,0.22539401731300246,0.9999356024261367,6.439737324173822e-05
720,144.09606404269513,0.5,0.9166666666666666,0.5833333333333333,0.7746224761233779,0.225377523876622,0.9999356635136959,6.433624743209334e-05
721,144.29619746497664,0.5,0.9166666666666666,0.5833333333333333,0.7746388325976284,0.22536116740237142,0.9999357242252084,6.427549597851193e-05
722,144.49633088725815,0.5,0.9166666666666666,0.5833333333333333,0.7746550532625368,0.2253449467374631,0.9999357845643845,6.421511532589992e-05
723,144.6964643095397,0.5,0.9166666666666666,0.5833333333333333,0.774671139257248,0.22532886074275194,0.9999358445348927,6.415510197359738e-05
724,144.8965977318212,0.5,0.9166666666666666,0.5833333333333333,0.7746870917072645,0.22531290829273545,0.9999359041403597,6.409545247537852e-05
725,145.09673115410274,0.5,0.9166666666666666,0.5833333333333333,0.7747029117244462,0.2252970882755537,0.9999359633843702,6.403616343945157e-05
726,145.29686457638425,0.5,0.9166666666666666,0.5833333333333333,0.7747186004070106,0.22528139959298926,0.9999360222704667,6.39772315284589e-05
727,145.49699799866576,0.5,0.9166666666666666,0.5833333333333333,0.7747341588395326,0.22526584116046733,0.9999360808021502,6.391865345947693e-05
728,145.6971314209473,0.5,0.9166666666666666,0.5833333333333333,0.7747495880929443,0.22525041190705558,0.9999361389828795,6.386042600401619e-05
729,145.8972648432288,0.5,0.9166666666666666,0.5833333333333333,0.7747648892245355,0.22523511077546438,0.9999361968160714,6.380254598802134e-05
730,146.09739826551032,0.5,0.9166666666666666,0.5833333333333333,0.7747800632779533,0.22521993672204652,0.9999362543051009,6.374501029187108e-05
731,146.29753168779186,0.5,0.9166666666666666,0.5833333333333333,0.7747951112832024,0.22520488871679742,0.999936311453301,6.368781585037822e-05
732,146.49766511007337,0.5,0.9166666666666666,0.5833333333333333,0.7748100342566449,0.22518996574335504,0.9999363682639628,6.363095965278969e-05
733,146.6977985323549,0.5,0.9166666666666666,0.5833333333333333,0.774824833201,0.2251751667989999,0.9999364247403355,6.357443874278644e-05
734,146.89793195463642,0.5,0.9166666666666666,0.5833333333333333,0.7748395091267933,0.2251604908732065,0.9999364808857707,6.351825012123362e-05
735,147.09806537691793,0.5,0.9166666666666666,0.5833333333333333,0.7748540632726075,0.22514593672739236,0.9999365367052052,6.346238974754142e-05
736,147.29819879919947,0.5,0.9166666666666666,0.5833333333333333,0.7748684967305525,0.22513150326944736,0.9999365922026395,6.340685423781718e-05
737,147.49833222148098,0.5,0.9166666666666666,0.5833333333333333,0.7748828105188378,0.22511718948116205,0.9999366473816269,6.335164053581866e-05
738,147.6984656437625,0.5,0.9166666666666666,0.5833333333333333,0.7748970056460404,0.22510299435395953,0.9999367022457053,6.329674562155577e-05
739,147.89859906604403,0.5,0.9166666666666666,0.5833333333333333,0.7749110831111045,0.2250889168888954,0.9999367567983979,6.324216651129057e-05
740,148.09873248832554,0.5,0.9166666666666666,0.5833333333333333,0.774925043903342,0.22507495609665779,0.9999368110432131,6.318790025753728e-05
741,148.29886591060708,0.5,0.9166666666666666,0.5833333333333333,0.7749388890024325,0.22506111099756734,0.9999368649836439,6.313394394906225e-05
742,148.4989993328886,0.5,0.9166666666666666,0.5833333333333333,0.7749526193784226,0.22504738062157723,0.9999369186231688,6.308029471088407e-05
743,148.6991327551701,0.5,0.9166666666666666,0.5833333333333333,0.7749662359917268,0.22503376400827305,0.9999369719652511,6.302694970427342e-05
744,148.89926617745164,0.5,0.9166666666666666,0.5833333333333333,0.7749797397931268,0.22502026020687302,0.9999370250133394,6.297390612675315e-05
745,149.09939959973315,0.5,0.9166666666666666,0.5833333333333333,0.774993131723772,0.22500686827622784,0.999937077770867,6.292116121209828e-05
746,149.29953302201466,0.5,0.9166666666666666,0.5833333333333333,0.7750064127151791,0.22499358728482072,0.9999371302412526,6.2868712230336e-05
747,149.4996664442962,0.5,0.9166666666666666,0.5833333333333333,0.7750195836892325,0.22498041631076734,0.9999371824278999,6.281655648774563e-05
748,149.6997998665777,0.5,0.9166666666666666,0.5833333333333333,0.7750326455581839,0.22496735444181598,0.9999372343341973,6.276469132685867e-05
749,149.89993328885924,0.5,0.9166666666666666,0.5833333333333333,0.7750455992246525,0.22495440077534734,0.9999372859635188,6.271311412645879e-05
750,150.10006671114076,0.5,0.9166666666666666,0.5833333333333333,0.7750584456097387,0.22494155439026123,0.9999373373180639,6.26618221601892e-05
751,150.30020013342227,0.5,0.9166666666666666,0.5833333333333333,0.7750711856761685,0.22492881432383138,0.9999373883979038,6.261081248014784e-05
752,150.5003335557038,0.5,0.9166666666666666,0.5833333333333333,0.7750838203206937,0.22491617967930622,0.999937439205418,6.25600824580493e-05
753,150.70046697798531,0.5,0.9166666666666666,0.5833333333333333,0.7750963504285695,0.22490364957143036,0.9999374897430476,6.25096295112341e-05
754,150.90060040026682,0.5,0.9166666666666666,0.5833333333333333,0.775108776876604,0.22489122312339593,0.9999375400131701,6.245945108733415e-05
755,151.10073382254836,0.5,0.9166666666666666,0.5833333333333333,0.7751211005331576,0.2248788994668422,0.9999375900180993,6.240954466427277e-05
756,151.30086724482987,0.5,0.9166666666666666,0.5833333333333333,0.775133322258144,0.22486667774185587,0.9999376397600848,6.235990775026466e-05
757,151.5010006671114,0.5,0.9166666666666666,0.5833333333333333,0.7751454429030289,0.22485455709697091,0.9999376892413127,6.23105378838159e-05
758,151.70113408939292,0.5,0.9166666666666666,0.5833333333333333,0.7751574633108312,0.22484253668916865,0.9999377384639051,6.226143263372399e-05
759,151.90126751167443,0.5,0.9166666666666666,0.5833333333333333,0.7751693843161221,0.22483061568387766,0.9999377874299206,6.221258959907778e-05
760,152.10140093395597,0.5,0.9166666666666666,0.5833333333333333,0.775181206745026,0.2248187932549739,0.9999378361413536,6.216400640925755e-05
761,152.30153435623748,0.5,0.9166666666666666,0.5833333333333333,0.7751929314152193,0.22480706858478064,0.999937884600135,6.211568072393494e-05
762,152.501667778519,0.5,0.9166666666666666,0.5833333333333333,0.7752045591359314,0.2247954408640684,0.9999379328081317,6.2067610233073e-05
763,152.70180120080053,0.5,0.9166666666666666,0.5833333333333333,0.7752160907079447,0.22478390929205513,0.9999379807671469,6.201979265692616e-05
764,152.90193462308204,0.5,0.9166666666666666,0.5833333333333333,0.7752275269235939,0.22477247307640602,0.99993802847892,6.197222574604025e-05
765,153.10206804536358,0.5,0.9166666666666666,0.5833333333333333,0.7752388680272042,0.22476113197279554,0.9999380759614356,6.19249097082671e-05
766,153.3022014676451,0.5,0.9166666666666666,0.5833333333333333,0.7752501160898363,0.22474988391016348,0.999938123177143,6.18778365268803e-05
767,153.5023348899266,0.5,0.9166666666666666,0.5833333333333333,0.775261271198998,0.2247387288010018,0.999938170148129,6.183100709970437e-05
768,153.70246831220814,0.5,0.9166666666666666,0.5833333333333333,0.7752723341400266,0.22472766585997314,0.9999382168750678,6.178441917793778e-05
769,153.90260173448965,0.5,0.9166666666666666,0.5833333333333333,0.7752833056899681,0.22471669431003177,0.999938263358565,6.173807054236985e-05
770,154.1027351567712,0.5,0.9166666666666666,0.5833333333333333,0.7752941866176494,0.22470581338235046,0.9999383095991556,6.169195900305244e-05
771,154.3028685790527,0.5,0.9166666666666666,0.5833333333333333,0.7753049776837522,0.2246950223162476,0.999938355597302,6.164608239897165e-05
772,154.5030020013342,0.5,0.9166666666666666,0.5833333333333333,0.7753156796408855,0.22468432035911426,0.999938401353391,6.160043859771952e-05
773,154.70313542361575,0.5,0.9166666666666666,0.5833333333333333,0.7753262932336586,0.2246737067663411,0.9999384468677321,6.155502549516577e-05
774,154.90326884589726,0.5,0.9166666666666666,0.5833333333333333,0.7753368191987544,0.22466318080124542,0.9999384921405556,6.150984101512944e-05
775,155.10340226817877,0.5,0.9166666666666666,0.5833333333333333,0.7753472582650016,0.2246527417349982,0.9999385371720098,6.146488310905063e-05
776,155.3035356904603,0.5,0.9166666666666666,0.5833333333333333,0.7753576111534488,0.22464238884655105,0.9999385819621589,6.142014975566215e-05
777,155.50366911274182,0.5,0.9166666666666666,0.5833333333333333,0.7753678785774365,0.22463212142256334,0.9999386265109812,6.137563896066136e-05
778,155.70380253502336,0.5,0.9166666666666666,0.5833333333333333,0.7753780612426707,0.22462193875732908,0.9999386708183666,6.133134875638164e-05
779,155.90393595730487,0.5,0.9166666666666666,0.5833333333333333,0.7753881598472957,0.22461184015270408,0.9999387148841142,6.128727720146434e-05
780,156.10406937958638,0.5,0.9166666666666666,0.5833333333333333,0.7753981750819671,0.22460182491803277,0.9999387587079307,6.124342238053027e-05
781,156.30420280186792,0.5,0.9166666666666666,0.5833333333333333,0.7754081076455703,0.22459189235442942,0.9999388022886824,6.11997823382568e-05
782,156.50433622414943,0.5,0.9166666666666666,0.5833333333333333,0.7754179583057861,0.22458204169421367,0.9999388456215134,6.115635482544287e-05
783,156.70446964643094,0.5,0.9166666666666666,0.5833333333333333,0.775427727758583,0.2245722722414167,0.999938888704537,6.111313788805033e-05
784,156.90460306871248,0.5,0.9166666666666666,0.5833333333333333,0.7754374166808746,0.22456258331912518,0.999938931536329,6.107012964642432e-05
785,157.104736490994,0.5,0.9166666666666666,0.5833333333333333,0.7754470257432586,0.22455297425674117,0.9999389741153232,6.102732824185855e-05
786,157.30486991327552,0.5,0.9166666666666666,0.5833333333333333,0.775456555610108,0.2245434443898918,0.9999390164398081,6.098473183619492e-05
787,157.50500333555703,0.5,0.9166666666666666,0.5833333333333333,0.7754660069396605,0.22453399306033925,0.9999390585079239,6.0942338611423386e-05
788,157.70513675783855,0.5,0.9166666666666666,0.5833333333333333,0.7754753803841091,0.22452461961589062,0.999939100317659,6.0900146769281586e-05
789,157.90527018012008,0.5,0.9166666666666666,0.5833333333333333,0.7754846765896921,0.22451532341030764,0.999939141866848,6.085815453085467e-05
790,158.1054036024016,0.5,0.9166666666666666,0.5833333333333333,0.7754938961967831,0.22450610380321662,0.9999391831531674,6.0816360136175e-05
791,158.3055370246831,0.5,0.9166666666666666,0.5833333333333333,0.7755030398399815,0.22449696016001833,0.9999392241741338,6.0774761843821906e-05
792,158.50567044696464,0.5,0.9166666666666666,0.5833333333333333,0.775512108148202,0.22448789185179774,0.9999392649271002,6.073335793052141e-05
793,158.70580386924615,0.5,0.9166666666666666,0.5833333333333333,0.7755211017447657,0.224478898255234,0.9999393054092529,6.0692146690746004e-05
794,158.9059372915277,0.5,0.9166666666666666,0.5833333333333333,0.7755300212474896,0.22446997875251015,0.9999393456176089,6.065112643631434e-05
795,159.1060707138092,0.5,0.9166666666666666,0.5833333333333333,0.7755388672687766,0.2244611327312231,0.9999393855490125,6.061029549599102e-05
796,159.3062041360907,0.5,0.9166666666666666,0.5833333333333333,0.7755476404157063,0.2244523595842934,0.9999394252001326,6.056965221508633e-05
797,159.50633755837225,0.5,0.9166666666666666,0.5833333333333333,0.7755563412901246,0.22444365870987512,0.9999394645674593,6.052919495505594e-05
798,159.70647098065376,0.5,0.9166666666666666,0.5833333333333333,0.7755649704887341,0.2244350295112657,0.9999395036473012,6.04889220931007e-05
799,159.90660440293527,0.5,0.9166666666666666,0.5833333333333333,0.775573528603184,0.2244264713968158,0.9999395424357823,6.044883202176636e-05
800,160.1067378252168,0.5,0.9166666666666666,0.5833333333333333,0.7755820162201607,0.22441798377983907,0.9999395809288388,6.040892314854329e-05
801,160.30687124749832,0.5,0.9166666666666666,0.5833333333333333,0.7755904339214775,0.22440956607852222,0.9999396191222165,6.036919389546627e-05
802,160.50700466977986,0.5,0.9166666666666666,0.5833333333333333,0.7755987822841652,0.2244012177158346,0.9999396570114673,6.032964269871418e-05
803,160.70713809206137,0.5,0.9166666666666666,0.5833333333333333,0.7756070618805616,0.22439293811943822,0.9999396945919461,6.0290268008209796e-05
804,160.90727151434288,0.5,0.9166666666666666,0.5833333333333333,0.7756152732784022,0.22438472672159757,0.9999397318588086,6.0251068287219476e-05
805,161.10740493662442,0.5,0.9166666666666666,0.5833333333333333,0.7756234170409104,0.2243765829590894,0.9999397688070073,6.0212042011952936e-05
806,161.30753835890593,0.5,0.9166666666666666,0.5833333333333333,0.7756314937268871,0.22436850627311272,0.9999398054312891,6.0173187671163e-05
807,161.50767178118744,0.5,0.9166666666666666,0.5833333333333333,0.7756395038908013,0.22436049610919848,0.999939841726192,6.0134503765745316e-05
808,161.70780520346898,0.5,0.9166666666666666,0.5833333333333333,0.7756474480828803,0.2243525519171195,0.9999398776860421,6.00959888083381e-05
809,161.9079386257505,0.5,0.9166666666666666,0.5833333333333333,0.7756553268491995,0.22434467315080034,0.9999399133049508,6.005764132292191e-05
810,162.10807204803203,0.5,0.9166666666666666,0.5833333333333333,0.7756631407317727,0.22433685926822716,0.9999399485768113,6.001945984441934e-05
811,162.30820547031354,0.5,0.9166666666666666,0.5833333333333333,0.7756708902693231,0.22432910973067657,0.999939983594923,5.9981442912041685e-05
812,162.50833889259505,0.5,0.9166666666666666,0.5833333333333333,0.7756785759979914,0.2243214240020083,0.999940018642343,5.99435890632174e-05
813,162.7084723148766,0.5,0.9166666666666666,0.5833333333333333,0.7756861984493902,0.22431380155060948,0.9999400538941362,5.9905896851880226e-05
814,162.9086057371581,0.5,0.9166666666666666,0.5833333333333333,0.7756937581516313,0.22430624184836834,0.9999400895543995,5.986836483946827e-05
815,163.1087391594396,0.5,0.9166666666666666,0.5833333333333333,0.7757012556294705,0.22429874437052924,0.9999401258642572,5.9830991594021745e-05
816,163.30887258172115,0.5,0.9166666666666666,0.5833333333333333,0.7757086914044153,0.22429130859558435,0.9999401631045292,5.979377568961503e-05
817,163.50900600400266,0.5,0.9166666666666666,0.5833333333333333,0.7757160659948346,0.2242839340051652,0.9999402015984002,5.975671570578869e-05
818,163.7091394262842,0.5,0.9166666666666666,0.5833333333333333,0.775723379915505,0.22427662008449462,0.9999402416403183,5.971981023652585e-05
819,163.9092728485657,0.5,0.9166666666666666,0.5833333333333333,0.7757306336715012,0.2242693663284985,0.999940282679774,5.968305799563004e-05
820,164.10940627084722,0.5,0.9166666666666666,0.5833333333333333,0.7757378277664436,0.22426217223355605,0.9999403243957903,5.9646457677487744e-05
821,164.30953969312876,0.5,0.9166666666666666,0.5833333333333333,0.7757449627016896,0.22425503729831012,0.999940366578629,5.961000797215018e-05
822,164.50967311541027,0.5,0.9166666666666666,0.5833333333333333,0.7757520389749779,0.2242479610250217,0.9999404089398651,5.957370758968281e-05
823,164.70980653769178,0.5,0.9166666666666666,0.5833333333333333,0.7757590570804626,0.2242409429195371,0.999940451105111,5.953755526088398e-05
824,164.90993995997331,0.5,0.9166666666666666,0.5833333333333333,0.7757660175087445,0.2242339824912551,0.9999404926067407,5.950154973800351e-05
825,165.11007338225482,0.5,0.9166666666666666,0.5833333333333333,0.7757729207469056,0.22422707925309399,0.9999405328766147,5.946568979546138e-05
826,165.31020680453636,0.5,0.9166666666666666,0.5833333333333333,0.7757797672780105,0.22422023272198918,0.9999405718442881,5.942997416348786e-05
827,165.51034022681787,0.5,0.9166666666666666,0.5833333333333333,0.7757865575811558,0.2242134424188439,0.99994060991093,5.939440153092553e-05
828,165.71047364909938,0.5,0.9166666666666666,0.5833333333333333,0.775793292132375,0.22420670786762456,0.9999406469471069,5.9358970656172196e-05
829,165.91060707138092,0.5,0.9166666666666666,0.5833333333333333,0.7757999714041837,0.224200028595816,0.9999406828424074,5.932368030620345e-05
830,166.11074049366243,0.5,0.9166666666666666,0.5833333333333333,0.7758065958655993,0.2241934041344004,0.9999407175119008,5.9288529255769756e-05
831,166.31087391594394,0.5,0.9166666666666666,0.5833333333333333,0.7758131659821651,0.22418683401783457,0.9999407509003903,5.925351628683788e-05
832,166.51100733822548,0.5,0.9166666666666666,0.5833333333333333,0.7758196822159723,0.2241803177840273,0.9999407829866654,5.921864018803232e-05
833,166.711140760507,0.5,0.9166666666666666,0.5833333333333333,0.7758261450187016,0.2241738549812979,0.9999408138304954,5.918389976897547e-05
834,166.91127418278853,0.5,0.9166666666666666,0.5833333333333333,0.7758325547946774,0.22416744520532222,0.9999408438031985,5.914929393862239e-05
835,167.11140760507004,0.5,0.9166666666666666,0.5833333333333333,0.7758389119598877,0.22416108804011184,0.9999408732307191,5.911482157879743e-05
836,167.31154102735155,0.5,0.9166666666666666,0.5833333333333333,0.7758452169263658,0.22415478307363382,0.9999409024936404,5.9080481577017274e-05
837,167.5116744496331,0.5,0.9166666666666666,0.5833333333333333,0.7758514700961773,0.22414852990382225,0.9999409320683795,5.90462728388103e-05
838,167.7118078719146,0.5,0.9166666666666666,0.5833333333333333,0.7758576718609584,0.2241423281390411,0.9999409625344134,5.901219428819411e-05
839,167.9119412941961,0.5,0.9166666666666666,0.5833333333333333,0.7758638226014526,0.22413617739854694,0.9999409945815033,5.897824486815303e-05
840,168.11207471647765,0.5,0.9166666666666666,0.5833333333333333,0.7758699226874421,0.22413007731255746,0.9999410290108751,5.8944423540665244e-05
841,168.31220813875916,0.5,0.9166666666666666,0.5833333333333333,0.7758759725642724,0.22412402743572718,0.9999410654078243,5.891072918774828e-05
842,168.5123415610407,0.5,0.9166666666666666,0.5833333333333333,0.7758819726962689,0.22411802730373068,0.9999411030099842,5.8877160676086015e-05
843,168.7124749833222,0.5,0.9166666666666666,0.5833333333333333,0.77588792350344,0.22411207649655956,0.9999411416785965,5.88437169293298e-05
844,168.91260840560372,0.5,0.9166666666666666,0.5833333333333333,0.7758938254092134,0.22410617459078616,0.9999411811662341,5.881039687348135e-05
845,169.11274182788526,0.5,0.9166666666666666,0.5833333333333333,0.7758996788412306,0.22410032115876904,0.9999412211047354,5.877719943593313e-05
846,169.31287525016677,0.5,0.9166666666666666,0.5833333333333333,0.7759054842321412,0.2240945157678583,0.99994126099314,5.874412354450874e-05
847,169.51300867244828,0.5,0.9166666666666666,0.5833333333333333,0.7759112420203984,0.2240887579796012,0.9999413001856233,5.871116812650326e-05
848,169.71314209472982,0.5,0.9166666666666666,0.5833333333333333,0.7759169526266514,0.22408304737334822,0.9999413383262392,5.867833212695041e-05
849,169.91327551701133,0.5,0.9166666666666666,0.5833333333333333,0.7759226164243418,0.22407738357565782,0.9999413755384842,5.8645614578633697e-05
850,170.11340893929287,0.5,0.9166666666666666,0.5833333333333333,0.7759282338073706,0.22407176619262895,0.9999414118360638,5.8613014461515755e-05
851,170.31354236157438,0.5,0.9166666666666666,0.5833333333333333,0.7759338051818007,0.22406619481819895,0.9999414468714182,5.858053076344278e-05
852,170.5136757838559,0.5,0.9166666666666666,0.5833333333333333,0.7759393309518055,0.22406066904819413,0.9999414802787948,5.854816247969653e-05
853,170.71380920613743,0.5,0.9166666666666666,0.5833333333333333,0.7759448115196699,0.22405518848032976,0.9999415116742485,5.8515908612994405e-05
854,170.91394262841894,0.5,0.9166666666666666,0.5833333333333333,0.7759502472857897,0.22404975271420993,0.999941540655642,5.848376817348943e-05
855,171.11407605070045,0.5,0.9166666666666666,0.5833333333333333,0.7759556386457627,0.22404436135423686,0.9999415668485386,5.845174018196296e-05
856,171.314209472982,0.5,0.9166666666666666,0.5833333333333333,0.7759609858902187,0.22403901410978092,0.9999415914864368,5.8419823779759865e-05
857,171.5143428952635,0.5,0.9166666666666666,0.5833333333333333,0.7759662892835121,0.22403371071648753,0.9999416161693466,5.838801814242403e-05
858,171.71447631754504,0.5,0.9166666666666666,0.5833333333333333,0.7759715490967108,0.2240284509032887,0.9999416423433795,5.8356322443494026e-05
859,171.91460973982655,0.5,0.9166666666666666,0.5833333333333333,0.7759767655794125,0.22402323442058694,0.9999416717453449,5.832473588543169e-05
860,172.11474316210806,0.5,0.9166666666666666,0.5833333333333333,0.7759819391234117,0.22401806087658782,0.999941703818546,5.829325751964903e-05
861,172.3148765843896,0.5,0.9166666666666666,0.5833333333333333,0.7759870701790651,0.22401292982093438,0.9999417370333137,5.8261886338474895e-05
862,172.5150100066711,0.5,0.9166666666666666,0.5833333333333333,0.7759921591444923,0.22400784085550723,0.9999417706364704,5.82306213969937e-05
863,172.71514342895262,0.5,0.9166666666666666,0.5833333333333333,0.7759972064331901,0.22400279356680947,0.9999418035837299,5.819946173869402e-05
864,172.91527685123415,0.5,0.9166666666666666,0.5833333333333333,0.7760022124054358,0.22399778759456382,0.9999418356301238,5.816840647000767e-05
865,173.11541027351566,0.5,0.9166666666666666,0.5833333333333333,0.7760071773750518,0.2239928226249478,0.9999418672224659,5.813745475295876e-05
866,173.3155436957972,0.5,0.9166666666666666,0.5833333333333333,0.7760121016935543,0.22398789830644528,0.9999418981617236,5.81066057137265e-05
867,173.5156771180787,0.5,0.9166666666666666,0.5833333333333333,0.7760169857085648,0.22398301429143477,0.999941928264108,5.807585848783584e-05
868,173.71581054036022,0.5,0.9166666666666666,0.5833333333333333,0.7760218297488389,0.22397817025116074,0.9999419576024651,5.804521223576794e-05
869,173.91594396264176,0.5,0.9166666666666666,0.5833333333333333,0.7760266341165435,0.22397336588345612,0.9999419866307935,5.8014666151012604e-05
870,174.11607738492327,0.5,0.9166666666666666,0.5833333333333333,0.776031399117768,0.22396860088223164,0.9999420156922989,5.7984219428254706e-05
871,174.31621080720478,0.5,0.9166666666666666,0.5833333333333333,0.7760361250494723,0.22396387495052736,0.9999420452298323,5.795387127698296e-05
872,174.51634422948632,0.5,0.9166666666666666,0.5833333333333333,0.7760408122162729,0.22395918778372684,0.9999420757418971,5.792362087931135e-05
873,174.71647765176783,0.5,0.9166666666666666,0.5833333333333333,0.7760454609802536,0.22395453901974607,0.9999421059590761,5.789346744676855e-05
874,174.91661107404937,0.5,0.9166666666666666,0.5833333333333333,0.7760500716563584,0.22394992834364125,0.9999421364182498,5.786341012848691e-05
875,175.11674449633088,0.5,0.9166666666666666,0.5833333333333333,0.7760546445709824,0.2239453554290173,0.9999421668486479,5.7833448128397224e-05
876,175.3168779186124,0.5,0.9166666666666666,0.5833333333333333,0.7760591800427411,0.22394081995725856,0.99994219708373,5.780358066084429e-05
877,175.51701134089393,0.5,0.9166666666666666,0.5833333333333333,0.7760636783682793,0.2239363216317204,0.9999422272513286,5.777380696958475e-05
878,175.71714476317544,0.5,0.9166666666666666,0.5833333333333333,0.7760681398602838,0.22393186013971586,0.9999422572643393,5.774412627690014e-05
879,175.91727818545695,0.5,0.9166666666666666,0.5833333333333333,0.7760725648329283,0.22392743516707136,0.9999422870157372,5.7714537803081653e-05
880,176.1174116077385,0.5,0.9166666666666666,0.5833333333333333,0.7760769536003864,0.22392304639961327,0.9999423163984973,5.768504076842049e-05
881,176.31754503002,0.5,0.9166666666666666,0.5833333333333333,0.7760813064650461,0.22391869353495356,0.9999423453934648,5.7655634416371585e-05
882,176.51767845230154,0.5,0.9166666666666666,0.5833333333333333,0.776085623692896,0.22391437630710365,0.9999423742528685,5.762631806193055e-05
883,176.71781187458305,0.5,0.9166666666666666,0.5833333333333333,0.7760899055756117,0.22391009442438797,0.9999424030374223,5.759709096960689e-05
884,176.91794529686456,0.5,0.9166666666666666,0.5833333333333333,0.7760941524075964,0.2239058475924033,0.9999424317875036,5.756795239854911e-05
885,177.1180787191461,0.5,0.9166666666666666,0.5833333333333333,0.7760983644832532,0.2239016355167464,0.9999424605434897,5.7538901607905716e-05
886,177.3182121414276,0.5,0.9166666666666666,0.5833333333333333,0.776102542091451,0.22389745790854854,0.9999424893256101,5.750993787409236e-05
887,177.51834556370912,0.5,0.9166666666666666,0.5833333333333333,0.7761066855023763,0.22389331449762329,0.9999425180860826,5.7481060531812636e-05
888,177.71847898599066,0.5,0.9166666666666666,0.5833333333333333,0.776110794998956,0.2238892050010436,0.9999425468235063,5.74522688760198e-05
889,177.91861240827217,0.5,0.9166666666666666,0.5833333333333333,0.7761148708656594,0.22388512913434014,0.9999425755420949,5.7423562196855546e-05
890,178.1187458305537,0.5,0.9166666666666666,0.5833333333333333,0.7761189133869559,0.2238810866130436,0.9999426042460622,5.739493978446153e-05
891,178.31887925283522,0.5,0.9166666666666666,0.5833333333333333,0.7761229267401931,0.2238770732598065,0.9999426326965078,5.736639128123256e-05
892,178.51901267511673,0.5,0.9166666666666666,0.5833333333333333,0.7761269012893207,0.22387309871067887,0.9999426614375733,5.733794058099282e-05
893,178.71914609739827,0.5,0.9166666666666666,0.5833333333333333,0.7761308442361091,0.2238691557638905,0.9999426900361799,5.730956983186042e-05
894,178.91927951967978,0.5,0.9166666666666666,0.5833333333333333,0.7761347555805582,0.22386524441944136,0.9999427184923276,5.728127903383535e-05
895,179.1194129419613,0.5,0.9166666666666666,0.5833333333333333,0.7761386353226681,0.2238613646773315,0.9999427468060167,5.7253068186917615e-05
896,179.31954636424283,0.5,0.9166666666666666,0.5833333333333333,0.7761424835783661,0.22385751642163346,0.9999427749862632,5.7224937004390615e-05
897,179.51967978652434,0.5,0.9166666666666666,0.5833333333333333,0.7761463008289159,0.22385369917108372,0.9999428030704969,5.719688429597385e-05
898,179.71981320880587,0.5,0.9166666666666666,0.5833333333333333,0.7761500871270137,0.22384991287298592,0.9999428310628165,5.716890993133627e-05
899,179.91994663108738,0.5,0.9166666666666666,0.5833333333333333,0.7761538424726596,0.22384615752734002,0.9999428589632217,5.714101391047791e-05
900,180.1200800533689,0.5,0.9166666666666666,0.5833333333333333,0.7761575668658536,0.22384243313414603,0.9999428867717127,5.7113196233398746e-05
901,180.32021347565043,0.5,0.9166666666666666,0.5833333333333333,0.7761612603861874,0.22383873961381215,0.9999429144896016,5.7085456703786646e-05
902,180.52034689793194,0.5,0.9166666666666666,0.5833333333333333,0.776164923989257,0.22383507601074265,0.9999429421326413,5.705779296467775e-05
903,180.72048032021348,0.5,0.9166666666666666,0.5833333333333333,0.7761685579545143,0.22383144204548527,0.9999429697054388,5.703020432680684e-05
904,180.920613742495,0.5,0.9166666666666666,0.5833333333333333,0.7761721622819596,0.22382783771804002,0.999942997207994,5.7002690790173924e-05
905,181.1207471647765,0.5,0.9166666666666666,0.5833333333333333,0.7761757369715927,0.22382426302840686,0.9999430246403068,5.697525235477899e-05
906,181.32088058705804,0.5,0.9166666666666666,0.5833333333333333,0.7761792765632121,0.2238207234367876,0.9999430520019202,5.694790242870688e-05
907,181.52101400933955,0.5,0.9166666666666666,0.5833333333333333,0.7761827953372181,0.2238172046627815,0.9999430792940298,5.6920605944970494e-05
908,181.72114743162106,0.5,0.9166666666666666,0.5833333333333333,0.7761862847371155,0.22381371526288416,0.9999431065159192,5.6893383914921466e-05
909,181.9212808539026,0.5,0.9166666666666666,0.5833333333333333,0.7761897450029287,0.2238102549970709,0.9999431336676085,5.6866235749154635e-05
910,182.1214142761841,0.5,0.9166666666666666,0.5833333333333333,0.7761931763746825,0.2238068236253171,0.9999431607491176,5.683916085826485e-05
911,182.32154769846565,0.5,0.9166666666666666,0.5833333333333333,0.7761965790924016,0.22380342090759806,0.9999431877604669,5.681215865284694e-05
912,182.52168112074716,0.5,0.9166666666666666,0.5833333333333333,0.7761999534836779,0.2238000465163218,0.9999432147020039,5.6785228335263274e-05
913,182.72181454302867,0.5,0.9166666666666666,0.5833333333333333,0.7762032999582458,0.22379670004175392,0.9999432415743833,5.675836891254397e-05
914,182.9219479653102,0.5,0.9166666666666666,0.5833333333333333,0.7762066187890322,0.2237933812109675,0.9999432683777484,5.673157971704332e-05
915,183.12208138759172,0.5,0.9166666666666666,0.5833333333333333,0.7762099102463227,0.223790089753677,0.9999432951122323,5.670486008739662e-05
916,183.32221480987323,0.5,0.9166666666666666,0.5833333333333333,0.7762131746004028,0.22378682539959682,0.9999433217779686,5.667820936223914e-05
917,183.52234823215477,0.5,0.9166666666666666,0.5833333333333333,0.7762164121215583,0.22378358787844135,0.9999433483750904,5.665162688020617e-05
918,183.72248165443628,0.5,0.9166666666666666,0.5833333333333333,0.7762196230800746,0.22378037691992506,0.9999433749037308,5.6625111979932984e-05
919,183.92261507671782,0.5,0.9166666666666666,0.5833333333333333,0.7762228077462373,0.22377719225376233,0.9999434013640233,5.659866400005485e-05
920,184.12274849899933,0.5,0.9166666666666666,0.5833333333333333,0.776225966390332,0.2237740336096676,0.999943427756101,5.657228227920707e-05
921,184.32288192128084,0.5,0.9166666666666666,0.5833333333333333,0.7762290992826444,0.22377090071735528,0.9999434540800974,5.6545966156024916e-05
922,184.52301534356238,0.5,0.9166666666666666,0.5833333333333333,0.7762322066934598,0.2237677933065398,0.9999434803361457,5.6519714969143655e-05
923,184.7231487658439,0.5,0.9166666666666666,0.5833333333333333,0.7762352888930641,0.22376471110693555,0.999943506524379,5.6493528057198584e-05
924,184.9232821881254,0.5,0.9166666666666666,0.5833333333333333,0.7762383461517427,0.22376165384825697,0.9999435326449307,5.646740475882498e-05
925,185.12341561040694,0.5,0.9166666666666666,0.5833333333333333,0.7762413787397812,0.22375862126021848,0.9999435586979342,5.644134441265811e-05
926,185.32354903268845,0.5,0.9166666666666666,0.5833333333333333,0.7762443869274652,0.2237556130725345,0.9999435846835226,5.641534635733328e-05
927,185.52368245497,0.5,0.9166666666666666,0.5833333333333333,0.7762473709484049,0.22375262905159485,0.9999436106019466,5.63894100239176e-05
928,185.7238158772515,0.5,0.9166666666666666,0.5833333333333333,0.7762503306577396,0.2237496693422601,0.999943636454669,5.636353579732524e-05
929,185.923949299533,0.5,0.9166666666666666,0.5833333333333333,0.7762532661551697,0.2237467338448301,0.9999436622423691,5.633772344611235e-05
930,186.12408272181455,0.5,0.9166666666666666,0.5833333333333333,0.7762561776426548,0.223743822357345,0.9999436879653991,5.6311972481113165e-05
931,186.32421614409606,0.5,0.9166666666666666,0.5833333333333333,0.7762590653221548,0.2237409346778449,0.999943713624111,5.6286282413161924e-05
932,186.52434956637757,0.5,0.9166666666666666,0.5833333333333333,0.7762619293956299,0.2237380706043699,0.9999437392188569,5.626065275309286e-05
933,186.7244829886591,0.5,0.9166666666666666,0.5833333333333333,0.7762647700650397,0.2237352299349601,0.9999437647499888,5.623508301174019e-05
934,186.92461641094062,0.5,0.9166666666666666,0.5833333333333333,0.7762675875323441,0.2237324124676556,0.9999437902178588,5.620957269993816e-05
935,187.12474983322215,0.5,0.9166666666666666,0.5833333333333333,0.7762703819995032,0.2237296180004965,0.9999438156228191,5.6184121328521004e-05
936,187.32488325550366,0.5,0.9166666666666666,0.5833333333333333,0.7762731536684767,0.22372684633152298,0.9999438409652215,5.615872840832295e-05
937,187.52501667778517,0.5,0.9166666666666666,0.5833333333333333,0.7762759027412246,0.22372409725877507,0.9999438662454181,5.613339345017823e-05
938,187.7251501000667,0.5,0.9166666666666666,0.5833333333333333,0.7762786294197068,0.22372137058029293,0.9999438914637612,5.610811596492107e-05
939,187.92528352234822,0.5,0.9166666666666666,0.5833333333333333,0.7762813339058832,0.2237186660941166,0.9999439166206026,5.6082895463385716e-05
940,188.12541694462973,0.5,0.9166666666666666,0.5833333333333333,0.7762840164017135,0.22371598359828626,0.9999439417162945,5.6057731456406385e-05
941,188.32555036691127,0.5,0.9166666666666666,0.5833333333333333,0.7762866771091578,0.22371332289084198,0.9999439667511889,5.603262345481732e-05
942,188.52568378919278,0.5,0.9166666666666666,0.5833333333333333,0.7762893162301758,0.22371068376982386,0.999943991725638,5.6007570969452756e-05
943,188.72581721147432,0.5,0.9166666666666666,0.5833333333333333,0.776291933888003,0.2237080661119967,0.9999440166416134,5.598257371450196e-05
944,188.92595063375583,0.5,0.9166666666666666,0.5833333333333333,0.7762945301508816,0.22370546984911815,0.9999440415022188,5.5957631546207386e-05
945,189.12608405603734,0.5,0.9166666666666666,0.5833333333333333,0.7762971051948585,0.2237028948051412,0.9999440663083394,5.5932744042339214e-05
946,189.32621747831888,0.5,0.9166666666666666,0.5833333333333333,0.7762996591971414,0.22370034080285828,0.9999440910608366,5.590791077766995e-05
947,189.5263509006004,0.5,0.9166666666666666,0.5833333333333333,0.7763021923349378,0.2236978076650619,0.9999441157605716,5.5883131326972124e-05
948,189.7264843228819,0.5,0.9166666666666666,0.5833333333333333,0.7763047047854551,0.22369529521454454,0.999944140408406,5.585840526501825e-05
949,189.92661774516344,0.5,0.9166666666666666,0.5833333333333333,0.776307196725901,0.22369280327409866,0.9999441650052009,5.5833732166580855e-05
950,190.12675116744495,0.5,0.9166666666666666,0.5833333333333333,0.7763096683334829,0.22369033166651678,0.9999441895518179,5.5809111606432463e-05
951,190.3268845897265,0.5,0.9166666666666666,0.5833333333333333,0.7763121197854084,0.22368788021459132,0.9999442140491182,5.5784543159345585e-05
952,190.527018012008,0.5,0.9166666666666666,0.5833333333333333,0.7763145512588848,0.22368544874111482,0.9999442384979633,5.5760026400092746e-05
953,190.7271514342895,0.5,0.9166666666666666,0.5833333333333333,0.77631696293112,0.22368303706887974,0.9999442628992145,5.573556090344647e-05
954,190.92728485657105,0.5,0.9166666666666666,0.5833333333333333,0.7763193549793211,0.22368064502067855,0.9999442872537331,5.571114624417928e-05
955,191.12741827885256,0.5,0.9166666666666666,0.5833333333333333,0.776321727580696,0.22367827241930374,0.9999443115623806,5.568678199706369e-05
956,191.32755170113407,0.5,0.9166666666666666,0.5833333333333333,0.7763240809124519,0.22367591908754778,0.9999443358260183,5.566246773687222e-05
957,191.5276851234156,0.5,0.9166666666666666,0.5833333333333333,0.7763264151517965,0.22367358484820316,0.9999443600455075,5.5638203038377396e-05
958,191.72781854569712,0.5,0.9166666666666666,0.5833333333333333,0.7763287275682155,0.22367127243178428,0.9999443842215373,5.56139949364236e-05
959,191.92795196797866,0.5,0.9166666666666666,0.5833333333333333,0.7763310246930677,0.223668975306932,0.9999444083553457,5.5589826703527174e-05
960,192.12808539026017,0.5,0.9166666666666666,0.5833333333333333,0.7763333029329945,0.22366669706700518,0.9999444324475706,5.556570758825239e-05
961,192.32821881254168,0.5,0.9166666666666666,0.5833333333333333,0.7763355624626315,0.2236644375373682,0.9999444564990732,5.554163717197011e-05
962,192.52835223482322,0.5,0.9166666666666666,0.5833333333333333,0.7763378034552677,0.223662196544732,0.9999444805107145,5.551761503950613e-05
963,192.72848565710473,0.5,0.9166666666666666,0.5833333333333333,0.7763400260828456,0.22365997391715411,0.9999445044833557,5.549364077914117e-05
964,192.92861907938624,0.5,0.9166666666666666,0.5833333333333333,0.7763422305159609,0.22365776948403882,0.9999445284178577,5.546971398261087e-05
965,193.12875250166778,0.5,0.9166666666666666,0.5833333333333333,0.7763444169238628,0.22365558307613695,0.9999445523150814,5.544583424510578e-05
966,193.3288859239493,0.5,0.9166666666666666,0.5833333333333333,0.7763465854744538,0.22365341452554596,0.9999445761758877,5.542200116527138e-05
967,193.52901934623083,0.5,0.9166666666666666,0.5833333333333333,0.7763487363342897,0.22365126366570995,0.9999446000011372,5.539821434520808e-05
968,193.72915276851234,0.5,0.9166666666666666,0.5833333333333333,0.77635086966858,0.2236491303314197,0.9999446237916906,5.537447339047121e-05
969,193.92928619079385,0.5,0.9166666666666666,0.5833333333333333,0.7763529856411872,0.2236470143588125,0.9999446475484085,5.535077791007099e-05
970,194.12941961307538,0.5,0.9166666666666666,0.5833333333333333,0.7763550844146273,0.22364491558537242,0.9999446712721515,5.532712751647261e-05
971,194.3295530353569,0.5,0.9166666666666666,0.5833333333333333,0.7763571661500697,0.22364283384993,0.9999446949637798,5.530352182559614e-05
972,194.5296864576384,0.5,0.9166666666666666,0.5833333333333333,0.7763592310073372,0.22364076899266255,0.9999447186241538,5.52799604568166e-05
973,194.72981987991994,0.5,0.9166666666666666,0.5833333333333333,0.7763612791449057,0.22363872085509393,0.9999447422541339,5.525644303296391e-05
974,194.92995330220145,0.5,0.9166666666666666,0.5833333333333333,0.776363310674036,0.22363668932596376,0.9999447658543251,5.523296929468027e-05
975,195.130086724483,0.5,0.9166666666666666,0.5833333333333333,0.7763653256824004,0.22363467431759937,0.9999447894252089,5.520953904151254e-05
976,195.3302201467645,0.5,0.9166666666666666,0.5833333333333333,0.7763673243106382,0.22363267568936163,0.9999448129675688,5.518615194105332e-05
977,195.530353569046,0.5,0.9166666666666666,0.5833333333333333,0.7763693066977572,0.2236306933022426,0.9999448364821862,5.516280766505956e-05
978,195.73048699132755,0.5,0.9166666666666666,0.5833333333333333,0.7763712729808849,0.2236287270191148,0.99994485996984,5.513950589007394e-05
979,195.93062041360906,0.5,0.9166666666666666,0.5833333333333333,0.7763732232952686,0.22362677670473113,0.9999448834313054,5.511624629742493e-05
980,196.13075383589057,0.5,0.9166666666666666,0.5833333333333333,0.7763751577742748,0.22362484222572496,0.9999449068673552,5.509302857322673e-05
981,196.3308872581721,0.5,0.9166666666666666,0.5833333333333333,0.7763770765493897,0.22362292345061005,0.9999449302787587,5.506985240837926e-05
982,196.53102068045362,0.5,0.9166666666666666,0.5833333333333333,0.7763789797502191,0.22362102024978064,0.9999449536662824,5.504671749856824e-05
983,196.73115410273516,0.5,0.9166666666666666,0.5833333333333333,0.7763808675044884,0.22361913249551132,0.9999449770306897,5.50236235442651e-05
984,196.93128752501667,0.5,0.9166666666666666,0.5833333333333333,0.7763827399380425,0.2236172600619572,0.9999450003727409,5.5000570250727046e-05
985,197.13142094729818,0.5,0.9166666666666666,0.5833333333333333,0.776384597174846,0.22361540282515374,0.9999450236931932,5.497755732799701e-05
986,197.33155436957972,0.5,0.9166666666666666,0.5833333333333333,0.7763864393369829,0.22361356066301688,0.9999450469928008,5.4954584490903684e-05
987,197.53168779186123,0.5,0.9166666666666666,0.5833333333333333,0.7763882665446568,0.22361173345534296,0.9999450702723152,5.4931651459061514e-05
988,197.73182121414274,0.5,0.9166666666666666,0.5833333333333333,0.7763900789161909,0.22360992108380878,0.9999450935324842,5.490875795687069e-05
989,197.93195463642428,0.5,0.9166666666666666,0.5833333333333333,0.7763918765680282,0.22360812343197153,0.999945116774053,5.488590371351714e-05
990,198.1320880587058,0.5,0.9166666666666666,0.5833333333333333,0.776393659614731,0.22360634038526886,0.9999451399977635,5.486308846297256e-05
991,198.33222148098733,0.5,0.9166666666666666,0.5833333333333333,0.7763954281689809,0.2236045718310188,0.9999451632043549,5.484031194399438e-05
992,198.53235490326884,0.5,0.9166666666666666,0.5833333333333333,0.7763971823415798,0.2236028176584199,0.9999451863945631,5.4817573900125794e-05
993,198.73248832555035,0.5,0.9166666666666666,0.5833333333333333,0.7763989222414487,0.22360107775855106,0.9999452095691209,5.479487407969573e-05
994,198.9326217478319,0.5,0.9166666666666666,0.5833333333333333,0.7764006479756281,0.22359935202437162,0.9999452327287583,5.477221223581887e-05
995,199.1327551701134,0.5,0.9166666666666666,0.5833333333333333,0.7764023596492784,0.22359764035072138,0.999945255874202,5.474958812639565e-05
996,199.3328885923949,0.5,0.9166666666666666,0.5833333333333333,0.7764040573656792,0.22359594263432053,0.9999452790061758,5.472700151411225e-05
997,199.53302201467645,0.5,0.9166666666666666,0.5833333333333333,0.7764057412262301,0.2235942587737697,0.9999453021254003,5.470445216644059e-05
998,199.73315543695796,0.5,0.9166666666666666,0.5833333333333333,0.7764074113871328,0.223592588612867,0.9999453252322218,5.4681939705519616e-05
999,199.9332888592395,0.5,0.9166666666666666,0.5833333333333333,0.776409068016937,0.2235909319830628,0.9999453483268899,5.465946372059241e-05
1000,200.133422281521,0.5,0.9166666666666666,0.5833333333333333,0.7764107112265014,0.22358928877349832,0.9999453714100172,5.463702395349561e-05
1001,200.33355570380252,0.5,0.9166666666666666,0.5833333333333333,0.7764123411253746,0.22358765887462514,0.9999453944822095,5.461462014934163e-05
1002,200.53368912608406,0.5,0.9166666666666666,0.5833333333333333,0.7764139578218175,0.22358604217818226,0.9999454175440657,5.459225205645835e-05
1003,200.73382254836557,0.5,0.9166666666666666,0.5833333333333333,0.7764155614228035,0.22358443857719618,0.9999454405961777,5.4569919426389134e-05
1004,200.93395597064708,0.5,0.9166666666666666,0.5833333333333333,0.7764171520340187,0.223582847965981,0.9999454636391306,5.454762201389279e-05
1005,201.13408939292862,0.5,0.9166666666666666,0.5833333333333333,0.7764187297598616,0.2235812702401382,0.9999454866735022,5.4525359576943616e-05
1006,201.33422281521013,0.5,0.9166666666666666,0.5833333333333333,0.7764202947034429,0.22357970529655694,0.999945509699864,5.4503131876731374e-05
1007,201.53435623749166,0.5,0.9166666666666666,0.5833333333333333,0.776421846966586,0.22357815303341372,0.9999455327187798,5.448093867766129e-05
1008,201.73448965977317,0.5,0.9166666666666666,0.5833333333333333,0.7764233866498271,0.22357661335017268,0.999945555730807,5.445877974735406e-05
1009,201.93462308205469,0.5,0.9166666666666666,0.5833333333333333,0.7764249138524144,0.22357508614758537,0.999945578736496,5.4436654856645864e-05
1010,202.13475650433622,0.5,0.9166666666666666,0.5833333333333333,0.7764264286723088,0.22357357132769096,0.9999456017363902,5.441456377958833e-05
1011,202.33488992661773,0.5,0.9166666666666666,0.5833333333333333,0.7764279312061837,0.22357206879381603,0.9999456247310259,5.439250629344857e-05
1012,202.53502334889924,0.5,0.9166666666666666,0.5833333333333333,0.7764294215494251,0.22357057845057468,0.9999456477209328,5.437048217870916e-05
1013,202.73515677118078,0.5,0.9166666666666666,0.5833333333333333,0.7764308997961311,0.2235691002038686,0.9999456707066333,5.4348491219068136e-05
1014,202.9352901934623,0.5,0.9166666666666666,0.5833333333333333,0.7764323660391128,0.22356763396088694,0.9999456936886432,5.4326533201439023e-05
1015,203.13542361574383,0.5,0.9166666666666666,0.5833333333333333,0.7764338203698934,0.22356617963010633,0.999945716667471,5.430460791595081e-05
1016,203.33555703802534,0.5,0.9166666666666666,0.5833333333333333,0.7764352628787088,0.22356473712129096,0.9999457396436188,5.4282715155947936e-05
1017,203.53569046030685,0.5,0.9166666666666666,0.5833333333333333,0.7764366936545073,0.2235633063454925,0.9999457626175813,5.426085471799033e-05
1018,203.7358238825884,0.5,0.9166666666666666,0.5833333333333333,0.7764381127849496,0.22356188721505016,0.9999457855898464,5.423902640185339e-05
1019,203.9359573048699,0.5,0.9166666666666666,0.5833333333333333,0.7764395203564092,0.2235604796435906,0.999945808560895,5.4217230010527964e-05
1020,204.1360907271514,0.5,0.9166666666666666,0.5833333333333333,0.7764409164539716,0.22355908354602808,0.9999458315312012,5.419546535022039e-05
1021,204.33622414943295,0.5,0.9166666666666666,0.5833333333333333,0.7764423011614611,0.22355769883853874,0.9999458545011302,5.417373223029758e-05
1022,204.53635757171446,0.5,0.9166666666666666,0.5833333333333333,0.7764436745969296,0.22355632540307022,0.9999458773293053,5.4152030387043094e-05
1023,204.736490993996,0.5,0.9166666666666666,0.5833333333333333,0.7764450368952893,0.2235549631047105,0.9999458998019227,5.4130359520970766e-05
1024,204.9366244162775,0.5,0.9166666666666666,0.5833333333333333,0.7764463881722989,0.22355361182770092,0.9999459217764691,5.410871937419068e-05
1025,205.13675783855902,0.5,0.9166666666666666,0.5833333333333333,0.7764477285471949,0.22355227145280487,0.9999459430914069,5.408710968179104e-05
1026,205.33689126084056,0.5,0.9166666666666666,0.5833333333333333,0.7764490581426918,0.22355094185730798,0.9999459635661746,5.406553017183819e-05
1027,205.53702468312207,0.5,0.9166666666666666,0.5833333333333333,0.7764503770848865,0.22354962291511324,0.9999459830018255,5.404398056555351e-05
1028,205.7371581054036,0.5,0.9166666666666666,0.5833333333333333,0.7764516854361083,0.22354831456389143,0.9999460016317535,5.402246070207202e-05
1029,205.93729152768512,0.5,0.9166666666666666,0.5833333333333333,0.776452983231055,0.22354701676894476,0.9999460198791398,5.400097047130479e-05
1030,206.13742494996663,0.5,0.9166666666666666,0.5833333333333333,0.7764542705399738,0.22354572946002593,0.9999460379328705,5.397950969655518e-05
1031,206.33755837224817,0.5,0.9166666666666666,0.5833333333333333,0.7764555474277746,0.22354445257222524,0.9999460560219782,5.3958078210482653e-05
1032,206.53769179452968,0.5,0.9166666666666666,0.5833333333333333,0.7764568139540294,0.2235431860459704,0.999946074415641,5.393667585510285e-05
1033,206.7378252168112,0.5,0.9166666666666666,0.5833333333333333,0.7764580701730761,0.2235419298269236,0.9999460934222226,5.391530248162454e-05
1034,206.93795863909273,0.5,0.9166666666666666,0.5833333333333333,0.7764593161782248,0.22354068382177486,0.99994611297726,5.389395788055117e-05
1035,207.13809206137424,0.5,0.9166666666666666,0.5833333333333333,0.7764605520759342,0.22353944792406555,0.9999461328841425,5.3872641822512525e-05
1036,207.33822548365578,0.5,0.9166666666666666,0.5833333333333333,0.776461777947279,0.2235382220527208,0.9999461531732392,5.385135411919112e-05
1037,207.5383589059373,0.5,0.9166666666666666,0.5833333333333333,0.7764629938736781,0.2235370061263216,0.9999461738621122,5.383009458264202e-05
1038,207.7384923282188,0.5,0.9166666666666666,0.5833333333333333,0.7764641999368949,0.22353580006310492,0.9999461949555158,5.3808863025292815e-05
1039,207.93862575050034,0.5,0.9166666666666666,0.5833333333333333,0.7764653962190508,0.22353460378094903,0.9999462164450774,5.378765925993486e-05
1040,208.13875917278185,0.5,0.9166666666666666,0.5833333333333333,0.7764665828068433,0.22353341719315642,0.9999462382164259,5.376648309718707e-05
1041,208.33889259506336,0.5,0.9166666666666666,0.5833333333333333,0.7764677597888987,0.22353224021110105,0.9999462601074902,5.374533434708793e-05
1042,208.5390260173449,0.5,0.9166666666666666,0.5833333333333333,0.7764689272523703,0.2235310727476295,0.9999462819834006,5.372421282114109e-05
1043,208.7391594396264,0.5,0.9166666666666666,0.5833333333333333,0.7764700852852867,0.2235299147147131,0.9999463036847799,5.3703118330903226e-05
1044,208.93929286190794,0.5,0.9166666666666666,0.5833333333333333,0.7764712339765522,0.22352876602344757,0.9999463250277427,5.368205068798399e-05
1045,209.13942628418945,0.5,0.9166666666666666,0.5833333333333333,0.7764723735104458,0.223527626489554,0.9999463448256382,5.3661009563672486e-05
1046,209.33955970647096,0.5,0.9166666666666666,0.5833333333333333,0.7764735037164977,0.22352649628350216,0.9999463656764338,5.363999514638106e-05
1047,209.5396931287525,0.5,0.9166666666666666,0.5833333333333333,0.7764746248231935,0.22352537517680635,0.9999463860720682,5.3619007029796697e-05
1048,209.739826551034,0.5,0.9166666666666666,0.5833333333333333,0.7764757368939929,0.223524263106007,0.9999464061472993,5.359804505848544e-05
1049,209.93995997331552,0.5,0.9166666666666666,0.5833333333333333,0.7764768399923553,0.22352316000764458,0.9999464260368852,5.35771090770133e-05
1050,210.14009339559706,0.5,0.9166666666666666,0.5833333333333333,0.7764779341817404,0.2235220658182595,0.9999464458755838,5.3556198929946314e-05
1051,210.34022681787857,0.5,0.9166666666666666,0.5833333333333333,0.7764790195256511,0.22352098047434862,0.9999464657974075,5.353531446181084e-05
1052,210.5403602401601,0.5,0.9166666666666666,0.5833333333333333,0.7764800960943222,0.2235199039056775,0.9999464858212715,5.3514455511006914e-05
1053,210.74049366244162,0.5,0.9166666666666666,0.5833333333333333,0.7764811639589025,0.2235188360410972,0.9999465059504562,5.3493621915102436e-05
1054,210.94062708472313,0.5,0.9166666666666666,0.5833333333333333,0.7764822231868779,0.22351777681312193,0.9999465262508752,5.347281351499905e-05
1055,211.14076050700467,0.5,0.9166666666666666,0.5833333333333333,0.776483273845734,0.2235167261542658,0.9999465467884419,5.3452030151598404e-05
1056,211.34089392928618,0.5,0.9166666666666666,0.5833333333333333,0.7764843160029868,0.22351568399701296,0.9999465676283565,5.343127166579263e-05
1057,211.5410273515677,0.5,0.9166666666666666,0.5833333333333333,0.7764853497338929,0.22351465026610684,0.9999465886517533,5.341053789601652e-05
1058,211.74116077384923,0.5,0.9166666666666666,0.5833333333333333,0.7764863751152751,0.22351362488472473,0.9999466097025268,5.338982868020769e-05
1059,211.94129419613074,0.5,0.9166666666666666,0.5833333333333333,0.7764873922194042,0.22351260778059553,0.9999466307328021,5.3369143857748715e-05
1060,212.14142761841228,0.5,0.9166666666666666,0.5833333333333333,0.7764884011185517,0.2235115988814481,0.9999466516947046,5.334848326802212e-05
1061,212.3415610406938,0.5,0.9166666666666666,0.5833333333333333,0.7764894018849726,0.22351059811502713,0.9999466725404791,5.3327846750437676e-05
1062,212.5416944629753,0.5,0.9166666666666666,0.5833333333333333,0.7764903945825647,0.22350960541743503,0.9999466932852901,5.330723415875926e-05
1063,212.74182788525684,0.5,0.9166666666666666,0.5833333333333333,0.7764913792729209,0.22350862072707883,0.999946713961653,5.328664535070908e-05
1064,212.94196130753835,0.5,0.9166666666666666,0.5833333333333333,0.7764923560229553,0.22350764397704445,0.9999467345620232,5.3266080174870284e-05
1065,213.14209472981986,0.5,0.9166666666666666,0.5833333333333333,0.776493324899582,0.22350667510041775,0.9999467550788558,5.3245538479826005e-05
1066,213.3422281521014,0.5,0.9166666666666666,0.5833333333333333,0.7764942872745698,0.22350571272542996,0.9999467758149668,5.322501712944126e-05
1067,213.5423615743829,0.5,0.9166666666666666,0.5833333333333333,0.7764952399617273,0.2235047600382725,0.9999467960243051,5.320452341096952e-05
1068,213.74249499666445,0.5,0.9166666666666666,0.5833333333333333,0.776496185212595,0.22350381478740478,0.9999468162666749,5.318405217254892e-05
1069,213.94262841894596,0.5,0.9166666666666666,0.5833333333333333,0.776497123027173,0.2235028769728268,0.9999468365420762,5.3163603414179435e-05
1070,214.14276184122747,0.5,0.9166666666666666,0.5833333333333333,0.7764980534054612,0.22350194659453862,0.9999468568505088,5.314317713586108e-05
1071,214.342895263509,0.5,0.9166666666666666,0.5833333333333333,0.7764989763474611,0.2235010236525386,0.9999468771919725,5.312277333759038e-05
1072,214.54302868579052,0.5,0.9166666666666666,0.5833333333333333,0.7764998919315539,0.22350010806844586,0.999946897544967,5.310239184372489e-05
1073,214.74316210807203,0.5,0.9166666666666666,0.5833333333333333,0.7765008002347381,0.22349919976526167,0.9999469178883716,5.3082032481719636e-05
1074,214.94329553035357,0.5,0.9166666666666666,0.5833333333333333,0.7765017012570137,0.2234982987429861,0.9999469382221864,5.3061695251574633e-05
1075,215.14342895263508,0.5,0.9166666666666666,0.5833333333333333,0.7765025949983807,0.22349740500161908,0.9999469585464111,5.304138015328987e-05
1076,215.34356237491662,0.5,0.9166666666666666,0.5833333333333333,0.7765034814588391,0.22349651854116065,0.9999469788610459,5.302108718686536e-05
1077,215.54369579719813,0.5,0.9166666666666666,0.5833333333333333,0.7765043607259734,0.22349563927402652,0.9999469991613302,5.300081615463389e-05
1078,215.74382921947964,0.5,0.9166666666666666,0.5833333333333333,0.776505233011522,0.22349476698847787,0.9999470194357553,5.298056657872678e-05
1079,215.94396264176117,0.5,0.9166666666666666,0.5833333333333333,0.7765060983248826,0.22349390167511726,0.9999470396838104,5.296033843793508e-05
1080,216.14409606404269,0.5,0.9166666666666666,0.5833333333333333,0.7765069566660552,0.2234930433339447,0.9999470599054956,5.2940131732258766e-05
1081,216.3442294863242,0.5,0.9166666666666666,0.5833333333333333,0.7765078080350397,0.22349219196496017,0.9999470801008107,5.291994646169785e-05
1082,216.54436290860573,0.5,0.9166666666666666,0.5833333333333333,0.7765086514677692,0.2234913485322307,0.9999471002587923,5.289978480377147e-05
1083,216.74449633088724,0.5,0.9166666666666666,0.5833333333333333,0.7765094896960962,0.22349051030390368,0.9999471204105074,5.287964058809796e-05
1084,216.94462975316878,0.5,0.9166666666666666,0.5833333333333333,0.7765103210364727,0.22348967896352714,0.9999471405368104,5.285951761727414e-05
1085,217.1447631754503,0.5,0.9166666666666666,0.5833333333333333,0.7765111455449801,0.22348885445501973,0.9999471606383392,5.28394157646301e-05
1086,217.3448965977318,0.5,0.9166666666666666,0.5833333333333333,0.7765119632776999,0.22348803672230003,0.9999471807157314,5.28193349034959e-05
1087,217.54503002001334,0.5,0.9166666666666666,0.5833333333333333,0.7765127742921015,0.22348722570789836,0.9999472007696272,5.2799274904149046e-05
1088,217.74516344229485,0.5,0.9166666666666666,0.5833333333333333,0.7765135786756726,0.22348642132432736,0.9999472208007164,5.277923557086337e-05
1089,217.94529686457636,0.5,0.9166666666666666,0.5833333333333333,0.7765143765005371,0.2234856234994628,0.9999472408096635,5.275921674169365e-05
1090,218.1454302868579,0.5,0.9166666666666666,0.5833333333333333,0.7765151678268164,0.22348483217318355,0.9999472607971128,5.273921828108722e-05
1091,218.3455637091394,0.5,0.9166666666666666,0.5833333333333333,0.7765159527146315,0.22348404728536841,0.999947280763709,5.2719240053491416e-05
1092,218.54569713142095,0.5,0.9166666666666666,0.5833333333333333,0.7765167312241037,0.22348326877589625,0.9999473007100963,5.2699281923353564e-05
1093,218.74583055370246,0.5,0.9166666666666666,0.5833333333333333,0.776517503415354,0.22348249658464592,0.9999473206369194,5.267934375512099e-05
1094,218.94596397598397,0.5,0.9166666666666666,0.5833333333333333,0.7765182693485038,0.2234817306514962,0.9999473405448227,5.265942541324103e-05
1095,219.1460973982655,0.5,0.9166666666666666,0.5833333333333333,0.776519029083674,0.223480970916326,0.9999473604344505,5.2639526762161006e-05
1096,219.34623082054702,0.5,0.9166666666666666,0.5833333333333333,0.7765197826809859,0.2234802173190141,0.9999473803064476,5.261964766632826e-05
1097,219.54636424282853,0.5,0.9166666666666666,0.5833333333333333,0.7765205302005606,0.22347946979943936,0.9999474001614581,5.259978799019011e-05
1098,219.74649766511007,0.5,0.9166666666666666,0.5833333333333333,0.7765212717025193,0.22347872829748064,0.9999474200001267,5.257994759819389e-05
1099,219.94663108739158,0.5,0.9166666666666666,0.5833333333333333,0.7765220072469832,0.22347799275301675,0.9999474398230979,5.256012635478693e-05
1100,220.14676450967312,0.5,0.9166666666666666,0.5833333333333333,0.7765227368940734,0.22347726310592655,0.9999474596310161,5.254032412441656e-05
1101,220.34689793195463,0.5,0.9166666666666666,0.5833333333333333,0.7765234607039111,0.22347653929608888,0.9999474794245256,5.25205407715301e-05
1102,220.54703135423614,0.5,0.9166666666666666,0.5833333333333333,0.7765241787366174,0.22347582126338253,0.9999474992042711,5.25007761605749e-05
1103,220.74716477651768,0.5,0.9166666666666666,0.5833333333333333,0.7765248910523135,0.2234751089476864,0.9999475189708968,5.248103015599827e-05
1104,220.9472981987992,0.5,0.9166666666666666,0.5833333333333333,0.7765255977111206,0.2234744022888793,0.9999475387250476,5.246130262224755e-05
1105,221.1474316210807,0.5,0.9166666666666666,0.5833333333333333,0.7765262987731598,0.2234737012268401,0.9999475584673676,5.244159342377007e-05
1106,221.34756504336224,0.5,0.9166666666666666,0.5833333333333333,0.7765269942985523,0.22347300570144757,0.9999475781985013,5.242190242501315e-05
1107,221.54769846564375,0.5,0.9166666666666666,0.5833333333333333,0.7765276843474193,0.22347231565258063,0.9999475979190934,5.240222949042414e-05
1108,221.7478318879253,0.5,0.9166666666666666,0.5833333333333333,0.7765283689798819,0.22347163102011805,0.9999476176297881,5.238257448445034e-05
1109,221.9479653102068,0.5,0.9166666666666666,0.5833333333333333,0.7765290482285715,0.22347095177142842,0.9999476373311293,5.2362937334387324e-05
1110,222.1480987324883,0.5,0.9166666666666666,0.5833333333333333,0.7765297220233244,0.22347027797667554,0.9999476570232837,5.23433182025459e-05
1111,222.34823215476985,0.5,0.9166666666666666,0.5833333333333333,0.7765303903945221,0.22346960960547776,0.9999476767067869,5.23237170213653e-05
1112,222.54836557705136,0.5,0.9166666666666666,0.5833333333333333,0.7765310533871792,0.22346894661282068,0.9999476963822277,5.230413368983054e-05
1113,222.74849899933287,0.5,0.9166666666666666,0.5833333333333333,0.7765317110463101,0.22346828895368984,0.9999477160501955,5.228456810692659e-05
1114,222.9486324216144,0.5,0.9166666666666666,0.5833333333333333,0.7765323634169292,0.22346763658307076,0.9999477357112792,5.226502017163845e-05
1115,223.14876584389592,0.5,0.9166666666666666,0.5833333333333333,0.7765330105440509,0.223466989455949,0.999947755366068,5.224548978295111e-05
1116,223.34889926617745,0.5,0.9166666666666666,0.5833333333333333,0.7765336524726898,0.22346634752731018,0.9999477750151508,5.222597683984957e-05
1117,223.54903268845896,0.5,0.9166666666666666,0.5833333333333333,0.7765342892478602,0.22346571075213978,0.9999477946591169,5.220648124131882e-05
1118,223.74916611074048,0.5,0.9166666666666666,0.5833333333333333,0.7765349209145765,0.22346507908542337,0.9999478142985552,5.2187002886343854e-05
1119,223.949299533022,0.5,0.9166666666666666,0.5833333333333333,0.7765355475178534,0.2234644524821465,0.999947833934055,5.216754167390966e-05
1120,224.14943295530352,0.5,0.9166666666666666,0.5833333333333333,0.7765361691027052,0.22346383089729474,0.9999478535662052,5.214809750300124e-05
1121,224.34956637758503,0.5,0.9166666666666666,0.5833333333333333,0.7765367857141463,0.22346321428585364,0.999947873195595,5.212867027260359e-05
1122,224.54969979986657,0.5,0.9166666666666666,0.5833333333333333,0.7765373973971912,0.22346260260280876,0.9999478928228134,5.210925988170168e-05
1123,224.74983322214808,0.5,0.9166666666666666,0.5833333333333333,0.7765380041968543,0.22346199580314563,0.9999479124484495,5.2089866229280534e-05
1124,224.94996664442962,0.5,0.9166666666666666,0.5833333333333333,0.7765386061581501,0.22346139384184982,0.9999479320730924,5.207048921432512e-05
1125,225.15010006671113,0.5,0.9166666666666666,0.5833333333333333,0.776539203326093,0.22346079667390686,0.9999479516973312,5.2051128735820446e-05
1126,225.35023348899264,0.5,0.9166666666666666,0.5833333333333333,0.7765397957456975,0.22346020425430232,0.9999479713217551,5.20317846927515e-05
1127,225.55036691127418,0.5,0.9166666666666666,0.5833333333333333,0.7765403834619782,0.22345961653802177,0.999947990946953,5.201245698410328e-05
1128,225.7505003335557,0.5,0.9166666666666666,0.5833333333333333,0.7765409665199492,0.22345903348005075,0.999948010573514,5.1993145508860774e-05
1129,225.9506337558372,0.5,0.9166666666666666,0.5833333333333333,0.7765415449646251,0.2234584550353748,0.9999480302020273,5.1973850166008975e-05
1130,226.15076717811874,0.5,0.9166666666666666,0.5833333333333333,0.7765421188410204,0.22345788115897947,0.9999480498330819,5.195457085453288e-05
1131,226.35090060040025,0.5,0.9166666666666666,0.5833333333333333,0.7765426881602759,0.22345731183972398,0.9999480694668852,5.193530755080671e-05
1132,226.5510340226818,0.5,0.9166666666666666,0.5833333333333333,0.7765432529131749,0.22345674708682492,0.999948089103415,5.191606027771416e-05
1133,226.7511674449633,0.5,0.9166666666666666,0.5833333333333333,0.7765438131367648,0.22345618686323512,0.9999481087431709,5.1896828952442495e-05
1134,226.9513008672448,0.5,0.9166666666666666,0.5833333333333333,0.7765443688685166,0.22345563113148328,0.9999481283866565,5.187761349121027e-05
1135,227.15143428952635,0.5,0.9166666666666666,0.5833333333333333,0.7765449201459017,0.2234550798540982,0.9999481480343763,5.1858413810236034e-05
1136,227.35156771180786,0.5,0.9166666666666666,0.5833333333333333,0.7765454670063913,0.22345453299360865,0.999948167686834,5.183922982573834e-05
1137,227.55170113408937,0.5,0.9166666666666666,0.5833333333333333,0.7765460094874566,0.2234539905125434,0.999948187344534,5.1820061453935746e-05
1138,227.7518345563709,0.5,0.9166666666666666,0.5833333333333333,0.7765465476265687,0.22345345237343117,0.9999482070079801,5.1800908611046786e-05
1139,227.95196797865242,0.5,0.9166666666666666,0.5833333333333333,0.7765470814611991,0.22345291853880078,0.9999482266776768,5.178177121329003e-05
1140,228.15210140093396,0.5,0.9166666666666666,0.5833333333333333,0.776547611028819,0.22345238897118097,0.9999482463541277,5.1762649176884026e-05
1141,228.35223482321547,0.5,0.9166666666666666,0.5833333333333333,0.7765481363668993,0.22345186363310052,0.9999482660378372,5.174354241804732e-05
1142,228.55236824549698,0.5,0.9166666666666666,0.5833333333333333,0.7765486575129117,0.22345134248708817,0.999948285729309,5.172445085299847e-05
1143,228.75250166777852,0.5,0.9166666666666666,0.5833333333333333,0.7765491745043273,0.22345082549567272,0.9999483054290477,5.1705374397956025e-05
1144,228.95263509006003,0.5,0.9166666666666666,0.5833333333333333,0.7765496873786171,0.2234503126213829,0.9999483251375569,5.168631296913853e-05
1145,229.15276851234154,0.5,0.9166666666666666,0.5833333333333333,0.7765501961732524,0.2234498038267475,0.999948344855341,5.166726648276455e-05
1146,229.35290193462308,0.5,0.9166666666666666,0.5833333333333333,0.7765507009257047,0.22344929907429528,0.9999483645829039,5.164823485505263e-05
1147,229.5530353569046,0.5,0.9166666666666666,0.5833333333333333,0.7765512016734449,0.22344879832655498,0.9999483843207497,5.162921800222132e-05
1148,229.75316877918613,0.5,0.9166666666666666,0.5833333333333333,0.7765516984539445,0.2234483015460554,0.9999484040693826,5.1610215840489174e-05
1149,229.95330220146764,0.5,0.9166666666666666,0.5833333333333333,0.7765521913046746,0.22344780869532532,0.9999484238293065,5.1591228286074744e-05
1150,230.15343562374915,0.5,0.9166666666666666,0.5833333333333333,0.7765526802631064,0.22344731973689347,0.9999484436010255,5.1572255255196585e-05
1151,230.35356904603069,0.5,0.9166666666666666,0.5833333333333333,0.7765531653667113,0.22344683463328863,0.9999484633850438,5.1553296664073243e-05
1152,230.5537024683122,0.5,0.9166666666666666,0.5833333333333333,0.7765536466525121,0.22344635334748772,0.9999484831757874,5.1534352430437764e-05
1153,230.75383589059373,0.5,0.9166666666666666,0.5833333333333333,0.7765541241440711,0.22344587585592884,0.9999485027851132,5.151542251751591e-05
1154,230.95396931287524,0.5,0.9166666666666666,0.5833333333333333,0.7765545978674301,0.2234454021325698,0.9999485220585184,5.149650688015085e-05
1155,231.15410273515675,0.5,0.9166666666666666,0.5833333333333333,0.7765550678535009,0.22344493214649896,0.9999485409075418,5.147760545672947e-05
1156,231.3542361574383,0.5,0.9166666666666666,0.5833333333333333,0.7765555341331952,0.2234444658668047,0.9999485592437226,5.1458718185638666e-05
1157,231.5543695797198,0.5,0.9166666666666666,0.5833333333333333,0.7765559967374246,0.22344400326257532,0.9999485769785998,5.143984500526534e-05
1158,231.75450300200131,0.5,0.9166666666666666,0.5833333333333333,0.7765564556912693,0.22344354430873054,0.9999485941997173,5.1420985853020434e-05
1159,231.95463642428285,0.5,0.9166666666666666,0.5833333333333333,0.7765569110104199,0.22344308898957996,0.9999486112780283,5.1402140664743376e-05
1160,232.15476984656436,0.5,0.9166666666666666,0.5833333333333333,0.7765573627193904,0.2234426372806095,0.9999486283181686,5.1383309377750346e-05
1161,232.3549032688459,0.5,0.9166666666666666,0.5833333333333333,0.7765578108430086,0.22344218915699138,0.9999486454153019,5.136449192941003e-05
1162,232.5550366911274,0.5,0.9166666666666666,0.5833333333333333,0.7765582554061021,0.2234417445938977,0.999948662664592,5.134568825709113e-05
1163,232.75517011340892,0.5,0.9166666666666666,0.5833333333333333,0.7765586964339924,0.2234413035660075,0.9999486801465952,5.1326898298192405e-05
1164,232.95530353569046,0.5,0.9166666666666666,0.5833333333333333,0.7765591339572043,0.22344086604279556,0.9999486977877285,5.1308121990429996e-05
1165,233.15543695797197,0.5,0.9166666666666666,0.5833333333333333,0.7765595680040578,0.22344043199594213,0.9999487155797298,5.128935927138554e-05
1166,233.35557038025348,0.5,0.9166666666666666,0.5833333333333333,0.7765599986017462,0.22344000139825373,0.9999487335476948,5.1270610078572e-05
1167,233.55570380253502,0.5,0.9166666666666666,0.5833333333333333,0.7765604257774631,0.2234395742225368,0.9999487517167195,5.125187434950233e-05
1168,233.75583722481653,0.5,0.9166666666666666,0.5833333333333333,0.776560849558402,0.22343915044159787,0.9999487701119,5.123315202168949e-05
1169,233.95597064709807,0.5,0.9166666666666666,0.5833333333333333,0.7765612704136918,0.22343872958630812,0.9999487881513307,5.121444209850447e-05
1170,234.15610406937958,0.5,0.9166666666666666,0.5833333333333333,0.776561687265752,0.22343831273424797,0.9999488070450694,5.1195746879333886e-05
1171,234.3562374916611,0.5,0.9166666666666666,0.5833333333333333,0.776562100919327,0.223437899080673,0.9999488258351346,5.117706465133386e-05
1172,234.55637091394263,0.5,0.9166666666666666,0.5833333333333333,0.7765625113744167,0.22343748862558324,0.9999488445215262,5.115839541450438e-05
1173,234.75650433622414,0.5,0.9166666666666666,0.5833333333333333,0.7765629186310213,0.22343708136897866,0.9999488631042442,5.1139739168845455e-05
1174,234.95663775850565,0.5,0.9166666666666666,0.5833333333333333,0.7765633226981465,0.22343667730185351,0.9999488815946191,5.112109589342733e-05
1175,235.1567711807872,0.5,0.9166666666666666,0.5833333333333333,0.7765637236211269,0.22343627637887314,0.9999489000496878,5.110246548289013e-05
1176,235.3569046030687,0.5,0.9166666666666666,0.5833333333333333,0.776564121406233,0.2234358785937671,0.9999489184773392,5.108384792266114e-05
1177,235.55703802535024,0.5,0.9166666666666666,0.5833333333333333,0.7765645160534647,0.22343548394653537,0.9999489368775736,5.106524321274037e-05
1178,235.75717144763175,0.5,0.9166666666666666,0.5833333333333333,0.776564907562822,0.223435092437178,0.9999489552503906,5.104665135312782e-05
1179,235.95730486991326,0.5,0.9166666666666666,0.5833333333333333,0.7765652959398599,0.22343470406014013,0.9999489735974312,5.1028072331349074e-05
1180,236.1574382921948,0.5,0.9166666666666666,0.5833333333333333,0.7765656812764814,0.22343431872351863,0.9999489919458412,5.100950594101831e-05
1181,236.3575717144763,0.5,0.9166666666666666,0.5833333333333333,0.7765660636052432,0.22343393639475684,0.999949010305237,5.0990952109023436e-05
1182,236.55770513675782,0.5,0.9166666666666666,0.5833333333333333,0.7765664429261453,0.22343355707385476,0.9999490286756185,5.097241083536445e-05
1183,236.75783855903936,0.5,0.9166666666666666,0.5833333333333333,0.7765668192391877,0.22343318076081237,0.999949047056986,5.095388212004136e-05
1184,236.95797198132087,0.5,0.9166666666666666,0.5833333333333333,0.7765671925444698,0.22343280745553024,0.999949065449332,5.093536596283376e-05
1185,237.1581054036024,0.5,0.9166666666666666,0.5833333333333333,0.7765675629105582,0.22343243708944185,0.9999490838476242,5.0916862211806046e-05
1186,237.35823882588392,0.5,0.9166666666666666,0.5833333333333333,0.7765679303962472,0.2234320696037529,0.9999491022475474,5.089837073667658e-05
1187,237.55837224816543,0.5,0.9166666666666666,0.5833333333333333,0.7765682950015367,0.2234317049984633,0.9999491206491017,5.087989153744536e-05
1188,237.75850567044697,0.5,0.9166666666666666,0.5833333333333333,0.7765686567264269,0.2234313432735731,0.999949139052287,5.0861424614112385e-05
1189,237.95863909272848,0.5,0.9166666666666666,0.5833333333333333,0.7765690155709177,0.22343098442908232,0.9999491574571036,5.084296996667766e-05
1190,238.15877251500999,0.5,0.9166666666666666,0.5833333333333333,0.776569371572819,0.22343062842718106,0.9999491758604048,5.0824527511388845e-05
1191,238.35890593729152,0.5,0.9166666666666666,0.5833333333333333,0.7765697248137282,0.22343027518627187,0.9999491942554005,5.080609706749996e-05
1192,238.55903935957303,0.5,0.9166666666666666,0.5833333333333333,0.7765700752964251,0.22342992470357498,0.9999492126418597,5.0787678628853565e-05
1193,238.75917278185457,0.5,0.9166666666666666,0.5833333333333333,0.7765704230209097,0.22342957697909036,0.9999492310197822,5.076927219544964e-05
1194,238.95930620413608,0.5,0.9166666666666666,0.5833333333333333,0.776570767987182,0.22342923201281803,0.9999492493891678,5.0750877767288196e-05
1195,239.1594396264176,0.5,0.9166666666666666,0.5833333333333333,0.7765711102114496,0.22342888978855033,0.9999492677497254,5.0732495308380914e-05
1196,239.35957304869913,0.5,0.9166666666666666,0.5833333333333333,0.776571449781084,0.223428550218916,0.9999492860998825,5.0714124624723914e-05
1197,239.55970647098064,0.5,0.9166666666666666,0.5833333333333333,0.7765717867091164,0.2234282132908836,0.999949304439405,5.069576568738144e-05
1198,239.75983989326215,0.5,0.9166666666666666,0.5833333333333333,0.7765721209955468,0.22342787900445313,0.9999493227682926,5.06774184963535e-05
1199,239.9599733155437,0.5,0.9166666666666666,0.5833333333333333,0.7765724526403754,0.22342754735962456,0.9999493410865457,5.0659083051640086e-05
1200,240.1601067378252,0.5,0.9166666666666666,0.5833333333333333,0.7765727812080171,0.22342721879198285,0.9999493593931229,5.0640760321309e-05
1201,240.36024016010674,0.5,0.9166666666666666,0.5833333333333333,0.7765731078700718,0.22342689212992814,0.9999493776908243,5.06224477015326e-05
1202,240.56037358238825,0.5,0.9166666666666666,0.5833333333333333,0.7765734319174089,0.223426568082591,0.9999493959779552,5.060414676832145e-05
1203,240.76050700466976,0.5,0.9166666666666666,0.5833333333333333,0.7765737533712344,0.2234262466287656,0.9999494142545662,5.058585747454659e-05
1204,240.9606404269513,0.5,0.9166666666666666,0.5833333333333333,0.7765740722527538,0.22342592774724612,0.9999494325207081,5.056757977307908e-05
1205,241.1607738492328,0.5,0.9166666666666666,0.5833333333333333,0.7765743885831736,0.22342561141682638,0.9999494507764315,5.054931361678907e-05
1206,241.36090727151432,0.5,0.9166666666666666,0.5833333333333333,0.7765747023896302,0.2234252976103698,0.9999494690219376,5.053105894534392e-05
1207,241.56104069379586,0.5,0.9166666666666666,0.5833333333333333,0.7765750136996129,0.22342498630038707,0.9999494872574367,5.051281569762562e-05
1208,241.76117411607737,0.5,0.9166666666666666,0.5833333333333333,0.7765753225351397,0.2234246774648602,0.9999495054830001,5.049458382469716e-05
1209,241.9613075383589,0.5,0.9166666666666666,0.5833333333333333,0.7765756289182287,0.22342437108177127,0.9999495236986989,5.0476363277621475e-05
1210,242.16144096064042,0.5,0.9166666666666666,0.5833333333333333,0.7765759328708977,0.22342406712910232,0.9999495419046046,5.0458154007461545e-05
1211,242.36157438292193,0.5,0.9166666666666666,0.5833333333333333,0.7765762344151645,0.22342376558483537,0.9999495601007884,5.0439955965280314e-05
1212,242.56170780520347,0.5,0.9166666666666666,0.5833333333333333,0.7765765335730475,0.22342346642695252,0.9999495782873216,5.042176910214075e-05
1213,242.76184122748498,0.5,0.9166666666666666,0.5833333333333333,0.7765768303665642,0.22342316963343575,0.9999495964642754,5.0403593369105815e-05
1214,242.9619746497665,0.5,0.9166666666666666,0.5833333333333333,0.7765771248177329,0.22342287518226714,0.9999496146317213,5.038542871723846e-05
1215,243.16210807204803,0.5,0.9166666666666666,0.5833333333333333,0.7765774169485713,0.2234225830514287,0.9999496327897304,5.036727509760166e-05
1216,243.36224149432954,0.5,0.9166666666666666,0.5833333333333333,0.7765777067810974,0.22342229321890253,0.999949650938374,5.034913246125836e-05
1217,243.56237491661108,0.5,0.9166666666666666,0.5833333333333333,0.7765779943373293,0.22342200566267065,0.9999496690777234,5.033100075927153e-05
1218,243.7625083388926,0.5,0.9166666666666666,0.5833333333333333,0.7765782796392848,0.2234217203607151,0.99994968720785,5.0312879942704126e-05
1219,243.9626417611741,0.5,0.9166666666666666,0.5833333333333333,0.7765785627089821,0.2234214372910179,0.9999497053288251,5.029476996261911e-05
1220,244.16277518345564,0.5,0.9166666666666666,0.5833333333333333,0.7765788435684389,0.22342115643156116,0.9999497234407199,5.0276670770079445e-05
1221,244.36290860573715,0.5,0.9166666666666666,0.5833333333333333,0.7765791222396731,0.22342087776032687,0.9999497415436056,5.0258582316148086e-05
1222,244.56304202801866,0.5,0.9166666666666666,0.5833333333333333,0.7765793987447028,0.22342060125529709,0.9999497596375536,5.024050455188799e-05
1223,244.7631754503002,0.5,0.9166666666666666,0.5833333333333333,0.7765796731055461,0.22342032689445387,0.9999497777226353,5.022243742836213e-05
1224,244.9633088725817,0.5,0.9166666666666666,0.5833333333333333,0.7765799453442207,0.22342005465577924,0.9999497957989217,5.020438089663345e-05
1225,245.16344229486324,0.5,0.9166666666666666,0.5833333333333333,0.7765802154827447,0.22341978451725528,0.9999498138664844,5.018633490776492e-05
1226,245.36357571714476,0.5,0.9166666666666666,0.5833333333333333,0.776580483543136,0.223419516456864,0.9999498319253945,5.01682994128195e-05
1227,245.56370913942627,0.5,0.9166666666666666,0.5833333333333333,0.7765807495474125,0.22341925045258745,0.9999498499757233,5.0150274362860155e-05
1228,245.7638425617078,0.5,0.9166666666666666,0.5833333333333333,0.7765810135175922,0.22341898648240768,0.9999498680175423,5.013225970894983e-05
1229,245.96397598398931,0.5,0.9166666666666666,0.5833333333333333,0.7765812754756932,0.22341872452430675,0.9999498860509225,5.01142554021515e-05
1230,246.16410940627082,0.5,0.9166666666666666,0.5833333333333333,0.7765815354437333,0.22341846455626668,0.9999499040759353,5.0096261393528116e-05
1231,246.36424282855236,0.5,0.9166666666666666,0.5833333333333333,0.7765817934437305,0.22341820655626954,0.999949922092652,5.007827763414264e-05
1232,246.56437625083387,0.5,0.9166666666666666,0.5833333333333333,0.7765820494977026,0.22341795050229735,0.9999499401011439,5.0060304075058046e-05
1233,246.7645096731154,0.5,0.9166666666666666,0.5833333333333333,0.7765823036276678,0.2234176963723322,0.9999499581014822,5.004234066733727e-05
1234,246.96464309539692,0.5,0.9166666666666666,0.5833333333333333,0.7765825558183671,0.22341744418163287,0.9999499760944882,5.00243874440482e-05
1235,247.16477651767843,0.5,0.9166666666666666,0.5833333333333333,0.7765828060420699,0.2234171939579301,0.9999499940812338,5.000644446569544e-05
1236,247.36490993995997,0.5,0.9166666666666666,0.5833333333333333,0.7765830543148518,0.2234169456851482,0.9999500120619097,4.998851169641427e-05
1237,247.56504336224148,0.5,0.9166666666666666,0.5833333333333333,0.7765833006529118,0.22341669934708816,0.9999500300367045,4.9970589100068766e-05
1238,247.765176784523,0.5,0.9166666666666666,0.5833333333333333,0.7765835450724489,0.22341645492755102,0.9999500480058062,4.995267664052298e-05
1239,247.96531020680453,0.5,0.9166666666666666,0.5833333333333333,0.7765837875896622,0.2234162124103378,0.9999500659694034,4.993477428164096e-05
1240,248.16544362908604,0.5,0.9166666666666666,0.5833333333333333,0.7765840282207505,0.22341597177924946,0.9999500839276844,4.991688198728678e-05
1241,248.36557705136758,0.5,0.9166666666666666,0.5833333333333333,0.7765842669819129,0.22341573301808706,0.9999501018808373,4.9898999721324484e-05
1242,248.5657104736491,0.5,0.9166666666666666,0.5833333333333333,0.7765845038893483,0.22341549611065162,0.9999501198290508,4.988112744761813e-05
1243,248.7658438959306,0.5,0.9166666666666666,0.5833333333333333,0.7765847389592558,0.22341526104074413,0.999950137772513,4.986326513003179e-05
1244,248.96597731821214,0.5,0.9166666666666666,0.5833333333333333,0.7765849722078343,0.2234150277921656,0.9999501557114123,4.98454127324295e-05
1245,249.16611074049365,0.5,0.9166666666666666,0.5833333333333333,0.7765852036512829,0.22341479634871705,0.9999501736459371,4.982757021867533e-05
1246,249.36624416277516,0.5,0.9166666666666666,0.5833333333333333,0.7765854333058004,0.2234145666941995,0.9999501915762756,4.9809737552633344e-05
1247,249.5663775850567,0.5,0.9166666666666666,0.5833333333333333,0.776585661187586,0.22341433881241396,0.9999502095026164,4.979191469816758e-05
1248,249.7665110073382,0.5,0.9166666666666666,0.5833333333333333,0.7765858873128385,0.22341411268716144,0.9999502274251475,4.977410161914212e-05
1249,249.96664442961975,0.5,0.9166666666666666,0.5833333333333333,0.776586111697757,0.22341388830224293,0.9999502453440574,4.9756298279421e-05
1250,250.16677785190126,0.5,0.9166666666666666,0.5833333333333333,0.7765863343585404,0.22341366564145948,0.9999502632595345,4.9738504642868296e-05
1251,250.36691127418277,0.5,0.9166666666666666,0.5833333333333333,0.7765865553113879,0.2234134446886121,0.9999502811717671,4.972072067334805e-05
1252,250.5670446964643,0.5,0.9166666666666666,0.5833333333333333,0.7765867745724981,0.22341322542750178,0.9999502990809435,4.970294633472432e-05
1253,250.76717811874582,0.5,0.9166666666666666,0.5833333333333333,0.7765869921580704,0.22341300784192955,0.9999503169872519,4.968518159086117e-05
1254,250.96731154102733,0.5,0.9166666666666666,0.5833333333333333,0.7765872080843035,0.2234127919156964,0.9999503348908809,4.966742640562267e-05
1255,251.16744496330887,0.5,0.9166666666666666,0.5833333333333333,0.7765874223673965,0.2234125776326034,0.9999503527920188,4.964968074287285e-05
1256,251.36757838559038,0.5,0.9166666666666666,0.5833333333333333,0.7765876350235484,0.22341236497645148,0.9999503706908538,4.963194456647579e-05
1257,251.56771180787192,0.5,0.9166666666666666,0.5833333333333333,0.7765878460689583,0.22341215393104172,0.9999503885875743,4.961421784029553e-05
1258,251.76784523015343,0.5,0.9166666666666666,0.5833333333333333,0.7765880555198249,0.2234119444801751,0.9999504064823687,4.9596500528196144e-05
1259,251.96797865243494,0.5,0.9166666666666666,0.5833333333333333,0.7765882633923473,0.22341173660765262,0.9999504243754253,4.957879259404168e-05
1260,252.16811207471648,0.5,0.9166666666666666,0.5833333333333333,0.7765884697027245,0.22341153029727534,0.9999504422669323,4.956109400169619e-05
1261,252.368245496998,0.5,0.9166666666666666,0.5833333333333333,0.7765886744671557,0.22341132553284426,0.9999504601570782,4.954340471502375e-05
1262,252.5683789192795,0.5,0.9166666666666666,0.5833333333333333,0.7765888776823282,0.2234111223176718,0.9999504780498292,4.9525724739774884e-05
1263,252.76851234156103,0.5,0.9166666666666666,0.5833333333333333,0.7765890793320377,0.22341092066796234,0.9999504959516473,4.950805410937593e-05
1264,252.96864576384255,0.5,0.9166666666666666,0.5833333333333333,0.7765892794286359,0.22341072057136413,0.9999505138634658,4.9490392795950085e-05
1265,253.16877918612408,0.5,0.9166666666666666,0.5833333333333333,0.7765894779848177,0.22341052201518227,0.9999505317861515,4.947274077088389e-05
1266,253.3689126084056,0.5,0.9166666666666666,0.5833333333333333,0.7765896750132781,0.22341032498672192,0.9999505497205712,4.9455098005563876e-05
1267,253.5690460306871,0.5,0.9166666666666666,0.5833333333333333,0.7765898705267118,0.22341012947328814,0.9999505676675917,4.94374644713766e-05
1268,253.76917945296864,0.5,0.9166666666666666,0.5833333333333333,0.7765900645378139,0.2234099354621861,0.9999505856280798,4.941984013970858e-05
1269,253.96931287525015,0.5,0.9166666666666666,0.5833333333333333,0.7765902570592791,0.22340974294072086,0.9999506036029023,4.9402224981946375e-05
1270,254.16944629753166,0.5,0.9166666666666666,0.5833333333333333,0.7765904481038024,0.22340955189619757,0.999950621592926,4.9384618969476524e-05
1271,254.3695797198132,0.5,0.9166666666666666,0.5833333333333333,0.7765906376840787,0.22340936231592134,0.9999506395990178,4.9367022073685555e-05
1272,254.5697131420947,0.5,0.9166666666666666,0.5833333333333333,0.7765908258128027,0.2234091741871973,0.9999506576220443,4.934943426596002e-05
1273,254.76984656437625,0.5,0.9166666666666666,0.5833333333333333,0.7765910125026695,0.22340898749733057,0.9999506756628723,4.933185551768646e-05
1274,254.96997998665776,0.5,0.9166666666666666,0.5833333333333333,0.7765911977663738,0.22340880223362622,0.9999506937223688,4.93142858002514e-05
1275,255.17011340893927,0.5,0.9166666666666666,0.5833333333333333,0.7765913816166106,0.2234086183833894,0.9999507118014004,4.92967250850414e-05
1276,255.3702468312208,0.5,0.9166666666666666,0.5833333333333333,0.7765915640660748,0.22340843593392523,0.999950729900834,4.927917334344299e-05
1277,255.57038025350232,0.5,0.9166666666666666,0.5833333333333333,0.7765917451274612,0.22340825487253885,0.9999507480215363,4.926163054684271e-05
1278,255.77051367578383,0.5,0.9166666666666666,0.5833333333333333,0.7765919248134647,0.2234080751865353,0.9999507661643743,4.92440966666271e-05
1279,255.97064709806537,0.5,0.9166666666666666,0.5833333333333333,0.7765921031367803,0.22340789686321977,0.9999507843302146,4.922657167418271e-05
1280,256.1707805203469,0.5,0.9166666666666666,0.5833333333333333,0.7765922801101026,0.22340771988989733,0.999950802519924,4.920905554089606e-05
1281,256.3709139426284,0.5,0.9166666666666666,0.5833333333333333,0.7765924557461269,0.22340754425387313,0.9999508207343694,4.919154823815372e-05
1282,256.57104736490993,0.5,0.9166666666666666,0.5833333333333333,0.7765926300575478,0.22340736994245228,0.9999508389744175,4.917404973734221e-05
1283,256.77118078719144,0.5,0.9166666666666666,0.5833333333333333,0.7765928030570601,0.22340719694293987,0.9999508572409352,4.9156560009848066e-05
1284,256.97131420947295,0.5,0.9166666666666666,0.5833333333333333,0.776592974757359,0.22340702524264103,0.9999508755347892,4.9139079027057845e-05
1285,257.1714476317545,0.5,0.9166666666666666,0.5833333333333333,0.7765931451711391,0.22340685482886088,0.9999508938568464,4.912160676035807e-05
1286,257.371581054036,0.5,0.9166666666666666,0.5833333333333333,0.7765933143110955,0.22340668568890457,0.9999509122079735,4.91041431811353e-05
1287,257.57171447631754,0.5,0.9166666666666666,0.5833333333333333,0.7765934821899229,0.22340651781007714,0.9999509305890373,4.908668826077606e-05
1288,257.77184789859905,0.5,0.9166666666666666,0.5833333333333333,0.7765936488203162,0.2234063511796838,0.9999509490009046,4.906924197066689e-05
1289,257.97198132088056,0.5,0.9166666666666666,0.5833333333333333,0.7765938142149704,0.22340618578502958,0.9999509674444423,4.905180428219435e-05
1290,258.1721147431621,0.5,0.9166666666666666,0.5833333333333333,0.7765939783845142,0.22340602161548587,0.9999509858438689,4.9034375177070866e-05
1291,258.37224816544364,0.5,0.9166666666666666,0.5833333333333333,0.7765941413367407,0.2234058586632594,0.9999510040182178,4.901695465117919e-05
1292,258.57238158772515,0.5,0.9166666666666666,0.5833333333333333,0.7765943030826198,0.22340569691738021,0.9999510219043707,4.899954268452583e-05
1293,258.77251501000666,0.5,0.9166666666666666,0.5833333333333333,0.7765944636332146,0.22340553636678542,0.9999510394426517,4.898213925665348e-05
1294,258.97264843228817,0.5,0.9166666666666666,0.5833333333333333,0.7765946229995878,0.22340537700041221,0.9999510565733855,4.896474434710486e-05
1295,259.1727818545697,0.5,0.9166666666666666,0.5833333333333333,0.7765947811928023,0.22340521880719774,0.9999510732368959,4.894735793542267e-05
1296,259.37291527685124,0.5,0.9166666666666666,0.5833333333333333,0.7765949382239209,0.22340506177607916,0.9999510893735074,4.892998000114962e-05
1297,259.57304869913276,0.5,0.9166666666666666,0.5833333333333333,0.7765950940986439,0.22340490590135614,0.9999511050643122,4.8912610524713394e-05
1298,259.77318212141427,0.5,0.9166666666666666,0.5833333333333333,0.7765952488146809,0.22340475118531916,0.9999511206001618,4.8895249487860444e-05
1299,259.9733155436958,0.5,0.9166666666666666,0.5833333333333333,0.7765954023783882,0.2234045976216119,0.9999511360449301,4.887789687091021e-05
1300,260.1734489659773,0.5,0.9166666666666666,0.5833333333333333,0.7765955547964178,0.2234044452035822,0.9999511514547215,4.8860552654133275e-05
1301,260.37358238825885,0.5,0.9166666666666666,0.5833333333333333,0.7765957060754223,0.2234042939245778,0.9999511668856401,4.884321681780025e-05
1302,260.57371581054036,0.5,0.9166666666666666,0.5833333333333333,0.7765958562220535,0.2234041437779465,0.9999511823937904,4.882588934218175e-05
1303,260.7738492328219,0.5,0.9166666666666666,0.5833333333333333,0.776596005242964,0.22340399475703607,0.9999511980352767,4.880857020754835e-05
1304,260.9739826551034,0.5,0.9166666666666666,0.5833333333333333,0.7765961531452495,0.2234038468547506,0.999951213838389,4.8791259395163336e-05
1305,261.1741160773849,0.5,0.9166666666666666,0.5833333333333333,0.7765962999367222,0.22340370006327795,0.9999512297865257,4.877395688789209e-05
1306,261.37424949966646,0.5,0.9166666666666666,0.5833333333333333,0.7765964456244442,0.22340355437555592,0.9999512459100874,4.8756662666922555e-05
1307,261.574382921948,0.5,0.9166666666666666,0.5833333333333333,0.7765965902154481,0.22340340978455192,0.9999512622413383,4.873937671337617e-05
1308,261.7745163442295,0.5,0.9166666666666666,0.5833333333333333,0.7765967337167666,0.22340326628323348,0.9999512788125426,4.872209900837434e-05
1309,261.974649766511,0.5,0.9166666666666666,0.5833333333333333,0.776596876135432,0.22340312386456804,0.9999512956559649,4.870482953303851e-05
1310,262.1747831887925,0.5,0.9166666666666666,0.5833333333333333,0.7765970174784771,0.22340298252152305,0.9999513128038691,4.8687568268490095e-05
1311,262.374916611074,0.5,0.9166666666666666,0.5833333333333333,0.7765971581876695,0.2234028418123307,0.9999513288916774,4.867031431944393e-05
1312,262.5750500333556,0.5,0.9166666666666666,0.5833333333333333,0.776597297244012,0.22340270275598811,0.9999513469406791,4.865306976181902e-05
1313,262.7751834556371,0.5,0.9166666666666666,0.5833333333333333,0.7765974353203798,0.22340256467962039,0.9999513648773134,4.863583323155068e-05
1314,262.9753168779186,0.5,0.9166666666666666,0.5833333333333333,0.7765975724167726,0.22340242758322748,0.9999513827015803,4.861860472863893e-05
1315,263.1754503002001,0.5,0.9166666666666666,0.5833333333333333,0.7765977085331908,0.2234022914668094,0.99995140041348,4.860138425308376e-05
1316,263.3755837224816,0.5,0.9166666666666666,0.5833333333333333,0.776597843669634,0.22340215633036617,0.9999514180130121,4.858417180488518e-05
1317,263.5757171447632,0.5,0.9166666666666666,0.5833333333333333,0.7765979778261024,0.22340202217389776,0.999951435500177,4.856696738404317e-05
1318,263.7758505670447,0.5,0.9166666666666666,0.5833333333333333,0.7765981110079263,0.2234018889920739,0.9999514528791169,4.8549770977816784e-05
1319,263.9759839893262,0.5,0.9166666666666666,0.5833333333333333,0.7765982432279138,0.22340175677208637,0.9999514701597856,4.8532582555590703e-05
1320,264.1761174116077,0.5,0.9166666666666666,0.5833333333333333,0.7765983744866259,0.22340162551337422,0.9999514873426191,4.8515402116024003e-05
1321,264.37625083388923,0.5,0.9166666666666666,0.5833333333333333,0.7765985047840628,0.22340149521593747,0.9999515044276175,4.8498229659116684e-05
1322,264.5763842561708,0.5,0.9166666666666666,0.5833333333333333,0.7765986341202241,0.22340136587977605,0.9999515214147806,4.848106518486874e-05
1323,264.7765176784523,0.5,0.9166666666666666,0.5833333333333333,0.7765987624994036,0.22340123750059654,0.9999515383172889,4.846390868217362e-05
1324,264.9766511007338,0.5,0.9166666666666666,0.5833333333333333,0.7765988899471395,0.2234011100528606,0.9999515552135418,4.8446760084967944e-05
1325,265.17678452301533,0.5,0.9166666666666666,0.5833333333333333,0.7765990164676514,0.22340098353234877,0.9999515721164924,4.842961938233658e-05
1326,265.37691794529684,0.5,0.9166666666666666,0.5833333333333333,0.7765991420609392,0.22340085793906103,0.9999515890261407,4.841248657427953e-05
1327,265.57705136757835,0.5,0.9166666666666666,0.5833333333333333,0.7765992667270027,0.22340073327299742,0.9999516059424867,4.8395361660796797e-05
1328,265.7771847898599,0.5,0.9166666666666666,0.5833333333333333,0.7765993904670323,0.2234006095329679,0.9999516228658467,4.837824463909534e-05
1329,265.9773182121414,0.5,0.9166666666666666,0.5833333333333333,0.7765995133073426,0.22340048669265766,0.9999516398032163,4.836113544741272e-05
1330,266.17745163442294,0.5,0.9166666666666666,0.5833333333333333,0.7765996352587243,0.2234003647412759,0.999951656757464,4.834403406042206e-05
1331,266.37758505670445,0.5,0.9166666666666666,0.5833333333333333,0.7765997563211776,0.22340024367882258,0.9999516737285898,4.832694047812337e-05
1332,266.57771847898596,0.5,0.9166666666666666,0.5833333333333333,0.7765998764947025,0.22340012350529767,0.9999516907165938,4.8309854700516634e-05
1333,266.7778519012675,0.5,0.9166666666666666,0.5833333333333333,0.776599995779299,0.22340000422070122,0.9999517077214759,4.829277672760185e-05
1334,266.97798532354904,0.5,0.9166666666666666,0.5833333333333333,0.7766001141940126,0.22339988580598763,0.9999517247348025,4.8275706515710324e-05
1335,267.17811874583055,0.5,0.9166666666666666,0.5833333333333333,0.776600231758163,0.22339976824183727,0.9999517417480185,4.8258644020545055e-05
1336,267.37825216811206,0.5,0.9166666666666666,0.5833333333333333,0.7766003484717504,0.22339965152824987,0.9999517587611237,4.824158924210548e-05
1337,267.57838559039357,0.5,0.9166666666666666,0.5833333333333333,0.7766004643347748,0.22339953566522547,0.9999517757741184,4.8224542180391604e-05
1338,267.77851901267513,0.5,0.9166666666666666,0.5833333333333333,0.7766005793472361,0.22339942065276408,0.9999517927870023,4.820750283540342e-05
1339,267.97865243495664,0.5,0.9166666666666666,0.5833333333333333,0.7766006935190428,0.2233993064809575,0.9999518097979412,4.819047118409615e-05
1340,268.17878585723815,0.5,0.9166666666666666,0.5833333333333333,0.7766008068752194,0.22339919312478093,0.999951826802302,4.817344716826627e-05
1341,268.37891927951966,0.5,0.9166666666666666,0.5833333333333333,0.7766009194169843,0.22339908058301597,0.9999518437998592,4.81564307850799e-05
1342,268.5790527018012,0.5,0.9166666666666666,0.5833333333333333,0.7766010311443377,0.2233989688556626,0.9999518607906127,4.813942203453705e-05
1343,268.7791861240827,0.5,0.9166666666666666,0.5833333333333333,0.7766011420572794,0.22339885794272082,0.9999518777745626,4.8122420916637724e-05
1344,268.97931954636425,0.5,0.9166666666666666,0.5833333333333333,0.7766012521598228,0.2233987478401775,0.9999518947517125,4.810542742193783e-05
1345,269.17945296864576,0.5,0.9166666666666666,0.5833333333333333,0.7766013614776224,0.22339863852237798,0.9999519117220869,4.808844149006495e-05
1346,269.3795863909273,0.5,0.9166666666666666,0.5833333333333333,0.7766014700152276,0.22339852998477266,0.9999519286856898,4.8071463110312625e-05
1347,269.5797198132088,0.5,0.9166666666666666,0.5833333333333333,0.7766015777726387,0.22339842222736156,0.9999519456425215,4.8054492282680844e-05
1348,269.7798532354903,0.5,0.9166666666666666,0.5833333333333333,0.7766016847498557,0.22339831525014464,0.9999519625925818,4.803752900716962e-05
1349,269.97998665777186,0.5,0.9166666666666666,0.5833333333333333,0.7766017909483985,0.22339820905160188,0.999951979535874,4.8020573280163e-05
1350,270.18012008005337,0.5,0.9166666666666666,0.5833333333333333,0.776601896407716,0.22339810359228437,0.9999519964724843,4.8003625007820985e-05
1351,270.3802535023349,0.5,0.9166666666666666,0.5833333333333333,0.7766020011451814,0.22339799885481904,0.9999520134024505,4.798668414881679e-05
1352,270.5803869246164,0.5,0.9166666666666666,0.5833333333333333,0.7766021051607945,0.2233978948392059,0.9999520303257726,4.796975070315042e-05
1353,270.7805203468979,0.5,0.9166666666666666,0.5833333333333333,0.7766022084545555,0.22339779154544495,0.9999520472424507,4.795282467082188e-05
1354,270.98065376917947,0.5,0.9166666666666666,0.5833333333333333,0.7766023110264643,0.22339768897353615,0.9999520641524846,4.7935906051831165e-05
1355,271.180787191461,0.5,0.9166666666666666,0.5833333333333333,0.7766024128765209,0.22339758712347957,0.9999520810558745,4.791899484617828e-05
1356,271.3809206137425,0.5,0.9166666666666666,0.5833333333333333,0.7766025140047252,0.22339748599527515,0.9999520979526203,4.7902091053863224e-05
1357,271.581054036024,0.5,0.9166666666666666,0.5833333333333333,0.7766026144110775,0.22339738558892291,0.9999521148427221,4.788519467488599e-05
1358,271.7811874583055,0.5,0.9166666666666666,0.5833333333333333,0.7766027140955776,0.22339728590442284,0.9999521317261797,4.786830570924659e-05
1359,271.981320880587,0.5,0.9166666666666666,0.5833333333333333,0.7766028130582254,0.22339718694177496,0.9999521486029933,4.785142415694502e-05
1360,272.1814543028686,0.5,0.9166666666666666,0.5833333333333333,0.7766029112990211,0.22339708870097927,0.9999521654731629,4.7834550017981264e-05
1361,272.3815877251501,0.5,0.9166666666666666,0.5833333333333333,0.7766030088179646,0.22339699118203574,0.9999521823366883,4.781768329235534e-05
1362,272.5817211474316,0.5,0.9166666666666666,0.5833333333333333,0.776603105615056,0.2233968943849444,0.9999521991935696,4.780082398006725e-05
1363,272.7818545697131,0.5,0.9166666666666666,0.5833333333333333,0.776603201690335,0.22339679830966538,0.9999522160438069,4.778397208102153e-05
1364,272.98198799199463,0.5,0.9166666666666666,0.5833333333333333,0.7766032970858091,0.22339670291419134,0.999952232887352,4.776712749459062e-05
1365,273.1821214142762,0.5,0.9166666666666666,0.5833333333333333,0.7766033918385818,0.22339660816141854,0.9999522497241627,4.7750290131893535e-05
1366,273.3822548365577,0.5,0.9166666666666666,0.5833333333333333,0.7766034859486535,0.22339651405134697,0.9999522665542389,4.7733459992930294e-05
1367,273.5823882588392,0.5,0.9166666666666666,0.5833333333333333,0.7766035794160238,0.22339642058397663,0.9999522833775806,4.7716637077700885e-05
1368,273.7825216811207,0.5,0.9166666666666666,0.5833333333333333,0.7766036722406928,0.22339632775930757,0.9999523001941878,4.769982138620531e-05
1369,273.98265510340224,0.5,0.9166666666666666,0.5833333333333333,0.7766037644226607,0.22339623557733973,0.9999523170040606,4.768301291844357e-05
1370,274.1827885256838,0.5,0.9166666666666666,0.5833333333333333,0.7766038559619273,0.22339614403807312,0.9999523338071988,4.7666211674415654e-05
1371,274.3829219479653,0.5,0.9166666666666666,0.5833333333333333,0.7766039468584927,0.2233960531415078,0.9999523506036027,4.764941765412158e-05
1372,274.5830553702468,0.5,0.9166666666666666,0.5833333333333333,0.7766040371123567,0.22339596288764366,0.999952367393272,4.763263085756134e-05
1373,274.78318879252834,0.5,0.9166666666666666,0.5833333333333333,0.7766041267235196,0.2233958732764808,0.9999523841762068,4.761585128473493e-05
1374,274.98332221480985,0.5,0.9166666666666666,0.5833333333333333,0.7766042156919812,0.22339578430801918,0.9999524009524071,4.7599078935642354e-05
1375,275.18345563709136,0.5,0.9166666666666666,0.5833333333333333,0.7766043040177416,0.22339569598225878,0.999952417721873,4.758231381028362e-05
1376,275.3835890593729,0.5,0.9166666666666666,0.5833333333333333,0.7766043917008008,0.22339560829919966,0.9999524344846045,4.756555590865871e-05
1377,275.58372248165443,0.5,0.9166666666666666,0.5833333333333333,0.7766044787411587,0.22339552125884177,0.9999524512406014,4.754880523076763e-05
1378,275.78385590393594,0.5,0.9166666666666666,0.5833333333333333,0.77660456319117,0.22339543680883045,0.9999524679989708,4.753206651656169e-05
1379,275.98398932621745,0.5,0.9166666666666666,0.5833333333333333,0.7766046494506593,0.22339535054934107,0.9999524847391396,4.751532905826257e-05
1380,276.18412274849896,0.5,0.9166666666666666,0.5833333333333333,0.7766047350765515,0.2233952649234489,0.9999525014725313,4.749859880154097e-05
1381,276.38425617078053,0.5,0.9166666666666666,0.5833333333333333,0.7766048200738073,0.22339517992619315,0.9999525181991229,4.748187573432385e-05
1382,276.58438959306204,0.5,0.9166666666666666,0.5833333333333333,0.7766049044473874,0.223395095552613,0.999952534918891,4.746515984453817e-05
1383,276.78452301534355,0.5,0.9166666666666666,0.5833333333333333,0.7766049882022528,0.22339501179774762,0.9999525516318125,4.7448451120110896e-05
1384,276.98465643762506,0.5,0.9166666666666666,0.5833333333333333,0.7766050713433642,0.2233949286566362,0.9999525683378642,4.743174954896899e-05
1385,277.1847898599066,0.5,0.9166666666666666,0.5833333333333333,0.7766051538756824,0.22339484612431798,0.9999525850370228,4.74150551190394e-05
1386,277.38492328218814,0.5,0.9166666666666666,0.5833333333333333,0.7766052358041683,0.2233947641958321,0.9999526017292651,4.739836781824909e-05
1387,277.58505670446965,0.5,0.9166666666666666,0.5833333333333333,0.7766053171337827,0.22339468286621778,0.9999526184145682,4.738168763452503e-05
1388,277.78519012675116,0.5,0.9166666666666666,0.5833333333333333,0.7766053978694862,0.22339460213051418,0.9999526350929085,4.7365014555794176e-05
1389,277.98532354903267,0.5,0.9166666666666666,0.5833333333333333,0.7766054780162399,0.2233945219837605,0.9999526517642631,4.734834856998348e-05
1390,278.1854569713142,0.5,0.9166666666666666,0.5833333333333333,0.7766055575790045,0.22339444242099593,0.9999526684286086,4.7331689665019915e-05
1391,278.3855903935957,0.5,0.9166666666666666,0.5833333333333333,0.7766056365627407,0.22339436343725969,0.999952685085922,4.731503782883044e-05
1392,278.58572381587726,0.5,0.9166666666666666,0.5833333333333333,0.7766057149738504,0.22339428502615005,0.9999527017361227,4.729839304509339e-05
1393,278.78585723815877,0.5,0.9166666666666666,0.5833333333333333,0.7766057928226129,0.22339420717738767,0.9999527183789765,4.728175528605324e-05
1394,278.9859906604403,0.5,0.9166666666666666,0.5833333333333333,0.7766058701147898,0.2233941298852108,0.9999527350144283,4.726512453727531e-05
1395,279.1861240827218,0.5,0.9166666666666666,0.5833333333333333,0.7766059468556891,0.2233940531443114,0.9999527516424411,4.7248500785662815e-05
1396,279.3862575050033,0.5,0.9166666666666666,0.5833333333333333,0.776606023050619,0.22339397694938154,0.9999527682629781,4.7231884018118964e-05
1397,279.58639092728487,0.5,0.9166666666666666,0.5833333333333333,0.7766060987048874,0.22339390129511316,0.9999527848760021,4.7215274221546974e-05
1398,279.7865243495664,0.5,0.9166666666666666,0.5833333333333333,0.7766061738238023,0.2233938261761983,0.9999528014814762,4.719867138285007e-05
1399,279.9866577718479,0.5,0.9166666666666666,0.5833333333333333,0.7766062484126716,0.22339375158732894,0.9999528180793635,4.718207548893146e-05
1400,280.1867911941294,0.5,0.9166666666666666,0.5833333333333333,0.7766063224768035,0.22339367752319703,0.9999528346696269,4.716548652669436e-05
1401,280.3869246164109,0.5,0.9166666666666666,0.5833333333333333,0.7766063960215059,0.22339360397849464,0.9999528512522295,4.7148904483041974e-05
1402,280.5870580386925,0.5,0.9166666666666666,0.5833333333333333,0.7766064690520869,0.22339353094791373,0.9999528678271343,4.713232934487753e-05
1403,280.787191460974,0.5,0.9166666666666666,0.5833333333333333,0.7766065415738542,0.22339345842614627,0.9999528843943043,4.711576109910424e-05
1404,280.9873248832555,0.5,0.9166666666666666,0.5833333333333333,0.7766066135921162,0.22339338640788434,0.9999529009537025,4.7099199732625314e-05
1405,281.187458305537,0.5,0.9166666666666666,0.5833333333333333,0.7766066851121807,0.22339331488781985,0.999952917505292,4.7082645232343975e-05
1406,281.3875917278185,0.5,0.9166666666666666,0.5833333333333333,0.7766067561393557,0.22339324386064482,0.9999529340490357,4.7066097585163426e-05
1407,281.5877251501,0.5,0.9166666666666666,0.5833333333333333,0.7766068266789492,0.2233931733210513,0.9999529505848967,4.70495567779869e-05
1408,281.7878585723816,0.5,0.9166666666666666,0.5833333333333333,0.7766068967362694,0.2233931032637312,0.999952967112838,4.703302279771758e-05
1409,281.9879919946631,0.5,0.9166666666666666,0.5833333333333333,0.776606966316624,0.2233930336833766,0.9999529836328227,4.701649563125871e-05
1410,282.1881254169446,0.5,0.9166666666666666,0.5833333333333333,0.7766070354253211,0.22339296457467941,0.9999530001448137,4.69999752655135e-05
1411,282.3882588392261,0.5,0.9166666666666666,0.5833333333333333,0.7766071040676689,0.2233928959323317,0.999953016648774,4.6983461687385155e-05
1412,282.58839226150764,0.5,0.9166666666666666,0.5833333333333333,0.7766071722489751,0.22339282775102545,0.9999530331446668,4.696695488377689e-05
1413,282.7885256837892,0.5,0.9166666666666666,0.5833333333333333,0.776607239974548,0.22339276002545264,0.9999530496324549,4.695045484159193e-05
1414,282.9886591060707,0.5,0.9166666666666666,0.5833333333333333,0.7766073072496953,0.22339269275030527,0.9999530661121014,4.693396154773348e-05
1415,283.1887925283522,0.5,0.9166666666666666,0.5833333333333333,0.7766073740797252,0.2233926259202753,0.9999530825835694,4.691747498910476e-05
1416,283.38892595063373,0.5,0.9166666666666666,0.5833333333333333,0.7766074404699457,0.22339255953005482,0.9999530990468218,4.690099515260898e-05
1417,283.58905937291524,0.5,0.9166666666666666,0.5833333333333333,0.7766075064256648,0.22339249357433577,0.9999531155018218,4.6884522025149365e-05
1418,283.7891927951968,0.5,0.9166666666666666,0.5833333333333333,0.7766075719521904,0.22339242804781012,0.9999531319485322,4.686805559362911e-05
1419,283.9893262174783,0.5,0.9166666666666666,0.5833333333333333,0.7766076370548306,0.22339236294516993,0.9999531483869161,4.685159584495145e-05
1420,284.18945963975983,0.5,0.9166666666666666,0.5833333333333333,0.7766077017388934,0.22339229826110715,0.9999531648169365,4.6835142766019595e-05
1421,284.38959306204134,0.5,0.9166666666666666,0.5833333333333333,0.7766077660096867,0.22339223399031377,0.9999531812385566,4.681869634373675e-05
1422,284.58972648432285,0.5,0.9166666666666666,0.5833333333333333,0.7766078298725188,0.22339217012748183,0.9999531976517392,4.680225656500614e-05
1423,284.7898599066044,0.5,0.9166666666666666,0.5833333333333333,0.7766078933326972,0.2233921066673033,0.9999532140564473,4.678582341673097e-05
1424,284.98999332888593,0.5,0.9166666666666666,0.5833333333333333,0.7766079563955304,0.22339204360447018,0.9999532304526442,4.676939688581446e-05
1425,285.19012675116744,0.5,0.9166666666666666,0.5833333333333333,0.776608019066326,0.22339198093367443,0.9999532468402925,4.6752976959159834e-05
1426,285.39026017344895,0.5,0.9166666666666666,0.5833333333333333,0.7766080813503924,0.22339191864960814,0.9999532632193556,4.673656362367029e-05
1427,285.59039359573046,0.5,0.9166666666666666,0.5833333333333333,0.7766081432530373,0.2233918567469632,0.9999532795897964,4.6720156866249055e-05
1428,285.79052701801197,0.5,0.9166666666666666,0.5833333333333333,0.7766082047795688,0.22339179522043168,0.9999532959515778,4.670375667379933e-05
1429,285.99066044029354,0.5,0.9166666666666666,0.5833333333333333,0.776608265935295,0.22339173406470555,0.9999533123046629,4.668736303322435e-05
1430,286.19079386257505,0.5,0.9166666666666666,0.5833333333333333,0.7766083267255237,0.22339167327447682,0.9999533286490148,4.6670975931427304e-05
1431,286.39092728485656,0.5,0.9166666666666666,0.5833333333333333,0.776608387155563,0.22339161284443745,0.9999533449845964,4.6654595355311434e-05
1432,286.59106070713807,0.5,0.9166666666666666,0.5833333333333333,0.7766084472279179,0.2233915527720826,0.9999533613108731,4.663822129803226e-05
1433,286.7911941294196,0.5,0.9166666666666666,0.5833333333333333,0.7766085069163943,0.2233914930836063,0.9999533776222158,4.662185381675771e-05
1434,286.99132755170115,0.5,0.9166666666666666,0.5833333333333333,0.7766085662158454,0.22339143378415507,0.9999533939167314,4.660549292170979e-05
1435,287.19146097398266,0.5,0.9166666666666666,0.5833333333333333,0.7766086251294979,0.22339137487050267,0.9999534101940136,4.658913860443488e-05
1436,287.39159439626417,0.5,0.9166666666666666,0.5833333333333333,0.7766086836605778,0.22339131633942272,0.9999534264536557,4.657279085647937e-05
1437,287.5917278185457,0.5,0.9166666666666666,0.5833333333333333,0.7766087418123115,0.22339125818768896,0.9999534426952513,4.655644966938965e-05
1438,287.7918612408272,0.5,0.9166666666666666,0.5833333333333333,0.7766087995879255,0.22339120041207502,0.9999534589183938,4.654011503471211e-05
1439,287.99199466310876,0.5,0.9166666666666666,0.5833333333333333,0.7766088569906459,0.22339114300935464,0.9999534751226766,4.652378694399313e-05
1440,288.19212808539027,0.5,0.9166666666666666,0.5833333333333333,0.776608914023699,0.2233910859763015,0.9999534913076934,4.6507465388779116e-05
1441,288.3922615076718,0.5,0.9166666666666666,0.5833333333333333,0.7766089706903112,0.22339102930968927,0.9999535074730376,4.649115036061645e-05
1442,288.5923949299533,0.5,0.9166666666666666,0.5833333333333333,0.7766090269937089,0.22339097300629165,0.9999535236183025,4.647484185105152e-05
1443,288.7925283522348,0.5,0.9166666666666666,0.5833333333333333,0.7766090829371182,0.2233909170628823,0.9999535397430817,4.645853985163072e-05
1444,288.9926617745163,0.5,0.9166666666666666,0.5833333333333333,0.7766091385237656,0.22339086147623496,0.9999535558469687,4.644224435390043e-05
1445,289.1927951967979,0.5,0.9166666666666666,0.5833333333333333,0.7766091937568773,0.22339080624312327,0.9999535719295568,4.642595534940705e-05
1446,289.3929286190794,0.5,0.9166666666666666,0.5833333333333333,0.7766092486396796,0.22339075136032094,0.9999535879904398,4.640967282969696e-05
1447,289.5930620413609,0.5,0.9166666666666666,0.5833333333333333,0.7766093031753989,0.22339069682460164,0.999953604029211,4.6393396786316566e-05
1448,289.7931954636424,0.5,0.9166666666666666,0.5833333333333333,0.7766093573672614,0.22339064263273906,0.9999536200454637,4.6377127210812244e-05
1449,289.9933288859239,0.5,0.9166666666666666,0.5833333333333333,0.7766094112184936,0.2233905887815069,0.9999536360387917,4.636086409473038e-05
1450,290.1934623082055,0.5,0.9166666666666666,0.5833333333333333,0.7766094647323217,0.22339053526767882,0.9999536520087883,4.634460742961738e-05
1451,290.393595730487,0.5,0.9166666666666666,0.5833333333333333,0.776609517911972,0.22339048208802856,0.999953667955047,4.632835720701962e-05
1452,290.5937291527685,0.5,0.9166666666666666,0.5833333333333333,0.7766095707606707,0.22339042923932975,0.9999536838771612,4.6312113418483494e-05
1453,290.79386257505,0.5,0.9166666666666666,0.5833333333333333,0.7766096232816444,0.22339037671835613,0.9999536997747246,4.629587605555539e-05
1454,290.9939959973315,0.5,0.9166666666666666,0.5833333333333333,0.7766096754781192,0.22339032452188134,0.9999537156473304,4.6279645109781704e-05
1455,291.1941294196131,0.5,0.9166666666666666,0.5833333333333333,0.7766097273533215,0.2233902726466791,0.9999537314945722,4.6263420572708815e-05
1456,291.3942628418946,0.5,0.9166666666666666,0.5833333333333333,0.7766097789104774,0.22339022108952306,0.9999537473160436,4.6247202435883126e-05
1457,291.5943962641761,0.5,0.9166666666666666,0.5833333333333333,0.7766098301528136,0.22339016984718696,0.9999537631113378,4.623099069085101e-05
1458,291.7945296864576,0.5,0.9166666666666666,0.5833333333333333,0.7766098810835561,0.22339011891644442,0.9999537788800485,4.6214785329158876e-05
1459,291.99466310873913,0.5,0.9166666666666666,0.5833333333333333,0.7766099317059313,0.2233900682940692,0.9999537946217691,4.6198586342353096e-05
1460,292.19479653102064,0.5,0.9166666666666666,0.5833333333333333,0.7766099820231656,0.22339001797683494,0.9999538103360931,4.618239372198007e-05
1461,292.3949299533022,0.5,0.9166666666666666,0.5833333333333333,0.7766100320384852,0.22338996796151533,0.999953826022614,4.616620745958618e-05
1462,292.5950633755837,0.5,0.9166666666666666,0.5833333333333333,0.7766100817551165,0.22338991824488408,0.999953841680925,4.6150027546717827e-05
1463,292.79519679786523,0.5,0.9166666666666666,0.5833333333333333,0.7766101311762856,0.22338986882371487,0.99995385731062,4.613385397492139e-05
1464,292.99533022014674,0.5,0.9166666666666666,0.5833333333333333,0.7766101803052192,0.22338981969478136,0.9999538729112923,4.611768673574326e-05
1465,293.19546364242825,0.5,0.9166666666666666,0.5833333333333333,0.7766102291451433,0.22338977085485726,0.9999538884825353,4.610152582072984e-05
1466,293.3955970647098,0.5,0.9166666666666666,0.5833333333333333,0.7766102776992843,0.22338972230071624,0.9999539040239426,4.6085371221427496e-05
1467,293.59573048699133,0.5,0.9166666666666666,0.5833333333333333,0.7766103259708685,0.22338967402913204,0.9999539195351076,4.606922292938263e-05
1468,293.79586390927284,0.5,0.9166666666666666,0.5833333333333333,0.7766103739631223,0.22338962603687829,0.9999539350156237,4.605308093614164e-05
1469,293.99599733155435,0.5,0.9166666666666666,0.5833333333333333,0.7766104216792719,0.2233895783207287,0.9999539504650845,4.603694523325091e-05
1470,294.19613075383586,0.5,0.9166666666666666,0.5833333333333333,0.7766104691225436,0.22338953087745694,0.9999539658830834,4.602081581225682e-05
1471,294.3962641761174,0.5,0.9166666666666666,0.5833333333333333,0.7766105162961638,0.2233894837038367,0.999953981269214,4.6004692664705766e-05
1472,294.59639759839894,0.5,0.9166666666666666,0.5833333333333333,0.776610563203274,0.2233894367967265,0.9999539966234772,4.598857578228068e-05
1473,294.79653102068045,0.5,0.9166666666666666,0.5833333333333333,0.7766106098342539,0.2233893901657466,0.9999540120072338,4.597246517721922e-05
1474,294.99666444296196,0.5,0.9166666666666666,0.5833333333333333,0.776610656180263,0.22338934381973755,0.9999540274780947,4.59563608605029e-05
1475,295.19679786524347,0.5,0.9166666666666666,0.5833333333333333,0.776610702240446,0.2233892977595545,0.9999540430552772,4.5940262830251856e-05
1476,295.396931287525,0.5,0.9166666666666666,0.5833333333333333,0.776610748013948,0.22338925198605253,0.9999540587579987,4.592417108458621e-05
1477,295.59706470980655,0.5,0.9166666666666666,0.5833333333333333,0.7766107934999137,0.22338920650008687,0.9999540746054763,4.5908085621626076e-05
1478,295.79719813208806,0.5,0.9166666666666666,0.5833333333333333,0.7766108386974879,0.22338916130251263,0.9999540906169273,4.58920064394916e-05
1479,295.99733155436957,0.5,0.9166666666666666,0.5833333333333333,0.7766108836058156,0.22338911639418496,0.9999541068115692,4.5875933536302884e-05
1480,296.1974649766511,0.5,0.9166666666666666,0.5833333333333333,0.7766109282240415,0.223389071775959,0.999954123208619,4.5859866910180065e-05
1481,296.3975983989326,0.5,0.9166666666666666,0.5833333333333333,0.7766109725513106,0.22338902744868996,0.9999541398272941,4.584380655924326e-05
1482,296.59773182121415,0.5,0.9166666666666666,0.5833333333333333,0.7766110165867731,0.22338898341322752,0.9999541566867743,4.5827752481604886e-05
1483,296.79786524349566,0.5,0.9166666666666666,0.5833333333333333,0.7766110603420386,0.22338893965796197,0.9999541737205545,4.581170465777076e-05
1484,296.9979986657772,0.5,0.9166666666666666,0.5833333333333333,0.7766111038307077,0.22338889616929286,0.9999541908484382,4.579566306543332e-05
1485,297.1981320880587,0.5,0.9166666666666666,0.5833333333333333,0.7766111470563712,0.22338885294362934,0.999954208059067,4.577962769643005e-05
1486,297.3982655103402,0.5,0.9166666666666666,0.5833333333333333,0.7766111900226199,0.22338880997738067,0.9999542253410831,4.576359854259841e-05
1487,297.59839893262176,0.5,0.9166666666666666,0.5833333333333333,0.7766112327330446,0.22338876726695608,0.9999542426831285,4.574757559577587e-05
1488,297.7985323549033,0.5,0.9166666666666666,0.5833333333333333,0.7766112751912359,0.22338872480876476,0.999954260073845,4.573155884779991e-05
1489,297.9986657771848,0.5,0.9166666666666666,0.5833333333333333,0.7766113174007846,0.223388682599216,0.9999542775018745,4.5715548290508e-05
1490,298.1987991994663,0.5,0.9166666666666666,0.5833333333333333,0.7766113593652817,0.22338864063471892,0.9999542949558591,4.56995439157376e-05
1491,298.3989326217478,0.5,0.9166666666666666,0.5833333333333333,0.7766114010883178,0.2233885989116828,0.9999543124244406,4.5683545715326195e-05
1492,298.5990660440293,0.5,0.9166666666666666,0.5833333333333333,0.7766114425734838,0.22338855742651686,0.9999543298962609,4.566755368111125e-05
1493,298.7991994663109,0.5,0.9166666666666666,0.5833333333333333,0.7766114838237249,0.22338851617627573,0.9999543473338163,4.565156780768513e-05
1494,298.9993328885924,0.5,0.9166666666666666,0.5833333333333333,0.7766115248416906,0.22338847515831006,0.9999543646876108,4.563558809090375e-05
1495,299.1994663108739,0.5,0.9166666666666666,0.5833333333333333,0.7766115656307049,0.22338843436929576,0.9999543819354828,4.561961452374293e-05
1496,299.3995997331554,0.5,0.9166666666666666,0.5833333333333333,0.7766116061940933,0.22338839380590733,0.9999543990553289,4.5603647099172366e-05
1497,299.5997331554369,0.5,0.9166666666666666,0.5833333333333333,0.7766116465351814,0.2233883534648192,0.9999544160250453,4.558768581016173e-05
1498,299.7998665777185,0.5,0.9166666666666666,0.5833333333333333,0.7766116866572947,0.2233883133427059,0.9999544328225286,4.5571730649680706e-05
1499,300.0,0.5,0.9166666666666666,0.5833333333333333,0.7766117265637588,0.22338827343624185,0.9999544494256754,4.555578161069899e-05
