,time,sigma,beta,S,I,C,D
0,0.0,0.12,0.81,0.9998,0.0002,0.5,0.5
1,0.5016722408026756,0.12,0.81,0.9997216960511115,0.0002783039488885372,0.479110332794013,0.5208896672059871
2,1.0033444816053512,0.12,0.81,0.9996124419959185,0.00038755800408157593,0.4582939387532301,0.5417060612467699
3,1.5050167224080266,0.12,0.81,0.9994599912559229,0.0005400087440770756,0.4376227645769483,0.5623772354230516
4,2.0066889632107023,0.12,0.81,0.9992472309185716,0.000752769081428375,0.4171668257624697,0.5828331742375303
5,2.508361204013378,0.12,0.81,0.9989503208153128,0.001049679184687222,0.39699329630482394,0.6030067036951762
6,3.0100334448160533,0.12,0.81,0.9985360358518854,0.0014639641481144238,0.37716568571415804,0.622834314285842
7,3.511705685618729,0.12,0.81,0.9979580889634203,0.002041911036579589,0.3577431244353618,0.6422568755646384
8,4.013377926421405,0.12,0.81,0.9971521503403151,0.0028478496596846693,0.33877980263866186,0.6612201973613382
9,4.51505016722408,0.12,0.81,0.9960289569331007,0.00397104306689906,0.3203245274523225,0.6796754725476775
10,5.016722408026756,0.12,0.81,0.9944649841160212,0.005535015883978561,0.302420441487326,0.697579558512674
11,5.518394648829432,0.12,0.81,0.9922899640777968,0.007710035922203042,0.28510489333338007,0.7148951066666198
12,6.020066889632107,0.12,0.81,0.9892704872450827,0.010729512754917275,0.26840945854795334,0.7315905414520467
13,6.521739130434782,0.12,0.81,0.9850889937402911,0.014911006259708778,0.25236010537577197,0.747639894624228
14,7.023411371237458,0.12,0.81,0.9793181144925786,0.02068188550742137,0.23697748840352137,0.7630225115964786
15,7.525083612040134,0.12,0.81,0.971391406332905,0.02860859366709489,0.22227735165246632,0.7777226483475337
16,8.02675585284281,0.12,0.81,0.9605742482259632,0.0394257517740367,0.20827100731216086,0.7917289926878391
17,8.528428093645484,0.12,0.81,0.9459433648193435,0.05405663518065658,0.1949658408492708,0.8050341591507293
18,9.03010033444816,0.12,0.81,0.926390673177716,0.07360932682228405,0.18236576933244894,0.8176342306675511
19,9.531772575250836,0.12,0.81,0.9006763417941706,0.09932365820582949,0.17047154952405832,0.8295284504759419
20,10.033444816053512,0.12,0.81,0.8675631015636616,0.1324368984363384,0.1592808047544423,0.8407191952455579
21,10.535117056856187,0.12,0.81,0.8260592308283389,0.1739407691716611,0.1487876353876416,0.8512123646123588
22,11.036789297658864,0.12,0.81,0.7757660714919097,0.22423392850809024,0.13898173858420998,0.8610182614157904
23,11.538461538461538,0.12,0.81,0.7172577450694347,0.28274225493056526,0.12984712563280873,0.8701528743671917
24,12.040133779264213,0.12,0.81,0.6523363476046754,0.34766365239532465,0.12136078494231277,0.8786392150576876
25,12.54180602006689,0.12,0.81,0.5839726298817921,0.4160273701182079,0.1134918847863417,0.8865081152136586
26,13.043478260869565,0.12,0.81,0.5158396525174853,0.48416034748251463,0.10620213402449731,0.893797865975503
27,13.545150501672241,0.12,0.81,0.45156188492052585,0.5484381150794742,0.09944757037975616,0.9005524296202443
28,14.046822742474916,0.12,0.81,0.39398483100006576,0.6060151689999344,0.09318144796625398,0.9068185520337465
29,14.548494983277592,0.12,0.81,0.34475636324017617,0.6552436367598238,0.08735742105354416,0.9126425789464564
30,15.050167224080267,0.12,0.81,0.30431408140604793,0.6956859185939522,0.08193218345672862,0.9180678165432719
31,15.551839464882944,0.12,0.81,0.27216615943031175,0.7278338405696884,0.0768670819735899,0.9231329180264106
32,16.05351170568562,0.12,0.81,0.24727390110829478,0.7527260988917055,0.07212867944730003,0.9278713205527005
33,16.555183946488295,0.12,0.81,0.22838888885852632,0.771611111141474,0.06768854204326472,0.9323114579567358
34,17.05685618729097,0.12,0.81,0.21428190849092782,0.7857180915090725,0.06352259895429709,0.9364774010457034
35,17.558528428093645,0.12,0.81,0.20386569508189406,0.7961343049181062,0.05961036030169133,0.9403896396983091
36,18.06020066889632,0.12,0.81,0.19624035667791126,0.8037596433220892,0.055934167277147805,0.9440658327228526
37,18.561872909698998,0.12,0.81,0.19069310295202005,0.8093068970479803,0.052478555884009945,0.9475214441159905
38,19.06354515050167,0.12,0.81,0.18667601432541264,0.8133239856745876,0.04922975478105026,0.95077024521895
39,19.565217391304348,0.12,0.81,0.18377661081885396,0.8162233891811465,0.04617530745592158,0.9538246925440789
40,20.066889632107024,0.12,0.81,0.1816888923790565,0.8183111076209438,0.043303796262395,0.9566962037376054
41,20.568561872909697,0.12,0.81,0.1801881846705047,0.8198118153294957,0.04060464474195121,0.9593953552580491
42,21.070234113712374,0.12,0.81,0.17911074624965007,0.8208892537503503,0.0380679774083288,0.9619320225916715
43,21.57190635451505,0.12,0.81,0.17833785415045658,0.8216621458495438,0.035684520465494224,0.9643154795345061
44,22.073578595317727,0.12,0.81,0.17778375247474712,0.8222162475252532,0.03344553105165648,0.966554468948344
45,22.5752508361204,0.12,0.81,0.1773866630614192,0.8226133369385812,0.03134274587162521,0.9686572541283751
46,23.076923076923077,0.12,0.81,0.1771021636465167,0.8228978363534836,0.02936834301855676,0.9706316569814436
47,23.578595317725753,0.12,0.81,0.17689835658158748,0.8231016434184129,0.027514912571951808,0.9724850874280486
48,24.080267558528426,0.12,0.81,0.17675235959309818,0.8232476404069021,0.02577543293396609,0.9742245670660343
49,24.581939799331103,0.12,0.81,0.17664776825614262,0.8233522317438577,0.02414325093832876,0.9758567490616715
50,25.08361204013378,0.12,0.81,0.17657282859819826,0.8234271714018021,0.022612064421240557,0.9773879355787598
51,25.585284280936456,0.12,0.81,0.1765191215055625,0.823480878494438,0.02117590638001681,0.9788240936199837
52,26.08695652173913,0.12,0.81,0.17648061738275705,0.8235193826172434,0.01982913018380876,0.9801708698161917
53,26.588628762541806,0.12,0.81,0.17645300150142612,0.8235469984985744,0.01856639551472075,0.9814336044852796
54,27.090301003344482,0.12,0.81,0.17643318063543334,0.8235668193645672,0.017382654792515388,0.982617345207485
55,27.59197324414716,0.12,0.81,0.17641894263147198,0.8235810573685285,0.01627314004265379,0.9837268599573465
56,28.093645484949832,0.12,0.81,0.1764087044835408,0.8235912955164596,0.015233350091781341,0.984766649908219
57,28.59531772575251,0.12,0.81,0.17640133251756943,0.823598667482431,0.014259038093219031,0.9857409619067813
58,29.096989966555185,0.12,0.81,0.17639601415445352,0.823603985845547,0.013346199366721023,0.9866538006332793
59,29.598662207357858,0.12,0.81,0.1763921686774614,0.8236078313225391,0.012491059590758418,0.987508940409242
60,30.100334448160535,0.12,0.81,0.17638938046943514,0.8236106195305652,0.011690063324049899,0.9883099366759505
61,30.60200668896321,0.12,0.81,0.17638735119618162,0.8236126488038188,0.010939862889061078,0.9890601371109393
62,31.103678929765888,0.12,0.81,0.17638586740101325,0.8236141325989872,0.01023730762729477,0.9897626923727058
63,31.60535117056856,0.12,0.81,0.17638477637806002,0.8236152236219404,0.009579433511983829,0.9904205664880166
64,32.10702341137124,0.12,0.81,0.17638396827101932,0.823616031728981,0.008963453084593101,0.9910365469154074
65,32.608695652173914,0.12,0.81,0.17638336345494368,0.8236166365450567,0.008386745738646026,0.9916132542613545
66,33.11036789297659,0.12,0.81,0.17638290771953585,0.8236170922804645,0.00784685015728097,0.9921531498427195
67,33.61204013377927,0.12,0.81,0.17638256018898338,0.8236174398110171,0.007341453003892774,0.9926585469961077
68,34.11371237458194,0.12,0.81,0.17638229100804664,0.8236177089919539,0.006868381819066896,0.9931316181809334
69,34.61538461538461,0.12,0.81,0.176382078875093,0.8236179211249075,0.006425597216626397,0.9935744027833739
70,35.11705685618729,0.12,0.81,0.17638190922769517,0.8236180907723053,0.006011185092024585,0.9939888149079757
71,35.618729096989966,0.12,0.81,0.17638177125123664,0.8236182287487639,0.005623348753592468,0.994376651246408
72,36.12040133779264,0.12,0.81,0.17638165700858421,0.8236183429914162,0.005260402713337461,0.994739597286663
73,36.62207357859532,0.12,0.81,0.17638156071008698,0.8236184392899134,0.0049207662679869165,0.9950792337320135
74,37.123745819397996,0.12,0.81,0.17638147829818235,0.823618521701818,0.004602957041984745,0.9953970429580157
75,37.625418060200666,0.12,0.81,0.17638140675958047,0.82361859324042,0.004305584813128999,0.9956944151868714
76,38.12709030100334,0.12,0.81,0.17638134383466628,0.8236186561653341,0.00402734628333654,0.9959726537166639
77,38.62876254180602,0.12,0.81,0.17638128785432391,0.8236187121456765,0.0037670192157382965,0.9962329807842621
78,39.130434782608695,0.12,0.81,0.17638123764145064,0.8236187623585497,0.003523458832168653,0.9964765411678318
79,39.63210702341137,0.12,0.81,0.17638119228819873,0.8236188077118017,0.003295596397786954,0.9967044036022135
80,40.13377926421405,0.12,0.81,0.17638115115261582,0.8236188488473847,0.003082428313922977,0.9969175716860775
81,40.635451505016725,0.12,0.81,0.17638111326289121,0.8236188867371093,0.0028830098222145705,0.9971169901777859
82,41.137123745819395,0.12,0.81,0.17638107755200683,0.8236189224479936,0.002696453831008576,0.997303546168992
83,41.63879598662207,0.12,0.81,0.17638104420830444,0.823618955791696,0.002521939321192676,0.997478060678808
84,42.14046822742475,0.12,0.81,0.17638101310306836,0.8236189868969321,0.002358692179242447,0.9976413078207582
85,42.642140468227424,0.12,0.81,0.1763809843395539,0.8236190156604466,0.0022059884390479645,0.9977940115609527
86,43.1438127090301,0.12,0.81,0.17638095828002298,0.8236190417199776,0.002063150890571005,0.9979368491094296
87,43.64548494983278,0.12,0.81,0.17638093531967527,0.8236190646803252,0.0019295440263106215,0.99807045597369
88,44.147157190635454,0.12,0.81,0.1763809148512056,0.8236190851487949,0.0018045742051321033,0.9981954257948685
89,44.64882943143812,0.12,0.81,0.17638089580086191,0.8236191041991385,0.0016876846539060507,0.9983123153460945
90,45.1505016722408,0.12,0.81,0.17638087714482273,0.8236191228551778,0.001578353999402772,0.9984216460005978
91,45.65217391304348,0.12,0.81,0.1763808588132708,0.8236191411867297,0.0014760957348327439,0.9985239042651679
92,46.15384615384615,0.12,0.81,0.17638084055633385,0.8236191594436666,0.0013804532424622072,0.9986195467575384
93,46.65551839464883,0.12,0.81,0.17638082282882753,0.823619177171173,0.0012909998853242427,0.9987090001146764
94,47.15719063545151,0.12,0.81,0.1763808068517665,0.823619193148234,0.0012073363114255165,0.9987926636885751
95,47.65886287625418,0.12,0.81,0.17638079409358867,0.8236192059064118,0.0011290881588539698,0.9988709118411466
96,48.16053511705685,0.12,0.81,0.17638078374605537,0.8236192162539452,0.001055906164591016,0.9989440938354096
97,48.66220735785953,0.12,0.81,0.1763807745882189,0.8236192254117816,0.0009874611711799405,0.9990125388288207
98,49.163879598662206,0.12,0.81,0.17638076535649064,0.8236192346435098,0.000923451430949272,0.9990765485690514
99,49.66555183946488,0.12,0.81,0.1763807552850287,0.8236192447149717,0.0008635864508656938,0.999136413549135
100,50.16722408026756,0.12,0.81,0.17638074309581542,0.823619256904185,0.0008075989137534942,0.9991924010862472
101,50.668896321070235,0.12,0.81,0.17638073170319968,0.8236192682968008,0.0007552382351404117,0.9992447617648602
102,51.17056856187291,0.12,0.81,0.17638072383983136,0.8236192761601691,0.0007062699976807858,0.9992937300023199
103,51.67224080267559,0.12,0.81,0.1763807163203504,0.8236192836796501,0.0006604746699222242,0.9993395253300784
104,52.17391304347826,0.12,0.81,0.1763807085441438,0.8236192914558568,0.0006176469115643967,0.9993823530884363
105,52.675585284280935,0.12,0.81,0.17638070116432203,0.8236192988356785,0.0005775930007692848,0.9994224069992315
106,53.17725752508361,0.12,0.81,0.17638069469129986,0.8236193053087008,0.0005401382385705854,0.9994598617614302
107,53.67892976588629,0.12,0.81,0.1763806887873574,0.8236193112126432,0.0005051101632235625,0.9994948898367773
108,54.180602006688964,0.12,0.81,0.1763806831240606,0.8236193168759399,0.00047235352646078155,0.9995276464735401
109,54.68227424749164,0.12,0.81,0.17638067762011722,0.8236193223798833,0.00044172061729182697,0.999558279382709
110,55.18394648829432,0.12,0.81,0.17638067255060236,0.8236193274493981,0.00041307313236172804,0.9995869268676391
111,55.68561872909699,0.12,0.81,0.17638066790594406,0.8236193320940565,0.0003862836006868352,0.999613716399314
112,56.187290969899664,0.12,0.81,0.17638066363508337,0.8236193363649172,0.00036123023979511354,0.9996387697602057
113,56.68896321070234,0.12,0.81,0.17638065963243454,0.823619340367566,0.0003378012542434505,0.9996621987457575
114,57.19063545150502,0.12,0.81,0.17638065585670518,0.8236193441432954,0.00031588981390207244,0.9996841101860988
115,57.69230769230769,0.12,0.81,0.17638065230150962,0.823619347698491,0.00029539772528769056,0.9997046022747132
116,58.19397993311037,0.12,0.81,0.1763806489201498,0.8236193510798507,0.00027623514541121866,0.9997237648545897
117,58.69565217391305,0.12,0.81,0.17638064572731382,0.8236193542726867,0.00025831449352946105,0.9997416855064715
118,59.197324414715716,0.12,0.81,0.1763806427519167,0.8236193572480839,0.00024155524888637553,0.9997584447511146
119,59.69899665551839,0.12,0.81,0.17638064001100592,0.8236193599889947,0.00022588534035598688,0.999774114659645
120,60.20066889632107,0.12,0.81,0.17638063749477698,0.8236193625052237,0.00021123210624686038,0.9997887678937541
121,60.702341137123746,0.12,0.81,0.1763806351946199,0.8236193648053808,0.00019752906034757855,0.9998024709396535
122,61.20401337792642,0.12,0.81,0.17638063309472085,0.8236193669052798,0.00018471508132264736,0.9998152849186784
123,61.7056856187291,0.12,0.81,0.17638063114339161,0.823619368856609,0.00017273174862832106,0.9998272682513728
124,62.207357859531776,0.12,0.81,0.17638062928394133,0.8236193707160593,0.00016152560831881512,0.9998384743916823
125,62.709030100334445,0.12,0.81,0.17638062747604813,0.8236193725239526,0.00015104674678654819,0.9998489532532145
126,63.21070234113712,0.12,0.81,0.17638062574391383,0.8236193742560868,0.000141247110757632,0.9998587528892435
127,63.7123745819398,0.12,0.81,0.176380624086635,0.8236193759133658,0.00013208336576062108,0.9998679166342406
128,64.21404682274247,0.12,0.81,0.17638062250948247,0.8236193774905182,0.0001235139786565741,0.9998764860213447
129,64.71571906354515,0.12,0.81,0.17638062102017238,0.8236193789798283,0.00011549985083772661,0.9998845001491635
130,65.21739130434783,0.12,0.81,0.17638061964788357,0.8236193803521171,0.00010800543053024219,0.9998919945694711
131,65.7190635451505,0.12,0.81,0.17638061844519898,0.8236193815548017,0.00010099756200794923,0.9998990024379933
132,66.22073578595318,0.12,0.81,0.17638061749618925,0.8236193825038115,9.444514882859991e-05,0.9999055548511727
133,66.72240802675586,0.12,0.81,0.17638061685059825,0.8236193831494025,8.831911693017208e-05,0.9999116808830711
134,67.22408026755853,0.12,0.81,0.17638061645520867,0.8236193835447921,8.259238916911264e-05,0.9999174076108323
135,67.72575250836121,0.12,0.81,0.17638061635105173,0.823619383648949,7.723878113074035e-05,0.9999227612188706
136,68.22742474916387,0.12,0.81,0.17638061659685608,0.8236193834031448,7.223300779141386e-05,0.99992776699221
137,68.72909698996655,0.12,0.81,0.1763806172695013,0.8236193827304995,6.755037771614423e-05,0.9999324496222852
138,69.23076923076923,0.12,0.81,0.17638061840534278,0.823619381594658,6.316788575904429e-05,0.9999368321142423
139,69.7324414715719,0.12,0.81,0.17638061977619854,0.8236193802238022,5.906908063157631e-05,0.9999409309193699
140,70.23411371237458,0.12,0.81,0.17638062123020262,0.8236193787697981,5.523603589107307e-05,0.9999447639641104
141,70.73578595317726,0.12,0.81,0.17638062258897574,0.823619377411025,5.1651450739662775e-05,0.9999483485492618
142,71.23745819397993,0.12,0.81,0.17638062362214973,0.823619376377851,4.8298984736415814e-05,0.9999517010152651
143,71.73913043478261,0.12,0.81,0.1763806240594225,0.8236193759405782,4.5163239468873904e-05,0.9999548367605327
144,72.24080267558529,0.12,0.81,0.17638062377208297,0.8236193762279177,4.223083710528771e-05,0.9999577691628962
145,72.74247491638796,0.12,0.81,0.17638062256576548,0.8236193774342352,3.948898266480404e-05,0.9999605110173367
146,73.24414715719064,0.12,0.81,0.1763806201939588,0.8236193798060419,3.692545510127495e-05,0.9999630745449003
147,73.74581939799332,0.12,0.81,0.1763806163921103,0.8236193836078904,3.4528731686693e-05,0.9999654712683149
148,74.24749163879599,0.12,0.81,0.17638061090612273,0.823619389093878,3.2287898183026196e-05,0.9999677121018186
149,74.74916387959867,0.12,0.81,0.17638060620696924,0.8236193937930315,3.019275237980106e-05,0.9999698072476219
150,75.25083612040133,0.12,0.81,0.17638060721950286,0.8236193927804979,2.823385062921898e-05,0.9999717661493724
151,75.75250836120401,0.12,0.81,0.17638060743899908,0.8236193925610016,2.6401987206632315e-05,0.999973598012795
152,76.25418060200668,0.12,0.81,0.17638060580527937,0.8236193941947214,2.468892654533738e-05,0.9999753110734563
153,76.75585284280936,0.12,0.81,0.17638060473992478,0.823619395260076,2.3087066893724712e-05,0.999976912933108
154,77.25752508361204,0.12,0.81,0.1763806056440961,0.8236193943559046,2.1589122229519627e-05,0.9999784108777722
155,77.75919732441471,0.12,0.81,0.17638060545266607,0.8236193945473346,2.0188364020656345e-05,0.999979811635981
156,78.26086956521739,0.12,0.81,0.17638060451804582,0.823619395481955,1.88784889386758e-05,0.9999811215110631
157,78.76254180602007,0.12,0.81,0.17638060393762997,0.8236193960623708,1.7653600506837495e-05,0.9999823463994949
158,79.26421404682274,0.12,0.81,0.1763806043522245,0.8236193956477762,1.650818340038578e-05,0.9999834918166014
159,79.76588628762542,0.12,0.81,0.17638060438011888,0.8236193956198818,1.5437083515407665e-05,0.9999845629164864
160,80.2675585284281,0.12,0.81,0.176380604050039,0.8236193959499618,1.4435478502838711e-05,0.999985564521499
161,80.76923076923077,0.12,0.81,0.17638060370531095,0.8236193962946898,1.3498859354953714e-05,0.999986501140647
162,81.27090301003345,0.12,0.81,0.17638060362399027,0.8236193963760104,1.262301035640347e-05,0.9999873769896456
163,81.77257525083613,0.12,0.81,0.17638060353124876,0.8236193964687519,1.1804000310416546e-05,0.9999881959996916
164,82.27424749163879,0.12,0.81,0.17638060338169714,0.8236193966183036,1.1038153315342416e-05,0.9999889618466867
165,82.77591973244147,0.12,0.81,0.17638060315744583,0.8236193968425549,1.0321999857959312e-05,0.999989678000144
166,83.27759197324414,0.12,0.81,0.17638060299385874,0.8236193970061421,9.652304839353894e-06,0.9999903476951627
167,83.77926421404682,0.12,0.81,0.17638060288805968,0.8236193971119411,9.026075839834792e-06,0.9999909739241623
168,84.2809364548495,0.12,0.81,0.17638060281244491,0.823619397187556,8.440068128084826e-06,0.999991559931874
169,84.78260869565217,0.12,0.81,0.17638060274304085,0.82361939725696,7.892841296038346e-06,0.9999921071587061
170,85.28428093645485,0.12,0.81,0.17638060265735395,0.8236193973426469,7.380117178705916e-06,0.9999926198828235
171,85.78595317725753,0.12,0.81,0.17638060257111382,0.823619397428887,6.900890075844371e-06,0.9999930991099265
172,86.2876254180602,0.12,0.81,0.17638060249135837,0.8236193975086424,6.452515268668005e-06,0.9999935474847337
173,86.78929765886288,0.12,0.81,0.17638060242013678,0.8236193975798639,6.033987574163395e-06,0.9999939660124282
174,87.29096989966555,0.12,0.81,0.17638060235395925,0.8236193976460415,5.641584313264777e-06,0.9999943584156891
175,87.79264214046823,0.12,0.81,0.17638060229377425,0.8236193977062265,5.276001471610001e-06,0.9999947239985307
176,88.29431438127091,0.12,0.81,0.17638060223814667,0.8236193977618541,4.935067207076183e-06,0.9999950649327953
177,88.79598662207358,0.12,0.81,0.17638060218544288,0.823619397814558,4.616757179858486e-06,0.9999953832428226
178,89.29765886287625,0.12,0.81,0.17638060213402704,0.8236193978659737,4.319048774831797e-06,0.9999956809512277
179,89.79933110367892,0.12,0.81,0.17638060208226322,0.8236193979177375,4.039919376870977e-06,0.9999959600806256
180,90.3010033444816,0.12,0.81,0.17638060202944514,0.8236193979705556,3.7779840890610222e-06,0.9999962220159134
181,90.80267558528428,0.12,0.81,0.17638060197681552,0.8236193980231852,3.533195216939407e-06,0.9999964668047856
182,91.30434782608695,0.12,0.81,0.17638060192400531,0.8236193980759954,3.3043992569787507e-06,0.9999966956007457
183,91.80602006688963,0.12,0.81,0.1763806018705535,0.8236193981294473,3.0903795754384143e-06,0.9999969096204272
184,92.3076923076923,0.12,0.81,0.17638060181599893,0.8236193981840019,2.889919538577758e-06,0.9999971100804641
185,92.80936454849498,0.12,0.81,0.1763806017606346,0.8236193982393661,2.702004975461025e-06,0.9999972979950273
186,93.31103678929766,0.12,0.81,0.17638060170765368,0.8236193982923471,2.5264004344633954e-06,0.9999974735995684
187,93.81270903010034,0.12,0.81,0.1763806016583468,0.823619398341654,2.36235960944039e-06,0.9999976376403934
188,94.31438127090301,0.12,0.81,0.17638060161372712,0.8236193983862736,2.20906172644451e-06,0.9999977909382765
189,94.81605351170569,0.12,0.81,0.17638060157480795,0.8236193984251928,2.065686011528257e-06,0.9999979343139914
190,95.31772575250837,0.12,0.81,0.17638060154262483,0.8236193984573759,1.931472238887047e-06,0.9999980685277641
191,95.81939799331104,0.12,0.81,0.17638060151837223,0.8236193984816285,1.8060912662743381e-06,0.9999981939087368
192,96.3210702341137,0.12,0.81,0.17638060150316476,0.823619398496836,1.688997229479383e-06,0.9999983110027736
193,96.82274247491638,0.12,0.81,0.17638060149809115,0.8236193985019096,1.579574258952036e-06,0.9999984204257442
194,97.32441471571906,0.12,0.81,0.17638060150424023,0.8236193984957605,1.4772064851421615e-06,0.9999985227935181
195,97.82608695652173,0.12,0.81,0.17638060152288196,0.8236193984771186,1.381312747422708e-06,0.9999986186872559
196,98.32775919732441,0.12,0.81,0.17638060155783125,0.8236193984421694,1.291799350108716e-06,0.9999987082006533
197,98.82943143812709,0.12,0.81,0.17638060161173297,0.8236193983882677,1.2083484802296226e-06,0.9999987916515232
198,99.33110367892976,0.12,0.81,0.1763806016865056,0.8236193983134951,1.1305031991706488e-06,0.9999988694968043
199,99.83277591973244,0.12,0.81,0.17638060178406767,0.823619398215933,1.0578065683170173e-06,0.9999989421934352
200,100.33444816053512,0.12,0.81,0.17638060190633767,0.8236193980936629,9.898016490539494e-07,0.9999990101983546
201,100.8361204013378,0.12,0.81,0.17638060205523418,0.8236193979447665,9.260315027666672e-07,0.9999990739685009
202,101.33779264214047,0.12,0.81,0.17638060223267563,0.823619397767325,8.660391908403925e-07,0.9999991339608129
203,101.83946488294315,0.12,0.81,0.17638060244093035,0.8236193975590703,8.093878682289702e-07,0.9999991906121355
204,102.34113712374582,0.12,0.81,0.17638060269312034,0.8236193973068803,7.562642522686501e-07,0.9999992437357516
205,102.8428093645485,0.12,0.81,0.1763806029992837,0.823619397000717,7.066778862214302e-07,0.9999992933221177
206,103.34448160535118,0.12,0.81,0.17638060336507305,0.8236193966349276,6.60386358419268e-07,0.9999993396136455
207,103.84615384615384,0.12,0.81,0.17638060379614096,0.8236193962038597,6.17147257194123e-07,0.9999993828527468
208,104.34782608695652,0.12,0.81,0.17638060429813998,0.8236193957018606,5.767181708779507e-07,0.9999994232818332
209,104.84949832775919,0.12,0.81,0.17638060487672275,0.8236193951232779,5.388566878027102e-07,0.9999994611433164
210,105.35117056856187,0.12,0.81,0.17638060553754178,0.8236193944624588,5.033203963003596e-07,0.999999496679608
211,105.85284280936455,0.12,0.81,0.17638060628321423,0.8236193937167864,4.698692286232045e-07,0.9999995301307757
212,106.35451505016722,0.12,0.81,0.17638060666342237,0.8236193933365783,4.3861285959777225e-07,0.9999995613871447
213,106.8561872909699,0.12,0.81,0.1763806059730887,0.8236193940269121,4.0985852329498715e-07,0.9999995901414812
214,107.35785953177258,0.12,0.81,0.17638060452447596,0.8236193954755248,3.83355565436539e-07,0.9999996166444391
215,107.85953177257525,0.12,0.81,0.17638060319940607,0.8236193968005947,3.5856482148950894e-07,0.9999996414351832
216,108.36120401337793,0.12,0.81,0.17638060230267036,0.8236193976973304,3.3530779252282806e-07,0.9999996646922122
217,108.8628762541806,0.12,0.81,0.176380601597578,0.8236193984024228,3.1343150708468734e-07,0.9999996865684978
218,109.36454849498328,0.12,0.81,0.17638060197847258,0.8236193980215283,2.931922175702927e-07,0.9999997068077874
219,109.86622073578596,0.12,0.81,0.1763806021028943,0.8236193978971065,2.7418330403307235e-07,0.999999725816701
220,110.36789297658864,0.12,0.81,0.1763806020419851,0.8236193979580158,2.5637332784481574e-07,0.9999997436266773
221,110.8695652173913,0.12,0.81,0.17638060187538016,0.8236193981246207,2.397250024016173e-07,0.9999997602750028
222,111.37123745819397,0.12,0.81,0.17638060171565761,0.8236193982843432,2.241494097034587e-07,0.9999997758505956
223,111.87290969899665,0.12,0.81,0.17638060160450597,0.8236193983954948,2.0959545025960918e-07,0.9999997904045552
224,112.37458193979933,0.12,0.81,0.1763806015378015,0.8236193984621993,1.95978349660315e-07,0.9999998040216559
225,112.876254180602,0.12,0.81,0.17638060150372425,0.8236193984962765,1.8325153141371127e-07,0.9999998167484742
226,113.37792642140468,0.12,0.81,0.17638060148174123,0.8236193985182595,1.7135018032744219e-07,0.9999998286498254
227,113.87959866220736,0.12,0.81,0.17638060146560372,0.823619398534397,1.6021858653562398e-07,0.9999998397814193
228,114.38127090301003,0.12,0.81,0.17638060145159803,0.8236193985484027,1.4981544544376365e-07,0.9999998501845604
229,114.88294314381271,0.12,0.81,0.17638060143990272,0.823619398560098,1.4008147838197047e-07,0.9999998599185276
230,115.38461538461539,0.12,0.81,0.17638060143049678,0.8236193985695038,1.3097430432947653e-07,0.9999998690257017
231,115.88628762541806,0.12,0.81,0.17638060142318304,0.8236193985768177,1.224078785593197e-07,0.9999998775921276
232,116.38795986622074,0.12,0.81,0.17638060141794767,0.823619398582053,1.1437617206789586e-07,0.9999998856238342
233,116.88963210702342,0.12,0.81,0.17638060141479073,0.8236193985852099,1.0687918485520505e-07,0.9999998931208215
234,117.3913043478261,0.12,0.81,0.17638060141371215,0.8236193985862885,9.991691692124724e-08,0.9999999000830896
235,117.89297658862876,0.12,0.81,0.1763806014143229,0.8236193985856778,9.342999114979186e-08,0.9999999065700155
236,118.39464882943143,0.12,0.81,0.1763806014160324,0.8236193985839683,8.732826119818062e-08,0.9999999126717455
237,118.89632107023411,0.12,0.81,0.17638060141883447,0.8236193985811662,8.161079028429361e-08,0.9999999183892165
238,119.39799331103679,0.12,0.81,0.1763806014227291,0.8236193985772716,7.62775784081308e-08,0.9999999237224285
239,119.89966555183946,0.12,0.81,0.1763806014277101,0.8236193985722905,7.132814988400297e-08,0.9999999286718572
240,120.40133779264214,0.12,0.81,0.17638060143294906,0.8236193985670516,6.669910251083963e-08,0.9999999333009046
241,120.90301003344482,0.12,0.81,0.17638060143786444,0.8236193985621362,6.234591720303108e-08,0.9999999376540901
242,121.40468227424749,0.12,0.81,0.17638060144245618,0.8236193985575444,5.826859396057729e-08,0.9999999417314135
243,121.90635451505017,0.12,0.81,0.1763806014467243,0.8236193985532764,5.446713278347826e-08,0.9999999455328747
244,122.40802675585284,0.12,0.81,0.176380601450729,0.8236193985492715,5.09375775770947e-08,0.9999999490624301
245,122.90969899665552,0.12,0.81,0.176380601455427,0.8236193985445736,4.76171110729837e-08,0.9999999523828967
246,123.4113712374582,0.12,0.81,0.17638060146114953,0.823619398538851,4.448397950222949e-08,0.9999999555160284
247,123.91304347826087,0.12,0.81,0.17638060146789658,0.823619398532104,4.153818286483207e-08,0.9999999584618252
248,124.41471571906355,0.12,0.81,0.1763806014756682,0.8236193985243323,3.877972116079144e-08,0.999999961220287
249,124.91638795986621,0.12,0.81,0.17638060148446436,0.8236193985155362,3.620859439010767e-08,0.999999963791414
250,125.41806020066889,0.12,0.81,0.17638060149428506,0.8236193985057155,3.382480255278062e-08,0.9999999661752059
251,125.91973244147157,0.12,0.81,0.1763806015051303,0.8236193984948702,3.1628345648810354e-08,0.9999999683716629
252,126.42140468227424,0.12,0.81,0.17638060151700008,0.8236193984830005,2.9619223678196878e-08,0.999999970380785
253,126.92307692307692,0.12,0.81,0.17638060153140997,0.8236193984685906,2.7773594260612904e-08,0.9999999722264147
254,127.4247491638796,0.12,0.81,0.17638060155235638,0.8236193984476442,2.602858688658328e-08,0.9999999739714223
255,127.92642140468227,0.12,0.81,0.17638060158005153,0.823619398419949,2.4380862647499547e-08,0.9999999756191467
256,128.42809364548495,0.12,0.81,0.17638060161449548,0.823619398385505,2.2830421543361718e-08,0.9999999771695879
257,128.9297658862876,0.12,0.81,0.17638060165568817,0.8236193983443124,2.137726357416982e-08,0.999999978622746
258,129.4314381270903,0.12,0.81,0.17638060170362962,0.8236193982963709,2.0021388739923744e-08,0.999999979978621
259,129.93311036789297,0.12,0.81,0.17638060175831982,0.8236193982416807,1.8762797040623636e-08,0.9999999812372129
260,130.43478260869566,0.12,0.81,0.17638060181975881,0.8236193981802418,1.7601488476269358e-08,0.9999999823985216
261,130.93645484949832,0.12,0.81,0.17638060188830354,0.823619398111697,1.6536882921852145e-08,0.9999999834631272
262,131.438127090301,0.12,0.81,0.17638060198239736,0.8236193980176032,1.5539010222340442e-08,0.9999999844610001
263,131.93979933110367,0.12,0.81,0.17638060211242476,0.8236193978875758,1.4590995604356962e-08,0.9999999854090149
264,132.44147157190636,0.12,0.81,0.17638060227838578,0.8236193977216147,1.3692839067901596e-08,0.9999999863071717
265,132.94314381270902,0.12,0.81,0.17638060248028042,0.8236193975197201,1.284454061297445e-08,0.9999999871554703
266,133.44481605351172,0.12,0.81,0.17638060271810868,0.8236193972818919,1.2046100239575424e-08,0.9999999879539109
267,133.94648829431438,0.12,0.81,0.17638060299187053,0.82361939700813,1.1297517947704611e-08,0.9999999887024933
268,134.44816053511707,0.12,0.81,0.17638060330156602,0.8236193966984345,1.0598793737361923e-08,0.9999999894012177
269,134.94983277591973,0.12,0.81,0.1763806036471951,0.8236193963528055,9.949927608547442e-09,0.999999990050084
270,135.45150501672242,0.12,0.81,0.17638060379039008,0.8236193962096104,9.273331795096898e-09,0.9999999907266801
271,135.95317725752508,0.12,0.81,0.17638060376320644,0.8236193962367941,8.579440224423181e-09,0.9999999914205718
272,136.45484949832775,0.12,0.81,0.17638060372488007,0.8236193962751205,7.920083576995281e-09,0.9999999920799287
273,136.95652173913044,0.12,0.81,0.176380603675411,0.8236193963245896,7.295261852813161e-09,0.9999999927047507
274,137.4581939799331,0.12,0.81,0.17638060361479924,0.8236193963852013,6.704975051876893e-09,0.9999999932950376
275,137.9598662207358,0.12,0.81,0.17638060354304477,0.8236193964569558,6.149223174186412e-09,0.9999999938507897
276,138.46153846153845,0.12,0.81,0.1763806034601476,0.8236193965398529,5.628006219741779e-09,0.9999999943720069
277,138.96321070234114,0.12,0.81,0.17638060336610772,0.8236193966338928,5.141324188542935e-09,0.9999999948586892
278,139.4648829431438,0.12,0.81,0.17638060326092514,0.8236193967390755,4.689177080589936e-09,0.9999999953108365
279,139.9665551839465,0.12,0.81,0.17638060314459986,0.8236193968554008,4.2715648958827304e-09,0.999999995728449
280,140.46822742474916,0.12,0.81,0.17638060301713188,0.8236193969828687,3.888487634421365e-09,0.9999999961115265
281,140.96989966555185,0.12,0.81,0.1763806028785212,0.8236193971214794,3.5399452962057975e-09,0.999999996460069
282,141.4715719063545,0.12,0.81,0.1763806027287678,0.8236193972712328,3.2259378812360657e-09,0.9999999967740767
283,141.9732441471572,0.12,0.81,0.1763806025678717,0.8236193974321289,2.946465389512136e-09,0.9999999970535494
284,142.47491638795987,0.12,0.81,0.1763806023958329,0.8236193976041677,2.7015278210340383e-09,0.9999999972984872
285,142.97658862876253,0.12,0.81,0.1763806022126514,0.8236193977873492,2.491125175801757e-09,0.9999999975088901
286,143.47826086956522,0.12,0.81,0.17638060201832717,0.8236193979816734,2.315257453815283e-09,0.9999999976847581
287,143.97993311036788,0.12,0.81,0.1763806019302737,0.823619398069727,2.047710456820418e-09,0.9999999979740198
288,144.48160535117057,0.12,0.81,0.17638060186403978,0.8236193981359609,1.7792653547161797e-09,0.9999999982702757
289,144.98327759197323,0.12,0.81,0.176380601802127,0.8236193981978736,1.5287322281190196e-09,0.9999999985514795
290,145.48494983277592,0.12,0.81,0.17638060174453538,0.8236193982554652,1.2961110770289081e-09,0.9999999988176312
291,145.9866220735786,0.12,0.81,0.1763806016912649,0.8236193983087357,1.0814019014458722e-09,0.9999999990687308
292,146.48829431438128,0.12,0.81,0.17638060164231556,0.823619398357685,8.846047013698867e-10,0.9999999993047783
293,146.98996655518394,0.12,0.81,0.17638060159768737,0.8236193984023132,7.05719476800975e-10,0.9999999995257738
294,147.49163879598663,0.12,0.81,0.1763806015573803,0.8236193984426203,5.447462277391163e-10,0.9999999997317172
295,147.9933110367893,0.12,0.81,0.17638060152139437,0.8236193984786062,4.016849541843286e-10,0.9999999999226085
296,148.49498327759198,0.12,0.81,0.1763806014897296,0.823619398510271,2.765356561365961e-10,1.0000000000984477
297,148.99665551839465,0.12,0.81,0.17638060146238596,0.8236193985376146,1.6929833359593293e-10,1.0000000002592349
298,149.49832775919734,0.12,0.81,0.17638060143936346,0.8236193985606372,7.997298656232686e-11,1.0000000004049698
299,150.0,0.12,0.81,0.17638060142066211,0.8236193985793385,8.559615035787967e-12,1.0000000005356529
