,time,sigma,beta,S,I,C,D
0,0.0,0.9400000000000001,0.26,0.9998,0.0002,0.5,0.5
1,0.5016722408026756,0.9400000000000001,0.26,0.9997881822567833,0.00021181774321701438,0.47911728517523194,0.520882714824768
2,1.0033444816053512,0.9400000000000001,0.26,0.9997756138722373,0.00022438612776302564,0.45830771995068587,0.541692280049314
3,1.5050167224080266,0.9400000000000001,0.26,0.9997622516248553,0.00023774837514495566,0.4376430912118474,0.5623569087881524
4,2.0066889632107023,0.9400000000000001,0.26,0.9997480525283321,0.00025194747166821943,0.41719313525780494,0.5828068647421949
5,2.508361204013378,0.9400000000000001,0.26,0.9997329703611377,0.00026702963886261776,0.39702466898606886,0.602975331013931
6,3.0100334448160533,0.9400000000000001,0.26,0.9997169555175894,0.0002830444824109193,0.37720074449516594,0.622799255504834
7,3.511705685618729,0.9400000000000001,0.26,0.9996999548773439,0.00030004512265648277,0.3577799489517651,0.6422200510482348
8,4.013377926421405,0.9400000000000001,0.26,0.9996819116409947,0.00031808835900557587,0.3388157000925115,0.6611842999074884
9,4.51505016722408,0.9400000000000001,0.26,0.9996627651872296,0.0003372348127706057,0.3203558700959244,0.6796441299040755
10,5.016722408026756,0.9400000000000001,0.26,0.999642450892385,0.00035754910761522844,0.30244239194419503,0.6975576080558049
11,5.518394648829432,0.9400000000000001,0.26,0.9996208999421701,0.0003791000578302879,0.28511105748966525,0.7148889425103346
12,6.020066889632107,0.9400000000000001,0.26,0.9995980391265691,0.0004019608734312142,0.2683914471188316,0.7316085528811683
13,6.521739130434782,0.9400000000000001,0.26,0.999573790615889,0.000426209384111311,0.25230698587447675,0.7476930141255231
14,7.023411371237458,0.9400000000000001,0.26,0.9995480717289504,0.0004519282710499294,0.2368750412828842,0.7631249587171157
15,7.525083612040134,0.9400000000000001,0.26,0.9995207946562071,0.00047920534379319445,0.22210729669002655,0.7778927033099734
16,8.02675585284281,0.9400000000000001,0.26,0.9994918661889376,0.0005081338110627532,0.208010030539145,0.791989969460855
17,8.528428093645484,0.9400000000000001,0.26,0.9994611874249876,0.0005388125750128208,0.19458442825235173,0.8054155717476482
18,9.03010033444816,0.9400000000000001,0.26,0.9994286534380049,0.0005713465619955736,0.18182715771364746,0.8181728422863525
19,9.531772575250836,0.9400000000000001,0.26,0.9993941529399387,0.0006058470600616588,0.16973076199970635,0.8302692380002936
20,10.033444816053512,0.9400000000000001,0.26,0.9993575679154684,0.0006424320845320118,0.1582841608359098,0.84171583916409
21,10.535117056856187,0.9400000000000001,0.26,0.9993187732337941,0.0006812267662062871,0.1474731456220299,0.8525268543779699
22,11.036789297658864,0.9400000000000001,0.26,0.9992776362364797,0.0007223637635206235,0.13728085032816212,0.8627191496718378
23,11.538461538461538,0.9400000000000001,0.26,0.9992340163003275,0.0007659836996728042,0.12768821123419044,0.8723117887658095
24,12.040133779264213,0.9400000000000001,0.26,0.9991877643737269,0.0008122356262734212,0.11867440172219457,0.8813255982778054
25,12.54180602006689,0.9400000000000001,0.26,0.9991387224851606,0.0008612775148397668,0.11021723364152597,0.889782766358474
26,13.043478260869565,0.9400000000000001,0.26,0.9990867232246042,0.0009132767753961556,0.10229353158920845,0.8977064684107915
27,13.545150501672241,0.9400000000000001,0.26,0.9990315891914442,0.0009684108085562124,0.0948794586965243,0.9051205413034756
28,14.046822742474916,0.9400000000000001,0.26,0.9989731324147653,0.0010268675852351352,0.08795081637250356,0.9120491836274964
29,14.548494983277592,0.9400000000000001,0.26,0.9989111537357835,0.0010888462642168507,0.0814833021516023,0.9185166978483977
30,15.050167224080267,0.9400000000000001,0.26,0.998845442160649,0.0011545578393513814,0.07545273577224564,0.9245472642277544
31,15.551839464882944,0.9400000000000001,0.26,0.9987757741717936,0.0012242258282067421,0.06983524803480196,0.930164751965198
32,16.05351170568562,0.9400000000000001,0.26,0.9987019130040837,0.0012980869959166117,0.06460744143137499,0.935392558568625
33,16.555183946488295,0.9400000000000001,0.26,0.9986236078804032,0.001376392119597202,0.05974651827753713,0.9402534817224629
34,17.05685618729097,0.9400000000000001,0.26,0.9985405932023534,0.0014594067976469454,0.05523038846022469,0.9447696115397753
35,17.558528428093645,0.9400000000000001,0.26,0.9984525877023155,0.001547412297684826,0.051037745458281755,0.9489622545417182
36,18.06020066889632,0.9400000000000001,0.26,0.9983592935423051,0.001640706457695273,0.047148131439056155,0.9528518685609438
37,18.561872909698998,0.9400000000000001,0.26,0.9982603953703453,0.0017396046296550831,0.04354197603812172,0.9564580239618783
38,19.06354515050167,0.9400000000000001,0.26,0.9981555593246675,0.0018444406753329132,0.040200622421336936,0.9597993775786631
39,19.565217391304348,0.9400000000000001,0.26,0.9980444319898689,0.001955568010131421,0.03710633385263152,0.9628936661473685
40,20.066889632107024,0.9400000000000001,0.26,0.9979266392807206,0.002073360719279767,0.034242311463694754,0.9657576885363053
41,20.568561872909697,0.9400000000000001,0.26,0.9978017852890321,0.0021982147109682213,0.031592679132756284,0.9684073208672437
42,21.070234113712374,0.9400000000000001,0.26,0.9976694510676716,0.002330548932328681,0.02914245618414687,0.9708575438158531
43,21.57190635451505,0.9400000000000001,0.26,0.9975291933403376,0.002470806659662608,0.026877552370196213,0.9731224476298037
44,22.073578595317727,0.9400000000000001,0.26,0.9973805431630018,0.0026194568369983925,0.024784728660471815,0.9752152713395281
45,22.5752508361204,0.9400000000000001,0.26,0.9972230045093401,0.0027769954906602446,0.0228515734534401,0.9771484265465598
46,23.076923076923077,0.9400000000000001,0.26,0.9970560527899781,0.002943947210022213,0.021066468641048983,0.9789335313589509
47,23.578595317725753,0.9400000000000001,0.26,0.9968791333022594,0.003120866697740862,0.01941855439355953,0.9805814456064403
48,24.080267558528426,0.9400000000000001,0.26,0.9966916596070183,0.003308340392982059,0.017897694928884413,0.9821023050711155
49,24.581939799331103,0.9400000000000001,0.26,0.9964930118322324,0.003506988167768014,0.016494437513882913,0.983505562486117
50,25.08361204013378,0.9400000000000001,0.26,0.9962825348983033,0.0037174651016971087,0.015199980068530279,0.9848000199314696
51,25.585284280936456,0.9400000000000001,0.26,0.9960595366692931,0.003940463330707341,0.014006132798848292,0.9859938672011516
52,26.08695652173913,0.9400000000000001,0.26,0.9958232860210007,0.004176713978999674,0.012905284707396904,0.987094715292603
53,26.588628762541806,0.9400000000000001,0.26,0.9955730108356996,0.004426989164300825,0.011890366210874147,0.9881096337891258
54,27.090301003344482,0.9400000000000001,0.26,0.9953078959095655,0.004692104090434933,0.010954817719077454,0.9890451822809224
55,27.59197324414716,0.9400000000000001,0.26,0.9950270807888535,0.004972919211146966,0.010092555929395433,0.9899074440706044
56,28.093645484949832,0.9400000000000001,0.26,0.9947296575172435,0.005270342482756911,0.009297943661469424,0.9907020563385304
57,28.59531772575251,0.9400000000000001,0.26,0.9944146683074061,0.005585331692594379,0.008565760982953809,0.991434239017046
58,29.096989966555185,0.9400000000000001,0.26,0.9940811031513057,0.005918896848694673,0.007891174792400252,0.9921088252075996
59,29.598662207357858,0.9400000000000001,0.26,0.9937278973223668,0.006272102677633666,0.007269714895353126,0.9927302851046467
60,30.100334448160535,0.9400000000000001,0.26,0.9933539288493515,0.0066460711506489654,0.006697247043442822,0.993302752956557
61,30.60200668896321,0.9400000000000001,0.26,0.9929580158887646,0.007041984111235844,0.006169949953376349,0.9938300500466235
62,31.103678929765888,0.9400000000000001,0.26,0.9925389140497288,0.007461085950271618,0.005684293274006809,0.994315706725993
63,31.60535117056856,0.9400000000000001,0.26,0.9920953136907866,0.007904686309213874,0.005237015778871939,0.9947629842211279
64,32.10702341137124,0.9400000000000001,0.26,0.9916258371091303,0.008374162890870155,0.004825106813543293,0.9951748931864566
65,32.608695652173914,0.9400000000000001,0.26,0.9911290357814558,0.008870964218544643,0.004445787151014935,0.9955542128489849
66,33.11036789297659,0.9400000000000001,0.26,0.9906033875028839,0.00939661249711655,0.004096492213596875,0.9959035077864029
67,33.61204013377927,0.9400000000000001,0.26,0.990047293558037,0.009952706441963456,0.003774856153170696,0.9962251438468291
68,34.11371237458194,0.9400000000000001,0.26,0.9894590759294885,0.010540924070511954,0.003478696787924887,0.996521303212075
69,34.61538461538461,0.9400000000000001,0.26,0.9888369744326229,0.011163025567377638,0.003206002004262642,0.9967939979957372
70,35.11705685618729,0.9400000000000001,0.26,0.9881791440515453,0.011820855948455194,0.0029549166616379516,0.9970450833383618
71,35.618729096989966,0.9400000000000001,0.26,0.9874836521980178,0.012516347801982658,0.0027237307405555073,0.9972762692594443
72,36.12040133779264,0.9400000000000001,0.26,0.9867484761562516,0.013251523843748916,0.0025108682902183297,0.9974891317097816
73,36.62207357859532,0.9400000000000001,0.26,0.9859715007080457,0.014028499291954774,0.002314877057933287,0.9976851229420666
74,37.123745819397996,0.9400000000000001,0.26,0.9851505157628037,0.014849484237196873,0.0021344190189613536,0.9978655809810386
75,37.625418060200666,0.9400000000000001,0.26,0.9842832145100935,0.015716785489907046,0.0019682615942781976,0.9980317384057218
76,38.12709030100334,0.9400000000000001,0.26,0.9833671913141115,0.016632808685888945,0.0018152693653045375,0.9981847306346954
77,38.62876254180602,0.9400000000000001,0.26,0.9823999401577255,0.017600059842275022,0.0016743964981991899,0.9983256035018008
78,39.130434782608695,0.9400000000000001,0.26,0.9813788543515802,0.018621145648420292,0.001544679899812471,0.9984553201001874
79,39.63210702341137,0.9400000000000001,0.26,0.9803012247818464,0.01969877521815412,0.001425232764832143,0.9985747672351678
80,40.13377926421405,0.9400000000000001,0.26,0.9791642394043252,0.020835760595675334,0.0013152387360978594,0.998684761263902
81,40.635451505016725,0.9400000000000001,0.26,0.9779649855616727,0.022035014438327873,0.0012139456527342106,0.9987860543472658
82,41.137123745819395,0.9400000000000001,0.26,0.9767004489644008,0.023299551035599744,0.0011206613339944556,0.9988793386660055
83,41.63879598662207,0.9400000000000001,0.26,0.9753675146189682,0.024632485381032288,0.0010347492425685635,0.9989652507574315
84,42.14046822742475,0.9400000000000001,0.26,0.9739629725664709,0.0260370274335295,0.0009556223846092087,0.9990443776153908
85,42.642140468227424,0.9400000000000001,0.26,0.9724835186599963,0.027516481340004242,0.0008827405865300031,0.9991172594134701
86,43.1438127090301,0.9400000000000001,0.26,0.9709257574359563,0.029074242564044128,0.000815607440313776,0.9991843925596862
87,43.64548494983278,0.9400000000000001,0.26,0.9692862116700435,0.030713788329957022,0.0007537652256781417,0.9992462347743218
88,44.147157190635454,0.9400000000000001,0.26,0.9675613264246286,0.03243867357537199,0.000696792650980248,0.9993032073490197
89,44.64882943143812,0.9400000000000001,0.26,0.9657474745666952,0.03425252543330537,0.0006443027230395907,0.9993556972769603
90,45.1505016722408,0.9400000000000001,0.26,0.9638409707013752,0.03615902929862529,0.0005959386996716011,0.9994040613003282
91,45.65217391304348,0.9400000000000001,0.26,0.9618380798884782,0.038161920111522266,0.0005513721253036374,0.9994486278746962
92,46.15384615384615,0.9400000000000001,0.26,0.9597350266147942,0.04026497338520637,0.0005103013825543864,0.9994896986174454
93,46.65551839464883,0.9400000000000001,0.26,0.9575280138056084,0.04247198619439212,0.00047244848986812327,0.9995275515101317
94,47.15719063545151,0.9400000000000001,0.26,0.9552132371862698,0.0447867628137307,0.000437557430238311,0.9995624425697616
95,47.65886287625418,0.9400000000000001,0.26,0.9527868991205274,0.04721310087947312,0.000405393096987434,0.9995946069030124
96,48.16053511705685,0.9400000000000001,0.26,0.9502452326278162,0.0497547673721843,0.0003757388934750112,0.9996242611065248
97,48.66220735785953,0.9400000000000001,0.26,0.947584522708014,0.05241547729198657,0.00034839526060334645,0.9996516047393965
98,49.163879598662206,0.9400000000000001,0.26,0.94480112558396,0.055198874416040496,0.00032317898360560596,0.9996768210163942
99,49.66555183946488,0.9400000000000001,0.26,0.9418914955375431,0.05810850446245733,0.00029992171388690036,0.9997000782861128
100,50.16722408026756,0.9400000000000001,0.26,0.9388522152175828,0.06114778478241772,0.00027846817985610416,0.9997215318201437
101,50.668896321070235,0.9400000000000001,0.26,0.9356800241114264,0.0643199758885741,0.0002586754032252537,0.9997413245967746
102,51.17056856187291,0.9400000000000001,0.26,0.932371851408364,0.06762814859163646,0.0002404115162393752,0.9997595884837605
103,51.67224080267559,0.9400000000000001,0.26,0.9289248478152322,0.07107515218476829,0.00022355496370701766,0.9997764450362927
104,52.17391304347826,0.9400000000000001,0.26,0.9253364090185314,0.07466359098146907,0.00020799508839931474,0.9997920049116005
105,52.675585284280935,0.9400000000000001,0.26,0.9216042274717946,0.07839577252820586,0.0001936294484692347,0.9998063705515305
106,53.17725752508361,0.9400000000000001,0.26,0.9177263281663027,0.08227367183369776,0.000180363418445218,0.9998196365815546
107,53.67892976588629,0.9400000000000001,0.26,0.9137010964789044,0.08629890352109604,0.00016811016777826176,0.9998318898322215
108,54.180602006688964,0.9400000000000001,0.26,0.9095273131200217,0.09047268687997885,0.0001567902750277427,0.999843209724972
109,54.68227424749164,0.9400000000000001,0.26,0.905204208074156,0.09479579192584445,0.00014633027668399767,0.9998536697233158
110,55.18394648829432,0.9400000000000001,0.26,0.9007314881430297,0.0992685118569707,0.00013666252833135646,0.9998633374716683
111,55.68561872909699,0.9400000000000001,0.26,0.8961093623521901,0.1038906376478103,0.00012772494358059952,0.9998722750564191
112,56.187290969899664,0.9400000000000001,0.26,0.8913386005850249,0.1086613994149755,0.00011946000625453815,0.9998805399937452
113,56.68896321070234,0.9400000000000001,0.26,0.8864205573769981,0.11357944262300235,0.0001118146104140081,0.9998881853895857
114,57.19063545150502,0.9400000000000001,0.26,0.881357172231788,0.11864282776821244,0.00010474050442971362,0.99989525949557
115,57.69230769230769,0.9400000000000001,0.26,0.8761510353233706,0.12384896467662995,9.819316020403538e-05,0.9999018068397957
116,58.19397993311037,0.9400000000000001,0.26,0.8708053824594092,0.12919461754059133,9.213153459206982e-05,0.9999078684654076
117,58.69565217391305,0.9400000000000001,0.26,0.8653241165083633,0.13467588349163728,8.651773528050918e-05,0.9999134822647192
118,59.197324414715716,0.9400000000000001,0.26,0.8597118463878995,0.14028815361210098,8.13167519531696e-05,0.9999186832480464
119,59.69899665551839,0.9400000000000001,0.26,0.8539738370002203,0.14602616299978022,7.64965619899898e-05,0.9999235034380096
120,60.20066889632107,0.9400000000000001,0.26,0.8481160391238998,0.15188396087610082,7.202771506948556e-05,0.99992797228493
121,60.702341137123746,0.9400000000000001,0.26,0.8421450766943385,0.15785492330566217,6.788302657390974e-05,0.9999321169734257
122,61.20401337792642,0.9400000000000001,0.26,0.8360682439749998,0.16393175602500085,6.403741727578921e-05,0.9999359625827237
123,61.7056856187291,0.9400000000000001,0.26,0.8298934499115423,0.1701065500884582,6.046785466538091e-05,0.999939532145334
124,62.207357859531776,0.9400000000000001,0.26,0.8236292172478229,0.1763707827521777,5.7153098630318695e-05,0.999942846901369
125,62.709030100334445,0.9400000000000001,0.26,0.8172846168110767,0.1827153831889239,5.407361119709363e-05,0.9999459263888022
126,63.21070234113712,0.9400000000000001,0.26,0.8108692480841815,0.1891307519158191,5.121137500166133e-05,0.9999487886249977
127,63.7123745819398,0.9400000000000001,0.26,0.8043931585517807,0.1956068414482198,4.854981203235854e-05,0.999951450187967
128,64.21404682274247,0.9400000000000001,0.26,0.797866811287868,0.2021331887121326,4.6073628621693955e-05,0.9999539263713777
129,64.71571906354515,0.9400000000000001,0.26,0.7913009944512854,0.20869900554871507,4.376875455415426e-05,0.9999562312454452
130,65.21739130434783,0.9400000000000001,0.26,0.7847067754059404,0.21529322459406022,4.1622207167707464e-05,0.9999583777928316
131,65.7190635451505,0.9400000000000001,0.26,0.7780954065983995,0.22190459340160118,3.9622036623123385e-05,0.9999603779633761
132,66.22073578595318,0.9400000000000001,0.26,0.7714782633370582,0.22852173666294245,3.7757218423289456e-05,0.9999622427815759
133,66.72240802675586,0.9400000000000001,0.26,0.764866764328421,0.23513323567157957,3.6017587968460734e-05,0.9999639824120307
134,67.22408026755853,0.9400000000000001,0.26,0.758272277656306,0.24172772234369455,3.4393790024364695e-05,0.9999656062099747
135,67.72575250836121,0.9400000000000001,0.26,0.7517060565542197,0.24829394344578076,3.2877196067465056e-05,0.9999671228039315
136,68.22742474916387,0.9400000000000001,0.26,0.7451791724339303,0.25482082756607016,3.145983293826429e-05,0.9999685401670607
137,68.72909698996655,0.9400000000000001,0.26,0.7387024160546767,0.2612975839453239,3.0134361024269134e-05,0.9999698656389747
138,69.23076923076923,0.9400000000000001,0.26,0.7322862547179695,0.26771374528203096,2.8893998758176375e-05,0.9999711060012408
139,69.7324414715719,0.9400000000000001,0.26,0.7259407437053487,0.27405925629465183,2.7732495157997353e-05,0.999972267504841
140,70.23411371237458,0.9400000000000001,0.26,0.719675484430627,0.2803245155693735,2.6644078520468845e-05,0.9999733559214785
141,70.73578595317726,0.9400000000000001,0.26,0.7134995593875247,0.2865004406124758,2.562342320735784e-05,0.9999743765767916
142,71.23745819397993,0.9400000000000001,0.26,0.7074214922329958,0.29257850776700484,2.4665611675535304e-05,0.9999753343883233
143,71.73913043478261,0.9400000000000001,0.26,0.7014492076198637,0.29855079238013676,2.3766102448605676e-05,0.9999762338975502
144,72.24080267558529,0.9400000000000001,0.26,0.6955899958872672,0.30441000411273333,2.2920701879952847e-05,0.9999770792981189
145,72.74247491638796,0.9400000000000001,0.26,0.6898504951034823,0.31014950489651816,2.2125534433668085e-05,0.9999778744655651
146,73.24414715719064,0.9400000000000001,0.26,0.684236667877406,0.31576333212259444,2.1377020570356395e-05,0.9999786229794283
147,73.74581939799332,0.9400000000000001,0.26,0.6787537966350983,0.32124620336490217,2.067184980994254e-05,0.9999793281501886
148,74.24749163879599,0.9400000000000001,0.26,0.6734064784564646,0.32659352154353594,2.0006964002183835e-05,0.9999799930359964
149,74.74916387959867,0.9400000000000001,0.26,0.6681986295270312,0.3318013704729693,1.9379534543519046e-05,0.9999806204654549
150,75.25083612040133,0.9400000000000001,0.26,0.663133496770338,0.3368665032296626,1.8786943821822566e-05,0.9999812130561765
151,75.75250836120401,0.9400000000000001,0.26,0.6582136755431527,0.34178632445684776,1.8226772155861736e-05,0.9999817732278424
152,76.25418060200668,0.9400000000000001,0.26,0.6534411225524728,0.34655887744752767,1.7696778497644653e-05,0.9999823032215005
153,76.75585284280936,0.9400000000000001,0.26,0.6488171907238093,0.35118280927619117,1.7194889672560844e-05,0.9999828051103257
154,77.25752508361204,0.9400000000000001,0.26,0.6443426531239934,0.355657346876007,1.6719186267593116e-05,0.9999832808137304
155,77.75919732441471,0.9400000000000001,0.26,0.6400177304616103,0.35998226953839013,1.6267889521387303e-05,0.9999837321104765
156,78.26086956521739,0.9400000000000001,0.26,0.6358421379546219,0.36415786204537853,1.583935315131517e-05,0.9999841606468466
157,78.76254180602007,0.9400000000000001,0.26,0.6318151049968966,0.36818489500310375,1.5432050482092198e-05,0.9999845679495157
158,79.26421404682274,0.9400000000000001,0.26,0.6279354243433015,0.3720645756566988,1.504456701622652e-05,0.9999849554329815
159,79.76588628762542,0.9400000000000001,0.26,0.6242014881224907,0.37579851187750973,1.467559172531083e-05,0.9999853244082723
160,80.2675585284281,0.9400000000000001,0.26,0.6206113158186408,0.37938868418135957,1.432390786852201e-05,0.999985676092129
161,80.76923076923077,0.9400000000000001,0.26,0.6171626074102478,0.3828373925897527,1.3988387684901279e-05,0.9999860116123124
162,81.27090301003345,0.9400000000000001,0.26,0.6138527663855853,0.38614723361441516,1.3667984511609464e-05,0.9999863320154856
163,81.77257525083613,0.9400000000000001,0.26,0.6106789420419766,0.3893210579580238,1.3361726452252196e-05,0.9999866382735447
164,82.27424749163879,0.9400000000000001,0.26,0.6076380644694978,0.3923619355305025,1.3068711809187946e-05,0.9999869312881876
165,82.77591973244147,0.9400000000000001,0.26,0.6047268682351105,0.3952731317648898,1.2788102285277746e-05,0.9999872118977113
166,83.27759197324414,0.9400000000000001,0.26,0.6019419446614093,0.39805805533859107,1.2519120625871306e-05,0.9999874808793705
167,83.77926421404682,0.9400000000000001,0.26,0.5992797629739959,0.4007202370260043,1.2261045191054032e-05,0.9999877389548051
168,84.2809364548495,0.9400000000000001,0.26,0.5967366707903654,0.4032633292096348,1.2013203673073361e-05,0.9999879867963227
169,84.78260869565217,0.9400000000000001,0.26,0.5943089520774347,0.4056910479225655,1.177497019491475e-05,0.9999882250298007
170,85.28428093645485,0.9400000000000001,0.26,0.5919928371299793,0.40800716287002087,1.1545764246438792e-05,0.9999884542357488
171,85.78595317725753,0.9400000000000001,0.26,0.5897845313651947,0.4102154686348055,1.1325045896193842e-05,0.9999886749540987
172,86.2876254180602,0.9400000000000001,0.26,0.5876802356871326,0.41231976431286754,1.1112311856982598e-05,0.9999888876881377
173,86.78929765886288,0.9400000000000001,0.26,0.5856761449253772,0.4143238550746228,1.0907095020310883e-05,0.999989092904974
174,87.29096989966555,0.9400000000000001,0.26,0.5837684903219869,0.41623150967801337,1.0708959045212005e-05,0.9999892910409487
175,87.79264214046823,0.9400000000000001,0.26,0.5819535321843747,0.41804646781562554,1.051749859548585e-05,0.999989482501398
176,88.29431438127091,0.9400000000000001,0.26,0.5802275833118477,0.41977241668815257,1.0332335814988727e-05,0.9999896676641781
177,88.79598662207358,0.9400000000000001,0.26,0.5785870212507603,0.42141297874923983,1.015311808580008e-05,0.9999898468819067
178,89.29765886287625,0.9400000000000001,0.26,0.5770282840534346,0.42297171594656563,9.979517724877482e-06,0.9999900204822672
179,89.79933110367892,0.9400000000000001,0.26,0.5755478973020316,0.42445210269796874,9.811228171473352e-06,0.99999018877182
180,90.3010033444816,0.9400000000000001,0.26,0.5741424635307671,0.42585753646923313,9.647964159344136e-06,0.9999903520358315
181,90.80267558528428,0.9400000000000001,0.26,0.5728086766767729,0.42719132332322735,9.489459331299525e-06,0.999990510540659
182,91.30434782608695,0.9400000000000001,0.26,0.5715433275036712,0.4284566724963292,9.33546476737143e-06,0.9999906645352223
183,91.80602006688963,0.9400000000000001,0.26,0.5703432976619534,0.429656702338047,9.185748658901031e-06,0.9999908142513301
184,92.3076923076923,0.9400000000000001,0.26,0.5692055733832678,0.43079442661673256,9.040093989427286e-06,0.9999909599059987
185,92.80936454849498,0.9400000000000001,0.26,0.5681272424989111,0.43187275750108933,8.898297918686804e-06,0.9999911017020687
186,93.31103678929766,0.9400000000000001,0.26,0.5671054927415403,0.43289450725846007,8.76017103419677e-06,0.9999912398289523
187,93.81270903010034,0.9400000000000001,0.26,0.5661376077841467,0.4338623922158538,8.625536816816444e-06,0.9999913744631688
188,94.31438127090301,0.9400000000000001,0.26,0.5652209778701526,0.4347790221298479,8.494229770420862e-06,0.9999915057702141
189,94.81605351170569,0.9400000000000001,0.26,0.564353100859227,0.43564689914077354,8.366094462730075e-06,0.9999916339055207
190,95.31772575250837,0.9400000000000001,0.26,0.563531567578285,0.4364684324217154,8.240986052648633e-06,0.9999917590139296
191,95.81939799331104,0.9400000000000001,0.26,0.5627540701332924,0.43724592986670807,8.118768654613435e-06,0.9999918812313264
192,96.3210702341137,0.9400000000000001,0.26,0.5620183990229176,0.43798160097708283,7.999314790893733e-06,0.9999920006851888
193,96.82274247491638,0.9400000000000001,0.26,0.5613224369364721,0.43867756306352834,7.882505183318824e-06,0.9999921174947949
194,97.32441471571906,0.9400000000000001,0.26,0.5606641604445816,0.43933583955541894,7.768227862453968e-06,0.9999922317721142
195,97.82608695652173,0.9400000000000001,0.26,0.5600416362502295,0.43995836374977093,7.65637774772943e-06,0.9999923436222272
196,98.32775919732441,0.9400000000000001,0.26,0.5594530171637578,0.4405469828362426,7.5468562773561835e-06,0.9999924531436959
197,98.82943143812709,0.9400000000000001,0.26,0.5588965423712531,0.4411034576287473,7.439570801493737e-06,0.9999925604291698
198,99.33110367892976,0.9400000000000001,0.26,0.5583705332295285,0.44162946677047193,7.334434266437037e-06,0.9999926655657028
199,99.83277591973244,0.9400000000000001,0.26,0.5578733897888061,0.44212661021119415,7.2313648822081315e-06,0.9999927686350848
200,100.33444816053512,0.9400000000000001,0.26,0.5574035892475647,0.44259641075243555,7.130285618315108e-06,0.9999928697143463
201,100.8361204013378,0.9400000000000001,0.26,0.5569596822165378,0.4430403177834625,7.03112398331657e-06,0.9999929688759787
202,101.33779264214047,0.9400000000000001,0.26,0.5565402898019197,0.4434597101980804,6.933811729301059e-06,0.9999930661882299
203,101.83946488294315,0.9400000000000001,0.26,0.5561441025802111,0.4438558974197891,6.838284421114062e-06,0.9999931617155352
204,102.34113712374582,0.9400000000000001,0.26,0.5557698754823925,0.4442301245176077,6.744481359159262e-06,0.999993255518594
205,102.8428093645485,0.9400000000000001,0.26,0.5554164249168974,0.44458357508310287,6.652345350221182e-06,0.9999933476545996
206,103.34448160535118,0.9400000000000001,0.26,0.5550826263109371,0.444917373689063,6.56182246416638e-06,0.9999934381774819
207,103.84615384615384,0.9400000000000001,0.26,0.5547674159574028,0.4452325840425973,6.472861432911159e-06,0.9999935271385093
208,104.34782608695652,0.9400000000000001,0.26,0.5544697837895247,0.44553021621047534,6.385413873073246e-06,0.999993614586065
209,104.84949832775919,0.9400000000000001,0.26,0.5541887710631518,0.4458112289368483,6.299434099613085e-06,0.9999937005658339
210,105.35117056856187,0.9400000000000001,0.26,0.5539234684523178,0.4460765315476824,6.2148789143022e-06,0.9999937851210143
211,105.85284280936455,0.9400000000000001,0.26,0.5536730156956561,0.44632698430434414,6.131707153022227e-06,0.9999938682927705
212,106.35451505016722,0.9400000000000001,0.26,0.5534365974081907,0.4465634025918094,6.049879829087701e-06,0.9999939501200888
213,106.8561872909699,0.9400000000000001,0.26,0.5532134407884496,0.4467865592115506,5.969360018408077e-06,0.9999940306398936
214,107.35785953177258,0.9400000000000001,0.26,0.5530028137655533,0.44699718623444684,5.890112698628499e-06,0.9999941098872068
215,107.85953177257525,0.9400000000000001,0.26,0.5528040240530616,0.4471959759469385,5.812104409702054e-06,0.9999941878954889
216,108.36120401337793,0.9400000000000001,0.26,0.5526164162872186,0.4473835837127816,5.735303339480797e-06,0.9999942646965517
217,108.8628762541806,0.9400000000000001,0.26,0.552439370027983,0.4475606299720171,5.659679257494711e-06,0.9999943403206258
218,109.36454849498328,0.9400000000000001,0.26,0.5522722981548509,0.4477277018451492,5.585203390967625e-06,0.9999944147964839
219,109.86622073578596,0.9400000000000001,0.26,0.5521146456531668,0.4478853543468333,5.511848185159773e-06,0.9999944881516806
220,110.36789297658864,0.9400000000000001,0.26,0.5519658876690702,0.4480341123309299,5.439587340094992e-06,0.9999945604125158
221,110.8695652173913,0.9400000000000001,0.26,0.5518255278913157,0.4481744721086844,5.368395775817047e-06,0.9999946316040695
222,111.37123745819397,0.9400000000000001,0.26,0.5516930971965146,0.44830690280348545,5.298249538725952e-06,0.9999947017502955
223,111.87290969899665,0.9400000000000001,0.26,0.5515681519192137,0.44843184808078645,5.229125621328478e-06,0.9999947708742007
224,112.37458193979933,0.9400000000000001,0.26,0.5514502727174022,0.44854972728259784,5.161001976046653e-06,0.999994838997833
225,112.876254180602,0.9400000000000001,0.26,0.5513390634194894,0.44866093658051076,5.093857502574311e-06,0.9999949061422926
226,113.37792642140468,0.9400000000000001,0.26,0.5512341497535009,0.4487658502464991,5.027671973360974e-06,0.9999949723278068
227,113.87959866220736,0.9400000000000001,0.26,0.5511351779594196,0.44886482204058054,4.962425908159939e-06,0.999995037573856
228,114.38127090301003,0.9400000000000001,0.26,0.5510418138282219,0.44895818617177824,4.898100567983099e-06,0.9999951018991788
229,114.88294314381271,0.9400000000000001,0.26,0.550953741807343,0.4490462581926571,4.834677953428467e-06,0.9999951653217749
230,115.38461538461539,0.9400000000000001,0.26,0.5508706639833246,0.44912933601667543,4.772140747773251e-06,0.9999952278589607
231,115.88628762541806,0.9400000000000001,0.26,0.5507922987711454,0.4492077012288546,4.71047222265475e-06,0.9999952895274644
232,116.38795986622074,0.9400000000000001,0.26,0.550718380196281,0.449281619803719,4.649656227968946e-06,0.9999953503434362
233,116.88963210702342,0.9400000000000001,0.26,0.5506486573403419,0.44935134265965815,4.589677201211056e-06,0.9999954103224384
234,117.3913043478261,0.9400000000000001,0.26,0.5505828934581847,0.4494171065418154,4.5305201219804005e-06,0.9999954694794913
235,117.89297658862876,0.9400000000000001,0.26,0.550520864949402,0.44947913505059806,4.472170454618034e-06,0.9999955278291303
236,118.39464882943143,0.9400000000000001,0.26,0.5504623602823441,0.44953763971765603,4.41461408323369e-06,0.9999955853854712
237,118.89632107023411,0.9400000000000001,0.26,0.550407180102376,0.4495928198976242,4.357837370661169e-06,0.9999956421621512
238,119.39799331103679,0.9400000000000001,0.26,0.5503551363405154,0.4496448636594848,4.301827108118559e-06,0.9999956981723787
239,119.89966555183946,0.9400000000000001,0.26,0.5503060515477048,0.4496939484522953,4.246570488272916e-06,0.9999957534289611
240,120.40133779264214,0.9400000000000001,0.26,0.5502597578519873,0.44974024214801284,4.192055043175628e-06,0.9999958079443658
241,120.90301003344482,0.9400000000000001,0.26,0.5502160970179596,0.4497839029820406,4.138268678791251e-06,0.9999958617306869
242,121.40468227424749,0.9400000000000001,0.26,0.5501749198474745,0.4498250801525257,4.08519964916393e-06,0.99999591479967
243,121.90635451505017,0.9400000000000001,0.26,0.5501360856758782,0.4498639143241218,4.032836537927067e-06,0.9999959671627314
244,122.40802675585284,0.9400000000000001,0.26,0.5500994614205117,0.4499005385794884,3.981168208084103e-06,0.9999960188310076
245,122.90969899665552,0.9400000000000001,0.26,0.5500649215352874,0.4499350784647127,3.930183814955208e-06,0.9999960698153433
246,123.4113712374582,0.9400000000000001,0.26,0.5500323477274977,0.4499676522725024,3.879872801457611e-06,0.9999961201262951
247,123.91304347826087,0.9400000000000001,0.26,0.550001628497645,0.44999837150235517,3.830224880015918e-06,0.9999961697741503
248,124.41471571906355,0.9400000000000001,0.26,0.5499726584984629,0.45002734150153717,3.7812300044203095e-06,0.9999962187689548
249,124.91638795986621,0.9400000000000001,0.26,0.5499453381597967,0.45005466184020343,3.732878357047719e-06,0.9999962671205259
250,125.41806020066889,0.9400000000000001,0.26,0.5499195737350714,0.4500804262649288,3.6851603607286195e-06,0.9999963148384404
251,125.91973244147157,0.9400000000000001,0.26,0.5498952768560458,0.4501047231439543,3.6380666608200966e-06,0.9999963619320524
252,126.42140468227424,0.9400000000000001,0.26,0.5498723641597656,0.4501276358402345,3.591588111432565e-06,0.9999964084105074
253,126.92307692307692,0.9400000000000001,0.26,0.5498507567606894,0.4501492432393107,3.5457157524617343e-06,0.9999964542827651
254,127.4247491638796,0.9400000000000001,0.26,0.5498303804016041,0.4501696195983959,3.500440824745892e-06,0.9999964995575841
255,127.92642140468227,0.9400000000000001,0.26,0.5498111651046226,0.4501888348953775,3.4557547564393316e-06,0.9999965442435358
256,128.42809364548495,0.9400000000000001,0.26,0.5497930448432667,0.4502069551567333,3.411649152123156e-06,0.9999965883490148
257,128.9297658862876,0.9400000000000001,0.26,0.5497759573923678,0.45022404260763227,3.3681157853308544e-06,0.9999966318822472
258,129.4314381270903,0.9400000000000001,0.26,0.5497598437337413,0.45024015626625885,3.325146581707672e-06,0.9999966748513066
259,129.93311036789297,0.9400000000000001,0.26,0.5497446484985422,0.45025535150145785,3.2827336360176343e-06,0.9999967172640973
260,130.43478260869566,0.9400000000000001,0.26,0.5497303194901846,0.45026968050981564,3.2408691956799357e-06,0.9999967591283715
261,130.93645484949832,0.9400000000000001,0.26,0.549716807276328,0.4502831927236722,3.19954564456573e-06,0.9999968004517442
262,131.438127090301,0.9400000000000001,0.26,0.5497040652346017,0.45029593476539853,3.1587555075365333e-06,0.9999968412416896
263,131.93979933110367,0.9400000000000001,0.26,0.5496920495469094,0.4503079504530908,3.1184914526322082e-06,0.999996881505539
264,132.44147157190636,0.9400000000000001,0.26,0.5496807189683295,0.4503192810316707,3.0787462829549147e-06,0.999996921250488
265,132.94314381270902,0.9400000000000001,0.26,0.5496700346769666,0.45032996532303354,3.0395129321466695e-06,0.999996960483602
266,133.44481605351172,0.9400000000000001,0.26,0.5496599597995155,0.4503400402004846,3.0007844427774223e-06,0.999996999211837
267,133.94648829431438,0.9400000000000001,0.26,0.5496504595567374,0.4503495404432628,2.962553977401522e-06,0.9999970374420295
268,134.44816053511707,0.9400000000000001,0.26,0.5496415011744061,0.4503584988255941,2.9248148172548203e-06,0.9999970751808968
269,134.94983277591973,0.9400000000000001,0.26,0.5496330536531242,0.45036694634687596,2.887560353514442e-06,0.9999971124350461
270,135.45150501672242,0.9400000000000001,0.26,0.5496250876746132,0.45037491232538707,2.8507840842600693e-06,0.9999971492109778
271,135.95317725752508,0.9400000000000001,0.26,0.5496175760736531,0.4503824239263471,2.8144796256427095e-06,0.9999971855150742
272,136.45484949832775,0.9400000000000001,0.26,0.5496104930611716,0.4503895069388287,2.778640691685937e-06,0.9999972213536193
273,136.95652173913044,0.9400000000000001,0.26,0.5496038141227698,0.4503961858772304,2.7432610910521896e-06,0.9999972567328026
274,137.4581939799331,0.9400000000000001,0.26,0.5495975160029801,0.4504024839970201,2.7083347259623633e-06,0.9999972916587196
275,137.9598662207358,0.9400000000000001,0.26,0.5495915767040706,0.4504084232959296,2.673855591832174e-06,0.999997326137373
276,138.46153846153845,0.9400000000000001,0.26,0.5495859761808591,0.45041402381914103,2.6398177963685185e-06,0.9999973601746522
277,138.96321070234114,0.9400000000000001,0.26,0.549580695237611,0.4504193047623891,2.606215528397212e-06,0.9999973937763662
278,139.4648829431438,0.9400000000000001,0.26,0.5495757156091969,0.45042428439080323,2.573043059801929e-06,0.99999742694824
279,139.9665551839465,0.9400000000000001,0.26,0.5495710199711615,0.45042898002883863,2.5402947454754853e-06,0.999997459695916
280,140.46822742474916,0.9400000000000001,0.26,0.54956659197548,0.4504334080245202,2.507965024134507e-06,0.9999974920249523
281,140.96989966555185,0.9400000000000001,0.26,0.5495624166711586,0.45043758332884165,2.476048430325481e-06,0.9999975239408105
282,141.4715719063545,0.9400000000000001,0.26,0.5495584796951076,0.45044152030489254,2.444539570669885e-06,0.9999975554488807
283,141.9732441471572,0.9400000000000001,0.26,0.5495547673953728,0.45044523260462743,2.4134331272226156e-06,0.9999975865544768
284,142.47491638795987,0.9400000000000001,0.26,0.5495512668042983,0.4504487331957019,2.382723856466435e-06,0.999997617262838
285,142.97658862876253,0.9400000000000001,0.26,0.5495479657294281,0.4504520342705722,2.3524065911506664e-06,0.9999976475791271
286,143.47826086956522,0.9400000000000001,0.26,0.5495448530611292,0.45045514693887106,2.3224762476629538e-06,0.9999976775084226
287,143.97993311036788,0.9400000000000001,0.26,0.5495419180689765,0.45045808193102377,2.2929278075836348e-06,0.9999977070557379
288,144.48160535117057,0.9400000000000001,0.26,0.5495391505657585,0.4504608494342417,2.263756321390856e-06,0.9999977362260166
289,144.98327759197323,0.9400000000000001,0.26,0.5495365408760863,0.45046345912391395,2.234956907177127e-06,0.9999977650241348
290,145.48494983277592,0.9400000000000001,0.26,0.5495340799814727,0.4504659200185274,2.206524753870539e-06,0.999997793454897
291,145.9866220735786,0.9400000000000001,0.26,0.5495317596647755,0.45046824033522465,2.1784551244397323e-06,0.9999978215230332
292,146.48829431438128,0.9400000000000001,0.26,0.5495295719099157,0.4504704280900845,2.1507433400883664e-06,0.9999978492332146
293,146.98996655518394,0.9400000000000001,0.26,0.5495275090937438,0.45047249090625635,2.1233847846706635e-06,0.9999978765900492
294,147.49163879598663,0.9400000000000001,0.26,0.5495255639506681,0.45047443604933207,2.0963749033062546e-06,0.9999979035980837
295,147.9933110367893,0.9400000000000001,0.26,0.5495237295287855,0.4504762704712147,2.069709200778146e-06,0.999997930261804
296,148.49498327759198,0.9400000000000001,0.26,0.5495219994704934,0.45047800052950676,2.043383248104452e-06,0.9999979565856291
297,148.99665551839465,0.9400000000000001,0.26,0.5495203681869373,0.45047963181306283,2.017392686435825e-06,0.9999979825739069
298,149.49832775919734,0.9400000000000001,0.26,0.549518830057002,0.4504811699429982,1.991733206380774e-06,0.9999980082309353
299,150.0,0.9400000000000001,0.26,0.5495173797426959,0.45048262025730434,1.9664005554533485e-06,0.9999980335609546
