,time,beta,alpha,sigma_D,sigma_C,S_c,S_d,I_c,I_d,R0
0,0.0,0.5,0.2,0.5,0.875,0.7497,0.2499,0.0003,0.0001,0.1479839968076628
1,0.200133422281521,0.5,0.2,0.5,0.875,0.7421207750357072,0.2574830538016978,0.00029710010985632614,9.907105273864232e-05,0.1479839968076628
2,0.400266844563042,0.5,0.2,0.5,0.875,0.7343928637632253,0.26521469789293184,0.0002942161175928396,9.822222625004375e-05,0.1479839968076628
3,0.600400266844563,0.5,0.2,0.5,0.875,0.7265182776753832,0.27309291900668453,0.0002913499558870625,9.745336204524155e-05,0.1479839968076628
4,0.800533689126084,0.5,0.2,0.5,0.875,0.7184992854667682,0.2811154467073787,0.00028850340368913037,9.676442216403947e-05,0.1479839968076628
5,1.0006671114076051,0.5,0.2,0.5,0.875,0.7103384840572013,0.2892796822842254,0.0002856781799024325,9.615547867103e-05,0.1479839968076628
6,1.200800533689126,0.5,0.2,0.5,0.875,0.7020387998939196,0.2975826974558173,0.0002828759275390331,9.56267227242443e-05,0.1479839968076628
7,1.400933955970647,0.5,0.2,0.5,0.875,0.6936034851613867,0.306021238153169,0.0002800982191397951,9.517846630460741e-05,0.1479839968076628
8,1.601067378252168,0.5,0.2,0.5,0.875,0.6850361351279619,0.3145917071646466,0.0002773465560079539,9.481115138385615e-05,0.1479839968076628
9,1.801200800533689,0.5,0.2,0.5,0.875,0.6763406508778924,0.3232902013983953,0.00027462238165656104,9.452534205599714e-05,0.1479839968076628
10,2.0013342228152102,0.5,0.2,0.5,0.875,0.6675212665733882,0.3321124846100757,0.000271927076660312,9.432173987605687e-05,0.1479839968076628
11,2.201467645096731,0.5,0.2,0.5,0.875,0.6585825396913562,0.34105399715936274,0.00026926196334782894,9.420118593359032e-05,0.1479839968076628
12,2.401601067378252,0.5,0.2,0.5,0.875,0.6495293445387392,0.35010986248274945,0.0002666283101807438,9.416466833085439e-05,0.1479839968076628
13,2.601734489659773,0.5,0.2,0.5,0.875,0.6403668614297603,0.35927489790241063,0.0002640273360615724,9.421333176777103e-05,0.1479839968076628
14,2.801867911941294,0.5,0.2,0.5,0.875,0.6311005878763201,0.368543603451983,0.0002614602050607902,9.434846663636022e-05,0.1479839968076628
15,3.002001334222815,0.5,0.2,0.5,0.875,0.6217363028889776,0.37791019753285127,0.0002589280391855885,9.457153898573808e-05,0.1479839968076628
16,3.202134756504336,0.5,0.2,0.5,0.875,0.6122800638687393,0.38736862001833944,0.00025643191962667044,9.488419329475677e-05,0.1479839968076628
17,3.402268178785857,0.5,0.2,0.5,0.875,0.6027382218003974,0.3969125170819188,0.0002539728798198335,9.5288237864108e-05,0.1479839968076628
18,3.602401601067378,0.5,0.2,0.5,0.875,0.5931173476318222,0.4065353147478307,0.00025155192369278006,9.578569665446669e-05,0.1479839968076628
19,3.802535023348899,0.5,0.2,0.5,0.875,0.5834242660859973,0.4162301851117515,0.000249170016947662,9.637878530377304e-05,0.1479839968076628
20,4.0026684456304205,0.5,0.2,0.5,0.875,0.5736660105897942,0.42599009137766697,0.0002468280940221687,9.706993851692809e-05,0.1479839968076628
21,4.202801867911941,0.5,0.2,0.5,0.875,0.56384983201695,0.43580777912081015,0.00024452705684817496,9.786180539186089e-05,0.1479839968076628
22,4.402935290193462,0.5,0.2,0.5,0.875,0.5539831399767351,0.445675834955026,0.0002422677828713936,9.875728536769962e-05,0.1479839968076628
23,4.603068712474983,0.5,0.2,0.5,0.875,0.5440735210933773,0.45558666826735605,0.0002400511219499308,9.975951731684137e-05,0.1479839968076628
24,4.803202134756504,0.5,0.2,0.5,0.875,0.5341286786238921,0.4655325715554357,0.000237877903514569,0.00010087191715771209,0.1479839968076628
25,5.003335557038025,0.5,0.2,0.5,0.875,0.5241564436786856,0.4755057092143624,0.0002357489347420909,0.0001020981722099548,0.1479839968076628
26,5.203468979319546,0.5,0.2,0.5,0.875,0.5141647197126133,0.4854981730037373,0.00023366500634101756,0.00010344227730847911,0.1479839968076628
27,5.403602401601067,0.5,0.2,0.5,0.875,0.5041614883567506,0.4955019762179294,0.0002316268914770935,0.00010490853384310207,0.1479839968076628
28,5.603735823882588,0.5,0.2,0.5,0.875,0.49415475108257717,0.5055091119757331,0.00022963535127633612,0.00010650159041360046,0.1479839968076628
29,5.803869246164109,0.5,0.2,0.5,0.875,0.4841525349296293,0.515511547495348,0.00022769113420900974,0.0001082264408138989,0.1479839968076628
30,6.00400266844563,0.5,0.2,0.5,0.875,0.4741628465490947,0.5255012700044345,0.00022579497947969763,0.00011008846699131281,0.1479839968076628
31,6.204136090727151,0.5,0.2,0.5,0.875,0.464193633345242,0.5354703255720142,0.00022394762120349172,0.00011209346154046588,0.1479839968076628
32,6.404269513008672,0.5,0.2,0.5,0.875,0.45425279860267875,0.5454108039724865,0.0002221497859704443,0.00011424763886439599,0.1479839968076628
33,6.604402935290193,0.5,0.2,0.5,0.875,0.44434815350909035,0.5553148866259967,0.00022040219734414994,0.00011655766756896781,0.1479839968076628
34,6.804536357571714,0.5,0.2,0.5,0.875,0.4344873912726056,0.5651748724412874,0.00021870557786862787,0.0001190307082385076,0.1479839968076628
35,7.004669779853235,0.5,0.2,0.5,0.875,0.42467806780367995,0.5749831971034375,0.00021706065042748266,0.00012167444245524826,0.1479839968076628
36,7.204803202134756,0.5,0.2,0.5,0.875,0.4149275762429966,0.5847324585155009,0.0002154681405952363,0.0001244971009074004,0.1479839968076628
37,7.404936624416277,0.5,0.2,0.5,0.875,0.40524313025703174,0.5944154334495813,0.00021392877833339202,0.00012750751505370597,0.1479839968076628
38,7.605070046697798,0.5,0.2,0.5,0.875,0.39563173686988795,0.6040251046931103,0.00021244329997492653,0.00013071513702688062,0.1479839968076628
39,7.805203468979319,0.5,0.2,0.5,0.875,0.3861001855253925,0.6135546719219962,0.000211012449721798,0.0001341301028896395,0.1479839968076628
40,8.005336891260841,0.5,0.2,0.5,0.875,0.37665502289484665,0.6229975768627909,0.0002096369816735086,0.00013776326068922178,0.1479839968076628
41,8.205470313542362,0.5,0.2,0.5,0.875,0.36730254164395904,0.6323475144638979,0.00020831766155894203,0.0001416262305844011,0.1479839968076628
42,8.405603735823883,0.5,0.2,0.5,0.875,0.35804876555717413,0.6415984477173045,0.00020705526846999953,0.00014573145705162145,0.1479839968076628
43,8.605737158105404,0.5,0.2,0.5,0.875,0.34889943095934384,0.6507446261912584,0.0002058505966653035,0.000150092252732691,0.1479839968076628
44,8.805870580386925,0.5,0.2,0.5,0.875,0.3398599828907506,0.6597805897756084,0.0002047044571808488,0.00015472287646037787,0.1479839968076628
45,9.006004002668446,0.5,0.2,0.5,0.875,0.33093556350128955,0.6687011802262499,0.0002036176794685238,0.00015963859299223431,0.1479839968076628
46,9.206137424949967,0.5,0.2,0.5,0.875,0.32213100326616506,0.677501549879158,0.0002025911132112514,0.00016485574146586087,0.1479839968076628
47,9.406270847231488,0.5,0.2,0.5,0.875,0.3134508104370364,0.6861771721296057,0.00020162563048002285,0.00017039180287814864,0.1479839968076628
48,9.606404269513009,0.5,0.2,0.5,0.875,0.30489917250073195,0.6947238398833462,0.00020072212695676156,0.00017626548896539914,0.1479839968076628
49,9.80653769179453,0.5,0.2,0.5,0.875,0.29647995028001395,0.7031376713685314,0.00019988152361993176,0.00018249682783494782,0.1479839968076628
50,10.00667111407605,0.5,0.2,0.5,0.875,0.28819667647547464,0.711415111501549,0.00019910476837635684,0.00018910725460027228,0.1479839968076628
51,10.206804536357572,0.5,0.2,0.5,0.875,0.2800525567654169,0.7195529306900476,0.00019839283778344836,0.0001961197067523624,0.1479839968076628
52,10.406937958639093,0.5,0.2,0.5,0.875,0.2720504700632743,0.7275482244564869,0.00019774673895016565,0.00020355874128874543,0.1479839968076628
53,10.607071380920614,0.5,0.2,0.5,0.875,0.26419297237905753,0.7353984094715262,0.00019716751104434198,0.00021145063837203234,0.1479839968076628
54,10.807204803202135,0.5,0.2,0.5,0.875,0.2564823007774068,0.74310121947037,0.00019665622702564974,0.000219823525197911,0.1479839968076628
55,11.007338225483656,0.5,0.2,0.5,0.875,0.2489203774985929,0.7506547009883549,0.00019621399548828337,0.00022870751756426182,0.1479839968076628
56,11.207471647765177,0.5,0.2,0.5,0.875,0.24150881857282055,0.758057204620782,0.00019584196229800223,0.0002381348440997417,0.1479839968076628
57,11.407605070046698,0.5,0.2,0.5,0.875,0.2342489394350496,0.7653073792414987,0.00019554131233628222,0.00024814001111564225,0.1479839968076628
58,11.607738492328219,0.5,0.2,0.5,0.875,0.22714176366125358,0.7724041631051819,0.00019531327124505763,0.00025875996231955906,0.1479839968076628
59,11.80787191460974,0.5,0.2,0.5,0.875,0.22018803365430478,0.7793467729962471,0.0001951591072162084,0.00027003424223197894,0.1479839968076628
60,12.00800533689126,0.5,0.2,0.5,0.875,0.2133882169585499,0.7861346976991103,0.00019508013292204792,0.0002820052094178061,0.1479839968076628
61,12.208138759172781,0.5,0.2,0.5,0.875,0.20674252093551757,0.7927676831515336,0.00019507770719176168,0.00029471820575712604,0.1479839968076628
62,12.408272181454302,0.5,0.2,0.5,0.875,0.2002509050179877,0.7992457199835983,0.00019515323683729838,0.000308221761576712,0.1479839968076628
63,12.608405603735823,0.5,0.2,0.5,0.875,0.19391308560616838,0.8055690383366362,0.00019530817858004305,0.00032256787861541307,0.1479839968076628
64,12.808539026017344,0.5,0.2,0.5,0.875,0.18772855007489433,0.8117380936259582,0.00019554404090015796,0.0003378122582473449,0.1479839968076628
65,13.008672448298865,0.5,0.2,0.5,0.875,0.18169657419984214,0.8177535488936194,0.00019586238587568426,0.00035401452066274354,0.1479839968076628
66,13.208805870580386,0.5,0.2,0.5,0.875,0.17581623049093661,0.8236162661518268,0.00019626483126345122,0.0003712385259732162,0.1479839968076628
67,13.408939292861907,0.5,0.2,0.5,0.875,0.17008639568648257,0.8293272985301391,0.00019675305274121852,0.00038955273063710283,0.1479839968076628
68,13.609072715143428,0.5,0.2,0.5,0.875,0.1645057719192321,0.834887868878904,0.00019732878557421116,0.00040903041628966626,0.1479839968076628
69,13.80920613742495,0.5,0.2,0.5,0.875,0.1590728968264066,0.8402993592836369,0.00019799382675635897,0.0004297500632000624,0.1479839968076628
70,14.00933955970647,0.5,0.2,0.5,0.875,0.15378614890021206,0.845563305236984,0.00019875003685357142,0.0004517958259503649,0.1479839968076628
71,14.209472981987991,0.5,0.2,0.5,0.875,0.14864376648744998,0.8506813763403367,0.0001995993422448865,0.00047525782996838626,0.1479839968076628
72,14.409606404269512,0.5,0.2,0.5,0.875,0.14364386003713364,0.8556553636348143,0.00020054373719724007,0.0005002325908549025,0.1479839968076628
73,14.609739826551033,0.5,0.2,0.5,0.875,0.13878441870092845,0.8604871724256767,0.00020158528623245983,0.0005268235871623441,0.1479839968076628
74,14.809873248832554,0.5,0.2,0.5,0.875,0.13406332313855374,0.8651788090175497,0.00020272612626961737,0.0005551417176269421,0.1479839968076628
75,15.010006671114075,0.5,0.2,0.5,0.875,0.1294783597313363,0.8697323660510333,0.00020396846872628726,0.0005853057489040583,0.1479839968076628
76,15.210140093395596,0.5,0.2,0.5,0.875,0.12502722867819085,0.8741500137568468,0.00020531460178737826,0.0006174429631750073,0.1479839968076628
77,15.410273515677117,0.5,0.2,0.5,0.875,0.12070755150843036,0.8784339917261045,0.0002067668925838968,0.0006516898728812964,0.1479839968076628
78,15.610406937958638,0.5,0.2,0.5,0.875,0.11651688547449356,0.8825865940525338,0.0002083277896225825,0.0006881926833500703,0.1479839968076628
79,15.810540360240159,0.5,0.2,0.5,0.875,0.11245273157513203,0.886610160552975,0.00020999982505834,0.0007271080468346273,0.1479839968076628
80,16.010673782521682,0.5,0.2,0.5,0.875,0.10851254075741297,0.8905070696088573,0.00021178561698250852,0.0007686040167473365,0.1479839968076628
81,16.210807204803203,0.5,0.2,0.5,0.875,0.1046937250154797,0.8942797264688065,0.00021368787183621046,0.0008128606438776748,0.1479839968076628
82,16.410940627084724,0.5,0.2,0.5,0.875,0.10099366538703881,0.8979305544018794,0.00021570938679677497,0.0008600708242851376,0.1479839968076628
83,16.611074049366245,0.5,0.2,0.5,0.875,0.09740971796838137,0.9014619874986027,0.00021785305206367296,0.0009104414809524329,0.1479839968076628
84,16.811207471647766,0.5,0.2,0.5,0.875,0.09393922166021026,0.9048764620582904,0.00022012185332174013,0.0009641944281777537,0.1479839968076628
85,17.011340893929287,0.5,0.2,0.5,0.875,0.09057950567338874,0.908176408199247,0.0002225188742405509,0.0010215672531239581,0.1479839968076628
86,17.211474316210808,0.5,0.2,0.5,0.875,0.087327895362316,0.9113642428170008,0.0002250472987880354,0.001082814521895466,0.1479839968076628
87,17.41160773849233,0.5,0.2,0.5,0.875,0.08418171678138373,0.9144423632572121,0.00022771041262759605,0.0011482095487768706,0.1479839968076628
88,17.61174116077385,0.5,0.2,0.5,0.875,0.08113830314373623,0.9174131401094182,0.00023051160630901244,0.0012180451405367615,0.1479839968076628
89,17.81187458305537,0.5,0.2,0.5,0.875,0.07819499964905968,0.9202789110175363,0.0002334543775467888,0.0012926349558573947,0.1479839968076628
90,18.01200800533689,0.5,0.2,0.5,0.875,0.07534916804827901,0.9230419744083316,0.00023654233339453899,0.001372315209995154,0.1479839968076628
91,18.212141427618413,0.5,0.2,0.5,0.875,0.07259819135729619,0.9257045826607091,0.00023977919246327242,0.0014574467895315892,0.1479839968076628
92,18.412274849899934,0.5,0.2,0.5,0.875,0.06993947676062524,0.9282689382909141,0.00024316878733743357,0.0015484161611233355,0.1479839968076628
93,18.612408272181455,0.5,0.2,0.5,0.875,0.06737045913742182,0.9307371884641001,0.000246715066832725,0.0016456373316454337,0.1479839968076628
94,18.812541694462976,0.5,0.2,0.5,0.875,0.06488860505257314,0.9331114185209732,0.00025042209640187973,0.0017495543300517916,0.1479839968076628
95,19.012675116744497,0.5,0.2,0.5,0.875,0.06249141567949006,0.9353936468731582,0.00025429405959671137,0.0018606433877551352,0.1479839968076628
96,19.212808539026017,0.5,0.2,0.5,0.875,0.06017642799436215,0.9375858223025404,0.0002583352617415482,0.0019794144413560043,0.1479839968076628
97,19.41294196130754,0.5,0.2,0.5,0.875,0.05794121729819731,0.9396898188422991,0.0002625501307331692,0.00210641372877069,0.1479839968076628
98,19.61307538358906,0.5,0.2,0.5,0.875,0.05578340098113295,0.941707428479009,0.00026694321715454506,0.0022422273227037585,0.1479839968076628
99,19.81320880587058,0.5,0.2,0.5,0.875,0.0537006388359992,0.9436403588196325,0.00027151919640319,0.0023874831479653714,0.1479839968076628
100,20.0133422281521,0.5,0.2,0.5,0.875,0.05169063385568344,0.9454902297131352,0.0002762828701585803,0.0025428535610230816,0.1479839968076628
101,20.213475650433622,0.5,0.2,0.5,0.875,0.04975113396755406,0.9472585681111642,0.0002812391663909831,0.0027090587548911386,0.1479839968076628
102,20.413609072715143,0.5,0.2,0.5,0.875,0.04787993511276023,0.9489468004654866,0.0002863931359595315,0.002886871285793872,0.1479839968076628
103,20.613742494996664,0.5,0.2,0.5,0.875,0.046074879564344674,0.9505562523128765,0.00029174995677691735,0.0030771181660020556,0.1479839968076628
104,20.813875917278185,0.5,0.2,0.5,0.875,0.04433385675782435,0.9520881435739491,0.0002973149329408783,0.0032806847352858898,0.1479839968076628
105,21.014009339559706,0.5,0.2,0.5,0.875,0.042654804660209,0.9535435825311731,0.00030309349165594354,0.0034985193169620654,0.1479839968076628
106,21.214142761841227,0.5,0.2,0.5,0.875,0.04103571126549722,0.9549235592065147,0.0003090911789423132,0.0037316383490459066,0.1479839968076628
107,21.41427618412275,0.5,0.2,0.5,0.875,0.03947461237078609,0.9562289447563438,0.0003153136630044112,0.0039811292098658685,0.1479839968076628
108,21.61440960640427,0.5,0.2,0.5,0.875,0.03796959218480289,0.9574604856450561,0.00032176673027406417,0.004248155439867109,0.1479839968076628
109,21.81454302868579,0.5,0.2,0.5,0.875,0.03651878495373436,0.9586187953557456,0.0003284562758924337,0.004533963414627915,0.1479839968076628
110,22.01467645096731,0.5,0.2,0.5,0.875,0.03512037400773598,0.9597043505812529,0.0003353883020582278,0.0048398871089531045,0.1479839968076628
111,22.214809873248832,0.5,0.2,0.5,0.875,0.033772590119601625,0.9607174883182759,0.00034256891767938356,0.005167352644443301,0.1479839968076628
112,22.414943295530353,0.5,0.2,0.5,0.875,0.03247371145256005,0.9616583995537447,0.00035000433139745495,0.005517884662298084,0.1479839968076628
113,22.615076717811874,0.5,0.2,0.5,0.875,0.031222065027017028,0.9625271193697743,0.000357700832859826,0.005893114770349085,0.1479839968076628
114,22.815210140093395,0.5,0.2,0.5,0.875,0.030016026387052034,0.9633235202716031,0.0003656647829163513,0.006294788558428783,0.1479839968076628
115,23.015343562374916,0.5,0.2,0.5,0.875,0.02885401642649287,0.9640473108448806,0.00037390261876440745,0.006724770109862393,0.1479839968076628
116,23.215476984656437,0.5,0.2,0.5,0.875,0.027734501646971273,0.9646980270406461,0.0003824208377169353,0.00718505047466603,0.1479839968076628
117,23.415610406937958,0.5,0.2,0.5,0.875,0.026655994383813122,0.9652750227953826,0.0003912259759167454,0.00767775684488793,0.1479839968076628
118,23.61574382921948,0.5,0.2,0.5,0.875,0.02561705296123781,0.9657774603586468,0.0004003245858002243,0.008205162094315595,0.1479839968076628
119,23.815877251501,0.5,0.2,0.5,0.875,0.02461627862847217,0.9662043075161144,0.0004097232404190402,0.008769690614994663,0.1479839968076628
120,24.01601067378252,0.5,0.2,0.5,0.875,0.023652315451577532,0.9665543276108686,0.0004194285094917753,0.009373928428062459,0.1479839968076628
121,24.216144096064042,0.5,0.2,0.5,0.875,0.02272385004168891,0.9668260697800832,0.00042944692870254336,0.010020633249525561,0.1479839968076628
122,24.416277518345563,0.5,0.2,0.5,0.875,0.021829612015541695,0.9670178573872366,0.0004397849537038387,0.010712745643518106,0.1479839968076628
123,24.616410940627084,0.5,0.2,0.5,0.875,0.020968370910467216,0.9671277827492577,0.00045044897270501847,0.011453397367570268,0.1479839968076628
124,24.816544362908605,0.5,0.2,0.5,0.875,0.02013893593466052,0.967153696071095,0.0004614452675822305,0.012245922726662408,0.1479839968076628
125,25.016677785190126,0.5,0.2,0.5,0.875,0.019340155386374597,0.9670931951989874,0.00047277997459257276,0.013093869440045713,0.1479839968076628
126,25.216811207471647,0.5,0.2,0.5,0.875,0.018570917021013555,0.9669436147764764,0.0004844590168267686,0.014001009185683495,0.1479839968076628
127,25.416944629753168,0.5,0.2,0.5,0.875,0.017830145494839286,0.9667020160468094,0.0004964881102844082,0.014971350348067115,0.1479839968076628
128,25.61707805203469,0.5,0.2,0.5,0.875,0.017116801874223875,0.9663651756095984,0.0005088727127892136,0.016009149803388682,0.1479839968076628
129,25.81721147431621,0.5,0.2,0.5,0.875,0.016429882938259338,0.965929574978942,0.0005216179723260277,0.01711892411047281,0.1479839968076628
130,26.01734489659773,0.5,0.2,0.5,0.875,0.015768421296089945,0.9653913950791977,0.0005347286356052664,0.0183054549891073,0.1479839968076628
131,26.21747831887925,0.5,0.2,0.5,0.875,0.01513148345821043,0.964746498801739,0.0005482090412955309,0.019573808698755215,0.1479839968076628
132,26.417611741160773,0.5,0.2,0.5,0.875,0.014518169161127486,0.9639904205503903,0.0005620630558900868,0.020929347232592217,0.1479839968076628
133,26.617745163442294,0.5,0.2,0.5,0.875,0.013927610656935003,0.9631183562852643,0.0005762940069650379,0.022377739050835795,0.1479839968076628
134,26.817878585723815,0.5,0.2,0.5,0.875,0.013358972544061055,0.9621251663793323,0.0005909045819441573,0.023924956494662662,0.1479839968076628
135,27.018012008005336,0.5,0.2,0.5,0.875,0.01281145062529822,0.9610053577399201,0.0006058967770759479,0.025577294857705907,0.1479839968076628
136,27.218145430286857,0.5,0.2,0.5,0.875,0.012284271176950929,0.9597530746702171,0.0006212718202168527,0.027341382332615224,0.1479839968076628
137,27.418278852568378,0.5,0.2,0.5,0.875,0.011776690129766107,0.9583620999877822,0.0006370300932747506,0.029224179789177067,0.1479839968076628
138,27.6184122748499,0.5,0.2,0.5,0.875,0.011287992373457647,0.9568258483261887,0.0006531710458066502,0.03123298825454717,0.1479839968076628
139,27.81854569713142,0.5,0.2,0.5,0.875,0.010817491164715386,0.9551373566270148,0.0006696931001134796,0.03337545910815645,0.1479839968076628
140,28.01867911941294,0.5,0.2,0.5,0.875,0.010364527472762262,0.9532892908786795,0.0006865935643947101,0.03565958808416371,0.1479839968076628
141,28.21881254169446,0.5,0.2,0.5,0.875,0.009928469510577374,0.9512739625558514,0.0007038685439701116,0.038093699389601395,0.1479839968076628
142,28.418945963975982,0.5,0.2,0.5,0.875,0.009508711969121186,0.9490833180501301,0.000721512836724414,0.040686457144024586,0.1479839968076628
143,28.619079386257503,0.5,0.2,0.5,0.875,0.009104675285832631,0.9467089569104475,0.0007395198426336653,0.04344684796108658,0.1479839968076628
144,28.819212808539024,0.5,0.2,0.5,0.875,0.0087158050127768,0.9441421442505878,0.0007578814629860708,0.046384169273649634,0.1479839968076628
145,29.019346230820545,0.5,0.2,0.5,0.875,0.008341571298786746,0.9413738250297864,0.0007765879988630073,0.04950801567256421,0.1479839968076628
146,29.219479653102066,0.5,0.2,0.5,0.875,0.007981468210981143,0.9383946668018949,0.00079562811538984,0.05282823687173455,0.1479839968076628
147,29.419613075383587,0.5,0.2,0.5,0.875,0.0076350131259746695,0.9351950767466395,0.000814988723945482,0.056354921403440755,0.1479839968076628
148,29.61974649766511,0.5,0.2,0.5,0.875,0.00730174607400629,0.9317652401858931,0.0008346549080593461,0.06009835883204173,0.1479839968076628
149,29.81987991994663,0.5,0.2,0.5,0.875,0.006981228975462583,0.9280951825621845,0.0008546098880541565,0.06406897857429923,0.1479839968076628
150,30.02001334222815,0.5,0.2,0.5,0.875,0.00667304509582086,0.9241748024510126,0.0008748349270116699,0.06827731752615532,0.1479839968076628
151,30.22014676450967,0.5,0.2,0.5,0.875,0.0063767982119409955,0.9199939464876505,0.0008953093455269035,0.07273394595488203,0.1479839968076628
152,30.420280186791192,0.5,0.2,0.5,0.875,0.006092111817126564,0.9155424843355162,0.000916010525784378,0.07744939332157329,0.1479839968076628
153,30.620413609072713,0.5,0.2,0.5,0.875,0.005818628466631227,0.9108103737979134,0.0009369138524358069,0.08243408388301995,0.1479839968076628
154,30.820547031354234,0.5,0.2,0.5,0.875,0.005556008758676375,0.9057877706524848,0.0009579928334926014,0.0876982277553465,0.1479839968076628
155,31.020680453635755,0.5,0.2,0.5,0.875,0.005303930531316182,0.900465120090718,0.0009792191158513916,0.09325173026211478,0.1479839968076628
156,31.220813875917276,0.5,0.2,0.5,0.875,0.005062087955321718,0.8948332631666774,0.0010005625600291895,0.09910408631797198,0.1479839968076628
157,31.420947298198797,0.5,0.2,0.5,0.875,0.004830190383056913,0.8888835685009508,0.0010219914616350608,0.10526424965435759,0.1479839968076628
158,31.621080720480318,0.5,0.2,0.5,0.875,0.004607961435937854,0.8826080536625723,0.0010434726188184255,0.11174051228267175,0.1479839968076628
159,31.82121414276184,0.5,0.2,0.5,0.875,0.004395137864112431,0.8759995229262947,0.0010649715699506776,0.11854036763964257,0.1479839968076628
160,32.021347565043364,0.5,0.2,0.5,0.875,0.004191468353560866,0.8690517119261812,0.0010864528775912582,0.12567036684266694,0.1479839968076628
161,32.22148098732488,0.5,0.2,0.5,0.875,0.003996712377185737,0.8617594469910569,0.0011078803280586487,0.13313596030369917,0.1479839968076628
162,32.421614409606406,0.5,0.2,0.5,0.875,0.0038106390253211265,0.8541187792659561,0.0011292172951232954,0.1409413644135998,0.1479839968076628
163,32.62174783188792,0.5,0.2,0.5,0.875,0.003633025728085578,0.8461271519861638,0.0011504270818472632,0.14908939520390374,0.1479839968076628
164,32.82188125416945,0.5,0.2,0.5,0.875,0.003463656952733118,0.8377835730574458,0.001171473287037945,0.15758129670278354,0.1479839968076628
165,33.022014676450965,0.5,0.2,0.5,0.875,0.003302323213552219,0.8290887184103611,0.0011923201992472168,0.16641663817683974,0.1479839968076628
166,33.22214809873249,0.5,0.2,0.5,0.875,0.0031488197708520213,0.8200450977280047,0.0012129332420634056,0.17559314925908015,0.1479839968076628
167,33.42228152101401,0.5,0.2,0.5,0.875,0.0030029455240637706,0.8106571820060604,0.0012332793910687292,0.18510659307880745,0.1479839968076628
168,33.62241494329553,0.5,0.2,0.5,0.875,0.0028645018815256023,0.8009315329229857,0.0012533276499411756,0.19495063754554776,0.1479839968076628
169,33.82254836557705,0.5,0.2,0.5,0.875,0.0027332919731390248,0.7908768700384241,0.0012730494476330748,0.20511678854080406,0.1479839968076628
170,34.02268178785857,0.5,0.2,0.5,0.875,0.0026091197581555544,0.7805041549430104,0.001292419091155589,0.21559430620767867,0.1479839968076628
171,34.22281521014009,0.5,0.2,0.5,0.875,0.0024917893199402196,0.7698266341344602,0.0013114141647403864,0.22637016238085944,0.1479839968076628
172,34.422948632421615,0.5,0.2,0.5,0.875,0.0023811043269447033,0.758859851374879,0.0013300159110299836,0.23742902838714647,0.1479839968076628
173,34.62308205470313,0.5,0.2,0.5,0.875,0.002276867599367577,0.7476216352500126,0.0013482095799914723,0.2487532875706286,0.1479839968076628
174,34.82321547698466,0.5,0.2,0.5,0.875,0.0021788809370366087,0.7361320312669494,0.0013659846918947542,0.2603231031041195,0.1479839968076628
175,35.023348899266175,0.5,0.2,0.5,0.875,0.0020869449605812416,0.7244132298624669,0.0013833353235487489,0.2721164898534033,0.1479839968076628
176,35.2234823215477,0.5,0.2,0.5,0.875,0.002000859288340654,0.7124894168666955,0.001400260226811003,0.284109463618153,0.1479839968076628
177,35.42361574382922,0.5,0.2,0.5,0.875,0.001920422698414863,0.7003866289443385,0.0014167630133412126,0.2962761853439057,0.1479839968076628
178,35.62374916611074,0.5,0.2,0.5,0.875,0.0018454335163681978,0.6881325398681054,0.001432852148410305,0.30858917446711637,0.1479839968076628
179,35.82388258839226,0.5,0.2,0.5,0.875,0.001775690126980231,0.6757562352542207,0.0014485409894617765,0.32101953362933766,0.1479839968076628
180,36.02401601067378,0.5,0.2,0.5,0.875,0.0017109914785317303,0.6632879582279939,0.0014638476738058973,0.3335372026196688,0.1479839968076628
181,36.2241494329553,0.5,0.2,0.5,0.875,0.0016511379246282464,0.650758801458843,0.0014787950124772696,0.34611126560405164,0.1479839968076628
182,36.424282855236825,0.5,0.2,0.5,0.875,0.0015959316908505752,0.6382004439858908,0.0014934102939936327,0.3587102140292653,0.1479839968076628
183,36.62441627751834,0.5,0.2,0.5,0.875,0.0015451777963276527,0.6256448011664879,0.0015077250283078202,0.3713022960088769,0.1479839968076628
184,36.82454969979987,0.5,0.2,0.5,0.875,0.0014986848236672819,0.6131237022480269,0.0015217746767049712,0.3838558382516011,0.1479839968076628
185,37.024683122081385,0.5,0.2,0.5,0.875,0.001456265364115521,0.6006686290219614,0.001535598383087033,0.3963395072308364,0.1479839968076628
186,37.22481654436291,0.5,0.2,0.5,0.875,0.0014177369378257265,0.5883103565774777,0.0015492385866699885,0.40872266789802697,0.1479839968076628
187,37.42494996664443,0.5,0.2,0.5,0.875,0.0013829226664476327,0.5760786506917347,0.0015627406488604536,0.4209756859929575,0.1479839968076628
188,37.62508338892595,0.5,0.2,0.5,0.875,0.0013516517107613553,0.5640020166357974,0.001576152526652637,0.43307017912678886,0.1479839968076628
189,37.82521681120747,0.5,0.2,0.5,0.875,0.001323759736606804,0.552107449679999,0.0015895244102290187,0.44497926617316536,0.1479839968076628
190,38.02535023348899,0.5,0.2,0.5,0.875,0.0012990893724195527,0.5404202101059602,0.0016029083441215352,0.45667779217749893,0.1479839968076628
191,38.22548365577051,0.5,0.2,0.5,0.875,0.0012774905128737056,0.5289636322978692,0.0016163578672293611,0.4681425193220279,0.1479839968076628
192,38.425617078052035,0.5,0.2,0.5,0.875,0.0012588205235624348,0.5177589867292199,0.0016299276959506747,0.47935226505126716,0.1479839968076628
193,38.62575050033355,0.5,0.2,0.5,0.875,0.0012429443929077868,0.5068253562063831,0.001643673386542686,0.49028802601416666,0.1479839968076628
194,38.82588392261508,0.5,0.2,0.5,0.875,0.00122973478303213,0.4961795680900809,0.0016576510683258485,0.5009330460585614,0.1479839968076628
195,39.026017344896594,0.5,0.2,0.5,0.875,0.0012190720137742071,0.48583614823452004,0.0016719171559727078,0.5112728625957332,0.1479839968076628
196,39.22615076717812,0.5,0.2,0.5,0.875,0.0012108440050434027,0.4758073183304811,0.0016865281168339484,0.5212953095476417,0.1479839968076628
197,39.426284189459636,0.5,0.2,0.5,0.875,0.0012049461435567799,0.4661030163869373,0.0017015402553427464,0.5309904972141634,0.1479839968076628
198,39.62641761174116,0.5,0.2,0.5,0.875,0.0012012811132968734,0.4567309509788956,0.001717009532550589,0.540350758375257,0.1479839968076628
199,39.82655103402268,0.5,0.2,0.5,0.875,0.0011997585473305654,0.44769671432274727,0.0017329913787670521,0.5493705357511552,0.1479839968076628
200,40.0266844563042,0.5,0.2,0.5,0.875,0.0012002948550813267,0.4390038642849188,0.00174954057218986,0.5580463002878102,0.1479839968076628
201,40.22681787858572,0.5,0.2,0.5,0.875,0.0012028131583668512,0.4306539879193122,0.0017667111567439254,0.5663764877655771,0.1479839968076628
202,40.426951300867245,0.5,0.2,0.5,0.875,0.001207242808708433,0.4226468935642944,0.001784556338066452,0.5743613072889309,0.1479839968076628
203,40.62708472314876,0.5,0.2,0.5,0.875,0.0012135190334244114,0.41498075595831546,0.0018031283986504826,0.5820025966096098,0.1479839968076628
204,40.82721814543029,0.5,0.2,0.5,0.875,0.0012215826556852276,0.40765227986665714,0.001822478676527138,0.5893036588011307,0.1479839968076628
205,41.027351567711804,0.5,0.2,0.5,0.875,0.0012313799526005793,0.40065679024637124,0.0018426575158544602,0.596269172285174,0.1479839968076628
206,41.22748498999333,0.5,0.2,0.5,0.875,0.001242862244240274,0.3939884375291676,0.0018637142677193086,0.602904985958873,0.1479839968076628
207,41.427618412274846,0.5,0.2,0.5,0.875,0.0012559856277405555,0.38764032713782426,0.0018856972814948801,0.6092179899529405,0.1479839968076628
208,41.62775183455637,0.5,0.2,0.5,0.875,0.0012707106914772509,0.3816046831412268,0.0019086539295534593,0.6152159522377426,0.1479839968076628
209,41.82788525683789,0.5,0.2,0.5,0.875,0.001287002279636142,0.37587297442859574,0.001932630621887377,0.6209073926698809,0.1479839968076628
210,42.02801867911941,0.5,0.2,0.5,0.875,0.0013048292371065277,0.37043605514185635,0.001957672846753743,0.6263014427742836,0.1479839968076628
211,42.22815210140093,0.5,0.2,0.5,0.875,0.0013241641708609726,0.36528429020207265,0.001983825209423042,0.6314077204176435,0.1479839968076628
212,42.428285523682455,0.5,0.2,0.5,0.875,0.0013449832396148498,0.3604076647798683,0.0020111314755147493,0.6362362205050023,0.1479839968076628
213,42.62841894596397,0.5,0.2,0.5,0.875,0.0013672659437503408,0.3557958997239146,0.0020396346352716207,0.6407971996970635,0.1479839968076628
214,42.8285523682455,0.5,0.2,0.5,0.875,0.0013909949471396024,0.3514385393649473,0.002069376956113882,0.6451010887317993,0.1479839968076628
215,43.028685790527014,0.5,0.2,0.5,0.875,0.0014161558964149374,0.3473250453402674,0.002100400053557262,0.6491583987097604,0.1479839968076628
216,43.22881921280854,0.5,0.2,0.5,0.875,0.0014427372634516432,0.3434448673701602,0.0021327449448379455,0.6529796504215503,0.1479839968076628
217,43.428952635090056,0.5,0.2,0.5,0.875,0.0014707302012565903,0.3397875154421245,0.002166452135205253,0.6565753022214138,0.1479839968076628
218,43.62908605737158,0.5,0.2,0.5,0.875,0.0015001284041616428,0.3363426163671399,0.002201561670580016,0.6599556935581185,0.1479839968076628
219,43.8292194796531,0.5,0.2,0.5,0.875,0.0015309279915543207,0.3330999624888878,0.0022381132198452487,0.6631309962997126,0.1479839968076628
220,44.02935290193462,0.5,0.2,0.5,0.875,0.0015631273934610288,0.330049556805656,0.002276146145605531,0.6661111696552774,0.1479839968076628
221,44.22948632421614,0.5,0.2,0.5,0.875,0.001596727246645894,0.3271816494596891,0.0023156995727879296,0.6689059237208771,0.1479839968076628
222,44.429619746497664,0.5,0.2,0.5,0.875,0.001631730311301097,0.32448676073330296,0.0023568124691626807,0.6715246964862334,0.1479839968076628
223,44.62975316877918,0.5,0.2,0.5,0.875,0.0016681413730274218,0.3219557131324204,0.002399523707170315,0.6739766217873819,0.1479839968076628
224,44.829886591060706,0.5,0.2,0.5,0.875,0.0017059671816285263,0.31957963862852906,0.002443872144216676,0.6762705220456259,0.1479839968076628
225,45.030020013342224,0.5,0.2,0.5,0.875,0.0017452163716625477,0.317349999721777,0.002489896688043477,0.6784148872185171,0.1479839968076628
226,45.23015343562375,0.5,0.2,0.5,0.875,0.0017858994044233,0.31525859432337555,0.002537636367755156,0.6804178699044461,0.1479839968076628
227,45.430286857905266,0.5,0.2,0.5,0.875,0.0018280285146994816,0.3132975585187762,0.0025871304032383745,0.6822872825632861,0.1479839968076628
228,45.63042028018679,0.5,0.2,0.5,0.875,0.0018716176516308772,0.31145937595164075,0.002638418268169612,0.6840305881285589,0.1479839968076628
229,45.83055370246831,0.5,0.2,0.5,0.875,0.0019166824444418781,0.3097368663866729,0.002691539759468392,0.685654911409417,0.1479839968076628
230,46.03068712474983,0.5,0.2,0.5,0.875,0.0019632401496442655,0.3081231925229206,0.0027465350574803287,0.687167032269955,0.1479839968076628
231,46.23082054703135,0.5,0.2,0.5,0.875,0.00201130962233153,0.3066118472594465,0.002803444789980792,0.6885733983282413,0.1479839968076628
232,46.430953969312874,0.5,0.2,0.5,0.875,0.0020609112789846053,0.30519665043101374,0.0028623100915311285,0.6898801281984707,0.1479839968076628
233,46.63108739159439,0.5,0.2,0.5,0.875,0.002112067066705141,0.3038717413767428,0.002923172661618401,0.6910930188949339,0.1479839968076628
234,46.831220813875916,0.5,0.2,0.5,0.875,0.0021648004419023165,0.30263156466791796,0.0029860748223283643,0.6922175600678514,0.1479839968076628
235,47.03135423615743,0.5,0.2,0.5,0.875,0.0022191363425419835,0.30147086504385406,0.0030510595727171966,0.6932589390408869,0.1479839968076628
236,47.23148765843896,0.5,0.2,0.5,0.875,0.0022751011664554287,0.3003846774784708,0.003118170641341187,0.6942220507137327,0.1479839968076628
237,47.431621080720475,0.5,0.2,0.5,0.875,0.002332722751403802,0.2993683171619439,0.0031874525369885113,0.6951115075496639,0.1479839968076628
238,47.631754503002,0.5,0.2,0.5,0.875,0.0023920303652979077,0.29841735800818675,0.003258950601060009,0.6959316610254553,0.1479839968076628
239,47.83188792528352,0.5,0.2,0.5,0.875,0.0024530546822106457,0.29752763134155896,0.0033327110522479416,0.6966866029239824,0.1479839968076628
240,48.03202134756504,0.5,0.2,0.5,0.875,0.002515827770438904,0.29669521370892776,0.0034087810331847857,0.6973801774874486,0.1479839968076628
241,48.23215476984656,0.5,0.2,0.5,0.875,0.0025803830936528753,0.29591640828763266,0.0034872086590622916,0.6980159999596522,0.1479839968076628
242,48.432288192128084,0.5,0.2,0.5,0.875,0.0026467554895579976,0.2951877413658882,0.003568043057271994,0.6985974600872819,0.1479839968076628
243,48.6324216144096,0.5,0.2,0.5,0.875,0.0027149811672491806,0.29450594859922224,0.003651334408623099,0.6991277358249055,0.1479839968076628
244,48.832555036691126,0.5,0.2,0.5,0.875,0.0027850977043880694,0.2938679625665566,0.0037371339854197984,0.6996098057436355,0.1479839968076628
245,49.03268845897264,0.5,0.2,0.5,0.875,0.00285714404081176,0.2932709054440277,0.0038254941902537455,0.7000464563249068,0.1479839968076628
246,49.23282188125417,0.5,0.2,0.5,0.875,0.002931160471120145,0.2927120764851919,0.003916468595135598,0.7004402944485524,0.1479839968076628
247,49.432955303535685,0.5,0.2,0.5,0.875,0.0030071886405357855,0.29218894222085057,0.00401011197728644,0.7007937571613272,0.1479839968076628
248,49.63308872581721,0.5,0.2,0.5,0.875,0.0030852715440623946,0.2916991279897902,0.004106480351865225,0.7011091201142822,0.1479839968076628
249,49.83322214809873,0.5,0.2,0.5,0.875,0.0031654535329614522,0.29124040849002686,0.0042056310021472715,0.7013885069748643,0.1479839968076628
250,50.03335557038025,0.5,0.2,0.5,0.875,0.003247780311533174,0.2908106993685088,0.0043076225117960045,0.701633897808162,0.1479839968076628
251,50.23348899266177,0.5,0.2,0.5,0.875,0.003332298937550249,0.2904080490940861,0.004412514794696981,0.7018471371736666,0.1479839968076628
252,50.433622414943294,0.5,0.2,0.5,0.875,0.003419057822373017,0.29003063007142593,0.004520369123712149,0.7020299429824889,0.1479839968076628
253,50.63375583722481,0.5,0.2,0.5,0.875,0.0035081067359298587,0.2896767321144171,0.004631248156687644,0.7021839129929653,0.1479839968076628
254,50.833889259506336,0.5,0.2,0.5,0.875,0.003599496809256278,0.2893447550250089,0.004745215962742378,0.7023105322029924,0.1479839968076628
255,51.03402268178785,0.5,0.2,0.5,0.875,0.0036932805373590294,0.2890332014254065,0.004862338047798836,0.7024111799894356,0.1479839968076628
256,51.23415610406938,0.5,0.2,0.5,0.875,0.003789511783609478,0.2887406713825904,0.00498268137626918,0.7024871354575308,0.1479839968076628
257,51.4342895263509,0.5,0.2,0.5,0.875,0.0038882457836697786,0.28846585640757477,0.005106314393578735,0.7025395834151767,0.1479839968076628
258,51.63442294863242,0.5,0.2,0.5,0.875,0.003989539152658788,0.28820753207667177,0.005233307044771296,0.7025696217258982,0.1479839968076628
259,51.834556370913944,0.5,0.2,0.5,0.875,0.004093449889527389,0.28796455350192296,0.005363730794357227,0.7025782658141925,0.1479839968076628
260,52.03468979319546,0.5,0.2,0.5,0.875,0.0042000373814670595,0.2877358514719672,0.00549765864515845,0.7025664525014074,0.1479839968076628
261,52.234823215476986,0.5,0.2,0.5,0.875,0.004309362409975471,0.2875204271303482,0.005635165154206622,0.7025350453054698,0.1479839968076628
262,52.4349566377585,0.5,0.2,0.5,0.875,0.004421487153149974,0.2873173453400186,0.005776326447136497,0.7024848410596951,0.1479839968076628
263,52.63509006004003,0.5,0.2,0.5,0.875,0.004536475195267893,0.2871257329024568,0.005921220232823583,0.7024165716694518,0.1479839968076628
264,52.835223482321545,0.5,0.2,0.5,0.875,0.004654391532603282,0.2869447745054264,0.006069925815821405,0.7023309081461491,0.1479839968076628
265,53.03535690460307,0.5,0.2,0.5,0.875,0.004775302576056654,0.28677370817247166,0.0062225241059504065,0.7022284651455214,0.1479839968076628
266,53.23549032688459,0.5,0.2,0.5,0.875,0.004899276153394267,0.2866118209927757,0.006379097626224251,0.7021098052276059,0.1479839968076628
267,53.43562374916611,0.5,0.2,0.5,0.875,0.005026381521522032,0.2864584477520235,0.0065397305236904076,0.7019754402027641,0.1479839968076628
268,53.63575717144763,0.5,0.2,0.5,0.875,0.005156689369575707,0.2863129674429729,0.006704508574860145,0.7018258346125914,0.1479839968076628
269,53.835890593729154,0.5,0.2,0.5,0.875,0.00529027181431228,0.2861747988825968,0.006873519186106758,0.7016614101169844,0.1479839968076628
270,54.03602401601067,0.5,0.2,0.5,0.875,0.005427202408953564,0.2860433989924688,0.007046851398814846,0.701482547199763,0.1479839968076628
271,54.236157438292196,0.5,0.2,0.5,0.875,0.005567556150030999,0.2859182609960732,0.007224595892180967,0.701289586961715,0.1479839968076628
272,54.43629086057371,0.5,0.2,0.5,0.875,0.005711409476759191,0.2857989116061499,0.0074068449807686496,0.7010828339363224,0.1479839968076628
273,54.63642428285524,0.5,0.2,0.5,0.875,0.005858840263672203,0.28568490746021147,0.007593692606064212,0.7008625596700523,0.1479839968076628
274,54.836557705136755,0.5,0.2,0.5,0.875,0.006009927832122766,0.2855758347956358,0.007785234338526913,0.7006290030337148,0.1479839968076628
275,55.03669112741828,0.5,0.2,0.5,0.875,0.006164752948992952,0.28547130737829784,0.007981567370177838,0.7003823723025316,0.1479839968076628
276,55.2368245496998,0.5,0.2,0.5,0.875,0.00632339782029197,0.28537096399758205,0.008182790500207674,0.7001228476819186,0.1479839968076628
277,55.43695797198132,0.5,0.2,0.5,0.875,0.006485946086189579,0.28527446643431564,0.008389004120576605,0.6998505833589184,0.1479839968076628
278,55.63709139426284,0.5,0.2,0.5,0.875,0.006652482826622069,0.2851814991761062,0.008600310211118688,0.6995657077861532,0.1479839968076628
279,55.837224816544364,0.5,0.2,0.5,0.875,0.006823094554058727,0.2850917676148916,0.00881681232048137,0.6992683255105685,0.1479839968076628
280,56.03735823882588,0.5,0.2,0.5,0.875,0.006997869196521746,0.2850049956337722,0.009038615537473716,0.6989585196322325,0.1479839968076628
281,56.237491661107406,0.5,0.2,0.5,0.875,0.007176896097945806,0.284920925157538,0.00926582647654825,0.698636352267968,0.1479839968076628
282,56.43762508338892,0.5,0.2,0.5,0.875,0.007360266012098428,0.28483931529083734,0.009498553256235602,0.6983018654408288,0.1479839968076628
283,56.63775850567045,0.5,0.2,0.5,0.875,0.007548071088053,0.2847599409048506,0.009736905467902682,0.697955082539194,0.1479839968076628
284,56.837891927951965,0.5,0.2,0.5,0.875,0.007740404847917065,0.28468259084498093,0.009980994134062024,0.6975960101730402,0.1479839968076628
285,57.03802535023349,0.5,0.2,0.5,0.875,0.007937362185452306,0.28460706804585223,0.010230931689595813,0.6972246380790998,0.1479839968076628
286,57.23815877251501,0.5,0.2,0.5,0.875,0.008139039347902745,0.2845331884945787,0.010486831942681196,0.6968409402148376,0.1479839968076628
287,57.43829219479653,0.5,0.2,0.5,0.875,0.008345533909792155,0.28446077993193547,0.01074881002501467,0.6964448761332579,0.1479839968076628
288,57.63842561707805,0.5,0.2,0.5,0.875,0.008556944751210297,0.2843896810266072,0.011016982346399548,0.6960363918757831,0.1479839968076628
289,57.83855903935957,0.5,0.2,0.5,0.875,0.00877337204503486,0.28431974128803367,0.011291466559035944,0.6956154201078958,0.1479839968076628
290,58.03869246164109,0.5,0.2,0.5,0.875,0.00899491722845251,0.2842508202091921,0.011572381502121303,0.6951818810602342,0.1479839968076628
291,58.238825883922615,0.5,0.2,0.5,0.875,0.009221682962747453,0.284182786086093,0.011859847132088578,0.6947356838190711,0.1479839968076628
292,58.43895930620413,0.5,0.2,0.5,0.875,0.009453773113738765,0.28411551594938717,0.012153984475520954,0.6942767264613532,0.1479839968076628
293,58.63909272848566,0.5,0.2,0.5,0.875,0.009691292721075273,0.2840488951392806,0.012454915568205861,0.6938048965714384,0.1479839968076628
294,58.839226150767175,0.5,0.2,0.5,0.875,0.009934347958006575,0.2839828166422838,0.012762763381593819,0.693320072018116,0.1479839968076628
295,59.0393595730487,0.5,0.2,0.5,0.875,0.010183046082881324,0.28391718028216006,0.013077651737629866,0.6928221218973288,0.1479839968076628
296,59.23949299533022,0.5,0.2,0.5,0.875,0.010437495412526743,0.28385189284935414,0.01339970525081336,0.692310906487306,0.1479839968076628
297,59.43962641761174,0.5,0.2,0.5,0.875,0.010697805275055145,0.28378686761646965,0.01372904924314328,0.6917862778653321,0.1479839968076628
298,59.63975983989326,0.5,0.2,0.5,0.875,0.0109640859526309,0.2837220237148906,0.014065809646318194,0.6912480806861604,0.1479839968076628
299,59.83989326217478,0.5,0.2,0.5,0.875,0.011236448631724714,0.28365728584725985,0.01441011291198826,0.6906961526090273,0.1479839968076628
300,60.0400266844563,0.5,0.2,0.5,0.875,0.011515005357896119,0.2835925842480933,0.014762085926473248,0.6901303244675375,0.1479839968076628
301,60.240160106737825,0.5,0.2,0.5,0.875,0.011799868979155598,0.2835278542654301,0.015121855912259083,0.6895504208431554,0.1479839968076628
302,60.44029352901934,0.5,0.2,0.5,0.875,0.012091153049370916,0.28346303604664785,0.015489550272427119,0.6889562606315544,0.1479839968076628
303,60.64042695130087,0.5,0.2,0.5,0.875,0.012388971819570967,0.2833980741555216,0.015865296559678343,0.6883476574652293,0.1479839968076628
304,60.840560373582385,0.5,0.2,0.5,0.875,0.012693440128073104,0.2833329177813862,0.01624922229671713,0.6877244197938238,0.1479839968076628
305,61.04069379586391,0.5,0.2,0.5,0.875,0.013004673338601681,0.2832675202334104,0.016641454872007456,0.6870863515559806,0.1479839968076628
306,61.24082721814543,0.5,0.2,0.5,0.875,0.01332278725186851,0.2832018386333139,0.01704212139631683,0.686433252718501,0.1479839968076628
307,61.44096064042695,0.5,0.2,0.5,0.875,0.01364789805204793,0.28313583418032684,0.017451348600757016,0.6857649191668684,0.1479839968076628
308,61.64109406270847,0.5,0.2,0.5,0.875,0.01398012222112844,0.2830694718893523,0.01786926269662348,0.6850811431928959,0.1479839968076628
309,61.84122748498999,0.5,0.2,0.5,0.875,0.014319576449350786,0.2830027204209423,0.0182959892293355,0.6843817139003716,0.1479839968076628
310,62.04136090727151,0.5,0.2,0.5,0.875,0.014666377442201874,0.28293555154552236,0.018731652798737154,0.6836664182135388,0.1479839968076628
311,62.241494329553035,0.5,0.2,0.5,0.875,0.015020641956896891,0.2828679404301288,0.019176377075784557,0.6829350405371899,0.1479839968076628
312,62.44162775183455,0.5,0.2,0.5,0.875,0.015382486711182865,0.2827998654675314,0.019630284654335008,0.6821873631669509,0.1479839968076628
313,62.64176117411608,0.5,0.2,0.5,0.875,0.015752028283486083,0.2827313080764633,0.020093496891729214,0.6814231667483215,0.1479839968076628
314,62.841894596397594,0.5,0.2,0.5,0.875,0.016129382815576538,0.282662253080093,0.020566133477799953,0.6806422306265306,0.1479839968076628
315,63.04202801867912,0.5,0.2,0.5,0.875,0.016514665953681937,0.2825926885079237,0.021048312330227963,0.6798443332081665,0.1479839968076628
316,63.242161440960636,0.5,0.2,0.5,0.875,0.016907992950820343,0.2825226050078642,0.021540149710545305,0.6790292523307703,0.1479839968076628
317,63.44229486324216,0.5,0.2,0.5,0.875,0.01730947846784846,0.2824519959868084,0.022041759927794263,0.678196765617549,0.1479839968076628
318,63.64242828552368,0.5,0.2,0.5,0.875,0.017719236376160095,0.2823808577646549,0.022553255047591845,0.6773466508115934,0.1479839968076628
319,63.8425617078052,0.5,0.2,0.5,0.875,0.01813737936282303,0.2823091902403363,0.023074744337000946,0.67647868605984,0.1479839968076628
320,64.04269513008673,0.5,0.2,0.5,0.875,0.018564019251387887,0.28223699570307975,0.023606334666448833,0.6755926503790838,0.1479839968076628
321,64.24282855236824,0.5,0.2,0.5,0.875,0.018999266758042845,0.28216427910705133,0.024148130156550072,0.674688323978356,0.1479839968076628
322,64.44296197464976,0.5,0.2,0.5,0.875,0.019443231341288617,0.2820910480880499,0.024700231951946615,0.6737654886187151,0.1479839968076628
323,64.64309539693129,0.5,0.2,0.5,0.875,0.01989602073713176,0.2820173134993847,0.025262737611729067,0.6728239281517547,0.1479839968076628
324,64.84322881921281,0.5,0.2,0.5,0.875,0.020357741111228688,0.2819430888974723,0.025835741256033648,0.6718634287352656,0.1479839968076628
325,65.04336224149432,0.5,0.2,0.5,0.875,0.020828496981312946,0.28186839041849754,0.026419333431083034,0.6708837791691068,0.1479839968076628
326,65.24349566377585,0.5,0.2,0.5,0.875,0.0213083910096862,0.2817932368762741,0.027013600814968754,0.6698847712990712,0.1479839968076628
327,65.44362908605737,0.5,0.2,0.5,0.875,0.021797523689910205,0.28171765000992277,0.027618625810310528,0.6688662004898568,0.1479839968076628
328,65.6437625083389,0.5,0.2,0.5,0.875,0.022295993108466562,0.2816416546164725,0.028234486221945743,0.6678278660531155,0.1479839968076628
329,65.8438959306204,0.5,0.2,0.5,0.875,0.022803895118096367,0.2815652780515296,0.028861255401555222,0.6667695714288191,0.1479839968076628
330,66.04402935290193,0.5,0.2,0.5,0.875,0.023321323052142347,0.28148855043451204,0.02949900187168401,0.6656911246416619,0.1479839968076628
331,66.24416277518345,0.5,0.2,0.5,0.875,0.023848367512747017,0.2814115047097511,0.030147789047412357,0.6645923387300898,0.1479839968076628
332,66.44429619746498,0.5,0.2,0.5,0.875,0.024385115911703246,0.28133417696477186,0.030807674732756214,0.663473032390769,0.1479839968076628
333,66.64442961974649,0.5,0.2,0.5,0.875,0.024931652754438052,0.2812566059742843,0.03147871129460323,0.6623330299766748,0.1479839968076628
334,66.84456304202801,0.5,0.2,0.5,0.875,0.02548805937712837,0.28117883331397064,0.03216094533805378,0.6611721619708476,0.1479839968076628
335,67.04469646430954,0.5,0.2,0.5,0.875,0.02605441375327098,0.2811009034019054,0.03285441744508519,0.6599902653997388,0.1479839968076628
336,67.24482988659106,0.5,0.2,0.5,0.875,0.02663079033271711,0.28102286350526845,0.033559161943954,0.6587871842180608,0.1479839968076628
337,67.44496330887257,0.5,0.2,0.5,0.875,0.027217259470903952,0.2809447640623865,0.03427520644907037,0.6575627700176395,0.1479839968076628
338,67.6450967311541,0.5,0.2,0.5,0.875,0.0278138874841035,0.28086665852307663,0.03500257175150028,0.6563168822413199,0.1479839968076628
339,67.84523015343562,0.5,0.2,0.5,0.875,0.0284207367463353,0.28078860315692994,0.035741271732803455,0.6550493883639317,0.1479839968076628
340,68.04536357571715,0.5,0.2,0.5,0.875,0.02903786533933838,0.2807106572055016,0.036491313028542874,0.6537601644266174,0.1479839968076628
341,68.24549699799866,0.5,0.2,0.5,0.875,0.029665326881103612,0.2806328828971043,0.03725269479180475,0.6524490954299877,0.1479839968076628
342,68.44563042028018,0.5,0.2,0.5,0.875,0.03030317030576355,0.28055534543637195,0.038025408549062674,0.6511160757088023,0.1479839968076628
343,68.6457638425617,0.5,0.2,0.5,0.875,0.030951439565366574,0.2804781129533068,0.038809438204335994,0.649761009276991,0.1479839968076628
344,68.84589726484323,0.5,0.2,0.5,0.875,0.031610173675468686,0.2804012566306566,0.03960475939064293,0.6483838103032322,0.1479839968076628
345,69.04603068712474,0.5,0.2,0.5,0.875,0.0322794064658088,0.28032485067832524,0.04041133938132513,0.6469844034745412,0.1479839968076628
346,69.24616410940627,0.5,0.2,0.5,0.875,0.032959166394984814,0.2802489723409793,0.041229136879873396,0.645562724384163,0.1479839968076628
347,69.44629753168779,0.5,0.2,0.5,0.875,0.03364947638035892,0.2801737018977239,0.04205810182431241,0.6441187198976053,0.1479839968076628
348,69.64643095396931,0.5,0.2,0.5,0.875,0.034350353792780994,0.2800991223122409,0.042898176073350294,0.6426523478216283,0.1479839968076628
349,69.84656437625083,0.5,0.2,0.5,0.875,0.03506181013726378,0.28002531954894555,0.0437492924123902,0.6411635779014009,0.1479839968076628
350,70.04669779853235,0.5,0.2,0.5,0.875,0.03578385084143669,0.2799523826605721,0.04461137413614938,0.6396523923618423,0.1479839968076628
351,70.24683122081387,0.5,0.2,0.5,0.875,0.03651647513330978,0.279880403686353,0.04548433510908504,0.6381187860712527,0.1479839968076628
352,70.4469646430954,0.5,0.2,0.5,0.875,0.037259675870185194,0.27980947765380354,0.0463680795644597,0.636562766911552,0.1479839968076628
353,70.64709806537691,0.5,0.2,0.5,0.875,0.03801343961683587,0.27973970230605644,0.047262502627977945,0.6349843554491301,0.1479839968076628
354,70.84723148765843,0.5,0.2,0.5,0.875,0.038777746769699216,0.27967117777853295,0.04816749097517893,0.6333835844765894,0.1479839968076628
355,71.04736490993996,0.5,0.2,0.5,0.875,0.0395525706838116,0.27960400737362207,0.04908292058999413,0.6317605013525727,0.1479839968076628
356,71.24749833222148,0.5,0.2,0.5,0.875,0.04033787780792354,0.27953829722532675,0.050008657453886655,0.6301151675128634,0.1479839968076628
357,71.44763175450299,0.5,0.2,0.5,0.875,0.041133627541519904,0.2794741562701001,0.05094455742662372,0.6284476587617567,0.1479839968076628
358,71.64776517678452,0.5,0.2,0.5,0.875,0.04193977216230081,0.2794116961587882,0.05189046628941395,0.6267580653894974,0.1479839968076628
359,71.84789859906604,0.5,0.2,0.5,0.875,0.042756257660712955,0.27935103037552383,0.052846221957508724,0.6250464900062549,0.1479839968076628
360,72.04803202134757,0.5,0.2,0.5,0.875,0.04358302251454253,0.2792922751576589,0.053811651765887196,0.6233130505619118,0.1479839968076628
361,72.24816544362908,0.5,0.2,0.5,0.875,0.044419997605179104,0.27923554941751455,0.05478657248556545,0.6215578804917413,0.1479839968076628
362,72.4482988659106,0.5,0.2,0.5,0.875,0.045267106282556424,0.27918097453414104,0.055770790695507354,0.6197811284877955,0.1479839968076628
363,72.64843228819213,0.5,0.2,0.5,0.875,0.04612426423801379,0.2791286743130154,0.0567641026951247,0.6179829587538465,0.1479839968076628
364,72.84856571047365,0.5,0.2,0.5,0.875,0.046991380206847705,0.27907877436633416,0.057766296199611586,0.616163549227207,0.1479839968076628
365,73.04869913275516,0.5,0.2,0.5,0.875,0.0478683560497384,0.27903140192706216,0.0587771507006081,0.6143230913225918,0.1479839968076628
366,73.24883255503669,0.5,0.2,0.5,0.875,0.048755085265720303,0.27898668675829497,0.05979643445657274,0.6124617935194124,0.1479839968076628
367,73.44896597731821,0.5,0.2,0.5,0.875,0.04965145357325788,0.2789447606183827,0.060823905927090575,0.6105798798812693,0.1479839968076628
368,73.64909939959973,0.5,0.2,0.5,0.875,0.050557338825044595,0.2789057571913417,0.06185931377548817,0.608677590208126,0.1479839968076628
369,73.84923282188124,0.5,0.2,0.5,0.875,0.051472611184710915,0.27886981186673737,0.06290239739072023,0.6067551795578319,0.1479839968076628
370,74.04936624416277,0.5,0.2,0.5,0.875,0.05239713465574994,0.2788370607403342,0.06395289009299972,0.6048129145109166,0.1479839968076628
371,74.2494996664443,0.5,0.2,0.5,0.875,0.053330764872475324,0.27880764176879996,0.0650105149206912,0.602851078438034,0.1479839968076628
372,74.44963308872582,0.5,0.2,0.5,0.875,0.054273349494710854,0.2787816944239744,0.06607498558482464,0.6008699704964905,0.1479839968076628
373,74.64976651100733,0.5,0.2,0.5,0.875,0.055224728378584026,0.27875935947616076,0.06714600697924385,0.5988699051660118,0.1479839968076628
374,74.84989993328885,0.5,0.2,0.5,0.875,0.056184733864152514,0.2787407787459052,0.06822327587294737,0.5968512115169953,0.1479839968076628
375,75.05003335557038,0.5,0.2,0.5,0.875,0.05715319070287326,0.2787260950240855,0.06930648094205824,0.5948142333309834,0.1479839968076628
376,75.2501667778519,0.5,0.2,0.5,0.875,0.058129918241455095,0.27871545093753936,0.07039530693901666,0.5927593238819893,0.1479839968076628
377,75.45030020013341,0.5,0.2,0.5,0.875,0.05911472679158317,0.2787089905317709,0.07148942820119764,0.5906868544754488,0.1479839968076628
378,75.65043362241494,0.5,0.2,0.5,0.875,0.06010741925345886,0.278706858398426,0.07258851179273443,0.5885972105553811,0.1479839968076628
379,75.85056704469646,0.5,0.2,0.5,0.875,0.061107791099668275,0.27870919956902473,0.07369221763990043,0.5864907916914069,0.1479839968076628
380,76.05070046697799,0.5,0.2,0.5,0.875,0.062115630858159736,0.2787161592346486,0.07480019949085645,0.5843680104163356,0.1479839968076628
381,76.2508338892595,0.5,0.2,0.5,0.875,0.06313072168813602,0.27872788208591887,0.07591210767838914,0.5822292885475564,0.1479839968076628
382,76.45096731154102,0.5,0.2,0.5,0.875,0.06415283891661186,0.27874451305081904,0.07702758522741114,0.5800750628051584,0.1479839968076628
383,76.65110073382255,0.5,0.2,0.5,0.875,0.06518175095322414,0.2787661968612815,0.0781462695318146,0.5779057826536802,0.1479839968076628
384,76.85123415610407,0.5,0.2,0.5,0.875,0.06621721955551207,0.2787930778435607,0.07926779296267003,0.5757219096382575,0.1479839968076628
385,77.0513675783856,0.5,0.2,0.5,0.875,0.06725899997567344,0.27882529974847836,0.08039178328289884,0.5735239169929498,0.1479839968076628
386,77.2515010006671,0.5,0.2,0.5,0.875,0.06830684114260335,0.27886300558250804,0.08151786409970005,0.571312289175189,0.1479839968076628
387,77.45163442294863,0.5,0.2,0.5,0.875,0.06936048623800792,0.27890633758507744,0.08264565552560621,0.5690875206513089,0.1479839968076628
388,77.65176784523015,0.5,0.2,0.5,0.875,0.0704196725295856,0.2789554368913882,0.08377477450666905,0.5668501160723576,0.1479839968076628
389,77.85190126751168,0.5,0.2,0.5,0.875,0.07148413155228873,0.27901044332281644,0.08490483533736945,0.5646005897875258,0.1479839968076628
390,78.05203468979319,0.5,0.2,0.5,0.875,0.07255358945866017,0.27907149523236396,0.08603545027700012,0.5623394650319762,0.1479839968076628
391,78.25216811207471,0.5,0.2,0.5,0.875,0.07362776728541594,0.27913872930271705,0.08716623014711194,0.5600672732647555,0.1479839968076628
392,78.45230153435624,0.5,0.2,0.5,0.875,0.07470638123777258,0.27921228033803885,0.08829678495836168,0.5577845534658272,0.1479839968076628
393,78.65243495663776,0.5,0.2,0.5,0.875,0.07578914182691791,0.2792922818931965,0.08942672172315438,0.5554918545567316,0.1479839968076628
394,78.85256837891927,0.5,0.2,0.5,0.875,0.07687575384673281,0.27937886630157854,0.0905556443035577,0.5531897355481313,0.1479839968076628
395,79.0527018012008,0.5,0.2,0.5,0.875,0.0779659186344937,0.27947216305486416,0.09168315882208139,0.5508787594885611,0.1479839968076628
396,79.25283522348232,0.5,0.2,0.5,0.875,0.07905933335317068,0.27957229934709704,0.09280887178616572,0.548559495513567,0.1479839968076628
397,79.45296864576385,0.5,0.2,0.5,0.875,0.08015569125527844,0.2796793999142601,0.0939323905953987,0.5462325182350631,0.1479839968076628
398,79.65310206804536,0.5,0.2,0.5,0.875,0.08125468196347851,0.2797935868683033,0.09505332407570874,0.5438984070925098,0.1479839968076628
399,79.85323549032688,0.5,0.2,0.5,0.875,0.08235599149915443,0.2799149796545919,0.09617128248813483,0.5415577463581192,0.1479839968076628
400,80.0533689126084,0.5,0.2,0.5,0.875,0.08345930147372677,0.28004369541040347,0.09728587581441714,0.5392111273014529,0.1479839968076628
401,80.25350233488993,0.5,0.2,0.5,0.875,0.08456429100817829,0.2801798480330461,0.09839671761662105,0.536859143342155,0.1479839968076628
402,80.45363575717144,0.5,0.2,0.5,0.875,0.0856706365435247,0.28032354825235384,0.0995034245706834,0.5345023906334384,0.1479839968076628
403,80.65376917945296,0.5,0.2,0.5,0.875,0.08677801199669452,0.2804749035431841,0.10060561669726945,0.5321414677628523,0.1479839968076628
404,80.85390260173449,0.5,0.2,0.5,0.875,0.08788608903851318,0.2806340179838492,0.10170291783291852,0.5297769751447194,0.1479839968076628
405,81.05403602401601,0.5,0.2,0.5,0.875,0.08899453735472938,0.2808009921285473,0.10279495605488698,0.5274095144618367,0.1479839968076628
406,81.25416944629752,0.5,0.2,0.5,0.875,0.0901030241809675,0.2809759232932241,0.10388136254875373,0.5250396899770551,0.1479839968076628
407,81.45430286857905,0.5,0.2,0.5,0.875,0.09121121520777224,0.2811589050741336,0.10496177338515314,0.5226681063329414,0.1479839968076628
408,81.65443629086057,0.5,0.2,0.5,0.875,0.09231877504517336,0.28135002711896007,0.10603583034779512,0.5202953674880718,0.1479839968076628
409,81.8545697131421,0.5,0.2,0.5,0.875,0.09342536726487022,0.2815493751403052,0.10710318085133623,0.5179220767434888,0.1479839968076628
410,82.05470313542361,0.5,0.2,0.5,0.875,0.09453065467507103,0.2817570308025725,0.10816347834480598,0.515548836177551,0.1479839968076628
411,82.25483655770513,0.5,0.2,0.5,0.875,0.09563429959916035,0.28197307161114205,0.10921638271302006,0.5131762460766779,0.1479839968076628
412,82.45496997998666,0.5,0.2,0.5,0.875,0.09673596407706334,0.282197570987638,0.11026155964255402,0.5108049052927451,0.1479839968076628
413,82.65510340226818,0.5,0.2,0.5,0.875,0.09783531009836349,0.28243059828422173,0.11129868034140639,0.5084354112760089,0.1479839968076628
414,82.85523682454969,0.5,0.2,0.5,0.875,0.09893200006391285,0.2826722182911964,0.11232742411838872,0.5060683575265025,0.1479839968076628
415,83.05537024683122,0.5,0.2,0.5,0.875,0.10002569699162403,0.28292249133513253,0.11334747765317331,0.5037043340200705,0.1479839968076628
416,83.25550366911274,0.5,0.2,0.5,0.875,0.1011160648046259,0.28318147320135983,0.11435853526470974,0.501343926729305,0.1479839968076628
417,83.45563709139427,0.5,0.2,0.5,0.875,0.1022027686241352,0.2834492150567388,0.11536029918893059,0.49898771713019574,0.1479839968076628
418,83.65577051367578,0.5,0.2,0.5,0.875,0.10328547489285453,0.2837257633776288,0.11635247971360807,0.49663628201590904,0.1479839968076628
419,83.8559039359573,0.5,0.2,0.5,0.875,0.10436385071831275,0.2840111598889527,0.11733479469714078,0.4942901946955942,0.1479839968076628
420,84.05603735823883,0.5,0.2,0.5,0.875,0.10543756545213334,0.28430544148520687,0.11830697080874991,0.4919500222539103,0.1479839968076628
421,84.25617078052035,0.5,0.2,0.5,0.875,0.1065062906463189,0.28460864017071624,0.11926874349931246,0.4896163256836528,0.1479839968076628
422,84.45630420280186,0.5,0.2,0.5,0.875,0.10756970019165077,0.2849207830016863,0.12021985710183736,0.4872896597048261,0.1479839968076628
423,84.65643762508338,0.5,0.2,0.5,0.875,0.10862747057491783,0.285241892030664,0.12116006501253603,0.4849705723818826,0.1479839968076628
424,84.85657104736491,0.5,0.2,0.5,0.875,0.1096792811278267,0.2855719842564541,0.12208912985003093,0.48265960476568887,0.1479839968076628
425,85.05670446964643,0.5,0.2,0.5,0.875,0.11072481383407133,0.2859110716811663,0.12300682304679596,0.48035729143796696,0.1479839968076628
426,85.25683789192794,0.5,0.2,0.5,0.875,0.1117637538751188,0.28625916119751205,0.1239129253594267,0.478064159567943,0.1479839968076628
427,85.45697131420947,0.5,0.2,0.5,0.875,0.11279579005304045,0.28661625450844197,0.12480722721269438,0.47578072822582373,0.1479839968076628
428,85.657104736491,0.5,0.2,0.5,0.875,0.11382061485992324,0.2869823481331773,0.125689528587175,0.473507508419725,0.1479839968076628
429,85.85723815877252,0.5,0.2,0.5,0.875,0.11483792470389546,0.28735743338001385,0.12655963909270512,0.47124500282338616,0.1479839968076628
430,86.05737158105403,0.5,0.2,0.5,0.875,0.11584742013298192,0.28774149632285073,0.1274173780267934,0.4689937055173745,0.1479839968076628
431,86.25750500333555,0.5,0.2,0.5,0.875,0.1168488060813129,0.28813451767254544,0.12826257411831796,0.46675410212782426,0.1479839968076628
432,86.45763842561708,0.5,0.2,0.5,0.875,0.11784179208028908,0.28853647279797034,0.1290950656578835,0.4645266694638576,0.1479839968076628
433,86.6577718478986,0.5,0.2,0.5,0.875,0.11882609245664093,0.288947331799356,0.12991470074676997,0.4623118749972337,0.1479839968076628
434,86.85790527018011,0.5,0.2,0.5,0.875,0.11980142656138247,0.28936705943853186,0.1307213371267926,0.46011017687329364,0.1479839968076628
435,87.05803869246164,0.5,0.2,0.5,0.875,0.1207675189842688,0.2897956151276298,0.13151484214574688,0.45792202374235513,0.1479839968076628
436,87.25817211474316,0.5,0.2,0.5,0.875,0.12172409976614029,0.2902329529212557,0.1322950927071053,0.45574785460549927,0.1479839968076628
437,87.45830553702469,0.5,0.2,0.5,0.875,0.12267090415233681,0.2906790215509801,0.13306197557895236,0.45358809871773137,0.1479839968076628
438,87.6584389593062,0.5,0.2,0.5,0.875,0.12360767272716693,0.291133764430711,0.1338153873726425,0.4514431754694802,0.1479839968076628
439,87.85857238158772,0.5,0.2,0.5,0.875,0.12453415226603307,0.29159711960432555,0.1345552339148799,0.44931349421476213,0.1479839968076628
440,88.05870580386924,0.5,0.2,0.5,0.875,0.125450095559518,0.29206901978401756,0.13528143044619403,0.4471994542102711,0.1479839968076628
441,88.25883922615077,0.5,0.2,0.5,0.875,0.12635526157182617,0.2925493923635,0.13599390152747542,0.445101444537199,0.1479839968076628
442,88.45897264843228,0.5,0.2,0.5,0.875,0.1272494155949483,0.2930381594348609,0.13669258093253908,0.4430198440376524,0.1479839968076628
443,88.6591060707138,0.5,0.2,0.5,0.875,0.12813232938901428,0.293535237778261,0.1373774116738529,0.4409550211588725,0.1479839968076628
444,88.85923949299533,0.5,0.2,0.5,0.875,0.12900378131903822,0.29404053886029563,0.13804834599141716,0.4389073338292497,0.1479839968076628
445,89.05937291527685,0.5,0.2,0.5,0.875,0.12986355651395887,0.29455396893194785,0.138705344873255,0.4368771296808389,0.1479839968076628
446,89.25950633755836,0.5,0.2,0.5,0.875,0.13071144699072498,0.2950754290251647,0.1393483780613123,0.43486474592279867,0.1479839968076628
447,89.45963975983989,0.5,0.2,0.5,0.875,0.13154725178211105,0.29560481498385394,0.13997742389826956,0.43287050933576615,0.1479839968076628
448,89.65977318212141,0.5,0.2,0.5,0.875,0.13237077705965608,0.29614201749909075,0.14059246915864423,0.4308947362826096,0.1479839968076628
449,89.85990660440294,0.5,0.2,0.5,0.875,0.13318183623335056,0.29668692212184167,0.14119350905006842,0.42893773259474005,0.1479839968076628
450,90.06004002668445,0.5,0.2,0.5,0.875,0.13398025003225242,0.297239409259179,0.14178054734275736,0.42699979336581184,0.1479839968076628
451,90.26017344896597,0.5,0.2,0.5,0.875,0.13476584667318273,0.2977993543070452,0.14235359555153848,0.4250812034682343,0.1479839968076628
452,90.4603068712475,0.5,0.2,0.5,0.875,0.13553846193673977,0.2983666276613579,0.14291267298501498,0.42318223741688804,0.1479839968076628
453,90.66044029352902,0.5,0.2,0.5,0.875,0.13629793926025102,0.2989410947640422,0.14345780656145915,0.4213031594142483,0.1479839968076628
454,90.86057371581053,0.5,0.2,0.5,0.875,0.13704412982710773,0.2995226161546276,0.14398903059776272,0.4194442234205026,0.1479839968076628
455,91.06070713809206,0.5,0.2,0.5,0.875,0.13777689253355402,0.3001110475633888,0.14450638684307915,0.4176056730599787,0.1479839968076628
456,91.26084056037358,0.5,0.2,0.5,0.875,0.13849609370280422,0.3007062400886023,0.14500992503998167,0.41578774116861245,0.1479839968076628
457,91.4609739826551,0.5,0.2,0.5,0.875,0.13920160772347953,0.3013080400728378,0.1454997014549708,0.4139906507487125,0.1479839968076628
458,91.66110740493662,0.5,0.2,0.5,0.875,0.1398933169097239,0.3019162892353456,0.1459757790789876,0.41221461477594357,0.1479839968076628
459,91.86124082721814,0.5,0.2,0.5,0.875,0.14057111150936835,0.30253082475745524,0.14643822748448687,0.4104598362486902,0.1479839968076628
460,92.06137424949966,0.5,0.2,0.5,0.875,0.14123488973425669,0.30315147936217207,0.14688712261268166,0.4087265082908902,0.1479839968076628
461,92.26150767178119,0.5,0.2,0.5,0.875,0.1418845580787295,0.3037780812408543,0.14732254682166415,0.40701481385875266,0.1479839968076628
462,92.4616410940627,0.5,0.2,0.5,0.875,0.14252003026285545,0.3044104547644861,0.14774458814132463,0.4053249268313344,0.1479839968076628
463,92.66177451634422,0.5,0.2,0.5,0.875,0.14314122927538658,0.3050484194097733,0.14815334117790913,0.4036570101369316,0.1479839968076628
464,92.86190793862575,0.5,0.2,0.5,0.875,0.14374808551859006,0.3056917908908371,0.14854890561912418,0.40201121797144923,0.1479839968076628
465,93.06204136090727,0.5,0.2,0.5,0.875,0.14434053751607065,0.3063403808699724,0.14893138655798052,0.400387695055977,0.1479839968076628
466,93.26217478318878,0.5,0.2,0.5,0.875,0.14491853189191933,0.3069939970667557,0.14930089425311546,0.3987865767882101,0.1479839968076628
467,93.46230820547031,0.5,0.2,0.5,0.875,0.14548202334074933,0.3076524433720034,0.14965754395867817,0.3972079893285697,0.1479839968076628
468,93.66244162775183,0.5,0.2,0.5,0.875,0.14603097452732655,0.3083155199991984,0.15000145629165487,0.3956520491818209,0.1479839968076628
469,93.86257505003336,0.5,0.2,0.5,0.875,0.14656535615702124,0.308983023545008,0.1503327562952293,0.3941188640027422,0.1479839968076628
470,94.06270847231487,0.5,0.2,0.5,0.875,0.14708514694137625,0.3096547471056201,0.15065157330277082,0.39260853265023354,0.1479839968076628
471,94.26284189459639,0.5,0.2,0.5,0.875,0.14759033356219814,0.31033048039386474,0.15095804081310138,0.39112114523083646,0.1479839968076628
472,94.46297531687792,0.5,0.2,0.5,0.875,0.14808091063407963,0.3110100098574572,0.15125229629177636,0.38965678321668756,0.1479839968076628
473,94.66310873915944,0.5,0.2,0.5,0.875,0.148556880294246,0.3116931190031613,0.15153448154259558,0.3882155191599978,0.1479839968076628
474,94.86324216144095,0.5,0.2,0.5,0.875,0.14901825249379605,0.3123795883334014,0.1518047420059151,0.3867974171668882,0.1479839968076628
475,95.06337558372248,0.5,0.2,0.5,0.875,0.14946504505119748,0.31306919541423894,0.15206322642073236,0.38540253311383194,0.1479839968076628
476,95.263509006004,0.5,0.2,0.5,0.875,0.1498972835098964,0.3137617150515848,0.15231008678649383,0.38403091465202566,0.1479839968076628
477,95.46364242828552,0.5,0.2,0.5,0.875,0.15031500110076754,0.31445691940952103,0.1525454781630247,0.38268260132668735,0.1479839968076628
478,95.66377585056703,0.5,0.2,0.5,0.875,0.15071823812833854,0.31515457846343337,0.15276955873051548,0.3813576246777133,0.1479839968076628
479,95.86390927284856,0.5,0.2,0.5,0.875,0.15110704211221782,0.3158544600143396,0.15298248950867693,0.38005600836476633,0.1479839968076628
480,96.06404269513008,0.5,0.2,0.5,0.875,0.1514814682343093,0.3165563295255439,0.1531844339378901,0.3787777683022574,0.1479839968076628
481,96.26417611741161,0.5,0.2,0.5,0.875,0.1518415789883585,0.31725995042276833,0.15337555782035295,0.3775229127685209,0.1479839968076628
482,96.46430953969312,0.5,0.2,0.5,0.875,0.15218744412015872,0.3179650842253996,0.1535560291300489,0.37629144252439345,0.1479839968076628
483,96.66444296197464,0.5,0.2,0.5,0.875,0.1525191400608981,0.31867149096114405,0.15372601801876956,0.375083350959189,0.1479839968076628
484,96.86457638425617,0.5,0.2,0.5,0.875,0.15283674950403983,0.31937892950042673,0.1538856967666182,0.3738986242289159,0.1479839968076628
485,97.06470980653769,0.5,0.2,0.5,0.875,0.15314036243813484,0.32008715707671054,0.15403523916935624,0.3727372413157991,0.1479839968076628
486,97.2648432288192,0.5,0.2,0.5,0.875,0.15343007556976818,0.3207959297069667,0.1541748205484487,0.37159917417481714,0.1479839968076628
487,97.46497665110073,0.5,0.2,0.5,0.875,0.15370599222327005,0.32150500234556445,0.15430461757669642,0.37048438785446985,0.1479839968076628
488,97.66511007338225,0.5,0.2,0.5,0.875,0.15396822197742718,0.32221412917633957,0.15442480824722,0.36939284059901395,0.1479839968076628
489,97.86524349566378,0.5,0.2,0.5,0.875,0.15421687988435254,0.32292306412466465,0.15453557206800414,0.3683244839229794,0.1479839968076628
490,98.06537691794529,0.5,0.2,0.5,0.875,0.1544520875357243,0.3236315603968471,0.1546370892591904,0.36727926280823897,0.1479839968076628
491,98.26551034022681,0.5,0.2,0.5,0.875,0.15467397255182502,0.32433937084995046,0.15472954080177814,0.36625711579644715,0.1479839968076628
492,98.46564376250834,0.5,0.2,0.5,0.875,0.15488266841517334,0.3250462481801813,0.15481310830030628,0.3652579751043398,0.1479839968076628
493,98.66577718478986,0.5,0.2,0.5,0.875,0.15507831423870136,0.3257519451404432,0.154887973900585,0.36428176672027124,0.1479839968076628
494,98.86591060707137,0.5,0.2,0.5,0.875,0.15526105393746284,0.32645621504372585,0.15495432063445377,0.36332841038435837,0.1479839968076628
495,99.0660440293529,0.5,0.2,0.5,0.875,0.15543103700099167,0.3271588114994433,0.15501233161859557,0.36239781988097025,0.1479839968076628
496,99.26617745163442,0.5,0.2,0.5,0.875,0.1555884181770992,0.3278594886714234,0.155062190032678,0.3614899031188002,0.1479839968076628
497,99.46631087391594,0.5,0.2,0.5,0.875,0.15573335723725834,0.3285580014968004,0.15510407903908455,0.3606045622268575,0.1479839968076628
498,99.66644429619745,0.5,0.2,0.5,0.875,0.1558660187952279,0.3292541058747852,0.15513818167407467,0.359741693655913,0.1479839968076628
499,99.86657771847898,0.5,0.2,0.5,0.875,0.15598657151469097,0.3299475590745704,0.15516468132890873,0.3589011880818307,0.1479839968076628
500,100.0667111407605,0.5,0.2,0.5,0.875,0.156095188626836,0.33063811967341455,0.1551837609660988,0.3580829307336514,0.1479839968076628
501,100.26684456304203,0.5,0.2,0.5,0.875,0.15619204781078339,0.331325547723247,0.15519560295089274,0.35728680151507763,0.1479839968076628
502,100.46697798532354,0.5,0.2,0.5,0.875,0.15627733088007884,0.33200960498682763,0.1552003890700191,0.35651267506307516,0.1479839968076628
503,100.66711140760506,0.5,0.2,0.5,0.875,0.15635122362365997,0.33269005511850436,0.15519830040127366,0.3557604208565628,0.1479839968076628
504,100.86724482988659,0.5,0.2,0.5,0.875,0.15641391549814795,0.3333666638696366,0.15518951737156159,0.3550299032606546,0.1479839968076628
505,101.06737825216811,0.5,0.2,0.5,0.875,0.15646559882827413,0.33403919937562526,0.15517422043841342,0.35432098135768797,0.1479839968076628
506,101.26751167444962,0.5,0.2,0.5,0.875,0.15650646960877468,0.3347074321772413,0.1551525887415274,0.3536335094724573,0.1479839968076628
507,101.46764509673115,0.5,0.2,0.5,0.875,0.15653672706703559,0.3353711354475602,0.15512480032514805,0.3529673371602569,0.1479839968076628
508,101.66777851901267,0.5,0.2,0.5,0.875,0.1565565734166196,0.3360300851872254,0.15509103211848851,0.3523223092776672,0.1479839968076628
509,101.8679119412942,0.5,0.2,0.5,0.875,0.15656621368087517,0.3366840604080858,0.1550514598273188,0.35169826608372096,0.1479839968076628
510,102.0680453635757,0.5,0.2,0.5,0.875,0.15656585538176526,0.33733284320676293,0.15500625818285008,0.35109504322862245,0.1479839968076628
511,102.26817878585723,0.5,0.2,0.5,0.875,0.15655570823658307,0.3379762188446587,0.1549556011697112,0.3505124717490477,0.1479839968076628
512,102.46831220813876,0.5,0.2,0.5,0.875,0.156535984334334,0.33861397621968886,0.15489966098235258,0.34995037846362526,0.1479839968076628
513,102.66844563042028,0.5,0.2,0.5,0.875,0.15650689779958116,0.339245907919447,0.15483860834016008,0.3494085859408125,0.1479839968076628
514,102.8685790527018,0.5,0.2,0.5,0.875,0.15646866460411732,0.33987181039509307,0.15477261241068782,0.3488869125901025,0.1479839968076628
515,103.06871247498331,0.5,0.2,0.5,0.875,0.1564215023833714,0.34049148413706576,0.15470184072302962,0.34838517275653386,0.1479839968076628
516,103.26884589726484,0.5,0.2,0.5,0.875,0.156365630221868,0.34110473341954645,0.15462645969778976,0.3479031766607964,0.1479839968076628
517,103.46897931954636,0.5,0.2,0.5,0.875,0.15630126848491804,0.34171136668915875,0.15454663425592507,0.3474407305699988,0.1479839968076628
518,103.66911274182789,0.5,0.2,0.5,0.875,0.15622863865731176,0.34231119705124435,0.15446252728807236,0.34699763700337216,0.1479839968076628
519,103.8692461641094,0.5,0.2,0.5,0.875,0.15614796314405763,0.34290404222724696,0.1543742998800863,0.3465736947486098,0.1479839968076628
520,104.06937958639092,0.5,0.2,0.5,0.875,0.15605946508602625,0.343489724719798,0.15428211124160487,0.3461686989525716,0.1479839968076628
521,104.26951300867245,0.5,0.2,0.5,0.875,0.15596336818991852,0.34406807191960004,0.1541861186866191,0.34578244120386303,0.1479839968076628
522,104.46964643095397,0.5,0.2,0.5,0.875,0.15585989674159711,0.34463891546727565,0.15408647827974367,0.34541470951138425,0.1479839968076628
523,104.66977985323548,0.5,0.2,0.5,0.875,0.15574927520849946,0.3452020922848456,0.1539833439906469,0.3450652885160087,0.1479839968076628
524,104.869913275517,0.5,0.2,0.5,0.875,0.15563172806172726,0.3457574447146239,0.1538768676460181,0.3447339595776314,0.1479839968076628
525,105.07004669779853,0.5,0.2,0.5,0.875,0.15550747963913503,0.3463048204915284,0.15376719903038044,0.34442050083895676,0.1479839968076628
526,105.27018012008006,0.5,0.2,0.5,0.875,0.15537675396578204,0.3468440728886306,0.15365448583211222,0.34412468731347573,0.1479839968076628
527,105.47031354236157,0.5,0.2,0.5,0.875,0.15523977469250166,0.3473750606041264,0.1535388737290885,0.3438462909742841,0.1479839968076628
528,105.67044696464309,0.5,0.2,0.5,0.875,0.155096765347732,0.3478976469625242,0.15342050684461292,0.34358508084513156,0.1479839968076628
529,105.87058038692462,0.5,0.2,0.5,0.875,0.15494794847660964,0.3484117015518037,0.15329952688804052,0.3433408230835468,0.1479839968076628
530,106.07071380920614,0.5,0.2,0.5,0.875,0.15479354567570816,0.3489170998998556,0.1531760733540963,0.3431132810703406,0.1479839968076628
531,106.27084723148765,0.5,0.2,0.5,0.875,0.15463377746794063,0.3494137235008298,0.15305028353325945,0.3429022154979708,0.1479839968076628
532,106.47098065376917,0.5,0.2,0.5,0.875,0.1544688631352182,0.3499014599339628,0.1529222924722136,0.34270738445860605,0.1479839968076628
533,106.6711140760507,0.5,0.2,0.5,0.875,0.15429902084997882,0.3503802024064258,0.15279223317074464,0.3425285435728514,0.1479839968076628
534,106.87124749833222,0.5,0.2,0.5,0.875,0.15412446775527947,0.3508498493953007,0.15266023673794527,0.34236544611147524,0.1479839968076628
535,107.07138092061373,0.5,0.2,0.5,0.875,0.15394541912837673,0.3513103060558467,0.15252643182333137,0.34221784299244584,0.1479839968076628
536,107.27151434289526,0.5,0.2,0.5,0.875,0.15376208852471265,0.35176148374034105,0.15239094482359553,0.34208548291135144,0.1479839968076628
537,107.47164776517678,0.5,0.2,0.5,0.875,0.15357468763761856,0.35220330006478534,0.15225389986445337,0.3419681124331434,0.1479839968076628
538,107.67178118745831,0.5,0.2,0.5,0.875,0.15338342635071378,0.3526356786613742,0.15211541887024993,0.3418654761176627,0.1479839968076628
539,107.87191460973982,0.5,0.2,0.5,0.875,0.15318851281752263,0.35305854888632116,0.1519756216462531,0.3417773166499037,0.1479839968076628
540,108.07204803202134,0.5,0.2,0.5,0.875,0.15299015279590597,0.35347184674994203,0.15183462561358452,0.34170337484056806,0.1479839968076628
541,108.27218145430287,0.5,0.2,0.5,0.875,0.15278854973067948,0.3538755146195574,0.15169254589291215,0.34164338975685155,0.1479839968076628
542,108.47231487658439,0.5,0.2,0.5,0.875,0.15258390462983903,0.354269501260923,0.15154949529193437,0.34159709881730416,0.1479839968076628
543,108.6724482988659,0.5,0.2,0.5,0.875,0.15237641617572725,0.35465376148241284,0.1514055843942655,0.34156423794759505,0.1479839968076628
544,108.87258172114743,0.5,0.2,0.5,0.875,0.15216628095402868,0.3550282555801621,0.1512609216993032,0.34154454176650667,0.1479839968076628
545,109.07271514342895,0.5,0.2,0.5,0.875,0.1519536925917066,0.35539295062627463,0.1511156132900129,0.3415377434920065,0.1479839968076628
546,109.27284856571048,0.5,0.2,0.5,0.875,0.15173884193178794,0.35574782000553967,0.1509697629493395,0.3415435751133335,0.1479839968076628
547,109.47298198799199,0.5,0.2,0.5,0.875,0.15152191693786674,0.3560928434087206,0.15082347215967273,0.3415617674937406,0.1479839968076628
548,109.67311541027351,0.5,0.2,0.5,0.875,0.15130310280115117,0.35642800651631446,0.1506768401655062,0.3415920505170288,0.1479839968076628
549,109.87324883255503,0.5,0.2,0.5,0.875,0.15108258223974969,0.356753300386376,0.15052996409769007,0.34163415327618485,0.1479839968076628
550,110.07338225483656,0.5,0.2,0.5,0.875,0.15086053463444718,0.3570687226334687,0.15038293872489353,0.3416878040071912,0.1479839968076628
551,110.27351567711807,0.5,0.2,0.5,0.875,0.15063713621660602,0.3573742769879573,0.1502358565421696,0.3417527302532677,0.1479839968076628
552,110.4736490993996,0.5,0.2,0.5,0.875,0.1504125599992929,0.3576699732505816,0.15008880777724895,0.3418286589728772,0.1479839968076628
553,110.67378252168112,0.5,0.2,0.5,0.875,0.1501869758843084,0.3579558269878256,0.14994188044370044,0.34191531668416614,0.1479839968076628
554,110.87391594396264,0.5,0.2,0.5,0.875,0.1499605510327311,0.3582318588371301,0.14979516046581476,0.34201242966432466,0.1479839968076628
555,111.07404936624415,0.5,0.2,0.5,0.875,0.1497334489952892,0.35849809564828755,0.14964873146593777,0.342119723890486,0.1479839968076628
556,111.27418278852568,0.5,0.2,0.5,0.875,0.14950582991321565,0.3587545700398944,0.14950267484316826,0.34223692520372223,0.1479839968076628
557,111.4743162108072,0.5,0.2,0.5,0.875,0.1492778504776361,0.3590013203133154,0.14935706978633317,0.3423637594227159,0.1479839968076628
558,111.67444963308873,0.5,0.2,0.5,0.875,0.14904966406626513,0.3592383901187094,0.14921199332663887,0.3424999524883871,0.1479839968076628
559,111.87458305537024,0.5,0.2,0.5,0.875,0.14882142096276788,0.3594658280045318,0.14906752040936688,0.34264523062333396,0.1479839968076628
560,112.07471647765176,0.5,0.2,0.5,0.875,0.14859326788930335,0.3596836879351615,0.1489237238073407,0.342799320368195,0.1479839968076628
561,112.27484989993329,0.5,0.2,0.5,0.875,0.14836534788471725,0.35989202932130815,0.14878067411402338,0.3429619486799517,0.1479839968076628
562,112.47498332221481,0.5,0.2,0.5,0.875,0.14813780041344554,0.36009091672521376,0.14863843978976576,0.34313284307157543,0.1479839968076628
563,112.67511674449632,0.5,0.2,0.5,0.875,0.14791076147505816,0.3602804195851614,0.14849708720352872,0.34331173173625223,0.1479839968076628
564,112.87525016677785,0.5,0.2,0.5,0.875,0.14768436408260344,0.36046061146467623,0.14835668074926694,0.3434983437034539,0.1479839968076628
565,113.07538358905937,0.5,0.2,0.5,0.875,0.1474587373309934,0.36063157111650535,0.14821728267742115,0.3436924088750806,0.1479839968076628
566,113.2755170113409,0.5,0.2,0.5,0.875,0.147234006666946,0.36079338199914723,0.14807895316940295,0.34389365816450435,0.1479839968076628
567,113.4756504336224,0.5,0.2,0.5,0.875,0.14701029392475623,0.36094613209437754,0.14794175036485877,0.34410182361600794,0.1479839968076628
568,113.67578385590393,0.5,0.2,0.5,0.875,0.14678771731797596,0.36108991378105015,0.1478057303801344,0.34431663852084,0.1479839968076628
569,113.87591727818545,0.5,0.2,0.5,0.875,0.14656639143672953,0.3612248237011518,0.14767094732799244,0.34453783753412676,0.1479839968076628
570,114.07605070046698,0.5,0.2,0.5,0.875,0.14634642738931244,0.36135096249134235,0.1475374533453555,0.3447651567739903,0.1479839968076628
571,114.27618412274849,0.5,0.2,0.5,0.875,0.146127933151154,0.36146843432230513,0.14740529863215723,0.3449983338943842,0.1479839968076628
572,114.47631754503001,0.5,0.2,0.5,0.875,0.1459110129570295,0.36157734731027874,0.14727453144443026,0.3452371082882621,0.1479839968076628
573,114.67645096731154,0.5,0.2,0.5,0.875,0.14569576756267139,0.36167781313108743,0.1471451981308444,0.34548122117539737,0.1479839968076628
574,114.87658438959306,0.5,0.2,0.5,0.875,0.1454822943153547,0.36176994680623675,0.14701734316088985,0.3457304157175193,0.1479839968076628
575,115.07671781187457,0.5,0.2,0.5,0.875,0.145270687204609,0.361853866504586,0.14689100915306685,0.3459844371377387,0.1479839968076628
576,115.2768512341561,0.5,0.2,0.5,0.875,0.14506103691971295,0.3619296933352263,0.1467662369043839,0.3462430328406774,0.1479839968076628
577,115.47698465643762,0.5,0.2,0.5,0.875,0.1448534304916113,0.36199755181987636,0.14664306534157862,0.34650595234693427,0.1479839968076628
578,115.67711807871915,0.5,0.2,0.5,0.875,0.14464795058707475,0.3620575709342711,0.1465215314068409,0.34677294707181383,0.1479839968076628
579,115.87725150100066,0.5,0.2,0.5,0.875,0.14444467717355722,0.3621098812883235,0.14640167039028085,0.34704377114783896,0.1479839968076628
580,116.07738492328218,0.5,0.2,0.5,0.875,0.1442436869366535,0.3621546159710942,0.14628351583894614,0.34731818125330666,0.1479839968076628
581,116.2775183455637,0.5,0.2,0.5,0.875,0.14404505327325132,0.36219191045981997,0.14616709957434912,0.3475959366925801,0.1479839968076628
582,116.47765176784523,0.5,0.2,0.5,0.875,0.14384884633850134,0.3622219024434944,0.14605245172016545,0.3478767994978393,0.1479839968076628
583,116.67778519012674,0.5,0.2,0.5,0.875,0.14365513309657837,0.36224473164252946,0.14593960073067758,0.34816053453021506,0.1479839968076628
584,116.87791861240827,0.5,0.2,0.5,0.875,0.14346397714701062,0.3622605400247346,0.14582857335928603,0.3484469094689692,0.1479839968076628
585,117.07805203468979,0.5,0.2,0.5,0.875,0.14327543848038865,0.3622694721478731,0.145719394607982,0.3487356947637567,0.1479839968076628
586,117.27818545697131,0.5,0.2,0.5,0.875,0.14308957425440308,0.3622716737155816,0.14561208794782995,0.3490266640821858,0.1479839968076628
587,117.47831887925283,0.5,0.2,0.5,0.875,0.14290643853740348,0.3622672919466919,0.14550667526468378,0.3493195942512214,0.1479839968076628
588,117.67845230153435,0.5,0.2,0.5,0.875,0.14272608233982503,0.3622564754424429,0.1454031768811749,0.3496142653365577,0.1479839968076628
589,117.87858572381587,0.5,0.2,0.5,0.875,0.14254855366369845,0.3622393740247096,0.14530161158324534,0.34991046072834714,0.1479839968076628
590,118.0787191460974,0.5,0.2,0.5,0.875,0.14237389755455385,0.36221613857276175,0.14520199664705402,0.35020796722563097,0.1479839968076628
591,118.27885256837891,0.5,0.2,0.5,0.875,0.14220215607160014,0.362186921132334,0.1451043477924853,0.3505065750035811,0.1479839968076628
592,118.47898599066043,0.5,0.2,0.5,0.875,0.1420333682693631,0.3621518749937244,0.14500867914498083,0.3508060775919323,0.1479839968076628
593,118.67911941294196,0.5,0.2,0.5,0.875,0.14186757047371168,0.36211115381806414,0.14491500345382238,0.3511062722544024,0.1479839968076628
594,118.87925283522348,0.5,0.2,0.5,0.875,0.1417047962384311,0.3620649118096388,0.14482333202852998,0.35140695992340065,0.1479839968076628
595,119.07938625750499,0.5,0.2,0.5,0.875,0.14154507639876235,0.36201330357893413,0.14473367475857285,0.3517079452637312,0.1479839968076628
596,119.27951967978652,0.5,0.2,0.5,0.875,0.14138843912993226,0.36195648399575914,0.1446460401357317,0.3520090367385774,0.1479839968076628
597,119.47965310206804,0.5,0.2,0.5,0.875,0.14123491000762878,0.36189460804236273,0.14456043527644022,0.3523100466735688,0.1479839968076628
598,119.67978652434957,0.5,0.2,0.5,0.875,0.14108451187296575,0.3618278309687629,0.14447686603569934,0.3526107911225725,0.1479839968076628
599,119.87991994663108,0.5,0.2,0.5,0.875,0.14093726479388038,0.3617563083034483,0.1443953370771411,0.3529110898255307,0.1479839968076628
600,120.0800533689126,0.5,0.2,0.5,0.875,0.1407931865452647,0.36168019507308136,0.14431585170334976,0.3532107666783047,0.1479839968076628
601,120.28018679119413,0.5,0.2,0.5,0.875,0.14065229246273553,0.3615996459838706,0.14423841197761397,0.3535096495757804,0.1479839968076628
602,120.48032021347565,0.5,0.2,0.5,0.875,0.14051459549458342,0.36151481530258206,0.14416301875463147,0.35380757044820355,0.1479839968076628
603,120.68045363575716,0.5,0.2,0.5,0.875,0.14038010625791075,0.3614258567341076,0.14408967171015225,0.3541043652978299,0.1479839968076628
604,120.88058705803869,0.5,0.2,0.5,0.875,0.14024883309578787,0.3613329233004447,0.14401836937103102,0.35439987423273694,0.1479839968076628
605,121.08072048032021,0.5,0.2,0.5,0.875,0.14012078205822245,0.36123616743428644,0.1439491090582716,0.35469394144922,0.1479839968076628
606,121.28085390260173,0.5,0.2,0.5,0.875,0.1399959569458043,0.36113574090375766,0.14388188690029327,0.3549864152501453,0.1479839968076628
607,121.48098732488324,0.5,0.2,0.5,0.875,0.1398743594986341,0.36103179434017346,0.14381669800995608,0.3552771481512368,0.1479839968076628
608,121.68112074716477,0.5,0.2,0.5,0.875,0.1397559893856461,0.36092447732122995,0.1437535364348323,0.35556599685829215,0.1479839968076628
609,121.8812541694463,0.5,0.2,0.5,0.875,0.1396408442612437,0.36081393827253244,0.14369239518295143,0.3558528222832729,0.1479839968076628
610,122.08138759172782,0.5,0.2,0.5,0.875,0.13952891982301246,0.3607003243703726,0.14363326624902156,0.3561374895575939,0.1479839968076628
611,122.28152101400933,0.5,0.2,0.5,0.875,0.13942020987013048,0.3605837814468007,0.14357614064069668,0.3564198680423727,0.1479839968076628
612,122.48165443629085,0.5,0.2,0.5,0.875,0.13931470629823375,0.36046445404841215,0.14352100836224088,0.35669983129111377,0.1479839968076628
613,122.68178785857238,0.5,0.2,0.5,0.875,0.13921239916419512,0.3603424853342902,0.14346785844419016,0.3569772570573251,0.1479839968076628
614,122.8819212808539,0.5,0.2,0.5,0.875,0.13911327682915076,0.36021801679346194,0.14341667902454458,0.3572520273528433,0.1479839968076628
615,123.08205470313541,0.5,0.2,0.5,0.875,0.1390173259693817,0.3600911882777559,0.1433674573418147,0.35752402841104824,0.1479839968076628
616,123.28218812541694,0.5,0.2,0.5,0.875,0.13892453163430188,0.35996213792757065,0.14332017975892483,0.3577931506792032,0.1479839968076628
617,123.48232154769846,0.5,0.2,0.5,0.875,0.13883487730493052,0.35983100210044294,0.14327483178702072,0.3580592888076064,0.1479839968076628
618,123.68245496997999,0.5,0.2,0.5,0.875,0.13874834495266136,0.3596979153025855,0.14323139810922897,0.3583223416355246,0.1479839968076628
619,123.8825883922615,0.5,0.2,0.5,0.875,0.13866491486560117,0.35956301028824095,0.1431898626933727,0.3585822121527857,0.1479839968076628
620,124.08272181454302,0.5,0.2,0.5,0.875,0.13858456578213219,0.35942641794460484,0.14315020878725634,0.35883880748600716,0.1479839968076628
621,124.28285523682455,0.5,0.2,0.5,0.875,0.13850727517287392,0.3592882670748177,0.14311241885726148,0.35909203889504737,0.1479839968076628
622,124.48298865910607,0.5,0.2,0.5,0.875,0.13843301915043388,0.35914868444777953,0.14307647466935683,0.35934182173243023,0.1479839968076628
623,124.68312208138758,0.5,0.2,0.5,0.875,0.1383617725179391,0.3590077947528454,0.1430423573170975,0.35958807541211846,0.1479839968076628
624,124.8832555036691,0.5,0.2,0.5,0.875,0.1382935088172546,0.35886572055792376,0.14301004724980884,0.35983072337501326,0.1479839968076628
625,125.08338892595063,0.5,0.2,0.5,0.875,0.1382282003770846,0.35872258227077614,0.14297952430041563,0.36006969305172404,0.1479839968076628
626,125.28352234823215,0.5,0.2,0.5,0.875,0.1381658184018793,0.35857849806126735,0.1429507675998771,0.36030491593697667,0.1479839968076628
627,125.48365577051366,0.5,0.2,0.5,0.875,0.1381063329982907,0.3584335838511715,0.14292375566344565,0.3605363274870926,0.1479839968076628
628,125.68378919279519,0.5,0.2,0.5,0.875,0.1380497131935394,0.35828795331540886,0.14289846649858876,0.36076386699246343,0.1479839968076628
629,125.88392261507671,0.5,0.2,0.5,0.875,0.13799592700454064,0.3581417178339573,0.14287487757202427,0.36098747758947825,0.1479839968076628
630,126.08405603735824,0.5,0.2,0.5,0.875,0.13794494148631803,0.3579949864682282,0.14285296583328766,0.36120710621216656,0.1479839968076628
631,126.28418945963975,0.5,0.2,0.5,0.875,0.13789672278023002,0.3578478659407142,0.14283270773813703,0.3614227035409192,0.1479839968076628
632,126.48432288192127,0.5,0.2,0.5,0.875,0.13785123616105288,0.35770046061716054,0.1428140792716839,0.3616342239501031,0.1479839968076628
633,126.6844563042028,0.5,0.2,0.5,0.875,0.13780844600403605,0.3575528724293781,0.142797055962098,0.3618416256044883,0.1479839968076628
634,126.88458972648432,0.5,0.2,0.5,0.875,0.1377683158855746,0.3574052009062917,0.1427816129096738,0.36204487029846033,0.1479839968076628
635,127.08472314876583,0.5,0.2,0.5,0.875,0.1377308086700442,0.3572575431975541,0.14276772481415123,0.3622439233182509,0.1479839968076628
636,127.28485657104736,0.5,0.2,0.5,0.875,0.13769588651968484,0.35710999404021426,0.142755365992966,0.3624387534471353,0.1479839968076628
637,127.48498999332888,0.5,0.2,0.5,0.875,0.1376635109379048,0.356962645755023,0.14274451040323716,0.3626293329038354,0.1479839968076628
638,127.6851234156104,0.5,0.2,0.5,0.875,0.13763364281216783,0.35681558824583026,0.14273513166356497,0.3628156372784373,0.1479839968076628
639,127.88525683789192,0.5,0.2,0.5,0.875,0.13760624245327374,0.3566689090002461,0.1427272030771727,0.3629976454693078,0.1479839968076628
640,128.08539026017345,0.5,0.2,0.5,0.875,0.1375812694912096,0.3565226930113531,0.14272069772360188,0.36317533977383576,0.1479839968076628
641,128.28552368245496,0.5,0.2,0.5,0.875,0.13755868303139396,0.3563770228521282,0.14271558842485235,0.3633487056916259,0.1479839968076628
642,128.48565710473648,0.5,0.2,0.5,0.875,0.13753844174254404,0.35623197871397083,0.14271184774399973,0.36351773179948577,0.1479839968076628
643,128.685790527018,0.5,0.2,0.5,0.875,0.13752050383923958,0.3560876383881548,0.1427094480340404,0.3636824097385656,0.1479839968076628
644,128.88592394929952,0.5,0.2,0.5,0.875,0.137504827115758,0.3559440772800239,0.1427083614617013,0.36384273414251717,0.1479839968076628
645,129.08605737158106,0.5,0.2,0.5,0.875,0.13749136897909758,0.3558013684260538,0.14270856003125026,0.36399870256359873,0.1479839968076628
646,129.28619079386257,0.5,0.2,0.5,0.875,0.1374800865486393,0.35565958222303923,0.1427100156514282,0.36415031557689365,0.1479839968076628
647,129.48632421614408,0.5,0.2,0.5,0.875,0.1374709365166033,0.3555187875034741,0.14271269979127071,0.3642975761886523,0.1479839968076628
648,129.68645763842562,0.5,0.2,0.5,0.875,0.13746387558993045,0.35537904946711957,0.14271658403006315,0.3644404909128872,0.1479839968076628
649,129.88659106070713,0.5,0.2,0.5,0.875,0.13745886007038713,0.35524043166344893,0.14272163978085495,0.36457906848530935,0.1479839968076628
650,130.08672448298864,0.5,0.2,0.5,0.875,0.13745584606830155,0.3551029952993182,0.14272783837280903,0.36471332025957154,0.1479839968076628
651,130.28685790527018,0.5,0.2,0.5,0.875,0.1374547895338701,0.35496679927171537,0.14273515106712417,0.3648432601272906,0.1479839968076628
652,130.4869913275517,0.5,0.2,0.5,0.875,0.13745564628846413,0.35483190020050864,0.1427435490729579,0.3649689044380696,0.1479839968076628
653,130.68712474983323,0.5,0.2,0.5,0.875,0.1374583720519296,0.35469835245351733,0.14275300356528323,0.3650902719292702,0.1479839968076628
654,130.88725817211474,0.5,0.2,0.5,0.875,0.1374629223938431,0.3545662080258531,0.14276348573945924,0.3652073838408449,0.1479839968076628
655,131.08739159439625,0.5,0.2,0.5,0.875,0.1374692528421771,0.354435516720917,0.14277496678980567,0.3653202636471006,0.1479839968076628
656,131.2875250166778,0.5,0.2,0.5,0.875,0.13747731892185253,0.3543063261970348,0.14278741792202687,0.3654289369590862,0.1479839968076628
657,131.4876584389593,0.5,0.2,0.5,0.875,0.13748707616365274,0.3541786819572927,0.1428008103799457,0.3655334314991092,0.1479839968076628
658,131.6877918612408,0.5,0.2,0.5,0.875,0.1374984801335125,0.3540526273784199,0.1428151154624,0.3656337770256679,0.1479839968076628
659,131.88792528352235,0.5,0.2,0.5,0.875,0.13751148643645647,0.3539282037276521,0.1428303045479532,0.36573000528793853,0.1479839968076628
660,132.08805870580386,0.5,0.2,0.5,0.875,0.13752605064745635,0.35380545014494696,0.14284634914213076,0.36582215006546626,0.1479839968076628
661,132.2881921280854,0.5,0.2,0.5,0.875,0.13754212849251657,0.35368440374383386,0.14286322084752826,0.3659102469161216,0.1479839968076628
662,132.4883255503669,0.5,0.2,0.5,0.875,0.13755967583159573,0.35356509961831367,0.1428808913950001,0.3659943331550908,0.1479839968076628
663,132.68845897264842,0.5,0.2,0.5,0.875,0.13757864867512742,0.3534475708656873,0.14289933266449167,0.3660744477946939,0.1479839968076628
664,132.88859239492996,0.5,0.2,0.5,0.875,0.13759900321051363,0.353331848614113,0.14291851670279776,0.3661506314725759,0.1479839968076628
665,133.08872581721147,0.5,0.2,0.5,0.875,0.13762069580045824,0.35321796207496575,0.14293841566888274,0.36622292645569354,0.1479839968076628
666,133.28885923949298,0.5,0.2,0.5,0.875,0.13764368299651403,0.35310593858179706,0.14295900181833665,0.36629137660335254,0.1479839968076628
667,133.48899266177452,0.5,0.2,0.5,0.875,0.13766792162142147,0.35299580356870514,0.14298024766478773,0.36635602714508597,0.1479839968076628
668,133.68912608405603,0.5,0.2,0.5,0.875,0.137693368767951,0.3528875806222461,0.1430021259265323,0.3664169246832709,0.1479839968076628
669,133.88925950633757,0.5,0.2,0.5,0.875,0.13771998182380338,0.3527812915103943,0.14302460954019508,0.36647411712560757,0.1479839968076628
670,134.08939292861908,0.5,0.2,0.5,0.875,0.13774771849241543,0.35267695621470685,0.14304767167411686,0.36652765361876116,0.1479839968076628
671,134.2895263509006,0.5,0.2,0.5,0.875,0.13777653664171055,0.35257459309838457,0.14307128569861124,0.3665775845612939,0.1479839968076628
672,134.48965977318213,0.5,0.2,0.5,0.875,0.13780639446843385,0.35247421882507146,0.1430954252353329,0.3666239614711621,0.1479839968076628
673,134.68979319546364,0.5,0.2,0.5,0.875,0.1378372505778119,0.35237584834453406,0.14312006418541937,0.366666836892235,0.1479839968076628
674,134.88992661774515,0.5,0.2,0.5,0.875,0.1378690639458434,0.3522794949710437,0.14314517672821028,0.366706264354903,0.1479839968076628
675,135.09006004002669,0.5,0.2,0.5,0.875,0.1379017939398427,0.3521851704157484,0.14317073733456953,0.36674229830983973,0.1479839968076628
676,135.2901934623082,0.5,0.2,0.5,0.875,0.1379354003149034,0.35209288483119283,0.14319672076710036,0.36677499408680375,0.1479839968076628
677,135.49032688458973,0.5,0.2,0.5,0.875,0.13796984309174884,0.35200264691567795,0.14322310201579885,0.3668044079767747,0.1479839968076628
678,135.69046030687124,0.5,0.2,0.5,0.875,0.13800508277123266,0.3519144638477824,0.1432498564169482,0.366830596964037,0.1479839968076628
679,135.89059372915276,0.5,0.2,0.5,0.875,0.1380410803094311,0.35182834134166424,0.1432769596417015,0.3668536187072035,0.1479839968076628
680,136.0907271514343,0.5,0.2,0.5,0.875,0.1380777971154191,0.3517442836909186,0.14330438769701134,0.36687353149665125,0.1479839968076628
681,136.2908605737158,0.5,0.2,0.5,0.875,0.138115195068099,0.3516622938028238,0.14333211693693002,0.3668903941921475,0.1479839968076628
682,136.49099399599731,0.5,0.2,0.5,0.875,0.138153236486101,0.35158237323723435,0.1433601240260014,0.3669042662506636,0.1479839968076628
683,136.69112741827885,0.5,0.2,0.5,0.875,0.13819188409287123,0.3515045222459506,0.14338838589773997,0.36691520776343856,0.1479839968076628
684,136.89126084056036,0.5,0.2,0.5,0.875,0.1382311011651459,0.35142873979392797,0.1434168799003257,0.3669232791406008,0.1479839968076628
685,137.0913942628419,0.5,0.2,0.5,0.875,0.13827085149168614,0.3513550235992761,0.14344558374859703,0.36692854116044105,0.1479839968076628
686,137.2915276851234,0.5,0.2,0.5,0.875,0.13831109938529199,0.35128337016798106,0.14347447553043594,0.3669310549162914,0.1479839968076628
687,137.49166110740492,0.5,0.2,0.5,0.875,0.1383518096957999,0.3512137748283269,0.14350353371477412,0.3669308817610995,0.1479839968076628
688,137.69179452968646,0.5,0.2,0.5,0.875,0.13839294768752597,0.3511462317555707,0.1435327370913079,0.36692808346559586,0.1479839968076628
689,137.89192795196797,0.5,0.2,0.5,0.875,0.13843447914290768,0.35108073401288115,0.14356206482417067,0.36692272202004095,0.1479839968076628
690,138.09206137424948,0.5,0.2,0.5,0.875,0.13847637045714073,0.351017273591629,0.14359149650106887,0.36691485945016183,0.1479839968076628
691,138.29219479653102,0.5,0.2,0.5,0.875,0.13851858858703542,0.35095584144119674,0.14362101210897446,0.3669045578627938,0.1479839968076628
692,138.49232821881253,0.5,0.2,0.5,0.875,0.13856110106236694,0.3508964275032817,0.14365059204130115,0.3668918793930507,0.1479839968076628
693,138.69246164109407,0.5,0.2,0.5,0.875,0.13860387599722532,0.3508390207461983,0.14368021710508105,0.3668768861514958,0.1479839968076628
694,138.89259506337558,0.5,0.2,0.5,0.875,0.13864688203892234,0.35078360917877943,0.1437098684854626,0.366859640296836,0.1479839968076628
695,139.0927284856571,0.5,0.2,0.5,0.875,0.13869008824198784,0.35073017983980176,0.14373952765900927,0.3668402042592015,0.1479839968076628
696,139.29286190793863,0.5,0.2,0.5,0.875,0.13873346435476525,0.35067871892221864,0.14376917658899915,0.3668186401340173,0.1479839968076628
697,139.49299533022014,0.5,0.2,0.5,0.875,0.13877698072627961,0.3506292117733256,0.14379879766119055,0.36679500983920466,0.1479839968076628
698,139.69312875250165,0.5,0.2,0.5,0.875,0.1388206083033208,0.35058164292440197,0.1438283736812474,0.3667693750910302,0.1479839968076628
699,139.8932621747832,0.5,0.2,0.5,0.875,0.13886431863828014,0.35053599612386566,0.14385788787951445,0.3667417973583401,0.1479839968076628
700,140.0933955970647,0.5,0.2,0.5,0.875,0.138908083890573,0.35049225436565806,0.14388732391048373,0.3667123378332856,0.1479839968076628
701,140.29352901934624,0.5,0.2,0.5,0.875,0.13895187668843836,0.350450399813802,0.14391666573671,0.36668105776105,0.1479839968076628
702,140.49366244162775,0.5,0.2,0.5,0.875,0.13899567028423976,0.35041041394521494,0.14394589775562677,0.36664801801491886,0.1479839968076628
703,140.69379586390926,0.5,0.2,0.5,0.875,0.1390394385799321,0.35037227759597445,0.1439750048189122,0.3666132790051816,0.1479839968076628
704,140.8939292861908,0.5,0.2,0.5,0.875,0.1390831560904073,0.35033597096138797,0.14400397220044361,0.36657690074776145,0.1479839968076628
705,141.0940627084723,0.5,0.2,0.5,0.875,0.13912679794865432,0.3503014736271577,0.14403278559885727,0.36653894282533106,0.1479839968076628
706,141.29419613075382,0.5,0.2,0.5,0.875,0.1391703399109193,0.3502687646005446,0.14406143114010836,0.36649946434842806,0.1479839968076628
707,141.49432955303536,0.5,0.2,0.5,0.875,0.1392137582862927,0.3502378222809774,0.14408989533051905,0.36645852410221114,0.1479839968076628
708,141.69446297531687,0.5,0.2,0.5,0.875,0.13925702988630634,0.35020862444669415,0.14411816502293565,0.36641618064406417,0.1479839968076628
709,141.8945963975984,0.5,0.2,0.5,0.875,0.13930013222166854,0.35018114843941517,0.14414622754480055,0.3663724917941161,0.1479839968076628
710,142.09472981987992,0.5,0.2,0.5,0.875,0.13934304341742448,0.3501553711233909,0.14417407064174823,0.3663275148174367,0.1479839968076628
711,142.29486324216143,0.5,0.2,0.5,0.875,0.13938574221298283,0.35013126891245333,0.14420168247680187,0.3662813063977623,0.1479839968076628
712,142.49499666444297,0.5,0.2,0.5,0.875,0.13942820796449468,0.35010881779895187,0.14422905163111133,0.36623392260544246,0.1479839968076628
713,142.69513008672448,0.5,0.2,0.5,0.875,0.1394704206332033,0.3500879933672721,0.14425616709430977,0.3661854189052151,0.1479839968076628
714,142.89526350900599,0.5,0.2,0.5,0.875,0.13951236066152548,0.3500687706839781,0.14428301817179331,0.36613585048270336,0.1479839968076628
715,143.09539693128752,0.5,0.2,0.5,0.875,0.1395540091385408,0.3500511245059973,0.144309594606158,0.36608527174930416,0.1479839968076628
716,143.29553035356903,0.5,0.2,0.5,0.875,0.13959534777760466,0.35003502928234,0.14433588655961105,0.36603373638044456,0.1479839968076628
717,143.49566377585057,0.5,0.2,0.5,0.875,0.13963635889307074,0.35002045915484037,0.14436188459572372,0.3659812973563654,0.1479839968076628
718,143.69579719813208,0.5,0.2,0.5,0.875,0.1396770254003764,0.35000738798457226,0.14438757967847168,0.36592800693657995,0.1479839968076628
719,143.8959306204136,0.5,0.2,0.5,0.875,0.13971733081612772,0.3499957893782641,0.14441296317127578,0.36587391663433266,0.1479839968076628
720,144.09606404269513,0.5,0.2,0.5,0.875,0.13975725917021922,0.34998563659587867,0.1444380267697342,0.36581907746416814,0.1479839968076628
721,144.29619746497664,0.5,0.2,0.5,0.875,0.1397967950720859,0.3499769026664156,0.14446276255053944,0.3657635397109592,0.1479839968076628
722,144.49633088725815,0.5,0.2,0.5,0.875,0.13983592371263523,0.34996956041682153,0.14448716297191122,0.3657073528986322,0.1479839968076628
723,144.6964643095397,0.5,0.2,0.5,0.875,0.1398746308886061,0.34996358253119714,0.14451122089093418,0.36565056568926274,0.1479839968076628
724,144.8965977318212,0.5,0.2,0.5,0.875,0.13991290297148481,0.3499589415351058,0.14453492953910357,0.36559322595430593,0.1479839968076628
725,145.09673115410274,0.5,0.2,0.5,0.875,0.13995072690651636,0.3499556098205373,0.14455828252055586,0.3655353807523906,0.1479839968076628
726,145.29686457638425,0.5,0.2,0.5,0.875,0.1399880901791527,0.3499535596212618,0.14458127379018543,0.3654770764094002,0.1479839968076628
727,145.49699799866576,0.5,0.2,0.5,0.875,0.1400249806931781,0.34995276285352633,0.14460389757727438,0.3654183588760213,0.1479839968076628
728,145.6971314209473,0.5,0.2,0.5,0.875,0.14006138699817805,0.34995319148962367,0.14462614852442215,0.3653592729877762,0.1479839968076628
729,145.8972648432288,0.5,0.2,0.5,0.875,0.1400972982100154,0.3499548174632896,0.14464802163719678,0.3652998626894983,0.1479839968076628
730,146.09739826551032,0.5,0.2,0.5,0.875,0.14013270398966257,0.3499576126641588,0.1446695122697155,0.3652401710764632,0.1479839968076628
731,146.29753168779186,0.5,0.2,0.5,0.875,0.14016759453854077,0.34996154895745124,0.14469061612035866,0.3651802403836495,0.1479839968076628
732,146.49766511007337,0.5,0.2,0.5,0.875,0.14020196059347628,0.34996659820312703,0.14471132922720473,0.3651201119761921,0.1479839968076628
733,146.6977985323549,0.5,0.2,0.5,0.875,0.1402357934212733,0.3499727322745114,0.14473164796318708,0.36505982634102835,0.1479839968076628
734,146.89793195463642,0.5,0.2,0.5,0.875,0.14026908481290348,0.349979923076388,0.14475156903097197,0.36499942307973676,0.1479839968076628
735,147.09806537691793,0.5,0.2,0.5,0.875,0.1403018270773123,0.3499881425625612,0.14477108945755818,0.36493894090256845,0.1479839968076628
736,147.29819879919947,0.5,0.2,0.5,0.875,0.1403340130348421,0.34999736275288856,0.1447902065885978,0.36487841762367174,0.1479839968076628
737,147.49833222148098,0.5,0.2,0.5,0.875,0.1403656359022848,0.3500075555248491,0.14480891801953621,0.3648178905533301,0.1479839968076628
738,147.6984656437625,0.5,0.2,0.5,0.875,0.1403966893307873,0.3500186927237651,0.1448272216157337,0.364757396329714,0.1479839968076628
739,147.89859906604403,0.5,0.2,0.5,0.875,0.1404271675304531,0.35003074645387405,0.1448451155830314,0.3646969704326416,0.1479839968076628
740,148.09873248832554,0.5,0.2,0.5,0.875,0.14045706517404272,0.350043688909543,0.14486259840958815,0.3646366475068263,0.1479839968076628
741,148.29886591060708,0.5,0.2,0.5,0.875,0.1404863773866372,0.35005749238580586,0.14487966885773454,0.3645764613698226,0.1479839968076628
742,148.4989993328886,0.5,0.2,0.5,0.875,0.14051509973485002,0.3500721292882285,0.1448963259555094,0.3645164450214123,0.1479839968076628
743,148.6991327551701,0.5,0.2,0.5,0.875,0.14054322821557866,0.35008757214208186,0.14491256898787222,0.36445663065446743,0.1479839968076628
744,148.89926617745164,0.5,0.2,0.5,0.875,0.14057075924429513,0.35010379360082267,0.14492839748759215,0.3643970496672902,0.1479839968076628
745,149.09939959973315,0.5,0.2,0.5,0.875,0.14059768964287572,0.3501207664538811,0.14494381122581299,0.3643377326774303,0.1479839968076628
746,149.29953302201466,0.5,0.2,0.5,0.875,0.14062401662696986,0.3501384636337567,0.14495881020229454,0.36427870953697905,0.1479839968076628
747,149.4996664442962,0.5,0.2,0.5,0.875,0.14064973784575588,0.3501568582690834,0.1449733946773889,0.36422000920777203,0.1479839968076628
748,149.6997998665777,0.5,0.2,0.5,0.875,0.14067485180101455,0.3501759240723294,0.14498756550593891,0.3641616586207173,0.1479839968076628
749,149.89993328885924,0.5,0.2,0.5,0.875,0.14069935717381618,0.3501956347626846,0.14500132360184667,0.36410368446165275,0.1479839968076628
750,150.10006671114076,0.5,0.2,0.5,0.875,0.140723252944781,0.35021596418935025,0.1450146700342482,0.36404611283162075,0.1479839968076628
751,150.30020013342227,0.5,0.2,0.5,0.875,0.1407465384761831,0.3502368864208538,0.14502760609336454,0.3639889690095987,0.1479839968076628
752,150.5003335557038,0.5,0.2,0.5,0.875,0.14076921350213567,0.35025837575291796,0.1450401332832426,0.363932277461704,0.1479839968076628
753,150.70046697798531,0.5,0.2,0.5,0.875,0.14079127811854733,0.35028040671584126,0.14505225331435684,0.36387606185125476,0.1479839968076628
754,150.90060040026682,0.5,0.2,0.5,0.875,0.14081273277284959,0.3503029540813921,0.14506396809607155,0.3638203450496869,0.1479839968076628
755,151.10073382254836,0.5,0.2,0.5,0.875,0.14083357825349527,0.35032599286921434,0.14507527972896453,0.36376514914832603,0.1479839968076628
756,151.30086724482987,0.5,0.2,0.5,0.875,0.14085381567922825,0.3503494983527452,0.1450861904970109,0.3637104954710158,0.1479839968076628
757,151.5010006671114,0.5,0.2,0.5,0.875,0.14087344648812408,0.35037344606464604,0.14509670285962845,0.3636564045876016,0.1479839968076628
758,151.70113408939292,0.5,0.2,0.5,0.875,0.14089247253706288,0.35039781191793523,0.14510681954248875,0.36360289600251333,0.1479839968076628
759,151.90126751167443,0.5,0.2,0.5,0.875,0.14091089613832788,0.350422572260858,0.145116543572199,0.3635499880286153,0.1479839968076628
760,152.10140093395597,0.5,0.2,0.5,0.875,0.14092871976586652,0.3504477035846661,0.14512587801580326,0.3634976986336643,0.1479839968076628
761,152.30153435623748,0.5,0.2,0.5,0.875,0.14094594618989273,0.3504731826808931,0.14513482610318781,0.36344604502602657,0.1479839968076628
762,152.501667778519,0.5,0.2,0.5,0.875,0.14096257847088323,0.3504989866507517,0.14514339122388228,0.363395043654483,0.1479839968076628
763,152.70180120080053,0.5,0.2,0.5,0.875,0.1409786199499917,0.350525092910522,0.14515157692072514,0.3633447102187614,0.1479839968076628
764,152.90193462308204,0.5,0.2,0.5,0.875,0.14099407423934668,0.3505514791965705,0.14515938688348992,0.36329505968059317,0.1479839968076628
765,153.10206804536358,0.5,0.2,0.5,0.875,0.14100894521223217,0.35057812356999885,0.14516682494247285,0.36324610627529635,0.1479839968076628
766,153.3022014676451,0.5,0.2,0.5,0.875,0.14102323699315208,0.3506050044209228,0.14517389506204142,0.3631978635238839,0.1479839968076628
767,153.5023348899266,0.5,0.2,0.5,0.875,0.14103695394777743,0.3506321004723813,0.1451806013341441,0.3631503442456974,0.1479839968076628
768,153.70246831220814,0.5,0.2,0.5,0.875,0.14105010068212306,0.3506593907899508,0.1451869479744754,0.363103560553451,0.1479839968076628
769,153.90260173448965,0.5,0.2,0.5,0.875,0.14106268222499507,0.3506868549102021,0.1451929393714723,0.36305752349333087,0.1479839968076628
770,154.1027351567712,0.5,0.2,0.5,0.875,0.14107470378191123,0.3507144726902965,0.14519858001176233,0.36301224351603023,0.1479839968076628
771,154.3028685790527,0.5,0.2,0.5,0.875,0.14108617071902368,0.35074222430680246,0.1452038744719155,0.36296773050225867,0.1479839968076628
772,154.5030020013342,0.5,0.2,0.5,0.875,0.14109708861661344,0.3507700902994436,0.14520882743024793,0.36292399365369526,0.1479839968076628
773,154.70313542361575,0.5,0.2,0.5,0.875,0.1411074632607621,0.3507980515743645,0.14521344366079741,0.36288104150407624,0.1479839968076628
774,154.90326884589726,0.5,0.2,0.5,0.875,0.14111730063500813,0.35082608940709215,0.14521772802728888,0.36283888193061115,0.1479839968076628
775,155.10340226817877,0.5,0.2,0.5,0.875,0.14112660691198767,0.35085418544519387,0.14522168547709022,0.3627975221657285,0.1479839968076628
776,155.3035356904603,0.5,0.2,0.5,0.875,0.14113538844506016,0.350882321710631,0.14522532103515876,0.36275696880915037,0.1479839968076628
777,155.50366911274182,0.5,0.2,0.5,0.875,0.14114365175991853,0.35091048060180846,0.14522863979797765,0.3627172278402957,0.1479839968076628
778,155.70380253502336,0.5,0.2,0.5,0.875,0.141151403546184,0.35093864489532045,0.14523164692748283,0.362678304631013,0.1479839968076628
779,155.90393595730487,0.5,0.2,0.5,0.875,0.14115865065844566,0.35096679773788614,0.14523434768276466,0.3626402039209038,0.1479839968076628
780,156.10406937958638,0.5,0.2,0.5,0.875,0.14116540012465065,0.3509949226305792,0.14523674748118004,0.3626029297635904,0.1479839968076628
781,156.30420280186792,0.5,0.2,0.5,0.875,0.1411716590950912,0.3510230034724307,0.14523885172225484,0.3625664857102235,0.1479839968076628
782,156.50433622414943,0.5,0.2,0.5,0.875,0.1411774348519379,0.35105102454287107,0.14524066585346476,0.3625308747517265,0.1479839968076628
783,156.70446964643094,0.5,0.2,0.5,0.875,0.14118273480273097,0.3510789704999731,0.14524219537199518,0.36249609932530097,0.1479839968076628
784,156.90460306871248,0.5,0.2,0.5,0.875,0.14118756647223404,0.351106826380021,0.14524344582001195,0.36246216132773323,0.1479839968076628
785,157.104736490994,0.5,0.2,0.5,0.875,0.14119193749428696,0.3511345775967605,0.14524442277998,0.36242906212897275,0.1479839968076628
786,157.30486991327552,0.5,0.2,0.5,0.875,0.14119585560365763,0.35116220994033126,0.14524513187003008,0.3623968025859812,0.1479839968076628
787,157.50500333555703,0.5,0.2,0.5,0.875,0.14119932862789297,0.3511897095758801,0.1452455787393729,0.36236538305685423,0.1479839968076628
788,157.70513675783855,0.5,0.2,0.5,0.875,0.14120236447916892,0.35121706304185607,0.1452457690637619,0.3623348034152133,0.1479839968076628
789,157.90527018012008,0.5,0.2,0.5,0.875,0.14120497106981303,0.35124425767660167,0.14524570839962314,0.3623050628539624,0.1479839968076628
790,158.1054036024016,0.5,0.2,0.5,0.875,0.14120715672199954,0.3512712798568078,0.1452454028635419,0.36227616055765105,0.1479839968076628
791,158.3055370246831,0.5,0.2,0.5,0.875,0.14120892951239683,0.35129811809174477,0.1452448580114795,0.36224809438437916,0.1479839968076628
792,158.50567044696464,0.5,0.2,0.5,0.875,0.1412102976731825,0.35132476047208294,0.14524407963074804,0.3622208622239868,0.1479839968076628
793,158.70580386924615,0.5,0.2,0.5,0.875,0.14121126948941656,0.35135119547714416,0.14524307351777668,0.36219446151566287,0.1479839968076628
794,158.9059372915277,0.5,0.2,0.5,0.875,0.14121185329225547,0.3513774119713902,0.14524184547520316,0.3621688892611514,0.1479839968076628
795,159.1060707138092,0.5,0.2,0.5,0.875,0.14121205745216606,0.351403399200911,0.14524040130896515,0.36214414203795803,0.1479839968076628
796,159.3062041360907,0.5,0.2,0.5,0.875,0.1412118903721396,0.35142914678991277,0.14523874682539176,0.3621202160125562,0.1479839968076628
797,159.50633755837225,0.5,0.2,0.5,0.875,0.14121136048090585,0.3514546447372063,0.1452368878282948,0.3620971069535933,0.1479839968076628
798,159.70647098065376,0.5,0.2,0.5,0.875,0.141210476226147,0.35147988341269515,0.14523483011606042,0.3620748102450977,0.1479839968076628
799,159.90660440293527,0.5,0.2,0.5,0.875,0.14120924606771174,0.35150485355386396,0.1452325794787404,0.3620533208996842,0.1479839968076628
800,160.1067378252168,0.5,0.2,0.5,0.875,0.14120767850644578,0.35152954625774424,0.14523014168070258,0.3620326335551076,0.1479839968076628
801,160.30687124749832,0.5,0.2,0.5,0.875,0.14120578222657285,0.3515539529584633,0.1452275223972415,0.3620127424177226,0.1479839968076628
802,160.50700466977986,0.5,0.2,0.5,0.875,0.14120356581638402,0.35157806545833453,0.14522472732216685,0.36199364140311485,0.1479839968076628
803,160.70713809206137,0.5,0.2,0.5,0.875,0.14120103784629845,0.35160187591357256,0.14522176213049345,0.3619753241096358,0.1479839968076628
804,160.90727151434288,0.5,0.2,0.5,0.875,0.14119820688518855,0.3516253768278474,0.14521863246616168,0.3619577838208026,0.1479839968076628
805,161.10740493662442,0.5,0.2,0.5,0.875,0.14119508149486737,0.35164856104861075,0.14521534393861302,0.3619410135179091,0.1479839968076628
806,161.30753835890593,0.5,0.2,0.5,0.875,0.14119167022457543,0.35167142176342275,0.14521190211936502,0.361925005892637,0.1479839968076628
807,161.50767178118744,0.5,0.2,0.5,0.875,0.1411879816054681,0.3516939524962784,0.1452083125385868,0.3619097533596669,0.1479839968076628
808,161.70780520346898,0.5,0.2,0.5,0.875,0.1411840241451026,0.3517161471039342,0.14520458068167402,0.3618952480692894,0.1479839968076628
809,161.9079386257505,0.5,0.2,0.5,0.875,0.1411798063190806,0.35173799979740455,0.14520071201324028,0.3618814818702748,0.1479839968076628
810,162.10807204803203,0.5,0.2,0.5,0.875,0.1411753365589968,0.3517595051961447,0.14519671203671183,0.3618684462081469,0.1479839968076628
811,162.30820547031354,0.5,0.2,0.5,0.875,0.1411706232616824,0.3517806581938068,0.14519258614868008,0.36185613239583103,0.1479839968076628
812,162.50833889259505,0.5,0.2,0.5,0.875,0.14116567477797692,0.3518014540051367,0.14518833969056003,0.3618445315263266,0.1479839968076628
813,162.7084723148766,0.5,0.2,0.5,0.875,0.14116049940644707,0.3518218881691011,0.14518397795257262,0.36183363447187955,0.1479839968076628
814,162.9086057371581,0.5,0.2,0.5,0.875,0.14115510538780407,0.3518419565458283,0.1451795061709895,0.3618234318953784,0.1479839968076628
815,163.1087391594396,0.5,0.2,0.5,0.875,0.14114950089932168,0.35186165531354974,0.14517492952537756,0.3618139142617513,0.1479839968076628
816,163.30887258172115,0.5,0.2,0.5,0.875,0.14114369404925364,0.3518809809655408,0.14517025313584372,0.3618050718493621,0.1479839968076628
817,163.50900600400266,0.5,0.2,0.5,0.875,0.1411376928712515,0.3518999303070623,0.14516548206027932,0.3617968947614072,0.1479839968076628
818,163.7091394262842,0.5,0.2,0.5,0.875,0.14113150537411248,0.35191850040463485,0.14516062132876445,0.36178937289248847,0.1479839968076628
819,163.9092728485657,0.5,0.2,0.5,0.875,0.14112513959614378,0.35193668853133764,0.14515567598107196,0.36178249589144684,0.1479839968076628
820,164.10940627084722,0.5,0.2,0.5,0.875,0.14111860340650656,0.3519544923300792,0.14515065093424542,0.3617762533291691,0.1479839968076628
821,164.30953969312876,0.5,0.2,0.5,0.875,0.1411119045875017,0.35197190973484144,0.1451455510388554,0.36177063463880166,0.1479839968076628
822,164.50967311541027,0.5,0.2,0.5,0.875,0.14110505083464295,0.35198893896274897,0.145140381080042,0.3617656291225663,0.1479839968076628
823,164.70980653769178,0.5,0.2,0.5,0.875,0.14109804975205115,0.35200557851016867,0.14513514577541567,0.36176122596236476,0.1479839968076628
824,164.90993995997331,0.5,0.2,0.5,0.875,0.14109090884784906,0.35202182714880925,0.1451298497729577,0.3617574142303842,0.1479839968076628
825,165.11007338225482,0.5,0.2,0.5,0.875,0.1410836355295558,0.35203768392182083,0.1451244976489212,0.36175418289970235,0.1479839968076628
826,165.31020680453636,0.5,0.2,0.5,0.875,0.14107623709948147,0.3520531481398945,0.1451190939057316,0.36175152085489265,0.1479839968076628
827,165.51034022681787,0.5,0.2,0.5,0.875,0.14106872087233013,0.35206821930428034,0.14511364298050863,0.3617494168428811,0.1479839968076628
828,165.71047364909938,0.5,0.2,0.5,0.875,0.1410610942005584,0.35208289708496865,0.14510814924557117,0.361747859468902,0.1479839968076628
829,165.91060707138092,0.5,0.2,0.5,0.875,0.1410533641948654,0.35209718148118385,0.14510261698244592,0.36174683734150503,0.1479839968076628
830,166.11074049366243,0.5,0.2,0.5,0.875,0.14104553786475718,0.3521110727306715,0.1450970503923849,0.36174633901218656,0.1479839968076628
831,166.31087391594394,0.5,0.2,0.5,0.875,0.14103762211786697,0.35212457130345076,0.14509145359460726,0.3617463529840752,0.1479839968076628
832,166.51100733822548,0.5,0.2,0.5,0.875,0.14102962375697592,0.35213767789694084,0.14508583062434138,0.361746867721742,0.1479839968076628
833,166.711140760507,0.5,0.2,0.5,0.875,0.14102154947703446,0.35215039343108834,0.14508018543086695,0.36174787166101047,0.1479839968076628
834,166.91127418278853,0.5,0.2,0.5,0.875,0.1410134058621834,0.3521627190434936,0.145074521875557,0.3617493532187662,0.1479839968076628
835,167.11140760507004,0.5,0.2,0.5,0.875,0.14100519938277492,0.3521746560845381,0.14506884372992004,0.36175130080276713,0.1479839968076628
836,167.31154102735155,0.5,0.2,0.5,0.875,0.14099693644594632,0.35218620608533524,0.14506315477637707,0.3617537026923416,0.1479839968076628
837,167.5116744496331,0.5,0.2,0.5,0.875,0.14098862337316947,0.35219737076273844,0.14505745876894927,0.361756547095143,0.1479839968076628
838,167.7118078719146,0.5,0.2,0.5,0.875,0.14098026632740024,0.35220815204992506,0.1450517592972585,0.36175982232541637,0.1479839968076628
839,167.9119412941961,0.5,0.2,0.5,0.875,0.14097187135436987,0.35221855206905767,0.14504605986949715,0.36176351670707546,0.1479839968076628
840,168.11207471647765,0.5,0.2,0.5,0.875,0.1409634443801774,0.3522285731261214,0.1450403639115664,0.3617676185821349,0.1479839968076628
841,168.31220813875916,0.5,0.2,0.5,0.875,0.14095499120886576,0.3522382177057689,0.14503467476618256,0.36177211631918293,0.1479839968076628
842,168.5123415610407,0.5,0.2,0.5,0.875,0.1409465175199972,0.352247488466166,0.145028995691983,0.36177699832185395,0.1479839968076628
843,168.7124749833222,0.5,0.2,0.5,0.875,0.1409380288662294,0.3522563882338369,0.14502332986263244,0.3617822530373014,0.1479839968076628
844,168.91260840560372,0.5,0.2,0.5,0.875,0.1409295306715105,0.3522649199984152,0.1450176803663616,0.36178786896371284,0.1479839968076628
845,169.11274182788526,0.5,0.2,0.5,0.875,0.14092102832775436,0.35227308689232933,0.14501205027424388,0.36179383450567265,0.1479839968076628
846,169.31287525016677,0.5,0.2,0.5,0.875,0.14091252711444952,0.3522808921975751,0.14500644258488143,0.36180013810309414,0.1479839968076628
847,169.51300867244828,0.5,0.2,0.5,0.875,0.14090403213268574,0.3522883393502822,0.14500086017915398,0.3618067683378783,0.1479839968076628
848,169.71314209472982,0.5,0.2,0.5,0.875,0.14089554835755713,0.3522954319271725,0.14499530585759438,0.3618137138576762,0.1479839968076628
849,169.91327551701133,0.5,0.2,0.5,0.875,0.14088708063658267,0.35230217364027633,0.14498978234008417,0.361820963383057,0.1479839968076628
850,170.11340893929287,0.5,0.2,0.5,0.875,0.14087863368812661,0.3523085683316486,0.14498429226554943,0.36182850571467556,0.1479839968076628
851,170.31354236157438,0.5,0.2,0.5,0.875,0.1408702120998189,0.35231461996808483,0.1449788381916565,0.36183632974044,0.1479839968076628
852,170.5136757838559,0.5,0.2,0.5,0.875,0.14086182032697564,0.35232033263583784,0.14497342259450752,0.3618444244426792,0.1479839968076628
853,170.71380920613743,0.5,0.2,0.5,0.875,0.14085346269571977,0.3523257105348253,0.14496804786863055,0.3618527789008247,0.1479839968076628
854,170.91394262841894,0.5,0.2,0.5,0.875,0.14084514357091443,0.35233075795502133,0.1449627163372851,0.36186138213677943,0.1479839968076628
855,171.11407605070045,0.5,0.2,0.5,0.875,0.14083686717344854,0.3523354792907539,0.14495743024082056,0.3618702232949773,0.1479839968076628
856,171.314209472982,0.5,0.2,0.5,0.875,0.1408286375392016,0.3523398790396861,0.14495219173390228,0.3618792916872103,0.1479839968076628
857,171.5143428952635,0.5,0.2,0.5,0.875,0.14082045858402312,0.35234396179033745,0.14494700288937326,0.3618885767362664,0.1479839968076628
858,171.71447631754504,0.5,0.2,0.5,0.875,0.14081233410345187,0.3523477322166593,0.14494186569803125,0.3618980679818578,0.1479839968076628
859,171.91460973982655,0.5,0.2,0.5,0.875,0.14080426777243557,0.35235119507261087,0.14493678206840568,0.3619077550865481,0.1479839968076628
860,172.11474316210806,0.5,0.2,0.5,0.875,0.14079626314505017,0.35235435518673475,0.14493175382653473,0.36191762784168063,0.1479839968076628
861,172.3148765843896,0.5,0.2,0.5,0.875,0.14078832365421942,0.3523572174567328,0.1449267827157423,0.3619276761733056,0.1479839968076628
862,172.5150100066711,0.5,0.2,0.5,0.875,0.14078045261416275,0.3523597868483724,0.14492187040254412,0.36193789013492095,0.1479839968076628
863,172.71514342895262,0.5,0.2,0.5,0.875,0.14077265326222088,0.35236206845688534,0.14491701857100542,0.36194825970988853,0.1479839968076628
864,172.91527685123415,0.5,0.2,0.5,0.875,0.14076492870399665,0.3523640674149261,0.1449122287999209,0.36195877508115654,0.1479839968076628
865,173.11541027351566,0.5,0.2,0.5,0.875,0.14075728191555534,0.35236578889108466,0.1449075025681643,0.36196942662519593,0.1479839968076628
866,173.3155436957972,0.5,0.2,0.5,0.875,0.140749715755268,0.3523672381037033,0.14490284128169872,0.36198020485933013,0.1479839968076628
867,173.5156771180787,0.5,0.2,0.5,0.875,0.14074223296384178,0.35236842031594545,0.14489824627405176,0.36199110044616123,0.1479839968076628
868,173.71581054036022,0.5,0.2,0.5,0.875,0.1407348361643497,0.3523693408308645,0.14489371880679014,0.3620021041979958,0.1479839968076628
869,173.91594396264176,0.5,0.2,0.5,0.875,0.1407275278622612,0.3523700049864728,0.1448892600699948,0.3620132070812714,0.1479839968076628
870,174.11607738492327,0.5,0.2,0.5,0.875,0.14072031044547198,0.35237041815081005,0.1448848711827357,0.3620244002209825,0.1479839968076628
871,174.31621080720478,0.5,0.2,0.5,0.875,0.14071318619272008,0.3523705857252513,0.14488055319908552,0.3620356748829432,0.1479839968076628
872,174.51634422948632,0.5,0.2,0.5,0.875,0.14070615734144767,0.3523705132062174,0.14487630715339714,0.3620470222989379,0.1479839968076628
873,174.71647765176783,0.5,0.2,0.5,0.875,0.14069922598485626,0.35237020607907515,0.144872133992764,0.3620584339433047,0.1479839968076628
874,174.91661107404937,0.5,0.2,0.5,0.875,0.14069239409222453,0.35236966983313817,0.1448680345908948,0.36206990148374263,0.1479839968076628
875,175.11674449633088,0.5,0.2,0.5,0.875,0.14068566352350131,0.35236890997104275,0.14486400975820746,0.3620814167472486,0.1479839968076628
876,175.3168779186124,0.5,0.2,0.5,0.875,0.14067903602984952,0.3523679320043219,0.1448600602426429,0.36209297172318583,0.1479839968076628
877,175.51701134089393,0.5,0.2,0.5,0.875,0.14067251325418986,0.35236674144897845,0.14485618673047948,0.3621045585663523,0.1479839968076628
878,175.71714476317544,0.5,0.2,0.5,0.875,0.1406660967317448,0.3523653438210587,0.14485238984714718,0.36211616960004944,0.1479839968076628
879,175.91727818545695,0.5,0.2,0.5,0.875,0.14065978789058226,0.352363744632226,0.14484867015804176,0.36212779731915024,0.1479839968076628
880,176.1174116077385,0.5,0.2,0.5,0.875,0.14065358807562162,0.3523619493989271,0.1448450281668075,0.36213943435864393,0.1479839968076628
881,176.31754503002,0.5,0.2,0.5,0.875,0.1406474986524373,0.35235996369779166,0.14484146430501113,0.3621510733447601,0.1479839968076628
882,176.51767845230154,0.5,0.2,0.5,0.875,0.1406415208148363,0.35235779304940656,0.1448379789537746,0.3621627071819827,0.1479839968076628
883,176.71781187458305,0.5,0.2,0.5,0.875,0.14063565564534244,0.35235544294861765,0.14483457243812256,0.3621743289679175,0.1479839968076628
884,176.91794529686456,0.5,0.2,0.5,0.875,0.14062990413291968,0.35235291887005604,0.144831245025943,0.3621859319710815,0.1479839968076628
885,177.1180787191461,0.5,0.2,0.5,0.875,0.14062426717413218,0.35235022626406876,0.1448279969287349,0.36219750963306435,0.1479839968076628
886,177.3182121414276,0.5,0.2,0.5,0.875,0.14061874557430454,0.3523473705526494,0.14482482830235607,0.3622090555706901,0.1479839968076628
887,177.51834556370912,0.5,0.2,0.5,0.875,0.14061334004868165,0.3523443571253687,0.14482173924777075,0.36222056357817906,0.1479839968076628
888,177.71847898599066,0.5,0.2,0.5,0.875,0.14060805122358902,0.3523411913353049,0.1448187298117973,0.362232027629309,0.1479839968076628
889,177.91861240827217,0.5,0.2,0.5,0.875,0.1406028796375927,0.3523378784949743,0.14481579998785593,0.3622434418795773,0.1479839968076628
890,178.1187458305537,0.5,0.2,0.5,0.875,0.14059782574954652,0.3523344238952964,0.14481294972475253,0.3622548006304047,0.1479839968076628
891,178.31887925283522,0.5,0.2,0.5,0.875,0.14059288998595681,0.35233083295605816,0.14481017898133963,0.36226609807664556,0.1479839968076628
892,178.51901267511673,0.5,0.2,0.5,0.875,0.14058807266559903,0.35232711096584085,0.14480748763795034,0.36227732873061,0.1479839968076628
893,178.71914609739827,0.5,0.2,0.5,0.875,0.1405833740191287,0.35232326313966017,0.14480487551867527,0.36228848732253605,0.1479839968076628
894,178.91927951967978,0.5,0.2,0.5,0.875,0.14057879419968689,0.3523192946464874,0.14480234240313114,0.36229956875069474,0.1479839968076628
895,179.1194129419613,0.5,0.2,0.5,0.875,0.14057433328431307,0.3523152106060259,0.14479988802750393,0.36231056808215734,0.1479839968076628
896,179.31954636424283,0.5,0.2,0.5,0.875,0.14056999127535832,0.35231101608548765,0.14479751208559147,0.3623214805535627,0.1479839968076628
897,179.51967978652434,0.5,0.2,0.5,0.875,0.14056576810189836,0.35230671609637015,0.1447952142298466,0.3623323015718851,0.1479839968076628
898,179.71981320880587,0.5,0.2,0.5,0.875,0.14056166362114667,0.3523023155912328,0.14479299407241977,0.3623430267152009,0.1479839968076628
899,179.91994663108738,0.5,0.2,0.5,0.875,0.14055767761986745,0.3522978194604739,0.14479085118620227,0.3623536517334565,0.1479839968076628
900,180.1200800533689,0.5,0.2,0.5,0.875,0.140553809816953,0.3522932325443889,0.14478878510873847,0.3623641725299199,0.1479839968076628
901,180.32021347565043,0.5,0.2,0.5,0.875,0.14055005987700053,0.35228855978961615,0.1447867953732515,0.36237458496013203,0.1479839968076628
902,180.52034689793194,0.5,0.2,0.5,0.875,0.14054642739371273,0.35228380600947146,0.14478488146528704,0.362384885131529,0.1479839968076628
903,180.72048032021348,0.5,0.2,0.5,0.875,0.14054291189404422,0.35227897591660395,0.14478304283049345,0.3623950693588586,0.1479839968076628
904,180.920613742495,0.5,0.2,0.5,0.875,0.14053951284268046,0.3522740741600165,0.14478127888322181,0.3624051341140815,0.1479839968076628
905,181.1207471647765,0.5,0.2,0.5,0.875,0.14053622964351448,0.35226910532267897,0.14477958900772578,0.362415076026081,0.1479839968076628
906,181.32088058705804,0.5,0.2,0.5,0.875,0.14053306164112375,0.3522640739191417,0.14477797255936167,0.3624248918803731,0.1479839968076628
907,181.52101400933955,0.5,0.2,0.5,0.875,0.14053000812224692,0.35225898439314857,0.1447764288657884,0.36243457861881634,0.1479839968076628
908,181.72114743162106,0.5,0.2,0.5,0.875,0.14052706831726078,0.3522538411152503,0.1447749572281675,0.36244413333932163,0.1479839968076628
909,181.9212808539026,0.5,0.2,0.5,0.875,0.1405242414016568,0.35224864838041803,0.1447735569223631,0.36245355329556234,0.1479839968076628
910,182.1214142761841,0.5,0.2,0.5,0.875,0.140521526501034,0.35224341041294227,0.14477222719780358,0.36246283588822037,0.1479839968076628
911,182.32154769846565,0.5,0.2,0.5,0.875,0.14051892275324346,0.3522381314897777,0.144770967238331,0.3624719785186481,0.1479839968076628
912,182.52168112074716,0.5,0.2,0.5,0.875,0.14051642922990687,0.3522328157724466,0.14476977621658185,0.36248097878106494,0.1479839968076628
913,182.72181454302867,0.5,0.2,0.5,0.875,0.14051404494019432,0.3522274673094216,0.1447686532936565,0.3624898344567278,0.1479839968076628
914,182.9219479653102,0.5,0.2,0.5,0.875,0.14051176885126532,0.3522220900730409,0.14476759760770622,0.36249854346798777,0.1479839968076628
915,183.12208138759172,0.5,0.2,0.5,0.875,0.14050959989006104,0.35221668795777505,0.14476660827492313,0.362507103877241,0.1479839968076628
916,183.32221480987323,0.5,0.2,0.5,0.875,0.14050753694509635,0.352211264778494,0.1447656843905307,0.36251551388587916,0.1479839968076628
917,183.52234823215477,0.5,0.2,0.5,0.875,0.14050557886825213,0.3522058242687339,0.1447648250297738,0.36252377183324036,0.1479839968076628
918,183.72248165443628,0.5,0.2,0.5,0.875,0.14050372447656745,0.3522003700789642,0.14476402924890908,0.3625318761955595,0.1479839968076628
919,183.92261507671782,0.5,0.2,0.5,0.875,0.1405019725540317,0.3521949057748543,0.144763296086195,0.36253982558491915,0.1479839968076628
920,184.12274849899933,0.5,0.2,0.5,0.875,0.14050032185243727,0.35218943483986875,0.14476262456309547,0.36254761874459873,0.1479839968076628
921,184.32288192128084,0.5,0.2,0.5,0.875,0.14049877106292255,0.35218396081287906,0.14476201369213307,0.3625552544320655,0.1479839968076628
922,184.52301534356238,0.5,0.2,0.5,0.875,0.14049731885256775,0.3521784871261055,0.14476146246998287,0.36256273155134405,0.1479839968076628
923,184.7231487658439,0.5,0.2,0.5,0.875,0.14049596387162067,0.35217301707835336,0.14476096987722972,0.36257004917279645,0.1479839968076628
924,184.9232821881254,0.5,0.2,0.5,0.875,0.1404947047434429,0.35216755388784937,0.14476053488204635,0.3625772064866616,0.1479839968076628
925,185.12341561040694,0.5,0.2,0.5,0.875,0.14049354006614062,0.3521621006912523,0.14476015644122006,0.3625842028013872,0.1479839968076628
926,185.32354903268845,0.5,0.2,0.5,0.875,0.14049246841419535,0.35215666054266376,0.14475983350117974,0.36259103754196137,0.1479839968076628
927,185.52368245497,0.5,0.2,0.5,0.875,0.14049148834009456,0.35215123641263835,0.14475956499902257,0.3625977102482447,0.1479839968076628
928,185.7238158772515,0.5,0.2,0.5,0.875,0.14049059837596267,0.3521458311871945,0.144759349863541,0.36260422057330205,0.1479839968076628
929,185.923949299533,0.5,0.2,0.5,0.875,0.1404897970351916,0.3521404476668248,0.14475918701624957,0.36261056828173427,0.1479839968076628
930,186.12408272181455,0.5,0.2,0.5,0.875,0.1404890839258398,0.3521350883205739,0.14475907621726225,0.36261675153632433,0.1479839968076628
931,186.32421614409606,0.5,0.2,0.5,0.875,0.14048845479949737,0.3521297564930528,0.14475901434201818,0.36262277436543194,0.1479839968076628
932,186.52434956637757,0.5,0.2,0.5,0.875,0.1404879098079835,0.35212445446815255,0.14475900161616065,0.3626286341077035,0.1479839968076628
933,186.7244829886591,0.5,0.2,0.5,0.875,0.14048744732589594,0.3521191847870334,0.14475903690671413,0.36263433098035674,0.1479839968076628
934,186.92461641094062,0.5,0.2,0.5,0.875,0.14048706572364036,0.35211394990980277,0.14475911908706166,0.36263986527949543,0.1479839968076628
935,187.12474983322215,0.5,0.2,0.5,0.875,0.14048676336743046,0.35210875221551524,0.1447592470369451,0.36264523738010945,0.1479839968076628
936,187.32488325550366,0.5,0.2,0.5,0.875,0.14048653861928795,0.3521035940021727,0.1447594196424648,0.3626504477360748,0.1479839968076628
937,187.52501667778517,0.5,0.2,0.5,0.875,0.14048638983704254,0.35209847748672435,0.14475963579607992,0.3626554968801534,0.1479839968076628
938,187.7251501000667,0.5,0.2,0.5,0.875,0.1404863153743319,0.3520934048050667,0.14475989439660814,0.36266038542399354,0.1479839968076628
939,187.92528352234822,0.5,0.2,0.5,0.875,0.14048631358060176,0.35208837801204323,0.14476019434922585,0.3626651140581294,0.1479839968076628
940,188.12541694462973,0.5,0.2,0.5,0.875,0.14048638280115622,0.3520833990815981,0.14476053456533938,0.36266968355190654,0.1479839968076628
941,188.32555036691127,0.5,0.2,0.5,0.875,0.14048652140012288,0.35207846997652026,0.14476091390392676,0.3626740947194303,0.1479839968076628
942,188.52568378919278,0.5,0.2,0.5,0.875,0.1404867277424636,0.3520735925938109,0.14476133121748647,0.3626783484462393,0.1479839968076628
943,188.72581721147432,0.5,0.2,0.5,0.875,0.1404870001750228,0.3520687687071267,0.14476178540044438,0.3626824457174063,0.1479839968076628
944,188.92595063375583,0.5,0.2,0.5,0.875,0.1404873370417591,0.3520640000130388,0.14476227535024883,0.36268638759495353,0.1479839968076628
945,189.12608405603734,0.5,0.2,0.5,0.875,0.14048773668374534,0.3520592881310322,0.14476279996737038,0.36269017521785235,0.1479839968076628
946,189.32621747831888,0.5,0.2,0.5,0.875,0.14048819743916843,0.3520546346035063,0.14476335815530197,0.36269380980202354,0.1479839968076628
947,189.5263509006004,0.5,0.2,0.5,0.875,0.14048871764332962,0.35205004089577446,0.14476394882055896,0.3626972926403372,0.1479839968076628
948,189.7264843228819,0.5,0.2,0.5,0.875,0.14048929562864423,0.35204550839606424,0.14476457087267897,0.3627006251026128,0.1479839968076628
949,189.92661774516344,0.5,0.2,0.5,0.875,0.1404899297246419,0.35204103841551737,0.14476522322422192,0.3627038086356191,0.1479839968076628
950,190.12675116744495,0.5,0.2,0.5,0.875,0.1404906182941879,0.35203663224355947,0.14476590480038334,0.3627068446618694,0.1479839968076628
951,190.3268845897265,0.5,0.2,0.5,0.875,0.14049135976805732,0.35203229120075125,0.14476661454816986,0.36270973448302174,0.1479839968076628
952,190.527018012008,0.5,0.2,0.5,0.875,0.1404921525131835,0.35202801643738785,0.144767351401433,0.36271247964799586,0.1479839968076628
953,190.7271514342895,0.5,0.2,0.5,0.875,0.14049299489432196,0.35202380902776087,0.14476811429723455,0.3627150817806828,0.1479839968076628
954,190.92728485657105,0.5,0.2,0.5,0.875,0.14049388527739118,0.3520196699752651,0.1447689021767331,0.3627175425706108,0.1479839968076628
955,191.12741827885256,0.5,0.2,0.5,0.875,0.14049482202947247,0.3520156002123984,0.1447697139851842,0.3627198637729451,0.1479839968076628
956,191.32755170113407,0.5,0.2,0.5,0.875,0.14049580351881008,0.3520116006007619,0.14477054867194017,0.362722047208488,0.1479839968076628
957,191.5276851234156,0.5,0.2,0.5,0.875,0.14049682811481115,0.3520076719310599,0.1447714051904502,0.36272409476367895,0.1479839968076628
958,191.72781854569712,0.5,0.2,0.5,0.875,0.14049789418804573,0.3520038149230997,0.14477228249826038,0.3627260083905944,0.1479839968076628
959,191.92795196797866,0.5,0.2,0.5,0.875,0.14049900013178157,0.35200003025098586,0.14477317957409455,0.36272779004313815,0.1479839968076628
960,192.12808539026017,0.5,0.2,0.5,0.875,0.1405001444923259,0.35199631869561004,0.14477409552123882,0.36272944129082546,0.1479839968076628
961,192.32821881254168,0.5,0.2,0.5,0.875,0.14050132573776233,0.35199268087409075,0.14477502938410844,0.3627309640040386,0.1479839968076628
962,192.52835223482322,0.5,0.2,0.5,0.875,0.14050254231801435,0.35198911731004334,0.14477598019588875,0.3627323601760537,0.1479839968076628
963,192.72848565710473,0.5,0.2,0.5,0.875,0.1405037926908039,0.35198562846394954,0.14477694699912536,0.36273363184612134,0.1479839968076628
964,192.92861907938624,0.5,0.2,0.5,0.875,0.1405050753216518,0.35198221473315755,0.14477792884572405,0.3627347810994668,0.1479839968076628
965,193.12875250166778,0.5,0.2,0.5,0.875,0.14050638868387738,0.35197887645188214,0.1447789247969508,0.36273581006728983,0.1479839968076628
966,193.3288859239493,0.5,0.2,0.5,0.875,0.14050773125859872,0.3519756138912045,0.14477993392343186,0.36273672092676507,0.1479839968076628
967,193.52901934623083,0.5,0.2,0.5,0.875,0.1405091015347326,0.3519724272590724,0.14478095530515364,0.3627375159010415,0.1479839968076628
968,193.72915276851234,0.5,0.2,0.5,0.875,0.140510498011875,0.35196931670395315,0.14478198803264197,0.36273819725153006,0.1479839968076628
969,193.92928619079385,0.5,0.2,0.5,0.875,0.14051191933876928,0.3519662824904324,0.14478303126364103,0.36273876690715756,0.1479839968076628
970,194.12941961307538,0.5,0.2,0.5,0.875,0.14051336415864332,0.35196332480307796,0.14478408415980545,0.3627392268784735,0.1479839968076628
971,194.3295530353569,0.5,0.2,0.5,0.875,0.140514831067007,0.3519604436929206,0.1447851458694254,0.3627395793706472,0.1479839968076628
972,194.5296864576384,0.5,0.2,0.5,0.875,0.14051631867404635,0.35195763915657907,0.14478621555296636,0.36273982661640847,0.1479839968076628
973,194.72981987991994,0.5,0.2,0.5,0.875,0.14051782560462336,0.3519549111362602,0.14478729238306923,0.3627399708760475,0.1479839968076628
974,194.92995330220145,0.5,0.2,0.5,0.875,0.14051935049827619,0.35195225951975895,0.14478837554455015,0.362740014437415,0.1479839968076628
975,195.130086724483,0.5,0.2,0.5,0.875,0.14052089200921897,0.3519496841404583,0.14478946423440067,0.3627399596159223,0.1479839968076628
976,195.3302201467645,0.5,0.2,0.5,0.875,0.140522448806342,0.35194718477732945,0.14479055766178764,0.36273980875454115,0.1479839968076628
977,195.530353569046,0.5,0.2,0.5,0.875,0.1405240195732115,0.3519447611549317,0.1447916550480533,0.36273956422380377,0.1479839968076628
978,195.73048699132755,0.5,0.2,0.5,0.875,0.14052559896864708,0.35194242243480356,0.14479275272421943,0.36273922587233015,0.1479839968076628
979,195.93062041360906,0.5,0.2,0.5,0.875,0.14052719565270552,0.3519401460028949,0.14479385698993463,0.3627388013544651,0.1479839968076628
980,196.13075383589057,0.5,0.2,0.5,0.875,0.14052880214032956,0.35193794585810934,0.14479496265212022,0.3627382893494411,0.1479839968076628
981,196.3308872581721,0.5,0.2,0.5,0.875,0.14053041736642577,0.3519358213099416,0.14479606909836154,0.36273769222527125,0.1479839968076628
982,196.53102068045362,0.5,0.2,0.5,0.875,0.14053204026590074,0.3519337716678866,0.14479717571624395,0.36273701234996886,0.1479839968076628
983,196.73115410273516,0.5,0.2,0.5,0.875,0.1405336697736611,0.3519317962414391,0.1447982818933528,0.36273625209154714,0.1479839968076628
984,196.93128752501667,0.5,0.2,0.5,0.875,0.14053530482461343,0.351929894340094,0.14479938701727343,0.3627354138180193,0.1479839968076628
985,197.13142094729818,0.5,0.2,0.5,0.875,0.14053694435366434,0.351928065273346,0.14480049047559124,0.3627344998973986,0.1479839968076628
986,197.33155436957972,0.5,0.2,0.5,0.875,0.1405385872957204,0.3519263083506901,0.14480159165589152,0.36273351269769816,0.1479839968076628
987,197.53168779186123,0.5,0.2,0.5,0.875,0.14054023261514945,0.3519246229082654,0.1448026899670839,0.3627324545095014,0.1479839968076628
988,197.73182121414274,0.5,0.2,0.5,0.875,0.14054187939533996,0.3519230083898524,0.1448037849042258,0.36273132731058205,0.1479839968076628
989,197.93195463642428,0.5,0.2,0.5,0.875,0.1405435266297766,0.3519214641579233,0.14480487589730184,0.3627301333149985,0.1479839968076628
990,198.1320880587058,0.5,0.2,0.5,0.875,0.14054517329787955,0.3519199895622307,0.14480596236611656,0.36272887477377336,0.1479839968076628
991,198.33222148098733,0.5,0.2,0.5,0.875,0.1405468183790691,0.35191858395252706,0.14480704373047465,0.36272755393792944,0.1479839968076628
992,198.53235490326884,0.5,0.2,0.5,0.875,0.1405484608527654,0.3519172466785649,0.14480811941018062,0.3627261730584893,0.1479839968076628
993,198.73248832555035,0.5,0.2,0.5,0.875,0.14055009969838872,0.3519159770900967,0.14480918882503913,0.3627247343864757,0.1479839968076628
994,198.9326217478319,0.5,0.2,0.5,0.875,0.14055173389897593,0.3519147745334101,0.14481025139729614,0.3627232401703181,0.1479839968076628
995,199.1327551701134,0.5,0.2,0.5,0.875,0.14055336279329123,0.35191363801398595,0.14481130678932747,0.3627216924033956,0.1479839968076628
996,199.3328885923949,0.5,0.2,0.5,0.875,0.14055498570121736,0.35191256655539493,0.1448123546507631,0.3627200930926248,0.1479839968076628
997,199.53302201467645,0.5,0.2,0.5,0.875,0.14055660174727597,0.3519115593683742,0.14481339449935682,0.36271844438499323,0.1479839968076628
998,199.73315543695796,0.5,0.2,0.5,0.875,0.14055821005598879,0.35191061566366105,0.14481442585286236,0.362716748427488,0.1479839968076628
999,199.9332888592395,0.5,0.2,0.5,0.875,0.14055980975187757,0.3519097346519926,0.14481544822903353,0.36271500736709655,0.1479839968076628
1000,200.133422281521,0.5,0.2,0.5,0.875,0.14056139995946398,0.3519089155441061,0.14481646114562402,0.36271322335080614,0.1479839968076628
1001,200.33355570380252,0.5,0.2,0.5,0.875,0.1405629798032698,0.3519081575507388,0.14481746412038762,0.362711398525604,0.1479839968076628
1002,200.53368912608406,0.5,0.2,0.5,0.875,0.1405645485504402,0.35190745976575644,0.14481845676315924,0.36270953492064434,0.1479839968076628
1003,200.73382254836557,0.5,0.2,0.5,0.875,0.14056610589550153,0.35190682093281206,0.14481943895970104,0.3627076342119856,0.1479839968076628
1004,200.93395597064708,0.5,0.2,0.5,0.875,0.14056765117237796,0.35190624009105015,0.1448204103629619,0.3627056983736102,0.1479839968076628
1005,201.13408939292862,0.5,0.2,0.5,0.875,0.14056918367690407,0.35190571631082734,0.14482137060129927,0.36270372941096957,0.1479839968076628
1006,201.33422281521013,0.5,0.2,0.5,0.875,0.14057070270491437,0.3519052486625004,0.1448223193030705,0.362701729329515,0.1479839968076628
1007,201.53435623749166,0.5,0.2,0.5,0.875,0.14057220755224342,0.35190483621642593,0.14482325609663296,0.3626997001346979,0.1479839968076628
1008,201.73448965977317,0.5,0.2,0.5,0.875,0.1405736975147258,0.35190447804296077,0.144824180610344,0.3626976438319697,0.1479839968076628
1009,201.93462308205469,0.5,0.2,0.5,0.875,0.14057517452534946,0.351904171825318,0.1448250941578525,0.3626955594914803,0.1479839968076628
1010,202.13475650433622,0.5,0.2,0.5,0.875,0.14057663190702382,0.35190391977561486,0.1448259925504759,0.3626934557668857,0.1479839968076628
1011,202.33488992661773,0.5,0.2,0.5,0.875,0.14057807355836413,0.35190371854314384,0.14482687835801106,0.3626913295404812,0.1479839968076628
1012,202.53502334889924,0.5,0.2,0.5,0.875,0.14057949881294768,0.3519035671784091,0.14482775123293506,0.36268918277570844,0.1479839968076628
1013,202.73515677118078,0.5,0.2,0.5,0.875,0.14058090702676881,0.3519034647201232,0.14482861084205087,0.3626870174110574,0.1479839968076628
1014,202.9352901934623,0.5,0.2,0.5,0.875,0.14058229757823898,0.3519034101952074,0.14482945686648716,0.36268483536006674,0.1479839968076628
1015,203.13542361574383,0.5,0.2,0.5,0.875,0.14058366986818663,0.3519034026187915,0.14483028900169842,0.3626826385113237,0.1479839968076628
1016,203.33555703802534,0.5,0.2,0.5,0.875,0.1405850233198573,0.35190344099421406,0.14483110695746493,0.36268042872846395,0.1479839968076628
1017,203.53569046030685,0.5,0.2,0.5,0.875,0.14058635749012174,0.35190352429664196,0.14483191052663819,0.3626782076865984,0.1479839968076628
1018,203.7358238825884,0.5,0.2,0.5,0.875,0.14058767220813714,0.35190365145264657,0.1448326996708573,0.36267597666835927,0.1479839968076628
1019,203.9359573048699,0.5,0.2,0.5,0.875,0.14058896710424731,0.3519038214095937,0.14483347422932913,0.3626737372568301,0.1479839968076628
1020,204.1360907271514,0.5,0.2,0.5,0.875,0.14059024182583588,0.3519040331038499,0.14483423405226223,0.36267149101805224,0.1479839968076628
1021,204.33622414943295,0.5,0.2,0.5,0.875,0.14059149605298496,0.35190428545847574,0.14483497901054665,0.3626692394779929,0.1479839968076628
1022,204.53635757171446,0.5,0.2,0.5,0.875,0.1405927294984752,0.3519045773832262,0.1448357089957539,0.3626669841225449,0.1479839968076628
1023,204.736490993996,0.5,0.2,0.5,0.875,0.1405939419077858,0.3519049077745505,0.14483642392013696,0.36266472639752695,0.1479839968076628
1024,204.9366244162775,0.5,0.2,0.5,0.875,0.14059513305909443,0.351905275515592,0.1448371237166303,0.36266246770868354,0.1479839968076628
1025,205.13675783855902,0.5,0.2,0.5,0.875,0.14059630276327734,0.3519056794761882,0.14483780833884982,0.36266020942168486,0.1479839968076628
1026,205.33689126084056,0.5,0.2,0.5,0.875,0.14059745086390923,0.3519061185128711,0.14483847776109293,0.36265795286212693,0.1479839968076628
1027,205.53702468312207,0.5,0.2,0.5,0.875,0.1405985772372634,0.3519065914688667,0.1448391319783385,0.3626556993155316,0.1479839968076628
1028,205.7371581054036,0.5,0.2,0.5,0.875,0.1405996816378134,0.351907097356583,0.14483977090097286,0.362653450104631,0.1479839968076628
1029,205.93729152768512,0.5,0.2,0.5,0.875,0.14060076367978733,0.3519076353793969,0.14484039434222118,0.3626512065985949,0.1479839968076628
1030,206.13742494996663,0.5,0.2,0.5,0.875,0.1406018232126837,0.3519082044881094,0.14484100227402102,0.3626489700251862,0.1479839968076628
1031,206.33755837224817,0.5,0.2,0.5,0.875,0.14060286011271902,0.3519088036272796,0.14484159468491634,0.3626467415750853,0.1479839968076628
1032,206.53769179452968,0.5,0.2,0.5,0.875,0.14060387427890897,0.3519094317398538,0.14484217157738713,0.36264452240385037,0.1479839968076628
1033,206.7378252168112,0.5,0.2,0.5,0.875,0.1406048656330682,0.3519100877671652,0.14484273296784955,0.3626423136319173,0.1479839968076628
1034,206.93795863909273,0.5,0.2,0.5,0.875,0.14060583411981056,0.3519107706489341,0.14484327888665574,0.36264011634459986,0.1479839968076628
1035,207.13809206137424,0.5,0.2,0.5,0.875,0.14060677970654892,0.351911479323268,0.14484380937809396,0.3626379315920894,0.1479839968076628
1036,207.33822548365578,0.5,0.2,0.5,0.875,0.14060770238349526,0.3519122127266613,0.1448443245003885,0.3626357603894552,0.1479839968076628
1037,207.5383589059373,0.5,0.2,0.5,0.875,0.14060860216366064,0.3519129697939956,0.14484482432569976,0.36263360371664427,0.1479839968076628
1038,207.7384923282188,0.5,0.2,0.5,0.875,0.14060947908285518,0.3519137494585396,0.14484530894012418,0.36263146251848133,0.1479839968076628
1039,207.93862575050034,0.5,0.2,0.5,0.875,0.14061033305891446,0.3519145508371875,0.14484577834651005,0.3626293377573883,0.1479839968076628
1040,208.13875917278185,0.5,0.2,0.5,0.875,0.14061116397953163,0.35191537311488413,0.14484623252509324,0.36262723038049127,0.1479839968076628
1041,208.33889259506336,0.5,0.2,0.5,0.875,0.14061197186741836,0.3519162153272965,0.14484667154751715,0.3626251412577683,0.1479839968076628
1042,208.5390260173449,0.5,0.2,0.5,0.875,0.1406127567614923,0.35191707651715415,0.1448470954948097,0.3626230712265442,0.1479839968076628
1043,208.7391594396264,0.5,0.2,0.5,0.875,0.14061351871687522,0.35191795573425166,0.144847504457382,0.3626210210914914,0.1479839968076628
1044,208.93929286190794,0.5,0.2,0.5,0.875,0.14061425780489323,0.3519188520354487,0.14484789853502847,0.3626189916246299,0.1479839968076628
1045,209.13942628418945,0.5,0.2,0.5,0.875,0.14061497411307658,0.3519197644846699,0.14484827783692672,0.3626169835653271,0.1479839968076628
1046,209.33955970647096,0.5,0.2,0.5,0.875,0.1406156677451597,0.35192069215290495,0.1448486424816376,0.3626149976202981,0.1479839968076628
1047,209.5396931287525,0.5,0.2,0.5,0.875,0.14061633882108132,0.3519216341182084,0.1448489925971052,0.3626130344636054,0.1479839968076628
1048,209.739826551034,0.5,0.2,0.5,0.875,0.14061698747698423,0.35192258946570015,0.1448493283206569,0.3626110947366591,0.1479839968076628
1049,209.93995997331552,0.5,0.2,0.5,0.875,0.1406176138636841,0.35192355728886465,0.1448496497980062,0.36260917904944534,0.1479839968076628
1050,210.14009339559706,0.5,0.2,0.5,0.875,0.14061821803664526,0.3519245367829412,0.14484995711162277,0.3626072880687911,0.1479839968076628
1051,210.34022681787857,0.5,0.2,0.5,0.875,0.14061880007561017,0.35192552714338077,0.1448502503586158,0.3626054224223936,0.1479839968076628
1052,210.5403602401601,0.5,0.2,0.5,0.875,0.14061936012914036,0.35192652752803927,0.14485052967973228,0.3626035826630884,0.1479839968076628
1053,210.74049366244162,0.5,0.2,0.5,0.875,0.14061989835780847,0.3519275371053968,0.14485079522237249,0.3626017693144225,0.1479839968076628
1054,210.94062708472313,0.5,0.2,0.5,0.875,0.14062041493419822,0.35192855505455767,0.14485104714059013,0.36259998287065426,0.1479839968076628
1055,211.14076050700467,0.5,0.2,0.5,0.875,0.14062091004290447,0.35192958056525026,0.14485128559509225,0.3625982237967533,0.1479839968076628
1056,211.34089392928618,0.5,0.2,0.5,0.875,0.14062138388053316,0.3519306128378272,0.14485151075323924,0.3625964925284007,0.1479839968076628
1057,211.5410273515677,0.5,0.2,0.5,0.875,0.14062183665570144,0.35193165108326513,0.14485172278904485,0.36259478947198887,0.1479839968076628
1058,211.74116077384923,0.5,0.2,0.5,0.875,0.14062226858903742,0.35193269452316506,0.14485192188317625,0.36259311500462155,0.1479839968076628
1059,211.94129419613074,0.5,0.2,0.5,0.875,0.14062267991318048,0.35193374238975206,0.14485210822295394,0.3625914694741138,0.1479839968076628
1060,212.14142761841228,0.5,0.2,0.5,0.875,0.1406230708679291,0.35193479393018606,0.14485228199914324,0.3625898532027419,0.1479839968076628
1061,212.3415610406938,0.5,0.2,0.5,0.875,0.14062344161024837,0.35193584848651743,0.14485244334644276,0.36258826655679177,0.1479839968076628
1062,212.5416944629753,0.5,0.2,0.5,0.875,0.14062379234082667,0.3519369053832455,0.14485259242717546,0.36258670984875274,0.1479839968076628
1063,212.74182788525684,0.5,0.2,0.5,0.875,0.1406241233000204,0.3519379639309214,0.14485272942860708,0.3625851833404515,0.1479839968076628
1064,212.94196130753835,0.5,0.2,0.5,0.875,0.14062443473700542,0.3519390234535562,0.14485285454254612,0.36258368726689255,0.1479839968076628
1065,213.14209472981986,0.5,0.2,0.5,0.875,0.1406247269097772,0.35194008328862075,0.1448529679653439,0.3625822218362585,0.1479839968076628
1066,213.3422281521014,0.5,0.2,0.5,0.875,0.14062500008515064,0.3519411427870456,0.1448530698978944,0.36258078722990966,0.1479839968076628
1067,213.5423615743829,0.5,0.2,0.5,0.875,0.14062525453876018,0.3519422013132212,0.14485316054563446,0.36257938360238445,0.1479839968076628
1068,213.74249499666445,0.5,0.2,0.5,0.875,0.1406254905550597,0.3519432582449977,0.14485324011854375,0.36257801108139914,0.1479839968076628
1069,213.94262841894596,0.5,0.2,0.5,0.875,0.14062570842732275,0.3519443129736852,0.14485330883114458,0.36257666976784775,0.1479839968076628
1070,214.14276184122747,0.5,0.2,0.5,0.875,0.1406259084576422,0.3519453649040534,0.14485336690250217,0.3625753597358025,0.1479839968076628
1071,214.342895263509,0.5,0.2,0.5,0.875,0.14062609094489809,0.35194641345847905,0.14485341454859643,0.36257408104802674,0.1479839968076628
1072,214.54302868579052,0.5,0.2,0.5,0.875,0.14062625609234844,0.3519474581087956,0.14485345192373922,0.36257283387511713,0.1479839968076628
1073,214.74316210807203,0.5,0.2,0.5,0.875,0.14062640416872063,0.3519484983207712,0.14485347922269845,0.3625716182878101,0.1479839968076628
1074,214.94329553035357,0.5,0.2,0.5,0.875,0.1406265354707294,0.35194953356702746,0.14485349665693628,0.3625704343053073,0.1479839968076628
1075,215.14342895263508,0.5,0.2,0.5,0.875,0.14062665030091342,0.3519505633346783,0.14485350444055858,0.36256928192385013,0.1479839968076628
1076,215.34356237491662,0.5,0.2,0.5,0.875,0.14062674896763525,0.3519515871253297,0.14485350279031498,0.3625681611167204,0.1479839968076628
1077,215.54369579719813,0.5,0.2,0.5,0.875,0.14062683178508134,0.35195260445508025,0.14485349192559877,0.36256707183424003,0.1479839968076628
1078,215.74382921947964,0.5,0.2,0.5,0.875,0.140626899073262,0.3519536148545205,0.1448534720684469,0.362566014003771,0.1479839968076628
1079,215.94396264176117,0.5,0.2,0.5,0.875,0.14062695115801152,0.3519546178687334,0.1448534434435401,0.3625649875297154,0.1479839968076628
1080,216.14409606404269,0.5,0.2,0.5,0.875,0.140626988370988,0.3519556130572941,0.14485340627820278,0.3625639922935155,0.1479839968076628
1081,216.3442294863242,0.5,0.2,0.5,0.875,0.1406270110496735,0.3519565999942701,0.14485336080240302,0.36256302815365377,0.1479839968076628
1082,216.54436290860573,0.5,0.2,0.5,0.875,0.14062701953737397,0.3519575782682211,0.14485330724875264,0.36256209494565267,0.1479839968076628
1083,216.74449633088724,0.5,0.2,0.5,0.875,0.14062701413884887,0.3519585474847337,0.14485324582559744,0.3625611925508204,0.1479839968076628
1084,216.94462975316878,0.5,0.2,0.5,0.875,0.1406269950823108,0.35195950726859176,0.14485317669397046,0.36256032095512736,0.1479839968076628
1085,217.1447631754503,0.5,0.2,0.5,0.875,0.1406269626827027,0.35196045725445013,0.14485310006661684,0.3625594799962308,0.1479839968076628
1086,217.3448965977318,0.5,0.2,0.5,0.875,0.14062691726183774,0.3519613970913959,0.14485301615955987,0.3625586694872069,0.1479839968076628
1087,217.54503002001334,0.5,0.2,0.5,0.875,0.14062685914413403,0.3519623264431925,0.1448529251895144,0.3625578892231595,0.1479839968076628
1088,217.74516344229485,0.5,0.2,0.5,0.875,0.14062678865661454,0.3519632449882793,0.1448528273738866,0.36255713898121994,0.1479839968076628
1089,217.94529686457636,0.5,0.2,0.5,0.875,0.14062670612890713,0.351964152419772,0.14485272293077422,0.362556418520547,0.1479839968076628
1090,218.1454302868579,0.5,0.2,0.5,0.875,0.14062661189324457,0.35196504844546245,0.14485261207896633,0.36255572758232707,0.1479839968076628
1091,218.3455637091394,0.5,0.2,0.5,0.875,0.14062650628446455,0.35196593278781846,0.14485249503794348,0.36255506588977393,0.1479839968076628
1092,218.54569713142095,0.5,0.2,0.5,0.875,0.1406263896400096,0.3519668051839841,0.1448523720278777,0.362554433148129,0.1479839968076628
1093,218.74583055370246,0.5,0.2,0.5,0.875,0.1406262622999272,0.35196766538577956,0.14485224326963245,0.36255382904466116,0.1479839968076628
1094,218.94596397598397,0.5,0.2,0.5,0.875,0.14062612460631227,0.3519685131594632,0.1448521089844415,0.36255325324978344,0.1479839968076628
1095,219.1460973982655,0.5,0.2,0.5,0.875,0.14062597682916625,0.3519693482540649,0.14485196935120973,0.3625527055655595,0.1479839968076628
1096,219.34623082054702,0.5,0.2,0.5,0.875,0.14062581924096618,0.35197017043323564,0.14485182454945875,0.36255218577633985,0.1479839968076628
1097,219.54636424282853,0.5,0.2,0.5,0.875,0.1406256521580841,0.35197097949293793,0.14485167478318176,0.36255169356579664,0.1479839968076628
1098,219.74649766511007,0.5,0.2,0.5,0.875,0.14062547589692495,0.3519717752427118,0.144851520255582,0.3625512286047817,0.1479839968076628
1099,219.94663108739158,0.5,0.2,0.5,0.875,0.1406252907739264,0.35197255750567485,0.14485136116907288,0.3625507905513263,0.1479839968076628
1100,220.14676450967312,0.5,0.2,0.5,0.875,0.14062509710555893,0.3519733261185224,0.14485119772527777,0.36255037905064136,0.1479839968076628
1101,220.34689793195463,0.5,0.2,0.5,0.875,0.14062489520832572,0.3519740809315271,0.14485103012503023,0.3625499937351174,0.1479839968076628
1102,220.54703135423614,0.5,0.2,0.5,0.875,0.1406246853987628,0.3519748218085393,0.14485085856837396,0.3625496342243244,0.1479839968076628
1103,220.74716477651768,0.5,0.2,0.5,0.875,0.14062446799343895,0.35197554862698693,0.14485068325456268,0.3625493001250119,0.1479839968076628
1104,220.9472981987992,0.5,0.2,0.5,0.875,0.14062424330895576,0.3519762612778754,0.14485050438206024,0.36254899103110905,0.1479839968076628
1105,221.1474316210807,0.5,0.2,0.5,0.875,0.14062401166194757,0.35197695966578785,0.14485032214854054,0.36254870652372445,0.1479839968076628
1106,221.34756504336224,0.5,0.2,0.5,0.875,0.14062377336012652,0.3519776437008039,0.1448501367458942,0.3625484461931757,0.1479839968076628
1107,221.54769846564375,0.5,0.2,0.5,0.875,0.14062352864264577,0.3519783132446858,0.14484994832697343,0.3625482097856954,0.1479839968076628
1108,221.7478318879253,0.5,0.2,0.5,0.875,0.14062327778797762,0.351978968208224,0.14484975706574757,0.36254799693805123,0.1479839968076628
1109,221.9479653102068,0.5,0.2,0.5,0.875,0.1406230210860461,0.35197960852609067,0.14484956314176356,0.3625478072461001,0.1479839968076628
1110,222.1480987324883,0.5,0.2,0.5,0.875,0.14062275882483394,0.3519802341447543,0.14484936673267762,0.3625476402977345,0.1479839968076628
1111,222.34823215476985,0.5,0.2,0.5,0.875,0.14062249129038265,0.3519808450224798,0.14484916801425532,0.36254749567288264,0.1479839968076628
1112,222.54836557705136,0.5,0.2,0.5,0.875,0.14062221876679248,0.35198144112932805,0.14484896716037163,0.36254737294350825,0.1479839968076628
1113,222.74849899933287,0.5,0.2,0.5,0.875,0.1406219415362225,0.3519820224471564,0.14484876434301078,0.36254727167361067,0.1479839968076628
1114,222.9486324216144,0.5,0.2,0.5,0.875,0.14062165987889053,0.3519825889696184,0.1448485597322664,0.36254719141922503,0.1479839968076628
1115,223.14876584389592,0.5,0.2,0.5,0.875,0.1406213740730731,0.3519831407021639,0.14484835349634145,0.3625471317284219,0.1479839968076628
1116,223.34889926617745,0.5,0.2,0.5,0.875,0.1406210843951056,0.351983677662039,0.1448481458015482,0.36254709214130754,0.1479839968076628
1117,223.54903268845896,0.5,0.2,0.5,0.875,0.14062079111938205,0.35198419987828605,0.14484793681230834,0.3625470721900239,0.1479839968076628
1118,223.74916611074048,0.5,0.2,0.5,0.875,0.14062049449842193,0.3519847073590672,0.1448477266810471,0.36254707146146403,0.1479839968076628
1119,223.949299533022,0.5,0.2,0.5,0.875,0.1406201947501065,0.35198520007074147,0.14484751554172262,0.36254708963742965,0.1479839968076628
1120,224.14943295530352,0.5,0.2,0.5,0.875,0.1406198921240934,0.35198567804673675,0.14484730354349637,0.36254712628567376,0.1479839968076628
1121,224.34956637758503,0.5,0.2,0.5,0.875,0.1406195868681875,0.35198614133242223,0.14484709083368388,0.36254718096570665,0.1479839968076628
1122,224.54969979986657,0.5,0.2,0.5,0.875,0.14061927922690204,0.3519865899827495,0.14484687755702555,0.36254725323332315,0.1479839968076628
1123,224.74983322214808,0.5,0.2,0.5,0.875,0.14061896944145844,0.3519870240622529,0.14484666385568631,0.3625473426406026,0.1479839968076628
1124,224.94996664442962,0.5,0.2,0.5,0.875,0.14061865774978657,0.35198744364504897,0.1448464498692559,0.36254744873590883,0.1479839968076628
1125,225.15010006671113,0.5,0.2,0.5,0.875,0.14061834438652457,0.35198784881483686,0.14484623573474875,0.3625475710638901,0.1479839968076628
1126,225.35023348899264,0.5,0.2,0.5,0.875,0.14061802958301883,0.35198823966489834,0.14484602158660392,0.3625477091654791,0.1479839968076628
1127,225.55036691127418,0.5,0.2,0.5,0.875,0.14061771356732417,0.3519886162980975,0.14484580755668527,0.3625478625778933,0.1479839968076628
1128,225.7505003335557,0.5,0.2,0.5,0.875,0.14061739656420358,0.351988978826881,0.14484559377428124,0.3625480308346344,0.1479839968076628
1129,225.9506337558372,0.5,0.2,0.5,0.875,0.14061707879479965,0.35198932737227,0.1448453803659708,0.36254821346695976,0.1479839968076628
1130,226.15076717811874,0.5,0.2,0.5,0.875,0.14061676044881188,0.3519896619785794,0.14484516744426323,0.3625484101283457,0.1479839968076628
1131,226.35090060040025,0.5,0.2,0.5,0.875,0.14061644171578086,0.3519899827093087,0.1448449551203716,0.3625486204545391,0.1479839968076628
1132,226.5510340226818,0.5,0.2,0.5,0.875,0.14061612279684776,0.35199028968318763,0.14484474350901425,0.3625488440109506,0.1479839968076628
1133,226.7511674449633,0.5,0.2,0.5,0.875,0.14061580388918588,0.3519905830264558,0.14484453272205827,0.36254908036230027,0.1479839968076628
1134,226.9513008672448,0.5,0.2,0.5,0.875,0.14061548518600064,0.35199086287286263,0.1448443228685192,0.3625493290726177,0.1479839968076628
1135,227.15143428952635,0.5,0.2,0.5,0.875,0.14061516687652956,0.35199112936366733,0.14484411405456127,0.36254958970524204,0.1479839968076628
1136,227.35156771180786,0.5,0.2,0.5,0.875,0.14061484914604225,0.3519913826476389,0.1448439063834973,0.36254986182282173,0.1479839968076628
1137,227.55170113408937,0.5,0.2,0.5,0.875,0.14061453217584047,0.3519916228810563,0.14484369995578872,0.36255014498731475,0.1479839968076628
1138,227.7518345563709,0.5,0.2,0.5,0.875,0.14061421614325806,0.351991850227708,0.1448434948690455,0.36255043875998866,0.1479839968076628
1139,227.95196797865242,0.5,0.2,0.5,0.875,0.14061390122166098,0.3519920648588926,0.14484329121802625,0.36255074270142035,0.1479839968076628
1140,228.15210140093396,0.5,0.2,0.5,0.875,0.14061358758044729,0.3519922669534184,0.14484308909463825,0.36255105637149626,0.1479839968076628
1141,228.35223482321547,0.5,0.2,0.5,0.875,0.14061327538504717,0.35199245669760343,0.14484288858793723,0.36255137932941234,0.1479839968076628
1142,228.55236824549698,0.5,0.2,0.5,0.875,0.14061296479692295,0.3519926342852756,0.14484268978412768,0.36255171113367396,0.1479839968076628
1143,228.75250166777852,0.5,0.2,0.5,0.875,0.14061265597230266,0.3519927999103027,0.14484249276624334,0.3625520513511515,0.1479839968076628
1144,228.95263509006003,0.5,0.2,0.5,0.875,0.14061234904077977,0.35199295364035177,0.1448422976087517,0.36255239971011693,0.1479839968076628
1145,229.15276851234154,0.5,0.2,0.5,0.875,0.14061204413741182,0.35199309560623887,0.1448421043856469,0.36255275587070257,0.1479839968076628
1146,229.35290193462308,0.5,0.2,0.5,0.875,0.1406117414002731,0.3519932259874914,0.14484191316983272,0.362553119442403,0.1479839968076628
1147,229.5530353569046,0.5,0.2,0.5,0.875,0.14061144096298872,0.3519933449683083,0.14484172403124013,0.36255349003746296,0.1479839968076628
1148,229.75316877918613,0.5,0.2,0.5,0.875,0.14061114295473487,0.3519934527375605,0.1448415370368275,0.3625538672708773,0.1479839968076628
1149,229.95330220146764,0.5,0.2,0.5,0.875,0.14061084750023875,0.35199354948879025,0.14484135225058042,0.3625542507603907,0.1479839968076628
1150,230.15343562374915,0.5,0.2,0.5,0.875,0.14061055471977849,0.3519936354202118,0.14484116973351183,0.3625546401264981,0.1479839968076628
1151,230.35356904603069,0.5,0.2,0.5,0.875,0.14061026472918323,0.3519937107347108,0.14484098954366195,0.3625550349924442,0.1479839968076628
1152,230.5537024683122,0.5,0.2,0.5,0.875,0.14060997763983307,0.35199377563984485,0.14484081173609828,0.36255543498422393,0.1479839968076628
1153,230.75383589059373,0.5,0.2,0.5,0.875,0.14060969355865918,0.35199383034784304,0.14484063636291566,0.3625558397305823,0.1479839968076628
1154,230.95396931287524,0.5,0.2,0.5,0.875,0.1406094125881436,0.3519938750756062,0.14484046347323618,0.36255624886301413,0.1479839968076628
1155,231.15410273515675,0.5,0.2,0.5,0.875,0.14060913482631948,0.3519939100447069,0.14484029311320928,0.3625566620157645,0.1479839968076628
1156,231.3542361574383,0.5,0.2,0.5,0.875,0.14060886036677087,0.35199393548138935,0.14484012532601165,0.36255707882582827,0.1479839968076628
1157,231.5543695797198,0.5,0.2,0.5,0.875,0.14060858929979736,0.3519939516001725,0.14483996015349285,0.3625574989465374,0.1479839968076628
1158,231.75450300200131,0.5,0.2,0.5,0.875,0.14060832171973528,0.35199395850076826,0.14483979764652005,0.3625579221329765,0.1479839968076628
1159,231.95463642428285,0.5,0.2,0.5,0.875,0.14060805771112983,0.3519939563627767,0.14483963784543935,0.36255834808065424,0.1479839968076628
1160,232.15476984656436,0.5,0.2,0.5,0.875,0.14060779735257836,0.3519939453915737,0.14483948078550626,0.3625587764703418,0.1479839968076628
1161,232.3549032688459,0.5,0.2,0.5,0.875,0.14060754071840714,0.35199392579470085,0.14483932649925502,0.3625592069876371,0.1479839968076628
1162,232.5550366911274,0.5,0.2,0.5,0.875,0.14060728787867144,0.35199389778186546,0.14483917501649868,0.36255963932296453,0.1479839968076628
1163,232.75517011340892,0.5,0.2,0.5,0.875,0.1406070388991555,0.35199386156494045,0.1448390263643291,0.36256007317157507,0.1479839968076628
1164,232.95530353569046,0.5,0.2,0.5,0.875,0.14060679384137253,0.35199381735796453,0.14483888056711694,0.36256050823354613,0.1479839968076628
1165,233.15543695797197,0.5,0.2,0.5,0.875,0.14060655276256473,0.35199376537714205,0.1448387376465116,0.3625609442137817,0.1479839968076628
1166,233.35557038025348,0.5,0.2,0.5,0.875,0.14060631571570317,0.35199370584084316,0.14483859762144125,0.3625613808220125,0.1479839968076628
1167,233.55570380253502,0.5,0.2,0.5,0.875,0.14060608274948805,0.3519936389696036,0.14483846050811292,0.3625618177727955,0.1479839968076628
1168,233.75583722481653,0.5,0.2,0.5,0.875,0.1406058539083484,0.35199356498612483,0.14483832632001242,0.3625622547855144,0.1479839968076628
1169,233.95597064709807,0.5,0.2,0.5,0.875,0.1406056292324423,0.3519934841152741,0.1448381950679043,0.3625626915843794,0.1479839968076628
1170,234.15610406937958,0.5,0.2,0.5,0.875,0.14060540875765673,0.3519933965840842,0.14483806675983193,0.36256312789842726,0.1479839968076628
1171,234.3562374916611,0.5,0.2,0.5,0.875,0.14060519252222334,0.35199330259644024,0.1448379414066981,0.3625635634746385,0.1479839968076628
1172,234.55637091394263,0.5,0.2,0.5,0.875,0.14060498058335158,0.3519932022694354,0.1448378190362957,0.3625639981109174,0.1479839968076628
1173,234.75650433622414,0.5,0.2,0.5,0.875,0.14060477297474933,0.351993095795911,0.14483769965747476,0.362564431571865,0.1479839968076628
1174,234.95663775850565,0.5,0.2,0.5,0.875,0.1406045697238104,0.351992983378691,0.14483758327464058,0.3625648636228581,0.1479839968076628
1175,235.1567711807872,0.5,0.2,0.5,0.875,0.14060437085419633,0.3519928652207038,0.14483746988993182,0.36256529403516813,0.1479839968076628
1176,235.3569046030687,0.5,0.2,0.5,0.875,0.1406041763858364,0.35199274152498194,0.1448373595032203,0.3625657225859614,0.1479839968076628
1177,235.55703802535024,0.5,0.2,0.5,0.875,0.1406039863349276,0.3519926124946623,0.14483725211211118,0.362566149058299,0.1479839968076628
1178,235.75717144763175,0.5,0.2,0.5,0.875,0.1406038007139347,0.3519924783329858,0.14483714771194278,0.3625665732411368,0.1479839968076628
1179,235.95730486991326,0.5,0.2,0.5,0.875,0.14060361953159012,0.3519923392432977,0.1448370462957868,0.3625669949293254,0.1479839968076628
1180,236.1574382921948,0.5,0.2,0.5,0.875,0.14060344279289413,0.35199219542904747,0.14483694785444814,0.36256741392361036,0.1479839968076628
1181,236.3575717144763,0.5,0.2,0.5,0.875,0.1406032704991146,0.3519920470937887,0.14483685237646493,0.36256783003063187,0.1479839968076628
1182,236.55770513675782,0.5,0.2,0.5,0.875,0.14060310264778728,0.3519918944411793,0.14483675984810862,0.3625682430629249,0.1479839968076628
1183,236.75783855903936,0.5,0.2,0.5,0.875,0.14060293923271552,0.3519917376749813,0.1448366702533839,0.36256865283891937,0.1479839968076628
1184,236.95797198132087,0.5,0.2,0.5,0.875,0.1406027802439705,0.35199157699906114,0.1448365835740287,0.36256905918293975,0.1479839968076628
1185,237.1581054036024,0.5,0.2,0.5,0.875,0.1406026256830455,0.3519914125884854,0.1448364998005187,0.36256946192795053,0.1479839968076628
1186,237.35823882588392,0.5,0.2,0.5,0.875,0.14060247557310507,0.3519912445699731,0.14483641893950958,0.3625698609174124,0.1479839968076628
1187,237.55837224816543,0.5,0.2,0.5,0.875,0.14060232990581056,0.35199107312331473,0.14483634097522446,0.36257025599565035,0.1479839968076628
1188,237.75850567044697,0.5,0.2,0.5,0.875,0.14060218866856947,0.3519908984293998,0.14483626588924084,0.36257064701279,0.1479839968076628
1189,237.95863909272848,0.5,0.2,0.5,0.875,0.14060205184581848,0.3519907206677697,0.1448361936614225,0.3625710338249894,0.1479839968076628
1190,238.15877251500999,0.5,0.2,0.5,0.875,0.1406019194190235,0.35199054001661767,0.14483612426991943,0.3625714162944395,0.1479839968076628
1191,238.35890593729152,0.5,0.2,0.5,0.875,0.1406017913666797,0.3519903566527887,0.14483605769116784,0.3625717942893639,0.1479839968076628
1192,238.55903935957303,0.5,0.2,0.5,0.875,0.14060166766431142,0.35199017075177963,0.1448359938998901,0.362572167684019,0.1479839968076628
1193,238.75917278185457,0.5,0.2,0.5,0.875,0.1406015482844723,0.35198998248773916,0.14483593286909494,0.3625725363586938,0.1479839968076628
1194,238.95930620413608,0.5,0.2,0.5,0.875,0.14060143319674517,0.35198979203346775,0.14483587457007718,0.36257290019971006,0.1479839968076628
1195,239.1594396264176,0.5,0.2,0.5,0.875,0.14060132236774212,0.35198959956041775,0.14483581897241796,0.36257325909942234,0.1479839968076628
1196,239.35957304869913,0.5,0.2,0.5,0.875,0.1406012157611044,0.3519894052386934,0.14483576604398457,0.36257361295621787,0.1479839968076628
1197,239.55970647098064,0.5,0.2,0.5,0.875,0.14060111333750258,0.35198920923705046,0.1448357157509306,0.36257396167451655,0.1479839968076628
1198,239.75983989326215,0.5,0.2,0.5,0.875,0.14060101505463643,0.35198901172289687,0.1448356680576958,0.36257430516477107,0.1479839968076628
1199,239.9599733155437,0.5,0.2,0.5,0.875,0.1406009208923418,0.35198881283402644,0.14483562294369368,0.3625746433299383,0.1479839968076628
1200,240.1601067378252,0.5,0.2,0.5,0.875,0.14060083084292288,0.35198861268950316,0.1448355803968858,0.3625749760706884,0.1479839968076628
1201,240.36024016010674,0.5,0.2,0.5,0.875,0.1406007448683093,0.35198841143789455,0.1448355403853056,0.36257530330849075,0.1479839968076628
1202,240.56037358238825,0.5,0.2,0.5,0.875,0.14060066292817797,0.3519882092256117,0.14483550287575014,0.3625756249704604,0.1479839968076628
1203,240.76050700466976,0.5,0.2,0.5,0.875,0.14060058498008698,0.3519880061967581,0.14483546783386891,0.3625759409892862,0.1479839968076628
1204,240.9606404269513,0.5,0.2,0.5,0.875,0.14060051097947568,0.3519878024931301,0.14483543522416392,0.36257625130323046,0.1479839968076628
1205,241.1607738492328,0.5,0.2,0.5,0.875,0.1406004408796646,0.35198759825421666,0.14483540500998965,0.3625765558561293,0.1479839968076628
1206,241.36090727151432,0.5,0.2,0.5,0.875,0.14060037463185546,0.3519873936171994,0.1448353771535531,0.36257685459739225,0.1479839968076628
1207,241.56104069379586,0.5,0.2,0.5,0.875,0.1406003121851312,0.35198718871695245,0.14483535161591377,0.3625771474820028,0.1479839968076628
1208,241.76117411607737,0.5,0.2,0.5,0.875,0.14060025348645597,0.35198698368604275,0.14483532835698368,0.36257743447051777,0.1479839968076628
1209,241.9613075383589,0.5,0.2,0.5,0.875,0.14060019848067518,0.3519867786547299,0.1448353073355273,0.36257771552906787,0.1479839968076628
1210,242.16144096064042,0.5,0.2,0.5,0.875,0.14060014711051533,0.35198657375096604,0.14483528850916164,0.36257799062935725,0.1479839968076628
1211,242.36157438292193,0.5,0.2,0.5,0.875,0.14060009931658424,0.351986369100396,0.14483527183435618,0.36257825974866387,0.1479839968076628
1212,242.56170780520347,0.5,0.2,0.5,0.875,0.14060005503759074,0.35198616482623546,0.144835257266573,0.362578522869601,0.1479839968076628
1213,242.76184122748498,0.5,0.2,0.5,0.875,0.14060001424316906,0.35198596103108815,0.14483524478118062,0.36257877994456245,0.1479839968076628
1214,242.9619746497665,0.5,0.2,0.5,0.875,0.14059997689988607,0.3519857578157758,0.14483523435179563,0.3625790309325428,0.1479839968076628
1215,243.16210807204803,0.5,0.2,0.5,0.875,0.14059994295262687,0.3519855552896496,0.14483522593842268,0.3625792758193011,0.1479839968076628
1216,243.36224149432954,0.5,0.2,0.5,0.875,0.1405999123449843,0.35198535355929567,0.14483521950044564,0.36257951459527465,0.1479839968076628
1217,243.56237491661108,0.5,0.2,0.5,0.875,0.140599885019259,0.3519851527285348,0.14483521499662735,0.3625797472555791,0.1479839968076628
1218,243.7625083388926,0.5,0.2,0.5,0.875,0.1405998609164591,0.35198495289842274,0.14483521238510982,0.3625799738000086,0.1479839968076628
1219,243.9626417611741,0.5,0.2,0.5,0.875,0.14059983997630066,0.35198475416724995,0.14483521162341415,0.36258019423303556,0.1479839968076628
1220,244.16277518345564,0.5,0.2,0.5,0.875,0.1405998221372073,0.3519845566305417,0.1448352126684405,0.36258040856381085,0.1479839968076628
1221,244.36290860573715,0.5,0.2,0.5,0.875,0.1405998073363104,0.3519843603810582,0.14483521547646813,0.36258061680616366,0.1479839968076628
1222,244.56304202801866,0.5,0.2,0.5,0.875,0.14059979550944898,0.35198416550879424,0.14483522000315543,0.3625808189786016,0.1479839968076628
1223,244.7631754503002,0.5,0.2,0.5,0.875,0.1405997865911699,0.35198397210097976,0.14483522620353992,0.36258101510431073,0.1479839968076628
1224,244.9633088725817,0.5,0.2,0.5,0.875,0.1405997805147276,0.35198378024207927,0.1448352340320381,0.3625812052111554,0.1479839968076628
1225,245.16344229486324,0.5,0.2,0.5,0.875,0.14059977721208425,0.35198359001379215,0.1448352434424457,0.36258138933167827,0.1479839968076628
1226,245.36357571714476,0.5,0.2,0.5,0.875,0.14059977741740476,0.35198340551221524,0.14483525462793911,0.3625815624424413,0.1479839968076628
1227,245.56370913942627,0.5,0.2,0.5,0.875,0.14059977928004952,0.3519832177173409,0.14483526702189328,0.3625817359807166,0.1479839968076628
1228,245.7638425617078,0.5,0.2,0.5,0.875,0.1405997838090889,0.35198303200066394,0.14483528090589184,0.36258190328435563,0.1479839968076628
1229,245.96397598398931,0.5,0.2,0.5,0.875,0.14059979093582908,0.3519828483976165,0.14483529623626673,0.36258206443028806,0.1479839968076628
1230,246.16410940627082,0.5,0.2,0.5,0.875,0.1405998005915762,0.3519826669436309,0.14483531296934982,0.36258221949544345,0.1479839968076628
1231,246.36424282855236,0.5,0.2,0.5,0.875,0.1405998127076364,0.35198248767413953,0.14483533106147303,0.3625823685567514,0.1479839968076628
1232,246.56437625083387,0.5,0.2,0.5,0.875,0.14059982721531594,0.3519823106245746,0.14483535046896828,0.3625825116911416,0.1479839968076628
1233,246.7645096731154,0.5,0.2,0.5,0.875,0.1405998440459209,0.35198213583036847,0.1448353711481675,0.36258264897554354,0.1479839968076628
1234,246.96464309539692,0.5,0.2,0.5,0.875,0.14059986313075748,0.35198196332695336,0.14483539305540258,0.36258278048688697,0.1479839968076628
1235,247.16477651767843,0.5,0.2,0.5,0.875,0.14059988440113186,0.3519817931497617,0.14483541614700543,0.36258290630210144,0.1479839968076628
1236,247.36490993995997,0.5,0.2,0.5,0.875,0.14059990778835021,0.35198162533422567,0.14483544037930796,0.3625830264981166,0.1479839968076628
1237,247.56504336224148,0.5,0.2,0.5,0.875,0.1405999332237187,0.3519814599157777,0.14483546570864209,0.36258314115186197,0.1479839968076628
1238,247.765176784523,0.5,0.2,0.5,0.875,0.1405999606385435,0.3519812969298499,0.14483549209133972,0.3625832503402673,0.1479839968076628
1239,247.96531020680453,0.5,0.2,0.5,0.875,0.14059998996413076,0.3519811364118748,0.1448355194837328,0.3625833541402621,0.1479839968076628
1240,248.16544362908604,0.5,0.2,0.5,0.875,0.14060002113616546,0.35198097839524684,0.14483554784491198,0.36258345262367614,0.1479839968076628
1241,248.36557705136758,0.5,0.2,0.5,0.875,0.14060005412629614,0.35198082289662497,0.14483557715662596,0.3625835458204534,0.1479839968076628
1242,248.5657104736491,0.5,0.2,0.5,0.875,0.14060008888126097,0.35198066994426014,0.1448356073849292,0.3625836337895501,0.1479839968076628
1243,248.7658438959306,0.5,0.2,0.5,0.875,0.14060012533940627,0.3519805195703085,0.14483563849058909,0.36258371659969657,0.1479839968076628
1244,248.96597731821214,0.5,0.2,0.5,0.875,0.14060016343907833,0.35198037180692626,0.14483567043437306,0.3625837943196228,0.1479839968076628
1245,249.16611074049365,0.5,0.2,0.5,0.875,0.1406002031186235,0.3519802266862695,0.14483570317704852,0.36258386701805895,0.1479839968076628
1246,249.36624416277516,0.5,0.2,0.5,0.875,0.14060024431638815,0.3519800842404943,0.14483573667938285,0.3625839347637351,0.1479839968076628
1247,249.5663775850567,0.5,0.2,0.5,0.875,0.14060028697071852,0.35197994450175696,0.14483577090214345,0.3625839976253815,0.1479839968076628
1248,249.7665110073382,0.5,0.2,0.5,0.875,0.14060033101996103,0.3519798075022135,0.14483580580609773,0.3625840556717282,0.1479839968076628
1249,249.96664442961975,0.5,0.2,0.5,0.875,0.14060037640246195,0.35197967327402013,0.1448358413520131,0.3625841089715053,0.1479839968076628
1250,250.16677785190126,0.5,0.2,0.5,0.875,0.1406004230565676,0.35197954184933294,0.14483587750065693,0.3625841575934429,0.1479839968076628
1251,250.36691127418277,0.5,0.2,0.5,0.875,0.14060047092062436,0.3519794132603081,0.14483591421279665,0.3625842016062713,0.1479839968076628
1252,250.5670446964643,0.5,0.2,0.5,0.875,0.1406005199329785,0.35197928753910185,0.14483595144919967,0.36258424107872045,0.1479839968076628
1253,250.76717811874582,0.5,0.2,0.5,0.875,0.1406005700319764,0.35197916471787016,0.14483598917063337,0.3625842760795205,0.1479839968076628
1254,250.96731154102733,0.5,0.2,0.5,0.875,0.14060062115661887,0.35197904482674086,0.14483602733837686,0.3625843066782638,0.1479839968076628
1255,251.16744496330887,0.5,0.2,0.5,0.875,0.14060067328240483,0.3519789277827326,0.14483606594224188,0.36258433299262105,0.1479839968076628
1256,251.36757838559038,0.5,0.2,0.5,0.875,0.14060072637479348,0.35197881353397753,0.14483610496419166,0.36258435512703774,0.1479839968076628
1257,251.56771180787192,0.5,0.2,0.5,0.875,0.14060078037996876,0.3519787020883426,0.1448361443711207,0.3625843731605684,0.1479839968076628
1258,251.76784523015343,0.5,0.2,0.5,0.875,0.14060083524411465,0.35197859345369464,0.14483618412992358,0.36258438717226754,0.1479839968076628
1259,251.96797865243494,0.5,0.2,0.5,0.875,0.14060089091341516,0.3519784876379007,0.14483622420749487,0.3625843972411897,0.1479839968076628
1260,252.16811207471648,0.5,0.2,0.5,0.875,0.14060094733405418,0.35197838464882764,0.14483626457072912,0.3625844034463894,0.1479839968076628
1261,252.368245496998,0.5,0.2,0.5,0.875,0.14060100445221574,0.3519782844943425,0.14483630518652088,0.3625844058669213,0.1479839968076628
1262,252.5683789192795,0.5,0.2,0.5,0.875,0.14060106221408378,0.3519781871823121,0.14483634602176468,0.3625844045818398,0.1479839968076628
1263,252.76851234156103,0.5,0.2,0.5,0.875,0.14060112056584226,0.3519780927206035,0.14483638704335514,0.3625843996701995,0.1479839968076628
1264,252.96864576384255,0.5,0.2,0.5,0.875,0.1406011794536752,0.35197800111708355,0.14483642821818676,0.3625843912110549,0.1479839968076628
1265,253.16877918612408,0.5,0.2,0.5,0.875,0.14060123882376652,0.35197791237961923,0.14483646951315413,0.36258437928346055,0.1479839968076628
1266,253.3689126084056,0.5,0.2,0.5,0.875,0.14060129862230017,0.3519778265160774,0.1448365108951518,0.362584363966471,0.1479839968076628
1267,253.5690460306871,0.5,0.2,0.5,0.875,0.14060135879546018,0.35197774353432515,0.1448365523310743,0.36258434533914075,0.1479839968076628
1268,253.76917945296864,0.5,0.2,0.5,0.875,0.14060141928943048,0.3519776634422293,0.1448365937878162,0.3625843234805244,0.1479839968076628
1269,253.96931287525015,0.5,0.2,0.5,0.875,0.14060148007913628,0.35197758618129144,0.14483663525368914,0.3625842984858836,0.1479839968076628
1270,254.16944629753166,0.5,0.2,0.5,0.875,0.1406015411597563,0.35197751164624635,0.14483667673209702,0.3625842704619007,0.1479839968076628
1271,254.3695797198132,0.5,0.2,0.5,0.875,0.14060160248762393,0.3519774398215252,0.1448367181974975,0.36258423949335383,0.1479839968076628
1272,254.5697131420947,0.5,0.2,0.5,0.875,0.14060166401866456,0.3519773706925014,0.14483675962404402,0.3625842056647904,0.1479839968076628
1273,254.76984656437625,0.5,0.2,0.5,0.875,0.14060172570880347,0.3519773042445486,0.14483680098589014,0.3625841690607582,0.1479839968076628
1274,254.96997998665776,0.5,0.2,0.5,0.875,0.14060178751396596,0.3519772404630403,0.14483684225718935,0.3625841297658048,0.1479839968076628
1275,255.17011340893927,0.5,0.2,0.5,0.875,0.14060184939007736,0.35197717933335004,0.1448368834120951,0.3625840878644779,0.1479839968076628
1276,255.3702468312208,0.5,0.2,0.5,0.875,0.14060191129306293,0.35197712084085137,0.14483692442476095,0.3625840434413251,0.1479839968076628
1277,255.57038025350232,0.5,0.2,0.5,0.875,0.140601973178848,0.35197706497091785,0.14483696526934037,0.36258399658089413,0.1479839968076628
1278,255.77051367578383,0.5,0.2,0.5,0.875,0.1406020350033579,0.35197701170892304,0.14483700591998686,0.36258394736773264,0.1479839968076628
1279,255.97064709806537,0.5,0.2,0.5,0.875,0.14060209672251792,0.3519769610402404,0.1448370463508539,0.3625838958863882,0.1479839968076628
1280,256.1707805203469,0.5,0.2,0.5,0.875,0.14060215829225334,0.3519769129502436,0.144837086536095,0.3625838422214085,0.1479839968076628
1281,256.3709139426284,0.5,0.2,0.5,0.875,0.1406022196684895,0.35197686742430606,0.14483712644986366,0.36258378645734124,0.1479839968076628
1282,256.57104736490993,0.5,0.2,0.5,0.875,0.14060228080715165,0.3519768244478014,0.14483716606631336,0.362583728678734,0.1479839968076628
1283,256.77118078719144,0.5,0.2,0.5,0.875,0.14060234168196084,0.3519767839833168,0.14483720537181294,0.3625836689629099,0.1479839968076628
1284,256.97131420947295,0.5,0.2,0.5,0.875,0.1406024023199609,0.35197674592516237,0.1448372443893332,0.3625836073655439,0.1479839968076628
1285,257.1714476317545,0.5,0.2,0.5,0.875,0.14060246269514143,0.35197671023558147,0.1448372831054274,0.3625835439638501,0.1479839968076628
1286,257.371581054036,0.5,0.2,0.5,0.875,0.14060252277563892,0.35197667688431183,0.14483732150263098,0.3625834788374187,0.1479839968076628
1287,257.57171447631754,0.5,0.2,0.5,0.875,0.14060258252958982,0.35197664584109134,0.14483735956347946,0.3625834120658398,0.1479839968076628
1288,257.77184789859905,0.5,0.2,0.5,0.875,0.14060264192513058,0.3519766170756578,0.14483739727050834,0.3625833437287037,0.1479839968076628
1289,257.97198132088056,0.5,0.2,0.5,0.875,0.1406027009303977,0.3519765905577491,0.1448374346062531,0.3625832739056006,0.1479839968076628
1290,258.1721147431621,0.5,0.2,0.5,0.875,0.14060275951352763,0.35197656625710305,0.14483747155324925,0.3625832026761206,0.1479839968076628
1291,258.37224816544364,0.5,0.2,0.5,0.875,0.1406028176426568,0.35197654414345747,0.14483750809403229,0.36258313011985394,0.1479839968076628
1292,258.57238158772515,0.5,0.2,0.5,0.875,0.1406028752859217,0.35197652418655023,0.1448375442111377,0.3625830563163909,0.1479839968076628
1293,258.77251501000666,0.5,0.2,0.5,0.875,0.1406029324114588,0.35197650635611916,0.144837579887101,0.3625829813453215,0.1479839968076628
1294,258.97264843228817,0.5,0.2,0.5,0.875,0.14060298898740456,0.3519764906219021,0.14483761510445767,0.36258290528623616,0.1479839968076628
1295,259.1727818545697,0.5,0.2,0.5,0.875,0.14060304498189544,0.3519764769536369,0.14483764984574324,0.36258282821872495,0.1479839968076628
1296,259.37291527685124,0.5,0.2,0.5,0.875,0.14060310036306792,0.35197646532106136,0.14483768409349315,0.36258275022237807,0.1479839968076628
1297,259.57304869913276,0.5,0.2,0.5,0.875,0.14060315510517069,0.35197645568995034,0.1448377178341783,0.3625826713707012,0.1479839968076628
1298,259.77318212141427,0.5,0.2,0.5,0.875,0.14060320924592204,0.3519764479849272,0.14483775109513414,0.36258259167401713,0.1479839968076628
1299,259.9733155436958,0.5,0.2,0.5,0.875,0.1406032627825994,0.3519764421568357,0.14483778387765844,0.36258251118290696,0.1479839968076628
1300,260.1734489659773,0.5,0.2,0.5,0.875,0.1406033156953971,0.3519764381675958,0.14483781617205013,0.3625824299649575,0.1479839968076628
1301,260.37358238825885,0.5,0.2,0.5,0.875,0.1406033679645095,0.35197643597912737,0.14483784796860813,0.3625823480877555,0.1479839968076628
1302,260.57371581054036,0.5,0.2,0.5,0.875,0.14060341957013098,0.3519764355533503,0.14483787925763136,0.3625822656188879,0.1479839968076628
1303,260.7738492328219,0.5,0.2,0.5,0.875,0.1406034704924558,0.3519764368521845,0.1448379100294187,0.36258218262594144,0.1479839968076628
1304,260.9739826551034,0.5,0.2,0.5,0.875,0.1406035207116784,0.35197643983754995,0.14483794027426913,0.362582099176503,0.1479839968076628
1305,261.1741160773849,0.5,0.2,0.5,0.875,0.14060357020799308,0.3519764444713665,0.14483796998248152,0.36258201533815937,0.1479839968076628
1306,261.37424949966646,0.5,0.2,0.5,0.875,0.1406036189615942,0.35197645071555406,0.1448379991443548,0.3625819311784974,0.1479839968076628
1307,261.574382921948,0.5,0.2,0.5,0.875,0.14060366695267612,0.3519764585320326,0.1448380277501879,0.3625818467651039,0.1479839968076628
1308,261.7745163442295,0.5,0.2,0.5,0.875,0.1406037141614332,0.35197646788272186,0.1448380557902797,0.36258176216556576,0.1479839968076628
1309,261.974649766511,0.5,0.2,0.5,0.875,0.14060376056805973,0.3519764787295419,0.14483808325492917,0.36258167744746966,0.1479839968076628
1310,262.1747831887925,0.5,0.2,0.5,0.875,0.14060380615275012,0.35197649103441264,0.14483811013443518,0.36258159267840256,0.1479839968076628
1311,262.374916611074,0.5,0.2,0.5,0.875,0.14060385089569868,0.3519765047592539,0.14483813641909668,0.36258150792595123,0.1479839968076628
1312,262.5750500333556,0.5,0.2,0.5,0.875,0.14060389479881663,0.35197651986269934,0.14483816211250758,0.3625814232259769,0.1479839968076628
1313,262.7751834556371,0.5,0.2,0.5,0.875,0.14060393790692402,0.3519765362968895,0.1448381872445305,0.3625813385516564,0.1479839968076628
1314,262.9753168779186,0.5,0.2,0.5,0.875,0.1406039802145437,0.35197655402157607,0.1448382118142362,0.36258125394964447,0.1479839968076628
1315,263.1754503002001,0.5,0.2,0.5,0.875,0.14060402171300185,0.35197657299699436,0.14483823581873853,0.36258116947126573,0.1479839968076628
1316,263.3755837224816,0.5,0.2,0.5,0.875,0.14060406239362455,0.3519765931833799,0.1448382592551512,0.3625810851678448,0.1479839968076628
1317,263.5757171447632,0.5,0.2,0.5,0.875,0.140604102247738,0.351976614540968,0.14483828212058802,0.3625810010907064,0.1479839968076628
1318,263.7758505670447,0.5,0.2,0.5,0.875,0.14060414126666837,0.35197663702999415,0.14483830441216278,0.3625809172911752,0.1479839968076628
1319,263.9759839893262,0.5,0.2,0.5,0.875,0.14060417944174175,0.35197666061069366,0.14483832612698921,0.3625808338205759,0.1479839968076628
1320,264.1761174116077,0.5,0.2,0.5,0.875,0.14060421676428433,0.351976685243302,0.14483834726218114,0.36258075073023305,0.1479839968076628
1321,264.37625083388923,0.5,0.2,0.5,0.875,0.14060425322562223,0.35197671088805454,0.1448383678148523,0.36258066807147143,0.1479839968076628
1322,264.5763842561708,0.5,0.2,0.5,0.875,0.1406042888170816,0.3519767375051867,0.14483838778211652,0.36258058589561565,0.1479839968076628
1323,264.7765176784523,0.5,0.2,0.5,0.875,0.1406043235299886,0.3519767650549339,0.14483840716108753,0.36258050425399047,0.1479839968076628
1324,264.9766511007338,0.5,0.2,0.5,0.875,0.1406043573556694,0.3519767934975315,0.14483842594887913,0.36258042319792044,0.1479839968076628
1325,265.17678452301533,0.5,0.2,0.5,0.875,0.1406043902854501,0.35197682279321496,0.1448384441426051,0.36258034277873036,0.1479839968076628
1326,265.37691794529684,0.5,0.2,0.5,0.875,0.14060442231080547,0.35197685290227426,0.14483846173946607,0.3625802630474547,0.1479839968076628
1327,265.57705136757835,0.5,0.2,0.5,0.875,0.14060445346154735,0.3519768837990802,0.14483847875908046,0.36258018398029257,0.1479839968076628
1328,265.7771847898599,0.5,0.2,0.5,0.875,0.14060448376503573,0.3519769154571031,0.14483849521963288,0.3625801055582289,0.1479839968076628
1329,265.9773182121414,0.5,0.2,0.5,0.875,0.14060451322149348,0.351976947839846,0.14483851112343946,0.36258002781522164,0.1479839968076628
1330,266.17745163442294,0.5,0.2,0.5,0.875,0.1406045418311434,0.35197698091081214,0.1448385264728163,0.36257995078522876,0.1479839968076628
1331,266.37758505670445,0.5,0.2,0.5,0.875,0.1406045695942084,0.3519770146335044,0.1448385412700796,0.3625798745022082,0.1479839968076628
1332,266.57771847898596,0.5,0.2,0.5,0.875,0.14060459651091123,0.35197704897142595,0.14483855551754546,0.36257979900011794,0.1479839968076628
1333,266.7778519012675,0.5,0.2,0.5,0.875,0.1406046225814748,0.3519770838880799,0.14483856921753,0.3625797243129159,0.1479839968076628
1334,266.97798532354904,0.5,0.2,0.5,0.875,0.1406046478061219,0.35197711934696924,0.14483858237234937,0.3625796504745601,0.1479839968076628
1335,267.17811874583055,0.5,0.2,0.5,0.875,0.14060467218507539,0.3519771553115971,0.1448385949843197,0.3625795775190084,0.1479839968076628
1336,267.37825216811206,0.5,0.2,0.5,0.875,0.1406046957185581,0.3519771917454666,0.1448386070557571,0.3625795054802188,0.1479839968076628
1337,267.57838559039357,0.5,0.2,0.5,0.875,0.14060471840679287,0.35197722861208075,0.14483861858897773,0.36257943439214924,0.1479839968076628
1338,267.77851901267513,0.5,0.2,0.5,0.875,0.14060474025000252,0.3519772658749426,0.1448386295862977,0.3625793642887577,0.1479839968076628
1339,267.97865243495664,0.5,0.2,0.5,0.875,0.14060476124840993,0.35197730349755535,0.1448386400500332,0.3625792952040021,0.1479839968076628
1340,268.17878585723815,0.5,0.2,0.5,0.875,0.14060478140223792,0.35197734144342196,0.14483864998250026,0.3625792271718405,0.1479839968076628
1341,268.37891927951966,0.5,0.2,0.5,0.875,0.14060480071580803,0.3519773796801882,0.1448386593882633,0.36257916021574105,0.1479839968076628
1342,268.5790527018012,0.5,0.2,0.5,0.875,0.14060481922654403,0.3519774182089568,0.1448386682900433,0.36257909427445645,0.1479839968076628
1343,268.7791861240827,0.5,0.2,0.5,0.875,0.14060483694866915,0.35197745700738126,0.14483867669783576,0.36257902934611436,0.1479839968076628
1344,268.97931954636425,0.5,0.2,0.5,0.875,0.14060485388873198,0.3519774960453583,0.14483868461742652,0.3625789654484837,0.1479839968076628
1345,269.17945296864576,0.5,0.2,0.5,0.875,0.14060487005328112,0.35197753529278447,0.14483869205460145,0.36257890259933345,0.1479839968076628
1346,269.3795863909273,0.5,0.2,0.5,0.875,0.14060488544886518,0.3519775747195565,0.14483869901514634,0.36257884081643255,0.1479839968076628
1347,269.5797198132088,0.5,0.2,0.5,0.875,0.14060490008203272,0.3519776142955709,0.14483870550484712,0.36257878011754985,0.1479839968076628
1348,269.7798532354903,0.5,0.2,0.5,0.875,0.14060491395933233,0.35197765399072434,0.14483871152948957,0.36257872052045426,0.1479839968076628
1349,269.97998665777186,0.5,0.2,0.5,0.875,0.14060492708731265,0.3519776937749135,0.14483871709485957,0.3625786620429148,0.1479839968076628
1350,270.18012008005337,0.5,0.2,0.5,0.875,0.1406049394725222,0.351977733618035,0.144838722206743,0.36257860470270026,0.1479839968076628
1351,270.3802535023349,0.5,0.2,0.5,0.875,0.14060495112150964,0.3519777734899855,0.14483872687092564,0.3625785485175797,0.1479839968076628
1352,270.5803869246164,0.5,0.2,0.5,0.875,0.14060496204082354,0.3519778133606616,0.1448387310931934,0.362578493505322,0.1479839968076628
1353,270.7805203468979,0.5,0.2,0.5,0.875,0.14060497223701246,0.3519778531999599,0.1448387348793321,0.3625784396836961,0.1479839968076628
1354,270.98065376917947,0.5,0.2,0.5,0.875,0.14060498171662503,0.35197789297777704,0.1448387382351276,0.3625783870704708,0.1479839968076628
1355,271.180787191461,0.5,0.2,0.5,0.875,0.14060499048620984,0.35197793266400973,0.14483874116636575,0.3625783356834152,0.1479839968076628
1356,271.3809206137425,0.5,0.2,0.5,0.875,0.14060499856100142,0.3519779722470023,0.14483874368297148,0.36257828550902527,0.1479839968076628
1357,271.581054036024,0.5,0.2,0.5,0.875,0.14060500596959405,0.3519780117434735,0.144838745801236,0.36257823648569687,0.1479839968076628
1358,271.7811874583055,0.5,0.2,0.5,0.875,0.1406050127230263,0.35197805113285613,0.14483874752908474,0.3625781886150332,0.1479839968076628
1359,271.981320880587,0.5,0.2,0.5,0.875,0.14060501883155932,0.35197809039293176,0.1448387488740727,0.36257814190143667,0.1479839968076628
1360,272.1814543028686,0.5,0.2,0.5,0.875,0.1406050243054542,0.3519781295014819,0.14483874984375483,0.3625780963493095,0.1479839968076628
1361,272.3815877251501,0.5,0.2,0.5,0.875,0.14060502915497217,0.3519781684362881,0.1448387504456861,0.36257805196305404,0.1479839968076628
1362,272.5817211474316,0.5,0.2,0.5,0.875,0.14060503339037425,0.351978207175132,0.14483875068742147,0.36257800874707263,0.1479839968076628
1363,272.7818545697131,0.5,0.2,0.5,0.875,0.14060503702192162,0.35197824569579517,0.14483875057651593,0.3625779667057677,0.1479839968076628
1364,272.98198799199463,0.5,0.2,0.5,0.875,0.1406050400598754,0.35197828397605907,0.14483875012052447,0.3625779258435414,0.1479839968076628
1365,273.1821214142762,0.5,0.2,0.5,0.875,0.1406050425144967,0.3519783219937054,0.14483874932700203,0.36257788616479625,0.1479839968076628
1366,273.3822548365577,0.5,0.2,0.5,0.875,0.1406050443960467,0.3519783597265156,0.1448387482035036,0.3625778476739345,0.1479839968076628
1367,273.5823882588392,0.5,0.2,0.5,0.875,0.1406050457147865,0.3519783971522713,0.14483874675758415,0.3625778103753584,0.1479839968076628
1368,273.7825216811207,0.5,0.2,0.5,0.875,0.1406050464809772,0.3519784342487541,0.14483874499679864,0.36257777427347043,0.1479839968076628
1369,273.98265510340224,0.5,0.2,0.5,0.875,0.14060504670488,0.3519784709937455,0.14483874292870205,0.3625777393726728,0.1479839968076628
1370,274.1827885256838,0.5,0.2,0.5,0.875,0.14060504639675597,0.3519785073650271,0.14483874056084936,0.3625777056773679,0.1479839968076628
1371,274.3829219479653,0.5,0.2,0.5,0.875,0.14060504556755263,0.3519785433438397,0.144838737900998,0.36257767318761,0.1479839968076628
1372,274.5830553702468,0.5,0.2,0.5,0.875,0.14060504423745915,0.3519785789580045,0.14483873495963195,0.36257764184490476,0.1479839968076628
1373,274.78318879252834,0.5,0.2,0.5,0.875,0.1406050424212923,0.3519786142082642,0.14483873174565018,0.3625776116247937,0.1479839968076628
1374,274.98332221480985,0.5,0.2,0.5,0.875,0.14060504013099043,0.3519786490808541,0.14483872826710248,0.3625775825210534,0.1479839968076628
1375,275.18345563709136,0.5,0.2,0.5,0.875,0.14060503737849192,0.35197868356200934,0.14483872453203864,0.3625775545274605,0.1479839968076628
1376,275.3835890593729,0.5,0.2,0.5,0.875,0.1406050341757352,0.35197871763796523,0.14483872054850844,0.36257752763779155,0.1479839968076628
1377,275.58372248165443,0.5,0.2,0.5,0.875,0.1406050305346586,0.3519787512949569,0.1448387163245617,0.3625775018458232,0.1479839968076628
1378,275.78385590393594,0.5,0.2,0.5,0.875,0.1406050264672005,0.35197878451921966,0.14483871186824818,0.36257747714533206,0.1479839968076628
1379,275.98398932621745,0.5,0.2,0.5,0.875,0.14060502198529926,0.35197881729698866,0.14483870718761768,0.3625774535300948,0.1479839968076628
1380,276.18412274849896,0.5,0.2,0.5,0.875,0.1406050171008933,0.35197884961449916,0.14483870229072002,0.36257743099388795,0.1479839968076628
1381,276.38425617078053,0.5,0.2,0.5,0.875,0.14060501182592094,0.35197888145798634,0.14483869718560496,0.3625774095304881,0.1479839968076628
1382,276.58438959306204,0.5,0.2,0.5,0.875,0.1406050061723206,0.3519789128136855,0.14483869188032233,0.362577389133672,0.1479839968076628
1383,276.78452301534355,0.5,0.2,0.5,0.875,0.14060500015203065,0.3519789436678317,0.1448386863829219,0.3625773697972161,0.1479839968076628
1384,276.98465643762506,0.5,0.2,0.5,0.875,0.14060499377698946,0.35197897400666034,0.14483868070145345,0.3625773515148971,0.1479839968076628
1385,277.1847898599066,0.5,0.2,0.5,0.875,0.1406049870591354,0.35197900381640657,0.1448386748439668,0.3625773342804916,0.1479839968076628
1386,277.38492328218814,0.5,0.2,0.5,0.875,0.14060498001040683,0.3519790330833056,0.14483866881851173,0.3625773180877762,0.1479839968076628
1387,277.58505670446965,0.5,0.2,0.5,0.875,0.1406049726417527,0.351979061817494,0.14483866263111958,0.3625773029096341,0.1479839968076628
1388,277.78519012675116,0.5,0.2,0.5,0.875,0.14060496496338015,0.35197909004702715,0.14483865628630854,0.36257728870328454,0.1479839968076628
1389,277.98532354903267,0.5,0.2,0.5,0.875,0.14060495698689188,0.35197911776624946,0.14483864979144356,0.3625772754554155,0.1479839968076628
1390,278.1854569713142,0.5,0.2,0.5,0.875,0.14060494872390794,0.3519791449690853,0.1448386431539251,0.36257726315308214,0.1479839968076628
1391,278.3855903935957,0.5,0.2,0.5,0.875,0.14060494018604838,0.3519791716494588,0.14483863638115363,0.36257725178333966,0.1479839968076628
1392,278.58572381587726,0.5,0.2,0.5,0.875,0.1406049313849333,0.3519791978012944,0.14483862948052964,0.36257724133324315,0.1479839968076628
1393,278.78585723815877,0.5,0.2,0.5,0.875,0.14060492233218275,0.3519792234185163,0.14483862245945353,0.36257723178984785,0.1479839968076628
1394,278.9859906604403,0.5,0.2,0.5,0.875,0.14060491303941683,0.35197924849504886,0.14483861532532583,0.36257722314020896,0.1479839968076628
1395,279.1861240827218,0.5,0.2,0.5,0.875,0.14060490351825558,0.3519792730248164,0.14483860808554694,0.3625772153713816,0.1479839968076628
1396,279.3862575050033,0.5,0.2,0.5,0.875,0.14060489378031907,0.3519792970017432,0.14483860074751734,0.3625772084704209,0.1479839968076628
1397,279.58639092728487,0.5,0.2,0.5,0.875,0.14060488383722738,0.3519793204197535,0.14483859331863752,0.36257720242438213,0.1479839968076628
1398,279.7865243495664,0.5,0.2,0.5,0.875,0.1406048737006006,0.35197934327277164,0.14483858580630793,0.36257719722032034,0.1479839968076628
1399,279.9866577718479,0.5,0.2,0.5,0.875,0.14060486338205874,0.35197936555472187,0.14483857821792903,0.36257719284529083,0.1479839968076628
1400,280.1867911941294,0.5,0.2,0.5,0.875,0.14060485289322194,0.3519793872595286,0.14483857056090124,0.3625771892863487,0.1479839968076628
1401,280.3869246164109,0.5,0.2,0.5,0.875,0.14060484224571024,0.351979408381116,0.14483856284262508,0.3625771865305491,0.1479839968076628
1402,280.5870580386925,0.5,0.2,0.5,0.875,0.14060483706468632,0.3519794289538281,0.14483855847273533,0.36257717550875074,0.1479839968076628
1403,280.787191460974,0.5,0.2,0.5,0.875,0.14060482507249417,0.35197944893148925,0.14483855000758425,0.36257717598843286,0.1479839968076628
1404,280.9873248832555,0.5,0.2,0.5,0.875,0.14060481308106626,0.35197946836482624,0.14483854157562423,0.3625771769784838,0.1479839968076628
1405,281.187458305537,0.5,0.2,0.5,0.875,0.1406048010904026,0.3519794872538391,0.14483853317685524,0.36257717847890353,0.1479839968076628
1406,281.3875917278185,0.5,0.2,0.5,0.875,0.14060478910050322,0.3519795055985278,0.14483852481127732,0.3625771804896922,0.1479839968076628
1407,281.5877251501,0.5,0.2,0.5,0.875,0.14060477711136807,0.3519795233988924,0.14483851647889043,0.3625771830108496,0.1479839968076628
1408,281.7878585723816,0.5,0.2,0.5,0.875,0.1406047651229972,0.3519795406549328,0.1448385081796946,0.3625771860423759,0.1479839968076628
1409,281.9879919946631,0.5,0.2,0.5,0.875,0.14060475313539053,0.35197955736664915,0.1448384999136898,0.362577189584271,0.1479839968076628
1410,282.1881254169446,0.5,0.2,0.5,0.875,0.14060474114854815,0.3519795735340413,0.14483849168087606,0.36257719363653496,0.1479839968076628
1411,282.3882588392261,0.5,0.2,0.5,0.875,0.14060472916247002,0.35197958915710936,0.1448384834812534,0.3625771981991677,0.1479839968076628
1412,282.58839226150764,0.5,0.2,0.5,0.875,0.14060471717715614,0.3519796042358533,0.14483847531482172,0.36257720327216936,0.1479839968076628
1413,282.7885256837892,0.5,0.2,0.5,0.875,0.1406047051926065,0.35197961877027306,0.14483846718158114,0.36257720885553985,0.1479839968076628
1414,282.9886591060707,0.5,0.2,0.5,0.875,0.14060469320882116,0.35197963276036864,0.1448384590815316,0.36257721494927914,0.1479839968076628
1415,283.1887925283522,0.5,0.2,0.5,0.875,0.14060468122580003,0.35197964620614014,0.14483845101467308,0.36257722155338723,0.1479839968076628
1416,283.38892595063373,0.5,0.2,0.5,0.875,0.14060466924354317,0.35197965910758755,0.14483844298100562,0.36257722866786424,0.1479839968076628
1417,283.58905937291524,0.5,0.2,0.5,0.875,0.14060465726205054,0.35197967146471076,0.1448384349805292,0.36257723629271005,0.1479839968076628
1418,283.7891927951968,0.5,0.2,0.5,0.875,0.14060464530209915,0.35197968331771173,0.14483842702340968,0.36257724435677996,0.1479839968076628
1419,283.9893262174783,0.5,0.2,0.5,0.875,0.14060463338483864,0.35197969470751383,0.14483841911999532,0.3625772527876527,0.1479839968076628
1420,284.18945963975983,0.5,0.2,0.5,0.875,0.14060462151026948,0.35197970563411785,0.1448384112702863,0.36257726158532694,0.1479839968076628
1421,284.38959306204134,0.5,0.2,0.5,0.875,0.1406046096783916,0.3519797160975237,0.14483840347428262,0.3625772707498026,0.1479839968076628
1422,284.58972648432285,0.5,0.2,0.5,0.875,0.1406045978892051,0.3519797260977315,0.1448383957319843,0.3625772802810797,0.1479839968076628
1423,284.7898599066044,0.5,0.2,0.5,0.875,0.1406045861427099,0.3519797356347411,0.14483838804339128,0.3625772901791583,0.1479839968076628
1424,284.98999332888593,0.5,0.2,0.5,0.875,0.14060457443890603,0.3519797447085526,0.14483838040850364,0.3625773004440383,0.1479839968076628
1425,285.19012675116744,0.5,0.2,0.5,0.875,0.14060456277779348,0.351979753319166,0.14483837282732134,0.3625773110757198,0.1479839968076628
1426,285.39026017344895,0.5,0.2,0.5,0.875,0.14060455115937226,0.3519797614665812,0.14483836529984437,0.3625773220742027,0.1479839968076628
1427,285.59039359573046,0.5,0.2,0.5,0.875,0.14060453958364239,0.35197976915079837,0.14483835782607277,0.36257733343948706,0.1479839968076628
1428,285.79052701801197,0.5,0.2,0.5,0.875,0.1406045280506038,0.3519797763718174,0.14483835040600648,0.36257734517157286,0.1479839968076628
1429,285.99066044029354,0.5,0.2,0.5,0.875,0.14060451656025658,0.3519797831296383,0.14483834303964557,0.36257735727046014,0.1479839968076628
1430,286.19079386257505,0.5,0.2,0.5,0.875,0.14060450511260067,0.35197978942426106,0.14483833572698998,0.36257736973614885,0.1479839968076628
1431,286.39092728485656,0.5,0.2,0.5,0.875,0.14060449370763609,0.3519797952556857,0.14483832846803976,0.36257738256863903,0.1479839968076628
1432,286.59106070713807,0.5,0.2,0.5,0.875,0.14060448234536285,0.3519798006239122,0.14483832126279486,0.36257739576793063,0.1479839968076628
1433,286.7911941294196,0.5,0.2,0.5,0.875,0.1406044710257809,0.3519798055289406,0.1448383141112553,0.3625774093340237,0.1479839968076628
1434,286.99132755170115,0.5,0.2,0.5,0.875,0.14060445974889033,0.3519798099707709,0.1448383070134211,0.3625774232669183,0.1479839968076628
1435,287.19146097398266,0.5,0.2,0.5,0.875,0.14060444853149417,0.35197981397297895,0.14483829997804565,0.36257743751748184,0.1479839968076628
1436,287.39159439626417,0.5,0.2,0.5,0.875,0.14060443743259637,0.35197981761835107,0.14483829303586632,0.36257745191318685,0.1479839968076628
1437,287.5917278185457,0.5,0.2,0.5,0.875,0.14060442645731244,0.3519798209140647,0.14483828618954803,0.3625774664390754,0.1479839968076628
1438,287.7918612408272,0.5,0.2,0.5,0.875,0.14060441560564246,0.3519798238601199,0.14483827943909075,0.3625774810951475,0.1479839968076628
1439,287.99199466310876,0.5,0.2,0.5,0.875,0.14060440487758635,0.35197982645651665,0.14483827278449452,0.3625774958814031,0.1479839968076628
1440,288.19212808539027,0.5,0.2,0.5,0.875,0.14060439427314414,0.35197982870325495,0.1448382662257593,0.36257751079784223,0.1479839968076628
1441,288.3922615076718,0.5,0.2,0.5,0.875,0.14060438379231582,0.3519798306003348,0.1448382597628851,0.3625775258444649,0.1479839968076628
1442,288.5923949299533,0.5,0.2,0.5,0.875,0.1406043734351014,0.35197983214775613,0.14483825339587195,0.3625775410212711,0.1479839968076628
1443,288.7925283522348,0.5,0.2,0.5,0.875,0.1406043632015009,0.351979833345519,0.14483824712471982,0.36257755632826083,0.1479839968076628
1444,288.9926617745163,0.5,0.2,0.5,0.875,0.14060435309151428,0.3519798341936235,0.1448382409494287,0.3625775717654341,0.1479839968076628
1445,289.1927951967979,0.5,0.2,0.5,0.875,0.14060434310514158,0.3519798346920695,0.1448382348699986,0.3625775873327909,0.1479839968076628
1446,289.3929286190794,0.5,0.2,0.5,0.875,0.14060433324238275,0.351979834840857,0.14483822888642958,0.36257760303033126,0.1479839968076628
1447,289.5930620413609,0.5,0.2,0.5,0.875,0.14060432350323784,0.3519798346399861,0.14483822299872154,0.3625776188580551,0.1479839968076628
1448,289.7931954636424,0.5,0.2,0.5,0.875,0.14060431388770683,0.3519798340894567,0.14483821720687454,0.3625776348159625,0.1479839968076628
1449,289.9933288859239,0.5,0.2,0.5,0.875,0.14060430439578972,0.35197983318926884,0.14483821151088858,0.3625776509040534,0.1479839968076628
1450,290.1934623082055,0.5,0.2,0.5,0.875,0.1406042950274865,0.35197983193942256,0.14483820591076363,0.3625776671223279,0.1479839968076628
1451,290.393595730487,0.5,0.2,0.5,0.875,0.14060428578279718,0.3519798303399178,0.14483820040649972,0.3625776834707859,0.1479839968076628
1452,290.5937291527685,0.5,0.2,0.5,0.875,0.14060427495323963,0.35197982247213555,0.14483819431948225,0.3625777082551431,0.1479839968076628
1453,290.79386257505,0.5,0.2,0.5,0.875,0.14060426626769343,0.35197982125386834,0.14483818913083416,0.36257772334760463,0.1479839968076628
1454,290.9939959973315,0.5,0.2,0.5,0.875,0.14060425770843468,0.3519798196952046,0.14483818403910906,0.3625777385572523,0.1479839968076628
1455,291.1941294196131,0.5,0.2,0.5,0.875,0.14060424927753062,0.3519798178033056,0.144838179045128,0.3625777538740363,0.1479839968076628
1456,291.3942628418946,0.5,0.2,0.5,0.875,0.14060424097704846,0.3519798155853328,0.14483817414971215,0.36257776928790714,0.1479839968076628
1457,291.5943962641761,0.5,0.2,0.5,0.875,0.1406042328090554,0.35197981304844755,0.1448381693536826,0.362577784788815,0.1479839968076628
1458,291.7945296864576,0.5,0.2,0.5,0.875,0.14060422477561865,0.35197981019981117,0.1448381646578604,0.36257780036671033,0.1479839968076628
1459,291.99466310873913,0.5,0.2,0.5,0.875,0.14060421687880542,0.351979807046585,0.14483816006306674,0.3625778160115434,0.1479839968076628
1460,292.19479653102064,0.5,0.2,0.5,0.875,0.14060420912068294,0.35197980359593045,0.14483815557012264,0.3625778317132645,0.1479839968076628
1461,292.3949299533022,0.5,0.2,0.5,0.875,0.14060420150331843,0.3519797998550088,0.14483815117984927,0.36257784746182403,0.1479839968076628
1462,292.5950633755837,0.5,0.2,0.5,0.875,0.14060419402877908,0.3519797958309815,0.14483814689306768,0.3625778632471723,0.1479839968076628
1463,292.79519679786523,0.5,0.2,0.5,0.875,0.14060418669913213,0.35197979153100983,0.14483814271059903,0.3625778790592596,0.1479839968076628
1464,292.99533022014674,0.5,0.2,0.5,0.875,0.14060417951644477,0.3519797869622551,0.14483813863326436,0.36257789488803627,0.1479839968076628
1465,293.19546364242825,0.5,0.2,0.5,0.875,0.1406041724827842,0.35197978213187886,0.14483813466188483,0.3625779107234527,0.1479839968076628
1466,293.3955970647098,0.5,0.2,0.5,0.875,0.14060416560021766,0.35197977704704225,0.14483813079728153,0.3625779265554591,0.1479839968076628
1467,293.59573048699133,0.5,0.2,0.5,0.875,0.14060415887081237,0.35197977171490674,0.14483812704027552,0.3625779423740059,0.1479839968076628
1468,293.79586390927284,0.5,0.2,0.5,0.875,0.14060415229663553,0.35197976614263365,0.14483812339168797,0.36257795816904337,0.1479839968076628
1469,293.99599733155435,0.5,0.2,0.5,0.875,0.14060414587975434,0.3519797603373844,0.14483811985233994,0.3625779739305219,0.1479839968076628
1470,294.19613075383586,0.5,0.2,0.5,0.875,0.1406041396160308,0.3519797543183177,0.1448381164185787,0.3625779896470734,0.1479839968076628
1471,294.3962641761174,0.5,0.2,0.5,0.875,0.1406041334991668,0.3519797481087687,0.14483811308519415,0.3625780053068709,0.1479839968076628
1472,294.59639759839894,0.5,0.2,0.5,0.875,0.1406041275302297,0.351979741717832,0.1448381098522865,0.36257802089965235,0.1479839968076628
1473,294.79653102068045,0.5,0.2,0.5,0.875,0.14060412171030962,0.35197973515455805,0.14483810671997244,0.36257803641516045,0.1479839968076628
1474,294.99666444296196,0.5,0.2,0.5,0.875,0.1406041160404967,0.3519797284279973,0.14483810368836855,0.362578051843138,0.1479839968076628
1475,295.19679786524347,0.5,0.2,0.5,0.875,0.14060411052188104,0.35197972154720025,0.14483810075759154,0.3625780671733277,0.1479839968076628
1476,295.396931287525,0.5,0.2,0.5,0.875,0.14060410515555286,0.3519797145212174,0.14483809792775806,0.36257808239547223,0.1479839968076628
1477,295.59706470980655,0.5,0.2,0.5,0.875,0.14060409994260223,0.35197970735909917,0.14483809519898475,0.3625780974993144,0.1479839968076628
1478,295.79719813208806,0.5,0.2,0.5,0.875,0.1406040948841193,0.35197970006989604,0.14483809257138824,0.3625781124745969,0.1479839968076628
1479,295.99733155436957,0.5,0.2,0.5,0.875,0.14060408998119422,0.3519796926626585,0.14483809004508522,0.3625781273110626,0.1479839968076628
1480,296.1974649766511,0.5,0.2,0.5,0.875,0.14060408523491713,0.351979685146437,0.14483808762019235,0.36257814199845406,0.1479839968076628
1481,296.3975983989326,0.5,0.2,0.5,0.875,0.14060408064637817,0.35197967753028203,0.14483808529682624,0.3625781565265141,0.1479839968076628
1482,296.59773182121415,0.5,0.2,0.5,0.875,0.14060407621666746,0.351979669823244,0.14483808307510357,0.36257817088498545,0.1479839968076628
1483,296.79786524349566,0.5,0.2,0.5,0.875,0.14060407194687516,0.3519796620343735,0.14483808095514097,0.3625781850636109,0.1479839968076628
1484,296.9979986657772,0.5,0.2,0.5,0.875,0.14060406783809137,0.3519796541727209,0.14483807893705514,0.3625781990521331,0.1479839968076628
1485,297.1981320880587,0.5,0.2,0.5,0.875,0.14060406389140626,0.3519796462473367,0.14483807702096269,0.3625782128402949,0.1479839968076628
1486,297.3982655103402,0.5,0.2,0.5,0.875,0.14060406010790996,0.35197963826727136,0.14483807520698028,0.36257822641783893,0.1479839968076628
1487,297.59839893262176,0.5,0.2,0.5,0.875,0.1406040564886926,0.35197963024157536,0.14483807349522457,0.362578239774508,0.1479839968076628
1488,297.7985323549033,0.5,0.2,0.5,0.875,0.14060405303484433,0.35197962217929923,0.14483807188581221,0.36257825290004475,0.1479839968076628
1489,297.9986657771848,0.5,0.2,0.5,0.875,0.14060404974745527,0.3519796140894933,0.14483807037885987,0.36257826578419206,0.1479839968076628
1490,298.1987991994663,0.5,0.2,0.5,0.875,0.14060404662761558,0.3519796059812082,0.14483806897448417,0.3625782784166926,0.1479839968076628
1491,298.3989326217478,0.5,0.2,0.5,0.875,0.14060404367641538,0.35197959786349425,0.1448380676728018,0.3625782907872891,0.1479839968076628
1492,298.5990660440293,0.5,0.2,0.5,0.875,0.1406040408949448,0.35197958974540206,0.14483806647392938,0.3625783028857243,0.1479839968076628
1493,298.7991994663109,0.5,0.2,0.5,0.875,0.140604038284294,0.35197958163598203,0.14483806537798358,0.3625783147017409,0.1479839968076628
1494,298.9993328885924,0.5,0.2,0.5,0.875,0.14060403584555312,0.3519795735442846,0.14483806438508107,0.36257832622508174,0.1479839968076628
1495,299.1994663108739,0.5,0.2,0.5,0.875,0.14060403357981227,0.3519795654793603,0.14483806349533845,0.3625783374454895,0.1479839968076628
1496,299.3995997331554,0.5,0.2,0.5,0.875,0.14060403148816158,0.3519795574502596,0.14483806270887242,0.36257834835270697,0.1479839968076628
1497,299.5997331554369,0.5,0.2,0.5,0.875,0.14060402957169124,0.3519795494660329,0.14483806202579963,0.3625783589364768,0.1479839968076628
1498,299.7998665777185,0.5,0.2,0.5,0.875,0.1406040278132869,0.35197954150464317,0.14483806143708572,0.36257836924498477,0.1479839968076628
1499,300.0,0.5,0.2,0.5,0.875,0.14060402619059945,0.35197953353511374,0.14483806093106483,0.36257837934322257,0.1479839968076628
