,time,beta,alpha,sigma_D,sigma_C,S_c,S_d,I_c,I_d,R0
0,0.0,4.375,0.2,0.5,0.5,0.4998,0.4998,0.0002,0.0002,53.79849129820055
1,0.200133422281521,4.375,0.2,0.5,0.5,0.4897335102749153,0.5097309902413409,0.00026697425953792697,0.00026852522420589304,53.79849129820055
2,0.400266844563042,4.375,0.2,0.5,0.5,0.4796547670182384,0.5196252128042241,0.0003562033365270442,0.00036381684101039776,53.79849129820055
3,0.600400266844563,4.375,0.2,0.5,0.5,0.46956418793785665,0.5294626105029542,0.00047598755056208603,0.0004972140086270453,53.79849129820055
4,0.800533689126084,4.375,0.2,0.5,0.5,0.4594590401498267,0.5392176634208823,0.0006380248923905414,0.0006852715369002718,53.79849129820055
5,1.0006671114076051,4.375,0.2,0.5,0.5,0.4493320931238674,0.5488567937592814,0.0008588649376174515,0.0009522481792336274,53.79849129820055
6,1.200800533689126,4.375,0.2,0.5,0.5,0.4391696492989746,0.558334407020202,0.0011620489723956735,0.0013338947084275362,53.79849129820055
7,1.400933955970647,4.375,0.2,0.5,0.5,0.42894864361338175,0.5675868101876987,0.0015812825551624415,0.0018832636437569668,53.79849129820055
8,1.601067378252168,4.375,0.2,0.5,0.5,0.4186324679485892,0.5765230606269394,0.0021650324818332125,0.002679438942638051,53.79849129820055
9,1.801200800533689,4.375,0.2,0.5,0.5,0.4081649106489448,0.585011049861115,0.00298324846704473,0.003840791022895317,53.79849129820055
10,2.0013342228152102,4.375,0.2,0.5,0.5,0.39746142663054634,0.5928564208226876,0.004137137415293521,0.005545015131472282,53.79849129820055
11,2.201467645096731,4.375,0.2,0.5,0.5,0.3863968158839209,0.5997709561366699,0.005773151742472767,0.008059076236936202,53.79849129820055
12,2.401601067378252,4.375,0.2,0.5,0.5,0.37478839291707666,0.6053260268749419,0.008102515100170909,0.011783065107810199,53.79849129820055
13,2.601734489659773,4.375,0.2,0.5,0.5,0.36237437091393004,0.6088862511043319,0.01142725116757476,0.017312126814162762,53.79849129820055
14,2.801867911941294,4.375,0.2,0.5,0.5,0.34878938063987386,0.6095205820649346,0.016171932363437978,0.025518104931752987,53.79849129820055
15,3.002001334222815,4.375,0.2,0.5,0.5,0.3335444169885216,0.605896685075556,0.022915602639940087,0.0376432952959818,53.79849129820055
16,3.202134756504336,4.375,0.2,0.5,0.5,0.3160298566338415,0.5961894685564221,0.03240728133719102,0.055373393472544774,53.79849129820055
17,3.402268178785857,4.375,0.2,0.5,0.5,0.29557705066207063,0.5780843081843008,0.04553022184889033,0.08080841930473763,53.79849129820055
18,3.602401601067378,4.375,0.2,0.5,0.5,0.2716291580408071,0.5490355726848956,0.06315795547366494,0.1161773138006317,53.79849129820055
19,3.802535023348899,4.375,0.2,0.5,0.5,0.24405062021092044,0.5069909581751377,0.0858490516446629,0.16310936996927813,53.79849129820055
20,4.0026684456304205,4.375,0.2,0.5,0.5,0.2134972139159584,0.45164316452414677,0.11341244828264319,0.2214471732772509,53.79849129820055
21,4.202801867911941,4.375,0.2,0.5,0.5,0.18158908425020576,0.3857231078317333,0.14456489552504767,0.2881229123930126,53.79849129820055
22,4.402935290193462,4.375,0.2,0.5,0.5,0.15059216960604643,0.31519147964701905,0.17703299207741743,0.35718335866951634,53.79849129820055
23,4.603068712474983,4.375,0.2,0.5,0.5,0.1226602452955347,0.24750468824476984,0.208222547530943,0.4216125189287518,53.79849129820055
24,4.803202134756504,4.375,0.2,0.5,0.5,0.09914232746299287,0.1888294197466706,0.23606793327887524,0.47596031951146067,53.79849129820055
25,5.003335557038025,4.375,0.2,0.5,0.5,0.08039600052736115,0.1422134587003916,0.2595062896525187,0.5178842511197279,53.79849129820055
26,5.203468979319546,4.375,0.2,0.5,0.5,0.06605106812994313,0.10765633583487501,0.2784167671737267,0.5478758288614545,53.79849129820055
27,5.403602401601067,4.375,0.2,0.5,0.5,0.05539378178462162,0.08333101580607773,0.2932730237167743,0.5680021786925258,53.79849129820055
28,5.603735823882588,4.375,0.2,0.5,0.5,0.04764904210092877,0.0668304350825175,0.3047944102131086,0.5807261126034445,53.79849129820055
29,5.803869246164109,4.375,0.2,0.5,0.5,0.04212216589737883,0.05592138855271249,0.3137185049129459,0.588237940636962,53.79849129820055
30,6.00400266844563,4.375,0.2,0.5,0.5,0.03824514782713006,0.04883378987610211,0.3206917830346913,0.5922292792620759,53.79849129820055
31,6.204136090727151,4.375,0.2,0.5,0.5,0.0355760589688565,0.04428254774489158,0.32623566824804817,0.593905725038203,53.79849129820055
32,6.404269513008672,4.375,0.2,0.5,0.5,0.033781157378568856,0.04138277678995188,0.33075035626563104,0.5940857095658475,53.79849129820055
33,6.604402935290193,4.375,0.2,0.5,0.5,0.032613422473545754,0.039544905837422005,0.33453339739642046,0.593308274292611,53.79849129820055
34,6.804536357571714,4.375,0.2,0.5,0.5,0.03189272645057671,0.038384188221110435,0.33780137411892047,0.5919217112093916,53.79849129820055
35,7.004669779853235,4.375,0.2,0.5,0.5,0.031489228279475305,0.0376528227243997,0.340709641296634,0.5901483076994903,53.79849129820055
36,7.204803202134756,4.375,0.2,0.5,0.5,0.0313101741418407,0.037192549191099614,0.3433684938128409,0.5881287828542181,53.79849129820055
37,7.404936624416277,4.375,0.2,0.5,0.5,0.03128976751176567,0.036902856283502636,0.34585565748555713,0.585951718719174,53.79849129820055
38,7.605070046697798,4.375,0.2,0.5,0.5,0.03138158890750358,0.036720149636764426,0.3482256076558162,0.5836726537999152,53.79849129820055
39,7.805203468979319,4.375,0.2,0.5,0.5,0.03155302934045998,0.03660430806304714,0.35051636554190013,0.5813262970545922,53.79849129820055
40,8.005336891260841,4.375,0.2,0.5,0.5,0.0317812603438492,0.03653007676901056,0.35275437974330376,0.578934283143836,53.79849129820055
41,8.205470313542362,4.375,0.2,0.5,0.5,0.03205034577514902,0.036481590804703076,0.3549579966331437,0.5765100667870036,53.79849129820055
42,8.405603735823883,4.375,0.2,0.5,0.5,0.032349187777539444,0.03644890269100861,0.35713990950939456,0.5740620000220568,53.79849129820055
43,8.605737158105404,4.375,0.2,0.5,0.5,0.03267007648325346,0.036425790516377475,0.35930887537839007,0.5715952576219785,53.79849129820055
44,8.805870580386925,4.375,0.2,0.5,0.5,0.033007664465190635,0.03640836398160265,0.36147092096697325,0.569113050586233,53.79849129820055
45,9.006004002668446,4.375,0.2,0.5,0.5,0.03335825407537512,0.0363942029926342,0.36363017496577066,0.5666173679662195,53.79849129820055
46,9.206137424949967,4.375,0.2,0.5,0.5,0.033719295107995186,0.03638180267576875,0.3657894518157839,0.5641094504004517,53.79849129820055
47,9.406270847231488,4.375,0.2,0.5,0.5,0.034089032354777005,0.036370227218291015,0.36795065868776633,0.5615900817391651,53.79849129820055
48,9.606404269513009,4.375,0.2,0.5,0.5,0.034466269721519845,0.036358902651561886,0.37011506637109565,0.559059761255822,53.79849129820055
49,9.80653769179453,4.375,0.2,0.5,0.5,0.03485019111339605,0.03634747022124196,0.3722835142983526,0.5565188243670087,53.79849129820055
50,10.00667111407605,4.375,0.2,0.5,0.5,0.03524024683533663,0.03633570793898101,0.3744565395926694,0.5539675056330124,53.79849129820055
51,10.206804536357572,4.375,0.2,0.5,0.5,0.035636074243303305,0.03632348041123561,0.3766344668802956,0.5514059784651648,53.79849129820055
52,10.406937958639093,4.375,0.2,0.5,0.5,0.03603743813401541,0.03631070192443692,0.37881747569757934,0.5488343842439678,53.79849129820055
53,10.607071380920614,4.375,0.2,0.5,0.5,0.036444190320598174,0.036297316608967706,0.3810056458172006,0.5462528472532329,53.79849129820055
54,10.807204803202135,4.375,0.2,0.5,0.5,0.03685624520758422,0.03628328917259158,0.3831989844588259,0.5436614811609977,53.79849129820055
55,11.007338225483656,4.375,0.2,0.5,0.5,0.03727356205039363,0.036268596017339505,0.38539744596546155,0.5410603959668047,53.79849129820055
56,11.207471647765177,4.375,0.2,0.5,0.5,0.03769612739158592,0.03625321885380216,0.3876009514809237,0.5384497022736876,53.79849129820055
57,11.407605070046698,4.375,0.2,0.5,0.5,0.0381239480145734,0.036237143434756834,0.38980939691795474,0.5358295116327144,53.79849129820055
58,11.607738492328219,4.375,0.2,0.5,0.5,0.0385570445585328,0.03622035746307015,0.3920226596853899,0.5331999382930065,53.79849129820055
59,11.80787191460974,4.375,0.2,0.5,0.5,0.038995450526439455,0.03620285068756719,0.39424059958414676,0.5305610992018459,53.79849129820055
60,12.00800533689126,4.375,0.2,0.5,0.5,0.03943920526150422,0.0361846131507953,0.39646306676466836,0.5279131148230315,53.79849129820055
61,12.208138759172781,4.375,0.2,0.5,0.5,0.03988835218412876,0.0361656349054357,0.3986899036507364,0.5252561092596985,53.79849129820055
62,12.408272181454302,4.375,0.2,0.5,0.5,0.04034293763441408,0.036145905907468794,0.40092094617896323,0.5225902102791533,53.79849129820055
63,12.608405603735823,4.375,0.2,0.5,0.5,0.04080301093626997,0.036125416371446485,0.4031560232311502,0.5199155494611328,53.79849129820055
64,12.808539026017344,4.375,0.2,0.5,0.5,0.041268622827992124,0.03610415658079438,0.4053949594775432,0.5172322611136696,53.79849129820055
65,13.008672448298865,4.375,0.2,0.5,0.5,0.04173982544925525,0.03608211685546593,0.4076375738393582,0.5145404838559199,53.79849129820055
66,13.208805870580386,4.375,0.2,0.5,0.5,0.04221667129013753,0.036059287413511554,0.40988368147815263,0.5118403598181975,53.79849129820055
67,13.408939292861907,4.375,0.2,0.5,0.5,0.04269921324245081,0.036035658452869115,0.41213309407580667,0.5091320342288728,53.79849129820055
68,13.609072715143428,4.375,0.2,0.5,0.5,0.04318750461572069,0.03601122020292929,0.41438561830945014,0.5064156568718993,53.79849129820055
69,13.80920613742495,4.375,0.2,0.5,0.5,0.043681598774223,0.03598596293226095,0.41664105948745533,0.5036913788060601,53.79849129820055
70,14.00933955970647,4.375,0.2,0.5,0.5,0.044181549545497564,0.03595987700463829,0.41889921628206334,0.5009593571678002,53.79849129820055
71,14.209472981987991,4.375,0.2,0.5,0.5,0.044687410535577524,0.03593295280477127,0.4211598862683009,0.4982197503913497,53.79849129820055
72,14.409606404269512,4.375,0.2,0.5,0.5,0.045199235169211774,0.03590518083127319,0.42342286003755847,0.4954727239619559,53.79849129820055
73,14.609739826551033,4.375,0.2,0.5,0.5,0.04571707706811399,0.03587655149635113,0.4256879332315815,0.4927184382039528,53.79849129820055
74,14.809873248832554,4.375,0.2,0.5,0.5,0.0462409889989865,0.03584705547567906,0.4279548871049504,0.48995706842038333,53.79849129820055
75,15.010006671114075,4.375,0.2,0.5,0.5,0.046771023934185633,0.03581668340694115,0.4302235074969583,0.48718878516191416,53.79849129820055
76,15.210140093395596,4.375,0.2,0.5,0.5,0.04730723443522948,0.035785426073343486,0.4324935741569204,0.4844137653345059,53.79849129820055
77,15.410273515677117,4.375,0.2,0.5,0.5,0.047849672862532576,0.03575327432046806,0.43476486346277854,0.48163218935422014,53.79849129820055
78,15.610406937958638,4.375,0.2,0.5,0.5,0.0483983914285625,0.035720219187129275,0.43703714880798317,0.4788442405763244,53.79849129820055
79,15.810540360240159,4.375,0.2,0.5,0.5,0.04895344224335626,0.035686251931620644,0.439310201103401,0.4760501047216214,53.79849129820055
80,16.010673782521682,4.375,0.2,0.5,0.5,0.04951487709914628,0.0356513639075205,0.4415837864023937,0.4732499725909388,53.79849129820055
81,16.210807204803203,4.375,0.2,0.5,0.5,0.050082747069255064,0.03561554659319592,0.44385766845695795,0.47044403788059036,53.79849129820055
82,16.410940627084724,4.375,0.2,0.5,0.5,0.050657101956074764,0.03557879156762482,0.44613161050199523,0.46763249597430445,53.79849129820055
83,16.611074049366245,4.375,0.2,0.5,0.5,0.05123799142597471,0.035541090560158674,0.4484053715884755,0.46481554642539036,53.79849129820055
84,16.811207471647766,4.375,0.2,0.5,0.5,0.05182546462031331,0.03550243541860245,0.45067870795923237,0.46199339200185113,53.79849129820055
85,17.011340893929287,4.375,0.2,0.5,0.5,0.052419570174345564,0.0354628180752097,0.452951373266734,0.45916623848371,53.79849129820055
86,17.211474316210808,4.375,0.2,0.5,0.5,0.05302035617265864,0.0354222305976146,0.4552231182936941,0.45633429493603195,53.79849129820055
87,17.41160773849233,4.375,0.2,0.5,0.5,0.05362787089155241,0.035380664878430695,0.45749369579081883,0.4534977684391973,53.79849129820055
88,17.61174116077385,4.375,0.2,0.5,0.5,0.05424216041442266,0.03533811471822024,0.4597628367657532,0.45065688810160315,53.79849129820055
89,17.81187458305537,4.375,0.2,0.5,0.5,0.05486327357680928,0.03529457202955475,0.4620302958157622,0.44781185857787303,53.79849129820055
90,18.01200800533689,4.375,0.2,0.5,0.5,0.05549125664521441,0.035250030135913185,0.4642958093457263,0.44496290387314535,53.79849129820055
91,18.212141427618413,4.375,0.2,0.5,0.5,0.056126153976034876,0.035204482665220714,0.4665591148059956,0.44211024855274805,53.79849129820055
92,18.412274849899934,4.375,0.2,0.5,0.5,0.05676801017763691,0.03515792319455012,0.46881994935619814,0.43925411727161406,53.79849129820055
93,18.612408272181455,4.375,0.2,0.5,0.5,0.05741686804524843,0.03511034526726426,0.4710780465361821,0.4363947401513044,53.79849129820055
94,18.812541694462976,4.375,0.2,0.5,0.5,0.05807277003284083,0.03506174242662538,0.4733331392937483,0.4335323482467847,53.79849129820055
95,19.012675116744497,4.375,0.2,0.5,0.5,0.05873575807313639,0.03501210868793486,0.475584957858109,0.430667175380819,53.79849129820055
96,19.212808539026017,4.375,0.2,0.5,0.5,0.05940587317139148,0.034961438500748336,0.47783322917985843,0.427799459148001,53.79849129820055
97,19.41294196130754,4.375,0.2,0.5,0.5,0.06008315604158987,0.03490972635853811,0.48007768062361056,0.42492943697626073,53.79849129820055
98,19.61307538358906,4.375,0.2,0.5,0.5,0.06076764515793578,0.034856967556352474,0.4823180354948383,0.4220573517908727,53.79849129820055
99,19.81320880587058,4.375,0.2,0.5,0.5,0.061459379493545095,0.034803157152178466,0.48455401822651395,0.41918344512776173,53.79849129820055
100,20.0133422281521,4.375,0.2,0.5,0.5,0.06215839529832572,0.03474829076828126,0.48678534988244304,0.4163079640509492,53.79849129820055
101,20.213475650433622,4.375,0.2,0.5,0.5,0.06286472892397196,0.03469236401099341,0.48901175162055666,0.41343115544447717,53.79849129820055
102,20.413609072715143,4.375,0.2,0.5,0.5,0.06357841487551649,0.03463537291269327,0.49123294206703516,0.4105532701447543,53.79849129820055
103,20.613742494996664,4.375,0.2,0.5,0.5,0.06429948760333795,0.034577313541403525,0.49344863994773003,0.4076745589075277,53.79849129820055
104,20.813875917278185,4.375,0.2,0.5,0.5,0.06502797925093139,0.03451818264117438,0.49565856197797725,0.4047952761299162,53.79849129820055
105,21.014009339559706,4.375,0.2,0.5,0.5,0.06576392193661666,0.03445797694968221,0.4978624249919683,0.401915676121732,53.79849129820055
106,21.214142761841227,4.375,0.2,0.5,0.5,0.06650734524609878,0.03439669385094736,0.5000599444046977,0.3990360164982554,53.79849129820055
107,21.41427618412275,4.375,0.2,0.5,0.5,0.067258278667012,0.034334330737390305,0.5022508356220838,0.396156554973513,53.79849129820055
108,21.61440960640427,4.375,0.2,0.5,0.5,0.06801674879517264,0.034270885656827926,0.5044348126134206,0.39327755293457806,53.79849129820055
109,21.81454302868579,4.375,0.2,0.5,0.5,0.06878278336661334,0.03420635639625047,0.5066115899213594,0.39039927031577604,53.79849129820055
110,22.01467645096731,4.375,0.2,0.5,0.5,0.06955640889196991,0.034140741051373526,0.5087808820927057,0.38752196796395,53.79849129820055
111,22.214809873248832,4.375,0.2,0.5,0.5,0.07033764636190779,0.03407403908447128,0.5109424031659897,0.3846459113876303,53.79849129820055
112,22.414943295530353,4.375,0.2,0.5,0.5,0.07112651925227403,0.034006249342570675,0.5130958674085754,0.38177136399657896,53.79849129820055
113,22.615076717811874,4.375,0.2,0.5,0.5,0.07192304929593415,0.0339373710887011,0.5152409894712026,0.3788985901441613,53.79849129820055
114,22.815210140093395,4.375,0.2,0.5,0.5,0.07272725299626485,0.03386740484152469,0.5173774848918647,0.3760278572703448,53.79849129820055
115,23.015343562374916,4.375,0.2,0.5,0.5,0.07353914963050558,0.0337963504536819,0.5195050687379319,0.3731594311778798,53.79849129820055
116,23.215476984656437,4.375,0.2,0.5,0.5,0.0743587561029528,0.033724208283295844,0.5216234569662793,0.3702935786474711,53.79849129820055
117,23.415610406937958,4.375,0.2,0.5,0.5,0.07518608497995015,0.033650979621139304,0.5237323670948681,0.3674305683040415,53.79849129820055
118,23.61574382921948,4.375,0.2,0.5,0.5,0.0760211515051041,0.03357666518237985,0.5258315156782009,0.3645706676343143,53.79849129820055
119,23.815877251501,4.375,0.2,0.5,0.5,0.07686396757961506,0.03350126641589568,0.5279206214438594,0.36171414456062884,53.79849129820055
120,24.01601067378252,4.375,0.2,0.5,0.5,0.07771454098057473,0.033424785675483196,0.5299994057757766,0.35886126756816444,53.79849129820055
121,24.216144096064042,4.375,0.2,0.5,0.5,0.0785728812592801,0.03334722491823518,0.5320675890353112,0.3560123047871726,53.79849129820055
122,24.416277518345563,4.375,0.2,0.5,0.5,0.07943899391195544,0.03326858694360442,0.5341248949652829,0.3531675241791563,53.79849129820055
123,24.616410940627084,4.375,0.2,0.5,0.5,0.08031288541098801,0.03318887434828199,0.5361710465016077,0.35032719373912125,53.79849129820055
124,24.816544362908605,4.375,0.2,0.5,0.5,0.08119455852109907,0.03310809050473253,0.5382057703930566,0.34749158058111074,53.79849129820055
125,25.016677785190126,4.375,0.2,0.5,0.5,0.08208401430804345,0.03302623914066841,0.5402287951043383,0.34466095144694886,53.79849129820055
126,25.216811207471647,4.375,0.2,0.5,0.5,0.08298125369576943,0.032943324011241754,0.5422398494941929,0.34183557279879484,53.79849129820055
127,25.416944629753168,4.375,0.2,0.5,0.5,0.0838862723270399,0.03285934996887687,0.5442386685497084,0.3390157091543738,53.79849129820055
128,25.61707805203469,4.375,0.2,0.5,0.5,0.08479906771703324,0.032774321473953344,0.5462249851237709,0.3362016256852415,53.79849129820055
129,25.81721147431621,4.375,0.2,0.5,0.5,0.08571963271746161,0.032688243894398096,0.5481985382666086,0.33339358512153067,53.79849129820055
130,26.01734489659773,4.375,0.2,0.5,0.5,0.08664795969809773,0.032601122691381657,0.550159067675534,0.3305918499349856,53.79849129820055
131,26.21747831887925,4.375,0.2,0.5,0.5,0.08758403878108009,0.03251296370674366,0.5521063167361585,0.32779668077601676,53.79849129820055
132,26.417611741160773,4.375,0.2,0.5,0.5,0.08852785884636653,0.03242377300225249,0.5540400307543705,0.3250083373970095,53.79849129820055
133,26.617745163442294,4.375,0.2,0.5,0.5,0.08947940675805713,0.03233355702410638,0.5559599582755611,0.32222707794227445,53.79849129820055
134,26.817878585723815,4.375,0.2,0.5,0.5,0.09043866663695221,0.032242322729307174,0.5578658521983364,0.3194531584354033,53.79849129820055
135,27.018012008005336,4.375,0.2,0.5,0.5,0.09140562196647657,0.032150077187174636,0.5597574666828455,0.3166868341635023,53.79849129820055
136,27.218145430286857,4.375,0.2,0.5,0.5,0.09238025228581817,0.03205682818992167,0.5616345626013104,0.3139283569229488,53.79849129820055
137,27.418278852568378,4.375,0.2,0.5,0.5,0.09336253753119533,0.031962583439899314,0.5634969003532582,0.31117797867564634,53.79849129820055
138,27.6184122748499,4.375,0.2,0.5,0.5,0.09435245320687548,0.03186735139591924,0.5653442485429437,0.3084359468542606,53.79849129820055
139,27.81854569713142,4.375,0.2,0.5,0.5,0.0953499751380521,0.03177114045236691,0.5671763753609352,0.3057025090486449,53.79849129820055
140,28.01867911941294,4.375,0.2,0.5,0.5,0.09635507519503254,0.03167395964357001,0.5689930569797034,0.30297790818169323,53.79849129820055
141,28.21881254169446,4.375,0.2,0.5,0.5,0.09736772540270831,0.03157581797895726,0.5707940693219493,0.3002623872963842,53.79849129820055
142,28.418945963975982,4.375,0.2,0.5,0.5,0.09838789350284986,0.031476725163193366,0.5725791971838013,0.29755618415015456,53.79849129820055
143,28.619079386257503,4.375,0.2,0.5,0.5,0.09941554749228544,0.03137669085452333,0.5743482249347553,0.2948595367184351,53.79849129820055
144,28.819212808539024,4.375,0.2,0.5,0.5,0.10045065105898934,0.0312757253866856,0.5761009463423612,0.29217267721196305,53.79849129820055
145,29.019346230820545,4.375,0.2,0.5,0.5,0.10149316813259587,0.031173839046260914,0.5778371547973811,0.2894958380237612,53.79849129820055
146,29.219479653102066,4.375,0.2,0.5,0.5,0.1025430583631375,0.031071042743631636,0.5795566537822824,0.28682924511094765,53.79849129820055
147,29.419613075383587,4.375,0.2,0.5,0.5,0.10360028227998216,0.030967347260307504,0.58125924471694,0.28417312574276943,53.79849129820055
148,29.61974649766511,4.375,0.2,0.5,0.5,0.10466479544290166,0.030862764103679934,0.5829447407099855,0.2815276997434321,53.79849129820055
149,29.81987991994663,4.375,0.2,0.5,0.5,0.10573655334536114,0.030757304790649972,0.5846129550295253,0.2788931868344628,53.79849129820055
150,30.02001334222815,4.375,0.2,0.5,0.5,0.1068155085979823,0.03065098122416908,0.5862637084253924,0.2762698017524553,53.79849129820055
151,30.22014676450967,4.375,0.2,0.5,0.5,0.10790161168816359,0.030543805597896795,0.5878968270301105,0.2736577556838282,53.79849129820055
152,30.420280186791192,4.375,0.2,0.5,0.5,0.10899481248611667,0.030435790167031105,0.589512138866981,0.2710572584798705,53.79849129820055
153,30.620413609072713,4.375,0.2,0.5,0.5,0.1100950566997606,0.03032694771195194,0.5911094831462607,0.268468512442026,53.79849129820055
154,30.820547031354234,4.375,0.2,0.5,0.5,0.11120229088751514,0.030217290897883137,0.5926886969659367,0.2658917212486642,53.79849129820055
155,31.020680453635755,4.375,0.2,0.5,0.5,0.11231645648691602,0.0301068329978364,0.5942496320361437,0.2633270784791031,53.79849129820055
156,31.220813875917276,4.375,0.2,0.5,0.5,0.11343749665806586,0.029995587080241855,0.595792135154665,0.2607747811070264,53.79849129820055
157,31.420947298198797,4.375,0.2,0.5,0.5,0.11456535032864072,0.02988356673161849,0.5973160647925343,0.25823501814720556,53.79849129820055
158,31.621080720480318,4.375,0.2,0.5,0.5,0.11569995339164779,0.02977078590901999,0.5988212878146635,0.2557079728846679,53.79849129820055
159,31.82121414276184,4.375,0.2,0.5,0.5,0.1168412432849538,0.029657258368466083,0.6003076670403579,0.25319383130622136,53.79849129820055
160,32.021347565043364,4.375,0.2,0.5,0.5,0.11798915136941811,0.02954299851439799,0.6017750838138167,0.25069276630236625,53.79849129820055
161,32.22148098732488,4.375,0.2,0.5,0.5,0.11914361043135449,0.029428020599159832,0.6032234151339437,0.24820495383554111,53.79849129820055
162,32.421614409606406,4.375,0.2,0.5,0.5,0.12030455086528155,0.029312339076537748,0.6046525459905089,0.24573056406767088,53.79849129820055
163,32.62174783188792,4.375,0.2,0.5,0.5,0.12147189936489133,0.02919596873078245,0.6060623734931971,0.2432697584111282,53.79849129820055
164,32.82188125416945,4.375,0.2,0.5,0.5,0.12264558446322943,0.029078924181776416,0.6074527887475105,0.24082270260748273,53.79849129820055
165,33.022014676450965,4.375,0.2,0.5,0.5,0.12382552903236317,0.028961220553371206,0.6088237016399046,0.2383895487743602,53.79849129820055
166,33.22214809873249,4.375,0.2,0.5,0.5,0.12501165659412666,0.028842872911572438,0.6101750199012212,0.23597045059307872,53.79849129820055
167,33.42228152101401,4.375,0.2,0.5,0.5,0.12620388927696308,0.028723896428659183,0.6115066562343133,0.23356555806006357,53.79849129820055
168,33.62241494329553,4.375,0.2,0.5,0.5,0.12740214470666406,0.028604306643412517,0.6128185389549233,0.23117500969499927,53.79849129820055
169,33.82254836557705,4.375,0.2,0.5,0.5,0.1286063426524424,0.028484118916984155,0.6141105889890671,0.22879894944150542,53.79849129820055
170,34.02268178785857,4.375,0.2,0.5,0.5,0.12981639807127332,0.02836334892969408,0.6153827449255987,0.22643750807343305,53.79849129820055
171,34.22281521014009,4.375,0.2,0.5,0.5,0.13103222572514395,0.028242012374843157,0.6166349460684033,0.22409081583160873,53.79849129820055
172,34.422948632421615,4.375,0.2,0.5,0.5,0.13225373994519124,0.028120124957339485,0.6178671335759942,0.22175900152147418,53.79849129820055
173,34.62308205470313,4.375,0.2,0.5,0.5,0.13348085043572966,0.027997702639698415,0.6190792663846312,0.21944218053993986,53.79849129820055
174,34.82321547698466,4.375,0.2,0.5,0.5,0.13471346886267455,0.027874761274487885,0.6202712959066552,0.21714047395618147,53.79849129820055
175,35.023348899266175,4.375,0.2,0.5,0.5,0.13595150306455295,0.027751316886052004,0.6214431890052511,0.21485399104414307,53.79849129820055
176,35.2234823215477,4.375,0.2,0.5,0.5,0.1371948598735544,0.027627385544397174,0.6225949165971453,0.21258283798490224,53.79849129820055
177,35.42361574382922,4.375,0.2,0.5,0.5,0.13844344643383968,0.027502983291936428,0.6237264485601614,0.21032712171406157,53.79849129820055
178,35.62374916611074,4.375,0.2,0.5,0.5,0.13969716546193092,0.027378126312227375,0.6248377735749321,0.20808693465090872,53.79849129820055
179,35.82388258839226,4.375,0.2,0.5,0.5,0.14095592123356218,0.02725283073900014,0.6259288737026198,0.20586237432481685,53.79849129820055
180,36.02401601067378,4.375,0.2,0.5,0.5,0.14221961531017321,0.027127112747923874,0.6269997432646863,0.2036535286772157,53.79849129820055
181,36.2241494329553,4.375,0.2,0.5,0.5,0.1434881475566456,0.02700098854367448,0.6280503841998903,0.20146047969978864,53.79849129820055
182,36.424282855236825,4.375,0.2,0.5,0.5,0.1447614186672407,0.02687447430773248,0.6290807948797011,0.19928331214532474,53.79849129820055
183,36.62441627751834,4.375,0.2,0.5,0.5,0.1460393254146534,0.026747586227263493,0.6300909923481262,0.19712209600995612,53.79849129820055
184,36.82454969979987,4.375,0.2,0.5,0.5,0.14732176558587703,0.026620340487962676,0.6310809888195907,0.19497690510656862,53.79849129820055
185,37.024683122081385,4.375,0.2,0.5,0.5,0.14860863532418128,0.02649275324091197,0.6320508049853112,0.1928478064495946,53.79849129820055
186,37.22481654436291,4.375,0.2,0.5,0.5,0.14989982859689527,0.026364840601180155,0.6330004725856083,0.19073485821631533,53.79849129820055
187,37.42494996664443,4.375,0.2,0.5,0.5,0.1511952404888813,0.026236618696140333,0.6339300177964646,0.18863812301851268,53.79849129820055
188,37.62508338892595,4.375,0.2,0.5,0.5,0.15249476287491,0.026108103532210925,0.6348394843028633,0.18655764929001475,53.79849129820055
189,37.82521681120747,4.375,0.2,0.5,0.5,0.15379828809375945,0.025979311133283646,0.6357289132591047,0.18449348751385114,53.79849129820055
190,38.02535023348899,4.375,0.2,0.5,0.5,0.1551057076845832,0.02585025746101564,0.6365983507681809,0.18244568408621925,53.79849129820055
191,38.22548365577051,4.375,0.2,0.5,0.5,0.1564169109380254,0.02572095833635967,0.6374478562212599,0.18041427450435404,53.79849129820055
192,38.425617078052035,4.375,0.2,0.5,0.5,0.1577317873965833,0.0255914295664579,0.6382774880746046,0.17839929496235313,53.79849129820055
193,38.62575050033355,4.375,0.2,0.5,0.5,0.15905022754341502,0.025461687045020245,0.6390872987068342,0.17640078670472945,53.79849129820055
194,38.82588392261508,4.375,0.2,0.5,0.5,0.16037211709683208,0.02533174622243464,0.6398773713726221,0.17441876530811012,53.79849129820055
195,39.026017344896594,4.375,0.2,0.5,0.5,0.16169734468812907,0.025201622807611384,0.6406477706057481,0.1724532618985104,53.79849129820055
196,39.22615076717812,4.375,0.2,0.5,0.5,0.16302579650901414,0.025071332241003757,0.641398577263155,0.1705042939868261,53.79849129820055
197,39.426284189459636,4.375,0.2,0.5,0.5,0.16435735795447226,0.024940889888696263,0.6421298773675227,0.16857187478930769,53.79849129820055
198,39.62641761174116,4.375,0.2,0.5,0.5,0.16569191397482677,0.024810311030691732,0.6428417609628355,0.16665601403164487,53.79849129820055
199,39.82655103402268,4.375,0.2,0.5,0.5,0.16702934984382478,0.024679610898833314,0.6435343181331822,0.16475672112415862,53.79849129820055
200,40.0266844563042,4.375,0.2,0.5,0.5,0.1683695495181551,0.02454880458984027,0.6442076476440053,0.1628739982479983,53.79849129820055
201,40.22681787858572,4.375,0.2,0.5,0.5,0.1697123973995448,0.024417906928784552,0.6448618509618348,0.16100784470983473,53.79849129820055
202,40.426951300867245,4.375,0.2,0.5,0.5,0.17105777848625248,0.024286932449577303,0.645497031851802,0.15915825721236712,53.79849129820055
203,40.62708472314876,4.375,0.2,0.5,0.5,0.17240557709625645,0.02415589557652354,0.6461132995165282,0.15732522781069067,53.79849129820055
204,40.82721814543029,4.375,0.2,0.5,0.5,0.1737556763603771,0.024024810805156185,0.6467107678355983,0.1555087449988672,53.79849129820055
205,41.027351567711804,4.375,0.2,0.5,0.5,0.17510795860747136,0.02389369260691818,0.6472895551666791,0.15370879361893022,53.79849129820055
206,41.22748498999333,4.375,0.2,0.5,0.5,0.17646230593874082,0.023762555293463977,0.6478497840024985,0.15192535476529556,53.79849129820055
207,41.427618412274846,4.375,0.2,0.5,0.5,0.17781860081952597,0.02363141298739102,0.6483915798161524,0.15015840637692945,53.79849129820055
208,41.62775183455637,4.375,0.2,0.5,0.5,0.1791767254854593,0.023500279689084736,0.6489150719482265,0.1484079228772283,53.79849129820055
209,41.82788525683789,4.375,0.2,0.5,0.5,0.18053656187114953,0.023369169268334447,0.6494203937100711,0.14667387515044392,53.79849129820055
210,42.02801867911941,4.375,0.2,0.5,0.5,0.18189799255668387,0.023238095218107813,0.6499076809421135,0.1449562312830938,53.79849129820055
211,42.22815210140093,4.375,0.2,0.5,0.5,0.18326090003668707,0.02310707086520702,0.6503770731312826,0.1432549559668223,53.79849129820055
212,42.428285523682455,4.375,0.2,0.5,0.5,0.18462516673722962,0.022976109387854528,0.650828713256468,0.14157001061844685,53.79849129820055
213,42.62841894596397,4.375,0.2,0.5,0.5,0.18599067505284658,0.02284522390448646,0.6512627471619882,0.1399013538806777,53.79849129820055
214,42.8285523682455,4.375,0.2,0.5,0.5,0.18735730740580248,0.022714427342930273,0.6516793241187573,0.13824894113250888,53.79849129820055
215,43.028685790527014,4.375,0.2,0.5,0.5,0.18872494635245327,0.022583732463714146,0.6520785964143054,0.13661272476952616,53.79849129820055
216,43.22881921280854,4.375,0.2,0.5,0.5,0.19009347484699218,0.022453151863619104,0.6524607186340114,0.13499265465537616,53.79849129820055
217,43.428952635090056,4.375,0.2,0.5,0.5,0.19146277585821772,0.022322697981709792,0.6528258486440467,0.1333886775160247,53.79849129820055
218,43.62908605737158,4.375,0.2,0.5,0.5,0.1928327327070876,0.022192383046474907,0.6531741468215422,0.13180073742489432,53.79849129820055
219,43.8292194796531,4.375,0.2,0.5,0.5,0.19420322929523018,0.022062219026580843,0.6535057755606073,0.13022877611758063,53.79849129820055
220,44.02935290193462,4.375,0.2,0.5,0.5,0.19557414965412978,0.021932217731953974,0.6538209002388492,0.1286727323750661,53.79849129820055
221,44.22948632421614,4.375,0.2,0.5,0.5,0.19694537826480077,0.02180239079720618,0.6541196883104619,0.12713254262753024,53.79849129820055
222,44.429619746497664,4.375,0.2,0.5,0.5,0.19831680007633648,0.0216727496830142,0.6544023092441928,0.1256081409964555,53.79849129820055
223,44.62975316877918,4.375,0.2,0.5,0.5,0.19968830034327548,0.021543305656441657,0.6546689350979836,0.12409945890229827,53.79849129820055
224,44.829886591060706,4.375,0.2,0.5,0.5,0.20105976493561112,0.021414069803893678,0.6549197395354097,0.12260642572508455,53.79849129820055
225,45.030020013342224,4.375,0.2,0.5,0.5,0.20243108024576517,0.021285053029276458,0.655154898111502,0.1211289686134555,53.79849129820055
226,45.23015343562375,4.375,0.2,0.5,0.5,0.2038021330854471,0.021156266049653802,0.6553745885958709,0.11966701226902716,53.79849129820055
227,45.430286857905266,4.375,0.2,0.5,0.5,0.20517281106441748,0.021027719361747427,0.6555789899197678,0.11822047965406632,53.79849129820055
228,45.63042028018679,4.375,0.2,0.5,0.5,0.20654300237301176,0.020899423265969424,0.6557682827676865,0.11678929159333139,53.79849129820055
229,45.83055370246831,4.375,0.2,0.5,0.5,0.20791259575489857,0.020771387873339014,0.6559426496353735,0.11537336673638796,53.79849129820055
230,46.03068712474983,4.375,0.2,0.5,0.5,0.2092814808117106,0.02064362310441074,0.6561022738668595,0.11397262221701827,53.79849129820055
231,46.23082054703135,4.375,0.2,0.5,0.5,0.21064954777114955,0.020516138684736188,0.6562473404095616,0.11258697313455175,53.79849129820055
232,46.430953969312874,4.375,0.2,0.5,0.5,0.212016687548626,0.020388944146504672,0.6563780356093687,0.11121633269549977,53.79849129820055
233,46.63108739159439,4.375,0.2,0.5,0.5,0.21338279199732868,0.02026204883532549,0.6564945463780858,0.10986061278925906,53.79849129820055
234,46.831220813875916,4.375,0.2,0.5,0.5,0.21474775365226575,0.020135461903046038,0.6565970610479189,0.10851972339676833,53.79849129820055
235,47.03135423615743,4.375,0.2,0.5,0.5,0.21611146586403507,0.02000919230704502,0.6566857689351749,0.107193572893744,53.79849129820055
236,47.23148765843896,4.375,0.2,0.5,0.5,0.21747382299961912,0.019883248805955683,0.6567608596927721,0.10588206850165219,53.79849129820055
237,47.431621080720475,4.375,0.2,0.5,0.5,0.21883472017369526,0.01975763996644731,0.6568225241742274,0.10458511568562906,53.79849129820055
238,47.631754503002,4.375,0.2,0.5,0.5,0.22019405343420345,0.019632374164198357,0.6568709538069778,0.1033026185946194,53.79849129820055
239,47.83188792528352,4.375,0.2,0.5,0.5,0.2215517198694297,0.019507459586452666,0.6569063402201766,0.10203448032394011,53.79849129820055
240,48.03202134756504,4.375,0.2,0.5,0.5,0.22290761484794563,0.01938290472130344,0.6569288748614044,0.1007806055693455,53.79849129820055
241,48.23215476984656,4.375,0.2,0.5,0.5,0.224261644537971,0.0192587159771747,0.6569387536292337,0.09954088585561957,53.79849129820055
242,48.432288192128084,4.375,0.2,0.5,0.5,0.22561370261064367,0.019134902208372342,0.6569361666063838,0.09831522857459916,53.79849129820055
243,48.6324216144096,4.375,0.2,0.5,0.5,0.2269636912956337,0.019011470594931003,0.6569213078465468,0.09710353026288748,53.79849129820055
244,48.832555036691126,4.375,0.2,0.5,0.5,0.2283115137459779,0.018888428199436737,0.6568943708129901,0.09590568724159429,53.79849129820055
245,49.03268845897264,4.375,0.2,0.5,0.5,0.22965707319855921,0.018765782073810695,0.6568555489153675,0.09472159581226164,53.79849129820055
246,49.23282188125417,4.375,0.2,0.5,0.5,0.2310002725696805,0.018643539310750554,0.6568050357683202,0.09355115235124774,53.79849129820055
247,49.432955303535685,4.375,0.2,0.5,0.5,0.2323410172718695,0.01852170659886605,0.6567430246612311,0.09239425146803229,53.79849129820055
248,49.63308872581721,4.375,0.2,0.5,0.5,0.23367921551743553,0.01840029017353937,0.6566697085186713,0.09125078579035277,53.79849129820055
249,49.83322214809873,4.375,0.2,0.5,0.5,0.23501477330163484,0.018279296629048397,0.6565852805540939,0.09012064951522186,53.79849129820055
250,50.03335557038025,4.375,0.2,0.5,0.5,0.23634759806892605,0.018158732332230344,0.6564899336281789,0.08900373597066373,53.79849129820055
251,50.23348899266177,4.375,0.2,0.5,0.5,0.23767760254307713,0.01803860282107605,0.6563838593233867,0.08789993531245918,53.79849129820055
252,50.433622414943294,4.375,0.2,0.5,0.5,0.23900469679814368,0.017918914049578603,0.6562672498637226,0.08680913928855413,53.79849129820055
253,50.63375583722481,4.375,0.2,0.5,0.5,0.24032879453795755,0.01779967146211274,0.6561402958789128,0.08573123812101595,53.79849129820055
254,50.833889259506336,4.375,0.2,0.5,0.5,0.24164980207560732,0.017680881551432354,0.6560031911175346,0.08466612525542476,53.79849129820055
255,51.03402268178785,4.375,0.2,0.5,0.5,0.24296764267966303,0.017562548405151212,0.6558561221730494,0.08361368674213533,53.79849129820055
256,51.23415610406938,4.375,0.2,0.5,0.5,0.24428222837791352,0.017444677705892843,0.6556992803755956,0.08257381354059702,53.79849129820055
257,51.4342895263509,4.375,0.2,0.5,0.5,0.24559347592360634,0.017327274519935213,0.6555328543222683,0.08154639523418913,53.79849129820055
258,51.63442294863242,4.375,0.2,0.5,0.5,0.24690130460082443,0.017210343574884407,0.6553570312638061,0.08053132056048411,53.79849129820055
259,51.834556370913944,4.375,0.2,0.5,0.5,0.24820563403949628,0.01709388953612956,0.6551719984851901,0.07952847793918302,53.79849129820055
260,52.03468979319546,4.375,0.2,0.5,0.5,0.2495063857116014,0.016977916817536055,0.6549779423602579,0.07853775511060376,53.79849129820055
261,52.234823215476986,4.375,0.2,0.5,0.5,0.25080348270708835,0.01686242961708886,0.6547750482533254,0.07755903942249642,53.79849129820055
262,52.4349566377585,4.375,0.2,0.5,0.5,0.2520968478101063,0.016747432222893852,0.6545634996746148,0.07659222029238412,53.79849129820055
263,52.63509006004003,4.375,0.2,0.5,0.5,0.253386405965316,0.016632928620877716,0.6543434793630144,0.07563718605079088,53.79849129820055
264,52.835223482321545,4.375,0.2,0.5,0.5,0.2546720839788149,0.016518922542359912,0.6541151691547792,0.07469382432404507,53.79849129820055
265,53.03535690460307,4.375,0.2,0.5,0.5,0.2559538101913421,0.016405417516033794,0.6538787498400606,0.07376202245256262,53.79849129820055
266,53.23549032688459,4.375,0.2,0.5,0.5,0.25723151388884924,0.016292417033891227,0.6536344009752213,0.07284166810203724,53.79849129820055
267,53.43562374916611,4.375,0.2,0.5,0.5,0.25850512429074024,0.01617992483603373,0.6533823005606716,0.07193265031255347,53.79849129820055
268,53.63575717144763,4.375,0.2,0.5,0.5,0.2597745727684598,0.016067944286138496,0.6531226257473098,0.07103485719809088,53.79849129820055
269,53.835890593729154,4.375,0.2,0.5,0.5,0.2610397920345369,0.015956478599743123,0.6528555525782991,0.07014817678741989,53.79849129820055
270,54.03602401601067,4.375,0.2,0.5,0.5,0.2623007160814853,0.015845530861493307,0.6525812559677958,0.06927249708922471,53.79849129820055
271,54.236157438292196,4.375,0.2,0.5,0.5,0.26355728044749427,0.015735103980888215,0.6522999086330469,0.0684077069385697,53.79849129820055
272,54.43629086057371,4.375,0.2,0.5,0.5,0.2648094221125064,0.01562520070959021,0.6520116815120891,0.06755369566581342,53.79849129820055
273,54.63642428285524,4.375,0.2,0.5,0.5,0.2660570792444429,0.015515823683694684,0.651716744783757,0.06671035228810453,53.79849129820055
274,54.836557705136755,4.375,0.2,0.5,0.5,0.2673001913448515,0.01540697539947029,0.6514152672822732,0.06587756597340415,53.79849129820055
275,55.03669112741828,4.375,0.2,0.5,0.5,0.2685386992641256,0.015298658211510005,0.6511074164090208,0.06505522611534263,53.79849129820055
276,55.2368245496998,4.375,0.2,0.5,0.5,0.2697725453946181,0.015190874309270009,0.6507933570130081,0.06424322328310283,53.79849129820055
277,55.43695797198132,4.375,0.2,0.5,0.5,0.27100167344830495,0.01508362574408101,0.6504732526798147,0.06344144812779848,53.79849129820055
278,55.63709139426284,4.375,0.2,0.5,0.5,0.27222602846097804,0.014976914428638844,0.6501472657072825,0.06264979140309966,53.79849129820055
279,55.837224816544364,4.375,0.2,0.5,0.5,0.2734455568325704,0.014870742132105454,0.6498155568717429,0.061868144163580434,53.79849129820055
280,56.03735823882588,4.375,0.2,0.5,0.5,0.27466020623893517,0.014765110543775214,0.6494782852528811,0.06109639796440766,53.79849129820055
281,56.237491661107406,4.375,0.2,0.5,0.5,0.27586992540429545,0.014660021437291955,0.6491356077820056,0.060334445376406115,53.79849129820055
282,56.43762508338892,4.375,0.2,0.5,0.5,0.27707466452503104,0.014555476364813393,0.6487876800833465,0.05958217902680819,53.79849129820055
283,56.63775850567045,4.375,0.2,0.5,0.5,0.27827437513237274,0.014451476756101186,0.6484346562014764,0.05883949191004876,53.79849129820055
284,56.837891927951965,4.375,0.2,0.5,0.5,0.2794690100742451,0.0143480239316243,0.6480766885652657,0.05810627742886394,53.79849129820055
285,57.03802535023349,4.375,0.2,0.5,0.5,0.28065852347303943,0.014245119126025472,0.6477139275619164,0.05738242983901771,53.79849129820055
286,57.23815877251501,4.375,0.2,0.5,0.5,0.2818428707283142,0.014142763486620327,0.6473465215642072,0.05666784422085724,53.79849129820055
287,57.43829219479653,4.375,0.2,0.5,0.5,0.28302200857671045,0.014040958040101496,0.6469746175348825,0.05596241584830449,53.79849129820055
288,57.63842561707805,4.375,0.2,0.5,0.5,0.28419589506163634,0.013939703709385331,0.64659836072085,0.055266040508127355,53.79849129820055
289,57.83855903935957,4.375,0.2,0.5,0.5,0.2853644895315359,0.01383900131249769,0.6462178946267444,0.054578614529220804,53.79849129820055
290,58.03869246164109,4.375,0.2,0.5,0.5,0.2865277526059673,0.013738851540188451,0.6458333604946223,0.05390003535922078,53.79849129820055
291,58.238825883922615,4.375,0.2,0.5,0.5,0.287685646210121,0.013639254978710632,0.6454448978334163,0.053230200977750934,53.79849129820055
292,58.43895930620413,4.375,0.2,0.5,0.5,0.2888381335792059,0.013540212112715173,0.6450526444862188,0.05256900982185898,53.79849129820055
293,58.63909272848566,4.375,0.2,0.5,0.5,0.2899851792497425,0.013441723319504587,0.6446567364967197,0.051916360934032034,53.79849129820055
294,58.839226150767175,4.375,0.2,0.5,0.5,0.29112674899767294,0.013343788892975168,0.6442573080701621,0.05127215403918861,53.79849129820055
295,59.0393595730487,4.375,0.2,0.5,0.5,0.2922628095874967,0.013246409140665796,0.6438544914150744,0.05063628985676193,53.79849129820055
296,59.23949299533022,4.375,0.2,0.5,0.5,0.29339332913313154,0.013149584244156253,0.6434484169709334,0.050008669651777714,53.79849129820055
297,59.43962641761174,4.375,0.2,0.5,0.5,0.29451827701043387,0.013053314292909478,0.6430392133529735,0.04938919534368188,53.79849129820055
298,59.63975983989326,4.375,0.2,0.5,0.5,0.2956376237693725,0.012957599304473096,0.6426270073385749,0.04877776958757827,53.79849129820055
299,59.83989326217478,4.375,0.2,0.5,0.5,0.2967513410225974,0.0128624392441394,0.6422119238681081,0.04817429586515393,53.79849129820055
300,60.0400266844563,4.375,0.2,0.5,0.5,0.29785940166500857,0.01276783398620649,0.6417940860432677,0.047578678305516,53.79849129820055
301,60.240160106737825,4.375,0.2,0.5,0.5,0.2989617797978864,0.012673783327364055,0.6413736151276489,0.04699082174709949,53.79849129820055
302,60.44029352901934,4.375,0.2,0.5,0.5,0.3000584506757743,0.012580286979894037,0.6409506304886203,0.04641063185571007,53.79849129820055
303,60.64042695130087,4.375,0.2,0.5,0.5,0.30114939068821883,0.012487344568752865,0.6405252495752433,0.045838015167783866,53.79849129820055
304,60.840560373582385,4.375,0.2,0.5,0.5,0.30223457744486104,0.012394955645168135,0.6400975880211736,0.045272878888796025,53.79849129820055
305,61.04069379586391,4.375,0.2,0.5,0.5,0.3033139897376466,0.01230311968102294,0.6396677596006698,0.04471513098065947,53.79849129820055
306,61.24082721814543,4.375,0.2,0.5,0.5,0.3043876073548892,0.012211836108612178,0.6392358762843086,0.044164680252188906,53.79849129820055
307,61.44096064042695,4.375,0.2,0.5,0.5,0.30545541115726044,0.012121104304360029,0.6388020482160747,0.043621436322303704,53.79849129820055
308,61.64109406270847,4.375,0.2,0.5,0.5,0.30651738321658134,0.0120309235590808,0.6383663836715165,0.043085309552820084,53.79849129820055
309,61.84122748498999,4.375,0.2,0.5,0.5,0.30757350672862954,0.011941293096203271,0.6379289890858083,0.042556211089357664,53.79849129820055
310,62.04136090727151,4.375,0.2,0.5,0.5,0.30862376578493067,0.011852212109470777,0.6374899691658658,0.04203405293973166,53.79849129820055
311,62.241494329553035,4.375,0.2,0.5,0.5,0.3096681455617856,0.011763679731713859,0.6370494267974794,0.04151874790901986,53.79849129820055
312,62.44162775183455,4.375,0.2,0.5,0.5,0.31070663237342766,0.011675695026068753,0.6366074630191997,0.04101020958130273,53.79849129820055
313,62.64176117411608,4.375,0.2,0.5,0.5,0.31173921358742224,0.011588256997349186,0.6361641770671562,0.04050835234807121,53.79849129820055
314,62.841894596397594,4.375,0.2,0.5,0.5,0.3127658773900001,0.011501364608985494,0.6357196665176493,0.04001309148336397,53.79849129820055
315,63.04202801867912,4.375,0.2,0.5,0.5,0.3137866130942986,0.01141501676077466,0.6352740270998528,0.039524343045072755,53.79849129820055
316,63.242161440960636,4.375,0.2,0.5,0.5,0.314801411099725,0.01132921229181364,0.6348273527205064,0.039042023887953824,53.79849129820055
317,63.44229486324216,4.375,0.2,0.5,0.5,0.31581026285167635,0.011243949983406904,0.6343797354883907,0.03856605167652497,53.79849129820055
318,63.64242828552368,4.375,0.2,0.5,0.5,0.31681316074851473,0.011159228569289626,0.6339312657838523,0.03809634489834225,53.79849129820055
319,63.8425617078052,4.375,0.2,0.5,0.5,0.3178100977433836,0.01107504677938707,0.6334820325563991,0.037632822920829076,53.79849129820055
320,64.04269513008673,4.375,0.2,0.5,0.5,0.31880106797969215,0.010991403269976451,0.633032122849751,0.0371754059005793,53.79849129820055
321,64.24282855236824,4.375,0.2,0.5,0.5,0.31978606662609477,0.010908296641822274,0.6325816219251728,0.03672401480690905,53.79849129820055
322,64.44296197464976,4.375,0.2,0.5,0.5,0.3207650898307478,0.010825725445203405,0.6321306132956624,0.036278571428385246,53.79849129820055
323,64.64309539693129,4.375,0.2,0.5,0.5,0.3217381345730001,0.010743688195970416,0.6316791788593665,0.0358389983716618,53.79849129820055
324,64.84322881921281,4.375,0.2,0.5,0.5,0.3227051983483723,0.010662183409652626,0.6312273991829667,0.03540521905900728,53.79849129820055
325,65.04336224149432,4.375,0.2,0.5,0.5,0.323666279811637,0.010581209531832331,0.6307753529231778,0.03497715773335179,53.79849129820055
326,65.24349566377585,4.375,0.2,0.5,0.5,0.32462137855262624,0.01050076496241793,0.6303231170284272,0.034554739456527435,53.79849129820055
327,65.44362908605737,4.375,0.2,0.5,0.5,0.3255704950732321,0.010420848058134083,0.6298707667595448,0.03413789010908793,53.79849129820055
328,65.6437625083389,4.375,0.2,0.5,0.5,0.3265136305771378,0.010341457148751895,0.6294183759043035,0.033726536369805736,53.79849129820055
329,65.8438959306204,4.375,0.2,0.5,0.5,0.32745078679683376,0.010262590550441177,0.6289660169539193,0.03332060569880472,53.79849129820055
330,66.04402935290193,4.375,0.2,0.5,0.5,0.3283819665566859,0.010184246522308421,0.6285137605285409,0.03292002639246365,53.79849129820055
331,66.24416277518345,4.375,0.2,0.5,0.5,0.3293071735347134,0.01010642328478466,0.628061675620313,0.03252472756018788,53.79849129820055
332,66.44429619746498,4.375,0.2,0.5,0.5,0.3302264122553931,0.010029119020180863,0.6276098296007174,0.03213463912370754,53.79849129820055
333,66.64442961974649,4.375,0.2,0.5,0.5,0.33113968779022585,0.009952331896511601,0.6271582885527587,0.031749691760502775,53.79849129820055
334,66.84456304202801,4.375,0.2,0.5,0.5,0.3320470057688916,0.009876060066607451,0.6267071172585886,0.03136981690591128,53.79849129820055
335,67.04469646430954,4.375,0.2,0.5,0.5,0.33294837282711376,0.009800301632481967,0.6262563787026555,0.030994946837747714,53.79849129820055
336,67.24482988659106,4.375,0.2,0.5,0.5,0.3338437963798378,0.009725054663378044,0.625806134323335,0.030625014633448137,53.79849129820055
337,67.44496330887257,4.375,0.2,0.5,0.5,0.33473328461809465,0.0096503171960114,0.6253564440166279,0.030259954169264896,53.79849129820055
338,67.6450967311541,4.375,0.2,0.5,0.5,0.33561684610059916,0.009576087266168539,0.6249073666211569,0.02989970001207433,53.79849129820055
339,67.84523015343562,4.375,0.2,0.5,0.5,0.3364944900154431,0.009502362888459601,0.6244589596073926,0.029544187488703667,53.79849129820055
340,68.04536357571715,4.375,0.2,0.5,0.5,0.33736622646064335,0.009429142034612361,0.6240112787444905,0.02919335276025282,53.79849129820055
341,68.24549699799866,4.375,0.2,0.5,0.5,0.3382320662494868,0.009356422648532666,0.6235643783314524,0.028847132770527126,53.79849129820055
342,68.44563042028018,4.375,0.2,0.5,0.5,0.3390920209105308,0.00928420264630442,0.6231183111971265,0.028505465246037216,53.79849129820055
343,68.6457638425617,4.375,0.2,0.5,0.5,0.3399461023697181,0.009212479938381455,0.6226731290969548,0.028168288594944593,53.79849129820055
344,68.84589726484323,4.375,0.2,0.5,0.5,0.34079432285566325,0.009141252436199572,0.6222288828311837,0.027835541876952377,53.79849129820055
345,69.04603068712474,4.375,0.2,0.5,0.5,0.34163669554941994,0.009070518006815641,0.6217856214338989,0.027507165009864384,53.79849129820055
346,69.24616410940627,4.375,0.2,0.5,0.5,0.3424732342765353,0.009000274494405608,0.621343392557368,0.02718309867168995,53.79849129820055
347,69.44629753168779,4.375,0.2,0.5,0.5,0.3433039535035826,0.008930519720506533,0.6209022424763678,0.02686328429954198,53.79849129820055
348,69.64643095396931,4.375,0.2,0.5,0.5,0.3441288681691824,0.008861251493950369,0.6204622163126179,0.02654766402424827,53.79849129820055
349,69.84656437625083,4.375,0.2,0.5,0.5,0.3449479933377425,0.00879246763121961,0.6200233584946749,0.026236180536361797,53.79849129820055
350,70.04669779853235,4.375,0.2,0.5,0.5,0.3457613449382648,0.008724165913014933,0.6195857117766679,0.025928777372051307,53.79849129820055
351,70.24683122081387,4.375,0.2,0.5,0.5,0.3465689394994582,0.008656344099827181,0.6191493175901134,0.02562539881060011,53.79849129820055
352,70.4469646430954,4.375,0.2,0.5,0.5,0.34737079412319877,0.008588999933497548,0.6187142160791667,0.025325989864135957,53.79849129820055
353,70.64709806537691,4.375,0.2,0.5,0.5,0.34816692640401226,0.008522131141685726,0.6182804462119479,0.025030496242352953,53.79849129820055
354,70.84723148765843,4.375,0.2,0.5,0.5,0.3489573539585492,0.008455735463980738,0.6178480464311157,0.024738864146353266,53.79849129820055
355,71.04736490993996,4.375,0.2,0.5,0.5,0.3497420951296862,0.008389810612828272,0.6174170536803387,0.024451040577145648,53.79849129820055
356,71.24749833222148,4.375,0.2,0.5,0.5,0.3505211688359032,0.00832435428188917,0.6169875036125557,0.024166973269650772,53.79849129820055
357,71.44763175450299,4.375,0.2,0.5,0.5,0.35129459450269573,0.008259364149845575,0.6165594306848077,0.023886610662649937,53.79849129820055
358,71.64776517678452,4.375,0.2,0.5,0.5,0.35206239203549655,0.008194837881980119,0.6161328681966775,0.02360990188584461,53.79849129820055
359,71.84789859906604,4.375,0.2,0.5,0.5,0.3528245813323169,0.008130773158598333,0.615707848982125,0.023336796526958463,53.79849129820055
360,72.04803202134757,4.375,0.2,0.5,0.5,0.3535811828226851,0.008067167643598131,0.6152844046444312,0.02306724488928435,53.79849129820055
361,72.24816544362908,4.375,0.2,0.5,0.5,0.3543322175046792,0.008004018982310094,0.6148625655036278,0.02280119800938171,53.79849129820055
362,72.4482988659106,4.375,0.2,0.5,0.5,0.3550777068182874,0.007941324808883016,0.6144423607762707,0.022538607596557767,53.79849129820055
363,72.64843228819213,4.375,0.2,0.5,0.5,0.35581767264320585,0.007879082746408462,0.6140238185786433,0.022279426031741087,53.79849129820055
364,72.84856571047365,4.375,0.2,0.5,0.5,0.3565521369461825,0.007817290426871553,0.6136069664399395,0.02202360618700517,53.79849129820055
365,73.04869913275516,4.375,0.2,0.5,0.5,0.35728112196297146,0.00775594548085725,0.613191831037484,0.021771101518686067,53.79849129820055
366,73.24883255503669,4.375,0.2,0.5,0.5,0.35800465045503155,0.007695045523028233,0.6127784378231884,0.021521866198750565,53.79849129820055
367,73.44896597731821,4.375,0.2,0.5,0.5,0.3587227455512732,0.007634588161077706,0.6123668112538392,0.021275855033808657,53.79849129820055
368,73.64909939959973,4.375,0.2,0.5,0.5,0.3594354306878121,0.007574570995608648,0.6119569748925806,0.02103302342399735,53.79849129820055
369,73.84923282188124,4.375,0.2,0.5,0.5,0.3601427294730683,0.00751499161986348,0.6115489516361508,0.020793327270916106,53.79849129820055
370,74.04936624416277,4.375,0.2,0.5,0.5,0.3608446659445622,0.007455847620238667,0.6111427632823176,0.020556723152880176,53.79849129820055
371,74.2494996664443,4.375,0.2,0.5,0.5,0.36154126448334883,0.007397136576113268,0.6107384306740111,0.020323168266525436,53.79849129820055
372,74.44963308872582,4.375,0.2,0.5,0.5,0.3622325497883179,0.007338856060977417,0.6103359737392205,0.02009262041148285,53.79849129820055
373,74.64976651100733,4.375,0.2,0.5,0.5,0.36291854657459444,0.007281003663251786,0.6099354119374109,0.019865037824741597,53.79849129820055
374,74.84989993328885,4.375,0.2,0.5,0.5,0.3635992798761218,0.0072235769654002266,0.6095367638116508,0.019640379346825967,53.79849129820055
375,75.05003335557038,4.375,0.2,0.5,0.5,0.36427477507944,0.007166573541598037,0.609140046938614,0.01941860444034668,53.79849129820055
376,75.2501667778519,4.375,0.2,0.5,0.5,0.3649450578519154,0.007109990962686306,0.6087452780348125,0.01919967315058459,53.79849129820055
377,75.45030020013341,4.375,0.2,0.5,0.5,0.3656101539983264,0.007053826803997078,0.608352473181528,0.018983546016147247,53.79849129820055
378,75.65043362241494,4.375,0.2,0.5,0.5,0.36627008940227646,0.006998078648550111,0.607961647916702,0.01877018403247007,53.79849129820055
379,75.85056704469646,4.375,0.2,0.5,0.5,0.3669248903115428,0.006942744071483181,0.6075728167873901,0.018559548829582627,53.79849129820055
380,76.05070046697799,4.375,0.2,0.5,0.5,0.3675745832111275,0.0068878206469789064,0.6071859935488703,0.018351602593021935,53.79849129820055
381,76.2508338892595,4.375,0.2,0.5,0.5,0.3682191947876236,0.006833305948811063,0.6068011912250428,0.01814630803852122,53.79849129820055
382,76.45096731154102,4.375,0.2,0.5,0.5,0.3688587517270219,0.006779197553131881,0.6064184224521522,0.017943628267692736,53.79849129820055
383,76.65110073382255,4.375,0.2,0.5,0.5,0.36949328099405854,0.006725493034621159,0.6060376990039046,0.017743526967414446,53.79849129820055
384,76.85123415610407,4.375,0.2,0.5,0.5,0.37012280977828205,0.006672189967229725,0.6056590318831515,0.01754596837133536,53.79849129820055
385,77.0513675783856,4.375,0.2,0.5,0.5,0.37074736546632836,0.006619285924612107,0.6052824313689383,0.017350917240119827,53.79849129820055
386,77.2515010006671,4.375,0.2,0.5,0.5,0.3713669754558597,0.006566778489100743,0.6049079073220999,0.017158338732938243,53.79849129820055
387,77.45163442294863,4.375,0.2,0.5,0.5,0.37198166725622817,0.006514665246850709,0.604535469019926,0.016968198476993594,53.79849129820055
388,77.65176784523015,4.375,0.2,0.5,0.5,0.3725914686147087,0.006462943781751158,0.6041651249488297,0.01678046265470905,53.79849129820055
389,77.85190126751168,4.375,0.2,0.5,0.5,0.37319640743718735,0.006411611679250738,0.6037968829346122,0.016595097948948315,53.79849129820055
390,78.05203468979319,4.375,0.2,0.5,0.5,0.37379651170808265,0.006360666529738048,0.603430750278751,0.016412071483426913,53.79849129820055
391,78.25216811207471,4.375,0.2,0.5,0.5,0.37439180939054617,0.006310105932754564,0.6030667339282495,0.016231350748448507,53.79849129820055
392,78.45230153435624,4.375,0.2,0.5,0.5,0.37498232866939146,0.0062599274867396314,0.6027048400621922,0.016052903781675447,53.79849129820055
393,78.65243495663776,4.375,0.2,0.5,0.5,0.37556809785800177,0.006210128792960266,0.6023450742501808,0.015876699098855866,53.79849129820055
394,78.85256837891927,4.375,0.2,0.5,0.5,0.3761491453685565,0.006160707456480589,0.6019874415042855,0.015702705670676095,53.79849129820055
395,79.0527018012008,4.375,0.2,0.5,0.5,0.3767254995416844,0.0061116610914303295,0.6016319465775217,0.015530892789362184,53.79849129820055
396,79.25283522348232,4.375,0.2,0.5,0.5,0.3772971888711099,0.006062987314056949,0.6012785935702315,0.015361230244600175,53.79849129820055
397,79.45296864576385,4.375,0.2,0.5,0.5,0.37786424196648827,0.006014683743875069,0.6009273859952029,0.015193688294432356,53.79849129820055
398,79.65310206804536,4.375,0.2,0.5,0.5,0.37842668752714254,0.005966748004499824,0.6005783268237486,0.015028237644607615,53.79849129820055
399,79.85323549032688,4.375,0.2,0.5,0.5,0.3789845541926759,0.005919177729435701,0.6002314187509035,0.014864849326983521,53.79849129820055
400,80.0533689126084,4.375,0.2,0.5,0.5,0.3795378706483666,0.005871970557992445,0.5998866640083241,0.014703494785315392,53.79849129820055
401,80.25350233488993,4.375,0.2,0.5,0.5,0.3800866656944476,0.005825124132600426,0.5995440642413026,0.014544145931647925,53.79849129820055
402,80.45363575717144,4.375,0.2,0.5,0.5,0.3806309681936061,0.005778636100845081,0.5992036206019663,0.014386775103581079,53.79849129820055
403,80.65376917945296,4.375,0.2,0.5,0.5,0.3811708069968864,0.005732504118029061,0.5988653338848335,0.014231355000249689,53.79849129820055
404,80.85390260173449,4.375,0.2,0.5,0.5,0.38170621088730583,0.00568672584912195,0.5985292046299637,0.01407785863360711,53.79849129820055
405,81.05403602401601,4.375,0.2,0.5,0.5,0.38223720875937534,0.00564129896255267,0.5981952327945383,0.013926259483532363,53.79849129820055
406,81.25416944629752,4.375,0.2,0.5,0.5,0.38276382954465843,0.005596221132783546,0.5978634178890438,0.013776531433512849,53.79849129820055
407,81.45430286857905,4.375,0.2,0.5,0.5,0.38328610218470954,0.005551490041171494,0.5975337590280243,0.01362864874609337,53.79849129820055
408,81.65443629086057,4.375,0.2,0.5,0.5,0.38380405550461194,0.005507103379968535,0.5972062551676428,0.013482585947775362,53.79849129820055
409,81.8545697131421,4.375,0.2,0.5,0.5,0.3843177183947703,0.005463058846570952,0.5968809047641797,0.013338317994477785,53.79849129820055
410,82.05470313542361,4.375,0.2,0.5,0.5,0.38482711977067735,0.005419354144792042,0.596557705849611,0.013195820234918275,53.79849129820055
411,82.25483655770513,4.375,0.2,0.5,0.5,0.3853322885545742,0.005375986985446715,0.5962366560662411,0.013055068393736673,53.79849129820055
412,82.45496997998666,4.375,0.2,0.5,0.5,0.3858332535568098,0.005332955090243334,0.5959177528951722,0.012916038457773319,53.79849129820055
413,82.65510340226818,4.375,0.2,0.5,0.5,0.3863300435759215,0.005290256188500716,0.5956009934635762,0.012778706772000256,53.79849129820055
414,82.85523682454969,4.375,0.2,0.5,0.5,0.3868226874331029,0.00524788801601746,0.5952863744783179,0.01264305007256043,53.79849129820055
415,83.05537024683122,4.375,0.2,0.5,0.5,0.3873112139375013,0.005205848316210309,0.5949738922927834,0.012509045453503608,53.79849129820055
416,83.25550366911274,4.375,0.2,0.5,0.5,0.3877956518216877,0.0051641348421117665,0.5946635430350162,0.012376670301182951,53.79849129820055
417,83.45563709139427,4.375,0.2,0.5,0.5,0.3882760297187614,0.005122745357078839,0.5943553226531795,0.012245902270978945,53.79849129820055
418,83.65577051367578,4.375,0.2,0.5,0.5,0.3887523762845337,0.005081677631010704,0.5940492266729389,0.012116719411515323,53.79849129820055
419,83.8559039359573,4.375,0.2,0.5,0.5,0.38922472014284826,0.005040929442041372,0.5937452503060391,0.011989100109069947,53.79849129820055
420,84.05603735823883,4.375,0.2,0.5,0.5,0.3896930898617466,0.005000498577236682,0.5934433884991891,0.011863023061826293,53.79849129820055
421,84.25617078052035,4.375,0.2,0.5,0.5,0.3901575138662599,0.004960382835141554,0.5931436361130458,0.011738467185551497,53.79849129820055
422,84.45630420280186,4.375,0.2,0.5,0.5,0.39061802057571104,0.004920580021769551,0.59284598764042,0.011615411762098186,53.79849129820055
423,84.65643762508338,4.375,0.2,0.5,0.5,0.391074638366948,0.004881087951676779,0.5925504372817353,0.011493836399638755,53.79849129820055
424,84.85657104736491,4.375,0.2,0.5,0.5,0.39152739556165195,0.00484190444832974,0.5922569789713987,0.011373721018618237,53.79849129820055
425,85.05670446964643,4.375,0.2,0.5,0.5,0.39197632033778484,0.004803027346634538,0.5919656065659669,0.011255045749612435,53.79849129820055
426,85.25683789192794,4.375,0.2,0.5,0.5,0.392421440815026,0.004764454490496664,0.5916763136626002,0.01113779103187582,53.79849129820055
427,85.45697131420947,4.375,0.2,0.5,0.5,0.3928627850676835,0.004726183732452206,0.5913890935716288,0.011021937628234165,53.79849129820055
428,85.657104736491,4.375,0.2,0.5,0.5,0.3933003811030101,0.004688212934287211,0.5911039393626285,0.010907466600072923,53.79849129820055
429,85.85723815877252,4.375,0.2,0.5,0.5,0.3937342568085234,0.004650539968465073,0.5908208439808815,0.010794359242128756,53.79849129820055
430,86.05737158105403,4.375,0.2,0.5,0.5,0.39416443995145334,0.0046131627181415225,0.5905398002485985,0.010682597081805328,53.79849129820055
431,86.25750500333555,4.375,0.2,0.5,0.5,0.39459095825408663,0.004576079075123079,0.5902608006983522,0.010572161972436878,53.79849129820055
432,86.45763842561708,4.375,0.2,0.5,0.5,0.39501383935721035,0.004539286940857597,0.589983837653893,0.0104630360480378,53.79849129820055
433,86.6577718478986,4.375,0.2,0.5,0.5,0.3954331108001604,0.004502784226942383,0.5897089032762559,0.010355201696639931,53.79849129820055
434,86.85790527018011,4.375,0.2,0.5,0.5,0.3958487999658319,0.004466568856524556,0.5894359896908453,0.010248641486796883,53.79849129820055
435,87.05803869246164,4.375,0.2,0.5,0.5,0.3962609341765771,0.0044306387618589195,0.5891650887658076,0.010143338295755075,53.79849129820055
436,87.25817211474316,4.375,0.2,0.5,0.5,0.39666954066470117,0.004394991885059339,0.5888961921802182,0.010039275270020041,53.79849129820055
437,87.45830553702469,4.375,0.2,0.5,0.5,0.3970746465637835,0.004359626178313059,0.5886292914446648,0.009936435813237348,53.79849129820055
438,87.6584389593062,4.375,0.2,0.5,0.5,0.397476278847678,0.00432453960534317,0.5883643780494041,0.009834803497573406,53.79849129820055
439,87.85857238158772,4.375,0.2,0.5,0.5,0.39787446439616275,0.004289730139834662,0.5881014433049115,0.009734362159089778,53.79849129820055
440,88.05870580386924,4.375,0.2,0.5,0.5,0.3982692299962113,0.004255195765403959,0.5878404783387932,0.009635095899590352,53.79849129820055
441,88.25883922615077,4.375,0.2,0.5,0.5,0.39866060393618935,0.004220934329877621,0.5875814759136156,0.009536985820315924,53.79849129820055
442,88.45897264843228,4.375,0.2,0.5,0.5,0.3990486084866944,0.004186944225909027,0.5873244222086357,0.009440025078759481,53.79849129820055
443,88.6591060707138,4.375,0.2,0.5,0.5,0.39943327333750156,0.00415322317058865,0.587069311725959,0.009344191765949295,53.79849129820055
444,88.85923949299533,4.375,0.2,0.5,0.5,0.3998146244788356,0.00411976921872523,0.586816134771996,0.009249471530441748,53.79849129820055
445,89.05937291527685,4.375,0.2,0.5,0.5,0.40019268790092116,0.004086580425127511,0.5865648816531567,0.009155850020793216,53.79849129820055
446,89.25950633755836,4.375,0.2,0.5,0.5,0.4005674894983997,0.0040536548529573465,0.5863155426866428,0.009063312961998655,53.79849129820055
447,89.45963975983989,4.375,0.2,0.5,0.5,0.40093905493207815,0.0040209905858116035,0.5860681082160567,0.008971846266051986,53.79849129820055
448,89.65977318212141,4.375,0.2,0.5,0.5,0.40130741003636705,0.003988585692115774,0.5858225685654004,0.008881435706115201,53.79849129820055
449,89.85990660440294,4.375,0.2,0.5,0.5,0.4016725806582739,0.003956438239194491,0.5855789140572536,0.008792067045276483,53.79849129820055
450,90.06004002668445,4.375,0.2,0.5,0.5,0.402034592643356,0.003924546294491824,0.5853371350133734,0.008703726048777224,53.79849129820055
451,90.26017344896597,4.375,0.2,0.5,0.5,0.40239347107660284,0.0038929079881009415,0.5850972213239304,0.008616399611364208,53.79849129820055
452,90.4603068712475,4.375,0.2,0.5,0.5,0.4027492408120563,0.003861521469138485,0.5848591627480441,0.008530074970759659,53.79849129820055
453,90.66044029352902,4.375,0.2,0.5,0.5,0.40310192717773247,0.0038303848476791535,0.584622949313791,0.008444738660795805,53.79849129820055
454,90.86057371581053,4.375,0.2,0.5,0.5,0.4034515555016474,0.0037994962337976486,0.5843885710492485,0.00836037721530488,53.79849129820055
455,91.06070713809206,4.375,0.2,0.5,0.5,0.403798151009305,0.003768853744144935,0.584156017921075,0.008276977325473615,53.79849129820055
456,91.26084056037358,4.375,0.2,0.5,0.5,0.40414173778691437,0.0037384555684588307,0.5839252792133417,0.008194527431283585,53.79849129820055
457,91.4609739826551,4.375,0.2,0.5,0.5,0.40448234033740527,0.0037082998697441256,0.5836963444597907,0.00811301533305846,53.79849129820055
458,91.66110740493662,4.375,0.2,0.5,0.5,0.40481998340454617,0.003678384795555574,0.5834692033384575,0.008032428461439185,53.79849129820055
459,91.86124082721814,4.375,0.2,0.5,0.5,0.40515469173210567,0.0036487084934479232,0.5832438455273782,0.007952754247066686,53.79849129820055
460,92.06137424949966,4.375,0.2,0.5,0.5,0.40548648962833644,0.00361926914708856,0.5830202605758941,0.007873980648679424,53.79849129820055
461,92.26150767178119,4.375,0.2,0.5,0.5,0.40581540027282076,0.0035900650337333546,0.5827984376998258,0.007796096993618642,53.79849129820055
462,92.4616410940627,4.375,0.2,0.5,0.5,0.4061414476649746,0.0035610943626581976,0.5825783663572538,0.007719091615111915,53.79849129820055
463,92.66177451634422,4.375,0.2,0.5,0.5,0.4064646558696814,0.0035323553377104764,0.5823600360256042,0.007642952767002536,53.79849129820055
464,92.86190793862575,4.375,0.2,0.5,0.5,0.4067850489505989,0.0035038461628422706,0.5821434361821244,0.007567668704433045,53.79849129820055
465,93.06204136090727,4.375,0.2,0.5,0.5,0.40710264979478966,0.003475565142521599,0.5819285561326337,0.007493228930053651,53.79849129820055
466,93.26217478318878,4.375,0.2,0.5,0.5,0.407417480957906,0.0034475106095286766,0.5817153851346656,0.007419623297898397,53.79849129820055
467,93.46230820547031,4.375,0.2,0.5,0.5,0.40772956580427705,0.0034196808275588765,0.5815039125635763,0.007346840804586453,53.79849129820055
468,93.66244162775183,4.375,0.2,0.5,0.5,0.40803892769823197,0.003392074060307576,0.5812941277947221,0.007274870446737007,53.79849129820055
469,93.86257505003336,4.375,0.2,0.5,0.5,0.40834559000409976,0.003364688571470151,0.5810860202034595,0.0072037012209692376,53.79849129820055
470,94.06270847231487,4.375,0.2,0.5,0.5,0.4086495758703802,0.0033375226381029445,0.5808795791260182,0.007133322365497186,53.79849129820055
471,94.26284189459639,4.375,0.2,0.5,0.5,0.4089509066609878,0.003310574647737421,0.5806747935751114,0.007063725116161817,53.79849129820055
472,94.46297531687792,4.375,0.2,0.5,0.5,0.4092496046182224,0.0032838429335284277,0.5804716527226894,0.006994899725558275,53.79849129820055
473,94.66310873915944,4.375,0.2,0.5,0.5,0.40954569231781246,0.0032573258079898228,0.5802701458011478,0.006926836073048471,53.79849129820055
474,94.86324216144095,4.375,0.2,0.5,0.5,0.4098391923354866,0.0032310215836354674,0.5800702620428821,0.006859524037994322,53.79849129820055
475,95.06337558372248,4.375,0.2,0.5,0.5,0.41013012724697345,0.0032049285729792167,0.5798719906802882,0.006792953499757728,53.79849129820055
476,95.263509006004,4.375,0.2,0.5,0.5,0.4104185187478858,0.0031790451518342758,0.5796753209367062,0.006727115163572332,53.79849129820055
477,95.46364242828552,4.375,0.2,0.5,0.5,0.41070438729282244,0.0031533697852695595,0.5794802420227082,0.006662000899198363,53.79849129820055
478,95.66377585056703,4.375,0.2,0.5,0.5,0.4109877545865988,0.003127900848436395,0.5792867431617295,0.006597601403233892,53.79849129820055
479,95.86390927284856,4.375,0.2,0.5,0.5,0.41126864236843724,0.0031026367140115146,0.579094813577559,0.006533907339990806,53.79849129820055
480,96.06404269513008,4.375,0.2,0.5,0.5,0.41154707237756005,0.003077575754671656,0.5789044424939859,0.006470909373781,53.79849129820055
481,96.26417611741161,4.375,0.2,0.5,0.5,0.41182306629187243,0.0030527163478226297,0.578715619140334,0.006408598219969497,53.79849129820055
482,96.46430953969312,4.375,0.2,0.5,0.5,0.41209664397157253,0.0030280570110610963,0.5785283329100016,0.00634696610736331,53.79849129820055
483,96.66444296197464,4.375,0.2,0.5,0.5,0.4123678256353362,0.0030035962343360726,0.5783425731640293,0.0062860049662970575,53.79849129820055
484,96.86457638425617,4.375,0.2,0.5,0.5,0.41263663216248847,0.0029793324566439496,0.5781583292038242,0.0062257061770419906,53.79849129820055
485,97.06470980653769,4.375,0.2,0.5,0.5,0.4129030844323544,0.0029552641169811166,0.5779755903307937,0.006166061119869358,53.79849129820055
486,97.2648432288192,4.375,0.2,0.5,0.5,0.413167203324259,0.002931389654343965,0.5777943458463451,0.006107061175050411,53.79849129820055
487,97.46497665110073,4.375,0.2,0.5,0.5,0.4134290092105352,0.002907707543726588,0.5776145851248683,0.006048698120868416,53.79849129820055
488,97.66511007338225,4.375,0.2,0.5,0.5,0.41368852065626355,0.0028842163884424924,0.5774362978009103,0.005990965154382179,53.79849129820055
489,97.86524349566378,4.375,0.2,0.5,0.5,0.4139457575358613,0.0028609146988390153,0.5772594733205368,0.005933854444761379,53.79849129820055
490,98.06537691794529,4.375,0.2,0.5,0.5,0.41420073989648953,0.00283780097299826,0.5770841011049468,0.00587735802556397,53.79849129820055
491,98.26551034022681,4.375,0.2,0.5,0.5,0.4144534877853094,0.0028148737090023233,0.576910170575339,0.005821467930347892,53.79849129820055
492,98.46564376250834,4.375,0.2,0.5,0.5,0.41470402124948186,0.0027921314049333098,0.5767376711529123,0.005766176192671096,53.79849129820055
493,98.66577718478986,4.375,0.2,0.5,0.5,0.4149523597350425,0.0027695725972907647,0.5765665923654452,0.005711475302220158,53.79849129820055
494,98.86591060707137,4.375,0.2,0.5,0.5,0.41519852089187176,0.002747195937365074,0.5763969240591736,0.005657359111588197,53.79849129820055
495,99.0660440293529,4.375,0.2,0.5,0.5,0.41544252376065005,0.002724999987561692,0.5762286558337454,0.005603820418041505,53.79849129820055
496,99.26617745163442,4.375,0.2,0.5,0.5,0.41568438752525333,0.002702983301134579,0.5760617772634197,0.005550851910191072,53.79849129820055
497,99.46631087391594,4.375,0.2,0.5,0.5,0.4159241313695575,0.002681144431337696,0.5758962779224555,0.005498446276647882,53.79849129820055
498,99.66644429619745,4.375,0.2,0.5,0.5,0.4161617744774386,0.0026594819314250044,0.5757321473851121,0.005446596206022927,53.79849129820055
499,99.86657771847898,4.375,0.2,0.5,0.5,0.41639733534713363,0.002637994402510434,0.5755693753998217,0.005395294850532811,53.79849129820055
500,100.0667111407605,4.375,0.2,0.5,0.5,0.4166308307640638,0.002616680565268481,0.5754079521501237,0.005344536520542502,53.79849129820055
501,100.26684456304203,4.375,0.2,0.5,0.5,0.41686227893205546,0.002595539041363991,0.5752478674592397,0.00529431456733932,53.79849129820055
502,100.46697798532354,4.375,0.2,0.5,0.5,0.4170916981666561,0.002574568444663272,0.5750891111220108,0.005244622266668417,53.79849129820055
503,100.66711140760506,4.375,0.2,0.5,0.5,0.4173191067834135,0.0025537673890326297,0.5749316729332775,0.005195452894274934,53.79849129820055
504,100.86724482988659,4.375,0.2,0.5,0.5,0.41754452309787526,0.0025331344883383713,0.5747755426878809,0.005146799725904022,53.79849129820055
505,101.06737825216811,4.375,0.2,0.5,0.5,0.41776796466560384,0.0025126684103119286,0.5746207104110229,0.005098656513059842,53.79849129820055
506,101.26751167444962,4.375,0.2,0.5,0.5,0.41798944746319955,0.002492367934596124,0.5744671666065087,0.00505101799569417,53.79849129820055
507,101.46764509673115,4.375,0.2,0.5,0.5,0.4182089888694232,0.002472231741453476,0.5743149013531309,0.005003878035990926,53.79849129820055
508,101.66777851901267,4.375,0.2,0.5,0.5,0.4184266063451088,0.002452258505329443,0.5741639047048049,0.004957230444755324,53.79849129820055
509,101.8679119412942,4.375,0.2,0.5,0.5,0.4186423173510904,0.002432446900669481,0.574014166715446,0.00491106903279257,53.79849129820055
510,102.0680453635757,4.375,0.2,0.5,0.5,0.4188561393482021,0.002412795601919048,0.5738656774389695,0.004865387610907877,53.79849129820055
511,102.26817878585723,4.375,0.2,0.5,0.5,0.419068088977878,0.0023933033389152915,0.5737184272049423,0.004820180478262965,53.79849129820055
512,102.46831220813876,4.375,0.2,0.5,0.5,0.41927818147770285,0.0023739689363960516,0.5735724068151956,0.004775442770704032,53.79849129820055
513,102.66844563042028,4.375,0.2,0.5,0.5,0.41948643342904063,0.002354791128259243,0.5734276066195044,0.004731168823194221,53.79849129820055
514,102.8685790527018,4.375,0.2,0.5,0.5,0.41969286146927315,0.0023357686446159594,0.5732840169487989,0.004687352937310459,53.79849129820055
515,103.06871247498331,4.375,0.2,0.5,0.5,0.41989748223578227,0.002316900215577296,0.5731416281340093,0.004643989414629677,53.79849129820055
516,103.26884589726484,4.375,0.2,0.5,0.5,0.42010031236594986,0.0022981845712543433,0.5730004305060655,0.0046010725567287945,53.79849129820055
517,103.46897931954636,4.375,0.2,0.5,0.5,0.4203013676104121,0.002279620501812963,0.5728604147262296,0.004558597161543834,53.79849129820055
518,103.66911274182789,4.375,0.2,0.5,0.5,0.42050066248285145,0.002261206881191608,0.5727215719165553,0.004516558719400263,53.79849129820055
519,103.8692461641094,4.375,0.2,0.5,0.5,0.42069821278408015,0.002242942496157973,0.5725838927196125,0.004474952000147896,53.79849129820055
520,104.06937958639092,4.375,0.2,0.5,0.5,0.42089403435073913,0.002224826131053261,0.5724473677646248,0.004433771753581337,53.79849129820055
521,104.26951300867245,4.375,0.2,0.5,0.5,0.4210881430194693,0.0022068565702186766,0.5723119876808154,0.004393012729495197,53.79849129820055
522,104.46964643095397,4.375,0.2,0.5,0.5,0.42128055462691144,0.002189032597995425,0.5721777430974077,0.004352669677684086,53.79849129820055
523,104.66977985323548,4.375,0.2,0.5,0.5,0.42147128405654166,0.002171353064072283,0.5720446250298108,0.004312737849573786,53.79849129820055
524,104.869913275517,4.375,0.2,0.5,0.5,0.4216603451292975,0.0021538168909840854,0.5719126249239346,0.004273213055782279,53.79849129820055
525,105.07004669779853,4.375,0.2,0.5,0.5,0.42184775288410215,0.0021364229177623854,0.5717817337322073,0.004234090465926715,53.79849129820055
526,105.27018012008006,4.375,0.2,0.5,0.5,0.4220335223802783,0.002119169982040165,0.5716519423987917,0.004195365238888307,53.79849129820055
527,105.47031354236157,4.375,0.2,0.5,0.5,0.42221766867714877,0.002102056921450407,0.5715232418678511,0.00415703253354827,53.79849129820055
528,105.67044696464309,4.375,0.2,0.5,0.5,0.4224002068340364,0.00208508257362609,0.5713956230835482,0.004119087508787811,53.79849129820055
529,105.87058038692462,4.375,0.2,0.5,0.5,0.42258115080524034,0.0020682458542429847,0.5712690774750874,0.00408152586542787,53.79849129820055
530,106.07071380920614,4.375,0.2,0.5,0.5,0.4227605136307091,0.0020515457435532894,0.5711435968730193,0.0040443437527169,53.79849129820055
531,106.27084723148765,4.375,0.2,0.5,0.5,0.4229383096129034,0.0020349811326437015,0.5710191725537255,0.00400753670072598,53.79849129820055
532,106.47098065376917,4.375,0.2,0.5,0.5,0.42311455306468393,0.0020185509118664314,0.5708957957890225,0.003971100234425824,53.79849129820055
533,106.6711140760507,4.375,0.2,0.5,0.5,0.4232892582989111,0.002002253971573692,0.5707734578507266,0.003935029878787156,53.79849129820055
534,106.87124749833222,4.375,0.2,0.5,0.5,0.4234624396284456,0.0019860892021176966,0.5706521500106546,0.003899321158780694,53.79849129820055
535,107.07138092061373,4.375,0.2,0.5,0.5,0.4236341112252509,0.0019700555029560263,0.570531863603818,0.003863969667973618,53.79849129820055
536,107.27151434289526,4.375,0.2,0.5,0.5,0.42380428523676383,0.001954151904379923,0.5704125908732697,0.0038289719855852254,53.79849129820055
537,107.47164776517678,4.375,0.2,0.5,0.5,0.42397297462926925,0.0019383773837631257,0.5702943236947923,0.003794324292174036,53.79849129820055
538,107.67178118745831,4.375,0.2,0.5,0.5,0.42414019292420224,0.001922730882603178,0.5701770536951726,0.0037600224980206503,53.79849129820055
539,107.87191460973982,4.375,0.2,0.5,0.5,0.4243059536429978,0.0019072113423976224,0.5700607725011976,0.003726062513405673,53.79849129820055
540,108.07204803202134,4.375,0.2,0.5,0.5,0.42447027030709106,0.0018918177046439995,0.5699454717396539,0.003692440248609701,53.79849129820055
541,108.27218145430287,4.375,0.2,0.5,0.5,0.42463315643791705,0.0018765489108398526,0.5698311430373284,0.0036591516139133384,53.79849129820055
542,108.47231487658439,4.375,0.2,0.5,0.5,0.4247946248178692,0.0018614039538040192,0.5697177783788894,0.0036261928494360687,53.79849129820055
543,108.6724482988659,4.375,0.2,0.5,0.5,0.4249546867122403,0.0018463819317074072,0.5696053704836622,0.003593560872388795,53.79849129820055
544,108.87258172114743,4.375,0.2,0.5,0.5,0.4251133547960541,0.0018314818448249242,0.569493911388309,0.0035612519708107257,53.79849129820055
545,109.07271514342895,4.375,0.2,0.5,0.5,0.42527064182725843,0.0018167026876729881,0.5693833930893357,0.0035292623957315825,53.79849129820055
546,109.27284856571048,4.375,0.2,0.5,0.5,0.425426560563801,0.0018020434547680153,0.5692738075832486,0.003497588398181085,53.79849129820055
547,109.47298198799199,4.375,0.2,0.5,0.5,0.4255811237636296,0.0017875031406264228,0.5691651468665537,0.0034662262291889558,53.79849129820055
548,109.67311541027351,4.375,0.2,0.5,0.5,0.425734336224737,0.0017730813123715632,0.5690574069853211,0.003435175477568966,53.79849129820055
549,109.87324883255503,4.375,0.2,0.5,0.5,0.4258862287504152,0.0017587756664108527,0.5689505707556312,0.003404424827541495,53.79849129820055
550,110.07338225483656,4.375,0.2,0.5,0.5,0.42603679909775866,0.0017445862763613537,0.568844637805555,0.0033739768203236396,53.79849129820055
551,110.27351567711807,4.375,0.2,0.5,0.5,0.4261860598401638,0.001730512150015361,0.568739600225488,0.003343827784331559,53.79849129820055
552,110.4736490993996,4.375,0.2,0.5,0.5,0.4263340234395641,0.0017165523031833555,0.568635450162531,0.003313974094720248,53.79849129820055
553,110.67378252168112,4.375,0.2,0.5,0.5,0.42648070224643025,0.0017027057596940105,0.568532179820491,0.0032844121733835497,53.79849129820055
554,110.87391594396264,4.375,0.2,0.5,0.5,0.4266261084997699,0.0016889715513941882,0.5684297814598804,0.003255138488954146,53.79849129820055
555,111.07404936624415,4.375,0.2,0.5,0.5,0.4267702540742125,0.0016753487356074325,0.5683282475313964,0.0032261496587823843,53.79849129820055
556,111.27418278852568,4.375,0.2,0.5,0.5,0.4269131496092531,0.0016618364552413631,0.5682275711354678,0.0031974428000365617,53.79849129820055
557,111.4743162108072,4.375,0.2,0.5,0.5,0.42705480630670173,0.0016484338147115887,0.5681277450736378,0.0031690148049476766,53.79849129820055
558,111.67444963308873,4.375,0.2,0.5,0.5,0.4271952353227171,0.0016351399219090145,0.5680287621694231,0.0031408625859495535,53.79849129820055
559,111.87458305537024,4.375,0.2,0.5,0.5,0.42733444764165346,0.0016219538969080396,0.567930615334892,0.0031129831265453017,53.79849129820055
560,112.07471647765176,4.375,0.2,0.5,0.5,0.4274724540760608,0.0016088748719665549,0.5678332975706641,0.0030853734813073076,53.79849129820055
561,112.27484989993329,4.375,0.2,0.5,0.5,0.427609265266685,0.0015959019915259471,0.5677368019659106,0.0030580307758772468,53.79849129820055
562,112.47498332221481,4.375,0.2,0.5,0.5,0.4277448916824674,0.0015830344122110956,0.5676411216983542,0.0030309522069660744,53.79849129820055
563,112.67511674449632,4.375,0.2,0.5,0.5,0.42787934362564917,0.0015702713023890715,0.5675462500317555,0.0030041350402051355,53.79849129820055
564,112.87525016677785,4.375,0.2,0.5,0.5,0.4280126320995048,0.0015576117671425018,0.5674521798885427,0.002977576244808863,53.79849129820055
565,113.07538358905937,4.375,0.2,0.5,0.5,0.42814476806074975,0.0015450549129084718,0.5673589042180109,0.002951272808329677,53.79849129820055
566,113.2755170113409,4.375,0.2,0.5,0.5,0.4282757618516095,0.001532599896583366,0.5672664162760351,0.0029252219757708326,53.79849129820055
567,113.4756504336224,4.375,0.2,0.5,0.5,0.42840562369815594,0.0015202458824353521,0.567174709379633,0.0028994210397745475,53.79849129820055
568,113.67578385590393,4.375,0.2,0.5,0.5,0.42853436371030745,0.0015079920421043754,0.567083776906965,0.0028738673406219985,53.79849129820055
569,113.87591727818545,4.375,0.2,0.5,0.5,0.4286619918818288,0.0014958375546021661,0.5669936122973346,0.002848558266233329,53.79849129820055
570,114.07605070046698,4.375,0.2,0.5,0.5,0.4287885180903312,0.0014837816063122335,0.5669042090511878,0.002823491252167644,53.79849129820055
571,114.27618412274849,4.375,0.2,0.5,0.5,0.4289139520972722,0.00147182339098987,0.5668155607301137,0.002798663781623014,53.79849129820055
572,114.47631754503001,4.375,0.2,0.5,0.5,0.4290383036210481,0.0014599621168196527,0.5667276609491575,0.002774073312973665,53.79849129820055
573,114.67645096731154,4.375,0.2,0.5,0.5,0.4291615825495011,0.0014481970269343758,0.5666405033544711,0.0027497170690923326,53.79849129820055
574,114.87658438959306,4.375,0.2,0.5,0.5,0.4292837984741942,0.0014365273544463429,0.5665540816722929,0.0027255924990655035,53.79849129820055
575,115.07671781187457,4.375,0.2,0.5,0.5,0.42940496085783403,0.0014249523386131275,0.56646838969134,0.002701697112211808,53.79849129820055
576,115.2768512341561,4.375,0.2,0.5,0.5,0.4295250790626407,0.0014134712275768039,0.5663834212598243,0.0026780284499569947,53.79849129820055
577,115.47698465643762,4.375,0.2,0.5,0.5,0.42964416235034725,0.0014020832783639516,0.5662991702854537,0.0026545840858339447,53.79849129820055
578,115.67711807871915,4.375,0.2,0.5,0.5,0.4297622198821999,0.001390787756885652,0.5662156307354306,0.002631361625482662,53.79849129820055
579,115.87725150100066,4.375,0.2,0.5,0.5,0.42987926071895816,0.0013795839379374896,0.566132796636453,0.002608358706650277,53.79849129820055
580,116.07738492328218,4.375,0.2,0.5,0.5,0.4299952938239849,0.0013684711045852998,0.5660506620724699,0.002585572998958859,53.79849129820055
581,116.2775183455637,4.375,0.2,0.5,0.5,0.43011032836145785,0.0013574484888921358,0.5659692209681485,0.0025630021815004175,53.79849129820055
582,116.47765176784523,4.375,0.2,0.5,0.5,0.430224373413232,0.0013465153281952227,0.5658884672944623,0.0025406439641093947,53.79849129820055
583,116.67778519012674,4.375,0.2,0.5,0.5,0.4303374378243012,0.0013356708958223104,0.565808395180902,0.0025184960989733424,53.79849129820055
584,116.87791861240827,4.375,0.2,0.5,0.5,0.43044953035760236,0.001324914470322499,0.5657289988030717,0.0024965563690022754,53.79849129820055
585,117.07805203468979,4.375,0.2,0.5,0.5,0.43056065969401514,0.0013142453354662448,0.5656502723826888,0.0024748225878286805,53.79849129820055
586,117.27818545697131,4.375,0.2,0.5,0.5,0.4306708344323625,0.0013036627802453559,0.5655722101875835,0.0024532925998075102,53.79849129820055
587,117.47831887925283,4.375,0.2,0.5,0.5,0.4307800630894101,0.0012931660988729948,0.5654948065316996,0.0024319642800161873,53.79849129820055
588,117.67845230153435,4.375,0.2,0.5,0.5,0.4308883540998668,0.0012827545907836745,0.5654180557750939,0.002410835534254597,53.79849129820055
589,117.87858572381587,4.375,0.2,0.5,0.5,0.43099572771287037,0.0012724269136617805,0.5653419454963357,0.002389899877131065,53.79849129820055
590,118.0787191460974,4.375,0.2,0.5,0.5,0.4311021636629834,0.0012621839014759762,0.5652664865609593,0.0023691658745802076,53.79849129820055
591,118.27885256837891,4.375,0.2,0.5,0.5,0.4312076888243762,0.0012520238507345623,0.5651916627464556,0.00234862457843253,53.79849129820055
592,118.47898599066043,4.375,0.2,0.5,0.5,0.4313123109042349,0.001241946094981679,0.5651174688374705,0.0023282741633118623,53.79849129820055
593,118.67911941294196,4.375,0.2,0.5,0.5,0.4314160376097453,0.001231949967761469,0.5650438996186501,0.0023081128038420404,53.79849129820055
594,118.87925283522348,4.375,0.2,0.5,0.5,0.43151887664809335,0.0012220348026180737,0.5649709498746406,0.002288138674646898,53.79849129820055
595,119.07938625750499,4.375,0.2,0.5,0.5,0.4316208357264651,0.0012121999330956357,0.5648986143900879,0.0022683499503502714,53.79849129820055
596,119.27951967978652,4.375,0.2,0.5,0.5,0.4317219225520464,0.0012024446927382953,0.5648268879496382,0.0022487448055759905,53.79849129820055
597,119.47965310206804,4.375,0.2,0.5,0.5,0.4318221448281046,0.0011927684162500618,0.5647557653415034,0.0022293214141408256,53.79849129820055
598,119.67978652434957,4.375,0.2,0.5,0.5,0.43192151000961176,0.0011831705118271149,0.5646852415798362,0.0022100778987237594,53.79849129820055
599,119.87991994663108,4.375,0.2,0.5,0.5,0.4320200255625949,0.0011736503843935047,0.5646153116687299,0.0021910123842806095,53.79849129820055
600,120.0800533689126,4.375,0.2,0.5,0.5,0.43211769906802733,0.001164207404850684,0.56454597050768,0.0021721230194410067,53.79849129820055
601,120.28018679119413,4.375,0.2,0.5,0.5,0.4322145381068822,0.0011548409441001065,0.564477212996182,0.0021534079528345864,53.79849129820055
602,120.48032021347565,4.375,0.2,0.5,0.5,0.432310550260133,0.001145550373043226,0.5644090340337318,0.002134865333090982,53.79849129820055
603,120.68045363575716,4.375,0.2,0.5,0.5,0.43240574296904427,0.0011363350708369275,0.564341428603432,0.002116493356685861,53.79849129820055
604,120.88058705803869,4.375,0.2,0.5,0.5,0.4325001230372226,0.0011271944543175714,0.5642743920699849,0.0020982904384739694,53.79849129820055
605,121.08072048032021,4.375,0.2,0.5,0.5,0.43259369767551353,0.0011181279162575917,0.5642079195543852,0.0020802548538426642,53.79849129820055
606,121.28085390260173,4.375,0.2,0.5,0.5,0.4326864741693586,0.001109134845021537,0.5641420061329864,0.002062384852632501,53.79849129820055
607,121.48098732488324,4.375,0.2,0.5,0.5,0.43277845980419916,0.0011002146289739562,0.5640766468821419,0.0020446786846840376,53.79849129820055
608,121.68112074716477,4.375,0.2,0.5,0.5,0.4328696618654765,0.0010913666564793959,0.5640118368782052,0.0020271345998378277,53.79849129820055
609,121.8812541694463,4.375,0.2,0.5,0.5,0.43296008711477796,0.0010825903468834161,0.563947571517427,0.0020097510209105885,53.79849129820055
610,122.08138759172782,4.375,0.2,0.5,0.5,0.43304974203897495,0.0010738851357784277,0.5638838463638156,0.0019925264614300137,53.79849129820055
611,122.28152101400933,4.375,0.2,0.5,0.5,0.43313863357254456,0.001065250432285189,0.5638206567080445,0.0019754592871247274,53.79849129820055
612,122.48165443629085,4.375,0.2,0.5,0.5,0.4332267686501856,0.0010566856455113576,0.5637579978406518,0.0019585478636502127,53.79849129820055
613,122.68178785857238,4.375,0.2,0.5,0.5,0.43331415420659664,0.0010481901845645937,0.5636958650521757,0.0019417905566619573,53.79849129820055
614,122.8819212808539,4.375,0.2,0.5,0.5,0.433400797094933,0.0010397634652633211,0.5636342536851406,0.0019251857546619846,53.79849129820055
615,123.08205470313541,4.375,0.2,0.5,0.5,0.4334867033579864,0.0010314049701163222,0.5635731595986991,0.0019087320731970322,53.79849129820055
616,123.28218812541694,4.375,0.2,0.5,0.5,0.43357187940067965,0.0010231141518301217,0.5635125784211359,0.0018924280263532176,53.79849129820055
617,123.48232154769846,4.375,0.2,0.5,0.5,0.43365633179863994,0.001014890449062833,0.5634525056719067,0.0018762720803893935,53.79849129820055
618,123.68245496997999,4.375,0.2,0.5,0.5,0.43374006712749436,0.0010067333004725692,0.5633929368704677,0.00186026270156441,53.79849129820055
619,123.8825883922615,4.375,0.2,0.5,0.5,0.4338230919628699,0.0009986421447174445,0.5633338675362745,0.0018443983561371195,53.79849129820055
620,124.08272181454302,4.375,0.2,0.5,0.5,0.43390541245036995,0.0009906164548828416,0.5632752934647424,0.0018286776300037734,53.79849129820055
621,124.28285523682455,4.375,0.2,0.5,0.5,0.4339870341292647,0.0009826557525965565,0.5632172108403884,0.0018130992777492217,53.79849129820055
622,124.48298865910607,4.375,0.2,0.5,0.5,0.4340679632272655,0.0009747595043704858,0.5631596154059366,0.0017976618624263444,53.79849129820055
623,124.68312208138758,4.375,0.2,0.5,0.5,0.43414820599390214,0.0009669271749697624,0.5631025028901091,0.0017823639410178857,53.79849129820055
624,124.8832555036691,4.375,0.2,0.5,0.5,0.4342277686787044,0.0009591582291595185,0.5630458690216283,0.0017672040705065868,53.79849129820055
625,125.08338892595063,4.375,0.2,0.5,0.5,0.4343066575312021,0.0009514521317048875,0.5629897095292167,0.0017521808078751922,53.79849129820055
626,125.28352234823215,4.375,0.2,0.5,0.5,0.434384878800925,0.0009438083473710024,0.5629340201415964,0.0017372927101064455,53.79849129820055
627,125.48365577051366,4.375,0.2,0.5,0.5,0.4344624386633575,0.000936226346291316,0.5628787966347105,0.001722538355639451,53.79849129820055
628,125.68378919279519,4.375,0.2,0.5,0.5,0.43453934209043815,0.0009287056858567223,0.5628240355520359,0.001707916671668083,53.79849129820055
629,125.88392261507671,4.375,0.2,0.5,0.5,0.4346155945454836,0.0009212458878330571,0.562769733123684,0.001693426442998255,53.79849129820055
630,126.08405603735824,4.375,0.2,0.5,0.5,0.43469120185514765,0.000913846447644091,0.5627158853480564,0.0016790663491506401,53.79849129820055
631,126.28418945963975,4.375,0.2,0.5,0.5,0.43476616984608424,0.0009065068607135955,0.562662488223555,0.001664835069645912,53.79849129820055
632,126.48432288192127,4.375,0.2,0.5,0.5,0.43484050434494714,0.0008992266224653404,0.5626095377485816,0.0016507312840047415,53.79849129820055
633,126.6844563042028,4.375,0.2,0.5,0.5,0.4349142111783903,0.0008920052283230969,0.5625570299215377,0.0016367536717478023,53.79849129820055
634,126.88458972648432,4.375,0.2,0.5,0.5,0.43498729617306753,0.000884842173710636,0.5625049607408249,0.0016229009123957675,53.79849129820055
635,127.08472314876583,4.375,0.2,0.5,0.5,0.43505976466250257,0.0008777369918179301,0.5624533265248491,0.0016091718208291641,53.79849129820055
636,127.28485657104736,4.375,0.2,0.5,0.5,0.43513162122358173,0.000870689273781766,0.5624021240830165,0.0015955654196187826,53.79849129820055
637,127.48498999332888,4.375,0.2,0.5,0.5,0.43520287126220614,0.0008636985472491204,0.5623513496867654,0.0015820805037782039,53.79849129820055
638,127.6851234156104,4.375,0.2,0.5,0.5,0.43527352021499555,0.0008567643375143908,0.5623009995875998,0.0015687158598890042,53.79849129820055
639,127.88525683789192,4.375,0.2,0.5,0.5,0.4353435735185697,0.0008498861698719752,0.5622510700370243,0.0015554702745327617,53.79849129820055
640,128.08539026017345,4.375,0.2,0.5,0.5,0.43541303660954844,0.00084306356961627,0.5622015572865431,0.0015423425342910501,53.79849129820055
641,128.28552368245496,4.375,0.2,0.5,0.5,0.43548191492455146,0.0008362960620416746,0.5621524575876602,0.0015293314257454503,53.79849129820055
642,128.48565710473648,4.375,0.2,0.5,0.5,0.43555020827182256,0.0008295836305929106,0.5621037708997664,0.0015164371978169636,53.79849129820055
643,128.685790527018,4.375,0.2,0.5,0.5,0.4356179346302001,0.0008229247796266275,0.5620554852117479,0.0015036553784241497,53.79849129820055
644,128.88592394929952,4.375,0.2,0.5,0.5,0.4356850897089607,0.0008163198262438479,0.562007603183331,0.0014909872814632707,53.79849129820055
645,129.08605737158106,4.375,0.2,0.5,0.5,0.4357516788570459,0.0008097683028759859,0.5619601211237808,0.001478431716296073,53.79849129820055
646,129.28619079386257,4.375,0.2,0.5,0.5,0.4358177073742802,0.0008032697459525886,0.5619130353747203,0.0014659875050456704,53.79849129820055
647,129.48632421614408,4.375,0.2,0.5,0.5,0.4358831805113711,0.0007968236959013284,0.5618663423101298,0.0014536534825965314,53.79849129820055
648,129.68645763842562,4.375,0.2,0.5,0.5,0.43594810346990914,0.0007904296971480073,0.5618200383363471,0.0014414284965944847,53.79849129820055
649,129.88659106070713,4.375,0.2,0.5,0.5,0.4360124814023677,0.0007840872981165583,0.5617741198920677,0.0014293114074467247,53.79849129820055
650,130.08672448298864,4.375,0.2,0.5,0.5,0.4360763190971386,0.0007777960768332086,0.5617285836582272,0.0014173011677997248,53.79849129820055
651,130.28685790527018,4.375,0.2,0.5,0.5,0.4361396207822533,0.0007715556568824121,0.5616834266887949,0.0014053968720680588,53.79849129820055
652,130.4869913275517,4.375,0.2,0.5,0.5,0.43620239119315024,0.000765365620605682,0.561638645699248,0.0013935974869948083,53.79849129820055
653,130.68712474983323,4.375,0.2,0.5,0.5,0.43626463502326795,0.0007592255537641074,0.5615942374326781,0.001381901990288535,53.79849129820055
654,130.88725817211474,4.375,0.2,0.5,0.5,0.4363263568999554,0.0007531350474966367,0.5615501986758447,0.0013703093767019779,53.79849129820055
655,131.08739159439625,4.375,0.2,0.5,0.5,0.4363875613844722,0.0007470936983200709,0.5615065262591743,0.0013588186580320418,53.79849129820055
656,131.2875250166778,4.375,0.2,0.5,0.5,0.4364482529719886,0.0007411011081290667,0.5614632170567613,0.0013474288631198032,53.79849129820055
657,131.4876584389593,4.375,0.2,0.5,0.5,0.43650843609158513,0.0007351568841961383,0.5614202679863669,0.0013361390378505142,53.79849129820055
658,131.6877918612408,4.375,0.2,0.5,0.5,0.43656811510625315,0.0007292606391716533,0.5613776760094203,0.0013249482451535934,53.79849129820055
659,131.88792528352235,4.375,0.2,0.5,0.5,0.4366272943128944,0.0007234119910838346,0.5613354381310178,0.0013138555650026302,53.79849129820055
660,132.08805870580386,4.375,0.2,0.5,0.5,0.4366859779423213,0.0007176105633387626,0.5612935513999232,0.0013028600944153903,53.79849129820055
661,132.2881921280854,4.375,0.2,0.5,0.5,0.43674417015925676,0.0007118559847203705,0.5612520129085677,0.0012919609474538035,53.79849129820055
662,132.4883255503669,4.375,0.2,0.5,0.5,0.43680187506233425,0.0007061478893904497,0.56121081979305,0.0012811572552239778,53.79849129820055
663,132.68845897264842,4.375,0.2,0.5,0.5,0.4368590968692978,0.0007004858976605009,0.5611699691095615,0.0012704481234787296,53.79849129820055
664,132.88859239492996,4.375,0.2,0.5,0.5,0.4369158404574791,0.0006948695598774611,0.5611294574737546,0.0012598325088873635,53.79849129820055
665,133.08872581721147,4.375,0.2,0.5,0.5,0.43697211007072706,0.0006892984906749589,0.5610892819235411,0.0012493095150554996,53.79849129820055
666,133.28885923949298,4.375,0.2,0.5,0.5,0.43702790981735584,0.0006837723172745161,0.5610494395868374,0.0012388782785308391,53.79849129820055
667,133.48899266177452,4.375,0.2,0.5,0.5,0.4370832437575286,0.0006782906704131144,0.5610099276232581,0.0012285379487987293,53.79849129820055
668,133.68912608405603,4.375,0.2,0.5,0.5,0.4371381159032569,0.0006728531843431964,0.5609707432241163,0.001218287688282167,53.79849129820055
669,133.88925950633757,4.375,0.2,0.5,0.5,0.43719253021840093,0.000667459496832661,0.5609318836124232,0.001208126672341788,53.79849129820055
670,134.08939292861908,4.375,0.2,0.5,0.5,0.4372464906186696,0.0006621092491648694,0.5608933460428882,0.0011980540892758808,53.79849129820055
671,134.2895263509006,4.375,0.2,0.5,0.5,0.43730000097162036,0.0006568020861386395,0.5608551278019192,0.0011880691403203733,53.79849129820055
672,134.48965977318213,4.375,0.2,0.5,0.5,0.4373530650966595,0.0006515376560682483,0.560817226207622,0.0011781710396488398,53.79849129820055
673,134.68979319546364,4.375,0.2,0.5,0.5,0.4374056867650416,0.0006463156107834343,0.5607796386098011,0.001168359014372504,53.79849129820055
674,134.88992661774515,4.375,0.2,0.5,0.5,0.4374578696998702,0.0006411356056293929,0.5607423623899588,0.0011586323045402306,53.79849129820055
675,135.09006004002669,4.375,0.2,0.5,0.5,0.4375096175760973,0.0006359972994667786,0.560705394961296,0.0011489901631385297,53.79849129820055
676,135.2901934623082,4.375,0.2,0.5,0.5,0.43756093406813884,0.0006309003543307518,0.5606687337422464,0.0011394318352826245,53.79849129820055
677,135.49032688458973,4.375,0.2,0.5,0.5,0.4376118232617585,0.0006258444324816316,0.560632375927544,0.0011299563782143091,53.79849129820055
678,135.69046030687124,4.375,0.2,0.5,0.5,0.43766228894235143,0.0006208292015012311,0.5605963188838083,0.0011205629723374604,53.79849129820055
679,135.89059372915276,4.375,0.2,0.5,0.5,0.43771233475001425,0.0006158543331824523,0.5605605600633529,0.001111250853448931,53.79849129820055
680,136.0907271514343,4.375,0.2,0.5,0.5,0.4377619642871506,0.0006109195027587686,0.5605250969443765,0.0011020192657126913,53.79849129820055
681,136.2908605737158,4.375,0.2,0.5,0.5,0.43781118111847117,0.0006060243889042261,0.5604899270309632,0.0010928674616598347,53.79849129820055
682,136.49099399599731,4.375,0.2,0.5,0.5,0.4378599887709937,0.0006011686737334399,0.5604550478530829,0.001083794702188568,53.79849129820055
683,136.69112741827885,4.375,0.2,0.5,0.5,0.4379083907340427,0.0005963520428015957,0.56042045696659,0.001074800256564218,53.79849129820055
684,136.89126084056036,4.375,0.2,0.5,0.5,0.43795639045924983,0.0005915741851044523,0.560386151953225,0.001065883402419232,53.79849129820055
685,137.0913942628419,4.375,0.2,0.5,0.5,0.4380039913605537,0.0005868347930783365,0.5603521304206133,0.0010570434257531718,53.79849129820055
686,137.2915276851234,4.375,0.2,0.5,0.5,0.43805119681419985,0.0005821335626001486,0.5603183900022658,0.0010482796209327222,53.79849129820055
687,137.49166110740492,4.375,0.2,0.5,0.5,0.43809801015874095,0.0005774701929873583,0.5602849283575785,0.0010395912906916826,53.79849129820055
688,137.69179452968646,4.375,0.2,0.5,0.5,0.4381444346950365,0.0005728443869980053,0.560251743171833,0.001030977746130971,53.79849129820055
689,137.89192795196797,4.375,0.2,0.5,0.5,0.4381904736916819,0.0005682558504263536,0.5602188321524837,0.0010224383054065554,53.79849129820055
690,138.09206137424948,4.375,0.2,0.5,0.5,0.43823613057346295,0.0005637042780664975,0.5601861929002864,0.0010139722481828054,53.79849129820055
691,138.29219479653102,4.375,0.2,0.5,0.5,0.43828140867750726,0.0005591893718745855,0.5601538230760497,0.0010055788745670384,53.79849129820055
692,138.49232821881253,4.375,0.2,0.5,0.5,0.43832631122456583,0.0005547108431078245,0.5601217204202745,0.000997257512050371,53.79849129820055
693,138.69246164109407,4.375,0.2,0.5,0.5,0.43837084140244204,0.0005502684061105326,0.5600898826961019,0.0009890074953440992,53.79849129820055
694,138.89259506337558,4.375,0.2,0.5,0.5,0.4384150023659919,0.0005458617783141433,0.5600583076893129,0.0009808281663797082,53.79849129820055
695,139.0927284856571,4.375,0.2,0.5,0.5,0.438458797237124,0.0005414906802372017,0.5600269932083286,0.0009727188743088646,53.79849129820055
696,139.29286190793863,4.375,0.2,0.5,0.5,0.43850222910479936,0.0005371548354853659,0.5599959370842105,0.0009646789755034196,53.79849129820055
697,139.49299533022014,4.375,0.2,0.5,0.5,0.4385453010250318,0.0005328539707514091,0.55996513717066,0.0009567078335554124,53.79849129820055
698,139.69312875250165,4.375,0.2,0.5,0.5,0.43858801602088743,0.0005285878158152161,0.5599345913440189,0.0009488048192770632,53.79849129820055
699,139.8932621747832,4.375,0.2,0.5,0.5,0.4386303770824851,0.0005243561035437847,0.559904297503269,0.0009409693107007771,53.79849129820055
700,140.0933955970647,4.375,0.2,0.5,0.5,0.43867238716699614,0.0005201585698912278,0.5598742535700322,0.000933200693079147,53.79849129820055
701,140.29352901934624,4.375,0.2,0.5,0.5,0.43871404919864443,0.0005159949538987692,0.5598444574885705,0.0009254983588849463,53.79849129820055
702,140.49366244162775,4.375,0.2,0.5,0.5,0.43875539746186937,0.0005118633721145579,0.5598148865422615,0.0009178526237531263,53.79849129820055
703,140.69379586390926,4.375,0.2,0.5,0.5,0.4387963637906458,0.0005077672039881855,0.559785585485983,0.0009102835193815977,53.79849129820055
704,140.8939292861908,4.375,0.2,0.5,0.5,0.43883699307168805,0.0005037039641012694,0.5597565245819901,0.0009027783822192608,53.79849129820055
705,141.0940627084723,4.375,0.2,0.5,0.5,0.43887728792472563,0.0004996733924889041,0.5597277019651863,0.0008953367175977681,53.79849129820055
706,141.29419613075382,4.375,0.2,0.5,0.5,0.4389172509694882,0.0004956752291861824,0.5596991157704755,0.0008879580308487694,53.79849129820055
707,141.49432955303536,4.375,0.2,0.5,0.5,0.43895688482570544,0.000491709214228197,0.5596707641327611,0.0008806418273039142,53.79849129820055
708,141.69446297531687,4.375,0.2,0.5,0.5,0.4389961921131069,0.00048777508765004285,0.5596426451869468,0.0008733876122948553,53.79849129820055
709,141.8945963975984,4.375,0.2,0.5,0.5,0.4390351754514223,0.0004838725894868119,0.5596147570679363,0.0008661948911532412,53.79849129820055
710,142.09472981987992,4.375,0.2,0.5,0.5,0.43907383746038114,0.0004800014597735987,0.5595870979106331,0.0008590631692107246,53.79849129820055
711,142.29486324216143,4.375,0.2,0.5,0.5,0.4391121807597131,0.00047616143854549626,0.559559665849941,0.0008519919517989552,53.79849129820055
712,142.49499666444297,4.375,0.2,0.5,0.5,0.43915020796914783,0.0004723522658375973,0.5595324590207635,0.0008449807442495826,53.79849129820055
713,142.69513008672448,4.375,0.2,0.5,0.5,0.439187921708415,0.0004685736816849964,0.5595054755580043,0.0008380290518942594,53.79849129820055
714,142.89526350900599,4.375,0.2,0.5,0.5,0.4392253245972441,0.0004648254261227864,0.5594787135965671,0.0008311363800646353,53.79849129820055
715,143.09539693128752,4.375,0.2,0.5,0.5,0.4392624192553649,0.0004611072391860602,0.5594521712713553,0.0008243022340923599,53.79849129820055
716,143.29553035356903,4.375,0.2,0.5,0.5,0.4392992082900541,0.00045741886797257317,0.559425846735233,0.0008175261067388299,53.79849129820055
717,143.49566377585057,4.375,0.2,0.5,0.5,0.4393356942909563,0.0004537600695802627,0.559399738166495,0.0008108074729669238,53.79849129820055
718,143.69579719813208,4.375,0.2,0.5,0.5,0.43937187986745935,0.00045013058990961045,0.5593738437149606,0.0008041458276689687,53.79849129820055
719,143.8959306204136,4.375,0.2,0.5,0.5,0.4394077676295731,0.00044653017450828916,0.5593481615295519,0.0007975406663652212,53.79849129820055
720,144.09606404269513,4.375,0.2,0.5,0.5,0.43944336018730745,0.00044295856892397165,0.5593226897591911,0.0007909914845759385,53.79849129820055
721,144.29619746497664,4.375,0.2,0.5,0.5,0.43947866015067233,0.0004394155187043321,0.5592974265528005,0.0007844977778213806,53.79849129820055
722,144.49633088725815,4.375,0.2,0.5,0.5,0.4395136701296776,0.00043590076939704333,0.559272370059302,0.0007780590416218046,53.79849129820055
723,144.6964643095397,4.375,0.2,0.5,0.5,0.43954839260483264,0.0004324140925341172,0.5592475185276097,0.0007716747750220873,53.79849129820055
724,144.8965977318212,4.375,0.2,0.5,0.5,0.43958282945830146,0.0004289553797057384,0.5592228706686391,0.0007653444933522795,53.79849129820055
725,145.09673115410274,4.375,0.2,0.5,0.5,0.4396169829976072,0.0004255244371536522,0.5591984248648723,0.0007590677003654247,53.79849129820055
726,145.29686457638425,4.375,0.2,0.5,0.5,0.439650855608883,0.0004221210553464998,0.559174179438094,0.0007528438976750424,53.79849129820055
727,145.49699799866576,4.375,0.2,0.5,0.5,0.43968444967826187,0.000418745024752921,0.5591501327100892,0.0007466725868946495,53.79849129820055
728,145.6971314209473,4.375,0.2,0.5,0.5,0.43971776759187686,0.00041539613584155546,0.5591262830026424,0.0007405532696377632,53.79849129820055
729,145.8972648432288,4.375,0.2,0.5,0.5,0.439750811735861,0.0004120741790810444,0.5591026286375387,0.0007344854475179029,53.79849129820055
730,146.09739826551032,4.375,0.2,0.5,0.5,0.4397835844795171,0.0004087789444210989,0.5590791679468472,0.0007284686292131394,53.79849129820055
731,146.29753168779186,4.375,0.2,0.5,0.5,0.4398160878986255,0.0004055102127612314,0.5590558994420033,0.0007225024466085373,53.79849129820055
732,146.49766511007337,4.375,0.2,0.5,0.5,0.43984832418172,0.000402267768477495,0.5590328215655406,0.0007165864842604833,53.79849129820055
733,146.6977985323549,4.375,0.2,0.5,0.5,0.4398802956082902,0.000399051398750384,0.5590099327044116,0.0007107202885464199,53.79849129820055
734,146.89793195463642,4.375,0.2,0.5,0.5,0.43991200445782574,0.0003958608907603947,0.5589872312455686,0.0007049034058437934,53.79849129820055
735,147.09806537691793,4.375,0.2,0.5,0.5,0.43994345300981613,0.00039269603168802194,0.5589647155759643,0.000699135382530047,53.79849129820055
736,147.29819879919947,4.375,0.2,0.5,0.5,0.4399746435437511,0.00038955660871376065,0.558942384082551,0.0006934157649826243,53.79849129820055
737,147.49833222148098,4.375,0.2,0.5,0.5,0.4400055783389096,0.00038644240902503056,0.5589202351524198,0.0006877440996439862,53.79849129820055
738,147.6984656437625,4.375,0.2,0.5,0.5,0.4400362594251594,0.00038335322801334346,0.5588982673368299,0.000682120009995878,53.79849129820055
739,147.89859906604403,4.375,0.2,0.5,0.5,0.44006668877976013,0.0003802888628006922,0.5588764792216678,0.0006765431357698643,53.79849129820055
740,148.09873248832554,4.375,0.2,0.5,0.5,0.4400968685637618,0.00037724910446350145,0.5588548692718457,0.0006710130599275132,53.79849129820055
741,148.29886591060708,4.375,0.2,0.5,0.5,0.44012680093821444,0.00037423374407819404,0.5588334359522755,0.0006655293654303895,53.79849129820055
742,148.4989993328886,4.375,0.2,0.5,0.5,0.44015648806416807,0.0003712425727211946,0.5588121777278692,0.0006600916352400613,53.79849129820055
743,148.6991327551701,4.375,0.2,0.5,0.5,0.4401859321026728,0.00036827538146892654,0.5587910930635387,0.000654699452318094,53.79849129820055
744,148.89926617745164,4.375,0.2,0.5,0.5,0.44021513521477873,0.0003653319613978131,0.5587701804241959,0.0006493523996260536,53.79849129820055
745,149.09939959973315,4.375,0.2,0.5,0.5,0.44024409943571124,0.00036241211886983737,0.5587494383656348,0.0006440500797825015,53.79849129820055
746,149.29953302201466,4.375,0.2,0.5,0.5,0.440272826547402,0.000359515691017884,0.5587288656266016,0.0006387921349769076,53.79849129820055
747,149.4996664442962,4.375,0.2,0.5,0.5,0.4403013185232774,0.00035664249171147986,0.5587084608075271,0.0006335781774824193,53.79849129820055
748,149.6997998665777,4.375,0.2,0.5,0.5,0.4403295773462538,0.0003537923336672814,0.5586882225019878,0.000628407818089611,53.79849129820055
749,149.89993328885924,4.375,0.2,0.5,0.5,0.4403576049816181,0.0003509650314725459,0.5586681493161704,0.0006232806707374648,53.79849129820055
750,150.10006671114076,4.375,0.2,0.5,0.5,0.4403854033004317,0.0003481604097125859,0.5586482399236614,0.0006181963661926864,53.79849129820055
751,150.30020013342227,4.375,0.2,0.5,0.5,0.4404129742216195,0.00034537828789402153,0.5586284929638109,0.0006131545266740355,53.79849129820055
752,150.5003335557038,4.375,0.2,0.5,0.5,0.44044031967516406,0.0003426184843501845,0.5586089070680587,0.0006081547724255108,53.79849129820055
753,150.70046697798531,4.375,0.2,0.5,0.5,0.44046744158470413,0.0003398808177182366,0.5585894808720958,0.0006031967254803409,53.79849129820055
754,150.90060040026682,4.375,0.2,0.5,0.5,0.440494341766179,0.00033716511179352013,0.558570213083778,0.0005982800382479578,53.79849129820055
755,151.10073382254836,4.375,0.2,0.5,0.5,0.4405210220606089,0.00033447118917015564,0.5585511023941556,0.0005934043560638734,53.79849129820055
756,151.30086724482987,4.375,0.2,0.5,0.5,0.44054748433680224,0.00033179887111135965,0.5585321474756589,0.000588569316425986,53.79849129820055
757,151.5010006671114,4.375,0.2,0.5,0.5,0.44057373026349766,0.000329147996825846,0.5585133471410587,0.0005837745986161443,53.79849129820055
758,151.70113408939292,4.375,0.2,0.5,0.5,0.4405997621467701,0.00032651834835571947,0.5584946997560619,0.0005790197488105672,53.79849129820055
759,151.90126751167443,4.375,0.2,0.5,0.5,0.4406255813209574,0.00032390979490414917,0.5584762043680072,0.0005743045161296139,53.79849129820055
760,152.10140093395597,4.375,0.2,0.5,0.5,0.4406511896296966,0.0003213221599921415,0.5584578596669815,0.0005696285433281775,53.79849129820055
761,152.30153435623748,4.375,0.2,0.5,0.5,0.4406765889006214,0.00031875526857612585,0.5584396643542975,0.0005649914765033617,53.79849129820055
762,152.501667778519,4.375,0.2,0.5,0.5,0.4407017808832836,0.00031620895300075915,0.5584216171864267,0.000560392977287313,53.79849129820055
763,152.70180120080053,4.375,0.2,0.5,0.5,0.44072676723956317,0.00031368305391850105,0.5584037169817859,0.0005558327247307399,53.79849129820055
764,152.90193462308204,4.375,0.2,0.5,0.5,0.44075154970587654,0.00031117740473530776,0.5583859625059427,0.000551310383443806,53.79849129820055
765,153.10206804536358,4.375,0.2,0.5,0.5,0.44077613000191307,0.0003086918403619528,0.5583683525362023,0.0005468256215210234,53.79849129820055
766,153.3022014676451,4.375,0.2,0.5,0.5,0.44080050982854624,0.00030622619741435786,0.5583508858630862,0.0005423781109515791,53.79849129820055
767,153.5023348899266,4.375,0.2,0.5,0.5,0.4408246908678335,0.00030378031421359,0.558333561290332,0.0005379675276193304,53.79849129820055
768,153.70246831220814,4.375,0.2,0.5,0.5,0.4408486747830163,0.00030135403078586305,0.5583163776348934,0.0005335935513028064,53.79849129820055
769,153.90260173448965,4.375,0.2,0.5,0.5,0.44087246321852025,0.00029894718886253844,0.5582993337269404,0.0005292558656752107,53.79849129820055
770,154.1027351567712,4.375,0.2,0.5,0.5,0.4408960577999548,0.0002965596318801227,0.5582824284098591,0.0005249541583044166,53.79849129820055
771,154.3028685790527,4.375,0.2,0.5,0.5,0.4409194601341134,0.0002941912049802705,0.5582656605402518,0.0005206881206529718,53.79849129820055
772,154.5030020013342,4.375,0.2,0.5,0.5,0.4409426718089736,0.00029184175500978206,0.5582490289879369,0.0005164574480780946,53.79849129820055
773,154.70313542361575,4.375,0.2,0.5,0.5,0.4409656943936971,0.0002895111305206041,0.5582325326359491,0.0005122618398316755,53.79849129820055
774,154.90326884589726,4.375,0.2,0.5,0.5,0.4409885294386293,0.0002871991817698311,0.5582161703805391,0.0005081009990602789,53.79849129820055
775,155.10340226817877,4.375,0.2,0.5,0.5,0.44101117850052424,0.00028490575830533287,0.5581999411134915,0.00050397462767733,53.79849129820055
776,155.3035356904603,4.375,0.2,0.5,0.5,0.44103364322602934,0.0002826307009749382,0.5581838436636025,0.000499882409391653,53.79849129820055
777,155.50366911274182,4.375,0.2,0.5,0.5,0.4410559251606904,0.000280373860207632,0.558167876930566,0.0004958240485343697,53.79849129820055
778,155.70380253502336,4.375,0.2,0.5,0.5,0.4410780258196056,0.00027813508925089714,0.558152039835446,0.0004917992556958891,53.79849129820055
779,155.90393595730487,4.375,0.2,0.5,0.5,0.4410999467016654,0.00027591424280767836,0.5581363313106943,0.00048780774483099364,53.79849129820055
780,156.10406937958638,4.375,0.2,0.5,0.5,0.4411216892895533,0.0002737111770363803,0.55812075030015,0.0004838492332588358,53.79849129820055
781,156.30420280186792,4.375,0.2,0.5,0.5,0.4411432550497451,0.00027152574955086815,0.5581052957590394,0.0004799234416629397,53.79849129820055
782,156.50433622414943,4.375,0.2,0.5,0.5,0.4411646454325095,0.00026935781942046856,0.5580899666539773,0.00047603009409120245,53.79849129820055
783,156.70446964643094,4.375,0.2,0.5,0.5,0.44118586187190756,0.0002672072471699682,0.558074761962965,0.0004721689179558912,53.79849129820055
784,156.90460306871248,4.375,0.2,0.5,0.5,0.44120690578579325,0.00026507389477961406,0.5580596806753919,0.0004683396440336445,53.79849129820055
785,157.104736490994,4.375,0.2,0.5,0.5,0.44122777857581297,0.0002629576256851149,0.5580447217920349,0.0004645420064654743,53.79849129820055
786,157.30486991327552,4.375,0.2,0.5,0.5,0.44124848162740593,0.00026085830477763893,0.5580298843250581,0.0004607757427567617,53.79849129820055
787,157.50500333555703,4.375,0.2,0.5,0.5,0.4412690163098038,0.00025877579840381603,0.5580151672980136,0.00045704059377726165,53.79849129820055
788,157.70513675783855,4.375,0.2,0.5,0.5,0.44128938398458983,0.0002567099737106379,0.5580005697399657,0.0004533363017323326,53.79849129820055
789,157.90527018012008,4.375,0.2,0.5,0.5,0.4413095861516966,0.00025466068747070003,0.5579860905852753,0.00044966257555595324,53.79849129820055
790,158.1054036024016,4.375,0.2,0.5,0.5,0.4413296242323317,0.0002526278026971886,0.5579717288226042,0.00044601914236548797,53.79849129820055
791,158.3055370246831,4.375,0.2,0.5,0.5,0.4413494995843501,0.00025061118746727486,0.5579574834843632,0.0004424057438178734,53.79849129820055
792,158.50567044696464,4.375,0.2,0.5,0.5,0.44136921355294845,0.00024861071104195575,0.5579433536119149,0.00043882212409319433,53.79849129820055
793,158.70580386924615,4.375,0.2,0.5,0.5,0.4413887674706647,0.00024662624386605464,0.557929338255573,0.0004352680298946851,53.79849129820055
794,158.9059372915277,4.375,0.2,0.5,0.5,0.44140816265737853,0.0002446576575682194,0.557915436474603,0.0004317432104487258,53.79849129820055
795,159.1060707138092,4.375,0.2,0.5,0.5,0.44142740042031114,0.00024270482496092463,0.5579016473372216,0.0004282474175048468,53.79849129820055
796,159.3062041360907,4.375,0.2,0.5,0.5,0.44144648205402515,0.0002407676200404698,0.5578879699205972,0.0004247804053357249,53.79849129820055
797,159.50633755837225,4.375,0.2,0.5,0.5,0.4414654088404248,0.00023884591798697984,0.5578744033108496,0.0004213419307371849,53.79849129820055
798,159.70647098065376,4.375,0.2,0.5,0.5,0.44148418204875584,0.00023693959516440623,0.5578609466030501,0.0004179317530282011,53.79849129820055
799,159.90660440293527,4.375,0.2,0.5,0.5,0.4415028029356057,0.00023504852912052522,0.5578475989012214,0.0004145496340508944,53.79849129820055
800,160.1067378252168,4.375,0.2,0.5,0.5,0.44152127274490305,0.00023317259858693864,0.5578343593183379,0.0004111953381705337,53.79849129820055
801,160.30687124749832,4.375,0.2,0.5,0.5,0.4415395927079195,0.00023131168347898797,0.5578212269763247,0.000407868632275297,53.79849129820055
802,160.50700466977986,4.375,0.2,0.5,0.5,0.4415577640871016,0.00022946566134122773,0.5578082009756246,0.00040456927593108367,53.79849129820055
803,160.70713809206137,4.375,0.2,0.5,0.5,0.44157578814423526,0.00022763440992912672,0.5577952804173019,0.00040129702853220845,53.79849129820055
804,160.90727151434288,4.375,0.2,0.5,0.5,0.44159366609288103,0.00022581781106618696,0.5577824644360666,0.0003980516599847006,53.79849129820055
805,161.10740493662442,4.375,0.2,0.5,0.5,0.44161139913531183,0.00022401574764857108,0.5577697521746282,0.0003948329424098369,53.79849129820055
806,161.30753835890593,4.375,0.2,0.5,0.5,0.44162898846251314,0.00022222810364510312,0.5577571427836961,0.0003916406501441433,53.79849129820055
807,161.50767178118744,4.375,0.2,0.5,0.5,0.44164643525418257,0.00022045476409726699,0.5577446354219793,0.00038847455973939164,53.79849129820055
808,161.70780520346898,4.375,0.2,0.5,0.5,0.4416637406787304,0.00021869561511920726,0.5577322292561863,0.00038533444996260166,53.79849129820055
809,161.9079386257505,4.375,0.2,0.5,0.5,0.4416809058932789,0.00021695054389772988,0.5577199234610257,0.0003822201017960419,53.79849129820055
810,162.10807204803203,4.375,0.2,0.5,0.5,0.4416979320436631,0.00021521943869230042,0.5577077172192059,0.00037913129843722664,53.79849129820055
811,162.30820547031354,4.375,0.2,0.5,0.5,0.4417148202644301,0.0002135021888350461,0.5576956097214344,0.00037606782529891976,53.79849129820055
812,162.50833889259505,4.375,0.2,0.5,0.5,0.4417315716788396,0.00021179868473075402,0.5576836001664189,0.00037302947000913115,53.79849129820055
813,162.7084723148766,4.375,0.2,0.5,0.5,0.4417481873988634,0.00021010881785687194,0.5576716877608671,0.00037001602241111846,53.79849129820055
814,162.9086057371581,4.375,0.2,0.5,0.5,0.441764668525186,0.00020843248076350899,0.5576598717194856,0.0003670272745633882,53.79849129820055
815,163.1087391594396,4.375,0.2,0.5,0.5,0.44178101617277404,0.00020676956357383567,0.5576481512461647,0.00036406301748590007,53.79849129820055
816,163.30887258172115,4.375,0.2,0.5,0.5,0.44179723149812844,0.00020511995025437123,0.5576365255139234,0.0003611230376923232,53.79849129820055
817,163.50900600400266,4.375,0.2,0.5,0.5,0.44181331559405657,0.00020348353301668666,0.5576249937423451,0.00035820713058019036,53.79849129820055
818,163.7091394262842,4.375,0.2,0.5,0.5,0.44182926954028745,0.00020186020539010317,0.5576135551603307,0.000355315093990156,53.79849129820055
819,163.9092728485657,4.375,0.2,0.5,0.5,0.441845094406823,0.00020024986176303387,0.5576022090036329,0.000352446727779555,53.79849129820055
820,164.10940627084722,4.375,0.2,0.5,0.5,0.441860791253938,0.00019865239738298227,0.5575909545148551,0.00034960183382239953,53.79849129820055
821,164.30953969312876,4.375,0.2,0.5,0.5,0.44187636113217993,0.00019706770835654287,0.5575797909434527,0.0003467802160093808,53.79849129820055
822,164.50967311541027,4.375,0.2,0.5,0.5,0.4418918050823692,0.00019549569164940183,0.557568717545732,0.0003439816802478696,53.79849129820055
823,164.70980653769178,4.375,0.2,0.5,0.5,0.44190712413559896,0.00019393624508633571,0.5575577335848513,0.00034120603446191443,53.79849129820055
824,164.90993995997331,4.375,0.2,0.5,0.5,0.4419223193132354,0.00019238926735121208,0.5575468383308196,0.00033845308859224254,53.79849129820055
825,165.11007338225482,4.375,0.2,0.5,0.5,0.4419373916269173,0.00019085465798699018,0.557536031060498,0.0003357226545962611,53.79849129820055
826,165.31020680453636,4.375,0.2,0.5,0.5,0.44195234207855644,0.0001893323173957194,0.5575253110575983,0.0003330145464480542,53.79849129820055
827,165.51034022681787,4.375,0.2,0.5,0.5,0.44196717166033733,0.000187822146838541,0.5575146776126843,0.00033032858013838645,53.79849129820055
828,165.71047364909938,4.375,0.2,0.5,0.5,0.4419818813642281,0.00018632404785121642,0.5575041300167316,0.00032766457118756814,53.79849129820055
829,165.91060707138092,4.375,0.2,0.5,0.5,0.44199647223872024,0.00018483791875726014,0.5574936675227133,0.00032502231980757713,53.79849129820055
830,166.11074049366243,4.375,0.2,0.5,0.5,0.4420109452754164,0.00018336366163752827,0.5574832894223843,0.00032240164056016973,53.79849129820055
831,166.31087391594394,4.375,0.2,0.5,0.5,0.4420253014432713,0.00018190118022600233,0.5574729950230984,0.00031980235340268564,53.79849129820055
832,166.51100733822548,4.375,0.2,0.5,0.5,0.44203954170224524,0.00018045037907072882,0.5574627836385649,0.00031722428011754094,53.79849129820055
833,166.711140760507,4.375,0.2,0.5,0.5,0.4420536670033039,0.0001790111635338198,0.5574526545888485,0.0003146672443122295,53.79849129820055
834,166.91127418278853,4.375,0.2,0.5,0.5,0.44206767828841864,0.00017758343979145156,0.5574426072003691,0.0003121310714193203,53.79849129820055
835,167.11140760507004,4.375,0.2,0.5,0.5,0.44208157649056623,0.00017616711483386602,0.5574326408059019,0.0003096155886964605,53.79849129820055
836,167.31154102735155,4.375,0.2,0.5,0.5,0.44209536253372894,0.00017476209646536956,0.5574227547445778,0.00030712062522637266,53.79849129820055
837,167.5116744496331,4.375,0.2,0.5,0.5,0.44210903733289464,0.0001733682933043335,0.5574129483618827,0.00030464601191685585,53.79849129820055
838,167.7118078719146,4.375,0.2,0.5,0.5,0.4421226017940566,0.00017198561478319474,0.5574032210096579,0.00030219158150078697,53.79849129820055
839,167.9119412941961,4.375,0.2,0.5,0.5,0.4421360568142138,0.00017061397114845447,0.5573935720461001,0.00029975716853611843,53.79849129820055
840,168.11207471647765,4.375,0.2,0.5,0.5,0.44214940328137053,0.00016925327346067895,0.5573840008357615,0.0002973426094058792,53.79849129820055
841,168.31220813875916,4.375,0.2,0.5,0.5,0.4421626420745367,0.00016790343359449989,0.5573745067495491,0.0002949477423181759,53.79849129820055
842,168.5123415610407,4.375,0.2,0.5,0.5,0.44217577406372777,0.00016656436423861322,0.5573650891647259,0.0002925724073061904,53.79849129820055
843,168.7124749833222,4.375,0.2,0.5,0.5,0.4421888001099646,0.00016523597889578066,0.55735574746491,0.00029021644622818254,53.79849129820055
844,168.91260840560372,4.375,0.2,0.5,0.5,0.4422017210652736,0.00016391819188282827,0.5573464810400746,0.00028787970276748765,53.79849129820055
845,169.11274182788526,4.375,0.2,0.5,0.5,0.4422145377726868,0.00016261091833064703,0.5573372892865486,0.00028556202243251776,53.79849129820055
846,169.31287525016677,4.375,0.2,0.5,0.5,0.44222725106624167,0.0001613140741841935,0.5573281716070159,0.0002832632525567625,53.79849129820055
847,169.51300867244828,4.375,0.2,0.5,0.5,0.4422398617709812,0.00016002757620248867,0.557319127410516,0.0002809832422987871,53.79849129820055
848,169.71314209472982,4.375,0.2,0.5,0.5,0.4422523707815657,0.00015875134024283775,0.5573101560613174,0.00027872181687249283,53.79849129820055
849,169.91327551701133,4.375,0.2,0.5,0.5,0.442264779000328,0.000157485282612845,0.5573012569192043,0.0002764787978533587,53.79849129820055
850,170.11340893929287,4.375,0.2,0.5,0.5,0.4422770872502612,0.00015622932196952474,0.557292429396066,0.0002742540317016829,53.79849129820055
851,170.31354236157438,4.375,0.2,0.5,0.5,0.44228929634655395,0.0001549833777579868,0.5572836729093738,0.00027204736631278873,53.79849129820055
852,170.5136757838559,4.375,0.2,0.5,0.5,0.44230140709659055,0.0001537473702114277,0.5572749868821796,0.00026985865101691035,53.79849129820055
853,170.71380920613743,4.375,0.2,0.5,0.5,0.4423134202999511,0.00015252122035113146,0.557266370743117,0.00026768773657919403,53.79849129820055
854,170.91394262841894,4.375,0.2,0.5,0.5,0.44232533674841135,0.00015130484998646977,0.5572578239264009,0.0002655344751996987,53.79849129820055
855,171.11407605070045,4.375,0.2,0.5,0.5,0.4423371572259429,0.00015009818171490128,0.5572493458718272,0.0002633987205133944,53.79849129820055
856,171.314209472982,4.375,0.2,0.5,0.5,0.442348882508713,0.0001489011389219718,0.5572409360247732,0.0002612803275901631,53.79849129820055
857,171.5143428952635,4.375,0.2,0.5,0.5,0.4423605133650847,0.00014771364578131511,0.5572325938361975,0.0002591791529347994,53.79849129820055
858,171.71447631754504,4.375,0.2,0.5,0.5,0.44237205055561674,0.00014653562725465159,0.55722431876264,0.0002570950544870088,53.79849129820055
859,171.91460973982655,4.375,0.2,0.5,0.5,0.4423834948330635,0.00014536700909178953,0.5572161102662216,0.00025502789162140985,53.79849129820055
860,172.11474316210806,4.375,0.2,0.5,0.5,0.4423948469423753,0.00014420771783062422,0.5572079678146449,0.0002529775251475321,53.79849129820055
861,172.3148765843896,4.375,0.2,0.5,0.5,0.4424061076206981,0.00014305768079713807,0.5571998908811933,0.000250943817309817,53.79849129820055
862,172.5150100066711,4.375,0.2,0.5,0.5,0.4424172775973734,0.0001419168261054015,0.5571918789447319,0.0002489266317876188,53.79849129820055
863,172.71514342895262,4.375,0.2,0.5,0.5,0.44242835759393884,0.00014078508265757158,0.5571839314897067,0.0002469258336952029,53.79849129820055
864,172.91527685123415,4.375,0.2,0.5,0.5,0.44243934832412746,0.00013966238014389285,0.5571760480061452,0.0002449412895817463,53.79849129820055
865,173.11541027351566,4.375,0.2,0.5,0.5,0.4424502504938681,0.00013854864904269757,0.5571682279896562,0.0002429728674313392,53.79849129820055
866,173.3155436957972,4.375,0.2,0.5,0.5,0.44246106480128544,0.00013744382062040472,0.5571604709414294,0.00024102043666298221,53.79849129820055
867,173.5156771180787,4.375,0.2,0.5,0.5,0.4424717919585224,0.00013634782527398098,0.5571527763530663,0.00023908386313566484,53.79849129820055
868,173.71581054036022,4.375,0.2,0.5,0.5,0.44248243276605675,0.00013526058688617784,0.5571451436549172,0.00023716299213812352,53.79849129820055
869,173.91594396264176,4.375,0.2,0.5,0.5,0.44249298793583813,0.00013418203625926834,0.55713757233903,0.00023525768887081217,53.79849129820055
870,174.11607738492327,4.375,0.2,0.5,0.5,0.4425034581589391,0.00013311210597655602,0.5571300619121213,0.00023336782296128674,53.79849129820055
871,174.31621080720478,4.375,0.2,0.5,0.5,0.44251384411975203,0.00013205072932405233,0.5571226118857073,0.0002314932652147284,53.79849129820055
872,174.51634422948632,4.375,0.2,0.5,0.5,0.44252414649598915,0.0001309978402904771,0.5571152217761046,0.00022963388761394464,53.79849129820055
873,174.71647765176783,4.375,0.2,0.5,0.5,0.4425343659586824,0.000129953373567259,0.5571078911044292,0.00022778956331936988,53.79849129820055
874,174.91661107404937,4.375,0.2,0.5,0.5,0.4425445031721836,0.00012891726454853438,0.557100619396597,0.00022596016666906373,53.79849129820055
875,175.11674449633088,4.375,0.2,0.5,0.5,0.4425545587941642,0.00012788944933114866,0.5570934061833241,0.00022414557317871302,53.79849129820055
876,175.3168779186124,4.375,0.2,0.5,0.5,0.44256453347561575,0.0001268698647146551,0.5570862510001262,0.00022234565954162996,53.79849129820055
877,175.51701134089393,4.375,0.2,0.5,0.5,0.44257442786084933,0.00012585844820131538,0.5570791533873188,0.00022056030362875307,53.79849129820055
878,175.71714476317544,4.375,0.2,0.5,0.5,0.4425842425874959,0.00012485513799609992,0.5570721128900176,0.00021878938448864778,53.79849129820055
879,175.91727818545695,4.375,0.2,0.5,0.5,0.4425939782865064,0.00012385987300668716,0.5570651290581377,0.0002170327823475049,53.79849129820055
880,176.1174116077385,4.375,0.2,0.5,0.5,0.44260363558215116,0.00012287259284346385,0.5570582014463944,0.00021529037860914152,53.79849129820055
881,176.31754503002,4.375,0.2,0.5,0.5,0.4426132150920208,0.00012189323781952553,0.5570513296143029,0.00021356205585500165,53.79849129820055
882,176.51767845230154,4.375,0.2,0.5,0.5,0.44262271742702536,0.00012092174895067557,0.557044513126178,0.00021184769784415454,53.79849129820055
883,176.71781187458305,4.375,0.2,0.5,0.5,0.4426321431913949,0.00011995806795542623,0.5570377515511347,0.00021014718951329654,53.79849129820055
884,176.91794529686456,4.375,0.2,0.5,0.5,0.44264149298267913,0.00011900213725499776,0.5570310444630874,0.00020846041697674956,53.79849129820055
885,177.1180787191461,4.375,0.2,0.5,0.5,0.4426507673917477,0.00011805389997331874,0.5570243914407508,0.0002067872675264617,53.79849129820055
886,177.3182121414276,4.375,0.2,0.5,0.5,0.44265996700373195,0.00011711329975746527,0.5570177920669045,0.00020512762960444035,53.79849129820055
887,177.51834556370912,4.375,0.2,0.5,0.5,0.4426690925212587,0.00011618025728647445,0.5570112458322569,0.00020348138919621425,53.79849129820055
888,177.71847898599066,4.375,0.2,0.5,0.5,0.4426781446255588,0.00011525469674726834,0.5570047522437966,0.00020184843389560933,53.79849129820055
889,177.91861240827217,4.375,0.2,0.5,0.5,0.44268712391438086,0.000114336557669734,0.556998310873226,0.00020022865472175632,53.79849129820055
890,178.1187458305537,4.375,0.2,0.5,0.5,0.4426960309803894,0.00011342577998215598,0.5569919212958021,0.00019862194382469145,53.79849129820055
891,178.31887925283522,4.375,0.2,0.5,0.5,0.44270486641116535,0.00011252230401121735,0.5569855830903364,0.00019702819448535802,53.79849129820055
892,178.51901267511673,4.375,0.2,0.5,0.5,0.44271363078920584,0.00011162607048199882,0.5569792958391949,0.00019544730111560496,53.79849129820055
893,178.71914609739827,4.375,0.2,0.5,0.5,0.44272232469192413,0.00011073702051797907,0.5569730591282981,0.00019387915925818747,53.79849129820055
894,178.91927951967978,4.375,0.2,0.5,0.5,0.4427309486916497,0.00010985509564103516,0.556966872547121,0.00019232366558676772,53.79849129820055
895,179.1194129419613,4.375,0.2,0.5,0.5,0.44273950335562823,0.00010898023777144178,0.5569607356886929,0.00019078071790591341,53.79849129820055
896,179.31954636424283,4.375,0.2,0.5,0.5,0.44274798924602154,0.00010811238922787164,0.5569546481495979,0.00018925021515109862,53.79849129820055
897,179.51967978652434,4.375,0.2,0.5,0.5,0.4427564069199078,0.00010725149272739582,0.5569486095299745,0.0001877320573887043,53.79849129820055
898,179.71981320880587,4.375,0.2,0.5,0.5,0.4427647569292813,0.0001063974913854829,0.5569426194335156,0.0001862261458160168,53.79849129820055
899,179.91994663108738,4.375,0.2,0.5,0.5,0.4427730398210524,0.00010555032871599993,0.5569366774674688,0.00018473238276122956,53.79849129820055
900,180.1200800533689,4.375,0.2,0.5,0.5,0.44278125613704794,0.00010470994863121163,0.5569307832426359,0.00018325067168344179,53.79849129820055
901,180.32021347565043,4.375,0.2,0.5,0.5,0.44278940641401066,0.00010387629544178073,0.5569249363733735,0.00018178091717265882,53.79849129820055
902,180.52034689793194,4.375,0.2,0.5,0.5,0.4427974911835997,0.00010304931385676827,0.5569191364775923,0.00018032302494979302,53.79849129820055
903,180.72048032021348,4.375,0.2,0.5,0.5,0.4428055109723903,0.00010222894898363288,0.556913383176758,0.00017887690186666207,53.79849129820055
904,180.920613742495,4.375,0.2,0.5,0.5,0.44281346630187396,0.00010141514632823163,0.5569076760958904,0.00017744245590599084,53.79849129820055
905,181.1207471647765,4.375,0.2,0.5,0.5,0.4428213576884583,0.00010060785179481922,0.5569020148635639,0.0001760195961814098,53.79849129820055
906,181.32088058705804,4.375,0.2,0.5,0.5,0.44282920676197796,9.980570566280008e-05,0.5568963845880271,0.00017460294433078153,53.79849129820055
907,181.52101400933955,4.375,0.2,0.5,0.5,0.4428369678149172,9.901149878694342e-05,0.5568908166780744,0.00017320400822002562,53.79849129820055
908,181.72114743162106,4.375,0.2,0.5,0.5,0.4428446672509222,9.822357681027612e-05,0.5568852929592579,0.00017181621300823622,53.79849129820055
909,181.9212808539026,4.375,0.2,0.5,0.5,0.4428523055183947,9.744188834742462e-05,0.5568798131058857,0.00017043948737075187,53.79849129820055
910,182.1214142761841,4.375,0.2,0.5,0.5,0.4428598830657365,9.666638201301572e-05,0.5568743767922663,0.0001690737599829117,53.79849129820055
911,182.32154769846565,4.375,0.2,0.5,0.5,0.4428674003413493,9.589700642167571e-05,0.5568689836927077,0.00016771895952005404,53.79849129820055
912,182.52168112074716,4.375,0.2,0.5,0.5,0.44287485779363506,9.513371018803139e-05,0.556863633481518,0.00016637501465751795,53.79849129820055
913,182.72181454302867,4.375,0.2,0.5,0.5,0.4428822558709955,9.43764419267092e-05,0.5568583258330059,0.00016504185407064203,53.79849129820055
914,182.9219479653102,4.375,0.2,0.5,0.5,0.4428895950218324,9.362515025233557e-05,0.5568530604214792,0.00016371940643476477,53.79849129820055
915,183.12208138759172,4.375,0.2,0.5,0.5,0.4428968756945476,9.287978377953727e-05,0.5568478369212464,0.00016240760042522526,53.79849129820055
916,183.32221480987323,4.375,0.2,0.5,0.5,0.44290409833754285,9.214029112294076e-05,0.5568426550066156,0.00016110636471736208,53.79849129820055
917,183.52234823215477,4.375,0.2,0.5,0.5,0.44291126339922,9.140662089717247e-05,0.556837514351895,0.0001598156279865137,53.79849129820055
918,183.72248165443628,4.375,0.2,0.5,0.5,0.4429183713279808,9.067872171685918e-05,0.5568324146313931,0.00015853531890801928,53.79849129820055
919,183.92261507671782,4.375,0.2,0.5,0.5,0.44292542257222706,8.995654219662723e-05,0.5568273555194179,0.00015726536615721714,53.79849129820055
920,184.12274849899933,4.375,0.2,0.5,0.5,0.44293241758036056,8.924003095110337e-05,0.5568223366902776,0.00015600569840944635,53.79849129820055
921,184.32288192128084,4.375,0.2,0.5,0.5,0.44293935680078317,8.852913659491403e-05,0.5568173578182806,0.00015475624434004546,53.79849129820055
922,184.52301534356238,4.375,0.2,0.5,0.5,0.4429462406818966,8.78238077426857e-05,0.5568124185777351,0.00015351693262435307,53.79849129820055
923,184.7231487658439,4.375,0.2,0.5,0.5,0.4429530696721027,8.712399300904512e-05,0.5568075186429493,0.00015228769193770817,53.79849129820055
924,184.9232821881254,4.375,0.2,0.5,0.5,0.4429598442198032,8.642964100861873e-05,0.5568026576882315,0.00015106845095544933,53.79849129820055
925,185.12341561040694,4.375,0.2,0.5,0.5,0.44296656476995716,8.574070179851794e-05,0.5567978353911538,0.0001498591370892506,53.79849129820055
926,185.32354903268845,4.375,0.2,0.5,0.5,0.44297323164039937,8.505717869830089e-05,0.55679305154981,0.00014865963109111693,53.79849129820055
927,185.52368245497,4.375,0.2,0.5,0.5,0.4429798451769571,8.437906329929217e-05,0.5567883059357549,0.00014746982398737416,53.79849129820055
928,185.7238158772515,4.375,0.2,0.5,0.5,0.44298640577871007,8.370632488106641e-05,0.5567835982700574,0.00014628962635018173,53.79849129820055
929,185.923949299533,4.375,0.2,0.5,0.5,0.4429929138447381,8.303893272319801e-05,0.5567789282737857,0.00014511894875169858,53.79849129820055
930,186.12408272181455,4.375,0.2,0.5,0.5,0.4429993697741209,8.23768561052613e-05,0.5567742956680084,0.0001439577017640837,53.79849129820055
931,186.32421614409606,4.375,0.2,0.5,0.5,0.4430057739659383,8.172006430683095e-05,0.556769700173794,0.0001428057959594965,53.79849129820055
932,186.52434956637757,4.375,0.2,0.5,0.5,0.44301212681927,8.106852660748134e-05,0.5567651415122111,0.00014166314191009602,53.79849129820055
933,186.7244829886591,4.375,0.2,0.5,0.5,0.4430184287138312,8.042220691891376e-05,0.5567606194127401,0.00014052966650839985,53.79849129820055
934,186.92461641094062,4.375,0.2,0.5,0.5,0.4430246800220858,7.978106714281522e-05,0.5567561336080119,0.000139405302758128,53.79849129820055
935,187.12474983322215,4.375,0.2,0.5,0.5,0.44303088113310235,7.914507378364292e-05,0.5567516838234439,0.00013828996966884196,53.79849129820055
936,187.32488325550366,4.375,0.2,0.5,0.5,0.4430370324359506,7.851419334617964e-05,0.5567472697844528,0.0001371835862491149,53.79849129820055
937,187.52501667778517,4.375,0.2,0.5,0.5,0.44304313431970016,7.788839233520788e-05,0.5567428912164558,0.00013608607150751958,53.79849129820055
938,187.7251501000667,4.375,0.2,0.5,0.5,0.44304918717342073,7.726763725551017e-05,0.5567385478448699,0.00013499734445262867,53.79849129820055
939,187.92528352234822,4.375,0.2,0.5,0.5,0.44305519138618205,7.665189461186923e-05,0.5567342393951118,0.0001339173240930154,53.79849129820055
940,188.12541694462973,4.375,0.2,0.5,0.5,0.44306114736217334,7.604111838126764e-05,0.5567299655738228,0.00013284594562126213,53.79849129820055
941,188.32555036691127,4.375,0.2,0.5,0.5,0.44306705552957615,7.543524266142773e-05,0.5567257260578501,0.0001317831699109273,53.79849129820055
942,188.52568378919278,4.375,0.2,0.5,0.5,0.4430729162910296,7.483422271377361e-05,0.55672152055576,0.0001307289304952912,53.79849129820055
943,188.72581721147432,4.375,0.2,0.5,0.5,0.4430787300481816,7.42380146210511e-05,0.5567173487773494,0.00012968315984661038,53.79849129820055
944,188.92595063375583,4.375,0.2,0.5,0.5,0.4430844972026801,7.364657446600637e-05,0.5567132104324154,0.00012864579043714197,53.79849129820055
945,189.12608405603734,4.375,0.2,0.5,0.5,0.44309021815617305,7.305985833138532e-05,0.5567091052307551,0.00012761675473914268,53.79849129820055
946,189.32621747831888,4.375,0.2,0.5,0.5,0.4430958933103083,7.247782229993388e-05,0.5567050328821656,0.00012659598522486915,53.79849129820055
947,189.5263509006004,4.375,0.2,0.5,0.5,0.44310154104100313,7.189852889035947e-05,0.5567009801616585,0.0001255802684466618,53.79849129820055
948,189.7264843228819,4.375,0.2,0.5,0.5,0.4431071186826988,7.132647884226701e-05,0.5566969777769077,0.0001245770615498195,53.79849129820055
949,189.92661774516344,4.375,0.2,0.5,0.5,0.4431126536715487,7.075878069490543e-05,0.5566930059832925,0.00012358156446251888,53.79849129820055
950,190.12675116744495,4.375,0.2,0.5,0.5,0.44311814600755256,7.019543444827487e-05,0.5566890647808129,0.00012259377718476026,53.79849129820055
951,190.3268845897265,4.375,0.2,0.5,0.5,0.44312359569071064,6.963644010237518e-05,0.5566851541694691,0.00012161369971654331,53.79849129820055
952,190.527018012008,4.375,0.2,0.5,0.5,0.4431290027210228,6.908179765720649e-05,0.5566812741492607,0.00012064133205786833,53.79849129820055
953,190.7271514342895,4.375,0.2,0.5,0.5,0.4431343670984891,6.853150711276877e-05,0.556677424720188,0.00011967667420873517,53.79849129820055
954,190.92728485657105,4.375,0.2,0.5,0.5,0.4431396888638801,6.798556520402729e-05,0.5566736058536589,0.00011871971725554033,53.79849129820055
955,191.12741827885256,4.375,0.2,0.5,0.5,0.44314496842783496,6.744393904576896e-05,0.5566698172616968,0.00011777037142105852,53.79849129820055
956,191.32755170113407,4.375,0.2,0.5,0.5,0.44315020589676013,6.690662011663805e-05,0.55666605886968,0.00011682861344183495,53.79849129820055
957,191.5276851234156,4.375,0.2,0.5,0.5,0.44315540127065567,6.63736084166345e-05,0.5566623306776084,0.00011589444331786953,53.79849129820055
958,191.72781854569712,4.375,0.2,0.5,0.5,0.4431605547247837,6.584488583622084e-05,0.5566586325596138,0.00011496782976481531,53.79849129820055
959,191.92795196797866,4.375,0.2,0.5,0.5,0.4431656672361933,6.532035141863316e-05,0.5566549638140075,0.00011404859837918837,53.79849129820055
960,192.12808539026017,4.375,0.2,0.5,0.5,0.44317073895590625,6.479998955904216e-05,0.5566513243323298,0.00011313672220354184,53.79849129820055
961,192.32821881254168,4.375,0.2,0.5,0.5,0.4431757698839226,6.428380025744776e-05,0.5566477141145806,0.00011223220123787561,53.79849129820055
962,192.52835223482322,4.375,0.2,0.5,0.5,0.44318075849609684,6.377193981632487e-05,0.5566441342544988,0.00011133530958676709,53.79849129820055
963,192.72848565710473,4.375,0.2,0.5,0.5,0.44318571050325944,6.326382258494629e-05,0.5566405806539482,0.00011044502020604957,53.79849129820055
964,192.92861907938624,4.375,0.2,0.5,0.5,0.4431906222578512,6.275982262373882e-05,0.5566370559304455,0.00010956198907813967,53.79849129820055
965,193.12875250166778,4.375,0.2,0.5,0.5,0.44319549408565484,6.225990652340027e-05,0.5566335598502066,0.00010868615761380095,53.79849129820055
966,193.3288859239493,4.375,0.2,0.5,0.5,0.4432003263866763,6.176403345958263e-05,0.5566300921263261,0.00010781745353669846,53.79849129820055
967,193.52901934623083,4.375,0.2,0.5,0.5,0.44320511966128856,6.127215258107548e-05,0.5566266524000667,0.00010695578606236422,53.79849129820055
968,193.72915276851234,4.375,0.2,0.5,0.5,0.44320987427165465,6.0784226844106344e-05,0.556623240411607,0.00010610108989285705,53.79849129820055
969,193.92928619079385,4.375,0.2,0.5,0.5,0.4432145905749925,6.0300219698938535e-05,0.5566198559046651,0.00010525330064215413,53.79849129820055
970,194.12941961307538,4.375,0.2,0.5,0.5,0.44321926892852,5.982009459583533e-05,0.5566164986229587,0.00010441235392423262,53.79849129820055
971,194.3295530353569,4.375,0.2,0.5,0.5,0.4432239096894549,5.9343814985060236e-05,0.5566131683102057,0.00010357818535307001,53.79849129820055
972,194.5296864576384,4.375,0.2,0.5,0.5,0.44322851321501516,5.887134431687653e-05,0.556609864710124,0.0001027507305426435,53.79849129820055
973,194.72981987991994,4.375,0.2,0.5,0.5,0.4432330798624186,5.840264604154752e-05,0.5566065875664316,0.00010192992510693022,53.79849129820055
974,194.92995330220145,4.375,0.2,0.5,0.5,0.4432376099888831,5.793768360933669e-05,0.5566033366228463,0.0001011157046599077,53.79849129820055
975,195.130086724483,4.375,0.2,0.5,0.5,0.44324210395162655,5.747642047050728e-05,0.5566001116230861,0.00010030800481555299,53.79849129820055
976,195.3302201467645,4.375,0.2,0.5,0.5,0.4432465621078667,5.701882007532277e-05,0.5565969123108688,9.95067611878436e-05,53.79849129820055
977,195.530353569046,4.375,0.2,0.5,0.5,0.4432509848148215,5.6564845874046455e-05,0.5565937384299124,9.871190939075668e-05,53.79849129820055
978,195.73048699132755,4.375,0.2,0.5,0.5,0.4432553724297088,5.6114461316941636e-05,0.5565905897239347,9.79233850382694e-05,53.79849129820055
979,195.93062041360906,4.375,0.2,0.5,0.5,0.4432597253097465,5.56676298542718e-05,0.5565874659366536,9.714112374435929e-05,53.79849129820055
980,196.13075383589057,4.375,0.2,0.5,0.5,0.44326404379718604,5.522431649992066e-05,0.5565843668225479,9.63650637649445e-05,53.79849129820055
981,196.3308872581721,4.375,0.2,0.5,0.5,0.44326832784190673,5.4784527261299314e-05,0.5565812924182107,9.559521261986346e-05,53.79849129820055
982,196.53102068045362,4.375,0.2,0.5,0.5,0.4432725775602982,5.434825074946983e-05,0.5565782426405155,9.483154843555019e-05,53.79849129820055
983,196.73115410273516,4.375,0.2,0.5,0.5,0.4432767932316525,5.3915458556073004e-05,0.5565752172892082,9.40740205819028e-05,53.79849129820055
984,196.93128752501667,4.375,0.2,0.5,0.5,0.4432809751352617,5.3486122272749884e-05,0.5565722161640354,9.332257842881984e-05,53.79849129820055
985,197.13142094729818,4.375,0.2,0.5,0.5,0.44328512355041805,5.306021349114132e-05,0.5565692390647433,9.257717134619954e-05,53.79849129820055
986,197.33155436957972,4.375,0.2,0.5,0.5,0.4432892387564136,5.263770380288818e-05,0.5565662857910783,9.183774870394014e-05,53.79849129820055
987,197.53168779186123,4.375,0.2,0.5,0.5,0.4432933210325404,5.221856479963148e-05,0.5565633561427867,9.110425987194017e-05,53.79849129820055
988,197.73182121414274,4.375,0.2,0.5,0.5,0.4432973706580906,5.18027680730121e-05,0.556560449919615,9.037665422009787e-05,53.79849129820055
989,197.93195463642428,4.375,0.2,0.5,0.5,0.4433013879123564,5.139028521467089e-05,0.5565575669213093,8.965488111831148e-05,53.79849129820055
990,198.1320880587058,4.375,0.2,0.5,0.5,0.4433053730746298,5.0981087816248887e-05,0.5565547069476161,8.893888993647955e-05,53.79849129820055
991,198.33222148098733,4.375,0.2,0.5,0.5,0.44330932642420295,5.057514746938689e-05,0.5565518697982819,8.822863004450018e-05,53.79849129820055
992,198.53235490326884,4.375,0.2,0.5,0.5,0.443313248240368,5.017243576572593e-05,0.5565490552730527,8.752405081227195e-05,53.79849129820055
993,198.73248832555035,4.375,0.2,0.5,0.5,0.443317138802417,4.977292429690688e-05,0.556546263171675,8.682510160969305e-05,53.79849129820055
994,198.9326217478319,4.375,0.2,0.5,0.5,0.4433209983896422,4.937658465457058e-05,0.5565434932938953,8.613173180666176e-05,53.79849129820055
995,199.1327551701134,4.375,0.2,0.5,0.5,0.44332482722861155,4.898339381686099e-05,0.5565407454772816,8.544390028869924e-05,53.79849129820055
996,199.3328885923949,4.375,0.2,0.5,0.5,0.4433286254121198,4.8593342428785014e-05,0.5565380196553653,8.476159008476698e-05,53.79849129820055
997,199.53302201467645,4.375,0.2,0.5,0.5,0.4433323931750731,4.820640661664902e-05,0.5565353156597334,8.408475857555734e-05,53.79849129820055
998,199.73315543695796,4.375,0.2,0.5,0.5,0.4433361307650655,4.782256121049581e-05,0.5565326333128708,8.341336085182514e-05,53.79849129820055
999,199.9332888592395,4.375,0.2,0.5,0.5,0.4433398384296911,4.7441781040367935e-05,0.5565299724372629,8.274735200432487e-05,53.79849129820055
1000,200.133422281521,4.375,0.2,0.5,0.5,0.443343516416544,4.7064040936308185e-05,0.5565273328553946,8.208668712381134e-05,53.79849129820055
1001,200.33355570380252,4.375,0.2,0.5,0.5,0.4433471649732184,4.668931572835918e-05,0.5565247143897509,8.143132130103913e-05,53.79849129820055
1002,200.53368912608406,4.375,0.2,0.5,0.5,0.4433507843473083,4.631758024656355e-05,0.556522116862817,8.078120962676278e-05,53.79849129820055
1003,200.73382254836557,4.375,0.2,0.5,0.5,0.4433543747864079,4.5948809320964075e-05,0.5565195400970782,8.013630719173714e-05,53.79849129820055
1004,200.93395597064708,4.375,0.2,0.5,0.5,0.4433579365381112,4.558297778160337e-05,0.5565169839150192,7.949656908671677e-05,53.79849129820055
1005,201.13408939292862,4.375,0.2,0.5,0.5,0.44336146985001235,4.522006045852407e-05,0.5565144481391253,7.886195040245623e-05,53.79849129820055
1006,201.33422281521013,4.375,0.2,0.5,0.5,0.44336497496970556,4.4860032181768956e-05,0.5565119325918817,7.823240622971033e-05,53.79849129820055
1007,201.53435623749166,4.375,0.2,0.5,0.5,0.4433684521447849,4.4502867781380596e-05,0.5565094370957732,7.760789165923357e-05,53.79849129820055
1008,201.73448965977317,4.375,0.2,0.5,0.5,0.44337190162284434,4.414854208740177e-05,0.5565069614732852,7.698836178178076e-05,53.79849129820055
1009,201.93462308205469,4.375,0.2,0.5,0.5,0.4433753203024797,4.379735540441892e-05,0.5565045079370772,7.63744050372415e-05,53.79849129820055
1010,202.13475650433622,4.375,0.2,0.5,0.5,0.443378715840163,4.3448562525967255e-05,0.5565020710219305,7.576457537914526e-05,53.79849129820055
1011,202.33488992661773,4.375,0.2,0.5,0.5,0.4433820840325143,4.310257085281613e-05,0.556499653726983,7.515966964854875e-05,53.79849129820055
1012,202.53502334889924,4.375,0.2,0.5,0.5,0.44338542512418083,4.2759355501413214e-05,0.5564972558768227,7.455964349352937e-05,53.79849129820055
1013,202.73515677118078,4.375,0.2,0.5,0.5,0.4433887393579716,4.241889176685045e-05,0.5564948772973504,7.396445290979284e-05,53.79849129820055
1014,202.9352901934623,4.375,0.2,0.5,0.5,0.4433920269748572,4.208115512286417e-05,0.5564925178157778,7.337405424067359e-05,53.79849129820055
1015,203.13542361574383,4.375,0.2,0.5,0.5,0.44339528821397034,4.174612122183479e-05,0.5564901772606292,7.278840417713403e-05,53.79849129820055
1016,203.33555703802534,4.375,0.2,0.5,0.5,0.44339852331260543,4.141376589478718e-05,0.5564878554617405,7.220745975776531e-05,53.79849129820055
1017,203.53569046030685,4.375,0.2,0.5,0.5,0.4434017325062187,4.1084065151390307e-05,0.5564855522502596,7.163117836878675e-05,53.79849129820055
1018,203.7358238825884,4.375,0.2,0.5,0.5,0.4434049160284283,4.075699517995743e-05,0.5564832674586462,7.105951774404597e-05,53.79849129820055
1019,203.9359573048699,4.375,0.2,0.5,0.5,0.443408074111014,4.043253234744619e-05,0.556481000920672,7.049243596501928e-05,53.79849129820055
1020,204.1360907271514,4.375,0.2,0.5,0.5,0.44341120698391756,4.011065319945836e-05,0.5564787524714206,6.992989146081111e-05,53.79849129820055
1021,204.33622414943295,4.375,0.2,0.5,0.5,0.4434143148752426,3.979133446023998e-05,0.5564765219472876,6.937184300815427e-05,53.79849129820055
1022,204.53635757171446,4.375,0.2,0.5,0.5,0.44341739801125435,3.947455303268146e-05,0.5564743091859801,6.881824973141018e-05,53.79849129820055
1023,204.736490993996,4.375,0.2,0.5,0.5,0.4434204566163801,3.916028599831733e-05,0.5564721140265175,6.826907110256837e-05,53.79849129820055
1024,204.9366244162775,4.375,0.2,0.5,0.5,0.4434234908940955,3.884851258669608e-05,0.5564699363229544,6.772427036200664e-05,53.79849129820055
1025,205.13675783855902,4.375,0.2,0.5,0.5,0.44342650096053177,3.853922101630341e-05,0.5564677759920494,6.718382640105247e-05,53.79849129820055
1026,205.33689126084056,4.375,0.2,0.5,0.5,0.44342948700400475,3.8232392057207706e-05,0.556465632898726,6.664770521059221e-05,53.79849129820055
1027,205.53702468312207,4.375,0.2,0.5,0.5,0.44343244922349084,3.7928005370277296e-05,0.5564635069002453,6.6115870892178e-05,53.79849129820055
1028,205.7371581054036,4.375,0.2,0.5,0.5,0.44343538781540737,3.762604086931815e-05,0.5564613978556978,6.558828802403665e-05,53.79849129820055
1029,205.93729152768512,4.375,0.2,0.5,0.5,0.4434383029736125,3.732647872107423e-05,0.5564593056260039,6.506492166107026e-05,53.79849129820055
1030,206.13742494996663,4.375,0.2,0.5,0.5,0.44344119488940487,3.702929934522717e-05,0.5564572300739136,6.454573733485562e-05,53.79849129820055
1031,206.33755837224817,4.375,0.2,0.5,0.5,0.4434440637515243,3.673448341439643e-05,0.5564551710640061,6.403070105364447e-05,53.79849129820055
1032,206.53769179452968,4.375,0.2,0.5,0.5,0.44344690974615114,3.6442011854139396e-05,0.5564531284626908,6.351977930236373e-05,53.79849129820055
1033,206.7378252168112,4.375,0.2,0.5,0.5,0.44344973305690666,3.615186584295116e-05,0.5564511021382063,6.301293904261508e-05,53.79849129820055
1034,206.93795863909273,4.375,0.2,0.5,0.5,0.4434525338648528,3.586402681226463e-05,0.5564490919606208,6.251014771267511e-05,53.79849129820055
1035,207.13809206137424,4.375,0.2,0.5,0.5,0.4434553123484923,3.557847644645063e-05,0.5564470978018322,6.201137322749561e-05,53.79849129820055
1036,207.33822548365578,4.375,0.2,0.5,0.5,0.4434580686837688,3.5295196682817656e-05,0.5564451195355682,6.151658397870301e-05,53.79849129820055
1037,207.5383589059373,4.375,0.2,0.5,0.5,0.4434608030440666,3.501416971161217e-05,0.5564431570373857,6.1025748834599004e-05,53.79849129820055
1038,207.7384923282188,4.375,0.2,0.5,0.5,0.44346351560021086,3.473537797601833e-05,0.5564412101846715,6.053883714016001e-05,53.79849129820055
1039,207.93862575050034,4.375,0.2,0.5,0.5,0.4434662065204674,3.4458804172158105e-05,0.5564392788566418,6.005581871703741e-05,53.79849129820055
1040,208.13875917278185,4.375,0.2,0.5,0.5,0.4434688759705431,3.4184431249091406e-05,0.5564373629343428,5.957666386355773e-05,53.79849129820055
1041,208.33889259506336,4.375,0.2,0.5,0.5,0.4434715241135853,3.3912242408815836e-05,0.5564354623006497,5.910134335472226e-05,53.79849129820055
1042,208.5390260173449,4.375,0.2,0.5,0.5,0.4434741511101823,3.3642221106266814e-05,0.5564335768402677,5.862982844220723e-05,53.79849129820055
1043,208.7391594396264,4.375,0.2,0.5,0.5,0.4434767571183632,3.3374351049317676e-05,0.5564317064397316,5.816209085436403e-05,53.79849129820055
1044,208.93929286190794,4.375,0.2,0.5,0.5,0.44347934229359776,3.310861619877944e-05,0.5564298509874057,5.769810279621874e-05,53.79849129820055
1045,209.13942628418945,4.375,0.2,0.5,0.5,0.4434819067887967,3.2845000768401085e-05,0.5564280103734839,5.7237836949472646e-05,53.79849129820055
1046,209.33955970647096,4.375,0.2,0.5,0.5,0.44348445075431137,3.258348922486928e-05,0.5564261844899897,5.6781266472501803e-05,53.79849129820055
1047,209.5396931287525,4.375,0.2,0.5,0.5,0.4434869743539911,3.232406477146921e-05,0.5564243732193496,5.63283618863539e-05,53.79849129820055
1048,209.739826551034,4.375,0.2,0.5,0.5,0.44348947784358933,3.206670194391011e-05,0.556422576378596,5.587907586929652e-05,53.79849129820055
1049,209.93995997331552,4.375,0.2,0.5,0.5,0.4434919614020528,3.181138254228937e-05,0.5564207938394282,5.543337597521298e-05,53.79849129820055
1050,210.14009339559706,4.375,0.2,0.5,0.5,0.4434944251886788,3.155809023355788e-05,0.5564190254875371,5.499123354905093e-05,53.79849129820055
1051,210.34022681787857,4.375,0.2,0.5,0.5,0.4434968693609713,3.130680886526242e-05,0.556417271209898,5.4552620263869145e-05,53.79849129820055
1052,210.5403602401601,4.375,0.2,0.5,0.5,0.4434992940746412,3.1057522465545366e-05,0.556415530894771,5.411750812083712e-05,53.79849129820055
1053,210.74049366244162,4.375,0.2,0.5,0.5,0.4435016994836061,3.0810215243144974e-05,0.5564138044317001,5.368586944923554e-05,53.79849129820055
1054,210.94062708472313,4.375,0.2,0.5,0.5,0.44350408573999067,3.056487158739515e-05,0.5564120917115141,5.3257676906455864e-05,53.79849129820055
1055,211.14076050700467,4.375,0.2,0.5,0.5,0.4435064529941263,3.0321476068225558e-05,0.5564103926263261,5.283290347800051e-05,53.79849129820055
1056,211.34089392928618,4.375,0.2,0.5,0.5,0.4435088013945511,3.0080013436161705e-05,0.5564087070695338,5.241152247748301e-05,53.79849129820055
1057,211.5410273515677,4.375,0.2,0.5,0.5,0.4435111310880103,2.984046862232474e-05,0.5564070349358192,5.199350754662768e-05,53.79849129820055
1058,211.74116077384923,4.375,0.2,0.5,0.5,0.4435134422194559,2.9602826738431575e-05,0.556405376121149,5.157883265526979e-05,53.79849129820055
1059,211.94129419613074,4.375,0.2,0.5,0.5,0.4435157349320465,2.936707307679496e-05,0.5564037305227739,5.116747210135576e-05,53.79849129820055
1060,212.14142761841228,4.375,0.2,0.5,0.5,0.44351800936714786,2.9133193110323265e-05,0.5564020980392295,5.0759400510942675e-05,53.79849129820055
1061,212.3415610406938,4.375,0.2,0.5,0.5,0.44352026566433245,2.8901172492520745e-05,0.5564004785703354,5.035459283819885e-05,53.79849129820055
1062,212.5416944629753,4.375,0.2,0.5,0.5,0.44352250396137954,2.8670997057487295e-05,0.5563988720171962,4.995302436540337e-05,53.79849129820055
1063,212.74182788525684,4.375,0.2,0.5,0.5,0.44352472439427537,2.8442652819918572e-05,0.5563972782822003,4.9554670702946266e-05,53.79849129820055
1064,212.94196130753835,4.375,0.2,0.5,0.5,0.4435269270972129,2.821612597510607e-05,0.5563956972690212,4.9159507789328694e-05,53.79849129820055
1065,213.14209472981986,4.375,0.2,0.5,0.5,0.44352911220259206,2.799140289893694e-05,0.5563941288826164,4.87675118911626e-05,53.79849129820055
1066,213.3422281521014,4.375,0.2,0.5,0.5,0.44353127984101953,2.7768470147894082e-05,0.556392573029228,4.837865960317087e-05,53.79849129820055
1067,213.5423615743829,4.375,0.2,0.5,0.5,0.4435334301413088,2.7547314459056233e-05,0.5563910296163825,4.799292784818751e-05,53.79849129820055
1068,213.74249499666445,4.375,0.2,0.5,0.5,0.4435355632304804,2.7327922750097765e-05,0.556389498552891,4.7610293877157276e-05,53.79849129820055
1069,213.94262841894596,4.375,0.2,0.5,0.5,0.4435376792337614,2.711028211928891e-05,0.5563879797488487,4.7230735269136077e-05,53.79849129820055
1070,214.14276184122747,4.375,0.2,0.5,0.5,0.443539778283962,2.689437905380741e-05,0.5563864731090307,4.6854227952074624e-05,53.79849129820055
1071,214.342895263509,4.375,0.2,0.5,0.5,0.44354186058566464,2.6680194009664198e-05,0.5563849784876715,4.648073265266279e-05,53.79849129820055
1072,214.54302868579052,4.375,0.2,0.5,0.5,0.4435439262895398,2.6467712024295182e-05,0.5563834957770067,4.61102214277499e-05,53.79849129820055
1073,214.74316210807203,4.375,0.2,0.5,0.5,0.4435459755282124,2.6256919688064248e-05,0.5563820248820049,4.574267009311922e-05,53.79849129820055
1074,214.94329553035357,4.375,0.2,0.5,0.5,0.4435480084330974,2.604780372268264e-05,0.5563805657085089,4.537805466954427e-05,53.79849129820055
1075,215.14342895263508,4.375,0.2,0.5,0.5,0.4435500251343999,2.5840350981209042e-05,0.5563791181632346,4.5016351382788965e-05,53.79849129820055
1076,215.34356237491662,4.375,0.2,0.5,0.5,0.4435520257611151,2.5634548448049395e-05,0.5563776821537718,4.465753666360728e-05,53.79849129820055
1077,215.54369579719813,4.375,0.2,0.5,0.5,0.44355401044102816,2.54303832389571e-05,0.5563762575885837,4.430158714774364e-05,53.79849129820055
1078,215.74382921947964,4.375,0.2,0.5,0.5,0.44355597930071455,2.5227842601032842e-05,0.556374844377007,4.394847967593256e-05,53.79849129820055
1079,215.94396264176117,4.375,0.2,0.5,0.5,0.4435579324655397,2.5026913912724647e-05,0.5563734424292522,4.3598191293898804e-05,53.79849129820055
1080,216.14409606404269,4.375,0.2,0.5,0.5,0.4435598700596591,2.4827584683828007e-05,0.5563720516564032,4.3250699252357556e-05,53.79849129820055
1081,216.3442294863242,4.375,0.2,0.5,0.5,0.44356179220601843,2.4629842555485665e-05,0.5563706719704176,4.290598100701408e-05,53.79849129820055
1082,216.54436290860573,4.375,0.2,0.5,0.5,0.4435636990263534,2.4433675300187742e-05,0.5563693032841264,4.2564014218563895e-05,53.79849129820055
1083,216.74449633088724,4.375,0.2,0.5,0.5,0.44356559064118983,2.4239070821771786e-05,0.5563679455112343,4.222477675269293e-05,53.79849129820055
1084,216.94462975316878,4.375,0.2,0.5,0.5,0.44356746716984363,2.4046017155422607e-05,0.5563665985663193,4.188824668007715e-05,53.79849129820055
1085,217.1447631754503,4.375,0.2,0.5,0.5,0.4435693287304208,2.385450246767247e-05,0.5563652623648336,4.1554402276382983e-05,53.79849129820055
1086,217.3448965977318,4.375,0.2,0.5,0.5,0.4435711754398175,2.3664515056400927e-05,0.5563639368231024,4.122322202226695e-05,53.79849129820055
1087,217.54503002001334,4.375,0.2,0.5,0.5,0.44357300741371986,2.3476043350834875e-05,0.5563626218583244,4.0894684603375825e-05,53.79849129820055
1088,217.74516344229485,4.375,0.2,0.5,0.5,0.44357482476660415,2.3289075911548667e-05,0.5563613173885724,4.056876891034677e-05,53.79849129820055
1089,217.94529686457636,4.375,0.2,0.5,0.5,0.4435766276117368,2.3103601430463922e-05,0.5563600233327924,4.024545403880707e-05,53.79849129820055
1090,218.1454302868579,4.375,0.2,0.5,0.5,0.4435784160611742,2.2919608730849624e-05,0.5563587396108041,3.992471928937425e-05,53.79849129820055
1091,218.3455637091394,4.375,0.2,0.5,0.5,0.443580190225763,2.273708676732219e-05,0.5563574661433005,3.960654416765622e-05,53.79849129820055
1092,218.54569713142095,4.375,0.2,0.5,0.5,0.4435819502151398,2.2556024625845297e-05,0.5563562028518486,3.929090838425097e-05,53.79849129820055
1093,218.74583055370246,4.375,0.2,0.5,0.5,0.443583696139898,2.237641126667344e-05,0.5563549496573086,3.897779152525113e-05,53.79849129820055
1094,218.94596397598397,4.375,0.2,0.5,0.5,0.4435854281326593,2.219823302439417e-05,0.556353706464467,3.866716984779243e-05,53.79849129820055
1095,219.1460973982655,4.375,0.2,0.5,0.5,0.44358714631020596,2.202147810059089e-05,0.5563524731896532,3.8359022038758964e-05,53.79849129820055
1096,219.34623082054702,4.375,0.2,0.5,0.5,0.4435888507818929,2.1846135565868014e-05,0.5563512497546041,3.805332793557689e-05,53.79849129820055
1097,219.54636424282853,4.375,0.2,0.5,0.5,0.443590541656048,2.1672194600479626e-05,0.5563500360817971,3.77500675528504e-05,53.79849129820055
1098,219.74649766511007,4.375,0.2,0.5,0.5,0.44359221903997204,2.149964449432956e-05,0.5563488320944497,3.744922108236192e-05,53.79849129820055
1099,219.94663108739158,4.375,0.2,0.5,0.5,0.4435938830399387,2.1328474646971463e-05,0.5563476377165197,3.7150768893072186e-05,53.79849129820055
1100,220.14676450967312,4.375,0.2,0.5,0.5,0.44359553376119476,2.1158674567608633e-05,0.556346452872705,3.685469153111999e-05,53.79849129820055
1101,220.34689793195463,4.375,0.2,0.5,0.5,0.44359717130796006,2.099023387509422e-05,0.5563452774884435,3.6560969719822456e-05,53.79849129820055
1102,220.54703135423614,4.375,0.2,0.5,0.5,0.44359879578342715,2.082314229793103e-05,0.5563441114899137,3.6269584359674827e-05,53.79849129820055
1103,220.74716477651768,4.375,0.2,0.5,0.5,0.4436004072897618,2.0657389674271633e-05,0.5563429548040341,3.598051652835051e-05,53.79849129820055
1104,220.9472981987992,4.375,0.2,0.5,0.5,0.44360200592810267,2.04929659519184e-05,0.5563418073584632,3.569374748070126e-05,53.79849129820055
1105,221.1474316210807,4.375,0.2,0.5,0.5,0.44360359179856135,2.032986118832339e-05,0.5563406690816001,3.540925864875692e-05,53.79849129820055
1106,221.34756504336224,4.375,0.2,0.5,0.5,0.44360516500022246,2.01680655505884e-05,0.5563395399025838,3.51270316417255e-05,53.79849129820055
1107,221.54769846564375,4.375,0.2,0.5,0.5,0.44360672563114356,2.0007569315465048e-05,0.5563384197512935,3.484704824599336e-05,53.79849129820055
1108,221.7478318879253,4.375,0.2,0.5,0.5,0.44360827378835527,1.98483628693546e-05,0.5563373085583487,3.45692904251249e-05,53.79849129820055
1109,221.9479653102068,4.375,0.2,0.5,0.5,0.44360980956786106,1.9690436708308167e-05,0.5563362062551093,3.4293740319862866e-05,53.79849129820055
1110,222.1480987324883,4.375,0.2,0.5,0.5,0.44361133306463746,1.9533781438026528e-05,0.5563351127736749,3.40203802481281e-05,53.79849129820055
1111,222.34823215476985,4.375,0.2,0.5,0.5,0.44361284437263393,1.9378387773860216e-05,0.5563340280468857,3.374919270501965e-05,53.79849129820055
1112,222.54836557705136,4.375,0.2,0.5,0.5,0.443614343584773,1.922424654080957e-05,0.5563329520083219,3.348016036281486e-05,53.79849129820055
1113,222.74849899933287,4.375,0.2,0.5,0.5,0.44361583079295,1.907134867352462e-05,0.556331884592304,3.321326607096919e-05,53.79849129820055
1114,222.9486324216144,4.375,0.2,0.5,0.5,0.4436173060880335,1.891968521630513e-05,0.5563308257338926,3.294849285611627e-05,53.79849129820055
1115,223.14876584389592,4.375,0.2,0.5,0.5,0.44361876955986473,1.876924732310068e-05,0.5563297753688886,3.268582392206807e-05,53.79849129820055
1116,223.34889926617745,4.375,0.2,0.5,0.5,0.44362022963493675,1.861940636659714e-05,0.5563287276222523,3.24233364429418e-05,53.79849129820055
1117,223.54903268845896,4.375,0.2,0.5,0.5,0.44362166839668654,1.8471487235800453e-05,0.5563276949770607,3.216513901550796e-05,53.79849129820055
1118,223.74916611074048,4.375,0.2,0.5,0.5,0.4436230958336745,1.8324743375503453e-05,0.5563266704681631,3.190895478547548e-05,53.79849129820055
1119,223.949299533022,4.375,0.2,0.5,0.5,0.44362451202276165,1.8179166209008074e-05,0.5563256540398994,3.1654771128490976e-05,53.79849129820055
1120,224.14943295530352,4.375,0.2,0.5,0.5,0.44362591704080906,1.8034747159616332e-05,0.5563246456366098,3.1402575420201154e-05,53.79849129820055
1121,224.34956637758503,4.375,0.2,0.5,0.5,0.4436273109646778,1.7891477650630168e-05,0.5563236452026339,3.115235503625263e-05,53.79849129820055
1122,224.54969979986657,4.375,0.2,0.5,0.5,0.443628693871229,1.774934910535153e-05,0.556322652682312,3.0904097352292e-05,53.79849129820055
1123,224.74983322214808,4.375,0.2,0.5,0.5,0.4436300658373237,1.7608352947082417e-05,0.5563216680199838,3.065778974396599e-05,53.79849129820055
1124,224.94996664442962,4.375,0.2,0.5,0.5,0.44363142693982294,1.746848059912476e-05,0.5563206911599896,3.041341958692116e-05,53.79849129820055
1125,225.15010006671113,4.375,0.2,0.5,0.5,0.4436327772555879,1.7329723484780565e-05,0.5563197220466691,3.0170974256804237e-05,53.79849129820055
1126,225.35023348899264,4.375,0.2,0.5,0.5,0.4436341168614796,1.7192073027351775e-05,0.5563187606243624,2.9930441129261815e-05,53.79849129820055
1127,225.55036691127418,4.375,0.2,0.5,0.5,0.4436354458343591,1.7055520650140336e-05,0.5563178068374094,2.9691807579940513e-05,53.79849129820055
1128,225.7505003335557,4.375,0.2,0.5,0.5,0.4436367642510875,1.6920057776448255e-05,0.5563168606301502,2.9455060984487034e-05,53.79849129820055
1129,225.9506337558372,4.375,0.2,0.5,0.5,0.44363807218852586,1.6785675829577478e-05,0.5563159219469246,2.9220188718547992e-05,53.79849129820055
1130,226.15076717811874,4.375,0.2,0.5,0.5,0.4436393697235353,1.6652366232829947e-05,0.5563149907320727,2.8987178157769996e-05,53.79849129820055
1131,226.35090060040025,4.375,0.2,0.5,0.5,0.4436406569329769,1.652012040950767e-05,0.5563140669299343,2.8756016677799757e-05,53.79849129820055
1132,226.5510340226818,4.375,0.2,0.5,0.5,0.44364193389371165,1.638892978291257e-05,0.5563131504848496,2.8526691654283845e-05,53.79849129820055
1133,226.7511674449633,4.375,0.2,0.5,0.5,0.44364320068260077,1.625878577634666e-05,0.5563122413411585,2.8299190462868975e-05,53.79849129820055
1134,226.9513008672448,4.375,0.2,0.5,0.5,0.4436444573765052,1.6129679813111875e-05,0.556311339443201,2.8073500479201756e-05,53.79849129820055
1135,227.15143428952635,4.375,0.2,0.5,0.5,0.4436457040522861,1.6001603316510165e-05,0.556310444735317,2.7849609078928796e-05,53.79849129820055
1136,227.35156771180786,4.375,0.2,0.5,0.5,0.44364694078680456,1.587454770984354e-05,0.5563095571618464,2.7627503637696805e-05,53.79849129820055
1137,227.55170113408937,4.375,0.2,0.5,0.5,0.4436481676569216,1.5748504416413937e-05,0.5563086766671294,2.740717153115239e-05,53.79849129820055
1138,227.7518345563709,4.375,0.2,0.5,0.5,0.44364938473949833,1.562346485952331e-05,0.5563078031955057,2.7188600134942166e-05,53.79849129820055
1139,227.95196797865242,4.375,0.2,0.5,0.5,0.44365059211365676,1.5499419769520035e-05,0.5563069366893543,2.697177721778766e-05,53.79849129820055
1140,228.15210140093396,4.375,0.2,0.5,0.5,0.4436517899117607,1.5376343558358367e-05,0.5563060770448743,2.675669980494542e-05,53.79849129820055
1141,228.35223482321547,4.375,0.2,0.5,0.5,0.4436529782449772,1.525421713473744e-05,0.55630522417665,2.6543361236423068e-05,53.79849129820055
1142,228.55236824549698,4.375,0.2,0.5,0.5,0.4436541572041568,1.5133027634266612e-05,0.5563043780168873,2.6331751320041435e-05,53.79849129820055
1143,228.75250166777852,4.375,0.2,0.5,0.5,0.4436553268801499,1.5012762192555252e-05,0.5563035384977922,2.612185986362135e-05,53.79849129820055
1144,228.95263509006003,4.375,0.2,0.5,0.5,0.4436564873638071,1.4893407945212775e-05,0.556302705551571,2.5913676674983734e-05,53.79849129820055
1145,229.15276851234154,4.375,0.2,0.5,0.5,0.44365763874597886,1.4774952027848543e-05,0.5563018791104296,2.570719156194942e-05,53.79849129820055
1146,229.35290193462308,4.375,0.2,0.5,0.5,0.4436587811175157,1.4657381576071923e-05,0.5563010591065741,2.5502394332339233e-05,53.79849129820055
1147,229.5530353569046,4.375,0.2,0.5,0.5,0.4436599145692682,1.4540683725492332e-05,0.5563002454722107,2.5299274793974098e-05,53.79849129820055
1148,229.75316877918613,4.375,0.2,0.5,0.5,0.44366103919208666,1.4424845611719115e-05,0.5562994381395452,2.5097822754674818e-05,53.79849129820055
1149,229.95330220146764,4.375,0.2,0.5,0.5,0.4436621550768218,1.4309854370361688e-05,0.5562986370407839,2.4898028022262307e-05,53.79849129820055
1150,230.15343562374915,4.375,0.2,0.5,0.5,0.4436632622838745,1.4195706576057441e-05,0.5562978421346143,2.4699874933400688e-05,53.79849129820055
1151,230.35356904603069,4.375,0.2,0.5,0.5,0.44366436075048554,1.4082436981850534e-05,0.5562970534868356,2.450332569535193e-05,53.79849129820055
1152,230.5537024683122,4.375,0.2,0.5,0.5,0.44366545051730133,1.3970048286097863e-05,0.5562962710733156,2.430836109528035e-05,53.79849129820055
1153,230.75383589059373,4.375,0.2,0.5,0.5,0.443666531641256,1.385853813810797e-05,0.5562954948557572,2.411496484693692e-05,53.79849129820055
1154,230.95396931287524,4.375,0.2,0.5,0.5,0.4436676041792839,1.3747904187189462e-05,0.5562947247958631,2.3923120664072715e-05,53.79849129820055
1155,231.15410273515675,4.375,0.2,0.5,0.5,0.4436686681883192,1.3638144082650896e-05,0.556293960855336,2.3732812260438725e-05,53.79849129820055
1156,231.3542361574383,4.375,0.2,0.5,0.5,0.443669723725296,1.3529255473800831e-05,0.5562932029958787,2.354402334978595e-05,53.79849129820055
1157,231.5543695797198,4.375,0.2,0.5,0.5,0.4436707708471486,1.3421236009947876e-05,0.5562924511791939,2.3356737645865452e-05,53.79849129820055
1158,231.75450300200131,4.375,0.2,0.5,0.5,0.4436718096108112,1.3314083340400587e-05,0.5562917053669842,2.3170938862428235e-05,53.79849129820055
1159,231.95463642428285,4.375,0.2,0.5,0.5,0.443672840073218,1.3207795114467523e-05,0.5562909655209526,2.298661071322529e-05,53.79849129820055
1160,232.15476984656436,4.375,0.2,0.5,0.5,0.44367386229130323,1.3102368981457289e-05,0.5562902316028017,2.2803736912007694e-05,53.79849129820055
1161,232.3549032688459,4.375,0.2,0.5,0.5,0.4436748763193578,1.2997800259924272e-05,0.5562895035742271,2.2622306153547397e-05,53.79849129820055
1162,232.5550366911274,4.375,0.2,0.5,0.5,0.4436758822097053,1.2894082533687962e-05,0.5562887813969195,2.244231083989338e-05,53.79849129820055
1163,232.75517011340892,4.375,0.2,0.5,0.5,0.44367688001807704,1.2791212391334043e-05,0.5562880650325784,2.226373695165214e-05,53.79849129820055
1164,232.95530353569046,4.375,0.2,0.5,0.5,0.44367786980023793,1.2689186451182977e-05,0.5562873544429034,2.208657040588443e-05,53.79849129820055
1165,233.15543695797197,4.375,0.2,0.5,0.5,0.44367885161195303,1.2588001331555268e-05,0.5562866495895942,2.191079711965106e-05,53.79849129820055
1166,233.35557038025348,4.375,0.2,0.5,0.5,0.44367982550898727,1.2487653650771375e-05,0.5562859504343504,2.1736403010012762e-05,53.79849129820055
1167,233.55570380253502,4.375,0.2,0.5,0.5,0.44368079154710566,1.238814002715176e-05,0.5562852569388717,2.1563373994030284e-05,53.79849129820055
1168,233.75583722481653,4.375,0.2,0.5,0.5,0.4436817497820732,1.2289457079016923e-05,0.5562845690648576,2.1391695988764436e-05,53.79849129820055
1169,233.95597064709807,4.375,0.2,0.5,0.5,0.4436827002696548,1.2191601424687313e-05,0.5562838867740078,2.1221354911275935e-05,53.79849129820055
1170,234.15610406937958,4.375,0.2,0.5,0.5,0.4436836430656155,1.209456968248343e-05,0.5562832100280218,2.105233667862559e-05,53.79849129820055
1171,234.3562374916611,4.375,0.2,0.5,0.5,0.4436845912878339,1.1996596175136668e-05,0.5562825291056315,2.0883010358110924e-05,53.79849129820055
1172,234.55637091394263,4.375,0.2,0.5,0.5,0.4436855155199778,1.1901636465816513e-05,0.5562818658035423,2.0717040012600687e-05,53.79849129820055
1173,234.75650433622414,4.375,0.2,0.5,0.5,0.443686432960645,1.1807364531065908e-05,0.5562812073682605,2.055230656195771e-05,53.79849129820055
1174,234.95663775850565,4.375,0.2,0.5,0.5,0.44368734360983564,1.1713780370884843e-05,0.5562805537997859,2.0388810006181966e-05,53.79849129820055
1175,235.1567711807872,4.375,0.2,0.5,0.5,0.44368824746754953,1.1620883985273304e-05,0.5562799050981185,2.0226550345273435e-05,53.79849129820055
1176,235.3569046030687,4.375,0.2,0.5,0.5,0.4436891445337868,1.1528675374231318e-05,0.5562792612632583,2.0065527579232168e-05,53.79849129820055
1177,235.55703802535024,4.375,0.2,0.5,0.5,0.44369003480854735,1.1437154537758857e-05,0.5562786222952054,1.990574170805811e-05,53.79849129820055
1178,235.75717144763175,4.375,0.2,0.5,0.5,0.4436909182918312,1.134632147585595e-05,0.5562779881939597,1.9747192731751314e-05,53.79849129820055
1179,235.95730486991326,4.375,0.2,0.5,0.5,0.4436917949836385,1.125617618852258e-05,0.5562773589595212,1.9589880650311753e-05,53.79849129820055
1180,236.1574382921948,4.375,0.2,0.5,0.5,0.443692664883969,1.1166718675758737e-05,0.55627673459189,1.9433805463739406e-05,53.79849129820055
1181,236.3575717144763,4.375,0.2,0.5,0.5,0.4436935279928229,1.1077948937564444e-05,0.556276115091066,1.9278967172034315e-05,53.79849129820055
1182,236.55770513675782,4.375,0.2,0.5,0.5,0.44369438433245134,1.0989863187142363e-05,0.5562755004399778,1.9125364382143698e-05,53.79849129820055
1183,236.75783855903936,4.375,0.2,0.5,0.5,0.44369523401400834,1.0902442507890363e-05,0.5562748905533469,1.8972990135198973e-05,53.79849129820055
1184,236.95797198132087,4.375,0.2,0.5,0.5,0.44369607705273484,1.0815684306051688e-05,0.5562742854194804,1.8821843477032392e-05,53.79849129820055
1185,237.1581054036024,4.375,0.2,0.5,0.5,0.44369691344863077,1.0729588581626312e-05,0.5562736850383784,1.8671924407643912e-05,53.79849129820055
1186,237.35823882588392,4.375,0.2,0.5,0.5,0.4436977432016962,1.064415533461426e-05,0.5562730894100405,1.8523232927033573e-05,53.79849129820055
1187,237.55837224816543,4.375,0.2,0.5,0.5,0.44369856636793054,1.0559386634975763e-05,0.5562724985000168,1.8375745415973724e-05,53.79849129820055
1188,237.75850567044697,4.375,0.2,0.5,0.5,0.4436993830490335,1.04752862419252e-05,0.5562719122457428,1.822941898004608e-05,53.79849129820055
1189,237.95863909272848,4.375,0.2,0.5,0.5,0.44370019324712473,1.0391854233815622e-05,0.5562713306459146,1.8084252725205487e-05,53.79849129820055
1190,238.15877251500999,4.375,0.2,0.5,0.5,0.44370099696220416,1.030909061064702e-05,0.556270753700532,1.794024665145193e-05,53.79849129820055
1191,238.35890593729152,4.375,0.2,0.5,0.5,0.44370179419616257,1.0226995189578042e-05,0.5562701814082467,1.7797400399535172e-05,53.79849129820055
1192,238.55903935957303,4.375,0.2,0.5,0.5,0.44370258509200233,1.0145554140764115e-05,0.556269613667059,1.7655686796307437e-05,53.79849129820055
1193,238.75917278185457,4.375,0.2,0.5,0.5,0.44370336973889807,1.0064758840098567e-05,0.5562690504133633,1.751508889695611e-05,53.79849129820055
1194,238.95930620413608,4.375,0.2,0.5,0.5,0.44370414813684966,9.984609287581422e-06,0.5562684916471596,1.7375606701481228e-05,53.79849129820055
1195,239.1594396264176,4.375,0.2,0.5,0.5,0.4437049202858572,9.905105483212667e-06,0.556267937368448,1.723724020988277e-05,53.79849129820055
1196,239.35957304869913,4.375,0.2,0.5,0.5,0.4437056862222147,9.826243571542842e-06,0.5562673875510877,1.7099983124427923e-05,53.79849129820055
1197,239.55970647098064,4.375,0.2,0.5,0.5,0.4437064462560283,9.74799061061968e-06,0.5562668419717238,1.6963781635666968e-05,53.79849129820055
1198,239.75983989326215,4.375,0.2,0.5,0.5,0.4437072004581993,9.670339068742132e-06,0.5562663005792895,1.68286234408473e-05,53.79849129820055
1199,239.9599733155437,4.375,0.2,0.5,0.5,0.4437079488287276,9.593288945910185e-06,0.5562657633737849,1.6694508539968897e-05,53.79849129820055
1200,240.1601067378252,4.375,0.2,0.5,0.5,0.4437086913676133,9.516840242123861e-06,0.5562652303552099,1.6561436933031805e-05,53.79849129820055
1201,240.36024016010674,4.375,0.2,0.5,0.5,0.44370942807485636,9.440992957383139e-06,0.5562647015235646,1.642940862003598e-05,53.79849129820055
1202,240.56037358238825,4.375,0.2,0.5,0.5,0.44371015895045673,9.36574709168804e-06,0.5562641768788489,1.6298423600981456e-05,53.79849129820055
1203,240.76050700466976,4.375,0.2,0.5,0.5,0.4437108839944145,9.291102645038554e-06,0.5562636564210629,1.6168481875868223e-05,53.79849129820055
1204,240.9606404269513,4.375,0.2,0.5,0.5,0.44371160320672964,9.21705961743467e-06,0.5562631401502065,1.603958344469626e-05,53.79849129820055
1205,241.1607738492328,4.375,0.2,0.5,0.5,0.4437123165874021,9.143618008876408e-06,0.5562626280662798,1.59117283074656e-05,53.79849129820055
1206,241.36090727151432,4.375,0.2,0.5,0.5,0.443713024136432,9.070777819363759e-06,0.5562621201692828,1.578491646417623e-05,53.79849129820055
1207,241.56104069379586,4.375,0.2,0.5,0.5,0.4437137258538192,8.998539048896712e-06,0.5562616164592153,1.5659147914828125e-05,53.79849129820055
1208,241.76117411607737,4.375,0.2,0.5,0.5,0.44371442173956377,8.926901697475288e-06,0.5562611169360776,1.5534422659421328e-05,53.79849129820055
1209,241.9613075383589,4.375,0.2,0.5,0.5,0.44371511195824703,8.855848433488613e-06,0.5562606214814404,1.5410711877332652e-05,53.79849129820055
1210,242.16144096064042,4.375,0.2,0.5,0.5,0.44371579689705737,8.78533848318779e-06,0.5562601298166916,1.528794776615981e-05,53.79849129820055
1211,242.36157438292193,4.375,0.2,0.5,0.5,0.44371647657217655,8.715370142517907e-06,0.556259641930187,1.516612749224096e-05,53.79849129820055
1212,242.56170780520347,4.375,0.2,0.5,0.5,0.4437171509836046,8.645943411478957e-06,0.5562591578219266,1.5045251055576086e-05,53.79849129820055
1213,242.76184122748498,4.375,0.2,0.5,0.5,0.4437178201313415,8.577058290070959e-06,0.5562586774919106,1.492531845616522e-05,53.79849129820055
1214,242.9619746497665,4.375,0.2,0.5,0.5,0.44371848401538716,8.508714778293903e-06,0.5562582009401388,1.4806329694008346e-05,53.79849129820055
1215,243.16210807204803,4.375,0.2,0.5,0.5,0.4437191426357417,8.440912876147779e-06,0.5562577281666113,1.4688284769105448e-05,53.79849129820055
1216,243.36224149432954,4.375,0.2,0.5,0.5,0.443719795992405,8.373652583632607e-06,0.5562572591713282,1.4571183681456558e-05,53.79849129820055
1217,243.56237491661108,4.375,0.2,0.5,0.5,0.4437204440853772,8.306933900748369e-06,0.5562567939542892,1.4455026431061644e-05,53.79849129820055
1218,243.7625083388926,4.375,0.2,0.5,0.5,0.4437210869146582,8.24075682749508e-06,0.5562563325154946,1.4339813017920737e-05,53.79849129820055
1219,243.9626417611741,4.375,0.2,0.5,0.5,0.4437217244802481,8.175121363872735e-06,0.5562558748549442,1.4225543442033822e-05,53.79849129820055
1220,244.16277518345564,4.375,0.2,0.5,0.5,0.4437223567821468,8.110027509881323e-06,0.5562554209726382,1.4112217703400884e-05,53.79849129820055
1221,244.36290860573715,4.375,0.2,0.5,0.5,0.4437229705665964,8.046846839501774e-06,0.55625498038794,1.4002198622525005e-05,53.79849129820055
1222,244.56304202801866,4.375,0.2,0.5,0.5,0.4437235955725082,7.982501801660956e-06,0.5562545317412088,1.3890184479720641e-05,53.79849129820055
1223,244.7631754503002,4.375,0.2,0.5,0.5,0.44372421535921097,7.91869377018043e-06,0.5562540868407732,1.3779106244082332e-05,53.79849129820055
1224,244.9633088725817,4.375,0.2,0.5,0.5,0.4437248299669416,7.855418581123767e-06,0.5562536456577332,1.3668956742366425e-05,53.79849129820055
1225,245.16344229486324,4.375,0.2,0.5,0.5,0.44372543943593706,7.792672070554508e-06,0.5562532081631895,1.3559728801329197e-05,53.79849129820055
1226,245.36357571714476,4.375,0.2,0.5,0.5,0.443726043806434,7.73045007453623e-06,0.556252774328242,1.3451415247726995e-05,53.79849129820055
1227,245.56370913942627,4.375,0.2,0.5,0.5,0.4437266431186694,7.668748429132478e-06,0.5562523441239915,1.3344008908316116e-05,53.79849129820055
1228,245.7638425617078,4.375,0.2,0.5,0.5,0.44372723741288,7.607562970406802e-06,0.5562519175215381,1.3237502609852857e-05,53.79849129820055
1229,245.96397598398931,4.375,0.2,0.5,0.5,0.44372782672930267,7.546889534422776e-06,0.5562514944919821,1.313188917909356e-05,53.79849129820055
1230,246.16410940627082,4.375,0.2,0.5,0.5,0.44372841110817435,7.486723957243951e-06,0.556251075006424,1.3027161442794523e-05,53.79849129820055
1231,246.36424282855236,4.375,0.2,0.5,0.5,0.44372899058973175,7.427062074933872e-06,0.5562506590359639,1.2923312227712043e-05,53.79849129820055
1232,246.56437625083387,4.375,0.2,0.5,0.5,0.44372956521421175,7.367899723556117e-06,0.5562502465517024,1.2820334360602464e-05,53.79849129820055
1233,246.7645096731154,4.375,0.2,0.5,0.5,0.4437301350218512,7.309232739174224e-06,0.5562498375247397,1.2718220668222069e-05,53.79849129820055
1234,246.96464309539692,4.375,0.2,0.5,0.5,0.4437307000614391,7.251056092739223e-06,0.5562494319200484,1.2616962418058523e-05,53.79849129820055
1235,247.16477651767843,4.375,0.2,0.5,0.5,0.4437312604388029,7.193358985349546e-06,0.556249029661732,1.2516540478085027e-05,53.79849129820055
1236,247.36490993995997,4.375,0.2,0.5,0.5,0.44373181621343105,7.136135305625669e-06,0.5562486307070966,1.241694416500939e-05,53.79849129820055
1237,247.56504336224148,4.375,0.2,0.5,0.5,0.44373236743235134,7.07938020267725e-06,0.5562482350223769,1.2318165067430293e-05,53.79849129820055
1238,247.765176784523,4.375,0.2,0.5,0.5,0.4437329141425915,7.023088825613923e-06,0.5562478425738072,1.222019477394638e-05,53.79849129820055
1239,247.96531020680453,4.375,0.2,0.5,0.5,0.4437334563911794,6.967256323545323e-06,0.5562474533276222,1.2123024873156288e-05,53.79849129820055
1240,248.16544362908604,4.375,0.2,0.5,0.5,0.44373399422514276,6.911877845581106e-06,0.5562470672500562,1.2026646953658702e-05,53.79849129820055
1241,248.36557705136758,4.375,0.2,0.5,0.5,0.44373452769150945,6.856948540830901e-06,0.5562466843073439,1.193105260405225e-05,53.79849129820055
1242,248.5657104736491,4.375,0.2,0.5,0.5,0.4437350568373072,6.802463558404363e-06,0.5562463044657198,1.1836233412935613e-05,53.79849129820055
1243,248.7658438959306,4.375,0.2,0.5,0.5,0.44373558170956384,6.748418047411129e-06,0.5562459276914181,1.1742180968907432e-05,53.79849129820055
1244,248.96597731821214,4.375,0.2,0.5,0.5,0.44373610235530714,6.694807156960831e-06,0.5562455539506737,1.164888686056635e-05,53.79849129820055
1245,249.16611074049365,4.375,0.2,0.5,0.5,0.44373661882156484,6.641626036163128e-06,0.5562451832097207,1.1556342676511047e-05,53.79849129820055
1246,249.36624416277516,4.375,0.2,0.5,0.5,0.44373713115536484,6.588869834127653e-06,0.556244815434794,1.1464540005340164e-05,53.79849129820055
1247,249.5663775850567,4.375,0.2,0.5,0.5,0.4437376394037348,6.5365336999640425e-06,0.5562444505921279,1.1373470435652347e-05,53.79849129820055
1248,249.7665110073382,4.375,0.2,0.5,0.5,0.4437381436137026,6.484612782781952e-06,0.5562440886479568,1.1283125556046271e-05,53.79849129820055
1249,249.96664442961975,4.375,0.2,0.5,0.5,0.44373864383229605,6.433102231691008e-06,0.5562437295685154,1.1193496955120571e-05,53.79849129820055
1250,250.16677785190126,4.375,0.2,0.5,0.5,0.44373914010654286,6.38199719580087e-06,0.5562433733200381,1.1104576221473923e-05,53.79849129820055
1251,250.36691127418277,4.375,0.2,0.5,0.5,0.44373963248347087,6.3312928242211705e-06,0.5562430198687595,1.1016354943704971e-05,53.79849129820055
1252,250.5670446964643,4.375,0.2,0.5,0.5,0.44374012101010785,6.280984266061545e-06,0.556242669180914,1.0928824710412357e-05,53.79849129820055
1253,250.76717811874582,4.375,0.2,0.5,0.5,0.44374060573348156,6.2310666704316505e-06,0.5562423212227361,1.0841977110194762e-05,53.79849129820055
1254,250.96731154102733,4.375,0.2,0.5,0.5,0.44374108670061985,6.181535186441122e-06,0.5562419759604603,1.0755803731650827e-05,53.79849129820055
1255,251.16744496330887,4.375,0.2,0.5,0.5,0.44374156395855047,6.132384963199593e-06,0.5562416333603212,1.0670296163379195e-05,53.79849129820055
1256,251.36757838559038,4.375,0.2,0.5,0.5,0.44374203755430125,6.08361114981672e-06,0.5562412933885532,1.0585445993978547e-05,53.79849129820055
1257,251.56771180787192,4.375,0.2,0.5,0.5,0.44374250753489997,6.035208895402133e-06,0.5562409560113909,1.050124481204751e-05,53.79849129820055
1258,251.76784523015343,4.375,0.2,0.5,0.5,0.4437429739473744,5.9871733490654865e-06,0.5562406211950687,1.0417684206184768e-05,53.79849129820055
1259,251.96797865243494,4.375,0.2,0.5,0.5,0.44374343676103245,5.9395077832424e-06,0.5562402889617019,1.0334769480749644e-05,53.79849129820055
1260,252.16811207471648,4.375,0.2,0.5,0.5,0.4437438958750643,5.892222799109295e-06,0.5562399593838206,1.025251831425156e-05,53.79849129820055
1261,252.368245496998,4.375,0.2,0.5,0.5,0.4437443513165442,5.845315631330589e-06,0.556239632442006,1.0170925816626394e-05,53.79849129820055
1262,252.5683789192795,4.375,0.2,0.5,0.5,0.44374480311514536,5.798783242935185e-06,0.5562393081149708,1.0089986639169356e-05,53.79849129820055
1263,252.76851234156103,4.375,0.2,0.5,0.5,0.4437452513005408,5.752622596951987e-06,0.5562389863814273,1.0009695433175653e-05,53.79849129820055
1264,252.96864576384255,4.375,0.2,0.5,0.5,0.44374569590240376,5.706830656409918e-06,0.5562386672200882,9.930046849940527e-06,53.79849129820055
1265,253.16877918612408,4.375,0.2,0.5,0.5,0.44374613695040727,5.661404384337874e-06,0.5562383506096659,9.851035540759174e-06,53.79849129820055
1266,253.3689126084056,4.375,0.2,0.5,0.5,0.4437465744742245,5.616340743764779e-06,0.556238036528873,9.772656156926835e-06,53.79849129820055
1267,253.5690460306871,4.375,0.2,0.5,0.5,0.4437470085035285,5.571636697719536e-06,0.5562377249564223,9.694903349738719e-06,53.79849129820055
1268,253.76917945296864,4.375,0.2,0.5,0.5,0.4437474390679925,5.527289209231049e-06,0.556237415871026,9.617771770490031e-06,53.79849129820055
1269,253.96931287525015,4.375,0.2,0.5,0.5,0.44374786619728956,5.48329524132824e-06,0.5562371092513968,9.541256070476014e-06,53.79849129820055
1270,254.16944629753166,4.375,0.2,0.5,0.5,0.44374828992109283,5.439651757040013e-06,0.5562368050762474,9.465350900991876e-06,53.79849129820055
1271,254.3695797198132,4.375,0.2,0.5,0.5,0.4437487102690755,5.396355719395272e-06,0.5562365033242901,9.390050913332823e-06,53.79849129820055
1272,254.5697131420947,4.375,0.2,0.5,0.5,0.4437491272709105,5.353404091422939e-06,0.5562362039742375,9.315350758794099e-06,53.79849129820055
1273,254.76984656437625,4.375,0.2,0.5,0.5,0.4437495409562711,5.310793836151912e-06,0.5562359070048022,9.241245088670897e-06,53.79849129820055
1274,254.96997998665776,4.375,0.2,0.5,0.5,0.4437499513548305,5.268521916611112e-06,0.5562356123946969,9.16772855425846e-06,53.79849129820055
1275,255.17011340893927,4.375,0.2,0.5,0.5,0.44375035849626165,5.226585295829445e-06,0.5562353201226339,9.094795806851997e-06,53.79849129820055
1276,255.3702468312208,4.375,0.2,0.5,0.5,0.4437507624102378,5.184980936835813e-06,0.5562350301673258,9.022441497746715e-06,53.79849129820055
1277,255.57038025350232,4.375,0.2,0.5,0.5,0.443751163126432,5.143705802659138e-06,0.5562347425074853,8.950660278237853e-06,53.79849129820055
1278,255.77051367578383,4.375,0.2,0.5,0.5,0.4437515606745174,5.102756856328326e-06,0.5562344571218248,8.87944679962062e-06,53.79849129820055
1279,255.97064709806537,4.375,0.2,0.5,0.5,0.44375195508416715,5.0621310608722786e-06,0.556234173989057,8.808795713190224e-06,53.79849129820055
1280,256.1707805203469,4.375,0.2,0.5,0.5,0.44375234638505434,5.021825379319914e-06,0.5562338930878943,8.738701670241897e-06,53.79849129820055
1281,256.3709139426284,4.375,0.2,0.5,0.5,0.4437527346068521,4.981836774700146e-06,0.5562336143970492,8.669159322070864e-06,53.79849129820055
1282,256.57104736490993,4.375,0.2,0.5,0.5,0.4437531197792336,4.942162210041879e-06,0.5562333378952345,8.600163319972337e-06,53.79849129820055
1283,256.77118078719144,4.375,0.2,0.5,0.5,0.4437535019298925,4.902798859515247e-06,0.5562330635625891,8.531708657099165e-06,53.79849129820055
1284,256.97131420947295,4.375,0.2,0.5,0.5,0.44375388103927615,4.863748937104441e-06,0.5562327914132983,8.463798486540366e-06,53.79849129820055
1285,257.1714476317545,4.375,0.2,0.5,0.5,0.44375425711155214,4.825012126536577e-06,0.5562325214444548,8.396431864659169e-06,53.79849129820055
1286,257.371581054036,4.375,0.2,0.5,0.5,0.44375463017072825,4.7865859951560575e-06,0.5562322536388535,8.329604421194794e-06,53.79849129820055
1287,257.57171447631754,4.375,0.2,0.5,0.5,0.4437550002408124,4.74846811030725e-06,0.5562319879792895,8.26331178588641e-06,53.79849129820055
1288,257.77184789859905,4.375,0.2,0.5,0.5,0.44375536734581245,4.710656039334536e-06,0.5562317244485578,8.197549588473202e-06,53.79849129820055
1289,257.97198132088056,4.375,0.2,0.5,0.5,0.44375573150973635,4.6731473495822936e-06,0.5562314630294535,8.132313458694356e-06,53.79849129820055
1290,258.1721147431621,4.375,0.2,0.5,0.5,0.4437560927565919,4.635939608394893e-06,0.5562312037047715,8.067599026289039e-06,53.79849129820055
1291,258.37224816544364,4.375,0.2,0.5,0.5,0.44375645111038703,4.5990303831167365e-06,0.556230946457307,8.003401920996472e-06,53.79849129820055
1292,258.57238158772515,4.375,0.2,0.5,0.5,0.4437568065951296,4.562417241092192e-06,0.5562306912698548,7.939717772555825e-06,53.79849129820055
1293,258.77251501000666,4.375,0.2,0.5,0.5,0.4437571592348275,4.52609774966564e-06,0.5562304381252102,7.876542210706281e-06,53.79849129820055
1294,258.97264843228817,4.375,0.2,0.5,0.5,0.44375750905348865,4.490069476181461e-06,0.5562301870061681,7.813870865187026e-06,53.79849129820055
1295,259.1727818545697,4.375,0.2,0.5,0.5,0.44375785607512086,4.454329987984034e-06,0.5562299378955236,7.751699365737247e-06,53.79849129820055
1296,259.37291527685124,4.375,0.2,0.5,0.5,0.4437582003237321,4.41887685241773e-06,0.5562296907760715,7.690023342096111e-06,53.79849129820055
1297,259.57304869913276,4.375,0.2,0.5,0.5,0.44375854182333013,4.383707636826948e-06,0.5562294456306072,7.6288384240028394e-06,53.79849129820055
1298,259.77318212141427,4.375,0.2,0.5,0.5,0.4437588805979229,4.348819908556058e-06,0.5562292024419254,7.5681402411966e-06,53.79849129820055
1299,259.9733155436958,4.375,0.2,0.5,0.5,0.4437592166715183,4.314211234949441e-06,0.5562289611928214,7.507924423416578e-06,53.79849129820055
1300,260.1734489659773,4.375,0.2,0.5,0.5,0.44375955006812423,4.279879183351476e-06,0.5562287218660901,7.448186600401959e-06,53.79849129820055
1301,260.37358238825885,4.375,0.2,0.5,0.5,0.44375988081174855,4.2458213211065345e-06,0.5562284844445265,7.388922401891913e-06,53.79849129820055
1302,260.57371581054036,4.375,0.2,0.5,0.5,0.4437602089263991,4.212035215559014e-06,0.5562282489109258,7.330127457625658e-06,53.79849129820055
1303,260.7738492328219,4.375,0.2,0.5,0.5,0.4437605344360838,4.1785184340532865e-06,0.556228015248083,7.2717973973423624e-06,53.79849129820055
1304,260.9739826551034,4.375,0.2,0.5,0.5,0.4437608573648105,4.145268543933731e-06,0.5562277834387929,7.213927850781213e-06,53.79849129820055
1305,261.1741160773849,4.375,0.2,0.5,0.5,0.4437611777365872,4.112283112544727e-06,0.5562275534658507,7.156514447681394e-06,53.79849129820055
1306,261.37424949966646,4.375,0.2,0.5,0.5,0.4437614955754216,4.0795597072306466e-06,0.5562273253120514,7.099552817782077e-06,53.79849129820055
1307,261.574382921948,4.375,0.2,0.5,0.5,0.44376181090532174,4.047095895335887e-06,0.5562270989601903,7.043038590822478e-06,53.79849129820055
1308,261.7745163442295,4.375,0.2,0.5,0.5,0.44376212374049206,4.014890206908699e-06,0.5562268744000648,6.986969234396827e-06,53.79849129820055
1309,261.974649766511,4.375,0.2,0.5,0.5,0.4437624340671701,3.982943918393221e-06,0.5562266516414506,6.931347459121321e-06,53.79849129820055
1310,262.1747831887925,4.375,0.2,0.5,0.5,0.44376274190218457,3.951255302148862e-06,0.5562264306722708,6.876170240647908e-06,53.79849129820055
1311,262.374916611074,4.375,0.2,0.5,0.5,0.44376304726561394,3.91982231138334e-06,0.5562262114781275,6.821433945350271e-06,53.79849129820055
1312,262.5750500333556,4.375,0.2,0.5,0.5,0.4437633501775369,3.888642899304363e-06,0.5562259940446224,6.767134939602076e-06,53.79849129820055
1313,262.7751834556371,4.375,0.2,0.5,0.5,0.4437636506580319,3.8577150191196645e-06,0.5562257783573574,6.713269589777035e-06,53.79849129820055
1314,262.9753168779186,4.375,0.2,0.5,0.5,0.4437639487271776,3.827036624036955e-06,0.5562255644019343,6.659834262248817e-06,53.79849129820055
1315,263.1754503002001,4.375,0.2,0.5,0.5,0.4437642444050526,3.7966056672639496e-06,0.556225352163955,6.6068253233911e-06,53.79849129820055
1316,263.3755837224816,4.375,0.2,0.5,0.5,0.4437645377117354,3.7664201020083665e-06,0.5562251416290211,6.554239139577569e-06,53.79849129820055
1317,263.5757171447632,4.375,0.2,0.5,0.5,0.44376482866730466,3.7364778814779136e-06,0.5562249327827349,6.50207207718189e-06,53.79849129820055
1318,263.7758505670447,4.375,0.2,0.5,0.5,0.4437651172918389,3.706776958880326e-06,0.5562247256106979,6.4503205025777755e-06,53.79849129820055
1319,263.9759839893262,4.375,0.2,0.5,0.5,0.44376540360541666,3.6773152874233115e-06,0.556224520098512,6.3989807821388905e-06,53.79849129820055
1320,264.1761174116077,4.375,0.2,0.5,0.5,0.44376568762811663,3.648090820314588e-06,0.556224316231779,6.348049282238918e-06,53.79849129820055
1321,264.37625083388923,4.375,0.2,0.5,0.5,0.44376596938001733,3.619101510761872e-06,0.5562241139961008,6.29752236925154e-06,53.79849129820055
1322,264.5763842561708,4.375,0.2,0.5,0.5,0.4437662488811973,3.5903453119728723e-06,0.5562239133770793,6.2473964095504246e-06,53.79849129820055
1323,264.7765176784523,4.375,0.2,0.5,0.5,0.4437665261517352,3.5618201771553227e-06,0.5562237143603164,6.1976677695092805e-06,53.79849129820055
1324,264.9766511007338,4.375,0.2,0.5,0.5,0.44376680121170947,3.533524059516932e-06,0.5562235169314137,6.148332815501777e-06,53.79849129820055
1325,265.17678452301533,4.375,0.2,0.5,0.5,0.44376707408119886,3.505454912265418e-06,0.5562233210759732,6.099387913901595e-06,53.79849129820055
1326,265.37691794529684,4.375,0.2,0.5,0.5,0.44376734478028185,3.477610688608497e-06,0.5562231267795966,6.050829431082417e-06,53.79849129820055
1327,265.57705136757835,4.375,0.2,0.5,0.5,0.443767613329037,3.449989341753886e-06,0.5562229340278859,6.002653733417924e-06,53.79849129820055
1328,265.7771847898599,4.375,0.2,0.5,0.5,0.443767879747543,3.422588824909295e-06,0.556222742806443,5.954857187281786e-06,53.79849129820055
1329,265.9773182121414,4.375,0.2,0.5,0.5,0.44376814405587833,3.395407091282457e-06,0.5562225531008695,5.90743615904771e-06,53.79849129820055
1330,266.17745163442294,4.375,0.2,0.5,0.5,0.44376840627412156,3.36844209408108e-06,0.5562223648967675,5.860387015089366e-06,53.79849129820055
1331,266.37758505670445,4.375,0.2,0.5,0.5,0.4437686664223513,3.341691786512882e-06,0.5562221781797385,5.8137061217804346e-06,53.79849129820055
1332,266.57771847898596,4.375,0.2,0.5,0.5,0.44376892452062583,3.315154124095627e-06,0.5562219929353995,5.767389848757603e-06,53.79849129820055
1333,266.7778519012675,4.375,0.2,0.5,0.5,0.443769180555313,3.288830892659164e-06,0.5562218091738165,5.721439976078693e-06,53.79849129820055
1334,266.97798532354904,4.375,0.2,0.5,0.5,0.4437694345135441,3.2627237912522965e-06,0.5562216269045016,5.6758581612209235e-06,53.79849129820055
1335,267.17811874583055,4.375,0.2,0.5,0.5,0.44376968641183084,3.236831178602406e-06,0.5562214461156454,5.630641343365648e-06,53.79849129820055
1336,267.37825216811206,4.375,0.2,0.5,0.5,0.443769936266685,3.21115141343688e-06,0.556221266795438,5.585786461694235e-06,53.79849129820055
1337,267.57838559039357,4.375,0.2,0.5,0.5,0.44377018409461827,3.1856828544831075e-06,0.55622108893207,5.541290455388052e-06,53.79849129820055
1338,267.77851901267513,4.375,0.2,0.5,0.5,0.4437704299121424,3.1604238604684694e-06,0.5562209125137316,5.497150263628453e-06,53.79849129820055
1339,267.97865243495664,4.375,0.2,0.5,0.5,0.44377067373576917,3.1353727901203687e-06,0.5562207375286132,5.4533628255968324e-06,53.79849129820055
1340,268.17878585723815,4.375,0.2,0.5,0.5,0.44377091558201026,3.1105280021661873e-06,0.5562205639649053,5.409925080474546e-06,53.79849129820055
1341,268.37891927951966,4.375,0.2,0.5,0.5,0.44377115546737744,3.0858878553333126e-06,0.5562203918107979,5.366833967442959e-06,53.79849129820055
1342,268.5790527018012,4.375,0.2,0.5,0.5,0.4437713934083825,3.0614507083491336e-06,0.5562202210544815,5.324086425683442e-06,53.79849129820055
1343,268.7791861240827,4.375,0.2,0.5,0.5,0.44377162942153714,3.0372149199410383e-06,0.5562200516841467,5.28167939437736e-06,53.79849129820055
1344,268.97931954636425,4.375,0.2,0.5,0.5,0.44377186352335307,3.0131788488364088e-06,0.5562198836879835,5.239609812706072e-06,53.79849129820055
1345,269.17945296864576,4.375,0.2,0.5,0.5,0.44377209573034204,2.989340853762647e-06,0.5562197170541824,5.197874619850967e-06,53.79849129820055
1346,269.3795863909273,4.375,0.2,0.5,0.5,0.44377232605901584,2.965699293447135e-06,0.5562195517709337,5.156470754993402e-06,53.79849129820055
1347,269.5797198132088,4.375,0.2,0.5,0.5,0.4437725545258862,2.9422525266172597e-06,0.5562193878264279,5.115395157314745e-06,53.79849129820055
1348,269.7798532354903,4.375,0.2,0.5,0.5,0.4437727811474649,2.9189989120004114e-06,0.5562192252088551,5.0746447659963625e-06,53.79849129820055
1349,269.97998665777186,4.375,0.2,0.5,0.5,0.44377300594026353,2.895936808323971e-06,0.556219063906406,5.0342165202196126e-06,53.79849129820055
1350,270.18012008005337,4.375,0.2,0.5,0.5,0.44377322892079396,2.87306457431534e-06,0.5562189039072706,4.994107359165885e-06,53.79849129820055
1351,270.3802535023349,4.375,0.2,0.5,0.5,0.4437734501055679,2.8503805687019007e-06,0.5562187451996394,4.954314222016536e-06,53.79849129820055
1352,270.5803869246164,4.375,0.2,0.5,0.5,0.44377366951109715,2.8278831502110414e-06,0.5562185877717027,4.914834047952934e-06,53.79849129820055
1353,270.7805203468979,4.375,0.2,0.5,0.5,0.4437738871538933,2.80557067757015e-06,0.556218431611651,4.875663776156446e-06,53.79849129820055
1354,270.98065376917947,4.375,0.2,0.5,0.5,0.44377410305046827,2.7834415095066096e-06,0.5562182767076744,4.836800345808429e-06,53.79849129820055
1355,271.180787191461,4.375,0.2,0.5,0.5,0.4437743172173337,2.7614940047478204e-06,0.5562181230479635,4.798240696090273e-06,53.79849129820055
1356,271.3809206137425,4.375,0.2,0.5,0.5,0.44377452967100134,2.739726522021165e-06,0.5562179706207084,4.759981766183335e-06,53.79849129820055
1357,271.581054036024,4.375,0.2,0.5,0.5,0.4437747404279829,2.718137420054032e-06,0.5562178194140998,4.722020495268982e-06,53.79849129820055
1358,271.7811874583055,4.375,0.2,0.5,0.5,0.44377494950479024,2.696725057573809e-06,0.5562176694163277,4.684353822528582e-06,53.79849129820055
1359,271.981320880587,4.375,0.2,0.5,0.5,0.44377515691793495,2.675487793307885e-06,0.5562175206155826,4.6469786871435035e-06,53.79849129820055
1360,272.1814543028686,4.375,0.2,0.5,0.5,0.4437753626839289,2.654423985983643e-06,0.5562173730000548,4.609892028295103e-06,53.79849129820055
1361,272.3815877251501,4.375,0.2,0.5,0.5,0.44377556681928376,2.6335319943284824e-06,0.5562172265579347,4.57309078516477e-06,53.79849129820055
1362,272.5817211474316,4.375,0.2,0.5,0.5,0.44377576934051133,2.612810177069786e-06,0.5562170812774127,4.536571896933861e-06,53.79849129820055
1363,272.7818545697131,4.375,0.2,0.5,0.5,0.44377597026412324,2.5922568929349423e-06,0.5562169371466791,4.500332302783744e-06,53.79849129820055
1364,272.98198799199463,4.375,0.2,0.5,0.5,0.44377616960663135,2.57187050065134e-06,0.5562167941539241,4.464368941895787e-06,53.79849129820055
1365,273.1821214142762,4.375,0.2,0.5,0.5,0.44377636738454734,2.5516493589463615e-06,0.5562166522873383,4.428678753451348e-06,53.79849129820055
1366,273.3822548365577,4.375,0.2,0.5,0.5,0.443776563614383,2.5315918265474067e-06,0.5562165115351119,4.393258676631814e-06,53.79849129820055
1367,273.5823882588392,4.375,0.2,0.5,0.5,0.44377675831265,2.5116962621818586e-06,0.5562163718854353,4.358105650618544e-06,53.79849129820055
1368,273.7825216811207,4.375,0.2,0.5,0.5,0.4437769515082933,2.491953944276856e-06,0.5562162333133126,4.32322444792737e-06,53.79849129820055
1369,273.98265510340224,4.375,0.2,0.5,0.5,0.44377714326070705,2.4723388114954553e-06,0.5562160957614546,4.288639025030526e-06,53.79849129820055
1370,274.1827885256838,4.375,0.2,0.5,0.5,0.4437773336000703,2.4528414394304513e-06,0.5562159592035564,4.254354932029002e-06,53.79849129820055
1371,274.3829219479653,4.375,0.2,0.5,0.5,0.44377752255419367,2.43345375254959e-06,0.5562158236158252,4.220376226687589e-06,53.79849129820055
1372,274.5830553702468,4.375,0.2,0.5,0.5,0.44377771015088746,2.4141676753206005e-06,0.5562156889744686,4.186706966771051e-06,53.79849129820055
1373,274.78318879252834,4.375,0.2,0.5,0.5,0.44377789641796234,2.3949751322112173e-06,0.5562155552556936,4.153351210044157e-06,53.79849129820055
1374,274.98332221480985,4.375,0.2,0.5,0.5,0.44377808138322866,2.375868047689175e-06,0.5562154224357075,4.120313014271681e-06,53.79849129820055
1375,275.18345563709136,4.375,0.2,0.5,0.5,0.44377826507449697,2.3568383462222085e-06,0.5562152904907177,4.087596437218395e-06,53.79849129820055
1376,275.3835890593729,4.375,0.2,0.5,0.5,0.44377844751957773,2.3378779522780464e-06,0.5562151593969316,4.055205536649061e-06,53.79849129820055
1377,275.58372248165443,4.375,0.2,0.5,0.5,0.4437786286855298,2.319002583031184e-06,0.556215029187051,4.023124834269961e-06,53.79849129820055
1378,275.78385590393594,4.375,0.2,0.5,0.5,0.44377880847576434,2.3002528826454457e-06,0.5562148999529668,3.991318384375714e-06,53.79849129820055
1379,275.98398932621745,4.375,0.2,0.5,0.5,0.44377898688100076,2.2816353018458623e-06,0.5562147717053783,3.959778317302431e-06,53.79849129820055
1380,276.18412274849896,4.375,0.2,0.5,0.5,0.44377916389361033,2.2631556444910515e-06,0.5562146444534487,3.928497294524614e-06,53.79849129820055
1381,276.38425617078053,4.375,0.2,0.5,0.5,0.44377933950596443,2.244819714439627e-06,0.5562145182063417,3.897467977516753e-06,53.79849129820055
1382,276.58438959306204,4.375,0.2,0.5,0.5,0.44377951371043417,2.226633315550216e-06,0.5562143929732206,3.866683027753368e-06,53.79849129820055
1383,276.78452301534355,4.375,0.2,0.5,0.5,0.4437796864993909,2.2086022516814322e-06,0.5562142687632488,3.83613510670895e-06,53.79849129820055
1384,276.98465643762506,4.375,0.2,0.5,0.5,0.4437798578652058,2.190732326691893e-06,0.5562141455855897,3.8058168758580003e-06,53.79849129820055
1385,277.1847898599066,4.375,0.2,0.5,0.5,0.4437800278002583,2.1730293412160093e-06,0.5562140234493992,3.775720999360549e-06,53.79849129820055
1386,277.38492328218814,4.375,0.2,0.5,0.5,0.44378019632046267,2.1554897577501954e-06,0.5562139023418583,3.7458479193485588e-06,53.79849129820055
1387,277.58505670446965,4.375,0.2,0.5,0.5,0.4437803634464545,2.1381081654671215e-06,0.5562137822457399,3.716199638292905e-06,53.79849129820055
1388,277.78519012675116,4.375,0.2,0.5,0.5,0.44378052918013555,2.120886586708921e-06,0.5562136631613085,3.6867719673890592e-06,53.79849129820055
1389,277.98532354903267,4.375,0.2,0.5,0.5,0.4437806935234076,2.1038270438177333e-06,0.5562135450888288,3.6575607178325005e-06,53.79849129820055
1390,278.1854569713142,4.375,0.2,0.5,0.5,0.4437808564781725,2.086931559135696e-06,0.5562134280285657,3.628561700818709e-06,53.79849129820055
1391,278.3855903935957,4.375,0.2,0.5,0.5,0.443781018046332,2.070202155004949e-06,0.5562133119807835,3.599770727543164e-06,53.79849129820055
1392,278.58572381587726,4.375,0.2,0.5,0.5,0.443781178229788,2.053640853767626e-06,0.5562131969457471,3.571183609201338e-06,53.79849129820055
1393,278.78585723815877,4.375,0.2,0.5,0.5,0.4437813370304422,2.0372496777658756e-06,0.5562130829237211,3.5427961569887257e-06,53.79849129820055
1394,278.9859906604403,4.375,0.2,0.5,0.5,0.44378149658851657,2.0205462940679765e-06,0.5562129681858882,3.5146792992205542e-06,53.79849129820055
1395,279.1861240827218,4.375,0.2,0.5,0.5,0.4437816520296351,2.004629103780148e-06,0.5562128566695606,3.486671698553469e-06,53.79849129820055
1396,279.3862575050033,4.375,0.2,0.5,0.5,0.44378180634561576,1.98881731370914e-06,0.5562127459532181,3.4588838504744957e-06,53.79849129820055
1397,279.58639092728487,4.375,0.2,0.5,0.5,0.4437819595364585,1.97311092385495e-06,0.5562126360368607,3.4313157549836257e-06,53.79849129820055
1398,279.7865243495664,4.375,0.2,0.5,0.5,0.44378211160216335,1.9575099342175847e-06,0.5562125269204884,3.403967412080876e-06,53.79849129820055
1399,279.9866577718479,4.375,0.2,0.5,0.5,0.44378226254273034,1.9420143447970412e-06,0.5562124186041011,3.376838821766237e-06,53.79849129820055
1400,280.1867911941294,4.375,0.2,0.5,0.5,0.4437824123581594,1.9266241555933186e-06,0.556212311087699,3.3499299840397104e-06,53.79849129820055
1401,280.3869246164109,4.375,0.2,0.5,0.5,0.44378256104845065,1.9113393666064172e-06,0.5562122043712818,3.3232408989012953e-06,53.79849129820055
1402,280.5870580386925,4.375,0.2,0.5,0.5,0.44378270861360397,1.8961599778363332e-06,0.5562120984548499,3.2967715663509845e-06,53.79849129820055
1403,280.787191460974,4.375,0.2,0.5,0.5,0.44378285505419784,1.8810861073394067e-06,0.5562119933381181,3.270521574631545e-06,53.79849129820055
1404,280.9873248832555,4.375,0.2,0.5,0.5,0.44378300037706464,1.8661191495677854e-06,0.5562118890177236,3.2444860601683477e-06,53.79849129820055
1405,281.187458305537,4.375,0.2,0.5,0.5,0.44378314458418106,1.8512595079596866e-06,0.556211785492693,3.218663615848304e-06,53.79849129820055
1406,281.3875917278185,4.375,0.2,0.5,0.5,0.44378328767554714,1.8365071825151099e-06,0.5562116827630266,3.193054241671415e-06,53.79849129820055
1407,281.5877251501,4.375,0.2,0.5,0.5,0.44378342965116285,1.8218621732340555e-06,0.5562115808287241,3.16765793763768e-06,53.79849129820055
1408,281.7878585723816,4.375,0.2,0.5,0.5,0.4437835705114402,1.8073249692865507e-06,0.5562114796898807,3.1424737077153545e-06,53.79849129820055
1409,281.9879919946631,4.375,0.2,0.5,0.5,0.44378371026166225,1.7929018435450261e-06,0.5562113793477129,3.117488779290399e-06,53.79849129820055
1410,282.1881254169446,4.375,0.2,0.5,0.5,0.4437838489034406,1.7785947096403228e-06,0.5562112798025918,3.092699255891368e-06,53.79849129820055
1411,282.3882588392261,4.375,0.2,0.5,0.5,0.4437839864367753,1.764403567572441e-06,0.5562111810545175,3.068105137518261e-06,53.79849129820055
1412,282.58839226150764,4.375,0.2,0.5,0.5,0.4437841228616664,1.750328417341381e-06,0.55621108310349,3.0437064241710784e-06,53.79849129820055
1413,282.7885256837892,4.375,0.2,0.5,0.5,0.4437842581803307,1.7363690323737951e-06,0.5562109859479192,3.019502715646728e-06,53.79849129820055
1414,282.9886591060707,4.375,0.2,0.5,0.5,0.4437843924237382,1.7225222474890291e-06,0.556210889565591,2.995488421194573e-06,53.79849129820055
1415,283.1887925283522,4.375,0.2,0.5,0.5,0.44378452560184733,1.708787044913975e-06,0.5562107939493625,2.9716617430923745e-06,53.79849129820055
1416,283.38892595063373,4.375,0.2,0.5,0.5,0.4437846577146581,1.6951634246486332e-06,0.5562106990992337,2.948022681340133e-06,53.79849129820055
1417,283.58905937291524,4.375,0.2,0.5,0.5,0.4437847887621705,1.6816513866930034e-06,0.5562106050152047,2.9245712359378483e-06,53.79849129820055
1418,283.7891927951968,4.375,0.2,0.5,0.5,0.44378491874650816,1.6682506678557411e-06,0.5562105116957182,2.9013071035808737e-06,53.79849129820055
1419,283.9893262174783,4.375,0.2,0.5,0.5,0.44378504770011373,1.654957247422602e-06,0.5562104191169859,2.8782256507532134e-06,53.79849129820055
1420,284.18945963975983,4.375,0.2,0.5,0.5,0.44378517563397973,1.6417697630531668e-06,0.5562103272709475,2.855325307478551e-06,53.79849129820055
1421,284.38959306204134,4.375,0.2,0.5,0.5,0.44378530254810616,1.6286882147474358e-06,0.5562102361576031,2.832606073756887e-06,53.79849129820055
1422,284.58972648432285,4.375,0.2,0.5,0.5,0.443785428442493,1.615712602505409e-06,0.5562101457769527,2.8100679495882213e-06,53.79849129820055
1423,284.7898599066044,4.375,0.2,0.5,0.5,0.4437855533184177,1.602842783471486e-06,0.5562100561280708,2.7877107257115782e-06,53.79849129820055
1424,284.98999332888593,4.375,0.2,0.5,0.5,0.44378567720452183,1.5900755546030323e-06,0.5562099671902111,2.765529710173542e-06,53.79849129820055
1425,285.19012675116744,4.375,0.2,0.5,0.5,0.4437858001126262,1.5774095939672675e-06,0.556209878954811,2.743522966550612e-06,53.79849129820055
1426,285.39026017344895,4.375,0.2,0.5,0.5,0.4437859220427307,1.5648449015641919e-06,0.5562097914218707,2.7216904948427878e-06,53.79849129820055
1427,285.59039359573046,4.375,0.2,0.5,0.5,0.4437860429948355,1.5523814773938055e-06,0.5562097045913899,2.7000322950500706e-06,53.79849129820055
1428,285.79052701801197,4.375,0.2,0.5,0.5,0.4437861628200859,1.5400352834370733e-06,0.5562096185706886,2.678573939708277e-06,53.79849129820055
1429,285.99066044029354,4.375,0.2,0.5,0.5,0.44378628191783787,1.5277634959303798e-06,0.5562095330718426,2.657246821278575e-06,53.79849129820055
1430,286.19079386257505,4.375,0.2,0.5,0.5,0.44378640004684017,1.5155919847366644e-06,0.5562094482687872,2.6360923856189734e-06,53.79849129820055
1431,286.39092728485656,4.375,0.2,0.5,0.5,0.4437865172148696,1.5035199159429239e-06,0.5562093641559154,2.6151092967254892e-06,53.79849129820055
1432,286.59106070713807,4.375,0.2,0.5,0.5,0.44378663342970287,1.4915464556361587e-06,0.5562092807276205,2.5942962185941457e-06,53.79849129820055
1433,286.7911941294196,4.375,0.2,0.5,0.5,0.44378674869913354,1.479670767892422e-06,0.5562091979782836,2.5736518126894977e-06,53.79849129820055
1434,286.99132755170115,4.375,0.2,0.5,0.5,0.4437868630321565,1.4678918731802863e-06,0.5562091159014084,2.553174559696805e-06,53.79849129820055
1435,287.19146097398266,4.375,0.2,0.5,0.5,0.44378697643737974,1.456208838219964e-06,0.5562090344907812,2.5328629985248917e-06,53.79849129820055
1436,287.39159439626417,4.375,0.2,0.5,0.5,0.4437870889226923,1.444620815689013e-06,0.5562089537407134,2.512715776289394e-06,53.79849129820055
1437,287.5917278185457,4.375,0.2,0.5,0.5,0.443787200495983,1.4331269582649939e-06,0.5562088736455163,2.492731540105954e-06,53.79849129820055
1438,287.7918612408272,4.375,0.2,0.5,0.5,0.4437873111651408,1.421726418625468e-06,0.5562087941995012,2.472908937090212e-06,53.79849129820055
1439,287.99199466310876,4.375,0.2,0.5,0.5,0.4437874209380545,1.410418349447993e-06,0.5562087153969794,2.453246614357806e-06,53.79849129820055
1440,288.19212808539027,4.375,0.2,0.5,0.5,0.443787529822613,1.3992019034101362e-06,0.5562086372322622,2.433743219024388e-06,53.79849129820055
1441,288.3922615076718,4.375,0.2,0.5,0.5,0.4437876378267053,1.3880762331894554e-06,0.556208559699661,2.414397398205594e-06,53.79849129820055
1442,288.5923949299533,4.375,0.2,0.5,0.5,0.4437877449582201,1.3770404914635118e-06,0.5562084827934871,2.3952077990170664e-06,53.79849129820055
1443,288.7925283522348,4.375,0.2,0.5,0.5,0.4437878512250465,1.3660938309098663e-06,0.5562084065080517,2.3761730685744462e-06,53.79849129820055
1444,288.9926617745163,4.375,0.2,0.5,0.5,0.44378795663507326,1.3552354042060796e-06,0.5562083308376662,2.3572918539933755e-06,53.79849129820055
1445,289.1927951967979,4.375,0.2,0.5,0.5,0.44378806119618935,1.34446436402971e-06,0.5562082557766419,2.3385628023894906e-06,53.79849129820055
1446,289.3929286190794,4.375,0.2,0.5,0.5,0.44378816491628365,1.3337798630583243e-06,0.5562081813192901,2.3199845608784444e-06,53.79849129820055
1447,289.5930620413609,4.375,0.2,0.5,0.5,0.443788267803245,1.323181053969481e-06,0.5562081074599221,2.301555776575873e-06,53.79849129820055
1448,289.7931954636424,4.375,0.2,0.5,0.5,0.44378836986496234,1.3126670894407401e-06,0.5562080341928493,2.2832750965974175e-06,53.79849129820055
1449,289.9933288859239,4.375,0.2,0.5,0.5,0.4437884711093245,1.3022371221496637e-06,0.5562079615123829,2.2651411680587205e-06,53.79849129820055
1450,290.1934623082055,4.375,0.2,0.5,0.5,0.4437885715442205,1.291890304773809e-06,0.5562078894128343,2.2471526380754187e-06,53.79849129820055
1451,290.393595730487,4.375,0.2,0.5,0.5,0.4437886711775391,1.2816257899907433e-06,0.5562078178885147,2.2293081537631638e-06,53.79849129820055
1452,290.5937291527685,4.375,0.2,0.5,0.5,0.4437887700171693,1.2714427304780245e-06,0.5562077469337355,2.211606362237592e-06,53.79849129820055
1453,290.79386257505,4.375,0.2,0.5,0.5,0.443788868071,1.2613402789132136e-06,0.5562076765428081,2.1940459106143458e-06,53.79849129820055
1454,290.9939959973315,4.375,0.2,0.5,0.5,0.44378896534692,1.2513175879738716e-06,0.5562076067100437,2.1766254460090665e-06,53.79849129820055
1455,291.1941294196131,4.375,0.2,0.5,0.5,0.4437890618528182,1.2413738103375568e-06,0.5562075374297536,2.159343615537391e-06,53.79849129820055
1456,291.3942628418946,4.375,0.2,0.5,0.5,0.44378915759658355,1.2315080986818356e-06,0.556207468696249,2.1421990663149707e-06,53.79849129820055
1457,291.5943962641761,4.375,0.2,0.5,0.5,0.4437892525861049,1.2217196056842664e-06,0.5562074005038415,2.125190445457443e-06,53.79849129820055
1458,291.7945296864576,4.375,0.2,0.5,0.5,0.4437893468292712,1.21200748402241e-06,0.5562073328468423,2.108316400080449e-06,53.79849129820055
1459,291.99466310873913,4.375,0.2,0.5,0.5,0.4437894403339713,1.2023708863738276e-06,0.5562072657195626,2.091575577299631e-06,53.79849129820055
1460,292.19479653102064,4.375,0.2,0.5,0.5,0.4437895331080941,1.1928089654160798e-06,0.5562071991163139,2.0749666242306302e-06,53.79849129820055
1461,292.3949299533022,4.375,0.2,0.5,0.5,0.44378962515952847,1.1833208738267253e-06,0.5562071330314072,2.058488187989084e-06,53.79849129820055
1462,292.5950633755837,4.375,0.2,0.5,0.5,0.4437897164961634,1.1739057642833302e-06,0.5562070674591542,2.0421389156906437e-06,53.79849129820055
1463,292.79519679786523,4.375,0.2,0.5,0.5,0.44378980712588767,1.164562789463453e-06,0.556207002393866,2.025917454450946e-06,53.79849129820055
1464,292.99533022014674,4.375,0.2,0.5,0.5,0.4437898970565902,1.1552911020446546e-06,0.5562069378298539,2.009822451385633e-06,53.79849129820055
1465,293.19546364242825,4.375,0.2,0.5,0.5,0.44378998629615996,1.1460898547044961e-06,0.5562068737614293,1.993852553610346e-06,53.79849129820055
1466,293.3955970647098,4.375,0.2,0.5,0.5,0.4437900748524857,1.1369582001205356e-06,0.5562068101829034,1.9780064082407224e-06,53.79849129820055
1467,293.59573048699133,4.375,0.2,0.5,0.5,0.4437901627334565,1.1278952909703397e-06,0.5562067470885876,1.9622826623924133e-06,53.79849129820055
1468,293.79586390927284,4.375,0.2,0.5,0.5,0.44379024959932295,1.1189437802967127e-06,0.5562066847280042,1.9467288901093332e-06,53.79849129820055
1469,293.99599733155435,4.375,0.2,0.5,0.5,0.44379033549012065,1.1100987982299615e-06,0.5562066230718645,1.9313392141570422e-06,53.79849129820055
1470,294.19613075383586,4.375,0.2,0.5,0.5,0.44379042068022184,1.101326152083888e-06,0.5562065619188471,1.9160747765357256e-06,53.79849129820055
1471,294.3962641761174,4.375,0.2,0.5,0.5,0.44379050517630686,1.092625145749406e-06,0.5562065012641505,1.9009343944378679e-06,53.79849129820055
1472,294.59639759839894,4.375,0.2,0.5,0.5,0.44379058898505624,1.083995083117437e-06,0.5562064411029731,1.8859168850559675e-06,53.79849129820055
1473,294.79653102068045,4.375,0.2,0.5,0.5,0.44379067211315043,1.0754352680788951e-06,0.5562063814305135,1.8710210655825095e-06,53.79849129820055
1474,294.99666444296196,4.375,0.2,0.5,0.5,0.4437907545672699,1.0669450045246966e-06,0.5562063222419699,1.8562457532099832e-06,53.79849129820055
1475,295.19679786524347,4.375,0.2,0.5,0.5,0.44379083635409505,1.058523596345758e-06,0.556206263532541,1.8415897651308788e-06,53.79849129820055
1476,295.396931287525,4.375,0.2,0.5,0.5,0.44379091748030636,1.0501703474329956e-06,0.5562062052974253,1.8270519185376848e-06,53.79849129820055
1477,295.59706470980655,4.375,0.2,0.5,0.5,0.44379099795258425,1.0418845616773237e-06,0.556206147531821,1.8126310306228872e-06,53.79849129820055
1478,295.79719813208806,4.375,0.2,0.5,0.5,0.4437910777776093,1.0336655429696635e-06,0.5562060902309267,1.7983259185789839e-06,53.79849129820055
1479,295.99733155436957,4.375,0.2,0.5,0.5,0.4437911569620618,1.025512595200929e-06,0.5562060333899409,1.7841353995984599e-06,53.79849129820055
1480,296.1974649766511,4.375,0.2,0.5,0.5,0.4437912355126223,1.0174250222620365e-06,0.5562059770040622,1.7700582908738048e-06,53.79849129820055
1481,296.3975983989326,4.375,0.2,0.5,0.5,0.4437913134359712,1.0094021280439027e-06,0.5562059210684887,1.7560934095975082e-06,53.79849129820055
1482,296.59773182121415,4.375,0.2,0.5,0.5,0.4437913907387891,1.0014432164374416e-06,0.5562058655784191,1.7422395729620556e-06,53.79849129820055
1483,296.79786524349566,4.375,0.2,0.5,0.5,0.44379146742775627,9.935475913335743e-07,0.5562058105290518,1.7284955981599444e-06,53.79849129820055
1484,296.9979986657772,4.375,0.2,0.5,0.5,0.44379154350955324,9.85714556623215e-07,0.5562057559155853,1.71486030238366e-06,53.79849129820055
1485,297.1981320880587,4.375,0.2,0.5,0.5,0.4437916189908605,9.7794341619728e-07,0.556205701733218,1.7013325028256922e-06,53.79849129820055
1486,297.3982655103402,4.375,0.2,0.5,0.5,0.44379169387835843,9.70233473946686e-07,0.5562056479771486,1.6879110166785303e-06,53.79849129820055
1487,297.59839893262176,4.375,0.2,0.5,0.5,0.44379176817872756,9.62584033762347e-07,0.5562055946425751,1.67459466113466e-06,53.79849129820055
1488,297.7985323549033,4.375,0.2,0.5,0.5,0.4437918418986483,9.54994399535184e-07,0.5562055417246964,1.6613822533865784e-06,53.79849129820055
1489,297.9986657771848,4.375,0.2,0.5,0.5,0.4437919150448011,9.474638751561111e-07,0.5562054892187107,1.6482726106267715e-06,53.79849129820055
1490,298.1987991994663,4.375,0.2,0.5,0.5,0.4437919876238664,9.39991764516045e-07,0.5562054371198166,1.6352645500477284e-06,53.79849129820055
1491,298.3989326217478,4.375,0.2,0.5,0.5,0.44379205964252477,9.325773715059018e-07,0.5562053854232125,1.622356888841939e-06,53.79849129820055
1492,298.5990660440293,4.375,0.2,0.5,0.5,0.4437921311074565,9.252200000165983e-07,0.5562053341240969,1.6095484442018922e-06,53.79849129820055
1493,298.7991994663109,4.375,0.2,0.5,0.5,0.4437922020253422,9.179189539390486e-07,0.5562052832176682,1.5968380333200744e-06,53.79849129820055
1494,298.9993328885924,4.375,0.2,0.5,0.5,0.4437922724028622,9.106735371641736e-07,0.5562052326991248,1.5842244733889823e-06,53.79849129820055
1495,299.1994663108739,4.375,0.2,0.5,0.5,0.443792342246697,9.034830535828875e-07,0.5562051825636654,1.5717065816011016e-06,53.79849129820055
1496,299.3995997331554,4.375,0.2,0.5,0.5,0.44379241156352706,8.963468070861066e-07,0.5562051328064883,1.5592831751489218e-06,53.79849129820055
1497,299.5997331554369,4.375,0.2,0.5,0.5,0.4437924803600329,8.892641015647476e-07,0.556205083422792,1.5469530712249324e-06,53.79849129820055
1498,299.7998665777185,4.375,0.2,0.5,0.5,0.44379254864289486,8.822342409097248e-07,0.5562050344077748,1.5347150870216198e-06,53.79849129820055
1499,300.0,4.375,0.2,0.5,0.5,0.4437926164187934,8.752565290119588e-07,0.5562049857566355,1.5225680397314801e-06,53.79849129820055
