,time,beta,alpha,sigma_D,sigma_C,S_c,S_d,I_c,I_d,R0
0,0.0,0.125,0.2,0.5,0.5,0.2499,0.7497,0.0001,0.0003,2.218184627065732
1,0.200133422281521,0.125,0.2,0.5,0.5,0.24247571408333649,0.7571294332559501,9.869027508203681e-05,0.00029616238563168114,2.218184627065732
2,0.400266844563042,0.125,0.2,0.5,0.5,0.23520278442009207,0.7644073982598845,9.736445802310455e-05,0.0002924528620006081,2.218184627065732
3,0.600400266844563,0.125,0.2,0.5,0.5,0.2280823137036193,0.7715327948904326,9.602462305287081e-05,0.00028886678289543976,2.218184627065732
4,0.800533689126084,0.125,0.2,0.5,0.5,0.22111506971830197,0.7785048578008059,9.467267916300846e-05,0.0002853998017294094,2.218184627065732
5,1.0006671114076051,0.125,0.2,0.5,0.5,0.21430156165321954,0.7853230802185615,9.331046990291084e-05,0.0002820476583163905,2.218184627065732
6,1.200800533689126,0.125,0.2,0.5,0.5,0.20764203424234828,0.7919872197839721,9.193975631462279e-05,0.00027880621736523376,2.218184627065732
7,1.400933955970647,0.125,0.2,0.5,0.5,0.20113647975343418,0.7984972865615502,9.056221966661409e-05,0.0002756714653493946,2.218184627065732
8,1.601067378252168,0.125,0.2,0.5,0.5,0.19478463687189346,0.8048535441537527,8.91794594764219e-05,0.0002726395148777462,2.218184627065732
9,1.801200800533689,0.125,0.2,0.5,0.5,0.1885860259134389,0.8110564744916855,8.77930026690252e-05,0.00026970659220690145,2.218184627065732
10,2.0013342228152102,0.125,0.2,0.5,0.5,0.18253995496438333,0.8171067716949968,8.640430474124294e-05,0.00026686903587892297,2.218184627065732
11,2.201467645096731,0.125,0.2,0.5,0.5,0.17664552741933648,0.8230053345324595,8.501474907068007e-05,0.0002641232991336428,2.218184627065732
12,2.401601067378252,0.125,0.2,0.5,0.5,0.1709016489465147,0.8287532594574728,8.36256488230563e-05,0.00026146594718979237,2.218184627065732
13,2.601734489659773,0.125,0.2,0.5,0.5,0.16530704906217375,0.8343518190339398,8.223825055838197e-05,0.00025889365332835073,2.218184627065732
14,2.801867911941294,0.125,0.2,0.5,0.5,0.159860292522273,0.8398024505449916,8.085373598736999e-05,0.0002564031967484193,2.218184627065732
15,3.002001334222815,0.125,0.2,0.5,0.5,0.15455978234492268,0.8451067529705264,7.947322251125821e-05,0.0002539914620399404,2.218184627065732
16,3.202134756504336,0.125,0.2,0.5,0.5,0.14940376954184723,0.8502664772559476,7.809776480941906e-05,0.0002516554373960615,2.218184627065732
17,3.402268178785857,0.125,0.2,0.5,0.5,0.14439038314508604,0.8552834962865656,7.672835945077926e-05,0.0002493922088979008,2.218184627065732
18,3.602401601067378,0.125,0.2,0.5,0.5,0.13951764215108045,0.8601597929433566,7.536594706319976e-05,0.0002471989585000881,2.218184627065732
19,3.802535023348899,0.125,0.2,0.5,0.5,0.13478346270276928,0.8648974529213624,7.401141352844447e-05,0.00024507296234038147,2.218184627065732
20,4.0026684456304205,0.125,0.2,0.5,0.5,0.1301856387029217,0.8694986841170342,7.266558695519336e-05,0.00024301159308942402,2.218184627065732
21,4.202801867911941,0.125,0.2,0.5,0.5,0.12572187936179513,0.8739657790808295,7.132924373194021e-05,0.00024101231364395787,2.218184627065732
22,4.402935290193462,0.125,0.2,0.5,0.5,0.1213898243799321,0.8783010998348189,7.000311119566022e-05,0.0002390726740539183,2.218184627065732
23,4.603068712474983,0.125,0.2,0.5,0.5,0.11718704872298433,0.8825070730983321,6.868786842216368e-05,0.00023719031026194897,2.218184627065732
24,4.803202134756504,0.125,0.2,0.5,0.5,0.11311106603715297,0.8865861868732421,6.73841471977379e-05,0.0002353629424077512,2.218184627065732
25,5.003335557038025,0.125,0.2,0.5,0.5,0.10915933981375261,0.8905409792798697,6.609253397316407e-05,0.0002335883724050357,2.218184627065732
26,5.203468979319546,0.125,0.2,0.5,0.5,0.10532929397151791,0.8943740279751434,6.481357188800407e-05,0.00023186448145126517,2.218184627065732
27,5.403602401601067,0.125,0.2,0.5,0.5,0.10161831905968767,0.8980879439501429,6.354776231353386e-05,0.0002301892278565716,2.218184627065732
28,5.603735823882588,0.125,0.2,0.5,0.5,0.09802378190682834,0.9016853618817546,6.22955665037564e-05,0.00022856064491380071,2.218184627065732
29,5.803869246164109,0.125,0.2,0.5,0.5,0.09454302976246504,0.9051689359916628,6.10574069763921e-05,0.00022697683889635702,2.218184627065732
30,6.00400266844563,0.125,0.2,0.5,0.5,0.09117340044312856,0.9085413299008132,5.9833669334137094e-05,0.00022543598672467342,2.218184627065732
31,6.204136090727151,0.125,0.2,0.5,0.5,0.08791222531369103,0.9118052136487231,5.8624703590362255e-05,0.00022393633399606558,2.218184627065732
32,6.404269513008672,0.125,0.2,0.5,0.5,0.08475683761340824,0.9149632553679748,5.743082582732319e-05,0.0002224761927901171,2.218184627065732
33,6.604402935290193,0.125,0.2,0.5,0.5,0.08170457526734606,0.9180181184733773,5.6252319446058354e-05,0.00022105393983101154,2.218184627065732
34,6.804536357571714,0.125,0.2,0.5,0.5,0.07875278797850783,0.9209724545704129,5.5089436765950366e-05,0.0002196680143138358,2.218184627065732
35,7.004669779853235,0.125,0.2,0.5,0.5,0.0758988444231837,0.9238288962604588,5.39424006296615e-05,0.00021831691572835962,2.218184627065732
36,7.204803202134756,0.125,0.2,0.5,0.5,0.07314013509302641,0.9265900542993073,5.2811405661961555e-05,0.0002169992020049191,2.218184627065732
37,7.404936624416277,0.125,0.2,0.5,0.5,0.07047406978806123,0.9292585201047393,5.1696619042113185e-05,0.00021571348815799918,2.218184627065732
38,7.605070046697798,0.125,0.2,0.5,0.5,0.06789808614669551,0.931836857227139,5.059818229928409e-05,0.00021445844386691244,2.218184627065732
39,7.805203468979319,0.125,0.2,0.5,0.5,0.06540965058155648,0.9343276004142717,4.9516212429983114e-05,0.0002132327917426062,2.218184627065732
40,8.005336891260841,0.125,0.2,0.5,0.5,0.06300626410147263,0.9367332497897486,4.845080320760814e-05,0.00021203530557184423,2.218184627065732
41,8.205470313542362,0.125,0.2,0.5,0.5,0.06068546996758803,0.9390562631972998,4.7402026569613715e-05,0.000210864808543192,2.218184627065732
42,8.405603735823883,0.125,0.2,0.5,0.5,0.058444845395355764,0.9412990644996975,4.636993334282029e-05,0.0002097201716046431,2.218184627065732
43,8.605737158105404,0.125,0.2,0.5,0.5,0.05628200655257931,0.9434640385811622,4.535455447843934e-05,0.0002086003117807623,2.218184627065732
44,8.805870580386925,0.125,0.2,0.5,0.5,0.05419461471572582,0.9455535251915038,4.435590228604957e-05,0.00020750419048509198,2.218184627065732
45,9.006004002668446,0.125,0.2,0.5,0.5,0.05218037555123415,0.947569819665411,4.337397140019864e-05,0.000206430811955486,2.218184627065732
46,9.206137424949967,0.125,0.2,0.5,0.5,0.05023703821750597,0.9495151738210522,4.240873971594686e-05,0.00020537922172675233,2.218184627065732
47,9.406270847231488,0.125,0.2,0.5,0.5,0.048362397625700854,0.9513917936997872,4.1460169409498595e-05,0.00020434850510328502,2.218184627065732
48,9.606404269513009,0.125,0.2,0.5,0.5,0.046554297193051965,0.9532018368133158,4.052820794369982e-05,0.00020333778568924177,2.218184627065732
49,9.80653769179453,0.125,0.2,0.5,0.5,0.044810627229066806,0.9549474137580721,3.961278891065673e-05,0.0002023462239511362,2.218184627065732
50,10.00667111407605,0.125,0.2,0.5,0.5,0.04312932548342049,0.9566305876678404,3.871383291612757e-05,0.00020137301582366966,2.218184627065732
51,10.206804536357572,0.125,0.2,0.5,0.5,0.04150837852972543,0.9582533728304502,3.783124839840409e-05,0.0002004173914267246,2.218184627065732
52,10.406937958639093,0.125,0.2,0.5,0.5,0.039945823109617876,0.9598177333441396,3.696493239918826e-05,0.00019947861384411045,2.218184627065732
53,10.607071380920614,0.125,0.2,0.5,0.5,0.03843974374517233,0.9613255855057132,3.6114771372938594e-05,0.00019855597774221363,2.218184627065732
54,10.807204803202135,0.125,0.2,0.5,0.5,0.036988273344247126,0.9627787972056463,3.52806418977149e-05,0.00019764880820950163,2.218184627065732
55,11.007338225483656,0.125,0.2,0.5,0.5,0.03558959430743598,0.9641791868216034,3.4462411480023276e-05,0.00019675645948124087,2.218184627065732
56,11.207471647765177,0.125,0.2,0.5,0.5,0.03424193750805983,0.9655285242389129,3.3659939183994705e-05,0.00019587831384399574,2.218184627065732
57,11.407605070046698,0.125,0.2,0.5,0.5,0.03294358122132905,0.9668285319218635,3.287307623588116e-05,0.00019501378057233164,2.218184627065732
58,11.607738492328219,0.125,0.2,0.5,0.5,0.03169285113409595,0.9680808849043976,3.210166667781288e-05,0.0001941622948295011,2.218184627065732
59,11.80787191460974,0.125,0.2,0.5,0.5,0.030488121468448374,0.9692872096669354,3.134554804233084e-05,0.00019332331657476891,2.218184627065732
60,12.00800533689126,0.125,0.2,0.5,0.5,0.029327812135461807,0.9704490869830827,3.060455180950264e-05,0.00019249632964690088,2.218184627065732
61,12.208138759172781,0.125,0.2,0.5,0.5,0.028210388263392863,0.9715680523918567,2.9878503954364795e-05,0.00019168084079697846,2.218184627065732
62,12.408272181454302,0.125,0.2,0.5,0.5,0.027134359488200338,0.9726455969075792,2.9167225459386004e-05,0.00019087637876206073,2.218184627065732
63,12.608405603735823,0.125,0.2,0.5,0.5,0.026098282025177923,0.9736831649486225,2.847053296673067e-05,0.00019008249323382856,2.218184627065732
64,12.808539026017344,0.125,0.2,0.5,0.5,0.025100755674189477,0.9746821573325929,2.7788239112048564e-05,0.00018929875410664677,2.218184627065732
65,13.008672448298865,0.125,0.2,0.5,0.5,0.024140422251031562,0.9756439328453631,2.712015291765521e-05,0.00018852475068870214,2.218184627065732
66,13.208805870580386,0.125,0.2,0.5,0.5,0.023215965193305967,0.9765698086355762,2.6466080230467662e-05,0.00018776009088846627,2.218184627065732
67,13.408939292861907,0.125,0.2,0.5,0.5,0.022326109813920796,0.9774610599615249,2.582582424975539e-05,0.0001870044003056283,2.218184627065732
68,13.609072715143428,0.125,0.2,0.5,0.5,0.02146962248922257,0.9783189210033877,2.5199185914658618e-05,0.00018625732147612185,2.218184627065732
69,13.80920613742495,0.125,0.2,0.5,0.5,0.020645308162570174,0.9791445873600045,2.458596408110667e-05,0.0001855185133451774,2.218184627065732
70,14.00933955970647,0.125,0.2,0.5,0.5,0.019852009961115216,0.9799392164324511,2.3985955919731997e-05,0.0001847876505149468,2.218184627065732
71,14.209472981987991,0.125,0.2,0.5,0.5,0.019088608658937842,0.9807039279612492,2.339895728500025e-05,0.00018406442252895218,2.218184627065732
72,14.409606404269512,0.125,0.2,0.5,0.5,0.018354022923850327,0.9814398037799074,2.282476316561596e-05,0.00018334853307764573,2.218184627065732
73,14.609739826551033,0.125,0.2,0.5,0.5,0.01764720643351944,0.9821478906991138,2.226316771802636e-05,0.0001826396996496936,2.218184627065732
74,14.809873248832554,0.125,0.2,0.5,0.5,0.016967147456273906,0.9828292009262528,2.171396459514316e-05,0.00018193765287907566,2.218184627065732
75,15.010006671114075,0.125,0.2,0.5,0.5,0.016312868002939577,0.9834847129138854,2.117694720826638e-05,0.00018124213596786614,2.218184627065732
76,15.210140093395596,0.125,0.2,0.5,0.5,0.01568342399139553,0.9841153711955194,2.0651909146222616e-05,0.00018055290393998417,2.218184627065732
77,15.410273515677117,0.125,0.2,0.5,0.5,0.015077903151225801,0.9847220884812371,2.013864419266858e-05,0.0001798697233456216,2.218184627065732
78,15.610406937958638,0.125,0.2,0.5,0.5,0.014495424172616863,0.9853057465090906,1.9636946537747632e-05,0.00017919237175586283,2.218184627065732
79,15.810540360240159,0.125,0.2,0.5,0.5,0.013935135894300517,0.9858671968574472,1.914661098058768e-05,0.00017852063727277824,2.218184627065732
80,16.010673782521682,0.125,0.2,0.5,0.5,0.013396217005131569,0.9864072612437167,1.866743327540844e-05,0.00017785431787739793,2.218184627065732
81,16.210807204803203,0.125,0.2,0.5,0.5,0.012877874834737936,0.9869267327339613,1.8199210205230927e-05,0.0001771932210965683,2.218184627065732
82,16.410940627084724,0.125,0.2,0.5,0.5,0.012379344182392206,0.9874263769142779,1.7741739649944708e-05,0.0001765371636809628,2.218184627065732
83,16.611074049366245,0.125,0.2,0.5,0.5,0.01189988661035038,0.987906932597726,1.7294820768528206e-05,0.00017588597115605103,2.218184627065732
84,16.811207471647766,0.125,0.2,0.5,0.5,0.01143878985129889,0.9883691124171493,1.685825420845918e-05,0.00017523947734432685,2.218184627065732
85,17.011340893929287,0.125,0.2,0.5,0.5,0.010995367179460456,0.9888136034543287,1.6431842287017876e-05,0.00017459752392487104,2.218184627065732
86,17.211474316210808,0.125,0.2,0.5,0.5,0.010568956089346371,0.9892410685614432,1.6015388934494103e-05,0.00017395996027698958,2.218184627065732
87,17.41160773849233,0.125,0.2,0.5,0.5,0.010158917700571915,0.9896521469565015,1.560869985333158e-05,0.00017332664307442982,2.218184627065732
88,17.61174116077385,0.125,0.2,0.5,0.5,0.009764636069346435,0.9900474549120919,1.5211582654985312e-05,0.00017269743590777112,2.218184627065732
89,17.81187458305537,0.125,0.2,0.5,0.5,0.009385517740206755,0.9904275862039121,1.4823847112629055e-05,0.00017207220876965022,2.218184627065732
90,18.01200800533689,0.125,0.2,0.5,0.5,0.009020990506186877,0.9907931133507569,1.4445304952374086e-05,0.0001714508381050423,2.218184627065732
91,18.212141427618413,0.125,0.2,0.5,0.5,0.008670502823592576,0.9911445881999739,1.4075769991560655e-05,0.00017083320644317393,2.218184627065732
92,18.412274849899934,0.125,0.2,0.5,0.5,0.008333523116297297,0.9914825426233763,1.3715058196359392e-05,0.00017021920213134028,2.218184627065732
93,18.612408272181455,0.125,0.2,0.5,0.5,0.008009539071971128,0.9918074892212134,1.3362987716609437e-05,0.00016960871910018401,2.218184627065732
94,18.812541694462976,0.125,0.2,0.5,0.5,0.007698057535045415,0.9921199214294886,1.3019379325735995e-05,0.00016900165614160053,2.218184627065732
95,19.012675116744497,0.125,0.2,0.5,0.5,0.0073986035984020225,0.9924203144284222,1.2684056267895607e-05,0.00016839791690922116,2.218184627065732
96,19.212808539026017,0.125,0.2,0.5,0.5,0.00711071959319508,0.9927091261527585,1.2356844011562166e-05,0.00016779741003615005,2.218184627065732
97,19.41294196130754,0.125,0.2,0.5,0.5,0.006833964725349226,0.9929867976554861,1.2037570443838398e-05,0.00016720004872210518,2.218184627065732
98,19.61307538358906,0.125,0.2,0.5,0.5,0.006567914485522025,0.9932537536980514,1.1726065882224195e-05,0.0001666057505457111,2.218184627065732
99,19.81320880587058,0.125,0.2,0.5,0.5,0.006312160102715785,0.9935104032969388,1.1422163152599302e-05,0.0001660144371941046,2.218184627065732
100,20.0133422281521,0.125,0.2,0.5,0.5,0.006066308112093451,0.9937571401561224,1.112569792931324e-05,0.00016542603385616536,2.218184627065732
101,20.213475650433622,0.125,0.2,0.5,0.5,0.005829979655467849,0.9939943433666042,1.0836508278074322e-05,0.00016484046965121023,2.218184627065732
102,20.413609072715143,0.125,0.2,0.5,0.5,0.0056028100085852295,0.994222377879326,1.0554434773549142e-05,0.0001642576773164813,2.218184627065732
103,20.613742494996664,0.125,0.2,0.5,0.5,0.005384448095987095,0.9944415949904731,1.027932052749672e-05,0.00016367759301355714,2.218184627065732
104,20.813875917278185,0.125,0.2,0.5,0.5,0.0051745560111096465,0.9946523328215251,1.001101117683825e-05,0.0001631001561897083,2.218184627065732
105,21.014009339559706,0.125,0.2,0.5,0.5,0.00497280849143366,0.9948549168443251,9.74935510495284e-06,0.0001625253091374792,2.218184627065732
106,21.214142761841227,0.125,0.2,0.5,0.5,0.004778892481329094,0.9950496603183666,9.494203384679696e-06,0.00016195299692089765,2.218184627065732
107,21.41427618412275,0.125,0.2,0.5,0.5,0.00459250675961956,0.9952368646632975,9.245409531625134e-06,0.00016138316755254098,2.218184627065732
108,21.61440960640427,0.125,0.2,0.5,0.5,0.0044133614899275935,0.9954168199087523,9.002829615137883e-06,0.0001608157717062196,2.218184627065732
109,21.81454302868579,0.125,0.2,0.5,0.5,0.004241177820829963,0.9955898050943288,8.766322237086473e-06,0.00016025076260538527,2.218184627065732
110,22.01467645096731,0.125,0.2,0.5,0.5,0.004075687470066372,0.9957560886855211,8.535748543798007e-06,0.00015968809586992371,2.218184627065732
111,22.214809873248832,0.125,0.2,0.5,0.5,0.003916632148455274,0.9959159291500106,8.310972439328372e-06,0.00015912772909600922,2.218184627065732
112,22.414943295530353,0.125,0.2,0.5,0.5,0.0037637634535235623,0.9960695750640591,8.091860266077259e-06,0.00015856962215245096,2.218184627065732
113,22.615076717811874,0.125,0.2,0.5,0.5,0.0036168424739072536,0.9962172655082482,7.878280836951032e-06,0.00015801373700883464,2.218184627065732
114,22.815210140093395,0.125,0.2,0.5,0.5,0.0034756394320059375,0.9963592304249511,7.670105437541127e-06,0.00015746003760665377,2.218184627065732
115,23.015343562374916,0.125,0.2,0.5,0.5,0.003339933367759303,0.996495690934669,7.467207794976239e-06,0.0001569084897779086,2.218184627065732
116,23.215476984656437,0.125,0.2,0.5,0.5,0.0032095116198953026,0.9966268598549495,7.269464166416538e-06,0.0001563590609900253,2.218184627065732
117,23.415610406937958,0.125,0.2,0.5,0.5,0.0030841694928985175,0.996752942033535,7.076753327846947e-06,0.00015581172023980392,2.218184627065732
118,23.61574382921948,0.125,0.2,0.5,0.5,0.0029637102764280576,0.9968741343289692,6.888956368974911e-06,0.0001552664382349785,2.218184627065732
119,23.815877251501,0.125,0.2,0.5,0.5,0.0028479448161655846,0.9969906260398913,6.705956746772577e-06,0.00015472318719759066,2.218184627065732
120,24.01601067378252,0.125,0.2,0.5,0.5,0.002736691248652106,0.9971025991702992,6.527640251595321e-06,0.00015418194079832865,2.218184627065732
121,24.216144096064042,0.125,0.2,0.5,0.5,0.0026297747154840363,0.9972102287154575,6.353894987169757e-06,0.00015364267407251377,2.218184627065732
122,24.416277518345563,0.125,0.2,0.5,0.5,0.0025270268142535534,0.9973136832111221,6.184611480335637e-06,0.00015310536314519445,2.218184627065732
123,24.616410940627084,0.125,0.2,0.5,0.5,0.0024282857003634388,0.9974131246317384,6.019682483984194e-06,0.00015256998541534426,2.218184627065732
124,24.816544362908605,0.125,0.2,0.5,0.5,0.002333395817460065,0.9975087086601074,5.8590029613877355e-06,0.00015203651947228385,2.218184627065732
125,25.016677785190126,0.125,0.2,0.5,0.5,0.002242207630241234,0.9976005849546764,5.702470073427034e-06,0.00015150494501008852,2.218184627065732
126,25.216811207471647,0.125,0.2,0.5,0.5,0.002154577416243577,0.9976888973578356,5.549983141684015e-06,0.00015097524278023005,2.218184627065732
127,25.416944629753168,0.125,0.2,0.5,0.5,0.0020703668736616423,0.9977737842882242,5.401443678796278e-06,0.0001504473944365465,2.218184627065732
128,25.61707805203469,0.125,0.2,0.5,0.5,0.001989442837214534,0.9978553790249631,5.256755383344361e-06,0.000149921382440147,2.218184627065732
129,25.81721147431621,0.125,0.2,0.5,0.5,0.001911677478288209,0.9979338095075059,5.115823966917339e-06,0.00014939719024019472,2.218184627065732
130,26.01734489659773,0.125,0.2,0.5,0.5,0.0018369479456101091,0.9980091986950791,4.978557180538285e-06,0.00014887480213149316,2.218184627065732
131,26.21747831887925,0.125,0.2,0.5,0.5,0.0017651361945857558,0.9980816647374199,4.84486477726287e-06,0.00014835420321827775,2.218184627065732
132,26.417611741160773,0.125,0.2,0.5,0.5,0.0016961288293437702,0.9981513211328014,4.714658472850331e-06,0.0001478353793832212,2.218184627065732
133,26.617745163442294,0.125,0.2,0.5,0.5,0.0016298168092375926,0.9982182770216282,4.587851949945068e-06,0.00014731831718535672,2.218184627065732
134,26.817878585723815,0.125,0.2,0.5,0.5,0.0015660948241672358,0.9982826378112819,4.464360965598437e-06,0.00014680300358640934,2.218184627065732
135,27.018012008005336,0.125,0.2,0.5,0.5,0.0015048619204738119,0.9983445045501307,4.344103078399366e-06,0.0001462894263181698,2.218184627065732
136,27.218145430286857,0.125,0.2,0.5,0.5,0.0014460211173728667,0.9984039743112121,4.226997686377039e-06,0.00014577757372980597,2.218184627065732
137,27.418278852568378,0.125,0.2,0.5,0.5,0.001389479228233153,0.9984611403710246,4.11296600431657e-06,0.00014526743473896862,2.218184627065732
138,27.6184122748499,0.125,0.2,0.5,0.5,0.0013351467326902864,0.9985160923374756,4.0019310275871715e-06,0.0001447589988075678,2.218184627065732
139,27.81854569713142,0.125,0.2,0.5,0.5,0.0012829376263717792,0.9985689163002204,3.893817502391772e-06,0.0001442522559065413,2.218184627065732
140,28.01867911941294,0.125,0.2,0.5,0.5,0.001232768906684906,0.9986196953450212,3.788551979349273e-06,0.00014374719631565896,2.218184627065732
141,28.21881254169446,0.125,0.2,0.5,0.5,0.0011845608884915701,0.9986685092380315,3.686062681579734e-06,0.0001432438107964914,2.218184627065732
142,28.418945963975982,0.125,0.2,0.5,0.5,0.0011382370798063632,0.9987154345501554,3.5862794732450604e-06,0.00014274209056613877,2.218184627065732
143,28.619079386257503,0.125,0.2,0.5,0.5,0.0010937239926838986,0.9987605448462323,3.4891338440639312e-06,0.00014224202724082957,2.218184627065732
144,28.819212808539024,0.125,0.2,0.5,0.5,0.001050951043182665,0.9988039107851246,3.394558875148065e-06,0.00014174361281875576,2.218184627065732
145,29.019346230820545,0.125,0.2,0.5,0.5,0.0010098504567391897,0.9988456002143925,3.30248920494989e-06,0.00014124683966449162,2.218184627065732
146,29.219479653102066,0.125,0.2,0.5,0.5,0.0009703568683491085,0.9988856785702297,3.2128610551153914e-06,0.00014075170036723417,2.218184627065732
147,29.419613075383587,0.125,0.2,0.5,0.5,0.0009324073775783503,0.9989242088224672,3.1256121699312515e-06,0.00014025818778548888,2.218184627065732
148,29.61974649766511,0.125,0.2,0.5,0.5,0.000895941688632063,0.9989612513345023,3.040681740550583e-06,0.0001397662951261005,2.218184627065732
149,29.81987991994663,0.125,0.2,0.5,0.5,0.0008609018773063501,0.9989968640964232,2.958010402199809e-06,0.00013927601586916606,2.218184627065732
150,30.02001334222815,0.125,0.2,0.5,0.5,0.0008272323114198338,0.9990311028046226,2.8775402029923032e-06,0.0001387873437554378,2.218184627065732
151,30.22014676450967,0.125,0.2,0.5,0.5,0.000794879576789467,0.9990640209358632,2.7992145728276534e-06,0.00013830027277536442,2.218184627065732
152,30.420280186791192,0.125,0.2,0.5,0.5,0.0007637922641219244,0.9990956699604575,2.7229783145624306e-06,0.0001378147971068258,2.218184627065732
153,30.620413609072713,0.125,0.2,0.5,0.5,0.0007339207446771282,0.9991260995666775,2.6487775978393973e-06,0.0001373309110483667,2.218184627065732
154,30.820547031354234,0.125,0.2,0.5,0.5,0.000705217496966508,0.9991553573340114,2.5765598693246385e-06,0.00013684860915375992,2.218184627065732
155,31.020680453635755,0.125,0.2,0.5,0.5,0.0006776368721981288,0.9991834889677922,2.5062738499764583e-06,0.00013636788616071724,2.218184627065732
156,31.220813875917276,0.125,0.2,0.5,0.5,0.0006511350241813426,0.9992105383693323,2.4378695080224493e-06,0.00013588873697941388,2.218184627065732
157,31.420947298198797,0.125,0.2,0.5,0.5,0.0006256698497499799,0.9992365476955354,2.371298031259126e-06,0.00013541115668447274,2.218184627065732
158,31.621080720480318,0.125,0.2,0.5,0.5,0.0006012008905764748,0.9992615574571286,2.30651180314987e-06,0.00013493514049284791,2.218184627065732
159,31.82121414276184,0.125,0.2,0.5,0.5,0.0005776890686649247,0.9992856067832607,2.243464393215494e-06,0.00013446068368211652,2.218184627065732
160,32.021347565043364,0.125,0.2,0.5,0.5,0.0005550969316184027,0.9993087331761864,2.182110506161548e-06,0.00013398778169000484,2.218184627065732
161,32.22148098732488,0.125,0.2,0.5,0.5,0.000533388524734274,0.9993309726392237,2.122405962295529e-06,0.00013351643008064197,2.218184627065732
162,32.421614409606406,0.125,0.2,0.5,0.5,0.0005125293164611729,0.999352359751336,2.0643076741850098e-06,0.0001330466245294732,2.218184627065732
163,32.62174783188792,0.125,0.2,0.5,0.5,0.0004924861518890609,0.9993729277136723,2.0077736216379996e-06,0.00013257836081781066,2.218184627065732
164,32.82188125416945,0.125,0.2,0.5,0.5,0.0004732272003225294,0.9993927084020252,1.952762827774329e-06,0.0001321116348252722,2.218184627065732
165,33.022014676450965,0.125,0.2,0.5,0.5,0.0004547217076301172,0.9994117326145597,1.899235351324908e-06,0.00013164644245957068,2.218184627065732
166,33.22214809873249,0.125,0.2,0.5,0.5,0.00043694014559155967,0.9994300299224483,1.8471522478054082e-06,0.00013118277971303714,2.218184627065732
167,33.42228152101401,0.125,0.2,0.5,0.5,0.0004198541991642472,0.9994476286826252,1.7964755442677313e-06,0.00013072064266709334,2.218184627065732
168,33.62241494329553,0.125,0.2,0.5,0.5,0.00040343667238090005,0.9994645561319283,1.74716822117555e-06,0.0001302600274704839,2.218184627065732
169,33.82254836557705,0.125,0.2,0.5,0.5,0.0003876614510424837,0.9994808384244326,1.6991941903565537e-06,0.0001298009303354509,2.218184627065732
170,34.02268178785857,0.125,0.2,0.5,0.5,0.00037250346815155555,0.9994965006660413,1.6525182733534897e-06,0.00012934334753456466,2.218184627065732
171,34.22281521014009,0.125,0.2,0.5,0.5,0.000357938559834471,0.9995115670586193,1.6071061828382014e-06,0.0001288872753641712,2.218184627065732
172,34.422948632421615,0.125,0.2,0.5,0.5,0.00034394344724000066,0.9995260609181134,1.56292450149961e-06,0.00012843271014586707,2.218184627065732
173,34.62308205470313,0.125,0.2,0.5,0.5,0.00033049583525221135,0.9995400045758266,1.5199406586231614e-06,0.000127979648263224,2.218184627065732
174,34.82321547698466,0.125,0.2,0.5,0.5,0.00031757430904671996,0.999553419481905,1.4781229119320281e-06,0.00012752808613703442,2.218184627065732
175,35.023348899266175,0.125,0.2,0.5,0.5,0.00030515830445177735,0.999566326234998,1.4374403281405411e-06,0.00012707802022276452,2.218184627065732
176,35.2234823215477,0.125,0.2,0.5,0.5,0.0002932280804665788,0.9995787446097616,1.3978627639202622e-06,0.00012662944700848617,2.218184627065732
177,35.42361574382922,0.125,0.2,0.5,0.5,0.0002817646502779897,0.9995906936258756,1.3593608462725861e-06,0.00012618236300077751,2.218184627065732
178,35.62374916611074,0.125,0.2,0.5,0.5,0.0002707496750427648,0.9996021916543057,1.3219059524061713e-06,0.00012573676469981445,2.218184627065732
179,35.82388258839226,0.125,0.2,0.5,0.5,0.00026016559913907416,0.9996132562820226,1.2854701955422078e-06,0.00012529264864352216,2.218184627065732
180,36.02401601067378,0.125,0.2,0.5,0.5,0.00024999556494250535,0.9996239043972638,1.2500264060015666e-06,0.00012485001138840587,2.218184627065732
181,36.2241494329553,0.125,0.2,0.5,0.5,0.00024022338471412543,0.999634152217666,1.215548113971113e-06,0.00012440884950660949,2.218184627065732
182,36.424282855236825,0.125,0.2,0.5,0.5,0.00023083351894906756,0.9996440153119343,1.18200953278184e-06,0.00012396915958468735,2.218184627065732
183,36.62441627751834,0.125,0.2,0.5,0.5,0.0002218109718962534,0.9996535087043774,1.1493855213364873e-06,0.00012353093820576048,2.218184627065732
184,36.82454969979987,0.125,0.2,0.5,0.5,0.00021314149973368268,0.9996626466666221,1.117651661506389e-06,0.0001230941819835784,2.218184627065732
185,37.024683122081385,0.125,0.2,0.5,0.5,0.00020481112267799783,0.999671443205768,1.0867840714500594e-06,0.00012265888748344485,2.218184627065732
186,37.22481654436291,0.125,0.2,0.5,0.5,0.00019680658841830513,0.9996799116007342,1.0567595381745963e-06,0.00012222505131019581,2.218184627065732
187,37.42494996664443,0.125,0.2,0.5,0.5,0.00018911516075340482,0.9996880646137277,1.0275554499399586e-06,0.00012179267006984462,2.218184627065732
188,37.62508338892595,0.125,0.2,0.5,0.5,0.00018172460657321716,0.999695914503275,9.9914978302027e-07,0.00012136174036969468,2.218184627065732
189,37.82521681120747,0.125,0.2,0.5,0.5,0.00017462318058482801,0.99970347303951,9.715210882388423e-07,0.0001209322588178774,2.218184627065732
190,38.02535023348899,0.125,0.2,0.5,0.5,0.00016779951900772953,0.9997107516105251,9.44648468369482e-07,0.00012050422199968277,2.218184627065732
191,38.22548365577051,0.125,0.2,0.5,0.5,0.00016124271216897074,0.9997177611497591,9.185115734879804e-07,0.00012007762649949846,2.218184627065732
192,38.425617078052035,0.125,0.2,0.5,0.5,0.0001549423196528221,0.9997245121208496,8.930905905597127e-07,0.00011965246890810364,2.218184627065732
193,38.62575050033355,0.125,0.2,0.5,0.5,0.0001488883215027576,0.999731014566458,8.683662266109798e-07,0.00011922874581366043,2.218184627065732
194,38.82588392261508,0.125,0.2,0.5,0.5,0.00014307110383180664,0.9997372781226724,8.443196953527425e-07,0.00011880645380147701,2.218184627065732
195,39.026017344896594,0.125,0.2,0.5,0.5,0.00013748144443290924,0.9997433120334105,8.209327038043727e-07,0.00011838558945377108,2.218184627065732
196,39.22615076717812,0.125,0.2,0.5,0.5,0.00013211049737048148,0.9997491251658425,7.981874390434675e-07,0.00011796614934911167,2.218184627065732
197,39.426284189459636,0.125,0.2,0.5,0.5,0.00012694968145586597,0.9997547261219468,7.760665668504225e-07,0.00011754813003154446,2.218184627065732
198,39.62641761174116,0.125,0.2,0.5,0.5,0.00012199073836310784,0.9997601231803954,7.545532093593392e-07,0.00011713152803322451,2.218184627065732
199,39.82655103402268,0.125,0.2,0.5,0.5,0.00011722577044245928,0.9997653242587428,7.336309252214304e-07,0.00011671633989064534,2.218184627065732
200,40.0266844563042,0.125,0.2,0.5,0.5,0.00011264718036975276,0.9997703369737996,7.132837019166079e-07,0.00011630256212990529,2.218184627065732
201,40.22681787858572,0.125,0.2,0.5,0.5,0.00010824765523160061,0.999775168657561,6.934959425659746e-07,0.00011589019126598977,2.218184627065732
202,40.426951300867245,0.125,0.2,0.5,0.5,0.00010402015061059173,0.9997798263731358,6.742524527443065e-07,0.00011547922380205349,2.218184627065732
203,40.62708472314876,0.125,0.2,0.5,0.5,9.995787497963876e-05,0.9997843169303653,6.555384274798011e-07,0.00011506965622873039,2.218184627065732
204,40.82721814543029,0.125,0.2,0.5,0.5,9.605441375179667e-05,0.9997886467616905,6.373395228459405e-07,0.00011466148503596858,2.218184627065732
205,41.027351567711804,0.125,0.2,0.5,0.5,9.23036390812888e-05,0.9997928220124165,6.196417977785687e-07,0.0001142547067056504,2.218184627065732
206,41.22748498999333,0.125,0.2,0.5,0.5,8.869957529752506e-05,0.9997968486753744,6.024316290189717e-07,0.00011384931770023342,2.218184627065732
207,41.427618412274846,0.125,0.2,0.5,0.5,8.523646627930788e-05,0.999800732523504,5.856957483761932e-07,0.00011344531446950246,2.218184627065732
208,41.62775183455637,0.125,0.2,0.5,0.5,8.190876196005484e-05,0.9998044791233601,5.694212310053743e-07,0.0001130426934500688,2.218184627065732
209,41.82788525683789,0.125,0.2,0.5,0.5,7.871110483302326e-05,0.9998080938486197,5.535954836861032e-07,0.00011264145106486952,2.218184627065732
210,42.02801867911941,0.125,0.2,0.5,0.5,7.563831645653297e-05,0.999811581893589,5.382062331007555e-07,0.00011224158372266661,2.218184627065732
211,42.22815210140093,0.125,0.2,0.5,0.5,7.26855528767749e-05,0.9998149481176839,5.232416039534075e-07,0.00011184308783664214,2.218184627065732
212,42.428285523682455,0.125,0.2,0.5,0.5,6.984825078230547e-05,0.9998181970993139,5.08690085787225e-07,0.00011144595981933577,2.218184627065732
213,42.62841894596397,0.125,0.2,0.5,0.5,6.7121897608035e-05,0.9998213333659295,4.945404061675761e-07,0.00011105019605768062,2.218184627065732
214,42.8285523682455,0.125,0.2,0.5,0.5,6.45021478778078e-05,0.9998243612776083,4.807815880157136e-07,0.00011065579292718008,2.218184627065732
215,43.028685790527014,0.125,0.2,0.5,0.5,6.19848130804702e-05,0.9998272850371894,4.674029396799416e-07,0.00011026274679178837,2.218184627065732
216,43.22881921280854,0.125,0.2,0.5,0.5,5.956585151443832e-05,0.9998301087004381,4.5439404499002226e-07,0.00010987105400378714,2.218184627065732
217,43.428952635090056,0.125,0.2,0.5,0.5,5.724135813226733e-05,0.9998328361862121,4.4174475331158877e-07,0.00010948071090366233,2.218184627065732
218,43.62908605737158,0.125,0.2,0.5,0.5,5.500765373169405e-05,0.9998354711872034,4.294452376614972e-07,0.00010909171382865632,2.218184627065732
219,43.8292194796531,0.125,0.2,0.5,0.5,5.286128744926839e-05,0.9998380171674449,4.174859934279433e-07,0.00010870405911374937,2.218184627065732
220,44.02935290193462,0.125,0.2,0.5,0.5,5.079884596366915e-05,0.9998404775532572,4.0585770466995673e-07,0.00010831774307576176,2.218184627065732
221,44.22948632421614,0.125,0.2,0.5,0.5,4.881704000075726e-05,0.9998428556466784,3.9455130039262285e-07,0.00010793276202167151,2.218184627065732
222,44.429619746497664,0.125,0.2,0.5,0.5,4.691269715468132e-05,0.9998451546326511,3.835579466406756e-07,0.00010754911224875102,2.218184627065732
223,44.62975316877918,0.125,0.2,0.5,0.5,4.508275402479532e-05,0.9998473775868936,3.7286903812336795e-07,0.00010716679004464415,2.218184627065732
224,44.829886591060706,0.125,0.2,0.5,0.5,4.332424835257529e-05,0.9998495274837712,3.6247618983933653e-07,0.00010678579168744297,2.218184627065732
225,45.030020013342224,0.125,0.2,0.5,0.5,4.163438554452016e-05,0.999851607129727,3.523712782820152e-07,0.00010640611345128587,2.218184627065732
226,45.23015343562375,0.125,0.2,0.5,0.5,4.0010573145249656e-05,0.999853619128785,3.425464612828645e-07,0.0001060277516095766,2.218184627065732
227,45.430286857905266,0.125,0.2,0.5,0.5,3.845023097312737e-05,0.9998555660725581,3.329940483267884e-07,0.00010565070242155307,2.218184627065732
228,45.63042028018679,0.125,0.2,0.5,0.5,3.6950871773623684e-05,0.9998574504595374,3.237065511759293e-07,0.00010527496213893394,2.218184627065732
229,45.83055370246831,0.125,0.2,0.5,0.5,3.5510097368281905e-05,0.9998592746989485,3.1467667816869183e-07,0.0001049005270062934,2.218184627065732
230,46.03068712474983,0.125,0.2,0.5,0.5,3.412559281741877e-05,0.9998610411165954,3.058973271948548e-07,0.00010452739326128847,2.218184627065732
231,46.23082054703135,0.125,0.2,0.5,0.5,3.279512058282571e-05,0.999862751960705,2.9736157867068843e-07,0.00010415555713488629,2.218184627065732
232,46.430953969312874,0.125,0.2,0.5,0.5,3.1516572090525046e-05,0.9998644093503226,2.890627339221608e-07,0.00010378501485430836,2.218184627065732
233,46.63108739159439,0.125,0.2,0.5,0.5,3.0288015590458475e-05,0.9998660152274145,2.8099435063872264e-07,0.00010341576264579943,2.218184627065732
234,46.831220813875916,0.125,0.2,0.5,0.5,2.9107503547127204e-05,0.9998675715496402,2.731500880965869e-07,0.00010304779672601439,2.218184627065732
235,47.03135423615743,0.125,0.2,0.5,0.5,2.7973153610364884e-05,0.999869080209316,2.655237688060636e-07,0.00010268111330635445,2.218184627065732
236,47.23148765843896,0.125,0.2,0.5,0.5,2.6883147730293774e-05,0.9998705430343023,2.581093754043079e-07,0.00010231570859342876,2.218184627065732
237,47.431621080720475,0.125,0.2,0.5,0.5,2.583572733178887e-05,0.999871961792836,2.509010444308229e-07,0.00010195157878932975,2.218184627065732
238,47.631754503002,0.125,0.2,0.5,0.5,2.4829188488941356e-05,0.9998733381983607,2.4389306010295853e-07,0.00010158872009190816,2.218184627065732
239,47.83188792528352,0.125,0.2,0.5,0.5,2.3861877099522678e-05,0.999874673914359,2.3707984809141466e-07,0.00010122712869504839,2.218184627065732
240,48.03202134756504,0.125,0.2,0.5,0.5,2.2932184226800847e-05,0.9998759705590164,2.3045596944163898e-07,0.00010086680078894807,2.218184627065732
241,48.23215476984656,0.125,0.2,0.5,0.5,2.203870091173646e-05,0.9998772295502717,2.2401625352236932e-07,0.00010050773256469474,2.218184627065732
242,48.432288192128084,0.125,0.2,0.5,0.5,2.1180118960626245e-05,0.9998784522051195,2.177557095141915e-07,0.00010014992021199775,2.218184627065732
243,48.6324216144096,0.125,0.2,0.5,0.5,2.0355077515266796e-05,0.9998796398931804,2.116693906310089e-07,9.979335991545941e-05,2.218184627065732
244,48.832555036691126,0.125,0.2,0.5,0.5,1.9562264950477255e-05,0.9998807939347126,2.0575248093728224e-07,9.943804785772575e-05,2.218184627065732
245,49.03268845897264,0.125,0.2,0.5,0.5,1.8800415601823446e-05,0.9998819156038896,2.0000029047767297e-07,9.908398021980361e-05,2.218184627065732
246,49.23282188125417,0.125,0.2,0.5,0.5,1.8068306493341595e-05,0.9998830061320766,1.9440825040668308e-07,9.873115318137764e-05,2.218184627065732
247,49.432955303535685,0.125,0.2,0.5,0.5,1.7364754065262463e-05,0.9998840667111073,1.889719081182983e-07,9.837956292112741e-05,2.218184627065732
248,49.63308872581721,0.125,0.2,0.5,0.5,1.6688610901735062e-05,0.9998850984965606,1.836869223756281e-07,9.802920561704437e-05,2.218184627065732
249,49.83322214809873,0.125,0.2,0.5,0.5,1.6038769057414954e-05,0.9998861026044322,1.7854906542881865e-07,9.768007744666804e-05,2.218184627065732
250,50.03335557038025,0.125,0.2,0.5,0.5,1.541427256544807e-05,0.9998870799985096,1.7355434075726607e-07,9.733217458598275e-05,2.218184627065732
251,50.23348899266177,0.125,0.2,0.5,0.5,1.481416941678346e-05,0.9998880316385486,1.6869882490909435e-07,9.698549321151036e-05,2.218184627065732
252,50.433622414943294,0.125,0.2,0.5,0.5,1.4237509496732807e-05,0.9998889584823405,1.6397866391096613e-07,9.66400295006123e-05,2.218184627065732
253,50.63375583722481,0.125,0.2,0.5,0.5,1.3683376285478736e-05,0.9998898614539794,1.593901054342899e-07,9.629577963137783e-05,2.218184627065732
254,50.833889259506336,0.125,0.2,0.5,0.5,1.3150884482219666e-05,0.9998907414462417,1.5492949487418008e-07,9.595273978292987e-05,2.218184627065732
255,51.03402268178785,0.125,0.2,0.5,0.5,1.2639177629314988e-05,0.9998915993229652,1.5059327142841977e-07,9.561090613573126e-05,2.218184627065732
256,51.23415610406938,0.125,0.2,0.5,0.5,1.2147425736429923e-05,0.9998924359214292,1.4637796417642067e-07,9.52702748718906e-05,2.218184627065732
257,51.4342895263509,0.125,0.2,0.5,0.5,1.1674822904680679e-05,0.9998932520547333,1.4228018815818586e-07,9.493084217546852e-05,2.218184627065732
258,51.63442294863242,0.125,0.2,0.5,0.5,1.1220602959108777e-05,0.9998940484961485,1.3829666205530117e-07,9.459260423198685e-05,2.218184627065732
259,51.834556370913944,0.125,0.2,0.5,0.5,1.0784112074620752e-05,0.9998948259064073,1.3442429423887975e-07,9.425555722541663e-05,2.218184627065732
260,52.03468979319546,0.125,0.2,0.5,0.5,1.0364669878267908e-05,0.9998955849727637,1.306600150826641e-07,9.391969734452398e-05,2.218184627065732
261,52.234823215476986,0.125,0.2,0.5,0.5,9.961609572871561e-06,0.9998963263688233,1.2700082402256716e-07,9.358502078129585e-05,2.218184627065732
262,52.4349566377585,0.125,0.2,0.5,0.5,9.574287077342514e-06,0.9998970507453939,1.2344379944995061e-07,9.325152373073672e-05,2.218184627065732
263,52.63509006004003,0.125,0.2,0.5,0.5,9.202079321432079e-06,0.9998977587321933,1.1998609559501603e-07,9.291920239114485e-05,2.218184627065732
264,52.835223482321545,0.125,0.2,0.5,0.5,8.844382540483304e-06,0.9998984509395571,1.1662493941019805e-07,9.258805296438882e-05,2.218184627065732
265,53.03535690460307,0.125,0.2,0.5,0.5,8.50061057018202e-06,0.9998991279601476,1.1335762745355552e-07,9.22580716561837e-05,2.218184627065732
266,53.23549032688459,0.125,0.2,0.5,0.5,8.170193141308046e-06,0.9998997903706609,1.1018152277216455e-07,9.192925467636763e-05,2.218184627065732
267,53.43562374916611,0.125,0.2,0.5,0.5,7.852608511452133e-06,0.9999004386991609,1.0709409176502547e-07,9.160159823725609e-05,2.218184627065732
268,53.63575717144763,0.125,0.2,0.5,0.5,7.547408177435884e-06,0.9999010734003396,1.0409293182530649e-07,9.127509855243952e-05,2.218184627065732
269,53.835890593729154,0.125,0.2,0.5,0.5,7.254111748133436e-06,0.9999016949607625,1.0117564780661162e-07,9.094975184284886e-05,2.218184627065732
270,54.03602401601067,0.125,0.2,0.5,0.5,6.9722546163242415e-06,0.9999023038511444,9.833990639755144e-08,9.062555433426792e-05,2.218184627065732
271,54.236157438292196,0.125,0.2,0.5,0.5,6.701388677748363e-06,0.9999029005256304,9.558343582782152e-08,9.030250225747414e-05,2.218184627065732
272,54.43629086057371,0.125,0.2,0.5,0.5,6.441081199669029e-06,0.9999034854229298,9.290402341970037e-08,8.998059184848288e-05,2.218184627065732
273,54.63642428285524,0.125,0.2,0.5,0.5,6.190913689435034e-06,0.99990405896745,9.029951313954581e-08,8.965981934879154e-05,2.218184627065732
274,54.836557705136755,0.125,0.2,0.5,0.5,5.950480763043282e-06,0.9999046215704296,8.776780314929291e-08,8.934018100562398e-05,2.218184627065732
275,55.03669112741828,0.125,0.2,0.5,0.5,5.719044751675726e-06,0.9999051739760537,8.530604109046802e-08,8.902167315492998e-05,2.218184627065732
276,55.2368245496998,0.125,0.2,0.5,0.5,5.497101021314915e-06,0.9999057156928802,8.291425187330373e-08,8.870429184805642e-05,2.218184627065732
277,55.43695797198132,0.125,0.2,0.5,0.5,5.283753594108514e-06,0.9999062476236912,8.058923567734022e-08,8.838803348056799e-05,2.218184627065732
278,55.63709139426284,0.125,0.2,0.5,0.5,5.07868716706344e-06,0.9999067700893389,7.832917978270117e-08,8.807289431581196e-05,2.218184627065732
279,55.837224816544364,0.125,0.2,0.5,0.5,4.881592818298205e-06,0.9999072834042505,7.613230807528029e-08,8.77588706247608e-05,2.218184627065732
280,56.03735823882588,0.125,0.2,0.5,0.5,4.692168007042981e-06,0.9999077878764276,7.399688104674187e-08,8.744595868601215e-05,2.218184627065732
281,56.237491661107406,0.125,0.2,0.5,0.5,4.5101165736395405e-06,0.9999082838074466,7.19211957945202e-08,8.713415478578889e-05,2.218184627065732
282,56.43762508338892,0.125,0.2,0.5,0.5,4.335148739541312e-06,0.9999087714924584,6.990358602182019e-08,8.682345521793905e-05,2.218184627065732
283,56.63775850567045,0.125,0.2,0.5,0.5,4.166981107313325e-06,0.9999092512201886,6.794242203761668e-08,8.651385628393584e-05,2.218184627065732
284,56.837891927951965,0.125,0.2,0.5,0.5,4.005339536781598e-06,0.9999097232700574,6.603611523866878e-08,8.620535429246585e-05,2.218184627065732
285,57.03802535023349,0.125,0.2,0.5,0.5,3.850000498713461e-06,0.9999101878707671,6.418318255254258e-08,8.58979455535071e-05,2.218184627065732
286,57.23815877251501,0.125,0.2,0.5,0.5,3.7007292269284387e-06,0.9999106452622377,6.238215005767815e-08,8.55916263871857e-05,2.218184627065732
287,57.43829219479653,0.125,0.2,0.5,0.5,3.557285783586925e-06,0.9999110956895331,6.063156243516066e-08,8.528639312290732e-05,2.218184627065732
288,57.63842561707805,0.125,0.2,0.5,0.5,3.419437985275458e-06,0.9999115393899161,5.89300031119344e-08,8.498224209750618e-05,2.218184627065732
289,57.83855903935957,0.125,0.2,0.5,0.5,3.2869614030066754e-06,0.9999119765928495,5.7276094260802265e-08,8.467916965524503e-05,2.218184627065732
290,58.03869246164109,0.125,0.2,0.5,0.5,3.159639362219355e-06,0.9999124075199952,5.566849680042619e-08,8.437717214781514e-05,2.218184627065732
291,58.238825883922615,0.125,0.2,0.5,0.5,3.037262942778377e-06,0.9999128323852146,5.410591039532676e-08,8.407624593433632e-05,2.218184627065732
292,58.43895930620413,0.125,0.2,0.5,0.5,2.9196309789747595e-06,0.9999132513945682,5.258707345588362e-08,8.377638738135692e-05,2.218184627065732
293,58.63909272848566,0.125,0.2,0.5,0.5,2.806550059525625e-06,0.9999136647463166,5.111076313833505e-08,8.347759286285382e-05,2.218184627065732
294,58.839226150767175,0.125,0.2,0.5,0.5,2.697834527574233e-06,0.9999140726309189,4.967579534477838e-08,8.317985876023242e-05,2.218184627065732
295,59.0393595730487,0.125,0.2,0.5,0.5,2.593306506167027e-06,0.9999144752310091,4.8281024527702686e-08,8.288318146235031e-05,2.218184627065732
296,59.23949299533022,0.125,0.2,0.5,0.5,2.4928039453471034e-06,0.9999148727134018,4.6925281950563507e-08,8.258755737298297e-05,2.218184627065732
297,59.43962641761174,0.125,0.2,0.5,0.5,2.396173495683816e-06,0.9999152652361719,4.5607430363944816e-08,8.229298290421215e-05,2.218184627065732
298,59.63975983989326,0.125,0.2,0.5,0.5,2.3032645334428496e-06,0.9999156529545881,4.4326409846032566e-08,8.199945447088276e-05,2.218184627065732
299,59.83989326217478,0.125,0.2,0.5,0.5,2.2139345027552642e-06,0.9999160360158071,4.3081196816082526e-08,8.170696849555894e-05,2.218184627065732
300,60.0400266844563,0.125,0.2,0.5,0.5,2.1280489156175225e-06,0.999916414558874,4.187080403442066e-08,8.141552140852427e-05,2.218184627065732
301,60.240160106737825,0.125,0.2,0.5,0.5,2.045481351891465e-06,0.999916788714722,4.069428060244276e-08,8.112510964778156e-05,2.218184627065732
302,60.44029352901934,0.125,0.2,0.5,0.5,1.9661134593043325e-06,0.999917158606172,3.95507119626148e-08,8.0835729659053e-05,2.218184627065732
303,60.64042695130087,0.125,0.2,0.5,0.5,1.8898349534487457e-06,0.9999175243479332,3.843921989847259e-08,8.05473778957801e-05,2.218184627065732
304,60.840560373582385,0.125,0.2,0.5,0.5,1.8165436177827254e-06,0.9999178860466029,3.735896253462211e-08,8.02600508191237e-05,2.218184627065732
305,61.04069379586391,0.125,0.2,0.5,0.5,1.746145303629671e-06,0.9999182438006664,3.6309134336739206e-08,7.997374489796395e-05,2.218184627065732
306,61.24082721814543,0.125,0.2,0.5,0.5,1.6785539301783825e-06,0.9999185977004972,3.5288966111569865e-08,7.968845660890036e-05,2.218184627065732
307,61.44096064042695,0.125,0.2,0.5,0.5,1.6136482968231318e-06,0.9999189478716717,3.429758314265709e-08,7.940418245065772e-05,2.218184627065732
308,61.64109406270847,0.125,0.2,0.5,0.5,1.5512544261368042e-06,0.999919294492679,3.333394718994745e-08,7.912091894997594e-05,2.218184627065732
309,61.84122748498999,0.125,0.2,0.5,0.5,1.4912720948677855e-06,0.999919637668016,3.239727212305057e-08,7.883866261940346e-05,2.218184627065732
310,62.04136090727151,0.125,0.2,0.5,0.5,1.4336083550210975e-06,0.9999199774948623,3.148680554905841e-08,7.855740997947246e-05,2.218184627065732
311,62.241494329553035,0.125,0.2,0.5,0.5,1.3781754405431256e-06,0.9999203140651804,3.060182193635285e-08,7.827715755939706e-05,2.218184627065732
312,62.44162775183455,0.125,0.2,0.5,0.5,1.3248907673216348e-06,0.9999206474657154,2.9741622614605933e-08,7.79979018970734e-05,2.218184627065732
313,62.64176117411608,0.125,0.2,0.5,0.5,1.2736769331857531e-06,0.9999209777779944,2.8905535774779682e-08,7.771963953907956e-05,2.218184627065732
314,62.841894596397594,0.125,0.2,0.5,0.5,1.2244617179059877e-06,0.9999213050783273,2.809291646912627e-08,7.744236704067565e-05,2.218184627065732
315,63.04202801867912,0.125,0.2,0.5,0.5,1.1771780831942104e-06,0.9999216294378067,2.7303146611187833e-08,7.716608096580367e-05,2.218184627065732
316,63.242161440960636,0.125,0.2,0.5,0.5,1.1317641727036705e-06,0.9999219509223076,2.6535634975796662e-08,7.689077788708767e-05,2.218184627065732
317,63.44229486324216,0.125,0.2,0.5,0.5,1.0881633120289826e-06,0.9999222695924873,2.5789817199075013e-08,7.661645438583365e-05,2.218184627065732
318,63.64242828552368,0.125,0.2,0.5,0.5,1.0463099682903989e-06,0.9999225855178729,2.506510443550761e-08,7.634310705662792e-05,2.218184627065732
319,63.8425617078052,0.125,0.2,0.5,0.5,1.0060824361870115e-06,0.9999228988243328,2.4360710340518474e-08,7.607073252283267e-05,2.218184627065732
320,64.04269513008673,0.125,0.2,0.5,0.5,9.674073938519503e-07,0.9999232095891726,2.3676033409841405e-08,7.579932740234331e-05,2.218184627065732
321,64.24282855236824,0.125,0.2,0.5,0.5,9.302223845091468e-07,0.999923517878778,2.3010519782614975e-08,7.552888831987603e-05,2.218184627065732
322,64.44296197464976,0.125,0.2,0.5,0.5,8.944681420254674e-07,0.9999238237563155,2.2363635177496754e-08,7.525941190948106e-05,2.218184627065732
323,64.64309539693129,0.125,0.2,0.5,0.5,8.600885909107277e-07,0.9999241272817319,2.1734864892663554e-08,7.499089481454281e-05,2.218184627065732
324,64.84322881921281,0.125,0.2,0.5,0.5,8.270308463176831e-07,0.9999244285117542,2.1123713805811284e-08,7.472333368777988e-05,2.218184627065732
325,65.04336224149432,0.125,0.2,0.5,0.5,7.952452140420323e-07,0.9999247274998905,2.0529706374155e-08,7.445672519124495e-05,2.218184627065732
326,65.24349566377585,0.125,0.2,0.5,0.5,7.646851905224098e-07,0.9999250242964287,1.9952386634428776e-08,7.419106599632484e-05,2.218184627065732
327,65.44362908605737,0.125,0.2,0.5,0.5,7.353074628403985e-07,0.9999253189484374,1.939131820288591e-08,7.392635278374053e-05,2.218184627065732
328,65.6437625083389,0.125,0.2,0.5,0.5,7.070719087205207e-07,0.9999256114997657,1.8846084275298806e-08,7.366258224354715e-05,2.218184627065732
329,65.8438959306204,0.125,0.2,0.5,0.5,6.785447204419701e-07,0.9999259034023709,1.8307611571594766e-08,7.339974529936101e-05,2.218184627065732
330,66.04402935290193,0.125,0.2,0.5,0.5,6.52897602433404e-07,0.9999261914548926,1.779544100010415e-08,7.313785206628259e-05,2.218184627065732
331,66.24416277518345,0.125,0.2,0.5,0.5,6.281265371662757e-07,0.99992647768533,1.7296961584685764e-08,7.28768911735563e-05,2.218184627065732
332,66.44429619746498,0.125,0.2,0.5,0.5,6.042151883419393e-07,0.9999267621134627,1.681190643071103e-08,7.261685944487544e-05,2.218184627065732
333,66.64442961974649,0.125,0.2,0.5,0.5,5.811472196617505e-07,0.9999270447590701,1.6340008643551402e-08,7.235775370393337e-05,2.218184627065732
334,66.84456304202801,0.125,0.2,0.5,0.5,5.589062948270604e-07,0.9999273256419318,1.5881001328578224e-08,7.209957077442335e-05,2.218184627065732
335,67.04469646430954,0.125,0.2,0.5,0.5,5.374760775392244e-07,0.9999276047818272,1.5434617591162948e-08,7.18423074800387e-05,2.218184627065732
336,67.24482988659106,0.125,0.2,0.5,0.5,5.168402314995969e-07,0.9999278821985359,1.500059053667699e-08,7.158596064447274e-05,2.218184627065732
337,67.44496330887257,0.125,0.2,0.5,0.5,4.969824204095333e-07,0.9999281579118373,1.4578653270491799e-08,7.133052709141883e-05,2.218184627065732
338,67.6450967311541,0.125,0.2,0.5,0.5,4.778863079703848e-07,0.999928431941511,1.4168538897978731e-08,7.107600364457022e-05,2.218184627065732
339,67.84523015343562,0.125,0.2,0.5,0.5,4.5953555788350706e-07,0.9999287043073364,1.3769980524509235e-08,7.082238712762024e-05,2.218184627065732
340,68.04536357571715,0.125,0.2,0.5,0.5,4.419137521278815e-07,0.9999289750291747,1.3382711038935364e-08,7.056967436462902e-05,2.218184627065732
341,68.24549699799866,0.125,0.2,0.5,0.5,4.249825874085306e-07,0.9999292441487319,1.3006405346162795e-08,7.031786227788578e-05,2.218184627065732
342,68.44563042028018,0.125,0.2,0.5,0.5,4.087048360464686e-07,0.9999295117066404,1.26407412008883e-08,7.006694778485195e-05,2.218184627065732
343,68.6457638425617,0.125,0.2,0.5,0.5,3.9305872710383823e-07,0.9999297777281044,1.2285437309676651e-08,6.981692773361348e-05,2.218184627065732
344,68.84589726484323,0.125,0.2,0.5,0.5,3.780224896427811e-07,0.9999300422383282,1.194021237909259e-08,6.956779897225636e-05,2.218184627065732
345,69.04603068712474,0.125,0.2,0.5,0.5,3.6357435272543976e-07,0.9999303052625157,1.1604785115700884e-08,6.931955834886656e-05,2.218184627065732
346,69.24616410940627,0.125,0.2,0.5,0.5,3.4969254541395376e-07,0.9999305668258712,1.127887422606623e-08,6.907220271153e-05,2.218184627065732
347,69.44629753168779,0.125,0.2,0.5,0.5,3.363552967704658e-07,0.9999308269535989,1.0962198416753398e-08,6.882572890833264e-05,2.218184627065732
348,69.64643095396931,0.125,0.2,0.5,0.5,3.235408358571173e-07,0.9999310856709028,1.0654476394327131e-08,6.858013378736045e-05,2.218184627065732
349,69.84656437625083,0.125,0.2,0.5,0.5,3.112273917360508e-07,0.9999313430029871,1.0355426865352193e-08,6.833541419669942e-05,2.218184627065732
350,70.04669779853235,0.125,0.2,0.5,0.5,2.993931934694061e-07,0.999931598975056,1.0064768536393287e-08,6.809156698443544e-05,2.218184627065732
351,70.24683122081387,0.125,0.2,0.5,0.5,2.880164701193256e-07,0.9999318536123135,9.782220114015176e-09,6.784858899865453e-05,2.218184627065732
352,70.4469646430954,0.125,0.2,0.5,0.5,2.77075450747951e-07,0.9999321069399639,9.507500304782607e-09,6.760647708744262e-05,2.218184627065732
353,70.64709806537691,0.125,0.2,0.5,0.5,2.665483644174245e-07,0.9999323589832113,9.240327815260341e-09,6.73652280988857e-05,2.218184627065732
354,70.84723148765843,0.125,0.2,0.5,0.5,2.564161054490265e-07,0.999932609764496,8.980457541148854e-09,6.712483894345979e-05,2.218184627065732
355,71.04736490993996,0.125,0.2,0.5,0.5,2.4668357568763334e-07,0.9999328592813629,8.727970354530348e-09,6.688530709362467e-05,2.218184627065732
356,71.24749833222148,0.125,0.2,0.5,0.5,2.3733976434209228e-07,0.9999331075478578,8.48273106423937e-09,6.664662964934675e-05,2.218184627065732
357,71.44763175450299,0.125,0.2,0.5,0.5,2.283677719228656e-07,0.9999333545841333,8.244524521817722e-09,6.640880357274607e-05,2.218184627065732
358,71.64776517678452,0.125,0.2,0.5,0.5,2.1975069894041357e-07,0.9999336004103421,8.013135578807152e-09,6.617182582594254e-05,2.218184627065732
359,71.84789859906604,0.125,0.2,0.5,0.5,2.1147164590519853e-07,0.9999338450466365,7.788349086749464e-09,6.593569337105617e-05,2.218184627065732
360,72.04803202134757,0.125,0.2,0.5,0.5,2.0351371332768205e-07,0.9999340885131691,7.569949897186438e-09,6.570040317020693e-05,2.218184627065732
361,72.24816544362908,0.125,0.2,0.5,0.5,1.958600017183263e-07,0.9999343308300925,7.357722861659873e-09,6.546595218551483e-05,2.218184627065732
362,72.4482988659106,0.125,0.2,0.5,0.5,1.8849361158759182e-07,0.9999345720175591,7.151452831711524e-09,6.52323373790998e-05,2.218184627065732
363,72.64843228819213,0.125,0.2,0.5,0.5,1.8139764344594077e-07,0.9999348120957214,6.950924658883188e-09,6.499955571308183e-05,2.218184627065732
364,72.84856571047365,0.125,0.2,0.5,0.5,1.7455519780383479e-07,0.9999350510847321,6.75592319471665e-09,6.47676041495809e-05,2.218184627065732
365,73.04869913275516,0.125,0.2,0.5,0.5,1.6794937517173596e-07,0.9999352890047435,6.5662332907537054e-09,6.453647965071702e-05,2.218184627065732
366,73.24883255503669,0.125,0.2,0.5,0.5,1.6156327606010495e-07,0.9999355258759083,6.381639798536112e-09,6.430617917861012e-05,2.218184627065732
367,73.44896597731821,0.125,0.2,0.5,0.5,1.5538000097940385e-07,0.9999357617183788,6.201927569605666e-09,6.40766996953802e-05,2.218184627065732
368,73.64909939959973,0.125,0.2,0.5,0.5,1.493982200962307e-07,0.9999359965363505,6.027019745207596e-09,6.384803841252326e-05,2.218184627065732
369,73.84923282188124,0.125,0.2,0.5,0.5,1.436464140763665e-07,0.9999362303034655,5.857104243474643e-09,6.362019301900406e-05,2.218184627065732
370,74.04936624416277,0.125,0.2,0.5,0.5,1.381181276204562e-07,0.9999364630291724,5.692058681257617e-09,6.339316064422502e-05,2.218184627065732
371,74.2494996664443,0.125,0.2,0.5,0.5,1.3280480034846458e-07,0.9999366947250767,5.5317419780783654e-09,6.316693838387196e-05,2.218184627065732
372,74.44963308872582,0.125,0.2,0.5,0.5,1.276978718803561e-07,0.9999369254027843,5.376013053458721e-09,6.29415233336307e-05,2.218184627065732
373,74.64976651100733,0.125,0.2,0.5,0.5,1.2278878183609542e-07,0.9999371550739011,5.224730826920531e-09,6.271691258918703e-05,2.218184627065732
374,74.84989993328885,0.125,0.2,0.5,0.5,1.1806896983564631e-07,0.9999373837500327,5.077754217985605e-09,6.249310324622675e-05,2.218184627065732
375,75.05003335557038,0.125,0.2,0.5,0.5,1.1352987549897349e-07,0.9999376114427849,4.934942146175789e-09,6.227009240043568e-05,2.218184627065732
376,75.2501667778519,0.125,0.2,0.5,0.5,1.0916293844604137e-07,0.9999378381637636,4.796153531012918e-09,6.204787714749961e-05,2.218184627065732
377,75.45030020013341,0.125,0.2,0.5,0.5,1.0495959829681462e-07,0.9999380639245744,4.661247292018835e-09,6.182645458310438e-05,2.218184627065732
378,75.65043362241494,0.125,0.2,0.5,0.5,1.0091129467125704e-07,0.9999382887368231,4.530082348715355e-09,6.160582180293575e-05,2.218184627065732
379,75.85056704469646,0.125,0.2,0.5,0.5,9.700946718933336e-08,0.9999385126121156,4.4025176206243216e-09,6.138597590267955e-05,2.218184627065732
380,76.05070046697799,0.125,0.2,0.5,0.5,9.324555547100794e-08,0.9999387355620577,4.27841202726757e-09,6.116691397802159e-05,2.218184627065732
381,76.2508338892595,0.125,0.2,0.5,0.5,8.750340154081602e-08,0.9999389609124019,4.116902041272615e-09,6.094746729774615e-05,2.218184627065732
382,76.45096731154102,0.125,0.2,0.5,0.5,8.44350099338649e-08,0.9999391813535515,4.007799459272781e-09,6.0730203642235124e-05,2.218184627065732
383,76.65110073382255,0.125,0.2,0.5,0.5,8.144362880308377e-08,0.9999394009741966,3.900860264960141e-09,6.051368131756933e-05,2.218184627065732
384,76.85123415610407,0.125,0.2,0.5,0.5,7.852925814847264e-08,0.999939619774337,3.7960844583346935e-09,6.029790032374879e-05,2.218184627065732
385,77.0513675783856,0.125,0.2,0.5,0.5,7.569189797003153e-08,0.9999398377539725,3.6934720393964395e-09,6.008286066077348e-05,2.218184627065732
386,77.2515010006671,0.125,0.2,0.5,0.5,7.29315482677606e-08,0.9999400549131034,3.593023008145385e-09,5.986856232864343e-05,2.218184627065732
387,77.45163442294863,0.125,0.2,0.5,0.5,7.024820904165949e-08,0.9999402712517297,3.4947373645815165e-09,5.965500532735861e-05,2.218184627065732
388,77.65176784523015,0.125,0.2,0.5,0.5,6.764188029172836e-08,0.9999404867698511,3.398615108704841e-09,5.9442189656919026e-05,2.218184627065732
389,77.85190126751168,0.125,0.2,0.5,0.5,6.511256201796724e-08,0.9999407014674679,3.3046562405153586e-09,5.923011531732468e-05,2.218184627065732
390,78.05203468979319,0.125,0.2,0.5,0.5,6.26602542203763e-08,0.99994091534458,3.2128607600130757e-09,5.9018782308575596e-05,2.218184627065732
391,78.25216811207471,0.125,0.2,0.5,0.5,6.028495689895518e-08,0.9999411284011873,3.1232286671979793e-09,5.880819063067173e-05,2.218184627065732
392,78.45230153435624,0.125,0.2,0.5,0.5,5.798667005370407e-08,0.99994134063729,3.035759962070076e-09,5.859834028361311e-05,2.218184627065732
393,78.65243495663776,0.125,0.2,0.5,0.5,5.5765393684622955e-08,0.9999415520528879,2.950454644629365e-09,5.838923126739973e-05,2.218184627065732
394,78.85256837891927,0.125,0.2,0.5,0.5,5.362112779171199e-08,0.9999417626479811,2.8673127148758533e-09,5.8180863582031604e-05,2.218184627065732
395,79.0527018012008,0.125,0.2,0.5,0.5,5.155303790648119e-08,0.999941972424763,2.786317274363345e-09,5.797323588547617e-05,2.218184627065732
396,79.25283522348232,0.125,0.2,0.5,0.5,4.9552890566426144e-08,0.9999421814048752,2.707301590944675e-09,5.776633493628135e-05,2.218184627065732
397,79.45296864576385,0.125,0.2,0.5,0.5,4.761858405128934e-08,0.9999423895938421,2.630223103627904e-09,5.7560157354359094e-05,2.218184627065732
398,79.65310206804536,0.125,0.2,0.5,0.5,4.575011836107091e-08,0.9999425969916638,2.5550818124130366e-09,5.7354703139709435e-05,2.218184627065732
399,79.85323549032688,0.125,0.2,0.5,0.5,4.39474934957706e-08,0.9999428035983401,2.4818777173000625e-09,5.7149972292332324e-05,2.218184627065732
400,80.0533689126084,0.125,0.2,0.5,0.5,4.221070945538853e-08,0.9999430094138712,2.410610818288987e-09,5.694596481222779e-05,2.218184627065732
401,80.25350233488993,0.125,0.2,0.5,0.5,4.053976623992472e-08,0.9999432144382568,2.34128111537981e-09,5.674268069939582e-05,2.218184627065732
402,80.45363575717144,0.125,0.2,0.5,0.5,3.893466384937926e-08,0.9999434186714973,2.2738886085725366e-09,5.654011995383644e-05,2.218184627065732
403,80.65376917945296,0.125,0.2,0.5,0.5,3.739540228375193e-08,0.9999436221135924,2.2084332978671568e-09,5.633828257554962e-05,2.218184627065732
404,80.85390260173449,0.125,0.2,0.5,0.5,3.5921981543042854e-08,0.9999438247645424,2.144915183263676e-09,5.6137168564535365e-05,2.218184627065732
405,81.05403602401601,0.125,0.2,0.5,0.5,3.4514401627252024e-08,0.9999440266243469,2.0833342647620937e-09,5.593677792079369e-05,2.218184627065732
406,81.25416944629752,0.125,0.2,0.5,0.5,3.317266253637953e-08,0.9999442276930062,2.0236905423624138e-09,5.573711064432459e-05,2.218184627065732
407,81.45430286857905,0.125,0.2,0.5,0.5,3.1896764270425196e-08,0.9999444279705201,1.9659840160646283e-09,5.553816673512805e-05,2.218184627065732
408,81.65443629086057,0.125,0.2,0.5,0.5,3.06867068293891e-08,0.9999446274568887,1.9102146858687417e-09,5.533994619320409e-05,2.218184627065732
409,81.8545697131421,0.125,0.2,0.5,0.5,2.954249021327126e-08,0.9999448261521121,1.8563825517747536e-09,5.5142449018552695e-05,2.218184627065732
410,82.05470313542361,0.125,0.2,0.5,0.5,2.8448938788475355e-08,0.9999450240896663,1.8041573234785883e-09,5.4945657241010276e-05,2.218184627065732
411,82.25483655770513,0.125,0.2,0.5,0.5,2.739064711712126e-08,0.9999452213035342,1.7532037090973974e-09,5.4749552618291406e-05,2.218184627065732
412,82.45496997998666,0.125,0.2,0.5,0.5,2.6367614982124675e-08,0.9999454177937166,1.7035217039064482e-09,5.4554135150139045e-05,2.218184627065732
413,82.65510340226818,0.125,0.2,0.5,0.5,2.5379842383485596e-08,0.9999456135602132,1.6551113079057405e-09,5.435940483655318e-05,2.218184627065732
414,82.85523682454969,0.125,0.2,0.5,0.5,2.4427329321204095e-08,0.999945808603024,1.607972521095278e-09,5.416536167753384e-05,2.218184627065732
415,83.05537024683122,0.125,0.2,0.5,0.5,2.3510075795280032e-08,0.9999460029221491,1.5621053434750534e-09,5.397200567308099e-05,2.218184627065732
416,83.25550366911274,0.125,0.2,0.5,0.5,2.2628081805713484e-08,0.9999461965175885,1.5175097750450706e-09,5.377933682319464e-05,2.218184627065732
417,83.45563709139427,0.125,0.2,0.5,0.5,2.1781347352504444e-08,0.9999463893893423,1.4741858158053293e-09,5.3587355127874794e-05,2.218184627065732
418,83.65577051367578,0.125,0.2,0.5,0.5,2.0969872435652968e-08,0.9999465815374103,1.4321334657558325e-09,5.339606058712147e-05,2.218184627065732
419,83.8559039359573,0.125,0.2,0.5,0.5,2.0193657055158946e-08,0.9999467729617926,1.3913527248965745e-09,5.3205453200934635e-05,2.218184627065732
420,84.05603735823883,0.125,0.2,0.5,0.5,1.9452701211022433e-08,0.9999469636624893,1.3518435932275579e-09,5.30155329693143e-05,2.218184627065732
421,84.25617078052035,0.125,0.2,0.5,0.5,1.8747004903243427e-08,0.9999471536395002,1.313606070748783e-09,5.282629989226047e-05,2.218184627065732
422,84.45630420280186,0.125,0.2,0.5,0.5,1.807656813182198e-08,0.9999473428928253,1.2766401574602523e-09,5.263775396977316e-05,2.218184627065732
423,84.65643762508338,0.125,0.2,0.5,0.5,1.7441390896757992e-08,0.9999475314224648,1.2409458533619605e-09,5.244989520185234e-05,2.218184627065732
424,84.85657104736491,0.125,0.2,0.5,0.5,1.6838126766449047e-08,0.9999477192381715,1.2064384118848846e-09,5.226271726682135e-05,2.218184627065732
425,85.05670446964643,0.125,0.2,0.5,0.5,1.6253307883612302e-08,0.999947906379196,1.1727767668330195e-09,5.207619472282174e-05,2.218184627065732
426,85.25683789192794,0.125,0.2,0.5,0.5,1.5685518703726134e-08,0.9999480928496639,1.139925070307541e-09,5.1890324895776806e-05,2.218184627065732
427,85.45697131420947,0.125,0.2,0.5,0.5,1.5134759226790466e-08,0.9999482786495753,1.1078833223084446e-09,5.1705107785686525e-05,2.218184627065732
428,85.657104736491,0.125,0.2,0.5,0.5,1.4601029452805338e-08,0.99994846377893,1.0766515228357327e-09,5.152054339255092e-05,2.218184627065732
429,85.85723815877252,0.125,0.2,0.5,0.5,1.4084329381770747e-08,0.9999486482377281,1.0462296718894052e-09,5.133663171636999e-05,2.218184627065732
430,86.05737158105403,0.125,0.2,0.5,0.5,1.3584659013686732e-08,0.9999488320259696,1.0166177694694643e-09,5.115337275714374e-05,2.218184627065732
431,86.25750500333555,0.125,0.2,0.5,0.5,1.310201834855322e-08,0.9999490151436545,9.878158155759056e-10,5.097076651487214e-05,2.218184627065732
432,86.45763842561708,0.125,0.2,0.5,0.5,1.2636407386370246e-08,0.9999491975907827,9.598238102087313e-10,5.0788812989555216e-05,2.218184627065732
433,86.6577718478986,0.125,0.2,0.5,0.5,1.2187826127137813e-08,0.9999493793673544,9.326417533679415e-10,5.0607512181192964e-05,2.218184627065732
434,86.85790527018011,0.125,0.2,0.5,0.5,1.1756274570855948e-08,0.9999495604733695,9.062696450535381e-10,5.042686408978539e-05,2.218184627065732
435,87.05803869246164,0.125,0.2,0.5,0.5,1.1341752717524591e-08,0.9999497409088279,8.807074852655171e-10,5.024686871533248e-05,2.218184627065732
436,87.25817211474316,0.125,0.2,0.5,0.5,1.0944260567143775e-08,0.9999499206737298,8.559552740038806e-10,5.006752605783423e-05,2.218184627065732
437,87.45830553702469,0.125,0.2,0.5,0.5,1.0563798119713495e-08,0.999950099768075,8.320130112686285e-10,4.988883611729066e-05,2.218184627065732
438,87.6584389593062,0.125,0.2,0.5,0.5,1.0200196500668025e-08,0.999950278192804,8.088742845840006e-10,4.971079812860919e-05,2.218184627065732
439,87.85857238158772,0.125,0.2,0.5,0.5,9.848594142068066e-09,0.9999504559749884,7.863544913342351e-10,4.953339006627351e-05,2.218184627065732
440,88.05870580386924,0.125,0.2,0.5,0.5,9.506755872952442e-09,0.999950633127075,7.643687579947291e-10,4.935660180375758e-05,2.218184627065732
441,88.25883922615077,0.125,0.2,0.5,0.5,9.174681693321157e-09,0.9999508096490635,7.429170845654826e-10,4.918043334106137e-05,2.218184627065732
442,88.45897264843228,0.125,0.2,0.5,0.5,8.852371603174231e-09,0.9999509855409541,7.219994710464973e-10,4.900488467818491e-05,2.218184627065732
443,88.6591060707138,0.125,0.2,0.5,0.5,8.539825602511621e-09,0.9999511608027466,7.0161591743777e-10,4.882995581512818e-05,2.218184627065732
444,88.85923949299533,0.125,0.2,0.5,0.5,8.237043691333346e-09,0.9999513354344413,6.817664237393024e-10,4.865564675189118e-05,2.218184627065732
445,89.05937291527685,0.125,0.2,0.5,0.5,7.94402586963941e-09,0.9999515094360379,6.624509899510944e-10,4.848195748847391e-05,2.218184627065732
446,89.25950633755836,0.125,0.2,0.5,0.5,7.660772137429832e-09,0.9999516828075365,6.436696160731473e-10,4.830888802487639e-05,2.218184627065732
447,89.45963975983989,0.125,0.2,0.5,0.5,7.387282494704569e-09,0.9999518555489373,6.254223021054584e-10,4.8136438361098595e-05,2.218184627065732
448,89.65977318212141,0.125,0.2,0.5,0.5,7.123556941463644e-09,0.99995202766024,6.077090480480292e-10,4.796460849714054e-05,2.218184627065732
449,89.85990660440294,0.125,0.2,0.5,0.5,6.869595477707057e-09,0.9999521991414448,5.905298539008595e-10,4.779339843300221e-05,2.218184627065732
450,90.06004002668445,0.125,0.2,0.5,0.5,6.625398103434824e-09,0.9999523699925517,5.738847196639507e-10,4.7622808168683626e-05,2.218184627065732
451,90.26017344896597,0.125,0.2,0.5,0.5,6.39096481864691e-09,0.9999525402135605,5.577736453373002e-10,4.7452837704184766e-05,2.218184627065732
452,90.4603068712475,0.125,0.2,0.5,0.5,6.166295623343335e-09,0.9999527098044714,5.421966309209093e-10,4.7283487039505644e-05,2.218184627065732
453,90.66044029352902,0.125,0.2,0.5,0.5,5.9506261833572086e-09,0.9999528787726562,5.271159381651079e-10,4.711474960486657e-05,2.218184627065732
454,90.86057371581053,0.125,0.2,0.5,0.5,5.741289362441589e-09,0.9999530471438388,5.123998798341931e-10,4.694660247508866e-05,2.218184627065732
455,91.06070713809206,0.125,0.2,0.5,0.5,5.538056090427333e-09,0.9999532149202287,4.980371458132829e-10,4.677904368121562e-05,2.218184627065732
456,91.26084056037358,0.125,0.2,0.5,0.5,5.340926367314454e-09,0.9999533821018258,4.840277361023785e-10,4.6612073223247466e-05,2.218184627065732
457,91.4609739826551,0.125,0.2,0.5,0.5,5.149900193102953e-09,0.9999535486886302,4.7037165070148e-10,4.64456911011842e-05,2.218184627065732
458,91.66110740493662,0.125,0.2,0.5,0.5,4.964977567792844e-09,0.9999537146806416,4.5706888961058805e-10,4.627989731502583e-05,2.218184627065732
459,91.86124082721814,0.125,0.2,0.5,0.5,4.7861584913841e-09,0.9999538800778605,4.4411945282970086e-10,4.611469186477234e-05,2.218184627065732
460,92.06137424949966,0.125,0.2,0.5,0.5,4.613442963876733e-09,0.9999540448802865,4.315233403588195e-10,4.595007475042373e-05,2.218184627065732
461,92.26150767178119,0.125,0.2,0.5,0.5,4.446830985270745e-09,0.9999542090879197,4.1928055219794384e-10,4.578604597198001e-05,2.218184627065732
462,92.4616410940627,0.125,0.2,0.5,0.5,4.286322555566145e-09,0.9999543727007602,4.0739108834707484e-10,4.562260552944119e-05,2.218184627065732
463,92.66177451634422,0.125,0.2,0.5,0.5,4.131917674762912e-09,0.9999545357188078,3.958549488062106e-10,4.5459753422807235e-05,2.218184627065732
464,92.86190793862575,0.125,0.2,0.5,0.5,3.983616342861057e-09,0.9999546981420627,3.8467213357535223e-10,4.529748965207817e-05,2.218184627065732
465,93.06204136090727,0.125,0.2,0.5,0.5,3.841418559860581e-09,0.9999548599705248,3.738426426544996e-10,4.5135814217254e-05,2.218184627065732
466,93.26217478318878,0.125,0.2,0.5,0.5,3.7053243257614916e-09,0.9999550212041942,3.6336647604365344e-10,4.497472711833471e-05,2.218184627065732
467,93.46230820547031,0.125,0.2,0.5,0.5,3.660418585196573e-09,0.9999551807136949,3.574277926598011e-10,4.48152684622261e-05,2.218184627065732
468,93.66244162775183,0.125,0.2,0.5,0.5,3.5186949220949958e-09,0.999955340994532,3.4678114108202723e-10,4.465513999542947e-05,2.218184627065732
469,93.86257505003336,0.125,0.2,0.5,0.5,3.38289419002137e-09,0.9999555006829738,3.364789317036938e-10,4.4495597656604253e-05,2.218184627065732
470,94.06270847231487,0.125,0.2,0.5,0.5,3.2528486601760387e-09,0.9999556597812466,3.265129162506118e-10,4.4336639395377346e-05,2.218184627065732
471,94.26284189459639,0.125,0.2,0.5,0.5,3.1283906037593175e-09,0.9999558182915766,3.168748464485899e-10,4.417826316137561e-05,2.218184627065732
472,94.46297531687792,0.125,0.2,0.5,0.5,3.0093522919715484e-09,0.9999559762161905,3.0755647402343893e-10,4.4020466904225943e-05,2.218184627065732
473,94.66310873915944,0.125,0.2,0.5,0.5,2.895565996013066e-09,0.9999561335573144,2.985495507009691e-10,4.386324857355523e-05,2.218184627065732
474,94.86324216144095,0.125,0.2,0.5,0.5,2.786863987084211e-09,0.9999562903171747,2.898458282069912e-10,4.370660611899038e-05,2.218184627065732
475,95.06337558372248,0.125,0.2,0.5,0.5,2.6830785363853017e-09,0.9999564464979978,2.81437058267314e-10,4.3550537490158245e-05,2.218184627065732
476,95.263509006004,0.125,0.2,0.5,0.5,2.5840419151166797e-09,0.9999566021020099,2.733149926077484e-10,4.339504063668573e-05,2.218184627065732
477,95.46364242828552,0.125,0.2,0.5,0.5,2.489586394478679e-09,0.9999567571314375,2.654713829541045e-10,4.324011350819971e-05,2.218184627065732
478,95.66377585056703,0.125,0.2,0.5,0.5,2.3995442456716388e-09,0.9999569115885069,2.57897981032193e-10,4.30857540543271e-05,2.218184627065732
479,95.86390927284856,0.125,0.2,0.5,0.5,2.31374773989588e-09,0.9999570654754445,2.505865385678229e-10,4.293196022469475e-05,2.218184627065732
480,96.06404269513008,0.125,0.2,0.5,0.5,2.2320291483517433e-09,0.9999572187944765,2.43528807286805e-10,4.277872996892957e-05,2.218184627065732
481,96.26417611741161,0.125,0.2,0.5,0.5,2.1542207422395626e-09,0.9999573715478295,2.367165389149494e-10,4.262606123665844e-05,2.218184627065732
482,96.46430953969312,0.125,0.2,0.5,0.5,2.0801866884464295e-09,0.9999575237383364,2.3014366958504392e-10,4.247395133678245e-05,2.218184627065732
483,96.66444296197464,0.125,0.2,0.5,0.5,2.009949005257223e-09,0.9999576753718322,2.2381494603562814e-10,4.2322394407257876e-05,2.218184627065732
484,96.86457638425617,0.125,0.2,0.5,0.5,1.943380081629331e-09,0.9999578264513067,2.1772486749593164e-10,4.21713875918195e-05,2.218184627065732
485,97.06470980653769,0.125,0.2,0.5,0.5,1.880322684136626e-09,0.9999579769791855,2.1186590447757935e-10,4.202092862926143e-05,2.218184627065732
486,97.2648432288192,0.125,0.2,0.5,0.5,1.8206195793529883e-09,0.9999581269578949,2.062305274921966e-10,4.187101525837778e-05,2.218184627065732
487,97.46497665110073,0.125,0.2,0.5,0.5,1.764113533852282e-09,0.9999582763898607,2.0081120705140742e-10,4.172164521796261e-05,2.218184627065732
488,97.66511007338225,0.125,0.2,0.5,0.5,1.7106473142083871e-09,0.9999584252775089,1.956004136668372e-10,4.157281624681005e-05,2.218184627065732
489,97.86524349566378,0.125,0.2,0.5,0.5,1.6600636869951771e-09,0.9999585736232653,1.9059061785011078e-10,4.1424526083714185e-05,2.218184627065732
490,98.06537691794529,0.125,0.2,0.5,0.5,1.61220541878653e-09,0.9999587214295562,1.857742901128535e-10,4.127677246746912e-05,2.218184627065732
491,98.26551034022681,0.125,0.2,0.5,0.5,1.5669152761563124e-09,0.9999588686988073,1.811439009666895e-10,4.112955313686895e-05,2.218184627065732
492,98.46564376250834,0.125,0.2,0.5,0.5,1.524036025678403e-09,0.9999590154334448,1.76691920923244e-10,4.0982865830707764e-05,2.218184627065732
493,98.66577718478986,0.125,0.2,0.5,0.5,1.4834104339266758e-09,0.9999591616358944,1.72410820494142e-10,4.083670828777968e-05,2.218184627065732
494,98.86591060707137,0.125,0.2,0.5,0.5,1.4448812674750071e-09,0.9999593073085823,1.6829307019100864e-10,4.0691078246878785e-05,2.218184627065732
495,99.0660440293529,0.125,0.2,0.5,0.5,1.4082912928972667e-09,0.9999594524539342,1.6433114052546824e-10,4.0545973446799174e-05,2.218184627065732
496,99.26617745163442,0.125,0.2,0.5,0.5,1.3734832767673306e-09,0.9999595970743764,1.6051750200914603e-10,4.0401391626334946e-05,2.218184627065732
497,99.46631087391594,0.125,0.2,0.5,0.5,1.340299985659074e-09,0.9999597411723347,1.568446251536669e-10,4.0257330524280205e-05,2.218184627065732
498,99.66644429619745,0.125,0.2,0.5,0.5,1.3085841861463724e-09,0.9999598847502349,1.5330498047065598e-10,4.0113787879429064e-05,2.218184627065732
499,99.86657771847898,0.125,0.2,0.5,0.5,1.2781786448030966e-09,0.9999600278105033,1.4989103847173772e-10,3.9970761430575585e-05,2.218184627065732
500,100.0667111407605,0.125,0.2,0.5,0.5,1.2489261282031223e-09,0.9999601703555657,1.4659526966853724e-10,3.982824891651389e-05,2.218184627065732
501,100.26684456304203,0.125,0.2,0.5,0.5,1.2206694029203244e-09,0.999960312387848,1.4341014457267948e-10,3.968624807603808e-05,2.218184627065732
502,100.46697798532354,0.125,0.2,0.5,0.5,1.1932512355285783e-09,0.9999604539097763,1.4032813369578953e-10,3.9544756647942245e-05,2.218184627065732
503,100.66711140760506,0.125,0.2,0.5,0.5,1.1665143926017552e-09,0.9999605949237765,1.373417075494919e-10,3.940377237102048e-05,2.218184627065732
504,100.86724482988659,0.125,0.2,0.5,0.5,1.1403016407137309e-09,0.9999607354322747,1.3444333664541164e-10,3.926329298406689e-05,2.218184627065732
505,101.06737825216811,0.125,0.2,0.5,0.5,1.1144557464383797e-09,0.9999608754376966,1.3162549149517374e-10,3.9123316225875575e-05,2.218184627065732
506,101.26751167444962,0.125,0.2,0.5,0.5,1.0888194763495776e-09,0.9999610149424684,1.2888064261040327e-10,3.898383983524064e-05,2.218184627065732
507,101.46764509673115,0.125,0.2,0.5,0.5,1.063235597021195e-09,0.999961153949016,1.2620126050272472e-10,3.884486155095616e-05,2.218184627065732
508,101.66777851901267,0.125,0.2,0.5,0.5,1.0375468750271086e-09,0.9999612924597653,1.2357981568376324e-10,3.870637911181625e-05,2.218184627065732
509,101.8679119412942,0.125,0.2,0.5,0.5,1.011596076941192e-09,0.9999614304771424,1.210087786651437e-10,3.856839025661501e-05,2.218184627065732
510,102.0680453635757,0.125,0.2,0.5,0.5,9.85225969337322e-10,0.9999615680035732,1.184806199584912e-10,3.8430892724146535e-05,2.218184627065732
511,102.26817878585723,0.125,0.2,0.5,0.5,9.582793187893686e-10,0.9999617050414836,1.1598781007543027e-10,3.829388425320491e-05,2.218184627065732
512,102.46831220813876,0.125,0.2,0.5,0.5,9.30598891871208e-10,0.9999618415932997,1.1352281952758602e-10,3.815736258258426e-05,2.218184627065732
513,102.66844563042028,0.125,0.2,0.5,0.5,9.020274551567146e-10,0.9999619776614473,1.1107811882658333e-10,3.8021325451078665e-05,2.218184627065732
514,102.8685790527018,0.125,0.2,0.5,0.5,8.724077752197625e-10,0.9999621132483526,1.0864617848404713e-10,3.788577059748222e-05,2.218184627065732
515,103.06871247498331,0.125,0.2,0.5,0.5,8.415826186342281e-10,0.9999622483564414,1.0621946901160247e-10,3.7750695760589044e-05,2.218184627065732
516,103.26884589726484,0.125,0.2,0.5,0.5,8.093947519739816e-10,0.9999623829881397,1.0379046092087394e-10,3.7616098679193215e-05,2.218184627065732
517,103.46897931954636,0.125,0.2,0.5,0.5,7.756869418128991e-10,0.9999625171458735,1.0135162472348662e-10,3.748197709208884e-05,2.218184627065732
518,103.66911274182789,0.125,0.2,0.5,0.5,7.403019547248552e-10,0.9999626508320687,9.88954309310654e-11,3.734832873807001e-05,2.218184627065732
519,103.8692461641094,0.125,0.2,0.5,0.5,7.030825572837263e-10,0.9999627840491514,9.641435005523534e-11,3.721515135593085e-05,2.218184627065732
520,104.06937958639092,0.125,0.2,0.5,0.5,6.63871516063382e-10,0.9999629167995474,9.390085260762105e-11,3.708244268446542e-05,2.218184627065732
521,104.26951300867245,0.125,0.2,0.5,0.5,6.225115976376986e-10,0.9999630490856828,9.134740909984756e-11,3.695020046246784e-05,2.218184627065732
522,104.46964643095397,0.125,0.2,0.5,0.5,5.788455685805507e-10,0.9999631809099835,8.874649004353981e-11,3.68184224287322e-05,2.218184627065732
523,104.66977985323548,0.125,0.2,0.5,0.5,5.327161954658156e-10,0.9999633122748756,8.609056595032287e-11,3.668710632205261e-05,2.218184627065732
524,104.869913275517,0.125,0.2,0.5,0.5,4.839662448673613e-10,0.9999634431827847,8.337210733182128e-11,3.655624988122316e-05,2.218184627065732
525,105.07004669779853,0.125,0.2,0.5,0.5,4.324384833590652e-10,0.9999635736361373,8.058358469966014e-11,3.642585084503795e-05,2.218184627065732
526,105.27018012008006,0.125,0.2,0.5,0.5,3.779756775148014e-10,0.999963703637359,7.771746856546435e-11,3.629590695229108e-05,2.218184627065732
527,105.47031354236157,0.125,0.2,0.5,0.5,3.204205939084485e-10,0.9999638331888758,7.476622944085903e-11,3.6166415941776646e-05,2.218184627065732
528,105.67044696464309,0.125,0.2,0.5,0.5,2.596159991138725e-10,0.9999639622931138,7.172233783746867e-11,3.6037375552288744e-05,2.218184627065732
529,105.87058038692462,0.125,0.2,0.5,0.5,1.9580324097347169e-10,0.9999640909490974,6.860303663152842e-11,3.590878650079928e-05,2.218184627065732
530,106.07071380920614,0.125,0.2,0.5,0.5,1.302770984410284e-10,0.9999642191468608,6.549104086679276e-11,3.578065737546074e-05,2.218184627065732
531,106.27084723148765,0.125,0.2,0.5,0.5,6.308529257205974e-11,0.9999643468870812,6.239155925296245e-11,3.565298744647611e-05,2.218184627065732
532,106.47098065376917,0.125,0.2,0.5,0.5,-5.8474319856675984e-12,0.9999644741714846,5.930215734976647e-11,3.552577506517523e-05,2.218184627065732
533,106.6711140760507,0.125,0.2,0.5,0.5,-7.659633058437447e-11,0.9999646010017976,5.6220400716934574e-11,3.539901858288796e-05,2.218184627065732
534,106.87124749833222,0.125,0.2,0.5,0.5,-1.4923665857628672e-10,0.9999647273797464,5.31438549141962e-11,3.527271635094415e-05,2.218184627065732
535,107.07138092061373,0.125,0.2,0.5,0.5,-2.2384367131362354e-10,0.9999648533070575,5.0070085501281085e-11,3.5146866720673684e-05,2.218184627065732
536,107.27151434289526,0.125,0.2,0.5,0.5,-3.0049262414862153e-10,0.9999649787854572,4.699665803791817e-11,3.502146804340638e-05,2.218184627065732
537,107.47164776517678,0.125,0.2,0.5,0.5,-3.7925877243349825e-10,0.9999651038166718,4.3921138083837236e-11,3.489651867047213e-05,2.218184627065732
538,107.67178118745831,0.125,0.2,0.5,0.5,-4.60217371520482e-10,0.9999652284024277,4.0841091198767715e-11,3.477201695320077e-05,2.218184627065732
539,107.87191460973982,0.125,0.2,0.5,0.5,-5.434436767617887e-10,0.9999653525444514,3.775408294243929e-11,3.464796124292217e-05,2.218184627065732
540,108.07204803202134,0.125,0.2,0.5,0.5,-6.29012943509659e-10,0.999965476244469,3.465767887458105e-11,3.452434989096617e-05,2.218184627065732
541,108.27218145430287,0.125,0.2,0.5,0.5,-7.17000427116309e-10,0.999965599504207,3.1549444554922605e-11,3.440118124866265e-05,2.218184627065732
542,108.47231487658439,0.125,0.2,0.5,0.5,-8.074813829339651e-10,0.9999657223253918,2.842694554319348e-11,3.427845366734145e-05,2.218184627065732
543,108.6724482988659,0.125,0.2,0.5,0.5,-9.005310663148459e-10,0.9999658447097497,2.528774739912334e-11,3.415616549833244e-05,2.218184627065732
544,108.87258172114743,0.125,0.2,0.5,0.5,-9.962247326111895e-10,0.9999659666590072,2.2129415682441244e-11,3.4034315092965466e-05,2.218184627065732
545,109.07271514342895,0.125,0.2,0.5,0.5,-1.0946376371752151e-09,0.9999660881748903,1.8949515952876853e-11,3.391290080257039e-05,2.218184627065732
546,109.27284856571048,0.125,0.2,0.5,0.5,-1.1958450353591478e-09,0.9999662092591257,1.574561377015967e-11,3.3791920978477064e-05,2.218184627065732
547,109.47298198799199,0.125,0.2,0.5,0.5,-1.2999221825152044e-09,0.9999663299134397,1.251527469401937e-11,3.367137397201536e-05,2.218184627065732
548,109.67311541027351,0.125,0.2,0.5,0.5,-1.4069443339956246e-09,0.9999664501395586,9.256064284185e-12,3.355125813451512e-05,2.218184627065732
549,109.87324883255503,0.125,0.2,0.5,0.5,-1.5169867451526285e-09,0.9999665699392087,5.965548100386208e-12,3.3431571817306205e-05,2.218184627065732
550,110.07338225483656,0.125,0.2,0.5,0.5,-1.6301246713384387e-09,0.9999666893141166,2.6412917023525107e-12,3.331231337171847e-05,2.218184627065732
551,110.27351567711807,0.125,0.2,0.5,0.5,-1.7464333679052735e-09,0.9999668082660084,-7.191393501864203e-13,3.3193481149081784e-05,2.218184627065732
552,110.4736490993996,0.125,0.2,0.5,0.5,-1.865988090205373e-09,0.9999669267966105,-4.1181794975015335e-12,3.307507350072599e-05,2.218184627065732
553,110.67378252168112,0.125,0.2,0.5,0.5,-1.988864093590956e-09,0.9999670449076493,-7.55826317986317e-12,3.2957088777980955e-05,2.218184627065732
554,110.87391594396264,0.125,0.2,0.5,0.5,-2.1151366334142474e-09,0.9999671626008512,-1.1041824837541852e-11,3.283952533217653e-05,2.218184627065732
555,111.07404936624415,0.125,0.2,0.5,0.5,-2.2448809650274614e-09,0.9999672798779425,-1.4571298910807817e-11,3.272238151464258e-05,2.218184627065732
556,111.27418278852568,0.125,0.2,0.5,0.5,-2.3781723437828437e-09,0.9999673967406497,-1.8149119839932143e-11,3.2605655676708956e-05,2.218184627065732
557,111.4743162108072,0.125,0.2,0.5,0.5,-2.515086025032609e-09,0.999967513190699,-2.177772206518508e-11,3.248934616970551e-05,2.218184627065732
558,111.67444963308873,0.125,0.2,0.5,0.5,-2.6556972641289833e-09,0.9999676292298169,-2.5459540026837178e-11,3.2373451344962106e-05,2.218184627065732
559,111.87458305537024,0.125,0.2,0.5,0.5,-2.8000813164241803e-09,0.9999677448597295,-2.9197008165158686e-11,3.225796955380861e-05,2.218184627065732
560,112.07471647765176,0.125,0.2,0.5,0.5,-2.9483134372704464e-09,0.9999678600821634,-3.299256092042064e-11,3.214289914757486e-05,2.218184627065732
561,112.27484989993329,0.125,0.2,0.5,0.5,-3.100468882019997e-09,0.9999679748988449,-3.684863273289334e-11,3.202823847759073e-05,2.218184627065732
562,112.47498332221481,0.125,0.2,0.5,0.5,-3.2566229060250566e-09,0.9999680893115004,-4.0767658042847307e-11,3.1913985895186064e-05,2.218184627065732
563,112.67511674449632,0.125,0.2,0.5,0.5,-3.4168507646378382e-09,0.9999682033218562,-4.4752071290552774e-11,3.1800139751690736e-05,2.218184627065732
564,112.87525016677785,0.125,0.2,0.5,0.5,-3.5812277132105915e-09,0.9999683169316386,-4.8804306916280844e-11,3.1686698398434585e-05,2.218184627065732
565,113.07538358905937,0.125,0.2,0.5,0.5,-3.749829007095529e-09,0.9999684301425741,-5.292679936030175e-11,3.157366018674747e-05,2.218184627065732
566,113.2755170113409,0.125,0.2,0.5,0.5,-3.9227299016448765e-09,0.9999685429563889,-5.7121983062886044e-11,3.146102346795926e-05,2.218184627065732
567,113.4756504336224,0.125,0.2,0.5,0.5,-4.100005652210846e-09,0.9999686553748096,-6.139229246430393e-11,3.1348786593399816e-05,2.218184627065732
568,113.67578385590393,0.125,0.2,0.5,0.5,-4.281731514145687e-09,0.9999687673995623,-6.574016200482655e-11,3.1236947914398976e-05,2.218184627065732
569,113.87591727818545,0.125,0.2,0.5,0.5,-4.467982742801615e-09,0.9999688790323735,-7.016802612472413e-11,3.11255057822866e-05,2.218184627065732
570,114.07605070046698,0.125,0.2,0.5,0.5,-4.658834593530853e-09,0.9999689902749695,-7.46783192642672e-11,3.101445854839256e-05,2.218184627065732
571,114.27618412274849,0.125,0.2,0.5,0.5,-4.8543623216856115e-09,0.9999691011290768,-7.927347586372595e-11,3.090380456404671e-05,2.218184627065732
572,114.47631754503001,0.125,0.2,0.5,0.5,-5.054641182618145e-09,0.9999692115964215,-8.395593036337158e-11,3.07935421805789e-05,2.218184627065732
573,114.67645096731154,0.125,0.2,0.5,0.5,-5.259746431680664e-09,0.9999693216787302,-8.872811720347427e-11,3.068366974931898e-05,2.218184627065732
574,114.87658438959306,0.125,0.2,0.5,0.5,-5.469753324225394e-09,0.9999694313777292,-9.359247082430458e-11,3.057418562159683e-05,2.218184627065732
575,115.07671781187457,0.125,0.2,0.5,0.5,-5.6847371156045446e-09,0.9999695406951448,-9.855142566613266e-11,3.0465088148742294e-05,2.218184627065732
576,115.2768512341561,0.125,0.2,0.5,0.5,-5.89801992640514e-09,0.9999696496248021,-1.0347982330728423e-10,3.035637670269865e-05,2.218184627065732
577,115.47698465643762,0.125,0.2,0.5,0.5,-6.0925854832301925e-09,0.9999697581484298,-1.0805717303638619e-10,3.0248052217869317e-05,2.218184627065732
578,115.67711807871915,0.125,0.2,0.5,0.5,-6.264295532465389e-09,0.9999698662628245,-1.1220629979581453e-10,3.014011368237936e-05,2.218184627065732
579,115.87725150100066,0.125,0.2,0.5,0.5,-6.40954959042976e-09,0.9999699739654117,-1.1586018908407952e-10,3.00325600030797e-05,2.218184627065732
580,116.07738492328218,0.125,0.2,0.5,0.5,-6.52474717344237e-09,0.9999700812536172,-1.189518263996922e-10,2.9925390086821256e-05,2.218184627065732
581,116.2775183455637,0.125,0.2,0.5,0.5,-6.606287797822248e-09,0.9999701881248665,-1.2141419724116273e-10,2.9818602840454952e-05,2.218184627065732
582,116.47765176784523,0.125,0.2,0.5,0.5,-6.6505709798884385e-09,0.9999702945765854,-1.231802871070017e-10,2.9712197170831714e-05,2.218184627065732
583,116.67778519012674,0.125,0.2,0.5,0.5,-6.653996235959983e-09,0.9999704006061995,-1.241830814957195e-10,2.9606171984802472e-05,2.218184627065732
584,116.87791861240827,0.125,0.2,0.5,0.5,-6.612963082355925e-09,0.9999705062111345,-1.2435556590582684e-10,2.9500526189218135e-05,2.218184627065732
585,117.07805203468979,0.125,0.2,0.5,0.5,-6.523871035395304e-09,0.9999706113888158,-1.236307258358341e-10,2.9395258690929635e-05,2.218184627065732
586,117.27818545697131,0.125,0.2,0.5,0.5,-6.3831196113971625e-09,0.9999707161366694,-1.2194154678425177e-10,2.929036839678789e-05,2.218184627065732
587,117.47831887925283,0.125,0.2,0.5,0.5,-6.187179958980905e-09,0.9999708204521965,-1.192223349795811e-10,2.9185854210804886e-05,2.218184627065732
588,117.67845230153435,0.125,0.2,0.5,0.5,-5.957004722030961e-09,0.9999709243588019,-1.1585877744994301e-10,2.9081714066735362e-05,2.218184627065732
589,117.87858572381587,0.125,0.2,0.5,0.5,-5.7136021461361166e-09,0.9999710278799487,-1.1223758638721965e-10,2.8977945896130466e-05,2.218184627065732
590,118.0787191460974,0.125,0.2,0.5,0.5,-5.460489713255455e-09,0.9999711310205941,-1.0842298572072343e-10,2.8874548323739984e-05,2.218184627065732
591,118.27885256837891,0.125,0.2,0.5,0.5,-5.201184905348075e-09,0.999971233785695,-1.0447919937976703e-10,2.8771519974313718e-05,2.218184627065732
592,118.47898599066043,0.125,0.2,0.5,0.5,-4.939205204373026e-09,0.9999713361802083,-1.0047045129366223e-10,2.8668859472601444e-05,2.218184627065732
593,118.67911941294196,0.125,0.2,0.5,0.5,-4.678068092289406e-09,0.999971438209091,-9.646096539172174e-11,2.856656544335296e-05,2.218184627065732
594,118.87925283522348,0.125,0.2,0.5,0.5,-4.4212910510563e-09,0.9999715398772999,-9.25149656032579e-11,2.8464636511318063e-05,2.218184627065732
595,119.07938625750499,0.125,0.2,0.5,0.5,-4.172391562632808e-09,0.9999716411897922,-8.869667585758339e-11,2.8363071301246543e-05,2.218184627065732
596,119.27951967978652,0.125,0.2,0.5,0.5,-3.9348871089779766e-09,0.9999717421515247,-8.507032008401004e-11,2.8261868437888184e-05,2.218184627065732
597,119.47965310206804,0.125,0.2,0.5,0.5,-3.712295172050907e-09,0.9999718427674545,-8.17001222118505e-11,2.816102654599278e-05,2.218184627065732
598,119.67978652434957,0.125,0.2,0.5,0.5,-3.508133233810682e-09,0.9999719430425384,-7.865030617041716e-11,2.806054425031013e-05,2.218184627065732
599,119.87991994663108,0.125,0.2,0.5,0.5,-3.324890743513505e-09,0.9999720429806512,-7.596438298066343e-11,2.7960420209200057e-05,2.218184627065732
600,120.0800533689126,0.125,0.2,0.5,0.5,-3.1524542173640636e-09,0.9999721425723983,-7.343193847554215e-11,2.786065349305699e-05,2.218184627065732
601,120.28018679119413,0.125,0.2,0.5,0.5,-2.98780311759311e-09,0.9999722418158534,-7.09854678921729e-11,2.7761242940381798e-05,2.218184627065732
602,120.48032021347565,0.125,0.2,0.5,0.5,-2.8315109950325833e-09,0.9999723407128739,-6.862988053351356e-11,2.766218727217182e-05,2.218184627065732
603,120.68045363575716,0.125,0.2,0.5,0.5,-2.684151400514431e-09,0.9999724392653173,-6.637008570252217e-11,2.756348520942441e-05,2.218184627065732
604,120.88058705803869,0.125,0.2,0.5,0.5,-2.5462978848705712e-09,0.9999725374750409,-6.421099270215629e-11,2.7465135473136902e-05,2.218184627065732
605,121.08072048032021,0.125,0.2,0.5,0.5,-2.4185239989329536e-09,0.9999726353439023,-6.2157510835374e-11,2.736713678430665e-05,2.218184627065732
606,121.28085390260173,0.125,0.2,0.5,0.5,-2.301403293533516e-09,0.9999727328737591,-6.021454940513316e-11,2.7269487863931005e-05,2.218184627065732
607,121.48098732488324,0.125,0.2,0.5,0.5,-2.1955093195042044e-09,0.9999728300664685,-5.838701771439179e-11,2.7172187433007317e-05,2.218184627065732
608,121.68112074716477,0.125,0.2,0.5,0.5,-2.1014156276769424e-09,0.9999729269238881,-5.667982506610753e-11,2.707523421253292e-05,2.218184627065732
609,121.8812541694463,0.125,0.2,0.5,0.5,-2.0196957688836763e-09,0.9999730234478753,-5.509788076323839e-11,2.6978626923505166e-05,2.218184627065732
610,122.08138759172782,0.125,0.2,0.5,0.5,-1.950923293956345e-09,0.9999731196402877,-5.3646094108742266e-11,2.6882364286921406e-05,2.218184627065732
611,122.28152101400933,0.125,0.2,0.5,0.5,-1.709086581929039e-09,0.9999732155939663,-5.060207903525276e-11,2.678616572730509e-05,2.218184627065732
612,122.48165443629085,0.125,0.2,0.5,0.5,-1.7034988855212438e-09,0.9999733110953821,-4.97576265346271e-11,2.6690657879514046e-05,2.218184627065732
613,122.68178785857238,0.125,0.2,0.5,0.5,-1.6939932440189118e-09,0.9999734062640596,-4.888896069263343e-11,2.6595478827797113e-05,2.218184627065732
614,122.8819212808539,0.125,0.2,0.5,0.5,-1.6805696574220433e-09,0.9999735010999988,-4.799608150927175e-11,2.650062857215429e-05,2.218184627065732
615,123.08205470313541,0.125,0.2,0.5,0.5,-1.6632281257306396e-09,0.9999735956031998,-4.707898898454213e-11,2.6406107112585587e-05,2.218184627065732
616,123.28218812541694,0.125,0.2,0.5,0.5,-1.641968648944698e-09,0.9999736897736625,-4.6137683118444433e-11,2.6311914449090986e-05,2.218184627065732
617,123.48232154769846,0.125,0.2,0.5,0.5,-1.6167912270642196e-09,0.999973783611387,-4.517216391097873e-11,2.6218050581670497e-05,2.218184627065732
618,123.68245496997999,0.125,0.2,0.5,0.5,-1.5876958600892048e-09,0.9999738771163732,-4.418243136214502e-11,2.6124515510324115e-05,2.218184627065732
619,123.8825883922615,0.125,0.2,0.5,0.5,-1.5546825480196558e-09,0.9999739702886212,-4.316848547194337e-11,2.6031309235051854e-05,2.218184627065732
620,124.08272181454302,0.125,0.2,0.5,0.5,-1.5177512908555678e-09,0.999974063128131,-4.213032624037364e-11,2.5938431755853693e-05,2.218184627065732
621,124.28285523682455,0.125,0.2,0.5,0.5,-1.4769020885969432e-09,0.9999741556349024,-4.10679536674359e-11,2.5845883072729647e-05,2.218184627065732
622,124.48298865910607,0.125,0.2,0.5,0.5,-1.432134941243782e-09,0.9999742478089356,-3.998136775313016e-11,2.5753663185679708e-05,2.218184627065732
623,124.68312208138758,0.125,0.2,0.5,0.5,-1.3852987717291564e-09,0.9999743396554336,-3.888958102580998e-11,2.5661768759695117e-05,2.218184627065732
624,124.8832555036691,0.125,0.2,0.5,0.5,-1.339002652050046e-09,0.9999744311817383,-3.781942264878529e-11,2.5570195088642446e-05,2.218184627065732
625,125.08338892595063,0.125,0.2,0.5,0.5,-1.2932651711187033e-09,0.9999745223879021,-3.677108377238207e-11,2.5478942138991817e-05,2.218184627065732
626,125.28352234823215,0.125,0.2,0.5,0.5,-1.2480863289351278e-09,0.9999746132739249,-3.57445643966003e-11,2.538800991074322e-05,2.218184627065732
627,125.48365577051366,0.125,0.2,0.5,0.5,-1.203466125499323e-09,0.9999747038398068,-3.473986452144006e-11,2.5297398403896674e-05,2.218184627065732
628,125.68378919279519,0.125,0.2,0.5,0.5,-1.1594045608112828e-09,0.9999747940855478,-3.37569841469012e-11,2.5207107618452152e-05,2.218184627065732
629,125.88392261507671,0.125,0.2,0.5,0.5,-1.11590163487101e-09,0.9999748840111479,-3.2795923272983804e-11,2.5117137554409673e-05,2.218184627065732
630,126.08405603735824,0.125,0.2,0.5,0.5,-1.0729573476785048e-09,0.9999749736166069,-3.1856681899687857e-11,2.5027488211769226e-05,2.218184627065732
631,126.28418945963975,0.125,0.2,0.5,0.5,-1.0305716992337702e-09,0.9999750629019251,-3.0939260027013436e-11,2.4938159590530828e-05,2.218184627065732
632,126.48432288192127,0.125,0.2,0.5,0.5,-9.887446895368e-10,0.9999751518671023,-3.00436576549604e-11,2.4849151690694455e-05,2.218184627065732
633,126.6844563042028,0.125,0.2,0.5,0.5,-9.474763185875974e-10,0.9999752405121386,-2.916987478352882e-11,2.4760464512260125e-05,2.218184627065732
634,126.88458972648432,0.125,0.2,0.5,0.5,-9.067665863861623e-10,0.999975328837034,-2.83179114127187e-11,2.467209805522783e-05,2.218184627065732
635,127.08472314876583,0.125,0.2,0.5,0.5,-8.666154929324976e-10,0.9999754168417884,-2.7487767542530093e-11,2.458405231959758e-05,2.218184627065732
636,127.28485657104736,0.125,0.2,0.5,0.5,-8.270230382265976e-10,0.9999755045264019,-2.667944317296288e-11,2.449632730536936e-05,2.218184627065732
637,127.48498999332888,0.125,0.2,0.5,0.5,-7.880887780109802e-10,0.9999755918926599,-2.589282062827698e-11,2.4408921326495782e-05,2.218184627065732
638,127.6851234156104,0.125,0.2,0.5,0.5,-7.50526530594567e-10,0.9999756789533645,-2.5127056169118348e-11,2.4321822293955434e-05,2.218184627065732
639,127.88525683789192,0.125,0.2,0.5,0.5,-7.14477051732845e-10,0.99997576571104,-2.4381983420978747e-11,2.4235027823949373e-05,2.218184627065732
640,128.08539026017345,0.125,0.2,0.5,0.5,-6.799403414258066e-10,0.9999758521656864,-2.365760238385802e-11,2.4148537916477576e-05,2.218184627065732
641,128.28552368245496,0.125,0.2,0.5,0.5,-6.469163996734615e-10,0.9999759383173037,-2.2953913057756373e-11,2.406235257154007e-05,2.218184627065732
642,128.48565710473648,0.125,0.2,0.5,0.5,-6.154052264758049e-10,0.999976024165892,-2.22709154426737e-11,2.397647178913684e-05,2.218184627065732
643,128.685790527018,0.125,0.2,0.5,0.5,-5.854068218328323e-10,0.9999761097114512,-2.1608609538609914e-11,2.3890895569267874e-05,2.218184627065732
644,128.88592394929952,0.125,0.2,0.5,0.5,-5.569211857445527e-10,0.9999761949539813,-2.0966995345565193e-11,2.38056239119332e-05,2.218184627065732
645,129.08605737158106,0.125,0.2,0.5,0.5,-5.299483182109576e-10,0.9999762798934824,-2.0346072863539366e-11,2.372065681713279e-05,2.218184627065732
646,129.28619079386257,0.125,0.2,0.5,0.5,-5.044882192320548e-10,0.9999763645299543,-1.97458420925326e-11,2.363599428486667e-05,2.218184627065732
647,129.48632421614408,0.125,0.2,0.5,0.5,-4.805408888078405e-10,0.9999764488633972,-1.9166303032544812e-11,2.3551636315134825e-05,2.218184627065732
648,129.68645763842562,0.125,0.2,0.5,0.5,-4.581063269383114e-10,0.9999765328938109,-1.860745568357592e-11,2.3467582907937248e-05,2.218184627065732
649,129.88659106070713,0.125,0.2,0.5,0.5,-4.37184533623474e-10,0.9999766166211957,-1.8069300045626086e-11,2.338383406327396e-05,2.218184627065732
650,130.08672448298864,0.125,0.2,0.5,0.5,-4.17775508863325e-10,0.9999767000455514,-1.755183611869523e-11,2.330038978114495e-05,2.218184627065732
651,130.28685790527018,0.125,0.2,0.5,0.5,-3.998792432425753e-10,0.9999767831668781,-1.7055063802315732e-11,2.3217250061375555e-05,2.218184627065732
652,130.4869913275517,0.125,0.2,0.5,0.5,-3.830780158419602e-10,0.9999768659925024,-1.6574525727948312e-11,2.3134407155334227e-05,2.218184627065732
653,130.68712474983323,0.125,0.2,0.5,0.5,-3.6696197278275297e-10,0.9999769485296127,-1.610584847376865e-11,2.3051853460321255e-05,2.218184627065732
654,130.88725817211474,0.125,0.2,0.5,0.5,-3.5153111406495837e-10,0.999977030778209,-1.5649032039776876e-11,2.2969588976336662e-05,2.218184627065732
655,131.08739159439625,0.125,0.2,0.5,0.5,-3.3678543968857403e-10,0.9999771127382913,-1.5204076425972923e-11,2.2887613703380435e-05,2.218184627065732
656,131.2875250166778,0.125,0.2,0.5,0.5,-3.22724949653598e-10,0.9999771944098597,-1.4770981632356733e-11,2.2805927641452564e-05,2.218184627065732
657,131.4876584389593,0.125,0.2,0.5,0.5,-3.093496439600342e-10,0.999977275792914,-1.4349747658928427e-11,2.2724530790553073e-05,2.218184627065732
658,131.6877918612408,0.125,0.2,0.5,0.5,-2.9665952260788067e-10,0.9999773568874544,-1.3940374505687942e-11,2.264342315068195e-05,2.218184627065732
659,131.88792528352235,0.125,0.2,0.5,0.5,-2.846545855971358e-10,0.9999774376934808,-1.3542862172635223e-11,2.256260472183918e-05,2.218184627065732
660,132.08805870580386,0.125,0.2,0.5,0.5,-2.733348329278028e-10,0.9999775182109932,-1.3157210659770383e-11,2.2482075504024795e-05,2.218184627065732
661,132.2881921280854,0.125,0.2,0.5,0.5,-2.627002645998787e-10,0.9999775984399916,-1.2783419967093313e-11,2.240183549723876e-05,2.218184627065732
662,132.4883255503669,0.125,0.2,0.5,0.5,-2.5275088061336634e-10,0.999977678380476,-1.2421490094604118e-11,2.2321884701481106e-05,2.218184627065732
663,132.68845897264842,0.125,0.2,0.5,0.5,-2.434866809682643e-10,0.9999777580324465,-1.2071421042302746e-11,2.224222311675182e-05,2.218184627065732
664,132.88859239492996,0.125,0.2,0.5,0.5,-2.3490766566457123e-10,0.999977837395903,-1.1733212810189149e-11,2.216285074305089e-05,2.218184627065732
665,133.08872581721147,0.125,0.2,0.5,0.5,-2.2701383470228973e-10,0.9999779164708454,-1.1406865398263422e-11,2.2083767580378336e-05,2.218184627065732
666,133.28885923949298,0.125,0.2,0.5,0.5,-2.1973548441185407e-10,0.9999779952597627,-1.109166226257477e-11,2.2004971069456547e-05,2.218184627065732
667,133.48899266177452,0.125,0.2,0.5,0.5,-2.127316396847732e-10,0.99997807377483,-1.078409822681214e-11,2.1926448690859122e-05,2.218184627065732
668,133.68912608405603,0.125,0.2,0.5,0.5,-2.0595665468735837e-10,0.9999781520176768,-1.0483704058204775e-11,2.1848198768628982e-05,2.218184627065732
669,133.88925950633757,0.125,0.2,0.5,0.5,-1.994105294196077e-10,0.9999782299883032,-1.019047975675259e-11,2.1770221302766107e-05,2.218184627065732
670,134.08939292861908,0.125,0.2,0.5,0.5,-1.9309326388152305e-10,0.9999783076867094,-9.90442532245567e-12,2.169251629327052e-05,2.218184627065732
671,134.2895263509006,0.125,0.2,0.5,0.5,-1.8700485807310343e-10,0.9999783851128952,-9.625540755313972e-12,2.161508374014221e-05,2.218184627065732
672,134.48965977318213,0.125,0.2,0.5,0.5,-1.8114531199434808e-10,0.9999784622668607,-9.353826055327459e-12,2.153792364338116e-05,2.218184627065732
673,134.68979319546364,0.125,0.2,0.5,0.5,-1.7551462564525865e-10,0.9999785391486058,-9.089281222496204e-12,2.14610360029874e-05,2.218184627065732
674,134.88992661774515,0.125,0.2,0.5,0.5,-1.7011279902583426e-10,0.9999786157581306,-8.831906256820172e-12,2.1384420818960913e-05,2.218184627065732
675,135.09006004002669,0.125,0.2,0.5,0.5,-1.6493983213607422e-10,0.9999786920954351,-8.581701158299327e-12,2.130807809130169e-05,2.218184627065732
676,135.2901934623082,0.125,0.2,0.5,0.5,-1.5999572497598002e-10,0.9999787681605192,-8.338665926933738e-12,2.123200782000976e-05,2.218184627065732
677,135.49032688458973,0.125,0.2,0.5,0.5,-1.5528047754555019e-10,0.999978843953383,-8.10280056272334e-12,2.1156210005085088e-05,2.218184627065732
678,135.69046030687124,0.125,0.2,0.5,0.5,-1.5079408984478612e-10,0.9999789194740264,-7.874105065668196e-12,2.1080684646527705e-05,2.218184627065732
679,135.89059372915276,0.125,0.2,0.5,0.5,-1.4653656187368713e-10,0.9999789947224494,-7.652579435768275e-12,2.1005431744337597e-05,2.218184627065732
680,136.0907271514343,0.125,0.2,0.5,0.5,-1.4250789363225266e-10,0.9999790696986522,-7.438223673023544e-12,2.093045129851475e-05,2.218184627065732
681,136.2908605737158,0.125,0.2,0.5,0.5,-1.387080851204838e-10,0.9999791444026347,-7.231037777434067e-12,2.0855743309059197e-05,2.218184627065732
682,136.49099399599731,0.125,0.2,0.5,0.5,-1.3513713633838003e-10,0.9999792188343968,-7.031021748999811e-12,2.0781307775970914e-05,2.218184627065732
683,136.69112741827885,0.125,0.2,0.5,0.5,-1.3179504728594087e-10,0.9999792929939385,-6.83817558772075e-12,2.0707144699249897e-05,2.218184627065732
684,136.89126084056036,0.125,0.2,0.5,0.5,-1.2868181796316724e-10,0.9999793668812599,-6.652499293596939e-12,2.0633254078896168e-05,2.218184627065732
685,137.0913942628419,0.125,0.2,0.5,0.5,-1.2577558628987625e-10,0.999979440498376,-6.473621616185289e-12,2.055963387761675e-05,2.218184627065732
686,137.2915276851234,0.125,0.2,0.5,0.5,-1.2293172623135573e-10,0.9999795138586172,-6.299086591597011e-12,2.048627061793839e-05,2.218184627065732
687,137.49166110740492,0.125,0.2,0.5,0.5,-1.201237429008652e-10,0.9999795869644256,-6.128444297484407e-12,2.0413161830844145e-05,2.218184627065732
688,137.69179452968646,0.125,0.2,0.5,0.5,-1.1735163629840424e-10,0.9999796598158013,-5.961694733847456e-12,2.034030751633401e-05,2.218184627065732
689,137.89192795196797,0.125,0.2,0.5,0.5,-1.1461540642397366e-10,0.9999797324127441,-5.798837900686206e-12,2.0267707674408e-05,2.218184627065732
690,138.09206137424948,0.125,0.2,0.5,0.5,-1.1191505327757302e-10,0.999979804755254,-5.63987379800063e-12,2.019536230506611e-05,2.218184627065732
691,138.29219479653102,0.125,0.2,0.5,0.5,-1.09250576859202e-10,0.9999798768433312,-5.4848024257907095e-12,2.0123271408308327e-05,2.218184627065732
692,138.49232821881253,0.125,0.2,0.5,0.5,-1.0662197716886131e-10,0.9999799486769756,-5.333623784056487e-12,2.0051434984134675e-05,2.218184627065732
693,138.69246164109407,0.125,0.2,0.5,0.5,-1.0402925420655023e-10,0.9999800202561872,-5.1863378727979195e-12,1.9979853032545126e-05,2.218184627065732
694,138.89259506337558,0.125,0.2,0.5,0.5,-1.014724079722695e-10,0.9999800915809659,-5.0429446920150484e-12,1.990852555353971e-05,2.218184627065732
695,139.0927284856571,0.125,0.2,0.5,0.5,-9.895143846601873e-11,0.9999801626513118,-4.903444241707854e-12,1.983745254711841e-05,2.218184627065732
696,139.29286190793863,0.125,0.2,0.5,0.5,-9.646634568779757e-11,0.999980233467225,-4.7678365218763164e-12,1.9766634013281217e-05,2.218184627065732
697,139.49299533022014,0.125,0.2,0.5,0.5,-9.401712963760674e-11,0.9999803040287053,-4.636121532520473e-12,1.9696069952028154e-05,2.218184627065732
698,139.69312875250165,0.125,0.2,0.5,0.5,-9.160379031544588e-11,0.9999803743357528,-4.508299273640307e-12,1.9625760363359206e-05,2.218184627065732
699,139.8932621747832,0.125,0.2,0.5,0.5,-8.922632772131467e-11,0.9999804443883675,-4.384369745235799e-12,1.955570524727437e-05,2.218184627065732
700,140.0933955970647,0.125,0.2,0.5,0.5,-8.688474185521376e-11,0.9999805141865494,-4.264332947306985e-12,1.9485904603773657e-05,2.218184627065732
701,140.29352901934624,0.125,0.2,0.5,0.5,-8.457903271714249e-11,0.9999805837302985,-4.14818887985383e-12,1.9416358432857056e-05,2.218184627065732
702,140.49366244162775,0.125,0.2,0.5,0.5,-8.23092003071015e-11,0.9999806530196148,-4.035937542876368e-12,1.9347066734524583e-05,2.218184627065732
703,140.69379586390926,0.125,0.2,0.5,0.5,-8.00752446250905e-11,0.9999807220544983,-3.927578936374582e-12,1.9278029508776225e-05,2.218184627065732
704,140.8939292861908,0.125,0.2,0.5,0.5,-7.819626816722854e-11,0.999980789880997,-3.918772956468149e-12,1.921020112263317e-05,2.218184627065732
705,141.0940627084723,0.125,0.2,0.5,0.5,-7.598039027517238e-11,0.9999808585674774,-3.802109029096162e-12,1.914151230966551e-05,2.218184627065732
706,141.29419613075382,0.125,0.2,0.5,0.5,-7.379997735798314e-11,0.9999809270007559,-3.689214397675575e-12,1.907307673781671e-05,2.218184627065732
707,141.49432955303536,0.125,0.2,0.5,0.5,-7.16547351520919e-11,0.9999809951817124,-3.5800008484733245e-12,1.9004893527007622e-05,2.218184627065732
708,141.69446297531687,0.125,0.2,0.5,0.5,-6.95443693939306e-11,0.9999810631112261,-3.4743801677563904e-12,1.8936961797159154e-05,2.218184627065732
709,141.8945963975984,0.125,0.2,0.5,0.5,-6.746858581993e-11,0.9999811307901773,-3.3722641417916933e-12,1.8869280668192153e-05,2.218184627065732
710,142.09472981987992,0.125,0.2,0.5,0.5,-6.542709016652206e-11,0.9999811982194452,-3.273564556846212e-12,1.880184926002752e-05,2.218184627065732
711,142.29486324216143,0.125,0.2,0.5,0.5,-6.341958817013784e-11,0.9999812653999098,-3.1781931991868827e-12,1.8734666692586117e-05,2.218184627065732
712,142.49499666444297,0.125,0.2,0.5,0.5,-6.144578556720839e-11,0.9999813323324507,-3.0860618550806424e-12,1.866773208578881e-05,2.218184627065732
713,142.69513008672448,0.125,0.2,0.5,0.5,-5.950538809416566e-11,0.9999813990179476,-2.9970823107944676e-12,1.860104455955649e-05,2.218184627065732
714,142.89526350900599,0.125,0.2,0.5,0.5,-5.7598101487440716e-11,0.9999814654572801,-2.911166352595295e-12,1.8534603233810033e-05,2.218184627065732
715,143.09539693128752,0.125,0.2,0.5,0.5,-5.5723631483464655e-11,0.9999815316513281,-2.8282257667500632e-12,1.8468407228470295e-05,2.218184627065732
716,143.29553035356903,0.125,0.2,0.5,0.5,-5.388168381866935e-11,0.999981597600971,-2.748172339525747e-12,1.8402455663458176e-05,2.218184627065732
717,143.49566377585057,0.125,0.2,0.5,0.5,-5.207196422948565e-11,0.9999816633070889,-2.6709178571892723e-12,1.833674765869453e-05,2.218184627065732
718,143.69579719813208,0.125,0.2,0.5,0.5,-5.029417845234543e-11,0.9999817287705612,-2.5963741060076126e-12,1.8271282334100254e-05,2.218184627065732
719,143.8959306204136,0.125,0.2,0.5,0.5,-4.854803222367977e-11,0.9999817939922676,-2.5244528722477062e-12,1.820605880959621e-05,2.218184627065732
720,144.09606404269513,0.125,0.2,0.5,0.5,-4.68332312799198e-11,0.999981858973088,-2.4550659421764943e-12,1.8141076205103264e-05,2.218184627065732
721,144.29619746497664,0.125,0.2,0.5,0.5,-4.514948135749736e-11,0.9999819237139019,-2.388125102060946e-12,1.8076333640542312e-05,2.218184627065732
722,144.49633088725815,0.125,0.2,0.5,0.5,-4.349648819284356e-11,0.999981988215589,-2.323542138168002e-12,1.801183023583422e-05,2.218184627065732
723,144.6964643095397,0.125,0.2,0.5,0.5,-4.187396389203547e-11,0.9999820524791271,-2.261237930383995e-12,1.7947565012922126e-05,2.218184627065732
724,144.8965977318212,0.125,0.2,0.5,0.5,-4.028170315256208e-11,0.9999821165067645,-2.2012512701512632e-12,1.7883535723330173e-05,2.218184627065732
725,145.09673115410274,0.125,0.2,0.5,0.5,-3.871944290197979e-11,0.9999821802998606,-2.143538473719622e-12,1.7819741007198113e-05,2.218184627065732
726,145.29686457638425,0.125,0.2,0.5,0.5,-3.718689222305864e-11,0.9999822438593469,-2.0880161047529317e-12,1.7756179932973558e-05,2.218184627065732
727,145.49699799866576,0.125,0.2,0.5,0.5,-3.568376019856804e-11,0.9999823071861542,-2.034600726915027e-12,1.7692851569104074e-05,2.218184627065732
728,145.6971314209473,0.125,0.2,0.5,0.5,-3.420975591127741e-11,0.999982370281214,-1.9832089038697433e-12,1.7629754984037236e-05,2.218184627065732
729,145.8972648432288,0.125,0.2,0.5,0.5,-3.276458844395679e-11,0.9999824331454572,-1.933757199280937e-12,1.7566889246220653e-05,2.218184627065732
730,146.09739826551032,0.125,0.2,0.5,0.5,-3.134796687937559e-11,0.9999824957798151,-1.886162176812446e-12,1.7504253424101898e-05,2.218184627065732
731,146.29753168779186,0.125,0.2,0.5,0.5,-2.995960030030325e-11,0.999982558185219,-1.840340400128105e-12,1.7441846586128543e-05,2.218184627065732
732,146.49766511007337,0.125,0.2,0.5,0.5,-2.859919778950978e-11,0.9999826203625999,-1.7962084328917726e-12,1.7379667800748196e-05,2.218184627065732
733,146.6977985323549,0.125,0.2,0.5,0.5,-2.7266468429764424e-11,0.999982682312889,-1.753682838767276e-12,1.7317716136408418e-05,2.218184627065732
734,146.89793195463642,0.125,0.2,0.5,0.5,-2.596112130383718e-11,0.9999827440370176,-1.7126801814184727e-12,1.7255990661556816e-05,2.218184627065732
735,147.09806537691793,0.125,0.2,0.5,0.5,-2.468286549449748e-11,0.9999828055359168,-1.6731170245091993e-12,1.719449044464096e-05,2.218184627065732
736,147.29819879919947,0.125,0.2,0.5,0.5,-2.3431410084514778e-11,0.9999828668105177,-1.6349099317032925e-12,1.713321455410843e-05,2.218184627065732
737,147.49833222148098,0.125,0.2,0.5,0.5,-2.2206464156659052e-11,0.9999829278617516,-1.5979754666646076e-12,1.707216205840683e-05,2.218184627065732
738,147.6984656437625,0.125,0.2,0.5,0.5,-2.1007736793699733e-11,0.9999829886905497,-1.5622301930569802e-12,1.701133202598373e-05,2.218184627065732
739,147.89859906604403,0.125,0.2,0.5,0.5,-1.9834937078406296e-11,0.999983049297843,-1.527590674544251e-12,1.695072352528671e-05,2.218184627065732
740,148.09873248832554,0.125,0.2,0.5,0.5,-1.868777409354871e-11,0.9999831096845628,-1.4939734747902715e-12,1.689033562476337e-05,2.218184627065732
741,148.29886591060708,0.125,0.2,0.5,0.5,-1.7565956921896246e-11,0.9999831698516404,-1.4612951574588743e-12,1.6830167392861277e-05,2.218184627065732
742,148.4989993328886,0.125,0.2,0.5,0.5,-1.646919464621886e-11,0.9999832298000066,-1.4294722862139134e-12,1.677021789802803e-05,2.218184627065732
743,148.6991327551701,0.125,0.2,0.5,0.5,-1.539719634928602e-11,0.999983289530593,-1.3984214247192265e-12,1.6710486208711212e-05,2.218184627065732
744,148.89926617745164,0.125,0.2,0.5,0.5,-1.4349671113867189e-11,0.9999833490443306,-1.3680591366386524e-12,1.6650971393358392e-05,2.218184627065732
745,149.09939959973315,0.125,0.2,0.5,0.5,-1.3326328022732312e-11,0.9999834083421506,-1.338301985636042e-12,1.6591672520417177e-05,2.218184627065732
746,149.29953302201466,0.125,0.2,0.5,0.5,-1.2326876158650827e-11,0.9999834674249841,-1.3090665353752352e-12,1.6532588658335137e-05,2.218184627065732
747,149.4996664442962,0.125,0.2,0.5,0.5,-1.1351024604392264e-11,0.9999835262937623,-1.2802693495200704e-12,1.6473718875559852e-05,2.218184627065732
748,149.6997998665777,0.125,0.2,0.5,0.5,-1.0398482442726495e-11,0.9999835849494164,-1.2518269917343994e-12,1.6415062240538923e-05,2.218184627065732
749,149.89993328885924,0.125,0.2,0.5,0.5,-9.468958756422877e-12,0.9999836433928777,-1.223656025682056e-12,1.6356617821719918e-05,2.218184627065732
750,150.10006671114076,0.125,0.2,0.5,0.5,-8.562162628251314e-12,0.9999837016250772,-1.1956730150268924e-12,1.6298384687550436e-05,2.218184627065732
751,150.30020013342227,0.125,0.2,0.5,0.5,-7.67780314098128e-12,0.9999837596469461,-1.1677945234327474e-12,1.6240361906478053e-05,2.218184627065732
752,150.5003335557038,0.125,0.2,0.5,0.5,-6.815589377382288e-12,0.9999838174594157,-1.1399371145634592e-12,1.6182548546950347e-05,2.218184627065732
753,150.70046697798531,0.125,0.2,0.5,0.5,-5.975230420224197e-12,0.999983875063417,-1.1120173520828802e-12,1.612494367741492e-05,2.218184627065732
754,150.90060040026682,0.125,0.2,0.5,0.5,-5.156435352276519e-12,0.9999839324598814,-1.0839517996548477e-12,1.6067546366319345e-05,2.218184627065732
755,151.10073382254836,0.125,0.2,0.5,0.5,-4.358913256308769e-12,0.9999839896497399,-1.0556570209432026e-12,1.60103556821112e-05,2.218184627065732
756,151.30086724482987,0.125,0.2,0.5,0.5,-3.58237321509078e-12,0.9999840466339238,-1.0270495796117946e-12,1.5953370693238083e-05,2.218184627065732
757,151.5010006671114,0.125,0.2,0.5,0.5,-2.826524311391967e-12,0.9999841034133641,-9.980460393244596e-13,1.5896590468147567e-05,2.218184627065732
758,151.70113408939292,0.125,0.2,0.5,0.5,-2.091075627982171e-12,0.9999841599889921,-9.685629637450481e-13,1.5840014075287252e-05,2.218184627065732
759,151.90126751167443,0.125,0.2,0.5,0.5,-1.3757362476309065e-12,0.9999842163617391,-9.385169165373995e-13,1.578364058310471e-05,2.218184627065732
760,152.10140093395597,0.125,0.2,0.5,0.5,-6.802152531076959e-13,0.9999842725325361,-9.078244613653526e-13,1.572746906004752e-05,2.218184627065732
761,152.30153435623748,0.125,0.2,0.5,0.5,-4.221727182364123e-15,0.9999843285023142,-8.764021618927586e-13,1.5671498574563287e-05,2.218184627065732
762,152.501667778519,0.125,0.2,0.5,0.5,6.525352473755664e-13,0.9999843842720049,-8.441665817834568e-13,1.561572819509958e-05,2.218184627065732
763,152.70180120080053,0.125,0.2,0.5,0.5,1.2903465877965585e-12,0.999984439842539,-8.110342847012852e-13,1.5560156990103975e-05,2.218184627065732
764,152.90193462308204,0.125,0.2,0.5,0.5,1.9095032113108036e-12,0.9999844952148479,-7.769218343100962e-13,1.550478402802408e-05,2.218184627065732
765,153.10206804536358,0.125,0.2,0.5,0.5,2.5102960351488615e-12,0.9999845503898628,-7.41745794273723e-13,1.544960837730746e-05,2.218184627065732
766,153.3022014676451,0.125,0.2,0.5,0.5,3.0930159765409335e-12,0.9999846053685147,-7.054227282560186e-13,1.539462910640171e-05,2.218184627065732
767,153.5023348899266,0.125,0.2,0.5,0.5,3.657953952717477e-12,0.999984660151735,-6.678691999208223e-13,1.5339845283754413e-05,2.218184627065732
768,153.70246831220814,0.125,0.2,0.5,0.5,4.20540088090895e-12,0.9999847147404548,-6.2900177293197e-13,1.5285255977813145e-05,2.218184627065732
769,153.90260173448965,0.125,0.2,0.5,0.5,4.735647678345571e-12,0.9999847691356052,-5.887370109533171e-13,1.5230860257025504e-05,2.218184627065732
770,154.1027351567712,0.125,0.2,0.5,0.5,5.248985262257867e-12,0.9999848233381173,-5.469914776486938e-13,1.517665718983906e-05,2.218184627065732
771,154.3028685790527,0.125,0.2,0.5,0.5,5.74570454987607e-12,0.9999848773489226,-5.036817366819563e-13,1.512264584470141e-05,2.218184627065732
772,154.5030020013342,0.125,0.2,0.5,0.5,6.226096458430621e-12,0.9999849311689519,-4.58724351716941e-13,1.5068825290060136e-05,2.218184627065732
773,154.70313542361575,0.125,0.2,0.5,0.5,6.6904519051519716e-12,0.9999849847991367,-4.120358864174845e-13,1.501519459436281e-05,2.218184627065732
774,154.90326884589726,0.125,0.2,0.5,0.5,7.139061807270359e-12,0.999985038240408,-3.63532904447443e-13,1.4961752826057037e-05,2.218184627065732
775,155.10340226817877,0.125,0.2,0.5,0.5,7.572217082016227e-12,0.999985091493697,-3.1313196947065327e-13,1.4908499053590387e-05,2.218184627065732
776,155.3035356904603,0.125,0.2,0.5,0.5,7.990208646620013e-12,0.9999851445599349,-2.607496451509504e-13,1.4855432345410442e-05,2.218184627065732
777,155.50366911274182,0.125,0.2,0.5,0.5,8.393327418311967e-12,0.9999851974400529,-2.0630249515219298e-13,1.48025517699648e-05,2.218184627065732
778,155.70380253502336,0.125,0.2,0.5,0.5,8.781864314322588e-12,0.9999852501349821,-1.4970708313820788e-13,1.474985639570103e-05,2.218184627065732
779,155.90393595730487,0.125,0.2,0.5,0.5,9.156110251882132e-12,0.9999853026456538,-9.087997277285447e-14,1.4697345291066732e-05,2.218184627065732
780,156.10406937958638,0.125,0.2,0.5,0.5,9.51635614822104e-12,0.999985354972999,-2.97377277199681e-14,1.4645017524509482e-05,2.218184627065732
781,156.30420280186792,0.125,0.2,0.5,0.5,9.862892920569731e-12,0.999985407117949,3.38030883566175e-14,1.4592872164476857e-05,2.218184627065732
782,156.50433622414943,0.125,0.2,0.5,0.5,1.019601148615848e-11,0.999985459081435,9.982591179304134e-14,1.4540908279416457e-05,2.218184627065732
783,156.70446964643094,0.125,0.2,0.5,0.5,1.0516002762217717e-11,0.9999855108643881,1.6841417892546908e-13,1.448912493777586e-05,2.218184627065732
784,156.90460306871248,0.125,0.2,0.5,0.5,1.082315766597786e-11,0.9999855624677396,2.39651326090068e-13,1.4437521208002641e-05,2.218184627065732
785,157.104736490994,0.125,0.2,0.5,0.5,1.1117767114669195e-11,0.9999856138924206,3.136207896229749e-13,1.4386096158544402e-05,2.218184627065732
786,157.30486991327552,0.125,0.2,0.5,0.5,1.1400122025522184e-11,0.9999856651393622,3.904060058603677e-13,1.4334848857848708e-05,2.218184627065732
787,157.50500333555703,0.125,0.2,0.5,0.5,1.1670513315767121e-11,0.9999857162094956,4.700904111383816e-13,1.4283778374363162e-05,2.218184627065732
788,157.70513675783855,0.125,0.2,0.5,0.5,1.1929231902634424e-11,0.9999857671037521,5.52757441793184e-13,1.4232883776535341e-05,2.218184627065732
789,157.90527018012008,0.125,0.2,0.5,0.5,1.21765687033545e-11,0.9999858178230628,6.384905341609445e-13,1.418216413281282e-05,2.218184627065732
790,158.1054036024016,0.125,0.2,0.5,0.5,1.241281463515766e-11,0.9999858683683589,7.273731245777956e-13,1.41316185116432e-05,2.218184627065732
791,158.3055370246831,0.125,0.2,0.5,0.5,1.2638260615274309e-11,0.9999859187405715,8.194886493799063e-13,1.4081245981474057e-05,2.218184627065732
792,158.50567044696464,0.125,0.2,0.5,0.5,1.2853197560934856e-11,0.999985968940632,9.149205449034472e-13,1.403104561075297e-05,2.218184627065732
793,158.70580386924615,0.125,0.2,0.5,0.5,1.3057916389369616e-11,0.9999860189694713,1.0137522474845483e-12,1.3981016467927535e-05,2.218184627065732
794,158.9059372915277,0.125,0.2,0.5,0.5,1.3252708017809023e-11,0.9999860688280207,1.1160671934593946e-12,1.3931157621445323e-05,2.218184627065732
795,159.1060707138092,0.125,0.2,0.5,0.5,1.3437863363483395e-11,0.9999861185172113,1.2219488191641137e-12,1.3881468139753933e-05,2.218184627065732
796,159.3062041360907,0.125,0.2,0.5,0.5,1.3613233910834899e-11,0.9999861680373168,1.3314089032734954e-12,1.383194774945367e-05,2.218184627065732
797,159.50633755837225,0.125,0.2,0.5,0.5,1.3773818879723135e-11,0.9999862173813489,1.4436679727813034e-12,1.3782603444538734e-05,2.218184627065732
798,159.70647098065376,0.125,0.2,0.5,0.5,1.3918204833061108e-11,0.9999862665476881,1.5585315374605844e-12,1.3733436846123412e-05,2.218184627065732
799,159.90660440293527,0.125,0.2,0.5,0.5,1.4046486169516186e-11,0.9999863155369714,1.676050987653159e-12,1.3684447316987502e-05,2.218184627065732
800,160.1067378252168,0.125,0.2,0.5,0.5,1.4158757287755705e-11,0.999986364349836,1.796277713700857e-12,1.3635634219910802e-05,2.218184627065732
801,160.30687124749832,0.125,0.2,0.5,0.5,1.4255112586446968e-11,0.9999864129869189,1.9192631059454667e-12,1.358699691767313e-05,2.218184627065732
802,160.50700466977986,0.125,0.2,0.5,0.5,1.433564646425732e-11,0.9999864614488572,2.0450585547288374e-12,1.3538534773054273e-05,2.218184627065732
803,160.70713809206137,0.125,0.2,0.5,0.5,1.4400453319854078e-11,0.9999865097362879,2.1737154503927346e-12,1.3490247148834053e-05,2.218184627065732
804,160.90727151434288,0.125,0.2,0.5,0.5,1.4449627551904578e-11,0.9999865578498482,2.305285183278998e-12,1.3442133407792267e-05,2.218184627065732
805,161.10740493662442,0.125,0.2,0.5,0.5,1.4483263559076163e-11,0.9999866057901752,2.4398191437294676e-12,1.3394192912708712e-05,2.218184627065732
806,161.30753835890593,0.125,0.2,0.5,0.5,1.450145574003614e-11,0.9999866535579058,2.5773687220859086e-12,1.3346425026363204e-05,2.218184627065732
807,161.50767178118744,0.125,0.2,0.5,0.5,1.450429849345186e-11,0.9999867011536772,2.7179853086901607e-12,1.3298829111535543e-05,2.218184627065732
808,161.70780520346898,0.125,0.2,0.5,0.5,1.4491886217990637e-11,0.9999867485781264,2.861720293884054e-12,1.3251404531005526e-05,2.218184627065732
809,161.9079386257505,0.125,0.2,0.5,0.5,1.4464313312319813e-11,0.9999867958318905,3.0086250680093673e-12,1.320415064755297e-05,2.218184627065732
810,162.10807204803203,0.125,0.2,0.5,0.5,1.4421674175106703e-11,0.9999868429156066,3.158751021407956e-12,1.3157066823957668e-05,2.218184627065732
811,162.30820547031354,0.125,0.2,0.5,0.5,1.4364063205018651e-11,0.9999868898299118,3.3121495444215856e-12,1.3110152422999434e-05,2.218184627065732
812,162.50833889259505,0.125,0.2,0.5,0.5,1.4291574800722988e-11,0.9999869365754431,3.468872027392099e-12,1.3063406807458068e-05,2.218184627065732
813,162.7084723148766,0.125,0.2,0.5,0.5,1.4204303360887018e-11,0.9999869831528376,3.6289698606613237e-12,1.3016829340113366e-05,2.218184627065732
814,162.9086057371581,0.125,0.2,0.5,0.5,1.4102343284178108e-11,0.9999870295627324,3.792494434571034e-12,1.2970419383745147e-05,2.218184627065732
815,163.1087391594396,0.125,0.2,0.5,0.5,1.3985788969263567e-11,0.9999870758057646,3.9594971394630735e-12,1.292417630113321e-05,2.218184627065732
816,163.30887258172115,0.125,0.2,0.5,0.5,1.3854734814810718e-11,0.9999871218825712,4.130029365679272e-12,1.287809945505735e-05,2.218184627065732
817,163.50900600400266,0.125,0.2,0.5,0.5,1.3709275219486909e-11,0.9999871677937894,4.304142503561395e-12,1.2832188208297385e-05,2.218184627065732
818,163.7091394262842,0.125,0.2,0.5,0.5,1.3549504581959444e-11,0.999987213540056,4.481887943451308e-12,1.2786441923633107e-05,2.218184627065732
819,163.9092728485657,0.125,0.2,0.5,0.5,1.337551730089569e-11,0.9999872591220084,4.663317075690779e-12,1.2740859963844332e-05,2.218184627065732
820,164.10940627084722,0.125,0.2,0.5,0.5,1.3187407774962958e-11,0.9999873045402835,4.848481290621643e-12,1.269544169171086e-05,2.218184627065732
821,164.30953969312876,0.125,0.2,0.5,0.5,1.2985270402828551e-11,0.9999873497955184,5.037431978585737e-12,1.2650186470012487e-05,2.218184627065732
822,164.50967311541027,0.125,0.2,0.5,0.5,1.276919958315985e-11,0.9999873948883502,5.230220529924828e-12,1.2605093661529032e-05,2.218184627065732
823,164.70980653769178,0.125,0.2,0.5,0.5,1.253928971462416e-11,0.9999874398194158,5.426898334980756e-12,1.2560162629040289e-05,2.218184627065732
824,164.90993995997331,0.125,0.2,0.5,0.5,1.2295635195888778e-11,0.9999874845893526,5.6275167840953626e-12,1.251539273532606e-05,2.218184627065732
825,165.11007338225482,0.125,0.2,0.5,0.5,1.2038330425621097e-11,0.9999875291987975,5.832127267610408e-12,1.247078334316616e-05,2.218184627065732
826,165.31020680453636,0.125,0.2,0.5,0.5,1.1767469802488382e-11,0.9999875736483875,6.040781175867756e-12,1.2426333815340381e-05,2.218184627065732
827,165.51034022681787,0.125,0.2,0.5,0.5,1.1483147725158028e-11,0.9999876179387598,6.2535298992091716e-12,1.238204351462854e-05,2.218184627065732
828,165.71047364909938,0.125,0.2,0.5,0.5,1.1185458592297339e-11,0.9999876620705515,6.470424827976492e-12,1.2337911803810436e-05,2.218184627065732
829,165.91060707138092,0.125,0.2,0.5,0.5,1.0874496802573591e-11,0.9999877060443995,6.691517352511566e-12,1.2293938045665865e-05,2.218184627065732
830,166.11074049366243,0.125,0.2,0.5,0.5,1.0550356754654207e-11,0.999987749860941,6.916858863156143e-12,1.2250121602974646e-05,2.218184627065732
831,166.31087391594394,0.125,0.2,0.5,0.5,1.0213132847206474e-11,0.999987793520813,7.146500750252071e-12,1.2206461838516576e-05,2.218184627065732
832,166.51100733822548,0.125,0.2,0.5,0.5,9.862919478897668e-12,0.9999878370246527,7.380494404141196e-12,1.216295811507145e-05,2.218184627065732
833,166.711140760507,0.125,0.2,0.5,0.5,9.499811048395221e-12,0.999987880373097,7.618891215165266e-12,1.2119609795419089e-05,2.218184627065732
834,166.91127418278853,0.125,0.2,0.5,0.5,9.123901954366354e-12,0.9999879235667832,7.861742573666161e-12,1.2076416242339285e-05,2.218184627065732
835,167.11140760507004,0.125,0.2,0.5,0.5,8.73528659547851e-12,0.9999879666063483,8.109099869985628e-12,1.2033376818611851e-05,2.218184627065732
836,167.31154102735155,0.125,0.2,0.5,0.5,8.334059370398962e-12,0.9999880094924292,8.361014494465517e-12,1.1990490887016588e-05,2.218184627065732
837,167.5116744496331,0.125,0.2,0.5,0.5,7.920314677794985e-12,0.999988052225663,8.617537837447675e-12,1.1947757810333293e-05,2.218184627065732
838,167.7118078719146,0.125,0.2,0.5,0.5,7.494146916334025e-12,0.999988094806687,8.878721289273847e-12,1.1905176951341782e-05,2.218184627065732
839,167.9119412941961,0.125,0.2,0.5,0.5,7.0556504846833495e-12,0.9999881372361381,9.144616240285881e-12,1.1862747672821856e-05,2.218184627065732
840,168.11207471647765,0.125,0.2,0.5,0.5,6.604919781510226e-12,0.9999881795146535,9.415274080825629e-12,1.182046933755331e-05,2.218184627065732
841,168.31220813875916,0.125,0.2,0.5,0.5,6.142049205482113e-12,0.9999882216428702,9.690746201234832e-12,1.1778341308315962e-05,2.218184627065732
842,168.5123415610407,0.125,0.2,0.5,0.5,5.6671331552662075e-12,0.9999882636214251,9.97108399185538e-12,1.1736362947889603e-05,2.218184627065732
843,168.7124749833222,0.125,0.2,0.5,0.5,5.180266029529978e-12,0.9999883054509556,1.0256338843029008e-11,1.1694533619054051e-05,2.218184627065732
844,168.91260840560372,0.125,0.2,0.5,0.5,4.6815422269406816e-12,0.9999883471320986,1.0546562145097571e-11,1.1652852684589104e-05,2.218184627065732
845,169.11274182788526,0.125,0.2,0.5,0.5,4.171056146165581e-12,0.9999883886654911,1.0841805288402921e-11,1.1611319507274558e-05,2.218184627065732
846,169.31287525016677,0.125,0.2,0.5,0.5,3.6489021858721425e-12,0.9999884300517704,1.1142119663286794e-11,1.1569933449890233e-05,2.218184627065732
847,169.51300867244828,0.125,0.2,0.5,0.5,3.115174744727631e-12,0.9999884712915733,1.1447556660091043e-11,1.1528693875215923e-05,2.218184627065732
848,169.71314209472982,0.125,0.2,0.5,0.5,2.569968221399298e-12,0.9999885123855371,1.1758167669157526e-11,1.148760014603143e-05,2.218184627065732
849,169.91327551701133,0.125,0.2,0.5,0.5,2.013377014554625e-12,0.9999885533342988,1.207400408082797e-11,1.1446651625116569e-05,2.218184627065732
850,170.11340893929287,0.125,0.2,0.5,0.5,1.4454955228607886e-12,0.9999885941384955,1.2395117285444277e-11,1.140584767525113e-05,2.218184627065732
851,170.31354236157438,0.125,0.2,0.5,0.5,8.664181449852721e-13,0.9999886347987641,1.2721558673348173e-11,1.1365187659214933e-05,2.218184627065732
852,170.5136757838559,0.125,0.2,0.5,0.5,2.7623927959533164e-13,0.999988675315742,1.3053379634881517e-11,1.1324670939787776e-05,2.218184627065732
853,170.71380920613743,0.125,0.2,0.5,0.5,-3.2494667464179227e-13,0.9999887156900659,1.339063156038617e-11,1.1284296879749455e-05,2.218184627065732
854,170.91394262841894,0.125,0.2,0.5,0.5,-9.370453190585976e-13,0.9999887559223731,1.373336584020385e-11,1.1244064841879785e-05,2.218184627065732
855,171.11407605070045,0.125,0.2,0.5,0.5,-1.5599622549878375e-12,0.9999887960133007,1.408163386467642e-11,1.1203974188958568e-05,2.218184627065732
856,171.314209472982,0.125,0.2,0.5,0.5,-2.1936030837622766e-12,0.9999888359634858,1.4435487024145744e-11,1.1164024283765601e-05,2.218184627065732
857,171.5143428952635,0.125,0.2,0.5,0.5,-2.8378734067144046e-12,0.9999888757735652,1.4794976708953537e-11,1.11242144890807e-05,2.218184627065732
858,171.71447631754504,0.125,0.2,0.5,0.5,-3.4926788251770717e-12,0.9999889154441762,1.5160154309441715e-11,1.1084544167683657e-05,2.218184627065732
859,171.91460973982655,0.125,0.2,0.5,0.5,-4.1579249404827646e-12,0.9999889549759559,1.5531071215951986e-11,1.1045012682354289e-05,2.218184627065732
860,172.11474316210806,0.125,0.2,0.5,0.5,-4.833517353964244e-12,0.9999889943695413,1.5907778818826218e-11,1.1005619395872393e-05,2.218184627065732
861,172.3148765843896,0.125,0.2,0.5,0.5,-5.519361666954283e-12,0.9999890336255695,1.629032850840628e-11,1.0966363671017769e-05,2.218184627065732
862,172.5150100066711,0.125,0.2,0.5,0.5,-6.215363480785351e-12,0.9999890727446774,1.6678771675033873e-11,1.0927244870570232e-05,2.218184627065732
863,172.71514342895262,0.125,0.2,0.5,0.5,-6.921428396790218e-12,0.9999891117275024,1.7073159709050872e-11,1.0888262357309581e-05,2.218184627065732
864,172.91527685123415,0.125,0.2,0.5,0.5,-7.637462016301656e-12,0.9999891505746813,1.7473544000799146e-11,1.0849415494015615e-05,2.218184627065732
865,173.11541027351566,0.125,0.2,0.5,0.5,-8.363369940652133e-12,0.9999891892868514,1.7879975940620397e-11,1.0810703643468146e-05,2.218184627065732
866,173.3155436957972,0.125,0.2,0.5,0.5,-9.099057771174523e-12,0.9999892278646496,1.829250691885655e-11,1.0772126168446973e-05,2.218184627065732
867,173.5156771180787,0.125,0.2,0.5,0.5,-9.84443110920129e-12,0.999989266308713,1.8711188325849304e-11,1.0733682431731906e-05,2.218184627065732
868,173.71581054036022,0.125,0.2,0.5,0.5,-1.0599395556065206e-11,0.9999893046196787,1.913607155194053e-11,1.0695371796102748e-05,2.218184627065732
869,173.91594396264176,0.125,0.2,0.5,0.5,-1.1365857916084215e-11,0.9999893427977845,1.9567013271815186e-11,1.065719402590895e-05,2.218184627065732
870,174.11607738492327,0.125,0.2,0.5,0.5,-1.2164708166872616e-11,0.9999893808394795,2.0002023110615277e-11,1.061915269474192e-05,2.218184627065732
871,174.31621080720478,0.125,0.2,0.5,0.5,-1.3002059010472895e-11,0.9999894187441621,2.044054851210591e-11,1.0581248410923915e-05,2.218184627065732
872,174.51634422948632,0.125,0.2,0.5,0.5,-1.3878587055402619e-11,0.9999894565123156,2.0882565848166815e-11,1.054348069194822e-05,2.218184627065732
873,174.71647765176783,0.125,0.2,0.5,0.5,-1.4794968910178862e-11,0.9999894941444232,2.1328051490677482e-11,1.0505849055308135e-05,2.218184627065732
874,174.91661107404937,0.125,0.2,0.5,0.5,-1.575188118331924e-11,0.999989531640968,2.177698181151768e-11,1.0468353018496939e-05,2.218184627065732
875,175.11674449633088,0.125,0.2,0.5,0.5,-1.6750000483340935e-11,0.9999895690024333,2.2229333182566917e-11,1.0430992099007933e-05,2.218184627065732
876,175.3168779186124,0.125,0.2,0.5,0.5,-1.7790003418761354e-11,0.9999896062293022,2.268508197570489e-11,1.0393765814334399e-05,2.218184627065732
877,175.51701134089393,0.125,0.2,0.5,0.5,-1.887256659809809e-11,0.999989643322058,2.3144204562811298e-11,1.0356673681969624e-05,2.218184627065732
878,175.71714476317544,0.125,0.2,0.5,0.5,-1.999836662986819e-11,0.999989680281184,2.3606677315765656e-11,1.0319715219406907e-05,2.218184627065732
879,175.91727818545695,0.125,0.2,0.5,0.5,-2.1168080122589142e-11,0.9999897171071631,2.4072476606447655e-11,1.0282889944139531e-05,2.218184627065732
880,176.1174116077385,0.125,0.2,0.5,0.5,-2.238238368477854e-11,0.9999897538004788,2.4541578806736992e-11,1.0246197373660782e-05,2.218184627065732
881,176.31754503002,0.125,0.2,0.5,0.5,-2.3641953924953405e-11,0.9999897903616142,2.5013960288513183e-11,1.0209637025463961e-05,2.218184627065732
882,176.51767845230154,0.125,0.2,0.5,0.5,-2.494746745163143e-11,0.9999898267910525,2.548959742365599e-11,1.0173208417042345e-05,2.218184627065732
883,176.71781187458305,0.125,0.2,0.5,0.5,-2.6299600873329617e-11,0.999989863089277,2.5968466584044903e-11,1.0136911065889234e-05,2.218184627065732
884,176.91794529686456,0.125,0.2,0.5,0.5,-2.7699030798565554e-11,0.9999898992567706,2.6450544141559645e-11,1.0100744489497914e-05,2.218184627065732
885,177.1180787191461,0.125,0.2,0.5,0.5,-2.914643383585683e-11,0.9999899352940169,2.6935806468079907e-11,1.0064708205361668e-05,2.218184627065732
886,177.3182121414276,0.125,0.2,0.5,0.5,-3.064248659372037e-11,0.999989971201499,2.7424229935485185e-11,1.0028801730973798e-05,2.218184627065732
887,177.51834556370912,0.125,0.2,0.5,0.5,-3.218786568067374e-11,0.9999900069797,2.7915790915655197e-11,9.993024583827584e-06,2.218184627065732
888,177.71847898599066,0.125,0.2,0.5,0.5,-3.3783247705234524e-11,0.9999900426291031,2.8410465780469632e-11,9.957376281416315e-06,2.218184627065732
889,177.91861240827217,0.125,0.2,0.5,0.5,-3.54293092759197e-11,0.9999900781501916,2.8908230901807994e-11,9.92185634123329e-06,2.218184627065732
890,178.1187458305537,0.125,0.2,0.5,0.5,-3.712672700124709e-11,0.9999901135434487,2.940906265155006e-11,9.886464280771787e-06,2.218184627065732
891,178.31887925283522,0.125,0.2,0.5,0.5,-3.887617748973358e-11,0.9999901488093574,2.991293740157531e-11,9.851199617525105e-06,2.218184627065732
892,178.51901267511673,0.125,0.2,0.5,0.5,-4.067833734989675e-11,0.9999901839484013,3.041983152376347e-11,9.816061868986531e-06,2.218184627065732
893,178.71914609739827,0.125,0.2,0.5,0.5,-4.253388319025426e-11,0.9999902189610633,3.0929721389994233e-11,9.781050552649349e-06,2.218184627065732
894,178.91927951967978,0.125,0.2,0.5,0.5,-4.4443491619322955e-11,0.9999902538478267,3.1442583372147105e-11,9.746165186006856e-06,2.218184627065732
895,179.1194129419613,0.125,0.2,0.5,0.5,-4.6407839245620476e-11,0.9999902886091747,3.195839384210178e-11,9.711405286552339e-06,2.218184627065732
896,179.31954636424283,0.125,0.2,0.5,0.5,-4.842760267766444e-11,0.9999903232455905,3.2477129171737963e-11,9.676770371779083e-06,2.218184627065732
897,179.51967978652434,0.125,0.2,0.5,0.5,-5.0503458523971716e-11,0.9999903577575573,3.2998765732935156e-11,9.642259959180386e-06,2.218184627065732
898,179.71981320880587,0.125,0.2,0.5,0.5,-5.2636083393060206e-11,0.9999903921455584,3.352327989757314e-11,9.607873566249529e-06,2.218184627065732
899,179.91994663108738,0.125,0.2,0.5,0.5,-5.4826153893446674e-11,0.9999904264100768,3.405064803753138e-11,9.573610710479811e-06,2.218184627065732
900,180.1200800533689,0.125,0.2,0.5,0.5,-5.707434663364879e-11,0.999990460551596,3.4580846524689615e-11,9.539470909364515e-06,2.218184627065732
901,180.32021347565043,0.125,0.2,0.5,0.5,-5.938133822218432e-11,0.999990494570599,3.511385173092754e-11,9.505453680396929e-06,2.218184627065732
902,180.52034689793194,0.125,0.2,0.5,0.5,-6.174780526756991e-11,0.999990528467569,3.5649640028124645e-11,9.471558541070348e-06,2.218184627065732
903,180.72048032021348,0.125,0.2,0.5,0.5,-6.417442437832366e-11,0.9999905622429892,3.618818778816072e-11,9.437785008878056e-06,2.218184627065732
904,180.920613742495,0.125,0.2,0.5,0.5,-6.666187216296218e-11,0.999990595897343,3.672947138291524e-11,9.40413260131335e-06,2.218184627065732
905,181.1207471647765,0.125,0.2,0.5,0.5,-6.921082523000325e-11,0.9999906294311134,3.7273467184267906e-11,9.370600835869515e-06,2.218184627065732
906,181.32088058705804,0.125,0.2,0.5,0.5,-7.182196018796455e-11,0.9999906628447837,3.782015156409846e-11,9.337189230039838e-06,2.218184627065732
907,181.52101400933955,0.125,0.2,0.5,0.5,-7.449595364536278e-11,0.9999906961388371,3.836950089428635e-11,9.303897301317615e-06,2.218184627065732
908,181.72114743162106,0.125,0.2,0.5,0.5,-7.723348221071561e-11,0.9999907293137568,3.892149154671132e-11,9.270724567196131e-06,2.218184627065732
909,181.9212808539026,0.125,0.2,0.5,0.5,-8.003522249254088e-11,0.9999907623700259,3.9476099893253066e-11,9.237670545168673e-06,2.218184627065732
910,182.1214142761841,0.125,0.2,0.5,0.5,-8.29018510993551e-11,0.9999907953081278,4.003330230579106e-11,9.204734752728539e-06,2.218184627065732
911,182.32154769846565,0.125,0.2,0.5,0.5,-8.583404463967651e-11,0.9999908281285456,4.059307515620511e-11,9.17191670736901e-06,2.218184627065732
912,182.52168112074716,0.125,0.2,0.5,0.5,-8.883247972202161e-11,0.9999908608317625,4.115539481637468e-11,9.139215926583383e-06,2.218184627065732
913,182.72181454302867,0.125,0.2,0.5,0.5,-9.189783295490818e-11,0.9999908934182618,4.17202376581795e-11,9.106631927864944e-06,2.218184627065732
914,182.9219479653102,0.125,0.2,0.5,0.5,-9.503078094685408e-11,0.9999909258885266,4.2287580053499265e-11,9.074164228706978e-06,2.218184627065732
915,183.12208138759172,0.125,0.2,0.5,0.5,-9.823200030637577e-11,0.9999909582430401,4.285739837421347e-11,9.041812346602783e-06,2.218184627065732
916,183.32221480987323,0.125,0.2,0.5,0.5,-1.0150216764199104e-10,0.9999909904822855,4.3429668992201815e-11,9.009575799045647e-06,2.218184627065732
917,183.52234823215477,0.125,0.2,0.5,0.5,-1.0484195956221778e-10,0.9999910226067461,4.400436827934403e-11,8.97745410352885e-06,2.218184627065732
918,183.72248165443628,0.125,0.2,0.5,0.5,-1.0825205267557239e-10,0.9999910546169051,4.458147260751958e-11,8.945446777545695e-06,2.218184627065732
919,183.92261507671782,0.125,0.2,0.5,0.5,-1.1173312359057318e-10,0.9999910865132456,4.5160958348608263e-11,8.91355333858946e-06,2.218184627065732
920,184.12274849899933,0.125,0.2,0.5,0.5,-1.1528584891573661e-10,0.999991118296251,4.574280187448955e-11,8.881773304153446e-06,2.218184627065732
921,184.32288192128084,0.125,0.2,0.5,0.5,-1.1891090525958045e-10,0.9999911499664044,4.632697955704316e-11,8.850106191730936e-06,2.218184627065732
922,184.52301534356238,0.125,0.2,0.5,0.5,-1.2260896923062266e-10,0.9999911815241889,4.691346776814881e-11,8.818551518815214e-06,2.218184627065732
923,184.7231487658439,0.125,0.2,0.5,0.5,-1.2638071743737956e-10,0.9999912129700878,4.750224287968597e-11,8.787108802899583e-06,2.218184627065732
924,184.9232821881254,0.125,0.2,0.5,0.5,-1.3022682648836897e-10,0.9999912443045842,4.809328126353436e-11,8.755777561477323e-06,2.218184627065732
925,185.12341561040694,0.125,0.2,0.5,0.5,-1.3414797299210894e-10,0.9999912755281616,4.8686559291573695e-11,8.724557312041722e-06,2.218184627065732
926,185.32354903268845,0.125,0.2,0.5,0.5,-1.3814483355711565e-10,0.9999913066413029,4.928205333568345e-11,8.693447572086079e-06,2.218184627065732
927,185.52368245497,0.125,0.2,0.5,0.5,-1.4221808479190762e-10,0.9999913376444914,4.987973976774342e-11,8.662447859103672e-06,2.218184627065732
928,185.7238158772515,0.125,0.2,0.5,0.5,-1.4636840330500106e-10,0.9999913685382105,5.047959495963307e-11,8.631557690587803e-06,2.218184627065732
929,185.923949299533,0.125,0.2,0.5,0.5,-1.505964657049139e-10,0.9999913993229431,5.108159528323214e-11,8.600776584031755e-06,2.218184627065732
930,186.12408272181455,0.125,0.2,0.5,0.5,-1.5490294860016417e-10,0.9999914299991726,5.168571711042032e-11,8.570104056928812e-06,2.218184627065732
931,186.32421614409606,0.125,0.2,0.5,0.5,-1.59288528599268e-10,0.9999914605673821,5.2291936813077093e-11,8.539539626772275e-06,2.218184627065732
932,186.52434956637757,0.125,0.2,0.5,0.5,-1.6375388231074336e-10,0.9999914910280548,5.2900230763082177e-11,8.509082811055428e-06,2.218184627065732
933,186.7244829886591,0.125,0.2,0.5,0.5,-1.6829968634310825e-10,0.9999915213816741,5.3510575332315294e-11,8.478733127271555e-06,2.218184627065732
934,186.92461641094062,0.125,0.2,0.5,0.5,-1.729266173048788e-10,0.9999915516287231,5.4122946892655904e-11,8.448490092913956e-06,2.218184627065732
935,187.12474983322215,0.125,0.2,0.5,0.5,-1.7763535180457364e-10,0.999991581769685,5.473732181598382e-11,8.418353225475912e-06,2.218184627065732
936,187.32488325550366,0.125,0.2,0.5,0.5,-1.8242656645070885e-10,0.9999916118050428,5.53536764741785e-11,8.38832204245072e-06,2.218184627065732
937,187.52501667778517,0.125,0.2,0.5,0.5,-1.8730093785180245e-10,0.99999164173528,5.5971987239119664e-11,8.358396061331667e-06,2.218184627065732
938,187.7251501000667,0.125,0.2,0.5,0.5,-1.922591426163725e-10,0.9999916715608796,5.659223048268704e-11,8.328574799612037e-06,2.218184627065732
939,187.92528352234822,0.125,0.2,0.5,0.5,-1.97301857352935e-10,0.9999917012823251,5.721438257676008e-11,8.298857774785128e-06,2.218184627065732
940,188.12541694462973,0.125,0.2,0.5,0.5,-2.0242975867000797e-10,0.9999917309000994,5.783841989321852e-11,8.269244504344224e-06,2.218184627065732
941,188.32555036691127,0.125,0.2,0.5,0.5,-2.076435231761096e-10,0.9999917604146858,5.846431880394207e-11,8.239734505782614e-06,2.218184627065732
942,188.52568378919278,0.125,0.2,0.5,0.5,-2.1295192979969996e-10,0.9999917898262668,5.909177876657307e-11,8.210327605762414e-06,2.218184627065732
943,188.72581721147432,0.125,0.2,0.5,0.5,-2.1843024986822425e-10,0.9999918191325563,5.971822671778934e-11,8.181026168166738e-06,2.218184627065732
944,188.92595063375583,0.125,0.2,0.5,0.5,-2.2409941540647806e-10,0.9999918483332856,6.034294675698718e-11,8.151830483396296e-06,2.218184627065732
945,189.12608405603734,0.125,0.2,0.5,0.5,-2.2996282015998753e-10,0.9999918774288369,6.096582239203623e-11,8.122740172625054e-06,2.218184627065732
946,189.32621747831888,0.125,0.2,0.5,0.5,-2.3602385787427777e-10,0.9999919064195926,6.158673713080603e-11,8.093754857026977e-06,2.218184627065732
947,189.5263509006004,0.125,0.2,0.5,0.5,-2.422859222948718e-10,0.9999919353059351,6.22055744811659e-11,8.064874157776041e-06,2.218184627065732
948,189.7264843228819,0.125,0.2,0.5,0.5,-2.4875240716729515e-10,0.9999919640882466,6.282221795098542e-11,8.036097696046213e-06,2.218184627065732
949,189.92661774516344,0.125,0.2,0.5,0.5,-2.5542670623707313e-10,0.9999919927669098,6.343655104813418e-11,8.007425093011457e-06,2.218184627065732
950,190.12675116744495,0.125,0.2,0.5,0.5,-2.62312213249729e-10,0.9999920213423065,6.40484572804815e-11,7.978855969845751e-06,2.218184627065732
951,190.3268845897265,0.125,0.2,0.5,0.5,-2.6941232195078884e-10,0.9999920498148194,6.465782015589702e-11,7.950389947723055e-06,2.218184627065732
952,190.527018012008,0.125,0.2,0.5,0.5,-2.7673042608577554e-10,0.9999920781848307,6.526452318225006e-11,7.922026647817348e-06,2.218184627065732
953,190.7271514342895,0.125,0.2,0.5,0.5,-2.842699194002146e-10,0.9999921064527227,6.586844986741022e-11,7.893765691302596e-06,2.218184627065732
954,190.92728485657105,0.125,0.2,0.5,0.5,-2.9203419563963173e-10,0.999992134618878,6.646948371924708e-11,7.86560669935276e-06,2.218184627065732
955,191.12741827885256,0.125,0.2,0.5,0.5,-3.0002664854954956e-10,0.9999921626836786,6.706750824562993e-11,7.837549293141823e-06,2.218184627065732
956,191.32755170113407,0.125,0.2,0.5,0.5,-3.082506718754936e-10,0.9999921906475071,6.766240695442836e-11,7.809593093843747e-06,2.218184627065732
957,191.5276851234156,0.125,0.2,0.5,0.5,-3.1670965936299004e-10,0.9999922185107456,6.825406335351197e-11,7.781737722632496e-06,2.218184627065732
958,191.72781854569712,0.125,0.2,0.5,0.5,-3.254070047575606e-10,0.9999922462737767,6.884236095075003e-11,7.753982800682052e-06,2.218184627065732
959,191.92795196797866,0.125,0.2,0.5,0.5,-3.3434610180473293e-10,0.9999922739369824,6.942718325401225e-11,7.72632794916637e-06,2.218184627065732
960,192.12808539026017,0.125,0.2,0.5,0.5,-3.4353034425002857e-10,0.9999923015007454,7.000841377116792e-11,7.698772789259434e-06,2.218184627065732
961,192.32821881254168,0.125,0.2,0.5,0.5,-3.529631258389739e-10,0.9999923289654478,7.058593601008663e-11,7.671316942135204e-06,2.218184627065732
962,192.52835223482322,0.125,0.2,0.5,0.5,-3.626478403170946e-10,0.999992356331472,7.115963347863795e-11,7.643960028967646e-06,2.218184627065732
963,192.72848565710473,0.125,0.2,0.5,0.5,-3.725878814299127e-10,0.9999923835992003,7.17293896846912e-11,7.616701670930741e-06,2.218184627065732
964,192.92861907938624,0.125,0.2,0.5,0.5,-3.8278664292295437e-10,0.9999924107690151,7.229508813611598e-11,7.5895414891984505e-06,2.218184627065732
965,193.12875250166778,0.125,0.2,0.5,0.5,-3.932475185417453e-10,0.9999924378412988,7.285661234078182e-11,7.562479104944741e-06,2.218184627065732
966,193.3288859239493,0.125,0.2,0.5,0.5,-4.0397390203180747e-10,0.9999924648164336,7.341384580655808e-11,7.53551413934359e-06,2.218184627065732
967,193.52901934623083,0.125,0.2,0.5,0.5,-4.149691871386687e-10,0.9999924916948018,7.396667204131441e-11,7.508646213568959e-06,2.218184627065732
968,193.72915276851234,0.125,0.2,0.5,0.5,-4.2623676760784997e-10,0.9999925184767858,7.451497455292012e-11,7.481874948794824e-06,2.218184627065732
969,193.92928619079385,0.125,0.2,0.5,0.5,-4.37780037184878e-10,0.999992545162768,7.505863684924481e-11,7.455199966195152e-06,2.218184627065732
970,194.12941961307538,0.125,0.2,0.5,0.5,-4.496023896152789e-10,0.9999925717531307,7.559754243815803e-11,7.428620886943907e-06,2.218184627065732
971,194.3295530353569,0.125,0.2,0.5,0.5,-4.6170721864457396e-10,0.9999925982482563,7.61315748275291e-11,7.402137332215068e-06,2.218184627065732
972,194.5296864576384,0.125,0.2,0.5,0.5,-4.740979180182894e-10,0.999992624648527,7.666061752522763e-11,7.3757489231825975e-06,2.218184627065732
973,194.72981987991994,0.125,0.2,0.5,0.5,-4.867778814819517e-10,0.9999926509543252,7.718455403912315e-11,7.349455281020463e-06,2.218184627065732
974,194.92995330220145,0.125,0.2,0.5,0.5,-4.997505027810821e-10,0.9999926771660332,7.770326787708503e-11,7.323256026902641e-06,2.218184627065732
975,195.130086724483,0.125,0.2,0.5,0.5,-5.130191756612086e-10,0.9999927032840334,7.821664254698289e-11,7.297150782003093e-06,2.218184627065732
976,195.3302201467645,0.125,0.2,0.5,0.5,-5.265872938678524e-10,0.9999927293087081,7.872456155668607e-11,7.2711391674957955e-06,2.218184627065732
977,195.530353569046,0.125,0.2,0.5,0.5,-5.404582511465395e-10,0.9999927552404396,7.922690841406416e-11,7.245220804554715e-06,2.218184627065732
978,195.73048699132755,0.125,0.2,0.5,0.5,-5.546354412427972e-10,0.9999927810796104,7.972356662698668e-11,7.219395314353817e-06,2.218184627065732
979,195.93062041360906,0.125,0.2,0.5,0.5,-5.691222579021457e-10,0.9999928068266026,8.021441970332303e-11,7.193662318067077e-06,2.218184627065732
980,196.13075383589057,0.125,0.2,0.5,0.5,-5.839220948701117e-10,0.9999928324817988,8.069935115094273e-11,7.168021436868461e-06,2.218184627065732
981,196.3308872581721,0.125,0.2,0.5,0.5,-5.990383458922217e-10,0.999992858045581,8.117824447771536e-11,7.142472291931936e-06,2.218184627065732
982,196.53102068045362,0.125,0.2,0.5,0.5,-6.144744047139967e-10,0.9999928835183319,8.165098319151027e-11,7.117014504431478e-06,2.218184627065732
983,196.73115410273516,0.125,0.2,0.5,0.5,-6.302336650809653e-10,0.9999929089004336,8.211745080019709e-11,7.091647695541047e-06,2.218184627065732
984,196.93128752501667,0.125,0.2,0.5,0.5,-6.463195207386478e-10,0.9999929341922684,8.257753081164516e-11,7.066371486434622e-06,2.218184627065732
985,197.13142094729818,0.125,0.2,0.5,0.5,-6.627353654325709e-10,0.9999929593942188,8.303110673372406e-11,7.041185498286167e-06,2.218184627065732
986,197.33155436957972,0.125,0.2,0.5,0.5,-6.794845929082618e-10,0.9999929845066672,8.347806207430333e-11,7.016089352269649e-06,2.218184627065732
987,197.53168779186123,0.125,0.2,0.5,0.5,-6.965705969112402e-10,0.9999930095299957,8.391828034125235e-11,6.991082669559044e-06,2.218184627065732
988,197.73182121414274,0.125,0.2,0.5,0.5,-7.139967711870332e-10,0.9999930344645866,8.435164504244066e-11,6.966165071328317e-06,2.218184627065732
989,197.93195463642428,0.125,0.2,0.5,0.5,-7.317665094811678e-10,0.9999930593108226,8.47780396857378e-11,6.941336178751435e-06,2.218184627065732
990,198.1320880587058,0.125,0.2,0.5,0.5,-7.498832055391641e-10,0.9999930840690857,8.519734777901318e-11,6.9165956130023734e-06,2.218184627065732
991,198.33222148098733,0.125,0.2,0.5,0.5,-7.683502531065513e-10,0.9999931087397584,8.560945283013637e-11,6.891942995255094e-06,2.218184627065732
992,198.53235490326884,0.125,0.2,0.5,0.5,-7.87171045928849e-10,0.999993133323223,8.601423834697675e-11,6.867377946683576e-06,2.218184627065732
993,198.73248832555035,0.125,0.2,0.5,0.5,-8.063489777515845e-10,0.9999931578198619,8.64115878374039e-11,6.842900088461782e-06,2.218184627065732
994,198.9326217478319,0.125,0.2,0.5,0.5,-8.258874423202851e-10,0.9999931822300572,8.680138480928734e-11,6.818509041763677e-06,2.218184627065732
995,199.1327551701134,0.125,0.2,0.5,0.5,-8.457898333804701e-10,0.9999932065541914,8.718351277049645e-11,6.794204427763241e-06,2.218184627065732
996,199.3328885923949,0.125,0.2,0.5,0.5,-8.660595446776667e-10,0.9999932307926469,8.755785522890078e-11,6.769985867634438e-06,2.218184627065732
997,199.53302201467645,0.125,0.2,0.5,0.5,-8.866999699574026e-10,0.999993254945806,8.792429569236988e-11,6.745852982551233e-06,2.218184627065732
998,199.73315543695796,0.125,0.2,0.5,0.5,-9.077145029651964e-10,0.999993279014051,8.828271766877314e-11,6.721805393687603e-06,2.218184627065732
999,199.9332888592395,0.125,0.2,0.5,0.5,-9.291065374465789e-10,0.9999933029977641,8.863300466598013e-11,6.697842722217511e-06,2.218184627065732
1000,200.133422281521,0.125,0.2,0.5,0.5,-9.508794671470684e-10,0.999993326897328,8.897504019186026e-11,6.673964589314931e-06,2.218184627065732
1001,200.33355570380252,0.125,0.2,0.5,0.5,-9.73036685812193e-10,0.9999933507131247,8.930870775428307e-11,6.650170616153832e-06,2.218184627065732
1002,200.53368912608406,0.125,0.2,0.5,0.5,-9.9558158718748e-10,0.9999933744455366,8.963389086111809e-11,6.626460423908177e-06,2.218184627065732
1003,200.73382254836557,0.125,0.2,0.5,0.5,-1.0185175650184481e-09,0.9999933980949461,8.995047302023473e-11,6.602833633751943e-06,2.218184627065732
1004,200.93395597064708,0.125,0.2,0.5,0.5,-1.0418480130506248e-09,0.9999934216617357,9.025833773950251e-11,6.579289866859097e-06,2.218184627065732
1005,201.13408939292862,0.125,0.2,0.5,0.5,-1.0655763250295382e-09,0.9999934451462873,9.055736852679098e-11,6.555828744403604e-06,2.218184627065732
1006,201.33422281521013,0.125,0.2,0.5,0.5,-1.0897058947007064e-09,0.9999934685489836,9.084744888996954e-11,6.53244988755944e-06,2.218184627065732
1007,201.53435623749166,0.125,0.2,0.5,0.5,-1.1142401158096606e-09,0.9999934918702069,9.112846233690776e-11,6.509152917500567e-06,2.218184627065732
1008,201.73448965977317,0.125,0.2,0.5,0.5,-1.1391823821019187e-09,0.9999935151103394,9.140029237547505e-11,6.4859374554009626e-06,2.218184627065732
1009,201.93462308205469,0.125,0.2,0.5,0.5,-1.1645360873230086e-09,0.9999935382697636,9.166282251354095e-11,6.462803122434592e-06,2.218184627065732
1010,202.13475650433622,0.125,0.2,0.5,0.5,-1.1903046252184588e-09,0.9999935613488616,9.191593625897498e-11,6.43974953977542e-06,2.218184627065732
1011,202.33488992661773,0.125,0.2,0.5,0.5,-1.2164913895337863e-09,0.999993584348016,9.215951711964656e-11,6.416776328597424e-06,2.218184627065732
1012,202.53502334889924,0.125,0.2,0.5,0.5,-1.2430997740145199e-09,0.9999936072676089,9.239344860342522e-11,6.393883110074569e-06,2.218184627065732
1013,202.73515677118078,0.125,0.2,0.5,0.5,-1.2701331724061874e-09,0.9999936301080229,9.261761421818048e-11,6.371069505380822e-06,2.218184627065732
1014,202.9352901934623,0.125,0.2,0.5,0.5,-1.2975949784543064e-09,0.99999365286964,9.283189747178177e-11,6.348335135690158e-06,2.218184627065732
1015,203.13542361574383,0.125,0.2,0.5,0.5,-1.3253580437730698e-09,0.9999936755525333,9.303299032930069e-11,6.325679804354134e-06,2.218184627065732
1016,203.33555703802534,0.125,0.2,0.5,0.5,-1.3523400455430273e-09,0.9999936981545107,9.319423229439895e-11,6.303104647714495e-06,2.218184627065732
1017,203.53569046030685,0.125,0.2,0.5,0.5,-1.3782155880161895e-09,0.9999937206751749,9.33074685065717e-11,6.280609745786179e-06,2.218184627065732
1018,203.7358238825884,0.125,0.2,0.5,0.5,-1.4028818843621183e-09,0.9999937431146565,9.33699865312978e-11,6.2581948679230675e-06,2.218184627065732
1019,203.9359573048699,0.125,0.2,0.5,0.5,-1.4262361477503647e-09,0.9999937654730862,9.337907393405605e-11,6.235859783479049e-06,2.218184627065732
1020,204.1360907271514,0.125,0.2,0.5,0.5,-1.448175591350491e-09,0.9999937877505942,9.333201828032534e-11,6.213604261808002e-06,2.218184627065732
1021,204.33622414943295,0.125,0.2,0.5,0.5,-1.4685974283320585e-09,0.9999938099473116,9.322610713558449e-11,6.191428072263807e-06,2.218184627065732
1022,204.53635757171446,0.125,0.2,0.5,0.5,-1.48739887186462e-09,0.9999938320633686,9.305862806531235e-11,6.169330984200353e-06,2.218184627065732
1023,204.736490993996,0.125,0.2,0.5,0.5,-1.5044771351177387e-09,0.9999938540988957,9.282686863498777e-11,6.147312766971516e-06,2.218184627065732
1024,204.9366244162775,0.125,0.2,0.5,0.5,-1.5197294312609688e-09,0.9999938760540238,9.252811641008964e-11,6.1253731899311855e-06,2.218184627065732
1025,205.13675783855902,0.125,0.2,0.5,0.5,-1.5330529734638711e-09,0.9999938979288833,9.215965895609675e-11,6.103512022433241e-06,2.218184627065732
1026,205.33689126084056,0.125,0.2,0.5,0.5,-1.5443449748960054e-09,0.9999939197236047,9.171878383848794e-11,6.081729033831562e-06,2.218184627065732
1027,205.53702468312207,0.125,0.2,0.5,0.5,-1.5535026487269271e-09,0.9999939414383188,9.120277862274214e-11,6.060023993480038e-06,2.218184627065732
1028,205.7371581054036,0.125,0.2,0.5,0.5,-1.5604232081261972e-09,0.9999939630731559,9.060893087433805e-11,6.038396670732545e-06,2.218184627065732
1029,205.93729152768512,0.125,0.2,0.5,0.5,-1.5650038662633718e-09,0.9999939846282467,8.993452815875471e-11,6.016846834942972e-06,2.218184627065732
1030,206.13742494996663,0.125,0.2,0.5,0.5,-1.567141836308011e-09,0.9999940061037219,8.917685804147089e-11,5.995374255465199e-06,2.218184627065732
1031,206.33755837224817,0.125,0.2,0.5,0.5,-1.5667343314296728e-09,0.9999940274997118,8.833320808796528e-11,5.973978701653104e-06,2.218184627065732
1032,206.53769179452968,0.125,0.2,0.5,0.5,-1.5636785647979159e-09,0.9999940488163471,8.740086586371699e-11,5.952659942860579e-06,2.218184627065732
1033,206.7378252168112,0.125,0.2,0.5,0.5,-1.5578717495822987e-09,0.9999940700537585,8.637711893420475e-11,5.931417748441502e-06,2.218184627065732
1034,206.93795863909273,0.125,0.2,0.5,0.5,-1.549211098952378e-09,0.9999940912120764,8.525925486490725e-11,5.910251887749751e-06,2.218184627065732
1035,207.13809206137424,0.125,0.2,0.5,0.5,-1.5375938260777155e-09,0.9999941122914314,8.404456122130365e-11,5.889162130139217e-06,2.218184627065732
1036,207.33822548365578,0.125,0.2,0.5,0.5,-1.5229171441278654e-09,0.9999941332919542,8.273032556887245e-11,5.868148244963777e-06,2.218184627065732
1037,207.5383589059373,0.125,0.2,0.5,0.5,-1.5050782662723909e-09,0.9999941542137751,8.131383547309287e-11,5.847210001577319e-06,2.218184627065732
1038,207.7384923282188,0.125,0.2,0.5,0.5,-1.4839744056808485e-09,0.999994175057025,7.979237849944358e-11,5.826347169333722e-06,2.218184627065732
1039,207.93862575050034,0.125,0.2,0.5,0.5,-1.4595027755227927e-09,0.9999941958218342,7.816324221340319e-11,5.805559517586866e-06,2.218184627065732
1040,208.13875917278185,0.125,0.2,0.5,0.5,-1.4315605889677891e-09,0.9999942165083335,7.6423714180451e-11,5.784846815690641e-06,2.218184627065732
1041,208.33889259506336,0.125,0.2,0.5,0.5,-1.4000840256513533e-09,0.9999942371167013,7.457261387195153e-11,5.764208822402935e-06,2.218184627065732
1042,208.5390260173449,0.125,0.2,0.5,0.5,-1.3664290816520309e-09,0.9999942576488664,7.266457863015715e-11,5.743644910396804e-06,2.218184627065732
1043,208.7391594396264,0.125,0.2,0.5,0.5,-1.3313535635774617e-09,0.9999942781060202,7.073072891045993e-11,5.7231546150085075e-06,2.218184627065732
1044,208.93929286190794,0.125,0.2,0.5,0.5,-1.2949194887414574e-09,0.9999942984884962,6.877483129644746e-11,5.702737660777413e-06,2.218184627065732
1045,209.13942628418945,0.125,0.2,0.5,0.5,-1.2571888744578488e-09,0.9999943187966283,6.680065237170837e-11,5.682393772242896e-06,2.218184627065732
1046,209.33955970647096,0.125,0.2,0.5,0.5,-1.2182237380404526e-09,0.9999943390307502,6.48119587198306e-11,5.662122673944324e-06,2.218184627065732
1047,209.5396931287525,0.125,0.2,0.5,0.5,-1.1780860968030838e-09,0.9999943591911955,6.281251692440191e-11,5.641924090421065e-06,2.218184627065732
1048,209.739826551034,0.125,0.2,0.5,0.5,-1.1368379680595753e-09,0.9999943792782979,6.080609356901104e-11,5.621797746212498e-06,2.218184627065732
1049,209.93995997331552,0.125,0.2,0.5,0.5,-1.0945413691237427e-09,0.9999943992923914,5.879645523724581e-11,5.601743365857989e-06,2.218184627065732
1050,210.14009339559706,0.125,0.2,0.5,0.5,-1.0512583173094008e-09,0.9999944192338094,5.6787368512694096e-11,5.581760673896906e-06,2.218184627065732
1051,210.34022681787857,0.125,0.2,0.5,0.5,-1.0070508299303832e-09,0.9999944391028857,5.478259997894457e-11,5.5618493948686264e-06,2.218184627065732
1052,210.5403602401601,0.125,0.2,0.5,0.5,-9.619809243004983e-10,0.999994458899954,5.27859162195848e-11,5.542009253312515e-06,2.218184627065732
1053,210.74049366244162,0.125,0.2,0.5,0.5,-9.161106177335807e-10,0.9999944786253481,5.0801083818203473e-11,5.522239973767949e-06,2.218184627065732
1054,210.94062708472313,0.125,0.2,0.5,0.5,-8.695019275434449e-10,0.9999944982794016,4.883186935838845e-11,5.502541280774297e-06,2.218184627065732
1055,211.14076050700467,0.125,0.2,0.5,0.5,-8.222168710439052e-10,0.9999945178624482,4.6882039423727564e-11,5.482912898870925e-06,2.218184627065732
1056,211.34089392928618,0.125,0.2,0.5,0.5,-7.743174655487965e-10,0.9999945373748218,4.4955360597809506e-11,5.463354552597211e-06,2.218184627065732
1057,211.5410273515677,0.125,0.2,0.5,0.5,-7.258657283719334e-10,0.9999945568168559,4.3055599464222126e-11,5.4438659664925235e-06,2.218184627065732
1058,211.74116077384923,0.125,0.2,0.5,0.5,-6.769236768271298e-10,0.9999945761888843,4.118652260655329e-11,5.42444686509623e-06,2.218184627065732
1059,211.94129419613074,0.125,0.2,0.5,0.5,-6.27553328228221e-10,0.9999945954912407,3.9351896608391645e-11,5.405096972947707e-06,2.218184627065732
1060,212.14142761841228,0.125,0.2,0.5,0.5,-5.778166998890142e-10,0.9999946147242588,3.7555488053324816e-11,5.38581601458632e-06,2.218184627065732
1061,212.3415610406938,0.125,0.2,0.5,0.5,-5.277758091233446e-10,0.9999946338882724,3.5801063524941426e-11,5.366603714551445e-06,2.218184627065732
1062,212.5416944629753,0.125,0.2,0.5,0.5,-4.774926732450266e-10,0.999994652983615,3.4092389606829357e-11,5.347459797382451e-06,2.218184627065732
1063,212.74182788525684,0.125,0.2,0.5,0.5,-4.2702930956787413e-10,0.9999946720106205,3.2433232882576494e-11,5.328383987618706e-06,2.218184627065732
1064,212.94196130753835,0.125,0.2,0.5,0.5,-3.7644773540572265e-10,0.9999946909696226,3.082735993577145e-11,5.3093760097995864e-06,2.218184627065732
1065,213.14209472981986,0.125,0.2,0.5,0.5,-3.258099680723863e-10,0.999994709860955,2.927853735000209e-11,5.2904355884644605e-06,2.218184627065732
1066,213.3422281521014,0.125,0.2,0.5,0.5,-2.7517802488167907e-10,0.9999947286849513,2.7790531708856363e-11,5.271562448152696e-06,2.218184627065732
1067,213.5423615743829,0.125,0.2,0.5,0.5,-2.246139231474365e-10,0.9999947474419453,2.63671095959228e-11,5.25275631340367e-06,2.218184627065732
1068,213.74249499666445,0.125,0.2,0.5,0.5,-1.7448130819220457e-10,0.999994766132376,2.4997444905713413e-11,5.2340171195936246e-06,2.218184627065732
1069,213.94262841894596,0.125,0.2,0.5,0.5,-1.2524218975930834e-10,0.9999947847567171,2.3665952686192682e-11,5.2153448708551825e-06,2.218184627065732
1070,214.14276184122747,0.125,0.2,0.5,0.5,-7.700939508679877e-11,0.9999948033153199,2.237394134927736e-11,5.196739327243665e-06,2.218184627065732
1071,214.342895263509,0.125,0.2,0.5,0.5,-2.9894874461054494e-11,0.9999948218085355,2.1122761733590902e-11,5.178200248201404e-06,2.218184627065732
1072,214.54302868579052,0.125,0.2,0.5,0.5,1.5989421831525802e-11,0.9999948402367153,1.9913764677757315e-11,5.159727393170744e-06,2.218184627065732
1073,214.74316210807203,0.125,0.2,0.5,0.5,6.05315435045637e-11,0.9999948586002101,1.8748301020400052e-11,5.141320521594015e-06,2.218184627065732
1074,214.94329553035357,0.125,0.2,0.5,0.5,1.0361954027168005e-10,0.9999948768993713,1.7627721600142603e-11,5.122979392913554e-06,2.218184627065732
1075,215.14342895263508,0.125,0.2,0.5,0.5,1.451414618464775e-10,0.99999489513455,1.6553377255608918e-11,5.104703766571702e-06,2.218184627065732
1076,215.34356237491662,0.125,0.2,0.5,0.5,1.8498535794258252e-10,0.9999949133060974,1.552661882542234e-11,5.086493402010789e-06,2.218184627065732
1077,215.54369579719813,0.125,0.2,0.5,0.5,2.2303927827359846e-10,0.9999949314143646,1.4548797148206803e-11,5.068348058673158e-06,2.218184627065732
1078,215.74382921947964,0.125,0.2,0.5,0.5,2.591912725531462e-10,0.9999949494597027,1.3621263062585793e-11,5.050267496001142e-06,2.218184627065732
1079,215.94396264176117,0.125,0.2,0.5,0.5,2.933293904948449e-10,0.999994967442463,1.2745367407182838e-11,5.032251473437075e-06,2.218184627065732
1080,216.14409606404269,0.125,0.2,0.5,0.5,3.2534168181229986e-10,0.9999949853629966,1.1922461020621818e-11,5.0142997504232985e-06,2.218184627065732
1081,216.3442294863242,0.125,0.2,0.5,0.5,3.5511619621913096e-10,0.9999950032216546,1.1153894741526251e-11,4.996412086402147e-06,2.218184627065732
1082,216.54436290860573,0.125,0.2,0.5,0.5,3.8254098342895654e-10,0.9999950210187882,1.0441019408519683e-11,4.978588240815953e-06,2.218184627065732
1083,216.74449633088724,0.125,0.2,0.5,0.5,4.075040931553838e-10,0.9999950387547486,9.785185860225952e-12,4.96082797310706e-06,2.218184627065732
1084,216.94462975316878,0.125,0.2,0.5,0.5,4.2989357511203443e-10,0.9999950564298868,9.187744935268514e-12,4.943131042717797e-06,2.218184627065732
1085,217.1447631754503,0.125,0.2,0.5,0.5,4.495974790125169e-10,0.9999950740445542,8.650047472271182e-12,4.925497209090507e-06,2.218184627065732
1086,217.3448965977318,0.125,0.2,0.5,0.5,4.665038545704495e-10,0.9999950915991018,8.173444309857505e-12,4.907926231667524e-06,2.218184627065732
1087,217.54503002001334,0.125,0.2,0.5,0.5,4.805007514994487e-10,0.9999951090938808,7.759286286651073e-12,4.890417869891181e-06,2.218184627065732
1088,217.74516344229485,0.125,0.2,0.5,0.5,4.914762195131253e-10,0.9999951265292424,7.408924241275642e-12,4.87297188320382e-06,2.218184627065732
1089,217.94529686457636,0.125,0.2,0.5,0.5,4.993183083250963e-10,0.9999951439055376,7.123709012354788e-12,4.855588031047775e-06,2.218184627065732
1090,218.1454302868579,0.125,0.2,0.5,0.5,5.039150676489769e-10,0.9999951612231177,6.904991438512128e-12,4.83826607286538e-06,2.218184627065732
1091,218.3455637091394,0.125,0.2,0.5,0.5,5.051545471983808e-10,0.9999951784823338,6.754122358371364e-12,4.821005768098976e-06,2.218184627065732
1092,218.54569713142095,0.125,0.2,0.5,0.5,5.029247966869229e-10,0.9999951956835371,6.6724526105560955e-12,4.8038068761908946e-06,2.218184627065732
1093,218.74583055370246,0.125,0.2,0.5,0.5,4.971138658282187e-10,0.9999952128270787,6.661333033689985e-12,4.786669156583477e-06,2.218184627065732
1094,218.94596397598397,0.125,0.2,0.5,0.5,6.270437226051826e-10,0.9999952303841992,8.729060803793647e-13,4.768987894597344e-06,2.218184627065732
1095,219.1460973982655,0.125,0.2,0.5,0.5,6.007373380785648e-10,0.9999952473572066,1.6089221634493554e-12,4.75204045761809e-06,2.218184627065732
1096,219.34623082054702,0.125,0.2,0.5,0.5,5.741442348109673e-10,0.9999952642750874,2.3166972182813713e-12,4.735148461951605e-06,2.218184627065732
1097,219.54636424282853,0.125,0.2,0.5,0.5,5.472644128023862e-10,0.9999952811378421,2.9962312448755224e-12,4.718311907597886e-06,2.218184627065732
1098,219.74649766511007,0.125,0.2,0.5,0.5,5.20097872052818e-10,0.9999952979454704,3.647524243231893e-12,4.70153079455693e-06,2.218184627065732
1099,219.94663108739158,0.125,0.2,0.5,0.5,4.926446125622702e-10,0.9999953146979722,4.2705762133503025e-12,4.684805122828743e-06,2.218184627065732
1100,220.14676450967312,0.125,0.2,0.5,0.5,4.6490463433073513e-10,0.9999953313953478,4.8653871552309275e-12,4.66813489241332e-06,2.218184627065732
1101,220.34689793195463,0.125,0.2,0.5,0.5,4.368779373582206e-10,0.9999953480375969,5.431957068873596e-12,4.651520103310665e-06,2.218184627065732
1102,220.54703135423614,0.125,0.2,0.5,0.5,4.085645216447227e-10,0.9999953646247198,5.970285954278398e-12,4.634960755520775e-06,2.218184627065732
1103,220.74716477651768,0.125,0.2,0.5,0.5,3.799643871902373e-10,0.9999953811567163,6.480373811445403e-12,4.61845684904365e-06,2.218184627065732
1104,220.9472981987992,0.125,0.2,0.5,0.5,3.510775339947724e-10,0.9999953976335865,6.962220640374467e-12,4.602008383879292e-06,2.218184627065732
1105,221.1474316210807,0.125,0.2,0.5,0.5,3.2190396205832424e-10,0.9999954140553302,7.415826441065661e-12,4.585615360027701e-06,2.218184627065732
1106,221.34756504336224,0.125,0.2,0.5,0.5,2.924436713808884e-10,0.9999954304219476,7.841191213519047e-12,4.569277777488873e-06,2.218184627065732
1107,221.54769846564375,0.125,0.2,0.5,0.5,2.6269666196247354e-10,0.9999954467334388,8.238314957734501e-12,4.552995636262813e-06,2.218184627065732
1108,221.7478318879253,0.125,0.2,0.5,0.5,2.3266293380307084e-10,0.9999954629898035,8.60719767371214e-12,4.5367689363495174e-06,2.218184627065732
1109,221.9479653102068,0.125,0.2,0.5,0.5,2.0234248690268902e-10,0.9999954791910418,8.947839361451856e-12,4.52059767774899e-06,2.218184627065732
1110,222.1480987324883,0.125,0.2,0.5,0.5,1.7173532126132383e-10,0.9999954953371539,9.260240020953703e-12,4.504481860461229e-06,2.218184627065732
1111,222.34823215476985,0.125,0.2,0.5,0.5,1.4084143687897083e-10,0.9999955114281396,9.544399652217722e-12,4.4884214844862305e-06,2.218184627065732
1112,222.54836557705136,0.125,0.2,0.5,0.5,1.0966083375563882e-10,0.9999955274639989,9.80031825524383e-12,4.472416549824001e-06,2.218184627065732
1113,222.74849899933287,0.125,0.2,0.5,0.5,7.819351189132341e-11,0.9999955434447318,1.002799583003207e-11,4.456467056474537e-06,2.218184627065732
1114,222.9486324216144,0.125,0.2,0.5,0.5,4.643947128602009e-11,0.9999955593703385,1.0227432376582469e-11,4.440573004437837e-06,2.218184627065732
1115,223.14876584389592,0.125,0.2,0.5,0.5,1.4398711939737853e-11,0.9999955752408187,1.039862789489497e-11,4.424734393713905e-06,2.218184627065732
1116,223.34889926617745,0.125,0.2,0.5,0.5,-1.7928766147532375e-11,0.9999955910561728,1.0541582384969622e-11,4.408951224302737e-06,2.218184627065732
1117,223.54903268845896,0.125,0.2,0.5,0.5,-5.0542962975781404e-11,0.9999956068164003,1.0656295846806383e-11,4.393223496204337e-06,2.218184627065732
1118,223.74916611074048,0.125,0.2,0.5,0.5,-8.344387854501385e-11,0.9999956225215015,1.0742768280405276e-11,4.377551209418703e-06,2.218184627065732
1119,223.949299533022,0.125,0.2,0.5,0.5,-1.1663151285523437e-10,0.9999956381714764,1.0800999685766309e-11,4.3619343639458325e-06,2.218184627065732
1120,224.14943295530352,0.125,0.2,0.5,0.5,-1.4975526899683328e-10,0.9999956537661023,1.0831770177775712e-11,4.3463728310162535e-06,2.218184627065732
1121,224.34956637758503,0.125,0.2,0.5,0.5,-1.8039607433629024e-10,0.9999956693038433,1.0840462446698789e-11,4.330865722137479e-06,2.218184627065732
1122,224.54969979986657,0.125,0.2,0.5,0.5,-2.0809315829726868e-10,0.9999956847844068,1.0828101755382714e-11,4.31541286807474e-06,2.218184627065732
1123,224.74983322214808,0.125,0.2,0.5,0.5,-2.328465208797608e-10,0.9999957002077928,1.0794688103827492e-11,4.3000142688280425e-06,2.218184627065732
1124,224.94996664442962,0.125,0.2,0.5,0.5,-2.546561620837736e-10,0.9999957155740014,1.074022149203311e-11,4.28466992439738e-06,2.218184627065732
1125,225.15010006671113,0.125,0.2,0.5,0.5,-2.7352208190930084e-10,0.9999957308830324,1.0664701919999588e-11,4.269379834782757e-06,2.218184627065732
1126,225.35023348899264,0.125,0.2,0.5,0.5,-2.8944428035634587e-10,0.999995746134886,1.0568129387726917e-11,4.254143999984173e-06,2.218184627065732
1127,225.55036691127418,0.125,0.2,0.5,0.5,-3.024227574249103e-10,0.999995761329562,1.045050389521508e-11,4.2389624200016255e-06,2.218184627065732
1128,225.7505003335557,0.125,0.2,0.5,0.5,-3.124575131149905e-10,0.9999957764670606,1.0311825442464111e-11,4.223835094835117e-06,2.218184627065732
1129,225.9506337558372,0.125,0.2,0.5,0.5,-3.1954854742658843e-10,0.9999957915473816,1.0152094029473993e-11,4.2087620244846466e-06,2.218184627065732
1130,226.15076717811874,0.125,0.2,0.5,0.5,-3.2369586035970455e-10,0.9999958065705252,9.9713096562447e-12,4.193743208950213e-06,2.218184627065732
1131,226.35090060040025,0.125,0.2,0.5,0.5,-3.248994519143377e-10,0.9999958215364914,9.769472322776284e-12,4.178778648231819e-06,2.218184627065732
1132,226.5510340226818,0.125,0.2,0.5,0.5,-3.231593220904881e-10,0.99999583644528,9.546582029068686e-12,4.163868342329461e-06,2.218184627065732
1133,226.7511674449633,0.125,0.2,0.5,0.5,-3.1847547088815634e-10,0.9999958512968912,9.302638775121969e-12,4.149012291243143e-06,2.218184627065732
1134,226.9513008672448,0.125,0.2,0.5,0.5,-3.1108195998454896e-10,0.9999958660917888,9.039960456500908e-12,4.13421026270682e-06,2.218184627065732
1135,227.15143428952635,0.125,0.2,0.5,0.5,-3.029740924572411e-10,0.9999958808339285,8.778306412748507e-12,4.119460276724635e-06,2.218184627065732
1136,227.35156771180786,0.125,0.2,0.5,0.5,-2.946072297262239e-10,0.9999958955242131,8.522186054496984e-12,4.104761881428535e-06,2.218184627065732
1137,227.55170113408937,0.125,0.2,0.5,0.5,-2.859813717914961e-10,0.9999959101626423,8.271599381746305e-12,4.0901150768185185e-06,2.218184627065732
1138,227.7518345563709,0.125,0.2,0.5,0.5,-2.7709651865305653e-10,0.9999959247492165,8.026546394496433e-12,4.075519862894583e-06,2.218184627065732
1139,227.95196797865242,0.125,0.2,0.5,0.5,-2.679526703109077e-10,0.9999959392839354,7.78702709274744e-12,4.060976239656733e-06,2.218184627065732
1140,228.15210140093396,0.125,0.2,0.5,0.5,-2.5854982676504704e-10,0.9999959537667991,7.553041476499255e-12,4.0464842071049645e-06,2.218184627065732
1141,228.35223482321547,0.125,0.2,0.5,0.5,-2.488879880154771e-10,0.9999959681978074,7.324589545751946e-12,4.032043765239281e-06,2.218184627065732
1142,228.55236824549698,0.125,0.2,0.5,0.5,-2.3896715406219675e-10,0.9999959825769608,7.10167130050548e-12,4.0176549140596805e-06,2.218184627065732
1143,228.75250166777852,0.125,0.2,0.5,0.5,-2.2878732490520435e-10,0.9999959969042588,6.884286740759826e-12,4.003317653566162e-06,2.218184627065732
1144,228.95263509006003,0.125,0.2,0.5,0.5,-2.1834850054450287e-10,0.9999960111797016,6.672435866515046e-12,3.989031983758728e-06,2.218184627065732
1145,229.15276851234154,0.125,0.2,0.5,0.5,-2.076506809800909e-10,0.9999960254032892,6.4661186777711075e-12,3.9747979046373775e-06,2.218184627065732
1146,229.35290193462308,0.125,0.2,0.5,0.5,-1.9669386621196683e-10,0.9999960395750217,6.265335174527984e-12,3.960615416202109e-06,2.218184627065732
1147,229.5530353569046,0.125,0.2,0.5,0.5,-1.854780562401338e-10,0.9999960536948989,6.070085356785731e-12,3.946484518452925e-06,2.218184627065732
1148,229.75316877918613,0.125,0.2,0.5,0.5,-1.740569559525114e-10,0.9999960677631469,5.880374775726752e-12,3.932405039045867e-06,2.218184627065732
1149,229.95330220146764,0.125,0.2,0.5,0.5,-1.6300794013755444e-10,0.9999960817821959,5.696263111445743e-12,3.918375125131803e-06,2.218184627065732
1150,230.15343562374915,0.125,0.2,0.5,0.5,-1.5248772010132475e-10,0.9999960957527054,5.517766562338882e-12,3.904394273809646e-06,2.218184627065732
1151,230.35356904603069,0.125,0.2,0.5,0.5,-1.4249629584382097e-10,0.9999961096746757,5.3448851284061434e-12,3.8904624850793945e-06,2.218184627065732
1152,230.5537024683122,0.125,0.2,0.5,0.5,-1.3303366736504588e-10,0.9999961235481064,5.177618809647577e-12,3.876579758941052e-06,2.218184627065732
1153,230.75383589059373,0.125,0.2,0.5,0.5,-1.2409983466499687e-10,0.9999961373729979,5.015967606063136e-12,3.862746095394614e-06,2.218184627065732
1154,230.95396931287524,0.125,0.2,0.5,0.5,-1.1569479774367641e-10,0.9999961511493498,4.859931517652865e-12,3.848961494440086e-06,2.218184627065732
1155,231.15410273515675,0.125,0.2,0.5,0.5,-1.0781855660108322e-10,0.9999961648771623,4.70951054441674e-12,3.835225956077464e-06,2.218184627065732
1156,231.3542361574383,0.125,0.2,0.5,0.5,-1.0047111123721629e-10,0.9999961785564354,4.564704686354744e-12,3.8215394803067486e-06,2.218184627065732
1157,231.5543695797198,0.125,0.2,0.5,0.5,-9.365246165207771e-11,0.9999961921871692,4.425513943466916e-12,3.8079020671279418e-06,2.218184627065732
1158,231.75450300200131,0.125,0.2,0.5,0.5,-8.73626078456664e-11,0.9999962057693634,4.2919383157532345e-12,3.794313716541042e-06,2.218184627065732
1159,231.95463642428285,0.125,0.2,0.5,0.5,-8.160154981798158e-11,0.9999962193030183,4.163977803213683e-12,3.780774428546047e-06,2.218184627065732
1160,232.15476984656436,0.125,0.2,0.5,0.5,-7.636928756902488e-11,0.9999962327881338,4.041632405848297e-12,3.7672842031429613e-06,2.218184627065732
1161,232.3549032688459,0.125,0.2,0.5,0.5,-7.166582109879483e-11,0.9999962462247098,3.924902123657042e-12,3.753843040331781e-06,2.218184627065732
1162,232.5550366911274,0.125,0.2,0.5,0.5,-6.747539739797115e-11,0.9999962596128554,3.813639072843387e-12,3.7404508154434573e-06,2.218184627065732
1163,232.75517011340892,0.125,0.2,0.5,0.5,-6.357839397502479e-11,0.9999962729540913,3.705781513507694e-12,3.7271057903892763e-06,2.218184627065732
1164,232.95530353569046,0.125,0.2,0.5,0.5,-5.990427608453367e-11,0.9999962862489057,3.600667289884688e-12,3.713807406958443e-06,2.218184627065732
1165,233.15543695797197,0.125,0.2,0.5,0.5,-5.6453043726498827e-11,0.9999962994972986,3.498296401974399e-12,3.7005556651509614e-06,2.218184627065732
1166,233.35557038025348,0.125,0.2,0.5,0.5,-5.322469690091973e-11,0.99999631269927,3.3986688497768117e-12,3.6873505649668295e-06,2.218184627065732
1167,233.55570380253502,0.125,0.2,0.5,0.5,-5.021923560779598e-11,0.99999632585482,3.301784633291913e-12,3.6741921064060454e-06,2.218184627065732
1168,233.75583722481653,0.125,0.2,0.5,0.5,-4.743665984712841e-11,0.9999963389639485,3.20764375251973e-12,3.6610802894686133e-06,2.218184627065732
1169,233.95597064709807,0.125,0.2,0.5,0.5,-4.487696961891625e-11,0.9999963520266555,3.1162462074602357e-12,3.648015114154529e-06,2.218184627065732
1170,234.15610406937958,0.125,0.2,0.5,0.5,-4.254016492316022e-11,0.999996365042941,3.0275919981134567e-12,3.6349965804637965e-06,2.218184627065732
1171,234.3562374916611,0.125,0.2,0.5,0.5,-4.042624575985994e-11,0.9999963780128049,2.9416811244793794e-12,3.6220246883964135e-06,2.218184627065732
1172,234.55637091394263,0.125,0.2,0.5,0.5,-3.8535212129015146e-11,0.9999963909362475,2.8585135865579925e-12,3.6090994379523783e-06,2.218184627065732
1173,234.75650433622414,0.125,0.2,0.5,0.5,-3.686706403062639e-11,0.9999964038132686,2.778089384349319e-12,3.596220829131695e-06,2.218184627065732
1174,234.95663775850565,0.125,0.2,0.5,0.5,-3.542180146469339e-11,0.9999964166438682,2.700408517853348e-12,3.5833888619343616e-06,2.218184627065732
1175,235.1567711807872,0.125,0.2,0.5,0.5,-3.419942443121597e-11,0.9999964294280463,2.625470987070068e-12,3.570603536360376e-06,2.218184627065732
1176,235.3569046030687,0.125,0.2,0.5,0.5,-3.3199717085871446e-11,0.9999964421658052,2.5532755858384822e-12,3.5578648499420206e-06,2.218184627065732
1177,235.55703802535024,0.125,0.2,0.5,0.5,-3.2312273447459995e-11,0.9999964548582974,2.4832053538020973e-12,3.5451715404217073e-06,2.218184627065732
1178,235.75717144763175,0.125,0.2,0.5,0.5,-3.1444760401719216e-11,0.9999964675064865,2.414744323705613e-12,3.532522552166649e-06,2.218184627065732
1179,235.95730486991326,0.125,0.2,0.5,0.5,-3.059717794864899e-11,0.9999964801103728,2.3478924955490193e-12,3.519917885176845e-06,2.218184627065732
1180,236.1574382921948,0.125,0.2,0.5,0.5,-2.97695260882492e-11,0.999996492669956,2.2826498693323076e-12,3.507357539452293e-06,2.218184627065732
1181,236.3575717144763,0.125,0.2,0.5,0.5,-2.8961804820520077e-11,0.9999965051852364,2.2190164450554955e-12,3.4948415149929966e-06,2.218184627065732
1182,236.55770513675782,0.125,0.2,0.5,0.5,-2.8174014145461506e-11,0.9999965176562139,2.1569922227185746e-12,3.482369811798954e-06,2.218184627065732
1183,236.75783855903936,0.125,0.2,0.5,0.5,-2.7406154063073377e-11,0.9999965300828884,2.096577202321536e-12,3.469942429870163e-06,2.218184627065732
1184,236.95797198132087,0.125,0.2,0.5,0.5,-2.6658224573355906e-11,0.9999965424652598,2.0377713838643967e-12,3.457559369206628e-06,2.218184627065732
1185,237.1581054036024,0.125,0.2,0.5,0.5,-2.5930225676308884e-11,0.9999965548033285,1.9805747673471405e-12,3.4452206298083445e-06,2.218184627065732
1186,237.35823882588392,0.125,0.2,0.5,0.5,-2.5222157371932517e-11,0.9999965670970942,1.9249873527697827e-12,3.4329262116753166e-06,2.218184627065732
1187,237.55837224816543,0.125,0.2,0.5,0.5,-2.4534019660226702e-11,0.9999965793465568,1.871009140132316e-12,3.4206761148075427e-06,2.218184627065732
1188,237.75850567044697,0.125,0.2,0.5,0.5,-2.386581254119134e-11,0.9999965915517166,1.8186401294347328e-12,3.4084703392050207e-06,2.218184627065732
1189,237.95863909272848,0.125,0.2,0.5,0.5,-2.3217536014826625e-11,0.9999966037125735,1.7678803206770478e-12,3.396308884867754e-06,2.218184627065732
1190,238.15877251500999,0.125,0.2,0.5,0.5,-2.2589190081132463e-11,0.9999966158291274,1.7187297138592536e-12,3.3841917517957413e-06,2.218184627065732
1191,238.35890593729152,0.125,0.2,0.5,0.5,-2.1975845472868373e-11,0.9999966279020293,1.6710402770993762e-12,3.3721182840910545e-06,2.218184627065732
1192,238.55903935957303,0.125,0.2,0.5,0.5,-2.1366293835515703e-11,0.9999966399327601,1.6244754098983618e-12,3.360086990348153e-06,2.218184627065732
1193,238.75917278185457,0.125,0.2,0.5,0.5,-2.0760101873436214e-11,0.9999966519213768,1.5790220998619346e-12,3.3480978129118702e-06,2.218184627065732
1194,238.95930620413608,0.125,0.2,0.5,0.5,-2.0157269586630085e-11,0.9999966638678794,1.5346803469901077e-12,3.3361507517822096e-06,2.218184627065732
1195,239.1594396264176,0.125,0.2,0.5,0.5,-1.955779697509722e-11,0.999996675772268,1.4914501512828745e-12,3.324245806959169e-06,2.218184627065732
1196,239.35957304869913,0.125,0.2,0.5,0.5,-1.8961684038837543e-11,0.9999966876345425,1.4493315127402292e-12,3.312382978442747e-06,2.218184627065732
1197,239.55970647098064,0.125,0.2,0.5,0.5,-1.8368930777851218e-11,0.9999966994547029,1.4083244313621835e-12,3.3005622662329467e-06,2.218184627065732
1198,239.75983989326215,0.125,0.2,0.5,0.5,-1.7779537192138165e-11,0.9999967112327494,1.3684289071487318e-12,3.288783670329767e-06,2.218184627065732
1199,239.9599733155437,0.125,0.2,0.5,0.5,-1.7193503281698297e-11,0.9999967229686817,1.329644940099868e-12,3.2770471907332053e-06,2.218184627065732
1200,240.1601067378252,0.125,0.2,0.5,0.5,-1.661082904653178e-11,0.9999967346624999,1.2919725302156036e-12,3.2653528274432657e-06,2.218184627065732
1201,240.36024016010674,0.125,0.2,0.5,0.5,-1.6031514486638452e-11,0.9999967463142041,1.2554116774959278e-12,3.2537005804599447e-06,2.218184627065732
1202,240.56037358238825,0.125,0.2,0.5,0.5,-1.5455559602018476e-11,0.9999967579237943,1.219962381940851e-12,3.2420904497832457e-06,2.218184627065732
1203,240.76050700466976,0.125,0.2,0.5,0.5,-1.4882964392671768e-11,0.9999967694912704,1.185624643550368e-12,3.230522435413167e-06,2.218184627065732
1204,240.9606404269513,0.125,0.2,0.5,0.5,-1.4313728858598248e-11,0.9999967810166324,1.152398462324474e-12,3.2189965373497065e-06,2.218184627065732
1205,241.1607738492328,0.125,0.2,0.5,0.5,-1.3747025517156291e-11,0.9999967925006459,1.1203175950838492e-12,3.2075119892763296e-06,2.218184627065732
1206,241.36090727151432,0.125,0.2,0.5,0.5,-1.317781960094386e-11,0.9999968039479681,1.0895874331343158e-12,3.1960641285870477e-06,2.218184627065732
1207,241.56104069379586,0.125,0.2,0.5,0.5,-1.2605260228054683e-11,0.9999968153593861,1.0602426878600949e-12,3.18465216729569e-06,2.218184627065732
1208,241.76117411607737,0.125,0.2,0.5,0.5,-1.2029347398488916e-11,0.9999968267349,1.032283359261197e-12,3.173276105402259e-06,2.218184627065732
1209,241.9613075383589,0.125,0.2,0.5,0.5,-1.1450081112246378e-11,0.9999968380745098,1.0057094473376132e-12,3.161935942906752e-06,2.218184627065732
1210,242.16144096064042,0.125,0.2,0.5,0.5,-1.0867461369327243e-11,0.9999968493782154,9.8052095208935e-13,3.1506316798091725e-06,2.218184627065732
1211,242.36157438292193,0.125,0.2,0.5,0.5,-1.028148816973144e-11,0.9999968606460169,9.56717873516406e-13,3.1393633161095187e-06,2.218184627065732
1212,242.56170780520347,0.125,0.2,0.5,0.5,-9.692161513458873e-12,0.9999968718779142,9.343002116187755e-13,3.128130851807789e-06,2.218184627065732
1213,242.76184122748498,0.125,0.2,0.5,0.5,-9.099481400509728e-12,0.9999968830739074,9.13267966396466e-13,3.1169342869039864e-06,2.218184627065732
1214,242.9619746497665,0.125,0.2,0.5,0.5,-8.50344783088389e-12,0.9999968942339965,8.936211378494739e-13,3.1057736213981096e-06,2.218184627065732
1215,243.16210807204803,0.125,0.2,0.5,0.5,-7.9040608045813e-12,0.9999969053581815,8.753597259777972e-13,3.0946488552901565e-06,2.218184627065732
1216,243.36224149432954,0.125,0.2,0.5,0.5,-7.301320321602112e-12,0.9999969164464623,8.584837307814411e-13,3.083559988580131e-06,2.218184627065732
1217,243.56237491661108,0.125,0.2,0.5,0.5,-6.695226381946167e-12,0.999996927498839,8.429931522604003e-13,3.0725070212680294e-06,2.218184627065732
1218,243.7625083388926,0.125,0.2,0.5,0.5,-6.085778985613637e-12,0.9999969385153116,8.288879904146797e-13,3.061489953353855e-06,2.218184627065732
1219,243.9626417611741,0.125,0.2,0.5,0.5,-5.472978132604421e-12,0.9999969494958799,8.161682452442769e-13,3.0505087848376063e-06,2.218184627065732
1220,244.16277518345564,0.125,0.2,0.5,0.5,-4.8568238229184526e-12,0.9999969604405442,8.048339167491898e-13,3.0395635157192817e-06,2.218184627065732
1221,244.36290860573715,0.125,0.2,0.5,0.5,-4.237316056555894e-12,0.9999969713493043,7.948850049294217e-13,3.0286541459988843e-06,2.218184627065732
1222,244.56304202801866,0.125,0.2,0.5,0.5,-3.6144548335166546e-12,0.9999969822221604,7.863215097849722e-13,3.0177806756764126e-06,2.218184627065732
1223,244.7631754503002,0.125,0.2,0.5,0.5,-2.9882401538006504e-12,0.9999969930591123,7.791434313158388e-13,3.006943104751865e-06,2.218184627065732
1224,244.9633088725817,0.125,0.2,0.5,0.5,-2.358672017408056e-12,0.99999700386016,7.733507695220244e-13,2.9961414332252445e-06,2.218184627065732
1225,245.16344229486324,0.125,0.2,0.5,0.5,-1.7257504243387033e-12,0.9999970146253035,7.689435244035274e-13,2.985375661096548e-06,2.218184627065732
1226,245.36357571714476,0.125,0.2,0.5,0.5,-1.0894753745927538e-12,0.999997025354543,7.659216959603486e-13,2.974645788365779e-06,2.218184627065732
1227,245.56370913942627,0.125,0.2,0.5,0.5,-4.498468681701429e-13,0.9999970360478784,7.642852841924871e-13,2.9639518150329353e-06,2.218184627065732
1228,245.7638425617078,0.125,0.2,0.5,0.5,1.9313509492923918e-13,0.9999970467053095,7.640342890999438e-13,2.953293741098016e-06,2.218184627065732
1229,245.96397598398931,0.125,0.2,0.5,0.5,8.394705147052116e-13,0.9999970573268365,7.651687106827182e-13,2.9426715665610236e-06,2.218184627065732
1230,246.16410940627082,0.125,0.2,0.5,0.5,1.4891593911578518e-12,0.9999970679124595,7.676885489408101e-13,2.932085291421957e-06,2.218184627065732
1231,246.36424282855236,0.125,0.2,0.5,0.5,2.1422017242872697e-12,0.9999970784621782,7.715938038742205e-13,2.9215349156808146e-06,2.218184627065732
1232,246.56437625083387,0.125,0.2,0.5,0.5,2.7985975140932714e-12,0.9999970889759929,7.768844754829478e-13,2.9110204393375993e-06,2.218184627065732
1233,246.7645096731154,0.125,0.2,0.5,0.5,3.4583467605760315e-12,0.9999970994539034,7.835605637669938e-13,2.900541862392308e-06,2.218184627065732
1234,246.96464309539692,0.125,0.2,0.5,0.5,4.121449463735382e-12,0.9999971098959097,7.916220687263571e-13,2.890099184844944e-06,2.218184627065732
1235,247.16477651767843,0.125,0.2,0.5,0.5,4.7879056235714064e-12,0.999997120302012,8.010689903610378e-13,2.8796924066955054e-06,2.218184627065732
1236,247.36490993995997,0.125,0.2,0.5,0.5,5.457715240084202e-12,0.9999971306722101,8.11901328671037e-13,2.869321527943991e-06,2.218184627065732
1237,247.56504336224148,0.125,0.2,0.5,0.5,6.130878313273582e-12,0.999997141006504,8.241190836563532e-13,2.858986548590404e-06,2.218184627065732
1238,247.765176784523,0.125,0.2,0.5,0.5,6.807394843139636e-12,0.9999971513048939,8.377222553169872e-13,2.8486874686347426e-06,2.218184627065732
1239,247.96531020680453,0.125,0.2,0.5,0.5,7.487264829682461e-12,0.9999971615673796,8.52710843652941e-13,2.8384242880770053e-06,2.218184627065732
1240,248.16544362908604,0.125,0.2,0.5,0.5,8.170488272901857e-12,0.9999971717939612,8.690848486642105e-13,2.828197006917195e-06,2.218184627065732
1241,248.36557705136758,0.125,0.2,0.5,0.5,8.857065172798038e-12,0.9999971819846386,8.868442703508002e-13,2.8180056251553093e-06,2.218184627065732
1242,248.5657104736491,0.125,0.2,0.5,0.5,9.546995529370789e-12,0.9999971921394119,9.059891087127048e-13,2.8078501427913503e-06,2.218184627065732
1243,248.7658438959306,0.125,0.2,0.5,0.5,1.0240279342620227e-11,0.999997202258281,9.265193637499273e-13,2.797730559825317e-06,2.218184627065732
1244,248.96597731821214,0.125,0.2,0.5,0.5,1.0936916612546437e-11,0.9999972123412461,9.484350354624703e-13,2.787646876257208e-06,2.218184627065732
1245,249.16611074049365,0.125,0.2,0.5,0.5,1.163690733914921e-11,0.9999972223883069,9.717361238503286e-13,2.7775990920870263e-06,2.218184627065732
1246,249.36624416277516,0.125,0.2,0.5,0.5,1.2340251522428672e-11,0.9999972323994637,9.964226289135044e-13,2.7675872073147696e-06,2.218184627065732
1247,249.5663775850567,0.125,0.2,0.5,0.5,1.3046949162384911e-11,0.9999972423747163,1.0224945506520015e-12,2.7576112219404374e-06,2.218184627065732
1248,249.7665110073382,0.125,0.2,0.5,0.5,1.3757000259017714e-11,0.9999972523140648,1.0499518890658128e-12,2.7476711359640327e-06,2.218184627065732
1249,249.96664442961975,0.125,0.2,0.5,0.5,1.4470404812327308e-11,0.9999972622175091,1.0787946441549459e-12,2.7377669493855517e-06,2.218184627065732
1250,250.16677785190126,0.125,0.2,0.5,0.5,1.5187162822313467e-11,0.9999972720850493,1.1090228159193923e-12,2.7278986622049983e-06,2.218184627065732
1251,250.36691127418277,0.125,0.2,0.5,0.5,1.590727428897631e-11,0.9999972819166854,1.1406364043591564e-12,2.71806627442237e-06,2.218184627065732
1252,250.5670446964643,0.125,0.2,0.5,0.5,1.6630739212315923e-11,0.9999972917124172,1.1736354094742432e-12,2.708269786037666e-06,2.218184627065732
1253,250.76717811874582,0.125,0.2,0.5,0.5,1.7357557592332117e-11,0.9999973014722451,1.2080198312646433e-12,2.6985091970508896e-06,2.218184627065732
1254,250.96731154102733,0.125,0.2,0.5,0.5,1.808772942902498e-11,0.9999973111961687,1.2437896697303608e-12,2.688784507462038e-06,2.218184627065732
1255,251.16744496330887,0.125,0.2,0.5,0.5,1.8821254722394626e-11,0.9999973208841882,1.2809449248714017e-12,2.6790957172711115e-06,2.218184627065732
1256,251.36757838559038,0.125,0.2,0.5,0.5,1.9558133472440846e-11,0.9999973305363037,1.3194855966877543e-12,2.6694428264781115e-06,2.218184627065732
1257,251.56771180787192,0.125,0.2,0.5,0.5,2.0298365679163844e-11,0.9999973401525148,1.3594116851794311e-12,2.6598258350830356e-06,2.218184627065732
1258,251.76784523015343,0.125,0.2,0.5,0.5,2.104195134256341e-11,0.999997349732822,1.4007231903464193e-12,2.6502447430858873e-06,2.218184627065732
1259,251.96797865243494,0.125,0.2,0.5,0.5,2.178889046263966e-11,0.999997359277225,1.4434201121887256e-12,2.6406995504866643e-06,2.218184627065732
1260,252.16811207471648,0.125,0.2,0.5,0.5,2.2539183039392687e-11,0.9999973687857239,1.487502450706356e-12,2.6311902572853654e-06,2.218184627065732
1261,252.368245496998,0.125,0.2,0.5,0.5,2.3292829072822286e-11,0.9999973782583186,1.5329702058992978e-12,2.621716863481994e-06,2.218184627065732
1262,252.5683789192795,0.125,0.2,0.5,0.5,2.4049828562928555e-11,0.9999973876950091,1.579823377767557e-12,2.612279369076548e-06,2.218184627065732
1263,252.76851234156103,0.125,0.2,0.5,0.5,2.4810181509711612e-11,0.9999973970957955,1.6280619663111411e-12,2.602877774069026e-06,2.218184627065732
1264,252.96864576384255,0.125,0.2,0.5,0.5,2.557388791317124e-11,0.9999974064606778,1.6776859715300359e-12,2.5935120784594313e-06,2.218184627065732
1265,253.16877918612408,0.125,0.2,0.5,0.5,2.6340947773307645e-11,0.999997415789656,1.7286953934242555e-12,2.584182282247761e-06,2.218184627065732
1266,253.3689126084056,0.125,0.2,0.5,0.5,2.711136109012062e-11,0.99999742508273,1.781090231993786e-12,2.574888385434018e-06,2.218184627065732
1267,253.5690460306871,0.125,0.2,0.5,0.5,2.7885127863610275e-11,0.9999974343399,1.8348704872386345e-12,2.5656303880182e-06,2.218184627065732
1268,253.76917945296864,0.125,0.2,0.5,0.5,2.8662248093776713e-11,0.9999974435611657,1.890036159158808e-12,2.5564082900003066e-06,2.218184627065732
1269,253.96931287525015,0.125,0.2,0.5,0.5,2.944272178061972e-11,0.9999974527465273,1.9465872477542916e-12,2.54722209138034e-06,2.218184627065732
1270,254.16944629753166,0.125,0.2,0.5,0.5,3.0226548924139395e-11,0.9999974618959848,2.0045237530250926e-12,2.538071792158299e-06,2.218184627065732
1271,254.3695797198132,0.125,0.2,0.5,0.5,3.101372952433586e-11,0.9999974710095382,2.06384567497122e-12,2.5289573923341827e-06,2.218184627065732
1272,254.5697131420947,0.125,0.2,0.5,0.5,3.1804263581208894e-11,0.9999974800871874,2.124553013592657e-12,2.519878891907993e-06,2.218184627065732
1273,254.76984656437625,0.125,0.2,0.5,0.5,3.259815109475872e-11,0.9999974891289324,2.1866457688894203e-12,2.510836290879728e-06,2.218184627065732
1274,254.96997998665776,0.125,0.2,0.5,0.5,3.33953920649851e-11,0.9999974981347733,2.2501239408614927e-12,2.5018295892493894e-06,2.218184627065732
1275,255.17011340893927,0.125,0.2,0.5,0.5,3.419598649188816e-11,0.9999975071047101,2.3149875295088826e-12,2.492858787016977e-06,2.218184627065732
1276,255.3702468312208,0.125,0.2,0.5,0.5,3.499993437546801e-11,0.9999975160387429,2.3812365348315994e-12,2.4839238841824885e-06,2.218184627065732
1277,255.57038025350232,0.125,0.2,0.5,0.5,3.5807235715724413e-11,0.9999975249368713,2.448870956829625e-12,2.4750248807459273e-06,2.218184627065732
1278,255.77051367578383,0.125,0.2,0.5,0.5,3.6617890512657504e-11,0.9999975337990957,2.5178907955029683e-12,2.4661617767072916e-06,2.218184627065732
1279,255.97064709806537,0.125,0.2,0.5,0.5,3.7431898766267385e-11,0.9999975426254161,2.588296050851639e-12,2.4573345720665804e-06,2.218184627065732
1280,256.1707805203469,0.125,0.2,0.5,0.5,3.8249260476553934e-11,0.9999975514158321,2.6600867228756277e-12,2.4485432668237946e-06,2.218184627065732
1281,256.3709139426284,0.125,0.2,0.5,0.5,3.9069975643517054e-11,0.9999975601703441,2.7332628115749245e-12,2.439787860978936e-06,2.218184627065732
1282,256.57104736490993,0.125,0.2,0.5,0.5,3.989404426715684e-11,0.999997568888952,2.8078243169495383e-12,2.431068354532003e-06,2.218184627065732
1283,256.77118078719144,0.125,0.2,0.5,0.5,4.072146634747331e-11,0.9999975775716557,2.8837712389994703e-12,2.4223847474829953e-06,2.218184627065732
1284,256.97131420947295,0.125,0.2,0.5,0.5,4.1552241884466446e-11,0.9999975862184554,2.9611035777247196e-12,2.4137370398319135e-06,2.218184627065732
1285,257.1714476317545,0.125,0.2,0.5,0.5,4.23863708781365e-11,0.9999975948293508,3.0398213331253094e-12,2.4051252315787545e-06,2.218184627065732
1286,257.371581054036,0.125,0.2,0.5,0.5,4.3223853328483e-11,0.9999976034043421,3.1199245052011942e-12,2.396549322723524e-06,2.218184627065732
1287,257.57171447631754,0.125,0.2,0.5,0.5,4.4064689235506166e-11,0.9999976119434293,3.2014130939523973e-12,2.388009313266219e-06,2.218184627065732
1288,257.77184789859905,0.125,0.2,0.5,0.5,4.492242257217551e-11,0.9999976204500655,3.2847924747278337e-12,2.3795017359156755e-06,2.218184627065732
1289,257.97198132088056,0.125,0.2,0.5,0.5,4.58195279021842e-11,0.999997628929981,3.3709012559988516e-12,2.371020837127028e-06,2.218184627065732
1290,258.1721147431621,0.125,0.2,0.5,0.5,4.675634573448518e-11,0.9999976373832629,3.459752143404457e-12,2.362566529729126e-06,2.218184627065732
1291,258.37224816544364,0.125,0.2,0.5,0.5,4.7732876069077936e-11,0.9999976458099108,3.551345136944598e-12,2.3541388137219737e-06,2.218184627065732
1292,258.57238158772515,0.125,0.2,0.5,0.5,4.8749118905962723e-11,0.9999976542099248,3.645680236619291e-12,2.345737689105569e-06,2.218184627065732
1293,258.77251501000666,0.125,0.2,0.5,0.5,4.980507424513952e-11,0.9999976625833051,3.7427574424285495e-12,2.3373631558799124e-06,2.218184627065732
1294,258.97264843228817,0.125,0.2,0.5,0.5,5.090074208660837e-11,0.9999976709300514,3.842576754372366e-12,2.3290152140450033e-06,2.218184627065732
1295,259.1727818545697,0.125,0.2,0.5,0.5,5.203612243036923e-11,0.999997679250164,3.945138172450741e-12,2.320693863600842e-06,2.218184627065732
1296,259.37291527685124,0.125,0.2,0.5,0.5,5.3211215276422487e-11,0.9999976875436427,4.050441696663701e-12,2.3123991045474253e-06,2.218184627065732
1297,259.57304869913276,0.125,0.2,0.5,0.5,5.442602062476741e-11,0.9999976958104876,4.158487327011196e-12,2.304130936884759e-06,2.218184627065732
1298,259.77318212141427,0.125,0.2,0.5,0.5,5.568053847540437e-11,0.9999977040506985,4.2692750634932465e-12,2.2958893606128405e-06,2.218184627065732
1299,259.9733155436958,0.125,0.2,0.5,0.5,5.6974768828333364e-11,0.9999977122642757,4.3828049061098556e-12,2.2876743757316696e-06,2.218184627065732
1300,260.1734489659773,0.125,0.2,0.5,0.5,5.830871168355436e-11,0.999997720451219,4.499076854861026e-12,2.2794859822412465e-06,2.218184627065732
1301,260.37358238825885,0.125,0.2,0.5,0.5,5.968236704106783e-11,0.9999977286115286,4.6180909097467846e-12,2.2713241801415686e-06,2.218184627065732
1302,260.57371581054036,0.125,0.2,0.5,0.5,6.109573490087293e-11,0.9999977367452042,4.739847070767072e-12,2.2631889694326406e-06,2.218184627065732
1303,260.7738492328219,0.125,0.2,0.5,0.5,6.254881526297002e-11,0.9999977448522459,4.864345337921917e-12,2.2550803501144603e-06,2.218184627065732
1304,260.9739826551034,0.125,0.2,0.5,0.5,6.404160812735918e-11,0.9999977529326539,4.99158571121132e-12,2.2469983221870277e-06,2.218184627065732
1305,261.1741160773849,0.125,0.2,0.5,0.5,6.557411349404032e-11,0.999997760986428,5.1215681906352844e-12,2.238942885650343e-06,2.218184627065732
1306,261.37424949966646,0.125,0.2,0.5,0.5,6.7146331363014e-11,0.9999977690135682,5.254292776193843e-12,2.2309140405044033e-06,2.218184627065732
1307,261.574382921948,0.125,0.2,0.5,0.5,6.875826173427926e-11,0.9999977770140746,5.389759467886923e-12,2.2229117867492135e-06,2.218184627065732
1308,261.7745163442295,0.125,0.2,0.5,0.5,7.04099046078365e-11,0.9999977849879471,5.527968265714563e-12,2.2149361243847714e-06,2.218184627065732
1309,261.974649766511,0.125,0.2,0.5,0.5,7.210125998368582e-11,0.9999977929351859,5.668919169676762e-12,2.206987053411077e-06,2.218184627065732
1310,262.1747831887925,0.125,0.2,0.5,0.5,7.383232786182715e-11,0.9999978008557907,5.812612179773517e-12,2.1990645738281305e-06,2.218184627065732
1311,262.374916611074,0.125,0.2,0.5,0.5,7.560310824226051e-11,0.9999978087497617,5.9590472960048346e-12,2.1911686856359313e-06,2.218184627065732
1312,262.5750500333556,0.125,0.2,0.5,0.5,7.74136011249864e-11,0.9999978166170989,6.1082245183707506e-12,2.183299388834478e-06,2.218184627065732
1313,262.7751834556371,0.125,0.2,0.5,0.5,7.926380651000382e-11,0.9999978244578022,6.260143846871185e-12,2.1754566834237742e-06,2.218184627065732
1314,262.9753168779186,0.125,0.2,0.5,0.5,8.115372439731326e-11,0.9999978322718717,6.414805281506176e-12,2.167640569403818e-06,2.218184627065732
1315,263.1754503002001,0.125,0.2,0.5,0.5,8.308335478691475e-11,0.9999978400593074,6.572208822275728e-12,2.15985104677461e-06,2.218184627065732
1316,263.3755837224816,0.125,0.2,0.5,0.5,8.505269767880825e-11,0.9999978478201091,6.732354469179838e-12,2.1520881155361493e-06,2.218184627065732
1317,263.5757171447632,0.125,0.2,0.5,0.5,8.706175307299438e-11,0.999997855554277,6.895242222218553e-12,2.144351775688434e-06,2.218184627065732
1318,263.7758505670447,0.125,0.2,0.5,0.5,8.911052096947194e-11,0.9999978632618112,7.060872081391781e-12,2.1366420272314684e-06,2.218184627065732
1319,263.9759839893262,0.125,0.2,0.5,0.5,9.119900136824154e-11,0.9999978709427114,7.229244046699569e-12,2.1289588701652506e-06,2.218184627065732
1320,264.1761174116077,0.125,0.2,0.5,0.5,9.332719426930317e-11,0.9999978785969778,7.400358118141914e-12,2.1213023044897805e-06,2.218184627065732
1321,264.37625083388923,0.125,0.2,0.5,0.5,9.549509967265686e-11,0.9999978862246104,7.574214295718818e-12,2.113672330205058e-06,2.218184627065732
1322,264.5763842561708,0.125,0.2,0.5,0.5,9.770271757830316e-11,0.9999978938256091,7.750812579430333e-12,2.106068947311081e-06,2.218184627065732
1323,264.7765176784523,0.125,0.2,0.5,0.5,9.995004798624089e-11,0.9999979013999739,7.930152969276355e-12,2.098492155807854e-06,2.218184627065732
1324,264.9766511007338,0.125,0.2,0.5,0.5,1.0223709089647063e-10,0.9999979089477049,8.112235465256932e-12,2.0909419556953747e-06,2.218184627065732
1325,265.17678452301533,0.125,0.2,0.5,0.5,1.0456384630899242e-10,0.9999979164688021,8.297060067372073e-12,2.083418346973643e-06,2.218184627065732
1326,265.37691794529684,0.125,0.2,0.5,0.5,1.0693031422380623e-10,0.9999979239632655,8.484626775621772e-12,2.075921329642659e-06,2.218184627065732
1327,265.57705136757835,0.125,0.2,0.5,0.5,1.0933649464091209e-10,0.9999979314310949,8.674935590006028e-12,2.0684509037024225e-06,2.218184627065732
1328,265.7771847898599,0.125,0.2,0.5,0.5,1.1178238756031066e-10,0.9999979388722906,8.8679865105249e-12,2.0610070691529313e-06,2.218184627065732
1329,265.9773182121414,0.125,0.2,0.5,0.5,1.1426799298200056e-10,0.9999979462868523,9.063779537178277e-12,2.0535898259941905e-06,2.218184627065732
1330,266.17745163442294,0.125,0.2,0.5,0.5,1.1679331090598252e-10,0.9999979536747803,9.26231466996621e-12,2.0461991742261965e-06,2.218184627065732
1331,266.37758505670445,0.125,0.2,0.5,0.5,1.1935834133225646e-10,0.9999979610360744,9.463591908888705e-12,2.0388351138489507e-06,2.218184627065732
1332,266.57771847898596,0.125,0.2,0.5,0.5,1.2196308426082246e-10,0.9999979683707346,9.667611253945756e-12,2.0314976448624526e-06,2.218184627065732
1333,266.7778519012675,0.125,0.2,0.5,0.5,1.2460753969168125e-10,0.999997975678761,9.874372705137423e-12,2.0241867672667e-06,2.218184627065732
1334,266.97798532354904,0.125,0.2,0.5,0.5,1.272917076248313e-10,0.9999979829601536,1.0083876262463595e-11,2.016902481061697e-06,2.218184627065732
1335,267.17811874583055,0.125,0.2,0.5,0.5,1.300155880602734e-10,0.9999979902149123,1.0296121925924322e-11,2.009644786247442e-06,2.218184627065732
1336,267.37825216811206,0.125,0.2,0.5,0.5,1.3277918099800752e-10,0.9999979974430372,1.0511109695519609e-11,2.0024136828239343e-06,2.218184627065732
1337,267.57838559039357,0.125,0.2,0.5,0.5,1.3558248643803366e-10,0.9999980046445283,1.0728839571249454e-11,1.9952091707911745e-06,2.218184627065732
1338,267.77851901267513,0.125,0.2,0.5,0.5,1.3842550438035266e-10,0.9999980118193854,1.0949311553113923e-11,1.9880312501491603e-06,2.218184627065732
1339,267.97865243495664,0.125,0.2,0.5,0.5,1.413082348249629e-10,0.9999980189676088,1.1172525641112886e-11,1.980879920897896e-06,2.218184627065732
1340,268.17878585723815,0.125,0.2,0.5,0.5,1.442306777718651e-10,0.9999980260891983,1.1398481835246408e-11,1.973755183037379e-06,2.218184627065732
1341,268.37891927951966,0.125,0.2,0.5,0.5,1.4719283322105938e-10,0.9999980331841539,1.162718013551449e-11,1.9666570365676096e-06,2.218184627065732
1342,268.5790527018012,0.125,0.2,0.5,0.5,1.5019470117254568e-10,0.9999980402524757,1.185862054191713e-11,1.959585481488588e-06,2.218184627065732
1343,268.7791861240827,0.125,0.2,0.5,0.5,1.5323628162632402e-10,0.9999980472941636,1.2092803054454328e-11,1.952540517800314e-06,2.218184627065732
1344,268.97931954636425,0.125,0.2,0.5,0.5,1.5631757458239527e-10,0.9999980543092177,1.2329727673126154e-11,1.9455221455027856e-06,2.218184627065732
1345,269.17945296864576,0.125,0.2,0.5,0.5,1.5943858004075765e-10,0.999998061297638,1.2569394397932473e-11,1.9385303645960073e-06,2.218184627065732
1346,269.3795863909273,0.125,0.2,0.5,0.5,1.6259929800141208e-10,0.9999980682594244,1.2811803228873346e-11,1.9315651750799763e-06,2.218184627065732
1347,269.5797198132088,0.125,0.2,0.5,0.5,1.6579972846435855e-10,0.999998075194577,1.3056954165948781e-11,1.924626576954693e-06,2.218184627065732
1348,269.7798532354903,0.125,0.2,0.5,0.5,1.6903987142959703e-10,0.9999980821030957,1.3304847209158775e-11,1.9177145702201574e-06,2.218184627065732
1349,269.97998665777186,0.125,0.2,0.5,0.5,1.7231972689712844e-10,0.9999980889849805,1.3555482358503398e-11,1.9108291548763675e-06,2.218184627065732
1350,270.18012008005337,0.125,0.2,0.5,0.5,1.75639294866951e-10,0.9999980958402316,1.3808859613982509e-11,1.903970330923327e-06,2.218184627065732
1351,270.3802535023349,0.125,0.2,0.5,0.5,1.7899857533906559e-10,0.9999981026688488,1.4064978975596178e-11,1.8971380983610342e-06,2.218184627065732
1352,270.5803869246164,0.125,0.2,0.5,0.5,1.823975683134722e-10,0.9999981094708321,1.4323840443344407e-11,1.8903324571894893e-06,2.218184627065732
1353,270.7805203468979,0.125,0.2,0.5,0.5,1.858362737901708e-10,0.9999981162461816,1.4585444017227195e-11,1.8835534074086918e-06,2.218184627065732
1354,270.98065376917947,0.125,0.2,0.5,0.5,1.8931469176916247e-10,0.9999981229948973,1.4849789697244617e-11,1.8768009490186404e-06,2.218184627065732
1355,271.180787191461,0.125,0.2,0.5,0.5,1.928328222504452e-10,0.9999981297169791,1.5116877483396523e-11,1.8700750820193383e-06,2.218184627065732
1356,271.3809206137425,0.125,0.2,0.5,0.5,1.9639066523401994e-10,0.9999981364124271,1.5386707375682988e-11,1.8633758064107838e-06,2.218184627065732
1357,271.581054036024,0.125,0.2,0.5,0.5,1.9998822071988668e-10,0.9999981430812411,1.565927937410401e-11,1.856703122192977e-06,2.218184627065732
1358,271.7811874583055,0.125,0.2,0.5,0.5,2.0362548870804546e-10,0.9999981497234215,1.593459347865959e-11,1.850057029365918e-06,2.218184627065732
1359,271.981320880587,0.125,0.2,0.5,0.5,2.073024691984963e-10,0.9999981563389678,1.6212649689349732e-11,1.8434375279296067e-06,2.218184627065732
1360,272.1814543028686,0.125,0.2,0.5,0.5,2.1101916219124018e-10,0.9999981629278805,1.649344800617451e-11,1.836844617884041e-06,2.218184627065732
1361,272.3815877251501,0.125,0.2,0.5,0.5,2.1477556768627506e-10,0.9999981694901592,1.677698842913377e-11,1.830278299229225e-06,2.218184627065732
1362,272.5817211474316,0.125,0.2,0.5,0.5,2.1857168568360197e-10,0.9999981760258041,1.7063270958227584e-11,1.8237385719651564e-06,2.218184627065732
1363,272.7818545697131,0.125,0.2,0.5,0.5,2.2240751618322092e-10,0.9999981825348151,1.735229559345596e-11,1.8172254360918358e-06,2.218184627065732
1364,272.98198799199463,0.125,0.2,0.5,0.5,2.262830591851319e-10,0.9999981890171923,1.7644062334818897e-11,1.8107388916092626e-06,2.218184627065732
1365,273.1821214142762,0.125,0.2,0.5,0.5,2.3019831468933602e-10,0.9999981954729357,1.7938571182316475e-11,1.8042789385174353e-06,2.218184627065732
1366,273.3822548365577,0.125,0.2,0.5,0.5,2.3415328269583103e-10,0.9999982019020451,1.8235822135948528e-11,1.7978455768163576e-06,2.218184627065732
1367,273.5823882588392,0.125,0.2,0.5,0.5,2.381479632046181e-10,0.9999982083045208,1.853581519571514e-11,1.7914388065060273e-06,2.218184627065732
1368,273.7825216811207,0.125,0.2,0.5,0.5,2.421823562156972e-10,0.9999982146803627,1.883855036161631e-11,1.785058627586445e-06,2.218184627065732
1369,273.98265510340224,0.125,0.2,0.5,0.5,2.4625646172906834e-10,0.9999982210295706,1.9144027633652037e-11,1.77870504005761e-06,2.218184627065732
1370,274.1827885256838,0.125,0.2,0.5,0.5,-2.763322795334067e-11,0.9999982197749396,1.4285771788571652e-11,1.780238418885273e-06,2.218184627065732
1371,274.3829219479653,0.125,0.2,0.5,0.5,-1.3300977142287199e-11,0.9999982263483089,1.4785896735719586e-11,1.77365021720027e-06,2.218184627065732
1372,274.5830553702468,0.125,0.2,0.5,0.5,1.0746522022932223e-12,0.9999982328951443,1.5288831919291875e-11,1.7670885032512786e-06,2.218184627065732
1373,274.78318879252834,0.125,0.2,0.5,0.5,1.549664115635354e-11,0.9999982394155271,1.579463274022635e-11,1.7605531927502448e-06,2.218184627065732
1374,274.98332221480985,0.125,0.2,0.5,0.5,2.996797079584567e-11,0.9999982459095385,1.6303354599460836e-11,1.7540442014091137e-06,2.218184627065732
1375,275.18345563709136,0.125,0.2,0.5,0.5,4.4491622196722354e-11,0.9999982523772596,1.6815052897933183e-11,1.7475614449398315e-06,2.218184627065732
1376,275.3835890593729,0.125,0.2,0.5,0.5,5.907057643493943e-11,0.9999982588187718,1.7329783036581343e-11,1.7411048390543414e-06,2.218184627065732
1377,275.58372248165443,0.125,0.2,0.5,0.5,7.370781458644157e-11,0.9999982652341564,1.7847600416342852e-11,1.734674299464593e-06,2.218184627065732
1378,275.78385590393594,0.125,0.2,0.5,0.5,8.840631772718504e-11,0.9999982716234944,1.836856043815571e-11,1.7282697418825298e-06,2.218184627065732
1379,275.98398932621745,0.125,0.2,0.5,0.5,1.0316906693312175e-10,0.9999982779868675,1.8892718502957715e-11,1.7218910820200978e-06,2.218184627065732
1380,276.18412274849896,0.125,0.2,0.5,0.5,1.1799904328020444e-10,0.9999982843243566,1.9420130011686724e-11,1.715538235589242e-06,2.218184627065732
1381,276.38425617078053,0.125,0.2,0.5,0.5,1.3289922784438956e-10,0.999998290636043,1.9950850365280715e-11,1.7092111183019064e-06,2.218184627065732
1382,276.58438959306204,0.125,0.2,0.5,0.5,1.4787260170162119e-10,0.9999982969220079,2.04849349646772e-11,1.7029096458700405e-06,2.218184627065732
1383,276.78452301534355,0.125,0.2,0.5,0.5,1.6292214592785556e-10,0.9999983031823327,2.102243921081416e-11,1.6966337340055874e-06,2.218184627065732
1384,276.98465643762506,0.125,0.2,0.5,0.5,1.7805084159904522e-10,0.9999983094170987,2.1563418504629433e-11,1.6903832984204931e-06,2.218184627065732
1385,277.1847898599066,0.125,0.2,0.5,0.5,1.9326166979114228e-10,0.999998315626387,2.2107928247060846e-11,1.6841582548267034e-06,2.218184627065732
1386,277.38492328218814,0.125,0.2,0.5,0.5,2.0855761158010383e-10,0.9999983218102788,2.2656023839046383e-11,1.6779585189361617e-06,2.218184627065732
1387,277.58505670446965,0.125,0.2,0.5,0.5,2.239416480418731e-10,0.9999983279688555,2.3207760681523564e-11,1.6717840064608173e-06,2.218184627065732
1388,277.78519012675116,0.125,0.2,0.5,0.5,2.3941676025240675e-10,0.9999983341021983,2.3763194175430376e-11,1.665634633112614e-06,2.218184627065732
1389,277.98532354903267,0.125,0.2,0.5,0.5,2.549859292876573e-10,0.9999983402103885,2.4322379721704638e-11,1.6595103146034973e-06,2.218184627065732
1390,278.1854569713142,0.125,0.2,0.5,0.5,2.7065213622357713e-10,0.9999983462935073,2.488537272128419e-11,1.653410966645413e-06,2.218184627065732
1391,278.3855903935957,0.125,0.2,0.5,0.5,2.864183621361181e-10,0.9999983523516359,2.5452228575106853e-11,1.6473365049503063e-06,2.218184627065732
1392,278.58572381587726,0.125,0.2,0.5,0.5,3.0228758810123773e-10,0.9999983583848556,2.6023002684110625e-11,1.6412868452301214e-06,2.218184627065732
1393,278.78585723815877,0.125,0.2,0.5,0.5,3.1826279519487903e-10,0.9999983643932477,2.6597750449233012e-11,1.635261903196807e-06,2.218184627065732
1394,278.9859906604403,0.125,0.2,0.5,0.5,3.343469644929985e-10,0.9999983703768934,2.7176527271411997e-11,1.6292615945623073e-06,2.218184627065732
1395,279.1861240827218,0.125,0.2,0.5,0.5,3.505430770715486e-10,0.999998376335874,2.775938855158542e-11,1.6232858350385677e-06,2.218184627065732
1396,279.3862575050033,0.125,0.2,0.5,0.5,3.668541140064821e-10,0.9999983822702707,2.83463896906911e-11,1.6173345403375338e-06,2.218184627065732
1397,279.58639092728487,0.125,0.2,0.5,0.5,3.832830563737557e-10,0.9999983881801647,2.8937586089667045e-11,1.6114076261711494e-06,2.218184627065732
1398,279.7865243495664,0.125,0.2,0.5,0.5,3.998328852493122e-10,0.9999983940656374,2.9533033149450734e-11,1.6055050082513637e-06,2.218184627065732
1399,279.9866577718479,0.125,0.2,0.5,0.5,4.165065817091091e-10,0.9999983999267699,3.0132786270980184e-11,1.5996266022901203e-06,2.218184627065732
1400,280.1867911941294,0.125,0.2,0.5,0.5,4.333071268290981e-10,0.9999984057636435,3.07369008551932e-11,1.5937723239993648e-06,2.218184627065732
1401,280.3869246164109,0.125,0.2,0.5,0.5,4.5023750168523193e-10,0.9999984115763395,3.134543230302763e-11,1.587942089091043e-06,2.218184627065732
1402,280.5870580386925,0.125,0.2,0.5,0.5,4.673006873534677e-10,0.9999984173649392,3.195843601542148e-11,1.5821358132770986e-06,2.218184627065732
1403,280.787191460974,0.125,0.2,0.5,0.5,4.84499664909748e-10,0.9999984231295237,3.257596739331222e-11,1.5763534122694808e-06,2.218184627065732
1404,280.9873248832555,0.125,0.2,0.5,0.5,5.018374154300299e-10,0.9999984288701743,3.319808183763786e-11,1.5705948017801332e-06,2.218184627065732
1405,281.187458305537,0.125,0.2,0.5,0.5,5.193169199902659e-10,0.9999984345869724,3.382483474933622e-11,1.5648598975210014e-06,2.218184627065732
1406,281.3875917278185,0.125,0.2,0.5,0.5,5.369411596664082e-10,0.999998440279999,3.445628152934513e-11,1.559148615204031e-06,2.218184627065732
1407,281.5877251501,0.125,0.2,0.5,0.5,5.547131155344091e-10,0.9999984459493355,3.509247757860243e-11,1.5534608705411678e-06,2.218184627065732
1408,281.7878585723816,0.125,0.2,0.5,0.5,5.726357686702263e-10,0.9999984515950632,3.5733478298046125e-11,1.5477965792443557e-06,2.218184627065732
1409,281.9879919946631,0.125,0.2,0.5,0.5,5.907121001498015e-10,0.9999984572172632,3.637933908861368e-11,1.5421556570255431e-06,2.218184627065732
1410,282.1881254169446,0.125,0.2,0.5,0.5,6.089450910490926e-10,0.9999984628160168,3.703011535124311e-11,1.5365380195966746e-06,2.218184627065732
1411,282.3882588392261,0.125,0.2,0.5,0.5,6.273377224440515e-10,0.9999984683914054,3.7685862486872244e-11,1.530943582669695e-06,2.218184627065732
1412,282.58839226150764,0.125,0.2,0.5,0.5,6.458929754106307e-10,0.99999847394351,3.8346635896438905e-11,1.5253722619565508e-06,2.218184627065732
1413,282.7885256837892,0.125,0.2,0.5,0.5,6.646138310247879e-10,0.9999984794724122,3.901249098088112e-11,1.5198239731691854e-06,2.218184627065732
1414,282.9886591060707,0.125,0.2,0.5,0.5,6.835032703624648e-10,0.9999984849781929,3.968348314113633e-11,1.5142986320195476e-06,2.218184627065732
1415,283.1887925283522,0.125,0.2,0.5,0.5,7.025642744996189e-10,0.9999984904609335,4.0359667778142566e-11,1.5087961542195813e-06,2.218184627065732
1416,283.38892595063373,0.125,0.2,0.5,0.5,7.217998245122026e-10,0.9999984959207153,4.104110029283764e-11,1.5033164554812324e-06,2.218184627065732
1417,283.58905937291524,0.125,0.2,0.5,0.5,7.412129014761681e-10,0.9999985013576195,4.1727836086159397e-11,1.4978594515164462e-06,2.218184627065732
1418,283.7891927951968,0.125,0.2,0.5,0.5,7.608064864674736e-10,0.9999985067717272,4.241993055904586e-11,1.492425058037167e-06,2.218184627065732
1419,283.9893262174783,0.125,0.2,0.5,0.5,7.805835605620601e-10,0.99999851216312,4.3117439112434464e-11,1.4870131907553432e-06,2.218184627065732
1420,284.18945963975983,0.125,0.2,0.5,0.5,8.005471048358854e-10,0.9999985175318788,4.3820417147263235e-11,1.481623765382919e-06,2.218184627065732
1421,284.38959306204134,0.125,0.2,0.5,0.5,8.20700100364902e-10,0.9999985228780851,4.4528920064469995e-11,1.4762566976318399e-06,2.218184627065732
1422,284.58972648432285,0.125,0.2,0.5,0.5,8.410455282250622e-10,0.99999852820182,4.524300326499258e-11,1.4709119032140514e-06,2.218184627065732
1423,284.7898599066044,0.125,0.2,0.5,0.5,8.61586369492324e-10,0.9999985335031648,4.5962722149769034e-11,1.4655892978414976e-06,2.218184627065732
1424,284.98999332888593,0.125,0.2,0.5,0.5,8.823256052426282e-10,0.9999985387822008,4.668813211973675e-11,1.4602887972261274e-06,2.218184627065732
1425,285.19012675116744,0.125,0.2,0.5,0.5,9.032662165519329e-10,0.9999985440390091,4.741928857583379e-11,1.4550103170798846e-06,2.218184627065732
1426,285.39026017344895,0.125,0.2,0.5,0.5,9.244111844961906e-10,0.9999985492736712,4.815624691899797e-11,1.4497537731147145e-06,2.218184627065732
1427,285.59039359573046,0.125,0.2,0.5,0.5,9.457634901513533e-10,0.9999985544862682,4.8899062550167114e-11,1.4445190810425634e-06,2.218184627065732
1428,285.79052701801197,0.125,0.2,0.5,0.5,9.673261145933735e-10,0.9999985596768812,4.964779087027907e-11,1.4393061565753762e-06,2.218184627065732
1429,285.99066044029354,0.125,0.2,0.5,0.5,9.891020388982097e-10,0.9999985648455918,5.040248728027186e-11,1.4341149154250972e-06,2.218184627065732
1430,286.19079386257505,0.125,0.2,0.5,0.5,1.011094244141802e-09,0.9999985699924809,5.1163207181082894e-11,1.428945273303675e-06,2.218184627065732
1431,286.39092728485656,0.125,0.2,0.5,0.5,1.0333057114001086e-09,0.9999985751176301,5.1930005973650225e-11,1.4237971459230539e-06,2.218184627065732
1432,286.59106070713807,0.125,0.2,0.5,0.5,1.055739421749082e-09,0.9999985802211204,5.270293905891167e-11,1.418670448995179e-06,2.218184627065732
1433,286.7911941294196,0.125,0.2,0.5,0.5,1.0783983562646745e-09,0.9999985853030331,5.348206183780506e-11,1.4135650982319963e-06,2.218184627065732
1434,286.99132755170115,0.125,0.2,0.5,0.5,1.1012854960228451e-09,0.9999985903634495,5.426742971126845e-11,1.4084810093454499e-06,2.218184627065732
1435,287.19146097398266,0.125,0.2,0.5,0.5,1.124403822099533e-09,0.9999985954024507,5.5059098080239225e-11,1.4034180980474878e-06,2.218184627065732
1436,287.39159439626417,0.125,0.2,0.5,0.5,1.147756315570697e-09,0.9999986004201182,5.585712234565544e-11,1.3983762800500547e-06,2.218184627065732
1437,287.5917278185457,0.125,0.2,0.5,0.5,1.1713459575122893e-09,0.9999986054165332,5.666155790845491e-11,1.3933554710650958e-06,2.218184627065732
1438,287.7918612408272,0.125,0.2,0.5,0.5,1.1951757290002623e-09,0.9999986103917767,5.747246016957547e-11,1.388355586804557e-06,2.218184627065732
1439,287.99199466310876,0.125,0.2,0.5,0.5,1.2192486111105753e-09,0.9999986153459303,5.828988452995519e-11,1.3833765429803822e-06,2.218184627065732
1440,288.19212808539027,0.125,0.2,0.5,0.5,1.2435675849191668e-09,0.9999986202790749,5.911388639053144e-11,1.3784182553045198e-06,2.218184627065732
1441,288.3922615076718,0.125,0.2,0.5,0.5,1.2681356315019963e-09,0.9999986251912921,5.994452115224226e-11,1.3734806394889142e-06,2.218184627065732
1442,288.5923949299533,0.125,0.2,0.5,0.5,1.2929557319350156e-09,0.9999986300826629,6.07818442160255e-11,1.3685636112455107e-06,2.218184627065732
1443,288.7925283522348,0.125,0.2,0.5,0.5,1.3180308672941772e-09,0.9999986349532687,6.162591098281896e-11,1.3636670862862552e-06,2.218184627065732
1444,288.9926617745163,0.125,0.2,0.5,0.5,1.3433640186554335e-09,0.9999986398031906,6.247677685356051e-11,1.3587909803230928e-06,2.218184627065732
1445,289.1927951967979,0.125,0.2,0.5,0.5,1.3689581670947443e-09,0.99999864463251,6.333449722918819e-11,1.3539352090679683e-06,2.218184627065732
1446,289.3929286190794,0.125,0.2,0.5,0.5,1.394816293688047e-09,0.9999986494413081,6.419912751063936e-11,1.3490996882328295e-06,2.218184627065732
1447,289.5930620413609,0.125,0.2,0.5,0.5,1.4209413795113015e-09,0.999998654229666,6.50707230988521e-11,1.344284333529621e-06,2.218184627065732
1448,289.7931954636424,0.125,0.2,0.5,0.5,1.4473364056404598e-09,0.9999986589976653,6.594933939476421e-11,1.3394890606702878e-06,2.218184627065732
1449,289.9933288859239,0.125,0.2,0.5,0.5,1.4740043531514746e-09,0.9999986637453869,6.683503179931355e-11,1.3347137853667763e-06,2.218184627065732
1450,290.1934623082055,0.125,0.2,0.5,0.5,1.5009482031203055e-09,0.9999986684729123,6.772785571343818e-11,1.32995842333103e-06,2.218184627065732
1451,290.393595730487,0.125,0.2,0.5,0.5,1.52817093662289e-09,0.9999986731803227,6.862786653807543e-11,1.3252228902749978e-06,2.218184627065732
1452,290.5937291527685,0.125,0.2,0.5,0.5,1.5556755347351877e-09,0.9999986778676991,6.953511967416339e-11,1.3205071019106232e-06,2.218184627065732
1453,290.79386257505,0.125,0.2,0.5,0.5,1.5832773616199898e-09,0.9999986825355752,7.044251085444165e-11,1.3158107165990192e-06,2.218184627065732
1454,290.9939959973315,0.125,0.2,0.5,0.5,1.6101703939066745e-09,0.9999986871859817,7.131922297847922e-11,1.311132540354903e-06,2.218184627065732
1455,291.1941294196131,0.125,0.2,0.5,0.5,1.6362084963831586e-09,0.9999986918193593,7.2159621005306e-11,1.306472284350019e-06,2.218184627065732
1456,291.3942628418946,0.125,0.2,0.5,0.5,1.6613296952027834e-09,0.9999986964359455,7.296128158441947e-11,1.3018297751987856e-06,2.218184627065732
1457,291.5943962641761,0.125,0.2,0.5,0.5,1.6854720165189108e-09,0.9999987010359784,7.372178136531787e-11,1.2972048395156177e-06,2.218184627065732
1458,291.7945296864576,0.125,0.2,0.5,0.5,1.7085734864848954e-09,0.9999987056196956,7.443869699749916e-11,1.2925973039149315e-06,2.218184627065732
1459,291.99466310873913,0.125,0.2,0.5,0.5,1.7305721312540926e-09,0.999998710187335,7.51096051304613e-11,1.2880069950111428e-06,2.218184627065732
1460,292.19479653102064,0.125,0.2,0.5,0.5,1.7514059769798568e-09,0.9999987147391343,7.573208241370227e-11,1.283433739418668e-06,2.218184627065732
1461,292.3949299533022,0.125,0.2,0.5,0.5,1.7710130498155489e-09,0.9999987192753312,7.63037054967202e-11,1.2788773637519216e-06,2.218184627065732
1462,292.5950633755837,0.125,0.2,0.5,0.5,1.7893313759145122e-09,0.9999987237961636,7.682205102901271e-11,1.2743376946253225e-06,2.218184627065732
1463,292.79519679786523,0.125,0.2,0.5,0.5,1.8062989814301075e-09,0.9999987283018694,7.728469566007797e-11,1.2698145586532851e-06,2.218184627065732
1464,292.99533022014674,0.125,0.2,0.5,0.5,1.8218538925156895e-09,0.9999987327926861,7.768921603941393e-11,1.2653077824502258e-06,2.218184627065732
1465,293.19546364242825,0.125,0.2,0.5,0.5,1.8359341353246136e-09,0.9999987372688518,7.803318881651857e-11,1.2608171926305607e-06,2.218184627065732
1466,293.3955970647098,0.125,0.2,0.5,0.5,1.8484777360102377e-09,0.999998741730604,7.831419064088994e-11,1.2563426158087045e-06,2.218184627065732
1467,293.59573048699133,0.125,0.2,0.5,0.5,1.8594227207259098e-09,0.9999987461781806,7.852979816202582e-11,1.2518838785990757e-06,2.218184627065732
1468,293.79586390927284,0.125,0.2,0.5,0.5,1.8687071156249882e-09,0.9999987506118194,7.86775880294243e-11,1.2474408076160894e-06,2.218184627065732
1469,293.99599733155435,0.125,0.2,0.5,0.5,1.8762689468608283e-09,0.9999987550317582,7.875513689258333e-11,1.2430132294741614e-06,2.218184627065732
1470,294.19613075383586,0.125,0.2,0.5,0.5,1.8820462405867845e-09,0.9999987594382347,7.876002140100089e-11,1.2386009707877078e-06,2.218184627065732
1471,294.3962641761174,0.125,0.2,0.5,0.5,1.885977022956213e-09,0.9999987638314867,7.868981820417492e-11,1.2342038581711436e-06,2.218184627065732
1472,294.59639759839894,0.125,0.2,0.5,0.5,1.8879993201224665e-09,0.999998768211752,7.854210395160343e-11,1.2298217182388875e-06,2.218184627065732
1473,294.79653102068045,0.125,0.2,0.5,0.5,1.8880511582389007e-09,0.9999987725792685,7.831445529278437e-11,1.2254543776053539e-06,2.218184627065732
1474,294.99666444296196,0.125,0.2,0.5,0.5,1.8860705634588713e-09,0.9999987769342739,7.800444887721572e-11,1.221101662884959e-06,2.218184627065732
1475,295.19679786524347,0.125,0.2,0.5,0.5,1.8819955619357325e-09,0.9999987812770058,7.760966135439545e-11,1.216763400692119e-06,2.218184627065732
1476,295.396931287525,0.125,0.2,0.5,0.5,1.8757641798228396e-09,0.9999987856077023,7.712766937382153e-11,1.21243941764125e-06,2.218184627065732
1477,295.59706470980655,0.125,0.2,0.5,0.5,1.8673144432735447e-09,0.999998789926601,7.655604958499175e-11,1.208129540346767e-06,2.218184627065732
1478,295.79719813208806,0.125,0.2,0.5,0.5,1.8565843784412076e-09,0.9999987942339397,7.589237863740441e-11,1.2038335954230879e-06,2.218184627065732
1479,295.99733155436957,0.125,0.2,0.5,0.5,1.843512011479181e-09,0.9999987985299561,7.513423318055733e-11,1.1995514094846281e-06,2.218184627065732
1480,296.1974649766511,0.125,0.2,0.5,0.5,1.8280353685408198e-09,0.9999988028148881,7.427918986394847e-11,1.1952828091458036e-06,2.218184627065732
1481,296.3975983989326,0.125,0.2,0.5,0.5,1.810092475779479e-09,0.9999988070889735,7.332482533707581e-11,1.1910276210210306e-06,2.218184627065732
1482,296.59773182121415,0.125,0.2,0.5,0.5,1.7896213593485073e-09,0.9999988113524501,7.226871624943702e-11,1.1867856717247235e-06,2.218184627065732
1483,296.79786524349566,0.125,0.2,0.5,0.5,1.7665600454012711e-09,0.9999988156055555,7.110843925053063e-11,1.1825567878713012e-06,2.218184627065732
1484,296.9979986657772,0.125,0.2,0.5,0.5,1.7408465600911202e-09,0.9999988198485277,6.984157098985437e-11,1.1783407960751784e-06,2.218184627065732
1485,297.1981320880587,0.125,0.2,0.5,0.5,1.7126014116364688e-09,0.9999988240811265,6.847515320257389e-11,1.1741378089057728e-06,2.218184627065732
1486,297.3982655103402,0.125,0.2,0.5,0.5,1.6828424590739847e-09,0.9999988283007617,6.706277193694074e-11,1.1699493451088018e-06,2.218184627065732
1487,297.59839893262176,0.125,0.2,0.5,0.5,1.6517571928370006e-09,0.9999988325070177,6.561494320052221e-11,1.16577562221687e-06,2.218184627065732
1488,297.7985323549033,0.125,0.2,0.5,0.5,1.619369761583139e-09,0.9999988366999067,6.413371069485518e-11,1.1616166018010062e-06,2.218184627065732
1489,297.9986657771848,0.125,0.2,0.5,0.5,1.5857043139699963e-09,0.9999988408794411,6.262111812147527e-11,1.1574722454322347e-06,2.218184627065732
1490,298.1987991994663,0.125,0.2,0.5,0.5,1.5507849986551766e-09,0.9999988450456332,6.107920918191859e-11,1.1533425146815817e-06,2.218184627065732
1491,298.3989326217478,0.125,0.2,0.5,0.5,1.5146359642962854e-09,0.999998849198495,5.951002757772112e-11,1.149227371120073e-06,2.218184627065732
1492,298.5990660440293,0.125,0.2,0.5,0.5,1.4772813595509265e-09,0.9999988533380388,5.7915617010418975e-11,1.1451267763187347e-06,2.218184627065732
1493,298.7991994663109,0.125,0.2,0.5,0.5,1.4387453330766945e-09,0.9999988574642769,5.6298021181547704e-11,1.1410406918485914e-06,2.218184627065732
1494,298.9993328885924,0.125,0.2,0.5,0.5,1.3990520335312148e-09,0.9999988615772215,5.4659283792644305e-11,1.1369690792806712e-06,2.218184627065732
1495,299.1994663108739,0.125,0.2,0.5,0.5,1.358225609572082e-09,0.9999988656768849,5.3001448545244353e-11,1.132911900185999e-06,2.218184627065732
1496,299.3995997331554,0.125,0.2,0.5,0.5,1.3162902098569008e-09,0.9999988697632792,5.1326559140883925e-11,1.1288691161356012e-06,2.218184627065732
1497,299.5997331554369,0.125,0.2,0.5,0.5,1.2732699830432756e-09,0.9999988738364168,4.9636659281099055e-11,1.124840688700503e-06,2.218184627065732
1498,299.7998665777185,0.125,0.2,0.5,0.5,1.229189077788799e-09,0.9999988778963098,4.793379266742532e-11,1.1208265794517295e-06,2.218184627065732
1499,300.0,0.125,0.2,0.5,0.5,1.1840716427511e-09,0.9999988819429706,4.6220003001399736e-11,1.116826749960309e-06,2.218184627065732
