,time,beta,alpha,sigma_D,sigma_C,S_c,S_d,I_c,I_d,R0
0,0.0,0.5,0.2,0.3333333333333333,0.5,0.7913500000000001,0.20825,0.0003166666666666667,8.333333333333333e-05,2.9700029189619226
1,0.200133422281521,0.5,0.2,0.3333333333333333,0.5,0.7846781484349958,0.21492668206329904,0.0003178756607508715,7.729384095436498e-05,2.9700029189619226
2,0.400266844563042,0.5,0.2,0.3333333333333333,0.5,0.7778524685068365,0.22175726623200973,0.00031854982433595757,7.171543681786752e-05,2.9700029189619226
3,0.600400266844563,0.5,0.2,0.3333333333333333,0.5,0.7708731985382874,0.22874149878439348,0.0003187291666402373,6.657351067900088e-05,2.9700029189619226
4,0.800533689126084,0.5,0.2,0.3333333333333333,0.5,0.7637408181749964,0.23587888592155135,0.0003184521286439057,6.184377480842538e-05,2.9700029189619226
5,1.0006671114076051,0.5,0.2,0.3333333333333333,0.5,0.7564561359275288,0.2431686049593611,0.00031775887023368987,5.750024287632058e-05,2.9700029189619226
6,1.200800533689126,0.5,0.2,0.3333333333333333,0.5,0.7490201937093226,0.25060960162970947,0.00031668576249404683,5.351889847393057e-05,2.9700029189619226
7,1.400933955970647,0.5,0.2,0.3333333333333333,0.5,0.7414343751009941,0.25820048044486177,0.00031526908819911925,4.9875365944987786e-05,2.9700029189619226
8,1.601067378252168,0.5,0.2,0.3333333333333333,0.5,0.7337003361590715,0.2659395746861238,0.0003135424400306447,4.654671477404966e-05,2.9700029189619226
9,1.801200800533689,0.5,0.2,0.3333333333333333,0.5,0.7258200512459309,0.27382490016904154,0.00031153770492540865,4.3510880102123234e-05,2.9700029189619226
10,2.0013342228152102,0.5,0.2,0.3333333333333333,0.5,0.7177958115642554,0.28185415672051933,0.0003092849017917665,4.074681343335031e-05,2.9700029189619226
11,2.201467645096731,0.5,0.2,0.3333333333333333,0.5,0.709630236407793,0.2900247168857388,0.0003068121104064398,3.823459606171538e-05,2.9700029189619226
12,2.401601067378252,0.5,0.2,0.3333333333333333,0.5,0.7013262599862671,0.29833363900436516,0.00030414561646392176,3.5955392903772e-05,2.9700029189619226
13,2.601734489659773,0.5,0.2,0.3333333333333333,0.5,0.6928871428856243,0.3067776557410908,0.000301309874920687,3.389149836424799e-05,2.9700029189619226
14,2.801867911941294,0.5,0.2,0.3333333333333333,0.5,0.6843164760747025,0.31535317004235897,0.0002983275368531506,3.2026346085388e-05,2.9700029189619226
15,3.002001334222815,0.5,0.2,0.3333333333333333,0.5,0.6756181781996996,0.3240562577756577,0.000295219551346595,3.034447329609566e-05,2.9700029189619226
16,3.202134756504336,0.5,0.2,0.3333333333333333,0.5,0.666796490897933,0.3328826723409927,0.0002920052984099173,2.8831462664347466e-05,2.9700029189619226
17,3.402268178785857,0.5,0.2,0.3333333333333333,0.5,0.6578559825929481,0.34182784095571817,0.0002887024540113173,2.7473997322459612e-05,2.9700029189619226
18,3.602401601067378,0.5,0.2,0.3333333333333333,0.5,0.6488015420196687,0.35088687106170113,0.0002853271198779176,2.6259798752204282e-05,2.9700029189619226
19,3.802535023348899,0.5,0.2,0.3333333333333333,0.5,0.6396383517033103,0.36005457655617584,0.00028189437425731,2.5177366256497346e-05,2.9700029189619226
20,4.0026684456304205,0.5,0.2,0.3333333333333333,0.5,0.6303719182124914,0.3693254478615053,0.0002784176554503333,2.421627055291493e-05,2.9700029189619226
21,4.202801867911941,0.5,0.2,0.3333333333333333,0.5,0.6210080429230392,0.3786936809841923,0.0002749091437465115,2.3366949021934398e-05,2.9700029189619226
22,4.402935290193462,0.5,0.2,0.3333333333333333,0.5,0.611552780786472,0.38815321854064827,0.00027138023008463287,2.2620442795105466e-05,2.9700029189619226
23,4.603068712474983,0.5,0.2,0.3333333333333333,0.5,0.6020124725984047,0.39769771768945256,0.0002678410675537771,2.196864458900356e-05,2.9700029189619226
24,4.803202134756504,0.5,0.2,0.3333333333333333,0.5,0.5923936990610436,0.4073205959640273,0.00026430084998159604,2.1404124947675328e-05,2.9700029189619226
25,5.003335557038025,0.5,0.2,0.3333333333333333,0.5,0.5827032974354227,0.41701501463135815,0.0002607677630406564,2.092017017856806e-05,2.9700029189619226
26,5.203468979319546,0.5,0.2,0.3333333333333333,0.5,0.572948295508986,0.4267739446015548,0.00025724932350789,2.0510565951453337e-05,2.9700029189619226
27,5.403602401601067,0.5,0.2,0.3333333333333333,0.5,0.5631359485905549,0.4365901295155345,0.0002537521577979609,2.016973611270947e-05,2.9700029189619226
28,5.603735823882588,0.5,0.2,0.3333333333333333,0.5,0.5532736583678072,0.44645616677938277,0.0002502823125530172,1.9892540257151277e-05,2.9700029189619226
29,5.803869246164109,0.5,0.2,0.3333333333333333,0.5,0.5433690177150209,0.45636446281481413,0.000246845085891856,1.967438427329892e-05,2.9700029189619226
30,6.00400266844563,0.5,0.2,0.3333333333333333,0.5,0.5334297228431568,0.4663073208252473,0.00024344527767654293,1.951105391944715e-05,2.9700029189619226
31,6.204136090727151,0.5,0.2,0.3333333333333333,0.5,0.5234635927485117,0.4762769213692565,0.00024008712387111705,1.939875836090753e-05,2.9700029189619226
32,6.404269513008672,0.5,0.2,0.3333333333333333,0.5,0.5134785261018111,0.4862653654432179,0.00023677438330999763,1.9334071661160694e-05,2.9700029189619226
33,6.604402935290193,0.5,0.2,0.3333333333333333,0.5,0.503482487458378,0.49626468826231457,0.0002335103635322211,1.931391577540984e-05,2.9700029189619226
34,6.804536357571714,0.5,0.2,0.3333333333333333,0.5,0.49348347586191255,0.5062668906372547,0.00023029798020179605,1.933552063109607e-05,2.9700029189619226
35,7.004669779853235,0.5,0.2,0.3333333333333333,0.5,0.48348949300197086,0.5162639708042285,0.00022713979584070305,1.9396397960098067e-05,2.9700029189619226
36,7.204803202134756,0.5,0.2,0.3333333333333333,0.5,0.473508537168538,0.526247930467108,0.00022403802950302315,1.9494334851006125e-05,2.9700029189619226
37,7.404936624416277,0.5,0.2,0.3333333333333333,0.5,0.46354854849818644,0.5362108295281578,0.00022099462707377313,1.9627346582123976e-05,2.9700029189619226
38,7.605070046697798,0.5,0.2,0.3333333333333333,0.5,0.4536174166881915,0.5461447783784978,0.0002180112466963506,1.9793686614367283e-05,2.9700029189619226
39,7.805203468979319,0.5,0.2,0.3333333333333333,0.5,0.4437229249728548,0.5560419938995599,0.00021508932541081016,1.9991802174586964e-05,2.9700029189619226
40,8.005336891260841,0.5,0.2,0.3333333333333333,0.5,0.43387275961031724,0.5658947899796544,0.00021223006894980544,2.022034107874704e-05,2.9700029189619226
41,8.205470313542362,0.5,0.2,0.3333333333333333,0.5,0.4240744604641059,0.5756956269176784,0.00020943449191683532,2.0478126299091648e-05,2.9700029189619226
42,8.405603735823883,0.5,0.2,0.3333333333333333,0.5,0.4143353820899672,0.585437150317872,0.00020670347507287538,2.0764117088191183e-05,2.9700029189619226
43,8.605737158105404,0.5,0.2,0.3333333333333333,0.5,0.40466270507066093,0.5951121797655454,0.00020403773125830644,2.107743253555244e-05,2.9700029189619226
44,8.805870580386925,0.5,0.2,0.3333333333333333,0.5,0.3950634305796623,0.604713714265426,0.00020143779722696825,2.1417357685039175e-05,2.9700029189619226
45,9.006004002668446,0.5,0.2,0.3333333333333333,0.5,0.38554432679959355,0.6142349857973749,0.00019890410768005974,2.178329535175247e-05,2.9700029189619226
46,9.206137424949967,0.5,0.2,0.3333333333333333,0.5,0.3761119131996872,0.6236694750335685,0.00019643700776146393,2.217475898309886e-05,2.9700029189619226
47,9.406270847231488,0.5,0.2,0.3333333333333333,0.5,0.36677245733739927,0.6330109145395586,0.0001940367428476249,2.2591380194694535e-05,2.9700029189619226
48,9.606404269513009,0.5,0.2,0.3333333333333333,0.5,0.35753195856796965,0.6422533050589024,0.0001917034722214563,2.303290090683794e-05,2.9700029189619226
49,9.80653769179453,0.5,0.2,0.3333333333333333,0.5,0.3483961321645745,0.651390931386183,0.000189437285875306,2.349916336760041e-05,2.9700029189619226
50,10.00667111407605,0.5,0.2,0.3333333333333333,0.5,0.33937039837765415,0.6604183733039902,0.00018723821173064276,2.399010662538767e-05,2.9700029189619226
51,10.206804536357572,0.5,0.2,0.3333333333333333,0.5,0.330459873978012,0.6693305140343305,0.00018510622595462555,2.4505761703176116e-05,2.9700029189619226
52,10.406937958639093,0.5,0.2,0.3333333333333333,0.5,0.32166936353850034,0.6781225489522905,0.0001830412616908414,2.5046247518686784e-05,2.9700029189619226
53,10.607071380920614,0.5,0.2,0.3333333333333333,0.5,0.31300335369687343,0.6867899913195934,0.00018104321495516926,2.561176857845703e-05,2.9700029189619226
54,10.807204803202135,0.5,0.2,0.3333333333333333,0.5,0.30446600852296457,0.6953286769132228,0.00017911195119740063,2.6202612615720438e-05,2.9700029189619226
55,11.007338225483656,0.5,0.2,0.3333333333333333,0.5,0.296061170843565,0.7037347626957746,0.00017724731129361708,2.6819149367225055e-05,2.9700029189619226
56,11.207471647765177,0.5,0.2,0.3333333333333333,0.5,0.28779235408881354,0.7120047349649207,0.00017544911914667226,2.746182711967852e-05,2.9700029189619226
57,11.407605070046698,0.5,0.2,0.3333333333333333,0.5,0.2796627350210108,0.720135416620388,0.00017371718913885005,2.8131169462855853e-05,2.9700029189619226
58,11.607738492328219,0.5,0.2,0.3333333333333333,0.5,0.2716751612073177,0.7281239596870717,0.00017205132899688046,2.8827776614412397e-05,2.9700029189619226
59,11.80787191460974,0.5,0.2,0.3333333333333333,0.5,0.26383217419851496,0.7359678221314113,0.00017045133914277884,2.9552330931650607e-05,2.9700029189619226
60,12.00800533689126,0.5,0.2,0.3333333333333333,0.5,0.2561359948208344,0.7436647825671482,0.00016891701880641604,3.0305593211712667e-05,2.9700029189619226
61,12.208138759172781,0.5,0.2,0.3333333333333333,0.5,0.24858853885833795,0.7512129245691782,0.00016744816545659162,3.108840702786148e-05,2.9700029189619226
62,12.408272181454302,0.5,0.2,0.3333333333333333,0.5,0.24119140840039208,0.7586106453176928,0.0001660445901384395,3.190169177722748e-05,2.9700029189619226
63,12.608405603735823,0.5,0.2,0.3333333333333333,0.5,0.23394589662391435,0.7658566508104908,0.00016470612319175457,3.2746442403688635e-05,2.9700029189619226
64,12.808539026017344,0.5,0.2,0.3333333333333333,0.5,0.22685300842021905,0.7729499352339643,0.00016343260893149058,3.3623736885791555e-05,2.9700029189619226
65,13.008672448298865,0.5,0.2,0.3333333333333333,0.5,0.21991347112426327,0.7798897702297971,0.00016222390510131662,3.4534740838957575e-05,2.9700029189619226
66,13.208805870580386,0.5,0.2,0.3333333333333333,0.5,0.2131277438054052,0.7866756955986319,0.00016107988726612785,3.548070869735102e-05,2.9700029189619226
67,13.408939292861907,0.5,0.2,0.3333333333333333,0.5,0.20649602732535033,0.7933075092364985,0.0001600004525286487,3.646298562310419e-05,2.9700029189619226
68,13.609072715143428,0.5,0.2,0.3333333333333333,0.5,0.20001826603150094,0.7997852654340211,0.0001589855270880981,3.74830073904871e-05,2.9700029189619226
69,13.80920613742495,0.5,0.2,0.3333333333333333,0.5,0.19369416713851428,0.8061092554907846,0.00015803506406098663,3.8542306640683065e-05,2.9700029189619226
70,14.00933955970647,0.5,0.2,0.3333333333333333,0.5,0.18752321246470824,0.8122799959726196,0.00015714904602882597,3.964251664400069e-05,2.9700029189619226
71,14.209472981987991,0.5,0.2,0.3333333333333333,0.5,0.18150466858961822,0.8182982185461974,0.00015632748840300318,4.07853757820521e-05,2.9700029189619226
72,14.409606404269512,0.5,0.2,0.3333333333333333,0.5,0.17563760110770463,0.8241648557196141,0.0001555704413598093,4.1972731322172326e-05,2.9700029189619226
73,14.609739826551033,0.5,0.2,0.3333333333333333,0.5,0.16992088591771928,0.8298810295458214,0.00015487799169350153,4.32065447665075e-05,2.9700029189619226
74,14.809873248832554,0.5,0.2,0.3333333333333333,0.5,0.16435321930619665,0.8354480415319676,0.00015425026402368942,4.448889781280173e-05,2.9700029189619226
75,15.010006671114075,0.5,0.2,0.3333333333333333,0.5,0.15893313420220476,0.8408673563769131,0.00015368742338059074,4.582199750221045e-05,2.9700029189619226
76,15.210140093395596,0.5,0.2,0.3333333333333333,0.5,0.15365900974888075,0.8461405923904635,0.00015318967806949877,4.720818258687908e-05,2.9700029189619226
77,15.410273515677117,0.5,0.2,0.3333333333333333,0.5,0.14852908281063923,0.8512695099769908,0.00015275728227187062,4.8649930098728024e-05,2.9700029189619226
78,15.610406937958638,0.5,0.2,0.3333333333333333,0.5,0.14354146227470116,0.8562559973259439,0.00015239053697424797,5.0149862381273445e-05,2.9700029189619226
79,15.810540360240159,0.5,0.2,0.3333333333333333,0.5,0.13869413808249553,0.8611020613697572,0.00015208979229425792,5.17107554536577e-05,2.9700029189619226
80,16.010673782521682,0.5,0.2,0.3333333333333333,0.5,0.13398499325510047,0.8658098157484,0.00015185544959663727,5.3335546903618784e-05,2.9700029189619226
81,16.210807204803203,0.5,0.2,0.3333333333333333,0.5,0.12941181579406044,0.8703814688979924,0.0001516879637019501,5.502734424595814e-05,2.9700029189619226
82,16.410940627084724,0.5,0.2,0.3333333333333333,0.5,0.1249723067125605,0.8748193160063519,0.0001515878457327982,5.678943535554484e-05,2.9700029189619226
83,16.611074049366245,0.5,0.2,0.3333333333333333,0.5,0.12066409243340968,0.8791257266045313,0.00015155566470387101,5.862529735584736e-05,2.9700029189619226
84,16.811207471647766,0.5,0.2,0.3333333333333333,0.5,0.11648473513561161,0.883303134207868,0.00015159204969585229,6.0538606825159e-05,2.9700029189619226
85,17.011340893929287,0.5,0.2,0.3333333333333333,0.5,0.11243173969107775,0.8873540293632706,0.00015169769293269685,6.253325271962713e-05,2.9700029189619226
86,17.211474316210808,0.5,0.2,0.3333333333333333,0.5,0.10850256167684663,0.8912809516217215,0.0001518733524987518,6.461334893369391e-05,2.9700029189619226
87,17.41160773849233,0.5,0.2,0.3333333333333333,0.5,0.10469461908586283,0.8950864778156402,0.00015211985398129474,6.67832445162619e-05,2.9700029189619226
88,17.61174116077385,0.5,0.2,0.3333333333333333,0.5,0.10100529902783686,0.898773215340325,0.00015243809347810893,6.904753836060565e-05,2.9700029189619226
89,17.81187458305537,0.5,0.2,0.3333333333333333,0.5,0.09743196369856734,0.9023437961634,0.00015282904090351159,7.141109712969378e-05,2.9700029189619226
90,18.01200800533689,0.5,0.2,0.3333333333333333,0.5,0.09397195918326327,0.9058008680077991,0.00015329374216560128,7.387906677245873e-05,2.9700029189619226
91,18.212141427618413,0.5,0.2,0.3333333333333333,0.5,0.09062262191296143,0.9091470878758642,0.0001538333221296254,7.645688904525419e-05,2.9700029189619226
92,18.412274849899934,0.5,0.2,0.3333333333333333,0.5,0.08738128419799239,0.9123851164909238,0.00015444898828934344,7.915032279498506e-05,2.9700029189619226
93,18.612408272181455,0.5,0.2,0.3333333333333333,0.5,0.08424528010545065,0.9155176123992437,0.0001551420337950325,8.196546151109074e-05,2.9700029189619226
94,18.812541694462976,0.5,0.2,0.3333333333333333,0.5,0.08121195112171188,0.9185472262876557,0.00015591384034115895,8.4908750291716e-05,2.9700029189619226
95,19.012675116744497,0.5,0.2,0.3333333333333333,0.5,0.078278650957711,0.9214765961511436,0.00015676588196298955,8.798700918282748e-05,2.9700029189619226
96,19.212808539026017,0.5,0.2,0.3333333333333333,0.5,0.0754427503098336,0.9243083425003332,0.000157699729302915,9.1207460530749e-05,2.9700029189619226
97,19.41294196130754,0.5,0.2,0.3333333333333333,0.5,0.07270164060283142,0.9270450645985691,0.00015871705251671315,9.457774608319802e-05,2.9700029189619226
98,19.61307538358906,0.5,0.2,0.3333333333333333,0.5,0.07005273777209362,0.9296893366488783,0.00015981962539380465,9.810595363467279e-05,2.9700029189619226
99,19.81320880587058,0.5,0.2,0.3333333333333333,0.5,0.06749348657625355,0.932243703442395,0.00016100933020885534,0.00010180065114290042,2.9700029189619226
100,20.0133422281521,0.5,0.2,0.3333333333333333,0.5,0.06502136308404295,0.9347106778431918,0.00016228816158651168,0.00010567091117908628,2.9700029189619226
101,20.213475650433622,0.5,0.2,0.3333333333333333,0.5,0.06263387707645034,0.937092738353692,0.00016365823075698295,0.00010972633910098724,2.9700029189619226
102,20.413609072715143,0.5,0.2,0.3333333333333333,0.5,0.060328575135798916,0.9393923259829134,0.000165121770755897,0.00011397711053217868,2.9700029189619226
103,20.613742494996664,0.5,0.2,0.3333333333333333,0.5,0.05810304355984694,0.9416118412865331,0.00016668114191606238,0.00011843401170432409,2.9700029189619226
104,20.813875917278185,0.5,0.2,0.3333333333333333,0.5,0.05595490882089448,0.9437536438767083,0.0001683388360466939,0.0001231084663507784,2.9700029189619226
105,21.014009339559706,0.5,0.2,0.3333333333333333,0.5,0.05388183965866964,0.9458200502804286,0.00017009748219883652,0.0001280125787033004,2.9700029189619226
106,21.214142761841227,0.5,0.2,0.3333333333333333,0.5,0.051881550041927,0.9478133309162668,0.00017195985346588256,0.00013315918834061707,2.9700029189619226
107,21.41427618412275,0.5,0.2,0.3333333333333333,0.5,0.04995179879667699,0.9497357104286849,0.00017392887186563818,0.00013856190277293414,2.9700029189619226
108,21.61440960640427,0.5,0.2,0.3333333333333333,0.5,0.048090390534500406,0.9515893667059941,0.0001760076145636718,0.00014423514494224589,2.9700029189619226
109,21.81454302868579,0.5,0.2,0.3333333333333333,0.5,0.046295176533660394,0.9533764299408618,0.00017819932049545456,0.00015019420498266068,2.9700029189619226
110,22.01467645096731,0.5,0.2,0.3333333333333333,0.5,0.044564056908338714,0.9550989803816159,0.0001805073984725344,0.0001564553115731884,2.9700029189619226
111,22.214809873248832,0.5,0.2,0.3333333333333333,0.5,0.0428949803062594,0.9567590485784512,0.00018293543377551885,0.00016303568151409092,2.9700029189619226
112,22.414943295530353,0.5,0.2,0.3333333333333333,0.5,0.041285943924037186,0.958358615302852,0.00018548719544098826,0.000169953577669985,2.9700029189619226
113,22.615076717811874,0.5,0.2,0.3333333333333333,0.5,0.03973499429376268,0.9598996106814824,0.00018816664460174977,0.00017722838015331484,2.9700029189619226
114,22.815210140093395,0.5,0.2,0.3333333333333333,0.5,0.038240226186172406,0.9613839152136981,0.00019097794277367778,0.0001848806573558215,2.9700029189619226
115,23.015343562374916,0.5,0.2,0.3333333333333333,0.5,0.03679978259425207,0.9628133597028645,0.00019392546070989437,0.00019293224217357431,2.9700029189619226
116,23.215476984656437,0.5,0.2,0.3333333333333333,0.5,0.03541185593286799,0.9641897239655568,0.00019701378785648064,0.00020140631371878275,2.9700029189619226
117,23.415610406937958,0.5,0.2,0.3333333333333333,0.5,0.0340746873500968,0.9655147374245596,0.00020024774204800762,0.00021032748329558306,2.9700029189619226
118,23.61574382921948,0.5,0.2,0.3333333333333333,0.5,0.032786565903077255,0.9667900798290987,0.00020363237937669461,0.00021972188844745388,2.9700029189619226
119,23.815877251501,0.5,0.2,0.3333333333333333,0.5,0.03154582737697692,0.9680173823248042,0.00020717300437225983,0.0002296172938467465,2.9700029189619226
120,24.01601067378252,0.5,0.2,0.3333333333333333,0.5,0.030350855250801865,0.9691982263767365,0.00021087518187998407,0.00024004319058179997,2.9700029189619226
121,24.216144096064042,0.5,0.2,0.3333333333333333,0.5,0.029200079680999698,0.9703341446620374,0.00021474474837231052,0.0002510309085906515,2.9700029189619226
122,24.416277518345563,0.5,0.2,0.3333333333333333,0.5,0.028091976764126066,0.9714266216727239,0.00021878782444758073,0.00026261373870253927,2.9700029189619226
123,24.616410940627084,0.5,0.2,0.3333333333333333,0.5,0.02702506722685278,0.9724770948694275,0.00022301082894240462,0.0002748270747773587,2.9700029189619226
124,24.816544362908605,0.5,0.2,0.3333333333333333,0.5,0.02599791655122493,0.9734869544276538,0.00022742049096176415,0.0002877085301595018,2.9700029189619226
125,25.016677785190126,0.5,0.2,0.3333333333333333,0.5,0.025009134047512118,0.9744575440018609,0.00023202386446268854,0.00030129808616413824,2.9700029189619226
126,25.216811207471647,0.5,0.2,0.3333333333333333,0.5,0.024057372017630724,0.9753901613911699,0.0002368283432416264,0.00031563824795771293,2.9700029189619226
127,25.416944629753168,0.5,0.2,0.3333333333333333,0.5,0.023141324335433817,0.9762860597566075,0.00024184167705551578,0.00033077423090302905,2.9700029189619226
128,25.61707805203469,0.5,0.2,0.3333333333333333,0.5,0.02225972617518181,0.9771464477217862,0.00024707198752069946,0.0003467541155112441,2.9700029189619226
129,25.81721147431621,0.5,0.2,0.3333333333333333,0.5,0.0214113531169664,0.9779724900625058,0.00025252778527958995,0.000363629035248134,2.9700029189619226
130,26.01734489659773,0.5,0.2,0.3333333333333333,0.5,0.020595020214332304,0.9787653084198601,0.0002582179880276786,0.0003814533777797618,2.9700029189619226
131,26.21747831887925,0.5,0.2,0.3333333333333333,0.5,0.019809580854810334,0.9795259821777212,0.0002641519405918261,0.000400285026876412,2.9700029189619226
132,26.417611741160773,0.5,0.2,0.3333333333333333,0.5,0.01905392603292414,0.9802555489601749,0.00027033943405380465,0.0004201855728469112,2.9700029189619226
133,26.617745163442294,0.5,0.2,0.3333333333333333,0.5,0.018326983542713424,0.9809550051840908,0.0002767907262081065,0.0004412205469873635,2.9700029189619226
134,26.817878585723815,0.5,0.2,0.3333333333333333,0.5,0.017627717059180446,0.9816253066925901,0.00028351656355147105,0.0004634596846776859,2.9700029189619226
135,27.018012008005336,0.5,0.2,0.3333333333333333,0.5,0.01695512494958501,0.9822673696141355,0.0002905282053287584,0.0004869772309504148,2.9700029189619226
136,27.218145430286857,0.5,0.2,0.3333333333333333,0.5,0.016308239395795905,0.9828820709217833,0.0002978374475285757,0.0005118522348919492,2.9700029189619226
137,27.418278852568378,0.5,0.2,0.3333333333333333,0.5,0.015686125780056417,0.9834702487342434,0.00030545664706468505,0.0005381688386352125,2.9700029189619226
138,27.6184122748499,0.5,0.2,0.3333333333333333,0.5,0.015087881693613383,0.9840327029342865,0.0003133987486273543,0.0005660166234725248,2.9700029189619226
139,27.81854569713142,0.5,0.2,0.3333333333333333,0.5,0.014512635893058252,0.9845701957926416,0.0003216773133792976,0.0005954910009205972,2.9700029189619226
140,28.01867911941294,0.5,0.2,0.3333333333333333,0.5,0.013959547284226902,0.9850834525422697,0.00033030654889889036,0.0006266936246042244,2.9700029189619226
141,28.21881254169446,0.5,0.2,0.3333333333333333,0.5,0.013427804499590435,0.9855731614419361,0.00033930133731438413,0.000659732721158894,2.9700029189619226
142,28.418945963975982,0.5,0.2,0.3333333333333333,0.5,0.012916624924692545,0.9860399742565115,0.00034867726799999853,0.0006947235507958443,2.9700029189619226
143,28.619079386257503,0.5,0.2,0.3333333333333333,0.5,0.012425253921171683,0.9864845065454966,0.0003584506707766519,0.0007317888625548748,2.9700029189619226
144,28.819212808539024,0.5,0.2,0.3333333333333333,0.5,0.011952963790512496,0.9869073381085512,0.0003686386526937102,0.0007710594482423161,2.9700029189619226
145,29.019346230820545,0.5,0.2,0.3333333333333333,0.5,0.011499052362837117,0.9873090136725972,0.0003792591392888148,0.0008126748252767319,2.9700029189619226
146,29.219479653102066,0.5,0.2,0.3333333333333333,0.5,0.011062843246446914,0.9876900423004863,0.0003903309057454786,0.0008567835473210377,2.9700029189619226
147,29.419613075383587,0.5,0.2,0.3333333333333333,0.5,0.010643684738656416,0.9880508977561673,0.000401873619602815,0.0009035438855732494,2.9700029189619226
148,29.61974649766511,0.5,0.2,0.3333333333333333,0.5,0.010240949075929427,0.9883920185730907,0.00041390788301121556,0.000953124467968374,2.9700029189619226
149,29.81987991994663,0.5,0.2,0.3333333333333333,0.5,0.00985403163552378,0.9887138080806206,0.0004264552783550959,0.0010057050055002218,2.9700029189619226
150,30.02001334222815,0.5,0.2,0.3333333333333333,0.5,0.00948234975897843,0.9890166345424765,0.0004395384223406868,0.0010614772762041003,2.9700029189619226
151,30.22014676450967,0.5,0.2,0.3333333333333333,0.5,0.00912534267170442,0.9893008307444605,0.00045318100505438506,0.0011206455787804335,2.9700029189619226
152,30.420280186791192,0.5,0.2,0.3333333333333333,0.5,0.008782470674297918,0.9895666938458736,0.00046740784326529476,0.001183427636562942,2.9700029189619226
153,30.620413609072713,0.5,0.2,0.3333333333333333,0.5,0.008453214462277255,0.9898144851084207,0.000482244934356519,0.0012500554949452115,2.9700029189619226
154,30.820547031354234,0.5,0.2,0.3333333333333333,0.5,0.008137074470041005,0.990044429530579,0.0004977195126326312,0.0013207764867469915,2.9700029189619226
155,31.020680453635755,0.5,0.2,0.3333333333333333,0.5,0.007833569854893785,0.990256715435796,0.0005138601141727917,0.0013958545951370483,2.9700029189619226
156,31.220813875917276,0.5,0.2,0.3333333333333333,0.5,0.007542238311157609,0.990451493898108,0.0005306966315068096,0.0014755711592270857,2.9700029189619226
157,31.420947298198797,0.5,0.2,0.3333333333333333,0.5,0.00726263545558998,0.9906288781220587,0.0005482603781016023,0.0015602260442491658,2.9700029189619226
158,31.621080720480318,0.5,0.2,0.3333333333333333,0.5,0.006994334211209706,0.9907889427331869,0.000566584155995404,0.0016501388996074072,2.9700029189619226
159,31.82121414276184,0.5,0.2,0.3333333333333333,0.5,0.006736924260579892,0.9909317229573699,0.0005857023258729311,0.0017456504561766278,2.9700029189619226
160,32.021347565043364,0.5,0.2,0.3333333333333333,0.5,0.006490011254954412,0.9910572134758427,0.0006056508912286172,0.001847124377973615,2.9700029189619226
161,32.22148098732488,0.5,0.2,0.3333333333333333,0.5,0.006253216499987346,0.9911653675596335,0.0006264675667377796,0.001954948373640875,2.9700029189619226
162,32.421614409606406,0.5,0.2,0.3333333333333333,0.5,0.006026176504696272,0.9912560959629011,0.0006481918564584824,0.0020695356759436877,2.9700029189619226
163,32.62174783188792,0.5,0.2,0.3333333333333333,0.5,0.0058085424410202775,0.9913292656114332,0.0006708651399997747,0.0021913268075462846,2.9700029189619226
164,32.82188125416945,0.5,0.2,0.3333333333333333,0.5,0.00559997968195965,0.9913846982201778,0.0006945307597968491,0.002320791338065236,2.9700029189619226
165,33.022014676450965,0.5,0.2,0.3333333333333333,0.5,0.0054001672679719285,0.9914221683548686,0.0007192341179888816,0.002458430259170054,2.9700029189619226
166,33.22214809873249,0.5,0.2,0.3333333333333333,0.5,0.005208797511095352,0.9914414019303056,0.0007450227693524882,0.0026047777892460704,2.9700029189619226
167,33.42228152101401,0.5,0.2,0.3333333333333333,0.5,0.00502557563026593,0.9914420746340671,0.0007719465173451649,0.0027604032183212784,2.9700029189619226
168,33.62241494329553,0.5,0.2,0.3333333333333333,0.5,0.0048502193214430755,0.9914238098127313,0.0008000575196514714,0.002925913346173524,2.9700029189619226
169,33.82254836557705,0.5,0.2,0.3333333333333333,0.5,0.004682458377093872,0.9913861763614609,0.0008294103958730991,0.0031019548655715234,2.9700029189619226
170,34.02268178785857,0.5,0.2,0.3333333333333333,0.5,0.004522034242471322,0.9913286860772165,0.0008600623424835813,0.003289217337828023,2.9700029189619226
171,34.22281521014009,0.5,0.2,0.3333333333333333,0.5,0.0043686996438778115,0.9912507911143732,0.0008920732502307324,0.003488435991517616,2.9700029189619226
172,34.422948632421615,0.5,0.2,0.3333333333333333,0.5,0.004222218345710731,0.9911518818086363,0.0009255058220268244,0.0037003940236255443,2.9700029189619226
173,34.62308205470313,0.5,0.2,0.3333333333333333,0.5,0.004082364773484372,0.9910312836149766,0.0009604257010134553,0.003925925910524965,2.9700029189619226
174,34.82321547698466,0.5,0.2,0.3333333333333333,0.5,0.003948923698706264,0.9908882540870165,0.0009969016017726986,0.004165920612503995,2.9700029189619226
175,35.023348899266175,0.5,0.2,0.3333333333333333,0.5,0.0038216899215253062,0.9907219793383657,0.001035005445407637,0.00442132529470078,2.9700029189619226
176,35.2234823215477,0.5,0.2,0.3333333333333333,0.5,0.0037004679715956965,0.99053157041663,0.0010748124955423661,0.004693149116231293,2.9700029189619226
177,35.42361574382922,0.5,0.2,0.3333333333333333,0.5,0.0035850718516672085,0.9903160599831046,0.0011164015141376016,0.004982466651090024,2.9700029189619226
178,35.62374916611074,0.5,0.2,0.3333333333333333,0.5,0.0034753247727636718,0.9900743984329048,0.0011598549059451048,0.005290421888385805,2.9700029189619226
179,35.82388258839226,0.5,0.2,0.3333333333333333,0.5,0.0033710588961858843,0.9898054496233502,0.0012052588772818917,0.0056182326031813876,2.9700029189619226
180,36.02401601067378,0.5,0.2,0.3333333333333333,0.5,0.0032721150904303077,0.989507986437139,0.0012527035924328697,0.005967194879997145,2.9700029189619226
181,36.2241494329553,0.5,0.2,0.3333333333333333,0.5,0.0031783426900811387,0.9891806859054516,0.0013022833223196855,0.00633868808214701,2.9700029189619226
182,36.424282855236825,0.5,0.2,0.3333333333333333,0.5,0.0030895992915791017,0.9888221245879054,0.0013540966342840558,0.006734179486230827,2.9700029189619226
183,36.62441627751834,0.5,0.2,0.3333333333333333,0.5,0.0030057505421098316,0.9884307733356544,0.0014082465617462252,0.007155229560489027,2.9700029189619226
184,36.82454969979987,0.5,0.2,0.3333333333333333,0.5,0.00292666993412328,0.9880049920773426,0.0014648407714471668,0.00760349721708641,2.9700029189619226
185,37.024683122081385,0.5,0.2,0.3333333333333333,0.5,0.002852238614613524,0.9875430242909298,0.0015239917407869254,0.00808074535366928,2.9700029189619226
186,37.22481654436291,0.5,0.2,0.3333333333333333,0.5,0.002782345219899128,0.9870429908790105,0.0015858169600376265,0.008588846941052239,2.9700029189619226
187,37.42494996664443,0.5,0.2,0.3333333333333333,0.5,0.002716885704456934,0.9865028841721568,0.0016504391162087087,0.009129791007177023,2.9700029189619226
188,37.62508338892595,0.5,0.2,0.3333333333333333,0.5,0.0026557631523702937,0.9859205616326561,0.001717986244815946,0.0097056889701572,2.9700029189619226
189,37.82521681120747,0.5,0.2,0.3333333333333333,0.5,0.0025988876452245555,0.9852937392359041,0.0017885919462406253,0.010318781172630168,2.9700029189619226
190,38.02535023348899,0.5,0.2,0.3333333333333333,0.5,0.002546176130710211,0.9846199846222758,0.0018623955934701643,0.010971443653543255,2.9700029189619226
191,38.22548365577051,0.5,0.2,0.3333333333333333,0.5,0.0024975522751594812,0.9838967102238766,0.001939542510554137,0.011666194990409332,2.9700029189619226
192,38.425617078052035,0.5,0.2,0.3333333333333333,0.5,0.0024529462777542472,0.9831211670553387,0.002020184097582253,0.012405702569324386,2.9700029189619226
193,38.62575050033355,0.5,0.2,0.3333333333333333,0.5,0.0024122948102277245,0.9822904363198692,0.0021044780974173315,0.01319279077248533,2.9700029189619226
194,38.82588392261508,0.5,0.2,0.3333333333333333,0.5,0.002375540893753575,0.9814014219948272,0.002192588778918604,0.014030448332500231,2.9700029189619226
195,39.026017344896594,0.5,0.2,0.3333333333333333,0.5,0.002342633755437587,0.9804508445054667,0.002284687066521599,0.014921834672573605,2.9700029189619226
196,39.22615076717812,0.5,0.2,0.3333333333333333,0.5,0.002313528680341371,0.9794352348105771,0.002380950645614106,0.015870285863466886,2.9700029189619226
197,39.426284189459636,0.5,0.2,0.3333333333333333,0.5,0.0022881869816054447,0.9783509238558366,0.0024815642661780374,0.01687932489637945,2.9700029189619226
198,39.62641761174116,0.5,0.2,0.3333333333333333,0.5,0.002266575879736621,0.9771940358437795,0.002586719869378066,0.01795266840710525,2.9700029189619226
199,39.82655103402268,0.5,0.2,0.3333333333333333,0.5,0.002248668340855357,0.9759604857551059,0.002696616572202058,0.019094229331836132,2.9700029189619226
200,40.0266844563042,0.5,0.2,0.3333333333333333,0.5,0.002234443000358558,0.9746459708856146,0.002811460851003974,0.020308125263022333,2.9700029189619226
201,40.22681787858572,0.5,0.2,0.3333333333333333,0.5,0.0022238841094124294,0.9732459610362253,0.002931466764764248,0.021598688089597418,2.9700029189619226
202,40.426951300867245,0.5,0.2,0.3333333333333333,0.5,0.002216981418388648,0.9717556942421567,0.0030568559889124058,0.02297046835054161,2.9700029189619226
203,40.62708472314876,0.5,0.2,0.3333333333333333,0.5,0.0022137299953118427,0.9701701819501142,0.003187857577953739,0.02442823047661958,2.9700029189619226
204,40.82721814543029,0.5,0.2,0.3333333333333333,0.5,0.0022141302089154747,0.9684841946853227,0.0033247082847733074,0.025976966820987817,2.9700029189619226
205,41.027351567711804,0.5,0.2,0.3333333333333333,0.5,0.0022181876343427822,0.9666922577287875,0.0034676525845089828,0.02762190205235999,2.9700029189619226
206,41.22748498999333,0.5,0.2,0.3333333333333333,0.5,0.002225912928177038,0.9647886530596199,0.0036169425283767305,0.02936849148382554,2.9700029189619226
207,41.427618412274846,0.5,0.2,0.3333333333333333,0.5,0.0022373216615681514,0.9627674312389696,0.003772837341753175,0.031222409757708333,2.9700029189619226
208,41.62775183455637,0.5,0.2,0.3333333333333333,0.5,0.002252434281109698,0.9606223985429859,0.00393560364394965,0.03318956353195404,2.9700029189619226
209,41.82788525683789,0.5,0.2,0.3333333333333333,0.5,0.0022712759817623976,0.9583471245784257,0.00410551515193756,0.03527608428787363,2.9700029189619226
210,42.02801867911941,0.5,0.2,0.3333333333333333,0.5,0.002293876598568352,0.955934953495433,0.004282852321930332,0.037488317584067586,2.9700029189619226
211,42.22815210140093,0.5,0.2,0.3333333333333333,0.5,0.0023202704914726097,0.9533790039045792,0.004467902195762712,0.039832823408184795,2.9700029189619226
212,42.428285523682455,0.5,0.2,0.3333333333333333,0.5,0.0023504964294054067,0.9506721820479382,0.004660957971013682,0.04231636355164201,2.9700029189619226
213,42.62841894596397,0.5,0.2,0.3333333333333333,0.5,0.0023845974544139882,0.9478072118918607,0.004862318198393929,0.04494587245533079,2.9700029189619226
214,42.8285523682455,0.5,0.2,0.3333333333333333,0.5,0.0024226207777935525,0.9447766353629714,0.005072286601201056,0.04772845725803342,2.9700029189619226
215,43.028685790527014,0.5,0.2,0.3333333333333333,0.5,0.0024646176608951365,0.9415728368924279,0.005291171378115996,0.05067137406856047,2.9700029189619226
216,43.22881921280854,0.5,0.2,0.3333333333333333,0.5,0.002510643334496264,0.9381880862890348,0.005519284162922067,0.053781986213546275,2.9700029189619226
217,43.428952635090056,0.5,0.2,0.3333333333333333,0.5,0.002560756851391307,0.93461455226742,0.00575693949891757,0.05706775138227061,2.9700029189619226
218,43.62908605737158,0.5,0.2,0.3333333333333333,0.5,0.0026150209889355463,0.930844338862504,0.006004453888819157,0.060536186259740686,2.9700029189619226
219,43.8292194796531,0.5,0.2,0.3333333333333333,0.5,0.002673502251764645,0.9268695443387877,0.006262144472824268,0.06419480893662277,2.9700029189619226
220,44.02935290193462,0.5,0.2,0.3333333333333333,0.5,0.002736270711588658,0.9226822906375812,0.006530328137573649,0.0680511105132558,2.9700029189619226
221,44.22948632421614,0.5,0.2,0.3333333333333333,0.5,0.0028033999488782653,0.9182747744534164,0.006809320272025664,0.07211250532567896,2.9700029189619226
222,44.429619746497664,0.5,0.2,0.3333333333333333,0.5,0.0028749671837940056,0.9136393428421071,0.007099433189670268,0.07638625678442786,2.9700029189619226
223,44.62975316877918,0.5,0.2,0.3333333333333333,0.5,0.002951053142136274,0.9087685430394679,0.0074009748181382,0.08087942900025694,2.9700029189619226
224,44.829886591060706,0.5,0.2,0.3333333333333333,0.5,0.003031742064959899,0.9036551900924712,0.007714247149427696,0.08559882069314052,2.9700029189619226
225,45.030020013342224,0.5,0.2,0.3333333333333333,0.5,0.0031171220286402776,0.898292452875308,0.00803954459542501,0.09055088050062603,2.9700029189619226
226,45.23015343562375,0.5,0.2,0.3333333333333333,0.5,0.0032072848956657793,0.8926739289117384,0.008377152215395402,0.09574163397719981,2.9700029189619226
227,45.430286857905266,0.5,0.2,0.3333333333333333,0.5,0.003302326430438065,0.886793729295246,0.00872734388257676,0.10117660039173855,2.9700029189619226
228,45.63042028018679,0.5,0.2,0.3333333333333333,0.5,0.003402346839288836,0.8806465663804073,0.009090380799698091,0.10686070598060518,2.9700029189619226
229,45.83055370246831,0.5,0.2,0.3333333333333333,0.5,0.0035074508974140325,0.8742278521424435,0.009466509377072564,0.11279818758306931,2.9700029189619226
230,46.03068712474983,0.5,0.2,0.3333333333333333,0.5,0.0036177482174525634,0.8675337995047661,0.009855959180772571,0.11899249309700827,2.9700029189619226
231,46.23082054703135,0.5,0.2,0.3333333333333333,0.5,0.0037333540038263224,0.860561497894625,0.01025894193459287,0.12544620616695526,2.9700029189619226
232,46.430953969312874,0.5,0.2,0.3333333333333333,0.5,0.003854389444888598,0.853309026536448,0.01067564931846745,0.13216093470019533,2.9700029189619226
233,46.63108739159439,0.5,0.2,0.3333333333333333,0.5,0.003980982186029052,0.8457755691669901,0.011106250814972046,0.13913719783200823,2.9700029189619226
234,46.831220813875916,0.5,0.2,0.3333333333333333,0.5,0.0041132671965254455,0.8379614730249805,0.011550893239945601,0.14637436653854793,2.9700029189619226
235,47.03135423615743,0.5,0.2,0.3333333333333333,0.5,0.0042513875710251565,0.8298683340704521,0.012009699602018396,0.15387057875650384,2.9700029189619226
236,47.23148765843896,0.5,0.2,0.3333333333333333,0.5,0.0043954952587362175,0.8214990972505937,0.012482767558795401,0.16162263993187406,2.9700029189619226
237,47.431621080720475,0.5,0.2,0.3333333333333333,0.5,0.004545751872773961,0.8128581275703486,0.012970168661441496,0.16962595189543528,2.9700029189619226
238,47.631754503002,0.5,0.2,0.3333333333333333,0.5,0.004702329738027934,0.8039512799723058,0.0134719478415665,0.17787444244809897,2.9700029189619226
239,47.83188792528352,0.5,0.2,0.3333333333333333,0.5,0.004865412834462966,0.7947859081581595,0.013988124356562388,0.1863605546508144,2.9700029189619226
240,48.03202134756504,0.5,0.2,0.3333333333333333,0.5,0.005035197861824951,0.7853709327103667,0.01451869136346358,0.1950751780643439,2.9700029189619226
241,48.23215476984656,0.5,0.2,0.3333333333333333,0.5,0.005211895126569714,0.7757168354269249,0.015063617224103829,0.2040076522224007,2.9700029189619226
242,48.432288192128084,0.5,0.2,0.3333333333333333,0.5,0.005395729630015845,0.7658356651626982,0.015622846690415281,0.21314575851686984,2.9700029189619226
243,48.6324216144096,0.5,0.2,0.3333333333333333,0.5,0.0055869420307126105,0.7557410146897199,0.016196302759793814,0.22247574051977276,2.9700029189619226
244,48.832555036691126,0.5,0.2,0.3333333333333333,0.5,0.005785789478751647,0.7454479632755335,0.016783889320987115,0.2319823579247268,2.9700029189619226
245,49.03268845897264,0.5,0.2,0.3333333333333333,0.5,0.005992546659655664,0.7349730308864992,0.017385493664393493,0.24164892878945074,2.9700029189619226
246,49.23282188125417,0.5,0.2,0.3333333333333333,0.5,0.0062075062934946025,0.7243340697944542,0.01800099023105304,0.25145743368099727,2.9700029189619226
247,49.432955303535685,0.5,0.2,0.3333333333333333,0.5,0.006430980092034949,0.713550171769931,0.01863024428882476,0.26138860384920853,2.9700029189619226
248,49.63308872581721,0.5,0.2,0.3333333333333333,0.5,0.006663299052267286,0.7026415346543887,0.019273116202378253,0.2714220500909649,2.9700029189619226
249,49.83322214809873,0.5,0.2,0.3333333333333333,0.5,0.006904814035331167,0.6916293139640866,0.019929466296353546,0.281536405704228,2.9700029189619226
250,50.03335557038025,0.5,0.2,0.3333333333333333,0.5,0.0071558959198239165,0.680535470939569,0.02059915950821981,0.29170947363238653,2.9700029189619226
251,50.23348899266177,0.5,0.2,0.3333333333333333,0.5,0.0074169357441444955,0.6693825900771907,0.021282070836446475,0.3019184033422176,2.9700029189619226
252,50.433622414943294,0.5,0.2,0.3333333333333333,0.5,0.007688344962781465,0.6581936662913594,0.02197809166704328,0.312139897078815,2.9700029189619226
253,50.63375583722481,0.5,0.2,0.3333333333333333,0.5,0.007970554874293819,0.6469919529999532,0.022687133857840457,0.32235035826791175,2.9700029189619226
254,50.833889259506336,0.5,0.2,0.3333333333333333,0.5,0.00826401615060509,0.6358007673344569,0.02340913503609235,0.33252608147884494,2.9700029189619226
255,51.03402268178785,0.5,0.2,0.3333333333333333,0.5,0.00856919863951265,0.6246432669612614,0.02414406481963222,0.3426434695795929,2.9700029189619226
256,51.23415610406938,0.5,0.2,0.3333333333333333,0.5,0.008886590854056459,0.6135422508685593,0.024891930143384998,0.3526792281339984,2.9700029189619226
257,51.4342895263509,0.5,0.2,0.3333333333333333,0.5,0.009216699017321044,0.6025199703755523,0.025652779967498724,0.3626105506396271,2.9700029189619226
258,51.63442294863242,0.5,0.2,0.3333333333333333,0.5,0.009560046145158513,0.5915979903956163,0.026426708559777655,0.37241525489944666,2.9700029189619226
259,51.834556370913944,0.5,0.2,0.3333333333333333,0.5,0.009917171138089034,0.5807969754600038,0.027213860848184702,0.38207199255372165,2.9700029189619226
260,52.03468979319546,0.5,0.2,0.3333333333333333,0.5,0.010288627895248263,0.5701365748434739,0.028014434903341223,0.3915603623579358,2.9700029189619226
261,52.234823215476986,0.5,0.2,0.3333333333333333,0.5,0.010674984032265362,0.5596352590524454,0.02882868556270392,0.4008610713525845,2.9700029189619226
262,52.4349566377585,0.5,0.2,0.3333333333333333,0.5,0.01107681990973564,0.5493102365072557,0.029656925890255204,0.4099560176927526,2.9700029189619226
263,52.63509006004003,0.5,0.2,0.3333333333333333,0.5,0.01149472733030215,0.5391773369532167,0.030499529329227885,0.41882840638725244,2.9700029189619226
264,52.835223482321545,0.5,0.2,0.3333333333333333,0.5,0.011929308553416132,0.5292509537382927,0.03135693020690636,0.4274628075013841,2.9700029189619226
265,53.03535690460307,0.5,0.2,0.3333333333333333,0.5,0.012381175046456564,0.5195439856212226,0.03222962412729305,0.435845215205027,2.9700029189619226
266,53.23549032688459,0.5,0.2,0.3333333333333333,0.5,0.0128509464261603,0.5100678068352347,0.03311816755454449,0.4439630791840597,2.9700029189619226
267,53.43562374916611,0.5,0.2,0.3333333333333333,0.5,0.01333924936595343,0.5008322589899923,0.03402317668006948,0.451805314963984,2.9700029189619226
268,53.63575717144763,0.5,0.2,0.3333333333333333,0.5,0.013846716584635073,0.4918456538364434,0.034945325904437705,0.45936230367448305,2.9700029189619226
269,53.835890593729154,0.5,0.2,0.3333333333333333,0.5,0.014373985915670406,0.48311480078465935,0.035885345578177075,0.46662586772149245,2.9700029189619226
270,54.03602401601067,0.5,0.2,0.3333333333333333,0.5,0.014921699242288767,0.4746450541258224,0.036844019084885826,0.4735892275470023,2.9700029189619226
271,54.236157438292196,0.5,0.2,0.3333333333333333,0.5,0.015490501981389859,0.4664403454263671,0.037822180352912245,0.48024697223933016,2.9700029189619226
272,54.43629086057371,0.5,0.2,0.3333333333333333,0.5,0.016081042101521587,0.4585032750599917,0.038820709551210114,0.48659497328727586,2.9700029189619226
273,54.63642428285524,0.5,0.2,0.3333333333333333,0.5,0.016693969502897896,0.4508351722709473,0.039840529657957625,0.49263032856819644,2.9700029189619226
274,54.836557705136755,0.5,0.2,0.3333333333333333,0.5,0.017329935480469346,0.44343616635664684,0.04088260265391184,0.4983512955089713,2.9700029189619226
275,55.03669112741828,0.5,0.2,0.3333333333333333,0.5,0.017989592106958302,0.43630531015068325,0.04194792414685774,0.5037571735955,2.9700029189619226
276,55.2368245496998,0.5,0.2,0.3333333333333333,0.5,0.018673591862730023,0.4294406237641936,0.04303752020736753,0.508848264165708,2.9700029189619226
277,55.43695797198132,0.5,0.2,0.3333333333333333,0.5,0.01938258723159895,0.4228392265342488,0.044152441642966805,0.5136257445911847,2.9700029189619226
278,55.63709139426284,0.5,0.2,0.3333333333333333,0.5,0.020117230363392143,0.41649742014163826,0.045293759596164065,0.5180915898988048,2.9700029189619226
279,55.837224816544364,0.5,0.2,0.3333333333333333,0.5,0.020878172797854432,0.4104107609008345,0.04646256138867783,0.5222485049126324,2.9700029189619226
280,56.03735823882588,0.5,0.2,0.3333333333333333,0.5,0.02166606531159776,0.4045741908703333,0.04765994463016728,0.5260997991879008,2.9700029189619226
281,56.237491661107406,0.5,0.2,0.3333333333333333,0.5,0.0224815576189496,0.39898208579332034,0.048887013644291474,0.5296493429434378,2.9700029189619226
282,56.43762508338892,0.5,0.2,0.3333333333333333,0.5,0.02332529832873631,0.3936283646854517,0.050144874067279056,0.5329014629185321,2.9700029189619226
283,56.63775850567045,0.5,0.2,0.3333333333333333,0.5,0.024197934791620992,0.3885065673401929,0.05143462831114662,0.5358608695570387,2.9700029189619226
284,56.837891927951965,0.5,0.2,0.3333333333333333,0.5,0.025100112892656536,0.38360991259494354,0.05275737152226531,0.538532602990134,2.9700029189619226
285,57.03802535023349,0.5,0.2,0.3333333333333333,0.5,0.026032477123293242,0.37893139206501814,0.05411418645333939,0.5409219443583485,2.9700029189619226
286,57.23815877251501,0.5,0.2,0.3333333333333333,0.5,0.026995670263552166,0.3744638157781258,0.055506139687078127,0.5430343742712432,2.9700029189619226
287,57.43829219479653,0.5,0.2,0.3333333333333333,0.5,0.02799033339026046,0.3701998796024606,0.056934277149350995,0.5448755098579273,2.9700029189619226
288,57.63842561707805,0.5,0.2,0.3333333333333333,0.5,0.02901710572610107,0.3661322197930248,0.05839961995447335,0.5464510545264,2.9700029189619226
289,57.83855903935957,0.5,0.2,0.3333333333333333,0.5,0.03007662431752915,0.36225345490860217,0.05990316057736415,0.5477667601965037,2.9700029189619226
290,58.03869246164109,0.5,0.2,0.3333333333333333,0.5,0.031169524036887792,0.35855623415030535,0.061445858745686435,0.5488283830671195,2.9700029189619226
291,58.238825883922615,0.5,0.2,0.3333333333333333,0.5,0.03229643712104628,0.35503327328371054,0.06302863770322666,0.5496416518920156,2.9700029189619226
292,58.43895930620413,0.5,0.2,0.3333333333333333,0.5,0.03345799296607105,0.3516773868147478,0.06465238048165366,0.5502122397375266,2.9700029189619226
293,58.63909272848566,0.5,0.2,0.3333333333333333,0.5,0.03465481767849986,0.3484815194816103,0.06631792619616242,0.5505457366437264,2.9700029189619226
294,58.839226150767175,0.5,0.2,0.3333333333333333,0.5,0.03588753346099722,0.3454387742848188,0.06802606642072655,0.5506476258334565,2.9700029189619226
295,59.0393595730487,0.5,0.2,0.3333333333333333,0.5,0.037156758646603144,0.3425424187651184,0.06977754195558773,0.5505232806326897,2.9700029189619226
296,59.23949299533022,0.5,0.2,0.3333333333333333,0.5,0.038463107094106386,0.33978590129268926,0.0715730394215401,0.5501779521916633,2.9700029189619226
297,59.43962641761174,0.5,0.2,0.3333333333333333,0.5,0.03980718767228006,0.33716285991196476,0.07341318798794598,0.5496167644278084,2.9700029189619226
298,59.63975983989326,0.5,0.2,0.3333333333333333,0.5,0.04118960231333574,0.3346671865167789,0.07529855497807642,0.5488446561918081,2.9700029189619226
299,59.83989326217478,0.5,0.2,0.3333333333333333,0.5,0.042610945979344686,0.3322929798060884,0.07722964403044044,0.5478664301841257,2.9700029189619226
300,60.0400266844563,0.5,0.2,0.3333333333333333,0.5,0.04407180608579049,0.33003456711912116,0.07920689119012475,0.5466867356049628,2.9700029189619226
301,60.240160106737825,0.5,0.2,0.3333333333333333,0.5,0.045572761345994056,0.3278865033173516,0.0812306620657231,0.5453100732709305,2.9700029189619226
302,60.44029352901934,0.5,0.2,0.3333333333333333,0.5,0.04711438066998702,0.3258435774462271,0.08330124860838935,0.5437407932753955,2.9700029189619226
303,60.64042695130087,0.5,0.2,0.3333333333333333,0.5,0.04869722201566953,0.32390081196059334,0.08541886615961838,0.5419830998641176,2.9700029189619226
304,60.840560373582385,0.5,0.2,0.3333333333333333,0.5,0.05032183123019587,0.3220534618573305,0.08758365041488354,0.540041056497589,2.9700029189619226
305,61.04069379586391,0.5,0.2,0.3333333333333333,0.5,0.05198874072345084,0.3202970121914687,0.08979565455028818,0.5379185925347912,2.9700029189619226
306,61.24082721814543,0.5,0.2,0.3333333333333333,0.5,0.053698468096336084,0.3186271748130614,0.09205484637528585,0.5356195107153157,2.9700029189619226
307,61.44096064042695,0.5,0.2,0.3333333333333333,0.5,0.055451514689862105,0.3170398842514374,0.09436110555338985,0.5331474955053096,2.9700029189619226
308,61.64109406270847,0.5,0.2,0.3333333333333333,0.5,0.05724836405659322,0.31553129291144394,0.09671422089920298,0.5305061221327589,2.9700029189619226
309,61.84122748498999,0.5,0.2,0.3333333333333333,0.5,0.05908948029491619,0.31409776530062444,0.09911388783587938,0.527698866568579,2.9700029189619226
310,62.04136090727151,0.5,0.2,0.3333333333333333,0.5,0.06097530642114709,0.31273587256486807,0.10155970581407109,0.5247291151999128,2.9700029189619226
311,62.241494329553035,0.5,0.2,0.3333333333333333,0.5,0.06290626293463433,0.3114423883172819,0.10405117549408718,0.5216001732539957,2.9700029189619226
312,62.44162775183455,0.5,0.2,0.3333333333333333,0.5,0.06488274541865374,0.31021427884085223,0.10658769720061827,0.5183152785398748,2.9700029189619226
313,62.64176117411608,0.5,0.2,0.3333333333333333,0.5,0.0669051228297731,0.3090486972093628,0.10916856845788026,0.514877611502983,2.9700029189619226
314,62.841894596397594,0.5,0.2,0.3333333333333333,0.5,0.0689737362416965,0.3079429800615721,0.11179298093471596,0.5112903027620146,2.9700029189619226
315,63.04202801867912,0.5,0.2,0.3333333333333333,0.5,0.07108889572082101,0.3068946365271191,0.11446002042505697,0.507556447327002,2.9700029189619226
316,63.242161440960636,0.5,0.2,0.3333333333333333,0.5,0.0732508789067023,0.30590134330631424,0.11716866385746158,0.503679113929521,2.9700029189619226
317,63.44229486324216,0.5,0.2,0.3333333333333333,0.5,0.07545992931199196,0.30496093911923455,0.11991777690931753,0.49966135465945516,2.9700029189619226
318,63.64242828552368,0.5,0.2,0.3333333333333333,0.5,0.07771625313177946,0.30407141693884715,0.12270611520988921,0.49550621471948336,2.9700029189619226
319,63.8425617078052,0.5,0.2,0.3333333333333333,0.5,0.0800200179068169,0.3032309177957284,0.12553232068757017,0.4912167436098837,2.9700029189619226
320,64.04269513008673,0.5,0.2,0.3333333333333333,0.5,0.0823713503039849,0.3024377245363001,0.128394920555743,0.4867960046039712,2.9700029189619226
321,64.24282855236824,0.5,0.2,0.3333333333333333,0.5,0.08477033304530883,0.3016902568545061,0.13129232955681122,0.482247080543373,2.9700029189619226
322,64.44296197464976,0.5,0.2,0.3333333333333333,0.5,0.0872170034969504,0.3009870635093781,0.13422284567485682,0.4775730873188139,2.9700029189619226
323,64.64309539693129,0.5,0.2,0.3333333333333333,0.5,0.08971135110530958,0.30032681732689814,0.1371846510708876,0.47277718049690387,2.9700029189619226
324,64.84322881921281,0.5,0.2,0.3333333333333333,0.5,0.09225331458828978,0.2997083115839872,0.1401758148409498,0.4678625589867724,2.9700029189619226
325,65.04336224149432,0.5,0.2,0.3333333333333333,0.5,0.09484278025652616,0.2991304513272214,0.14319428854687774,0.4628324798693739,2.9700029189619226
326,65.24349566377585,0.5,0.2,0.3333333333333333,0.5,0.09747957930653149,0.2985922506947028,0.14623791005346357,0.4576902599453014,2.9700029189619226
327,65.44362908605737,0.5,0.2,0.3333333333333333,0.5,0.10016348533316036,0.29809282893732447,0.14930440556825117,0.4524392801612632,2.9700029189619226
328,65.6437625083389,0.5,0.2,0.3333333333333333,0.5,0.10289421235622279,0.2976314014974809,0.15239138506057512,0.44708300108572047,2.9700029189619226
329,65.8438959306204,0.5,0.2,0.3333333333333333,0.5,0.10567141225104361,0.2972072779871963,0.15549634708622131,0.441624962675538,2.9700029189619226
330,66.04402935290193,0.5,0.2,0.3333333333333333,0.5,0.1084946721322383,0.2968198625810227,0.15861668714571078,0.4360687781410274,2.9700029189619226
331,66.24416277518345,0.5,0.2,0.3333333333333333,0.5,0.11136351231855147,0.29646864253612165,0.16174968919291102,0.43041815595241506,2.9700029189619226
332,66.44429619746498,0.5,0.2,0.3333333333333333,0.5,0.11427738393568714,0.29615318621232434,0.1648925308015533,0.42467689905043443,2.9700029189619226
333,66.64442961974649,0.5,0.2,0.3333333333333333,0.5,0.1172356669870553,0.2958731448587617,0.1680422947909433,0.41884889336323894,2.9700029189619226
334,66.84456304202801,0.5,0.2,0.3333333333333333,0.5,0.12023766765484581,0.2956282431450995,0.17119596262340764,0.4129381265766463,2.9700029189619226
335,67.04469646430954,0.5,0.2,0.3333333333333333,0.5,0.12328261606381494,0.2954182758601631,0.17435041787709993,0.40694869019892127,2.9700029189619226
336,67.24482988659106,0.5,0.2,0.3333333333333333,0.5,0.1263696650772415,0.2952431101014385,0.17750246012698873,0.4008847646943305,2.9700029189619226
337,67.44496330887257,0.5,0.2,0.3333333333333333,0.5,0.12949788753552988,0.29510267885429,0.18064880264659408,0.39475063096358526,2.9700029189619226
338,67.6450967311541,0.5,0.2,0.3333333333333333,0.5,0.13266627380320709,0.29499697619908033,0.18378607320063767,0.3885506767970742,2.9700029189619226
339,67.84523015343562,0.5,0.2,0.3333333333333333,0.5,0.13587373119944984,0.2949260587747025,0.1869108281774071,0.3822893818484398,2.9700029189619226
340,68.04536357571715,0.5,0.2,0.3333333333333333,0.5,0.13911908210228657,0.29489004316026823,0.19001955781409285,0.37597131692335156,2.9700029189619226
341,68.24549699799866,0.5,0.2,0.3333333333333333,0.5,0.14240106071966224,0.29488909966270843,0.1931086832336867,0.36960115638394186,2.9700029189619226
342,68.44563042028018,0.5,0.2,0.3333333333333333,0.5,0.14571831297569238,0.2949234528603729,0.19617456985062257,0.36318366431331145,2.9700029189619226
343,68.6457638425617,0.5,0.2,0.3333333333333333,0.5,0.14906939658627305,0.2949933817667585,0.1992135404403146,0.35672368120665315,2.9700029189619226
344,68.84589726484323,0.5,0.2,0.3333333333333333,0.5,0.1524527766781957,0.29509921345161044,0.20222187004929162,0.35022613982090156,2.9700029189619226
345,69.04603068712474,0.5,0.2,0.3333333333333333,0.5,0.1558668257463914,0.29524132247511464,0.20519579756442752,0.34369605421406585,2.9700029189619226
346,69.24616410940627,0.5,0.2,0.3333333333333333,0.5,0.15930982630274806,0.29542013219854224,0.20813154444892928,0.33713849704977983,2.9700029189619226
347,69.44629753168779,0.5,0.2,0.3333333333333333,0.5,0.16277996595848293,0.2956361096947729,0.21102531127055105,0.33055861307619255,2.9700029189619226
348,69.64643095396931,0.5,0.2,0.3333333333333333,0.5,0.16627533757595725,0.29588976494911684,0.21387328911297304,0.3239616083619523,2.9700029189619226
349,69.84656437625083,0.5,0.2,0.3333333333333333,0.5,0.16979394046367657,0.29618164948613457,0.2166716710693508,0.31735273898083755,2.9700029189619226
350,70.04669779853235,0.5,0.2,0.3333333333333333,0.5,0.17333368189523266,0.29651235495262374,0.21941666402607993,0.3107372991260632,2.9700029189619226
351,70.24683122081387,0.5,0.2,0.3333333333333333,0.5,0.17689237490946524,0.29688251272492255,0.22210449800895865,0.30412061435665305,2.9700029189619226
352,70.4469646430954,0.5,0.2,0.3333333333333333,0.5,0.18046773999165622,0.29729279291789845,0.2247314389778619,0.2975080281125829,2.9700029189619226
353,70.64709806537691,0.5,0.2,0.3333333333333333,0.5,0.18405740590438216,0.29774389881089164,0.22729378965243086,0.29090490563229476,2.9700029189619226
354,70.84723148765843,0.5,0.2,0.3333333333333333,0.5,0.18765891095449977,0.29823656718040714,0.22978790469386035,0.2843166171712322,2.9700029189619226
355,71.04736490993996,0.5,0.2,0.3333333333333333,0.5,0.19126970454932643,0.29877156946197075,0.2322102081076546,0.27774851788104765,2.9700029189619226
356,71.24749833222148,0.5,0.2,0.3333333333333333,0.5,0.194887149004603,0.29934970903024916,0.23455720158467866,0.27120594038046864,2.9700029189619226
357,71.44763175450299,0.5,0.2,0.3333333333333333,0.5,0.1985085225047602,0.29997181707397363,0.2368254696582451,0.2646941907630204,2.9700029189619226
358,71.64776517678452,0.5,0.2,0.3333333333333333,0.5,0.20213102079917283,0.3006387535868151,0.23901169744568584,0.25821852816832563,2.9700029189619226
359,71.84789859906604,0.5,0.2,0.3333333333333333,0.5,0.2057517599609038,0.3013514058150208,0.24111268248524875,0.251784151738826,2.9700029189619226
360,72.04803202134757,0.5,0.2,0.3333333333333333,0.5,0.2093677800284467,0.3021106859049281,0.24312534414931328,0.24539618991731127,2.9700029189619226
361,72.24816544362908,0.5,0.2,0.3333333333333333,0.5,0.21297604976461568,0.30291752783848014,0.2450467303047598,0.23905969209214378,2.9700029189619226
362,72.4482988659106,0.5,0.2,0.3333333333333333,0.5,0.21657346888971699,0.3037728875468397,0.24687403572276018,0.23277960784068255,2.9700029189619226
363,72.64843228819213,0.5,0.2,0.3333333333333333,0.5,0.22015687278175244,0.304677740578398,0.2486046118404741,0.2265607747993748,2.9700029189619226
364,72.84856571047365,0.5,0.2,0.3333333333333333,0.5,0.22372303814802266,0.30563307893798725,0.2502359721848534,0.22040791072913613,2.9700029189619226
365,73.04869913275516,0.5,0.2,0.3333333333333333,0.5,0.22726868837050024,0.3066399086645321,0.25176580156276407,0.214325601402203,2.9700029189619226
366,73.24883255503669,0.5,0.2,0.3333333333333333,0.5,0.23079049788219033,0.30769924891409145,0.2531919727827734,0.20831828042094416,2.9700029189619226
367,73.44896597731821,0.5,0.2,0.3333333333333333,0.5,0.23428509847037488,0.3088121290187453,0.25451255366522846,0.2023902188456507,2.9700029189619226
368,73.64909939959973,0.5,0.2,0.3333333333333333,0.5,0.23774908490881774,0.3099795849276153,0.25572580723565064,0.1965455229279156,2.9700029189619226
369,73.84923282188124,0.5,0.2,0.3333333333333333,0.5,0.24117902176864453,0.3112026571762373,0.256830205525965,0.19078811552915242,2.9700029189619226
370,74.04936624416277,0.5,0.2,0.3333333333333333,0.5,0.24457145036020256,0.3124823883169813,0.257824439330603,0.18512172199221244,2.9700029189619226
371,74.2494996664443,0.5,0.2,0.3333333333333333,0.5,0.24792289558157976,0.31381981966254646,0.2587074219162832,0.17954986283958987,2.9700029189619226
372,74.44963308872582,0.5,0.2,0.3333333333333333,0.5,0.2512298722123034,0.31521598741473794,0.2594782848416763,0.1740758555312816,2.9700029189619226
373,74.64976651100733,0.5,0.2,0.3333333333333333,0.5,0.25448889373339434,0.31667192021462187,0.2601363933964455,0.16870279265553756,2.9700029189619226
374,74.84989993328885,0.5,0.2,0.3333333333333333,0.5,0.2576964800927911,0.31818863559935023,0.26068134879249244,0.16343353551536557,2.9700029189619226
375,75.05003335557038,0.5,0.2,0.3333333333333333,0.5,0.26084916466626956,0.31976713640147886,0.2611129863942979,0.15827071253795302,2.9700029189619226
376,75.2501667778519,0.5,0.2,0.3333333333333333,0.5,0.26394350102179925,0.3214084070649769,0.26143137188863697,0.15321672002458625,2.9700029189619226
377,75.45030020013341,0.5,0.2,0.3333333333333333,0.5,0.26697607391228434,0.323113409919581,0.2616368110899668,0.14827370507816723,2.9700029189619226
378,75.65043362241494,0.5,0.2,0.3333333333333333,0.5,0.26994350702192094,0.3248830812597237,0.26172984619380624,0.1434435655245485,2.9700029189619226
379,75.85056704469646,0.5,0.2,0.3333333333333333,0.5,0.272842468401542,0.32671832803652306,0.2617112486869333,0.13872795487500092,2.9700029189619226
380,76.05070046697799,0.5,0.2,0.3333333333333333,0.5,0.27566967982704277,0.328620023660116,0.26158201752357885,0.13412827898926172,2.9700029189619226
381,76.2508338892595,0.5,0.2,0.3333333333333333,0.5,0.27842192735165494,0.330589003477535,0.26134337799935364,0.12964569117145575,2.9700029189619226
382,76.45096731154102,0.5,0.2,0.3333333333333333,0.5,0.28109606867100567,0.3326260609016945,0.2609967746353217,0.1252810957919774,2.9700029189619226
383,76.65110073382255,0.5,0.2,0.3333333333333333,0.5,0.2836890369089477,0.33473194479643176,0.26054386242447297,0.12103515587014688,2.9700029189619226
384,76.85123415610407,0.5,0.2,0.3333333333333333,0.5,0.2861978527794214,0.336907354020473,0.2599865009665347,0.11690829223357023,2.9700029189619226
385,77.0513675783856,0.5,0.2,0.3333333333333333,0.5,0.2886196328989006,0.3391529331960658,0.2593267456771652,0.1129006882278677,2.9700029189619226
386,77.2515010006671,0.5,0.2,0.3333333333333333,0.5,0.29095159589528136,0.34146926932159205,0.25856683857203056,0.10901229621109523,2.9700029189619226
387,77.45163442294863,0.5,0.2,0.3333333333333333,0.5,0.2931910656638585,0.34385688962917627,0.2577092002243657,0.10524284448259873,2.9700029189619226
388,77.65176784523015,0.5,0.2,0.3333333333333333,0.5,0.29533548439691915,0.34631625515446207,0.25675641515456626,0.10159184529405177,2.9700029189619226
389,77.85190126751168,0.5,0.2,0.3333333333333333,0.5,0.29738241834201945,0.34884775740657037,0.2557112202682265,0.09805860398318289,2.9700029189619226
390,78.05203468979319,0.5,0.2,0.3333333333333333,0.5,0.2993295613587754,0.35145171624846083,0.25457649685357603,0.09464222553918687,2.9700029189619226
391,78.25216811207471,0.5,0.2,0.3333333333333333,0.5,0.3011747399736424,0.35412837695295935,0.2533552593266147,0.09134162374678276,2.9700029189619226
392,78.45230153435624,0.5,0.2,0.3333333333333333,0.5,0.30291592351893953,0.3568779045470871,0.25205063505313646,0.0881555368808361,2.9700029189619226
393,78.65243495663776,0.5,0.2,0.3333333333333333,0.5,0.30455122804801943,0.35970038136030313,0.2506658527366644,0.08508253785501226,2.9700029189619226
394,78.85256837891927,0.5,0.2,0.3333333333333333,0.5,0.3060789172494777,0.362595806502136,0.2492042388417908,0.08212103740659471,2.9700029189619226
395,79.0527018012008,0.5,0.2,0.3333333333333333,0.5,0.30749740936589287,0.36556409155882497,0.24766919730771028,0.0792693017675711,2.9700029189619226
396,79.25283522348232,0.5,0.2,0.3333333333333333,0.5,0.3088052825028512,0.36860505720113074,0.2460641920018629,0.07652546829415437,2.9700029189619226
397,79.45296864576385,0.5,0.2,0.3333333333333333,0.5,0.3100012769711585,0.3717184316184997,0.2443927361807563,0.0738875552295847,2.9700029189619226
398,79.65310206804536,0.5,0.2,0.3333333333333333,0.5,0.3110842949577109,0.374903850914513,0.2426583914201335,0.07135346270764187,2.9700029189619226
399,79.85323549032688,0.5,0.2,0.3333333333333333,0.5,0.31205340650440516,0.3781608547134333,0.24086474073020256,0.06892099805195824,2.9700029189619226
400,80.0533689126084,0.5,0.2,0.3333333333333333,0.5,0.3129078510281865,0.38148888494279215,0.23901537685519814,0.0665878871738225,2.9700029189619226
401,80.25350233488993,0.5,0.2,0.3333333333333333,0.5,0.3136470377105626,0.38488728555692714,0.23711389518390336,0.0643517815486062,2.9700029189619226
402,80.45363575717144,0.5,0.2,0.3333333333333333,0.5,0.3142705450327637,0.38835530293251247,0.23516388962146775,0.062210262413255335,2.9700029189619226
403,80.65376917945296,0.5,0.2,0.3333333333333333,0.5,0.31477812337944827,0.391892083072495,0.23316892758944824,0.06016086595860771,2.9700029189619226
404,80.85390260173449,0.5,0.2,0.3333333333333333,0.5,0.3151696941746324,0.3954966719535941,0.23113254291509716,0.05820109095667557,2.9700029189619226
405,81.05403602401601,0.5,0.2,0.3333333333333333,0.5,0.31544534861935686,0.39916801663105667,0.22905823351029403,0.05632840123929166,2.9700029189619226
406,81.25416944629752,0.5,0.2,0.3333333333333333,0.5,0.315605346607289,0.40290496538168236,0.2269494503643034,0.05454023764672443,2.9700029189619226
407,81.45430286857905,0.5,0.2,0.3333333333333333,0.5,0.315650115445848,0.40670626755778394,0.22480958276060695,0.05283403423576032,2.9700029189619226
408,81.65443629086057,0.5,0.2,0.3333333333333333,0.5,0.31558024751191294,0.41057057493379256,0.22264195299574474,0.05120722455854898,2.9700029189619226
409,81.8545697131421,0.5,0.2,0.3333333333333333,0.5,0.31539649817668836,0.4144964436268825,0.22044981579813738,0.04965724239829101,2.9700029189619226
410,82.05470313542361,0.5,0.2,0.3333333333333333,0.5,0.31509978228267155,0.41848233517032624,0.21823634628818683,0.04818153625881465,2.9700029189619226
411,82.25483655770513,0.5,0.2,0.3333333333333333,0.5,0.314691170548408,0.4225266183776239,0.21600463371033318,0.04677757736363415,2.9700029189619226
412,82.45496997998666,0.5,0.2,0.3333333333333333,0.5,0.3141718860730496,0.4266275715913147,0.21375767791737638,0.045442864418258636,2.9700029189619226
413,82.65510340226818,0.5,0.2,0.3333333333333333,0.5,0.3135433014994381,0.4307833850563922,0.21149838776765476,0.044174925676514244,2.9700029189619226
414,82.85523682454969,0.5,0.2,0.3333333333333333,0.5,0.3128069325103366,0.4349921638061641,0.20922957416509907,0.04297132951839949,2.9700029189619226
415,83.05537024683122,0.5,0.2,0.3333333333333333,0.5,0.3119644331537184,0.4392519306908916,0.20695394802246023,0.041829688132929005,2.9700029189619226
416,83.25550366911274,0.5,0.2,0.3333333333333333,0.5,0.3110175918686312,0.4435606292199712,0.20467411798211788,0.04074766092927899,2.9700029189619226
417,83.45563709139427,0.5,0.2,0.3333333333333333,0.5,0.3099683267441228,0.4479161267873829,0.20239258870083843,0.039722957767655144,2.9700029189619226
418,83.65577051367578,0.5,0.2,0.3333333333333333,0.5,0.3088186775233434,0.45231621911969433,0.20011176011129592,0.03875334324566555,2.9700029189619226
419,83.8559039359573,0.5,0.2,0.3333333333333333,0.5,0.30757080031532064,0.456758633947795,0.19783392682291231,0.037836638913971245,2.9700029189619226
420,84.05603735823883,0.5,0.2,0.3333333333333333,0.5,0.3062269636677137,0.46124103397903965,0.19556127566544385,0.03697072668780199,2.9700029189619226
421,84.25617078052035,0.5,0.2,0.3333333333333333,0.5,0.30478954021564947,0.4657610221161824,0.19329588806123368,0.03615354960693363,2.9700029189619226
422,84.45630420280186,0.5,0.2,0.3333333333333333,0.5,0.30326099968112846,0.4703161461089831,0.1910397412926928,0.03538311291719485,2.9700029189619226
423,84.65643762508338,0.5,0.2,0.3333333333333333,0.5,0.30164390335304997,0.4749039024670135,0.18879470827466233,0.03465748590527333,2.9700029189619226
424,84.85657104736491,0.5,0.2,0.3333333333333333,0.5,0.2999408991563538,0.4795217400719511,0.1865625567569273,0.03397480401476693,2.9700029189619226
425,85.05670446964643,0.5,0.2,0.3333333333333333,0.5,0.2981547115678234,0.48416706680366073,0.1843449550830241,0.03333326654549094,2.9700029189619226
426,85.25683789192794,0.5,0.2,0.3333333333333333,0.5,0.2962881353876783,0.4888372540177992,0.18214347341612236,0.03273113717839926,2.9700029189619226
427,85.45697131420947,0.5,0.2,0.3333333333333333,0.5,0.2943440312649062,0.49352963983628567,0.179959582498192,0.03216674640061522,2.9700029189619226
428,85.657104736491,0.5,0.2,0.3333333333333333,0.5,0.29232531727634903,0.4982415350771539,0.17779465815973136,0.031638489486764766,2.9700029189619226
429,85.85723815877252,0.5,0.2,0.3333333333333333,0.5,0.2902349607670681,0.5029702290598143,0.1756499856443007,0.03114482452881607,2.9700029189619226
430,86.05737158105403,0.5,0.2,0.3333333333333333,0.5,0.2880759723692863,0.5077129939628326,0.17352676106614928,0.030684272601730882,2.9700029189619226
431,86.25750500333555,0.5,0.2,0.3333333333333333,0.5,0.28585140154115807,0.5124670880598977,0.17142609097798472,0.030255419420958694,2.9700029189619226
432,86.45763842561708,0.5,0.2,0.3333333333333333,0.5,0.2835643265147532,0.5172297630939137,0.16934899984164353,0.029856910549688743,2.9700029189619226
433,86.6577718478986,0.5,0.2,0.3333333333333333,0.5,0.28121784801321376,0.521998268923374,0.1672964324867095,0.029487450576701997,2.9700029189619226
434,86.85790527018011,0.5,0.2,0.3333333333333333,0.5,0.27881508455674986,0.5267698568749488,0.16526925474468562,0.029145803823614935,2.9700029189619226
435,87.05803869246164,0.5,0.2,0.3333333333333333,0.5,0.276359165687949,0.5315417848001456,0.1632682569903824,0.028830792521522264,2.9700029189619226
436,87.25817211474316,0.5,0.2,0.3333333333333333,0.5,0.2738532238594873,0.5363113232459645,0.16129415961393917,0.02854129328060815,2.9700029189619226
437,87.45830553702469,0.5,0.2,0.3333333333333333,0.5,0.2713003890212316,0.5410757594617965,0.15934761522237847,0.028276236294592506,2.9700029189619226
438,87.6584389593062,0.5,0.2,0.3333333333333333,0.5,0.2687037848805138,0.5458323999713699,0.15742920914151606,0.02803460600659943,2.9700029189619226
439,87.85857238158772,0.5,0.2,0.3333333333333333,0.5,0.26606652067599684,0.5505785770291836,0.1555394653959078,0.027815436898910983,2.9700029189619226
440,88.05870580386924,0.5,0.2,0.3333333333333333,0.5,0.26339168563772897,0.5553116528096833,0.15367884970738352,0.027617811845203375,2.9700029189619226
441,88.25883922615077,0.5,0.2,0.3333333333333333,0.5,0.2606823447378642,0.5600290224414148,0.15184777132394045,0.027440861496779642,2.9700029189619226
442,88.45897264843228,0.5,0.2,0.3333333333333333,0.5,0.2579415341868222,0.5647281173061958,0.1500465853158419,0.027283763191139326,2.9700029189619226
443,88.6591060707138,0.5,0.2,0.3333333333333333,0.5,0.25517225464357585,0.5694064104963528,0.14827559743913932,0.027145737420931258,2.9700029189619226
444,88.85923949299533,0.5,0.2,0.3333333333333333,0.5,0.2523774671325678,0.574061419805334,0.14653506635062583,0.027026046711471564,2.9700029189619226
445,89.05937291527685,0.5,0.2,0.3333333333333333,0.5,0.24956009006399243,0.5786907096495092,0.14482520502866053,0.026923995257837032,2.9700029189619226
446,89.25950633755836,0.5,0.2,0.3333333333333333,0.5,0.2467229938799472,0.5832918953755736,0.14314618455415098,0.026838926190327524,2.9700029189619226
447,89.45963975983989,0.5,0.2,0.3333333333333333,0.5,0.24386899692440644,0.5878626464194798,0.14149813690597945,0.026770219750133495,2.9700029189619226
448,89.65977318212141,0.5,0.2,0.3333333333333333,0.5,0.24100086232190857,0.5924006884926102,0.13988115701239337,0.026717292173087156,2.9700029189619226
449,89.85990660440294,0.5,0.2,0.3333333333333333,0.5,0.238121295318291,0.5969038053310695,0.13829530456794006,0.026679594782698688,2.9700029189619226
450,90.06004002668445,0.5,0.2,0.3333333333333333,0.5,0.2352329390552752,0.6013698421763879,0.13674060729653034,0.02665661147180575,2.9700029189619226
451,90.26017344896597,0.5,0.2,0.3333333333333333,0.5,0.23233837205342964,0.60579670751198,0.13521706291505864,0.026647857519530846,2.9700029189619226
452,90.4603068712475,0.5,0.2,0.3333333333333333,0.5,0.22944010612967924,0.6101823743153971,0.13372464087593258,0.026652878678990122,2.9700029189619226
453,90.66044029352902,0.5,0.2,0.3333333333333333,0.5,0.22654058388291753,0.6145248819564335,0.13226328459146622,0.026671249569181772,2.9700029189619226
454,90.86057371581053,0.5,0.2,0.3333333333333333,0.5,0.22364217649679294,0.618822337816632,0.13083291352653664,0.026702572160037543,2.9700029189619226
455,91.06070713809206,0.5,0.2,0.3333333333333333,0.5,0.22074718209911565,0.6230729182942188,0.12943342494061102,0.026746474666053597,2.9700029189619226
456,91.26084056037358,0.5,0.2,0.3333333333333333,0.5,0.21785782431655643,0.6272748695686005,0.12806469553264044,0.02680261058220181,2.9700029189619226
457,91.4609739826551,0.5,0.2,0.3333333333333333,0.5,0.21497625098645887,0.6314265085557464,0.12672658324213282,0.026870657215660964,2.9700029189619226
458,91.66110740493662,0.5,0.2,0.3333333333333333,0.5,0.2121045332022281,0.6355262233722603,0.12541892879347966,0.026950314632031108,2.9700029189619226
459,91.86124082721814,0.5,0.2,0.3333333333333333,0.5,0.2092446642914501,0.6395724738050597,0.12414155725095785,0.027041304652531614,2.9700029189619226
460,92.06137424949966,0.5,0.2,0.3333333333333333,0.5,0.20639855931596543,0.6435637914298514,0.1228942794293082,0.027143369824874204,2.9700029189619226
461,92.26150767178119,0.5,0.2,0.3333333333333333,0.5,0.20356805503232503,0.6474987794041347,0.12167689316873584,0.027256272394803664,2.9700029189619226
462,92.4616410940627,0.5,0.2,0.3333333333333333,0.5,0.2007549096706564,0.651376112313837,0.12048918462955543,0.027379793385950396,2.9700029189619226
463,92.66177451634422,0.5,0.2,0.3333333333333333,0.5,0.1979608023888133,0.6551945362782085,0.11933092967756939,0.02751373165540811,2.9700029189619226
464,92.86190793862575,0.5,0.2,0.3333333333333333,0.5,0.19518733415322212,0.6589528679374261,0.11820189483304124,0.02765790307630978,2.9700029189619226
465,93.06204136090727,0.5,0.2,0.3333333333333333,0.5,0.19243602819894762,0.6626499937522149,0.11710183833173507,0.027812139717101576,2.9700029189619226
466,93.26217478318878,0.5,0.2,0.3333333333333333,0.5,0.18970833014516947,0.6662848696118664,0.11603051126636361,0.027976288976599765,2.9700029189619226
467,93.46230820547031,0.5,0.2,0.3333333333333333,0.5,0.18700560906019684,0.6698565196259707,0.11498765844442149,0.028150212869410194,2.9700029189619226
468,93.66244162775183,0.5,0.2,0.3333333333333333,0.5,0.18432915865850175,0.6733640348083553,0.1139730191926885,0.028333787340453685,2.9700029189619226
469,93.86257505003336,0.5,0.2,0.3333333333333333,0.5,0.1816801978562099,0.6768065723290657,0.11298632831976968,0.02852690149495395,2.9700029189619226
470,94.06270847231487,0.5,0.2,0.3333333333333333,0.5,0.1790598718063077,0.680183354354776,0.11202731692947884,0.028729456909436693,2.9700029189619226
471,94.26284189459639,0.5,0.2,0.3333333333333333,0.5,0.17646925390536367,0.6834936660479749,0.11109571295277991,0.028941367093880666,2.9700029189619226
472,94.46297531687792,0.5,0.2,0.3333333333333333,0.5,0.17390934684895004,0.6867368544145325,0.1101912419131938,0.029162556823322916,2.9700029189619226
473,94.66310873915944,0.5,0.2,0.3333333333333333,0.5,0.17138108357499063,0.6899123272742552,0.10931362769345507,0.02939296145729828,2.9700029189619226
474,94.86324216144095,0.5,0.2,0.3333333333333333,0.5,0.16888532973208314,0.6930195508604593,0.10846259289947358,0.02963252650798318,2.9700029189619226
475,95.06337558372248,0.5,0.2,0.3333333333333333,0.5,0.1664228851702271,0.6960580483219411,0.10763785944462147,0.02988120706320946,2.9700029189619226
476,95.263509006004,0.5,0.2,0.3333333333333333,0.5,0.16399448495381455,0.6990273986842325,0.10683914921697825,0.03013896714497377,2.9700029189619226
477,95.46364242828552,0.5,0.2,0.3333333333333333,0.5,0.16160080190971743,0.7019272344097303,0.10606618436605547,0.030405779314495934,2.9700029189619226
478,95.66377585056703,0.5,0.2,0.3333333333333333,0.5,0.1592424485404018,0.7047572395593136,0.10531868771251365,0.030681624187770144,2.9700029189619226
479,95.86390927284856,0.5,0.2,0.3333333333333333,0.5,0.15691997825597825,0.707517148603145,0.10459638328971516,0.030966489851160756,2.9700029189619226
480,96.06404269513008,0.5,0.2,0.3333333333333333,0.5,0.15463388765270045,0.7102067442749331,0.1038989966205866,0.03126037145177891,2.9700029189619226
481,96.26417611741161,0.5,0.2,0.3333333333333333,0.5,0.15238461882006146,0.712825855415538,0.10322625496355181,0.031563270800847906,2.9700029189619226
482,96.46430953969312,0.5,0.2,0.3333333333333333,0.5,0.150172560833988,0.7153743555963596,0.10257788771414761,0.03187519585550387,2.9700029189619226
483,96.66444296197464,0.5,0.2,0.3333333333333333,0.5,0.14799805166157506,0.7178521613733783,0.10195362669033241,0.03219616027471348,2.9700029189619226
484,96.86457638425617,0.5,0.2,0.3333333333333333,0.5,0.14586138070575702,0.7202592299544834,0.10135320625381636,0.03252618308594248,2.9700029189619226
485,97.06470980653769,0.5,0.2,0.3333333333333333,0.5,0.14376279044927665,0.7225955577356608,0.10077636360112728,0.03286528821393465,2.9700029189619226
486,97.2648432288192,0.5,0.2,0.3333333333333333,0.5,0.1417024779041551,0.7248611790404842,0.1002228390714485,0.03321350398391157,2.9700029189619226
487,97.46497665110073,0.5,0.2,0.3333333333333333,0.5,0.1396805976959033,0.7270561633233465,0.09969237607496602,0.03357086290578347,2.9700029189619226
488,97.66511007338225,0.5,0.2,0.3333333333333333,0.5,0.13769726381879277,0.7291806136528814,0.09918472128373237,0.03393740124459271,2.9700029189619226
489,97.86524349566378,0.5,0.2,0.3333333333333333,0.5,0.1357525517025386,0.731234664916619,0.09869962472970462,0.03431315865113704,2.9700029189619226
490,98.06537691794529,0.5,0.2,0.3333333333333333,0.5,0.13384649951187794,0.7332184827704684,0.09823684005506429,0.03469817766258865,2.9700029189619226
491,98.26551034022681,0.5,0.2,0.3333333333333333,0.5,0.13197910906780064,0.7351322629642236,0.09779612482437922,0.035092503143595806,2.9700029189619226
492,98.46564376250834,0.5,0.2,0.3333333333333333,0.5,0.1301503494883113,0.736976228104161,0.09737724018208953,0.03549618222543744,2.9700029189619226
493,98.66577718478986,0.5,0.2,0.3333333333333333,0.5,0.12836015815796753,0.7387506269667745,0.09697995110173944,0.035909263773517816,2.9700029189619226
494,98.86591060707137,0.5,0.2,0.3333333333333333,0.5,0.12660844227928736,0.740455733277469,0.09660402647454494,0.03633179796869799,2.9700029189619226
495,99.0660440293529,0.5,0.2,0.3333333333333333,0.5,0.12489508164517946,0.7420918433666712,0.0962492389099047,0.03676383607824382,2.9700029189619226
496,99.26617745163442,0.5,0.2,0.3333333333333333,0.5,0.12321993102671898,0.7436592742041017,0.09591536459448148,0.03720543017469701,2.9700029189619226
497,99.46631087391594,0.5,0.2,0.3333333333333333,0.5,0.12158281947920152,0.7451583643313412,0.09560218379141812,0.0376566323980384,2.9700029189619226
498,99.66644429619745,0.5,0.2,0.3333333333333333,0.5,0.11998355273458343,0.7465894719297553,0.09530948064989153,0.03811749468576892,2.9700029189619226
499,99.86657771847898,0.5,0.2,0.3333333333333333,0.5,0.11842191455720423,0.7479529738763114,0.09503704321402864,0.0385880683524548,2.9700029189619226
500,100.0667111407605,0.5,0.2,0.3333333333333333,0.5,0.11689766968454755,0.7492492633063339,0.09478466310499405,0.03906840390412365,2.9700029189619226
501,100.26684456304203,0.5,0.2,0.3333333333333333,0.5,0.11541056544167416,0.7504787484573044,0.09455213543748976,0.03955855066353073,2.9700029189619226
502,100.46697798532354,0.5,0.2,0.3333333333333333,0.5,0.11396033118160119,0.7516418536014196,0.0943392591343398,0.040058556082638655,2.9700029189619226
503,100.66711140760506,0.5,0.2,0.3333333333333333,0.5,0.11254668049164548,0.7527390173600016,0.09414583668729706,0.04056846546105502,2.9700029189619226
504,100.86724482988659,0.5,0.2,0.3333333333333333,0.5,0.11116931242426083,0.7537706919642058,0.09397167408590332,0.04108832152562935,2.9700029189619226
505,101.06737825216811,0.5,0.2,0.3333333333333333,0.5,0.10982791335159348,0.7547373418505628,0.0938165806866336,0.04161816411120936,2.9700029189619226
506,101.26751167444962,0.5,0.2,0.3333333333333333,0.5,0.10852215797908767,0.7556394431700373,0.09368036913744057,0.04215802971343374,2.9700029189619226
507,101.46764509673115,0.5,0.2,0.3333333333333333,0.5,0.1072517099557978,0.7564774837382044,0.09356285532426595,0.042707950981731045,2.9700029189619226
508,101.66777851901267,0.5,0.2,0.3333333333333333,0.5,0.10601622319807233,0.7572519622220568,0.09346385825306289,0.04326795632680726,2.9700029189619226
509,101.8679119412942,0.5,0.2,0.3333333333333333,0.5,0.10481534288656835,0.7579633876866749,0.09338319994592235,0.043838069480833665,2.9700029189619226
510,102.0680453635757,0.5,0.2,0.3333333333333333,0.5,0.1036487072272216,0.7586122784532351,0.093320705086971,0.044418309232571576,2.9700029189619226
511,102.26817878585723,0.5,0.2,0.3333333333333333,0.5,0.102515948013937,0.7591991620777175,0.09327620100218138,0.04500868890616335,2.9700029189619226
512,102.46831220813876,0.5,0.2,0.3333333333333333,0.5,0.10141669117256705,0.7597245753623646,0.09324951762236762,0.04560921584269995,2.9700029189619226
513,102.66844563042028,0.5,0.2,0.3333333333333333,0.5,0.1003505578710263,0.760189063860378,0.09324048725560145,0.04621989101299341,2.9700029189619226
514,102.8685790527018,0.5,0.2,0.3333333333333333,0.5,0.09931716533657056,0.7605931816586508,0.09324894443012549,0.046840708574652376,2.9700029189619226
515,103.06871247498331,0.5,0.2,0.3333333333333333,0.5,0.09831612775959223,0.7609374909142134,0.09327472582226295,0.0474716555039306,2.9700029189619226
516,103.26884589726484,0.5,0.2,0.3333333333333333,0.5,0.09734705692921689,0.7612225619374159,0.09331767003525056,0.04811271109811584,2.9700029189619226
517,103.46897931954636,0.5,0.2,0.3333333333333333,0.5,0.09640956288126569,0.7614489731937887,0.09337761741496974,0.04876384650997499,2.9700029189619226
518,103.66911274182789,0.5,0.2,0.3333333333333333,0.5,0.09550325456288117,0.7616173112145131,0.09345440990588524,0.049425024316719544,2.9700029189619226
519,103.8692461641094,0.5,0.2,0.3333333333333333,0.5,0.09462774044007767,0.761728170593292,0.09354789088468382,0.05009619808194554,2.9700029189619226
520,104.06937958639092,0.5,0.2,0.3333333333333333,0.5,0.09378262927393365,0.7617821537451215,0.09365790493039759,0.05077731205054637,2.9700029189619226
521,104.26951300867245,0.5,0.2,0.3333333333333333,0.5,0.09296753048457758,0.7617798711866228,0.09378429771667758,0.05146830061212122,2.9700029189619226
522,104.46964643095397,0.5,0.2,0.3333333333333333,0.5,0.09218205457440971,0.7617219417870824,0.09392691580768966,0.05216908783081749,2.9700029189619226
523,104.66977985323548,0.5,0.2,0.3333333333333333,0.5,0.0914258136357727,0.761608992826255,0.0940856064847535,0.052879587053218,2.9700029189619226
524,104.869913275517,0.5,0.2,0.3333333333333333,0.5,0.09069842180030535,0.7614416601350663,0.09426021755427459,0.05359970051035316,2.9700029189619226
525,105.07004669779853,0.5,0.2,0.3333333333333333,0.5,0.08999949600459631,0.761220587768297,0.09445059706121413,0.054329319165892016,2.9700029189619226
526,105.27018012008006,0.5,0.2,0.3333333333333333,0.5,0.08932865588517692,0.7609464288915511,0.09465659322624455,0.05506832199702702,2.9700029189619226
527,105.47031354236157,0.5,0.2,0.3333333333333333,0.5,0.08868552414881349,0.7606198459748519,0.0948780542458252,0.05581657563050893,2.9700029189619226
528,105.67044696464309,0.5,0.2,0.3333333333333333,0.5,0.08806972691357559,0.7602415110079392,0.09511482809042862,0.056573933988056144,2.9700029189619226
529,105.87058038692462,0.5,0.2,0.3333333333333333,0.5,0.08748089395296894,0.7598121058332332,0.09536676231906639,0.05734023789473101,2.9700029189619226
530,106.07071380920614,0.5,0.2,0.3333333333333333,0.5,0.08691865911167448,0.7593323220662179,0.09563370387266386,0.05811531494944328,2.9700029189619226
531,106.27084723148765,0.5,0.2,0.3333333333333333,0.5,0.08638266094975282,0.7588028604816284,0.0959154988405103,0.0588989797281081,2.9700029189619226
532,106.47098065376917,0.5,0.2,0.3333333333333333,0.5,0.08587254210510684,0.7582244330955837,0.09621199235313628,0.0596910324461728,2.9700029189619226
533,106.6711140760507,0.5,0.2,0.3333333333333333,0.5,0.08538794971694905,0.7575977629328295,0.09652302836372703,0.060491258986494024,2.9700029189619226
534,106.87124749833222,0.5,0.2,0.3333333333333333,0.5,0.08492853556248879,0.7569235843618282,0.09684844945493115,0.06129943062075152,2.9700029189619226
535,107.07138092061373,0.5,0.2,0.3333333333333333,0.5,0.084493956133865,0.7562026435121194,0.09718809664801147,0.06211530370600381,2.9700029189619226
536,107.27151434289526,0.5,0.2,0.3333333333333333,0.5,0.08408387329447685,0.7554356971125425,0.09754180931253605,0.06293862028044415,2.9700029189619226
537,107.47164776517678,0.5,0.2,0.3333333333333333,0.5,0.08369795432990955,0.7546235128543552,0.09790942498113296,0.06376910783460193,2.9700029189619226
538,107.67178118745831,0.5,0.2,0.3333333333333333,0.5,0.08333587120180182,0.753766871781352,0.09829077903768874,0.06460647797915713,2.9700029189619226
539,107.87191460973982,0.5,0.2,0.3333333333333333,0.5,0.08299730095019901,0.7528665676099098,0.09868570459997861,0.06545042683991231,2.9700029189619226
540,108.07204803202134,0.5,0.2,0.3333333333333333,0.5,0.08268192567248428,0.7519234070971542,0.09909403233738556,0.06630063489297572,2.9700029189619226
541,108.27218145430287,0.5,0.2,0.3333333333333333,0.5,0.08238943251935578,0.7509382102910731,0.09951559030315373,0.06715676688641731,2.9700029189619226
542,108.47231487658439,0.5,0.2,0.3333333333333333,0.5,0.08211951469128377,0.7499118078195235,0.09995020409138484,0.06801847339780775,2.9700029189619226
543,108.6724482988659,0.5,0.2,0.3333333333333333,0.5,0.0818718704785273,0.748845043766487,0.1003976963860292,0.06888538936895636,2.9700029189619226
544,108.87258172114743,0.5,0.2,0.3333333333333333,0.5,0.08164620300251058,0.7477387764519638,0.10085788674026344,0.06975713380526204,2.9700029189619226
545,109.07271514342895,0.5,0.2,0.3333333333333333,0.5,0.08144222040192661,0.7465938778574253,0.1013305915053006,0.0706333102353474,2.9700029189619226
546,109.27284856571048,0.5,0.2,0.3333333333333333,0.5,0.08125963572421777,0.7454112338342568,0.1018156236754087,0.07151350676611663,2.9700029189619226
547,109.47298198799199,0.5,0.2,0.3333333333333333,0.5,0.08109816697254744,0.7441917437455389,0.10231279280475813,0.07239729647715541,2.9700029189619226
548,109.67311541027351,0.5,0.2,0.3333333333333333,0.5,0.0809575378737419,0.7429363177524526,0.10282190521784974,0.07328423915595564,2.9700029189619226
549,109.87324883255503,0.5,0.2,0.3333333333333333,0.5,0.08083747653860103,0.7416458806926927,0.10334276340429345,0.07417387936441275,2.9700029189619226
550,110.07338225483656,0.5,0.2,0.3333333333333333,0.5,0.08073771560875598,0.7403213711818453,0.10387516600738698,0.07506574720201176,2.9700029189619226
551,110.27351567711807,0.5,0.2,0.3333333333333333,0.5,0.08065799220365508,0.7389637412721815,0.10441890774516858,0.0759593587789949,2.9700029189619226
552,110.4736490993996,0.5,0.2,0.3333333333333333,0.5,0.08059804775033252,0.7375739564074147,0.10497377929635733,0.07685421654589539,2.9700029189619226
553,110.67378252168112,0.5,0.2,0.3333333333333333,0.5,0.08055762814670869,0.7361529942561685,0.10553956734227216,0.07774981025485075,2.9700029189619226
554,110.87391594396264,0.5,0.2,0.3333333333333333,0.5,0.08053648397035695,0.7347018433283362,0.10611605463999892,0.07864561806130807,2.9700029189619226
555,111.07404936624415,0.5,0.2,0.3333333333333333,0.5,0.08053436936929374,0.7332215056539491,0.10670301953643604,0.07954110544032132,2.9700029189619226
556,111.27418278852568,0.5,0.2,0.3333333333333333,0.5,0.08055104225283156,0.7317129953069779,0.10730023605682609,0.0804357263833647,2.9700029189619226
557,111.4743162108072,0.5,0.2,0.3333333333333333,0.5,0.08058626410364728,0.7301773380436809,0.10790747384083453,0.08132892401183749,2.9700029189619226
558,111.67444963308873,0.5,0.2,0.3333333333333333,0.5,0.08063979976639359,0.7286155709429128,0.10852449807991983,0.08222013121077404,2.9700029189619226
559,111.87458305537024,0.5,0.2,0.3333333333333333,0.5,0.0807114177557517,0.7270287407741287,0.10915106967331184,0.08310877179680798,2.9700029189619226
560,112.07471647765176,0.5,0.2,0.3333333333333333,0.5,0.08080088980785304,0.7254179040624057,0.10978694509286513,0.08399426103687646,2.9700029189619226
561,112.27484989993329,0.5,0.2,0.3333333333333333,0.5,0.08090799029570589,0.7237841274063087,0.11043187620470278,0.08487600609328286,2.9700029189619226
562,112.47498332221481,0.5,0.2,0.3333333333333333,0.5,0.08103249623649826,0.7221284863549029,0.11108561033840351,0.08575340707019556,2.9700029189619226
563,112.67511674449632,0.5,0.2,0.3333333333333333,0.5,0.08117418705696976,0.7204520647841138,0.11174789027066294,0.08662585788825365,2.9700029189619226
564,112.87525016677785,0.5,0.2,0.3333333333333333,0.5,0.08133284439258473,0.7187559542101355,0.11241845422955148,0.08749274716772852,2.9700029189619226
565,113.07538358905937,0.5,0.2,0.3333333333333333,0.5,0.08150825236250152,0.7170412528121586,0.11309703605532935,0.08835345877001081,2.9700029189619226
566,113.2755170113409,0.5,0.2,0.3333333333333333,0.5,0.08170019678838836,0.7153090649537164,0.1137833650465801,0.0892073732113154,2.9700029189619226
567,113.4756504336224,0.5,0.2,0.3333333333333333,0.5,0.08190846497114983,0.7135605003710441,0.11447716598816021,0.09005386866964604,2.9700029189619226
568,113.67578385590393,0.5,0.2,0.3333333333333333,0.5,0.08213284553986919,0.711796673278692,0.11517815921156238,0.09089232196987668,2.9700029189619226
569,113.87591727818545,0.5,0.2,0.3333333333333333,0.5,0.08237312819728762,0.7100187014829082,0.11588606063365092,0.09172210968615346,2.9700029189619226
570,114.07605070046698,0.5,0.2,0.3333333333333333,0.5,0.08262910361064119,0.7082277057984981,0.11660058181710732,0.0925426087737536,2.9700029189619226
571,114.27618412274849,0.5,0.2,0.3333333333333333,0.5,0.08290056346589933,0.7064248098100171,0.11732143005420706,0.09335319666987679,2.9700029189619226
572,114.47631754503001,0.5,0.2,0.3333333333333333,0.5,0.08318729965344462,0.7046111376406423,0.11804830838115345,0.09415325432475995,2.9700029189619226
573,114.67645096731154,0.5,0.2,0.3333333333333333,0.5,0.0834891042147858,0.7027878134185892,0.11878091566947067,0.09494216669715463,2.9700029189619226
574,114.87658438959306,0.5,0.2,0.3333333333333333,0.5,0.08380576910186609,0.7009559602935342,0.1195189467091909,0.09571932389540912,2.9700029189619226
575,115.07671781187457,0.5,0.2,0.3333333333333333,0.5,0.08413708591591226,0.6991166993843286,0.12026209229855768,0.09648412240120172,2.9700029189619226
576,115.2768512341561,0.5,0.2,0.3333333333333333,0.5,0.08448284601257154,0.6972711503290873,0.12101003930555237,0.09723596435278915,2.9700029189619226
577,115.47698465643762,0.5,0.2,0.3333333333333333,0.5,0.08484284011441755,0.6954204296440614,0.12176247078548248,0.09797425945603892,2.9700029189619226
578,115.67711807871915,0.5,0.2,0.3333333333333333,0.5,0.0852168577753164,0.6935656484128095,0.12251906612084645,0.09869842769102787,2.9700029189619226
579,115.87725150100066,0.5,0.2,0.3333333333333333,0.5,0.08560468730209295,0.6917079119797183,0.12327950112409487,0.0994078995940942,2.9700029189619226
580,116.07738492328218,0.5,0.2,0.3333333333333333,0.5,0.08600611550265184,0.6898483188616129,0.12404344816515947,0.10010211747057601,2.9700029189619226
581,116.2775183455637,0.5,0.2,0.3333333333333333,0.5,0.08642092748440187,0.6879879599432818,0.12481057629540192,0.1007805362769145,2.9700029189619226
582,116.47765176784523,0.5,0.2,0.3333333333333333,0.5,0.086848906872808,0.6861279201330405,0.12558055128673656,0.10144262170741501,2.9700029189619226
583,116.67778519012674,0.5,0.2,0.3333333333333333,0.5,0.08728983504719415,0.684269274223489,0.12635303589412458,0.10208785483519225,2.9700029189619226
584,116.87791861240827,0.5,0.2,0.3333333333333333,0.5,0.08774349097023225,0.6824130862335697,0.1271276899951128,0.10271573280108531,2.9700029189619226
585,117.07805203468979,0.5,0.2,0.3333333333333333,0.5,0.08820965103141043,0.6805604088207973,0.12790417073377233,0.10332576941402005,2.9700029189619226
586,117.27818545697131,0.5,0.2,0.3333333333333333,0.5,0.0886880888176434,0.6787122822526909,0.12868213268811507,0.10391749624155075,2.9700029189619226
587,117.47831887925283,0.5,0.2,0.3333333333333333,0.5,0.08917857508912086,0.6768697345664254,0.12946122799604803,0.1044904623484058,2.9700029189619226
588,117.67845230153435,0.5,0.2,0.3333333333333333,0.5,0.08968087786667923,0.675033782368629,0.13024110646221235,0.10504423330247963,2.9700029189619226
589,117.87858572381587,0.5,0.2,0.3333333333333333,0.5,0.0901947616074697,0.6732054262911839,0.13102141588969046,0.10557839621165613,2.9700029189619226
590,118.0787191460974,0.5,0.2,0.3333333333333333,0.5,0.09071998725159428,0.6713856515286387,0.13180180221151142,0.10609255900825584,2.9700029189619226
591,118.27885256837891,0.5,0.2,0.3333333333333333,0.5,0.09125631204411672,0.6695754270498676,0.1325819096831929,0.10658635122282302,2.9700029189619226
592,118.47898599066043,0.5,0.2,0.3333333333333333,0.5,0.0918034893524693,0.6677757047667978,0.1333613810840387,0.10705942479669446,2.9700029189619226
593,118.67911941294196,0.5,0.2,0.3333333333333333,0.5,0.09236126893989269,0.6659874210140697,0.13413985783298008,0.10751145221305784,2.9700029189619226
594,118.87925283522348,0.5,0.2,0.3333333333333333,0.5,0.09292939656338295,0.6642114945813766,0.1349169802492872,0.10794212860595348,2.9700029189619226
595,119.07938625750499,0.5,0.2,0.3333333333333333,0.5,0.09350761357403076,0.6624488247481927,0.13569238782016502,0.10835117385761181,2.9700029189619226
596,119.27951967978652,0.5,0.2,0.3333333333333333,0.5,0.09409565695280062,0.6607002915246342,0.13646571938708532,0.10873833213548018,2.9700029189619226
597,119.47965310206804,0.5,0.2,0.3333333333333333,0.5,0.09469325917734604,0.6589667550226925,0.13723661337388274,0.10910337242607897,2.9700029189619226
598,119.67978652434957,0.5,0.2,0.3333333333333333,0.5,0.09530014816796241,0.6572490551305422,0.1380047080098892,0.10944608869160653,2.9700029189619226
599,119.87991994663108,0.5,0.2,0.3333333333333333,0.5,0.09591604767005095,0.6555480128703696,0.13876964149377352,0.10976629796580634,2.9700029189619226
600,120.0800533689126,0.5,0.2,0.3333333333333333,0.5,0.09654067655768517,0.6538644275860817,0.13953105232848037,0.11006384352775322,2.9700029189619226
601,120.28018679119413,0.5,0.2,0.3333333333333333,0.5,0.097173748864366,0.6521990769373504,0.1402885795526811,0.11033859464560297,2.9700029189619226
602,120.48032021347565,0.5,0.2,0.3333333333333333,0.5,0.09781497378089404,0.6505527167640256,0.1410418629842939,0.11059044647078696,2.9700029189619226
603,120.68045363575716,0.5,0.2,0.3333333333333333,0.5,0.09846405559642224,0.6489260807284577,0.14179054347971218,0.11081932019540831,2.9700029189619226
604,120.88058705803869,0.5,0.2,0.3333333333333333,0.5,0.09912069385938321,0.6473198804650256,0.14253426316597556,0.11102516250961597,2.9700029189619226
605,121.08072048032021,0.5,0.2,0.3333333333333333,0.5,0.0997845835602353,0.6457348057900809,0.14327266567664906,0.1112079449730352,2.9700029189619226
606,121.28085390260173,0.5,0.2,0.3333333333333333,0.5,0.10045541459860113,0.6441715233087532,0.14400539650596553,0.11136766558668065,2.9700029189619226
607,121.48098732488324,0.5,0.2,0.3333333333333333,0.5,0.10113287200711765,0.6426306767400075,0.14473210325251637,0.11150434800035892,2.9700029189619226
608,121.68112074716477,0.5,0.2,0.3333333333333333,0.5,0.10181663597512242,0.6411128868013461,0.14545243590113496,0.11161804132239689,2.9700029189619226
609,121.8812541694463,0.5,0.2,0.3333333333333333,0.5,0.10250638188377356,0.6396187511163052,0.14616604710906822,0.11170881989085361,2.9700029189619226
610,122.08138759172782,0.5,0.2,0.3333333333333333,0.5,0.10320178066237673,0.6381488442174781,0.1468725924027568,0.11177678271738896,2.9700029189619226
611,122.28152101400933,0.5,0.2,0.3333333333333333,0.5,0.10390249864173307,0.6367037174870812,0.1475717305370582,0.11182205333412813,2.9700029189619226
612,122.48165443629085,0.5,0.2,0.3333333333333333,0.5,0.1046081975167372,0.6352838991524153,0.14826312382984297,0.11184477950100506,2.9700029189619226
613,122.68178785857238,0.5,0.2,0.3333333333333333,0.5,0.10531853454413191,0.6338898943603641,0.14894643843349104,0.11184513266201351,2.9700029189619226
614,122.8819212808539,0.5,0.2,0.3333333333333333,0.5,0.1060331626517474,0.632522185268879,0.14962134464219004,0.11182330743718419,2.9700029189619226
615,123.08205470313541,0.5,0.2,0.3333333333333333,0.5,0.10675173059518402,0.6311812310449122,0.15028751716847477,0.11177952119142955,2.9700029189619226
616,123.28218812541694,0.5,0.2,0.3333333333333333,0.5,0.10747388327558194,0.6298674673414824,0.1509446352720406,0.11171401411089561,2.9700029189619226
617,123.48232154769846,0.5,0.2,0.3333333333333333,0.5,0.1081992616601057,0.6285813073534334,0.15159238331553906,0.11162704767092228,2.9700029189619226
618,123.68245496997999,0.5,0.2,0.3333333333333333,0.5,0.10892750300951698,0.6273231418033399,0.15223045102237429,0.11151890416476928,2.9700029189619226
619,123.8825883922615,0.5,0.2,0.3333333333333333,0.5,0.10965824108536516,0.6260933390888942,0.15285853377355121,0.1113898860521898,2.9700029189619226
620,124.08272181454302,0.5,0.2,0.3333333333333333,0.5,0.11039110635122258,0.6248922455375306,0.1534763329287274,0.11124031518251977,2.9700029189619226
621,124.28285523682455,0.5,0.2,0.3333333333333333,0.5,0.11112572618913044,0.6237201849521461,0.1540835559494418,0.11107053290928215,2.9700029189619226
622,124.48298865910607,0.5,0.2,0.3333333333333333,0.5,0.11186172512936852,0.6225774585192272,0.15467991661578348,0.11088089973562122,2.9700029189619226
623,124.68312208138758,0.5,0.2,0.3333333333333333,0.5,0.11259872509087385,0.6214643465971551,0.15526513574914064,0.1106717925628309,2.9700029189619226
624,124.8832555036691,0.5,0.2,0.3333333333333333,0.5,0.11333634563943373,0.620381108340925,0.15583894134163803,0.1104436046780038,2.9700029189619226
625,125.08338892595063,0.5,0.2,0.3333333333333333,0.5,0.1140742042585968,0.6193279820326826,0.15640106887237715,0.110196744836344,2.9700029189619226
626,125.28352234823215,0.5,0.2,0.3333333333333333,0.5,0.11481191663448233,0.6183051854485913,0.1569512616284638,0.10993163628846317,2.9700029189619226
627,125.48365577051366,0.5,0.2,0.3333333333333333,0.5,0.1155490968743923,0.617312915500534,0.1574892707672677,0.10964871685780649,2.9700029189619226
628,125.68378919279519,0.5,0.2,0.3333333333333333,0.5,0.11628535764682686,0.6163513470361897,0.15801485507950122,0.10934844023748277,2.9700029189619226
629,125.88392261507671,0.5,0.2,0.3333333333333333,0.5,0.11702031081448296,0.615420636166069,0.15852778231599485,0.10903127070345367,2.9700029189619226
630,126.08405603735824,0.5,0.2,0.3333333333333333,0.5,0.11775356764829635,0.6145209195520784,0.15902782910600047,0.10869768369362531,2.9700029189619226
631,126.28418945963975,0.5,0.2,0.3333333333333333,0.5,0.11848473915762138,0.6136523146835072,0.159514781210987,0.10834816494788492,2.9700029189619226
632,126.48432288192127,0.5,0.2,0.3333333333333333,0.5,0.11921343644403959,0.6128149202715445,0.1599884338124258,0.10798320947199061,2.9700029189619226
633,126.6844563042028,0.5,0.2,0.3333333333333333,0.5,0.11993927096045919,0.612008816303904,0.16044859163453484,0.10760332110110246,2.9700029189619226
634,126.88458972648432,0.5,0.2,0.3333333333333333,0.5,0.12066185432157528,0.6112340625815595,0.16089506836189157,0.10720901473497418,2.9700029189619226
635,127.08472314876583,0.5,0.2,0.3333333333333333,0.5,0.12138079945292794,0.6104907016861062,0.1613276880791999,0.10680081078176654,2.9700029189619226
636,127.28485657104736,0.5,0.2,0.3333333333333333,0.5,0.12209572078167356,0.6097787587329583,0.16174628522821463,0.10637923525715409,2.9700029189619226
637,127.48498999332888,0.5,0.2,0.3333333333333333,0.5,0.12280623455459994,0.609098241523388,0.1621507047383207,0.105944819183692,2.9700029189619226
638,127.6851234156104,0.5,0.2,0.3333333333333333,0.5,0.1235119592339856,0.6084491409309847,0.16254080225538287,0.10549809757964744,2.9700029189619226
639,127.88525683789192,0.5,0.2,0.3333333333333333,0.5,0.12421251583659666,0.6078314311746214,0.1629164442855044,0.10503960870327819,2.9700029189619226
640,128.08539026017345,0.5,0.2,0.3333333333333333,0.5,0.1249075274496987,0.6072450685676444,0.1632775073364796,0.10456989664617786,2.9700029189619226
641,128.28552368245496,0.5,0.2,0.3333333333333333,0.5,0.1255966205783533,0.6066899936292823,0.1636238792346766,0.1040895065576883,2.9700029189619226
642,128.48565710473648,0.5,0.2,0.3333333333333333,0.5,0.1262794255230847,0.6061661314023308,0.16395545926404792,0.1035989838105371,2.9700029189619226
643,128.685790527018,0.5,0.2,0.3333333333333333,0.5,0.12695557659600482,0.605673391464653,0.1642721580947265,0.10309887384461608,2.9700029189619226
644,128.88592394929952,0.5,0.2,0.3333333333333333,0.5,0.12762471252780008,0.6052116682831986,0.1645738979231102,0.10258972126589153,2.9700029189619226
645,129.08605737158106,0.5,0.2,0.3333333333333333,0.5,0.1282864768642588,0.604780841553172,0.16486061258556672,0.10207206899700286,2.9700029189619226
646,129.28619079386257,0.5,0.2,0.3333333333333333,0.5,0.12894051745366503,0.6043807755418358,0.1651322467307327,0.10154646027376689,2.9700029189619226
647,129.48632421614408,0.5,0.2,0.3333333333333333,0.5,0.1295864874954732,0.6040113201323504,0.16538875656577684,0.1010134358064,2.9700029189619226
648,129.68645763842562,0.5,0.2,0.3333333333333333,0.5,0.1302240463097326,0.6036723115594979,0.16563011030260305,0.10047353182816685,2.9700029189619226
649,129.88659106070713,0.5,0.2,0.3333333333333333,0.5,0.13085285939713842,0.6033635723679894,0.16585628786604162,0.09992728036883095,2.9700029189619226
650,130.08672448298864,0.5,0.2,0.3333333333333333,0.5,0.1314725988296444,0.6030849117280035,0.16606728092288858,0.09937520851946399,2.9700029189619226
651,130.28685790527018,0.5,0.2,0.3333333333333333,0.5,0.13208294364430131,0.6028361257508097,0.16626309289850105,0.09881783770638847,2.9700029189619226
652,130.4869913275517,0.5,0.2,0.3333333333333333,0.5,0.13268357938761174,0.6026169974370982,0.16644373847407284,0.09825568470121776,2.9700029189619226
653,130.68712474983323,0.5,0.2,0.3333333333333333,0.5,0.13327419854680253,0.6024272970061201,0.16660924359675863,0.09768926085031929,2.9700029189619226
654,130.88725817211474,0.5,0.2,0.3333333333333333,0.5,0.13385450195502763,0.6022667826431277,0.1667596460543703,0.09711906934747491,2.9700029189619226
655,131.08739159439625,0.5,0.2,0.3333333333333333,0.5,0.13442419857045224,0.6021352005449175,0.16689499506909786,0.096545605815533,2.9700029189619226
656,131.2875250166778,0.5,0.2,0.3333333333333333,0.5,0.13498300581513256,0.6020322852052483,0.16701535120962824,0.0959693577699915,2.9700029189619226
657,131.4876584389593,0.5,0.2,0.3333333333333333,0.5,0.13553064991238403,0.6019577596983032,0.16712078628800425,0.09539080410130915,2.9700029189619226
658,131.6877918612408,0.5,0.2,0.3333333333333333,0.5,0.1360668657127489,0.6019113359032806,0.16721138307545796,0.09481041530851315,2.9700029189619226
659,131.88792528352235,0.5,0.2,0.3333333333333333,0.5,0.13659139644739704,0.6018927147190852,0.16728723497987352,0.09422865385364483,2.9700029189619226
660,132.08805870580386,0.5,0.2,0.3333333333333333,0.5,0.1371039954132657,0.6019015864927816,0.16734844633643184,0.0936459717575215,2.9700029189619226
661,132.2881921280854,0.5,0.2,0.3333333333333333,0.5,0.13760442566074713,0.6019376312233466,0.1673951320341495,0.09306281108175742,2.9700029189619226
662,132.4883255503669,0.5,0.2,0.3333333333333333,0.5,0.1380924602363775,0.602000518825553,0.1674274173080547,0.09247960363001545,2.9700029189619226
663,132.68845897264842,0.5,0.2,0.3333333333333333,0.5,0.13856788244139026,0.6020899093938205,0.16744543752173896,0.09189677064305098,2.9700029189619226
664,132.88859239492996,0.5,0.2,0.3333333333333333,0.5,0.13903048581566127,0.6022054535037682,0.1674493379651738,0.0913147227153974,2.9700029189619226
665,133.08872581721147,0.5,0.2,0.3333333333333333,0.5,0.13948007351641278,0.6023467926009164,0.167439273707172,0.09073386017549949,2.9700029189619226
666,133.28885923949298,0.5,0.2,0.3333333333333333,0.5,0.13991645989811835,0.6025135590568241,0.16741540916823608,0.09015457187682215,2.9700029189619226
667,133.48899266177452,0.5,0.2,0.3333333333333333,0.5,0.14033947026246474,0.6027053764955337,0.16737791789391804,0.08957723534808423,2.9700029189619226
668,133.68912608405603,0.5,0.2,0.3333333333333333,0.5,0.14074894095641177,0.6029218600645895,0.1673269822692771,0.08900221670972235,2.9700029189619226
669,133.88925950633757,0.5,0.2,0.3333333333333333,0.5,0.14114471953278415,0.6031626166933379,0.16726279320844842,0.08842987056543032,2.9700029189619226
670,134.08939292861908,0.5,0.2,0.3333333333333333,0.5,0.1415266647967396,0.6034272453865466,0.16718554990610401,0.08786053991061066,2.9700029189619226
671,134.2895263509006,0.5,0.2,0.3333333333333333,0.5,0.14189464614008648,0.6037153377669411,0.16709546009959922,0.08729455599337407,2.9700029189619226
672,134.48965977318213,0.5,0.2,0.3333333333333333,0.5,0.14224854463245576,0.6040264779848042,0.16699273898892986,0.08673223839381092,2.9700029189619226
673,134.68979319546364,0.5,0.2,0.3333333333333333,0.5,0.14258825294229216,0.6043602430400868,0.16687760901110438,0.08617389500651745,2.9700029189619226
674,134.88992661774515,0.5,0.2,0.3333333333333333,0.5,0.1429136752810859,0.6047162030907756,0.16675029957332388,0.08561982205481554,2.9700029189619226
675,135.09006004002669,0.5,0.2,0.3333333333333333,0.5,0.14322472745578935,0.6050939217171792,0.1666110466812228,0.08507030414580945,2.9700029189619226
676,135.2901934623082,0.5,0.2,0.3333333333333333,0.5,0.1435213368870623,0.6054929561969489,0.166460092596456,0.08452561431953352,2.9700029189619226
677,135.49032688458973,0.5,0.2,0.3333333333333333,0.5,0.14380344217389224,0.6059128580198583,0.16629768638600237,0.08398601342024781,2.9700029189619226
678,135.69046030687124,0.5,0.2,0.3333333333333333,0.5,0.14407099351287564,0.6063531729280071,0.16612408267342943,0.08345175088568861,2.9700029189619226
679,135.89059372915276,0.5,0.2,0.3333333333333333,0.5,0.14432395274098886,0.6068134411536797,0.1659395411233323,0.08292306498199976,2.9700029189619226
680,136.0907271514343,0.5,0.2,0.3333333333333333,0.5,0.1445622931780585,0.6072931977586464,0.16574432629666933,0.08240018276662636,2.9700029189619226
681,136.2908605737158,0.5,0.2,0.3333333333333333,0.5,0.14478599957281496,0.6077919729089821,0.16553870725222813,0.08188332026597545,2.9700029189619226
682,136.49099399599731,0.5,0.2,0.3333333333333333,0.5,0.14499506803337447,0.6083092921507532,0.16532295714222664,0.0813726826736463,2.9700029189619226
683,136.69112741827885,0.5,0.2,0.3333333333333333,0.5,0.14518950583531648,0.6088446767951783,0.16509735355032973,0.08086846381917621,2.9700029189619226
684,136.89126084056036,0.5,0.2,0.3333333333333333,0.5,0.14536933134141292,0.6093976441753165,0.16486217793269028,0.08037084655058102,2.9700029189619226
685,137.0913942628419,0.5,0.2,0.3333333333333333,0.5,0.1455345739508376,0.6099677078578253,0.16461771473756587,0.07988000345377201,2.9700029189619226
686,137.2915276851234,0.5,0.2,0.3333333333333333,0.5,0.14568527391264574,0.6105543779777356,0.16436425136068872,0.07939609674893064,2.9700029189619226
687,137.49166110740492,0.5,0.2,0.3333333333333333,0.5,0.14582148219245414,0.6111571615200901,0.16410207777706046,0.07891927851039596,2.9700029189619226
688,137.69179452968646,0.5,0.2,0.3333333333333333,0.5,0.14594326060113982,0.6117755624831985,0.1638314859023663,0.07844969101329607,2.9700029189619226
689,137.89192795196797,0.5,0.2,0.3333333333333333,0.5,0.14605068134970223,0.6124090822839714,0.16355276949483313,0.07798746687149394,2.9700029189619226
690,138.09206137424948,0.5,0.2,0.3333333333333333,0.5,0.1461438268785244,0.6130572200395356,0.16326622377469652,0.07753272930724425,2.9700029189619226
691,138.29219479653102,0.5,0.2,0.3333333333333333,0.5,0.14622278971262745,0.6137194728322516,0.16297214500224452,0.07708559245287722,2.9700029189619226
692,138.49232821881253,0.5,0.2,0.3333333333333333,0.5,0.1462876722307745,0.6143953360129213,0.1626708303410972,0.07664616141520786,2.9700029189619226
693,138.69246164109407,0.5,0.2,0.3333333333333333,0.5,0.14633858637559033,0.615084303534903,0.16236257813069813,0.07621453195880948,2.9700029189619226
694,138.89259506337558,0.5,0.2,0.3333333333333333,0.5,0.146375653517115,0.6157858681771253,0.16204768665256616,0.07579079165319444,2.9700029189619226
695,139.0927284856571,0.5,0.2,0.3333333333333333,0.5,0.1463990041673728,0.6164995218581771,0.16172645411731995,0.07537501985713098,2.9700029189619226
696,139.29286190793863,0.5,0.2,0.3333333333333333,0.5,0.14640877770943314,0.617224755932187,0.16139917839848023,0.07496728795990067,2.9700029189619226
697,139.49299533022014,0.5,0.2,0.3333333333333333,0.5,0.14640512233429698,0.6179610614140283,0.1610661567661434,0.07456765948553236,2.9700029189619226
698,139.69312875250165,0.5,0.2,0.3333333333333333,0.5,0.14638819478337145,0.61870792926259,0.16072768560310643,0.07417619035093313,2.9700029189619226
699,139.8932621747832,0.5,0.2,0.3333333333333333,0.5,0.1463581598269009,0.6194648507441762,0.16038406009477163,0.0737929293341522,2.9700029189619226
700,140.0933955970647,0.5,0.2,0.3333333333333333,0.5,0.1463151900924934,0.6202313176814002,0.16003557396931065,0.07341791825679674,2.9700029189619226
701,140.29352901934624,0.5,0.2,0.3333333333333333,0.5,0.14625946578404755,0.6210068227305601,0.15968251923842453,0.07305119224696889,2.9700029189619226
702,140.49366244162775,0.5,0.2,0.3333333333333333,0.5,0.14619117469173637,0.6217908595170349,0.15932518611063287,0.07269277968059688,2.9700029189619226
703,140.69379586390926,0.5,0.2,0.3333333333333333,0.5,0.14611051165087974,0.6225829230244431,0.15896386261062234,0.0723427027140559,2.9700029189619226
704,140.8939292861908,0.5,0.2,0.3333333333333333,0.5,0.14601767820614098,0.6233825098821072,0.15859883432363672,0.07200097758811613,2.9700029189619226
705,141.0940627084723,0.5,0.2,0.3333333333333333,0.5,0.14591288236910666,0.6241891186034283,0.1582303842029061,0.07166761482456001,2.9700029189619226
706,141.29419613075382,0.5,0.2,0.3333333333333333,0.5,0.14579633832313924,0.6250022498515235,0.15785879240321432,0.07134261942212392,2.9700029189619226
707,141.49432955303536,0.5,0.2,0.3333333333333333,0.5,0.14566826617103035,0.6258214067024664,0.15748433628064568,0.07102599084585855,2.9700029189619226
708,141.69446297531687,0.5,0.2,0.3333333333333333,0.5,0.14552889153121,0.6266460949088553,0.15710728994429687,0.07071772361563894,2.9700029189619226
709,141.8945963975984,0.5,0.2,0.3333333333333333,0.5,0.1453784452330351,0.627475823160196,0.1567279241521261,0.07041780745464377,2.9700029189619226
710,142.09472981987992,0.5,0.2,0.3333333333333333,0.5,0.1452171629882501,0.6283101033418219,0.1563465061622971,0.07012622750763191,2.9700029189619226
711,142.29486324216143,0.5,0.2,0.3333333333333333,0.5,0.1450452852865938,0.6291484507031262,0.15596329952628774,0.06984296448399317,2.9700029189619226
712,142.49499666444297,0.5,0.2,0.3333333333333333,0.5,0.14486305714857858,0.6299903839749954,0.15557856411266202,0.0695679947637649,2.9700029189619226
713,142.69513008672448,0.5,0.2,0.3333333333333333,0.5,0.14467072752783075,0.6308354259119107,0.15519255565542892,0.06930129090483066,2.9700029189619226
714,142.89526350900599,0.5,0.2,0.3333333333333333,0.5,0.1444685490710953,0.6316831033270193,0.15480552592715485,0.06904282167473152,2.9700029189619226
715,143.09539693128752,0.5,0.2,0.3333333333333333,0.5,0.14425677784544108,0.6325329473675019,0.1544177224908323,0.06879255229622572,2.9700029189619226
716,143.29553035356903,0.5,0.2,0.3333333333333333,0.5,0.14403567324928093,0.633384493645651,0.1540293886542592,0.06855044445080995,2.9700029189619226
717,143.49566377585057,0.5,0.2,0.3333333333333333,0.5,0.143805497502782,0.6342372825288518,0.153640763330031,0.06831645663833624,2.9700029189619226
718,143.69579719813208,0.5,0.2,0.3333333333333333,0.5,0.14356651526989117,0.6350908593798399,0.15325208092506826,0.06809054442520171,2.9700029189619226
719,143.8959306204136,0.5,0.2,0.3333333333333333,0.5,0.1433189934098081,0.6359447747480554,0.15286357125919262,0.06787266058294489,2.9700029189619226
720,144.09606404269513,0.5,0.2,0.3333333333333333,0.5,0.14306320066100808,0.6367985845864791,0.15247545946856672,0.06766275528394718,2.9700029189619226
721,144.29619746497664,0.5,0.2,0.3333333333333333,0.5,0.14279940774130329,0.6376518501928236,0.15208796614575784,0.06746077592011639,2.9700029189619226
722,144.49633088725815,0.5,0.2,0.3333333333333333,0.5,0.14252788700998148,0.6385041384408696,0.1517013072307309,0.06726666731841917,2.9700029189619226
723,144.6964643095397,0.5,0.2,0.3333333333333333,0.5,0.1422489116590086,0.6393550223238168,0.1513156936339949,0.06708037238318092,2.9700029189619226
724,144.8965977318212,0.5,0.2,0.3333333333333333,0.5,0.14196275567959502,0.6402040809839216,0.15093133130074093,0.06690183203574367,2.9700029189619226
725,145.09673115410274,0.5,0.2,0.3333333333333333,0.5,0.14166969356489498,0.6410508999169603,0.150548421124904,0.066730985393242,2.9700029189619226
726,145.29686457638425,0.5,0.2,0.3333333333333333,0.5,0.14137000029620891,0.641895070841614,0.1501671592553308,0.06656776960684754,2.9700029189619226
727,145.49699799866576,0.5,0.2,0.3333333333333333,0.5,0.14106395150015497,0.6427361913667861,0.14978773763840914,0.06641211949465116,2.9700029189619226
728,145.6971314209473,0.5,0.2,0.3333333333333333,0.5,0.14075182223475746,0.6435738662794107,0.14941034266440006,0.06626396882143301,2.9700029189619226
729,145.8972648432288,0.5,0.2,0.3333333333333333,0.5,0.1404338870686707,0.644407707303897,0.1490351556022606,0.06612325002517301,2.9700029189619226
730,146.09739826551032,0.5,0.2,0.3333333333333333,0.5,0.1401104198284231,0.6452373332539408,0.14866235257531685,0.06598989434232053,2.9700029189619226
731,146.29753168779186,0.5,0.2,0.3333333333333333,0.5,0.13978169348432487,0.6460623700220698,0.14829210471120252,0.06586383178240422,2.9700029189619226
732,146.49766511007337,0.5,0.2,0.3333333333333333,0.5,0.1394479807350093,0.6468824497505203,0.14792457918174923,0.06574499033272264,2.9700029189619226
733,146.6977985323549,0.5,0.2,0.3333333333333333,0.5,0.13910955259066463,0.6476972123472721,0.1475599376935166,0.06563329736854825,2.9700029189619226
734,146.89793195463642,0.5,0.2,0.3333333333333333,0.5,0.13876667838643306,0.648506305326196,0.14719833680013494,0.06552867948723749,2.9700029189619226
735,147.09806537691793,0.5,0.2,0.3333333333333333,0.5,0.13841962563640534,0.6493093838339955,0.14683992801159157,0.06543106251800915,2.9700029189619226
736,147.29819879919947,0.5,0.2,0.3333333333333333,0.5,0.1380686598462059,0.6501061107358705,0.1464848578244231,0.06534037159350213,2.9700029189619226
737,147.49833222148098,0.5,0.2,0.3333333333333333,0.5,0.13771404537686568,0.6508961556517053,0.14613326861992462,0.065256530351506,2.9700029189619226
738,147.6984656437625,0.5,0.2,0.3333333333333333,0.5,0.13735604417591826,0.6516791961213608,0.1457852978013886,0.06517946190133396,2.9700029189619226
739,147.89859906604403,0.5,0.2,0.3333333333333333,0.5,0.13699491544265344,0.6524549178374166,0.1454410777026501,0.06510908901728144,2.9700029189619226
740,148.09873248832554,0.5,0.2,0.3333333333333333,0.5,0.13663091567902555,0.6532230144929236,0.1451007358150553,0.0650453340129971,2.9700029189619226
741,148.29886591060708,0.5,0.2,0.3333333333333333,0.5,0.13626429848104346,0.6539831878884672,0.14476439479957506,0.06498811883091596,2.9700029189619226
742,148.4989993328886,0.5,0.2,0.3333333333333333,0.5,0.13589531526616858,0.6547351471900477,0.14443217306581724,0.06493736447796813,2.9700029189619226
743,148.6991327551701,0.5,0.2,0.3333333333333333,0.5,0.1355242147471194,0.6554786093242699,0.14410418459179294,0.06489299133681938,2.9700029189619226
744,148.89926617745164,0.5,0.2,0.3333333333333333,0.5,0.13515124195953862,0.6562132997782836,0.14378053847347722,0.06485491978870227,2.9700029189619226
745,149.09939959973315,0.5,0.2,0.3333333333333333,0.5,0.1347766385530319,0.6569389522535458,0.143461339239538,0.06482306995388598,2.9700029189619226
746,149.29953302201466,0.5,0.2,0.3333333333333333,0.5,0.1344006426170014,0.6576553087416364,0.14314668688431048,0.06479736175705343,2.9700029189619226
747,149.4996664442962,0.5,0.2,0.3333333333333333,0.5,0.13402348915681966,0.6583621190577004,0.14283667716781456,0.06477771461766714,2.9700029189619226
748,149.6997998665777,0.5,0.2,0.3333333333333333,0.5,0.13364541049489942,0.6590591404365265,0.14253140188493282,0.06476404718364301,2.9700029189619226
749,149.89993328885924,0.5,0.2,0.3333333333333333,0.5,0.13326663440846304,0.659746139016175,0.1422309482052328,0.0647562783701309,2.9700029189619226
750,150.10006671114076,0.5,0.2,0.3333333333333333,0.5,0.13288738472706701,0.6604228892702164,0.1419353990228131,0.06475432697990521,2.9700029189619226
751,150.30020013342227,0.5,0.2,0.3333333333333333,0.5,0.13250788121210366,0.661089174038788,0.14164483301131534,0.06475811173779478,2.9700029189619226
752,150.5003335557038,0.5,0.2,0.3333333333333333,0.5,0.13212833941365842,0.6617447845785348,0.1413593246696377,0.06476755133817083,2.9700029189619226
753,150.70046697798531,0.5,0.2,0.3333333333333333,0.5,0.13174897169368024,0.6623895196721998,0.1410789447166076,0.0647825639175142,2.9700029189619226
754,150.90060040026682,0.5,0.2,0.3333333333333333,0.5,0.131369987405922,0.663023185418076,0.14080376023336091,0.06480306694264289,2.9700029189619226
755,151.10073382254836,0.5,0.2,0.3333333333333333,0.5,0.13099159065910437,0.663645596968009,0.14053383408262635,0.06482897829026218,2.9700029189619226
756,151.30086724482987,0.5,0.2,0.3333333333333333,0.5,0.1306139812521756,0.6642565777078647,0.14026922527709507,0.06486021576286655,2.9700029189619226
757,151.5010006671114,0.5,0.2,0.3333333333333333,0.5,0.13023735458367644,0.664855959265137,0.14000998904084447,0.06489669711034408,2.9700029189619226
758,151.70113408939292,0.5,0.2,0.3333333333333333,0.5,0.12986190155330815,0.665443581522841,0.13975617686842512,0.06493834005542753,2.9700029189619226
759,151.90126751167443,0.5,0.2,0.3333333333333333,0.5,0.12948780965788195,0.6660192917518768,0.13950783674245731,0.06498506184778576,2.9700029189619226
760,152.10140093395597,0.5,0.2,0.3333333333333333,0.5,0.1291152626548193,0.666582944800632,0.13926501316112327,0.06503677938342727,2.9700029189619226
761,152.30153435623748,0.5,0.2,0.3333333333333333,0.5,0.12874443910322889,0.6671344041130092,0.13902774701669915,0.0650934097670645,2.9700029189619226
762,152.501667778519,0.5,0.2,0.3333333333333333,0.5,0.1283755130767202,0.6676735411435682,0.13879607576230432,0.0651548700174089,2.9700029189619226
763,152.70180120080053,0.5,0.2,0.3333333333333333,0.5,0.1280086541023967,0.6682002353437979,0.13857003347595523,0.06522107707785191,2.9700029189619226
764,152.90193462308204,0.5,0.2,0.3333333333333333,0.5,0.12764402710747738,0.6687143741428335,0.138349650924937,0.06529194782475381,2.9700029189619226
765,153.10206804536358,0.5,0.2,0.3333333333333333,0.5,0.1272817936018531,0.6692158520282815,0.13813495568170064,0.06536739868816645,2.9700029189619226
766,153.3022014676451,0.5,0.2,0.3333333333333333,0.5,0.1269221109472419,0.6697045710202053,0.13792597215999153,0.06544734587256287,2.9700029189619226
767,153.5023348899266,0.5,0.2,0.3333333333333333,0.5,0.12656513146294998,0.6701804412640817,0.1377227216441655,0.06553170562880443,2.9700029189619226
768,153.70246831220814,0.5,0.2,0.3333333333333333,0.5,0.1262110029827932,0.6706433805671538,0.13752522237900372,0.0656203940710509,2.9700029189619226
769,153.90260173448965,0.5,0.2,0.3333333333333333,0.5,0.12585986882748587,0.6710933143603878,0.1373334896351587,0.06571332717696922,2.9700029189619226
770,154.1027351567712,0.5,0.2,0.3333333333333333,0.5,0.12551186780085075,0.6715301756435456,0.13714753577284142,0.06581042078276393,2.9700029189619226
771,154.3028685790527,0.5,0.2,0.3333333333333333,0.5,0.12516713527611562,0.6719539041576043,0.13696737022503852,0.06591159034124332,2.9700029189619226
772,154.5030020013342,0.5,0.2,0.3333333333333333,0.5,0.12482580230236559,0.6723644469604881,0.13679299962688166,0.06601675111026636,2.9700029189619226
773,154.70313542361575,0.5,0.2,0.3333333333333333,0.5,0.12448799518346652,0.6727617586679128,0.13662442791013882,0.06612581823848358,2.9700029189619226
774,154.90326884589726,0.5,0.2,0.3333333333333333,0.5,0.12415383587103715,0.673145801117233,0.13646165633761284,0.06623870667411873,2.9700029189619226
775,155.10340226817877,0.5,0.2,0.3333333333333333,0.5,0.12382344196389038,0.6735165433102245,0.13630468356659006,0.06635533115929688,2.9700029189619226
776,155.3035356904603,0.5,0.2,0.3333333333333333,0.5,0.12349692691225171,0.6738739612114651,0.1361535056727899,0.0664756062034951,2.9700029189619226
777,155.50366911274182,0.5,0.2,0.3333333333333333,0.5,0.12317440018986237,0.674218037569363,0.13600811618050906,0.06659944606026734,2.9700029189619226
778,155.70380253502336,0.5,0.2,0.3333333333333333,0.5,0.12285596777566157,0.6745487615188819,0.135868506033051,0.06672676467240744,2.9700029189619226
779,155.90393595730487,0.5,0.2,0.3333333333333333,0.5,0.12254173086517219,0.6748661294326064,0.13573466390462752,0.06685747579759575,2.9700029189619226
780,156.10406937958638,0.5,0.2,0.3333333333333333,0.5,0.12223178656146111,0.6751701443758942,0.13560657613042057,0.06699149293222609,2.9700029189619226
781,156.30420280186792,0.5,0.2,0.3333333333333333,0.5,0.12192622788461274,0.6754608160425823,0.1354842267680961,0.06712872930471078,2.9700029189619226
782,156.50433622414943,0.5,0.2,0.3333333333333333,0.5,0.12162514383609815,0.6757381606501136,0.1353675976413256,0.0672690978724645,2.9700029189619226
783,156.70446964643094,0.5,0.2,0.3333333333333333,0.5,0.12132862005806323,0.6760022003935633,0.1352566681831753,0.06741251136520006,2.9700029189619226
784,156.90460306871248,0.5,0.2,0.3333333333333333,0.5,0.12103673813789323,0.6762529639045499,0.1351514157369417,0.0675588822206171,2.9700029189619226
785,157.104736490994,0.5,0.2,0.3333333333333333,0.5,0.12074957569313918,0.676490486131511,0.13505181559430887,0.06770812258104289,2.9700029189619226
786,157.30486991327552,0.5,0.2,0.3333333333333333,0.5,0.120467206560801,0.6767148081427135,0.13495784099883074,0.06786014429765677,2.9700029189619226
787,157.50500333555703,0.5,0.2,0.3333333333333333,0.5,0.12018970085694218,0.6769259770255663,0.1348694631936714,0.06801485892382197,2.9700029189619226
788,157.70513675783855,0.5,0.2,0.3333333333333333,0.5,0.11991712504164716,0.677124045782104,0.13478665146806657,0.06817217770818426,2.9700029189619226
789,157.90527018012008,0.5,0.2,0.3333333333333333,0.5,0.11964954195539865,0.6773090732341392,0.13470937318561116,0.06833201162485295,2.9700029189619226
790,158.1054036024016,0.5,0.2,0.3333333333333333,0.5,0.11938701072298659,0.6774811239794372,0.13463759374263634,0.06849427155494192,2.9700029189619226
791,158.3055370246831,0.5,0.2,0.3333333333333333,0.5,0.11912958708047001,0.6776402681778058,0.13457127673333205,0.0686588680083941,2.9700029189619226
792,158.50567044696464,0.5,0.2,0.3333333333333333,0.5,0.11887732339110907,0.6777865814592756,0.13451038395603268,0.06882571119358456,2.9700029189619226
793,158.70580386924615,0.5,0.2,0.3333333333333333,0.5,0.11863026870783933,0.6779201448120504,0.1344548754387413,0.06899471104137093,2.9700029189619226
794,158.9059372915277,0.5,0.2,0.3333333333333333,0.5,0.11838846886200956,0.6780410444583013,0.13440470947379332,0.06916577720589784,2.9700029189619226
795,159.1060707138092,0.5,0.2,0.3333333333333333,0.5,0.11815196655696687,0.6781493717263275,0.13435984265099424,0.06933881906571335,2.9700029189619226
796,159.3062041360907,0.5,0.2,0.3333333333333333,0.5,0.11792080105676132,0.6782452231857351,0.13432022996309143,0.06951374579441398,2.9700029189619226
797,159.50633755837225,0.5,0.2,0.3333333333333333,0.5,0.11769500744257995,0.678328701063459,0.1342858249885179,0.06969046650544497,2.9700029189619226
798,159.70647098065376,0.5,0.2,0.3333333333333333,0.5,0.11747461835376868,0.6783999120423339,0.13425657962559293,0.06986888997830634,2.9700029189619226
799,159.90660440293527,0.5,0.2,0.3333333333333333,0.5,0.11725966343281188,0.6784589675534535,0.13423244423997202,0.07004892477376445,2.9700029189619226
800,160.1067378252168,0.5,0.2,0.3333333333333333,0.5,0.11705016933339266,0.6785059837015973,0.1342133677099395,0.07023047925507236,2.9700029189619226
801,160.30687124749832,0.5,0.2,0.3333333333333333,0.5,0.11684615978772935,0.6785410811516017,0.13419929746036285,0.07041346160030786,2.9700029189619226
802,160.50700466977986,0.5,0.2,0.3333333333333333,0.5,0.11664765567547618,0.6785643850132346,0.13419017949571246,0.07059777981557859,2.9700029189619226
803,160.70713809206137,0.5,0.2,0.3333333333333333,0.5,0.1164546748546882,0.6785760248493679,0.13418595846689996,0.07078334182904568,2.9700029189619226
804,160.90727151434288,0.5,0.2,0.3333333333333333,0.5,0.11626723211111485,0.6785761346218129,0.13418657772023868,0.07097005554683537,2.9700029189619226
805,161.10740493662442,0.5,0.2,0.3333333333333333,0.5,0.11608533972379448,0.6785648523153376,0.13419197925626788,0.07115782870460183,2.9700029189619226
806,161.30753835890593,0.5,0.2,0.3333333333333333,0.5,0.11590900728389701,0.678542319950112,0.1342021037962275,0.07134656896976516,2.9700029189619226
807,161.50767178118744,0.5,0.2,0.3333333333333333,0.5,0.11573824174877777,0.6785086834709103,0.13421689081369473,0.07153618396661891,2.9700029189619226
808,161.70780520346898,0.5,0.2,0.3333333333333333,0.5,0.11557304749996208,0.6784640926335822,0.134236278564943,0.07172658130151445,2.9700029189619226
809,161.9079386257505,0.5,0.2,0.3333333333333333,0.5,0.11541342640116806,0.6784087008908036,0.13426020411864123,0.0719176685893887,2.9700029189619226
810,162.10807204803203,0.5,0.2,0.3333333333333333,0.5,0.11525937771345977,0.6783426653427406,0.13428860342858082,0.07210935351522044,2.9700029189619226
811,162.30820547031354,0.5,0.2,0.3333333333333333,0.5,0.11511089821218637,0.6782661465943293,0.13432141134406914,0.0723015438494168,2.9700029189619226
812,162.50833889259505,0.5,0.2,0.3333333333333333,0.5,0.11496798236282005,0.6781793085848012,0.13435856160166962,0.07249414745071069,2.9700029189619226
813,162.7084723148766,0.5,0.2,0.3333333333333333,0.5,0.11483062229605052,0.678082318508702,0.13439998687766175,0.07268707231758717,2.9700029189619226
814,162.9086057371581,0.5,0.2,0.3333333333333333,0.5,0.11469880786011481,0.677975346700733,0.13444561881624248,0.07288022662291119,2.9700029189619226
815,163.1087391594396,0.5,0.2,0.3333333333333333,0.5,0.11457252667301233,0.6778585665199396,0.13449538805711478,0.07307351874993477,2.9700029189619226
816,163.30887258172115,0.5,0.2,0.3333333333333333,0.5,0.11445176416753887,0.6777321542373601,0.13454922426685986,0.07326685732824273,2.9700029189619226
817,163.50900600400266,0.5,0.2,0.3333333333333333,0.5,0.11433650343360433,0.6775962890408941,0.13460705629572187,0.07346015122978128,2.9700029189619226
818,163.7091394262842,0.5,0.2,0.3333333333333333,0.5,0.11422672545363918,0.6774511528107561,0.13466881208919354,0.07365330964641281,2.9700029189619226
819,163.9092728485657,0.5,0.2,0.3333333333333333,0.5,0.11412240919356656,0.6772969299782406,0.13473441868876165,0.07384624213943276,2.9700029189619226
820,164.10940627084722,0.5,0.2,0.3333333333333333,0.5,0.1140235315814131,0.677133807449141,0.13480380230186081,0.07403885866758682,2.9700029189619226
821,164.30953969312876,0.5,0.2,0.3333333333333333,0.5,0.11393006754926077,0.6769619744895962,0.13487688833174366,0.07423106962940118,2.9700029189619226
822,164.50967311541027,0.5,0.2,0.3333333333333333,0.5,0.11384199007449955,0.6767816226116276,0.13495360140710175,0.07442278590677293,2.9700029189619226
823,164.70980653769178,0.5,0.2,0.3333333333333333,0.5,0.11375927027982795,0.6765929454915015,0.13503386543538598,0.07461391879328634,2.9700029189619226
824,164.90993995997331,0.5,0.2,0.3333333333333333,0.5,0.11368187727767377,0.6763961386747417,0.13511760352344102,0.07480438052414531,2.9700029189619226
825,165.11007338225482,0.5,0.2,0.3333333333333333,0.5,0.1136097785909493,0.676191399772075,0.1352047382014687,0.07499408343550878,2.9700029189619226
826,165.31020680453636,0.5,0.2,0.3333333333333333,0.5,0.11354293983080134,0.6759789280994939,0.13529519128824494,0.07518294078146164,2.9700029189619226
827,165.51034022681787,0.5,0.2,0.3333333333333333,0.5,0.11348132487206926,0.6757589246398601,0.13538888397533197,0.07537086651274039,2.9700029189619226
828,165.71047364909938,0.5,0.2,0.3333333333333333,0.5,0.11342489589058716,0.6755315919243714,0.13548573685432483,0.07555777533071835,2.9700029189619226
829,165.91060707138092,0.5,0.2,0.3333333333333333,0.5,0.11337361340048605,0.6752971339140273,0.13558566994409774,0.07574358274139062,2.9700029189619226
830,166.11074049366243,0.5,0.2,0.3333333333333333,0.5,0.11332743628214209,0.6750557559045448,0.13568860273702263,0.07592820507629208,2.9700029189619226
831,166.31087391594394,0.5,0.2,0.3333333333333333,0.5,0.11328632178421459,0.6748076644962235,0.13579445429773995,0.07611155942182357,2.9700029189619226
832,166.51100733822548,0.5,0.2,0.3333333333333333,0.5,0.11325022562141085,0.6745530673238458,0.13590314316777208,0.0762935638869728,2.9700029189619226
833,166.711140760507,0.5,0.2,0.3333333333333333,0.5,0.11321910199275519,0.6742921729858558,0.13601458743137368,0.07647413759001688,2.9700029189619226
834,166.91127418278853,0.5,0.2,0.3333333333333333,0.5,0.11319290361416046,0.6740251909376835,0.13612870475237301,0.07665320069578446,2.9700029189619226
835,167.11140760507004,0.5,0.2,0.3333333333333333,0.5,0.11317158175511782,0.6737523313747477,0.13624541240266058,0.07683067446747537,2.9700029189619226
836,167.31154102735155,0.5,0.2,0.3333333333333333,0.5,0.11315508627538641,0.6734738051154566,0.13636462729067783,0.07700648131848059,2.9700029189619226
837,167.5116744496331,0.5,0.2,0.3333333333333333,0.5,0.11314336562515187,0.6731898235527765,0.1364862660338464,0.07718054478822688,2.9700029189619226
838,167.7118078719146,0.5,0.2,0.3333333333333333,0.5,0.11313636680113168,0.6729005986884821,0.13661024508398556,0.07735278942640234,2.9700029189619226
839,167.9119412941961,0.5,0.2,0.3333333333333333,0.5,0.11313403555028802,0.6726063427026718,0.13673648055490156,0.07752314119214024,2.9700029189619226
840,168.11207471647765,0.5,0.2,0.3333333333333333,0.5,0.1131363163428323,0.6723072679563006,0.13686488832747837,0.07769152737339043,2.9700029189619226
841,168.31220813875916,0.5,0.2,0.3333333333333333,0.5,0.11314315240040537,0.672003586890153,0.13699538408840156,0.07785787662104164,2.9700029189619226
842,168.5123415610407,0.5,0.2,0.3333333333333333,0.5,0.11315448573105673,0.671695511911056,0.13712788336070467,0.07802211899718418,2.9700029189619226
843,168.7124749833222,0.5,0.2,0.3333333333333333,0.5,0.11317025716422387,0.6713832552780906,0.13726230153431498,0.07818418602337221,2.9700029189619226
844,168.91260840560372,0.5,0.2,0.3333333333333333,0.5,0.11319040633031488,0.6710670290858584,0.13739855392231945,0.07834401066150896,2.9700029189619226
845,169.11274182788526,0.5,0.2,0.3333333333333333,0.5,0.11321487163242522,0.6707470452615298,0.1375365558208823,0.0785015272851643,2.9700029189619226
846,169.31287525016677,0.5,0.2,0.3333333333333333,0.5,0.11324359045824875,0.6704235151410727,0.1376762224576448,0.0786566719430354,2.9700029189619226
847,169.51300867244828,0.5,0.2,0.3333333333333333,0.5,0.1132764991369858,0.6700966494922445,0.1378174690585184,0.07880938231225298,2.9700029189619226
848,169.71314209472982,0.5,0.2,0.3333333333333333,0.5,0.11331353296867634,0.6697666584106963,0.13796021088085228,0.07895959773977677,2.9700029189619226
849,169.91327551701133,0.5,0.2,0.3333333333333333,0.5,0.1133546262572414,0.6694337512095805,0.13810436324487893,0.07910725928830087,2.9700029189619226
850,170.11340893929287,0.5,0.2,0.3333333333333333,0.5,0.11339971234352435,0.6690981363091578,0.1382498415651601,0.07925230978215939,2.9700029189619226
851,170.31354236157438,0.5,0.2,0.3333333333333333,0.5,0.11344872355907444,0.6687600213317719,0.13839656141658851,0.07939469369256676,2.9700029189619226
852,170.5136757838559,0.5,0.2,0.3333333333333333,0.5,0.11350159122925502,0.6684196130690171,0.1385444385788843,0.0795343571228453,2.9700029189619226
853,170.71380920613743,0.5,0.2,0.3333333333333333,0.5,0.11355824587632515,0.6680771169307497,0.1386933889939043,0.07967124819902256,2.9700029189619226
854,170.91394262841894,0.5,0.2,0.3333333333333333,0.5,0.11361861716668199,0.6677327370570121,0.13884332883449557,0.07980531694181206,2.9700029189619226
855,171.11407605070045,0.5,0.2,0.3333333333333333,0.5,0.11368263394051853,0.6673866762164068,0.1389941745374166,0.07993651530565984,2.9700029189619226
856,171.314209472982,0.5,0.2,0.3333333333333333,0.5,0.11375022424272324,0.6670391357012532,0.13914584283571677,0.08006479722030854,2.9700029189619226
857,171.5143428952635,0.5,0.2,0.3333333333333333,0.5,0.1138213153537798,0.6666903152227447,0.13929825079111574,0.08019011863236146,2.9700029189619226
858,171.71447631754504,0.5,0.2,0.3333333333333333,0.5,0.11389583376271534,0.666340413186477,0.13945131586000778,0.0803124371908016,2.9700029189619226
859,171.91460973982655,0.5,0.2,0.3333333333333333,0.5,0.11397370520928506,0.665989626513534,0.13960495591929306,0.08043171235788955,2.9700029189619226
860,172.11474316210806,0.5,0.2,0.3333333333333333,0.5,0.11405485479142305,0.6656381500331926,0.1397590892543415,0.08054790592104447,2.9700029189619226
861,172.3148765843896,0.5,0.2,0.3333333333333333,0.5,0.11413920695097039,0.6652861766745687,0.13991363461758138,0.08066098175688113,2.9700029189619226
862,172.5150100066711,0.5,0.2,0.3333333333333333,0.5,0.1142266855033127,0.6649338973700574,0.1400685112616111,0.08077090586502039,2.9700029189619226
863,172.71514342895262,0.5,0.2,0.3333333333333333,0.5,0.11431721366703858,0.6645815009586379,0.14022363897229922,0.08087764640202581,2.9700029189619226
864,172.91527685123415,0.5,0.2,0.3333333333333333,0.5,0.11441071409363605,0.664229174091944,0.1403789381018581,0.0809811737125634,2.9700029189619226
865,173.11541027351566,0.5,0.2,0.3333333333333333,0.5,0.11450710890528693,0.6638771017227811,0.14053432959641435,0.08108145977551921,2.9700029189619226
866,173.3155436957972,0.5,0.2,0.3333333333333333,0.5,0.11460631971959909,0.6635254666541142,0.14068973503245674,0.08117847859383168,2.9700029189619226
867,173.5156771180787,0.5,0.2,0.3333333333333333,0.5,0.11470826767341998,0.663174449021987,0.14084507665390783,0.0812722066506869,2.9700029189619226
868,173.71581054036022,0.5,0.2,0.3333333333333333,0.5,0.11481287345688668,0.6628242265147145,0.14100027740223922,0.08136262262616127,2.9700029189619226
869,173.91594396264176,0.5,0.2,0.3333333333333333,0.5,0.11492005734322855,0.6624749742865791,0.14115526094947345,0.08144970742072052,2.9700029189619226
870,174.11607738492327,0.5,0.2,0.3333333333333333,0.5,0.11502973921856981,0.6621268648715275,0.14130995173118535,0.08153344417871902,2.9700029189619226
871,174.31621080720478,0.5,0.2,0.3333333333333333,0.5,0.11514183861272738,0.6617800681154963,0.14146427497825495,0.08161381829352297,2.9700029189619226
872,174.51634422948632,0.5,0.2,0.3333333333333333,0.5,0.11525627477432157,0.6614347519383627,0.1416181566929914,0.08169081659432602,2.9700029189619226
873,174.71647765176783,0.5,0.2,0.3333333333333333,0.5,0.1153729666591653,0.6610910814723017,0.1417715237341232,0.0817644281344114,2.9700029189619226
874,174.91661107404937,0.5,0.2,0.3333333333333333,0.5,0.11549183294519771,0.6607492186971047,0.14192430386846577,0.08183464448923346,2.9700029189619226
875,175.11674449633088,0.5,0.2,0.3333333333333333,0.5,0.11561279208032674,0.660409322691617,0.14207642578127674,0.08190145944678108,2.9700029189619226
876,175.3168779186124,0.5,0.2,0.3333333333333333,0.5,0.11573576231284588,0.6600715495589328,0.1422278191084868,0.08196486901973613,2.9700029189619226
877,175.51701134089393,0.5,0.2,0.3333333333333333,0.5,0.11586066172185107,0.6597360523515885,0.14237841446893032,0.08202487145763161,2.9700029189619226
878,175.71714476317544,0.5,0.2,0.3333333333333333,0.5,0.11598740824765738,0.659402980996758,0.1425281434965761,0.08208146725901001,2.9700029189619226
879,175.91727818545695,0.5,0.2,0.3333333333333333,0.5,0.11611591976950972,0.6590724828952867,0.14267693879331317,0.08213465854189178,2.9700029189619226
880,176.1174116077385,0.5,0.2,0.3333333333333333,0.5,0.11624611415074684,0.6587447030570062,0.14282473393640857,0.08218444885583978,2.9700029189619226
881,176.31754503002,0.5,0.2,0.3333333333333333,0.5,0.11637790916881015,0.6584197825953156,0.1429714636794056,0.08223084455646999,2.9700029189619226
882,176.51767845230154,0.5,0.2,0.3333333333333333,0.5,0.11651122259718763,0.6580978593865328,0.14311706389779852,0.0822738541184825,2.9700029189619226
883,176.71781187458305,0.5,0.2,0.3333333333333333,0.5,0.11664597223761294,0.6577790680204842,0.14326147161826883,0.08231348812363533,2.9700029189619226
884,176.91794529686456,0.5,0.2,0.3333333333333333,0.5,0.11678207595156297,0.6574635397410957,0.14340462504910118,0.0823497592582414,2.9700029189619226
885,177.1180787191461,0.5,0.2,0.3333333333333333,0.5,0.11691945169175506,0.6571514023869822,0.14354646361059872,0.08238268231066521,2.9700029189619226
886,177.3182121414276,0.5,0.2,0.3333333333333333,0.5,0.11705801755647051,0.6568427806228833,0.1436869279052942,0.08241227391535336,2.9700029189619226
887,177.51834556370912,0.5,0.2,0.3333333333333333,0.5,0.1171976919025475,0.6565377969186534,0.14382595953341776,0.08243855164538261,2.9700029189619226
888,177.71847898599066,0.5,0.2,0.3333333333333333,0.5,0.11733839323120719,0.6562365696337372,0.14396350150752646,0.08246153562753043,2.9700029189619226
889,177.91861240827217,0.5,0.2,0.3333333333333333,0.5,0.1174800402668425,0.6559392135603386,0.1440994981581863,0.08248124801463388,2.9700029189619226
890,178.1187458305537,0.5,0.2,0.3333333333333333,0.5,0.11762255199936204,0.6556458400022135,0.14423389513578033,0.08249771286264534,2.9700029189619226
891,178.31887925283522,0.5,0.2,0.3333333333333333,0.5,0.11776584771692798,0.6553565567310689,0.14436663943765174,0.08251095611435268,2.9700029189619226
892,178.51901267511673,0.5,0.2,0.3333333333333333,0.5,0.11790984703869428,0.6550714679429605,0.14449767943524724,0.08252100558309933,2.9700029189619226
893,178.71914609739827,0.5,0.2,0.3333333333333333,0.5,0.11805446995092983,0.6547906742842169,0.14462696488230017,0.08252789088255441,2.9700029189619226
894,178.91927951967978,0.5,0.2,0.3333333333333333,0.5,0.11819963690158776,0.6545142740777281,0.14475444659566375,0.08253164242502171,2.9700029189619226
895,179.1194129419613,0.5,0.2,0.3333333333333333,0.5,0.11834526876220537,0.6542423618244692,0.14488007687921123,0.08253229253411563,2.9700029189619226
896,179.31954636424283,0.5,0.2,0.3333333333333333,0.5,0.11849128685877483,0.6539750281215495,0.14500380956143755,0.08252987545823948,2.9700029189619226
897,179.51967978652434,0.5,0.2,0.3333333333333333,0.5,0.11863761302244374,0.6537123599875262,0.14512559992199622,0.08252442706803531,2.9700029189619226
898,179.71981320880587,0.5,0.2,0.3333333333333333,0.5,0.11878416962304468,0.6534544408350541,0.1452454047144106,0.08251598482749203,2.9700029189619226
899,179.91994663108738,0.5,0.2,0.3333333333333333,0.5,0.11893087960262437,0.653201350443539,0.14536318218878458,0.08250458776505355,2.9700029189619226
900,180.1200800533689,0.5,0.2,0.3333333333333333,0.5,0.11907766650897336,0.6529531649317875,0.14547889211451362,0.08249027644472699,2.9700029189619226
901,180.32021347565043,0.5,0.2,0.3333333333333333,0.5,0.11922445451745187,0.6527099576231303,0.1455924954933187,0.0824730923661007,2.9700029189619226
902,180.52034689793194,0.5,0.2,0.3333333333333333,0.5,0.11937116846800343,0.6524717987523683,0.14570395467415345,0.08245307810547638,2.9700029189619226
903,180.72048032021348,0.5,0.2,0.3333333333333333,0.5,0.1195177339130257,0.6522387543448076,0.145813233755388,0.08243027798678022,2.9700029189619226
904,180.920613742495,0.5,0.2,0.3333333333333333,0.5,0.11966407714208853,0.6520108868608183,0.14592029837437548,0.08240473762271915,2.9700029189619226
905,181.1207471647765,0.5,0.2,0.3333333333333333,0.5,0.1198101252152552,0.6517882551843754,0.14602511572464974,0.08237650387572104,2.9700029189619226
906,181.32088058705804,0.5,0.2,0.3333333333333333,0.5,0.11995580599640392,0.6515709146115625,0.14612765457313556,0.08234562481889947,2.9700029189619226
907,181.52101400933955,0.5,0.2,0.3333333333333333,0.5,0.12010104818654921,0.6513589168390749,0.14622788527735933,0.08231214969701803,2.9700029189619226
908,181.72114743162106,0.5,0.2,0.3333333333333333,0.5,0.12024578132709031,0.6511523103422258,0.14632577962956678,0.08227612870111858,2.9700029189619226
909,181.9212808539026,0.5,0.2,0.3333333333333333,0.5,0.12038993577463965,0.650951141121034,0.14642131053726745,0.08223761256706032,2.9700029189619226
910,182.1214142761841,0.5,0.2,0.3333333333333333,0.5,0.1205334428652216,0.6507554509936405,0.14651445279373207,0.08219665334740726,2.9700029189619226
911,182.32154769846565,0.5,0.2,0.3333333333333333,0.5,0.12067623489572969,0.6505652782565456,0.14660518279668827,0.08215330405103784,2.9700029189619226
912,182.52168112074716,0.5,0.2,0.3333333333333333,0.5,0.12081824515125969,0.6503806577506723,0.14669347853106404,0.08210761856700532,2.9700029189619226
913,182.72181454302867,0.5,0.2,0.3333333333333333,0.5,0.12095940793729194,0.6502016208646253,0.146779319579641,0.08205965161844314,2.9700029189619226
914,182.9219479653102,0.5,0.2,0.3333333333333333,0.5,0.12109965861187354,0.6500281955379507,0.14686268713370712,0.0820094587164701,2.9700029189619226
915,183.12208138759172,0.5,0.2,0.3333333333333333,0.5,0.12123893359639182,0.6498604063746871,0.1469435639449884,0.08195709608393413,2.9700029189619226
916,183.32221480987323,0.5,0.2,0.3333333333333333,0.5,0.12137717020664737,0.6496982756826875,0.14702193378468245,0.08190262032598412,2.9700029189619226
917,183.52234823215477,0.5,0.2,0.3333333333333333,0.5,0.12151430695763875,0.6495418220725024,0.1470977822018283,0.08184608876803191,2.9700029189619226
918,183.72248165443628,0.5,0.2,0.3333333333333333,0.5,0.12165028355461129,0.6493910606725479,0.14717109642113538,0.08178755935170688,2.9700029189619226
919,183.92261507671782,0.5,0.2,0.3333333333333333,0.5,0.12178504088179264,0.6492460033561905,0.14724186523446733,0.08172709052755091,2.9700029189619226
920,184.12274849899933,0.5,0.2,0.3333333333333333,0.5,0.12191852103198988,0.6491066587583253,0.1473100790044043,0.08166474120528198,2.9700029189619226
921,184.32288192128084,0.5,0.2,0.3333333333333333,0.5,0.12205066733618694,0.6489730322919511,0.14737572966780582,0.08160057070405755,2.9700029189619226
922,184.52301534356238,0.5,0.2,0.3333333333333333,0.5,0.1221814243910658,0.6488451261707826,0.14743881073557386,0.08153463870257908,2.9700029189619226
923,184.7231487658439,0.5,0.2,0.3333333333333333,0.5,0.12231073781798533,0.6487229402124878,0.1474993168008699,0.08146700516865833,2.9700029189619226
924,184.9232821881254,0.5,0.2,0.3333333333333333,0.5,0.12243855448522561,0.6486064712952583,0.1475572438953028,0.08139773032421459,2.9700029189619226
925,185.12341561040694,0.5,0.2,0.3333333333333333,0.5,0.1225648227029774,0.6484957128936076,0.14761258979522865,0.08132687460818758,2.9700029189619226
926,185.32354903268845,0.5,0.2,0.3333333333333333,0.5,0.12268949211570285,0.6483906554938806,0.14766535377411294,0.08125449861630486,2.9700029189619226
927,185.52368245497,0.5,0.2,0.3333333333333333,0.5,0.12281251372775578,0.6482912866223906,0.1477155365988138,0.08118066305104107,2.9700029189619226
928,185.7238158772515,0.5,0.2,0.3333333333333333,0.5,0.12293383992900192,0.648197590873557,0.14776314052586514,0.08110542867157716,2.9700029189619226
929,185.923949299533,0.5,0.2,0.3333333333333333,0.5,0.12305342452043912,0.6481095499380428,0.14780816929775958,0.08102885624375963,2.9700029189619226
930,186.12408272181455,0.5,0.2,0.3333333333333333,0.5,0.12317122255237689,0.6480271429758776,0.14785062788474446,0.08095100658700215,2.9700029189619226
931,186.32421614409606,0.5,0.2,0.3333333333333333,0.5,0.12328719018713609,0.6479503469444509,0.14789052225990854,0.08087194060850558,2.9700029189619226
932,186.52434956637757,0.5,0.2,0.3333333333333333,0.5,0.12340128527005859,0.6478791356228575,0.14792786013593737,0.08079171897114763,2.9700029189619226
933,186.7244829886591,0.5,0.2,0.3333333333333333,0.5,0.12351346710292462,0.6478134801042159,0.1479626506189818,0.08071040217387875,2.9700029189619226
934,186.92461641094062,0.5,0.2,0.3333333333333333,0.5,0.12362369645516369,0.6477533488503258,0.14799490418537795,0.0806280505091337,2.9700029189619226
935,187.12474983322215,0.5,0.2,0.3333333333333333,0.5,0.12373193558426933,0.6476987077293864,0.14802463267086227,0.08054472401548311,2.9700029189619226
936,187.32488325550366,0.5,0.2,0.3333333333333333,0.5,0.12383814825621346,0.6476495200537153,0.14805184925978726,0.0804604824302851,2.9700029189619226
937,187.52501667778517,0.5,0.2,0.3333333333333333,0.5,0.12394229966455955,0.6476057467380306,0.14807656837337452,0.08037538522403652,2.9700029189619226
938,187.7251501000667,0.5,0.2,0.3333333333333333,0.5,0.12404435593287894,0.6475673469536641,0.1480988051426678,0.0802894919707904,2.9700029189619226
939,187.92528352234822,0.5,0.2,0.3333333333333333,0.5,0.1241442850040301,0.6475342771322019,0.14811857626370162,0.08020286160006766,2.9700029189619226
940,188.12541694462973,0.5,0.2,0.3333333333333333,0.5,0.12424205642039633,0.6475064912890489,0.14813589974734456,0.08011555254321148,2.9700029189619226
941,188.32555036691127,0.5,0.2,0.3333333333333333,0.5,0.1243376412580547,0.6474839411637926,0.14815079482255802,0.080027622755596,2.9700029189619226
942,188.52568378919278,0.5,0.2,0.3333333333333333,0.5,0.12443101214202709,0.6474665762640665,0.1481632819204655,0.07993912967344223,2.9700029189619226
943,188.72581721147432,0.5,0.2,0.3333333333333333,0.5,0.12452214326153144,0.6474543439094141,0.14817338265842175,0.07985013017063397,2.9700029189619226
944,188.92595063375583,0.5,0.2,0.3333333333333333,0.5,0.12461101038523276,0.6474471892751529,0.1481811198240821,0.07976068051553367,2.9700029189619226
945,189.12608405603734,0.5,0.2,0.3333333333333333,0.5,0.1246975908368197,0.6474450554712431,0.1481865173265306,0.07967083636540795,2.9700029189619226
946,189.32621747831888,0.5,0.2,0.3333333333333333,0.5,0.12478186262659526,0.6474478843658313,0.14818959944666257,0.07958065356091228,2.9700029189619226
947,189.5263509006004,0.5,0.2,0.3333333333333333,0.5,0.12486380548731967,0.6474556157286161,0.14819039166863213,0.07949018711543351,2.9700029189619226
948,189.7264843228819,0.5,0.2,0.3333333333333333,0.5,0.12494340096134278,0.6474681872112897,0.148188920723603,0.0793994911037659,2.9700029189619226
949,189.92661774516344,0.5,0.2,0.3333333333333333,0.5,0.12502063212794887,0.6474855346454294,0.1481852143347746,0.07930861889184855,2.9700029189619226
950,190.12675116744495,0.5,0.2,0.3333333333333333,0.5,0.12509548361049205,0.6475075920935217,0.148179301194713,0.07921762310127467,2.9700029189619226
951,190.3268845897265,0.5,0.2,0.3333333333333333,0.5,0.12516794158353187,0.647534291899987,0.1481712109426819,0.0791265555738006,2.9700029189619226
952,190.527018012008,0.5,0.2,0.3333333333333333,0.5,0.12523799377996872,0.6475655647422041,0.1481609741419736,0.07903546733585505,2.9700029189619226
953,190.7271514342895,0.5,0.2,0.3333333333333333,0.5,0.1253056294981382,0.6476013396815531,0.14814862225721867,0.07894440856309143,2.9700029189619226
954,190.92728485657105,0.5,0.2,0.3333333333333333,0.5,0.12537083894012896,0.6476415445274692,0.1481341872838476,0.07885342924855557,2.9700029189619226
955,191.12741827885256,0.5,0.2,0.3333333333333333,0.5,0.1254336135175385,0.6476861057487024,0.1481177018807419,0.07876257885301856,2.9700029189619226
956,191.32755170113407,0.5,0.2,0.3333333333333333,0.5,0.12549394660123098,0.6477349481767707,0.14809919973382205,0.07867190548817768,2.9700029189619226
957,191.5276851234156,0.5,0.2,0.3333333333333333,0.5,0.12555183303959566,0.6477879952857949,0.14807871527910102,0.07858145639550988,2.9700029189619226
958,191.72781854569712,0.5,0.2,0.3333333333333333,0.5,0.12560726915758386,0.6478451692473131,0.14805628367580298,0.07849127791930154,2.9700029189619226
959,191.92795196797866,0.5,0.2,0.3333333333333333,0.5,0.1256602527557455,0.6479063909850962,0.14803194077948173,0.07840141547967808,2.9700029189619226
960,192.12808539026017,0.5,0.2,0.3333333333333333,0.5,0.1257107831092659,0.6479715802299622,0.1480057231151395,0.07831191354563391,2.9700029189619226
961,192.32821881254168,0.5,0.2,0.3333333333333333,0.5,0.12575886096700267,0.6480406555745912,0.1479776678503455,0.07822281560806207,2.9700029189619226
962,192.52835223482322,0.5,0.2,0.3333333333333333,0.5,0.12580448818854215,0.6481135346124457,0.14794781265195198,0.07813416454706175,2.9700029189619226
963,192.72848565710473,0.5,0.2,0.3333333333333333,0.5,0.12584766731480504,0.6481901340921292,0.1479161955214414,0.07804600307162587,2.9700029189619226
964,192.92861907938624,0.5,0.2,0.3333333333333333,0.5,0.1258884028441957,0.6482703696754689,0.1478828551787285,0.07795837230160835,2.9700029189619226
965,193.12875250166778,0.5,0.2,0.3333333333333333,0.5,0.1259267006632068,0.6483541561244034,0.1478478308524872,0.07787131235990406,2.9700029189619226
966,193.3288859239493,0.5,0.2,0.3333333333333333,0.5,0.12596256800558228,0.6484414073650622,0.14781116224044685,0.07778486238891022,2.9700029189619226
967,193.52901934623083,0.5,0.2,0.3333333333333333,0.5,0.12599601344331882,0.6485320365444474,0.14777288947992706,0.07769906053230823,2.9700029189619226
968,193.72915276851234,0.5,0.2,0.3333333333333333,0.5,0.1260270468776672,0.6486259560871162,0.14773305311837232,0.07761394391684588,2.9700029189619226
969,193.92928619079385,0.5,0.2,0.3333333333333333,0.5,0.12605567953013375,0.6487230777518618,0.14769169408388658,0.07752954863411939,2.9700029189619226
970,194.12941961307538,0.5,0.2,0.3333333333333333,0.5,0.1260819238022649,0.6488233126765909,0.14764885364057906,0.07744590988056654,2.9700029189619226
971,194.3295530353569,0.5,0.2,0.3333333333333333,0.5,0.126105792590052,0.6489265713741333,0.14760457328077867,0.07736306275503736,2.9700029189619226
972,194.5296864576384,0.5,0.2,0.3333333333333333,0.5,0.12612730040706968,0.6490327638907797,0.1475588948266203,0.07728104087553175,2.9700029189619226
973,194.72981987991994,0.5,0.2,0.3333333333333333,0.5,0.12614646306407856,0.6491417998349469,0.14751186036453326,0.07719987673644264,2.9700029189619226
974,194.92995330220145,0.5,0.2,0.3333333333333333,0.5,0.12616329754689873,0.6492535884236831,0.14746351220268084,0.07711960182673876,2.9700029189619226
975,195.130086724483,0.5,0.2,0.3333333333333333,0.5,0.12617782200067884,0.6493680385387429,0.1474138928407155,0.07704024661986414,2.9700029189619226
976,195.3302201467645,0.5,0.2,0.3333333333333333,0.5,0.12619005571416472,0.6494850587826643,0.14736304493953434,0.076961840563638,2.9700029189619226
977,195.530353569046,0.5,0.2,0.3333333333333333,0.5,0.12620001910396833,0.6496045575348443,0.1473110112910344,0.0768844120701543,2.9700029189619226
978,195.73048699132755,0.5,0.2,0.3333333333333333,0.5,0.1262077336707845,0.6497264429969095,0.1472578347930368,0.0768079885392704,2.9700029189619226
979,195.93062041360906,0.5,0.2,0.3333333333333333,0.5,0.1262132213511871,0.649850623007419,0.14720355853557784,0.07673259710581731,2.9700029189619226
980,196.13075383589057,0.5,0.2,0.3333333333333333,0.5,0.12621650523028619,0.6499770053759181,0.14714822563645572,0.07665826375734124,2.9700029189619226
981,196.3308872581721,0.5,0.2,0.3333333333333333,0.5,0.12621760958009767,0.6501054979596621,0.1470918792010174,0.07658501325922404,2.9700029189619226
982,196.53102068045362,0.5,0.2,0.3333333333333333,0.5,0.12621655963680103,0.6502360086406893,0.14703456233005693,0.07651286939245402,2.9700029189619226
983,196.73115410273516,0.5,0.2,0.3333333333333333,0.5,0.12621338157919607,0.650368445379679,0.1469763180906414,0.0764418549504848,2.9700029189619226
984,196.93128752501667,0.5,0.2,0.3333333333333333,0.5,0.12620810250715986,0.6505027162698097,0.14691718948693744,0.07637199173609416,2.9700029189619226
985,197.13142094729818,0.5,0.2,0.3333333333333333,0.5,0.12620075042010342,0.6506387295906176,0.1468572194310372,0.07630330055824291,2.9700029189619226
986,197.33155436957972,0.5,0.2,0.3333333333333333,0.5,0.12619135419541613,0.650776393861842,0.14679645071379233,0.07623580122895081,2.9700029189619226
987,197.53168779186123,0.5,0.2,0.3333333333333333,0.5,0.12617994325565643,0.6509156175975005,0.14673492616328052,0.07616951298356382,2.9700029189619226
988,197.73182121414274,0.5,0.2,0.3333333333333333,0.5,0.126166547671042,0.6510563094792052,0.14667268854086074,0.0761044543088933,2.9700029189619226
989,197.93195463642428,0.5,0.2,0.3333333333333333,0.5,0.12615119848807888,0.6511983787472743,0.1466097803009053,0.07604064246374281,2.9700029189619226
990,198.1320880587058,0.5,0.2,0.3333333333333333,0.5,0.12613392748286784,0.6513417350377454,0.14654624369735347,0.07597809378203461,2.9700029189619226
991,198.33222148098733,0.5,0.2,0.3333333333333333,0.5,0.12611476713497768,0.65148628843182,0.1464821207573007,0.07591682367590295,2.9700029189619226
992,198.53235490326884,0.5,0.2,0.3333333333333333,0.5,0.12609375060131897,0.6516319495053069,0.14641745325458771,0.07585684663878763,2.9700029189619226
993,198.73248832555035,0.5,0.2,0.3333333333333333,0.5,0.12607091169001744,0.6517786293780666,0.14635228268338987,0.07579817624852728,2.9700029189619226
994,198.9326217478319,0.5,0.2,0.3333333333333333,0.5,0.12604628482626645,0.6519262397379904,0.1462866502480643,0.07574082518768017,2.9700029189619226
995,199.1327551701134,0.5,0.2,0.3333333333333333,0.5,0.1260199048854302,0.652074692443546,0.14622059712206972,0.0756848055489553,2.9700029189619226
996,199.3328885923949,0.5,0.2,0.3333333333333333,0.5,0.12599180733404836,0.6522239001038073,0.14615416408279375,0.07563012847935192,2.9700029189619226
997,199.53302201467645,0.5,0.2,0.3333333333333333,0.5,0.12596202820489139,0.6523737761316482,0.1460873914827467,0.07557680418071493,2.9700029189619226
998,199.73315543695796,0.5,0.2,0.3333333333333333,0.5,0.1259306040299019,0.6525242346632426,0.14602031930611703,0.0755248420007397,2.9700029189619226
999,199.9332888592395,0.5,0.2,0.3333333333333333,0.5,0.12589757181252387,0.6526751906026041,0.14595298714549076,0.07547425043938237,2.9700029189619226
1000,200.133422281521,0.5,0.2,0.3333333333333333,0.5,0.12586296900003163,0.6528265596661279,0.14588543417857128,0.0754250371552704,2.9700029189619226
1001,200.33355570380252,0.5,0.2,0.3333333333333333,0.5,0.12582683345585916,0.6529782584271305,0.1458176991448986,0.07537720897211284,2.9700029189619226
1002,200.53368912608406,0.5,0.2,0.3333333333333333,0.5,0.12578920341491415,0.6531302042368701,0.14574982040538745,0.07533077194282965,2.9700029189619226
1003,200.73382254836557,0.5,0.2,0.3333333333333333,0.5,0.1257501173946692,0.6532823148245201,0.1456818362171157,0.0752857315636962,2.9700029189619226
1004,200.93395597064708,0.5,0.2,0.3333333333333333,0.5,0.12570961427912858,0.6534345091521603,0.14561378416666063,0.07524209240205179,2.9700029189619226
1005,201.13408939292862,0.5,0.2,0.3333333333333333,0.5,0.1256677332547691,0.6535867071951521,0.14554570132393294,0.07519985822614711,2.9700029189619226
1006,201.33422281521013,0.5,0.2,0.3333333333333333,0.5,0.12562451377452313,0.6537388299260901,0.14547762425952093,0.0751590320398671,2.9700029189619226
1007,201.53435623749166,0.5,0.2,0.3333333333333333,0.5,0.1255799955293057,0.6538907993535195,0.14540958902531395,0.07511961609186224,2.9700029189619226
1008,201.73448965977317,0.5,0.2,0.3333333333333333,0.5,0.1255342184195414,0.6540425385606541,0.145341631135126,0.07508161188467977,2.9700029189619226
1009,201.93462308205469,0.5,0.2,0.3333333333333333,0.5,0.12548722252669156,0.6541939717440958,0.14527378554531917,0.07504502018389482,2.9700029189619226
1010,202.13475650433622,0.5,0.2,0.3333333333333333,0.5,0.12543904812533704,0.6543450239294007,0.14520608683959066,0.07500984110567283,2.9700029189619226
1011,202.33488992661773,0.5,0.2,0.3333333333333333,0.5,0.12538973566959158,0.6544956208911853,0.14513856928453522,0.07497607415468918,2.9700029189619226
1012,202.53502334889924,0.5,0.2,0.3333333333333333,0.5,0.12533932567253092,0.6546456899256821,0.14507126634663625,0.07494371805515203,2.9700029189619226
1013,202.73515677118078,0.5,0.2,0.3333333333333333,0.5,0.1252878587245927,0.6547951595159743,0.14500421090885324,0.07491277085058097,2.9700029189619226
1014,202.9352901934623,0.5,0.2,0.3333333333333333,0.5,0.1252353754667208,0.6549439593578272,0.1449374352593871,0.07488322991606616,2.9700029189619226
1015,203.13542361574383,0.5,0.2,0.3333333333333333,0.5,0.12518191656271224,0.6550920203918742,0.14487097107643016,0.07485509196898466,2.9700029189619226
1016,203.33555703802534,0.5,0.2,0.3333333333333333,0.5,0.12512752267156366,0.6552392748358046,0.1448048494129162,0.07482835307971682,2.9700029189619226
1017,203.53569046030685,0.5,0.2,0.3333333333333333,0.5,0.12507223442261403,0.6553856562066858,0.1447391006870719,0.07480300868362966,2.9700029189619226
1018,203.7358238825884,0.5,0.2,0.3333333333333333,0.5,0.12501609255378462,0.6555310987678209,0.1446737550114253,0.07477905366697056,2.9700029189619226
1019,203.9359573048699,0.5,0.2,0.3333333333333333,0.5,0.12495913773668495,0.6556755380804526,0.14460884187200473,0.07475648231085907,2.9700029189619226
1020,204.1360907271514,0.5,0.2,0.3333333333333333,0.5,0.12490141048239929,0.6558189112707975,0.1445443899749642,0.07473528827184048,2.9700029189619226
1021,204.33622414943295,0.5,0.2,0.3333333333333333,0.5,0.12484295118593168,0.6559611568078446,0.14448042738095038,0.07471546462527472,2.9700029189619226
1022,204.53635757171446,0.5,0.2,0.3333333333333333,0.5,0.124783800100519,0.6561022145286056,0.1444169814939329,0.0746970038769439,2.9700029189619226
1023,204.736490993996,0.5,0.2,0.3333333333333333,0.5,0.12472399731194386,0.6562420256633633,0.1443540790500346,0.07467989797465967,2.9700029189619226
1024,204.9366244162775,0.5,0.2,0.3333333333333333,0.5,0.12466358271284772,0.6563805328609212,0.14429174610636178,0.0746641383198707,2.9700029189619226
1025,205.13675783855902,0.5,0.2,0.3333333333333333,0.5,0.1246025960102715,0.6565176801305451,0.14423000807672315,0.07464971578246168,2.9700029189619226
1026,205.33689126084056,0.5,0.2,0.3333333333333333,0.5,0.12454107694425419,0.6566534122547446,0.14416889006517797,0.07463662073582471,2.9700029189619226
1027,205.53702468312207,0.5,0.2,0.3333333333333333,0.5,0.12447906490086826,0.6567876757203097,0.1441084163450579,0.07462484303376553,2.9700029189619226
1028,205.7371581054036,0.5,0.2,0.3333333333333333,0.5,0.12441659896126639,0.6569204185561898,0.14404861045325587,0.07461437202928935,2.9700029189619226
1029,205.93729152768512,0.5,0.2,0.3333333333333333,0.5,0.12435371792367253,0.6570515902392047,0.14398949524633634,0.07460519659078778,2.9700029189619226
1030,206.13742494996663,0.5,0.2,0.3333333333333333,0.5,0.12429046028045297,0.6571811417123797,0.14393109289325742,0.07459730511391116,2.9700029189619226
1031,206.33755837224817,0.5,0.2,0.3333333333333333,0.5,0.12422686419518755,0.6573090254032792,0.14387342486809357,0.07459068553344099,2.9700029189619226
1032,206.53769179452968,0.5,0.2,0.3333333333333333,0.5,0.1241629674797409,0.6574351952423402,0.14381651194275785,0.0745853253351623,2.9700029189619226
1033,206.7378252168112,0.5,0.2,0.3333333333333333,0.5,0.12409880767888391,0.6575596064616572,0.14376037429319813,0.07458121156626192,2.9700029189619226
1034,206.93795863909273,0.5,0.2,0.3333333333333333,0.5,0.12403442221632657,0.6576822152684028,0.1437050316703866,0.0745783308448853,2.9700029189619226
1035,207.13809206137424,0.5,0.2,0.3333333333333333,0.5,0.12396984795648103,0.6578029797109586,0.14365050295486095,0.07457666937770072,2.9700029189619226
1036,207.33822548365578,0.5,0.2,0.3333333333333333,0.5,0.1239051213545451,0.6579218593440674,0.14359680633198815,0.07457621296940055,2.9700029189619226
1037,207.5383589059373,0.5,0.2,0.3333333333333333,0.5,0.12384027844974563,0.6580388152141543,0.14354395930174937,0.07457694703435194,2.9700029189619226
1038,207.7384923282188,0.5,0.2,0.3333333333333333,0.5,0.12377535484609309,0.6581538098701407,0.14349197867534877,0.07457885660841872,2.9700029189619226
1039,207.93862575050034,0.5,0.2,0.3333333333333333,0.5,0.12371038569313611,0.6582668073742597,0.14344088057182222,0.07458192636078327,2.9700029189619226
1040,208.13875917278185,0.5,0.2,0.3333333333333333,0.5,0.12364540569877905,0.6583777732578966,0.14339068044021622,0.0745861406031095,2.9700029189619226
1041,208.33889259506336,0.5,0.2,0.3333333333333333,0.5,0.12358044936557694,0.6584866740942615,0.1433413932599901,0.0745914832801728,2.9700029189619226
1042,208.5390260173449,0.5,0.2,0.3333333333333333,0.5,0.123515550609789,0.6585934781293666,0.143293033249168,0.07459793801167773,2.9700029189619226
1043,208.7391594396264,0.5,0.2,0.3333333333333333,0.5,0.12345074280972154,0.6586981551769556,0.1432456139148493,0.07460548809847481,2.9700029189619226
1044,208.93929286190794,0.5,0.2,0.3333333333333333,0.5,0.12338605883743634,0.6588006765419552,0.14319914809045303,0.07461411653015683,2.9700029189619226
1045,209.13942628418945,0.5,0.2,0.3333333333333333,0.5,0.1233215310428271,0.6589010150255932,0.1431536479349757,0.07462380599660531,2.9700029189619226
1046,209.33955970647096,0.5,0.2,0.3333333333333333,0.5,0.12325719123769575,0.6589991449305197,0.14310912493224906,0.07463453889953686,2.9700029189619226
1047,209.5396931287525,0.5,0.2,0.3333333333333333,0.5,0.12319307068281828,0.659095042061023,0.1430655898923849,0.07464629736377519,2.9700029189619226
1048,209.739826551034,0.5,0.2,0.3333333333333333,0.5,0.12312920032230233,0.6591886833177607,0.1430230531341167,0.07465906322582173,2.9700029189619226
1049,209.93995997331552,0.5,0.2,0.3333333333333333,0.5,0.12306561057013363,0.6592800470267706,0.14298152433956188,0.0746728180635353,2.9700029189619226
1050,210.14009339559706,0.5,0.2,0.3333333333333333,0.5,0.1230023311687829,0.659369113150325,0.14294101246169696,0.07468754321919659,2.9700029189619226
1051,210.34022681787857,0.5,0.2,0.3333333333333333,0.5,0.12293939128950954,0.6594558631014698,0.14290152580863724,0.07470321980038494,2.9700029189619226
1052,210.5403602401601,0.5,0.2,0.3333333333333333,0.5,0.1228768195199929,0.6595402797433151,0.14286307204549503,0.07471982869119839,2.9700029189619226
1053,210.74049366244162,0.5,0.2,0.3333333333333333,0.5,0.12281464385196371,0.6596223473883258,0.14282565819623813,0.0747373505634738,2.9700029189619226
1054,210.94062708472313,0.5,0.2,0.3333333333333333,0.5,0.12275289166883531,0.6597020517976112,0.14278929064554802,0.07475576588800688,2.9700029189619226
1055,211.14076050700467,0.5,0.2,0.3333333333333333,0.5,0.122691589865435,0.6597793799838041,0.1427539752194377,0.0747750549313246,2.9700029189619226
1056,211.34089392928618,0.5,0.2,0.3333333333333333,0.5,0.12263076492548511,0.6598543200767585,0.1427197172406793,0.07479519775707852,2.9700029189619226
1057,211.5410273515677,0.5,0.2,0.3333333333333333,0.5,0.1225704425595863,0.659926861842711,0.1426865213221986,0.07481617427550555,2.9700029189619226
1058,211.74116077384923,0.5,0.2,0.3333333333333333,0.5,0.12251064785983248,0.6599969964352931,0.14265439146849074,0.07483796423638513,2.9700029189619226
1059,211.94129419613074,0.5,0.2,0.3333333333333333,0.5,0.12245140529557068,0.6600647163827357,0.1426233310823248,0.07486054723937033,2.9700029189619226
1060,212.14142761841228,0.5,0.2,0.3333333333333333,0.5,0.12239273870447305,0.6601300155820431,0.14259334296865367,0.07488390274483163,2.9700029189619226
1061,212.3415610406938,0.5,0.2,0.3333333333333333,0.5,0.12233467128360904,0.6601928892931681,0.14256442933852362,0.07490801008470066,2.9700029189619226
1062,212.5416944629753,0.5,0.2,0.3333333333333333,0.5,0.1222772256291894,0.6602533340648996,0.1425365918381937,0.07493284846771878,2.9700029189619226
1063,212.74182788525684,0.5,0.2,0.3333333333333333,0.5,0.12222042395913958,0.6603113474042424,0.14250983167295106,0.07495839696366845,2.9700029189619226
1064,212.94196130753835,0.5,0.2,0.3333333333333333,0.5,0.12216428772566756,0.6603669283016305,0.1424841494149752,0.07498463455772826,2.9700029189619226
1065,213.14209472981986,0.5,0.2,0.3333333333333333,0.5,0.12210883771306398,0.6604200770753624,0.14245954506252734,0.07501154014904776,2.9700029189619226
1066,213.3422281521014,0.5,0.2,0.3333333333333333,0.5,0.12205409406433465,0.6604707953158852,0.14243601806227849,0.07503909255750323,2.9700029189619226
1067,213.5423615743829,0.5,0.2,0.3333333333333333,0.5,0.12200007627553353,0.660519085875393,0.1424135673149083,0.07506727053416662,2.9700029189619226
1068,213.74249499666445,0.5,0.2,0.3333333333333333,0.5,0.12194680319009568,0.6605649528574276,0.1423921911807037,0.07509605277177449,2.9700029189619226
1069,213.94262841894596,0.5,0.2,0.3333333333333333,0.5,0.12189429306971239,0.6606084015050292,0.14237188752050214,0.07512541790475759,2.9700029189619226
1070,214.14276184122747,0.5,0.2,0.3333333333333333,0.5,0.12184256349368072,0.6606494383162262,0.1423526536574302,0.07515534453266419,2.9700029189619226
1071,214.342895263509,0.5,0.2,0.3333333333333333,0.5,0.12179163168546349,0.6606880705933067,0.14233448653591327,0.07518581118531789,2.9700029189619226
1072,214.54302868579052,0.5,0.2,0.3333333333333333,0.5,0.12174151401066594,0.6607243070902786,0.14231738249807416,0.07521679640098251,2.9700029189619226
1073,214.74316210807203,0.5,0.2,0.3333333333333333,0.5,0.12169222619726884,0.6607581577030663,0.14230133739364462,0.07524827870602145,2.9700029189619226
1074,214.94329553035357,0.5,0.2,0.3333333333333333,0.5,0.12164378333104454,0.6607896334576737,0.14228634658606418,0.07528023662521882,2.9700029189619226
1075,215.14342895263508,0.5,0.2,0.3333333333333333,0.5,0.12159619985136982,0.6608187464978227,0.14227240495876214,0.07531264869204657,2.9700029189619226
1076,215.34356237491662,0.5,0.2,0.3333333333333333,0.5,0.12154948954743523,0.6608455100720656,0.14225950692162295,0.0753454934588774,2.9700029189619226
1077,215.54369579719813,0.5,0.2,0.3333333333333333,0.5,0.12150366570975725,0.6608699383318308,0.14224764647802077,0.07537874948039237,2.9700029189619226
1078,215.74382921947964,0.5,0.2,0.3333333333333333,0.5,0.12145874111145077,0.6608920463366293,0.142236817225519,0.07541239532640215,2.9700029189619226
1079,215.94396264176117,0.5,0.2,0.3333333333333333,0.5,0.1214147277426797,0.6609118503596334,0.14222701226038076,0.07544640963730742,2.9700029189619226
1080,216.14409606404269,0.5,0.2,0.3333333333333333,0.5,0.12137163696373966,0.6609293676836818,0.14221822424530142,0.0754807711072784,2.9700029189619226
1081,216.3442294863242,0.5,0.2,0.3333333333333333,0.5,0.12132947950728726,0.6609446165808507,0.14221044541836322,0.07551545849350022,2.9700029189619226
1082,216.54436290860573,0.5,0.2,0.3333333333333333,0.5,0.1212882654803543,0.6609576162922427,0.1422036676019345,0.0755504506254699,2.9700029189619226
1083,216.74449633088724,0.5,0.2,0.3333333333333333,0.5,0.12124800436690171,0.6609683870070772,0.14219788221180804,0.07558572641421446,2.9700029189619226
1084,216.94462975316878,0.5,0.2,0.3333333333333333,0.5,0.12120870503091329,0.6609769498410799,0.14219308026657804,0.07562126486143025,2.9700029189619226
1085,217.1447631754503,0.5,0.2,0.3333333333333333,0.5,0.12117037572002921,0.6609833268141724,0.14218925239725635,0.07565704506854348,2.9700029189619226
1086,217.3448965977318,0.5,0.2,0.3333333333333333,0.5,0.12113302406971935,0.6609875408274626,0.14218638885712764,0.0756930462456919,2.9700029189619226
1087,217.54503002001334,0.5,0.2,0.3333333333333333,0.5,0.12109665715901051,0.6609896155955399,0.14218447953938954,0.07572924770606144,2.9700029189619226
1088,217.74516344229485,0.5,0.2,0.3333333333333333,0.5,0.12106128161552225,0.6609895755360138,0.14218351400224624,0.0757656288462192,2.9700029189619226
1089,217.94529686457636,0.5,0.2,0.3333333333333333,0.5,0.1210269033818355,0.6609874459508808,0.14218348144406345,0.07580216922322172,2.9700029189619226
1090,218.1454302868579,0.5,0.2,0.3333333333333333,0.5,0.12099352782063261,0.6609832529155044,0.14218437072879558,0.07583884853506888,2.9700029189619226
1091,218.3455637091394,0.5,0.2,0.3333333333333333,0.5,0.12096115973352835,0.6609770232417919,0.1421861703988045,0.07587564662587669,2.9700029189619226
1092,218.54569713142095,0.5,0.2,0.3333333333333333,0.5,0.12092980337064327,0.6609687844491209,0.14218886868646813,0.07591254349376914,2.9700029189619226
1093,218.74583055370246,0.5,0.2,0.3333333333333333,0.5,0.12089946244080792,0.6609585647344871,0.14219245352604146,0.07594951929866493,2.9700029189619226
1094,218.94596397598397,0.5,0.2,0.3333333333333333,0.5,0.12087014012239819,0.6609463929418737,0.14219691256577002,0.07598655436995945,2.9700029189619226
1095,219.1460973982655,0.5,0.2,0.3333333333333333,0.5,0.12084183907480177,0.6609322985308421,0.14220223318025563,0.07602362921410186,2.9700029189619226
1096,219.34623082054702,0.5,0.2,0.3333333333333333,0.5,0.12081456145051553,0.6609163115443437,0.14220840248307492,0.07606072452206722,2.9700029189619226
1097,219.54636424282853,0.5,0.2,0.3333333333333333,0.5,0.12078830884236408,0.660898462673491,0.14221540730721793,0.07609782117692841,2.9700029189619226
1098,219.74649766511007,0.5,0.2,0.3333333333333333,0.5,0.12076308179572502,0.6608787839714799,0.14222323397011363,0.07613490026268278,2.9700029189619226
1099,219.94663108739158,0.5,0.2,0.3333333333333333,0.5,0.12073888059158513,0.6608573076716583,0.14223186866774878,0.07617194306900915,2.9700029189619226
1100,220.14676450967312,0.5,0.2,0.3333333333333333,0.5,0.1207157050947654,0.6608340664004781,0.14224129740591784,0.07620893109883987,2.9700029189619226
1101,220.34689793195463,0.5,0.2,0.3333333333333333,0.5,0.12069355466112694,0.6608090933026157,0.14225150596061262,0.076245846075646,2.9700029189619226
1102,220.54703135423614,0.5,0.2,0.3333333333333333,0.5,0.12067242814632849,0.660782422014743,0.1422624798886274,0.0762826699503024,2.9700029189619226
1103,220.74716477651768,0.5,0.2,0.3333333333333333,0.5,0.1206523239149107,0.6607540866389756,0.14227420453826584,0.07631938490784915,2.9700029189619226
1104,220.9472981987992,0.5,0.2,0.3333333333333333,0.5,0.1206332398497074,0.6607241217159951,0.1422866650601499,0.07635597337414876,2.9700029189619226
1105,221.1474316210807,0.5,0.2,0.3333333333333333,0.5,0.12061517336158384,0.6606925621978471,0.14229984641813057,0.0763924180224397,2.9700029189619226
1106,221.34756504336224,0.5,0.2,0.3333333333333333,0.5,0.12059812139950157,0.6606594434204133,0.1423137334003005,0.0764287017797859,2.9700029189619226
1107,221.54769846564375,0.5,0.2,0.3333333333333333,0.5,0.12058208045592844,0.6606248010833862,0.14232831062755172,0.07646480783313486,2.9700029189619226
1108,221.7478318879253,0.5,0.2,0.3333333333333333,0.5,0.12056704635426241,0.6605886715728622,0.14234356245019888,0.07650071962267782,2.9700029189619226
1109,221.9479653102068,0.5,0.2,0.3333333333333333,0.5,0.12055301448671711,0.6605510915765008,0.1423594730757099,0.07653642086107346,2.9700029189619226
1110,222.1480987324883,0.5,0.2,0.3333333333333333,0.5,0.12053997989037325,0.6605120979530963,0.14237602661331866,0.07657189554321306,2.9700029189619226
1111,222.34823215476985,0.5,0.2,0.3333333333333333,0.5,0.12052793716365015,0.6604717278530176,0.1423932070366769,0.07660712794665672,2.9700029189619226
1112,222.54836557705136,0.5,0.2,0.3333333333333333,0.5,0.1205168804751237,0.6604300186937718,0.1424109981938314,0.0766421026372743,2.9700029189619226
1113,222.74849899933287,0.5,0.2,0.3333333333333333,0.5,0.12050680357253274,0.6603870081354618,0.1424293838172324,0.07667680447477435,2.9700029189619226
1114,222.9486324216144,0.5,0.2,0.3333333333333333,0.5,0.120497699791974,0.6603427340561336,0.1424483475337725,0.07671121861812111,2.9700029189619226
1115,223.14876584389592,0.5,0.2,0.3333333333333333,0.5,0.12048956206728545,0.6602972345270196,0.14246787287485646,0.07674533053083976,2.9700029189619226
1116,223.34889926617745,0.5,0.2,0.3333333333333333,0.5,0.12048238293961812,0.6602505477876714,0.14248794328650216,0.07677912598620956,2.9700029189619226
1117,223.54903268845896,0.5,0.2,0.3333333333333333,0.5,0.12047615456719646,0.6602027122209877,0.14250854213947192,0.07681259107234523,2.9700029189619226
1118,223.74916611074048,0.5,0.2,0.3333333333333333,0.5,0.12047086868043078,0.6601537664744701,0.1425296526722965,0.07684571217280384,2.9700029189619226
1119,223.949299533022,0.5,0.2,0.3333333333333333,0.5,0.1204665165967537,0.6601037494224957,0.14255125800722168,0.07687847597353015,2.9700029189619226
1120,224.14943295530352,0.5,0.2,0.3333333333333333,0.5,0.1204630893253782,0.6600526998890169,0.14257334127605006,0.076910869509556,2.9700029189619226
1121,224.34956637758503,0.5,0.2,0.3333333333333333,0.5,0.12046057752231347,0.6600006567702634,0.14259588556244676,0.07694288014497755,2.9700029189619226
1122,224.54969979986657,0.5,0.2,0.3333333333333333,0.5,0.12045897149960669,0.6599476590131299,0.14261887391043668,0.07697449557682791,2.9700029189619226
1123,224.74983322214808,0.5,0.2,0.3333333333333333,0.5,0.12045826123501409,0.6598937455928151,0.14264228933322706,0.07700570383894492,2.9700029189619226
1124,224.94996664442962,0.5,0.2,0.3333333333333333,0.5,0.1204584363818095,0.6598389554904882,0.14266611482199895,0.07703649330570443,2.9700029189619226
1125,225.15010006671113,0.5,0.2,0.3333333333333333,0.5,0.12045948627873036,0.6597833276709855,0.14269033335466647,0.07706685269561886,2.9700029189619226
1126,225.35023348899264,0.5,0.2,0.3333333333333333,0.5,0.1204613999600612,0.6597269010605337,0.14271492790460488,0.07709677107480131,2.9700029189619226
1127,225.55036691127418,0.5,0.2,0.3333333333333333,0.5,0.1204641661658546,0.6596697145245043,0.14273988144934716,0.07712623786029509,2.9700029189619226
1128,225.7505003335557,0.5,0.2,0.3333333333333333,0.5,0.12046777331744518,0.659611806903497,0.14276517698052965,0.07715524279852928,2.9700029189619226
1129,225.9506337558372,0.5,0.2,0.3333333333333333,0.5,0.12047220945855597,0.6595532171072551,0.14279079751507673,0.0771837759191133,2.9700029189619226
1130,226.15076717811874,0.5,0.2,0.3333333333333333,0.5,0.1204774624311627,0.6594939838160361,0.14281672609772741,0.07721182765507499,2.9700029189619226
1131,226.35090060040025,0.5,0.2,0.3333333333333333,0.5,0.1204835198183768,0.6594341455720709,0.14284294581210144,0.07723938879745204,2.9700029189619226
1132,226.5510340226818,0.5,0.2,0.3333333333333333,0.5,0.12049036894699205,0.6593737407714519,0.14286943978954514,0.077266450492012,2.9700029189619226
1133,226.7511674449633,0.5,0.2,0.3333333333333333,0.5,0.12049799689704142,0.6593128076445496,0.14289619121769312,0.07729300424071703,2.9700029189619226
1134,226.9513008672448,0.5,0.2,0.3333333333333333,0.5,0.12050639051142815,0.6592513842365628,0.14292318334900075,0.07731904190300946,2.9700029189619226
1135,227.15143428952635,0.5,0.2,0.3333333333333333,0.5,0.12051553640563178,0.6591895083882042,0.1429503995092471,0.07734455569691819,2.9700029189619226
1136,227.35156771180786,0.5,0.2,0.3333333333333333,0.5,0.12052542097748856,0.6591272177165182,0.1429778231060089,0.07736953819998568,2.9700029189619226
1137,227.55170113408937,0.5,0.2,0.3333333333333333,0.5,0.1205360304170465,0.6590645495958336,0.14300543763710505,0.07739398235001607,2.9700029189619226
1138,227.7518345563709,0.5,0.2,0.3333333333333333,0.5,0.12054735070830627,0.6590015411601414,0.14303322668823187,0.07741788144332172,2.9700029189619226
1139,227.95196797865242,0.5,0.2,0.3333333333333333,0.5,0.12055936757559851,0.6589382294497439,0.14306117385758765,0.07744122911707119,2.9700029189619226
1140,228.15210140093396,0.5,0.2,0.3333333333333333,0.5,0.12057206659091321,0.6588746511397584,0.14308926289225454,0.07746401937707512,2.9700029189619226
1141,228.35223482321547,0.5,0.2,0.3333333333333333,0.5,0.12058543316331168,0.6588108425755327,0.14311747766922095,0.07748624659193597,2.9700029189619226
1142,228.55236824549698,0.5,0.2,0.3333333333333333,0.5,0.12059945253533517,0.6587468397901973,0.14314580218548734,0.07750790548898136,2.9700029189619226
1143,228.75250166777852,0.5,0.2,0.3333333333333333,0.5,0.1206141097924045,0.6586826784887698,0.14317422056514628,0.07752899115368055,2.9700029189619226
1144,228.95263509006003,0.5,0.2,0.3333333333333333,0.5,0.12062938987225548,0.6586183940324924,0.14320271706638243,0.07754949902887076,2.9700029189619226
1145,229.15276851234154,0.5,0.2,0.3333333333333333,0.5,0.12064527757441063,0.6585540214234045,0.1432312760883925,0.07756942491379352,2.9700029189619226
1146,229.35290193462308,0.5,0.2,0.3333333333333333,0.5,0.12066175756968674,0.6584895952891483,0.14325988217822536,0.07758876496294063,2.9700029189619226
1147,229.5530353569046,0.5,0.2,0.3333333333333333,0.5,0.12067881440973863,0.6584251498680106,0.14328852003754178,0.0776075156847101,2.9700029189619226
1148,229.75316877918613,0.5,0.2,0.3333333333333333,0.5,0.12069643253629433,0.6583607189957906,0.14331717452815326,0.07762567393976283,2.9700029189619226
1149,229.95330220146764,0.5,0.2,0.3333333333333333,0.5,0.12071459627484757,0.6582963361650269,0.1433458306258714,0.07764323693425512,2.9700029189619226
1150,230.15343562374915,0.5,0.2,0.3333333333333333,0.5,0.12073328986037798,0.6582320344363511,0.14337447348025867,0.0776602022230132,2.9700029189619226
1151,230.35356904603069,0.5,0.2,0.3333333333333333,0.5,0.1207524974518026,0.6581678464024118,0.1434030884368494,0.07767656770893726,2.9700029189619226
1152,230.5537024683122,0.5,0.2,0.3333333333333333,0.5,0.12077220313485018,0.6581038042057954,0.14343166102081828,0.07769233163853723,2.9700029189619226
1153,230.75383589059373,0.5,0.2,0.3333333333333333,0.5,0.12079239093159187,0.6580399395265334,0.14346017694250054,0.07770749259937523,2.9700029189619226
1154,230.95396931287524,0.5,0.2,0.3333333333333333,0.5,0.12081304480999808,0.6579762835698887,0.1434886221027996,0.07772204951731473,2.9700029189619226
1155,231.15410273515675,0.5,0.2,0.3333333333333333,0.5,0.1208341486935214,0.6579128670544216,0.14351698259848167,0.07773600165357632,2.9700029189619226
1156,231.3542361574383,0.5,0.2,0.3333333333333333,0.5,0.12085568647070583,0.6578497202003374,0.14354524472735758,0.07774934860160031,2.9700029189619226
1157,231.5543695797198,0.5,0.2,0.3333333333333333,0.5,0.12087764200482201,0.6577868727181111,0.14357339499335195,0.07776209028371604,2.9700029189619226
1158,231.75450300200131,0.5,0.2,0.3333333333333333,0.5,0.12089999914352868,0.657724353797395,0.14360142011145957,0.07777422694761783,2.9700029189619226
1159,231.95463642428285,0.5,0.2,0.3333333333333333,0.5,0.12092274164231294,0.6576621921852335,0.1436293070102864,0.07778575916216833,2.9700029189619226
1160,232.15476984656436,0.5,0.2,0.3333333333333333,0.5,0.12094585318021701,0.6576004161693219,0.14365704283694095,0.0777966878135213,2.9700029189619226
1161,232.3549032688459,0.5,0.2,0.3333333333333333,0.5,0.12096931752023797,0.6575390534122338,0.14368461496567395,0.07780701410185531,2.9700029189619226
1162,232.5550366911274,0.5,0.2,0.3333333333333333,0.5,0.12099311843097323,0.6574781310324099,0.14371201100003114,0.07781673953658674,2.9700029189619226
1163,232.75517011340892,0.5,0.2,0.3333333333333333,0.5,0.12101723969406267,0.657417675596889,0.143739218777183,0.07782586593186634,2.9700029189619226
1164,232.95530353569046,0.5,0.2,0.3333333333333333,0.5,0.12104166511207538,0.6573577131138884,0.14376622637215253,0.07783439540188473,2.9700029189619226
1165,233.15543695797197,0.5,0.2,0.3333333333333333,0.5,0.12106637851634185,0.6572982690257464,0.14379302210192846,0.07784233035598431,2.9700029189619226
1166,233.35557038025348,0.5,0.2,0.3333333333333333,0.5,0.1210913637747315,0.6572393682022288,0.1438195945294633,0.07784967349357733,2.9700029189619226
1167,233.55570380253502,0.5,0.2,0.3333333333333333,0.5,0.12111660479937571,0.6571810349341984,0.14384593246755648,0.07785642779887025,2.9700029189619226
1168,233.75583722481653,0.5,0.2,0.3333333333333333,0.5,0.12114208555433623,0.6571232929276477,0.14387202498262255,0.07786259653539444,2.9700029189619226
1169,233.95597064709807,0.5,0.2,0.3333333333333333,0.5,0.12116779011953896,0.6570661649089438,0.1438978615385811,0.07786818343293712,2.9700029189619226
1170,234.15610406937958,0.5,0.2,0.3333333333333333,0.5,0.12119370246055647,0.6570096743642516,0.14392343125463888,0.07787319192055389,2.9700029189619226
1171,234.3562374916611,0.5,0.2,0.3333333333333333,0.5,0.1212198068395829,0.6569538425522411,0.14394872420737728,0.07787762640079968,2.9700029189619226
1172,234.55637091394263,0.5,0.2,0.3333333333333333,0.5,0.12124608750508932,0.656898690819159,0.14397373045577547,0.07788149121997714,2.9700029189619226
1173,234.75650433622414,0.5,0.2,0.3333333333333333,0.5,0.12127252879745813,0.6568442398914898,0.14399844032587783,0.07788479098517513,2.9700029189619226
1174,234.95663775850565,0.5,0.2,0.3333333333333333,0.5,0.1212991151560649,0.6567905098747353,0.14402284441205332,0.07788753055714737,2.9700029189619226
1175,235.1567711807872,0.5,0.2,0.3333333333333333,0.5,0.12132583112635997,0.6567375202521952,0.14404693357825463,0.07788971504319107,2.9700029189619226
1176,235.3569046030687,0.5,0.2,0.3333333333333333,0.5,0.12135266136695019,0.6566852898837474,0.14407069895927763,0.07789134979002565,2.9700029189619226
1177,235.55703802535024,0.5,0.2,0.3333333333333333,0.5,0.12137959065668055,0.6566338370046284,0.14409413196202067,0.07789244037667126,2.9700029189619226
1178,235.75717144763175,0.5,0.2,0.3333333333333333,0.5,0.12140660390171593,0.6565831792242136,0.14411722426674387,0.07789299260732754,2.9700029189619226
1179,235.95730486991326,0.5,0.2,0.3333333333333333,0.5,0.12143368613897466,0.6565333335254332,0.1441399678248384,0.07789301251075462,2.9700029189619226
1180,236.1574382921948,0.5,0.2,0.3333333333333333,0.5,0.12146082251290015,0.6564843162688344,0.1441623548310889,0.07789250638717742,2.9700029189619226
1181,236.3575717144763,0.5,0.2,0.3333333333333333,0.5,0.12148799832450864,0.6564361431840487,0.1441843777650808,0.07789148072636266,2.9700029189619226
1182,236.55770513675782,0.5,0.2,0.3333333333333333,0.5,0.12151519903107004,0.6563888293698625,0.14420602938537927,0.07788994221368907,2.9700029189619226
1183,236.75783855903936,0.5,0.2,0.3333333333333333,0.5,0.12154241024707294,0.6563423892940625,0.14422730272493692,0.07788789773392853,2.9700029189619226
1184,236.95797198132087,0.5,0.2,0.3333333333333333,0.5,0.12156961775088551,0.6562968367922901,0.14424819109195058,0.07788535436487469,2.9700029189619226
1185,237.1581054036024,0.5,0.2,0.3333333333333333,0.5,0.12159680749141662,0.6562521850668945,0.1442686880707182,0.07788231937097147,2.9700029189619226
1186,237.35823882588392,0.5,0.2,0.3333333333333333,0.5,0.12162396558977613,0.656208446689629,0.14428878752399105,0.07787880019660466,2.9700029189619226
1187,237.55837224816543,0.5,0.2,0.3333333333333333,0.5,0.12165107826464566,0.6561656336629614,0.14430848361814014,0.07787480445425364,2.9700029189619226
1188,237.75850567044697,0.5,0.2,0.3333333333333333,0.5,0.12167813193366281,0.6561237573461499,0.14432777079568637,0.07787033992450172,2.9700029189619226
1189,237.95863909272848,0.5,0.2,0.3333333333333333,0.5,0.12170511321955998,0.6560828284544978,0.1443466437763136,0.07786541454962947,2.9700029189619226
1190,238.15877251500999,0.5,0.2,0.3333333333333333,0.5,0.12173200893449432,0.6560428570753644,0.1443650975644035,0.07786003642573869,2.9700029189619226
1191,238.35890593729152,0.5,0.2,0.3333333333333333,0.5,0.12175880608559768,0.6560038526678725,0.1443831274502246,0.0778542137963061,2.9700029189619226
1192,238.55903935957303,0.5,0.2,0.3333333333333333,0.5,0.12178549188052668,0.6559658240626158,0.1444007290111214,0.07784795504573695,2.9700029189619226
1193,238.75917278185457,0.5,0.2,0.3333333333333333,0.5,0.12181205373264897,0.6559287794637764,0.14441789811031516,0.07784126869326034,2.9700029189619226
1194,238.95930620413608,0.5,0.2,0.3333333333333333,0.5,0.12183847925195704,0.6558927265457923,0.14443463080203175,0.07783416340021977,2.9700029189619226
1195,239.1594396264176,0.5,0.2,0.3333333333333333,0.5,0.12186475626420108,0.6558576723630831,0.1444509234218381,0.07782664795087854,2.9700029189619226
1196,239.35957304869913,0.5,0.2,0.3333333333333333,0.5,0.1218908728207228,0.6558236233213788,0.1444667726159464,0.0778187312419529,2.9700029189619226
1197,239.55970647098064,0.5,0.2,0.3333333333333333,0.5,0.12191681719842787,0.6557905852143764,0.1444821753057961,0.07781042228140056,2.9700029189619226
1198,239.75983989326215,0.5,0.2,0.3333333333333333,0.5,0.12194257790512522,0.6557585632248436,0.1444971286878598,0.07780173018217222,2.9700029189619226
1199,239.9599733155437,0.5,0.2,0.3333333333333333,0.5,0.12196814368486651,0.6557275619257219,0.14451163023344943,0.07779266415596298,2.9700029189619226
1200,240.1601067378252,0.5,0.2,0.3333333333333333,0.5,0.1219935035229568,0.655697585281829,0.1445256776882876,0.07778323350692737,2.9700029189619226
1201,240.36024016010674,0.5,0.2,0.3333333333333333,0.5,0.12201864657751174,0.6556686367855633,0.14453926901966588,0.07777344761725982,2.9700029189619226
1202,240.56037358238825,0.5,0.2,0.3333333333333333,0.5,0.12204356223029877,0.6556407193749979,0.1445524024487188,0.07776331594598529,2.9700029189619226
1203,240.76050700466976,0.5,0.2,0.3333333333333333,0.5,0.1220682401458071,0.6556138353369626,0.1445650764885701,0.07775284802866095,2.9700029189619226
1204,240.9606404269513,0.5,0.2,0.3333333333333333,0.5,0.12209267023608765,0.6555879863820306,0.14457728991523977,0.07774205346664266,2.9700029189619226
1205,241.1607738492328,0.5,0.2,0.3333333333333333,0.5,0.12211684266488632,0.6555631736478219,0.14458904176658963,0.07773094192070282,2.9700029189619226
1206,241.36090727151432,0.5,0.2,0.3333333333333333,0.5,0.1221407478517773,0.6555393977023065,0.1446003313412687,0.0777195231046482,2.9700029189619226
1207,241.56104069379586,0.5,0.2,0.3333333333333333,0.5,0.12216437647629631,0.6555166585471078,0.14461115819765857,0.07770780677893792,2.9700029189619226
1208,241.76117411607737,0.5,0.2,0.3333333333333333,0.5,0.12218771941883563,0.6554949557198456,0.14462152211277132,0.07769580274854802,2.9700029189619226
1209,241.9613075383589,0.5,0.2,0.3333333333333333,0.5,0.12221076777268322,0.6554742882850572,0.14463142308620164,0.07768352085605854,2.9700029189619226
1210,242.16144096064042,0.5,0.2,0.3333333333333333,0.5,0.12223351294029752,0.6554546546931962,0.14464086139742338,0.07767097096908346,2.9700029189619226
1211,242.36157438292193,0.5,0.2,0.3333333333333333,0.5,0.12225594658438801,0.6554360528670231,0.14464983757113792,0.0776581629774515,2.9700029189619226
1212,242.56170780520347,0.5,0.2,0.3333333333333333,0.5,0.12227806063067238,0.655418480207064,0.14465835237534796,0.0776451067869163,2.9700029189619226
1213,242.76184122748498,0.5,0.2,0.3333333333333333,0.5,0.12229984727071755,0.6554019335969371,0.14466640681948467,0.0776318123128612,2.9700029189619226
1214,242.9619746497665,0.5,0.2,0.3333333333333333,0.5,0.1223212989647807,0.6553864094086814,0.1446740021525347,0.07761828947400382,2.9700029189619226
1215,243.16210807204803,0.5,0.2,0.3333333333333333,0.5,0.12234240841399668,0.6553719035604018,0.14468113982570516,0.077604548199897,2.9700029189619226
1216,243.36224149432954,0.5,0.2,0.3333333333333333,0.5,0.12236316854540595,0.6553584115520007,0.14468782146994313,0.07759059843265083,2.9700029189619226
1217,243.56237491661108,0.5,0.2,0.3333333333333333,0.5,0.12238357259059023,0.6553459283411391,0.1446940489817472,0.07757645008652408,2.9700029189619226
1218,243.7625083388926,0.5,0.2,0.3333333333333333,0.5,0.12240361405171887,0.6553344484113647,0.14469982447872778,0.07756211305818926,2.9700029189619226
1219,243.9626417611741,0.5,0.2,0.3333333333333333,0.5,0.1224232867027148,0.6553239657802983,0.14470515029579648,0.07754759722119109,2.9700029189619226
1220,244.16277518345564,0.5,0.2,0.3333333333333333,0.5,0.12244258459127141,0.6553144740063674,0.14471002898233964,0.07753291242002214,2.9700029189619226
1221,244.36290860573715,0.5,0.2,0.3333333333333333,0.5,0.12246150204086949,0.6553059661955407,0.14471446329939203,0.0775180684641984,2.9700029189619226
1222,244.56304202801866,0.5,0.2,0.3333333333333333,0.5,0.12248003361185358,0.6552984350537768,0.14471845619593005,0.07750307513844014,2.9700029189619226
1223,244.7631754503002,0.5,0.2,0.3333333333333333,0.5,0.12249817404562077,0.6552918729583317,0.144722010776552,0.07748794221949605,2.9700029189619226
1224,244.9633088725817,0.5,0.2,0.3333333333333333,0.5,0.12251591842669975,0.6552862717857613,0.14472513038028637,0.07747267940725319,2.9700029189619226
1225,245.16344229486324,0.5,0.2,0.3333333333333333,0.5,0.12253326211553406,0.6552816229959637,0.14472781854245498,0.07745729634604787,2.9700029189619226
1226,245.36357571714476,0.5,0.2,0.3333333333333333,0.5,0.1225502007448204,0.6552779176452546,0.1447300789889505,0.07744180262097507,2.9700029189619226
1227,245.56370913942627,0.5,0.2,0.3333333333333333,0.5,0.12256673022065363,0.6552751463940744,0.14473191563296542,0.07742620775230707,2.9700029189619226
1228,245.7638425617078,0.5,0.2,0.3333333333333333,0.5,0.12258284672367178,0.6552732995146958,0.14473333257172097,0.07741052118991197,2.9700029189619226
1229,245.96397598398931,0.5,0.2,0.3333333333333333,0.5,0.12259854671020098,0.6552723668989312,0.14473433408319608,0.07739475230767226,2.9700029189619226
1230,246.16410940627082,0.5,0.2,0.3333333333333333,0.5,0.12261382691123016,0.6552723380679731,0.14473492462176438,0.07737891039903286,2.9700029189619226
1231,246.36424282855236,0.5,0.2,0.3333333333333333,0.5,0.12262868417741735,0.6552732023335509,0.14473510873636367,0.07736300475266862,2.9700029189619226
1232,246.56437625083387,0.5,0.2,0.3333333333333333,0.5,0.12264311562148603,0.6552749486668197,0.14473489113829405,0.07734704457340084,2.9700029189619226
1233,246.7645096731154,0.5,0.2,0.3333333333333333,0.5,0.12265711868885389,0.6552775656377813,0.14473427673290667,0.07733103894045877,2.9700029189619226
1234,246.96464309539692,0.5,0.2,0.3333333333333333,0.5,0.12267069108552342,0.6552810414949842,0.14473327057947571,0.07731499684001729,2.9700029189619226
1235,247.16477651767843,0.5,0.2,0.3333333333333333,0.5,0.12268383077784083,0.6552853641745933,0.14473187788722983,0.07729892716033668,2.9700029189619226
1236,247.36490993995997,0.5,0.2,0.3333333333333333,0.5,0.12269653599225501,0.6552905213094593,0.14473010401138378,0.07728283868690253,2.9700029189619226
1237,247.56504336224148,0.5,0.2,0.3333333333333333,0.5,0.12270880521507649,0.6552965002381886,0.14472795444917008,0.07726674009756547,2.9700029189619226
1238,247.765176784523,0.5,0.2,0.3333333333333333,0.5,0.12272063719223639,0.6553032880142127,0.14472543483587053,0.07725063995768106,2.9700029189619226
1239,247.96531020680453,0.5,0.2,0.3333333333333333,0.5,0.12273203090160677,0.6553108714317146,0.1447225509295976,0.07723454673708172,2.9700029189619226
1240,248.16544362908604,0.5,0.2,0.3333333333333333,0.5,0.122742985438685,0.6553192371047787,0.14471930856055404,0.0772184688959829,2.9700029189619226
1241,248.36557705136758,0.5,0.2,0.3333333333333333,0.5,0.12275350022288516,0.65532837134958,0.14471571371174535,0.07720241471579022,2.9700029189619226
1242,248.5657104736491,0.5,0.2,0.3333333333333333,0.5,0.12276357493313607,0.6553382602328695,0.1447117724887046,0.0771863923452905,2.9700029189619226
1243,248.7658438959306,0.5,0.2,0.3333333333333333,0.5,0.12277320949025662,0.6553488895917242,0.14470749110839648,0.0771704098096233,2.9700029189619226
1244,248.96597731821214,0.5,0.2,0.3333333333333333,0.5,0.12278240405564413,0.6553602450432738,0.14470287589480998,0.07715447500627262,2.9700029189619226
1245,249.16611074049365,0.5,0.2,0.3333333333333333,0.5,0.12279115902996261,0.6553723119944285,0.14469793327455094,0.07713859570105855,2.9700029189619226
1246,249.36624416277516,0.5,0.2,0.3333333333333333,0.5,0.12279947505183116,0.6553850756516056,0.14469266977243467,0.07712277952412903,2.9700029189619226
1247,249.5663775850567,0.5,0.2,0.3333333333333333,0.5,0.12280735299651221,0.6553985210304581,0.1446870920070786,0.07710703396595148,2.9700029189619226
1248,249.7665110073382,0.5,0.2,0.3333333333333333,0.5,0.12281479388812488,0.6554126329941792,0.1446812066696507,0.07709136644804575,2.9700029189619226
1249,249.96664442961975,0.5,0.2,0.3333333333333333,0.5,0.12282179891673992,0.6554273962571463,0.14467502052304748,0.07707578430306679,2.9700029189619226
1250,250.16677785190126,0.5,0.2,0.3333333333333333,0.5,0.12282836956779682,0.6554427953514468,0.14466854042295077,0.07706029465780606,2.9700029189619226
1251,250.36691127418277,0.5,0.2,0.3333333333333333,0.5,0.12283450754275903,0.6554588146623926,0.1446617732982206,0.07704490449662815,2.9700029189619226
1252,250.5670446964643,0.5,0.2,0.3333333333333333,0.5,0.12284021475658888,0.655475438438649,0.14465472614625138,0.07702962065851113,2.9700029189619226
1253,250.76717811874582,0.5,0.2,0.3333333333333333,0.5,0.12284549333538893,0.6554926508023077,0.14464740602836063,0.07701444983394315,2.9700029189619226
1254,250.96731154102733,0.5,0.2,0.3333333333333333,0.5,0.1228503456140435,0.6555104357589603,0.14463982006517764,0.07699939856181895,2.9700029189619226
1255,251.16744496330887,0.5,0.2,0.3333333333333333,0.5,0.12285477413386006,0.6555287772077717,0.14463197543203224,0.07698447322633638,2.9700029189619226
1256,251.36757838559038,0.5,0.2,0.3333333333333333,0.5,0.12285878163131543,0.6555476589503453,0.1446238793544114,0.07696968006392828,2.9700029189619226
1257,251.56771180787192,0.5,0.2,0.3333333333333333,0.5,0.12286237093640773,0.6555670646873119,0.14461553910410624,0.0769550252721746,2.9700029189619226
1258,251.76784523015343,0.5,0.2,0.3333333333333333,0.5,0.12286554510770234,0.6555869780470638,0.14460696199355128,0.07694051485168307,2.9700029189619226
1259,251.96797865243494,0.5,0.2,0.3333333333333333,0.5,0.12286830741295834,0.6556073825935176,0.14459815537134307,0.07692615462218148,2.9700029189619226
1260,252.16811207471648,0.5,0.2,0.3333333333333333,0.5,0.12287066130223036,0.6556282618328546,0.1445891266178164,0.07691195024709917,2.9700029189619226
1261,252.368245496998,0.5,0.2,0.3333333333333333,0.5,0.12287261040470117,0.6556495992234844,0.144579883140439,0.07689790723137598,2.9700029189619226
1262,252.5683789192795,0.5,0.2,0.3333333333333333,0.5,0.12287415852551435,0.6556713781860084,0.14457043236920655,0.0768840309192712,2.9700029189619226
1263,252.76851234156103,0.5,0.2,0.3333333333333333,0.5,0.12287530964260701,0.6556935821131833,0.1445607817520376,0.07687032649217265,2.9700029189619226
1264,252.96864576384255,0.5,0.2,0.3333333333333333,0.5,0.12287606790354232,0.6557161943798845,0.14455093875016825,0.0768567989664055,2.9700029189619226
1265,253.16877918612408,0.5,0.2,0.3333333333333333,0.5,0.12287643759053425,0.6557391983289032,0.14454091084258303,0.0768434532379801,2.9700029189619226
1266,253.3689126084056,0.5,0.2,0.3333333333333333,0.5,0.12287642308437897,0.6557625772559124,0.14453070553075636,0.07683029412895281,2.9700029189619226
1267,253.5690460306871,0.5,0.2,0.3333333333333333,0.5,0.12287602896857715,0.6557863145009456,0.14452033030356873,0.07681732622690891,2.9700029189619226
1268,253.76917945296864,0.5,0.2,0.3333333333333333,0.5,0.12287525997714177,0.6558103934211131,0.1445097926466285,0.07680455395511694,2.9700029189619226
1269,253.96931287525015,0.5,0.2,0.3333333333333333,0.5,0.12287412098838624,0.655834797398252,0.1444991000385316,0.07679198157483046,2.9700029189619226
1270,254.16944629753166,0.5,0.2,0.3333333333333333,0.5,0.12287261702115106,0.6558595098484293,0.14448825994642864,0.0767796131839913,2.9700029189619226
1271,254.3695797198132,0.5,0.2,0.3333333333333333,0.5,0.12287075323103051,0.6558845142314453,0.14447727982159175,0.07676745271593273,2.9700029189619226
1272,254.5697131420947,0.5,0.2,0.3333333333333333,0.5,0.12286853490659935,0.6559097940603367,0.14446616709498172,0.07675550393808261,2.9700029189619226
1273,254.76984656437625,0.5,0.2,0.3333333333333333,0.5,0.12286596746443022,0.65593533290862,0.14445492917388397,0.076743770453066,2.9700029189619226
1274,254.96997998665776,0.5,0.2,0.3333333333333333,0.5,0.12286305639185234,0.6559611143199086,0.14444357348474168,0.07673225580349774,2.9700029189619226
1275,255.17011340893927,0.5,0.2,0.3333333333333333,0.5,0.12285980729929062,0.6559871219222416,0.1444321074191189,0.0767209633593492,2.9700029189619226
1276,255.3702468312208,0.5,0.2,0.3333333333333333,0.5,0.12285622593201316,0.6560133394665845,0.14442053831554716,0.07670989628585563,2.9700029189619226
1277,255.57038025350232,0.5,0.2,0.3333333333333333,0.5,0.12285231814368168,0.6560397507939675,0.1444088734751384,0.07669905758721288,2.9700029189619226
1278,255.77051367578383,0.5,0.2,0.3333333333333333,0.5,0.12284808989222835,0.6560663398443363,0.14439712015746126,0.07668845010597455,2.9700029189619226
1279,255.97064709806537,0.5,0.2,0.3333333333333333,0.5,0.12284354723573278,0.6560930906654011,0.14438528557641722,0.07667807652244935,2.9700029189619226
1280,256.1707805203469,0.5,0.2,0.3333333333333333,0.5,0.12283869632829882,0.6561199874214867,0.1443733768961169,0.07666793935409809,2.9700029189619226
1281,256.3709139426284,0.5,0.2,0.3333333333333333,0.5,0.12283354341593158,0.6561470144023818,0.14436140122675614,0.07665804095493106,2.9700029189619226
1282,256.57104736490993,0.5,0.2,0.3333333333333333,0.5,0.1228280948324143,0.6561741560321888,0.14434936562049236,0.07664838351490513,2.9700029189619226
1283,256.77118078719144,0.5,0.2,0.3333333333333333,0.5,0.12282235697873062,0.656201396809673,0.14433727709951358,0.07663896911208336,2.9700029189619226
1284,256.97131420947295,0.5,0.2,0.3333333333333333,0.5,0.12281633629649667,0.6562287212236744,0.14432514269582739,0.07662979978400221,2.9700029189619226
1285,257.1714476317545,0.5,0.2,0.3333333333333333,0.5,0.12281003932926858,0.6562561140343445,0.14431296931912407,0.07662087731726343,2.9700029189619226
1286,257.371581054036,0.5,0.2,0.3333333333333333,0.5,0.12280347268963764,0.6562835601621786,0.14430076380896364,0.07661220333922074,2.9700029189619226
1287,257.57171447631754,0.5,0.2,0.3333333333333333,0.5,0.12279664305283217,0.6563110446873938,0.14428853293510271,0.07660377932467202,2.9700029189619226
1288,257.77184789859905,0.5,0.2,0.3333333333333333,0.5,0.12278955715232676,0.6563385528576642,0.14427628339389476,0.0765956065961149,2.9700029189619226
1289,257.97198132088056,0.5,0.2,0.3333333333333333,0.5,0.12278222177545142,0.6563660700958567,0.14426402180469,0.07658768632400251,2.9700029189619226
1290,258.1721147431621,0.5,0.2,0.3333333333333333,0.5,0.12277464375900081,0.6563935820077653,0.14425175470623544,0.07658001952699905,2.9700029189619226
1291,258.37224816544364,0.5,0.2,0.3333333333333333,0.5,0.12276682998484337,0.6564210743898469,0.1442394885530748,0.07657260707223554,2.9700029189619226
1292,258.57238158772515,0.5,0.2,0.3333333333333333,0.5,0.12275878737586202,0.6564485332257239,0.14422722971720092,0.0765654496812137,2.9700029189619226
1293,258.77251501000666,0.5,0.2,0.3333333333333333,0.5,0.12275052289782844,0.656475944481629,0.14421498458372628,0.07655854803681678,2.9700029189619226
1294,258.97264843228817,0.5,0.2,0.3333333333333333,0.5,0.1227420435470932,0.6565032943824749,0.14420275942180535,0.07655190264862712,2.9700029189619226
1295,259.1727818545697,0.5,0.2,0.3333333333333333,0.5,0.12273335634616726,0.6565305694205269,0.14419056038059613,0.07654551385271029,2.9700029189619226
1296,259.37291527685124,0.5,0.2,0.3333333333333333,0.5,0.12272446834132494,0.6565577562955788,0.14417839351725215,0.07653938184584465,2.9700029189619226
1297,259.57304869913276,0.5,0.2,0.3333333333333333,0.5,0.12271538659825232,0.6565848419213622,0.14416626479394234,0.07653350668644358,2.9700029189619226
1298,259.77318212141427,0.5,0.2,0.3333333333333333,0.5,0.12270611819769543,0.6566118134319565,0.14415418007487082,0.07652788829547776,2.9700029189619226
1299,259.9733155436958,0.5,0.2,0.3333333333333333,0.5,0.12269667023110863,0.6566386581881977,0.14414214512329684,0.07652252645739734,2.9700029189619226
1300,260.1734489659773,0.5,0.2,0.3333333333333333,0.5,0.12268704979630289,0.6566653637840889,0.1441301655985545,0.07651742082105423,2.9700029189619226
1301,260.37358238825885,0.5,0.2,0.3333333333333333,0.5,0.12267726399309409,0.6566919180532094,0.14411824705307263,0.07651257090062431,2.9700029189619226
1302,260.57371581054036,0.5,0.2,0.3333333333333333,0.5,0.12266731993620805,0.6567183089582289,0.14410639498473685,0.07650797612082667,2.9700029189619226
1303,260.7738492328219,0.5,0.2,0.3333333333333333,0.5,0.12265722475969397,0.656744524537942,0.144094614862019,0.07650363584034552,2.9700029189619226
1304,260.9739826551034,0.5,0.2,0.3333333333333333,0.5,0.12264698556576224,0.6567705532307696,0.14408291197087617,0.07649954923259239,2.9700029189619226
1305,261.1741160773849,0.5,0.2,0.3333333333333333,0.5,0.12263660944400281,0.6567963837215062,0.14407129148735973,0.07649571534713165,2.9700029189619226
1306,261.37424949966646,0.5,0.2,0.3333333333333333,0.5,0.12262610346790286,0.6568220049418405,0.14405975847742292,0.0764921331128341,2.9700029189619226
1307,261.574382921948,0.5,0.2,0.3333333333333333,0.5,0.12261547469070977,0.6568474060753109,0.14404831789462932,0.07648880133935038,2.9700029189619226
1308,261.7745163442295,0.5,0.2,0.3333333333333333,0.5,0.12260473014129411,0.6568725765622607,0.14403697457786124,0.07648571871858433,2.9700029189619226
1309,261.974649766511,0.5,0.2,0.3333333333333333,0.5,0.12259387682001273,0.6568975061047932,0.14402573324902804,0.07648288382616633,2.9700029189619226
1310,262.1747831887925,0.5,0.2,0.3333333333333333,0.5,0.12258292169457169,0.6569221846717272,0.14401459851077464,0.07648029512292677,2.9700029189619226
1311,262.374916611074,0.5,0.2,0.3333333333333333,0.5,0.12257187170217733,0.6569466024797769,0.14400357485529552,0.07647795096275067,2.9700029189619226
1312,262.5750500333556,0.5,0.2,0.3333333333333333,0.5,0.12256073380868894,0.6569707497592099,0.14399266677382228,0.07647584965827933,2.9700029189619226
1313,262.7751834556371,0.5,0.2,0.3333333333333333,0.5,0.12254951491173184,0.6569946171094888,0.1439818785905215,0.07647398938825825,2.9700029189619226
1314,262.9753168779186,0.5,0.2,0.3333333333333333,0.5,0.1225382218509458,0.6570181954498352,0.1439712144856101,0.07647236821360924,2.9700029189619226
1315,263.1754503002001,0.5,0.2,0.3333333333333333,0.5,0.12252686141921985,0.6570414759660645,0.14396067852021244,0.07647098409450355,2.9700029189619226
1316,263.3755837224816,0.5,0.2,0.3333333333333333,0.5,0.12251544035895308,0.6570644501140368,0.14395027463477153,0.07646983489223896,2.9700029189619226
1317,263.5757171447632,0.5,0.2,0.3333333333333333,0.5,0.12250396535831543,0.6570871096231082,0.14394000664745984,0.07646891837111687,2.9700029189619226
1318,263.7758505670447,0.5,0.2,0.3333333333333333,0.5,0.12249244304750853,0.657109446499582,0.1439298782525905,0.07646823220031934,2.9700029189619226
1319,263.9759839893262,0.5,0.2,0.3333333333333333,0.5,0.12248087999502656,0.6571314530301596,0.1439198930190279,0.07646777395578626,2.9700029189619226
1320,264.1761174116077,0.5,0.2,0.3333333333333333,0.5,0.12246928270391699,0.6571531217853919,0.14391005438859922,0.07646754112209231,2.9700029189619226
1321,264.37625083388923,0.5,0.2,0.3333333333333333,0.5,0.12245765766184992,0.6571744454693956,0.14390036574490428,0.0764675311238505,2.9700029189619226
1322,264.5763842561708,0.5,0.2,0.3333333333333333,0.5,0.12244601133084086,0.657195416941985,0.1438908304031729,0.0764677413240016,2.9700029189619226
1323,264.7765176784523,0.5,0.2,0.3333333333333333,0.5,0.12243435004986823,0.6572160294896665,0.14388145148615933,0.07646816897430625,2.9700029189619226
1324,264.9766511007338,0.5,0.2,0.3333333333333333,0.5,0.12242268008570496,0.657236276673179,0.14387223199394975,0.07646881124716672,2.9700029189619226
1325,265.17678452301533,0.5,0.2,0.3333333333333333,0.5,0.12241100762999571,0.657256152328611,0.14386317480344157,0.076469665237952,2.9700029189619226
1326,265.37691794529684,0.5,0.2,0.3333333333333333,0.5,0.12239933879604475,0.6572756505693476,0.14385428266744393,0.07647072796716402,2.9700029189619226
1327,265.57705136757835,0.5,0.2,0.3333333333333333,0.5,0.12238767961560386,0.657294765788014,0.14384555821377829,0.07647199638260406,2.9700029189619226
1328,265.7771847898599,0.5,0.2,0.3333333333333333,0.5,0.12237603603566014,0.6573134926584223,0.1438370039443789,0.07647346736153893,2.9700029189619226
1329,265.9773182121414,0.5,0.2,0.3333333333333333,0.5,0.12236441391522394,0.6573318261375156,0.14382862223439344,0.07647513771286733,2.9700029189619226
1330,266.17745163442294,0.5,0.2,0.3333333333333333,0.5,0.12235281904218974,0.6573497614212115,0.1438204153522713,0.07647700418432762,2.9700029189619226
1331,266.37758505670445,0.5,0.2,0.3333333333333333,0.5,0.12234125724310965,0.65736729368685,0.14381238557699913,0.07647906349304143,2.9700029189619226
1332,266.57771847898596,0.5,0.2,0.3333333333333333,0.5,0.12232973417722161,0.6573844185608225,0.143804534985201,0.07648131227675513,2.9700029189619226
1333,266.7778519012675,0.5,0.2,0.3333333333333333,0.5,0.1223182553897313,0.6574011319907661,0.14379686550930768,0.0764837471101951,2.9700029189619226
1334,266.97798532354904,0.5,0.2,0.3333333333333333,0.5,0.12230682633068485,0.6574174301967858,0.1437893789597487,0.07648636451278083,2.9700029189619226
1335,267.17811874583055,0.5,0.2,0.3333333333333333,0.5,0.1222954523522106,0.6574333096723571,0.1437820770245272,0.07648916095090519,2.9700029189619226
1336,267.37825216811206,0.5,0.2,0.3333333333333333,0.5,0.12228413870576095,0.657448767185229,0.14377496126879535,0.07649213284021474,2.9700029189619226
1337,267.57838559039357,0.5,0.2,0.3333333333333333,0.5,0.12227289053935417,0.6574637997783265,0.14376803313442946,0.07649527654789005,2.9700029189619226
1338,267.77851901267513,0.5,0.2,0.3333333333333333,0.5,0.12226171289481626,0.6574784047706527,0.14376129393960518,0.076498588394926,2.9700029189619226
1339,267.97865243495664,0.5,0.2,0.3333333333333333,0.5,0.12225061070502273,0.6574925797581925,0.14375474487837275,0.0765020646584121,2.9700029189619226
1340,268.17878585723815,0.5,0.2,0.3333333333333333,0.5,0.12223958879114047,0.6575063226148147,0.14374838702023213,0.07650570157381278,2.9700029189619226
1341,268.37891927951966,0.5,0.2,0.3333333333333333,0.5,0.12222865186112497,0.6575196314905893,0.14374222131087114,0.07650949533741458,2.9700029189619226
1342,268.5790527018012,0.5,0.2,0.3333333333333333,0.5,0.12221780470158362,0.6575325044119216,0.14373624875202304,0.07651344213447184,2.9700029189619226
1343,268.7791861240827,0.5,0.2,0.3333333333333333,0.5,0.12220705200004327,0.657544939642765,0.14373047023895902,0.07651753811823274,2.9700029189619226
1344,268.97931954636425,0.5,0.2,0.3333333333333333,0.5,0.12219639822347375,0.6575569359299925,0.14372488645009188,0.07652177939644184,2.9700029189619226
1345,269.17945296864576,0.5,0.2,0.3333333333333333,0.5,0.12218584772898003,0.6575684922706792,0.14371949795164285,0.07652616204869797,2.9700029189619226
1346,269.3795863909273,0.5,0.2,0.3333333333333333,0.5,0.12217540476185955,0.6575796079113251,0.14371430519797224,0.07653068212884308,2.9700029189619226
1347,269.5797198132088,0.5,0.2,0.3333333333333333,0.5,0.12216507345365966,0.6575902823470794,0.14370930853191016,0.07653533566735078,2.9700029189619226
1348,269.7798532354903,0.5,0.2,0.3333333333333333,0.5,0.12215485782023495,0.6576005153209628,0.1437045081850872,0.07654011867371512,2.9700029189619226
1349,269.97998665777186,0.5,0.2,0.3333333333333333,0.5,0.12214476175980472,0.657610306823091,0.14369990427826498,0.0765450271388393,2.9700029189619226
1350,270.18012008005337,0.5,0.2,0.3333333333333333,0.5,0.12213478905101027,0.6576196570898984,0.14369549682166696,0.07655005703742432,2.9700029189619226
1351,270.3802535023349,0.5,0.2,0.3333333333333333,0.5,0.12212494335097235,0.6576285666033609,0.14369128571530904,0.07655520433035772,2.9700029189619226
1352,270.5803869246164,0.5,0.2,0.3333333333333333,0.5,0.12211522819334852,0.6576370360902191,0.1436872707493302,0.07656046496710223,2.9700029189619226
1353,270.7805203468979,0.5,0.2,0.3333333333333333,0.5,0.12210564706447953,0.6576450663943952,0.14368345166014695,0.07656583488097816,2.9700029189619226
1354,270.98065376917947,0.5,0.2,0.3333333333333333,0.5,0.12209620351764373,0.6576526582875284,0.14367982821385009,0.07657130998097775,2.9700029189619226
1355,271.180787191461,0.5,0.2,0.3333333333333333,0.5,0.12208690082777582,0.6576598130257335,0.14367639996109177,0.07657688618539883,2.9700029189619226
1356,271.3809206137425,0.5,0.2,0.3333333333333333,0.5,0.12207774214109342,0.6576665321026973,0.14367316634576902,0.07658255941044023,2.9700029189619226
1357,271.581054036024,0.5,0.2,0.3333333333333333,0.5,0.12206873048629063,0.6576728172275693,0.143670126714745,0.07658832557139503,2.9700029189619226
1358,271.7811874583055,0.5,0.2,0.3333333333333333,0.5,0.12205986877338662,0.6576786703229007,0.14366728031874537,0.07659418058496727,2.9700029189619226
1359,271.981320880587,0.5,0.2,0.3333333333333333,0.5,0.12205115979257417,0.6576840935225827,0.14366462631325444,0.07660012037158861,2.9700029189619226
1360,272.1814543028686,0.5,0.2,0.3333333333333333,0.5,0.12204260621306824,0.6576890891697851,0.14366216375941146,0.07660614085773512,2.9700029189619226
1361,272.3815877251501,0.5,0.2,0.3333333333333333,0.5,0.12203421058195456,0.6576936598148946,0.14365989162490697,0.07661223797824385,2.9700029189619226
1362,272.5817211474316,0.5,0.2,0.3333333333333333,0.5,0.12202597532303813,0.6576978082134532,0.1436578087848789,0.07661840767862961,2.9700029189619226
1363,272.7818545697131,0.5,0.2,0.3333333333333333,0.5,0.12201790273569187,0.6577015373240973,0.14365591402280906,0.07662464591740166,2.9700029189619226
1364,272.98198799199463,0.5,0.2,0.3333333333333333,0.5,0.12200999500843428,0.6577048502862692,0.14365420604031667,0.07663094866497963,2.9700029189619226
1365,273.1821214142762,0.5,0.2,0.3333333333333333,0.5,0.122002254424721,0.6577077501339843,0.14365268358306496,0.07663731185822958,2.9700029189619226
1366,273.3822548365577,0.5,0.2,0.3333333333333333,0.5,0.12199468306599155,0.657710240199961,0.1436513452629694,0.0766437314710778,2.9700029189619226
1367,273.5823882588392,0.5,0.2,0.3333333333333333,0.5,0.12198728283796456,0.6577123240758709,0.14365018957567396,0.07665020351049028,2.9700029189619226
1368,273.7825216811207,0.5,0.2,0.3333333333333333,0.5,0.12198005553095174,0.6577140055258726,0.14364921493857746,0.0766567240045979,2.9700029189619226
1369,273.98265510340224,0.5,0.2,0.3333333333333333,0.5,0.1219730028194687,0.6577152884835038,0.1436484196921901,0.07666328900483713,2.9700029189619226
1370,274.1827885256838,0.5,0.2,0.3333333333333333,0.5,0.12196612626184537,0.6577161770485733,0.14364780210149017,0.07666989458809072,2.9700029189619226
1371,274.3829219479653,0.5,0.2,0.3333333333333333,0.5,0.12195942729983687,0.6577166754840535,0.14364736035728065,0.07667653685882855,2.9700029189619226
1372,274.5830553702468,0.5,0.2,0.3333333333333333,0.5,0.12195290725823398,0.6577167882129715,0.14364709257754574,0.0766832119512483,2.9700029189619226
1373,274.78318879252834,0.5,0.2,0.3333333333333333,0.5,0.12194656734447379,0.657716519815302,0.14364699680880758,0.0766899160314162,2.9700029189619226
1374,274.98332221480985,0.5,0.2,0.3333333333333333,0.5,0.12194040864825045,0.6577158750248585,0.14364707102748278,0.0766966452994078,2.9700029189619226
1375,275.18345563709136,0.5,0.2,0.3333333333333333,0.5,0.1219344321411257,0.6577148587261861,0.1436473131412391,0.0767033959914487,2.9700029189619226
1376,275.3835890593729,0.5,0.2,0.3333333333333333,0.5,0.12192863879153402,0.6577134758341323,0.14364772104213036,0.07671016433220272,2.9700029189619226
1377,275.58372248165443,0.5,0.2,0.3333333333333333,0.5,0.12192302953672186,0.6577117313188736,0.1436482925955367,0.07671694654886733,2.9700029189619226
1378,275.78385590393594,0.5,0.2,0.3333333333333333,0.5,0.12191760508635383,0.6577096304020814,0.1436490255535725,0.07672373895799174,2.9700029189619226
1379,275.98398932621745,0.5,0.2,0.3333333333333333,0.5,0.12191236604225765,0.6577071784316759,0.1436499176103484,0.07673053791571754,2.9700029189619226
1380,276.18412274849896,0.5,0.2,0.3333333333333333,0.5,0.12190731289924307,0.6577043808774893,0.14365096640386968,0.07673733981939743,2.9700029189619226
1381,276.38425617078053,0.5,0.2,0.3333333333333333,0.5,0.12190244604536508,0.6577012433274945,0.14365216951768603,0.07674414110945398,2.9700029189619226
1382,276.58438959306204,0.5,0.2,0.3333333333333333,0.5,0.12189776576218729,0.657697771484033,0.14365352448254082,0.07675093827123843,2.9700029189619226
1383,276.78452301534355,0.5,0.2,0.3333333333333333,0.5,0.12189327222504528,0.657693971160044,0.14365502877802072,0.07675772783688944,2.9700029189619226
1384,276.98465643762506,0.5,0.2,0.3333333333333333,0.5,0.12188896550330985,0.6576898482752925,0.1436566798342052,0.07676450638719191,2.9700029189619226
1385,277.1847898599066,0.5,0.2,0.3333333333333333,0.5,0.12188484556065042,0.6576854088525976,0.14365847503331577,0.07677127055343569,2.9700029189619226
1386,277.38492328218814,0.5,0.2,0.3333333333333333,0.5,0.12188091225529828,0.6576806590140611,0.1436604117113658,0.07677801701927436,2.9700029189619226
1387,277.58505670446965,0.5,0.2,0.3333333333333333,0.5,0.12187716537344609,0.6576756049545218,0.14366248716986652,0.07678474250216512,2.9700029189619226
1388,277.78519012675116,0.5,0.2,0.3333333333333333,0.5,0.12187360475882762,0.6576702528489068,0.14366469871672422,0.07679144367554099,2.9700029189619226
1389,277.98532354903267,0.5,0.2,0.3333333333333333,0.5,0.12187023005383954,0.6576646090265638,0.14366704358924018,0.07679811733035609,2.9700029189619226
1390,278.1854569713142,0.5,0.2,0.3333333333333333,0.5,0.12186704078643316,0.6576586799079517,0.14366951898205194,0.07680476032356286,2.9700029189619226
1391,278.3855903935957,0.5,0.2,0.3333333333333333,0.5,0.12186403639161456,0.6576524719862726,0.14367212205522806,0.07681136956688439,2.9700029189619226
1392,278.58572381587726,0.5,0.2,0.3333333333333333,0.5,0.12186121621227737,0.6576459918233095,0.14367484993609048,0.07681794202832226,2.9700029189619226
1393,278.78585723815877,0.5,0.2,0.3333333333333333,0.5,0.12185857950003567,0.6576392460452627,0.14367769972103686,0.0768244747336644,2.9700029189619226
1394,278.9859906604403,0.5,0.2,0.3333333333333333,0.5,0.1218561254160567,0.657632241338587,0.1436806684773629,0.07683096476799295,2.9700029189619226
1395,279.1861240827218,0.5,0.2,0.3333333333333333,0.5,0.12185385303189375,0.6576249844458292,0.14368375324508464,0.07683740927719207,2.9700029189619226
1396,279.3862575050033,0.5,0.2,0.3333333333333333,0.5,0.12185176133031891,0.6576174821614641,0.14368695103876072,0.07684380546945578,2.9700029189619226
1397,279.58639092728487,0.5,0.2,0.3333333333333333,0.5,0.12184984920615598,0.6576097413277329,0.14369025884931483,0.07685015061679587,2.9700029189619226
1398,279.7865243495664,0.5,0.2,0.3333333333333333,0.5,0.12184811546914981,0.6576017688302198,0.14369367364601296,0.07685644205461692,2.9700029189619226
1399,279.9866577718479,0.5,0.2,0.3333333333333333,0.5,0.12184655895462033,0.6575935715797255,0.14369719238664702,0.07686267707900661,2.9700029189619226
1400,280.1867911941294,0.5,0.2,0.3333333333333333,0.5,0.12184517840542106,0.6575851565232195,0.14370081201030666,0.07686885306105234,2.9700029189619226
1401,280.3869246164109,0.5,0.2,0.3333333333333333,0.5,0.12184397243658311,0.6575765306442786,0.1437045294364463,0.07687496748269146,2.9700029189619226
1402,280.5870580386925,0.5,0.2,0.3333333333333333,0.5,0.12184293958758866,0.6575677009523837,0.143708341570624,0.07688101788940307,2.9700029189619226
1403,280.787191460974,0.5,0.2,0.3333333333333333,0.5,0.12184207832363156,0.6575586744787018,0.1437122453063562,0.07688700189130997,2.9700029189619226
1404,280.9873248832555,0.5,0.2,0.3333333333333333,0.5,0.12184138703687816,0.6575494582718682,0.14371623752697277,0.0768929171642803,2.9700029189619226
1405,281.187458305537,0.5,0.2,0.3333333333333333,0.5,0.1218408640477279,0.6575400593937704,0.14372031510747177,0.07689876145102946,2.9700029189619226
1406,281.3875917278185,0.5,0.2,0.3333333333333333,0.5,0.12184050760607405,0.6575304849153292,0.14372447491637444,0.07690453256222184,2.9700029189619226
1407,281.5877251501,0.5,0.2,0.3333333333333333,0.5,0.12184031589256439,0.6575207419122824,0.14372871381758,0.07691022837757261,2.9700029189619226
1408,281.7878585723816,0.5,0.2,0.3333333333333333,0.5,0.12184028701986192,0.6575108374609673,0.14373302867222074,0.07691584684694956,2.9700029189619226
1409,281.9879919946631,0.5,0.2,0.3333333333333333,0.5,0.12184041903390555,0.6575007786341025,0.1437374163405166,0.07692138599147484,2.9700029189619226
1410,282.1881254169446,0.5,0.2,0.3333333333333333,0.5,0.12184070995057139,0.6574905725207627,0.14374187367465804,0.0769268438540073,2.9700029189619226
1411,282.3882588392261,0.5,0.2,0.3333333333333333,0.5,0.12184115778800293,0.6574802262433928,0.1437463975127861,0.07693221845581776,2.9700029189619226
1412,282.58839226150764,0.5,0.2,0.3333333333333333,0.5,0.12184176044490377,0.6574697468695585,0.14375098471201384,0.07693750797352344,2.9700029189619226
1413,282.7885256837892,0.5,0.2,0.3333333333333333,0.5,0.12184251576102738,0.6574591414482047,0.14375563213526954,0.07694271065549792,2.9700029189619226
1414,282.9886591060707,0.5,0.2,0.3333333333333333,0.5,0.12184342152166121,0.6574484170076402,0.1437603366523346,0.07694782481836353,2.9700029189619226
1415,283.1887925283522,0.5,0.2,0.3333333333333333,0.5,0.1218444754591873,0.6574375805515256,0.14376509514162228,0.07695284884766442,2.9700029189619226
1416,283.38892595063373,0.5,0.2,0.3333333333333333,0.5,0.12184567525464293,0.6574266390548603,0.14376990449195687,0.07695778119853945,2.9700029189619226
1417,283.58905937291524,0.5,0.2,0.3333333333333333,0.5,0.12184701853928116,0.657415599459971,0.14377476160435226,0.07696262039639523,2.9700029189619226
1418,283.7891927951968,0.5,0.2,0.3333333333333333,0.5,0.12184850289613147,0.657404468672498,0.1437796633937911,0.07696736503757895,2.9700029189619226
1419,283.9893262174783,0.5,0.2,0.3333333333333333,0.5,0.12185012586156034,0.6573932535573843,0.14378460679100347,0.07697201379005147,2.9700029189619226
1420,284.18945963975983,0.5,0.2,0.3333333333333333,0.5,0.12185188492683188,0.6573819609348617,0.14378958874424586,0.07697656539406021,2.9700029189619226
1421,284.38959306204134,0.5,0.2,0.3333333333333333,0.5,0.12185377754418023,0.6573705975883418,0.14379460621618526,0.07698101865129216,2.9700029189619226
1422,284.58972648432285,0.5,0.2,0.3333333333333333,0.5,0.12185580117293747,0.6573591703779794,0.14379965613732792,0.07698537231175466,2.9700029189619226
1423,284.7898599066044,0.5,0.2,0.3333333333333333,0.5,0.12185795321194774,0.6573476860542399,0.1438047354828139,0.07698962525099795,2.9700029189619226
1424,284.98999332888593,0.5,0.2,0.3333333333333333,0.5,0.12186023101307909,0.6573361512854172,0.14380984126122998,0.07699377644027315,2.9700029189619226
1425,285.19012675116744,0.5,0.2,0.3333333333333333,0.5,0.12186263189413457,0.6573245726835654,0.14381497050407502,0.07699782491822449,2.9700029189619226
1426,285.39026017344895,0.5,0.2,0.3333333333333333,0.5,0.12186515314057902,0.6573129568009242,0.14382012026735824,0.07700176979113794,2.9700029189619226
1427,285.59039359573046,0.5,0.2,0.3333333333333333,0.5,0.12186779200726588,0.6573013101263455,0.14382528763319805,0.07700561023318993,2.9700029189619226
1428,285.79052701801197,0.5,0.2,0.3333333333333333,0.5,0.1218705457201639,0.657289639081719,0.1438304697114205,0.0770093454866959,2.9700029189619226
1429,285.99066044029354,0.5,0.2,0.3333333333333333,0.5,0.12187341147808395,0.6572779500183984,0.1438356636411579,0.07701297486235908,2.9700029189619226
1430,286.19079386257505,0.5,0.2,0.3333333333333333,0.5,0.12187638645440584,0.6572662492136268,0.14384086659244757,0.07701649773951909,2.9700029189619226
1431,286.39092728485656,0.5,0.2,0.3333333333333333,0.5,0.12187946779880503,0.6572545428669634,0.14384607576783023,0.07701991356640056,2.9700029189619226
1432,286.59106070713807,0.5,0.2,0.3333333333333333,0.5,0.12188265263897949,0.6572428370967092,0.14385128840394873,0.0770232218603619,2.9700029189619226
1433,286.7911941294196,0.5,0.2,0.3333333333333333,0.5,0.12188593809069441,0.6572311380562447,0.1438565017231804,0.07702642212987977,2.9700029189619226
1434,286.99132755170115,0.5,0.2,0.3333333333333333,0.5,0.12188932125536267,0.6572194518706824,0.14386171296014302,0.07702951391381113,2.9700029189619226
1435,287.19146097398266,0.5,0.2,0.3333333333333333,0.5,0.12189279921121142,0.6572077844810579,0.14386691942672794,0.07703249688100204,2.9700029189619226
1436,287.39159439626417,0.5,0.2,0.3333333333333333,0.5,0.12189636902219464,0.6571961417443452,0.14387211847053394,0.07703537076292556,2.9700029189619226
1437,287.5917278185457,0.5,0.2,0.3333333333333333,0.5,0.12190002773976386,0.6571845294305159,0.14387730747620214,0.07703813535351757,2.9700029189619226
1438,287.7918612408272,0.5,0.2,0.3333333333333333,0.5,0.12190377240463673,0.6571729532195686,0.143882483866763,0.07704079050903104,2.9700029189619226
1439,287.99199466310876,0.5,0.2,0.3333333333333333,0.5,0.12190760004856585,0.6571614186985599,0.14388764510498311,0.0770433361478905,2.9700029189619226
1440,288.19212808539027,0.5,0.2,0.3333333333333333,0.5,0.12191150769610733,0.6571499313586338,0.1438927886947121,0.07704577225054629,2.9700029189619226
1441,288.3922615076718,0.5,0.2,0.3333333333333333,0.5,0.12191549236638954,0.6571384965920516,0.14389791218222936,0.07704809885932899,2.9700029189619226
1442,288.5923949299533,0.5,0.2,0.3333333333333333,0.5,0.12191955107488182,0.6571271196892227,0.1439030131575912,0.07705031607830377,2.9700029189619226
1443,288.7925283522348,0.5,0.2,0.3333333333333333,0.5,0.12192368083516311,0.6571158058357344,0.1439080892559773,0.07705242407312471,2.9700029189619226
1444,288.9926617745163,0.5,0.2,0.3333333333333333,0.5,0.12192787865567584,0.657104560159045,0.14391313813795417,0.07705442304732456,2.9700029189619226
1445,289.1927951967979,0.5,0.2,0.3333333333333333,0.5,0.12193214152638131,0.6570933878751869,0.14391815742728006,0.07705631317115127,2.9700029189619226
1446,289.3929286190794,0.5,0.2,0.3333333333333333,0.5,0.12193646645361454,0.6570822939581328,0.14392314485135738,0.07705809473689483,2.9700029189619226
1447,289.5930620413609,0.5,0.2,0.3333333333333333,0.5,0.12194085044967316,0.6570712832574462,0.14392809819137162,0.07705976810150852,2.9700029189619226
1448,289.7931954636424,0.5,0.2,0.3333333333333333,0.5,0.12194529053237826,0.6570603605171771,0.14393301527435556,0.0770613336760886,2.9700029189619226
1449,289.9933288859239,0.5,0.2,0.3333333333333333,0.5,0.12194978372677041,0.657049530373611,0.14393789397423087,0.07706279192538727,2.9700029189619226
1450,290.1934623082055,0.5,0.2,0.3333333333333333,0.5,0.1219543270668057,0.6570387973530186,0.14394273221284948,0.07706414336732574,2.9700029189619226
1451,290.393595730487,0.5,0.2,0.3333333333333333,0.5,0.12195891759705182,0.6570281658694055,0.14394752796103502,0.07706538857250718,2.9700029189619226
1452,290.5937291527685,0.5,0.2,0.3333333333333333,0.5,0.12196355237438408,0.6570176402222614,0.1439522792396243,0.07706652816372973,2.9700029189619226
1453,290.79386257505,0.5,0.2,0.3333333333333333,0.5,0.12196822846968144,0.6570072245943098,0.14395698412050875,0.07706756281549954,2.9700029189619226
1454,290.9939959973315,0.5,0.2,0.3333333333333333,0.5,0.12197294296952257,0.6569969230492574,0.14396164072767587,0.07706849325354374,2.9700029189619226
1455,291.1941294196131,0.5,0.2,0.3333333333333333,0.5,0.12197769297664415,0.656986739535369,0.14396624723571178,0.07706932025227452,2.9700029189619226
1456,291.3942628418946,0.5,0.2,0.3333333333333333,0.5,0.12198247556858573,0.6569766780858411,0.14397080178253713,0.0770700445630355,2.9700029189619226
1457,291.5943962641761,0.5,0.2,0.3333333333333333,0.5,0.12198728785016442,0.6569667425775572,0.1439753025746045,0.07707066699767334,2.9700029189619226
1458,291.7945296864576,0.5,0.2,0.3333333333333333,0.5,0.12199212696334179,0.6569569366903811,0.14397974790469983,0.07707118844157676,2.9700029189619226
1459,291.99466310873913,0.5,0.2,0.3333333333333333,0.5,0.12199699007111613,0.656947263988701,0.1439841361164651,0.07707160982371726,2.9700029189619226
1460,292.19479653102064,0.5,0.2,0.3333333333333333,0.5,0.12200187435905561,0.6569377279199458,0.14398846560510564,0.07707193211589249,2.9700029189619226
1461,292.3949299533022,0.5,0.2,0.3333333333333333,0.5,0.12200677703683133,0.6569283318131014,0.1439927348180973,0.07707215633196941,2.9700029189619226
1462,292.5950633755837,0.5,0.2,0.3333333333333333,0.5,0.12201169533975036,0.6569190788772279,0.14399694225589357,0.07707228352712761,2.9700029189619226
1463,292.79519679786523,0.5,0.2,0.3333333333333333,0.5,0.12201662653028893,0.6569099721999752,0.14400108647263288,0.07707231479710247,2.9700029189619226
1464,292.99533022014674,0.5,0.2,0.3333333333333333,0.5,0.1220215678996254,0.6569010147460999,0.1440051660768457,0.07707225127742848,2.9700029189619226
1465,293.19546364242825,0.5,0.2,0.3333333333333333,0.5,0.12202651676917346,0.6568922093559818,0.14400917973216176,0.07707209414268244,2.9700029189619226
1466,293.3955970647098,0.5,0.2,0.3333333333333333,0.5,0.12203147049211513,0.6568835587441403,0.14401312615801726,0.07707184460572676,2.9700029189619226
1467,293.59573048699133,0.5,0.2,0.3333333333333333,0.5,0.12203642642336773,0.6568750655986495,0.14401700408581508,0.07707150389216695,2.9700029189619226
1468,293.79586390927284,0.5,0.2,0.3333333333333333,0.5,0.12204138190403978,0.6568667326342417,0.14402081223553195,0.07707107322618593,2.9700029189619226
1469,293.99599733155435,0.5,0.2,0.3333333333333333,0.5,0.12204633435612461,0.6568585622930413,0.1440245494478966,0.07707055390293674,2.9700029189619226
1470,294.19613075383586,0.5,0.2,0.3333333333333333,0.5,0.1220512812365722,0.6568505568947893,0.14402821461811838,0.07706994725051936,2.9700029189619226
1471,294.3962641761174,0.5,0.2,0.3333333333333333,0.5,0.12205622003699759,0.6568427186411914,0.14403180669401913,0.07706925462779113,2.9700029189619226
1472,294.59639759839894,0.5,0.2,0.3333333333333333,0.5,0.12206114828497418,0.6568350496152009,0.14403532467640234,0.07706847742342181,2.9700029189619226
1473,294.79653102068045,0.5,0.2,0.3333333333333333,0.5,0.12206606354532727,0.6568275517803013,0.14403876761942197,0.07706761705494866,2.9700029189619226
1474,294.99666444296196,0.5,0.2,0.3333333333333333,0.5,0.12207096342142738,0.6568202269797888,0.14404213463095145,0.0770666749678315,2.9700029189619226
1475,295.19679786524347,0.5,0.2,0.3333333333333333,0.5,0.12207584555648365,0.6568130769360552,0.14404542487295258,0.07706565263450764,2.9700029189619226
1476,295.396931287525,0.5,0.2,0.3333333333333333,0.5,0.12208070763483733,0.65680610324987,0.14404863756184463,0.07706455155344713,2.9700029189619226
1477,295.59706470980655,0.5,0.2,0.3333333333333333,0.5,0.1220855473832551,0.6567993073996633,0.14405177196887306,0.07706337324820763,2.9700029189619226
1478,295.79719813208806,0.5,0.2,0.3333333333333333,0.5,0.12209036256243927,0.6567926907648067,0.144054827409712,0.07706211926304099,2.9700029189619226
1479,295.99733155436957,0.5,0.2,0.3333333333333333,0.5,0.12209515089196689,0.6567862548121947,0.14405780316080372,0.0770607911350337,2.9700029189619226
1480,296.1974649766511,0.5,0.2,0.3333333333333333,0.5,0.12209991017715481,0.6567800007874972,0.1440606985979215,0.07705939043742542,2.9700029189619226
1481,296.3975983989326,0.5,0.2,0.3333333333333333,0.5,0.12210463828268323,0.6567739297823173,0.1440635131660878,0.07705791876891058,2.9700029189619226
1482,296.59773182121415,0.5,0.2,0.3333333333333333,0.5,0.12210933311644875,0.6567680427762551,0.1440662463607493,0.07705637774654574,2.9700029189619226
1483,296.79786524349566,0.5,0.2,0.3333333333333333,0.5,0.12211399263056676,0.6567623406369042,0.14406889772782586,0.07705476900470207,2.9700029189619226
1484,296.9979986657772,0.5,0.2,0.3333333333333333,0.5,0.12211861482237381,0.6567568241198481,0.1440714668637591,0.07705309419401778,2.9700029189619226
1485,297.1981320880587,0.5,0.2,0.3333333333333333,0.5,0.12212319773543008,0.656751493868657,0.1440739534155611,0.07705135498035064,2.9700029189619226
1486,297.3982655103402,0.5,0.2,0.3333333333333333,0.5,0.12212773946052168,0.6567463504148837,0.144076357080863,0.07704955304373041,2.9700029189619226
1487,297.59839893262176,0.5,0.2,0.3333333333333333,0.5,0.12213223813666309,0.6567413941780605,0.1440786776079639,0.07704769007731137,2.9700029189619226
1488,297.7985323549033,0.5,0.2,0.3333333333333333,0.5,0.12213669195209956,0.6567366254656953,0.1440809147958793,0.07704576778632467,2.9700029189619226
1489,297.9986657771848,0.5,0.2,0.3333333333333333,0.5,0.12214109906192055,0.6567320446369705,0.1440830684191739,0.07704378788193392,2.9700029189619226
1490,298.1987991994663,0.5,0.2,0.3333333333333333,0.5,0.12214545788940319,0.6567276515131352,0.1440851384989151,0.07704175209854545,2.9700029189619226
1491,298.3989326217478,0.5,0.2,0.3333333333333333,0.5,0.12214976655357657,0.6567234465032263,0.14408712478548572,0.07703966215771028,2.9700029189619226
1492,298.5990660440293,0.5,0.2,0.3333333333333333,0.5,0.12215402340773443,0.6567194295488713,0.14408902724346212,0.07703751979993109,2.9700029189619226
1493,298.7991994663109,0.5,0.2,0.3333333333333333,0.5,0.1221582268521281,0.6567156004939568,0.1440908458818095,0.07703532677210453,2.9700029189619226
1494,298.9993328885924,0.5,0.2,0.3333333333333333,0.5,0.12216237533489857,0.6567119590847638,0.1440925807538671,0.0770330848264695,2.9700029189619226
1495,299.1994663108739,0.5,0.2,0.3333333333333333,0.5,0.12216646735298078,0.6567085049701563,0.14409423195730844,0.07703079571955349,2.9700029189619226
1496,299.3995997331554,0.5,0.2,0.3333333333333333,0.5,0.1221705014529801,0.6567052377018251,0.14409579963407637,0.0770284612111174,2.9700029189619226
1497,299.5997331554369,0.5,0.2,0.3333333333333333,0.5,0.12217447623202085,0.6567021567345864,0.14409728397029306,0.07702608306309863,2.9700029189619226
1498,299.7998665777185,0.5,0.2,0.3333333333333333,0.5,0.1221783903385672,0.6566992614267344,0.14409868519614485,0.07702366303855247,2.9700029189619226
1499,300.0,0.5,0.2,0.3333333333333333,0.5,0.12218224247321603,0.6566965510404491,0.1441000035857421,0.0770212029005917,2.9700029189619226
