,time,beta,alpha,sigma_D,sigma_C,S_c,S_d,I_c,I_d,R0
0,0.0,0.5,0.2,0.5,0.75,0.4998,0.4998,0.0002,0.0002,-0.8591211354158117
1,0.200133422281521,0.5,0.2,0.5,0.75,0.48979335564492676,0.5098036275151425,0.00020935157762269385,0.00019366526230816725,-0.8591211354158117
2,0.400266844563042,0.5,0.2,0.5,0.75,0.4797951345664694,0.5197990402632264,0.00021827087311265833,0.00018755429719183512,-0.8591211354158117
3,0.600400266844563,0.5,0.2,0.5,0.75,0.4698133314264632,0.5297782328272715,0.0002267509147469633,0.00018168483151857005,-0.8591211354158117
4,0.800533689126084,0.5,0.2,0.5,0.75,0.45985586592951394,0.5397332740556043,0.00023478889114135056,0.00017607112374071505,-0.8591211354158117
5,1.0006671114076051,0.5,0.2,0.5,0.75,0.449930584571443,0.5496563054165304,0.00024238568631736274,0.00017072432570952681,-0.8591211354158117
6,1.200800533689126,0.5,0.2,0.5,0.75,0.44004522907155497,0.5595395726871096,0.00024954553964323174,0.00016565270169245075,-0.8591211354158117
7,1.400933955970647,0.5,0.2,0.5,0.75,0.43020741683043445,0.5693754455694496,0.0002562758264815772,0.0001608617736347791,-0.8591211354158117
8,1.601067378252168,0.5,0.2,0.5,0.75,0.42042461787063073,0.5791564409433458,0.000262586228313346,0.0001563549577105086,-0.8591211354158117
9,1.801200800533689,0.5,0.2,0.5,0.75,0.41070413017720353,0.5888752475531739,0.000268488650081688,0.00015213361954128702,-0.8591211354158117
10,2.0013342228152102,0.5,0.2,0.5,0.75,0.40105305977461037,0.5985247460273265,0.0002739967911859291,0.00014819740687755113,-0.8591211354158117
11,2.201467645096731,0.5,0.2,0.5,0.75,0.3914783056194214,0.60809802404072,0.0002791258886369914,0.00014454445122208615,-0.8591211354158117
12,2.401601067378252,0.5,0.2,0.5,0.75,0.38198653095226315,0.617588405058485,0.00028389223802429596,0.00014117175122810183,-0.8591211354158117
13,2.601734489659773,0.5,0.2,0.5,0.75,0.3725841645367104,0.6269894470972324,0.00028831321134267177,0.0001380751547150091,-0.8591211354158117
14,2.801867911941294,0.5,0.2,0.5,0.75,0.36327737148362416,0.63629497197284,0.0002924067872914628,0.00013524975624494066,-0.8591211354158117
15,3.002001334222815,0.5,0.2,0.5,0.75,0.35407202367947405,0.6454990949890088,0.00029619104354938855,0.0001326902879683037,-0.8591211354158117
16,3.202134756504336,0.5,0.2,0.5,0.75,0.3449737131716598,0.6545962114585997,0.00029968442166345165,0.00013039094807753285,-0.8591211354158117
17,3.402268178785857,0.5,0.2,0.5,0.75,0.33598774569523737,0.6635810031702062,0.00030290564220383803,0.0001283454923531239,-0.8591211354158117
18,3.602401601067378,0.5,0.2,0.5,0.75,0.327119108742453,0.6724484704437839,0.0003058731441989719,0.00012654766956465745,-0.8591211354158117
19,3.802535023348899,0.5,0.2,0.5,0.75,0.31837248306330146,0.6811939205619861,0.0003086052753226096,0.00012499109939033708,-0.8591211354158117
20,4.0026684456304205,0.5,0.2,0.5,0.75,0.3097522217401288,0.6898129887519252,0.0003111199599816454,0.00012366954796493715,-0.8591211354158117
21,4.202801867911941,0.5,0.2,0.5,0.75,0.3012623607654009,0.6983016275509693,0.00031343482709206494,0.00012257685653835245,-0.8591211354158117
22,4.402935290193462,0.5,0.2,0.5,0.75,0.2929066042688086,0.7066561216158047,0.00031556698162332075,0.00012170713376390359,-0.8591211354158117
23,4.603068712474983,0.5,0.2,0.5,0.75,0.2846883324985681,0.7148730797008243,0.00031753306368143355,0.0001210547369267038,-0.8591211354158117
24,4.803202134756504,0.5,0.2,0.5,0.75,0.2766105987011233,0.7229494377727612,0.00031934917738073496,0.00012061434873522542,-0.8591211354158117
25,5.003335557038025,0.5,0.2,0.5,0.75,0.2686761322483018,0.730882455872734,0.00032103085847165957,0.00012038102049299616,-0.8591211354158117
26,5.203468979319546,0.5,0.2,0.5,0.75,0.26088734539212677,0.7386697113338878,0.00032259309739247725,0.00012035017659337992,-0.8591211354158117
27,5.403602401601067,0.5,0.2,0.5,0.75,0.2532463239571495,0.7463091080932827,0.0003240502171430618,0.00012051773242529356,-0.8591211354158117
28,5.603735823882588,0.5,0.2,0.5,0.75,0.2457548387582365,0.7537988652403363,0.0003254159253020832,0.00012088007612551642,-0.8591211354158117
29,5.803869246164109,0.5,0.2,0.5,0.75,0.23841436827006396,0.7611374943016036,0.0003267034116837408,0.00012143401664906524,-0.8591211354158117
30,6.00400266844563,0.5,0.2,0.5,0.75,0.2312260968576174,0.7683238009864394,0.00032792534894540855,0.00012217680699823285,-0.8591211354158117
31,6.204136090727151,0.5,0.2,0.5,0.75,0.22419093100833082,0.7753568689087441,0.000329093987343129,0.00012310609558236445,-0.8591211354158117
32,6.404269513008672,0.5,0.2,0.5,0.75,0.21730949280283623,0.7822360661516082,0.00033022095033594063,0.00012422009521991458,-0.8591211354158117
33,6.604402935290193,0.5,0.2,0.5,0.75,0.21058212392536496,0.7889610412547542,0.00033131716943322984,0.0001255176504479884,-0.8591211354158117
34,6.804536357571714,0.5,0.2,0.5,0.75,0.20400891054924425,0.7955316982530461,0.0003323930877131218,0.00012699810999695506,-0.8591211354158117
35,7.004669779853235,0.5,0.2,0.5,0.75,0.19758970051017163,0.8019481794276363,0.0003334587975590218,0.00012866126463354687,-0.8591211354158117
36,7.204803202134756,0.5,0.2,0.5,0.75,0.1913241115881042,0.8082108570168444,0.00033452400328056825,0.00013050739177132776,-0.8591211354158117
37,7.404936624416277,0.5,0.2,0.5,0.75,0.18521154170005383,0.8143203230033748,0.00033559801857867657,0.0001325372779931934,-0.8591211354158117
38,7.605070046697798,0.5,0.2,0.5,0.75,0.17925117064100896,0.8202773873890672,0.00033668965822385535,0.00013475231170045036,-0.8591211354158117
39,7.805203468979319,0.5,0.2,0.5,0.75,0.17344198326836835,0.8260830549343826,0.00033780739866157914,0.0001371543985878568,-0.8591211354158117
40,8.005336891260841,0.5,0.2,0.5,0.75,0.16778277970329813,0.8317385149273043,0.00033895938927710226,0.0001397459801208101,-0.8591211354158117
41,8.205470313542362,0.5,0.2,0.5,0.75,0.16227218776443322,0.8372451287091189,0.00034015349235167293,0.00014253003409658778,-0.8591211354158117
42,8.405603735823883,0.5,0.2,0.5,0.75,0.156908675571302,0.8426044170514365,0.0003413972827018985,0.00014551009456011615,-0.8591211354158117
43,8.605737158105404,0.5,0.2,0.5,0.75,0.15169056164915162,0.847818050010608,0.0003426980760909237,0.00014869026415015307,-0.8591211354158117
44,8.805870580386925,0.5,0.2,0.5,0.75,0.1466160280151681,0.8528878338051784,0.0003440629589566279,0.00015207522069753964,-0.8591211354158117
45,9.006004002668446,0.5,0.2,0.5,0.75,0.14168313282570003,0.8578156981317837,0.00034549881625600725,0.00015567022626099562,-0.8591211354158117
46,9.206137424949967,0.5,0.2,0.5,0.75,0.1368898193866987,0.862603687118897,0.00034701234423368654,0.0001594811501712315,-0.8591211354158117
47,9.406270847231488,0.5,0.2,0.5,0.75,0.1322339292370178,0.8672539462037655,0.0003486100807286986,0.00016351447848868736,-0.8591211354158117
48,9.606404269513009,0.5,0.2,0.5,0.75,0.12771321241935973,0.8717687118194203,0.00035029842779867975,0.00016777733342197753,-0.8591211354158117
49,9.80653769179453,0.5,0.2,0.5,0.75,0.12332533689514659,0.8761503019336416,0.0003520836754494442,0.00017227749576300907,-0.8591211354158117
50,10.00667111407605,0.5,0.2,0.5,0.75,0.119067899953751,0.8804011046013258,0.0003539720213908658,0.00017702342353299202,-0.8591211354158117
51,10.206804536357572,0.5,0.2,0.5,0.75,0.11493843629561619,0.8845235698316084,0.0003559695907790199,0.0001820242819970615,-0.8591211354158117
52,10.406937958639093,0.5,0.2,0.5,0.75,0.110934427831523,0.8885201997428277,0.0003580824576169415,0.0001872899680329794,-0.8591211354158117
53,10.607071380920614,0.5,0.2,0.5,0.75,0.10705331342626456,0.8923935387723229,0.0003603166660536397,0.00019283113535965157,-0.8591211354158117
54,10.807204803202135,0.5,0.2,0.5,0.75,0.10329249662723404,0.8961461658944971,0.00036267824919614735,0.0001986592290733862,-0.8591211354158117
55,11.007338225483656,0.5,0.2,0.5,0.75,0.09964935056101076,0.8997806896566791,0.00036517324736803865,0.00020478653494276848,-0.8591211354158117
56,11.207471647765177,0.5,0.2,0.5,0.75,0.09612122854101136,0.9032997375311135,0.00036780772724984346,0.00021122620062609306,-0.8591211354158117
57,11.407605070046698,0.5,0.2,0.5,0.75,0.09270547053263513,0.9067059493899573,0.00037058779960751,0.00021799227780089082,-0.8591211354158117
58,11.607738492328219,0.5,0.2,0.5,0.75,0.08939940889591703,0.9100019716883037,0.00037351964009387715,0.0002250997756863066,-0.8591211354158117
59,11.80787191460974,0.5,0.2,0.5,0.75,0.08620037415185448,0.9131904516272308,0.0003766095084667952,0.00023256471244884272,-0.8591211354158117
60,12.00800533689126,0.5,0.2,0.5,0.75,0.08310570138172683,0.9162740307045242,0.00037986376171787045,0.00024040415203201092,-0.8591211354158117
61,12.208138759172781,0.5,0.2,0.5,0.75,0.08011273508123547,0.9192553397817992,0.00038328887322099114,0.0002486362637453451,-0.8591211354158117
62,12.408272181454302,0.5,0.2,0.5,0.75,0.07721883406326045,0.9221369940817215,0.00038689145495248453,0.0002572804000665314,-0.8591211354158117
63,12.608405603735823,0.5,0.2,0.5,0.75,0.07442137566462197,0.9249215889201997,0.0003906782710182723,0.0002663571441610115,-0.8591211354158117
64,12.808539026017344,0.5,0.2,0.5,0.75,0.07171775962752061,0.9276116957438815,0.0003946562543204975,0.0002758883742784088,-0.8591211354158117
65,13.008672448298865,0.5,0.2,0.5,0.75,0.06910541204018125,0.9302098580871738,0.00039883252658718006,0.00028589734605866,-0.8591211354158117
66,13.208805870580386,0.5,0.2,0.5,0.75,0.06658178937240358,0.9327185874192213,0.0004032144205284091,0.000296408787847637,-0.8591211354158117
67,13.408939292861907,0.5,0.2,0.5,0.75,0.06414438014473489,0.9351403614088857,0.0004078094908826418,0.00030744895549774596,-0.8591211354158117
68,13.609072715143428,0.5,0.2,0.5,0.75,0.06179070777730883,0.9374776209615319,0.00041262553418880003,0.00031904572697128477,-0.8591211354158117
69,13.80920613742495,0.5,0.2,0.5,0.75,0.05951833431014686,0.9397327663535956,0.0004176706122649624,0.0003312287239934229,-0.8591211354158117
70,14.00933955970647,0.5,0.2,0.5,0.75,0.0573248618306396,0.9419081556988407,0.0004229530688682339,0.00034402940165233106,-0.8591211354158117
71,14.209472981987991,0.5,0.2,0.5,0.75,0.05520793343649296,0.9440061038765839,0.0004284815460575059,0.0003574811408663759,-0.8591211354158117
72,14.409606404269512,0.5,0.2,0.5,0.75,0.053165235309828855,0.9460288803094523,0.00043426500574888604,0.0003716193749707276,-0.8591211354158117
73,14.609739826551033,0.5,0.2,0.5,0.75,0.05119449977367246,0.9479787057187486,0.00044031275570995815,0.00038648175186976,-0.8591211354158117
74,14.809873248832554,0.5,0.2,0.5,0.75,0.04929350428618012,0.9498577530310612,0.00044663446335512614,0.00040210821940428395,-0.8591211354158117
75,15.010006671114075,0.5,0.2,0.5,0.75,0.047460072570175926,0.9516681460813794,0.0004532401778895177,0.00041854117055595665,-0.8591211354158117
76,15.210140093395596,0.5,0.2,0.5,0.75,0.045692076707772186,0.9534119573025471,0.0004601403570342394,0.00043582563264724604,-0.8591211354158117
77,15.410273515677117,0.5,0.2,0.5,0.75,0.04398743780455184,0.9550912068739337,0.0004673458902052002,0.0004540094313101169,-0.8591211354158117
78,15.610406937958638,0.5,0.2,0.5,0.75,0.042344124435424915,0.9567078641426733,0.0004748681154720024,0.00047314330643068755,-0.8591211354158117
79,15.810540360240159,0.5,0.2,0.5,0.75,0.040760153489418104,0.9582638465543549,0.00048271884592664376,0.0004932811103012137,-0.8591211354158117
80,16.010673782521682,0.5,0.2,0.5,0.75,0.03923359020646971,0.9597610193992553,0.0004909103946398763,0.0005144799996359898,-0.8591211354158117
81,16.210807204803203,0.5,0.2,0.5,0.75,0.03776255091358115,0.9612011927231451,0.0004994556105811501,0.0005368007526934406,-0.8591211354158117
82,16.410940627084724,0.5,0.2,0.5,0.75,0.036345200814291566,0.9625861233848146,0.0005083678981708281,0.0005603079027237634,-0.8591211354158117
83,16.611074049366245,0.5,0.2,0.5,0.75,0.03497975371572152,0.9639175150741296,0.0005176612450632174,0.0005850699650863958,-0.8591211354158117
84,16.811207471647766,0.5,0.2,0.5,0.75,0.03366447255994479,0.9651970174739799,0.0005273502541052129,0.000611159711970816,-0.8591211354158117
85,17.011340893929287,0.5,0.2,0.5,0.75,0.032397668473786646,0.96642622690721,0.000537450173454012,0.0006386544455500536,-0.8591211354158117
86,17.211474316210808,0.5,0.2,0.5,0.75,0.03117769746814044,0.9676066893122872,0.0005479769247599117,0.000667636294813246,-0.8591211354158117
87,17.41160773849233,0.5,0.2,0.5,0.75,0.030002964109897588,0.9687398962352572,0.0005589471428444362,0.0006981925120015023,-0.8591211354158117
88,17.61174116077385,0.5,0.2,0.5,0.75,0.02887191997272139,0.9698272860156044,0.000570378209441379,0.0007304158022337123,-0.8591211354158117
89,17.81187458305537,0.5,0.2,0.5,0.75,0.02778306309211063,0.9708702439473542,0.0005822882899878758,0.0007644046705480237,-0.8591211354158117
90,18.01200800533689,0.5,0.2,0.5,0.75,0.026734935650295916,0.9718701041698662,0.0005946963664877831,0.0008002638133508174,-0.8591211354158117
91,18.212141427618413,0.5,0.2,0.5,0.75,0.02572612298251145,0.9728281502250878,0.000607622275924491,0.0008381045164769287,-0.8591211354158117
92,18.412274849899934,0.5,0.2,0.5,0.75,0.024755255115322946,0.9737456130804649,0.0006210867578460575,0.0008780450463666437,-0.8591211354158117
93,18.612408272181455,0.5,0.2,0.5,0.75,0.023821005044982285,0.9746236723558317,0.0006351114939502839,0.0009202111052362668,-0.8591211354158117
94,18.812541694462976,0.5,0.2,0.5,0.75,0.022922087972822257,0.9754634565673258,0.0006497191528759423,0.0009647363069765877,-0.8591211354158117
95,19.012675116744497,0.5,0.2,0.5,0.75,0.022057259296208248,0.9762660444651163,0.0006649334432491745,0.001011762795426847,-0.8591211354158117
96,19.212808539026017,0.5,0.2,0.5,0.75,0.02122531477361081,0.977032464372505,0.0006807791578314871,0.001061441696053272,-0.8591211354158117
97,19.41294196130754,0.5,0.2,0.5,0.75,0.020425089843076095,0.9777636942549138,0.0006972822241566679,0.0011139336778540143,-0.8591211354158117
98,19.61307538358906,0.5,0.2,0.5,0.75,0.01965545859511047,0.9784606620637095,0.0007144697592468606,0.0011694095819337789,-0.8591211354158117
99,19.81320880587058,0.5,0.2,0.5,0.75,0.018915332679687386,0.979124246090776,0.0007323701259125205,0.001228051103624735,-0.8591211354158117
100,20.0133422281521,0.5,0.2,0.5,0.75,0.018203659458384442,0.9797552759413424,0.0007510129924959482,0.0012900516077778434,-0.8591211354158117
101,20.213475650433622,0.5,0.2,0.5,0.75,0.017519422425501203,0.9803545314745156,0.0007704293921590161,0.001355616707824678,-0.8591211354158117
102,20.413609072715143,0.5,0.2,0.5,0.75,0.016861639955379842,0.9809227431620782,0.0007906517870098329,0.0014249650955326114,-0.8591211354158117
103,20.613742494996664,0.5,0.2,0.5,0.75,0.016229364379300965,0.9814605921086954,0.0008117141345157237,0.001498329377488403,-0.8591211354158117
104,20.813875917278185,0.5,0.2,0.5,0.75,0.01562168093809148,0.981968710014885,0.0008336519601704199,0.0015759570868535593,-0.8591211354158117
105,21.014009339559706,0.5,0.2,0.5,0.75,0.015037706887522793,0.9824476790212014,0.0008565024308540813,0.0016581116604221554,-0.8591211354158117
106,21.214142761841227,0.5,0.2,0.5,0.75,0.014476590895049626,0.9828980313841972,0.0008803044266543474,0.001745073294099344,-0.8591211354158117
107,21.41427618412275,0.5,0.2,0.5,0.75,0.013937512123248272,0.9833202491719625,0.0009050986218157977,0.0018371400829740362,-0.8591211354158117
108,21.61440960640427,0.5,0.2,0.5,0.75,0.01341967941329889,0.9837147638522746,0.0009309275675713685,0.0019346291668555689,-0.8591211354158117
109,21.81454302868579,0.5,0.2,0.5,0.75,0.012922329899800479,0.9840819561334696,0.0009578357849800579,0.0020378781817503608,-0.8591211354158117
110,22.01467645096731,0.5,0.2,0.5,0.75,0.012444728674583771,0.9844221551040854,0.0009858698502732697,0.002147246371058131,-0.8591211354158117
111,22.214809873248832,0.5,0.2,0.5,0.75,0.011986168075688822,0.9847356375032879,0.001015078488384049,0.002263115932639857,-0.8591211354158117
112,22.414943295530353,0.5,0.2,0.5,0.75,0.011545966826087873,0.9850226269861424,0.0010455126723551466,0.002385893515415183,-0.8591211354158117
113,22.615076717811874,0.5,0.2,0.5,0.75,0.011123469190490643,0.9852832932451095,0.0010772257265927283,0.002516011837807628,-0.8591211354158117
114,22.815210140093395,0.5,0.2,0.5,0.75,0.010718043876887713,0.9855177510956897,0.0011102734366268902,0.0026539315907962886,-0.8591211354158117
115,23.015343562374916,0.5,0.2,0.5,0.75,0.010329083832729267,0.9857260591829707,0.0011447141562058998,0.002800142828094762,-0.8591211354158117
116,23.215476984656437,0.5,0.2,0.5,0.75,0.00995600540318561,0.9859082187552899,0.0011806089242716792,0.0029551669172535435,-0.8591211354158117
117,23.415610406937958,0.5,0.2,0.5,0.75,0.009598247642563841,0.9860641722673666,0.0012180215855489404,0.003119558504521216,-0.8591211354158117
118,23.61574382921948,0.5,0.2,0.5,0.75,0.009255271561631265,0.9861938018028232,0.0012570189168628562,0.003293907718683339,-0.8591211354158117
119,23.815877251501,0.5,0.2,0.5,0.75,0.00892655919420277,0.9862969272887623,0.0012976707604465893,0.003478842756589074,-0.8591211354158117
120,24.01601067378252,0.5,0.2,0.5,0.75,0.008611613403336547,0.9863733047737583,0.0013400501552027306,0.0036750316677031567,-0.8591211354158117
121,24.216144096064042,0.5,0.2,0.5,0.75,0.008309957142303336,0.9864226243764389,0.0013842334788714365,0.0038831850023870983,-0.8591211354158117
122,24.416277518345563,0.5,0.2,0.5,0.75,0.008021132860722861,0.986444508106752,0.0014303005943622508,0.0041040584381636745,-0.8591211354158117
123,24.616410940627084,0.5,0.2,0.5,0.75,0.007744701850628692,0.9864385074809277,0.001478335000233297,0.004338455668211092,-0.8591211354158117
124,24.816544362908605,0.5,0.2,0.5,0.75,0.007480243482010226,0.9864041009050839,0.0015284239851818696,0.0045872316277247634,-0.8591211354158117
125,25.016677785190126,0.5,0.2,0.5,0.75,0.007227354998183602,0.9863406910981165,0.0015806587945089783,0.004851295109191721,-0.8591211354158117
126,25.216811207471647,0.5,0.2,0.5,0.75,0.006985650885317549,0.9862476021412312,0.0016351347971478383,0.005131612176304237,-0.8591211354158117
127,25.416944629753168,0.5,0.2,0.5,0.75,0.006754762365989558,0.9861240763750493,0.0016919516598094978,0.0054292095991525235,-0.8591211354158117
128,25.61707805203469,0.5,0.2,0.5,0.75,0.006534336861151901,0.9859692710835928,0.0017512135184026274,0.0057451785368536,-0.8591211354158117
129,25.81721147431621,0.5,0.2,0.5,0.75,0.006324037415112552,0.9857822549564477,0.0018130291472379964,0.006080678481202622,-0.8591211354158117
130,26.01734489659773,0.5,0.2,0.5,0.75,0.006123542423675426,0.9855620044123248,0.0018775121741446922,0.006436940989856005,-0.8591211354158117
131,26.21747831887925,0.5,0.2,0.5,0.75,0.0059325451344229745,0.9853073996389987,0.001944781266555382,0.00681527396002379,-0.8591211354158117
132,26.417611741160773,0.5,0.2,0.5,0.75,0.005750753226295321,0.9850172204242039,0.002014960332027111,0.0072170660174745395,-0.8591211354158117
133,26.617745163442294,0.5,0.2,0.5,0.75,0.005577888355213328,0.9846901419531806,0.0020881787050866774,0.007643790986520349,-0.8591211354158117
134,26.817878585723815,0.5,0.2,0.5,0.75,0.0054136856855901555,0.9843247304840261,0.002164571328363315,0.008097012502021342,-0.8591211354158117
135,27.018012008005336,0.5,0.2,0.5,0.75,0.005257893654150797,0.9839194380389045,0.0022442790159983884,0.008578389290947279,-0.8591211354158117
136,27.218145430286857,0.5,0.2,0.5,0.75,0.005110273552227799,0.9834725975431308,0.002327448651747641,0.009089680252894744,-0.8591211354158117
137,27.418278852568378,0.5,0.2,0.5,0.75,0.004970599174432054,0.982982417545045,0.002414233410293543,0.009632749870230354,-0.8591211354158117
138,27.6184122748499,0.5,0.2,0.5,0.75,0.004838656439694621,0.9824469774962622,0.0025047929350616527,0.010209573128982408,-0.8591211354158117
139,27.81854569713142,0.5,0.2,0.5,0.75,0.004714243015304598,0.9818642229935839,0.0025992935080808833,0.010822240483031566,-0.8591211354158117
140,28.01867911941294,0.5,0.2,0.5,0.75,0.0045971680962697764,0.9812319581974837,0.002697908379818581,0.01147296532642887,-0.8591211354158117
141,28.21881254169446,0.5,0.2,0.5,0.75,0.00448725205927157,0.98054784053349,0.0028008179502012533,0.012164089457037957,-0.8591211354158117
142,28.418945963975982,0.5,0.2,0.5,0.75,0.004384326165392444,0.9798093744931862,0.0029082099928066443,0.012898089348615562,-0.8591211354158117
143,28.619079386257503,0.5,0.2,0.5,0.75,0.00428823223514302,0.9790139073435029,0.0030202797847910788,0.01367758063656378,-0.8591211354158117
144,28.819212808539024,0.5,0.2,0.5,0.75,0.0041988223349127,0.9781586245611692,0.0031372302407334123,0.014505322863185547,-0.8591211354158117
145,29.019346230820545,0.5,0.2,0.5,0.75,0.0041159585757502455,0.9772405394906629,0.003259272298939794,0.015384229634647865,-0.8591211354158117
146,29.219479653102066,0.5,0.2,0.5,0.75,0.00403951281373143,0.9762564886396605,0.003386625043666231,0.01631737350294272,-0.8591211354158117
147,29.419613075383587,0.5,0.2,0.5,0.75,0.003969366387591625,0.9752031252230077,0.003519515897165792,0.017307992492235795,-0.8591211354158117
148,29.61974649766511,0.5,0.2,0.5,0.75,0.0039054098161538206,0.9740769174496773,0.003658180624483371,0.018359492109686425,-0.8591211354158117
149,29.81987991994663,0.5,0.2,0.5,0.75,0.0038475425289824475,0.9728741448866146,0.0038028634078843683,0.019475449176519433,-0.8591211354158117
150,30.02001334222815,0.5,0.2,0.5,0.75,0.0037956726588362502,0.9715908859421049,0.0039538172268490015,0.020659624172210806,-0.8591211354158117
151,30.22014676450967,0.5,0.2,0.5,0.75,0.003749716779016623,0.9702230151340717,0.004111303883688774,0.02191596420322382,-0.8591211354158117
152,30.420280186791192,0.5,0.2,0.5,0.75,0.00370959964194391,0.9687661982232594,0.004275594083952595,0.02324860805084504,-0.8591211354158117
153,30.620413609072713,0.5,0.2,0.5,0.75,0.0036752539088417266,0.967215894695806,0.004446967270582344,0.024661884124770786,-0.8591211354158117
154,30.820547031354234,0.5,0.2,0.5,0.75,0.0036466198830545746,0.9655673590181287,0.004625711485950671,0.026160309612867003,-0.8591211354158117
155,31.020680453635755,0.5,0.2,0.5,0.75,0.0036236452796282272,0.9638156287652623,0.004812123652399904,0.02774860230271057,-0.8591211354158117
156,31.220813875917276,0.5,0.2,0.5,0.75,0.0036062849577554765,0.9619555275827143,0.005006509356543731,0.029431678102987448,-0.8591211354158117
157,31.420947298198797,0.5,0.2,0.5,0.75,0.00359450068943181,0.9599816710416497,0.005209182568253308,0.031214645700666184,-0.8591211354158117
158,31.621080720480318,0.5,0.2,0.5,0.75,0.003588260884888209,0.9578884633434668,0.005420465581835456,0.033102810189810525,-0.8591211354158117
159,31.82121414276184,0.5,0.2,0.5,0.75,0.003587540333440536,0.9556700984744971,0.005640688824938074,0.035101672367125226,-0.8591211354158117
160,32.021347565043364,0.5,0.2,0.5,0.75,0.003592319949337768,0.9533205705355855,0.005870190379517162,0.03721691913556055,-0.8591211354158117
161,32.22148098732488,0.5,0.2,0.5,0.75,0.0036025865118477214,0.9508336973521976,0.006109315077792365,0.03945440105816326,-0.8591211354158117
162,32.421614409606406,0.5,0.2,0.5,0.75,0.0036183324078614488,0.9482031145734764,0.006358414492106138,0.041820138526556964,-0.8591211354158117
163,32.62174783188792,0.5,0.2,0.5,0.75,0.0036395553962827887,0.9454222940970015,0.006617846181376995,0.044320304325339746,-0.8591211354158117
164,32.82188125416945,0.5,0.2,0.5,0.75,0.0036662583945306164,0.9424845610260849,0.006887972985077117,0.04696120759430831,-0.8591211354158117
165,33.022014676450965,0.5,0.2,0.5,0.75,0.0036984491934960086,0.9393831092683185,0.00716916229775032,0.049749279240436164,-0.8591211354158117
166,33.22214809873249,0.5,0.2,0.5,0.75,0.003736140294179088,0.936111031621309,0.007461784966793365,0.0526910431177194,-0.8591211354158117
167,33.42228152101401,0.5,0.2,0.5,0.75,0.0037793487425680974,0.9326613528202371,0.007766214085341374,0.05579308435185435,-0.8591211354158117
168,33.62241494329553,0.5,0.2,0.5,0.75,0.003828095859004412,0.9290270471798469,0.008082824178016165,0.05906203278313348,-0.8591211354158117
169,33.82254836557705,0.5,0.2,0.5,0.75,0.003882407202714243,0.9252010851209937,0.008411989629223354,0.06250451804706961,-0.8591211354158117
170,34.02268178785857,0.5,0.2,0.5,0.75,0.00394231246784745,0.9211764745392654,0.008754083217237857,0.06612712977565026,-0.8591211354158117
171,34.22281521014009,0.5,0.2,0.5,0.75,0.004007845283542673,0.9169462969190579,0.00910947474348078,0.06993638305391964,-0.8591211354158117
172,34.422948632421615,0.5,0.2,0.5,0.75,0.004079043398679544,0.9125037657337977,0.009478529194207322,0.07393866167331642,-0.8591211354158117
173,34.62308205470313,0.5,0.2,0.5,0.75,0.004155948669755313,0.9078422793301733,0.00986160494070025,0.07814016705937216,-0.8591211354158117
174,34.82321547698466,0.5,0.2,0.5,0.75,0.004238607009567756,0.9029554752565103,0.010259051859003733,0.08254686587491913,-0.8591211354158117
175,35.023348899266175,0.5,0.2,0.5,0.75,0.004327068851444536,0.8978373002295266,0.010671209275508749,0.08716442164352113,-0.8591211354158117
176,35.2234823215477,0.5,0.2,0.5,0.75,0.004421389269432349,0.8924820768665418,0.011098403785411663,0.09199813007861508,-0.8591211354158117
177,35.42361574382922,0.5,0.2,0.5,0.75,0.004521628191906437,0.8868845749167792,0.01154094698089744,0.09705284991041789,-0.8591211354158117
178,35.62374916611074,0.5,0.2,0.5,0.75,0.004627851181139798,0.8810400840765119,0.011999133506995318,0.10233293123535395,-0.8591211354158117
179,35.82388258839226,0.5,0.2,0.5,0.75,0.004740129754725545,0.8749444972073115,0.012473238454880882,0.10784213458308314,-0.8591211354158117
180,36.02401601067378,0.5,0.2,0.5,0.75,0.004858541960527065,0.8685943931295061,0.012963514943529706,0.11358354996643812,-0.8591211354158117
181,36.2241494329553,0.5,0.2,0.5,0.75,0.004983173467298485,0.8619870999422035,0.013470192739141245,0.11955953385135791,-0.8591211354158117
182,36.424282855236825,0.5,0.2,0.5,0.75,0.005114118119632502,0.855120799513634,0.013993475067460733,0.1257716072992739,-0.8591211354158117
183,36.62441627751834,0.5,0.2,0.5,0.75,0.005251478864304012,0.8479946164240799,0.014533536231474012,0.13222036848014304,-0.8591211354158117
184,36.82454969979987,0.5,0.2,0.5,0.75,0.005395369066392492,0.8406086623837526,0.015090521116737456,0.13890544743311845,-0.8591211354158117
185,37.024683122081385,0.5,0.2,0.5,0.75,0.005545913708554822,0.8329641151546406,0.015664543375258126,0.14582542776154742,-0.8591211354158117
186,37.22481654436291,0.5,0.2,0.5,0.75,0.005703250506083315,0.82506330268696,0.016255683395495518,0.15297776341146213,-0.8591211354158117
187,37.42494996664443,0.5,0.2,0.5,0.75,0.00586753102801704,0.8169097654218934,0.01686398711243649,0.1603587164376541,-0.8591211354158117
188,37.62508338892595,0.5,0.2,0.5,0.75,0.006038922323949437,0.8085083189473001,0.01748946510008784,0.16796329362866355,-0.8591211354158117
189,37.82521681120747,0.5,0.2,0.5,0.75,0.006217608229756012,0.7998650609735991,0.018132093624075387,0.1757852371725704,-0.8591211354158117
190,38.02535023348899,0.5,0.2,0.5,0.75,0.006403790915033131,0.790987430756442,0.018791813860511514,0.18381696446801443,-0.8591211354158117
191,38.22548365577051,0.5,0.2,0.5,0.75,0.006597692153680215,0.7818842181607409,0.019468532906139122,0.19204955677944083,-0.8591211354158117
192,38.425617078052035,0.5,0.2,0.5,0.75,0.006799554672072349,0.772565560745975,0.020162125305805932,0.20047275927614777,-0.8591211354158117
193,38.62575050033355,0.5,0.2,0.5,0.75,0.007009643712288943,0.7630429476601064,0.020872434459962275,0.20907497416764367,-0.8591211354158117
194,38.82588392261508,0.5,0.2,0.5,0.75,0.007228247889231307,0.7533291639476057,0.02159927597389862,0.21784331218926556,-0.8591211354158117
195,39.026017344896594,0.5,0.2,0.5,0.75,0.007455680761738863,0.7434382688207157,0.022342440083095355,0.22676361033445136,-0.8591211354158117
196,39.22615076717812,0.5,0.2,0.5,0.75,0.00769228148263026,0.7333855149807971,0.023101695886164217,0.23582050765040974,-0.8591211354158117
197,39.426284189459636,0.5,0.2,0.5,0.75,0.007938415833280251,0.7231872714878664,0.02387679566285903,0.2449975170159956,-0.8591211354158117
198,39.62641761174116,0.5,0.2,0.5,0.75,0.008194476985289556,0.712860930341413,0.024667479681752674,0.25427711299154615,-0.8591211354158117
199,39.82655103402268,0.5,0.2,0.5,0.75,0.008460885728533134,0.7024247869886435,0.02547348173465011,0.2636408455481746,-0.8591211354158117
200,40.0266844563042,0.5,0.2,0.5,0.75,0.008738091170753998,0.691897914190418,0.02629453521007198,0.2730694594287574,-0.8591211354158117
201,40.22681787858572,0.5,0.2,0.5,0.75,0.009026570456734622,0.6813000337111852,0.027130378646410075,0.28254301718567143,-0.8591211354158117
202,40.426951300867245,0.5,0.2,0.5,0.75,0.009326829072772151,0.6706513448750568,0.027980763395737202,0.2920410626564352,-0.8591211354158117
203,40.62708472314876,0.5,0.2,0.5,0.75,0.009639400590723796,0.6599723619868553,0.028845460557603914,0.3015427768648184,-0.8591211354158117
204,40.82721814543029,0.5,0.2,0.5,0.75,0.009964845716701334,0.649283797384421,0.02972426555687746,0.3110270913420015,-0.8591211354158117
205,41.027351567711804,0.5,0.2,0.5,0.75,0.010303751819407639,0.6386063601862667,0.03061700650390149,0.3204728814904253,-0.8591211354158117
206,41.22748498999333,0.5,0.2,0.5,0.75,0.010656732355282974,0.6279605988331873,0.03152355060592503,0.3298591182056059,-0.8591211354158117
207,41.427618412274846,0.5,0.2,0.5,0.75,0.011024425759165636,0.6173667225819537,0.032443811126168565,0.33916504053271324,-0.8591211354158117
208,41.62775183455637,0.5,0.2,0.5,0.75,0.011407494209642157,0.606844466711899,0.033377752361856694,0.34837028671660336,-0.8591211354158117
209,41.82788525683789,0.5,0.2,0.5,0.75,0.011806622316663068,0.5964129476949769,0.034325394963166826,0.3574550350251943,-0.8591211354158117
210,42.02801867911941,0.5,0.2,0.5,0.75,0.012222515765701287,0.5860905053463205,0.03528682170748513,0.36640015718049435,-0.8591211354158117
211,42.22815210140093,0.5,0.2,0.5,0.75,0.012655899968452643,0.5758946025702728,0.03626218073560303,0.3751873167256727,-0.8591211354158117
212,42.428285523682455,0.5,0.2,0.5,0.75,0.013107518264349307,0.5658416869553081,0.037251690182562316,0.3837991045977814,-0.8591211354158117
213,42.62841894596397,0.5,0.2,0.5,0.75,0.013578130492512325,0.5559471269420619,0.03825563971626619,0.3922191028491608,-0.8591211354158117
214,42.8285523682455,0.5,0.2,0.5,0.75,0.014068511101276106,0.5462251069038956,0.039274393532345554,0.400431988462484,-0.8591211354158117
215,43.028685790527014,0.5,0.2,0.5,0.75,0.014579447651665346,0.5366885837363663,0.04030839072639195,0.40842357788557776,-0.8591211354158117
216,43.22881921280854,0.5,0.2,0.5,0.75,0.015111738940732908,0.527349233202896,0.04135814596113938,0.41618088189523295,-0.8591211354158117
217,43.428952635090056,0.5,0.2,0.5,0.75,0.015666193315031544,0.5182174239843861,0.0424242488786956,0.423692133821888,-0.8591211354158117
218,43.62908605737158,0.5,0.2,0.5,0.75,0.016243626924267264,0.5093022087745175,0.04350736267302063,0.43094680162819576,-0.8591211354158117
219,43.8292194796531,0.5,0.2,0.5,0.75,0.016844861959329945,0.5006113236944894,0.044608222167489435,0.4379355921786925,-0.8591211354158117
220,44.02935290193462,0.5,0.2,0.5,0.75,0.017470725029774356,0.4921512071703829,0.045727630965650835,0.44465043683419314,-0.8591211354158117
221,44.22948632421614,0.5,0.2,0.5,0.75,0.0181220452690028,0.48392703793097597,0.04686645771039905,0.4510844590896234,-0.8591211354158117
222,44.429619746497664,0.5,0.2,0.5,0.75,0.01879965293038132,0.4759427603410418,0.04802563265313666,0.4572319540754414,-0.8591211354158117
223,44.62975316877918,0.5,0.2,0.5,0.75,0.01950437761663979,0.46820115181773503,0.049206142423492534,0.46308832814213385,-0.8591211354158117
224,44.829886591060706,0.5,0.2,0.5,0.75,0.02023704664424087,0.4607038838812645,0.05040902489991652,0.4686500445745793,-0.8591211354158117
225,45.030020013342224,0.5,0.2,0.5,0.75,0.02099848358598894,0.4534515634705517,0.05163536471970977,0.4739145882237508,-0.8591211354158117
226,45.23015343562375,0.5,0.2,0.5,0.75,0.021789506621464783,0.44644384419844263,0.052886285828659514,0.4788803633514344,-0.8591211354158117
227,45.430286857905266,0.5,0.2,0.5,0.75,0.022610927128532632,0.4396794683253155,0.05416294668843536,0.4835466578577178,-0.8591211354158117
228,45.63042028018679,0.5,0.2,0.5,0.75,0.023463548214570137,0.4331563559248643,0.055466533425687616,0.4879135624348792,-0.8591211354158117
229,45.83055370246831,0.5,0.2,0.5,0.75,0.024348163263667816,0.42687170101148075,0.05679825257079737,0.49198188315405533,-0.8591211354158117
230,46.03068712474983,0.5,0.2,0.5,0.75,0.025265554578112175,0.4208220122994914,0.05815932596785516,0.4957531071545425,-0.8591211354158117
231,46.23082054703135,0.5,0.2,0.5,0.75,0.02621649201737001,0.4150032296872508,0.05955098236627145,0.49922929592910903,-0.8591211354158117
232,46.430953969312874,0.5,0.2,0.5,0.75,0.027201731665624587,0.4094107802292668,0.060974451496275714,0.5024130366088342,-0.8591211354158117
233,46.63108739159439,0.5,0.2,0.5,0.75,0.028222014537591614,0.4040396461897147,0.062430957490184784,0.5053073817825101,-0.8591211354158117
234,46.831220813875916,0.5,0.2,0.5,0.75,0.029278065331046904,0.3988844574088306,0.06392171111339602,0.5079157661467277,-0.8591211354158117
235,47.03135423615743,0.5,0.2,0.5,0.75,0.030370591144283275,0.3939395308771593,0.06544790432940875,0.5102419736491499,-0.8591211354158117
236,47.23148765843896,0.5,0.2,0.5,0.75,0.03150028029318179,0.3891989510585086,0.06701070278968434,0.5122900658586266,-0.8591211354158117
237,47.431621080720475,0.5,0.2,0.5,0.75,0.03266780109294367,0.3846566244821154,0.06861123952908427,0.5140643348958579,-0.8591211354158117
238,47.631754503002,0.5,0.2,0.5,0.75,0.03387380063792068,0.38030632385430185,0.0702506091048696,0.5155692664029091,-0.8591211354158117
239,47.83188792528352,0.5,0.2,0.5,0.75,0.03511890369122311,0.3761417498879906,0.07192986059080825,0.5168094858299793,-0.8591211354158117
240,48.03202134756504,0.5,0.2,0.5,0.75,0.036403711450321265,0.37215656669731195,0.07364999217764558,0.5177897296747225,-0.8591211354158117
241,48.23215476984656,0.5,0.2,0.5,0.75,0.03772880043014539,0.36834444461857546,0.07541194498397744,0.518514809967303,-0.8591211354158117
242,48.432288192128084,0.5,0.2,0.5,0.75,0.039094721320655224,0.3646990970927699,0.07721659725607097,0.5189895843305052,-0.8591211354158117
243,48.6324216144096,0.5,0.2,0.5,0.75,0.04050199777754896,0.36121431045717084,0.07906475920508173,0.5192189325601998,-0.8591211354158117
244,48.832555036691126,0.5,0.2,0.5,0.75,0.04195112534845169,0.3578839716857216,0.0809571672865994,0.5192077356792286,-0.8591211354158117
245,49.03268845897264,0.5,0.2,0.5,0.75,0.04344257022217436,0.3547020961092592,0.08289447948854513,0.5189608541800226,-0.8591211354158117
246,49.23282188125417,0.5,0.2,0.5,0.75,0.04497676814286184,0.3516628441240255,0.08487727014964395,0.51848311758347,-0.8591211354158117
247,49.432955303535685,0.5,0.2,0.5,0.75,0.04655412332595991,0.3487605339423796,0.08690602496590874,0.5177793177657529,-0.8591211354158117
248,49.63308872581721,0.5,0.2,0.5,0.75,0.04817500729719286,0.3459896547297331,0.08898113650517167,0.5168542014679035,-0.8591211354158117
249,49.83322214809873,0.5,0.2,0.5,0.75,0.04983975750174846,0.343344896917907,0.09110290098480958,0.5157124445955361,-0.8591211354158117
250,50.03335557038025,0.5,0.2,0.5,0.75,0.05154867625324979,0.34082114948213094,0.09327151370609965,0.5143586605585208,-0.8591211354158117
251,50.23348899266177,0.5,0.2,0.5,0.75,0.053302029587211947,0.33841350207811915,0.09548706511938011,0.51279740321529,-0.8591211354158117
252,50.433622414943294,0.5,0.2,0.5,0.75,0.055100046047590195,0.3361172562190257,0.09774953727588984,0.5110331604574955,-0.8591211354158117
253,50.63375583722481,0.5,0.2,0.5,0.75,0.05694291548850606,0.3339279236242992,0.1000588005464914,0.5090703603407046,-0.8591211354158117
254,50.833889259506336,0.5,0.2,0.5,0.75,0.058830787870620425,0.33184122296855323,0.1024146105564174,0.5069133786044102,-0.8591211354158117
255,51.03402268178785,0.5,0.2,0.5,0.75,0.060763771987056944,0.32985309517599026,0.10481660605783936,0.5045665267791146,-0.8591211354158117
256,51.23415610406938,0.5,0.2,0.5,0.75,0.06274193425072497,0.3279596962755567,0.10726430627907164,0.5020340631946479,-0.8591211354158117
257,51.4342895263509,0.5,0.2,0.5,0.75,0.0647652974812094,0.32615738647954423,0.10975710845418551,0.4993202075850622,-0.8591211354158117
258,51.63442294863242,0.5,0.2,0.5,0.75,0.06683383971578187,0.32444273710631016,0.11229428627558688,0.4964291369023224,-0.8591211354158117
259,51.834556370913944,0.5,0.2,0.5,0.75,0.06894749296805046,0.3228125245560138,0.11487498827235067,0.4933649942035864,-0.8591211354158117
260,52.03468979319546,0.5,0.2,0.5,0.75,0.07110614195339232,0.3212637192806267,0.11749823637271044,0.49013190239327187,-0.8591211354158117
261,52.234823215476986,0.5,0.2,0.5,0.75,0.07330962278698273,0.31979348845769434,0.12016292538307732,0.486733963372247,-0.8591211354158117
262,52.4349566377585,0.5,0.2,0.5,0.75,0.07555772170379378,0.31839919030954045,0.12286782241086584,0.4831752655758013,-0.8591211354158117
263,52.63509006004003,0.5,0.2,0.5,0.75,0.07785017382543931,0.3170783612736971,0.12561156623090264,0.47945989866996247,-0.8591211354158117
264,52.835223482321545,0.5,0.2,0.5,0.75,0.08018666197448168,0.3158287159347949,0.128392667627654,0.4755919544630709,-0.8591211354158117
265,53.03535690460307,0.5,0.2,0.5,0.75,0.08256681546223084,0.31464814202589253,0.1312095098393284,0.4715755326725498,-0.8591211354158117
266,53.23549032688459,0.5,0.2,0.5,0.75,0.08499020871899061,0.31353468796269607,0.13406034904955563,0.4674147542687592,-0.8591211354158117
267,53.43562374916611,0.5,0.2,0.5,0.75,0.0874563600737814,0.312486560413496,0.13694331570557894,0.4631137638071452,-0.8591211354158117
268,53.63575717144763,0.5,0.2,0.5,0.75,0.08996473048740114,0.311502119632851,0.13985641609408345,0.45867673378566587,-0.8591211354158117
269,53.835890593729154,0.5,0.2,0.5,0.75,0.09251472230551855,0.31057986830100753,0.14279753381721783,0.4541078755762576,-0.8591211354158117
270,54.03602401601067,0.5,0.2,0.5,0.75,0.09510567805267968,0.3097184478294078,0.1457644320956751,0.44941144202223887,-0.8591211354158117
271,54.236157438292196,0.5,0.2,0.5,0.75,0.09773687926310914,0.30891663404439657,0.14875475635695262,0.4445917303355431,-0.8591211354158117
272,54.43629086057371,0.5,0.2,0.5,0.75,0.10040754515415884,0.3081733274062283,0.15176603690216067,0.43965309053745355,-0.8591211354158117
273,54.63642428285524,0.5,0.2,0.5,0.75,0.10311683150171974,0.3074875487261878,0.15479569216847106,0.4345999276036228,-0.8591211354158117
274,54.836557705136755,0.5,0.2,0.5,0.75,0.10586382955763701,0.30685843492450715,0.15784103231820343,0.42943670319965377,-0.8591211354158117
275,55.03669112741828,0.5,0.2,0.5,0.75,0.10864756474971979,0.30628523100879596,0.16089926305661956,0.42416794118486606,-0.8591211354158117
276,55.2368245496998,0.5,0.2,0.5,0.75,0.11146699563865287,0.3057672856037369,0.16396748988549398,0.4187982288721176,-0.8591211354158117
277,55.43695797198132,0.5,0.2,0.5,0.75,0.11432101297229695,0.30530404685314905,0.16704272267997197,0.41333221749458343,-0.8591211354158117
278,55.63709139426284,0.5,0.2,0.5,0.75,0.11720843843468799,0.30489505596345023,0.17012188062281178,0.4077746249790514,-0.8591211354158117
279,55.837224816544364,0.5,0.2,0.5,0.75,0.12012802378587893,0.3045399429664548,0.17320179742405725,0.4021302358236104,-0.8591211354158117
280,56.03735823882588,0.5,0.2,0.5,0.75,0.12307845023948843,0.30423842284759317,0.1762792267862174,0.39640390012670235,-0.8591211354158117
281,56.237491661107406,0.5,0.2,0.5,0.75,0.12605832704427142,0.3039902900366183,0.17935084853722452,0.39060053438188713,-0.8591211354158117
282,56.43762508338892,0.5,0.2,0.5,0.75,0.1290661907165561,0.30379541442025126,0.1824132748635455,0.38472511999964853,-0.8591211354158117
283,56.63775850567045,0.5,0.2,0.5,0.75,0.13210050466486145,0.3036537377087698,0.18546305672044533,0.3787827009059248,-0.8591211354158117
284,56.837891927951965,0.5,0.2,0.5,0.75,0.13515965952421982,0.3035652705873573,0.18849669028401353,0.3727783796044108,-0.8591211354158117
285,57.03802535023349,0.5,0.2,0.5,0.75,0.13824197107647884,0.3035300877785016,0.1915106248324538,0.36671731631256727,-0.8591211354158117
286,57.23815877251501,0.5,0.2,0.5,0.75,0.1413456801739698,0.30354832510663954,0.19450127009563392,0.3606047246237582,-0.8591211354158117
287,57.43829219479653,0.5,0.2,0.5,0.75,0.14446895300653942,0.3036201760657248,0.1974650037407161,0.3544458671870211,-0.8591211354158117
288,57.63842561707805,0.5,0.2,0.5,0.75,0.1476098821193928,0.3037458882465379,0.20039817881150845,0.34824605082256216,-0.8591211354158117
289,57.83855903935957,0.5,0.2,0.5,0.75,0.15076648441659232,0.3039257612468823,0.20329713316013726,0.3420106211763894,-0.8591211354158117
290,58.03869246164109,0.5,0.2,0.5,0.75,0.15393670181147417,0.30416014369857297,0.20615819781116806,0.3357449566787861,-0.8591211354158117
291,58.238825883922615,0.5,0.2,0.5,0.75,0.15711840241365077,0.30444942994474594,0.20897770525392356,0.329454462387681,-0.8591211354158117
292,58.43895930620413,0.5,0.2,0.5,0.75,0.16030938246880586,0.30479405639434504,0.21175199759486776,0.3231445635419826,-0.8591211354158117
293,58.63909272848566,0.5,0.2,0.5,0.75,0.16350736456942583,0.30519450092813744,0.21447743761657195,0.31682069688586606,-0.8591211354158117
294,58.839226150767175,0.5,0.2,0.5,0.75,0.1667099993328656,0.3056512799569297,0.2171504178593635,0.3104883028508425,-0.8591211354158117
295,59.0393595730487,0.5,0.2,0.5,0.75,0.1699148677118291,0.3061649449931396,0.2197673692538775,0.3041528180411551,-0.8591211354158117
296,59.23949299533022,0.5,0.2,0.5,0.75,0.17311948387028325,0.30673607896011645,0.22232476960919081,0.29781966756041073,-0.8591211354158117
297,59.43962641761174,0.5,0.2,0.5,0.75,0.1763212941372671,0.3073652965105958,0.22481915634844765,0.2914942530036907,-0.8591211354158117
298,59.63975983989326,0.5,0.2,0.5,0.75,0.17951767987399558,0.3080532409073279,0.2272471358399692,0.2851819433787086,-0.8591211354158117
299,59.83989326217478,0.5,0.2,0.5,0.75,0.1827059609993132,0.30880058037417324,0.2296053916696006,0.27888806695691415,-0.8591211354158117
300,60.0400266844563,0.5,0.2,0.5,0.75,0.1858833997712605,0.3096080044742306,0.23189069303059082,0.27261790272391934,-0.8591211354158117
301,60.240160106737825,0.5,0.2,0.5,0.75,0.18904720111068715,0.31047622452340967,0.23409990900920227,0.2663766653567021,-0.8591211354158117
302,60.44029352901934,0.5,0.2,0.5,0.75,0.1921945167145884,0.31140597022293903,0.23623001751538195,0.26016949554709184,-0.8591211354158117
303,60.64042695130087,0.5,0.2,0.5,0.75,0.19532244980412394,0.3123979856650403,0.23827811220536033,0.25400145232547666,-0.8591211354158117
304,60.840560373582385,0.5,0.2,0.5,0.75,0.19842805983664416,0.31345302573259093,0.2402414102943782,0.24787750413638795,-0.8591211354158117
305,61.04069379586391,0.5,0.2,0.5,0.75,0.20150836468636493,0.3145718560401586,0.2421172679805822,0.2418025112928955,-0.8591211354158117
306,61.24082721814543,0.5,0.2,0.5,0.75,0.20456034600683595,0.31575524921521897,0.24390318812195597,0.2357812166559903,-0.8591211354158117
307,61.44096064042695,0.5,0.2,0.5,0.75,0.20758095495248416,0.31700398056538853,0.24559682475485042,0.2298182397272781,-0.8591211354158117
308,61.64109406270847,0.5,0.2,0.5,0.75,0.2105671178020234,0.31831882444026816,0.2471959899725519,0.22391806778515772,-0.8591211354158117
309,61.84122748498999,0.5,0.2,0.5,0.75,0.21351574045360006,0.3197005531775928,0.24869866939625696,0.21808503697255144,-0.8591211354158117
310,62.04136090727151,0.5,0.2,0.5,0.75,0.2164237148530438,0.3211499330237578,0.25010302775161597,0.2123233243715836,-0.8591211354158117
311,62.241494329553035,0.5,0.2,0.5,0.75,0.2192879252438843,0.3226677196061428,0.25140741009083034,0.20663694505914373,-0.8591211354158117
312,62.44162775183455,0.5,0.2,0.5,0.75,0.22210525474624335,0.324254654144769,0.25261034741439176,0.20102974369459709,-0.8591211354158117
313,62.64176117411608,0.5,0.2,0.5,0.75,0.22487259227447629,0.32591146107990454,0.2537105705107754,0.19550537613484495,-0.8591211354158117
314,62.841894596397594,0.5,0.2,0.5,0.75,0.22758683974227162,0.32763884369372226,0.2547070126987203,0.19006730386528692,-0.8591211354158117
315,63.04202801867912,0.5,0.2,0.5,0.75,0.23024491821501197,0.3294374797004794,0.2555988074286811,0.18471879465582874,-0.8591211354158117
316,63.242161440960636,0.5,0.2,0.5,0.75,0.23284377550100321,0.3313080171539868,0.2563852921301922,0.17946291521481897,-0.8591211354158117
317,63.44229486324216,0.5,0.2,0.5,0.75,0.2353803952141352,0.3332510706844963,0.25706601849623983,0.17430251560512985,-0.8591211354158117
318,63.64242828552368,0.5,0.2,0.5,0.75,0.2378518043493368,0.33526721697248396,0.25764075189684316,0.16924022678133727,-0.8591211354158117
319,63.8425617078052,0.5,0.2,0.5,0.75,0.24025507862086187,0.33735699089979204,0.2581094658613643,0.16427846461798296,-0.8591211354158117
320,64.04269513008673,0.5,0.2,0.5,0.75,0.2425873510396039,0.339520881024925,0.25847234336869923,0.15941942456677297,-0.8591211354158117
321,64.24282855236824,0.5,0.2,0.5,0.75,0.2448458224762287,0.3417593246207191,0.25872978182918177,0.15466507107387156,-0.8591211354158117
322,64.44296197464976,0.5,0.2,0.5,0.75,0.2470277690867283,0.34407270325832007,0.2588823890870111,0.15001713856794163,-0.8591211354158117
323,64.64309539693129,0.5,0.2,0.5,0.75,0.24913054619220018,0.3464613399935528,0.25893097607496685,0.1454771377392813,-0.8591211354158117
324,64.84322881921281,0.5,0.2,0.5,0.75,0.2511515976457253,0.3489254943717454,0.2588765545416332,0.14104635344089722,-0.8591211354158117
325,65.04336224149432,0.5,0.2,0.5,0.75,0.2530884669214019,0.3514653567355775,0.2587203357125923,0.1367258406304295,-0.8591211354158117
326,65.24349566377585,0.5,0.2,0.5,0.75,0.25493880381893785,0.3540810442560491,0.2584637232679476,0.1325164286570667,-0.8591211354158117
327,65.44362908605737,0.5,0.2,0.5,0.75,0.2567003664321836,0.3567725995557144,0.25810830594704887,0.1284187280650544,-0.8591211354158117
328,65.6437625083389,0.5,0.2,0.5,0.75,0.25837103086140223,0.35953998536546605,0.2576558507253203,0.12443313304781263,-0.8591211354158117
329,65.8438959306204,0.5,0.2,0.5,0.75,0.25994880167540313,0.36238307879112625,0.25710829525880885,0.120559824274663,-0.8591211354158117
330,66.04402935290193,0.5,0.2,0.5,0.75,0.26143181733142085,0.3653016681662018,0.25646773864590305,0.11679877585647551,-0.8591211354158117
331,66.24416277518345,0.5,0.2,0.5,0.75,0.2628183500797584,0.3682954533260511,0.2557364356895461,0.11314976090464551,-0.8591211354158117
332,66.44429619746498,0.5,0.2,0.5,0.75,0.2641068152956042,0.371364040258937,0.25491678497544146,0.10961235947001853,-0.8591211354158117
333,66.64442961974649,0.5,0.2,0.5,0.75,0.26529578016742233,0.3745069361296201,0.2540113164048506,0.10618596729810821,-0.8591211354158117
334,66.84456304202801,0.5,0.2,0.5,0.75,0.26638396735215625,0.3777235473058773,0.25302268080968426,0.10286980453228337,-0.8591211354158117
335,67.04469646430954,0.5,0.2,0.5,0.75,0.2673702530019655,0.38101318123493083,0.25195364693938876,0.09966291882371606,-0.8591211354158117
336,67.24482988659106,0.5,0.2,0.5,0.75,0.26825367474674316,0.3843750416661982,0.2508070847652049,0.09656419882185485,-0.8591211354158117
337,67.44496330887257,0.5,0.2,0.5,0.75,0.2690334376693396,0.38780822518602465,0.2495859502849752,0.0935723868596616,-0.8591211354158117
338,67.6450967311541,0.5,0.2,0.5,0.75,0.26970891586811196,0.3913117206849632,0.24829327510127658,0.09068608834564935,-0.8591211354158117
339,67.84523015343562,0.5,0.2,0.5,0.75,0.270279649078249,0.394884412521858,0.2469321662349993,0.08790377216489474,-0.8591211354158117
340,68.04536357571715,0.5,0.2,0.5,0.75,0.27074534822030816,0.39852507707395407,0.24550578606467618,0.08522378864106267,-0.8591211354158117
341,68.24549699799866,0.5,0.2,0.5,0.75,0.2711058980964511,0.4022323813357061,0.2440173368614914,0.08264438370635255,-0.8591211354158117
342,68.44563042028018,0.5,0.2,0.5,0.75,0.2713613567298902,0.4060048839591916,0.24247005127580082,0.08016370803511848,-0.8591211354158117
343,68.6457638425617,0.5,0.2,0.5,0.75,0.27151195122632743,0.40984103919103204,0.2408671941685974,0.07777981541404422,-0.8591211354158117
344,68.84589726484323,0.5,0.2,0.5,0.75,0.2715580798787479,0.41373919555503735,0.23921204151263237,0.07549068305358353,-0.8591211354158117
345,69.04603068712474,0.5,0.2,0.5,0.75,0.2715003114768825,0.4176975967536119,0.2375078667504031,0.07329422501910356,-0.8591211354158117
346,69.24616410940627,0.5,0.2,0.5,0.75,0.27133938251001727,0.4217143842497898,0.23575793283508895,0.07118830040510518,-0.8591211354158117
347,69.44629753168779,0.5,0.2,0.5,0.75,0.2710761929331661,0.4257876013834536,0.23396549476107784,0.0691707109223036,-0.8591211354158117
348,69.64643095396931,0.5,0.2,0.5,0.75,0.270711804109745,0.42991519486268565,0.23213378013924266,0.06723922088832787,-0.8591211354158117
349,69.84656437625083,0.5,0.2,0.5,0.75,0.2702474350741104,0.43409501785139654,0.2302659786686779,0.06539156840581627,-0.8591211354158117
350,70.04669779853235,0.5,0.2,0.5,0.75,0.26968445788672,0.43832483389685317,0.22836523604145542,0.06362547217497252,-0.8591211354158117
351,70.24683122081387,0.5,0.2,0.5,0.75,0.2690243938444772,0.4426023206889991,0.2264346558815478,0.061938629584977055,-0.8591211354158117
352,70.4469646430954,0.5,0.2,0.5,0.75,0.2682689070161042,0.44692507472847687,0.22447728439836168,0.06032873385705836,-0.8591211354158117
353,70.64709806537691,0.5,0.2,0.5,0.75,0.2674197981470999,0.4512906161702926,0.2224961033527857,0.05879348232982293,-0.8591211354158117
354,70.84723148765843,0.5,0.2,0.5,0.75,0.2664789986153943,0.4556963937628235,0.22049402584325486,0.057330581778528504,-0.8591211354158117
355,71.04736490993996,0.5,0.2,0.5,0.75,0.2654485674038917,0.4601397878813353,0.218473896823396,0.05593774789137816,-0.8591211354158117
356,71.24749833222148,0.5,0.2,0.5,0.75,0.2643306805520845,0.46461811830552685,0.21643848335032406,0.05461271779206576,-0.8591211354158117
357,71.44763175450299,0.5,0.2,0.5,0.75,0.26312762358864117,0.4691286501804862,0.21439047069889,0.05335325553198379,-0.8591211354158117
358,71.64776517678452,0.5,0.2,0.5,0.75,0.261841784630708,0.4736685995438863,0.21233245984420723,0.052157155981199674,-0.8591211354158117
359,71.84789859906604,0.5,0.2,0.5,0.75,0.2604756521854083,0.47823513548797486,0.21026696636673733,0.051022245959880676,-0.8591211354158117
360,72.04803202134757,0.5,0.2,0.5,0.75,0.2590318013924316,0.4828253905083153,0.2081964166623718,0.049946391436882474,-0.8591211354158117
361,72.24816544362908,0.5,0.2,0.5,0.75,0.25751288589779764,0.4874364668709905,0.20612314646340904,0.04892750076780393,-0.8591211354158117
362,72.4482988659106,0.5,0.2,0.5,0.75,0.25592163066156437,0.4920654422761835,0.20404939972654662,0.0479635273357067,-0.8591211354158117
363,72.64843228819213,0.5,0.2,0.5,0.75,0.25426083044190684,0.4967093712170911,0.2019773262846787,0.047052472056324596,-0.8591211354158117
364,72.84856571047365,0.5,0.2,0.5,0.75,0.25253333412444146,0.5013652969592486,0.19990898333795867,0.046192385578352604,-0.8591211354158117
365,73.04869913275516,0.5,0.2,0.5,0.75,0.25074203683607954,0.5060302576609907,0.1978463355655725,0.04538136993735862,-0.8591211354158117
366,73.24883255503669,0.5,0.2,0.5,0.75,0.24888987297827897,0.5107012917539028,0.19579125509901102,0.04461758016880866,-0.8591211354158117
367,73.44896597731821,0.5,0.2,0.5,0.75,0.24697981512027872,0.5153754387182014,0.19374551858192568,0.043899227579595655,-0.8591211354158117
368,73.64909939959973,0.5,0.2,0.5,0.75,0.24501485792080552,0.5200497515069625,0.1917108125729342,0.04322457799929913,-0.8591211354158117
369,73.84923282188124,0.5,0.2,0.5,0.75,0.24299801107375069,0.5247213019199622,0.18968873456838609,0.04259195243790225,-0.8591211354158117
370,74.04936624416277,0.5,0.2,0.5,0.75,0.24093229298258032,0.5293871853634491,0.18768079376057334,0.041999727893398626,-0.8591211354158117
371,74.2494996664443,0.5,0.2,0.5,0.75,0.23882072976664911,0.5340445213201425,0.18568840819634833,0.04144634071686145,-0.8591211354158117
372,74.44963308872582,0.5,0.2,0.5,0.75,0.2366663402482538,0.5386904649936556,0.18371291247738267,0.040930282280709336,-0.8591211354158117
373,74.64976651100733,0.5,0.2,0.5,0.75,0.23447213008124435,0.5433222116338362,0.18175555922957626,0.04045009905534463,-0.8591211354158117
374,74.84989993328885,0.5,0.2,0.5,0.75,0.23224108634947901,0.5479370004507882,0.17981752038970483,0.04000439281002937,-0.8591211354158117
375,75.05003335557038,0.5,0.2,0.5,0.75,0.22997617646001048,0.5525321150241762,0.17789988498592185,0.03959182352989302,-0.8591211354158117
376,75.2501667778519,0.5,0.2,0.5,0.75,0.2276803354152522,0.5571048931088588,0.17600366765117342,0.039211103824717104,-0.8591211354158117
377,75.45030020013341,0.5,0.2,0.5,0.75,0.2253564612536823,0.5616527298034388,0.17412981027287897,0.03886099867000141,-0.8591211354158117
378,75.65043362241494,0.5,0.2,0.5,0.75,0.22300741060519003,0.5661730806069669,0.1722791837261744,0.038540325061670246,-0.8591211354158117
379,75.85056704469646,0.5,0.2,0.5,0.75,0.22063599722408586,0.5706634620442034,0.1704525867214646,0.03824795401024779,-0.8591211354158117
380,76.05070046697799,0.5,0.2,0.5,0.75,0.21824498313655605,0.5751214582556071,0.1686507531430337,0.03798280546480471,-0.8591211354158117
381,76.2508338892595,0.5,0.2,0.5,0.75,0.21583707526821716,0.5795447231284105,0.16687435384656857,0.03774384775680538,-0.8591211354158117
382,76.45096731154102,0.5,0.2,0.5,0.75,0.2134149220753181,0.5839309823904025,0.16512399827200158,0.03753009726227935,-0.8591211354158117
383,76.65110073382255,0.5,0.2,0.5,0.75,0.21098110993751554,0.5882780358878691,0.16340023715281907,0.03734061702179782,-0.8591211354158117
384,76.85123415610407,0.5,0.2,0.5,0.75,0.20853815935007053,0.5925837600216866,0.1617035664676172,0.03717451416062718,-0.8591211354158117
385,77.0513675783856,0.5,0.2,0.5,0.75,0.20608852221952204,0.5968461092675819,0.16003442968378906,0.03703093882910854,-0.8591211354158117
386,77.2515010006671,0.5,0.2,0.5,0.75,0.2036345804463521,0.6010631167987988,0.15839321799461717,0.0369090847602334,-0.8591211354158117
387,77.45163442294863,0.5,0.2,0.5,0.75,0.20117864280527012,0.6052328961953326,0.15678027498407057,0.03680818601532816,-0.8591211354158117
388,77.65176784523015,0.5,0.2,0.5,0.75,0.19872294313473793,0.6093536422075143,0.15519589921423838,0.03672751544351089,-0.8591211354158117
389,77.85190126751168,0.5,0.2,0.5,0.75,0.19626963877029693,0.6134236313610538,0.1536403460519913,0.03666638381665943,-0.8591211354158117
390,78.05203468979319,0.5,0.2,0.5,0.75,0.1938208089935973,0.6174412225456651,0.15211382939799054,0.03662413906274853,-0.8591211354158117
391,78.25216811207471,0.5,0.2,0.5,0.75,0.19137845467025819,0.6214048564934795,0.15061652514993618,0.03660016368632758,-0.8591211354158117
392,78.45230153435624,0.5,0.2,0.5,0.75,0.18894449749075456,0.6253130556800449,0.14914857316602997,0.036593873663172176,-0.8591211354158117
393,78.65243495663776,0.5,0.2,0.5,0.75,0.18652077869334732,0.6291644247391444,0.14771007878831063,0.03660471777919932,-0.8591211354158117
394,78.85256837891927,0.5,0.2,0.5,0.75,0.18410905937586045,0.6329576494129481,0.14630111528018347,0.03663217593100958,-0.8591211354158117
395,79.0527018012008,0.5,0.2,0.5,0.75,0.18171102106718476,0.6366914952885192,0.14492172617878132,0.03667575746551628,-0.8591211354158117
396,79.25283522348232,0.5,0.2,0.5,0.75,0.17932826572639332,0.6403648071279876,0.14357192701043447,0.03673500013518621,-0.8591211354158117
397,79.45296864576385,0.5,0.2,0.5,0.75,0.17696231518734795,0.6439765088430649,0.1422517065736862,0.03680946939590254,-0.8591211354158117
398,79.65310206804536,0.5,0.2,0.5,0.75,0.1746146132947363,0.6475256007651214,0.14096102937695035,0.036898756563193566,-0.8591211354158117
399,79.85323549032688,0.5,0.2,0.5,0.75,0.17228652675929804,0.651011158285585,0.13969983722255375,0.037002477732564924,-0.8591211354158117
400,80.0533689126084,0.5,0.2,0.5,0.75,0.16997934518054417,0.6544323312452563,0.13846805077188182,0.0371202728023193,-0.8591211354158117
401,80.25350233488993,0.5,0.2,0.5,0.75,0.1676942819644144,0.6577883425308899,0.13726557109774987,0.03725180440694748,-0.8591211354158117
402,80.45363575717144,0.5,0.2,0.5,0.75,0.16543247726669666,0.6610784848701755,0.1360922812267395,0.03739675663639006,-0.8591211354158117
403,80.65376917945296,0.5,0.2,0.5,0.75,0.16319499901360685,0.664302119387347,0.1349480475367126,0.037554834062335264,-0.8591211354158117
404,80.85390260173449,0.5,0.2,0.5,0.75,0.16098284307096244,0.6674586750198029,0.1338327210655059,0.03772576084373033,-0.8591211354158117
405,81.05403602401601,0.5,0.2,0.5,0.75,0.158796936038941,0.6705476454890125,0.13274613880019137,0.03790927967185672,-0.8591211354158117
406,81.25416944629752,0.5,0.2,0.5,0.75,0.15663813728602413,0.673568587021449,0.13168812487333903,0.03810515081918954,-0.8591211354158117
407,81.45430286857905,0.5,0.2,0.5,0.75,0.15450724012509984,0.676521116883022,0.13065849177864694,0.038313151213232866,-0.8591211354158117
408,81.65443629086057,0.5,0.2,0.5,0.75,0.15240497389325833,0.67940491111586,0.12965704143554424,0.03853307355533918,-0.8591211354158117
409,81.8545697131421,0.5,0.2,0.5,0.75,0.15033200648870615,0.6822197018887001,0.12868356613452137,0.03876472548807409,-0.8591211354158117
410,82.05470313542361,0.5,0.2,0.5,0.75,0.1482889458704024,0.6849652758183497,0.12773784956772574,0.03900792874352395,-0.8591211354158117
411,82.25483655770513,0.5,0.2,0.5,0.75,0.14627634144951532,0.6876414724213494,0.12681966781214737,0.03926251831698961,-0.8591211354158117
412,82.45496997998666,0.5,0.2,0.5,0.75,0.14429468736442405,0.6902481808637898,0.1259287900334182,0.039528341738369735,-0.8591211354158117
413,82.65510340226818,0.5,0.2,0.5,0.75,0.14234442419049126,0.6927853381736577,0.1250649793326101,0.03980525830324282,-0.8591211354158117
414,82.85523682454969,0.5,0.2,0.5,0.75,0.14042594036581937,0.6952529277300453,0.12422799362120529,0.040093138282931894,-0.8591211354158117
415,83.05537024683122,0.5,0.2,0.5,0.75,0.13853957509967366,0.6976509764417732,0.12341758616818051,0.04039186229037448,-0.8591211354158117
416,83.25550366911274,0.5,0.2,0.5,0.75,0.13668562042183457,0.6999795527271689,0.12263350625983936,0.040701320591158836,-0.8591211354158117
417,83.45563709139427,0.5,0.2,0.5,0.75,0.13486432260631048,0.7022387650800371,0.12187549995088426,0.04102141236276989,-0.8591211354158117
418,83.65577051367578,0.5,0.2,0.5,0.75,0.13307588469908702,0.7044287596730363,0.12114331052605372,0.041352045101824775,-0.8591211354158117
419,83.8559039359573,0.5,0.2,0.5,0.75,0.13132046876618214,0.7065497182379339,0.12043667897450677,0.04169313402137904,-0.8591211354158117
420,84.05603735823883,0.5,0.2,0.5,0.75,0.12959819746765827,0.708601856565465,0.11975534459308612,0.04204460137379238,-0.8591211354158117
421,84.25617078052035,0.5,0.2,0.5,0.75,0.1279091560377105,0.7105854226744306,0.11909904543341039,0.04240637585445032,-0.8591211354158117
422,84.45630420280186,0.5,0.2,0.5,0.75,0.1262533946371827,0.7125006946818264,0.11846751859546636,0.04277839208552627,-0.8591211354158117
423,84.65643762508338,0.5,0.2,0.5,0.75,0.12463093002214262,0.7143479792916748,0.11786050067744962,0.043160590008734574,-0.8591211354158117
424,84.85657104736491,0.5,0.2,0.5,0.75,0.12304174713625328,0.7161276103711712,0.11727772821150854,0.043552914281068576,-0.8591211354158117
425,85.05670446964643,0.5,0.2,0.5,0.75,0.12148580137370625,0.7178399469848395,0.11671893782214476,0.0439553138193111,-0.8591211354158117
426,85.25683789192794,0.5,0.2,0.5,0.75,0.1199630201871302,0.7194853720051596,0.11618386657048675,0.04436774123722506,-0.8591211354158117
427,85.45697131420947,0.5,0.2,0.5,0.75,0.11847330439154476,0.7210642909850062,0.11567225240056069,0.044790152222889956,-0.8591211354158117
428,85.657104736491,0.5,0.2,0.5,0.75,0.1170165304711141,0.7225771302639472,0.1151838340739415,0.04522250519099888,-0.8591211354158117
429,85.85723815877252,0.5,0.2,0.5,0.75,0.11559255214863823,0.7240243356861902,0.11471835139098446,0.04566476077418888,-0.8591211354158117
430,86.05737158105403,0.5,0.2,0.5,0.75,0.1142012020015286,0.7254063713097532,0.11427554533880371,0.046116881349916254,-0.8591211354158117
431,86.25750500333555,0.5,0.2,0.5,0.75,0.11284229264340123,0.7267237184651412,0.11385515842427997,0.04657883046717941,-0.8591211354158117
432,86.45763842561708,0.5,0.2,0.5,0.75,0.11151561714608764,0.7279768754069401,0.11345693536490284,0.047050572082071127,-0.8591211354158117
433,86.6577718478986,0.5,0.2,0.5,0.75,0.1102209521800961,0.7291663549792616,0.11308062224866343,0.047532070591980474,-0.8591211354158117
434,86.85790527018011,0.5,0.2,0.5,0.75,0.10895805885362184,0.7302926840174484,0.1127259668891098,0.04802329023982152,-0.8591211354158117
435,87.05803869246164,0.5,0.2,0.5,0.75,0.10772668399109618,0.7313564024535126,0.11239271888704017,0.04852419466835251,-0.8591211354158117
436,87.25817211474316,0.5,0.2,0.5,0.75,0.10652656110433348,0.7323580625860986,0.11208062995585441,0.04903474635371507,-0.8591211354158117
437,87.45830553702469,0.5,0.2,0.5,0.75,0.10535741127784874,0.733298228432245,0.11178945425756698,0.04955490603234085,-0.8591211354158117
438,87.6584389593062,0.5,0.2,0.5,0.75,0.10421894503133693,0.7341774746812885,0.1115189476703864,0.05008463261698978,-0.8591211354158117
439,87.85857238158772,0.5,0.2,0.5,0.75,0.103110863115382,0.7349963861732022,0.11126886806276,0.05062388264865739,-0.8591211354158117
440,88.05870580386924,0.5,0.2,0.5,0.75,0.10203285753586239,0.7357555573168074,0.11103897525879367,0.05117260988853811,-0.8591211354158117
441,88.25883922615077,0.5,0.2,0.5,0.75,0.10098461249117864,0.7364555913478408,0.1108290313708726,0.051730764790109546,-0.8591211354158117
442,88.45897264843228,0.5,0.2,0.5,0.75,0.0999658052919485,0.7370970998404053,0.11063880077723659,0.05229829409041119,-0.8591211354158117
443,88.6591060707138,0.5,0.2,0.5,0.75,0.09897610727788306,0.7376807025504533,0.11046804960468545,0.052875140566979784,-0.8591211354158117
444,88.85923949299533,0.5,0.2,0.5,0.75,0.0980151846098548,0.7382070269392315,0.11031654587568414,0.05346124257523127,-0.8591211354158117
445,89.05937291527685,0.5,0.2,0.5,0.75,0.09708269903541897,0.7386767078759325,0.11018405942306621,0.054056533665583884,-0.8591211354158117
446,89.25950633755836,0.5,0.2,0.5,0.75,0.09617830882122842,0.7390903867898894,0.11007036224343672,0.05466094214544713,-0.8591211354158117
447,89.45963975983989,0.5,0.2,0.5,0.75,0.09530166932340368,0.7394487117494866,0.10997522819125764,0.055274390735853676,-0.8591211354158117
448,89.65977318212141,0.5,0.2,0.5,0.75,0.09445243350306093,0.7397523376098637,0.10989843265133227,0.05589679623574464,-0.8591211354158117
449,89.85990660440294,0.5,0.2,0.5,0.75,0.09363025257663216,0.7400019256998052,0.10983975258335307,0.056528069140211114,-0.8591211354158117
450,90.06004002668445,0.5,0.2,0.5,0.75,0.0928347765745262,0.7401981437138411,0.10979896642089293,0.057168113290741354,-0.8591211354158117
451,90.26017344896597,0.5,0.2,0.5,0.75,0.09206565543942376,0.740341664628921,0.10977585431156206,0.05781682562009464,-0.8591211354158117
452,90.4603068712475,0.5,0.2,0.5,0.75,0.09132253901287757,0.7404331675341245,0.10977019770782283,0.05847409574517662,-0.8591211354158117
453,90.66044029352902,0.5,0.2,0.5,0.75,0.09060507738566659,0.740473337792588,0.10978177919347298,0.059139805628273964,-0.8591211354158117
454,90.86057371581053,0.5,0.2,0.5,0.75,0.08991292141704804,0.7404628668764892,0.10981038242891815,0.05981382927754607,-0.8591211354158117
455,91.06070713809206,0.5,0.2,0.5,0.75,0.08924572315968977,0.7404024523282092,0.10985579205159202,0.0604960324605104,-0.8591211354158117
456,91.26084056037358,0.5,0.2,0.5,0.75,0.08860313683022054,0.7402927966809136,0.10991779387794565,0.0611862726109216,-0.8591211354158117
457,91.4609739826551,0.5,0.2,0.5,0.75,0.08798481843750984,0.7401346088156617,0.10999617441268972,0.06188439833414002,-0.8591211354158117
458,91.66110740493662,0.5,0.2,0.5,0.75,0.08739042613429009,0.7399286039506028,0.11009072075321007,0.06259024916189834,-0.8591211354158117
459,91.86124082721814,0.5,0.2,0.5,0.75,0.08681962054243066,0.7396755036430352,0.11020122049430855,0.06330365532022686,-0.8591211354158117
460,92.06137424949966,0.5,0.2,0.5,0.75,0.08627206509971803,0.7393760357051893,0.11032746164616931,0.06402443754892467,-0.8591211354158117
461,92.26150767178119,0.5,0.2,0.5,0.75,0.08574742684568624,0.7390309332399507,0.11046923275779602,0.06475240715656827,-0.8591211354158117
462,92.4616410940627,0.5,0.2,0.5,0.75,0.08524537581948721,0.7386409362982422,0.11062632243652976,0.06548736544574213,-0.8591211354158117
463,92.66177451634422,0.5,0.2,0.5,0.75,0.08476558540846302,0.7382067916756953,0.11079851929970667,0.06622910361613636,-0.8591211354158117
464,92.86190793862575,0.5,0.2,0.5,0.75,0.08430773251496201,0.7377292530191265,0.11098561185676051,0.06697740260915226,-0.8591211354158117
465,93.06204136090727,0.5,0.2,0.5,0.75,0.08387149787668029,0.737209080586521,0.11118738845264876,0.06773203308415117,-0.8591211354158117
466,93.26217478318878,0.5,0.2,0.5,0.75,0.08345656660632603,0.7366470405334122,0.11140363730045581,0.06849275555980715,-0.8591211354158117
467,93.46230820547031,0.5,0.2,0.5,0.75,0.08306262750531831,0.7360439065800333,0.11163414607166919,0.06925931984298035,-0.8591211354158117
468,93.66244162775183,0.5,0.2,0.5,0.75,0.0826893733835258,0.7354004596511364,0.11187870186494768,0.07003146510039128,-0.8591211354158117
469,93.86257505003336,0.5,0.2,0.5,0.75,0.08233650110740605,0.734717488011754,0.11213709108353064,0.07080891979731047,-0.8591211354158117
470,94.06270847231487,0.5,0.2,0.5,0.75,0.08200371189437397,0.733995786821448,0.11240909942009875,0.07159140186408056,-0.8591211354158117
471,94.26284189459639,0.5,0.2,0.5,0.75,0.08169071153446067,0.7332361578003904,0.11269451182208831,0.07237861884306185,-0.8591211354158117
472,94.46297531687792,0.5,0.2,0.5,0.75,0.08139720980720729,0.7324394105903294,0.1129931121472429,0.07317026745522169,-0.8591211354158117
473,94.66310873915944,0.5,0.2,0.5,0.75,0.08112292072251408,0.7316063622883723,0.11330468315509191,0.073966033834023,-0.8591211354158117
474,94.86324216144095,0.5,0.2,0.5,0.75,0.0808675624710112,0.7307378375634965,0.11362900639253225,0.07476559357296124,-0.8591211354158117
475,95.06337558372248,0.5,0.2,0.5,0.75,0.0806308577893747,0.7298346678161347,0.11396586224324187,0.07556861215124985,-0.8591211354158117
476,95.263509006004,0.5,0.2,0.5,0.75,0.08041253379114663,0.7288976914653001,0.11431502978644413,0.07637474495711019,-0.8591211354158117
477,95.46364242828552,0.5,0.2,0.5,0.75,0.08021232152803072,0.727927754781443,0.11467628656390264,0.07718363712662471,-0.8591211354158117
478,95.66377585056703,0.5,0.2,0.5,0.75,0.08002995613381327,0.7269257113938673,0.11504940857308588,0.07799492389923458,-0.8591211354158117
479,95.86390927284856,0.5,0.2,0.5,0.75,0.07986517673938076,0.725892422254751,0.11543417018376621,0.078808230822103,-0.8591211354158117
480,96.06404269513008,0.5,0.2,0.5,0.75,0.07971772637684506,0.7248287555810836,0.11583034405941157,0.07962317398266075,-0.8591211354158117
481,96.26417611741161,0.5,0.2,0.5,0.75,0.07958735212422674,0.7237355862716398,0.11623770115853238,0.08043936044560211,-0.8591211354158117
482,96.46430953969312,0.5,0.2,0.5,0.75,0.07947380533282172,0.7226137951143234,0.11665601076900717,0.08125638878384878,-0.8591211354158117
483,96.66444296197464,0.5,0.2,0.5,0.75,0.07937684084694233,0.7214642699630778,0.1170850402501858,0.08207384893979519,-0.8591211354158117
484,96.86457638425617,0.5,0.2,0.5,0.75,0.07929621721443064,0.720287904889468,0.11752455507919769,0.08289132281690474,-0.8591211354158117
485,97.06470980653769,0.5,0.2,0.5,0.75,0.07923169663067473,0.7190855998218734,0.1179743188264448,0.08370838472100825,-0.8591211354158117
486,97.2648432288192,0.5,0.2,0.5,0.75,0.07918304487564949,0.7178582601532774,0.11843409313784922,0.08452460183322515,-0.8591211354158117
487,97.46497665110073,0.5,0.2,0.5,0.75,0.07915003105515639,0.7166067967758472,0.11890363765633559,0.08533953451266214,-0.8591211354158117
488,97.66511007338225,0.5,0.2,0.5,0.75,0.0791324265421798,0.715332127991488,0.1193827096686497,0.08615273579768375,-0.8591211354158117
489,97.86524349566378,0.5,0.2,0.5,0.75,0.07913000619969447,0.714035175909267,0.11987106456875546,0.08696375332228437,-0.8591211354158117
490,98.06537691794529,0.5,0.2,0.5,0.75,0.07914254793828768,0.7127168667949367,0.1203684557401923,0.08777212952658464,-0.8591211354158117
491,98.26551034022681,0.5,0.2,0.5,0.75,0.07916983249480623,0.7113781308495779,0.12087463452539766,0.08857740213021954,-0.8591211354158117
492,98.46564376250834,0.5,0.2,0.5,0.75,0.07921164331928612,0.7100199016882247,0.12138935024209761,0.08937910475039293,-0.8591211354158117
493,98.66577718478986,0.5,0.2,0.5,0.75,0.0792677664265609,0.7086431158934285,0.12191235018789333,0.09017676749211867,-0.8591211354158117
494,98.86591060707137,0.5,0.2,0.5,0.75,0.07933798956411584,0.7072487146961138,0.12244337927054132,0.09096991646923049,-0.8591211354158117
495,99.0660440293529,0.5,0.2,0.5,0.75,0.07942210272642947,0.7058376413633353,0.12298218039810371,0.09175807551213305,-0.8591211354158117
496,99.26617745163442,0.5,0.2,0.5,0.75,0.07951989807237426,0.7044108404414049,0.1235284945429034,0.09254076694331892,-0.8591211354158117
497,99.46631087391594,0.5,0.2,0.5,0.75,0.07963116960783102,0.7029692577102166,0.12408206068143637,0.09331751200051747,-0.8591211354158117
498,99.66644429619745,0.5,0.2,0.5,0.75,0.07975571303322605,0.70151383958581,0.12464261583337652,0.09408783154758883,-0.8591211354158117
499,99.86657771847898,0.5,0.2,0.5,0.75,0.07989332559193518,0.7000455324927697,0.1252098951075734,0.09485124680772317,-0.8591211354158117
500,100.0667111407605,0.5,0.2,0.5,0.75,0.08004380580234237,0.6985652832536031,0.1257836315699939,0.09560727937406215,-0.8591211354158117
501,100.26684456304203,0.5,0.2,0.5,0.75,0.08020695333540188,0.697074038171304,0.1263635563443872,0.09635545214890846,-0.8591211354158117
502,100.46697798532354,0.5,0.2,0.5,0.75,0.08038256896142706,0.6955727414882156,0.12694939882496845,0.09709529072539055,-0.8591211354158117
503,100.66711140760506,0.5,0.2,0.5,0.75,0.08057045433523408,0.6940623352790943,0.12754088663741553,0.09782632374825778,-0.8591211354158117
504,100.86724482988659,0.5,0.2,0.5,0.75,0.0807704118430606,0.6925437587963259,0.12813774569855446,0.09854808366206082,-0.8591211354158117
505,101.06737825216811,0.5,0.2,0.5,0.75,0.08098224445223214,0.6910179477970074,0.1287397002811415,0.09926010746962069,-0.8591211354158117
506,101.26751167444962,0.5,0.2,0.5,0.75,0.0812057554207182,0.6894858343289937,0.12934647309671352,0.09996193715357647,-0.8591211354158117
507,101.46764509673115,0.5,0.2,0.5,0.75,0.08144074796156282,0.6879483466620568,0.12995778538791272,0.10065311998846946,-0.8591211354158117
508,101.66777851901267,0.5,0.2,0.5,0.75,0.08168702547892398,0.6864064073152296,0.13057335697438915,0.10133321023145908,-0.8591211354158117
509,101.8679119412942,0.5,0.2,0.5,0.75,0.08194439124242144,0.6848609329511492,0.1311929063550494,0.10200176945138172,-0.8591211354158117
510,102.0680453635757,0.5,0.2,0.5,0.75,0.08221264821671499,0.6833128337552985,0.1318161508016709,0.10265836722631738,-0.8591211354158117
511,102.26817878585723,0.5,0.2,0.5,0.75,0.0824915988993344,0.6817630127909432,0.1324428064572266,0.10330258185249751,-0.8591211354158117
512,102.46831220813876,0.5,0.2,0.5,0.75,0.08278104520255801,0.6802123654437157,0.13307258840291106,0.10393400095081697,-0.8591211354158117
513,102.66844563042028,0.5,0.2,0.5,0.75,0.08308078850352998,0.6786617792214654,0.13370521058660104,0.10455222168840522,-0.8591211354158117
514,102.8685790527018,0.5,0.2,0.5,0.75,0.08339062922771355,0.6771121325548617,0.13434038616252425,0.10515685205490222,-0.8591211354158117
515,103.06871247498331,0.5,0.2,0.5,0.75,0.0837103667824401,0.6755642943425387,0.134977827535403,0.10574751133961996,-0.8591211354158117
516,103.26884589726484,0.5,0.2,0.5,0.75,0.08403979944972834,0.6740191234072024,0.13561724644758358,0.10632383069548745,-0.8591211354158117
517,103.46897931954636,0.5,0.2,0.5,0.75,0.0843787242634035,0.6724774679166877,0.13625835408771106,0.10688545373219943,-0.8591211354158117
518,103.66911274182789,0.5,0.2,0.5,0.75,0.08472693688842696,0.6709401648292829,0.13690086120247244,0.10743203707981948,-0.8591211354158117
519,103.8692461641094,0.5,0.2,0.5,0.75,0.08508423143713532,0.6694080395574978,0.1375444782162332,0.10796325078913543,-0.8591211354158117
520,104.06937958639092,0.5,0.2,0.5,0.75,0.08545040042877122,0.6678819052477671,0.13818891534287805,0.10847877898058533,-0.8591211354158117
521,104.26951300867245,0.5,0.2,0.5,0.75,0.08582523469458296,0.6663625622585797,0.1388338827046802,0.10897832034215893,-0.8591211354158117
522,104.46964643095397,0.5,0.2,0.5,0.75,0.08620852326669928,0.664850797727686,0.13947909045520873,0.10946158855040773,-0.8591211354158117
523,104.66977985323548,0.5,0.2,0.5,0.75,0.08660005329098809,0.6633473851131626,0.14012424890313308,0.10992831269271795,-0.8591211354158117
524,104.869913275517,0.5,0.2,0.5,0.75,0.08699960994743515,0.6618530837582172,0.14076906863819086,0.11037823765615853,-0.8591211354158117
525,105.07004669779853,0.5,0.2,0.5,0.75,0.0874069762462675,0.6603686383693564,0.141413260728898,0.11081112465547982,-0.8591211354158117
526,105.27018012008006,0.5,0.2,0.5,0.75,0.08782193299201703,0.6588947786568445,0.14205653683791483,0.11122675151322532,-0.8591211354158117
527,105.47031354236157,0.5,0.2,0.5,0.75,0.08824425882990405,0.6574322190661908,0.1426986093002969,0.11162491280361005,-0.8591211354158117
528,105.67044696464309,0.5,0.2,0.5,0.75,0.08867373011880507,0.6559816583852279,0.14333919129960537,0.11200542019636331,-0.8591211354158117
529,105.87058038692462,0.5,0.2,0.5,0.75,0.08911012087720865,0.6545437794369089,0.14397799701194647,0.11236810267393772,-0.8591211354158117
530,106.07071380920614,0.5,0.2,0.5,0.75,0.0895532027368116,0.6531192488037315,0.14461474175247596,0.11271280670698262,-0.8591211354158117
531,106.27084723148765,0.5,0.2,0.5,0.75,0.09000274501244841,0.6517087161593962,0.14524914208020231,0.11303939674795477,-0.8591211354158117
532,106.47098065376917,0.5,0.2,0.5,0.75,0.0904585147246749,0.6503128138528963,0.14588091592767718,0.11334775549475323,-0.8591211354158117
533,106.6711140760507,0.5,0.2,0.5,0.75,0.09092027640465983,0.6489321574164244,0.14650978282487204,0.11363778335404541,-0.8591211354158117
534,106.87124749833222,0.5,0.2,0.5,0.75,0.0913877921863523,0.6475673450165357,0.14713546401193986,0.11390939878517382,-0.8591211354158117
535,107.07138092061373,0.5,0.2,0.5,0.75,0.09186082182323296,0.6462189572752887,0.1477576825883733,0.11416253831310673,-0.8591211354158117
536,107.27151434289526,0.5,0.2,0.5,0.75,0.09233912271608999,0.6448875571243486,0.14837616366344278,0.11439715649612021,-0.8591211354158117
537,107.47164776517678,0.5,0.2,0.5,0.75,0.0928224498284428,0.6435736894736136,0.14899063455507014,0.1146132261428751,-0.8591211354158117
538,107.67178118745831,0.5,0.2,0.5,0.75,0.09331055555036959,0.6422778808006024,0.14960082501394323,0.11481073863508635,-0.8591211354158117
539,107.87191460973982,0.5,0.2,0.5,0.75,0.0938031901066179,0.6410006397001312,0.15020646724517367,0.11498970294807884,-0.8591211354158117
540,108.07204803202134,0.5,0.2,0.5,0.75,0.09430010146229452,0.6397424565690597,0.1508072961275264,0.11515014584112097,-0.8591211354158117
541,108.27218145430287,0.5,0.2,0.5,0.75,0.09480103537434005,0.6385038035568948,0.15140304938252572,0.11529211168624098,-0.8591211354158117
542,108.47231487658439,0.5,0.2,0.5,0.75,0.0953057354599235,0.6372851345577821,0.151993467742709,0.11541566223958695,-0.8591211354158117
543,108.6724482988659,0.5,0.2,0.5,0.75,0.09581394325840087,0.6360868850331587,0.15257829511100698,0.1155208765974351,-0.8591211354158117
544,108.87258172114743,0.5,0.2,0.5,0.75,0.09632539826883085,0.6349094714449987,0.153157278699328,0.11560785158684421,-0.8591211354158117
545,109.07271514342895,0.5,0.2,0.5,0.75,0.09683983812045785,0.6337532922108446,0.15373016924927116,0.11567670041942799,-0.8591211354158117
546,109.27284856571048,0.5,0.2,0.5,0.75,0.09735699865208813,0.632618727456915,0.15429672118812987,0.11572755270286862,-0.8591211354158117
547,109.47298198799199,0.5,0.2,0.5,0.75,0.09787661402158777,0.631506139040891,0.15485669279942177,0.11576055413810105,-0.8591211354158117
548,109.67311541027351,0.5,0.2,0.5,0.75,0.09839841682886695,0.6304158706409747,0.15540984639692057,0.11577586613323944,-0.8591211354158117
549,109.87324883255503,0.5,0.2,0.5,0.75,0.09892213824061641,0.6293482477671755,0.15595594848132988,0.11577366551087985,-0.8591211354158117
550,110.07338225483656,0.5,0.2,0.5,0.75,0.09944750808517264,0.628303577308524,0.156494769808423,0.11575414479788196,-0.8591211354158117
551,110.27351567711807,0.5,0.2,0.5,0.75,0.09997425506206067,0.6272821483747334,0.15702608569230586,0.11571751087090161,-0.8591211354158117
552,110.4736490993996,0.5,0.2,0.5,0.75,0.10050210688821716,0.6262842322639978,0.1575496761445805,0.11566398470320613,-0.8591211354158117
553,110.67378252168112,0.5,0.2,0.5,0.75,0.10103079046118336,0.6253100825331325,0.15806532602905116,0.11559380097663455,-0.8591211354158117
554,110.87391594396264,0.5,0.2,0.5,0.75,0.10156003203765804,0.6243599351491478,0.15857282522806154,0.1155072075851341,-0.8591211354158117
555,111.07404936624415,0.5,0.2,0.5,0.75,0.10208955738996604,0.6234340086394207,0.15907196880906938,0.11540446516154532,-0.8591211354158117
556,111.27418278852568,0.5,0.2,0.5,0.75,0.10261909163857617,0.6225325040968431,0.15956255720195647,0.11528584706262561,-0.8591211354158117
557,111.4743162108072,0.5,0.2,0.5,0.75,0.10314835981190727,0.6216556055379087,0.16004439634986356,0.11515163830032205,-0.8591211354158117
558,111.67444963308873,0.5,0.2,0.5,0.75,0.10367708701268882,0.6208034800818463,0.16051729787291988,0.1150021350325465,-0.8591211354158117
559,111.87458305537024,0.5,0.2,0.5,0.75,0.10420499854561839,0.6199762781185191,0.16098107923221397,0.11483764410365009,-0.8591211354158117
560,112.07471647765176,0.5,0.2,0.5,0.75,0.104731820114208,0.6191741335157517,0.1614355638900561,0.11465848247998582,-0.8591211354158117
561,112.27484989993329,0.5,0.2,0.5,0.75,0.10525727802347475,0.6183971638272032,0.16188058146181394,0.11446497668750967,-0.8591211354158117
562,112.47498332221481,0.5,0.2,0.5,0.75,0.1057810994033929,0.6176454703013226,0.1623159676909795,0.11425746260430657,-0.8591211354158117
563,112.67511674449632,0.5,0.2,0.5,0.75,0.10630301240893066,0.6169191382691857,0.16274156473651102,0.11403628458537417,-0.8591211354158117
564,112.87525016677785,0.5,0.2,0.5,0.75,0.10682274643463764,0.6162182374085869,0.16315722134769767,0.11380179480907925,-0.8591211354158117
565,113.07538358905937,0.5,0.2,0.5,0.75,0.10734003234159394,0.6155428219099127,0.16356279294849152,0.1135543528000033,-0.8591211354158117
566,113.2755170113409,0.5,0.2,0.5,0.75,0.10785460268452969,0.6148929307008932,0.16395814176453521,0.11329432485004332,-0.8591211354158117
567,113.4756504336224,0.5,0.2,0.5,0.75,0.10836619192278876,0.6142685876367949,0.1643431369268731,0.11302208351354459,-0.8591211354158117
568,113.67578385590393,0.5,0.2,0.5,0.75,0.10887453658269076,0.6136698020079897,0.16471765463214216,0.11273800677717866,-0.8591211354158117
569,113.87591727818545,0.5,0.2,0.5,0.75,0.10937937539908302,0.6130965684020384,0.16508157811535284,0.11244247808352709,-0.8591211354158117
570,114.07605070046698,0.5,0.2,0.5,0.75,0.10988044978155581,0.6125488671610936,0.1654347979094962,0.11213588514785577,-0.8591211354158117
571,114.27618412274849,0.5,0.2,0.5,0.75,0.11037750392485143,0.612026664559109,0.16577721187416422,0.11181861964187668,-0.8591211354158117
572,114.47631754503001,0.5,0.2,0.5,0.75,0.11087028503914417,0.6115299130452079,0.16610872528464732,0.11149107663100206,-0.8591211354158117
573,114.67645096731154,0.5,0.2,0.5,0.75,0.11135854357976392,0.6110585514842216,0.16642925091268151,0.11115365402333435,-0.8591211354158117
574,114.87658438959306,0.5,0.2,0.5,0.75,0.11184203335939684,0.6106125055498769,0.1667387091122091,0.11080675197851865,-0.8591211354158117
575,115.07671781187457,0.5,0.2,0.5,0.75,0.11232051175680277,0.6101916879861194,0.16703702788569844,0.11045077237138078,-0.8591211354158117
576,115.2768512341561,0.5,0.2,0.5,0.75,0.11279374008402601,0.609795998654197,0.16732414292394235,0.11008611833783612,-0.8591211354158117
577,115.47698465643762,0.5,0.2,0.5,0.75,0.11326148372541427,0.6094253248794916,0.1675999976635133,0.10971319373158223,-0.8591211354158117
578,115.67711807871915,0.5,0.2,0.5,0.75,0.11372351234895399,0.6090795416986603,0.16786454332754322,0.10933240262484388,-0.8591211354158117
579,115.87725150100066,0.5,0.2,0.5,0.75,0.11417960012561983,0.6087585121343978,0.16811773893960205,0.10894414880038174,-0.8591211354158117
580,116.07738492328218,0.5,0.2,0.5,0.75,0.11462952596510462,0.6084620875228004,0.1683595512945619,0.10854883521753454,-0.8591211354158117
581,116.2775183455637,0.5,0.2,0.5,0.75,0.1150730736822367,0.6081901076387527,0.1685899550509706,0.10814686362804153,-0.8591211354158117
582,116.47765176784523,0.5,0.2,0.5,0.75,0.11551003221729914,0.6079424009853833,0.16880893270837238,0.10773863408894672,-0.8591211354158117
583,116.67778519012674,0.5,0.2,0.5,0.75,0.11594019584331743,0.6077187850487441,0.16901647459808236,0.10732454450985762,-0.8591211354158117
584,116.87791861240827,0.5,0.2,0.5,0.75,0.11636336434472658,0.6075190665616487,0.16921257886873606,0.10690499022489029,-0.8591211354158117
585,117.07805203468979,0.5,0.2,0.5,0.75,0.11677934289458317,0.60734304194365,0.16939725146392912,0.10648036369783939,-0.8591211354158117
586,117.27818545697131,0.5,0.2,0.5,0.75,0.1171879425495332,0.6071904973755844,0.16957050608967972,0.10605105398520433,-0.8591211354158117
587,117.47831887925283,0.5,0.2,0.5,0.75,0.11758898042365841,0.6070612090618419,0.16973236417402982,0.10561744634047142,-0.8591211354158117
588,117.67845230153435,0.5,0.2,0.5,0.75,0.11798227980109449,0.6069549435272414,0.1698828548181439,0.10517992185352174,-0.8591211354158117
589,117.87858572381587,0.5,0.2,0.5,0.75,0.11836767030277982,0.6068714578801456,0.17002201473847006,0.10473885707860608,-0.8591211354158117
590,118.0787191460974,0.5,0.2,0.5,0.75,0.11874498784722039,0.606810500027959,0.1701498881371541,0.1042946239876681,-0.8591211354158117
591,118.27885256837891,0.5,0.2,0.5,0.75,0.11911407484674036,0.6067718089504519,0.17026652663841269,0.10384758956439667,-0.8591211354158117
592,118.47898599066043,0.5,0.2,0.5,0.75,0.11947478051880402,0.6067551150021498,0.17037198925330455,0.10339811522574321,-0.8591211354158117
593,118.67911941294196,0.5,0.2,0.5,0.75,0.11982696092053759,0.6067601401501916,0.17046634225066598,0.10294655667860643,-0.8591211354158117
594,118.87925283522348,0.5,0.2,0.5,0.75,0.12017047907427258,0.6067865982355083,0.1705496590489431,0.10249326364127763,-0.8591211354158117
595,119.07938625750499,0.5,0.2,0.5,0.75,0.12050520500097915,0.6068341952181764,0.17062202009904492,0.10203857968180105,-0.8591211354158117
596,119.27951967978652,0.5,0.2,0.5,0.75,0.12083101566702655,0.6069026294079561,0.17068351275820376,0.10158284216681508,-0.8591211354158117
597,119.47965310206804,0.5,0.2,0.5,0.75,0.12114779536702872,0.606991591777165,0.17073423115353978,0.10112638170226798,-0.8591211354158117
598,119.67978652434957,0.5,0.2,0.5,0.75,0.12145543570442818,0.6071007662000864,0.17077427603741976,0.10066952205806715,-0.8591211354158117
599,119.87991994663108,0.5,0.2,0.5,0.75,0.12175383566172748,0.6072298297103306,0.17080375463338332,0.10021257999456011,-0.8591211354158117
600,120.0800533689126,0.5,0.2,0.5,0.75,0.12204290164409222,0.6073784527624105,0.1708227804884721,0.09975586510502661,-0.8591211354158117
601,120.28018679119413,0.5,0.2,0.5,0.75,0.12232254730969261,0.6075462995150442,0.17083147343550747,0.09929967973975723,-0.8591211354158117
602,120.48032021347565,0.5,0.2,0.5,0.75,0.12259269386461884,0.6077330280647053,0.17082995927368902,0.09884431879698836,-0.8591211354158117
603,120.68045363575716,0.5,0.2,0.5,0.75,0.1228532700649658,0.6079382907092914,0.17081836960511418,0.09839006962063028,-0.8591211354158117
604,120.88058705803869,0.5,0.2,0.5,0.75,0.12310421220654068,0.6081617342123343,0.17079684166518286,0.09793721191594372,-0.8591211354158117
605,121.08072048032021,0.5,0.2,0.5,0.75,0.12334546413839312,0.6084030000636267,0.17076551812731752,0.09748601767066441,-0.8591211354158117
606,121.28085390260173,0.5,0.2,0.5,0.75,0.12357697720387831,0.6086617247198071,0.17072454705262008,0.0970367510236963,-0.8591211354158117
607,121.48098732488324,0.5,0.2,0.5,0.75,0.12379871026524433,0.6089375398742147,0.17067408161016487,0.09658966825037772,-0.8591211354158117
608,121.68112074716477,0.5,0.2,0.5,0.75,0.1240106297223567,0.609230072727757,0.17061427978241178,0.09614501776747618,-0.8591211354158117
609,121.8812541694463,0.5,0.2,0.5,0.75,0.12421270946265464,0.609538946240906,0.17054530420668057,0.09570304008976047,-0.8591211354158117
610,122.08138759172782,0.5,0.2,0.5,0.75,0.12440493082571842,0.6098637793931813,0.17046732195261877,0.0952639678284832,-0.8591211354158117
611,122.28152101400933,0.5,0.2,0.5,0.75,0.12458728254454268,0.6102041874348743,0.17038050441551322,0.09482802560507156,-0.8591211354158117
612,122.48165443629085,0.5,0.2,0.5,0.75,0.1247597606745258,0.6105597821370264,0.1702850272300201,0.09439542995842949,-0.8591211354158117
613,122.68178785857238,0.5,0.2,0.5,0.75,0.12492236856474098,0.6109301720694579,0.17018106973136185,0.09396638963444107,-0.8591211354158117
614,122.8819212808539,0.5,0.2,0.5,0.75,0.1250751167690745,0.6113149628509222,0.17006881485167258,0.09354110552833253,-0.8591211354158117
615,123.08205470313541,0.5,0.2,0.5,0.75,0.1252180229619993,0.6117137574067533,0.16994844889011002,0.09311977074113925,-0.8591211354158117
616,123.28218812541694,0.5,0.2,0.5,0.75,0.12535111185473716,0.6121261562195791,0.16982016132415237,0.09270257060153315,-0.8591211354158117
617,123.48232154769846,0.5,0.2,0.5,0.75,0.12547441514817828,0.6125517575445616,0.16968414486890482,0.09228968243835708,-0.8591211354158117
618,123.68245496997999,0.5,0.2,0.5,0.75,0.125587971358188,0.6129901577152359,0.16954059488105275,0.09188127604552515,-0.8591211354158117
619,123.8825883922615,0.5,0.2,0.5,0.75,0.12569182571221146,0.6134409513873837,0.16938970920065557,0.09147751369975099,-0.8591211354158117
620,124.08272181454302,0.5,0.2,0.5,0.75,0.12578603002989877,0.6139037317878835,0.16923168795111376,0.09107855023110571,-0.8591211354158117
621,124.28285523682455,0.5,0.2,0.5,0.75,0.12587064259237382,0.6143780909657751,0.16906673330959252,0.09068453313226021,-0.8591211354158117
622,124.48298865910607,0.5,0.2,0.5,0.75,0.12594572814155197,0.6148636199652956,0.16889504955376086,0.0902956023393933,-0.8591211354158117
623,124.68312208138758,0.5,0.2,0.5,0.75,0.12601135764021595,0.6153599091270858,0.16871684264230932,0.08991189059039062,-0.8591211354158117
624,124.8832555036691,0.5,0.2,0.5,0.75,0.12606760807520104,0.6158665483599135,0.16853231989697354,0.08953352366791364,-0.8591211354158117
625,125.08338892595063,0.5,0.2,0.5,0.75,0.12611456234098223,0.6163831273620857,0.1683416898610479,0.08916062043588599,-0.8591211354158117
626,125.28352234823215,0.5,0.2,0.5,0.75,0.1261523090741366,0.616909235864878,0.16814516207394756,0.08879329298703968,-0.8591211354158117
627,125.48365577051366,0.5,0.2,0.5,0.75,0.12618094258383453,0.6174444638239945,0.1679429470086619,0.08843164658351084,-0.8591211354158117
628,125.68378919279519,0.5,0.2,0.5,0.75,0.12620056273896502,0.6179884016274189,0.16773525595218922,0.08807577968142868,-0.8591211354158117
629,125.88392261507671,0.5,0.2,0.5,0.75,0.12621127459526085,0.6185406404258929,0.1675223004871936,0.08772578449165448,-0.8591211354158117
630,126.08405603735824,0.5,0.2,0.5,0.75,0.1262131882999001,0.6191007723224445,0.16730429242280237,0.08738174695485466,-0.8591211354158117
631,126.28418945963975,0.5,0.2,0.5,0.75,0.12620641890404521,0.619668390602188,0.16708144359156224,0.08704374690220616,-0.8591211354158117
632,126.48432288192127,0.5,0.2,0.5,0.75,0.12619108622093375,0.620243089935655,0.16685396570107364,0.08671185814233916,-0.8591211354158117
633,126.6844563042028,0.5,0.2,0.5,0.75,0.1261673148483486,0.6208244664990433,0.16662207036439983,0.0863861482882099,-0.8591211354158117
634,126.88458972648432,0.5,0.2,0.5,0.75,0.12613523367689491,0.6214121183346138,0.16638596860357088,0.08606667938492199,-0.8591211354158117
635,127.08472314876583,0.5,0.2,0.5,0.75,0.12609497577242443,0.6220056455280834,0.16614587075000997,0.08575350794948387,-0.8591211354158117
636,127.28485657104736,0.5,0.2,0.5,0.75,0.12604667819453227,0.6226046504116852,0.16590198628630698,0.0854466851074772,-0.8591211354158117
637,127.48498999332888,0.5,0.2,0.5,0.75,0.12599048187497075,0.6232087378399725,0.1656545235915499,0.08514625669350837,-0.8591211354158117
638,127.6851234156104,0.5,0.2,0.5,0.75,0.12592653132629128,0.6238175149411509,0.16540369037872055,0.08485226335383886,-0.8591211354158117
639,127.88525683789192,0.5,0.2,0.5,0.75,0.1258549748549125,0.6244305920360068,0.16514969260754284,0.0845647405015394,-0.8591211354158117
640,128.08539026017345,0.5,0.2,0.5,0.75,0.12577596377463302,0.6250475823064107,0.16489273497137155,0.08428371894758632,-0.8591211354158117
641,128.28552368245496,0.5,0.2,0.5,0.75,0.12568965246482214,0.6256681021599402,0.1646330205446071,0.08400922483063217,-0.8591211354158117
642,128.48565710473648,0.5,0.2,0.5,0.75,0.1255961981552853,0.6262917714088927,0.16437075064780277,0.08374127978802083,-0.8591211354158117
643,128.685790527018,0.5,0.2,0.5,0.75,0.12549576094788464,0.6269182133465753,0.1641061248435157,0.08347990086202609,-0.8591211354158117
644,128.88592394929952,0.5,0.2,0.5,0.75,0.12538850358353143,0.6275470549340703,0.16383934079154455,0.08322510069085551,-0.8591211354158117
645,129.08605737158106,0.5,0.2,0.5,0.75,0.1252745909100433,0.6281779271167889,0.1635705939389757,0.08297688803419385,-0.8591211354158117
646,129.28619079386257,0.5,0.2,0.5,0.75,0.1251541898471295,0.6288104649253332,0.16330007748475847,0.0827352677427805,-0.8591211354158117
647,129.48632421614408,0.5,0.2,0.5,0.75,0.12502746917880594,0.6294443076512327,0.16302798224898182,0.08250024092098124,-0.8591211354158117
648,129.68645763842562,0.5,0.2,0.5,0.75,0.124894599345699,0.6300790990227282,0.1627544965420896,0.08227180508948495,-0.8591211354158117
649,129.88659106070713,0.5,0.2,0.5,0.75,0.12475575269618426,0.6307144870140157,0.1624798064364336,0.0820499538533682,-0.8591211354158117
650,130.08672448298864,0.5,0.2,0.5,0.75,0.1246111033465612,0.6313501239668126,0.16220409569500246,0.08183467699162557,-0.8591211354158117
651,130.28685790527018,0.5,0.2,0.5,0.75,0.12446082621672899,0.6319856673705737,0.1619275449771745,0.08162596143552452,-0.8591211354158117
652,130.4869913275517,0.5,0.2,0.5,0.75,0.1243050972247227,0.6326207797169529,0.16165033206063753,0.0814237909976887,-0.8591211354158117
653,130.68712474983323,0.5,0.2,0.5,0.75,0.12414409309663464,0.6332551286615126,0.1613726317260525,0.081228146515802,-0.8591211354158117
654,130.88725817211474,0.5,0.2,0.5,0.75,0.12397799117474949,0.6338883871868622,0.1610946156401509,0.0810390059982391,-0.8591211354158117
655,131.08739159439625,0.5,0.2,0.5,0.75,0.12380696959334614,0.634520233095003,0.16081645295462738,0.08085634435702517,-0.8591211354158117
656,131.2875250166778,0.5,0.2,0.5,0.75,0.12363120723294273,0.6351503489038941,0.16053831047369266,0.0806801333894722,-0.8591211354158117
657,131.4876584389593,0.5,0.2,0.5,0.75,0.12345088279733663,0.6357784233444406,0.16026035111383255,0.08051034274439198,-0.8591211354158117
658,131.6877918612408,0.5,0.2,0.5,0.75,0.12326617498808665,0.6364041508552466,0.15998273450013137,0.08034693965653715,-0.8591211354158117
659,131.88792528352235,0.5,0.2,0.5,0.75,0.12307726233082913,0.6370272317125821,0.15970561688476528,0.08018988907182513,-0.8591211354158117
660,132.08805870580386,0.5,0.2,0.5,0.75,0.12288432299739831,0.6376473721680049,0.15942915105732713,0.08003915377727135,-0.8591211354158117
661,132.2881921280854,0.5,0.2,0.5,0.75,0.1226875350573378,0.638264283834141,0.15915348698441306,0.07989469412410978,-0.8591211354158117
662,132.4883255503669,0.5,0.2,0.5,0.75,0.12248707659095465,0.6388776833128978,0.15887877221405775,0.07975646788209136,-0.8591211354158117
663,132.68845897264842,0.5,0.2,0.5,0.75,0.12228312449733511,0.6394872941087282,0.1586051500637429,0.07962443133019546,-0.8591211354158117
664,132.88859239492996,0.5,0.2,0.5,0.75,0.12207585479724238,0.6400928459244363,0.1583327603472559,0.07949853893106706,-0.8591211354158117
665,133.08872581721147,0.5,0.2,0.5,0.75,0.12186544248370286,0.6406940747489578,0.1580617393333602,0.07937874343398083,-0.8591211354158117
666,133.28885923949298,0.5,0.2,0.5,0.75,0.12165206136220953,0.6412907229633187,0.15779221968683158,0.07926499598764179,-0.8591211354158117
667,133.48899266177452,0.5,0.2,0.5,0.75,0.12143588438684737,0.6418825387587741,0.15752433099596969,0.07915724585841055,-0.8591211354158117
668,133.68912608405603,0.5,0.2,0.5,0.75,0.12121708399348864,0.6424692755590089,0.15725820029664417,0.07905544015085997,-0.8591211354158117
669,133.88925950633757,0.5,0.2,0.5,0.75,0.12099583056425309,0.6430506940341915,0.15699395038638422,0.07895952501517293,-0.8591211354158117
670,134.08939292861908,0.5,0.2,0.5,0.75,0.12077229288547753,0.6436265613501182,0.15673170049598226,0.07886944526842367,-0.8591211354158117
671,134.2895263509006,0.5,0.2,0.5,0.75,0.12054663803282548,0.6441966512118907,0.15647156628363632,0.07878514447164914,-0.8591211354158117
672,134.48965977318213,0.5,0.2,0.5,0.75,0.12031903123472154,0.6447607439376544,0.15621365980345933,0.07870656502416645,-0.8591211354158117
673,134.68979319546364,0.5,0.2,0.5,0.75,0.12008963622122998,0.6453186259581294,0.15595808991770116,0.07863364790294108,-0.8591211354158117
674,134.88992661774515,0.5,0.2,0.5,0.75,0.11985861574487858,0.6458700891127579,0.1557049628661344,0.0785663322762308,-0.8591211354158117
675,135.09006004002669,0.5,0.2,0.5,0.75,0.11962612987506699,0.6464149325793637,0.15545438080042004,0.07850455674515094,-0.8591211354158117
676,135.2901934623082,0.5,0.2,0.5,0.75,0.11939233652816472,0.6469529621593288,0.15520644236197043,0.07844825895053778,-0.8591211354158117
677,135.49032688458973,0.5,0.2,0.5,0.75,0.11915739139131433,0.6474839902799252,0.15496124270563746,0.07839737562312474,-0.8591211354158117
678,135.69046030687124,0.5,0.2,0.5,0.75,0.11892144781129006,0.6480078360379806,0.15471887349146077,0.07835184265927031,-0.8591211354158117
679,135.89059372915276,0.5,0.2,0.5,0.75,0.11868465712973712,0.6485243247724155,0.1544794231886533,0.07831159490919583,-0.8591211354158117
680,136.0907271514343,0.5,0.2,0.5,0.75,0.11844716936078406,0.649033287275425,0.15424297761907307,0.07827656574471961,-0.8591211354158117
681,136.2908605737158,0.5,0.2,0.5,0.75,0.11820913140871407,0.6495345615999863,0.15400961877999558,0.0782466882113057,-0.8591211354158117
682,136.49099399599731,0.5,0.2,0.5,0.75,0.11797068762670976,0.650027992396499,0.1537794253044389,0.07822189467235408,-0.8591211354158117
683,136.69112741827885,0.5,0.2,0.5,0.75,0.11773197978184602,0.6505134308760949,0.15355247250616666,0.07820211683589419,-0.8591211354158117
684,136.89126084056036,0.5,0.2,0.5,0.75,0.11749314697023504,0.6509907348265607,0.1533288323898229,0.07818728581338313,-0.8591211354158117
685,137.0913942628419,0.5,0.2,0.5,0.75,0.1172543259135101,0.6514597682593287,0.1531085738657703,0.07817733196139279,-0.8591211354158117
686,137.2915276851234,0.5,0.2,0.5,0.75,0.1170156517297728,0.6519204005974399,0.15289176321962172,0.07817218445316737,-0.8591211354158117
687,137.49166110740492,0.5,0.2,0.5,0.75,0.1167772562016283,0.6523725082849876,0.15267846323820286,0.07817177227518315,-0.8591211354158117
688,137.69179452968646,0.5,0.2,0.5,0.75,0.11653926831105381,0.6528159742034777,0.15246873355235593,0.07817602393311443,-0.8591211354158117
689,137.89192795196797,0.5,0.2,0.5,0.75,0.1163018142433895,0.6532506876017968,0.1522626306947673,0.0781848674600483,-0.8591211354158117
690,138.09206137424948,0.5,0.2,0.5,0.75,0.11606501732789402,0.6536765440875499,0.15206020812374282,0.07819823046081516,-0.8591211354158117
691,138.29219479653102,0.5,0.2,0.5,0.75,0.11582899840924038,0.6540934452274896,0.15186151642622187,0.07821603993705019,-0.8591211354158117
692,138.49232821881253,0.5,0.2,0.5,0.75,0.1155938760230175,0.6545012983257319,0.15166660343927302,0.07823822221197958,-0.8591211354158117
693,138.69246164109407,0.5,0.2,0.5,0.75,0.11535976595124786,0.6549000167643672,0.15147551411372198,0.07826470317066495,-0.8591211354158117
694,138.89259506337558,0.5,0.2,0.5,0.75,0.115126780732584,0.65528952038518,0.15128829035893016,0.07829540852330785,-0.8591211354158117
695,139.0927284856571,0.5,0.2,0.5,0.75,0.11489503004291164,0.6556697350818168,0.15110497124959643,0.07833026362567712,-0.8591211354158117
696,139.29286190793863,0.5,0.2,0.5,0.75,0.11466462064783707,0.6560405927803009,0.1509255930544956,0.07836919351736843,-0.8591211354158117
697,139.49299533022014,0.5,0.2,0.5,0.75,0.1144356565834312,0.6564020312233705,0.15075018933312345,0.07841212286007684,-0.8591211354158117
698,139.69312875250165,0.5,0.2,0.5,0.75,0.11420823988255124,0.6567539932861725,0.15057879119401907,0.07845897563725927,-0.8591211354158117
699,139.8932621747832,0.5,0.2,0.5,0.75,0.11398246926180661,0.6570964280428683,0.1504114269509048,0.07850967574442244,-0.8591211354158117
700,140.0933955970647,0.5,0.2,0.5,0.75,0.11375844053001617,0.657429290354895,0.15024812228799095,0.0785641468271,-0.8591211354158117
701,140.29352901934624,0.5,0.2,0.5,0.75,0.11353624667037432,0.6577525407392134,0.15008890032931643,0.07862231226109793,-0.8591211354158117
702,140.49366244162775,0.5,0.2,0.5,0.75,0.11331597785088486,0.658066145297965,0.1499337816873484,0.07868409516380387,-0.8591211354158117
703,140.69379586390926,0.5,0.2,0.5,0.75,0.11309772144059324,0.6583700756429668,0.14978278451375174,0.07874941840269044,-0.8591211354158117
704,140.8939292861908,0.5,0.2,0.5,0.75,0.11288156203799801,0.6586643088133521,0.14963592453816335,0.07881820461048869,-0.8591211354158117
705,141.0940627084723,0.5,0.2,0.5,0.75,0.11266758156140937,0.6589488271731725,0.1494932149844669,0.07889037628095341,-0.8591211354158117
706,141.29419613075382,0.5,0.2,0.5,0.75,0.1124558592056395,0.6592236183407888,0.14935466679890375,0.0789658556546702,-0.8591211354158117
707,141.49432955303536,0.5,0.2,0.5,0.75,0.11224647149296889,0.6594886750896571,0.1492202886839039,0.07904456473347232,-0.8591211354158117
708,141.69446297531687,0.5,0.2,0.5,0.75,0.11203949233256665,0.6597439952432483,0.1490900871281919,0.07912642529599534,-0.8591211354158117
709,141.8945963975984,0.5,0.2,0.5,0.75,0.11183499307390041,0.6599895815679336,0.14896406646528265,0.07921135889288555,-0.8591211354158117
710,142.09472981987992,0.5,0.2,0.5,0.75,0.11163304256608331,0.6602254416606703,0.1488422289338418,0.07929928683940685,-0.8591211354158117
711,142.29486324216143,0.5,0.2,0.5,0.75,0.1114337071911475,0.6604515878611906,0.14872457472562978,0.07939013022203448,-0.8591211354158117
712,142.49499666444297,0.5,0.2,0.5,0.75,0.11123704958707605,0.6606680383802781,0.14861110144811557,0.07948381058453269,-0.8591211354158117
713,142.69513008672448,0.5,0.2,0.5,0.75,0.11104312984193543,0.6608748161354091,0.14850180468875296,0.07958024933390487,-0.8591211354158117
714,142.89526350900599,0.5,0.2,0.5,0.75,0.11085200597261723,0.6610719482505177,0.14839667825931072,0.07967936751755673,-0.8591211354158117
715,143.09539693128752,0.5,0.2,0.5,0.75,0.11066373348698094,0.6612594664065848,0.14829571403049135,0.07978108607594525,-0.8591211354158117
716,143.29553035356903,0.5,0.2,0.5,0.75,0.11047836542486836,0.6614374067481907,0.1481989019794071,0.07988532584753615,-0.8591211354158117
717,143.49566377585057,0.5,0.2,0.5,0.75,0.11029595240190052,0.6616058097877944,0.14810623023751313,0.07999200757279434,-0.8591211354158117
718,143.69579719813208,0.5,0.2,0.5,0.75,0.1101165426560579,0.661764720307739,0.14801768513899818,0.08010105189720726,-0.8591211354158117
719,143.8959306204136,0.5,0.2,0.5,0.75,0.10994018168083844,0.6619141875751392,0.14793325110200717,0.08021237964201741,-0.8591211354158117
720,144.09606404269513,0.5,0.2,0.5,0.75,0.10976691232833685,0.6620542652007739,0.14785291069845952,0.08032591177243191,-0.8591211354158117
721,144.29619746497664,0.5,0.2,0.5,0.75,0.10959677539260428,0.6621850106341408,0.14777664491663584,0.08044156905662128,-0.8591211354158117
722,144.49633088725815,0.5,0.2,0.5,0.75,0.10942980934269214,0.6623064853022117,0.14770443308063858,0.08055927227445984,-0.8591211354158117
723,144.6964643095397,0.5,0.2,0.5,0.75,0.10926605036057589,0.6624187545171639,0.1476362528919788,0.0806789422302836,-0.8591211354158117
724,144.8965977318212,0.5,0.2,0.5,0.75,0.10910553238064935,0.6625218873827576,0.14757208047113182,0.08080049976546341,-0.8591211354158117
725,145.09673115410274,0.5,0.2,0.5,0.75,0.10894828713067269,0.6626159566994453,0.1475118903990151,0.08092386577086921,-0.8591211354158117
726,145.29686457638425,0.5,0.2,0.5,0.75,0.10879434406375281,0.6627010389644413,0.14745565571120595,0.08104896126060218,-0.8591211354158117
727,145.49699799866576,0.5,0.2,0.5,0.75,0.10864373025814385,0.6627772143998353,0.14740334787771,0.08117570746431306,-0.8591211354158117
728,145.6971314209473,0.5,0.2,0.5,0.75,0.10849647081318281,0.6628445665483512,0.14735493699402386,0.08130402564444435,-0.8591211354158117
729,145.8972648432288,0.5,0.2,0.5,0.75,0.10835258873792056,0.6629031823111945,0.14731039175473237,0.08143383719615477,-0.8591211354158117
730,146.09739826551032,0.5,0.2,0.5,0.75,0.10821210498166106,0.6629531518622346,0.147269679487043,0.08156506366906362,-0.8591211354158117
731,146.29753168779186,0.5,0.2,0.5,0.75,0.10807503847318965,0.6629945685546152,0.14723276618733336,0.08169762678486409,-0.8591211354158117
732,146.49766511007337,0.5,0.2,0.5,0.75,0.10794140616086476,0.6630275288266133,0.1471996165573687,0.08183144845515553,-0.8591211354158117
733,146.6977985323549,0.5,0.2,0.5,0.75,0.10781122300569704,0.6630521321437468,0.14717019404276777,0.08196645080779075,-0.8591211354158117
734,146.89793195463642,0.5,0.2,0.5,0.75,0.10768450182136154,0.6630684810590968,0.147144460879429,0.0821025562401151,-0.8591211354158117
735,147.09806537691793,0.5,0.2,0.5,0.75,0.10756125363162775,0.6630766808736535,0.14712237811180565,0.0822396873829156,-0.8591211354158117
736,147.29819879919947,0.5,0.2,0.5,0.75,0.10744148761494754,0.6630768396156466,0.14710390563313236,0.08237776713627602,-0.8591211354158117
737,147.49833222148098,0.5,0.2,0.5,0.75,0.10732521111724821,0.6630690679670775,0.14708900222169471,0.08251671869398192,-0.8591211354158117
738,147.6984656437625,0.5,0.2,0.5,0.75,0.10721242968848829,0.6630534791718022,0.14707762557553533,0.08265646556417655,-0.8591211354158117
739,147.89859906604403,0.5,0.2,0.5,0.75,0.10710314711957854,0.6630301889432455,0.14706973234685655,0.0827969315903219,-0.8591211354158117
740,148.09873248832554,0.5,0.2,0.5,0.75,0.10699736545633831,0.662999315404152,0.147065278226289,0.08293804091322313,-0.8591211354158117
741,148.29886591060708,0.5,0.2,0.5,0.75,0.10689508497425419,0.6629609789631281,0.1470642177067697,0.08307971835585037,-0.8591211354158117
742,148.4989993328886,0.5,0.2,0.5,0.75,0.10679630425110141,0.6629153023290442,0.14706650457870096,0.08322188884115586,-0.8591211354158117
743,148.6991327551701,0.5,0.2,0.5,0.75,0.10670102028193579,0.6628624102555225,0.14707209160798718,0.08336447785455689,-0.8591211354158117
744,148.89926617745164,0.5,0.2,0.5,0.75,0.10660922845691892,0.6628024295252423,0.1470809306786401,0.08350741133920107,-0.8591211354158117
745,149.09939959973315,0.5,0.2,0.5,0.75,0.10652092259612786,0.6627354888579666,0.14709297282271072,0.08365061572319718,-0.8591211354158117
746,149.29953302201466,0.5,0.2,0.5,0.75,0.10643609498436478,0.6626617188185706,0.1471081682502208,0.08379401794684614,-0.8591211354158117
747,149.4996664442962,0.5,0.2,0.5,0.75,0.10635473640479279,0.6625812517262627,0.1471264663793534,0.08393754548959353,-0.8591211354158117
748,149.6997998665777,0.5,0.2,0.5,0.75,0.1062768360952227,0.6624942216424383,0.14714781588369985,0.08408112637864154,-0.8591211354158117
749,149.89993328885924,0.5,0.2,0.5,0.75,0.10620238184272018,0.662400764217918,0.14717216470900538,0.08422468923035882,-0.8591211354158117
750,150.10006671114076,0.5,0.2,0.5,0.75,0.10613136005371025,0.6623010165650947,0.14719946009531754,0.08436816328588001,-0.8591211354158117
751,150.30020013342227,0.5,0.2,0.5,0.75,0.10606375575531402,0.6621951171999892,0.14722964861429927,0.08451147843039993,-0.8591211354158117
752,150.5003335557038,0.5,0.2,0.5,0.75,0.10599955262863663,0.6620832059518262,0.14726267619949607,0.08465456522004353,-0.8591211354158117
753,150.70046697798531,0.5,0.2,0.5,0.75,0.10593873304205526,0.661965423872608,0.14729848817660315,0.08479735490873593,-0.8591211354158117
754,150.90060040026682,0.5,0.2,0.5,0.75,0.10588127804593797,0.6618419131904045,0.14733702929799616,0.0849397794656637,-0.8591211354158117
755,151.10073382254836,0.5,0.2,0.5,0.75,0.10582716730833455,0.6617128173295448,0.14737824378378703,0.08508177157833598,-0.8591211354158117
756,151.30086724482987,0.5,0.2,0.5,0.75,0.10577637933464233,0.6615782806089501,0.1474220753314885,0.08522326472492144,-0.8591211354158117
757,151.5010006671114,0.5,0.2,0.5,0.75,0.10572889143301896,0.6614384482286387,0.14746846715378445,0.08536419318456023,-0.8591211354158117
758,151.70113408939292,0.5,0.2,0.5,0.75,0.10568467973694537,0.6612934661914567,0.1475173620099826,0.08550449206161762,-0.8591211354158117
759,151.90126751167443,0.5,0.2,0.5,0.75,0.10564371923622283,0.6611434812152491,0.14756870223653515,0.08564409731199522,-0.8591211354158117
760,152.10140093395597,0.5,0.2,0.5,0.75,0.10560598380621398,0.6609886406479727,0.14762242977640694,0.08578294576940866,-0.8591211354158117
761,152.30153435623748,0.5,0.2,0.5,0.75,0.10557144615117468,0.6608290925267177,0.14767848615208695,0.08592097517002287,-0.8591211354158117
762,152.501667778519,0.5,0.2,0.5,0.75,0.10554007790745576,0.6606649853689271,0.14773681254347554,0.0860581241801437,-0.8591211354158117
763,152.70180120080053,0.5,0.2,0.5,0.75,0.10551184970659926,0.6604964680307979,0.14779734983946236,0.08619433242314266,-0.8591211354158117
764,152.90193462308204,0.5,0.2,0.5,0.75,0.10548673117171117,0.6603236896774521,0.14786003864573266,0.08632954050510612,-0.8591211354158117
765,153.10206804536358,0.5,0.2,0.5,0.75,0.10546469094680018,0.6601467996978868,0.14792481931420015,0.08646369004111504,-0.8591211354158117
766,153.3022014676451,0.5,0.2,0.5,0.75,0.10544569672611633,0.6599659476199222,0.14799163197243928,0.08659672368152424,-0.8591211354158117
767,153.5023348899266,0.5,0.2,0.5,0.75,0.10542971525183606,0.6597812830933799,0.1480604165299549,0.08672858512483118,-0.8591211354158117
768,153.70246831220814,0.5,0.2,0.5,0.75,0.10541671227372475,0.6595929559552138,0.1481311126566284,0.08685921911443514,-0.8591211354158117
769,153.90260173448965,0.5,0.2,0.5,0.75,0.10540665271875435,0.6594011158420972,0.148203659914801,0.08698857152434962,-0.8591211354158117
770,154.1027351567712,0.5,0.2,0.5,0.75,0.10539950066717016,0.6592059122201961,0.148277997749724,0.08711658936291185,-0.8591211354158117
771,154.3028685790527,0.5,0.2,0.5,0.75,0.10539521937457816,0.6590074943157492,0.14835406551368496,0.08724322079598985,-0.8591211354158117
772,154.5030020013342,0.5,0.2,0.5,0.75,0.1053937712995462,0.6588060110337611,0.14843180249416882,0.08736841517252603,-0.8591211354158117
773,154.70313542361575,0.5,0.2,0.5,0.75,0.10539511812886405,0.6586016108837002,0.1485111479404675,0.0874921230469704,-0.8591211354158117
774,154.90326884589726,0.5,0.2,0.5,0.75,0.1053992207144659,0.6583944421694122,0.14859204103175044,0.08761429608437354,-0.8591211354158117
775,155.10340226817877,0.5,0.2,0.5,0.75,0.10540603918098226,0.6581846526686825,0.14867442095820707,0.08773488719213018,-0.8591211354158117
776,155.3035356904603,0.5,0.2,0.5,0.75,0.10541553297961201,0.6579723894733546,0.148758226966617,0.08785385058041852,-0.8591211354158117
777,155.50366911274182,0.5,0.2,0.5,0.75,0.10542766088247703,0.6577577990074642,0.1488433983664794,0.08797114174358144,-0.8591211354158117
778,155.70380253502336,0.5,0.2,0.5,0.75,0.10544238100854324,0.6575410269509601,0.14892987455706075,0.08808671748343806,-0.8591211354158117
779,155.90393595730487,0.5,0.2,0.5,0.75,0.10545965084954148,0.6573222181634234,0.14901759505444223,0.08820053593259497,-0.8591211354158117
780,156.10406937958638,0.5,0.2,0.5,0.75,0.10547942727380631,0.657101516725602,0.14910649949375404,0.08831255650683961,-0.8591211354158117
781,156.30420280186792,0.5,0.2,0.5,0.75,0.10550166651020355,0.6568790660871755,0.1491965276090351,0.08842273979358782,-0.8591211354158117
782,156.50433622414943,0.5,0.2,0.5,0.75,0.10552632426372281,0.6566550085120554,0.14928761936104404,0.08853104786317977,-0.8591211354158117
783,156.70446964643094,0.5,0.2,0.5,0.75,0.1055533557059849,0.6564294851910449,0.14937971492451305,0.0886374441784591,-0.8591211354158117
784,156.90460306871248,0.5,0.2,0.5,0.75,0.1055827154970062,0.6562026361877357,0.1494727547105246,0.08874189360473544,-0.8591211354158117
785,157.104736490994,0.5,0.2,0.5,0.75,0.10561435780999659,0.6559746003682195,0.14956667939229717,0.08884436242948864,-0.8591211354158117
786,157.30486991327552,0.5,0.2,0.5,0.75,0.10564823635394918,0.6557455153482749,0.14966142992765905,0.0889448183701188,-0.8591211354158117
787,157.50500333555703,0.5,0.2,0.5,0.75,0.10568430433296754,0.655515517941223,0.14975694748663257,0.08904323023917877,-0.8591211354158117
788,157.70513675783855,0.5,0.2,0.5,0.75,0.10572251454151368,0.6552847435300871,0.14985317358289016,0.08913956834551089,-0.8591211354158117
789,157.90527018012008,0.5,0.2,0.5,0.75,0.10576281940092798,0.6550533259045356,0.14995005011712167,0.08923380457741659,-0.8591211354158117
790,158.1054036024016,0.5,0.2,0.5,0.75,0.10580517096066314,0.6548213973770808,0.15004751936747626,0.0893259122947817,-0.8591211354158117
791,158.3055370246831,0.5,0.2,0.5,0.75,0.10584952092245625,0.6545890887177439,0.15014552401440914,0.0894158663453925,-0.8591211354158117
792,158.50567044696464,0.5,0.2,0.5,0.75,0.10589582066450068,0.6543565290887213,0.15024400716552852,0.08950364308125128,-0.8591211354158117
793,158.70580386924615,0.5,0.2,0.5,0.75,0.10594402126561803,0.6541238459790493,0.15034291238044228,0.08958922037489224,-0.8591211354158117
794,158.9059372915277,0.5,0.2,0.5,0.75,0.10599407352929126,0.6538911651406777,0.15044218369535356,0.08967257763467927,-0.8591211354158117
795,159.1060707138092,0.5,0.2,0.5,0.75,0.106045927918932,0.6536586114247177,0.15054176548698694,0.08975369516936514,-0.8591211354158117
796,159.3062041360907,0.5,0.2,0.5,0.75,0.10609953463413334,0.6534263081879549,0.1506416025917036,0.08983255458620991,-0.8591211354158117
797,159.50633755837225,0.5,0.2,0.5,0.75,0.10615484371376484,0.6531943764271565,0.1507416404732014,0.08990913938587895,-0.8591211354158117
798,159.70647098065376,0.5,0.2,0.5,0.75,0.10621180500341532,0.6529629352890266,0.1508418251446802,0.08998343456287955,-0.8591211354158117
799,159.90660440293527,0.5,0.2,0.5,0.75,0.10627036817853301,0.6527321020153355,0.15094210319182086,0.09005542661431232,-0.8591211354158117
800,160.1067378252168,0.5,0.2,0.5,0.75,0.1063304827675657,0.6525019918880489,0.15104242179576452,0.09012510354862256,-0.8591211354158117
801,160.30687124749832,0.5,0.2,0.5,0.75,0.10639209817510072,0.6522727181744576,0.15114272875609158,0.09019245489435168,-0.8591211354158117
802,160.50700466977986,0.5,0.2,0.5,0.75,0.10645516370500521,0.6520443920723068,0.15124297251380106,0.09025747170888863,-0.8591211354158117
803,160.70713809206137,0.5,0.2,0.5,0.75,0.10651962854844645,0.6518171232963212,0.1513431020377121,0.09032014611752184,-0.8591211354158117
804,160.90727151434288,0.5,0.2,0.5,0.75,0.10658544179485122,0.6515910202457933,0.1514430668000737,0.09038047115928345,-0.8591211354158117
805,161.10740493662442,0.5,0.2,0.5,0.75,0.10665255253618906,0.6513661884677839,0.1515428171151018,0.09043844188092674,-0.8591211354158117
806,161.30753835890593,0.5,0.2,0.5,0.75,0.1067209098484626,0.6511427313629089,0.1516423039999863,0.09049405478864386,-0.8591211354158117
807,161.50767178118744,0.5,0.2,0.5,0.75,0.10679046281350503,0.6509207501549857,0.15174147919264902,0.09054730783886185,-0.8591211354158117
808,161.70780520346898,0.5,0.2,0.5,0.75,0.1068611605415158,0.6507003438472058,0.15184029517237194,0.0905982004389081,-0.8591211354158117
809,161.9079386257505,0.5,0.2,0.5,0.75,0.10693295219359594,0.6504816091783049,0.15193870518042488,0.09064673344767595,-0.8591211354158117
810,162.10807204803203,0.5,0.2,0.5,0.75,0.10700578700428383,0.6502646405787338,0.1520366632406938,0.09069290917629023,-0.8591211354158117
811,162.30820547031354,0.5,0.2,0.5,0.75,0.1070796142861882,0.650049530550759,0.15213412407584165,0.09073673108721286,-0.8591211354158117
812,162.50833889259505,0.5,0.2,0.5,0.75,0.10715438341747917,0.6498363704544994,0.15223104292343653,0.09077820320458664,-0.8591211354158117
813,162.7084723148766,0.5,0.2,0.5,0.75,0.10723004394640007,0.6496252485228786,0.15232737603494492,0.09081733149577814,-0.8591211354158117
814,162.9086057371581,0.5,0.2,0.5,0.75,0.10730654558099177,0.649416250594773,0.1524230805048929,0.09085412331934402,-0.8591211354158117
815,163.1087391594396,0.5,0.2,0.5,0.75,0.10738383820788755,0.6492094601597624,0.15251811426966583,0.090888587362686,-0.8591211354158117
816,163.30887258172115,0.5,0.2,0.5,0.75,0.1074618719143456,0.6490049583262117,0.15261243612520123,0.09092073363424322,-0.8591211354158117
817,163.50900600400266,0.5,0.2,0.5,0.75,0.10754059701028154,0.6488028237893547,0.1527060057446811,0.09095057345568448,-0.8591211354158117
818,163.7091394262842,0.5,0.2,0.5,0.75,0.10761996405030093,0.6486031327993753,0.15279878369622496,0.09097811945410061,-0.8591211354158117
819,163.9092728485657,0.5,0.2,0.5,0.75,0.10769992383727736,0.6484059593583344,0.15289073139804077,0.0910033854063493,-0.8591211354158117
820,164.10940627084722,0.5,0.2,0.5,0.75,0.10778042734853446,0.6482113763768489,0.15298181081128143,0.09102638546333708,-0.8591211354158117
821,164.30953969312876,0.5,0.2,0.5,0.75,0.10786142591743103,0.6480194536636383,0.15307198499845917,0.09104713542047331,-0.8591211354158117
822,164.50967311541027,0.5,0.2,0.5,0.75,0.10794287121177379,0.647830258434516,0.1531612179933112,0.0910656523604008,-0.8591211354158117
823,164.70980653769178,0.5,0.2,0.5,0.75,0.10802471523981527,0.6476438554793083,0.15324947476415154,0.0910819545167267,-0.8591211354158117
824,164.90993995997331,0.5,0.2,0.5,0.75,0.10810691037131134,0.647460307142028,0.15333672122825928,0.09109606125840321,-0.8591211354158117
825,165.11007338225482,0.5,0.2,0.5,0.75,0.10818940935857861,0.647279673301048,0.1534229242662668,0.09110799307410837,-0.8591211354158117
826,165.31020680453636,0.5,0.2,0.5,0.75,0.10827216535755195,0.6471020113492749,0.15350805173654808,0.09111777155662683,-0.8591211354158117
827,165.51034022681787,0.5,0.2,0.5,0.75,0.10835513189174063,0.6469273767307381,0.15359207230069133,0.09112541907683162,-0.8591211354158117
828,165.71047364909938,0.5,0.2,0.5,0.75,0.1084382629620136,0.6467558220561677,0.153674955731437,0.0911309592503834,-0.8591211354158117
829,165.91060707138092,0.5,0.2,0.5,0.75,0.10852151285308453,0.64658739917404,0.153756672217168,0.0911344157557092,-0.8591211354158117
830,166.11074049366243,0.5,0.2,0.5,0.75,0.1086048364494737,0.6464221562770941,0.15383719335196883,0.09113581392146497,-0.8591211354158117
831,166.31087391594394,0.5,0.2,0.5,0.75,0.10868818912451444,0.6462601391692597,0.1539164917131322,0.09113517999309526,-0.8591211354158117
832,166.51100733822548,0.5,0.2,0.5,0.75,0.10877152676099487,0.6461013912498806,0.15399454087417191,0.0911325411149542,-0.8591211354158117
833,166.711140760507,0.5,0.2,0.5,0.75,0.10885480577165271,0.6459459534993718,0.15407131541734953,0.09112792531162758,-0.8591211354158117
834,166.91127418278853,0.5,0.2,0.5,0.75,0.10893798311952306,0.6457938644663084,0.15414679094571462,0.09112136146845558,-0.8591211354158117
835,167.11140760507004,0.5,0.2,0.5,0.75,0.10902101633548258,0.6456451602714753,0.15422094408844556,0.09111287930459815,-0.8591211354158117
836,167.31154102735155,0.5,0.2,0.5,0.75,0.10910386336732349,0.6454998755972496,0.15429375211202317,0.0911025089234053,-0.8591211354158117
837,167.5116744496331,0.5,0.2,0.5,0.75,0.10918648275116007,0.6453580427934258,0.15436519328514503,0.09109028117027076,-0.8591211354158117
838,167.7118078719146,0.5,0.2,0.5,0.75,0.10926883370054578,0.6452196914646198,0.15443524705103606,0.09107622778380003,-0.8591211354158117
839,167.9119412941961,0.5,0.2,0.5,0.75,0.10935087604772784,0.6450848489225487,0.15450389385378965,0.09106038117593539,-0.8591211354158117
840,168.11207471647765,0.5,0.2,0.5,0.75,0.10943257025967273,0.644953540201823,0.1545711151394441,0.09104277439906172,-0.8591211354158117
841,168.31220813875916,0.5,0.2,0.5,0.75,0.10951387745378198,0.6448257880781241,0.15463689335619119,0.09102344111190443,-0.8591211354158117
842,168.5123415610407,0.5,0.2,0.5,0.75,0.1095947594132976,0.6447016130887677,0.15470121195371705,0.09100241554421928,-0.8591211354158117
843,168.7124749833222,0.5,0.2,0.5,0.75,0.10967517860239755,0.6445810335556544,0.15476405538167515,0.09097973246027452,-0.8591211354158117
844,168.91260840560372,0.5,0.2,0.5,0.75,0.10975509818098096,0.6444640656106044,0.15482540908729145,0.09095542712112482,-0.8591211354158117
845,169.11274182788526,0.5,0.2,0.5,0.75,0.10983448193015675,0.6443507232280783,0.1548852594519137,0.09092953538985281,-0.8591211354158117
846,169.31287525016677,0.5,0.2,0.5,0.75,0.1099132942675735,0.6442410182552192,0.15494359378766887,0.09090209368954007,-0.8591211354158117
847,169.51300867244828,0.5,0.2,0.5,0.75,0.10999150041458633,0.6441349604357323,0.15500040043616034,0.0908731387135226,-0.8591211354158117
848,169.71314209472982,0.5,0.2,0.5,0.75,0.11006906632151517,0.6440325574497247,0.15505566870288728,0.09084270752587446,-0.8591211354158117
849,169.91327551701133,0.5,0.2,0.5,0.75,0.11014595867779484,0.6439338149511427,0.1551093888484242,0.09081083752263976,-0.8591211354158117
850,170.11340893929287,0.5,0.2,0.5,0.75,0.11022214492216861,0.6438387366075768,0.155161552078972,0.090777566391284,-0.8591211354158117
851,170.31354236157438,0.5,0.2,0.5,0.75,0.11029759325244665,0.6437473241424586,0.15521215053595633,0.09074293206913987,-0.8591211354158117
852,170.5136757838559,0.5,0.2,0.5,0.75,0.11037227263482959,0.6436595773796504,0.1552611772846739,0.09070697270084752,-0.8591211354158117
853,170.71380920613743,0.5,0.2,0.5,0.75,0.11044615281279704,0.6435754942904288,0.1553086263019866,0.09066972659478892,-0.8591211354158117
854,170.91394262841894,0.5,0.2,0.5,0.75,0.11051920431821946,0.6434950706135981,0.1553544925778418,0.09063123249034195,-0.8591211354158117
855,171.11407605070045,0.5,0.2,0.5,0.75,0.11059139848403853,0.6434182991544954,0.15539877230234067,0.09059153005912672,-0.8591211354158117
856,171.314209472982,0.5,0.2,0.5,0.75,0.11066270744060255,0.6433451716554469,0.15544146236492257,0.0905506585390293,-0.8591211354158117
857,171.5143428952635,0.5,0.2,0.5,0.75,0.11073310412755366,0.6432756780871566,0.15548256054284493,0.09050865724244624,-0.8591211354158117
858,171.71447631754504,0.5,0.2,0.5,0.75,0.11080256230107877,0.6432098066208789,0.15552206550731792,0.09046556557072573,-0.8591211354158117
859,171.91460973982655,0.5,0.2,0.5,0.75,0.11087105654033216,0.6431475436664937,0.15555997681170577,0.09042142298146977,-0.8591211354158117
860,172.11474316210806,0.5,0.2,0.5,0.75,0.11093856225342996,0.6430888739118972,0.15559629487906304,0.09037626895561122,-0.8591211354158117
861,172.3148765843896,0.5,0.2,0.5,0.75,0.11100505568301607,0.6430337803637132,0.1556310209890061,0.0903301429642661,-0.8591211354158117
862,172.5150100066711,0.5,0.2,0.5,0.75,0.11107051391139983,0.6429822443893212,0.1556641572639195,0.09028308443536089,-0.8591211354158117
863,172.71514342895262,0.5,0.2,0.5,0.75,0.11113491485908207,0.6429342456613628,0.15569570668483296,0.09023513279472355,-0.8591211354158117
864,172.91527685123415,0.5,0.2,0.5,0.75,0.11119823725265984,0.6428897616209263,0.15572567325476144,0.09018632787165384,-0.8591211354158117
865,173.11541027351566,0.5,0.2,0.5,0.75,0.11126046068632384,0.6428487684449895,0.15575406170010925,0.09013670916857872,-0.8591211354158117
866,173.3155436957972,0.5,0.2,0.5,0.75,0.11132156561022516,0.6428112408530223,0.15578087752809044,0.0900863160086634,-0.8591211354158117
867,173.5156771180787,0.5,0.2,0.5,0.75,0.11138153332671395,0.6427771520475898,0.15580612704276187,0.09003518758293574,-0.8591211354158117
868,173.71581054036022,0.5,0.2,0.5,0.75,0.11144034599217839,0.642746473752641,0.15582981733081533,0.08998336292436651,-0.8591211354158117
869,173.91594396264176,0.5,0.2,0.5,0.75,0.11149798661842131,0.6427191762525727,0.1558519562468715,0.08993088088213573,-0.8591211354158117
870,174.11607738492327,0.5,0.2,0.5,0.75,0.11155443907357435,0.6426952284320661,0.15587255239827594,0.08987778009608488,-0.8591211354158117
871,174.31621080720478,0.5,0.2,0.5,0.75,0.11160968808254994,0.6426745978166996,0.15589161512939675,0.08982409897135492,-0.8591211354158117
872,174.51634422948632,0.5,0.2,0.5,0.75,0.11166371922441772,0.6426572506017283,0.1559091545097056,0.08976987566414962,-0.8591211354158117
873,174.71647765176783,0.5,0.2,0.5,0.75,0.11171651887481669,0.6426431514186982,0.1559251814106478,0.08971514829583845,-0.8591211354158117
874,174.91661107404937,0.5,0.2,0.5,0.75,0.11176807427008359,0.6426322636922756,0.15593970738185597,0.08965995465578609,-0.8591211354158117
875,175.11674449633088,0.5,0.2,0.5,0.75,0.1118183735095673,0.6426245497018647,0.15595274462737435,0.08960433216119486,-0.8591211354158117
876,175.3168779186124,0.5,0.2,0.5,0.75,0.11186740553494263,0.6426199705352663,0.15596430601830882,0.08954831791148345,-0.8591211354158117
877,175.51701134089393,0.5,0.2,0.5,0.75,0.11191516012681509,0.6426184861287596,0.15597440507589408,0.08949194866853244,-0.8591211354158117
878,175.71714476317544,0.5,0.2,0.5,0.75,0.11196162790081272,0.6426200553077153,0.1559830559541459,0.0894352608373274,-0.8591211354158117
879,175.91727818545695,0.5,0.2,0.5,0.75,0.11200680030316514,0.6426246358277384,0.15599027342209784,0.08937829044699983,-0.8591211354158117
880,176.1174116077385,0.5,0.2,0.5,0.75,0.11205066960576943,0.6426321844163431,0.15599607284562314,0.08932107313226567,-0.8591211354158117
881,176.31754503002,0.5,0.2,0.5,0.75,0.1120932289007635,0.6426426568149194,0.15600047016892113,0.0892636441153972,-0.8591211354158117
882,176.51767845230154,0.5,0.2,0.5,0.75,0.11213447210999732,0.6426560076419044,0.15600348195649624,0.08920603829160327,-0.8591211354158117
883,176.71781187458305,0.5,0.2,0.5,0.75,0.1121743939699885,0.6426721905357894,0.15600512533985705,0.08914829015436623,-0.8591211354158117
884,176.91794529686456,0.5,0.2,0.5,0.75,0.11221299001114873,0.6426911583593571,0.15600541794318523,0.08909043368631023,-0.8591211354158117
885,177.1180787191461,0.5,0.2,0.5,0.75,0.11225025656040331,0.6427128631262643,0.1560043779030712,0.08903250241026237,-0.8591211354158117
886,177.3182121414276,0.5,0.2,0.5,0.75,0.11228619073353657,0.6427372560417445,0.1560020238492559,0.08897452937546424,-0.8591211354158117
887,177.51834556370912,0.5,0.2,0.5,0.75,0.11232079042704123,0.6427642875436408,0.15599837488502444,0.0889165471442947,-0.8591211354158117
888,177.71847898599066,0.5,0.2,0.5,0.75,0.11235405430947183,0.6427939073437734,0.15599345056725178,0.08885858777950421,-0.8591211354158117
889,177.91861240827217,0.5,0.2,0.5,0.75,0.1123859818123023,0.6428260644696375,0.15598727088610068,0.08880068283196069,-0.8591211354158117
890,178.1187458305537,0.5,0.2,0.5,0.75,0.11241657312028755,0.6428607073064355,0.15597985624437152,0.0887428633289066,-0.8591211354158117
891,178.31887925283522,0.5,0.2,0.5,0.75,0.11244582917046068,0.6428977835074091,0.15597122752306053,0.08868515979907085,-0.8591211354158117
892,178.51901267511673,0.5,0.2,0.5,0.75,0.11247375164785767,0.642937239944653,0.1559614061202501,0.08862760228724038,-0.8591211354158117
893,178.71914609739827,0.5,0.2,0.5,0.75,0.112500342949159,0.6429790231169655,0.15595041369024593,0.08857022024363084,-0.8591211354158117
894,178.91927951967978,0.5,0.2,0.5,0.75,0.1125256061834999,0.6430230790134541,0.15593827223937823,0.08851304256366899,-0.8591211354158117
895,179.1194129419613,0.5,0.2,0.5,0.75,0.11254954516108365,0.6430693531466549,0.1559250041105446,0.08845609758171814,-0.8591211354158117
896,179.31954636424283,0.5,0.2,0.5,0.75,0.11257216438093053,0.6431177905913097,0.15591063196391242,0.08839941306384866,-0.8591211354158117
897,179.51967978652434,0.5,0.2,0.5,0.75,0.11259346901814749,0.6431683360232359,0.1558951787574316,0.08834301620118636,-0.8591211354158117
898,179.71981320880587,0.5,0.2,0.5,0.75,0.11261346491071866,0.6432209337582864,0.15587866772715764,0.08828693360383864,-0.8591211354158117
899,179.91994663108738,0.5,0.2,0.5,0.75,0.11263215854581647,0.6432755277914016,0.1558611223673845,0.08823119129539873,-0.8591211354158117
900,180.1200800533689,0.5,0.2,0.5,0.75,0.11264955706716408,0.6433320617838358,0.1558425664446917,0.0881758147043098,-0.8591211354158117
901,180.32021347565043,0.5,0.2,0.5,0.75,0.11266566833070853,0.643390478932826,0.15582302408908388,0.08812082864738291,-0.8591211354158117
902,180.52034689793194,0.5,0.2,0.5,0.75,0.11268050075610814,0.6434507223325538,0.1558025195622735,0.08806625734906576,-0.8591211354158117
903,180.72048032021348,0.5,0.2,0.5,0.75,0.11269406335795915,0.6435127349006343,0.15578107731123617,0.08801212443017167,-0.8591211354158117
904,180.920613742495,0.5,0.2,0.5,0.75,0.11270636573970498,0.6435764593935237,0.1557587219632253,0.08795845290354729,-0.8591211354158117
905,181.1207471647765,0.5,0.2,0.5,0.75,0.11271741807871678,0.6436418384421534,0.1557354783073714,0.08790526517175955,-0.8591211354158117
906,181.32088058705804,0.5,0.2,0.5,0.75,0.11272723111097101,0.6437088145874699,0.15571137127621268,0.08785258302534754,-0.8591211354158117
907,181.52101400933955,0.5,0.2,0.5,0.75,0.1127358161153241,0.6437773303158817,0.15568642592715648,0.08780042764163883,-0.8591211354158117
908,181.72114743162106,0.5,0.2,0.5,0.75,0.11274318489738441,0.6438473280946141,0.15566066742387197,0.08774881958413057,-0.8591211354158117
909,181.9212808539026,0.5,0.2,0.5,0.75,0.11274934978632074,0.643918750386619,0.1556341210291475,0.08769777879791368,-0.8591211354158117
910,182.1214142761841,0.5,0.2,0.5,0.75,0.11275432375822037,0.6439915394717057,0.15560681220744355,0.08764732456263123,-0.8591211354158117
911,182.32154769846565,0.5,0.2,0.5,0.75,0.11275812022786584,0.6440656377728445,0.15557876644103613,0.08759747555825441,-0.8591211354158117
912,182.52168112074716,0.5,0.2,0.5,0.75,0.11276075305824002,0.644140987849583,0.1555500092346902,0.08754824985748771,-0.8591211354158117
913,182.72181454302867,0.5,0.2,0.5,0.75,0.11276223657656702,0.644217532380784,0.15552056612626314,0.08749966491638662,-0.8591211354158117
914,182.9219479653102,0.5,0.2,0.5,0.75,0.1127625855584011,0.644295214195404,0.155490462669962,0.08745173757623369,-0.8591211354158117
915,183.12208138759172,0.5,0.2,0.5,0.75,0.11276181521143633,0.6443739763029886,0.15545972441963848,0.08740448406593736,-0.8591211354158117
916,183.32221480987323,0.5,0.2,0.5,0.75,0.1127599411590369,0.6444537619238885,0.1554283769121219,0.08735792000495353,-0.8591211354158117
917,183.52234823215477,0.5,0.2,0.5,0.75,0.11275697942348804,0.6445345145191927,0.1553964456505902,0.08731206040672987,-0.8591211354158117
918,183.72248165443628,0.5,0.2,0.5,0.75,0.11275294641032942,0.6446161778185873,0.15536395608999165,0.08726691968109257,-0.8591211354158117
919,183.92261507671782,0.5,0.2,0.5,0.75,0.11274785897274921,0.6446986957420662,0.1553309337412791,0.0872225115439064,-0.8591211354158117
920,184.12274849899933,0.5,0.2,0.5,0.75,0.1127417343204454,0.6447820125259416,0.15529740404615627,0.08717884910745763,-0.8591211354158117
921,184.32288192128084,0.5,0.2,0.5,0.75,0.11273458997025475,0.6448660727931654,0.1552633923140244,0.08713594492255634,-0.8591211354158117
922,184.52301534356238,0.5,0.2,0.5,0.75,0.11272644376480781,0.6449508215333637,0.1552289237599486,0.08709381094188079,-0.8591211354158117
923,184.7231487658439,0.5,0.2,0.5,0.75,0.1127173138557394,0.645036204128927,0.15519402349067427,0.08705245852466029,-0.8591211354158117
924,184.9232821881254,0.5,0.2,0.5,0.75,0.11270721868669716,0.6451221663807173,0.15515871649079577,0.0870118984417908,-0.8591211354158117
925,185.12341561040694,0.5,0.2,0.5,0.75,0.11269617697614841,0.6452086545333912,0.15512302760907792,0.08697214088138348,-0.8591211354158117
926,185.32354903268845,0.5,0.2,0.5,0.75,0.11268420769998512,0.6452956153003401,0.15508698154492992,0.08693319545474588,-0.8591211354158117
927,185.52368245497,0.5,0.2,0.5,0.75,0.11267133007392709,0.6453829958882461,0.15505060283503183,0.08689507120279603,-0.8591211354158117
928,185.7238158772515,0.5,0.2,0.5,0.75,0.11265756362991992,0.645470743936877,0.1550139158918371,0.086857776541367,-0.8591211354158117
929,185.923949299533,0.5,0.2,0.5,0.75,0.11264292819393851,0.6455588075466341,0.15497694498820036,0.08682131927122799,-0.8591211354158117
930,186.12408272181455,0.5,0.2,0.5,0.75,0.11262744370995983,0.6456471354433321,0.15493971415779897,0.08678570668891007,-0.8591211354158117
931,186.32421614409606,0.5,0.2,0.5,0.75,0.11261113031329245,0.6457356769190489,0.15490224723274115,0.08675094553491841,-0.8591211354158117
932,186.52434956637757,0.5,0.2,0.5,0.75,0.11259400831512059,0.6458243818519434,0.1548645678326847,0.08671704200025228,-0.8591211354158117
933,186.7244829886591,0.5,0.2,0.5,0.75,0.11257609818655105,0.6459132007259528,0.15482669935394616,0.08668400173355091,-0.8591211354158117
934,186.92461641094062,0.5,0.2,0.5,0.75,0.11255742054258885,0.6460020846499908,0.15478866495883425,0.08665182984858706,-0.8591211354158117
935,187.12474983322215,0.5,0.2,0.5,0.75,0.11253799612604137,0.6460909853766441,0.1547504875652075,0.08662053093210789,-0.8591211354158117
936,187.32488325550366,0.5,0.2,0.5,0.75,0.11251784579135139,0.64617985532037,0.1547121898362559,0.08659010905202354,-0.8591211354158117
937,187.52501667778517,0.5,0.2,0.5,0.75,0.11249699053641996,0.6462686475472675,0.1546737941863843,0.08656056772992911,-0.8591211354158117
938,187.7251501000667,0.5,0.2,0.5,0.75,0.11247545156755002,0.6463573157450635,0.15463532279828504,0.08653190988910227,-0.8591211354158117
939,187.92528352234822,0.5,0.2,0.5,0.75,0.11245325008379424,0.646445814355589,0.15459679754756203,0.08650413801305559,-0.8591211354158117
940,188.12541694462973,0.5,0.2,0.5,0.75,0.1124304073451483,0.6465340985417932,0.15455824002137225,0.08647725409168715,-0.8591211354158117
941,188.32555036691127,0.5,0.2,0.5,0.75,0.11240694466531771,0.6466221241980401,0.15451967151239793,0.08645125962424517,-0.8591211354158117
942,188.52568378919278,0.5,0.2,0.5,0.75,0.11238288339768511,0.6467098479638141,0.15448111301081974,0.08642615562768192,-0.8591211354158117
943,188.72581721147432,0.5,0.2,0.5,0.75,0.11235824492132448,0.6467972272368564,0.15444258519655368,0.08640194264526636,-0.8591211354158117
944,188.92595063375583,0.5,0.2,0.5,0.75,0.11233305062706264,0.6468842201857317,0.15440410843175092,0.08637862075545576,-0.8591211354158117
945,189.12608405603734,0.5,0.2,0.5,0.75,0.11230732190358743,0.6469707857618262,0.1543657027535612,0.08635618958102612,-0.8591211354158117
946,189.32621747831888,0.5,0.2,0.5,0.75,0.11228108013369104,0.647056883709176,0.15432738787508254,0.08633464828205135,-0.8591211354158117
947,189.5263509006004,0.5,0.2,0.5,0.75,0.11225434673811426,0.6471424745661776,0.15428918322392443,0.08631399547178463,-0.8591211354158117
948,189.7264843228819,0.5,0.2,0.5,0.75,0.11222714306970387,0.6472275196904944,0.15425110786342974,0.08629422937637284,-0.8591211354158117
949,189.92661774516344,0.5,0.2,0.5,0.75,0.11219949042423542,0.6473119812648854,0.1542131805057549,0.08627534780512516,-0.8591211354158117
950,190.12675116744495,0.5,0.2,0.5,0.75,0.11217141003731713,0.6473958223046806,0.15417541951424402,0.08625734814375903,-0.8591211354158117
951,190.3268845897265,0.5,0.2,0.5,0.75,0.11214292307194128,0.6474790066661806,0.1541378428986837,0.08624022736319521,-0.8591211354158117
952,190.527018012008,0.5,0.2,0.5,0.75,0.11211405060613674,0.6475614990544765,0.15410046831086371,0.08622398202852381,-0.8591211354158117
953,190.7271514342895,0.5,0.2,0.5,0.75,0.11208481362072267,0.6476432650306934,0.1540633130404436,0.08620860830814112,-0.8591211354158117
954,190.92728485657105,0.5,0.2,0.5,0.75,0.1120552329871634,0.6477242710186556,0.15402639401112478,0.08619410198305694,-0.8591211354158117
955,191.12741827885256,0.5,0.2,0.5,0.75,0.11202532946034308,0.6478044843102574,0.15398972777638417,0.08618045845301595,-0.8591211354158117
956,191.32755170113407,0.5,0.2,0.5,0.75,0.1119951237676422,0.6478838730559503,0.15395333050064258,0.08616767267576554,-0.8591211354158117
957,191.5276851234156,0.5,0.2,0.5,0.75,0.11196463648087139,0.6479624062869583,0.15391721797432037,0.08615573925785049,-0.8591211354158117
958,191.72781854569712,0.5,0.2,0.5,0.75,0.11193388799940789,0.6480400539203949,0.15388140561202518,0.0861446524681727,-0.8591211354158117
959,191.92795196797866,0.5,0.2,0.5,0.75,0.1119028985713412,0.6481167867581629,0.15384590844518542,0.08613440622531114,-0.8591211354158117
960,192.12808539026017,0.5,0.2,0.5,0.75,0.11187168828382986,0.6481925764898723,0.15381074111976475,0.08612499410653382,-0.8591211354158117
961,192.32821881254168,0.5,0.2,0.5,0.75,0.11184027705364873,0.6482673956951651,0.15377591789426864,0.08611640935691822,-0.8591211354158117
962,192.52835223482322,0.5,0.2,0.5,0.75,0.11180868461792685,0.648341217845451,0.15374145263804265,0.0861086448985803,-0.8591211354158117
963,192.72848565710473,0.5,0.2,0.5,0.75,0.11177693052507572,0.6484140173050498,0.15370735882986317,0.08610169334001211,-0.8591211354158117
964,192.92861907938624,0.5,0.2,0.5,0.75,0.11174503412597807,0.6484857693317828,0.15367364955679247,0.08609554698544748,-0.8591211354158117
965,193.12875250166778,0.5,0.2,0.5,0.75,0.11171301460671187,0.6485564500991305,0.1536403374972658,0.08609019779689268,-0.8591211354158117
966,193.3288859239493,0.5,0.2,0.5,0.75,0.11168089095617288,0.648626036682806,0.15360743492983303,0.086085637431189,-0.8591211354158117
967,193.52901934623083,0.5,0.2,0.5,0.75,0.11164868192208592,0.6486945070404111,0.15357495374677704,0.08608185729072691,-0.8591211354158117
968,193.72915276851234,0.5,0.2,0.5,0.75,0.11161640602949516,0.6487618400238865,0.1535429054438278,0.0860788485027916,-0.8591211354158117
969,193.92928619079385,0.5,0.2,0.5,0.75,0.11158408157378448,0.6488280153776179,0.15351130112013622,0.0860766019284624,-0.8591211354158117
970,194.12941961307538,0.5,0.2,0.5,0.75,0.11155172661393374,0.6488930137359753,0.15348015147852276,0.0860751081715692,-0.8591211354158117
971,194.3295530353569,0.5,0.2,0.5,0.75,0.11151935896601071,0.6489568166202849,0.1534494668260002,0.08607435758770522,-0.8591211354158117
972,194.5296864576384,0.5,0.2,0.5,0.75,0.11148699619689868,0.6490194064352349,0.1534192570745709,0.08607434029329661,-0.8591211354158117
973,194.72981987991994,0.5,0.2,0.5,0.75,0.11145465561825985,0.6490807664647139,0.15338953174229875,0.0860750461747286,-0.8591211354158117
974,194.92995330220145,0.5,0.2,0.5,0.75,0.11142235416529517,0.6491408811479177,0.15336029982006782,0.0860764648667204,-0.8591211354158117
975,195.130086724483,0.5,0.2,0.5,0.75,0.11139010888663795,0.6491997350044438,0.1533315703432595,0.08607858576565978,-0.8591211354158117
976,195.3302201467645,0.5,0.2,0.5,0.75,0.11135793608838723,0.6492573144214309,0.15330335141736076,0.08608139807282215,-0.8591211354158117
977,195.530353569046,0.5,0.2,0.5,0.75,0.11132585200805932,0.6493136061934399,0.153275651000733,0.08608489079776879,-0.8591211354158117
978,195.73048699132755,0.5,0.2,0.5,0.75,0.11129387259466025,0.6493685979896331,0.1532484766590534,0.08608905275665436,-0.8591211354158117
979,195.93062041360906,0.5,0.2,0.5,0.75,0.1112620135051869,0.6494222783448211,0.1532218355692677,0.08609387258072532,-0.8591211354158117
980,196.13075383589057,0.5,0.2,0.5,0.75,0.11123029010112784,0.6494746366505113,0.1531957345235436,0.08609933872481829,-0.8591211354158117
981,196.3308872581721,0.5,0.2,0.5,0.75,0.11119871744496437,0.6495256631459547,0.15317017993322354,0.08610543947585839,-0.8591211354158117
982,196.53102068045362,0.5,0.2,0.5,0.75,0.11116731029667153,0.6495753489091939,0.1531451778327779,0.08611216296135765,-0.8591211354158117
983,196.73115410273516,0.5,0.2,0.5,0.75,0.11113608312083141,0.6496236858588487,0.1531207338686594,0.08611949715166155,-0.8591211354158117
984,196.93128752501667,0.5,0.2,0.5,0.75,0.11110505011694989,0.6496706667793789,0.1530968532551459,0.08612742984852631,-0.8591211354158117
985,197.13142094729818,0.5,0.2,0.5,0.75,0.11107422515121636,0.6497162852466255,0.1530735408704023,0.08613594873175676,-0.8591211354158117
986,197.33155436957972,0.5,0.2,0.5,0.75,0.11104362177521883,0.6497605356413352,0.15305080122882878,0.0861450413546182,-0.8591211354158117
987,197.53168779186123,0.5,0.2,0.5,0.75,0.11101325322682594,0.64980341314464,0.15302863847878112,0.08615469514975395,-0.8591211354158117
988,197.73182121414274,0.5,0.2,0.5,0.75,0.11098313242712343,0.6498449137295463,0.1530070564059041,0.08616489743742706,-0.8591211354158117
989,197.93195463642428,0.5,0.2,0.5,0.75,0.1109532719773508,0.6498850341524235,0.15298605843646454,0.08617563543376208,-0.8591211354158117
990,198.1320880587058,0.5,0.2,0.5,0.75,0.11092368415583796,0.6499237719444915,0.15296564764068474,0.08618689625898682,-0.8591211354158117
991,198.33222148098733,0.5,0.2,0.5,0.75,0.11089438092815551,0.6499611254079745,0.1529458267305232,0.08619866693334789,-0.8591211354158117
992,198.53235490326884,0.5,0.2,0.5,0.75,0.11086537396458221,0.6499970936148374,0.15292659805438086,0.08621093436620068,-0.8591211354158117
993,198.73248832555035,0.5,0.2,0.5,0.75,0.11083667458460145,0.6500316763797611,0.15290796362246967,0.0862236854131688,-0.8591211354158117
994,198.9326217478319,0.5,0.2,0.5,0.75,0.11080829377588972,0.6500648742594163,0.15288992510087981,0.08623690686381527,-0.8591211354158117
995,199.1327551701134,0.5,0.2,0.5,0.75,0.11078024219325697,0.6500966885446583,0.15287248381407087,0.08625058544801498,-0.8591211354158117
996,199.3328885923949,0.5,0.2,0.5,0.75,0.11075253015595181,0.6501271212521466,0.15285564074805008,0.08626470784385265,-0.8591211354158117
997,199.53302201467645,0.5,0.2,0.5,0.75,0.11072516764496675,0.6501561751159627,0.152839396553551,0.08627926068552078,-0.8591211354158117
998,199.73315543695796,0.5,0.2,0.5,0.75,0.11069816430034339,0.6501838535792288,0.1528237515492116,0.08629423057121739,-0.8591211354158117
999,199.9332888592395,0.5,0.2,0.5,0.75,0.11067152947594122,0.6502101607173466,0.1528087057595011,0.08630960404721233,-0.8591211354158117
1000,200.133422281521,0.5,0.2,0.5,0.75,0.11064527226553271,0.650235101195356,0.15279425893530754,0.086325367603805,-0.8591211354158117
1001,200.33355570380252,0.5,0.2,0.5,0.75,0.11061940135693989,0.6502586804299207,0.15278041047054203,0.08634150774259854,-0.8591211354158117
1002,200.53368912608406,0.5,0.2,0.5,0.75,0.11059392510039662,0.6502809044963911,0.1527671594482853,0.08635801095492822,-0.8591211354158117
1003,200.73382254836557,0.5,0.2,0.5,0.75,0.11056885150862837,0.6503017801171201,0.152754504645644,0.08637486372860873,-0.8591211354158117
1004,200.93395597064708,0.5,0.2,0.5,0.75,0.1105441882553111,0.6503213146517101,0.15274244453762648,0.0863920525553536,-0.8591211354158117
1005,201.13408939292862,0.5,0.2,0.5,0.75,0.11051994267353002,0.6503395160872575,0.15273097730101903,0.08640956393819461,-0.8591211354158117
1006,201.33422281521013,0.5,0.2,0.5,0.75,0.11049612175423851,0.6503563930285997,0.15272010081826162,0.08642738439890141,-0.8591211354158117
1007,201.53435623749166,0.5,0.2,0.5,0.75,0.11047273225175631,0.6503719545662972,0.15270981272981862,0.0864455004521291,-0.8591211354158117
1008,201.73448965977317,0.5,0.2,0.5,0.75,0.11044978065792499,0.65038621029464,0.1527001104270439,0.08646389862039226,-0.8591211354158117
1009,201.93462308205469,0.5,0.2,0.5,0.75,0.11042727304984024,0.6503991704740558,0.15269099098776973,0.08648256548833543,-0.8591211354158117
1010,202.13475650433622,0.5,0.2,0.5,0.75,0.11040521517843717,0.650410845918411,0.15268245122101487,0.08650148768213813,-0.8591211354158117
1011,202.33488992661773,0.5,0.2,0.5,0.75,0.11038361246866005,0.650421247983303,0.15267448767163563,0.08652065187640251,-0.8591211354158117
1012,202.53502334889924,0.5,0.2,0.5,0.75,0.11036247001953396,0.6504303885544632,0.15266709662493252,0.08654004480107147,-0.8591211354158117
1013,202.73515677118078,0.5,0.2,0.5,0.75,0.1103417926042365,0.6504382800361609,0.15266027411125702,0.08655965324834679,-0.8591211354158117
1014,202.9352901934623,0.5,0.2,0.5,0.75,0.11032158467079804,0.6504449353389843,0.15265401591093636,0.0865794640792825,-0.8591211354158117
1015,203.13542361574383,0.5,0.2,0.5,0.75,0.11030185044578468,0.6504503677657237,0.15264831761132436,0.0865994641771684,-0.8591211354158117
1016,203.33555703802534,0.5,0.2,0.5,0.75,0.11028259385982772,0.6504545910735324,0.15264317457367774,0.08661964049296322,-0.8591211354158117
1017,203.53569046030685,0.5,0.2,0.5,0.75,0.1102638184795097,0.6504576195297986,0.15263858190324953,0.08663998008744331,-0.8591211354158117
1018,203.7358238825884,0.5,0.2,0.5,0.75,0.11024552756326042,0.6504594678453114,0.1526345344821523,0.08666047010927706,-0.8591211354158117
1019,203.9359573048699,0.5,0.2,0.5,0.75,0.11022772406267534,0.6504601511614314,0.15263102697459555,0.08668109780129893,-0.8591211354158117
1020,204.1360907271514,0.5,0.2,0.5,0.75,0.11021041062383363,0.6504596850372605,0.15262805383212347,0.08670185050678354,-0.8591211354158117
1021,204.33622414943295,0.5,0.2,0.5,0.75,0.11019358958861651,0.6504580854368124,0.15262560929885255,0.08672271567571972,-0.8591211354158117
1022,204.53635757171446,0.5,0.2,0.5,0.75,0.11017726351436849,0.6504553657293333,0.15262368866155365,0.08674368209474573,-0.8591211354158117
1023,204.736490993996,0.5,0.2,0.5,0.75,0.11016143294943423,0.6504515500516088,0.15262228269196698,0.08676473430699115,-0.8591211354158117
1024,204.9366244162775,0.5,0.2,0.5,0.75,0.11014610032324337,0.6504466502750187,0.15262138723344498,0.0867858621682941,-0.8591211354158117
1025,205.13675783855902,0.5,0.2,0.5,0.75,0.11013126680948457,0.6504406840588663,0.152620995676312,0.08680705345533829,-0.8591211354158117
1026,205.33689126084056,0.5,0.2,0.5,0.75,0.11011693331175552,0.6504336693167799,0.15262110126718723,0.08682829610427856,-0.8591211354158117
1027,205.53702468312207,0.5,0.2,0.5,0.75,0.11010310046356313,0.6504256242167126,0.15262169710898466,0.08684957821074085,-0.8591211354158117
1028,205.7371581054036,0.5,0.2,0.5,0.75,0.11008976862832331,0.6504165671809424,0.1526227761609132,0.08687088802982229,-0.8591211354158117
1029,205.93729152768512,0.5,0.2,0.5,0.75,0.11007693789936117,0.6504065168860725,0.1526243312384764,0.08689221397609108,-0.8591211354158117
1030,206.13742494996663,0.5,0.2,0.5,0.75,0.11006460810789351,0.6503954922571693,0.15262635501615945,0.08691354461877902,-0.8591211354158117
1031,206.33755837224817,0.5,0.2,0.5,0.75,0.11005277892943952,0.6503835123896247,0.15262884006324168,0.08693486861769534,-0.8591211354158117
1032,206.53769179452968,0.5,0.2,0.5,0.75,0.11004144974185195,0.6503705966534048,0.15263177879601664,0.08695617480872782,-0.8591211354158117
1033,206.7378252168112,0.5,0.2,0.5,0.75,0.1100306196343086,0.6503567646864467,0.15263516348081818,0.08697745219842774,-0.8591211354158117
1034,206.93795863909273,0.5,0.2,0.5,0.75,0.11002028743470649,0.650342036374543,0.15263898624324004,0.08699868994751156,-0.8591211354158117
1035,207.13809206137424,0.5,0.2,0.5,0.75,0.110010451709662,0.6503264318513423,0.1526432390681359,0.08701987737086087,-0.8591211354158117
1036,207.33822548365578,0.5,0.2,0.5,0.75,0.11000111076451081,0.6503099714983485,0.15264791379961942,0.08704100393752244,-0.8591211354158117
1037,207.5383589059373,0.5,0.2,0.5,0.75,0.10999226268361893,0.6502926758414241,0.15265300218651134,0.08706205928844667,-0.8591211354158117
1038,207.7384923282188,0.5,0.2,0.5,0.75,0.10998390552689197,0.6502745650462628,0.1526584961038869,0.08708303332295944,-0.8591211354158117
1039,207.93862575050034,0.5,0.2,0.5,0.75,0.10997603698797398,0.6502556597959467,0.15266438716772437,0.08710391604835609,-0.8591211354158117
1040,208.13875917278185,0.5,0.2,0.5,0.75,0.10996865448688102,0.650235981053115,0.15267066683934133,0.08712469762066374,-0.8591211354158117
1041,208.33889259506336,0.5,0.2,0.5,0.75,0.10996175520043829,0.6502155499818176,0.1526773264597102,0.08714536835803499,-0.8591211354158117
1042,208.5390260173449,0.5,0.2,0.5,0.75,0.10995533606228018,0.6501943879475152,0.15268435724945792,0.08716591874074785,-0.8591211354158117
1043,208.7391594396264,0.5,0.2,0.5,0.75,0.10994939376285023,0.650172516517079,0.15269175030886625,0.0871863394112057,-0.8591211354158117
1044,208.93929286190794,0.5,0.2,0.5,0.75,0.10994392486892926,0.6501499571009853,0.15269949677319133,0.08720662125689516,-0.8591211354158117
1045,209.13942628418945,0.5,0.2,0.5,0.75,0.1099389260331257,0.6501267303262096,0.15270758808488427,0.08722675555578155,-0.8591211354158117
1046,209.33955970647096,0.5,0.2,0.5,0.75,0.10993439346396532,0.6501028576225043,0.15271601530500356,0.08724673360852785,-0.8591211354158117
1047,209.5396931287525,0.5,0.2,0.5,0.75,0.10993032313625299,0.650078360592685,0.15272476938656812,0.08726654688449499,-0.8591211354158117
1048,209.739826551034,0.5,0.2,0.5,0.75,0.10992671081011894,0.6500532609556147,0.15273384119930666,0.08728618703496083,-0.8591211354158117
1049,209.93995997331552,0.5,0.2,0.5,0.75,0.1099235520310188,0.6500275805462045,0.15274322152965772,0.08730564589312013,-0.8591211354158117
1050,210.14009339559706,0.5,0.2,0.5,0.75,0.10992084212973356,0.6500013413154132,0.15275290108076972,0.08732491547408462,-0.8591211354158117
1051,210.34022681787857,0.5,0.2,0.5,0.75,0.10991857643787331,0.6499745647531571,0.15276287072728123,0.0873439880816895,-0.8591211354158117
1052,210.5403602401601,0.5,0.2,0.5,0.75,0.10991675033048662,0.649947271774207,0.1527731215656963,0.0873628563296113,-0.8591211354158117
1053,210.74049366244162,0.5,0.2,0.5,0.75,0.10991535875593209,0.6499194839771308,0.15278364435857253,0.08738151290836574,-0.8591211354158117
1054,210.94062708472313,0.5,0.2,0.5,0.75,0.10991439647609368,0.6498912230010288,0.15279442981851696,0.0873999507043618,-0.8591211354158117
1055,211.14076050700467,0.5,0.2,0.5,0.75,0.1099138580696818,0.649862510516693,0.15280546861208869,0.0874181628015377,-0.8591211354158117
1056,211.34089392928618,0.5,0.2,0.5,0.75,0.1099137379322333,0.6498333682266079,0.15281675135979905,0.08743614248136099,-0.8591211354158117
1057,211.5410273515677,0.5,0.2,0.5,0.75,0.10991402971845117,0.6498038191972685,0.15282826803435154,0.08745388304992997,-0.8591211354158117
1058,211.74116077384923,0.5,0.2,0.5,0.75,0.10991472921296137,0.6497738810005916,0.1528400110584173,0.08747137872803092,-0.8591211354158117
1059,211.94129419613074,0.5,0.2,0.5,0.75,0.1099158296728388,0.6497435768411908,0.15285197027884942,0.08748862320712225,-0.8591211354158117
1060,212.14142761841228,0.5,0.2,0.5,0.75,0.10991732510058234,0.6497129277368383,0.15286413649848393,0.08750561066409658,-0.8591211354158117
1061,212.3415610406938,0.5,0.2,0.5,0.75,0.10991920932539082,0.6496819547134102,0.15287650048476326,0.08752233547643701,-0.8591211354158117
1062,212.5416944629753,0.5,0.2,0.5,0.75,0.10992147600794286,0.6496506787934653,0.1528890529748941,0.08753879222369905,-0.8591211354158117
1063,212.74182788525684,0.5,0.2,0.5,0.75,0.10992411864517686,0.6496191209848263,0.15290178468100538,0.0875549756889927,-0.8591211354158117
1064,212.94196130753835,0.5,0.2,0.5,0.75,0.10992713059277148,0.6495873022326313,0.15291468631233304,0.08757088086226554,-0.8591211354158117
1065,213.14209472981986,0.5,0.2,0.5,0.75,0.10993050548464663,0.6495552425520568,0.152927748979312,0.08758650298398589,-0.8591211354158117
1066,213.3422281521014,0.5,0.2,0.5,0.75,0.10993423672917459,0.6495229620664281,0.15294096370952473,0.08760183749487387,-0.8591211354158117
1067,213.5423615743829,0.5,0.2,0.5,0.75,0.10993831748374773,0.6494904810581477,0.15295432142379692,0.08761688003430904,-0.8591211354158117
1068,213.74249499666445,0.5,0.2,0.5,0.75,0.1099427408047141,0.6494578196577186,0.15296781308098548,0.08763162645658311,-0.8591211354158117
1069,213.94262841894596,0.5,0.2,0.5,0.75,0.10994749965441714,0.6494249978276619,0.15298142968531037,0.08764607283261192,-0.8591211354158117
1070,214.14276184122747,0.5,0.2,0.5,0.75,0.10995258690823544,0.6493920353464323,0.15299516229368623,0.0876602154516473,-0.8591211354158117
1071,214.342895263509,0.5,0.2,0.5,0.75,0.10995799536162253,0.6493589517923355,0.1530090020230542,0.08767405082298911,-0.8591211354158117
1072,214.54302868579052,0.5,0.2,0.5,0.75,0.10996371773714658,0.6493257665274441,0.15302294005771358,0.08768757567769704,-0.8591211354158117
1073,214.74316210807203,0.5,0.2,0.5,0.75,0.10996974669153022,0.649292498681515,0.1530369676566535,0.08770078697030267,-0.8591211354158117
1074,214.94329553035357,0.5,0.2,0.5,0.75,0.10997607482493121,0.649259167150193,0.15305107615617178,0.08771368186870514,-0.8591211354158117
1075,215.14342895263508,0.5,0.2,0.5,0.75,0.10998269472359845,0.6492257908060045,0.15306525690230532,0.08772625756809291,-0.8591211354158117
1076,215.34356237491662,0.5,0.2,0.5,0.75,0.10998959891928903,0.6491923881786481,0.15307950135831283,0.08773851154375133,-0.8591211354158117
1077,215.54369579719813,0.5,0.2,0.5,0.75,0.1099967798986529,0.6491589774538613,0.15309380110707554,0.08775044154041148,-0.8591211354158117
1078,215.74382921947964,0.5,0.2,0.5,0.75,0.11000423012100005,0.6491255765257324,0.1531081478358688,0.08776204551740002,-0.8591211354158117
1079,215.94396264176117,0.5,0.2,0.5,0.75,0.11001194202553231,0.6490922029818406,0.15312253334328982,0.08777332164933857,-0.8591211354158117
1080,216.14409606404269,0.5,0.2,0.5,0.75,0.11001990803857514,0.6490588740883971,0.15313694954618576,0.08778426832684323,-0.8591211354158117
1081,216.3442294863242,0.5,0.2,0.5,0.75,0.11002812058080937,0.6490256067753863,0.15315138848658147,0.0877948841572241,-0.8591211354158117
1082,216.54436290860573,0.5,0.2,0.5,0.75,0.11003657207450297,0.6489924176217061,0.15316584233860747,0.08780516796518471,-0.8591211354158117
1083,216.74449633088724,0.5,0.2,0.5,0.75,0.11004525495074287,0.648959322840309,0.15318030341542782,0.08781511879352155,-0.8591211354158117
1084,216.94462975316878,0.5,0.2,0.5,0.75,0.11005416161669336,0.6489263383864856,0.15319476412371566,0.0878247358731065,-0.8591211354158117
1085,217.1447631754503,0.5,0.2,0.5,0.75,0.11006328401032789,0.6488934813369891,0.15320921637681656,0.0878340182758676,-0.8591211354158117
1086,217.3448965977318,0.5,0.2,0.5,0.75,0.11007261426239487,0.6488607678581848,0.1532236524608097,0.08784296541861177,-0.8591211354158117
1087,217.54503002001334,0.5,0.2,0.5,0.75,0.11008214461681777,0.6488282134586874,0.1532380649274965,0.08785157699699944,-0.8591211354158117
1088,217.74516344229485,0.5,0.2,0.5,0.75,0.11009186732014294,0.64879583333735,0.1532524464467738,0.08785985289573431,-0.8591211354158117
1089,217.94529686457636,0.5,0.2,0.5,0.75,0.1101017746263197,0.6487636423759577,0.15326678981034483,0.08786779318737874,-0.8591211354158117
1090,218.1454302868579,0.5,0.2,0.5,0.75,0.11011185880148035,0.6487316551319213,0.15328108793542997,0.08787539813116933,-0.8591211354158117
1091,218.3455637091394,0.5,0.2,0.5,0.75,0.11012211212872017,0.6486998858309712,0.1532953338684774,0.08788266817183231,-0.8591211354158117
1092,218.54569713142095,0.5,0.2,0.5,0.75,0.11013252691287753,0.6486683483598503,0.15330952078887397,0.08788960393839906,-0.8591211354158117
1093,218.74583055370246,0.5,0.2,0.5,0.75,0.11014309548531391,0.6486370562590094,0.15332364201265597,0.08789620624302165,-0.8591211354158117
1094,218.94596397598397,0.5,0.2,0.5,0.75,0.11015381019469511,0.6486060227705355,0.1533376909730008,0.08790247606176957,-0.8591211354158117
1095,219.1460973982655,0.5,0.2,0.5,0.75,0.11016466329544995,0.6485752612898287,0.15335166103100084,0.08790841438372143,-0.8591211354158117
1096,219.34623082054702,0.5,0.2,0.5,0.75,0.1101756471341307,0.648544784641814,0.15336554578055323,0.08791402244350285,-0.8591211354158117
1097,219.54636424282853,0.5,0.2,0.5,0.75,0.1101867541180206,0.6485146052163648,0.15337933899207293,0.08791930167354234,-0.8591211354158117
1098,219.74649766511007,0.5,0.2,0.5,0.75,0.1101979766936713,0.6484847350645452,0.15339303457267597,0.08792425366910822,-0.8591211354158117
1099,219.94663108739158,0.5,0.2,0.5,0.75,0.11020930735103904,0.6484551858938434,0.15340662656882254,0.08792888018629562,-0.8591211354158117
1100,220.14676450967312,0.5,0.2,0.5,0.75,0.11022073862762112,0.648425969063406,0.15342010916896012,0.0879331831400134,-0.8591211354158117
1101,220.34689793195463,0.5,0.2,0.5,0.75,0.11023226311259215,0.6483970955792709,0.15343347670616653,0.08793716460197104,-0.8591211354158117
1102,220.54703135423614,0.5,0.2,0.5,0.75,0.11024387345094046,0.6483685760896015,0.15344672366079304,0.08794082679866563,-0.8591211354158117
1103,220.74716477651768,0.5,0.2,0.5,0.75,0.11025556234760434,0.64834042087992,0.1534598446631075,0.08794417210936877,-0.8591211354158117
1104,220.9472981987992,0.5,0.2,0.5,0.75,0.1102673225555879,0.6483126399317276,0.15347283446875265,0.08794720304393239,-0.8591211354158117
1105,221.1474316210807,0.5,0.2,0.5,0.75,0.11027914678067917,0.6482852433110922,0.1534856877926907,0.08794992211553856,-0.8591211354158117
1106,221.34756504336224,0.5,0.2,0.5,0.75,0.11029102785316061,0.6482582405008642,0.15349839959619602,0.0879523320497797,-0.8591211354158117
1107,221.54769846564375,0.5,0.2,0.5,0.75,0.11030295868934743,0.6482316405644529,0.15351096501721553,0.08795443572898466,-0.8591211354158117
1108,221.7478318879253,0.5,0.2,0.5,0.75,0.11031493227624595,0.6482054522181249,0.15352337933996044,0.08795623616566936,-0.8591211354158117
1109,221.9479653102068,0.5,0.2,0.5,0.75,0.11032694167511807,0.6481796838285003,0.1535356379965789,0.08795773649980335,-0.8591211354158117
1110,222.1480987324883,0.5,0.2,0.5,0.75,0.11033898002504582,0.6481543434100497,0.15354773656882878,0.0879589399960763,-0.8591211354158117
1111,222.34823215476985,0.5,0.2,0.5,0.75,0.11035104054649579,0.6481294386225896,0.15355967078975044,0.08795985004116474,-0.8591211354158117
1112,222.54836557705136,0.5,0.2,0.5,0.75,0.11036311654488365,0.6481049767687791,0.15357143654533945,0.08796047014099845,-0.8591211354158117
1113,222.74849899933287,0.5,0.2,0.5,0.75,0.11037520141413859,0.6480809647916155,0.15358302987621936,0.08796080391802716,-0.8591211354158117
1114,222.9486324216144,0.5,0.2,0.5,0.75,0.11038728862112396,0.6480574093329337,0.15359444695437735,0.08796085509156572,-0.8591211354158117
1115,223.14876584389592,0.5,0.2,0.5,0.75,0.11039937161984394,0.6480343170156406,0.15360568396843877,0.08796062739607723,-0.8591211354158117
1116,223.34889926617745,0.5,0.2,0.5,0.75,0.1104114440184231,0.6480116939204893,0.15361673733820583,0.0879601247228824,-0.8591211354158117
1117,223.54903268845896,0.5,0.2,0.5,0.75,0.11042349953347817,0.6479895457403262,0.15362760365225148,0.08795935107394472,-0.8591211354158117
1118,223.74916611074048,0.5,0.2,0.5,0.75,0.11043553197845796,0.6479678778261023,0.15363827964976046,0.08795831054567987,-0.8591211354158117
1119,223.949299533022,0.5,0.2,0.5,0.75,0.11044753526666277,0.6479466951861051,0.153648762221492,0.08795700732574065,-0.8591211354158117
1120,224.14943295530352,0.5,0.2,0.5,0.75,0.1104595034142638,0.6479260024851925,0.15365904841074263,0.08795544568980158,-0.8591211354158117
1121,224.34956637758503,0.5,0.2,0.5,0.75,0.11047143054332267,0.647905804044025,0.15366913541430893,0.08795362999834395,-0.8591211354158117
1122,224.54969979986657,0.5,0.2,0.5,0.75,0.11048331088481075,0.647886103838299,0.1536790205834503,0.08795156469344045,-0.8591211354158117
1123,224.74983322214808,0.5,0.2,0.5,0.75,0.11049513878162873,0.6478669054979801,0.15368870142485166,0.08794925429554006,-0.8591211354158117
1124,224.94996664442962,0.5,0.2,0.5,0.75,0.1105069086511945,0.6478482124066588,0.15369817555385765,0.08794670338828962,-0.8591211354158117
1125,225.15010006671113,0.5,0.2,0.5,0.75,0.11051861485252922,0.6478300280374062,0.15370744053496763,0.08794391657509756,-0.8591211354158117
1126,225.35023348899264,0.5,0.2,0.5,0.75,0.11053025197722931,0.6478123552389281,0.15371649422272265,0.08794089856112049,-0.8591211354158117
1127,225.55036691127418,0.5,0.2,0.5,0.75,0.11054181475012322,0.647795196488287,0.15372533464183025,0.08793765411976011,-0.8591211354158117
1128,225.7505003335557,0.5,0.2,0.5,0.75,0.11055329801126117,0.6477785539422117,0.15373395996330214,0.08793418808322556,-0.8591211354158117
1129,225.9506337558372,0.5,0.2,0.5,0.75,0.11056469671834608,0.6477624294377882,0.15374236850472223,0.08793050533914408,-0.8591211354158117
1130,226.15076717811874,0.5,0.2,0.5,0.75,0.11057600594916468,0.6477468244931495,0.15375055873051469,0.08792661082717178,-0.8591211354158117
1131,226.35090060040025,0.5,0.2,0.5,0.75,0.1105872209040184,0.6477317403081657,0.15375852925221223,0.08792250953560427,-0.8591211354158117
1132,226.5510340226818,0.5,0.2,0.5,0.75,0.11059833690815438,0.6477171777651349,0.15376627882872398,0.08791820649798733,-0.8591211354158117
1133,226.7511674449633,0.5,0.2,0.5,0.75,0.11060934941419644,0.6477031374294727,0.15377380636660376,0.08791370678972771,-0.8591211354158117
1134,226.9513008672448,0.5,0.2,0.5,0.75,0.11062025400457616,0.6476896195504027,0.15378111092031807,0.08790901552470368,-0.8591211354158117
1135,227.15143428952635,0.5,0.2,0.5,0.75,0.11063104639396375,0.6476766240616467,0.15378819169251423,0.08790413785187585,-0.8591211354158117
1136,227.35156771180786,0.5,0.2,0.5,0.75,0.11064172227057639,0.647664150925946,0.15379504786478626,0.08789907893869195,-0.8591211354158117
1137,227.55170113408937,0.5,0.2,0.5,0.75,0.11065227732204648,0.6476522000857367,0.15380167862259891,0.08789384396961848,-0.8591211354158117
1138,227.7518345563709,0.5,0.2,0.5,0.75,0.11066270753927701,0.6476407708206101,0.15380808347265681,0.08788843816745658,-0.8591211354158117
1139,227.95196797865242,0.5,0.2,0.5,0.75,0.11067300903922284,0.6476298621313697,0.15381426205417956,0.08788286677522836,-0.8591211354158117
1140,228.15210140093396,0.5,0.2,0.5,0.75,0.11068317806509616,0.6476194727454706,0.15382021413682856,0.08787713505260521,-0.8591211354158117
1141,228.35223482321547,0.5,0.2,0.5,0.75,0.11069321098790846,0.6476096011196065,0.1538259396200399,0.08787124827244563,-0.8591211354158117
1142,228.55236824549698,0.5,0.2,0.5,0.75,0.11070310430801263,0.6476002454422976,0.1538314385323573,0.08786521171733301,-0.8591211354158117
1143,228.75250166777852,0.5,0.2,0.5,0.75,0.11071285465664485,0.6475914036364772,0.15383671103076496,0.08785903067611354,-0.8591211354158117
1144,228.95263509006003,0.5,0.2,0.5,0.75,0.11072245879746671,0.6475830733620793,0.15384175740002043,0.08785271044043397,-0.8591211354158117
1145,229.15276851234154,0.5,0.2,0.5,0.75,0.11073191362810714,0.6475752520186263,0.1538465780519875,0.08784625630127946,-0.8591211354158117
1146,229.35290193462308,0.5,0.2,0.5,0.75,0.11074121618170446,0.6475679367478153,0.1538511735249692,0.08783967354551143,-0.8591211354158117
1147,229.5530353569046,0.5,0.2,0.5,0.75,0.11075036361700664,0.6475611244532259,0.15385554447419872,0.08783296745556922,-0.8591211354158117
1148,229.75316877918613,0.5,0.2,0.5,0.75,0.1107593529668409,0.6475548121815663,0.15385969147560738,0.0878261433759859,-0.8591211354158117
1149,229.95330220146764,0.5,0.2,0.5,0.75,0.11076818146949234,0.6475489966317434,0.15386361528004305,0.08781920661872175,-0.8591211354158117
1150,230.15343562374915,0.5,0.2,0.5,0.75,0.11077684657796087,0.6475436741459059,0.15386731681856505,0.08781216245756873,-0.8591211354158117
1151,230.35356904603069,0.5,0.2,0.5,0.75,0.11078534587115643,0.6475388408472135,0.1538707971319601,0.08780501614967048,-0.8591211354158117
1152,230.5537024683122,0.5,0.2,0.5,0.75,0.11079367705456417,0.6475344926437359,0.1538740573693979,0.08779777293230263,-0.8591211354158117
1153,230.75383589059373,0.5,0.2,0.5,0.75,0.11080183796090973,0.6475306252323515,0.1538770987870863,0.08779043801965306,-0.8591211354158117
1154,230.95396931287524,0.5,0.2,0.5,0.75,0.11080982655082443,0.6475272341026473,0.15387992274692666,0.08778301659960212,-0.8591211354158117
1155,231.15410273515675,0.5,0.2,0.5,0.75,0.11081764091351053,0.6475243145408178,0.1538825307151693,0.08777551383050299,-0.8591211354158117
1156,231.3542361574383,0.5,0.2,0.5,0.75,0.11082527926740646,0.6475218616335635,0.15388492426106876,0.08776793483796186,-0.8591211354158117
1157,231.5543695797198,0.5,0.2,0.5,0.75,0.11083273996085202,0.6475198702719911,0.1538871050555392,0.0877602847116183,-0.8591211354158117
1158,231.75450300200131,0.5,0.2,0.5,0.75,0.1108400214727537,0.6475183351555118,0.15388907486980968,0.08775256850192545,-0.8591211354158117
1159,231.95463642428285,0.5,0.2,0.5,0.75,0.11084712235453793,0.6475172508616408,0.15389083553499214,0.0877447912488298,-0.8591211354158117
1160,232.15476984656436,0.5,0.2,0.5,0.75,0.11085404105672311,0.6475166120453031,0.15389238882483378,0.08773695807314069,-0.8591211354158117
1161,232.3549032688459,0.5,0.2,0.5,0.75,0.11086077631515992,0.647516413009953,0.15389373671106957,0.0877290739638182,-0.8591211354158117
1162,232.5550366911274,0.5,0.2,0.5,0.75,0.11086732700855184,0.6475166478721424,0.15389488126677892,0.08772114385252748,-0.8591211354158117
1163,232.75517011340892,0.5,0.2,0.5,0.75,0.11087369213363983,0.6475173105940204,0.15389582464807716,0.08771317262426329,-0.8591211354158117
1164,232.95530353569046,0.5,0.2,0.5,0.75,0.11087987080507793,0.6475183949881183,0.15389656909224528,0.0877051651145591,-0.8591211354158117
1165,233.15543695797197,0.5,0.2,0.5,0.75,0.1108858622553091,0.6475198947221353,0.15389711691585975,0.08769712610669643,-0.8591211354158117
1166,233.35557038025348,0.5,0.2,0.5,0.75,0.1108916658344409,0.6475218033237236,0.15389747051292213,0.087689060328914,-0.8591211354158117
1167,233.55570380253502,0.5,0.2,0.5,0.75,0.11089728101012127,0.6475241141852733,0.15389763235298898,0.08768097245161702,-0.8591211354158117
1168,233.75583722481653,0.5,0.2,0.5,0.75,0.1109027073674142,0.6475268205686987,0.1538976049793014,0.08767286708458631,-0.8591211354158117
1169,233.95597064709807,0.5,0.2,0.5,0.75,0.11090794460867553,0.6475299156102223,0.15389739100691502,0.08766474877418766,-0.8591211354158117
1170,234.15610406937958,0.5,0.2,0.5,0.75,0.11091299255342865,0.6475333923251615,0.1538969931208295,0.08765662200058093,-0.8591211354158117
1171,234.3562374916611,0.5,0.2,0.5,0.75,0.11091785101318502,0.6475372436856232,0.15389641401581491,0.08764849128537759,-0.8591211354158117
1172,234.55637091394263,0.5,0.2,0.5,0.75,0.11092251982466468,0.6475414626058482,0.15389565641008782,0.08764036115939991,-0.8591211354158117
1173,234.75650433622414,0.5,0.2,0.5,0.75,0.1109269990586637,0.6475460418251503,0.15389472314087693,0.08763223597530971,-0.8591211354158117
1174,234.95663775850565,0.5,0.2,0.5,0.75,0.11093128889045725,0.6475509739881861,0.1538936171021902,0.08762412001916715,-0.8591211354158117
1175,235.1567711807872,0.5,0.2,0.5,0.75,0.1109353895984723,0.6475562516504421,0.1538923412423837,0.0876160175087026,-0.8591211354158117
1176,235.3569046030687,0.5,0.2,0.5,0.75,0.11093930156350741,0.6475618672834028,0.15389089856198543,0.08760793259110505,-0.8591211354158117
1177,235.55703802535024,0.5,0.2,0.5,0.75,0.11094302526795274,0.6475678132797179,0.1538892921115194,0.08759986934081063,-0.8591211354158117
1178,235.75717144763175,0.5,0.2,0.5,0.75,0.1109465612950099,0.6475740819583703,0.15388752498932956,0.08759183175729096,-0.8591211354158117
1179,235.95730486991326,0.5,0.2,0.5,0.75,0.11094991032791186,0.6475806655698434,0.15388560033940382,0.08758382376284171,-0.8591211354158117
1180,236.1574382921948,0.5,0.2,0.5,0.75,0.11095307314914285,0.6475875563012888,0.15388352134919805,0.08757584920037097,-0.8591211354158117
1181,236.3575717144763,0.5,0.2,0.5,0.75,0.11095605063965824,0.6475947462816948,0.15388129124745994,0.08756791183118773,-0.8591211354158117
1182,236.55770513675782,0.5,0.2,0.5,0.75,0.11095884376944103,0.6476022275876891,0.1538789133002828,0.0875600153425877,-0.8591211354158117
1183,236.75783855903936,0.5,0.2,0.5,0.75,0.11096145343457964,0.6476099922606203,0.15387639077579704,0.08755216352900369,-0.8591211354158117
1184,236.95797198132087,0.5,0.2,0.5,0.75,0.11096388067545475,0.6476180322956373,0.15387372698673824,0.08754436004217042,-0.8591211354158117
1185,237.1581054036024,0.5,0.2,0.5,0.75,0.11096612667112005,0.6476263396472128,0.1538709252872824,0.08753660839438537,-0.8591211354158117
1186,237.35823882588392,0.5,0.2,0.5,0.75,0.11096819268414922,0.6476349062383062,0.15386798905975918,0.08752891201778606,-0.8591211354158117
1187,237.55837224816543,0.5,0.2,0.5,0.75,0.1109700800592968,0.6476437239655715,0.15386492171236157,0.08752127426277083,-0.8591211354158117
1188,237.75850567044697,0.5,0.2,0.5,0.75,0.11097179022215892,0.6476527847045664,0.15386172667685571,0.08751369839641952,-0.8591211354158117
1189,237.95863909272848,0.5,0.2,0.5,0.75,0.11097332467783405,0.6476620803149616,0.15385840740629064,0.0875061876009143,-0.8591211354158117
1190,238.15877251500999,0.5,0.2,0.5,0.75,0.11097468500958386,0.6476716026457485,0.15385496737270787,0.08749874497196033,-0.8591211354158117
1191,238.35890593729152,0.5,0.2,0.5,0.75,0.110975872877494,0.6476813435404487,0.1538514100648513,0.08749137351720657,-0.8591211354158117
1192,238.55903935957303,0.5,0.2,0.5,0.75,0.11097689001713477,0.6476912948423225,0.15384773898587684,0.08748407615466645,-0.8591211354158117
1193,238.75917278185457,0.5,0.2,0.5,0.75,0.11097773823822209,0.6477014483995777,0.15384395765106204,0.0874768557111387,-0.8591211354158117
1194,238.95930620413608,0.5,0.2,0.5,0.75,0.11097841939460697,0.6477117960418456,0.15384006959069008,0.087469714972858,-0.8591211354158117
1195,239.1594396264176,0.5,0.2,0.5,0.75,0.11097893530822478,0.647722329510517,0.1538360783612415,0.08746265682001732,-0.8591211354158117
1196,239.35957304869913,0.5,0.2,0.5,0.75,0.11097928794144031,0.6477330406380096,0.15383198751176133,0.08745568390878927,-0.8591211354158117
1197,239.55970647098064,0.5,0.2,0.5,0.75,0.11097947932857939,0.6477439212857027,0.15382780059368276,0.08744879879203572,-0.8591211354158117
1198,239.75983989326215,0.5,0.2,0.5,0.75,0.11097951156423531,0.647754963338769,0.1538235211604054,0.08744200393659086,-0.8591211354158117
1199,239.9599733155437,0.5,0.2,0.5,0.75,0.11097938680157234,0.6477661587110259,0.15381915276506952,0.08743530172233283,-0.8591211354158117
1200,240.1601067378252,0.5,0.2,0.5,0.75,0.11097910725062926,0.6477774993497861,0.15381469895833014,0.08742869444125505,-0.8591211354158117
1201,240.36024016010674,0.5,0.2,0.5,0.75,0.11097867517662308,0.6477889772407083,0.15381016328613134,0.08742218429653789,-0.8591211354158117
1202,240.56037358238825,0.5,0.2,0.5,0.75,0.1109780928982524,0.6478005844126478,0.15380554928748044,0.08741577340162003,-0.8591211354158117
1203,240.76050700466976,0.5,0.2,0.5,0.75,0.11097736278600116,0.6478123129425074,0.15380086049222205,0.08740946377926999,-0.8591211354158117
1204,240.9606404269513,0.5,0.2,0.5,0.75,0.11097648726044206,0.6478241549600885,0.15379610041881242,0.08740325736065761,-0.8591211354158117
1205,241.1607738492328,0.5,0.2,0.5,0.75,0.11097546879054022,0.6478361026529412,0.1537912725720936,0.08739715598442556,-0.8591211354158117
1206,241.36090727151432,0.5,0.2,0.5,0.75,0.11097430985527504,0.6478481481460686,0.15378638048140736,0.08739116151724953,-0.8591211354158117
1207,241.56104069379586,0.5,0.2,0.5,0.75,0.11097301295590965,0.647860283554425,0.15378142768301092,0.08738527580665492,-0.8591211354158117
1208,241.76117411607737,0.5,0.2,0.5,0.75,0.11097158066864814,0.6478725011732048,0.15377641765807673,0.08737950050007083,-0.8591211354158117
1209,241.9613075383589,0.5,0.2,0.5,0.75,0.11097001560780732,0.6478847933628346,0.1537713538691021,0.08737383716025666,-0.8591211354158117
1210,242.16144096064042,0.5,0.2,0.5,0.75,0.11096832042387142,0.6478971525529736,0.15376623975795714,0.08736828726519838,-0.8591211354158117
1211,242.36157438292193,0.5,0.2,0.5,0.75,0.11096649780161248,0.6479095712467414,0.15376107874386039,0.08736285220778624,-0.8591211354158117
1212,242.56170780520347,0.5,0.2,0.5,0.75,0.11096455045821092,0.6479220420249429,0.15375587422135423,0.08735753329549256,-0.8591211354158117
1213,242.76184122748498,0.5,0.2,0.5,0.75,0.11096248114137601,0.6479345575502946,0.15375062955828037,0.08735233175004957,-0.8591211354158117
1214,242.9619746497665,0.5,0.2,0.5,0.75,0.11096029262746639,0.6479471105716517,0.15374534809375545,0.08734724870712707,-0.8591211354158117
1215,243.16210807204803,0.5,0.2,0.5,0.75,0.11095798771961056,0.6479596939282332,0.15374003313614645,0.08734228521601034,-0.8591211354158117
1216,243.36224149432954,0.5,0.2,0.5,0.75,0.11095556924582742,0.647972300553849,0.1537346879610463,0.08733744223927785,-0.8591211354158117
1217,243.56237491661108,0.5,0.2,0.5,0.75,0.11095304005632745,0.6479849234664666,0.15372931581525398,0.08733272066195244,-0.8591211354158117
1218,243.7625083388926,0.5,0.2,0.5,0.75,0.11095040300852196,0.6479975555378529,0.15372392001084326,0.08732812144278243,-0.8591211354158117
1219,243.9626417611741,0.5,0.2,0.5,0.75,0.11094766098346269,0.6480101898255626,0.15371850378887647,0.0873236454020987,-0.8591211354158117
1220,244.16277518345564,0.5,0.2,0.5,0.75,0.11094481688281461,0.6480228195566311,0.1537130703257915,0.0873192932347632,-0.8591211354158117
1221,244.36290860573715,0.5,0.2,0.5,0.75,0.11094187362284275,0.64803543805784,0.15370762276167363,0.08731506555764401,-0.8591211354158117
1222,244.56304202801866,0.5,0.2,0.5,0.75,0.11093883413248752,0.6480480387591363,0.15370216419856164,0.08731096290981503,-0.8591211354158117
1223,244.7631754503002,0.5,0.2,0.5,0.75,0.11093570135144012,0.6480606151970507,0.15369669769875408,0.08730698575275549,-0.8591211354158117
1224,244.9633088725817,0.5,0.2,0.5,0.75,0.11093247822821796,0.6480731610181175,0.15369122628311557,0.0873031344705494,-0.8591211354158117
1225,245.16344229486324,0.5,0.2,0.5,0.75,0.11092916771823995,0.6480856699822923,0.1536857529293829,0.08729940937008522,-0.8591211354158117
1226,245.36357571714476,0.5,0.2,0.5,0.75,0.11092577278190198,0.6480981359663717,0.15368028057047142,0.08729581068125537,-0.8591211354158117
1227,245.56370913942627,0.5,0.2,0.5,0.75,0.11092229638265222,0.6481105529674115,0.15367481209278103,0.08729233855715572,-0.8591211354158117
1228,245.7638425617078,0.5,0.2,0.5,0.75,0.11091874148506657,0.6481229151061461,0.1536693503345026,0.08728899307428523,-0.8591211354158117
1229,245.96397598398931,0.5,0.2,0.5,0.75,0.11091511106194892,0.648135216554658,0.1536638981155913,0.08728577426780218,-0.8591211354158117
1230,246.16410940627082,0.5,0.2,0.5,0.75,0.11091140811323814,0.6481474513649531,0.1536584583091669,0.08728268221264233,-0.8591211354158117
1231,246.36424282855236,0.5,0.2,0.5,0.75,0.11090763561379137,0.6481596138944927,0.1536530336633538,0.08727971682836254,-0.8591211354158117
1232,246.56437625083387,0.5,0.2,0.5,0.75,0.11090379653147618,0.6481716986416067,0.15364762686982306,0.08727687795709449,-0.8591211354158117
1233,246.7645096731154,0.5,0.2,0.5,0.75,0.11089989382795083,0.6481837002262102,0.153642240571589,0.08727416537425052,-0.8591211354158117
1234,246.96464309539692,0.5,0.2,0.5,0.75,0.11089593045685721,0.648195613392235,0.15363687736172826,0.08727157878918011,-0.8591211354158117
1235,247.16477651767843,0.5,0.2,0.5,0.75,0.11089190936201379,0.6482074330100617,0.15363153978209879,0.0872691178458263,-0.8591211354158117
1236,247.36490993995997,0.5,0.2,0.5,0.75,0.11088783347560877,0.6482191540789509,0.1536262303220587,0.08726678212338224,-0.8591211354158117
1237,247.56504336224148,0.5,0.2,0.5,0.75,0.11088370571639294,0.6482307717294747,0.15362095141718526,0.0872645711369476,-0.8591211354158117
1238,247.765176784523,0.5,0.2,0.5,0.75,0.11087952898787284,0.6482422812259485,0.15361570544799408,0.08726248433818512,-0.8591211354158117
1239,247.96531020680453,0.5,0.2,0.5,0.75,0.11087530617650367,0.6482536779688621,0.15361049473865782,0.08726052111597699,-0.8591211354158117
1240,248.16544362908604,0.5,0.2,0.5,0.75,0.1108710401580906,0.6482649574651653,0.15360532156955545,0.08725868080718928,-0.8591211354158117
1241,248.36557705136758,0.5,0.2,0.5,0.75,0.11086673385195535,0.6482761151114886,0.15360018827030142,0.08725696276625522,-0.8591211354158117
1242,248.5657104736491,0.5,0.2,0.5,0.75,0.11086239012419788,0.6482871465683571,0.15359509705851426,0.08725536624893146,-0.8591211354158117
1243,248.7658438959306,0.5,0.2,0.5,0.75,0.110858011809095,0.6482980476717405,0.1535900500776348,0.08725389044153038,-0.8591211354158117
1244,248.96597731821214,0.5,0.2,0.5,0.75,0.11085360171922333,0.6483088143887641,0.15358504941574597,0.08725253447626731,-0.8591211354158117
1245,249.16611074049365,0.5,0.2,0.5,0.75,0.11084916264388026,0.6483194428192467,0.15358009710467602,0.08725129743219778,-0.8591211354158117
1246,249.36624416277516,0.5,0.2,0.5,0.75,0.11084469734750502,0.6483299291972395,0.15357519511910145,0.08725017833615473,-0.8591211354158117
1247,249.5663775850567,0.5,0.2,0.5,0.75,0.11084020856809967,0.648340269892565,0.15357034537565034,0.08724917616368573,-0.8591211354158117
1248,249.7665110073382,0.5,0.2,0.5,0.75,0.1108356990156501,0.648350461412355,0.15356554973200537,0.08724828983999029,-0.8591211354158117
1249,249.96664442961975,0.5,0.2,0.5,0.75,0.11083117137054702,0.6483605004025896,0.153560809986007,0.08724751824085705,-0.8591211354158117
1250,250.16677785190126,0.5,0.2,0.5,0.75,0.11082662828200701,0.6483703836496362,0.1535561278747565,0.08724686019360099,-0.8591211354158117
1251,250.36691127418277,0.5,0.2,0.5,0.75,0.11082207236936832,0.6483801080723032,0.15355150507816456,0.08724631448016454,-0.8591211354158117
1252,250.5670446964643,0.5,0.2,0.5,0.75,0.1108175062883459,0.6483896704995952,0.15354694332294702,0.08724587988911249,-0.8591211354158117
1253,250.76717811874582,0.5,0.2,0.5,0.75,0.11081293264323498,0.648399067956682,0.15354244424840888,0.08724555515167462,-0.8591211354158117
1254,250.96731154102733,0.5,0.2,0.5,0.75,0.11080835398133056,0.6484082976796394,0.15353800939935966,0.087245338939671,-0.8591211354158117
1255,251.16744496330887,0.5,0.2,0.5,0.75,0.11080377281589192,0.648417357036017,0.15353364026316874,0.08724522988492288,-0.8591211354158117
1256,251.36757838559038,0.5,0.2,0.5,0.75,0.11079919162482811,0.6484262435255063,0.1535293382692772,0.08724522658038887,-0.8591211354158117
1257,251.56771180787192,0.5,0.2,0.5,0.75,0.11079461284938324,0.6484349547806062,0.1535251047887098,0.0872453275813012,-0.8591211354158117
1258,251.76784523015343,0.5,0.2,0.5,0.75,0.11079003889282185,0.64844348856729,0.15352094113358677,0.08724553140630185,-0.8591211354158117
1259,251.96797865243494,0.5,0.2,0.5,0.75,0.11078547211911427,0.6484518427856715,0.1535168485566358,0.08724583653857884,-0.8591211354158117
1260,252.16811207471648,0.5,0.2,0.5,0.75,0.11078091485162203,0.648460015470672,0.15351282825070392,0.08724624142700241,-0.8591211354158117
1261,252.368245496998,0.5,0.2,0.5,0.75,0.11077636937178316,0.6484680047926866,0.1535088813482694,0.08724674448726123,-0.8591211354158117
1262,252.5683789192795,0.5,0.2,0.5,0.75,0.11077183791793707,0.6484758090579134,0.15350500892110966,0.08724734410304014,-0.8591211354158117
1263,252.76851234156103,0.5,0.2,0.5,0.75,0.110767322754315,0.6484834265391677,0.1535012120584469,0.08724803864807064,-0.8591211354158117
1264,252.96864576384255,0.5,0.2,0.5,0.75,0.11076282611649553,0.6484908556051481,0.1534974918069243,0.08724882647143235,-0.8591211354158117
1265,253.16877918612408,0.5,0.2,0.5,0.75,0.11075835015182528,0.6484980948618673,0.15349384910495098,0.08724970588135667,-0.8591211354158117
1266,253.3689126084056,0.5,0.2,0.5,0.75,0.11075389696534671,0.6485051430391839,0.15349028483505303,0.08725067516041661,-0.8591211354158117
1267,253.5690460306871,0.5,0.2,0.5,0.75,0.11074946861881216,0.6485119989906745,0.15348679982375274,0.08725173256676083,-0.8591211354158117
1268,253.76917945296864,0.5,0.2,0.5,0.75,0.11074506712969776,0.6485186616935067,0.1534833948414482,0.08725287633534759,-0.8591211354158117
1269,253.96931287525015,0.5,0.2,0.5,0.75,0.11074069447021745,0.6485251302483113,0.15348007060229285,0.0872541046791787,-0.8591211354158117
1270,254.16944629753166,0.5,0.2,0.5,0.75,0.110736352566337,0.6485314038790552,0.1534768277640746,0.08725541579053347,-0.8591211354158117
1271,254.3695797198132,0.5,0.2,0.5,0.75,0.11073204329678793,0.6485374819329139,0.15347366692809564,0.08725680784220277,-0.8591211354158117
1272,254.5697131420947,0.5,0.2,0.5,0.75,0.11072776849208149,0.6485433638801441,0.1534705886390517,0.08725827898872289,-0.8591211354158117
1273,254.76984656437625,0.5,0.2,0.5,0.75,0.11072352993352272,0.6485490493139564,0.1534675933849115,0.08725982736760962,-0.8591211354158117
1274,254.96997998665776,0.5,0.2,0.5,0.75,0.1107193294011845,0.6485545378545471,0.15346468164134167,0.087261451102927,-0.8591211354158117
1275,255.17011340893927,0.5,0.2,0.5,0.75,0.11071516868468641,0.6485598291259415,0.15346185388228994,0.08726314830708246,-0.8591211354158117
1276,255.3702468312208,0.5,0.2,0.5,0.75,0.11071104946170182,0.6485649229917604,0.15345911047022426,0.08726491707631374,-0.8591211354158117
1277,255.57038025350232,0.5,0.2,0.5,0.75,0.1107069733619704,0.6485698194278574,0.15345645171514968,0.08726675549502279,-0.8591211354158117
1278,255.77051367578383,0.5,0.2,0.5,0.75,0.11070294196797936,0.6485745185189272,0.15345387787600465,0.08726866163708905,-0.8591211354158117
1279,255.97064709806537,0.5,0.2,0.5,0.75,0.11069895681432781,0.6485790204576928,0.15345138916085935,0.08727063356712028,-0.8591211354158117
1280,256.1707805203469,0.5,0.2,0.5,0.75,0.11069501938709111,0.648583325544092,0.15344898572711385,0.08727266934170319,-0.8591211354158117
1281,256.3709139426284,0.5,0.2,0.5,0.75,0.11069113112318527,0.6485874341844644,0.15344666768169643,0.0872747670106541,-0.8591211354158117
1282,256.57104736490993,0.5,0.2,0.5,0.75,0.11068729340973119,0.6485913468907377,0.15344443508126168,0.08727692461826968,-0.8591211354158117
1283,256.77118078719144,0.5,0.2,0.5,0.75,0.11068350758341916,0.6485950642796148,0.15344228793238884,0.08727914020457751,-0.8591211354158117
1284,256.97131420947295,0.5,0.2,0.5,0.75,0.11067977492987313,0.6485985870717602,0.15344022619178002,0.08728141180658691,-0.8591211354158117
1285,257.1714476317545,0.5,0.2,0.5,0.75,0.11067609670845929,0.6486019160494891,0.1534382497880983,0.08728373745395358,-0.8591211354158117
1286,257.371581054036,0.5,0.2,0.5,0.75,0.11067247420453685,0.6486050519696988,0.153436358667145,0.0872861151586197,-0.8591211354158117
1287,257.57171447631754,0.5,0.2,0.5,0.75,0.11066890859544512,0.6486079957805865,0.15343455267862274,0.08728854294534598,-0.8591211354158117
1288,257.77184789859905,0.5,0.2,0.5,0.75,0.1106654010044248,0.6486107485318571,0.1534328316227334,0.08729101884098506,-0.8591211354158117
1289,257.97198132088056,0.5,0.2,0.5,0.75,0.1106619525065817,0.6486133113631463,0.15343119525598903,0.0872935408742833,-0.8591211354158117
1290,258.1721147431621,0.5,0.2,0.5,0.75,0.11065856412856519,0.6486156855026953,0.1534296432916772,0.0872961070770626,-0.8591211354158117
1291,258.37224816544364,0.5,0.2,0.5,0.75,0.11065523684824664,0.6486178722660252,0.1534281754003264,0.08729871548540208,-0.8591211354158117
1292,258.57238158772515,0.5,0.2,0.5,0.75,0.11065197159439791,0.6486198730546112,0.15342679121017141,0.08730136414081975,-0.8591211354158117
1293,258.77251501000666,0.5,0.2,0.5,0.75,0.11064876924636982,0.6486216893545576,0.15342549030761868,0.08730405109145432,-0.8591211354158117
1294,258.97264843228817,0.5,0.2,0.5,0.75,0.11064563063377057,0.6486233227352712,0.15342427223771168,0.08730677439324691,-0.8591211354158117
1295,259.1727818545697,0.5,0.2,0.5,0.75,0.11064255653614426,0.6486247748481372,0.15342313650459624,0.08730953211112268,-0.8591211354158117
1296,259.37291527685124,0.5,0.2,0.5,0.75,0.11063954769924114,0.6486260474053398,0.15342208258244605,0.08731232231297342,-0.8591211354158117
1297,259.57304869913276,0.5,0.2,0.5,0.75,0.11063660493350976,0.6486271420603044,0.15342110997822273,0.0873151430279636,-0.8591211354158117
1298,259.77318212141427,0.5,0.2,0.5,0.75,0.11063372892983275,0.6486280606264635,0.1534202181161787,0.08731799232752548,-0.8591211354158117
1299,259.9733155436958,0.5,0.2,0.5,0.75,0.11063092031115362,0.6486288050137743,0.15341940637107226,0.08732086830400028,-0.8591211354158117
1300,260.1734489659773,0.5,0.2,0.5,0.75,0.11062817965350158,0.6486293772018511,0.15341867408209017,0.08732376906255762,-0.8591211354158117
1301,260.37358238825885,0.5,0.2,0.5,0.75,0.11062550748586553,0.648629779238406,0.1534180205534365,0.08732669272229245,-0.8591211354158117
1302,260.57371581054036,0.5,0.2,0.5,0.75,0.11062290429006821,0.6486300132376893,0.15341744505492125,0.08732963741732175,-0.8591211354158117
1303,260.7738492328219,0.5,0.2,0.5,0.75,0.11062037050064029,0.6486300813789297,0.153416946822549,0.08733260129788155,-0.8591211354158117
1304,260.9739826551034,0.5,0.2,0.5,0.75,0.11061790650469427,0.6486299859047752,0.15341652505910758,0.08733558253142366,-0.8591211354158117
1305,261.1741160773849,0.5,0.2,0.5,0.75,0.11061551264179872,0.6486297291197325,0.1534161789347569,0.0873385793037126,-0.8591211354158117
1306,261.37424949966646,0.5,0.2,0.5,0.75,0.11061318920385221,0.6486293133886086,0.15341590758761747,0.08734158981992238,-0.8591211354158117
1307,261.574382921948,0.5,0.2,0.5,0.75,0.11061093643495747,0.6486287411349507,0.15341571012435917,0.08734461230573341,-0.8591211354158117
1308,261.7745163442295,0.5,0.2,0.5,0.75,0.11060875453129533,0.6486280148394862,0.15341558562078988,0.08734764500842934,-0.8591211354158117
1309,261.974649766511,0.5,0.2,0.5,0.75,0.1106066436409989,0.6486271370385637,0.15341553312244427,0.0873506861979939,-0.8591211354158117
1310,262.1747831887925,0.5,0.2,0.5,0.75,0.11060460386402758,0.6486261103225931,0.15341555164517237,0.08735373416820771,-0.8591211354158117
1311,262.374916611074,0.5,0.2,0.5,0.75,0.11060263537028117,0.6486249372210158,0.15341564023805698,0.08735678717064682,-0.8591211354158117
1312,262.5750500333556,0.5,0.2,0.5,0.75,0.11060073839095393,0.6486236202089214,0.15341579797951116,0.08735984342061434,-0.8591211354158117
1313,262.7751834556371,0.5,0.2,0.5,0.75,0.11059891296488009,0.6486221619487893,0.15341602384422268,0.08736290124210876,-0.8591211354158117
1314,262.9753168779186,0.5,0.2,0.5,0.75,0.11059715908895884,0.6486205651444515,0.1534163167831037,0.0873659589834868,-0.8591211354158117
1315,263.1754503002001,0.5,0.2,0.5,0.75,0.11059547672028967,0.648618832537363,0.15341667572507128,0.08736901501727695,-0.8591211354158117
1316,263.3755837224816,0.5,0.2,0.5,0.75,0.1105938657764103,0.6486169669046926,0.1534170995778281,0.08737206774106987,-0.8591211354158117
1317,263.5757171447632,0.5,0.2,0.5,0.75,0.11059232613553453,0.6486149710574148,0.15341758722864277,0.0873751155784088,-0.8591211354158117
1318,263.7758505670447,0.5,0.2,0.5,0.75,0.11059085763679018,0.6486128478384005,0.15341813754513034,0.08737815697967989,-0.8591211354158117
1319,263.9759839893262,0.5,0.2,0.5,0.75,0.11058946008045693,0.6486106001205085,0.1534187493760328,0.08738119042300266,-0.8591211354158117
1320,264.1761174116077,0.5,0.2,0.5,0.75,0.11058813322820424,0.6486082308046768,0.15341942155199956,0.08738421441512034,-0.8591211354158117
1321,264.37625083388923,0.5,0.2,0.5,0.75,0.11058687680332921,0.6486057428180135,0.15342015288636787,0.08738722749229028,-0.8591211354158117
1322,264.5763842561708,0.5,0.2,0.5,0.75,0.11058569049099451,0.6486031391118888,0.15342094217594332,0.08739022822117432,-0.8591211354158117
1323,264.7765176784523,0.5,0.2,0.5,0.75,0.11058457393846621,0.6486004226600253,0.15342178820178032,0.08739321519972917,-0.8591211354158117
1324,264.9766511007338,0.5,0.2,0.5,0.75,0.11058352675535173,0.6485975964565898,0.1534226897299626,0.08739618705809687,-0.8591211354158117
1325,265.17678452301533,0.5,0.2,0.5,0.75,0.11058254852288628,0.6485946635129254,0.15342364551467616,0.08739914244951309,-0.8591211354158117
1326,265.37691794529684,0.5,0.2,0.5,0.75,0.11058163892654306,0.6485916268357581,0.15342465433252872,0.08740207990517108,-0.8591211354158117
1327,265.57705136757835,0.5,0.2,0.5,0.75,0.11058079755787835,0.6485884894550896,0.1534257149330638,0.08740499805396909,-0.8591211354158117
1328,265.7771847898599,0.5,0.2,0.5,0.75,0.11058002393512925,0.648585254419231,0.1534268260446999,0.08740789560094081,-0.8591211354158117
1329,265.9773182121414,0.5,0.2,0.5,0.75,0.11057931754588918,0.648581924786518,0.15342798638626312,0.08741077128133065,-0.8591211354158117
1330,266.17745163442294,0.5,0.2,0.5,0.75,0.1105786778475868,0.6485785036233671,0.15342919466782876,0.08741362386121831,-0.8591211354158117
1331,266.37758505670445,0.5,0.2,0.5,0.75,0.11057810426796487,0.64857499400233,0.15343044959156288,0.08741645213814325,-0.8591211354158117
1332,266.57771847898596,0.5,0.2,0.5,0.75,0.11057759620555915,0.6485713990001488,0.15343174985256375,0.08741925494172924,-0.8591211354158117
1333,266.7778519012675,0.5,0.2,0.5,0.75,0.11057715303017739,0.6485677216958113,0.1534330941397035,0.08742203113430884,-0.8591211354158117
1334,266.97798532354904,0.5,0.2,0.5,0.75,0.11057677408337806,0.6485639651686055,0.15343448113646954,0.08742477961154793,-0.8591211354158117
1335,267.17811874583055,0.5,0.2,0.5,0.75,0.11057645867894943,0.6485601324961752,0.1534359095218062,0.08742749930307028,-0.8591211354158117
1336,267.37825216811206,0.5,0.2,0.5,0.75,0.11057620610338832,0.6485562267525746,0.15343737797095616,0.08743018917308197,-0.8591211354158117
1337,267.57838559039357,0.5,0.2,0.5,0.75,0.11057601561637916,0.6485522510063239,0.15343888515630213,0.08743284822099598,-0.8591211354158117
1338,267.77851901267513,0.5,0.2,0.5,0.75,0.11057588645127267,0.6485482083184635,0.15344042974820823,0.08743547548205666,-0.8591211354158117
1339,267.97865243495664,0.5,0.2,0.5,0.75,0.110575817815565,0.6485441017406102,0.15344201041586164,0.08743807002796429,-0.8591211354158117
1340,268.17878585723815,0.5,0.2,0.5,0.75,0.11057580892739896,0.6485399343446749,0.15344362582326143,0.08744063090466588,-0.8591211354158117
1341,268.37891927951966,0.5,0.2,0.5,0.75,0.11057585905478756,0.6485357092549748,0.15344527462484087,0.08744315706539801,-0.8591211354158117
1342,268.5790527018012,0.5,0.2,0.5,0.75,0.11057596737141763,0.6485314295191187,0.15344695548579815,0.08744564762366686,-0.8591211354158117
1343,268.7791861240827,0.5,0.2,0.5,0.75,0.11057613302643564,0.6485270981669826,0.15344866707360175,0.08744810173298127,-0.8591211354158117
1344,268.97931954636425,0.5,0.2,0.5,0.75,0.11057635514955257,0.6485227182128317,0.15345040805820864,0.08745051857940846,-0.8591211354158117
1345,269.17945296864576,0.5,0.2,0.5,0.75,0.11057663285168641,0.6485182926535182,0.1534521771128838,0.08745289738191292,-0.8591211354158117
1346,269.3795863909273,0.5,0.2,0.5,0.75,0.11057696522560476,0.6485138244666813,0.15345397291501978,0.08745523739269565,-0.8591211354158117
1347,269.5797198132088,0.5,0.2,0.5,0.75,0.11057735134656728,0.648509316608945,0.15345579414695606,0.08745753789753316,-0.8591211354158117
1348,269.7798532354903,0.5,0.2,0.5,0.75,0.11057779027296827,0.6485047720141179,0.15345763949679872,0.08745979821611662,-0.8591211354158117
1349,269.97998665777186,0.5,0.2,0.5,0.75,0.11057828104697924,0.6485001935913917,0.15345950765923977,0.08746201770239087,-0.8591211354158117
1350,270.18012008005337,0.5,0.2,0.5,0.75,0.11057882269519137,0.6484955842235398,0.1534613973363768,0.0874641957448936,-0.8591211354158117
1351,270.3802535023349,0.5,0.2,0.5,0.75,0.11057941422925809,0.6484909467651169,0.15346330723853224,0.08746633176709438,-0.8591211354158117
1352,270.5803869246164,0.5,0.2,0.5,0.75,0.11058005464653761,0.6484862840406571,0.15346523608507318,0.08746842522773376,-0.8591211354158117
1353,270.7805203468979,0.5,0.2,0.5,0.75,0.11058074293073547,0.6484815988428733,0.15346718260523057,0.08747047562116238,-0.8591211354158117
1354,270.98065376917947,0.5,0.2,0.5,0.75,0.11058147805310947,0.6484768939338696,0.1534691455377736,0.08747248247524889,-0.8591211354158117
1355,271.180787191461,0.5,0.2,0.5,0.75,0.11058225900395864,0.6484721722086374,0.15347112356902032,0.08747444521838517,-0.8591211354158117
1356,271.3809206137425,0.5,0.2,0.5,0.75,0.11058308475748241,0.6484674365015012,0.15347311540651845,0.0874763633344995,-0.8591211354158117
1357,271.581054036024,0.5,0.2,0.5,0.75,0.1105839542629575,0.6484626895335944,0.15347511979913891,0.08747823640431063,-0.8591211354158117
1358,271.7811874583055,0.5,0.2,0.5,0.75,0.11058486646064215,0.6484579339928416,0.15347713550681943,0.08748006403969838,-0.8591211354158117
1359,271.981320880587,0.5,0.2,0.5,0.75,0.11058582028247779,0.648453172532473,0.15347916130126385,0.0874818458837868,-0.8591211354158117
1360,272.1814543028686,0.5,0.2,0.5,0.75,0.11058681465279084,0.6484484077695423,0.15348119596664084,0.08748358161102751,-0.8591211354158117
1361,272.3815877251501,0.5,0.2,0.5,0.75,0.11058784848899432,0.648443642283441,0.1534832383002831,0.08748527092728298,-0.8591211354158117
1362,272.5817211474316,0.5,0.2,0.5,0.75,0.11058892070228965,0.6484388786144158,0.1534852871133862,0.08748691356990973,-0.8591211354158117
1363,272.7818545697131,0.5,0.2,0.5,0.75,0.11059003019836833,0.6484341192620837,0.15348734123170762,0.0874885093078417,-0.8591211354158117
1364,272.98198799199463,0.5,0.2,0.5,0.75,0.11059117587811365,0.6484293666839483,0.15348939949626583,0.08749005794167349,-0.8591211354158117
1365,273.1821214142762,0.5,0.2,0.5,0.75,0.11059235663830246,0.6484246232939161,0.1534914607640391,0.08749155930374358,-0.8591211354158117
1366,273.3822548365577,0.5,0.2,0.5,0.75,0.1105935713723068,0.6484198914608121,0.1534935239086646,0.0874930132582177,-0.8591211354158117
1367,273.5823882588392,0.5,0.2,0.5,0.75,0.1105948189707957,0.648415173506896,0.15349558782113745,0.08749441970117204,-0.8591211354158117
1368,273.7825216811207,0.5,0.2,0.5,0.75,0.11059609832243686,0.6484104717063783,0.1534976514105095,0.08749577856067654,-0.8591211354158117
1369,273.98265510340224,0.5,0.2,0.5,0.75,0.11059741139078809,0.6484057834656585,0.15349971604109985,0.08749708910245485,-0.8591211354158117
1370,274.1827885256838,0.5,0.2,0.5,0.75,0.11059874994345455,0.6484011224847865,0.15350177488168085,0.08749835269007938,-0.8591211354158117
1371,274.3829219479653,0.5,0.2,0.5,0.75,0.11060011714709636,0.6483964842169194,0.1535038302762925,0.08749956835969301,-0.8591211354158117
1372,274.5830553702468,0.5,0.2,0.5,0.75,0.11060151183222151,0.648391870910243,0.15350588113389227,0.0875007361236445,-0.8591211354158117
1373,274.78318879252834,0.5,0.2,0.5,0.75,0.11060293283875387,0.6483872847540788,0.15350792638790797,0.08750185601926061,-0.8591211354158117
1374,274.98332221480985,0.5,0.2,0.5,0.75,0.11060437901603322,0.6483827278788845,0.15350996499623754,0.08750292810884605,-0.8591211354158117
1375,275.18345563709136,0.5,0.2,0.5,0.75,0.1106058492228152,0.6483782023562533,0.15351199594124926,0.08750395247968352,-0.8591211354158117
1376,275.3835890593729,0.5,0.2,0.5,0.75,0.11060734232727135,0.6483737101989145,0.15351401822978167,0.0875049292440337,-0.8591211354158117
1377,275.58372248165443,0.5,0.2,0.5,0.75,0.1106088572069891,0.6483692533607334,0.15351603089314356,0.08750585853913528,-0.8591211354158117
1378,275.78385590393594,0.5,0.2,0.5,0.75,0.11061039274897175,0.6483648337367107,0.15351803298711394,0.08750674052720489,-0.8591211354158117
1379,275.98398932621745,0.5,0.2,0.5,0.75,0.11061194784963851,0.6483604531629834,0.1535200235919422,0.08750757539543716,-0.8591211354158117
1380,276.18412274849896,0.5,0.2,0.5,0.75,0.11061352141482449,0.6483561134168243,0.15352200181234782,0.0875083633560047,-0.8591211354158117
1381,276.38425617078053,0.5,0.2,0.5,0.75,0.11061511235978064,0.648351816216642,0.1535239667775207,0.0875091046460581,-0.8591211354158117
1382,276.58438959306204,0.5,0.2,0.5,0.75,0.11061671960917381,0.6483475632219807,0.15352591764112092,0.0875097995277259,-0.8591211354158117
1383,276.78452301534355,0.5,0.2,0.5,0.75,0.11061834209708635,0.6483433560335234,0.15352785358127782,0.08751044828811368,-0.8591211354158117
1384,276.98465643762506,0.5,0.2,0.5,0.75,0.11061997873502617,0.6483391963691111,0.1535297737311035,0.08751105116476057,-0.8591211354158117
1385,277.1847898599066,0.5,0.2,0.5,0.75,0.11062162843332093,0.6483350859460242,0.15353167722516373,0.08751160839549245,-0.8591211354158117
1386,277.38492328218814,0.5,0.2,0.5,0.75,0.11062329013669518,0.6483310262852249,0.153533563276757,0.0875121203013242,-0.8591211354158117
1387,277.58505670446965,0.5,0.2,0.5,0.75,0.11062496279790776,0.648327018856413,0.15353543112065113,0.08751258722502939,-0.8591211354158117
1388,277.78519012675116,0.5,0.2,0.5,0.75,0.11062664537775185,0.6483230650780257,0.15353728001308328,0.08751300953114029,-0.8591211354158117
1389,277.98532354903267,0.5,0.2,0.5,0.75,0.11062833684505505,0.6483191663172383,0.15353910923176,0.08751338760594786,-0.8591211354158117
1390,278.1854569713142,0.5,0.2,0.5,0.75,0.11063003617667923,0.6483153238899629,0.15354091807585718,0.08751372185750178,-0.8591211354158117
1391,278.3855903935957,0.5,0.2,0.5,0.75,0.11063174235752067,0.64831153906085,0.15354270586602004,0.0875140127156104,-0.8591211354158117
1392,278.58572381587726,0.5,0.2,0.5,0.75,0.11063345438050996,0.6483078130432872,0.15354447194436316,0.08751426063184078,-0.8591211354158117
1393,278.78585723815877,0.5,0.2,0.5,0.75,0.11063517124661207,0.6483041469994,0.1535462156744705,0.08751446607951868,-0.8591211354158117
1394,278.9859906604403,0.5,0.2,0.5,0.75,0.11063689196482629,0.648300542040051,0.15354793644139536,0.08751462955372853,-0.8591211354158117
1395,279.1861240827218,0.5,0.2,0.5,0.75,0.11063861557454321,0.6482969992657254,0.15354963363767754,0.08751475152205514,-0.8591211354158117
1396,279.3862575050033,0.5,0.2,0.5,0.75,0.11064034116341065,0.6482935197992011,0.1535513066521694,0.08751483238522015,-0.8591211354158117
1397,279.58639092728487,0.5,0.2,0.5,0.75,0.11064206778775545,0.6482901046400248,0.15355295491980686,0.08751487265241427,-0.8591211354158117
1398,279.7865243495664,0.5,0.2,0.5,0.75,0.11064379451168756,0.6482867547360209,0.15355457789715232,0.0875148728551405,-0.8591211354158117
1399,279.9866577718479,0.5,0.2,0.5,0.75,0.1106455204090525,0.6482834709868631,0.15355617506117358,0.08751483354291223,-0.8591211354158117
1400,280.1867911941294,0.5,0.2,0.5,0.75,0.11064724456343138,0.648280254244073,0.15355774590924376,0.08751475528325335,-0.8591211354158117
1401,280.3869246164109,0.5,0.2,0.5,0.75,0.11064896606814088,0.6482771053110212,0.15355928995914125,0.08751463866169809,-0.8591211354158117
1402,280.5870580386925,0.5,0.2,0.5,0.75,0.11065068402623328,0.6482740249429272,0.1535608067490499,0.08751448428179115,-0.8591211354158117
1403,280.787191460974,0.5,0.2,0.5,0.75,0.11065239755049643,0.6482710138468586,0.15356229583755884,0.08751429276508764,-0.8591211354158117
1404,280.9873248832555,0.5,0.2,0.5,0.75,0.11065410576345375,0.6482680726817321,0.15356375680366252,0.08751406475115309,-0.8591211354158117
1405,281.187458305537,0.5,0.2,0.5,0.75,0.11065580779736427,0.6482652020583131,0.15356518924676077,0.08751380089756344,-0.8591211354158117
1406,281.3875917278185,0.5,0.2,0.5,0.75,0.11065750281641804,0.648262402546262,0.15356659278840135,0.08751350184892023,-0.8591211354158117
1407,281.5877251501,0.5,0.2,0.5,0.75,0.11065919011006545,0.6482596747037661,0.15356796707960743,0.0875131681065627,-0.8591211354158117
1408,281.7878585723816,0.5,0.2,0.5,0.75,0.11066086890142154,0.6482570190167094,0.15356931178583508,0.08751280029603567,-0.8591211354158117
1409,281.9879919946631,0.5,0.2,0.5,0.75,0.1106625384102731,0.6482544359186772,0.15357062659191995,0.08751239907913146,-0.8591211354158117
1410,282.1881254169446,0.5,0.2,0.5,0.75,0.11066419786980544,0.6482519257962662,0.1535719112033907,0.08751196513053933,-0.8591211354158117
1411,282.3882588392261,0.5,0.2,0.5,0.75,0.11066584652660238,0.6482494889890849,0.15357316534646892,0.08751149913784553,-0.8591211354158117
1412,282.58839226150764,0.5,0.2,0.5,0.75,0.11066748364064631,0.6482471257897531,0.1535743887680691,0.08751100180153325,-0.8591211354158117
1413,282.7885256837892,0.5,0.2,0.5,0.75,0.1106691084853181,0.6482448364439024,0.15357558123579862,0.08751047383498264,-0.8591211354158117
1414,282.9886591060707,0.5,0.2,0.5,0.75,0.11067072034739714,0.648242621150176,0.1535767425379579,0.08750991596447079,-0.8591211354158117
1415,283.1887925283522,0.5,0.2,0.5,0.75,0.11067231852706136,0.6482404800602285,0.15357787248354013,0.08750932892917176,-0.8591211354158117
1416,283.38892595063373,0.5,0.2,0.5,0.75,0.11067390233788721,0.6482384132787264,0.15357897090223155,0.08750871348115656,-0.8591211354158117
1417,283.58905937291524,0.5,0.2,0.5,0.75,0.11067547111120427,0.6482364208702434,0.15358003764274392,0.08750807037581013,-0.8591211354158117
1418,283.7891927951968,0.5,0.2,0.5,0.75,0.11067702427111,0.6482345029780512,0.15358107254409195,0.08750740020674852,-0.8591211354158117
1419,283.9893262174783,0.5,0.2,0.5,0.75,0.1106785612265567,0.6482326596532325,0.1535820754769124,0.08750670364330003,-0.8591211354158117
1420,284.18945963975983,0.5,0.2,0.5,0.75,0.11068008137718915,0.6482308908639252,0.15358304634122902,0.08750598141765836,-0.8591211354158117
1421,284.38959306204134,0.5,0.2,0.5,0.75,0.11068158413854405,0.6482291965352268,0.15358398505680373,0.08750523426942713,-0.8591211354158117
1422,284.58972648432285,0.5,0.2,0.5,0.75,0.11068306894204995,0.6482275765491953,0.15358489156313673,0.08750446294561981,-0.8591211354158117
1423,284.7898599066044,0.5,0.2,0.5,0.75,0.1106845352350273,0.6482260307448483,0.15358576581946642,0.08750366820065973,-0.8591211354158117
1424,284.98999332888593,0.5,0.2,0.5,0.75,0.11068598248068848,0.6482245589181637,0.1535866078047695,0.0875028507963801,-0.8591211354158117
1425,285.19012675116744,0.5,0.2,0.5,0.75,0.11068741015813774,0.6482231608220793,0.15358741751776073,0.08750201150202398,-0.8591211354158117
1426,285.39026017344895,0.5,0.2,0.5,0.75,0.1106888177623712,0.6482218361664929,0.1535881949768933,0.08750115109424433,-0.8591211354158117
1427,285.59039359573046,0.5,0.2,0.5,0.75,0.11069020480427694,0.6482205846182624,0.1535889402203585,0.08750027035710395,-0.8591211354158117
1428,285.79052701801197,0.5,0.2,0.5,0.75,0.11069157081069124,0.6482194058014509,0.15358965330599858,0.08749937008186108,-0.8591211354158117
1429,285.99066044029354,0.5,0.2,0.5,0.75,0.11069291535788219,0.6482182994430655,0.15359033425943122,0.08749845093962279,-0.8591211354158117
1430,286.19079386257505,0.5,0.2,0.5,0.75,0.11069423804387721,0.6482172652526121,0.15359098311692201,0.08749751358659044,-0.8591211354158117
1431,286.39092728485656,0.5,0.2,0.5,0.75,0.11069553846028926,0.6482163027994664,0.15359159996903363,0.0874965587712124,-0.8591211354158117
1432,286.59106070713807,0.5,0.2,0.5,0.75,0.11069681621596524,0.648215411615806,0.15359218492398777,0.08749558724424272,-0.8591211354158117
1433,286.7911941294196,0.5,0.2,0.5,0.75,0.11069807093698598,0.6482145911966094,0.1535927381076652,0.08749459975874116,-0.8591211354158117
1434,286.99132755170115,0.5,0.2,0.5,0.75,0.11069930226666626,0.6482138409996567,0.15359325966360557,0.08749359707007313,-0.8591211354158117
1435,287.19146097398266,0.5,0.2,0.5,0.75,0.11070050986555482,0.6482131604455295,0.15359374975300769,0.08749257993590975,-0.8591211354158117
1436,287.39159439626417,0.5,0.2,0.5,0.75,0.11070169341143433,0.6482125489176103,0.15359420855472933,0.08749154911622782,-0.8591211354158117
1437,287.5917278185457,0.5,0.2,0.5,0.75,0.11070285259932142,0.6482120057620833,0.1535946362652872,0.08749050537330982,-0.8591211354158117
1438,287.7918612408272,0.5,0.2,0.5,0.75,0.11070398714146665,0.648211530287934,0.1535950330988571,0.08748944947174395,-0.8591211354158117
1439,287.99199466310876,0.5,0.2,0.5,0.75,0.11070509676735452,0.6482111217669493,0.15359539928727386,0.08748838217842404,-0.8591211354158117
1440,288.19212808539027,0.5,0.2,0.5,0.75,0.11070618122207046,0.6482107795566908,0.15359573503188423,0.08748730418935612,-0.8591211354158117
1441,288.3922615076718,0.5,0.2,0.5,0.75,0.11070724026560484,0.6482105031529003,0.15359604048302927,0.08748621609846731,-0.8591211354158117
1442,288.5923949299533,0.5,0.2,0.5,0.75,0.11070827367780231,0.6482102918168022,0.15359631588596367,0.0874851186194334,-0.8591211354158117
1443,288.7925283522348,0.5,0.2,0.5,0.75,0.11070928125573967,0.64821014477256,0.15359656150354756,0.08748401246815443,-0.8591211354158117
1444,288.9926617745163,0.5,0.2,0.5,0.75,0.11071026281363697,0.6482100612139637,0.15359677761362756,0.08748289835877343,-0.8591211354158117
1445,289.1927951967979,0.5,0.2,0.5,0.75,0.1107112181828576,0.6482100403044309,0.15359696450903684,0.08748177700367636,-0.8591211354158117
1446,289.3929286190794,0.5,0.2,0.5,0.75,0.11071214721190825,0.6482100811770062,0.15359712249759513,0.08748064911349214,-0.8591211354158117
1447,289.5930620413609,0.5,0.2,0.5,0.75,0.1107130497664389,0.6482101829343615,0.15359725190210863,0.08747951539709267,-0.8591211354158117
1448,289.7931954636424,0.5,0.2,0.5,0.75,0.11071392572924282,0.648210344648796,0.15359735306037015,0.0874783765615928,-0.8591211354158117
1449,289.9933288859239,0.5,0.2,0.5,0.75,0.1107147750002566,0.6482105653622359,0.15359742632515896,0.08747723331235033,-0.8591211354158117
1450,290.1934623082055,0.5,0.2,0.5,0.75,0.11071559749656011,0.6482108440862347,0.15359747206424088,0.08747608635296601,-0.8591211354158117
1451,290.393595730487,0.5,0.2,0.5,0.75,0.11071639315237655,0.6482111798019733,0.15359749066036832,0.08747493638528357,-0.8591211354158117
1452,290.5937291527685,0.5,0.2,0.5,0.75,0.11071716191646712,0.6482115714807526,0.15359748250292002,0.08747378409986196,-0.8591211354158117
1453,290.79386257505,0.5,0.2,0.5,0.75,0.11071790370879327,0.6482120184248897,0.153597447848834,0.08747263001748473,-0.8591211354158117
1454,290.9939959973315,0.5,0.2,0.5,0.75,0.11071861848462586,0.6482125197634337,0.15359738702832834,0.08747147472361377,-0.8591211354158117
1455,291.1941294196131,0.5,0.2,0.5,0.75,0.11071930622992031,0.6482130744885457,0.15359730043006026,0.0874703188514755,-0.8591211354158117
1456,291.3942628418946,0.5,0.2,0.5,0.75,0.11071996694659798,0.6482136815712743,0.15359718845389564,0.08746916302823377,-0.8591211354158117
1457,291.5943962641761,0.5,0.2,0.5,0.75,0.11072060065254631,0.6482143399615565,0.15359705151090905,0.08746800787498987,-0.8591211354158117
1458,291.7945296864576,0.5,0.2,0.5,0.75,0.11072120738161867,0.6482150485882168,0.15359689002338373,0.08746685400678259,-0.8591211354158117
1459,291.99466310873913,0.5,0.2,0.5,0.75,0.11072178718363446,0.6482158063589676,0.15359670442481158,0.08746570203258813,-0.8591211354158117
1460,292.19479653102064,0.5,0.2,0.5,0.75,0.11072234012437908,0.6482166121604093,0.15359649515989318,0.0874645525553202,-0.8591211354158117
1461,292.3949299533022,0.5,0.2,0.5,0.75,0.1107228662856039,0.6482174648580301,0.1535962626845378,0.08746340617182989,-0.8591211354158117
1462,292.5950633755837,0.5,0.2,0.5,0.75,0.11072336576502637,0.6482183632962061,0.1535960074658634,0.08746226347290582,-0.8591211354158117
1463,292.79519679786523,0.5,0.2,0.5,0.75,0.11072383867632983,0.6482193062982012,0.15359572998219662,0.08746112504327404,-0.8591211354158117
1464,292.99533022014674,0.5,0.2,0.5,0.75,0.11072428514916371,0.6482202926661672,0.1535954307230727,0.08745999146159802,-0.8591211354158117
1465,293.19546364242825,0.5,0.2,0.5,0.75,0.11072470529179845,0.6482213213344823,0.15359511012244242,0.08745886325127833,-0.8591211354158117
1466,293.3955970647098,0.5,0.2,0.5,0.75,0.11072509916519407,0.6482223914762263,0.15359476851229228,0.08745774084628881,-0.8591211354158117
1467,293.59573048699133,0.5,0.2,0.5,0.75,0.110725466912617,0.6482235019709723,0.15359440635447047,0.08745662476194159,-0.8591211354158117
1468,293.79586390927284,0.5,0.2,0.5,0.75,0.11072580869408374,0.6482246516739623,0.15359402412343623,0.08745551550851922,-0.8591211354158117
1469,293.99599733155435,0.5,0.2,0.5,0.75,0.11072612468331164,0.6482258394286263,0.15359362230080603,0.08745441358725743,-0.8591211354158117
1470,294.19613075383586,0.5,0.2,0.5,0.75,0.11072641506771885,0.6482270640665836,0.15359320137535376,0.08745331949034515,-0.8591211354158117
1471,294.3962641761174,0.5,0.2,0.5,0.75,0.11072668004842438,0.6482283244076419,0.15359276184301052,0.08745223370092448,-0.8591211354158117
1472,294.59639759839894,0.5,0.2,0.5,0.75,0.11072691984024806,0.6482296192597977,0.15359230420686482,0.08745115669309073,-0.8591211354158117
1473,294.79653102068045,0.5,0.2,0.5,0.75,0.11072713467171053,0.648230947419236,0.1535918289771624,0.08745008893189236,-0.8591211354158117
1474,294.99666444296196,0.5,0.2,0.5,0.75,0.11072732478503328,0.6482323076703307,0.1535913366713063,0.08744903087333107,-0.8591211354158117
1475,295.19679786524347,0.5,0.2,0.5,0.75,0.11072749043613861,0.648233698785644,0.153590827813857,0.0874479829643617,-0.8591211354158117
1476,295.396931287525,0.5,0.2,0.5,0.75,0.1107276318946497,0.6482351195259272,0.15359030293653214,0.0874469456428923,-0.8591211354158117
1477,295.59706470980655,0.5,0.2,0.5,0.75,0.11072774943883094,0.648236568655176,0.15358976257137805,0.08744591933461636,-0.8591211354158117
1478,295.79719813208806,0.5,0.2,0.5,0.75,0.11072784324753557,0.6482380452621698,0.15358920710493407,0.0874449043853619,-0.8591211354158117
1479,295.99733155436957,0.5,0.2,0.5,0.75,0.11072791355209696,0.6482395483084784,0.15358863698323638,0.08744390115618961,-0.8591211354158117
1480,296.1974649766511,0.5,0.2,0.5,0.75,0.11072796063490578,0.6482410766326961,0.15358805270989742,0.08744291002250197,-0.8591211354158117
1481,296.3975983989326,0.5,0.2,0.5,0.75,0.11072798478910797,0.6482426290703717,0.1535874547917113,0.08744193134881047,-0.8591211354158117
1482,296.59773182121415,0.5,0.2,0.5,0.75,0.1107279863186047,0.6482442044540072,0.15358684373865392,0.08744096548873552,-0.8591211354158117
1483,296.79786524349566,0.5,0.2,0.5,0.75,0.1107279655380524,0.6482458016130594,0.15358622006388295,0.08744001278500659,-0.8591211354158117
1484,296.9979986657772,0.5,0.2,0.5,0.75,0.1107279227728628,0.6482474193739387,0.15358558428373784,0.0874390735694621,-0.8591211354158117
1485,297.1981320880587,0.5,0.2,0.5,0.75,0.11072785835920283,0.6482490565600094,0.15358493691773978,0.08743814816304944,-0.8591211354158117
1486,297.3982655103402,0.5,0.2,0.5,0.75,0.11072777264399472,0.64825071199159,0.15358427848859166,0.08743723687582504,-0.8591211354158117
1487,297.59839893262176,0.5,0.2,0.5,0.75,0.11072766598491596,0.648252384485953,0.15358360952217823,0.08743634000695427,-0.8591211354158117
1488,297.7985323549033,0.5,0.2,0.5,0.75,0.11072753875039927,0.6482540728573248,0.1535829305475659,0.08743545784471149,-0.8591211354158117
1489,297.9986657771848,0.5,0.2,0.5,0.75,0.11072739131963265,0.6482557759168859,0.15358224209700289,0.08743459066648007,-0.8591211354158117
1490,298.1987991994663,0.5,0.2,0.5,0.75,0.11072722453618798,0.6482574914453507,0.1535815451877729,0.08743373883068989,-0.8591211354158117
1491,298.3989326217478,0.5,0.2,0.5,0.75,0.1107270374626525,0.6482592212784855,0.15358083893711805,0.08743290232174544,-0.8591211354158117
1492,298.5990660440293,0.5,0.2,0.5,0.75,0.11072683119880945,0.6482609626593406,0.1535801246179897,0.08743208152386171,-0.8591211354158117
1493,298.7991994663109,0.5,0.2,0.5,0.75,0.11072660610354024,0.6482627145303428,0.15357940270809511,0.08743127665802332,-0.8591211354158117
1494,298.9993328885924,0.5,0.2,0.5,0.75,0.11072636254575208,0.6482644758325248,0.1535786736875486,0.087430487934176,-0.8591211354158117
1495,299.1994663108739,0.5,0.2,0.5,0.75,0.11072610090411167,0.6482662455061288,0.15357793803858835,0.0874297155511727,-0.8591211354158117
1496,299.3995997331554,0.5,0.2,0.5,0.75,0.11072582156677857,0.64826802249121,0.15357719624529345,0.08742895969671946,-0.8591211354158117
1497,299.5997331554369,0.5,0.2,0.5,0.75,0.11072552493113882,0.6482698057282402,0.15357644879330082,0.08742822054732152,-0.8591211354158117
1498,299.7998665777185,0.5,0.2,0.5,0.75,0.11072521140353839,0.6482715941587118,0.15357569616952205,0.08742749826822918,-0.8591211354158117
1499,300.0,0.5,0.2,0.5,0.75,0.11072488139901665,0.6482733867257404,0.1535749388618605,0.08742679301338391,-0.8591211354158117
