,time,beta,alpha,sigma_D,sigma_C,S_c,S_d,I_c,I_d,R0
0,0.0,0.625,0.2,0.5,0.5,0.87465,0.12495,0.00035,5e-05,2.577362189221446
1,0.200133422281521,0.625,0.2,0.5,0.5,0.870212446389498,0.1293927582970906,0.0003487604410825701,4.603487232862353e-05,2.577362189221446
2,0.400266844563042,0.625,0.2,0.5,0.5,0.8656413224832584,0.13396912382572798,0.0003471338621389031,4.241982887457194e-05,2.577362189221446
3,0.600400266844563,0.625,0.2,0.5,0.5,0.8609342390093292,0.13868147168379005,0.0003451610950627837,3.912821181778138e-05,2.577362189221446
4,0.800533689126084,0.625,0.2,0.5,0.5,0.8560889896791091,0.1435319958111677,0.0003428787458045345,3.6135763918630534e-05,2.577362189221446
5,1.0006671114076051,0.625,0.2,0.5,0.5,0.8511034382924991,0.14852282097348354,0.0003403215094518887,3.3419224565330774e-05,2.577362189221446
6,1.200800533689126,0.625,0.2,0.5,0.5,0.8459755598921344,0.15365596173915574,0.0003375216450317056,3.095672367799567e-05,2.577362189221446
7,1.400933955970647,0.625,0.2,0.5,0.5,0.8407034458519906,0.15893331738324024,0.00033450896948833577,2.8727795280562143e-05,2.577362189221446
8,1.601067378252168,0.625,0.2,0.5,0.5,0.8352853233434021,0.16435665224173795,0.0003313110663830813,2.6713348476602378e-05,2.577362189221446
9,1.801200800533689,0.625,0.2,0.5,0.5,0.8297195636158724,0.1699275874950786,0.0003279531937051352,2.4895695343664112e-05,2.577362189221446
10,2.0013342228152102,0.625,0.2,0.5,0.5,0.8240046847701918,0.1756475981253724,0.00032445879487910277,2.3258309556501543e-05,2.577362189221446
11,2.201467645096731,0.625,0.2,0.5,0.5,0.8181393769597639,0.18151798782072845,0.00032084925723767897,2.178596226975253e-05,2.577362189221446
12,2.401601067378252,0.625,0.2,0.5,0.5,0.8121225043153107,0.18753988697515234,0.00031714406659502523,2.0464642941695908e-05,2.577362189221446
13,2.601734489659773,0.625,0.2,0.5,0.5,0.8059531284347589,0.19371422908612745,0.00031336104440751506,1.9281434705997907e-05,2.577362189221446
14,2.801867911941294,0.625,0.2,0.5,0.5,0.7996305089690933,0.2000417501748632,0.0003095163490942995,1.8224506949074818e-05,2.577362189221446
15,3.002001334222815,0.625,0.2,0.5,0.5,0.7931541253189399,0.20652296699404274,0.0003056246857003826,1.7283001316722736e-05,2.577362189221446
16,3.202134756504336,0.625,0.2,0.5,0.5,0.786523673638741,0.2131581800350282,0.00030169927565656,1.644705057404723e-05,2.577362189221446
17,3.402268178785857,0.625,0.2,0.5,0.5,0.7797390946188546,0.2199474456565892,0.0002977521123371043,1.5707612218871404e-05,2.577362189221446
18,3.602401601067378,0.625,0.2,0.5,0.5,0.7728005896857641,0.2268905597953468,0.0002937941226363695,1.5056396252450256e-05,2.577362189221446
19,3.802535023348899,0.625,0.2,0.5,0.5,0.7657086205887031,0.2339870584085769,0.0002898351347266661,1.4485867993147536e-05,2.577362189221446
20,4.0026684456304205,0.625,0.2,0.5,0.5,0.758463906722906,0.24123622019725172,0.0002858838191115615,1.3989260730498936e-05,2.577362189221446
21,4.202801867911941,0.625,0.2,0.5,0.5,0.7510674596348677,0.24863703192816905,0.0002819480447691779,1.3560392193938064e-05,2.577362189221446
22,4.402935290193462,0.625,0.2,0.5,0.5,0.7435205774625189,0.2561881940414117,0.0002780348154886047,1.3193680580615643e-05,2.577362189221446
23,4.603068712474983,0.625,0.2,0.5,0.5,0.7358248600029967,0.26388810552749714,0.00027415039968845494,1.2884069817429306e-05,2.577362189221446
24,4.803202134756504,0.625,0.2,0.5,0.5,0.7279822144230829,0.2717348581971125,0.00027030038852512354,1.2626991279215861e-05,2.577362189221446
25,5.003335557038025,0.625,0.2,0.5,0.5,0.7199948580110117,0.2797262339203686,0.0002664897315602884,1.24183370591176e-05,2.577362189221446
26,5.203468979319546,0.625,0.2,0.5,0.5,0.7118653322302253,0.2878596905275189,0.0002627228534499683,1.2254388805615047e-05,2.577362189221446
27,5.403602401601067,0.625,0.2,0.5,0.5,0.7035964954457717,0.29613236909656937,0.00025900362593850117,1.21318317200824e-05,2.577362189221446
28,5.603735823882588,0.625,0.2,0.5,0.5,0.6951915352093346,0.3045410816308498,0.0002553354698602273,1.204768995507443e-05,2.577362189221446
29,5.803869246164109,0.625,0.2,0.5,0.5,0.6866539676078233,0.3130823116951338,0.00025172139831292143,1.1999298729855592e-05,2.577362189221446
30,6.00400266844563,0.625,0.2,0.5,0.5,0.677987629851066,0.3217522218234671,0.00024816403086939427,1.198429459732548e-05,2.577362189221446
31,6.204136090727151,0.625,0.2,0.5,0.5,0.6691966937236149,0.33054664003817685,0.00024466567646502405,1.2000561742988465e-05,2.577362189221446
32,6.404269513008672,0.625,0.2,0.5,0.5,0.660285645738305,0.33946107970092354,0.00024122831909009434,1.20462416811527e-05,2.577362189221446
33,6.604402935290193,0.625,0.2,0.5,0.5,0.6512592946717202,0.3484907319553371,0.0002378536808358904,1.211969210666522e-05,2.577362189221446
34,6.804536357571714,0.625,0.2,0.5,0.5,0.6421227639533503,0.3576304733280017,0.00023454324873791498,1.2219469909978855e-05,2.577362189221446
35,7.004669779853235,0.625,0.2,0.5,0.5,0.6328814725944792,0.3668748847986934,0.00023129827455276424,1.2344332274490624e-05,2.577362189221446
36,7.204803202134756,0.625,0.2,0.5,0.5,0.6235411446708675,0.3762182422963191,0.00022811983712729635,1.2493195685940029e-05,2.577362189221446
37,7.404936624416277,0.625,0.2,0.5,0.5,0.6141077788325024,0.3856545471903809,0.0002250088327485526,1.2665144367915344e-05,2.577362189221446
38,7.605070046697798,0.625,0.2,0.5,0.5,0.6045876465174375,0.3951775280647538,0.00022196601051031526,1.2859407298193326e-05,2.577362189221446
39,7.805203468979319,0.625,0.2,0.5,0.5,0.5949872812443924,0.40478065141661596,0.00021899199450230535,1.3075344489136987e-05,2.577362189221446
40,8.005336891260841,0.625,0.2,0.5,0.5,0.5853134524497369,0.41445714781488324,0.00021608729078998322,1.3312444589766797e-05,2.577362189221446
41,8.205470313542362,0.625,0.2,0.5,0.5,0.5755731484222735,0.4242000289612741,0.000213252296241846,1.3570320210479531e-05,2.577362189221446
42,8.405603735823883,0.625,0.2,0.5,0.5,0.5657735552211348,0.4340021087687679,0.00021048730463769696,1.3848705459490402e-05,2.577362189221446
43,8.605737158105404,0.625,0.2,0.5,0.5,0.5559220524448624,0.44385600757183796,0.00020779256105062698,1.4147422249075865e-05,2.577362189221446
44,8.805870580386925,0.625,0.2,0.5,0.5,0.5460261807023777,0.45375418465853656,0.00020516824707838044,1.446639200731708e-05,2.577362189221446
45,9.006004002668446,0.625,0.2,0.5,0.5,0.5360936135998895,0.46368896628203504,0.00020261447896466672,1.4805639110940646e-05,2.577362189221446
46,9.206137424949967,0.625,0.2,0.5,0.5,0.5261321457493287,0.47365255763957076,0.0002001313375801497,1.5165273520595368e-05,2.577362189221446
47,9.406270847231488,0.625,0.2,0.5,0.5,0.5161496631097546,0.4836370725283433,0.00019771886879918518,1.5545493102912792e-05,2.577362189221446
48,9.606404269513009,0.625,0.2,0.5,0.5,0.5061541148807427,0.493634561448268,0.00019537708674159974,1.5946584247703425e-05,2.577362189221446
49,9.80653769179453,0.625,0.2,0.5,0.5,0.49615349542139486,0.5036370296746946,0.00019310598814103032,1.6368915769523882e-05,2.577362189221446
50,10.00667111407605,0.625,0.2,0.5,0.5,0.4861558146389477,0.5136364668657548,0.00019090555535792702,1.681293993965522e-05,2.577362189221446
51,10.206804536357572,0.625,0.2,0.5,0.5,0.4761690692990731,0.5236248757474457,0.00018877576006522175,1.7279193416150746e-05,2.577362189221446
52,10.406937958639093,0.625,0.2,0.5,0.5,0.4662012252015639,0.5335942899278361,0.00018671657762603846,1.776829297407766e-05,2.577362189221446
53,10.607071380920614,0.625,0.2,0.5,0.5,0.4562601872943544,0.5435368037786703,0.00018472798918129225,1.828093779404655e-05,2.577362189221446
54,10.807204803202135,0.625,0.2,0.5,0.5,0.4463537710125087,0.5534446010912852,0.0001828099848598106,1.881791134624159e-05,2.577362189221446
55,11.007338225483656,0.625,0.2,0.5,0.5,0.4364896867183413,0.5633099706289648,0.00018096256754911267,1.9380085144688687e-05,2.577362189221446
56,11.207471647765177,0.625,0.2,0.5,0.5,0.4266755109475671,0.5731253348749774,0.0001791857599473622,1.996841750798661e-05,2.577362189221446
57,11.407605070046698,0.625,0.2,0.5,0.5,0.4169186603845697,0.5828832760499674,0.0001774796055845314,2.058395987823558e-05,2.577362189221446
58,11.607738492328219,0.625,0.2,0.5,0.5,0.40722638251820553,0.5925765454453873,0.00017584417875347972,2.122785765362931e-05,2.577362189221446
59,11.80787191460974,0.625,0.2,0.5,0.5,0.397605723638236,0.602198095422542,0.00017427958353950237,2.190135568241205e-05,2.577362189221446
60,12.00800533689126,0.625,0.2,0.5,0.5,0.3880635022212381,0.6117411060204927,0.0001727859551238683,2.2605803145255543e-05,2.577362189221446
61,12.208138759172781,0.625,0.2,0.5,0.5,0.3786062953132406,0.6211989985630569,0.0001713634654947301,2.334265820758735e-05,2.577362189221446
62,12.408272181454302,0.625,0.2,0.5,0.5,0.3692404520090903,0.6305654221599848,0.00017001233588289055,2.4113495041872882e-05,2.577362189221446
63,12.608405603735823,0.625,0.2,0.5,0.5,0.35997204713018166,0.6398343000296878,0.00016873283336628334,2.492000676408913e-05,2.577362189221446
64,12.808539026017344,0.625,0.2,0.5,0.5,0.35080687351034506,0.6489998372003651,0.00016752527346856717,2.57640158209334e-05,2.577362189221446
65,13.008672448298865,0.625,0.2,0.5,0.5,0.341750434513964,0.6580565279785078,0.00016639002054240291,2.6647486985521025e-05,2.577362189221446
66,13.208805870580386,0.625,0.2,0.5,0.5,0.3328079195137915,0.6669991804650457,0.00016532749597627516,2.7572525186214467e-05,2.577362189221446
67,13.408939292861907,0.625,0.2,0.5,0.5,0.32398421844974806,0.6758229019728829,0.000164338181976245,2.854139539254761e-05,2.577362189221446
68,13.609072715143428,0.625,0.2,0.5,0.5,0.315283907722891,0.6845231131222609,0.00016342262490935257,2.9556529938362984e-05,2.577362189221446
69,13.80920613742495,0.625,0.2,0.5,0.5,0.30671122958497066,0.693095568443154,0.00016258143797924374,3.062053389581689e-05,2.577362189221446
70,14.00933955970647,0.625,0.2,0.5,0.5,0.29827011544098414,0.7015363330417337,0.00016181530566798994,3.173621161388145e-05,2.577362189221446
71,14.209472981987991,0.625,0.2,0.5,0.5,0.28996416228839944,0.7098418061563285,0.00016112498724300922,3.290656802873776e-05,2.577362189221446
72,14.409606404269512,0.625,0.2,0.5,0.5,0.2817966346232152,0.7180087192305287,0.0001605113210157655,3.413482524004377e-05,2.577362189221446
73,14.609739826551033,0.625,0.2,0.5,0.5,0.27377048548108385,0.7260341148375173,0.0001599752297064487,3.542445169204664e-05,2.577362189221446
74,14.809873248832554,0.625,0.2,0.5,0.5,0.2658883320491801,0.7339153710667111,0.00015951772298563398,3.6779161122838787e-05,2.577362189221446
75,15.010006671114075,0.625,0.2,0.5,0.5,0.2581524726820599,0.741650184472392,0.00015913990326388798,3.8202942283902054e-05,2.577362189221446
76,15.210140093395596,0.625,0.2,0.5,0.5,0.2505649021528061,0.749236554787322,0.0001588429715292484,3.9700088342357426e-05,2.577362189221446
77,15.410273515677117,0.625,0.2,0.5,0.5,0.24312729262996835,0.7566728039448698,0.00015862822951278214,4.127519564868606e-05,2.577362189221446
78,15.610406937958638,0.625,0.2,0.5,0.5,0.23584102393031525,0.7639575457661953,0.00015849708840804544,4.293321508092186e-05,2.577362189221446
79,15.810540360240159,0.625,0.2,0.5,0.5,0.22870718283935224,0.7710896866218235,0.00015845107282519167,4.467946599866913e-05,2.577362189221446
80,16.010673782521682,0.625,0.2,0.5,0.5,0.22172656916889166,0.7780684193459887,0.00015849182590074804,4.6519659218640084e-05,2.577362189221446
81,16.210807204803203,0.625,0.2,0.5,0.5,0.2148997075288391,0.7848932114110767,0.00015862111733313383,4.845994275076802e-05,2.577362189221446
82,16.410940627084724,0.625,0.2,0.5,0.5,0.20822686183040176,0.7915637903869546,0.00015884084954712204,5.050693309621644e-05,2.577362189221446
83,16.611074049366245,0.625,0.2,0.5,0.5,0.2017080509912594,0.7980801281933203,0.00015915306443709375,5.26677509826915e-05,2.577362189221446
84,16.811207471647766,0.625,0.2,0.5,0.5,0.19534304254491588,0.804442447443827,0.00015955995106678344,5.49500601898894e-05,2.577362189221446
85,17.011340893929287,0.625,0.2,0.5,0.5,0.18913137258398358,0.8106512014496748,0.00016006385359930797,5.7362112741768155e-05,2.577362189221446
86,17.211474316210808,0.625,0.2,0.5,0.5,0.18307236703530438,0.8167070528877389,0.00016066727961859447,5.991279733763834e-05,2.577362189221446
87,17.41160773849233,0.625,0.2,0.5,0.5,0.17716514213706053,0.8226108732560056,0.00016137290868149486,6.261169825192807e-05,2.577362189221446
88,17.61174116077385,0.625,0.2,0.5,0.5,0.17140861956597336,0.8283637276838735,0.00016218360138896658,6.546914876382935e-05,2.577362189221446
89,17.81187458305537,0.625,0.2,0.5,0.5,0.16580154380766185,0.8339668574969463,0.00016310240889766907,6.849628649376383e-05,2.577362189221446
90,18.01200800533689,0.625,0.2,0.5,0.5,0.16034248888580774,0.8394216733931616,0.00016413258487732124,7.170513615277119e-05,2.577362189221446
91,18.212141427618413,0.625,0.2,0.5,0.5,0.1550298716387209,0.8447297420860427,0.000165277596147718,7.510867908811297e-05,2.577362189221446
92,18.412274849899934,0.625,0.2,0.5,0.5,0.14986196690483064,0.8498927710410054,0.0001665411330815148,7.872092108187652e-05,2.577362189221446
93,18.612408272181455,0.625,0.2,0.5,0.5,0.14483691566269438,0.8549126002133245,0.00016792712385813274,8.255700012243952e-05,2.577362189221446
94,18.812541694462976,0.625,0.2,0.5,0.5,0.1399527370208117,0.8597911899528735,0.00016943974747101598,8.663327884332021e-05,2.577362189221446
95,19.012675116744497,0.625,0.2,0.5,0.5,0.13520734221854294,0.8645306069049371,0.00017108344632693753,9.096743019258594e-05,2.577362189221446
96,19.212808539026017,0.625,0.2,0.5,0.5,0.13059854293978274,0.8691330155409571,0.00017286294261437308,9.557857664535787e-05,2.577362189221446
97,19.41294196130754,0.625,0.2,0.5,0.5,0.12612406191417955,0.8736006674182101,0.0001747832539332895,0.00010048741367660866,2.577362189221446
98,19.61307538358906,0.625,0.2,0.5,0.5,0.12178154531770251,0.8779358886556978,0.0001768497083709507,0.00010571631822816905,2.577362189221446
99,19.81320880587058,0.625,0.2,0.5,0.5,0.11756857044333047,0.8821410720577753,0.0001790679645591463,0.00011128953433464725,2.577362189221446
100,20.0133422281521,0.625,0.2,0.5,0.5,0.11348265515063491,0.886218667486678,0.00018144403031715507,0.00011723333236938075,2.577362189221446
101,20.213475650433622,0.625,0.2,0.5,0.5,0.10952126897219192,0.8901711706105239,0.000183984279540677,0.00012357613774301016,2.577362189221446
102,20.413609072715143,0.625,0.2,0.5,0.5,0.10568184081894035,0.8940011149652173,0.00018669547434039217,0.00013034874150154348,2.577362189221446
103,20.613742494996664,0.625,0.2,0.5,0.5,0.10196176403192841,0.8977110665626392,0.00018958479264903803,0.00013758461278296746,2.577362189221446
104,20.813875917278185,0.625,0.2,0.5,0.5,0.09835840729839294,0.9013036128494785,0.0001926598454871666,0.00014532000664103204,2.577362189221446
105,21.014009339559706,0.625,0.2,0.5,0.5,0.09486912146858062,0.9047813556156981,0.0001959287019771279,0.00015359421374383023,2.577362189221446
106,21.214142761841227,0.625,0.2,0.5,0.5,0.091491245455824,0.9081469046882173,0.00019939992133249706,0.00016244993462570469,2.577362189221446
107,21.41427618412275,0.625,0.2,0.5,0.5,0.08822211256891722,0.9114028712821247,0.00020308258062172723,0.00017193356833577006,2.577362189221446
108,21.61440960640427,0.625,0.2,0.5,0.5,0.08505905700079529,0.9145518612711756,0.00020698629901777805,0.00018209542901073724,2.577362189221446
109,21.81454302868579,0.625,0.2,0.5,0.5,0.0819994190202281,0.9175964695538883,0.00021112127188529703,0.00019299015399772352,2.577362189221446
110,22.01467645096731,0.625,0.2,0.5,0.5,0.07904054992685862,0.9205392744864063,0.00021549831100052186,0.0002046772757340678,2.577362189221446
111,22.214809873248832,0.625,0.2,0.5,0.5,0.07617981671034707,0.9233828329931929,0.00022012887152099802,0.0002172214249385742,2.577362189221446
112,22.414943295530353,0.625,0.2,0.5,0.5,0.07341460619414442,0.9261296759144246,0.00022502508963875031,0.00023069280179178916,2.577362189221446
113,22.615076717811874,0.625,0.2,0.5,0.5,0.0707423294865827,0.9287823027910224,0.0002301998307213425,0.00024516789167323077,2.577362189221446
114,22.815210140093395,0.625,0.2,0.5,0.5,0.06816042537627352,0.9313431779110686,0.00023566673001963382,0.00026072998263783066,2.577362189221446
115,23.015343562374916,0.625,0.2,0.5,0.5,0.06566636291822113,0.9338147272699233,0.0002414402298385978,0.00027746958201646033,2.577362189221446
116,23.215476984656437,0.625,0.2,0.5,0.5,0.06325764463611828,0.9361993345421017,0.0002475356308910453,0.0002954851908885129,2.577362189221446
117,23.415610406937958,0.625,0.2,0.5,0.5,0.06093181030614764,0.9384993361641699,0.0002539691533085804,0.0003148843763733359,2.577362189221446
118,23.61574382921948,0.625,0.2,0.5,0.5,0.05868643769736965,0.9407170201853392,0.0002607579761490958,0.0003357841411415451,2.577362189221446
119,23.815877251501,0.625,0.2,0.5,0.5,0.05651914468001286,0.942854623201825,0.0002679202945768727,0.00035831182358477085,2.577362189221446
120,24.01601067378252,0.625,0.2,0.5,0.5,0.054427592189926835,0.9449143259534236,0.0002754753913394465,0.0003826064653096345,2.577362189221446
121,24.216144096064042,0.625,0.2,0.5,0.5,0.052409485380917914,0.9468982511791922,0.000283443696550468,0.00040881974333878673,2.577362189221446
122,24.416277518345563,0.625,0.2,0.5,0.5,0.05046257392488559,0.9488084624456739,0.0002918468450215209,0.00043711678441845644,2.577362189221446
123,24.616410940627084,0.625,0.2,0.5,0.5,0.04858465374798364,0.9506469608062805,0.00030070775424413795,0.0004676776914911481,2.577362189221446
124,24.816544362908605,0.625,0.2,0.5,0.5,0.04677356952253047,0.9524156801038436,0.0003100507178993299,0.000500699655726038,2.577362189221446
125,25.016677785190126,0.625,0.2,0.5,0.5,0.04502721279217909,0.9541164884361284,0.00031990145620216403,0.0005363973154897658,2.577362189221446
126,25.216811207471647,0.625,0.2,0.5,0.5,0.04334352277951314,0.9557511854979367,0.000330287202964957,0.0005750045195846978,2.577362189221446
127,25.416944629753168,0.625,0.2,0.5,0.5,0.041720487051860815,0.9573214998399036,0.000341236797906645,0.0006167763103284597,2.577362189221446
128,25.61707805203469,0.625,0.2,0.5,0.5,0.040156145392951155,0.9588290807907753,0.000352780824563333,0.0006619929917096665,2.577362189221446
129,25.81721147431621,0.625,0.2,0.5,0.5,0.038648585606490336,0.9602755029194873,0.000364951656680767,0.0007109598173411929,2.577362189221446
130,26.01734489659773,0.625,0.2,0.5,0.5,0.03719594387215532,0.9616622630405934,0.000377783566486896,0.0007640095207638654,2.577362189221446
131,26.21747831887925,0.625,0.2,0.5,0.5,0.03579640489892948,0.9629907771753127,0.0003913128394299553,0.00082150508632741,2.577362189221446
132,26.417611741160773,0.625,0.2,0.5,0.5,0.0344482044848847,0.9642623720551122,0.00040557795209234714,0.0008838455079101918,2.577362189221446
133,26.617745163442294,0.625,0.2,0.5,0.5,0.0331496264628232,0.9654782878042872,0.0004206196390219762,0.0009514660938669472,2.577362189221446
134,26.817878585723815,0.625,0.2,0.5,0.5,0.03189900197042645,0.9666396755123816,0.0004364810174933354,0.0010248414996979459,2.577362189221446
135,27.018012008005336,0.625,0.2,0.5,0.5,0.030694709217563357,0.9677475933903035,0.0004532077311095588,0.0011044896610230984,2.577362189221446
136,27.218145430286857,0.625,0.2,0.5,0.5,0.029535175326813403,0.9688029967883235,0.0004708481408552968,0.0011909797440073536,2.577362189221446
137,27.418278852568378,0.625,0.2,0.5,0.5,0.028418874029847097,0.9698067386654272,0.0004894534439675705,0.0012849338607577325,2.577362189221446
138,27.6184122748499,0.625,0.2,0.5,0.5,0.02734432409518938,0.9707595677086456,0.0005090778151285692,0.0013870303810361796,2.577362189221446
139,27.81854569713142,0.625,0.2,0.5,0.5,0.026310089012882988,0.971662122701331,0.0005297785804905093,0.0014980097052952452,2.577362189221446
140,28.01867911941294,0.625,0.2,0.5,0.5,0.025314777874930472,0.9725149207915629,0.0005516164616509019,0.0016186848718554281,2.577362189221446
141,28.21881254169446,0.625,0.2,0.5,0.5,0.024357044046105496,0.9733183539236245,0.0005746557423392364,0.001749946287930404,2.577362189221446
142,28.418945963975982,0.625,0.2,0.5,0.5,0.023435583038481256,0.9740726878450238,0.0005989644138555363,0.0018927647026390783,2.577362189221446
143,28.619079386257503,0.625,0.2,0.5,0.5,0.022549132168101966,0.9747780534955135,0.0006246144014975694,0.002048199934886537,2.577362189221446
144,28.819212808539024,0.625,0.2,0.5,0.5,0.02169647060022207,0.9754344335054814,0.0006516818220695539,0.0022174140722265446,2.577362189221446
145,29.019346230820545,0.625,0.2,0.5,0.5,0.02087641877200212,0.9760416519825991,0.0006802472243405062,0.0024016820210578473,2.577362189221446
146,29.219479653102066,0.625,0.2,0.5,0.5,0.020087836050770372,0.9765993749895459,0.0007103957616212546,0.0026023931980620747,2.577362189221446
147,29.419613075383587,0.625,0.2,0.5,0.5,0.01932962035077554,0.977107097577291,0.0007422174621851676,0.002821064609747788,2.577362189221446
148,29.61974649766511,0.625,0.2,0.5,0.5,0.0186007075454365,0.9775641297652147,0.0007758075066903615,0.0030593551826579584,2.577362189221446
149,29.81987991994663,0.625,0.2,0.5,0.5,0.017900071392638505,0.9779695763833122,0.0008112665459893821,0.0033190856780594058,2.577362189221446
150,30.02001334222815,0.625,0.2,0.5,0.5,0.01722672198017639,0.9783223311202858,0.000848700945836739,0.0036022459537005504,2.577362189221446
151,30.22014676450967,0.625,0.2,0.5,0.5,0.01657970469644703,0.9786210620647626,0.0008882230571940818,0.003911010181595689,2.577362189221446
152,30.420280186791192,0.625,0.2,0.5,0.5,0.015958099015761756,0.9788641983717377,0.0009299514880630992,0.004247751124437015,2.577362189221446
153,30.620413609072713,0.625,0.2,0.5,0.5,0.015361018078163955,0.9790499108426641,0.0009740114519853956,0.004615059627186083,2.577362189221446
154,30.820547031354234,0.625,0.2,0.5,0.5,0.01478760826079385,0.9791760879591296,0.0010205351067482898,0.005015768673327905,2.577362189221446
155,31.020680453635755,0.625,0.2,0.5,0.5,0.014237048336129534,0.9792403162639436,0.001069661883897519,0.0054529735160289685,2.577362189221446
156,31.220813875917276,0.625,0.2,0.5,0.5,0.013708548393558015,0.9792398618540545,0.0011215388142380026,0.005930050938149099,2.577362189221446
157,31.420947298198797,0.625,0.2,0.5,0.5,0.013201348999859662,0.9791716425753539,0.0011763208770416607,0.006450687547744361,2.577362189221446
158,31.621080720480318,0.625,0.2,0.5,0.5,0.012714720536769168,0.9790322035199438,0.0012341713692446967,0.007018904574041957,2.577362189221446
159,31.82121414276184,0.625,0.2,0.5,0.5,0.012247962487780924,0.9788176898500996,0.0012952622569226604,0.0076390854051963525,2.577362189221446
160,32.021347565043364,0.625,0.2,0.5,0.5,0.011800402792060462,0.9785238152413684,0.0013597743813811875,0.008316007585189491,2.577362189221446
161,32.22148098732488,0.625,0.2,0.5,0.5,0.011371397047919854,0.9781458322676034,0.0014278979029471212,0.00905487278152914,2.577362189221446
162,32.421614409606406,0.625,0.2,0.5,0.5,0.01096032784518041,0.977678498354325,0.001499832623392683,0.009861341177101402,2.577362189221446
163,32.62174783188792,0.625,0.2,0.5,0.5,0.010566604166632142,0.9771160368880272,0.0015757882848296105,0.010741570660510465,2.577362189221446
164,32.82188125416945,0.625,0.2,0.5,0.5,0.01018966069595371,0.9764521027531412,0.0016559849225144083,0.011702251628390191,2.577362189221446
165,33.022014676450965,0.625,0.2,0.5,0.5,0.009828957200857939,0.9756797426052477,0.0017406530837726349,0.012750647110121197,2.577362189221446
166,33.22214809873249,0.625,0.2,0.5,0.5,0.009483977916415665,0.9747913543493666,0.0018300339615856232,0.013894633772631542,2.577362189221446
167,33.42228152101401,0.625,0.2,0.5,0.5,0.009154230972672444,0.973778643208475,0.0019243798079592385,0.015142746010892784,2.577362189221446
168,33.62241494329553,0.625,0.2,0.5,0.5,0.008839247828287695,0.9726325817273287,0.0020239539020461376,0.016504216542336924,2.577362189221446
169,33.82254836557705,0.625,0.2,0.5,0.5,0.008538582725498305,0.9713433666775267,0.0021290305995365372,0.017989019997437874,2.577362189221446
170,34.02268178785857,0.625,0.2,0.5,0.5,0.008251812152888092,0.9699003705612781,0.0022398955463625906,0.019607921739470662,2.577362189221446
171,34.22281521014009,0.625,0.2,0.5,0.5,0.007978534308930271,0.9682921097625562,0.0023568453195428026,0.02137251060897024,2.577362189221446
172,34.422948632421615,0.625,0.2,0.5,0.5,0.007718368611311743,0.9665061958789839,0.0024801874330613997,0.023295248076642523,2.577362189221446
173,34.62308205470313,0.625,0.2,0.5,0.5,0.00747095521143904,0.9645292957041223,0.0026102400984380422,0.02538950898600019,2.577362189221446
174,34.82321547698466,0.625,0.2,0.5,0.5,0.007235954495354169,0.962347119167488,0.0027473313747231765,0.027669594962434003,2.577362189221446
175,35.023348899266175,0.625,0.2,0.5,0.5,0.007013046642366566,0.9599443651291005,0.0028917990493521222,0.030150789179180213,2.577362189221446
176,35.2234823215477,0.625,0.2,0.5,0.5,0.006801931163308033,0.9573047165210847,0.003043989636821151,0.032849362678785576,2.577362189221446
177,35.42361574382922,0.625,0.2,0.5,0.5,0.006602326448083119,0.954410847421319,0.0032042571510450552,0.035782568979552475,2.577362189221446
178,35.62374916611074,0.625,0.2,0.5,0.5,0.0064139693562923995,0.9512443895732279,0.0033729624273471023,0.03896867864313221,2.577362189221446
179,35.82388258839226,0.625,0.2,0.5,0.5,0.006236614797185271,0.9477859968514065,0.003550471075837539,0.04242691727557016,2.577362189221446
180,36.02401601067378,0.625,0.2,0.5,0.5,0.006070035328648044,0.9440153501951029,0.003737152213416901,0.046177462262831696,2.577362189221446
181,36.2241494329553,0.625,0.2,0.5,0.5,0.0059140207976632895,0.9399112355987785,0.0039333761461393,0.050241367457418425,2.577362189221446
182,36.424282855236825,0.625,0.2,0.5,0.5,0.005768377976309564,0.9354516206722675,0.004139512242305167,0.05464048910911732,2.577362189221446
183,36.62441627751834,0.625,0.2,0.5,0.5,0.005632930239908436,0.9306137729049241,0.004355926182165363,0.05939737067300159,2.577362189221446
184,36.82454969979987,0.625,0.2,0.5,0.5,0.005507517294086801,0.9253744117480183,0.004582977005886518,0.06453509395200799,2.577362189221446
185,37.024683122081385,0.625,0.2,0.5,0.5,0.005391994948106466,0.9197099055869244,0.004821013648346232,0.07007708581662228,2.577362189221446
186,37.22481654436291,0.625,0.2,0.5,0.5,0.005286234921135793,0.9135964780502323,0.005070371586739744,0.0760469154418916,2.577362189221446
187,37.42494996664443,0.625,0.2,0.5,0.5,0.0051901247543067585,0.9070104936668991,0.005331368761508496,0.08246801281728501,2.577362189221446
188,37.62508338892595,0.625,0.2,0.5,0.5,0.005103567777120302,0.8999287668281114,0.005604301448279792,0.08936336394648779,2.577362189221446
189,37.82521681120747,0.625,0.2,0.5,0.5,0.005026483210287089,0.8923289386411727,0.005889439802876614,0.09675513834566286,2.577362189221446
190,38.02535023348899,0.625,0.2,0.5,0.5,0.004958806371660334,0.8841898875162567,0.006187023400132339,0.1046642827119498,2.577362189221446
191,38.22548365577051,0.625,0.2,0.5,0.5,0.004900488983971006,0.8754921779620023,0.006497256695927501,0.11311007635809844,2.577362189221446
192,38.425617078052035,0.625,0.2,0.5,0.5,0.004851499699247837,0.8662185783594406,0.006820304500904103,0.12210961744040673,2.577362189221446
193,38.62575050033355,0.625,0.2,0.5,0.5,0.004811824756937979,0.8563545921917306,0.007156287850555503,0.13167729520077506,2.577362189221446
194,38.82588392261508,0.625,0.2,0.5,0.5,0.004781468723367732,0.8458890075196375,0.007505279982467944,0.14182424377452618,2.577362189221446
195,39.026017344896594,0.625,0.2,0.5,0.5,0.0047604556494242,0.8348145026977581,0.007867303366961346,0.15255773828585564,2.577362189221446
196,39.22615076717812,0.625,0.2,0.5,0.5,0.004748830182086277,0.8231282248104187,0.008242326925172565,0.16388061808232168,2.577362189221446
197,39.426284189459636,0.625,0.2,0.5,0.5,0.004746658815614581,0.810832280766291,0.008630265053245061,0.17579079536484854,2.577362189221446
198,39.62641761174116,0.625,0.2,0.5,0.5,0.004754031512761105,0.7979343179087597,0.00903097704103327,0.18828067353744518,2.577362189221446
199,39.82655103402268,0.625,0.2,0.5,0.5,0.004771063265672168,0.784447950786002,0.009444268433981842,0.20133671751434318,2.577362189221446
200,40.0266844563042,0.625,0.2,0.5,0.5,0.004797895766063487,0.7703931130932894,0.009869893979221205,0.21493909716142515,2.577362189221446
201,40.22681787858572,0.625,0.2,0.5,0.5,0.004834699127547216,0.7557963078835304,0.010307562280826337,0.22906143070809523,2.577362189221446
202,40.426951300867245,0.625,0.2,0.5,0.5,0.004881673558694156,0.740690719375465,0.0107569423527864,0.24367066471305365,2.577362189221446
203,40.62708472314876,0.625,0.2,0.5,0.5,0.004939050956265514,0.7251161716193625,0.011217672126682383,0.25872710529768883,2.577362189221446
204,40.82721814543029,0.625,0.2,0.5,0.5,0.005007096318133072,0.7091189102971133,0.011689368889272694,0.2741846244954802,2.577362189221446
205,41.027351567711804,0.625,0.2,0.5,0.5,0.005086108946669655,0.6927512161444193,0.01217164142128046,0.28999103348762983,2.577362189221446
206,41.22748498999333,0.625,0.2,0.5,0.5,0.0051764233719351314,0.676070839720099,0.012664103721407239,0.30608863318655793,2.577362189221446
207,41.427618412274846,0.625,0.2,0.5,0.5,0.005278409974358107,0.6591402627472438,0.013166390163544883,0.32241493711485236,2.577362189221446
208,41.62775183455637,0.625,0.2,0.5,0.5,0.005392475153444753,0.6420258129165188,0.013678171123214539,0.33890354080682106,2.577362189221446
209,41.82788525683789,0.625,0.2,0.5,0.5,0.005519061216302334,0.6247966373618948,0.01419916964115438,0.35548513178064756,2.577362189221446
210,42.02801867911941,0.625,0.2,0.5,0.5,0.00565864578886997,0.607523598132511,0.014729177463449561,0.3720885786151685,2.577362189221446
211,42.22815210140093,0.625,0.2,0.5,0.5,0.005811740906869089,0.5902781022334982,0.015268070874481725,0.38864208598515004,2.577362189221446
212,42.428285523682455,0.625,0.2,0.5,0.5,0.005978891703773522,0.5731308886240823,0.015815825673154912,0.4050743939989883,2.577362189221446
213,42.62841894596397,0.625,0.2,0.5,0.5,0.006160674830478551,0.556150899678164,0.01637252993528629,0.42131589555607024,2.577362189221446
214,42.8285523682455,0.625,0.2,0.5,0.5,0.006357696583860805,0.5394041449678402,0.016938395810806584,0.43729976263749154,2.577362189221446
215,43.028685790527014,0.625,0.2,0.5,0.5,0.006570590843859731,0.5229527136144473,0.017513768442542873,0.4529629270991492,2.577362189221446
216,43.22881921280854,0.625,0.2,0.5,0.5,0.006800016921574468,0.5068539187965558,0.018099132600165598,0.46824693168170317,2.577362189221446
217,43.428952635090056,0.625,0.2,0.5,0.5,0.007046657248932671,0.49115955421997715,0.01869511706368439,0.4830986714674048,2.577362189221446
218,43.62908605737158,0.625,0.2,0.5,0.5,0.007311215182475364,0.47591538211436346,0.019302495955252214,0.497470906747908,2.577362189221446
219,43.8292194796531,0.625,0.2,0.5,0.5,0.007594412782879126,0.46116074470101825,0.019922188065971163,0.5113226544501306,2.577362189221446
220,44.02935290193462,0.625,0.2,0.5,0.5,0.007896988715488842,0.44692837953275566,0.020555253516053355,0.5246193782357013,2.577362189221446
221,44.22948632421614,0.625,0.2,0.5,0.5,0.008219696379981076,0.4332443928377781,0.02120288865976725,0.5373330221224727,2.577362189221446
222,44.429619746497664,0.625,0.2,0.5,0.5,0.008563302172180124,0.42012837010704307,0.021866419194759533,0.5494419085260164,2.577362189221446
223,44.62975316877918,0.625,0.2,0.5,0.5,0.008928583919165388,0.4075936624085016,0.022547291128911257,0.5609304625434207,2.577362189221446
224,44.829886591060706,0.625,0.2,0.5,0.5,0.009316329570411104,0.3956477494450447,0.02324706117962828,0.571788859804915,2.577362189221446
225,45.030020013342224,0.625,0.2,0.5,0.5,0.009727336409006799,0.38429261188231867,0.023967388158383836,0.5820126635502897,2.577362189221446
226,45.23015343562375,0.625,0.2,0.5,0.5,0.01016241013086423,0.37352531965116664,0.02471002035701782,0.5916022498609503,2.577362189221446
227,45.430286857905266,0.625,0.2,0.5,0.5,0.010622364373002225,0.3633385927388627,0.025476784440907455,0.6005622584472267,2.577362189221446
228,45.63042028018679,0.625,0.2,0.5,0.5,0.011108020464120006,0.3537212980581279,0.026269575748875524,0.6089011057288756,2.577362189221446
229,45.83055370246831,0.625,0.2,0.5,0.5,0.011620207353423315,0.3446590643497325,0.027090346767691245,0.6166303815291521,2.577362189221446
230,46.03068712474983,0.625,0.2,0.5,0.5,0.012159761779121892,0.33613483066024286,0.02794109693641718,0.6237643106242171,2.577362189221446
231,46.23082054703135,0.625,0.2,0.5,0.5,0.012727528662306446,0.32812935869773124,0.028823862881511043,0.6303192497584503,2.577362189221446
232,46.430953969312874,0.625,0.2,0.5,0.5,0.013324361578474955,0.3206217397063842,0.02974070906072414,0.6363131896544159,2.577362189221446
233,46.63108739159439,0.625,0.2,0.5,0.5,0.013951123274803669,0.31358983241303867,0.03069371936103029,0.6417653249511265,2.577362189221446
234,46.831220813875916,0.625,0.2,0.5,0.5,0.014608686433216472,0.3070106737241918,0.03168498893542921,0.6466956509071616,2.577362189221446
235,47.03135423615743,0.625,0.2,0.5,0.5,0.015297934410314578,0.3008608369947335,0.03271661685239051,0.6511246117425605,2.577362189221446
236,47.23148765843896,0.625,0.2,0.5,0.5,0.016019761928961918,0.29511674028853335,0.0337906993313793,0.6550727984511245,2.577362189221446
237,47.431621080720475,0.625,0.2,0.5,0.5,0.01677507586195206,0.28975491686314286,0.03490932343738545,0.6585606838375189,2.577362189221446
238,47.631754503002,0.625,0.2,0.5,0.5,0.017564795832115187,0.284752231560529,0.03607456129997469,0.6616084113073804,2.577362189221446
239,47.83188792528352,0.625,0.2,0.5,0.5,0.018389854856771946,0.2800860700386508,0.03728846464681864,0.6642356104577578,2.577362189221446
240,48.03202134756504,0.625,0.2,0.5,0.5,0.019251199844942068,0.2757344813184251,0.03855305976586017,0.6664612590707719,2.577362189221446
241,48.23215476984656,0.625,0.2,0.5,0.5,0.020149791900856993,0.2716762972847741,0.03987034257405047,0.6683035682403177,2.577362189221446
242,48.432288192128084,0.625,0.2,0.5,0.5,0.021086606580236714,0.26789121041654934,0.041242274112656796,0.6697799088905563,2.577362189221446
243,48.6324216144096,0.625,0.2,0.5,0.5,0.022062633856443997,0.2643598442243275,0.04267077583240569,0.670906746086822,2.577362189221446
244,48.832555036691126,0.625,0.2,0.5,0.5,0.023078878031191713,0.261063781376005,0.044157725318159716,0.6716996152746427,2.577362189221446
245,49.03268845897264,0.625,0.2,0.5,0.5,0.024136357345527375,0.25798559517621533,0.04570495161604454,0.672173095862212,2.577362189221446
246,49.23282188125417,0.625,0.2,0.5,0.5,0.025236103473295943,0.2551088467137708,0.04731423087455542,0.672340818938377,2.577362189221446
247,49.432955303535685,0.625,0.2,0.5,0.5,0.026379160749626106,0.2524180835129534,0.04898728164381278,0.6722154740936068,2.577362189221446
248,49.63308872581721,0.625,0.2,0.5,0.5,0.027566585243793854,0.24989882162513988,0.05072576017431807,0.6718088329567473,2.577362189221446
249,49.83322214809873,0.625,0.2,0.5,0.5,0.02879944360746705,0.2475375180963403,0.05253125557721516,0.6711317827189766,2.577362189221446
250,50.03335557038025,0.625,0.2,0.5,0.5,0.0300788117694078,0.24532153962887615,0.05440528479531237,0.6701943638064027,2.577362189221446
251,50.23348899266177,0.625,0.2,0.5,0.5,0.03140577342159283,0.2432391385186689,0.05634928719205559,0.6690058008676818,2.577362189221446
252,50.433622414943294,0.625,0.2,0.5,0.5,0.03278141829583107,0.24127940895246905,0.05836461920838026,0.6675745535433187,2.577362189221446
253,50.63375583722481,0.625,0.2,0.5,0.5,0.03420684031538141,0.23943223405178737,0.0604525490189799,0.6659083766138504,2.577362189221446
254,50.833889259506336,0.625,0.2,0.5,0.5,0.03568313551148581,0.23768826534580018,0.06261425035530346,0.6640143487874096,2.577362189221446
255,51.03402268178785,0.625,0.2,0.5,0.5,0.037211400013390065,0.23603886248776754,0.06485079694136897,0.6618989405574724,2.577362189221446
256,51.23415610406938,0.625,0.2,0.5,0.5,0.0387927276727395,0.2344760659149657,0.06716315611075103,0.6595680503015429,2.577362189221446
257,51.4342895263509,0.625,0.2,0.5,0.5,0.04042820777892352,0.23299254838212485,0.069552182706423,0.6570270611325277,2.577362189221446
258,51.63442294863242,0.625,0.2,0.5,0.5,0.042118922598386774,0.23158158007610968,0.07201861262764175,0.6542808846978608,2.577362189221446
259,51.834556370913944,0.625,0.2,0.5,0.5,0.0438659447307648,0.23023698751911612,0.07456305663077911,0.651334011119339,2.577362189221446
260,52.03468979319546,0.625,0.2,0.5,0.5,0.04567033446020913,0.2289531173159692,0.07718599391584699,0.6481905543079737,2.577362189221446
261,52.234823215476986,0.625,0.2,0.5,0.5,0.047533137168623285,0.22772480195684633,0.07988776567489653,0.6448542951996329,2.577362189221446
262,52.4349566377585,0.625,0.2,0.5,0.5,0.049455380671161696,0.2265473265311141,0.08266856875467458,0.6413287240430487,2.577362189221446
263,52.63509006004003,0.625,0.2,0.5,0.5,0.05143807242928152,0.22541639746729628,0.08552844945379146,0.6376170806496299,2.577362189221446
264,52.835223482321545,0.625,0.2,0.5,0.5,0.05348219680397541,0.22432811156460028,0.08846729751516563,0.6337223941162577,2.577362189221446
265,53.03535690460307,0.625,0.2,0.5,0.5,0.05558871235719082,0.22327892941155422,0.09148484018413143,0.6296475180471226,2.577362189221446
266,53.23549032688459,0.625,0.2,0.5,0.5,0.05775854909843833,0.2222656478650744,0.0945806366707033,0.625395166365783,2.577362189221446
267,53.43562374916611,0.625,0.2,0.5,0.5,0.05999260582882705,0.22128537812751983,0.09775407266693317,0.6209679433767189,2.577362189221446
268,53.63575717144763,0.625,0.2,0.5,0.5,0.06229174744976969,0.2203355208343014,0.10100435549929845,0.6163683762166293,2.577362189221446
269,53.835890593729154,0.625,0.2,0.5,0.5,0.06465680229978418,0.21941374228715083,0.10433050964434026,0.6115989457687236,2.577362189221446
270,54.03602401601067,0.625,0.2,0.5,0.5,0.0670885595923192,0.21851795991868384,0.10773137201228078,0.6066621084767151,2.577362189221446
271,54.236157438292196,0.625,0.2,0.5,0.5,0.06958776686135004,0.21764631950251062,0.11120558890230343,0.6015603247338348,2.577362189221446
272,54.43629086057371,0.625,0.2,0.5,0.5,0.07215512743978755,0.21679717737090054,0.1147516127940988,0.596296082395212,2.577362189221446
273,54.63642428285524,0.625,0.2,0.5,0.5,0.07479129794551498,0.21596908795933095,0.11836769870788169,0.5908719153872712,2.577362189221446
274,54.836557705136755,0.625,0.2,0.5,0.5,0.07749688596751411,0.21516078507407244,0.12205190352202423,0.5852904254363881,2.577362189221446
275,55.03669112741828,0.625,0.2,0.5,0.5,0.08027244766168758,0.21437116902238862,0.12580208398957646,0.5795542993263463,2.577362189221446
276,55.2368245496998,0.625,0.2,0.5,0.5,0.08311848536577987,0.21359929541267503,0.12961589507625068,0.5736663241452935,2.577362189221446
277,55.43695797198132,0.625,0.2,0.5,0.5,0.08603544530463605,0.21284435966198118,0.13349079124008106,0.5676294037933007,2.577362189221446
278,55.63709139426284,0.625,0.2,0.5,0.5,0.08902371534224507,0.21210568781399208,0.13742402604211215,0.5614465708016497,2.577362189221446
279,55.837224816544364,0.625,0.2,0.5,0.5,0.09208362274295244,0.2113827268553146,0.14141265299046668,0.5551209974112654,2.577362189221446
280,56.03735823882588,0.625,0.2,0.5,0.5,0.09521543179177726,0.21067503222121003,0.145453528396016,0.5486560075909959,2.577362189221446
281,56.237491661107406,0.625,0.2,0.5,0.5,0.09841934171652582,0.20998226121649818,0.14954331310408306,0.5420550839628921,2.577362189221446
282,56.43762508338892,0.625,0.2,0.5,0.5,0.10169548444487601,0.2093041646211861,0.15367847572731536,0.5353218752066218,2.577362189221446
283,56.63775850567045,0.625,0.2,0.5,0.5,0.10504392212964245,0.20864057691050963,0.1578552969929017,0.5284602039669454,2.577362189221446
284,56.837891927951965,0.625,0.2,0.5,0.5,0.10846464517433281,0.20799141151909983,0.16206987389063013,0.5214740694159363,2.577362189221446
285,57.03802535023349,0.625,0.2,0.5,0.5,0.11195756982663117,0.20735665347309964,0.16631812494595496,0.5143676517543134,2.577362189221446
286,57.23815877251501,0.625,0.2,0.5,0.5,0.11552253564562164,0.2067363520378861,0.17059579608134587,0.5071453162351456,2.577362189221446
287,57.43829219479653,0.625,0.2,0.5,0.5,0.11915930363436475,0.20613061809996797,0.17489846722602134,0.49981161103964505,2.577362189221446
288,57.63842561707805,0.625,0.2,0.5,0.5,0.12286755382256659,0.20553961891817468,0.17922155948738208,0.49237126777187573,2.577362189221446
289,57.83855903935957,0.625,0.2,0.5,0.5,0.12664688221852838,0.20496356985621927,0.18356034220052705,0.4848292057247244,2.577362189221446
290,58.03869246164109,0.625,0.2,0.5,0.5,0.13049679878877338,0.20440273286768298,0.18790994175462084,0.47719052658892186,2.577362189221446
291,58.238825883922615,0.625,0.2,0.5,0.5,0.13441672518882952,0.20385741419919107,0.19226535082256685,0.4694605097894116,2.577362189221446
292,58.43895930620413,0.625,0.2,0.5,0.5,0.1384059920799291,0.2033279598371793,0.19662143724201642,0.4616446108408742,2.577362189221446
293,58.63909272848566,0.625,0.2,0.5,0.5,0.14246383642062949,0.20281475078518052,0.20097295272833487,0.4537484600658541,2.577362189221446
294,58.839226150767175,0.625,0.2,0.5,0.5,0.14658939916292835,0.2023182036615866,0.20531454527608578,0.4457778518993983,2.577362189221446
295,59.0393595730487,0.625,0.2,0.5,0.5,0.15078172259866995,0.20183876798201253,0.20964076972338153,0.43773873969593496,2.577362189221446
296,59.23949299533022,0.625,0.2,0.5,0.5,0.155039748048779,0.20137692218603806,0.21394609739358178,0.42963723237160006,2.577362189221446
297,59.43962641761174,0.625,0.2,0.5,0.5,0.159362313143632,0.2009331734434189,0.2182249289737074,0.42147958443924066,2.577362189221446
298,59.63975983989326,0.625,0.2,0.5,0.5,0.16374814913607016,0.20050805740310534,0.2224716075635038,0.41327218589731957,2.577362189221446
299,59.83989326217478,0.625,0.2,0.5,0.5,0.1681958787128212,0.20010213635302512,0.2266804305780571,0.4050215543560955,2.577362189221446
300,60.0400266844563,0.625,0.2,0.5,0.5,0.17270401440613126,0.19971599685331967,0.23084566128475306,0.3967343274557949,2.577362189221446
301,60.240160106737825,0.625,0.2,0.5,0.5,0.17727095505514032,0.19935025176199653,0.2349615445332038,0.3884172486496582,2.577362189221446
302,60.44029352901934,0.625,0.2,0.5,0.5,0.18189498377313174,0.1990055395359991,0.23902232016193797,0.3800771565289301,2.577362189221446
303,60.64042695130087,0.625,0.2,0.5,0.5,0.18657426744112646,0.1986825224334263,0.2430222355368285,0.3717209745886176,2.577362189221446
304,60.840560373582385,0.625,0.2,0.5,0.5,0.19130685401433276,0.19838188753934044,0.24695556088742873,0.3633556975588969,2.577362189221446
305,61.04069379586391,0.625,0.2,0.5,0.5,0.19609066997605815,0.1981043479627373,0.25081660496939073,0.35498837709181263,2.577362189221446
306,61.24082721814543,0.625,0.2,0.5,0.5,0.2009235196406992,0.19785064246214576,0.25459972941970943,0.34662610847744435,2.577362189221446
307,61.44096064042695,0.625,0.2,0.5,0.5,0.20580308585760315,0.1976215342122004,0.2582993624582765,0.3382760174719187,2.577362189221446
308,61.64109406270847,0.625,0.2,0.5,0.5,0.21072692632289564,0.19741781385736684,0.2619100168032088,0.3299452430165275,2.577362189221446
309,61.84122748498999,0.625,0.2,0.5,0.5,0.2156924733103457,0.1972402998063986,0.26542630512743076,0.32164092175582376,2.577362189221446
310,62.04136090727151,0.625,0.2,0.5,0.5,0.22069703568787558,0.19708983710426559,0.26884295362177707,0.3133701735860806,2.577362189221446
311,62.241494329553035,0.625,0.2,0.5,0.5,0.2257377977905854,0.19696729908965685,0.2721548191863722,0.30514008393338443,2.577362189221446
312,62.44162775183455,0.625,0.2,0.5,0.5,0.23081181833367465,0.19687358932528662,0.27535690707071064,0.29695768527032695,2.577362189221446
313,62.64176117411608,0.625,0.2,0.5,0.5,0.2359160319708039,0.19680964175083407,0.27844438607086586,0.28882994020749503,2.577362189221446
314,62.841894596397594,0.625,0.2,0.5,0.5,0.2410472537343581,0.1967764188653855,0.28141259982673805,0.28076372757351714,2.577362189221446
315,63.04202801867912,0.625,0.2,0.5,0.5,0.24620217705123873,0.1967749152828616,0.2842570880551091,0.27276581961078933,2.577362189221446
316,63.242161440960636,0.625,0.2,0.5,0.5,0.2513773760087259,0.19680615823937597,0.2869736021908625,0.26484286356103437,2.577362189221446
317,63.44229486324216,0.625,0.2,0.5,0.5,0.25656930921343196,0.19687120698917315,0.2895581175206783,0.25700136627671527,2.577362189221446
318,63.64242828552368,0.625,0.2,0.5,0.5,0.2617743241072439,0.19697115209860444,0.2920068447262058,0.24924767906794454,2.577362189221446
319,63.8425617078052,0.625,0.2,0.5,0.5,0.2669886575822143,0.19710711839556017,0.2943162522149135,0.24158797180731076,2.577362189221446
320,64.04269513008673,0.625,0.2,0.5,0.5,0.2722084407225772,0.19728026454045836,0.296483078325719,0.23402821641124413,2.577362189221446
321,64.24282855236824,0.625,0.2,0.5,0.5,0.2774297049234128,0.19749178108519733,0.2985043358958364,0.22657417809555222,2.577362189221446
322,64.44296197464976,0.625,0.2,0.5,0.5,0.28264838588225294,0.19774289157227634,0.3003773298307485,0.21923139271472097,2.577362189221446
323,64.64309539693129,0.625,0.2,0.5,0.5,0.2878603283051565,0.1980348532321255,0.3020996729447393,0.2120051455179774,2.577362189221446
324,64.84322881921281,0.625,0.2,0.5,0.5,0.29306129222225025,0.19836895592253748,0.303669293459417,0.20490045839579402,2.577362189221446
325,65.04336224149432,0.625,0.2,0.5,0.5,0.29824695991038086,0.1987465196472592,0.30508443300244387,0.19792208743991485,2.577362189221446
326,65.24349566377585,0.625,0.2,0.5,0.5,0.3034129420495219,0.19916889593810008,0.3063436684675282,0.19107449354484857,2.577362189221446
327,65.44362908605737,0.625,0.2,0.5,0.5,0.3085547851161613,0.19963746660591336,0.307445917866503,0.184361830411421,2.577362189221446
328,65.6437625083389,0.625,0.2,0.5,0.5,0.31366797853075457,0.20015364170767802,0.3083904390410939,0.17778794072047216,2.577362189221446
329,65.8438959306204,0.625,0.2,0.5,0.5,0.31874796225315044,0.20071885755261404,0.30917682885192543,0.17135635134230875,2.577362189221446
330,66.04402935290193,0.625,0.2,0.5,0.5,0.32379013618356617,0.20133457648134842,0.3098050386126835,0.1650702487224006,2.577362189221446
331,66.24416277518345,0.625,0.2,0.5,0.5,0.3287898685675655,0.2020022845471549,0.3102753712507638,0.15893247563451446,2.577362189221446
332,66.44429619746498,0.625,0.2,0.5,0.5,0.3337425025263999,0.20272348867563672,0.3105884701265756,0.15294553867138644,2.577362189221446
333,66.64442961974649,0.625,0.2,0.5,0.5,0.3386433667687669,0.20349971485411983,0.31074532342085803,0.14711159495625384,2.577362189221446
334,66.84456304202801,0.625,0.2,0.5,0.5,0.3434877858215527,0.204332505845473,0.3107472633691668,0.14143244496380614,2.577362189221446
335,67.04469646430954,0.625,0.2,0.5,0.5,0.34827108849540583,0.20522341832723023,0.3105959573643298,0.13590953581303286,2.577362189221446
336,67.24482988659106,0.625,0.2,0.5,0.5,0.35298861378529867,0.20617401993130158,0.3102933937160341,0.13054397256736439,2.577362189221446
337,67.44496330887257,0.625,0.2,0.5,0.5,0.35763572509544916,0.20718588621240686,0.30984188030394033,0.12533650838820246,2.577362189221446
338,67.6450967311541,0.625,0.2,0.5,0.5,0.36220781938158464,0.20826059732460367,0.3092440320630054,0.12028755123080509,2.577362189221446
339,67.84523015343562,0.625,0.2,0.5,0.5,0.36670033385191525,0.20939973496742276,0.3085027576959194,0.11539717348474139,2.577362189221446
340,68.04536357571715,0.625,0.2,0.5,0.5,0.3711087542861247,0.21060487898051689,0.3076212453894176,0.11066512134393959,2.577362189221446
341,68.24549699799866,0.625,0.2,0.5,0.5,0.37542862905263014,0.21187760300785272,0.30660294780484715,0.10609082013466876,2.577362189221446
342,68.44563042028018,0.625,0.2,0.5,0.5,0.3796555769848692,0.2132194708453647,0.3054515649350787,0.10167338723468623,2.577362189221446
343,68.6457638425617,0.625,0.2,0.5,0.5,0.38378529147472895,0.21463203369980677,0.3041710326539914,0.09741164217147155,2.577362189221446
344,68.84589726484323,0.625,0.2,0.5,0.5,0.38781355308713306,0.2161168252753102,0.3027654991005952,0.09330412253696035,2.577362189221446
345,69.04603068712474,0.625,0.2,0.5,0.5,0.39173623943709074,0.2176753573483637,0.30123930302908564,0.08934910018545868,2.577362189221446
346,69.24616410940627,0.625,0.2,0.5,0.5,0.395549331806691,0.21930911608875198,0.299596956958998,0.0855445951455578,2.577362189221446
347,69.44629753168779,0.625,0.2,0.5,0.5,0.3992489188226022,0.22101955926064945,0.29784313813503227,0.08188838378171487,2.577362189221446
348,69.64643095396931,0.625,0.2,0.5,0.5,0.4028312098058361,0.22280811010308554,0.2959826516366075,0.07837802845446964,2.577362189221446
349,69.84656437625083,0.625,0.2,0.5,0.5,0.4062925410703759,0.22467615335168567,0.2940204111614167,0.07501089441652055,2.577362189221446
350,70.04669779853235,0.625,0.2,0.5,0.5,0.4096293801631242,0.22662503208772813,0.29196142945943904,0.07178415828970744,2.577362189221446
351,70.24683122081387,0.625,0.2,0.5,0.5,0.4128383319328361,0.2286560436447593,0.2898107990418575,0.06869482538054589,2.577362189221446
352,70.4469646430954,0.625,0.2,0.5,0.5,0.4159161478291605,0.23077043394822055,0.2875736564153326,0.06573976180728515,2.577362189221446
353,70.64709806537691,0.625,0.2,0.5,0.5,0.41885973046029257,0.2329693937397148,0.2852551664061091,0.06291570939388237,2.577362189221446
354,70.84723148765843,0.625,0.2,0.5,0.5,0.4216661364865921,0.23525405573497737,0.2828605185080439,0.060219289270385445,2.577362189221446
355,71.04736490993996,0.625,0.2,0.5,0.5,0.42433258262415374,0.23762548975577213,0.28039489920321226,0.057647028416860716,2.577362189221446
356,71.24749833222148,0.625,0.2,0.5,0.5,0.42685645029128416,0.24008469846906375,0.2778634718508627,0.055195379388788296,2.577362189221446
357,71.44763175450299,0.625,0.2,0.5,0.5,0.4292352907781087,0.24263261321045806,0.2752713604068462,0.05286073560458598,2.577362189221446
358,71.64776517678452,0.625,0.2,0.5,0.5,0.431466828292059,0.24527009003234124,0.2726236325030516,0.05063944917254703,2.577362189221446
359,71.84789859906604,0.625,0.2,0.5,0.5,0.43354896314757674,0.2479979057327911,0.2699252833997492,0.048527847719881834,2.577362189221446
360,72.04803202134757,0.625,0.2,0.5,0.5,0.4354797730582727,0.2508167551131341,0.26718123211510864,0.04652223971348343,2.577362189221446
361,72.24816544362908,0.625,0.2,0.5,0.5,0.437257516369445,0.25372724661697954,0.2643963025465506,0.044618934467023634,2.577362189221446
362,72.4482988659106,0.625,0.2,0.5,0.5,0.4388806341745634,0.25672989857063844,0.26157521050528104,0.0428142567495159,2.577362189221446
363,72.64843228819213,0.625,0.2,0.5,0.5,0.4403477529113825,0.25982513590002604,0.25872255577110564,0.04110455541748461,2.577362189221446
364,72.84856571047365,0.625,0.2,0.5,0.5,0.44165768498578317,0.26301328663135054,0.2558428120484552,0.03948621633440993,2.577362189221446
365,73.04869913275516,0.625,0.2,0.5,0.5,0.44280942966635933,0.2662945785301612,0.2529403185633932,0.037955673240085065,2.577362189221446
366,73.24883255503669,0.625,0.2,0.5,0.5,0.44380217511345993,0.2696691360619013,0.2500192740377626,0.036509414786874986,2.577362189221446
367,73.44896597731821,0.625,0.2,0.5,0.5,0.44463529832920023,0.2731369771361118,0.2470837301992811,0.03514399433540563,2.577362189221446
368,73.64909939959973,0.625,0.2,0.5,0.5,0.44530836525150386,0.27669801009899647,0.24413758689457427,0.0338560377549241,2.577362189221446
369,73.84923282188124,0.625,0.2,0.5,0.5,0.44582113027602194,0.28035203179199514,0.24118458960631275,0.03264224832566891,2.577362189221446
370,74.04936624416277,0.625,0.2,0.5,0.5,0.44617353601539406,0.28409872447308365,0.2382283265446372,0.03149941296688386,2.577362189221446
371,74.2494996664443,0.625,0.2,0.5,0.5,0.446365712611793,0.2879376532786193,0.23527222710018603,0.03042440700940048,2.577362189221446
372,74.44963308872582,0.625,0.2,0.5,0.5,0.44639797809827597,0.2918682642540035,0.23231955852856165,0.029414199119157686,2.577362189221446
373,74.64976651100733,0.625,0.2,0.5,0.5,0.44627083652953115,0.29588988212063283,0.2293734277563504,0.02846585359348438,2.577362189221446
374,74.84989993328885,0.625,0.2,0.5,0.5,0.44598497649039687,0.30000170834915235,0.2264367826413696,0.02757653251907995,2.577362189221446
375,75.05003335557038,0.625,0.2,0.5,0.5,0.4455412697359236,0.30420282023759276,0.22351241090403867,0.026743499122443736,2.577362189221446
376,75.2501667778519,0.625,0.2,0.5,0.5,0.44494076930999027,0.3084921689908981,0.22060294405571956,0.025964117643390856,2.577362189221446
377,75.45030020013341,0.625,0.2,0.5,0.5,0.44418470744382665,0.3128685784028684,0.2177108608012422,0.02523585335206147,2.577362189221446
378,75.65043362241494,0.625,0.2,0.5,0.5,0.4432744934686423,0.3173307447736781,0.21483848661287402,0.02455627514480434,2.577362189221446
379,75.85056704469646,0.625,0.2,0.5,0.5,0.4422117111912911,0.3218772359916759,0.21198799883314365,0.023923053983888096,2.577362189221446
380,76.05070046697799,0.625,0.2,0.5,0.5,0.4409981160139468,0.32650649080710004,0.2091614326098009,0.023333960569151106,2.577362189221446
381,76.2508338892595,0.625,0.2,0.5,0.5,0.4396356320662945,0.331216819443432,0.20636068185816958,0.022786866632102654,2.577362189221446
382,76.45096731154102,0.625,0.2,0.5,0.5,0.4381263489745936,0.3360064039050165,0.20358750362112082,0.022279743499267854,2.577362189221446
383,76.65110073382255,0.625,0.2,0.5,0.5,0.43647251828744793,0.34087329799245386,0.20084352587162801,0.021810657848468973,2.577362189221446
384,76.85123415610407,0.625,0.2,0.5,0.5,0.4346765496394854,0.34581542875327637,0.1981302500428432,0.02137777156439383,2.577362189221446
385,77.0513675783856,0.625,0.2,0.5,0.5,0.432741006587369,0.35083059816089146,0.19544905439380142,0.020979340857936866,2.577362189221446
386,77.2515010006671,0.625,0.2,0.5,0.5,0.4306686025535724,0.3559164839140078,0.19280120275897297,0.020613710773445496,2.577362189221446
387,77.45163442294863,0.625,0.2,0.5,0.5,0.4284621961686958,0.36107064177726134,0.19018784802026895,0.020279314033772686,2.577362189221446
388,77.65176784523015,0.625,0.2,0.5,0.5,0.4261247863649563,0.3662905083740265,0.1876100347743714,0.019974670486644554,2.577362189221446
389,77.85190126751168,0.625,0.2,0.5,0.5,0.4236595074165216,0.3715734032179412,0.18506870807957204,0.019698381285964017,2.577362189221446
390,78.05203468979319,0.625,0.2,0.5,0.5,0.42106962354593036,0.3769165319353843,0.18256471758657383,0.019449126932110428,2.577362189221446
391,78.25216811207471,0.625,0.2,0.5,0.5,0.41835852316511535,0.38231699002628533,0.18009882029115704,0.01922566651744125,2.577362189221446
392,78.45230153435624,0.625,0.2,0.5,0.5,0.41552971312471393,0.3877717662424169,0.17767168807442546,0.01902683255844262,2.577362189221446
393,78.65243495663776,0.625,0.2,0.5,0.5,0.4125868125508818,0.393277746737879,0.1752839123004703,0.018851528410767843,2.577362189221446
394,78.85256837891927,0.625,0.2,0.5,0.5,0.40953354652609947,0.3988317195372929,0.17293600674215245,0.018698727194454142,2.577362189221446
395,79.0527018012008,0.625,0.2,0.5,0.5,0.4063737393753722,0.40443037930670145,0.1706284137637015,0.018567467554223834,2.577362189221446
396,79.25283522348232,0.625,0.2,0.5,0.5,0.4031113077767201,0.4100703324610724,0.16836150901213875,0.018456850750067696,2.577362189221446
397,79.45296864576385,0.625,0.2,0.5,0.5,0.39975025406531556,0.4157481021726919,0.16613560450678397,0.018366039255207463,2.577362189221446
398,79.65310206804536,0.625,0.2,0.5,0.5,0.3962946587311664,0.4214601342690565,0.16395095352535363,0.018294253474422314,2.577362189221446
399,79.85323549032688,0.625,0.2,0.5,0.5,0.39274867278352515,0.4272028033498445,0.16180775507924536,0.018240768787383798,2.577362189221446
400,80.0533689126084,0.625,0.2,0.5,0.5,0.3891165107432975,0.43297241826227884,0.159706157105764,0.01820491388865848,2.577362189221446
401,80.25350233488993,0.625,0.2,0.5,0.5,0.385402442756594,0.4387652286250886,0.15764626031582996,0.01818606830248626,2.577362189221446
402,80.45363575717144,0.625,0.2,0.5,0.5,0.3816107862029814,0.44457743198347704,0.1556281221941994,0.018183659619341007,2.577362189221446
403,80.65376917945296,0.625,0.2,0.5,0.5,0.3777458984563679,0.45040517971308575,0.15365176008231102,0.018197161748234162,2.577362189221446
404,80.85390260173449,0.625,0.2,0.5,0.5,0.3738121691606096,0.4562445835305532,0.1517171543235187,0.01822609298531729,2.577362189221446
405,81.05403602401601,0.625,0.2,0.5,0.5,0.3698140110696136,0.4620917236799947,0.14982425165620497,0.018270013594185532,2.577362189221446
406,81.25416944629752,0.625,0.2,0.5,0.5,0.3657558526782033,0.46794265516260913,0.14797296803086968,0.018328524128316686,2.577362189221446
407,81.45430286857905,0.625,0.2,0.5,0.5,0.36164213108963683,0.47379341376254946,0.1461631913451369,0.018401263802675722,2.577362189221446
408,81.65443629086057,0.625,0.2,0.5,0.5,0.3574772823322637,0.4796400249856394,0.14439478413591528,0.018487908546180463,2.577362189221446
409,81.8545697131421,0.625,0.2,0.5,0.5,0.35326573400478617,0.48547851045620316,0.14266758606269497,0.018588169476314614,2.577362189221446
410,82.05470313542361,0.625,0.2,0.5,0.5,0.349011898884467,0.491304893311882,0.14098141636433342,0.018701791439316464,2.577362189221446
411,82.25483655770513,0.625,0.2,0.5,0.5,0.3447201652762711,0.4971152072665346,0.13933607592209282,0.01882855153510037,2.577362189221446
412,82.45496997998666,0.625,0.2,0.5,0.5,0.3403948897653784,0.5029055030751082,0.13773134936696968,0.01896825779254256,2.577362189221446
413,82.65510340226818,0.625,0.2,0.5,0.5,0.3360403916091313,0.5086718532698506,0.13616700726835845,0.019120747852658455,2.577362189221446
414,82.85523682454969,0.625,0.2,0.5,0.5,0.331660943719264,0.514410360684284,0.13464280772724124,0.019285887869209577,2.577362189221446
415,83.05537024683122,0.625,0.2,0.5,0.5,0.3272607657531902,0.52011716473248,0.13315849810130448,0.019463571413024183,2.577362189221446
416,83.25550366911274,0.625,0.2,0.5,0.5,0.3228440196754012,0.5257884450726508,0.13171381699893142,0.019653718253015526,2.577362189221446
417,83.45563709139427,0.625,0.2,0.5,0.5,0.31841480112629045,0.5314204298696154,0.13030849540591438,0.01985627359817877,2.577362189221446
418,83.65577051367578,0.625,0.2,0.5,0.5,0.31397713284101814,0.5370094018955798,0.12894225800613726,0.020071207257263753,2.577362189221446
419,83.8559039359573,0.625,0.2,0.5,0.5,0.30953495880285503,0.542551703893351,0.12761482447033992,0.020298512833453033,2.577362189221446
420,84.05603735823883,0.625,0.2,0.5,0.5,0.3050921406708907,0.5480437415455433,0.12632591107203944,0.02053820671152555,2.577362189221446
421,84.25617078052035,0.625,0.2,0.5,0.5,0.3006524541669935,0.5534819865433909,0.12507523212281438,0.020790327166800147,2.577362189221446
422,84.45630420280186,0.625,0.2,0.5,0.5,0.2962195809190277,0.5588629846092454,0.12386250027184366,0.021054934199881997,2.577362189221446
423,84.65643762508338,0.625,0.2,0.5,0.5,0.2917971060517983,0.5641833573773819,0.12268742784414084,0.0213321087266778,2.577362189221446
424,84.85657104736491,0.625,0.2,0.5,0.5,0.2873885141681456,0.5694398060893299,0.12154972774088088,0.02162195200164262,2.577362189221446
425,85.05670446964643,0.625,0.2,0.5,0.5,0.2829971813364847,0.574629119811647,0.12044911385703665,0.021924584994830576,2.577362189221446
426,85.25683789192794,0.625,0.2,0.5,0.5,0.27862637695820547,0.579748172731947,0.11938530232403409,0.022240147985812416,2.577362189221446
427,85.45697131420947,0.625,0.2,0.5,0.5,0.27427926078829606,0.5847939269301855,0.11835801219714168,0.02256880008437586,2.577362189221446
428,85.657104736491,0.625,0.2,0.5,0.5,0.2699588806044337,0.5897634345082493,0.1173669661071978,0.022910718780118355,2.577362189221446
429,85.85723815877252,0.625,0.2,0.5,0.5,0.2656681667267003,0.5946538431969687,0.1164118905256734,0.023266099550656796,2.577362189221446
430,86.05737158105403,0.625,0.2,0.5,0.5,0.2614099305960682,0.5994623976155098,0.11549251631909811,0.023635155469323172,2.577362189221446
431,86.25750500333555,0.625,0.2,0.5,0.5,0.2571868674365711,0.6041864361564996,0.11460857959850569,0.024018116808422866,2.577362189221446
432,86.45763842561708,0.625,0.2,0.5,0.5,0.25300155391742035,0.6088233933759997,0.11375982201910796,0.024415230687471284,2.577362189221446
433,86.6577718478986,0.625,0.2,0.5,0.5,0.2488564473018442,0.6133708008522754,0.1129459911268835,0.024826760718996387,2.577362189221446
434,86.85790527018011,0.625,0.2,0.5,0.5,0.24475388235318113,0.6178262906153176,0.11216684037591201,0.02525298665558872,2.577362189221446
435,87.05803869246164,0.625,0.2,0.5,0.5,0.24069607531238044,0.622187590803374,0.11142212983668702,0.025694204047557987,2.577362189221446
436,87.25817211474316,0.625,0.2,0.5,0.5,0.23668512371976633,0.6264525260163848,0.11071162637248874,0.026150723891359664,2.577362189221446
437,87.45830553702469,0.625,0.2,0.5,0.5,0.23272300724507403,0.6306190166320568,0.11003510385211863,0.026622872270750008,2.577362189221446
438,87.6584389593062,0.625,0.2,0.5,0.5,0.2288115869268439,0.6346850799850814,0.1093923431922349,0.027110989895839308,2.577362189221446
439,87.85857238158772,0.625,0.2,0.5,0.5,0.22495260748321372,0.6386488282026646,0.10878313257591807,0.027615431738203054,2.577362189221446
440,88.05870580386924,0.625,0.2,0.5,0.5,0.22114770011255264,0.6425084655800689,0.10820726765630728,0.028136566651070588,2.577362189221446
441,88.25883922615077,0.625,0.2,0.5,0.5,0.21739838395584285,0.6462622875384425,0.10766455161086887,0.028674776894845176,2.577362189221446
442,88.45897264843228,0.625,0.2,0.5,0.5,0.21370606784123392,0.6499086793873702,0.10715479513182516,0.02923045763957005,2.577362189221446
443,88.6591060707138,0.625,0.2,0.5,0.5,0.2100720512286912,0.6534461161234988,0.10667781624631645,0.02980401640149288,2.577362189221446
444,88.85923949299533,0.625,0.2,0.5,0.5,0.20649752890014927,0.6568731579682334,0.10623344059320536,0.03039587253841121,2.577362189221446
445,89.05937291527685,0.625,0.2,0.5,0.5,0.2029835931018314,0.6601884489796175,0.10582150129703893,0.031006456621511427,2.577362189221446
446,89.25950633755836,0.625,0.2,0.5,0.5,0.19953123642003345,0.6633907149205633,0.10544183889073114,0.03163620976867141,2.577362189221446
447,89.45963975983989,0.625,0.2,0.5,0.5,0.19614135382695375,0.6664787623273104,0.10509430103522305,0.032285582810512095,2.577362189221446
448,89.65977318212141,0.625,0.2,0.5,0.5,0.1928147465040288,0.6694514754218805,0.10477874250445292,0.03295503556963709,2.577362189221446
449,89.85990660440294,0.625,0.2,0.5,0.5,0.18955212530480053,0.6723078136125276,0.1044950250610886,0.03364503602158264,2.577362189221446
450,90.06004002668445,0.625,0.2,0.5,0.5,0.18635411388718498,0.675046809542816,0.10424301723238406,0.03435605933761426,2.577362189221446
451,90.26017344896597,0.625,0.2,0.5,0.5,0.18322125192810906,0.677667567241278,0.10402259402851086,0.035088586802101404,2.577362189221446
452,90.4603068712475,0.625,0.2,0.5,0.5,0.18015399834367787,0.6801692604090445,0.1038336366190686,0.035843104628208444,2.577362189221446
453,90.66044029352902,0.625,0.2,0.5,0.5,0.17715273523959277,0.682551129621187,0.10367603222284355,0.03662010291637598,2.577362189221446
454,90.86057371581053,0.625,0.2,0.5,0.5,0.17421777121657253,0.6848124807431952,0.10354967374647413,0.037420074293757426,2.577362189221446
455,91.06070713809206,0.625,0.2,0.5,0.5,0.17134934485977513,0.6869526831632526,0.10345445946281479,0.03824351251415671,2.577362189221446
456,91.26084056037358,0.625,0.2,0.5,0.5,0.16854762828943665,0.688971168264828,0.10339029256276017,0.03909091088297465,2.577362189221446
457,91.4609739826551,0.625,0.2,0.5,0.5,0.165812730740129,0.6908674281540887,0.10335708059511788,0.03996276051066372,2.577362189221446
458,91.66110740493662,0.625,0.2,0.5,0.5,0.16314470178041926,0.6926410141073115,0.10335473535198567,0.04085954876028298,2.577362189221446
459,91.86124082721814,0.625,0.2,0.5,0.5,0.16054353474698885,0.6942915356465247,0.10338317231330185,0.041781757293184056,2.577362189221446
460,92.06137424949966,0.625,0.2,0.5,0.5,0.1580091700306407,0.6958186597470176,0.10344231016954697,0.042729860052794166,2.577362189221446
461,92.26150767178119,0.625,0.2,0.5,0.5,0.15554149876878182,0.6972221097493977,0.10353207029951743,0.04370432118230253,2.577362189221446
462,92.4616410940627,0.625,0.2,0.5,0.5,0.15314036722080593,0.6985016636920587,0.10365237618260167,0.04470559290453322,2.577362189221446
463,92.66177451634422,0.625,0.2,0.5,0.5,0.15080557812022957,0.699657156066695,0.10380315293575833,0.04573411287731655,2.577362189221446
464,92.86190793862575,0.625,0.2,0.5,0.5,0.14853689431041556,0.7006884772744824,0.10398432670165945,0.046790301713442055,2.577362189221446
465,93.06204136090727,0.625,0.2,0.5,0.5,0.1463340417299811,0.7015955739523058,0.104195824038465,0.04787456027924758,2.577362189221446
466,93.26217478318878,0.625,0.2,0.5,0.5,0.14419671271808587,0.7023784489348587,0.1044375713069162,0.04898726704013863,2.577362189221446
467,93.46230820547031,0.625,0.2,0.5,0.5,0.14212457044148033,0.7030371597094038,0.10470949408096829,0.050128775768147026,2.577362189221446
468,93.66244162775183,0.625,0.2,0.5,0.5,0.1401172493733809,0.703571822715332,0.10501151638918371,0.0512994115221028,2.577362189221446
469,93.86257505003336,0.625,0.2,0.5,0.5,0.13817435854910462,0.7039826137328391,0.10534356004438998,0.0524994676736658,2.577362189221446
470,94.06270847231487,0.625,0.2,0.5,0.5,0.13629548414146994,0.7042697693733736,0.10570554393039919,0.05372920255475685,2.577362189221446
471,94.26284189459639,0.625,0.2,0.5,0.5,0.13448019221070984,0.7044335881889738,0.10609738331317484,0.05498883628714113,2.577362189221446
472,94.46297531687792,0.625,0.2,0.5,0.5,0.13272803287181273,0.7044744289574292,0.10651898931451484,0.05627854885624282,2.577362189221446
473,94.66310873915944,0.625,0.2,0.5,0.5,0.13103854020702588,0.7043927175227669,0.1069702678888742,0.05759847438133257,2.577362189221446
474,94.86324216144095,0.625,0.2,0.5,0.5,0.12941123495225487,0.7041889480737344,0.10745111912395991,0.058948697850050316,2.577362189221446
475,95.06337558372248,0.625,0.2,0.5,0.5,0.12784562663718135,0.7038636855180438,0.10796143647980264,0.06032925136497174,2.577362189221446
476,95.263509006004,0.625,0.2,0.5,0.5,0.12634121571411513,0.7034175676042882,0.10850110605288601,0.06174011062871021,2.577362189221446
477,95.46364242828552,0.625,0.2,0.5,0.5,0.12489749705308471,0.7028513028971439,0.10907000612268088,0.06318119392709008,2.577362189221446
478,95.66377585056703,0.625,0.2,0.5,0.5,0.12351395975827724,0.7021656793264917,0.10966800600371644,0.06465235491151428,2.577362189221446
479,95.86390927284856,0.625,0.2,0.5,0.5,0.12219008916103719,0.7013615661961393,0.11029496534153704,0.0661533793012862,2.577362189221446
480,96.06404269513008,0.625,0.2,0.5,0.5,0.12092536850505717,0.7004399168944917,0.11095073337255715,0.06768398122789376,2.577362189221446
481,96.26417611741161,0.625,0.2,0.5,0.5,0.11971928047685428,0.6994017715620318,0.11163514820737715,0.06924379975373653,2.577362189221446
482,96.46430953969312,0.625,0.2,0.5,0.5,0.11857130973657667,0.6982482545146278,0.11234803654067822,0.07083239920811699,2.577362189221446
483,96.66444296197464,0.625,0.2,0.5,0.5,0.11748094291840791,0.6969805832407352,0.11308921246901242,0.07244926137184411,2.577362189221446
484,96.86457638425617,0.625,0.2,0.5,0.5,0.11644766992999746,0.6956000706900876,0.11385847685244571,0.074093782527469,2.577362189221446
485,97.06470980653769,0.625,0.2,0.5,0.5,0.115470985151952,0.6941081275055794,0.11465561669921412,0.07576527064325413,2.577362189221446
486,97.2648432288192,0.625,0.2,0.5,0.5,0.11455038843858871,0.692506264468374,0.11548040454347433,0.07746294254956257,2.577362189221446
487,97.46497665110073,0.625,0.2,0.5,0.5,0.11368538676326426,0.6907960893838297,0.11633259817575058,0.07918592567715502,2.577362189221446
488,97.66511007338225,0.625,0.2,0.5,0.5,0.11287549427780535,0.6889793146327744,0.1172119397604259,0.08093325132899394,2.577362189221446
489,97.86524349566378,0.625,0.2,0.5,0.5,0.11212023303006294,0.6870577590190933,0.11811815531743737,0.08270385263340606,2.577362189221446
490,98.06537691794529,0.625,0.2,0.5,0.5,0.11141913369273762,0.685033348602594,0.11905095429012516,0.08449656341454284,2.577362189221446
491,98.26551034022681,0.625,0.2,0.5,0.5,0.11077173608593038,0.6829081180044508,0.12001002910549674,0.08631011680412164,2.577362189221446
492,98.46564376250834,0.625,0.2,0.5,0.5,0.11017758987473586,0.6806842081821038,0.12099505486144681,0.08814314708171309,2.577362189221446
493,98.66577718478986,0.625,0.2,0.5,0.5,0.10963625477858996,0.6783638685879906,0.12200568894313321,0.08999418769028592,2.577362189221446
494,98.86591060707137,0.625,0.2,0.5,0.5,0.10914730082805725,0.6759494572813272,0.123041570733409,0.09186167115720624,2.577362189221446
495,99.0660440293529,0.625,0.2,0.5,0.5,0.10871030860408878,0.6734434396857931,0.1241023213962585,0.09374393031385926,2.577362189221446
496,99.26617745163442,0.625,0.2,0.5,0.5,0.10832486901800988,0.6708483903229671,0.1251875435393962,0.09563919711962651,2.577362189221446
497,99.46631087391594,0.625,0.2,0.5,0.5,0.1079905835078837,0.6681669894752917,0.1262968211893558,0.09754560582746834,2.577362189221446
498,99.66644429619745,0.625,0.2,0.5,0.5,0.10770706396686908,0.6654020209175519,0.12742971973795256,0.09946119537762614,2.577362189221446
499,99.86657771847898,0.625,0.2,0.5,0.5,0.10747393250662558,0.662556369915986,0.12858578587925526,0.10138391169813275,2.577362189221446
500,100.0667111407605,0.625,0.2,0.5,0.5,0.10729082151572582,0.6596330194348966,0.12976454729103665,0.10331161175834054,2.577362189221446
501,100.26684456304203,0.625,0.2,0.5,0.5,0.10715737312377552,0.6566350468999791,0.13096551289688593,0.10524206707935913,2.577362189221446
502,100.46697798532354,0.625,0.2,0.5,0.5,0.10707323877936367,0.6535656198817057,0.13218817298350327,0.10717296835542704,2.577362189221446
503,100.66711140760506,0.625,0.2,0.5,0.5,0.10703807882132726,0.6504279911523168,0.13343199927415483,0.10910193075220082,2.577362189221446
504,100.86724482988659,0.625,0.2,0.5,0.5,0.10705156167014969,0.6472254965329834,0.1346964450257901,0.1110264967710764,2.577362189221446
505,101.06737825216811,0.625,0.2,0.5,0.5,0.10711336334189071,0.6439615468620432,0.1359809452950613,0.11294414450100435,2.577362189221446
506,101.26751167444962,0.625,0.2,0.5,0.5,0.10722316672402071,0.640639621427368,0.13728491720375943,0.11485229464485142,2.577362189221446
507,101.46764509673115,0.625,0.2,0.5,0.5,0.10738066071262693,0.6372632618337749,0.13860776019421145,0.11674831725938614,2.577362189221446
508,101.66777851901267,0.625,0.2,0.5,0.5,0.10758553933216224,0.6338360679870719,0.13994885585189978,0.11862953682886554,2.577362189221446
509,101.8679119412942,0.625,0.2,0.5,0.5,0.10783750073284855,0.6303616885103125,0.14130756853250498,0.12049324222433347,2.577362189221446
510,102.0680453635757,0.625,0.2,0.5,0.5,0.10813624612608427,0.6268438127889143,0.14268324569096283,0.12233669539403814,2.577362189221446
511,102.26817878585723,0.625,0.2,0.5,0.5,0.10848147867873688,0.6232861635095981,0.14407521810680127,0.12415713970486329,2.577362189221446
512,102.46831220813876,0.625,0.2,0.5,0.5,0.10887290270329157,0.6196924915845126,0.14548279995501204,0.12595180575718334,2.577362189221446
513,102.66844563042028,0.625,0.2,0.5,0.5,0.10931022217670376,0.6160665655262318,0.14690528925905033,0.1277179230380135,2.577362189221446
514,102.8685790527018,0.625,0.2,0.5,0.5,0.10979313946338091,0.6124121628338229,0.1483419681761265,0.12945272952666917,2.577362189221446
515,103.06871247498331,0.625,0.2,0.5,0.5,0.11032135403860986,0.6087330620479063,0.14979210322884381,0.13115348068463953,2.577362189221446
516,103.26884589726484,0.625,0.2,0.5,0.5,0.11089456095366737,0.605033037365014,0.15125494553307092,0.1328174561482472,2.577362189221446
517,103.46897931954636,0.625,0.2,0.5,0.5,0.11151244950519343,0.6013158480114758,0.15272973104413595,0.1344419714391944,2.577362189221446
518,103.66911274182789,0.625,0.2,0.5,0.5,0.11217470173583889,0.5975852299828116,0.1542156807644292,0.1360243875169199,2.577362189221446
519,103.8692461641094,0.625,0.2,0.5,0.5,0.11288099090561363,0.5938448885150515,0.15571200092546642,0.13756211965386814,2.577362189221446
520,104.06937958639092,0.625,0.2,0.5,0.5,0.11363098041705716,0.5900984917624019,0.1572178831870587,0.13905264463348188,2.577362189221446
521,104.26951300867245,0.625,0.2,0.5,0.5,0.11442432190391286,0.5863496622372762,0.15873250472901695,0.14049351112979366,2.577362189221446
522,104.46964643095397,0.625,0.2,0.5,0.5,0.11526065367322719,0.5826019696953668,0.16025502834124272,0.141882348290163,2.577362189221446
523,104.66977985323548,0.625,0.2,0.5,0.5,0.11613959920988569,0.5788589245829665,0.16178460251768773,0.1432168736894598,2.577362189221446
524,104.869913275517,0.625,0.2,0.5,0.5,0.11706076573375054,0.575123971817242,0.163320361860848,0.1444949005881592,2.577362189221446
525,105.07004669779853,0.625,0.2,0.5,0.5,0.11802374254737209,0.5714004848325149,0.1648614268430312,0.14571434577708153,2.577362189221446
526,105.27018012008006,0.625,0.2,0.5,0.5,0.11902809948930976,0.5676917602295729,0.16640690382885145,0.1468732364522656,2.577362189221446
527,105.47031354236157,0.625,0.2,0.5,0.5,0.12007338543700502,0.5640010128146624,0.16795588516271476,0.14796971658561747,2.577362189221446
528,105.67044696464309,0.625,0.2,0.5,0.5,0.1211591270333909,0.560331369597998,0.1695074496914966,0.14900205367711422,2.577362189221446
529,105.87058038692462,0.625,0.2,0.5,0.5,0.12228482706025989,0.556685867216659,0.17106066238850612,0.14996864333457469,2.577362189221446
530,106.07071380920614,0.625,0.2,0.5,0.5,0.12344996304034431,0.5530674485799663,0.17261457440603614,0.150868013973653,2.577362189221446
531,106.27084723148765,0.625,0.2,0.5,0.5,0.12465398592630314,0.5494789596983822,0.1741682232228838,0.15169883115243055,2.577362189221446
532,106.47098065376917,0.625,0.2,0.5,0.5,0.12589631899593595,0.5459231446411118,0.17572063319740586,0.1524599031655461,2.577362189221446
533,106.6711140760507,0.625,0.2,0.5,0.5,0.12717635649795778,0.5424026459687551,0.17727081531065592,0.1531501822226309,2.577362189221446
534,106.87124749833222,0.625,0.2,0.5,0.5,0.12849346253368094,0.5389200033231679,0.1788177673534802,0.1537687667896706,2.577362189221446
535,107.07138092061373,0.625,0.2,0.5,0.5,0.12984697002683093,0.535477652075382,0.180360474233166,0.15431490366462078,2.577362189221446
536,107.27151434289526,0.625,0.2,0.5,0.5,0.13123617971255652,0.532077919784613,0.18189790872955516,0.15478799177327499,2.577362189221446
537,107.47164776517678,0.625,0.2,0.5,0.5,0.13266035931321404,0.528723028881606,0.18342903146783573,0.15518758033734395,2.577362189221446
538,107.67178118745831,0.625,0.2,0.5,0.5,0.13411874276852118,0.5254150969306157,0.18495279139718937,0.1555133689036735,2.577362189221446
539,107.87191460973982,0.625,0.2,0.5,0.5,0.13561052956007327,0.5221561368943689,0.1864681263866518,0.1557652071589057,2.577362189221446
540,108.07204803202134,0.625,0.2,0.5,0.5,0.1371348840663872,0.5189480553667652,0.18797396401650798,0.1559430965503392,2.577362189221446
541,108.27218145430287,0.625,0.2,0.5,0.5,0.13869093520306572,0.5157926565531186,0.1894692221622552,0.15604718608156015,2.577362189221446
542,108.47231487658439,0.625,0.2,0.5,0.5,0.14027777609906197,0.5126916437929943,0.19095280984303373,0.15607777026490963,2.577362189221446
543,108.6724482988659,0.625,0.2,0.5,0.5,0.14189446386384125,0.5096466210913577,0.19242362817184297,0.1560352868729577,2.577362189221446
544,108.87258172114743,0.625,0.2,0.5,0.5,0.14354001923940377,0.506659093217459,0.1938805713232413,0.15592031621989558,2.577362189221446
545,109.07271514342895,0.625,0.2,0.5,0.5,0.1452134268710365,0.5037304699777515,0.19532252777573308,0.15573357537547855,2.577362189221446
546,109.27284856571048,0.625,0.2,0.5,0.5,0.14691363544646108,0.5008620685745958,0.19674838159708993,0.15547591438185282,2.577362189221446
547,109.47298198799199,0.625,0.2,0.5,0.5,0.14863955791857109,0.4980551160025043,0.19815701380632333,0.155148312272601,2.577362189221446
548,109.67311541027351,0.625,0.2,0.5,0.5,0.15039007153987224,0.49531075076633974,0.1995473035194591,0.15475187417432867,2.577362189221446
549,109.87324883255503,0.625,0.2,0.5,0.5,0.15216401870839125,0.49263002674311673,0.20091812991423427,0.15428782463425753,2.577362189221446
550,110.07338225483656,0.625,0.2,0.5,0.5,0.1539602075661497,0.49001391598497035,0.20226837394029035,0.1537575025085894,2.577362189221446
551,110.27351567711807,0.625,0.2,0.5,0.5,0.1557774126808459,0.4874633115726775,0.20359692007305205,0.1531623556734243,2.577362189221446
552,110.4736490993996,0.625,0.2,0.5,0.5,0.15761437554093816,0.4849790304551243,0.20490265764422227,0.15250393635971507,2.577362189221446
553,110.67378252168112,0.625,0.2,0.5,0.5,0.15946980586714413,0.4825618165551476,0.20618448344065396,0.15178389413705404,2.577362189221446
554,110.87391594396264,0.625,0.2,0.5,0.5,0.16134238264983647,0.4802123436803583,0.20744130375616252,0.1510039699136425,2.577362189221446
555,111.07404936624415,0.625,0.2,0.5,0.5,0.16323075525786632,0.47793121847828396,0.20867203646261437,0.15016598980123513,2.577362189221446
556,111.27418278852568,0.625,0.2,0.5,0.5,0.16513354433005747,0.4757189838913213,0.20987561257983822,0.14927185919878275,2.577362189221446
557,111.4743162108072,0.625,0.2,0.5,0.5,0.16704934350655543,0.47357612138623667,0.21105097924399108,0.14832355586321658,2.577362189221446
558,111.67444963308873,0.625,0.2,0.5,0.5,0.16897672083315235,0.47150305373485346,0.21219710198173342,0.14732312345026055,2.577362189221446
559,111.87458305537024,0.625,0.2,0.5,0.5,0.1709142202140339,0.46950014787414096,0.21331296692517862,0.1462726649866462,2.577362189221446
560,112.07471647765176,0.625,0.2,0.5,0.5,0.17286036265348115,0.4675677186957324,0.21439758236858752,0.14517433628219864,2.577362189221446
561,112.27484989993329,0.625,0.2,0.5,0.5,0.1748136484165329,0.4657060299251815,0.21544998227237894,0.14403033938590637,2.577362189221446
562,112.47498332221481,0.625,0.2,0.5,0.5,0.17677255872279646,0.4639152966622484,0.2164692285402299,0.1428429160747249,2.577362189221446
563,112.67511674449632,0.625,0.2,0.5,0.5,0.17873555758244714,0.46219568753097096,0.21745441346487226,0.1416143414217093,2.577362189221446
564,112.87525016677785,0.625,0.2,0.5,0.5,0.18070109356557715,0.46054732731888315,0.21840466180582593,0.1403469173097134,2.577362189221446
565,113.07538358905937,0.625,0.2,0.5,0.5,0.1826676009865297,0.45897030235470354,0.21931913115985643,0.13904296549890993,2.577362189221446
566,113.2755170113409,0.625,0.2,0.5,0.5,0.18463350286790603,0.4574646579918411,0.22019701679254233,0.13770482234771014,2.577362189221446
567,113.4756504336224,0.625,0.2,0.5,0.5,0.18659721274626032,0.4560304013365091,0.2210375532696065,0.1363348326476237,2.577362189221446
568,113.67578385590393,0.625,0.2,0.5,0.5,0.1885571366972427,0.4546675030121066,0.22184001648242407,0.13493534380822617,2.577362189221446
569,113.87591727818545,0.625,0.2,0.5,0.5,0.19051167535398217,0.45337589926967975,0.22260372551366941,0.13350869986266822,2.577362189221446
570,114.07605070046698,0.625,0.2,0.5,0.5,0.19245922564312037,0.4521554962438208,0.22332804368874587,0.1320572344243126,2.577362189221446
571,114.27618412274849,0.625,0.2,0.5,0.5,0.19439818345762705,0.4510061673580479,0.22401238162210887,0.13058326756221583,2.577362189221446
572,114.47631754503001,0.625,0.2,0.5,0.5,0.19632694567730236,0.4499277555056312,0.2246561985966893,0.12908910022037684,2.577362189221446
573,114.67645096731154,0.625,0.2,0.5,0.5,0.19824391231994737,0.44892007421271873,0.2252590040805242,0.12757700938680935,2.577362189221446
574,114.87658438959306,0.625,0.2,0.5,0.5,0.2001474887005311,0.44798290922457895,0.22582035911480433,0.12604924296008532,2.577362189221446
575,115.07671781187457,0.625,0.2,0.5,0.5,0.20203608753066596,0.4471160216496606,0.2263398774370953,0.1245080133825779,2.577362189221446
576,115.2768512341561,0.625,0.2,0.5,0.5,0.20390813122049609,0.44631914551710555,0.22681722679295827,0.12295549646943983,2.577362189221446
577,115.47698465643762,0.625,0.2,0.5,0.5,0.20576205401540884,0.4455919894334068,0.2272521297934306,0.12139382675775355,2.577362189221446
578,115.67711807871915,0.625,0.2,0.5,0.5,0.2075963041515869,0.4449342372809403,0.22764436463570653,0.11982509393176606,2.577362189221446
579,115.87725150100066,0.625,0.2,0.5,0.5,0.2094093460674763,0.44434554915711355,0.22799376595826576,0.1182513388171442,2.577362189221446
580,116.07738492328218,0.625,0.2,0.5,0.5,0.21119966270280136,0.4438255629950126,0.22830022601090003,0.11667454829128582,2.577362189221446
581,116.2775183455637,0.625,0.2,0.5,0.5,0.21296575738053866,0.44337389318563925,0.22856369372610763,0.11509665570771427,2.577362189221446
582,116.47765176784523,0.625,0.2,0.5,0.5,0.21470615598105824,0.4429901314616284,0.22878417511519294,0.11351953744212023,2.577362189221446
583,116.67778519012674,0.625,0.2,0.5,0.5,0.21641940901440998,0.44267384717687347,0.22896173310722812,0.11194501070148828,2.577362189221446
584,116.87791861240827,0.625,0.2,0.5,0.5,0.21810409364512928,0.44242458783210104,0.2290964878186,0.11037483070416956,2.577362189221446
585,117.07805203468979,0.625,0.2,0.5,0.5,0.2197588156721441,0.4422418799569575,0.2291886173735765,0.10881068699732177,2.577362189221446
586,117.27818545697131,0.625,0.2,0.5,0.5,0.22138221147725967,0.4421252280272207,0.22923835511091195,0.10725420538460753,2.577362189221446
587,117.47831887925283,0.625,0.2,0.5,0.5,0.22297294990987654,0.44207411494564425,0.2292459894749873,0.10570694566949186,2.577362189221446
588,117.67845230153435,0.625,0.2,0.5,0.5,0.22452973411889135,0.4420880020874859,0.2292118630032331,0.10417040079038958,2.577362189221446
589,117.87858572381587,0.625,0.2,0.5,0.5,0.2260513034366015,0.4421663293938953,0.22913637196134795,0.10264599520815526,2.577362189221446
590,118.0787191460974,0.625,0.2,0.5,0.5,0.22753643527785794,0.44230851551081407,0.2290199664111784,0.10113508280014953,2.577362189221446
591,118.27885256837891,0.625,0.2,0.5,0.5,0.22898394651651452,0.4425139573919668,0.22886314633583602,0.09963894975568259,2.577362189221446
592,118.47898599066043,0.625,0.2,0.5,0.5,0.2303926952040649,0.4427820303243104,0.22866646094241388,0.09815881352921071,2.577362189221446
593,118.67911941294196,0.625,0.2,0.5,0.5,0.23176158211225686,0.443112087816188,0.22843050692864947,0.09669582314290559,2.577362189221446
594,118.87925283522348,0.625,0.2,0.5,0.5,0.2330895522371899,0.4435034615463907,0.2281559275801198,0.0952510586362995,2.577362189221446
595,119.07938625750499,0.625,0.2,0.5,0.5,0.23437559633522034,0.4439554612124342,0.2278434119774105,0.0938255304749349,2.577362189221446
596,119.27951967978652,0.625,0.2,0.5,0.5,0.23561875196036636,0.44446737441575307,0.22749369072500975,0.09242018289887077,2.577362189221446
597,119.47965310206804,0.625,0.2,0.5,0.5,0.23681810488136013,0.4450384664191545,0.22710753465111191,0.09103589404837342,2.577362189221446
598,119.67978652434957,0.625,0.2,0.5,0.5,0.23797279016789502,0.4456679800822099,0.22668575264149207,0.08967347710840294,2.577362189221446
599,119.87991994663108,0.625,0.2,0.5,0.5,0.23908199332905836,0.4463551356859248,0.22622919017415394,0.08833368081086294,2.577362189221446
600,120.0800533689126,0.625,0.2,0.5,0.5,0.24014495136509287,0.4470991307685235,0.2257387278976826,0.08701718996870109,2.577362189221446
601,120.28018679119413,0.625,0.2,0.5,0.5,0.24116095348432295,0.44789914009482135,0.2252152775803729,0.08572462884048283,2.577362189221446
602,120.48032021347565,0.625,0.2,0.5,0.5,0.24212934194367883,0.4487543155329413,0.22465978036783793,0.08445656215554198,2.577362189221446
603,120.68045363575716,0.625,0.2,0.5,0.5,0.2430495128696478,0.4496637859352898,0.22407320466607286,0.08321349652898961,2.577362189221446
604,120.88058705803869,0.625,0.2,0.5,0.5,0.24392091705517127,0.4506266570139792,0.223456544124182,0.0819958818066675,2.577362189221446
605,121.08072048032021,0.625,0.2,0.5,0.5,0.24474306017384137,0.4516420113805647,0.22281081429822677,0.08080411414736713,2.577362189221446
606,121.28085390260173,0.625,0.2,0.5,0.5,0.24551550333277286,0.4527089084696124,0.22213705034968098,0.07963853784793366,2.577362189221446
607,121.48098732488324,0.625,0.2,0.5,0.5,0.24623786333877593,0.4538263846313415,0.22143630536950337,0.07849944666037911,2.577362189221446
608,121.68112074716477,0.625,0.2,0.5,0.5,0.24690981278767724,0.4549934533564084,0.22070964956467148,0.07738708429124287,2.577362189221446
609,121.8812541694463,0.625,0.2,0.5,0.5,0.24753108041687477,0.4562091050032279,0.21995816522239076,0.07630164935750659,2.577362189221446
610,122.08138759172782,0.625,0.2,0.5,0.5,0.24810145106182113,0.457472306977307,0.2191829451478696,0.0752432968130023,2.577362189221446
611,122.28152101400933,0.625,0.2,0.5,0.5,0.24862076560366592,0.4587820040021931,0.21838509083861488,0.07421213955552612,2.577362189221446
612,122.48165443629085,0.625,0.2,0.5,0.5,0.24908892084774026,0.4601371186578145,0.21756571145224018,0.07320824904220508,2.577362189221446
613,122.68178785857238,0.625,0.2,0.5,0.5,0.24950586922293344,0.4615365510451476,0.21672591969340274,0.07223166003851617,2.577362189221446
614,122.8819212808539,0.625,0.2,0.5,0.5,0.24987161845131245,0.4629791791946726,0.21586683015055083,0.07128237220346408,2.577362189221446
615,123.08205470313541,0.625,0.2,0.5,0.5,0.25018623111923405,0.46446385947549135,0.21498955764204725,0.07036035176322725,2.577362189221446
616,123.28218812541694,0.625,0.2,0.5,0.5,0.2504498241750385,0.46598942727828646,0.21409521660841,0.06946553193826488,2.577362189221446
617,123.48232154769846,0.625,0.2,0.5,0.5,0.2506625682594579,0.4675546969438346,0.21318491721430866,0.06859781758239873,2.577362189221446
618,123.68245496997999,0.625,0.2,0.5,0.5,0.25082468699535304,0.46915846232388225,0.2122597639936168,0.06775708668714783,2.577362189221446
619,123.8825883922615,0.625,0.2,0.5,0.5,0.2509364561927186,0.4707994973511946,0.21132085441893805,0.0669431920371486,2.577362189221446
620,124.08272181454302,0.625,0.2,0.5,0.5,0.25099820301368597,0.4724765568704737,0.2103692784589086,0.06615596165693166,2.577362189221446
621,124.28285523682455,0.625,0.2,0.5,0.5,0.25101030488979087,0.4741883768580193,0.20940611542773718,0.06539520282445256,2.577362189221446
622,124.48298865910607,0.625,0.2,0.5,0.5,0.2509731884557711,0.47593367515232027,0.20843243288148589,0.06466070351042263,2.577362189221446
623,124.68312208138758,0.625,0.2,0.5,0.5,0.25088732850222834,0.4777111521521154,0.20744928540690824,0.0639522339387479,2.577362189221446
624,124.8832555036691,0.625,0.2,0.5,0.5,0.2507532472898106,0.4795194915526948,0.2064577139737874,0.06326954718370717,2.577362189221446
625,125.08338892595063,0.625,0.2,0.5,0.5,0.25057151263874683,0.4813573610962149,0.20545874394892216,0.062612382316116,2.577362189221446
626,125.28352234823215,0.625,0.2,0.5,0.5,0.25034273670749524,0.48322341338595204,0.20445338414853506,0.06198046575801762,2.577362189221446
627,125.48365577051366,0.625,0.2,0.5,0.5,0.2500675746802279,0.48511628672878987,0.20344262591021164,0.06137351268077052,2.577362189221446
628,125.68378919279519,0.625,0.2,0.5,0.5,0.24974672379847743,0.4870346059597732,0.20242744253821066,0.060791227703538606,2.577362189221446
629,125.88392261507671,0.625,0.2,0.5,0.5,0.24938092133037454,0.48897698343854223,0.20140878811081087,0.06023330712027229,2.577362189221446
630,126.08405603735824,0.625,0.2,0.5,0.5,0.24897094307408757,0.49094202000887655,0.20038759681939355,0.05969944009764226,2.577362189221446
631,126.28418945963975,0.625,0.2,0.5,0.5,0.24851760196482253,0.4929283059187223,0.19936478228876303,0.05918930982769205,2.577362189221446
632,126.48432288192127,0.625,0.2,0.5,0.5,0.248021746715594,0.4949344217310226,0.19834123691208277,0.05870259464130054,2.577362189221446
633,126.6844563042028,0.625,0.2,0.5,0.5,0.2474842596298389,0.4969589395755355,0.19731783151591087,0.05823896927871462,2.577362189221446
634,126.88458972648432,0.625,0.2,0.5,0.5,0.24690605501520044,0.49900042417793605,0.19629541490123578,0.05779810590562745,2.577362189221446
635,127.08472314876583,0.625,0.2,0.5,0.5,0.2462880779085022,0.5010574337497666,0.19527481336636823,0.05737967497536271,2.577362189221446
636,127.28485657104736,0.625,0.2,0.5,0.5,0.24563130221290694,0.5031285211551769,0.19425683046993986,0.056983346161976124,2.577362189221446
637,127.48498999332888,0.625,0.2,0.5,0.5,0.24493672856486548,0.5052122352110746,0.1932422469411845,0.056608789282875244,2.577362189221446
638,127.6851234156104,0.625,0.2,0.5,0.5,0.24420538270018988,0.5073071217686866,0.1922318204933627,0.056255675037760536,2.577362189221446
639,127.88525683789192,0.625,0.2,0.5,0.5,0.24343831421839213,0.5094117245824246,0.19122628537324732,0.055923675825935756,2.577362189221446
640,128.08539026017345,0.625,0.2,0.5,0.5,0.24263659428781842,0.5115245867427964,0.19022635265270732,0.055612466316677524,2.577362189221446
641,128.28552368245496,0.625,0.2,0.5,0.5,0.24180131377242375,0.5136442518961132,0.18923271029932098,0.05532172403214169,2.577362189221446
642,128.48565710473648,0.625,0.2,0.5,0.5,0.24093358161944248,0.5157692653234558,0.18824602311934102,0.055051129937760394,2.577362189221446
643,128.685790527018,0.625,0.2,0.5,0.5,0.24003452360170388,0.5178981748119353,0.18726693249533052,0.054800369091029894,2.577362189221446
644,128.88592394929952,0.625,0.2,0.5,0.5,0.23910527982086294,0.5200295322620053,0.18629605705593555,0.0545691308611959,2.577362189221446
645,129.08605737158106,0.625,0.2,0.5,0.5,0.23814700306673833,0.5221618947969681,0.18533399278886933,0.05435710934742401,2.577362189221446
646,129.28619079386257,0.625,0.2,0.5,0.5,0.23716085736868797,0.5242938257442642,0.18438131303582486,0.054164003851222574,2.577362189221446
647,129.48632421614408,0.625,0.2,0.5,0.5,0.23614801642741629,0.5264238956984065,0.18343856863148286,0.05398951924269393,2.577362189221446
648,129.68645763842562,0.625,0.2,0.5,0.5,0.23510966138897327,0.5285506840165834,0.18250628862176996,0.05383336597267288,2.577362189221446
649,129.88659106070713,0.625,0.2,0.5,0.5,0.23404697931584012,0.5306727798671824,0.18158498047149005,0.05369526034548708,2.577362189221446
650,130.08672448298864,0.625,0.2,0.5,0.5,0.2329611620132049,0.5327887830445291,0.1806751300077661,0.05357492493449955,2.577362189221446
651,130.28685790527018,0.625,0.2,0.5,0.5,0.2318534041409416,0.5348973052646976,0.17977720202666264,0.05347208856769796,2.577362189221446
652,130.4869913275517,0.625,0.2,0.5,0.5,0.23072490142905203,0.5369969713982052,0.17889164086182593,0.05338648631091661,2.577362189221446
653,130.68712474983323,0.625,0.2,0.5,0.5,0.22957684928639094,0.5390864204426281,0.17801887066164407,0.053317859609336785,2.577362189221446
654,130.88725817211474,0.625,0.2,0.5,0.5,0.22841044180115805,0.5411643062178272,0.1771592953539613,0.05326595662705342,2.577362189221446
655,131.08739159439625,0.625,0.2,0.5,0.5,0.2272268696619146,0.5432292988353825,0.17631329964805917,0.05323053185464368,2.577362189221446
656,131.2875250166778,0.625,0.2,0.5,0.5,0.2260273187856858,0.5452800856717018,0.17548124944274981,0.05321134609986246,2.577362189221446
657,131.4876584389593,0.625,0.2,0.5,0.5,0.2248129689546414,0.5473153723414859,0.17466349227730957,0.05320816642656308,2.577362189221446
658,131.6877918612408,0.625,0.2,0.5,0.5,0.22358499326675035,0.5493338830963493,0.17386035705439815,0.05322076658250202,2.577362189221446
659,131.88792528352235,0.625,0.2,0.5,0.5,0.2223445563898702,0.5513343620845493,0.173072154960103,0.053248926565477306,2.577362189221446
660,132.08805870580386,0.625,0.2,0.5,0.5,0.2210928130293079,0.5533155744648685,0.17229918023262383,0.053292432273199616,2.577362189221446
661,132.2881921280854,0.625,0.2,0.5,0.5,0.21983090693842292,0.5552763071392984,0.1715417104644109,0.05335107545786752,2.577362189221446
662,132.4883255503669,0.625,0.2,0.5,0.5,0.21855997005237252,0.5572153693900245,0.170800006798653,0.053424653758949794,2.577362189221446
663,132.68845897264842,0.625,0.2,0.5,0.5,0.21728112161297447,0.5591315935316515,0.17007431419354566,0.05351297066182817,2.577362189221446
664,132.88859239492996,0.625,0.2,0.5,0.5,0.21599546664188288,0.5610238360687055,0.16936486245689525,0.0536158348325163,2.577362189221446
665,133.08872581721147,0.625,0.2,0.5,0.5,0.21470409517794417,0.5628909782790341,0.16867186650359728,0.05373306003942437,2.577362189221446
666,133.28885923949298,0.625,0.2,0.5,0.5,0.2134080814410514,0.5647319268622474,0.16799552672875737,0.05386446496794382,2.577362189221446
667,133.48899266177452,0.625,0.2,0.5,0.5,0.21210848332228868,0.5665456143496396,0.16733602900759287,0.0540098733204788,2.577362189221446
668,133.68912608405603,0.625,0.2,0.5,0.5,0.210806341181691,0.5683310000457938,0.16669354570608863,0.05416911306642648,2.577362189221446
669,133.88925950633757,0.625,0.2,0.5,0.5,0.20950267721821922,0.5700870705457184,0.16606823598489556,0.05434201625116683,2.577362189221446
670,134.08939292861908,0.625,0.2,0.5,0.5,0.20819849482439526,0.5718128402720072,0.16546024618663763,0.05452841871695992,2.577362189221446
671,134.2895263509006,0.625,0.2,0.5,0.5,0.2068947781402075,0.5735073518739988,0.16486970988287133,0.054728160102922356,2.577362189221446
672,134.48965977318213,0.625,0.2,0.5,0.5,0.20559249137078567,0.5751696768061999,0.16429674854723192,0.05494108327578258,2.577362189221446
673,134.68979319546364,0.625,0.2,0.5,0.5,0.20429257826107708,0.5767989157989223,0.16374147200005637,0.055167033939944356,2.577362189221446
674,134.88992661774515,0.625,0.2,0.5,0.5,0.20299596168461348,0.5783941992524577,0.16320397871772682,0.055405860345202146,2.577362189221446
675,135.09006004002669,0.625,0.2,0.5,0.5,0.20170354318776335,0.5799546876573688,0.1626843560606198,0.055657413094248265,2.577362189221446
676,135.2901934623082,0.625,0.2,0.5,0.5,0.2004162026354068,0.5814795719570138,0.16218268060155688,0.055921544806022606,2.577362189221446
677,135.49032688458973,0.625,0.2,0.5,0.5,0.19913479798967937,0.5829680738355786,0.16169901862643776,0.05619810954830444,2.577362189221446
678,135.69046030687124,0.625,0.2,0.5,0.5,0.1978601650364358,0.5844194460295831,0.16123342638724364,0.0564869625467376,2.577362189221446
679,135.89059372915276,0.625,0.2,0.5,0.5,0.19659311713258823,0.5858329726337427,0.16078595037127594,0.05678795986239321,2.577362189221446
680,136.0907271514343,0.625,0.2,0.5,0.5,0.19533444488795004,0.5872079694546368,0.16035662747129653,0.05710095818611662,2.577362189221446
681,136.2908605737158,0.625,0.2,0.5,0.5,0.1940849162946534,0.5885437840659681,0.1599454854468447,0.057425814192533835,2.577362189221446
682,136.49099399599731,0.625,0.2,0.5,0.5,0.19284527659755737,0.5898397960422153,0.15955254313925585,0.05776238422097149,2.577362189221446
683,136.69112741827885,0.625,0.2,0.5,0.5,0.19161624824456344,0.5910954171403836,0.15917781071807982,0.05811052389697306,2.577362189221446
684,136.89126084056036,0.625,0.2,0.5,0.5,0.19039853054857517,0.5923100916636181,0.15882128986276853,0.058470087925038085,2.577362189221446
685,137.0913942628419,0.625,0.2,0.5,0.5,0.18919280005859446,0.593483296380966,0.1584829740467598,0.058840929513679724,2.577362189221446
686,137.2915276851234,0.625,0.2,0.5,0.5,0.1879997106492797,0.5946145406251033,0.15816284875323938,0.05922289997237748,2.577362189221446
687,137.49166110740492,0.625,0.2,0.5,0.5,0.18681989360297122,0.5957033663959089,0.15786089167024153,0.05961584833087824,2.577362189221446
688,137.69179452968646,0.625,0.2,0.5,0.5,0.18565395741282148,0.5967493486200349,0.15757707288436304,0.06001962108278043,2.577362189221446
689,137.89192795196797,0.625,0.2,0.5,0.5,0.1845024880467733,0.5977520951449241,0.15731135506058377,0.06043406174771883,2.577362189221446
690,138.09206137424948,0.625,0.2,0.5,0.5,0.18336604941474519,0.5987112466150797,0.15706369360931421,0.060859010360860895,2.577362189221446
691,138.29219479653102,0.625,0.2,0.5,0.5,0.18224518348059926,0.599626476550959,0.15683403684310052,0.061294303125341225,2.577362189221446
692,138.49232821881253,0.625,0.2,0.5,0.5,0.18114041034634293,0.6004974914261338,0.1566223261368071,0.06173977209071616,2.577362189221446
693,138.69246164109407,0.625,0.2,0.5,0.5,0.18005222820267391,0.6013240308059481,0.156428496089447,0.06219524490193103,2.577362189221446
694,138.89259506337558,0.625,0.2,0.5,0.5,0.17898111419263363,0.6021058670325448,0.1562524746041724,0.06266054417064927,2.577362189221446
695,139.0927284856571,0.625,0.2,0.5,0.5,0.17792752452962657,0.6028428052725512,0.1560941830187226,0.06313548717909968,2.577362189221446
696,139.29286190793863,0.625,0.2,0.5,0.5,0.1768918947483414,0.6035346834816436,0.15595353622506877,0.06361988554494614,2.577362189221446
697,139.49299533022014,0.625,0.2,0.5,0.5,0.17587463939496306,0.6041813725676263,0.15583044287270417,0.06411354516470638,2.577362189221446
698,139.69312875250165,0.625,0.2,0.5,0.5,0.17487615324929678,0.6047827759810548,0.15572480531903135,0.06461626545061692,2.577362189221446
699,139.8932621747832,0.625,0.2,0.5,0.5,0.1738968115469747,0.6053388296661603,0.1556365197340503,0.06512783905281463,2.577362189221446
700,140.0933955970647,0.625,0.2,0.5,0.5,0.17293697030028726,0.6058495019676562,0.15556547618246835,0.06564805154958799,2.577362189221446
701,140.29352901934624,0.625,0.2,0.5,0.5,0.17199696672254947,0.6063147934918296,0.15551155868230587,0.06617668110331486,2.577362189221446
702,140.49366244162775,0.625,0.2,0.5,0.5,0.1710771195849727,0.6067347369748219,0.15547464527145033,0.06671349816875481,2.577362189221446
703,140.69379586390926,0.625,0.2,0.5,0.5,0.17017772828713681,0.6071093974558547,0.15545460833802896,0.06725826591897945,2.577362189221446
704,140.8939292861908,0.625,0.2,0.5,0.5,0.1692990745075501,0.607438871812911,0.15545131440193227,0.0678107392776065,2.577362189221446
705,141.0940627084723,0.625,0.2,0.5,0.5,0.16844142264462633,0.6077232885855914,0.1554646241435263,0.06837066462625581,2.577362189221446
706,141.29419613075382,0.625,0.2,0.5,0.5,0.1676050198615748,0.6079628078872265,0.15549439250837682,0.06893777974282186,2.577362189221446
707,141.49432955303536,0.625,0.2,0.5,0.5,0.16679009641268486,0.6081576212415035,0.15554046874538968,0.06951181360042197,2.577362189221446
708,141.69446297531687,0.625,0.2,0.5,0.5,0.165996865965695,0.6083079514046632,0.15560269644137417,0.07009248618826762,2.577362189221446
709,141.8945963975984,0.625,0.2,0.5,0.5,0.1652255269238837,0.6084140512249608,0.15568091359901462,0.07067950825214084,2.577362189221446
710,142.09472981987992,0.625,0.2,0.5,0.5,0.164476262197557,0.6084762039428879,0.15577495264089725,0.07127258121865775,2.577362189221446
711,142.29486324216143,0.625,0.2,0.5,0.5,0.16374923900502997,0.6084947234401804,0.1558846404132345,0.07187139714155494,2.577362189221446
712,142.49499666444297,0.625,0.2,0.5,0.5,0.16304460958252212,0.6084699536064633,0.1560097982305265,0.07247563858048779,2.577362189221446
713,142.69513008672448,0.625,0.2,0.5,0.5,0.16236251149236847,0.6084022680578187,0.15615024190113408,0.07308497854867836,2.577362189221446
714,142.89526350900599,0.625,0.2,0.5,0.5,0.16170306791113515,0.6082920698456367,0.1563057817519843,0.07369908049124346,2.577362189221446
715,143.09539693128752,0.625,0.2,0.5,0.5,0.16106638868730344,0.6081397905747004,0.1564762226074216,0.07431759813057412,2.577362189221446
716,143.29553035356903,0.625,0.2,0.5,0.5,0.16045257078040717,0.6079458899484117,0.15666136380220363,0.07494017546897709,2.577362189221446
717,143.49566377585057,0.625,0.2,0.5,0.5,0.15986169742643522,0.6077108562209351,0.15686099926657707,0.07556644708605213,2.577362189221446
718,143.69579719813208,0.625,0.2,0.5,0.5,0.15929383900474178,0.6074352053705336,0.15707491751301308,0.076196038111711,2.577362189221446
719,143.8959306204136,0.625,0.2,0.5,0.5,0.15874905332742265,0.6071194806661275,0.1573029016557333,0.0768285643507161,2.577362189221446
720,144.09606404269513,0.625,0.2,0.5,0.5,0.1582273859101495,0.6067642522153928,0.15754472943127723,0.07746363244317996,2.577362189221446
721,144.29619746497664,0.625,0.2,0.5,0.5,0.1577288704752545,0.6063701163032352,0.15780017325632353,0.0781008399651862,2.577362189221446
722,144.49633088725815,0.625,0.2,0.5,0.5,0.15725352957721844,0.6059376946025079,0.15806900030770013,0.07873977551257302,2.577362189221446
723,144.6964643095397,0.625,0.2,0.5,0.5,0.15680137410012115,0.6054676342024525,0.15835097244665108,0.07938001925077473,2.577362189221446
724,144.8965977318212,0.625,0.2,0.5,0.5,0.15637240379802175,0.6049606068098052,0.1586458462979775,0.08002114309419496,2.577362189221446
725,145.09673115410274,0.625,0.2,0.5,0.5,0.155966607539229,0.6044173081351244,0.1589533732934705,0.0806627110321755,2.577362189221446
726,145.29686457638425,0.625,0.2,0.5,0.5,0.1555839635171516,0.6038384572641471,0.15927329971776488,0.08130427950093584,2.577362189221446
727,145.49699799866576,0.625,0.2,0.5,0.5,0.1552244395754846,0.6032247959890593,0.15960536671201503,0.08194539772344049,2.577362189221446
728,145.6971314209473,0.625,0.2,0.5,0.5,0.15488799390984292,0.6025770880740124,0.15994931014233574,0.08258560787380823,2.577362189221446
729,145.8972648432288,0.625,0.2,0.5,0.5,0.15457457452188134,0.6018961186092513,0.16030486091050108,0.08322444595836567,2.577362189221446
730,146.09739826551032,0.625,0.2,0.5,0.5,0.15428411960971267,0.6011826932447435,0.16067174493062947,0.08386144221491378,2.577362189221446
731,146.29753168779186,0.625,0.2,0.5,0.5,0.15401655778202042,0.6004376374088678,0.16104968316754664,0.08449612164156459,2.577362189221446
732,146.49766511007337,0.625,0.2,0.5,0.5,0.15377180821009578,0.5996617955006054,0.16143839169634533,0.08512800459295294,2.577362189221446
733,146.6977985323549,0.625,0.2,0.5,0.5,0.15354978080426598,0.5988560300998024,0.16183758176753046,0.08575660732840064,2.577362189221446
734,146.89793195463642,0.625,0.2,0.5,0.5,0.1533503767181867,0.5980212215629369,0.16224695988134438,0.08638144183753148,2.577362189221446
735,147.09806537691793,0.625,0.2,0.5,0.5,0.15317348805413655,0.5971582666403982,0.16266622785950058,0.0870020174459642,2.577362189221446
736,147.29819879919947,0.625,0.2,0.5,0.5,0.15301899802431115,0.5962680776345336,0.16309508292814587,0.08761784141300881,2.577362189221446
737,147.49833222148098,0.625,0.2,0.5,0.5,0.15288678111383192,0.5953515815486299,0.1635332178075059,0.08822841953003173,2.577362189221446
738,147.6984656437625,0.625,0.2,0.5,0.5,0.15277670316890013,0.5944097191342153,0.16398032080772698,0.08883325688915714,2.577362189221446
739,147.89859906604403,0.625,0.2,0.5,0.5,0.15268862148226084,0.5934434439376702,0.16443607592808443,0.08943185865198383,2.577362189221446
740,148.09873248832554,0.625,0.2,0.5,0.5,0.15262238519331833,0.5924537220899192,0.1649001628587694,0.09002372985799251,2.577362189221446
741,148.29886591060708,0.625,0.2,0.5,0.5,0.1525778350867844,0.5914415306935717,0.16537225717716286,0.0906083770424804,2.577362189221446
742,148.4989993328886,0.625,0.2,0.5,0.5,0.15255480357210283,0.5904078566403329,0.16585203048979594,0.09118530929776779,2.577362189221446
743,148.6991327551701,0.625,0.2,0.5,0.5,0.15255311482279327,0.5893536958102112,0.16633915052688183,0.09175403884011309,2.577362189221446
744,148.89926617745164,0.625,0.2,0.5,0.5,0.1525725848122535,0.5882800520357637,0.1668332812735396,0.09231408187844264,2.577362189221446
745,149.09939959973315,0.625,0.2,0.5,0.5,0.15261302133908775,0.587187936049057,0.16733408310826994,0.09286495950358478,2.577362189221446
746,149.29953302201466,0.625,0.2,0.5,0.5,0.1526742244273757,0.5860783650483453,0.16784121280664654,0.09340619771763191,2.577362189221446
747,149.4996664442962,0.625,0.2,0.5,0.5,0.15275598623681977,0.5849523614559489,0.16835432372981102,0.09393732857741974,2.577362189221446
748,149.6997998665777,0.625,0.2,0.5,0.5,0.15285809077173337,0.5838109513450159,0.16887306609134062,0.09445789179190958,2.577362189221446
749,149.89993328885924,0.625,0.2,0.5,0.5,0.1529803140945372,0.5826551637011561,0.16939708704222686,0.09496743516207927,2.577362189221446
750,150.10006671114076,0.625,0.2,0.5,0.5,0.1531224243464339,0.5814860293674912,0.16992603083163277,0.0954655154544417,2.577362189221446
751,150.30020013342227,0.625,0.2,0.5,0.5,0.15328418176307596,0.5803045799837236,0.17045953897433905,0.09595169927886088,2.577362189221446
752,150.5003335557038,0.625,0.2,0.5,0.5,0.1534653387432654,0.5791118474045095,0.17099725042357866,0.09642556342864599,2.577362189221446
753,150.70046697798531,0.625,0.2,0.5,0.5,0.1536656398979751,0.5779088629849161,0.17153880175117187,0.09688669536593658,2.577362189221446
754,150.90060040026682,0.625,0.2,0.5,0.5,0.15388482194340525,0.576696655587097,0.17208382733843486,0.09733469513106245,2.577362189221446
755,151.10073382254836,0.625,0.2,0.5,0.5,0.15412261376277764,0.5754762510318157,0.17263195957001423,0.09776917563539207,2.577362189221446
756,151.30086724482987,0.625,0.2,0.5,0.5,0.1543787364146365,0.5742486711275296,0.17318282903623067,0.09818976342160274,2.577362189221446
757,151.5010006671114,0.625,0.2,0.5,0.5,0.1546529031388223,0.5730149327046355,0.17373606474280254,0.09859609941373916,2.577362189221446
758,151.70113408939292,0.625,0.2,0.5,0.5,0.15494481945442914,0.5717760467855316,0.17429129428984322,0.09898783947019556,2.577362189221446
759,151.90126751167443,0.625,0.2,0.5,0.5,0.15525418338829813,0.5705330179422038,0.17484814400460133,0.09936465466489637,2.577362189221446
760,152.10140093395597,0.625,0.2,0.5,0.5,0.15558068513245824,0.5692868429206489,0.17540623931613275,0.09972623263075966,2.577362189221446
761,152.30153435623748,0.625,0.2,0.5,0.5,0.15592400720234875,0.5680385099413691,0.1759652049323538,0.10007227792392792,2.577362189221446
762,152.501667778519,0.625,0.2,0.5,0.5,0.15628382448511843,0.5667889978746453,0.17652466507037284,0.10040251256986293,2.577362189221446
763,152.70180120080053,0.625,0.2,0.5,0.5,0.15665980427971302,0.5655392754252845,0.17708424369864714,0.1007166765963549,2.577362189221446
764,152.90193462308204,0.625,0.2,0.5,0.5,0.15705160635714988,0.5642903003396229,0.17764356477238535,0.10101452853084139,2.577362189221446
765,153.10206804536358,0.625,0.2,0.5,0.5,0.15745888309627026,0.5630430186136149,0.1782022524130445,0.10129584587706976,2.577362189221446
766,153.3022014676451,0.625,0.2,0.5,0.5,0.15788127944204336,0.5617983638108344,0.17875993126008166,0.10156042548704008,2.577362189221446
767,153.5023348899266,0.625,0.2,0.5,0.5,0.15831843300217066,0.5605572563593596,0.17931622671146516,0.10180808392700398,2.577362189221446
768,153.70246831220814,0.625,0.2,0.5,0.5,0.1587699741391157,0.5593206028899568,0.17987076518208742,0.10203865778883948,2.577362189221446
769,153.90260173448965,0.625,0.2,0.5,0.5,0.15923552606227817,0.558089295615715,0.18042317437643007,0.10225200394557618,2.577362189221446
770,154.1027351567712,0.625,0.2,0.5,0.5,0.1597147049228218,0.5568642117204615,0.18097308356645936,0.10244799979025657,2.577362189221446
771,154.3028685790527,0.625,0.2,0.5,0.5,0.16020711980255195,0.5556462123276186,0.18152012386923844,0.10262654400059039,2.577362189221446
772,154.5030020013342,0.625,0.2,0.5,0.5,0.1607123729481551,0.5544361424314684,0.18206392854182843,0.10278755607854734,2.577362189221446
773,154.70313542361575,0.625,0.2,0.5,0.5,0.16123005990491104,0.553234830428484,0.18260413327605587,0.10293097639054842,2.577362189221446
774,154.90326884589726,0.625,0.2,0.5,0.5,0.16175976962916147,0.5520430875599316,0.18314037649706455,0.10305676631384174,2.577362189221446
775,155.10340226817877,0.625,0.2,0.5,0.5,0.16230108463926224,0.5508617074999868,0.18367229966858886,0.10316490819216151,2.577362189221446
776,155.3035356904603,0.625,0.2,0.5,0.5,0.16285358117907106,0.5496914659794738,0.18419954760170537,0.10325540523974898,2.577362189221446
777,155.50366911274182,0.625,0.2,0.5,0.5,0.16341682936323101,0.5485331196681499,0.1847217685869986,0.10332828238161976,2.577362189221446
778,155.70380253502336,0.625,0.2,0.5,0.5,0.16399039338274643,0.5473874062520924,0.18523861479755646,0.10338358556760409,2.577362189221446
779,155.90393595730487,0.625,0.2,0.5,0.5,0.16457383172609338,0.54625504458094,0.18574974270221897,0.10342138099074695,2.577362189221446
780,156.10406937958638,0.625,0.2,0.5,0.5,0.16516669738444592,0.5451367340909676,0.1862548133051021,0.10344175521948365,2.577362189221446
781,156.30420280186792,0.625,0.2,0.5,0.5,0.165768538084767,0.5440331545774388,0.18675349245922826,0.10344481487856517,2.577362189221446
782,156.50433622414943,0.625,0.2,0.5,0.5,0.16637889653887833,0.5429449660075066,0.18724545118249672,0.10343068627111764,2.577362189221446
783,156.70446964643094,0.625,0.2,0.5,0.5,0.16699731051640956,0.5418728078339338,0.1877303659053609,0.1033995157442951,2.577362189221446
784,156.90460306871248,0.625,0.2,0.5,0.5,0.1676233130426,0.5408172986532889,0.18820791875986517,0.10335146954424534,2.577362189221446
785,157.104736490994,0.625,0.2,0.5,0.5,0.16825643299932086,0.5397790369888371,0.18867779801142973,0.1032867320004116,2.577362189221446
786,157.30486991327552,0.625,0.2,0.5,0.5,0.16889619525953403,0.5387586007570816,0.18913969831496202,0.1032055056684217,2.577362189221446
787,157.50500333555703,0.625,0.2,0.5,0.5,0.16954212098869706,0.5377565471945758,0.18959332102653567,0.10310801079019083,2.577362189221446
788,157.70513675783855,0.625,0.2,0.5,0.5,0.17019372796220852,0.5367734128208499,0.19003837451506653,0.1029944847018743,2.577362189221446
789,157.90527018012008,0.625,0.2,0.5,0.5,0.1708505307818067,0.5358097131538092,0.19047457440352805,0.10286518166085523,2.577362189221446
790,158.1054036024016,0.625,0.2,0.5,0.5,0.17151204097856898,0.5348659421471489,0.19090164373182475,0.10272037314245655,2.577362189221446
791,158.3055370246831,0.625,0.2,0.5,0.5,0.1721777677761989,0.5339425732167855,0.19131931350476047,0.10256034550225437,2.577362189221446
792,158.50567044696464,0.625,0.2,0.5,0.5,0.17284721828856595,0.5330400588960972,0.19172732288948582,0.10238539992585022,2.577362189221446
793,158.70580386924615,0.625,0.2,0.5,0.5,0.1735198978695656,0.5321588308527104,0.19212541949251094,0.10219585178521226,2.577362189221446
794,158.9059372915277,0.625,0.2,0.5,0.5,0.17419531048848566,0.5312992999600722,0.19251335963977123,0.10199202991167014,2.577362189221446
795,159.1060707138092,0.625,0.2,0.5,0.5,0.17487295907093575,0.5304618562901573,0.19289090860913877,0.10177427602976738,2.577362189221446
796,159.3062041360907,0.625,0.2,0.5,0.5,0.17555234563705552,0.5296468686620329,0.1932578406634302,0.10154294503748047,2.577362189221446
797,159.50633755837225,0.625,0.2,0.5,0.5,0.17623297203042645,0.5288546854649586,0.1936139395974432,0.1012984029071709,2.577362189221446
798,159.70647098065376,0.625,0.2,0.5,0.5,0.17691434024630773,0.5280856346071773,0.19395899890633606,0.10104102624017805,2.577362189221446
799,159.90660440293527,0.625,0.2,0.5,0.5,0.17759595281491503,0.5273400235772885,0.1942928219849678,0.10077120162282772,2.577362189221446
800,160.1067378252168,0.625,0.2,0.5,0.5,0.1782773132238441,0.5266181395831465,0.19461522234338738,0.10048932484962105,2.577362189221446
801,160.30687124749832,0.625,0.2,0.5,0.5,0.17895792632246277,0.5259202496933364,0.1949260238089184,0.10019580017528157,2.577362189221446
802,160.50700466977986,0.625,0.2,0.5,0.5,0.17963729833160014,0.5252466008375721,0.19522506067965845,0.09989104015116837,2.577362189221446
803,160.70713809206137,0.625,0.2,0.5,0.5,0.1803149376753967,0.5245974201267887,0.1955121779405852,0.09957546425722844,2.577362189221446
804,160.90727151434288,0.625,0.2,0.5,0.5,0.18099035542285827,0.5239729150322574,0.19578723143031912,0.09924949811456422,2.577362189221446
805,161.10740493662442,0.625,0.2,0.5,0.5,0.18166306562559736,0.5233732735316085,0.1960500879842747,0.09891357285851855,2.577362189221446
806,161.30753835890593,0.625,0.2,0.5,0.5,0.18233258574858807,0.5227986642956282,0.19630062557169864,0.0985681243840842,2.577362189221446
807,161.50767178118744,0.625,0.2,0.5,0.5,0.18299843706938423,0.5222492368257995,0.19653873337909836,0.09821359272571688,2.577362189221446
808,161.70780520346898,0.625,0.2,0.5,0.5,0.18366014509803055,0.5217251219324405,0.19676431207354217,0.09785042089598577,2.577362189221446
809,161.9079386257505,0.625,0.2,0.5,0.5,0.18431723981120288,0.5212264314487618,0.19697727357230976,0.09747905516772447,2.577362189221446
810,162.10807204803203,0.625,0.2,0.5,0.5,0.18496925641740675,0.5207532588409365,0.19717754141404306,0.09709994332761258,2.577362189221446
811,162.30820547031354,0.625,0.2,0.5,0.5,0.18561573562505296,0.520305679273243,0.19736505069794605,0.09671353440375684,2.577362189221446
812,162.50833889259505,0.625,0.2,0.5,0.5,0.18625622406875852,0.5198837498250434,0.19753974812304576,0.0963202779831511,2.577362189221446
813,162.7084723148766,0.625,0.2,0.5,0.5,0.18689027473218947,0.519487509705561,0.19770159200646922,0.09592062355577914,2.577362189221446
814,162.9086057371581,0.625,0.2,0.5,0.5,0.1875174472903481,0.5191169805730762,0.19785055235256413,0.09551501978401046,2.577362189221446
815,163.1087391594396,0.625,0.2,0.5,0.5,0.18813730846622706,0.5187721668272732,0.19798661088443156,0.0951039138220671,2.577362189221446
816,163.30887258172115,0.625,0.2,0.5,0.5,0.18874943254837748,0.518453055672072,0.19810976090133875,0.09468775087821069,2.577362189221446
817,163.50900600400266,0.625,0.2,0.5,0.5,0.18935340172874698,0.5181596174200301,0.19822000727937122,0.09426697357185063,2.577362189221446
818,163.7091394262842,0.625,0.2,0.5,0.5,0.18994880648837723,0.517891805732765,0.1983173664211923,0.09384202135766444,2.577362189221446
819,163.9092728485657,0.625,0.2,0.5,0.5,0.1905352459834613,0.517649557871145,0.19840186621486128,0.09341332993053152,2.577362189221446
820,164.10940627084722,0.625,0.2,0.5,0.5,0.19111232840777967,0.5174327949153426,0.19847354588171873,0.0929813307951581,2.577362189221446
821,164.30953969312876,0.625,0.2,0.5,0.5,0.19167967136380323,0.5172414220097158,0.19853245587730337,0.09254645074917665,2.577362189221446
822,164.50967311541027,0.625,0.2,0.5,0.5,0.19223690220593537,0.517075328617814,0.19857865777405742,0.09210911140219225,2.577362189221446
823,164.70980653769178,0.625,0.2,0.5,0.5,0.19278365824279642,0.516934388874573,0.1986122242242787,0.09166972865835085,2.577362189221446
824,164.90993995997331,0.625,0.2,0.5,0.5,0.19331958721475442,0.5168184617382914,0.19863323869631397,0.0912287123506393,2.577362189221446
825,165.11007338225482,0.625,0.2,0.5,0.5,0.19384434760254915,0.5167273912607303,0.19864179531393358,0.09078646582278592,2.577362189221446
826,165.31020680453636,0.625,0.2,0.5,0.5,0.19435760892178003,0.5166610068589617,0.1986379986816586,0.09034338553759866,2.577362189221446
827,165.51034022681787,0.625,0.2,0.5,0.5,0.19485905186082006,0.5166191235483398,0.19862196374267402,0.08989986084816506,2.577362189221446
828,165.71047364909938,0.625,0.2,0.5,0.5,0.19534836866157415,0.5166015422227919,0.19859381552706334,0.08945627358856967,2.577362189221446
829,165.91060707138092,0.625,0.2,0.5,0.5,0.19582526343336373,0.5166080499270835,0.19855368890544633,0.08901299773410538,2.577362189221446
830,166.11074049366243,0.625,0.2,0.5,0.5,0.19628945237413045,0.5166384201164526,0.19850172835762575,0.08857039915179027,2.577362189221446
831,166.31087391594394,0.625,0.2,0.5,0.5,0.19674066392809622,0.5166924129110352,0.19843808777503708,0.08812883538583065,2.577362189221446
832,166.51100733822548,0.625,0.2,0.5,0.5,0.19717863900380486,0.5167697753632723,0.1983629301981742,0.0876886554347478,2.577362189221446
833,166.711140760507,0.625,0.2,0.5,0.5,0.19760313127521398,0.5168702417417895,0.19827642747315471,0.08725019950984088,2.577362189221446
834,166.91127418278853,0.625,0.2,0.5,0.5,0.19801390733731541,0.516993533796523,0.19817875998707168,0.08681379887908909,2.577362189221446
835,167.11140760507004,0.625,0.2,0.5,0.5,0.1984107468317191,0.5171393610390801,0.19807011642526104,0.086379775703939,2.577362189221446
836,167.31154102735155,0.625,0.2,0.5,0.5,0.19879344251233044,0.5173074210304202,0.1979506935664889,0.0859484428907597,2.577362189221446
837,167.5116744496331,0.625,0.2,0.5,0.5,0.19916180054406457,0.5174973996416872,0.19782069579496736,0.08552010401928012,2.577362189221446
838,167.7118078719146,0.625,0.2,0.5,0.5,0.19951564057412186,0.5177089713418986,0.19768033483391925,0.08509505325005944,2.577362189221446
839,167.9119412941961,0.625,0.2,0.5,0.5,0.1998547958269959,0.5179417994840086,0.1975298294422751,0.0846735752467195,2.577362189221446
840,168.11207471647765,0.625,0.2,0.5,0.5,0.20017911312918465,0.5181955366028388,0.1973694052303525,0.08425594503762315,2.577362189221446
841,168.31220813875916,0.625,0.2,0.5,0.5,0.20048845305957042,0.518469824690657,0.19719929414255136,0.08384242810722022,2.577362189221446
842,168.5123415610407,0.625,0.2,0.5,0.5,0.20078268999077617,0.5187642954912083,0.19701973414457713,0.08343328037343747,2.577362189221446
843,168.7124749833222,0.625,0.2,0.5,0.5,0.20106171212163143,0.5190785707955411,0.1968309688906819,0.08302874819214454,2.577362189221446
844,168.91260840560372,0.625,0.2,0.5,0.5,0.20132542144601054,0.5194122627591413,0.1966332475600378,0.0826290682348093,2.577362189221446
845,169.11274182788526,0.625,0.2,0.5,0.5,0.20157373379913937,0.5197649741863579,0.19642682435097442,0.0822344676635273,2.577362189221446
846,169.31287525016677,0.625,0.2,0.5,0.5,0.2018065788489894,0.5201362988317572,0.1962119581061287,0.08184516421312374,2.577362189221446
847,169.51300867244828,0.625,0.2,0.5,0.5,0.20202390005700274,0.5205258217094111,0.19598891198309343,0.0814613662504917,2.577362189221446
848,169.71314209472982,0.625,0.2,0.5,0.5,0.2022256546205311,0.5209331194154622,0.195757953254324,0.08108327270968166,2.577362189221446
849,169.91327551701133,0.625,0.2,0.5,0.5,0.20241181341141762,0.5213577604368367,0.19551935290635128,0.08071107324539332,2.577362189221446
850,170.11340893929287,0.625,0.2,0.5,0.5,0.20258236090130693,0.5217993054582638,0.19527338518253523,0.08034494845789293,2.577362189221446
851,170.31354236157438,0.625,0.2,0.5,0.5,0.20273729505980162,0.5222573076855214,0.19502032728195123,0.07998506997272474,2.577362189221446
852,170.5136757838559,0.625,0.2,0.5,0.5,0.20287662728622854,0.5227313131634541,0.194760459098488,0.07963160045182831,2.577362189221446
853,170.71380920613743,0.625,0.2,0.5,0.5,0.20300038214386892,0.523220861128654,0.19449406295534014,0.07928469377213591,2.577362189221446
854,170.91394262841894,0.625,0.2,0.5,0.5,0.20310859747561766,0.5237254842820244,0.19422142308357387,0.07894449515878302,2.577362189221446
855,171.11407605070045,0.625,0.2,0.5,0.5,0.20320132398306964,0.5242447091685857,0.19394282535101856,0.07861114149732511,2.577362189221446
856,171.314209472982,0.625,0.2,0.5,0.5,0.20327862518869205,0.5247780564883748,0.19365855699095305,0.07828476133197905,2.577362189221446
857,171.5143428952635,0.625,0.2,0.5,0.5,0.20334057728530647,0.5253250414310188,0.1933689064509603,0.07796547483271336,2.577362189221446
858,171.71447631754504,0.625,0.2,0.5,0.5,0.20338726884321104,0.5258851740201731,0.19307416275959013,0.07765339437702462,2.577362189221446
859,171.91460973982655,0.625,0.2,0.5,0.5,0.20341880063390919,0.5264579594498789,0.1927746152879835,0.07734862462822728,2.577362189221446
860,172.11474316210806,0.625,0.2,0.5,0.5,0.2034352854298466,0.5270428984225838,0.19247055343023362,0.07705126271733498,2.577362189221446
861,172.3148765843896,0.625,0.2,0.5,0.5,0.203436847712731,0.527639487500194,0.19216226658047658,0.07676139820659733,2.577362189221446
862,172.5150100066711,0.625,0.2,0.5,0.5,0.20342362340346176,0.5282472194519798,0.1918500440337894,0.07647911311076777,2.577362189221446
863,172.71514342895262,0.625,0.2,0.5,0.5,0.2033957598385471,0.5288655835665798,0.19153417401800377,0.07620448257686822,2.577362189221446
864,172.91527685123415,0.625,0.2,0.5,0.5,0.2033534154804692,0.5294940660027543,0.19121494366358513,0.07593757485319023,2.577362189221446
865,173.11541027351566,0.625,0.2,0.5,0.5,0.20329675970190608,0.5301321501294328,0.1908926387026572,0.07567845146600276,2.577362189221446
866,173.3155436957972,0.625,0.2,0.5,0.5,0.20322597175599053,0.530779316994785,0.19056754380235222,0.0754271674468712,2.577362189221446
867,173.5156771180787,0.625,0.2,0.5,0.5,0.20314124083369742,0.5314350456229885,0.19023994204605305,0.07518377149725988,2.577362189221446
868,173.71581054036022,0.625,0.2,0.5,0.5,0.203042766440859,0.5320988132603399,0.18991011416410544,0.07494830613469451,2.577362189221446
869,173.91594396264176,0.625,0.2,0.5,0.5,0.20293075778502387,0.5327700957782966,0.18957833854063075,0.07472080789604763,2.577362189221446
870,174.11607738492327,0.625,0.2,0.5,0.5,0.20280543347113916,0.5334483680239651,0.18924489098224911,0.0745013075226455,2.577362189221446
871,174.31621080720478,0.625,0.2,0.5,0.5,0.20266702014886875,0.5341331042664649,0.18891004538586897,0.07428983019879634,2.577362189221446
872,174.51634422948632,0.625,0.2,0.5,0.5,0.20251575317812895,0.534823778458721,0.18857407267567272,0.0740863956874762,2.577362189221446
873,174.71647765176783,0.625,0.2,0.5,0.5,0.20235187650080985,0.5355198645718536,0.18823724042086995,0.07389101850646544,2.577362189221446
874,174.91661107404937,0.625,0.2,0.5,0.5,0.20217564209124317,0.5362208369680916,0.18789981281471332,0.07370370812595071,2.577362189221446
875,175.11674449633088,0.625,0.2,0.5,0.5,0.20198730953670851,0.5369261707482647,0.18756205059199532,0.0735244691230303,2.577362189221446
876,175.3168779186124,0.625,0.2,0.5,0.5,0.20178714491527522,0.5376353420875243,0.18722421183013732,0.07335330116706197,2.577362189221446
877,175.51701134089393,0.625,0.2,0.5,0.5,0.20157542147530552,0.5383478286012476,0.1868865504847084,0.07319019943873721,2.577362189221446
878,175.71714476317544,0.625,0.2,0.5,0.5,0.20135241913534038,0.5390631096911789,0.18654931640830136,0.07303515476517806,2.577362189221446
879,175.91727818545695,0.625,0.2,0.5,0.5,0.2011184240537004,0.5397806668927398,0.18621275528174155,0.07288815377181693,2.577362189221446
880,176.1174116077385,0.625,0.2,0.5,0.5,0.20087372815001936,0.5404999841727823,0.18587710874567515,0.0727491789315218,2.577362189221446
881,176.31754503002,0.625,0.2,0.5,0.5,0.20061862840556607,0.5412205481521816,0.18554261501543007,0.07261820842682094,2.577362189221446
882,176.51767845230154,0.625,0.2,0.5,0.5,0.20035342713250273,0.541941848657641,0.18520950737907932,0.07249521683077562,2.577362189221446
883,176.71781187458305,0.625,0.2,0.5,0.5,0.20007843142633713,0.5426633789959734,0.1848780144799496,0.07238017509773853,2.577362189221446
884,176.91794529686456,0.625,0.2,0.5,0.5,0.1997939527973659,0.5433846362891984,0.18454836020809326,0.07227305070534107,2.577362189221446
885,177.1180787191461,0.625,0.2,0.5,0.5,0.19950030673021704,0.5441051215939765,0.18422076422455574,0.07217380745124947,2.577362189221446
886,177.3182121414276,0.625,0.2,0.5,0.5,0.19919781230072217,0.5448243401571748,0.18389544207020553,0.07208240547189618,2.577362189221446
887,177.51834556370912,0.625,0.2,0.5,0.5,0.19888679200882356,0.5455418021844362,0.18357260370904754,0.07199880209769152,2.577362189221446
888,177.71847898599066,0.625,0.2,0.5,0.5,0.1985675713419756,0.546257022968773,0.18325245402453058,0.07192295166471951,2.577362189221446
889,177.91861240827217,0.625,0.2,0.5,0.5,0.19824047842376977,0.5469695232215372,0.18293519269827546,0.07185480565641629,2.577362189221446
890,178.1187458305537,0.625,0.2,0.5,0.5,0.1979058436648741,0.5476788293948,0.18262101410600345,0.0717943128343212,2.577362189221446
891,178.31887925283522,0.625,0.2,0.5,0.5,0.19756399951994827,0.548384473207487,0.18231010897312824,0.07174141829943526,2.577362189221446
892,178.51901267511673,0.625,0.2,0.5,0.5,0.19721528006657787,0.5490859925087704,0.1820026630750749,0.07169606434957548,2.577362189221446
893,178.71914609739827,0.625,0.2,0.5,0.5,0.1968600206024292,0.5497829320045673,0.18169885624012647,0.07165819115287575,2.577362189221446
894,178.91927951967978,0.625,0.2,0.5,0.5,0.19649855734032526,0.5504748432482992,0.18139886297821656,0.07162773643315774,2.577362189221446
895,179.1194129419613,0.625,0.2,0.5,0.5,0.19613122706067704,0.5511612849520675,0.18110285240162158,0.07160463558563258,2.577362189221446
896,179.31954636424283,0.625,0.2,0.5,0.5,0.1957583668431949,0.5518418231879418,0.1808109882790211,0.07158882168984085,2.577362189221446
897,179.51967978652434,0.625,0.2,0.5,0.5,0.19538031460436525,0.5525160304724217,0.18052343044503616,0.07158022447817561,2.577362189221446
898,179.71981320880587,0.625,0.2,0.5,0.5,0.19499740773518534,0.5531834874840258,0.1802403330139737,0.07157877176681382,2.577362189221446
899,179.91994663108738,0.625,0.2,0.5,0.5,0.19460998284584108,0.5538437832466088,0.17996184445569838,0.07158438945185046,2.577362189221446
900,180.1200800533689,0.625,0.2,0.5,0.5,0.1942183756111927,0.5544965151729533,0.17968810784108658,0.07159700137476611,2.577362189221446
901,180.32021347565043,0.625,0.2,0.5,0.5,0.19382292044452132,0.5551412893464008,0.1794192607985761,0.0716165294105004,2.577362189221446
902,180.52034689793194,0.625,0.2,0.5,0.5,0.19342395050751657,0.555777720420387,0.17915543578558535,0.07164289328650982,2.577362189221446
903,180.72048032021348,0.625,0.2,0.5,0.5,0.19302179851266368,0.5564054306175156,0.17889676110196703,0.07167600976785246,2.577362189221446
904,180.920613742495,0.625,0.2,0.5,0.5,0.19261679456143077,0.5570240520970687,0.17864335912766685,0.07171579421383234,2.577362189221446
905,181.1207471647765,0.625,0.2,0.5,0.5,0.19220926641707228,0.5576332265558857,0.17839534684025415,0.07176216018678662,2.577362189221446
906,181.32088058705804,0.625,0.2,0.5,0.5,0.19179953931554125,0.5582326053541213,0.17815283589991893,0.07181501943041714,2.577362189221446
907,181.52101400933955,0.625,0.2,0.5,0.5,0.19138793567170018,0.5588218497599861,0.17791593263642233,0.07187428193189017,2.577362189221446
908,181.72114743162106,0.625,0.2,0.5,0.5,0.19097477558141068,0.5594006303462096,0.1776847385481311,0.0719398555242474,2.577362189221446
909,181.9212808539026,0.625,0.2,0.5,0.5,0.19056037709240203,0.5599686266329494,0.17745935065227997,0.07201164562236737,2.577362189221446
910,182.1214142761841,0.625,0.2,0.5,0.5,0.1901450540587743,0.560525529306142,0.17723986028049699,0.07208955635458558,2.577362189221446
911,182.32154769846565,0.625,0.2,0.5,0.5,0.1897291167202122,0.5610710395317654,0.17702635362746144,0.07217349012055982,2.577362189221446
912,182.52168112074716,0.625,0.2,0.5,0.5,0.18931287146477285,0.5616048691402774,0.17681891177425685,0.07226334762069177,2.577362189221446
913,182.72181454302867,0.625,0.2,0.5,0.5,0.18889662058291223,0.562126740820882,0.17661761070338203,0.07235902789282248,2.577362189221446
914,182.9219479653102,0.625,0.2,0.5,0.5,0.18848066357910553,0.562636386734712,0.17642252188102342,0.07246042780515786,2.577362189221446
915,183.12208138759172,0.625,0.2,0.5,0.5,0.18806529609976058,0.5631335495476675,0.17623371197120336,0.07256744238136742,2.577362189221446
916,183.32221480987323,0.625,0.2,0.5,0.5,0.18765080862961922,0.5636179836982599,0.17605124246561388,0.0726799652065058,2.577362189221446
917,183.52234823215477,0.625,0.2,0.5,0.5,0.18723748700845827,0.5640894548177021,0.17587516997638675,0.07279788819745175,2.577362189221446
918,183.72248165443628,0.625,0.2,0.5,0.5,0.18682561222059904,0.5645477398881568,0.17570554626402704,0.07292110162721603,2.577362189221446
919,183.92261507671782,0.625,0.2,0.5,0.5,0.18641546031254322,0.5649926272667651,0.1755424182983624,0.07304949412232813,2.577362189221446
920,184.12274849899933,0.625,0.2,0.5,0.5,0.1860073040619645,0.5654239148750163,0.1753858287707809,0.07318295229223716,2.577362189221446
921,184.32288192128084,0.625,0.2,0.5,0.5,0.18560141076961692,0.565841412449613,0.17523581560742352,0.0733213611733454,2.577362189221446
922,184.52301534356238,0.625,0.2,0.5,0.5,0.18519804207270957,0.5662449416757204,0.17509241200326736,0.07346460424830155,2.577362189221446
923,184.7231487658439,0.625,0.2,0.5,0.5,0.18479745419818308,0.5666343358593886,0.17495564656956264,0.07361256337286448,2.577362189221446
924,184.9232821881254,0.625,0.2,0.5,0.5,0.18439989779756316,0.5670094400383016,0.17482554337345038,0.07376511879068368,2.577362189221446
925,185.12341561040694,0.625,0.2,0.5,0.5,0.18400561816326771,0.5673701106688332,0.1747021220451473,0.07392214912275069,2.577362189221446
926,185.32354903268845,0.625,0.2,0.5,0.5,0.18361485667959349,0.56771621394171,0.17458539810382884,0.07408353127486657,2.577362189221446
927,185.52368245497,0.625,0.2,0.5,0.5,0.18322784821583232,0.5680476286048676,0.17447538256474276,0.07424914061455627,2.577362189221446
928,185.7238158772515,0.625,0.2,0.5,0.5,0.18284482167488947,0.5683642452813993,0.174372082105256,0.07441885093845423,2.577362189221446
929,185.923949299533,0.625,0.2,0.5,0.5,0.18246600004711805,0.568665966337076,0.17427549914326065,0.07459253447254428,2.577362189221446
930,186.12408272181455,0.625,0.2,0.5,0.5,0.18209160028874746,0.5689527059426948,0.17418563188451017,0.07477006188404663,2.577362189221446
931,186.32421614409606,0.625,0.2,0.5,0.5,0.18172183408794174,0.5692243890678872,0.17410247446855917,0.07495130237561087,2.577362189221446
932,186.52434956637757,0.625,0.2,0.5,0.5,0.18135690786429232,0.5694809513977295,0.17402601702954826,0.07513612370842894,2.577362189221446
933,186.7244829886591,0.625,0.2,0.5,0.5,0.18099702182343072,0.5697223403868094,0.17395624565202567,0.07532439213773327,2.577362189221446
934,186.92461641094062,0.625,0.2,0.5,0.5,0.18064236966118266,0.5699485155313682,0.17389314239892414,0.07551597240852392,2.577362189221446
935,187.12474983322215,0.625,0.2,0.5,0.5,0.18029313892453622,0.5701594478507621,0.17383668541250083,0.07571072781219973,2.577362189221446
936,187.32488325550366,0.625,0.2,0.5,0.5,0.1799495109149366,0.5703551199195975,0.17378684896439148,0.07590852020107317,2.577362189221446
937,187.52501667778517,0.625,0.2,0.5,0.5,0.1796116616519413,0.5705355244535598,0.1737436035964806,0.07610921029801708,2.577362189221446
938,187.7251501000667,0.625,0.2,0.5,0.5,0.17927976143253646,0.5707006648133481,0.1737069161419118,0.07631265761220236,2.577362189221446
939,187.92528352234822,0.625,0.2,0.5,0.5,0.17895397385146594,0.5708505562454788,0.17367674970020616,0.0765187202028479,2.577362189221446
940,188.12541694462973,0.625,0.2,0.5,0.5,0.17863445637104017,0.5709852250091122,0.17365306374500478,0.07672725487484161,2.577362189221446
941,188.32555036691127,0.625,0.2,0.5,0.5,0.17832136032332407,0.5711047082788342,0.17363581418347188,0.07693811721436855,2.577362189221446
942,188.52568378919278,0.625,0.2,0.5,0.5,0.17801483092350046,0.5712090540333097,0.17362495341683226,0.07715116162635634,2.577362189221446
943,188.72581721147432,0.625,0.2,0.5,0.5,0.177715007288373,0.5712983208895593,0.17362043039368957,0.07736624142837677,2.577362189221446
944,188.92595063375583,0.625,0.2,0.5,0.5,0.17742202242972316,0.5713725776808375,0.1736221906141996,0.0775832092752384,2.577362189221446
945,189.12608405603734,0.625,0.2,0.5,0.5,0.17713600335526258,0.5714319036635344,0.17363017626885235,0.07780191671234937,2.577362189221446
946,189.32621747831888,0.625,0.2,0.5,0.5,0.17685707111448487,0.5714763882678789,0.17364432628664409,0.07802221433099077,2.577362189221446
947,189.5263509006004,0.625,0.2,0.5,0.5,0.17658534085959315,0.5715061308605353,0.1736645763897835,0.07824395189008673,2.577362189221446
948,189.7264843228819,0.625,0.2,0.5,0.5,0.17632092192376336,0.5715212405341678,0.17369085915806096,0.07846697838400662,2.577362189221446
949,189.92661774516344,0.625,0.2,0.5,0.5,0.176063917910449,0.5715218358819916,0.1737231040941676,0.0786911421133905,2.577362189221446
950,190.12675116744495,0.625,0.2,0.5,0.5,0.1758144257741472,0.571508045813357,0.17376123763715817,0.07891629077533635,2.577362189221446
951,190.3268845897265,0.625,0.2,0.5,0.5,0.17557253543041054,0.5714800098175783,0.1738051832037024,0.07914227154830741,2.577362189221446
952,190.527018012008,0.625,0.2,0.5,0.5,0.17533833188217002,0.5714378756178716,0.17385486136003966,0.07936893113991737,2.577362189221446
953,190.7271514342895,0.625,0.2,0.5,0.5,0.17511189429630775,0.5713817999805456,0.17391018983635848,0.07959611588678679,2.577362189221446
954,190.92728485657105,0.625,0.2,0.5,0.5,0.1748932960465581,0.5713119485197231,0.1739710835916024,0.0798236718421151,2.577362189221446
955,191.12741827885256,0.625,0.2,0.5,0.5,0.17468260477440622,0.571228495479842,0.17403745487958577,0.0800514448661646,2.577362189221446
956,191.32755170113407,0.625,0.2,0.5,0.5,0.1744798824123471,0.5711316235526468,0.17410921330993132,0.08027928072507333,2.577362189221446
957,191.5276851234156,0.625,0.2,0.5,0.5,0.17428518453790084,0.5710215243693738,0.17418626581808536,0.08050702527463852,2.577362189221446
958,191.72781854569712,0.625,0.2,0.5,0.5,0.17409856116999708,0.5708983975260927,0.17426851683107333,0.0807345244728354,2.577362189221446
959,191.92795196797866,0.625,0.2,0.5,0.5,0.17392005685345346,0.5707624503275188,0.17435586833654204,0.08096162448248422,2.577362189221446
960,192.12808539026017,0.625,0.2,0.5,0.5,0.17374971054386923,0.5706138977295946,0.17444821992463802,0.08118817180189669,2.577362189221446
961,192.32821881254168,0.625,0.2,0.5,0.5,0.17358755566509712,0.5704529621033138,0.17454546885324562,0.08141401337834203,2.577362189221446
962,192.52835223482322,0.625,0.2,0.5,0.5,0.17343362016982314,0.5702798729917002,0.17464751011357846,0.08163899672489677,2.577362189221446
963,192.72848565710473,0.625,0.2,0.5,0.5,0.17328792650311473,0.5700948669900668,0.17475423650017333,0.0818629700066436,2.577362189221446
964,192.92861907938624,0.625,0.2,0.5,0.5,0.17315049148746445,0.5698981877254798,0.1748655386845379,0.0820857821025164,2.577362189221446
965,193.12875250166778,0.625,0.2,0.5,0.5,0.17302132675296472,0.5696900851250518,0.174981305267231,0.08230728285475111,2.577362189221446
966,193.3288859239493,0.625,0.2,0.5,0.5,0.17290043865707003,0.5694708153446788,0.17510142285106348,0.0825273231471864,2.577362189221446
967,193.52901934623083,0.625,0.2,0.5,0.5,0.17278782833679598,0.5692406405228758,0.17522577610942208,0.08274575503090491,2.577362189221446
968,193.72915276851234,0.625,0.2,0.5,0.5,0.17268349177393635,0.5689998285148908,0.17535424785454515,0.08296243185662648,2.577362189221446
969,193.92928619079385,0.625,0.2,0.5,0.5,0.1725874198578618,0.5687486526272362,0.17548671910865554,0.0831772084062453,2.577362189221446
970,194.12941961307538,0.625,0.2,0.5,0.5,0.17249959815974897,0.5684873917295036,0.17562306932923635,0.0833899407815099,2.577362189221446
971,194.3295530353569,0.625,0.2,0.5,0.5,0.17242000720363448,0.5682163297090868,0.17576317637321798,0.08360048671405954,2.577362189221446
972,194.5296864576384,0.625,0.2,0.5,0.5,0.17234862266159023,0.5679357550230693,0.17590691650286053,0.08380870581247869,2.577362189221446
973,194.72981987991994,0.625,0.2,0.5,0.5,0.1722854153029686,0.5676459605712401,0.17605416452323544,0.0840144596025546,2.577362189221446
974,194.92995330220145,0.625,0.2,0.5,0.5,0.1722303510572044,0.5673472434167857,0.1762047938612494,0.08421761166475919,2.577362189221446
975,195.130086724483,0.625,0.2,0.5,0.5,0.1721833910778624,0.5670399045025749,0.1763586766455885,0.08441802777397278,2.577362189221446
976,195.3302201467645,0.625,0.2,0.5,0.5,0.1721444917272087,0.5667242486561682,0.1765156837262344,0.08461557589038728,2.577362189221446
977,195.530353569046,0.625,0.2,0.5,0.5,0.17211360503372736,0.5664005837579886,0.17667568485362253,0.08481012635466013,2.577362189221446
978,195.73048699132755,0.625,0.2,0.5,0.5,0.17209067805695696,0.56606922153979,0.17683854855773867,0.08500155184551314,2.577362189221446
979,195.93062041360906,0.625,0.2,0.5,0.5,0.17207565354231547,0.5657304760613243,0.17700414247155882,0.08518972792480019,2.577362189221446
980,196.13075383589057,0.625,0.2,0.5,0.5,0.17206846979053614,0.5653846639541446,0.17717233330374493,0.08537453295157321,2.577362189221446
981,196.3308872581721,0.625,0.2,0.5,0.5,0.1720690607340067,0.5650321041224895,0.17734298692129744,0.08555584822220529,2.577362189221446
982,196.53102068045362,0.625,0.2,0.5,0.5,0.17207735601310856,0.564673117444169,0.17751596843220774,0.08573355811051356,2.577362189221446
983,196.73115410273516,0.625,0.2,0.5,0.5,0.17209328098680374,0.5643080269170341,0.17769114229525448,0.08590754980090663,2.577362189221446
984,196.93128752501667,0.625,0.2,0.5,0.5,0.1721167568242325,0.5639371572564598,0.17786837239635708,0.08607771352294964,2.577362189221446
985,197.13142094729818,0.625,0.2,0.5,0.5,0.172147700659277,0.5635608340661229,0.17804752209893604,0.08624394317566295,2.577362189221446
986,197.33155436957972,0.625,0.2,0.5,0.5,0.17218602561995042,0.5631793838570557,0.17822845434594742,0.0864061361770454,2.577362189221446
987,197.53168779186123,0.625,0.2,0.5,0.5,0.17223164090308585,0.562793133759713,0.1784110317432163,0.08656419359398382,2.577362189221446
988,197.73182121414274,0.625,0.2,0.5,0.5,0.17228445184902574,0.5624024112360385,0.1785951166427708,0.08671802027216385,2.577362189221446
989,197.93195463642428,0.625,0.2,0.5,0.5,0.17234436000726522,0.5620075440032621,0.17878057124634994,0.08686752474312157,2.577362189221446
990,198.1320880587058,0.625,0.2,0.5,0.5,0.17241126317329664,0.5616088606317856,0.17896725777314001,0.08701261842177663,2.577362189221446
991,198.33222148098733,0.625,0.2,0.5,0.5,0.1724850555240931,0.5612066888342553,0.17915503840752262,0.0871532172341279,2.577362189221446
992,198.53235490326884,0.625,0.2,0.5,0.5,0.17256562767474365,0.560801355600214,0.17934377542267282,0.08728924130236837,2.577362189221446
993,198.73248832555035,0.625,0.2,0.5,0.5,0.17265286674790964,0.5603931870306501,0.1795333312755638,0.08742061494587526,2.577362189221446
994,198.9326217478319,0.625,0.2,0.5,0.5,0.17274665644774584,0.559982508068044,0.17972356869201336,0.0875472667921957,2.577362189221446
995,199.1327551701134,0.625,0.2,0.5,0.5,0.1728468771372079,0.5595696422361737,0.17991435075261766,0.08766912987399958,2.577362189221446
996,199.3328885923949,0.625,0.2,0.5,0.5,0.17295340620025998,0.5591549122009826,0.1801055410532859,0.08778614054547033,2.577362189221446
997,199.53302201467645,0.625,0.2,0.5,0.5,0.17306611791146534,0.5587386389117598,0.1802970037367832,0.08789823943999046,2.577362189221446
998,199.73315543695796,0.625,0.2,0.5,0.5,0.17318488336160132,0.5583211409037796,0.18048860353894375,0.08800537219567413,2.577362189221446
999,199.9332888592395,0.625,0.2,0.5,0.5,0.17330957066123037,0.5579027344019889,0.18068020590766648,0.08810748902911303,2.577362189221446
1000,200.133422281521,0.625,0.2,0.5,0.5,0.17344004502045127,0.5574837330678561,0.18087167708948856,0.0882045448222028,2.577362189221446
1001,200.33355570380252,0.625,0.2,0.5,0.5,0.1735761688286503,0.5570644477462197,0.18106288421615888,0.08829649920896988,2.577362189221446
1002,200.53368912608406,0.625,0.2,0.5,0.5,0.17371780187714925,0.5566451866232842,0.1812536954062533,0.08838331609331208,2.577362189221446
1003,200.73382254836557,0.625,0.2,0.5,0.5,0.17386480173579083,0.5562262558275317,0.18144397988299338,0.08846496255368291,2.577362189221446
1004,200.93395597064708,0.625,0.2,0.5,0.5,0.17401702322382812,0.5558079574247299,0.18163360799673,0.08854141135471089,2.577362189221446
1005,201.13408939292862,0.625,0.2,0.5,0.5,0.174174318724518,0.5553905898404772,0.1818224513362368,0.08861264009876685,2.577362189221446
1006,201.33422281521013,0.625,0.2,0.5,0.5,0.17433653829508897,0.5549744476939923,0.18201038281846432,0.08867863119245328,2.577362189221446
1007,201.53435623749166,0.625,0.2,0.5,0.5,0.17450352975426145,0.5545598215673153,0.18219727677593142,0.08873937190249073,2.577362189221446
1008,201.73448965977317,0.625,0.2,0.5,0.5,0.17467513878904364,0.5541469978459246,0.18238300904082547,0.08879485432420507,2.577362189221446
1009,201.93462308205469,0.625,0.2,0.5,0.5,0.17485120947902894,0.5537362601061652,0.182567456957821,0.08884507345698368,2.577362189221446
1010,202.13475650433622,0.625,0.2,0.5,0.5,0.17503158394191728,0.5533278872468775,0.1827504995469353,0.0888900292642687,2.577362189221446
1011,202.33488992661773,0.625,0.2,0.5,0.5,0.17521610236906598,0.5529221530660566,0.1829320175997927,0.08892972696508354,2.577362189221446
1012,202.53502334889924,0.625,0.2,0.5,0.5,0.1754046032458929,0.5525193265223748,0.18311189374432826,0.08896417648740287,2.577362189221446
1013,202.73515677118078,0.625,0.2,0.5,0.5,0.17559692344736821,0.552119671533917,0.18329001253081825,0.08899339248789548,2.577362189221446
1014,202.9352901934623,0.625,0.2,0.5,0.5,0.1757928983335058,0.5517234467769159,0.18346626051791018,0.08901739437166699,2.577362189221446
1015,203.13542361574383,0.625,0.2,0.5,0.5,0.17599236206744245,0.5513309064065764,0.18364052622558286,0.08903620530039709,2.577362189221446
1016,203.33555703802534,0.625,0.2,0.5,0.5,0.17619514788887702,0.550942300592976,0.18381270011479298,0.08904985140335288,2.577362189221446
1017,203.53569046030685,0.625,0.2,0.5,0.5,0.17640108762567097,0.5505578729009746,0.18398267502257665,0.0890583644507767,2.577362189221446
1018,203.7358238825884,0.625,0.2,0.5,0.5,0.17661001206060997,0.5501778612127114,0.18415034608590483,0.08906178064077261,2.577362189221446
1019,203.9359573048699,0.625,0.2,0.5,0.5,0.1768217510430825,0.5498024975933973,0.18431561081803643,0.08906014054548257,2.577362189221446
1020,204.1360907271514,0.625,0.2,0.5,0.5,0.17703613359291337,0.5494320081246049,0.18447836918956176,0.08905348909291882,2.577362189221446
1021,204.33622414943295,0.625,0.2,0.5,0.5,0.1772529880430685,0.5490666129474958,0.184638523663698,0.08904187534573639,2.577362189221446
1022,204.53635757171446,0.625,0.2,0.5,0.5,0.17747214252873017,0.5487065281766986,0.18479597882394397,0.08902535047062603,2.577362189221446
1023,204.736490993996,0.625,0.2,0.5,0.5,0.17769342460586113,0.5483519631127917,0.1849506420262337,0.08900397025511224,2.577362189221446
1024,204.9366244162775,0.625,0.2,0.5,0.5,0.17791666141772558,0.5480031204141569,0.18510242340620275,0.08897779476191345,2.577362189221446
1025,205.13675783855902,0.625,0.2,0.5,0.5,0.17814167988073856,0.5476601963732156,0.18525123586370762,0.08894688788233686,2.577362189221446
1026,205.33689126084056,0.625,0.2,0.5,0.5,0.17836830679523494,0.5473233807871776,0.1853969951357065,0.08891131728187963,2.577362189221446
1027,205.53702468312207,0.625,0.2,0.5,0.5,0.17859636895623818,0.5469928568287903,0.18553961986914008,0.08887115434583011,2.577362189221446
1028,205.7371581054036,0.625,0.2,0.5,0.5,0.17882569343809004,0.5466688023168834,0.18567903126889979,0.08882647297612545,2.577362189221446
1029,205.93729152768512,0.625,0.2,0.5,0.5,0.1790561076969182,0.5463513895202843,0.18581515319099598,0.08877734959180028,2.577362189221446
1030,206.13742494996663,0.625,0.2,0.5,0.5,0.17928743942850417,0.5460407829923913,0.18594791283352685,0.0887238647455764,2.577362189221446
1031,206.33755837224817,0.625,0.2,0.5,0.5,0.17951951682109166,0.5457371405855221,0.18607724046241586,0.08866610213096904,2.577362189221446
1032,206.53769179452968,0.625,0.2,0.5,0.5,0.17975216867111635,0.5454406133616027,0.18620306947216864,0.0886041484951111,2.577362189221446
1033,206.7378252168112,0.625,0.2,0.5,0.5,0.17998522449870516,0.5451513455009998,0.18632533644719318,0.08853809355310065,2.577362189221446
1034,206.93795863909273,0.625,0.2,0.5,0.5,0.18021851468120373,0.5448694745879106,0.1864439810710474,0.08846802965983705,2.577362189221446
1035,207.13809206137424,0.625,0.2,0.5,0.5,0.1804518706591009,0.5445951334079067,0.1865589454249996,0.08839405050799162,2.577362189221446
1036,207.33822548365578,0.625,0.2,0.5,0.5,0.1806851249139785,0.5443284469837777,0.1866701752096111,0.08831625289263147,2.577362189221446
1037,207.5383589059373,0.625,0.2,0.5,0.5,0.18091811112086018,0.5440695332540453,0.18677761949521954,0.08823473612987373,2.577362189221446
1038,207.7384923282188,0.625,0.2,0.5,0.5,0.18115066427740653,0.5438185032678605,0.18688123066773132,0.08814960178700029,2.577362189221446
1039,207.93862575050034,0.625,0.2,0.5,0.5,0.1813826208211757,0.543575461130625,0.18698096447508505,0.0880609535731128,2.577362189221446
1040,208.13875917278185,0.625,0.2,0.5,0.5,0.18161381874620852,0.5433405039599005,0.18707678006850936,0.08796889722538008,2.577362189221446
1041,208.33889259506336,0.625,0.2,0.5,0.5,0.18184409761396184,0.5431137234517337,0.18716863922897464,0.08787353970532827,2.577362189221446
1042,208.5390260173449,0.625,0.2,0.5,0.5,0.18207329873467865,0.542895204849079,0.18725650690807974,0.08777498950816105,2.577362189221446
1043,208.7391594396264,0.625,0.2,0.5,0.5,0.18230126535488153,0.5426850258168872,0.18734035181616235,0.08767335701206745,2.577362189221446
1044,208.93929286190794,0.625,0.2,0.5,0.5,0.1825278427208454,0.5424832572075943,0.18742014605394156,0.08756875401761716,2.577362189221446
1045,209.13942628418945,0.625,0.2,0.5,0.5,0.18275287819360572,0.5422899630410684,0.18749586514161432,0.08746129362371008,2.577362189221446
1046,209.33955970647096,0.625,0.2,0.5,0.5,0.18297622136396727,0.5421052004845536,0.1875674880479521,0.08735109010352551,2.577362189221446
1047,209.5396931287525,0.625,0.2,0.5,0.5,0.18319772405847531,0.5419290203410783,0.1876349969068057,0.08723825869363915,2.577362189221446
1048,209.739826551034,0.625,0.2,0.5,0.5,0.18341724017661526,0.5417614683248734,0.18769837624977165,0.08712291524873816,2.577362189221446
1049,209.93995997331552,0.625,0.2,0.5,0.5,0.18363462633282293,0.5416025825838131,0.18775761454611187,0.08700517653725053,2.577362189221446
1050,210.14009339559706,0.625,0.2,0.5,0.5,0.18384974178010066,0.5414523945718586,0.18781270368316105,0.08688515996487811,2.577362189221446
1051,210.34022681787857,0.625,0.2,0.5,0.5,0.1840624484944655,0.5413109291715114,0.18786363890781216,0.0867629834262094,2.577362189221446
1052,210.5403602401601,0.625,0.2,0.5,0.5,0.18427261128331388,0.5411782047047421,0.187910418836565,0.08663876517537743,2.577362189221446
1053,210.74049366244162,0.625,0.2,0.5,0.5,0.18448009787394676,0.5410542329924939,0.18795304543060265,0.08651262370295501,2.577362189221446
1054,210.94062708472313,0.625,0.2,0.5,0.5,0.18468477842347245,0.5409390208309165,0.18799152295085178,0.08638467779475763,2.577362189221446
1055,211.14076050700467,0.625,0.2,0.5,0.5,0.18488652618820137,0.5408325686286379,0.18802585895703472,0.08625504622612436,2.577362189221446
1056,211.34089392928618,0.625,0.2,0.5,0.5,0.1850852177589047,0.5407348701069997,0.18805606454141097,0.086123847592683,2.577362189221446
1057,211.5410273515677,0.625,0.2,0.5,0.5,0.18528073296735276,0.5406459128051471,0.1880821539830402,0.08599120024445836,2.577362189221446
1058,211.74116077384923,0.625,0.2,0.5,0.5,0.18547295498354824,0.5405656781182113,0.18810414473820924,0.08585722216002967,2.577362189221446
1059,211.94129419613074,0.625,0.2,0.5,0.5,0.18566177041295984,0.5404941413354917,0.1881220574308588,0.08572203082068817,2.577362189221446
1060,212.14142761841228,0.625,0.2,0.5,0.5,0.18584706902042075,0.54043127224784,0.188135915384677,0.08558574334706066,2.577362189221446
1061,212.3415610406938,0.625,0.2,0.5,0.5,0.186028743417904,0.5403770358101201,0.18814574411084553,0.08544847666112881,2.577362189221446
1062,212.5416944629753,0.625,0.2,0.5,0.5,0.1862066902878696,0.5403313904624695,0.1881515726809657,0.08531034656869371,2.577362189221446
1063,212.74182788525684,0.625,0.2,0.5,0.5,0.18638080998204654,0.5402942889284418,0.18815343310555002,0.08517146798396014,2.577362189221446
1064,212.94196130753835,0.625,0.2,0.5,0.5,0.18655100658207904,0.5402656783089713,0.18815136027953192,0.08503195482941613,2.577362189221446
1065,213.14209472981986,0.625,0.2,0.5,0.5,0.18671718798135306,0.5402455001440459,0.18814539195377747,0.08489191992082205,2.577362189221446
1066,213.3422281521014,0.625,0.2,0.5,0.5,0.1868792658796771,0.5402336905653264,0.18813556862838432,0.08475147492661074,2.577362189221446
1067,213.5423615743829,0.625,0.2,0.5,0.5,0.1870371548049976,0.5402301814641822,0.1881219325727433,0.08461073115807541,2.577362189221446
1068,213.74249499666445,0.625,0.2,0.5,0.5,0.1871907734599379,0.5402348992334735,0.18810452893213056,0.08446979837445664,2.577362189221446
1069,213.94262841894596,0.625,0.2,0.5,0.5,0.18734004470652277,0.5402477649305613,0.18808340561207063,0.08432878475084396,2.577362189221446
1070,214.14276184122747,0.625,0.2,0.5,0.5,0.18748489539955296,0.5402686945982721,0.18805861302686253,0.08418779697531101,2.577362189221446
1071,214.342895263509,0.625,0.2,0.5,0.5,0.18762525644943862,0.5402975993463922,0.18803020405404555,0.08404694015012218,2.577362189221446
1072,214.54302868579052,0.625,0.2,0.5,0.5,0.18776106288503258,0.5403343854331616,0.1879982339888649,0.0839063176929395,2.577362189221446
1073,214.74316210807203,0.625,0.2,0.5,0.5,0.1878922531855531,0.5403789548989489,0.18796276002032847,0.08376603189516812,2.577362189221446
1074,214.94329553035357,0.625,0.2,0.5,0.5,0.18801876923017236,0.540431205733299,0.1879238411115495,0.0836261839249778,2.577362189221446
1075,215.14342895263508,0.625,0.2,0.5,0.5,0.1881405576335613,0.5404910309949319,0.18788153878725042,0.08348687258425495,2.577362189221446
1076,215.34356237491662,0.625,0.2,0.5,0.5,0.18825756913383393,0.540558319403096,0.18783591664648772,0.08334819481658091,2.577362189221446
1077,215.54369579719813,0.625,0.2,0.5,0.5,0.1883697586297839,0.540632955438399,0.18778704030036378,0.08321024563145195,2.577362189221446
1078,215.74382921947964,0.625,0.2,0.5,0.5,0.1884770852220946,0.5407148194406383,0.18773497731233912,0.08307311802492658,2.577362189221446
1079,215.94396264176117,0.625,0.2,0.5,0.5,0.18857951205104595,0.540803787821395,0.18767979704592014,0.0829369030816374,2.577362189221446
1080,216.14409606404269,0.625,0.2,0.5,0.5,0.18867700511355745,0.5408997338522252,0.18762157004778962,0.08280169098642624,2.577362189221446
1081,216.3442294863242,0.625,0.2,0.5,0.5,0.18876953507158567,0.5410025267658954,0.1875603687924577,0.08266756937005967,2.577362189221446
1082,216.54436290860573,0.625,0.2,0.5,0.5,0.18885707687677628,0.5411120320891287,0.18749626743297707,0.08253462360111642,2.577362189221446
1083,216.74449633088724,0.625,0.2,0.5,0.5,0.18893960960832443,0.5412281118551114,0.1874293416487006,0.08240293688786195,2.577362189221446
1084,216.94462975316878,0.625,0.2,0.5,0.5,0.18901711649109246,0.5413506247143468,0.1873596685750831,0.0822725902194761,2.577362189221446
1085,217.1447631754503,0.625,0.2,0.5,0.5,0.18908958491112732,0.5414794260466027,0.1872873267327584,0.08214366230950985,2.577362189221446
1086,217.3448965977318,0.625,0.2,0.5,0.5,0.1891570053942685,0.5416143685099707,0.1872123956675866,0.08201623042817253,2.577362189221446
1087,217.54503002001334,0.625,0.2,0.5,0.5,0.18921937212440978,0.541755301940882,0.18713495601986663,0.08189036991484,2.577362189221446
1088,217.74516344229485,0.625,0.2,0.5,0.5,0.18927668382641288,0.5419020731004062,0.1870550896951933,0.08176615337798598,2.577362189221446
1089,217.94529686457636,0.625,0.2,0.5,0.5,0.1893289431889528,0.5420545260360414,0.18697287962833162,0.08164365114667252,2.577362189221446
1090,218.1454302868579,0.625,0.2,0.5,0.5,0.18937615685936626,0.5422125022023757,0.18688840970653262,0.08152293123172388,2.577362189221446
1091,218.3455637091394,0.625,0.2,0.5,0.5,0.18941833543850023,0.5423758405817484,0.1868017646928493,0.08140405928690055,2.577362189221446
1092,218.54569713142095,0.625,0.2,0.5,0.5,0.1894554931527233,0.542544377901503,0.18671303011414192,0.08128709883163021,2.577362189221446
1093,218.74583055370246,0.625,0.2,0.5,0.5,0.18948764685084604,0.5427179490532192,0.1866222920752465,0.08117211202068668,2.577362189221446
1094,218.94596397598397,0.625,0.2,0.5,0.5,0.18951481776701332,0.5428963866843926,0.1865296373756688,0.08105915817292378,2.577362189221446
1095,219.1460973982655,0.625,0.2,0.5,0.5,0.18953703091536345,0.5430795214986672,0.1864351533672551,0.08094829421871266,2.577362189221446
1096,219.34623082054702,0.625,0.2,0.5,0.5,0.18955431496549285,0.5432671824122167,0.18633892786445028,0.08083957475783861,2.577362189221446
1097,219.54636424282853,0.625,0.2,0.5,0.5,0.1895667022151209,0.5434591966810427,0.18624104906518732,0.0807330520386476,2.577362189221446
1098,219.74649766511007,0.625,0.2,0.5,0.5,0.18957422853787634,0.5436553900325869,0.18614160547345107,0.08062877595608413,2.577362189221446
1099,219.94663108739158,0.625,0.2,0.5,0.5,0.18957693231024877,0.5438555869743169,0.18604068589054815,0.08052679482488456,2.577362189221446
1100,220.14676450967312,0.625,0.2,0.5,0.5,0.1895748552807855,0.5440596107656007,0.18593837927565635,0.0804271546779558,2.577362189221446
1101,220.34689793195463,0.625,0.2,0.5,0.5,0.1895680428726142,0.5442672834878212,0.18583477464451353,0.08032989899504943,2.577362189221446
1102,220.54703135423614,0.625,0.2,0.5,0.5,0.1895565437640078,0.5444784262396501,0.1857299610166967,0.08023506897964357,2.577362189221446
1103,220.74716477651768,0.625,0.2,0.5,0.5,0.1895404098410924,0.5446928592678075,0.18562402733785474,0.0801427035532436,2.577362189221446
1104,220.9472981987992,0.625,0.2,0.5,0.5,0.1895196961505555,0.5449104020978192,0.18551706240194088,0.08005283934968264,2.577362189221446
1105,221.1474316210807,0.625,0.2,0.5,0.5,0.18949446048440685,0.5451308736705319,0.1854091548734868,0.07996551097157262,2.577362189221446
1106,221.34756504336224,0.625,0.2,0.5,0.5,0.18946476280609856,0.5453540924811086,0.1853003933530092,0.07988075135978187,2.577362189221446
1107,221.54769846564375,0.625,0.2,0.5,0.5,0.18943066647240406,0.5455798766899346,0.18519086595416728,0.07979859088349228,2.577362189221446
1108,221.7478318879253,0.625,0.2,0.5,0.5,0.1893922376516192,0.5458080442617378,0.18508066037132234,0.0797190577153189,2.577362189221446
1109,221.9479653102068,0.625,0.2,0.5,0.5,0.18934954522778832,0.5460384130971052,0.18496986381495245,0.07964217786015235,2.577362189221446
1110,222.1480987324883,0.625,0.2,0.5,0.5,0.1893026607366191,0.5462708011635045,0.18485856293845074,0.07956797516142405,2.577362189221446
1111,222.34823215476985,0.625,0.2,0.5,0.5,0.1892516582536669,0.546505026615554,0.1847468437910013,0.07949647133977611,2.577362189221446
1112,222.54836557705136,0.625,0.2,0.5,0.5,0.1891966136073986,0.5467409077632205,0.18463479213930223,0.0794276864900771,2.577362189221446
1113,222.74849899933287,0.625,0.2,0.5,0.5,0.1891376051289981,0.5469782633861707,0.18452249294970066,0.0793616385351289,2.577362189221446
1114,222.9486324216144,0.625,0.2,0.5,0.5,0.18907471357640526,0.5472169128621186,0.18441003032147968,0.07929834323999481,2.577362189221446
1115,223.14876584389592,0.625,0.2,0.5,0.5,0.18900802188347365,0.5474566762557788,0.18429748751569014,0.07923781434505578,2.577362189221446
1116,223.34889926617745,0.625,0.2,0.5,0.5,0.18893761508291282,0.5476973744469661,0.18418494688903667,0.07918006358108284,2.577362189221446
1117,223.54903268845896,0.625,0.2,0.5,0.5,0.1888635802292306,0.5479388292586944,0.18407248982776378,0.07912510068430961,2.577362189221446
1118,223.74916611074048,0.625,0.2,0.5,0.5,0.18878600600996953,0.5481808633604482,0.18396019700235625,0.07907293362722431,2.577362189221446
1119,223.949299533022,0.625,0.2,0.5,0.5,0.1887049825840158,0.548423300335237,0.18384814838853175,0.0790235686922138,2.577362189221446
1120,224.14943295530352,0.625,0.2,0.5,0.5,0.18862060215069962,0.5486659652737578,0.1837364225360864,0.07897701003945451,2.577362189221446
1121,224.34956637758503,0.625,0.2,0.5,0.5,0.18853295853805935,0.5489086846610974,0.1836250968472388,0.07893325995360284,2.577362189221446
1122,224.54969979986657,0.625,0.2,0.5,0.5,0.1884421471147369,0.5491512864968631,0.18351424752188564,0.07889231886651273,2.577362189221446
1123,224.74983322214808,0.625,0.2,0.5,0.5,0.18834826470602323,0.5493936004183078,0.18340394949858632,0.07885418537708108,2.577362189221446
1124,224.94996664442962,0.625,0.2,0.5,0.5,0.18825140950990363,0.5496354578234544,0.18329427639554707,0.07881885627109328,2.577362189221446
1125,225.15010006671113,0.625,0.2,0.5,0.5,0.18815168090653156,0.5498766918326682,0.18318530064108055,0.07878632661971809,2.577362189221446
1126,225.35023348899264,0.625,0.2,0.5,0.5,0.18804917890239986,0.5501171366964616,0.18307709425354193,0.078756590147595,2.577362189221446
1127,225.55036691127418,0.625,0.2,0.5,0.5,0.18794400483667587,0.5503566291166283,0.18296972737724607,0.07872963866944808,2.577362189221446
1128,225.7505003335557,0.625,0.2,0.5,0.5,0.18783626106527926,0.5505950080177257,0.18286326863587035,0.07870546228112306,2.577362189221446
1129,225.9506337558372,0.625,0.2,0.5,0.5,0.18772605080687305,0.5508321145640029,0.18275778519798974,0.0786840494311326,2.577362189221446
1130,226.15076717811874,0.625,0.2,0.5,0.5,0.18761347805225903,0.551067792272446,0.18265334272988396,0.07866538694540934,2.577362189221446
1131,226.35090060040025,0.625,0.2,0.5,0.5,0.18749864747377368,0.5513018871258213,0.18255000534834445,0.07864946005205889,2.577362189221446
1132,226.5510340226818,0.625,0.2,0.5,0.5,0.1873816643348936,0.5515342476579899,0.18244783559669775,0.07863625241041704,2.577362189221446
1133,226.7511674449633,0.625,0.2,0.5,0.5,0.18726263440750332,0.5517647240272279,0.18234689526808084,0.07862574629718623,2.577362189221446
1134,226.9513008672448,0.625,0.2,0.5,0.5,0.18714166387371514,0.5519931691298631,0.18224724452054109,0.07861792247587897,2.577362189221446
1135,227.15143428952635,0.625,0.2,0.5,0.5,0.18701885923315945,0.5522194389913628,0.1821489415970625,0.07861276017841351,2.577362189221446
1136,227.35156771180786,0.625,0.2,0.5,0.5,0.18689432721534383,0.5524433924879982,0.18205204310604023,0.07861023719061595,2.577362189221446
1137,227.55170113408937,0.625,0.2,0.5,0.5,0.1867681746891517,0.5526648914462543,0.18195660398550276,0.0786103298790895,2.577362189221446
1138,227.7518345563709,0.625,0.2,0.5,0.5,0.18664050857234135,0.5528838007422395,0.18186267746733362,0.07861301321808378,2.577362189221446
1139,227.95196797865242,0.625,0.2,0.5,0.5,0.1865114357410448,0.5530999884010958,0.18177031504149363,0.07861826081636411,2.577362189221446
1140,228.15210140093396,0.625,0.2,0.5,0.5,0.1863810631155379,0.553313325008106,0.1816795668888297,0.07862604498752461,2.577362189221446
1141,228.35223482321547,0.625,0.2,0.5,0.5,0.18624949765756132,0.5535236834651781,0.18159048207875672,0.0786363367985021,2.577362189221446
1142,228.55236824549698,0.625,0.2,0.5,0.5,0.1861168458571045,0.5537309407408659,0.1815031074097647,0.07864910599226314,2.577362189221446
1143,228.75250166777852,0.625,0.2,0.5,0.5,0.18598321385077932,0.5539349771541678,0.18141748792889856,0.07866432106615258,2.577362189221446
1144,228.95263509006003,0.625,0.2,0.5,0.5,0.18584870733989184,0.5541356764404612,0.18133366691876954,0.07868194930087566,2.577362189221446
1145,229.15276851234154,0.625,0.2,0.5,0.5,0.18571343150418182,0.5543329258343537,0.18125168587305027,0.07870195678841253,2.577362189221446
1146,229.35290193462308,0.625,0.2,0.5,0.5,0.18557749091556244,0.5545266161525328,0.1811715844719703,0.07872430845993274,2.577362189221446
1147,229.5530353569046,0.625,0.2,0.5,0.5,0.18544098955786484,0.5547166416169692,0.18109340070765662,0.07874896811750776,2.577362189221446
1148,229.75316877918613,0.625,0.2,0.5,0.5,0.18530403129874556,0.55490289857059,0.1810171716486379,0.07877589848202485,2.577362189221446
1149,229.95330220146764,0.625,0.2,0.5,0.5,0.18516671891540318,0.5550852877352542,0.18094293216005758,0.07880506118928342,2.577362189221446
1150,230.15343562374915,0.625,0.2,0.5,0.5,0.18502915424409747,0.5552637137170834,0.18087071521246012,0.07883641682635747,2.577362189221446
1151,230.35356904603069,0.625,0.2,0.5,0.5,0.18489143818437048,0.555438084867688,0.1808005519851879,0.07886992496275212,2.577362189221446
1152,230.5537024683122,0.625,0.2,0.5,0.5,0.18475367062035702,0.5556083133484737,0.18073247185257846,0.07890554417858922,2.577362189221446
1153,230.75383589059373,0.625,0.2,0.5,0.5,0.18461595034209505,0.5557743151949487,0.1806665023701616,0.07894323209279318,2.577362189221446
1154,230.95396931287524,0.625,0.2,0.5,0.5,0.18447837498144515,0.5559360103526626,0.18060266927383864,0.07898294539205213,2.577362189221446
1155,231.15410273515675,0.625,0.2,0.5,0.5,0.1843410417136075,0.5560933212265838,0.18054099715938823,0.07902463990041893,2.577362189221446
1156,231.3542361574383,0.625,0.2,0.5,0.5,0.18420404648966754,0.5562461740827833,0.18048150885661202,0.07906827057093563,2.577362189221446
1157,231.5543695797198,0.625,0.2,0.5,0.5,0.18406748366514872,0.5563944996811904,0.18042422515538065,0.07911379149827875,2.577362189221446
1158,231.75450300200131,0.625,0.2,0.5,0.5,0.18393144624664334,0.5565382327082231,0.18036916508091805,0.07916115596421398,2.577362189221446
1159,231.95463642428285,0.625,0.2,0.5,0.5,0.1837960258236383,0.5566773118206775,0.18031634588934262,0.07921031646634001,2.577362189221446
1160,232.15476984656436,0.625,0.2,0.5,0.5,0.18366131250034076,0.5568116796896169,0.18026578306320842,0.07926122474683235,2.577362189221446
1161,232.3549032688459,0.625,0.2,0.5,0.5,0.1835273948275035,0.5569412830442613,0.1802174903070463,0.07931383182118737,2.577362189221446
1162,232.5550366911274,0.625,0.2,0.5,0.5,0.18339436008900642,0.5570660720918236,0.18017147978612674,0.07936808803304159,2.577362189221446
1163,232.75517011340892,0.625,0.2,0.5,0.5,0.18326229457957796,0.5571859999529327,0.1801277623591478,0.07942394310833983,2.577362189221446
1164,232.95530353569046,0.625,0.2,0.5,0.5,0.1831312825890924,0.5573010243723239,0.18008634692414868,0.07948134611443336,2.577362189221446
1165,233.15543695797197,0.625,0.2,0.5,0.5,0.18300140676111973,0.5574111070120754,0.18004724070661415,0.07954024552018904,2.577362189221446
1166,233.35557038025348,0.625,0.2,0.5,0.5,0.18287274805702086,0.5575162134387327,0.1800104492771397,0.07960058922710518,2.577362189221446
1167,233.55570380253502,0.625,0.2,0.5,0.5,0.18274538570645074,0.5576163131344164,0.1799759765597019,0.07966232459942944,2.577362189221446
1168,233.75583722481653,0.625,0.2,0.5,0.5,0.18261939730677743,0.5577113792991588,0.17994382488805652,0.07972539850600567,2.577362189221446
1169,233.95597064709807,0.625,0.2,0.5,0.5,0.18249485872185323,0.5578013889345383,0.17991399499728952,0.07978975734631732,2.577362189221446
1170,234.15610406937958,0.625,0.2,0.5,0.5,0.1823718438966304,0.5578863230452958,0.17988648598816995,0.07985534706990223,2.577362189221446
1171,234.3562374916611,0.625,0.2,0.5,0.5,0.18225042489485863,0.5579661665282012,0.17986129536360038,0.07992211321333828,2.577362189221446
1172,234.55637091394263,0.625,0.2,0.5,0.5,0.18213067185400386,0.5580409081769714,0.17983841903831416,0.07999000093070903,2.577362189221446
1173,234.75650433622414,0.625,0.2,0.5,0.5,0.1820126529612845,0.5581105406519437,0.17981785135956968,0.08005895502720063,2.577362189221446
1174,234.95663775850565,0.625,0.2,0.5,0.5,0.18189643488768778,0.5581750596853615,0.17979958536633917,0.08012892006060998,2.577362189221446
1175,235.1567711807872,0.625,0.2,0.5,0.5,0.18178208229184595,0.5582344648391003,0.17978361256412417,0.080199840304928,2.577362189221446
1176,235.3569046030687,0.625,0.2,0.5,0.5,0.18166965771243698,0.5582887596139303,0.17976992290209637,0.08027165977153482,2.577362189221446
1177,235.55703802535024,0.625,0.2,0.5,0.5,0.18155922166445101,0.5583379512185204,0.17975850485640202,0.08034432226062516,2.577362189221446
1178,235.75717144763175,0.625,0.2,0.5,0.5,0.18145083260581815,0.5583820505548136,0.17974934544595683,0.08041777139341003,2.577362189221446
1179,235.95730486991326,0.625,0.2,0.5,0.5,0.18134454696523053,0.5584210721118421,0.17974243027191758,0.0804919506510083,2.577362189221446
1180,236.1574382921948,0.625,0.2,0.5,0.5,0.18124041949479153,0.5584550333735265,0.17973774368283335,0.08056680344884717,2.577362189221446
1181,236.3575717144763,0.625,0.2,0.5,0.5,0.18113850271703774,0.5584839555814999,0.17973526858939845,0.08064227311206247,2.577362189221446
1182,236.55770513675782,0.625,0.2,0.5,0.5,0.18103884700727374,0.5585078635473602,0.17973498652501552,0.08071830292034922,2.577362189221446
1183,236.75783855903936,0.625,0.2,0.5,0.5,0.18094150062396472,0.5585267855426379,0.17973687768626181,0.08079483614713416,2.577362189221446
1184,236.95797198132087,0.625,0.2,0.5,0.5,0.1808465096849643,0.5585407532698089,0.17974092095239838,0.08087181609282705,2.577362189221446
1185,237.1581054036024,0.625,0.2,0.5,0.5,0.18075391827404,0.5585498016347917,0.1797470939586251,0.08094918613254182,2.577362189221446
1186,237.35823882588392,0.625,0.2,0.5,0.5,0.18066376868189601,0.558553968314535,0.17975537322481394,0.08102688977875372,2.577362189221446
1187,237.55837224816543,0.625,0.2,0.5,0.5,0.18057610086605883,0.5585532945146953,0.17976573396203444,0.08110487065721017,2.577362189221446
1188,237.75850567044697,0.625,0.2,0.5,0.5,0.18049095262663653,0.558547824636655,0.1797781501743668,0.08118307256234031,2.577362189221446
1189,237.95863909272848,0.625,0.2,0.5,0.5,0.18040835960914975,0.558537606208004,0.17979259468938422,0.08126143949346065,2.577362189221446
1190,238.15877251500999,0.625,0.2,0.5,0.5,0.18032835528997793,0.5585226898395056,0.17980903918146487,0.08133991568905022,2.577362189221446
1191,238.35890593729152,0.625,0.2,0.5,0.5,0.18025097120370456,0.5585031288429856,0.1798274542752133,0.08141844567809511,2.577362189221446
1192,238.55903935957303,0.625,0.2,0.5,0.5,0.18017623684591025,0.5584789793041574,0.17984780954139987,0.0814969743085312,2.577362189221446
1193,238.75917278185457,0.625,0.2,0.5,0.5,0.1801041795331743,0.5584503002154284,0.17987007347872863,0.08157544677266726,2.577362189221446
1194,238.95930620413608,0.625,0.2,0.5,0.5,0.18003482437366475,0.5584171534536932,0.17989421353222906,0.08165380864041162,2.577362189221446
1195,239.1594396264176,0.625,0.2,0.5,0.5,0.17996819433798422,0.5583796036175913,0.17992019614484966,0.08173200589957351,2.577362189221446
1196,239.35957304869913,0.625,0.2,0.5,0.5,0.17990431025574996,0.5583377179694767,0.1799479867844085,0.08180998499036349,2.577362189221446
1197,239.55970647098064,0.625,0.2,0.5,0.5,0.17984319116811773,0.5582915659137985,0.17997755008561916,0.08188769283246336,2.577362189221446
1198,239.75983989326215,0.625,0.2,0.5,0.5,0.1797848540212136,0.5582412193334787,0.18000884977906786,0.08196507686623858,2.577362189221446
1199,239.9599733155437,0.625,0.2,0.5,0.5,0.17972931352092136,0.5581867527160598,0.180041848672362,0.08204208509065566,2.577362189221446
1200,240.1601067378252,0.625,0.2,0.5,0.5,0.17967658228692054,0.5581282428900763,0.18007650872802775,0.08211866609497419,2.577362189221446
1201,240.36024016010674,0.625,0.2,0.5,0.5,0.17962667086089065,0.5580657689511592,0.18011279109427616,0.08219476909367278,2.577362189221446
1202,240.56037358238825,0.625,0.2,0.5,0.5,0.17957958771672974,0.5579994121853702,0.18015065613643222,0.08227034396146664,2.577362189221446
1203,240.76050700466976,0.625,0.2,0.5,0.5,0.17953533927278745,0.557929255989768,0.1801900634690265,0.08234534126841696,2.577362189221446
1204,240.9606404269513,0.625,0.2,0.5,0.5,0.17949392990618313,0.5578553857901446,0.1802309719885625,0.08241971231510857,2.577362189221446
1205,241.1607738492328,0.625,0.2,0.5,0.5,0.1794553621893873,0.5577778887687256,0.18027333994672567,0.08249340909516027,2.577362189221446
1206,241.36090727151432,0.625,0.2,0.5,0.5,0.1794196368221197,0.5576968538498719,0.18031712496886299,0.08256638435914426,2.577362189221446
1207,241.56104069379586,0.625,0.2,0.5,0.5,0.179386752427069,0.557612371800515,0.18036228404816573,0.08263859172424912,2.577362189221446
1208,241.76117411607737,0.625,0.2,0.5,0.5,0.17935670572435844,0.557524535007502,0.18040877360855695,0.08270998565958151,2.577362189221446
1209,241.9613075383589,0.625,0.2,0.5,0.5,0.179329491563535,0.5574334373750267,0.18045654954214504,0.08278052151929215,2.577362189221446
1210,242.16144096064042,0.625,0.2,0.5,0.5,0.17930510295798127,0.5573391742189454,0.1805055672474138,0.08285015557565842,2.577362189221446
1211,242.36157438292193,0.625,0.2,0.5,0.5,0.17928353112174958,0.5572418421579762,0.180555781668149,0.08291884505212416,2.577362189221446
1212,242.56170780520347,0.625,0.2,0.5,0.5,0.17926476550881873,0.5571415390017826,0.18060714733310143,0.08298654815629616,2.577362189221446
1213,242.76184122748498,0.625,0.2,0.5,0.5,0.17924879344609965,0.5570383643279101,0.18065961824650392,0.08305322397948522,2.577362189221446
1214,242.9619746497665,0.625,0.2,0.5,0.5,0.17923560003605565,0.5569324196031951,0.18071314787731857,0.08311883248342969,2.577362189221446
1215,243.16210807204803,0.625,0.2,0.5,0.5,0.1792251690586412,0.5568238066141081,0.1807676895148354,0.08318333481241431,2.577362189221446
1216,243.36224149432954,0.625,0.2,0.5,0.5,0.17921748256790165,0.5567126281082913,0.1808231961453814,0.08324669317842472,2.577362189221446
1217,243.56237491661108,0.625,0.2,0.5,0.5,0.17921252091798137,0.5565989877100036,0.1808796204863648,0.0833088708856493,2.577362189221446
1218,243.7625083388926,0.625,0.2,0.5,0.5,0.17921026279663052,0.5564829898238565,0.18093691502291728,0.0833698323565949,2.577362189221446
1219,243.9626417611741,0.625,0.2,0.5,0.5,0.1792106852601022,0.55636473953718,0.1809950320448943,0.08342954315782265,2.577362189221446
1220,244.16277518345564,0.625,0.2,0.5,0.5,0.1792137637694403,0.5562443425210217,0.1810539236842334,0.08348797002530373,2.577362189221446
1221,244.36290860573715,0.625,0.2,0.5,0.5,0.17921947210267172,0.5561219051890628,0.18111354188979945,0.0835450808184652,2.577362189221446
1222,244.56304202801866,0.625,0.2,0.5,0.5,0.17922778221212418,0.555997534971424,0.18117383837439813,0.0836008444420528,2.577362189221446
1223,244.7631754503002,0.625,0.2,0.5,0.5,0.17923866471599373,0.5558713392794518,0.18123476487922233,0.08365523112533126,2.577362189221446
1224,244.9633088725817,0.625,0.2,0.5,0.5,0.1792520887423507,0.5557434258100394,0.18129627311351842,0.08370821233409058,2.577362189221446
1225,245.16344229486324,0.625,0.2,0.5,0.5,0.17926802195160502,0.5556139024827091,0.1813583147833261,0.08375976078235886,2.577362189221446
1226,245.36357571714476,0.625,0.2,0.5,0.5,0.17928643057226698,0.5554828773507277,0.18142084162654024,0.08380985045046419,2.577362189221446
1227,245.56370913942627,0.625,0.2,0.5,0.5,0.1793072794376444,0.5553504585117912,0.18148380544810364,0.08385845660245983,2.577362189221446
1228,245.7638425617078,0.625,0.2,0.5,0.5,0.17933053202347563,0.5552167540182813,0.18154715815532968,0.08390555580291242,2.577362189221446
1229,245.96397598398931,0.625,0.2,0.5,0.5,0.1793561504611646,0.5550818718979523,0.181610851750667,0.083951125890215,2.577362189221446
1230,246.16410940627082,0.625,0.2,0.5,0.5,0.179384095495451,0.554945920421435,0.18167483822938926,0.08399514585372365,2.577362189221446
1231,246.36424282855236,0.625,0.2,0.5,0.5,0.17941432667250737,0.5548090073650699,0.18173906986411092,0.0840375960983107,2.577362189221446
1232,246.56437625083387,0.625,0.2,0.5,0.5,0.1794468023294674,0.5546712401463348,0.18180349915326455,0.08407845837093213,2.577362189221446
1233,246.7645096731154,0.625,0.2,0.5,0.5,0.17948147962528008,0.5545327257820991,0.18186807883776573,0.08411771575485394,2.577362189221446
1234,246.96464309539692,0.625,0.2,0.5,0.5,0.17951831458122713,0.5543935708082596,0.18193276193251334,0.08415535267799881,2.577362189221446
1235,247.16477651767843,0.625,0.2,0.5,0.5,0.17955726212223563,0.5542538811995629,0.1819975017577829,0.08419135492041753,2.577362189221446
1236,247.36490993995997,0.625,0.2,0.5,0.5,0.17959827611898554,0.5541137622896157,0.1820622519705126,0.0842257096208851,2.577362189221446
1237,247.56504336224148,0.625,0.2,0.5,0.5,0.17964130940612638,0.553973318739975,0.18212696659501545,0.08425840525888209,2.577362189221446
1238,247.765176784523,0.625,0.2,0.5,0.5,0.17968631366571058,0.5538326547779465,0.18219160005102059,0.08428943150532132,2.577362189221446
1239,247.96531020680453,0.625,0.2,0.5,0.5,0.1797332397060927,0.5536918736529011,0.18225610718906976,0.08431877945193554,2.577362189221446
1240,248.16544362908604,0.625,0.2,0.5,0.5,0.17978203745094556,0.5535510776684845,0.18232044332031053,0.08434644156025843,2.577362189221446
1241,248.36557705136758,0.625,0.2,0.5,0.5,0.17983265595482448,0.5534103681640098,0.18238456424666935,0.08437241163449558,2.577362189221446
1242,248.5657104736491,0.625,0.2,0.5,0.5,0.17988504344553538,0.5532698454445234,0.18244842629140884,0.08439668481853164,2.577362189221446
1243,248.7658438959306,0.625,0.2,0.5,0.5,0.1799391473670638,0.5531296087115247,0.1825119863295737,0.0844192575918371,2.577362189221446
1244,248.96597731821214,0.625,0.2,0.5,0.5,0.17999491442306462,0.5529897559943356,0.18257520181832484,0.08444012776427422,2.577362189221446
1245,249.16611074049365,0.625,0.2,0.5,0.5,0.18005229061456093,0.5528503841055469,0.18263803081402447,0.08445929446586711,2.577362189221446
1246,249.36624416277516,0.625,0.2,0.5,0.5,0.18011122119672093,0.5527115888976158,0.18270043182067522,0.08447675808498734,2.577362189221446
1247,249.5663775850567,0.625,0.2,0.5,0.5,0.18017165082945072,0.5525734648074105,0.18276236403796506,0.08449252032517302,2.577362189221446
1248,249.7665110073382,0.625,0.2,0.5,0.5,0.18023352361616135,0.5524361048158736,0.18282378737674765,0.08450658419121686,2.577362189221446
1249,249.96664442961975,0.625,0.2,0.5,0.5,0.1802967831265367,0.5522996004694112,0.18288466244015836,0.08451895396389313,2.577362189221446
1250,250.16677785190126,0.625,0.2,0.5,0.5,0.1803613724410404,0.5521640418238304,0.182944950548423,0.08452963518670553,2.577362189221446
1251,250.36691127418277,0.625,0.2,0.5,0.5,0.18042723419586063,0.5520295173893796,0.18300461376330082,0.08453863465145833,2.577362189221446
1252,250.5670446964643,0.625,0.2,0.5,0.5,0.18049431062829305,0.5518961140768939,0.1830636149121616,0.08454596038265078,2.577362189221446
1253,250.76717811874582,0.625,0.2,0.5,0.5,0.1805625436200983,0.5517639171498194,0.18312191760890606,0.08455162162117548,2.577362189221446
1254,250.96731154102733,0.625,0.2,0.5,0.5,0.18063187464837677,0.551633010357422,0.18317948616922666,0.08455562882497386,2.577362189221446
1255,251.16744496330887,0.625,0.2,0.5,0.5,0.18070224492050938,0.5515034757132286,0.1832362857335821,0.08455799363267923,2.577362189221446
1256,251.36757838559038,0.625,0.2,0.5,0.5,0.1807735954463435,0.5513753933970423,0.18329228231819816,0.08455872883841535,2.577362189221446
1257,251.56771180787192,0.625,0.2,0.5,0.5,0.18084586704864275,0.551248841778554,0.18334744279525067,0.08455784837755186,2.577362189221446
1258,251.76784523015343,0.625,0.2,0.5,0.5,0.18091900040843098,0.5511238973752832,0.1834017349117265,0.08455536730455862,2.577362189221446
1259,251.96797865243494,0.625,0.2,0.5,0.5,0.18099293611063352,0.5510006348118952,0.18345512730775979,0.08455130176971083,2.577362189221446
1260,252.16811207471648,0.625,0.2,0.5,0.5,0.18106761469001595,0.5508791267808959,0.18350758953444277,0.08454566899464482,2.577362189221446
1261,252.368245496998,0.625,0.2,0.5,0.5,0.18114297667693463,0.5507594440051622,0.18355909207100013,0.08453848724690247,2.577362189221446
1262,252.5683789192795,0.625,0.2,0.5,0.5,0.18121896246395225,0.5506416553716167,0.18360960630010648,0.08452977586432402,2.577362189221446
1263,252.76851234156103,0.625,0.2,0.5,0.5,0.1812955124507447,0.5505258278032596,0.18365910454671386,0.08451955519928114,2.577362189221446
1264,252.96864576384255,0.625,0.2,0.5,0.5,0.181372567234238,0.5504120260900672,0.183707560126704,0.08450784654899016,2.577362189221446
1265,253.16877918612408,0.625,0.2,0.5,0.5,0.18145006754826065,0.5503003129585373,0.18375494733724923,0.08449467215595213,2.577362189221446
1266,253.3689126084056,0.625,0.2,0.5,0.5,0.1815279543054192,0.550190749046179,0.1838012414701263,0.08448005517827481,2.577362189221446
1267,253.5690460306871,0.625,0.2,0.5,0.5,0.1816061686389608,0.5500833928776712,0.18384641882443387,0.08446401965893352,2.577362189221446
1268,253.76917945296864,0.625,0.2,0.5,0.5,0.18168465194462236,0.5499783008426928,0.18389045671871324,0.08444659049397087,2.577362189221446
1269,253.96931287525015,0.625,0.2,0.5,0.5,0.18176334592246693,0.5498755271754241,0.18393333350247273,0.0844277933996355,2.577362189221446
1270,254.16944629753166,0.625,0.2,0.5,0.5,0.18184219259533146,0.5497751236172695,0.18397502864375997,0.08440765514363824,2.577362189221446
1271,254.3695797198132,0.625,0.2,0.5,0.5,0.1819211342363985,0.5496771409377019,0.18401552204394905,0.08438620278194986,2.577362189221446
1272,254.5697131420947,0.625,0.2,0.5,0.5,0.18200011368632185,0.5495816261802796,0.18405479538895775,0.0843634647444401,2.577362189221446
1273,254.76984656437625,0.625,0.2,0.5,0.5,0.18207907419188887,0.549488624868996,0.18409283109959804,0.08433946983951641,2.577362189221446
1274,254.96997998665776,0.625,0.2,0.5,0.5,0.18215795949666716,0.549398180277634,0.18412961265861572,0.08431424756708246,2.577362189221446
1275,255.17011340893927,0.625,0.2,0.5,0.5,0.18223671388005325,0.5493103334280749,0.18416512461171722,0.08428782808015402,2.577362189221446
1276,255.3702468312208,0.625,0.2,0.5,0.5,0.1823152821963215,0.5492251230886066,0.18419935256859626,0.08426024214647503,2.577362189221446
1277,255.57038025350232,0.625,0.2,0.5,0.5,0.1823936099136727,0.5491425857722328,0.18423228320396046,0.08423152111013346,2.577362189221446
1278,255.77051367578383,0.625,0.2,0.5,0.5,0.18247164308247743,0.5490627557493163,0.1842639042383581,0.08420169692984748,2.577362189221446
1279,255.97064709806537,0.625,0.2,0.5,0.5,0.18254932829366377,0.5489856650622186,0.1842942044161932,0.0841708022279237,2.577362189221446
1280,256.1707805203469,0.625,0.2,0.5,0.5,0.18262661293836133,0.5489113434789468,0.1843231735696854,0.08413887001300584,2.577362189221446
1281,256.3709139426284,0.625,0.2,0.5,0.5,0.18270344514982625,0.5488398185111256,0.1843508025921882,0.08410593374685921,2.577362189221446
1282,256.57104736490993,0.625,0.2,0.5,0.5,0.18277977383528787,0.5487711154137648,0.1843770834371612,0.08407202731378545,2.577362189221446
1283,256.77118078719144,0.625,0.2,0.5,0.5,0.1828555487122223,0.5487052571841289,0.18440200911840487,0.08403718498524325,2.577362189221446
1284,256.97131420947295,0.625,0.2,0.5,0.5,0.18293072034009605,0.5486422645636209,0.18442557370917195,0.08400144138711038,2.577362189221446
1285,257.1714476317545,0.625,0.2,0.5,0.5,0.1830052399585891,0.5485821561683633,0.18444777229327308,0.08396483157977377,2.577362189221446
1286,257.371581054036,0.625,0.2,0.5,0.5,0.1830790596950099,0.5485249483742537,0.18446860100776574,0.0839273909229699,2.577362189221446
1287,257.57171447631754,0.625,0.2,0.5,0.5,0.18315213266497404,0.5484706552730035,0.18448805705916596,0.08388915500285564,2.577362189221446
1288,257.77184789859905,0.625,0.2,0.5,0.5,0.1832244129329914,0.5484192887213432,0.18450613870490812,0.08385015964075654,2.577362189221446
1289,257.97198132088056,0.625,0.2,0.5,0.5,0.18329585554520478,0.5483708583422429,0.1845228452527029,0.08381044085984866,2.577362189221446
1290,258.1721147431621,0.625,0.2,0.5,0.5,0.1833664165621284,0.5483253715261349,0.18453817705989556,0.08377003485184042,2.577362189221446
1291,258.37224816544364,0.625,0.2,0.5,0.5,0.18343605303432564,0.5482828335342577,0.18455213546605861,0.08372897796535737,2.577362189221446
1292,258.57238158772515,0.625,0.2,0.5,0.5,0.18350472282355326,0.5482432478785725,0.18456472254477047,0.08368730675310304,2.577362189221446
1293,258.77251501000666,0.625,0.2,0.5,0.5,0.18357238499284964,0.5482066156834289,0.1845759415210964,0.08364505780262434,2.577362189221446
1294,258.97264843228817,0.625,0.2,0.5,0.5,0.18363899972650882,0.5481729358886029,0.1845857966390045,0.08360226774588302,2.577362189221446
1295,259.1727818545697,0.625,0.2,0.5,0.5,0.18370452833504403,0.5481422053002287,0.184594293128225,0.08355897323650159,2.577362189221446
1296,259.37291527685124,0.625,0.2,0.5,0.5,0.1837689332837738,0.5481144185994512,0.1846014371987497,0.08351521091802457,2.577362189221446
1297,259.57304869913276,0.625,0.2,0.5,0.5,0.18383217822140813,0.5480895683510801,0.18460723603533125,0.08347101739217974,2.577362189221446
1298,259.77318212141427,0.625,0.2,0.5,0.5,0.18389422775545142,0.5480676453982448,0.18461169759951168,0.08342642924679132,2.577362189221446
1299,259.9733155436958,0.625,0.2,0.5,0.5,0.18395504753074024,0.5480486387948914,0.18461483066209536,0.08338148301227225,2.577362189221446
1300,260.1734489659773,0.625,0.2,0.5,0.5,0.18401460457917626,0.5480325353248173,0.1846166450417851,0.08333621505422062,2.577362189221446
1301,260.37358238825885,0.625,0.2,0.5,0.5,0.18407286715843085,0.5480193197998168,0.18461715145533314,0.08329066158641847,2.577362189221446
1302,260.57371581054036,0.625,0.2,0.5,0.5,0.1841298047744367,0.5480089750776261,0.18461636150740737,0.08324485864052907,2.577362189221446
1303,260.7738492328219,0.625,0.2,0.5,0.5,0.1841853882039162,0.5480014820798124,0.18461428768048543,0.08319884203578526,2.577362189221446
1304,260.9739826551034,0.625,0.2,0.5,0.5,0.1842395894788951,0.547996819857544,0.1846109433001331,0.083152647363427,2.577362189221446
1305,261.1741160773849,0.625,0.2,0.5,0.5,0.1842923815186608,0.5479949661014257,0.18460634227198872,0.08310631010792405,2.577362189221446
1306,261.37424949966646,0.625,0.2,0.5,0.5,0.1843437386459021,0.5479958965376548,0.18460049939129045,0.08305986542515198,2.577362189221446
1307,261.574382921948,0.625,0.2,0.5,0.5,0.18439363654889104,0.5479995850219203,0.18459343029369382,0.08301334813549423,2.577362189221446
1308,261.7745163442295,0.625,0.2,0.5,0.5,0.18444205221874752,0.5480060036646865,0.1845851513899541,0.08296679272661124,2.577362189221446
1309,261.974649766511,0.625,0.2,0.5,0.5,0.1844889639654087,0.5480151228573434,0.18457567985157344,0.08292023332567378,2.577362189221446
1310,262.1747831887925,0.625,0.2,0.5,0.5,0.18453435143359892,0.5480269112983562,0.18456503359644832,0.0828737036715959,2.577362189221446
1311,262.374916611074,0.625,0.2,0.5,0.5,0.18457819545334314,0.5480413361896627,0.18455323117909417,0.08282723717789958,2.577362189221446
1312,262.5750500333556,0.625,0.2,0.5,0.5,0.18462047787228855,0.5480583634517882,0.18454029167037878,0.08278086700554403,2.577362189221446
1313,262.7751834556371,0.625,0.2,0.5,0.5,0.18466118208077623,0.5480779572261533,0.18452623493678014,0.08273462575628991,2.577362189221446
1314,262.9753168779186,0.625,0.2,0.5,0.5,0.18470029280265482,0.5481000801328985,0.18451108149618098,0.08268854556826517,2.577362189221446
1315,263.1754503002001,0.625,0.2,0.5,0.5,0.18473779609488153,0.5481246933138773,0.1844948524940759,0.0826426580971647,2.577362189221446
1316,263.3755837224816,0.625,0.2,0.5,0.5,0.1847736793570657,0.548151756465418,0.1844775696855125,0.0825969944920032,2.577362189221446
1317,263.5757171447632,0.625,0.2,0.5,0.5,0.18480793132852028,0.5481812278808103,0.1844592554125283,0.08255158537814053,2.577362189221446
1318,263.7758505670447,0.625,0.2,0.5,0.5,0.18484054158999086,0.5482130648783669,0.18443993240299472,0.08250646112864696,2.577362189221446
1319,263.9759839893262,0.625,0.2,0.5,0.5,0.18487150108454992,0.5482472234361333,0.18441962393693048,0.08246165154238565,2.577362189221446
1320,264.1761174116077,0.625,0.2,0.5,0.5,0.18490080226899533,0.5482836581142256,0.18439835387959008,0.08241718573718836,2.577362189221446
1321,264.37625083388923,0.625,0.2,0.5,0.5,0.18492843892058144,0.548322322245468,0.18437614659027898,0.08237309224367102,2.577362189221446
1322,264.5763842561708,0.625,0.2,0.5,0.5,0.1849544061417804,0.5483631679718777,0.18435302690257044,0.08232939898377084,2.577362189221446
1323,264.7765176784523,0.625,0.2,0.5,0.5,0.18497870036504346,0.5484061462811501,0.1843290201045225,0.08228613324928331,2.577362189221446
1324,264.9766511007338,0.625,0.2,0.5,0.5,0.18500131935756225,0.5484512070431431,0.1843041519188948,0.08224332168039925,2.577362189221446
1325,265.17678452301533,0.625,0.2,0.5,0.5,0.1850222622260301,0.548498299046362,0.18427844848336544,0.0822009902442418,2.577362189221446
1326,265.37691794529684,0.625,0.2,0.5,0.5,0.18504152884460887,0.5485473704192053,0.18425193615765476,0.08215916457853036,2.577362189221446
1327,265.57705136757835,0.625,0.2,0.5,0.5,0.18505911980080714,0.5485983687057285,0.1842246414860714,0.08211787000739222,2.577362189221446
1328,265.7771847898599,0.625,0.2,0.5,0.5,0.1850750375302468,0.5486512401483387,0.18419659151683873,0.08207713080457507,2.577362189221446
1329,265.9773182121414,0.625,0.2,0.5,0.5,0.1850892857076441,0.5487059301337122,0.1841678135981191,0.08203697056052388,2.577362189221446
1330,266.17745163442294,0.625,0.2,0.5,0.5,0.18510186923699534,0.5487623832390027,0.18413833535385649,0.08199741217014474,2.577362189221446
1331,266.37758505670445,0.625,0.2,0.5,0.5,0.1851127942475964,0.5488205432741569,0.18410818466137033,0.08195847781687558,2.577362189221446
1332,266.57771847898596,0.625,0.2,0.5,0.5,0.18512206809006268,0.5488803533242307,0.18407738962894896,0.08192018895675691,2.577362189221446
1333,266.7778519012675,0.625,0.2,0.5,0.5,0.18512969933234857,0.5489417557917051,0.18404597857344315,0.08188256630250242,2.577362189221446
1334,266.97798532354904,0.625,0.2,0.5,0.5,0.18513569753878176,0.5490046925196964,0.1840139799760239,0.08184562996549723,2.577362189221446
1335,267.17811874583055,0.625,0.2,0.5,0.5,0.1851400726329999,0.5490691050702916,0.18398142239606646,0.08180939990064137,2.577362189221446
1336,267.37825216811206,0.625,0.2,0.5,0.5,0.18514283616775531,0.5491349342919852,0.1839483345769295,0.0817738949633293,2.577362189221446
1337,267.57838559039357,0.625,0.2,0.5,0.5,0.1851440008668168,0.5492021205312949,0.18391474537784908,0.08173913322403856,2.577362189221446
1338,267.77851901267513,0.625,0.2,0.5,0.5,0.1851435805407361,0.5492706037049966,0.18388068374345617,0.08170513201081055,2.577362189221446
1339,267.97865243495664,0.625,0.2,0.5,0.5,0.18514159007551312,0.5493403233451819,0.1838461786806302,0.08167190789867423,2.577362189221446
1340,268.17878585723815,0.625,0.2,0.5,0.5,0.18513804542126108,0.5494112186443165,0.18381125923535233,0.08163947669906958,2.577362189221446
1341,268.37891927951966,0.625,0.2,0.5,0.5,0.18513296358087164,0.5494832285002977,0.18377595446955908,0.08160785344927106,2.577362189221446
1342,268.5790527018012,0.625,0.2,0.5,0.5,0.18512636254530393,0.5495562915694321,0.18374029344206746,0.08157705244319599,2.577362189221446
1343,268.7791861240827,0.625,0.2,0.5,0.5,0.18511826054685715,0.549630346420608,0.18370430524152556,0.0815470877910087,2.577362189221446
1344,268.97931954636425,0.625,0.2,0.5,0.5,0.18510867700174502,0.5497053314388164,0.18366801889049994,0.08151797266893812,2.577362189221446
1345,269.17945296864576,0.625,0.2,0.5,0.5,0.18509763243369823,0.5497811848798614,0.18363146332729235,0.08148971935914745,2.577362189221446
1346,269.3795863909273,0.625,0.2,0.5,0.5,0.18508514826521688,0.5498578449447108,0.183594667397852,0.08146233939221975,2.577362189221446
1347,269.5797198132088,0.625,0.2,0.5,0.5,0.1850712467996408,0.5499352498255314,0.18355765983313233,0.08143584354169485,2.577362189221446
1348,269.7798532354903,0.625,0.2,0.5,0.5,0.1850559512032199,0.550013337751726,0.1835204692264474,0.08141024181860612,2.577362189221446
1349,269.97998665777186,0.625,0.2,0.5,0.5,0.18503928548718437,0.5500920470359693,0.18348312401082856,0.08138554346601727,2.577362189221446
1350,270.18012008005337,0.625,0.2,0.5,0.5,0.18502127448920147,0.5501713161200545,0.18344565243659716,0.08136175695414641,2.577362189221446
1351,270.3802535023349,0.625,0.2,0.5,0.5,0.18500194343672588,0.5502510834913545,0.1834080826963191,0.08133889037560002,2.577362189221446
1352,270.5803869246164,0.625,0.2,0.5,0.5,0.1849813181751548,0.5503312878050105,0.18337044281541706,0.08131695120441716,2.577362189221446
1353,270.7805203468979,0.625,0.2,0.5,0.5,0.18495942552467484,0.5504118680459451,0.1833327604974188,0.08129594593196074,2.577362189221446
1354,270.98065376917947,0.625,0.2,0.5,0.5,0.18493629299286657,0.5504927634915114,0.1832950631963,0.08127588031932159,2.577362189221446
1355,271.180787191461,0.625,0.2,0.5,0.5,0.18491194875208053,0.5505739137560759,0.18325737809549553,0.08125675939634765,2.577362189221446
1356,271.3809206137425,0.625,0.2,0.5,0.5,0.18488642161681346,0.5506552588356028,0.18321973208691053,0.08123858746067275,2.577362189221446
1357,271.581054036024,0.625,0.2,0.5,0.5,0.1848597410210841,0.5507367391522379,0.18318215174993188,0.08122136807674579,2.577362189221446
1358,271.7811874583055,0.625,0.2,0.5,0.5,0.1848319369958094,0.5508182955988912,0.1831446633304393,0.08120510407485966,2.577362189221446
1359,271.981320880587,0.625,0.2,0.5,0.5,0.18480303999343142,0.550899869442284,0.18310729283780755,0.08118979772647675,2.577362189221446
1360,272.1814543028686,0.625,0.2,0.5,0.5,0.18477308068228326,0.5509814021979527,0.18307006616528354,0.08117545095448012,2.577362189221446
1361,272.3815877251501,0.625,0.2,0.5,0.5,0.18474209046697843,0.5510628361779931,0.18303300864954775,0.08116206470548026,2.577362189221446
1362,272.5817211474316,0.625,0.2,0.5,0.5,0.18471010122450862,0.5511441143120738,0.1829961452361004,0.08114963922731679,2.577362189221446
1363,272.7818545697131,0.625,0.2,0.5,0.5,0.18467714526452408,0.5512251801761785,0.18295950047147833,0.08113817408781862,2.577362189221446
1364,272.98198799199463,0.625,0.2,0.5,0.5,0.18464325530334352,0.5513059780340714,0.18292309848486646,0.08112766817771812,2.577362189221446
1365,273.1821214142762,0.625,0.2,0.5,0.5,0.18460846443796378,0.5513864528787611,0.18288696296970935,0.08111811971356529,2.577362189221446
1366,273.3822548365577,0.625,0.2,0.5,0.5,0.18457280612006974,0.5514665504739652,0.18285111716532268,0.08110952624064194,2.577362189221446
1367,273.5823882588392,0.625,0.2,0.5,0.5,0.1845363141052599,0.5515462173219904,0.18281558388864122,0.081101884684108,2.577362189221446
1368,273.7825216811207,0.625,0.2,0.5,0.5,0.1844990222682186,0.5516254002336066,0.18278038583714704,0.08109519166102727,2.577362189221446
1369,273.98265510340224,0.625,0.2,0.5,0.5,0.18446096481931729,0.5517040470897678,0.1827455450797366,0.08108944301117785,2.577362189221446
1370,274.1827885256838,0.625,0.2,0.5,0.5,0.18442217622221227,0.5517821067155889,0.1827110831524495,0.0810846339097489,2.577362189221446
1371,274.3829219479653,0.625,0.2,0.5,0.5,0.1843826911390436,0.5518595288362701,0.18267702109836245,0.08108075892632344,2.577362189221446
1372,274.5830553702468,0.625,0.2,0.5,0.5,0.18434254440255515,0.5519362641129513,0.1826433794530234,0.08107781203146988,2.577362189221446
1373,274.78318879252834,0.625,0.2,0.5,0.5,0.18430177098821476,0.5520122641785653,0.18261017822988568,0.08107578660333388,2.577362189221446
1374,274.98332221480985,0.625,0.2,0.5,0.5,0.18426040598633428,0.5520874816736928,0.18257743690574257,0.08107467543422998,2.577362189221446
1375,275.18345563709136,0.625,0.2,0.5,0.5,0.1842184845947544,0.5521618700319995,0.1825451745446593,0.08107447082858649,2.577362189221446
1376,275.3835890593729,0.625,0.2,0.5,0.5,0.18417604210069496,0.5522353833976057,0.18251340984893788,0.08107516465276106,2.577362189221446
1377,275.58372248165443,0.625,0.2,0.5,0.5,0.18413311380334016,0.5523079772641258,0.18248216081094665,0.08107674812158705,2.577362189221446
1378,275.78385590393594,0.625,0.2,0.5,0.5,0.18408973501061468,0.5523796082102846,0.182451444864607,0.08107921191449333,2.577362189221446
1379,275.98398932621745,0.625,0.2,0.5,0.5,0.18404594101226232,0.5524502339241011,0.18242127887728263,0.08108254618635365,2.577362189221446
1380,276.18412274849896,0.625,0.2,0.5,0.5,0.18400176705241256,0.5525198132333048,0.18239167913822063,0.08108674057606173,2.577362189221446
1381,276.38425617078053,0.625,0.2,0.5,0.5,0.183957248302147,0.5525883061357536,0.18236266134699275,0.08109178421510638,2.577362189221446
1382,276.58438959306204,0.625,0.2,0.5,0.5,0.1839124198357048,0.5526556738080707,0.18233424061379622,0.08109766574242788,2.577362189221446
1383,276.78452301534355,0.625,0.2,0.5,0.5,0.18386731669916412,0.5527218780607533,0.18230643176116665,0.0811043734789155,2.577362189221446
1384,276.98465643762506,0.625,0.2,0.5,0.5,0.18382197378029838,0.5527868819833754,0.1822792489776511,0.08111189525867467,2.577362189221446
1385,277.1847898599066,0.625,0.2,0.5,0.5,0.18377642576676037,0.5528506500610936,0.18225270575937172,0.08112021841277393,2.577362189221446
1386,277.38492328218814,0.625,0.2,0.5,0.5,0.18373070715119347,0.552913148010263,0.18222681500454155,0.08112932983400158,2.577362189221446
1387,277.58505670446965,0.625,0.2,0.5,0.5,0.18368485220491146,0.5529743428021929,0.18220158900553324,0.08113921598736208,2.577362189221446
1388,277.78519012675116,0.625,0.2,0.5,0.5,0.18363889495157773,0.5530342026869014,0.18217703944094793,0.08114986292057257,2.577362189221446
1389,277.98532354903267,0.625,0.2,0.5,0.5,0.18359286914088518,0.5530926972168712,0.18215317736768405,0.08116125627455925,2.577362189221446
1390,278.1854569713142,0.625,0.2,0.5,0.5,0.18354680827708372,0.5531497971014903,0.18213001329495734,0.08117338132646838,2.577362189221446
1391,278.3855903935957,0.625,0.2,0.5,0.5,0.1835007457512515,0.553205473741242,0.18210755741332893,0.08118622309417725,2.577362189221446
1392,278.58572381587726,0.625,0.2,0.5,0.5,0.18345471450499953,0.5532597002083396,0.18208581912362592,0.08119976616303465,2.577362189221446
1393,278.78585723815877,0.625,0.2,0.5,0.5,0.18340874711384408,0.5533124509318641,0.18206480719290744,0.08121399476138408,2.577362189221446
1394,278.9859906604403,0.625,0.2,0.5,0.5,0.18336287578027824,0.5533637016616575,0.18204452977550784,0.08122889278255617,2.577362189221446
1395,279.1861240827218,0.625,0.2,0.5,0.5,0.18331713230976873,0.5534134294849242,0.18202499440856815,0.08124444379673866,2.577362189221446
1396,279.3862575050033,0.625,0.2,0.5,0.5,0.18327154808675283,0.5534616128428331,0.18200620800756706,0.08126063106284666,2.577362189221446
1397,279.58639092728487,0.625,0.2,0.5,0.5,0.1832261540506461,0.5535082315470936,0.18198817686186358,0.08127743754039639,2.577362189221446
1398,279.7865243495664,0.625,0.2,0.5,0.5,0.18318098087937737,0.5535532663039678,0.18197090684571832,0.08129484597093613,2.577362189221446
1399,279.9866577718479,0.625,0.2,0.5,0.5,0.18313605888338824,0.5535966989254925,0.1819544033286857,0.08131283886243325,2.577362189221446
1400,280.1867911941294,0.625,0.2,0.5,0.5,0.18309141774950538,0.5536385128970251,0.18193867093012622,0.08133139842334289,2.577362189221446
1401,280.3869246164109,0.625,0.2,0.5,0.5,0.18304708666597636,0.5536786930401042,0.18192371366948737,0.0813505066244317,2.577362189221446
1402,280.5870580386925,0.625,0.2,0.5,0.5,0.18300309430162837,0.5537172255215457,0.18190953496511772,0.08137014521170778,2.577362189221446
1403,280.787191460974,0.625,0.2,0.5,0.5,0.1829594687850269,0.5537540978625409,0.18189613763308127,0.08139029571935048,2.577362189221446
1404,280.9873248832555,0.625,0.2,0.5,0.5,0.18291623768363433,0.5537892989477535,0.18188352388597134,0.08141093948264037,2.577362189221446
1405,281.187458305537,0.625,0.2,0.5,0.5,0.18287342801579962,0.5538228189683644,0.18187169535956244,0.08143205765627314,2.577362189221446
1406,281.3875917278185,0.625,0.2,0.5,0.5,0.18283106654744322,0.5538546487923388,0.18186065338085652,0.08145363127936113,2.577362189221446
1407,281.5877251501,0.625,0.2,0.5,0.5,0.18278917933628733,0.5538847808485547,0.18185039859811905,0.08147564121703856,2.577362189221446
1408,281.7878585723816,0.625,0.2,0.5,0.5,0.18274779177514172,0.5539132090068832,0.18184093103406693,0.08149806818390785,2.577362189221446
1409,281.9879919946631,0.625,0.2,0.5,0.5,0.18270692864161528,0.5539399284453401,0.18183225014450485,0.0815208927685395,2.577362189221446
1410,282.1881254169446,0.625,0.2,0.5,0.5,0.1826666140809015,0.553964935651887,0.18182435482021453,0.08154409544699673,2.577362189221446
1411,282.3882588392261,0.625,0.2,0.5,0.5,0.18262687158856417,0.553988228426231,0.1818172433888443,0.08156765659636034,2.577362189221446
1412,282.58839226150764,0.625,0.2,0.5,0.5,0.1825877239933228,0.5540098058816253,0.18181091361679852,0.08159155650825317,2.577362189221446
1413,282.7885256837892,0.625,0.2,0.5,0.5,0.18254919356617016,0.5540296682250567,0.18180536279743925,0.08161577541133364,2.577362189221446
1414,282.9886591060707,0.625,0.2,0.5,0.5,0.18251130215815742,0.5540478164871437,0.18180058785887454,0.08164029349582404,2.577362189221446
1415,283.1887925283522,0.625,0.2,0.5,0.5,0.18247407077879205,0.5540642532333184,0.18179658508956234,0.0816650908983269,2.577362189221446
1416,283.38892595063373,0.625,0.2,0.5,0.5,0.1824375197543697,0.5540789822576815,0.18179335026013652,0.08169014772781193,2.577362189221446
1417,283.58905937291524,0.625,0.2,0.5,0.5,0.18240166872470975,0.5540920085603315,0.1817908786348272,0.08171544408013122,2.577362189221446
1418,283.7891927951968,0.625,0.2,0.5,0.5,0.18236653663125194,0.5541033383398478,0.18178916497697895,0.08174096005192091,2.577362189221446
1419,283.9893262174783,0.625,0.2,0.5,0.5,0.18233214171308346,0.5541129789750981,0.18178820355830408,0.0817666757535139,2.577362189221446
1420,284.18945963975983,0.625,0.2,0.5,0.5,0.18229850164451997,0.5541209388164665,0.18178798823481274,0.08179257130420031,2.577362189221446
1421,284.38959306204134,0.625,0.2,0.5,0.5,0.18226563336356977,0.5541272273932547,0.18178851237713906,0.08181862686603601,2.577362189221446
1422,284.58972648432285,0.625,0.2,0.5,0.5,0.18223355305157046,0.5541318554175555,0.1817897688720742,0.08184482265879946,2.577362189221446
1423,284.7898599066044,0.625,0.2,0.5,0.5,0.1822022761637116,0.5541348347196169,0.18179175014806856,0.08187113896860262,2.577362189221446
1424,284.98999332888593,0.625,0.2,0.5,0.5,0.18217181741977245,0.5541361782367702,0.18179444818199356,0.08189755616146345,2.577362189221446
1425,285.19012675116744,0.625,0.2,0.5,0.5,0.1821421907948595,0.5541359000023579,0.1817978545059041,0.08192405469687822,2.577362189221446
1426,285.39026017344895,0.625,0.2,0.5,0.5,0.18211340960596623,0.5541340149992063,0.18180196026236042,0.08195061513246688,2.577362189221446
1427,285.59039359573046,0.625,0.2,0.5,0.5,0.182085486600847,0.5541305390098268,0.18180675626092332,0.08197721812840272,2.577362189221446
1428,285.79052701801197,0.625,0.2,0.5,0.5,0.18205843366749275,0.5541254890029391,0.1818122328423798,0.08200384448718809,2.577362189221446
1429,285.99066044029354,0.625,0.2,0.5,0.5,0.18203226195083536,0.5541188829443314,0.18181837994934177,0.08203047515549115,2.577362189221446
1430,286.19079386257505,0.625,0.2,0.5,0.5,0.1820069818522296,0.5541107397734267,0.18182518713743956,0.08205709123690384,2.577362189221446
1431,286.39092728485656,0.625,0.2,0.5,0.5,0.1819826030239733,0.5541010793868638,0.18183264358400086,0.08208367400516169,2.577362189221446
1432,286.59106070713807,0.625,0.2,0.5,0.5,0.1819591343758277,0.5540899226084233,0.18184073810124488,0.08211020491450387,2.577362189221446
1433,286.7911941294196,0.625,0.2,0.5,0.5,0.181936584263604,0.5540772909517753,0.1818494592179804,0.08213666556664002,2.577362189221446
1434,286.99132755170115,0.625,0.2,0.5,0.5,0.1819149602679103,0.5540632068495941,0.1818587951070983,0.08216303777539703,2.577362189221446
1435,287.19146097398266,0.625,0.2,0.5,0.5,0.18189426918774615,0.5540476936381918,0.18186873359390213,0.08218930358015947,2.577362189221446
1436,287.39159439626417,0.625,0.2,0.5,0.5,0.18187451708672225,0.5540307754822699,0.18187926218423953,0.08221544524676795,2.577362189221446
1437,287.5917278185457,0.625,0.2,0.5,0.5,0.18185570929099013,0.554012477354619,0.18189036807446404,0.08224144527992636,2.577362189221446
1438,287.7918612408272,0.625,0.2,0.5,0.5,0.18183785038717212,0.5539928250158211,0.18190203816139705,0.0822672864356093,2.577362189221446
1439,287.99199466310876,0.625,0.2,0.5,0.5,0.18182094430816895,0.5539718449062101,0.1819142590815783,0.0822929517040422,2.577362189221446
1440,288.19212808539027,0.625,0.2,0.5,0.5,0.1818049944045417,0.553949564052237,0.18192701724570864,0.08231842429751214,2.577362189221446
1441,288.3922615076718,0.625,0.2,0.5,0.5,0.18179000320647257,0.5539260102817679,0.181940298769966,0.08234368774179304,2.577362189221446
1442,288.5923949299533,0.625,0.2,0.5,0.5,0.18177597253068106,0.55390121209497,0.18195408952229114,0.08236872585205737,2.577362189221446
1443,288.7925283522348,0.625,0.2,0.5,0.5,0.18176290348497517,0.5538751986374018,0.18196837513455644,0.08239352274306615,2.577362189221446
1444,288.9926617745163,0.625,0.2,0.5,0.5,0.18175079646944436,0.5538479996764561,0.1819831410136153,0.08241806284048368,2.577362189221446
1445,289.1927951967979,0.625,0.2,0.5,0.5,0.1817396511897772,0.5538196455687522,0.18199837235498967,0.08244233088648044,2.577362189221446
1446,289.3929286190794,0.625,0.2,0.5,0.5,0.18172946682811972,0.5537901671099216,0.18201405419083588,0.08246631187112226,2.577362189221446
1447,289.5930620413609,0.625,0.2,0.5,0.5,0.1817202418483051,0.5537595956573399,0.18203017135835572,0.08248999113599872,2.577362189221446
1448,289.7931954636424,0.625,0.2,0.5,0.5,0.181711974004628,0.5537279631009097,0.18204670851249535,0.08251335438196651,2.577362189221446
1449,289.9933288859239,0.625,0.2,0.5,0.5,0.18170466038549413,0.5536953018078091,0.1820636501462326,0.08253638766046358,2.577362189221446
1450,290.1934623082055,0.625,0.2,0.5,0.5,0.18169829741758517,0.5536616445967174,0.18208098060227312,0.08255907738342383,2.577362189221446
1451,290.393595730487,0.625,0.2,0.5,0.5,0.18169288087002347,0.553627024712038,0.18209868408474625,0.08258141033319176,2.577362189221446
1452,290.5937291527685,0.625,0.2,0.5,0.5,0.18168840598253005,0.5535914757384842,0.18211674468572056,0.08260337359326463,2.577362189221446
1453,290.79386257505,0.625,0.2,0.5,0.5,0.18168486751672752,0.5535550315526302,0.18213514640253356,0.0826249545281082,2.577362189221446
1454,290.9939959973315,0.625,0.2,0.5,0.5,0.1816822594488209,0.5535177264469571,0.18215387311226014,0.08264614099196142,2.577362189221446
1455,291.1941294196131,0.625,0.2,0.5,0.5,0.18168057513442015,0.5534795950268022,0.1821729086026099,0.0826669212361673,2.577362189221446
1456,291.3942628418946,0.625,0.2,0.5,0.5,0.1816798073177833,0.5534406721821412,0.18219223658423017,0.08268728391584483,2.577362189221446
1457,291.5943962641761,0.625,0.2,0.5,0.5,0.18167994813748026,0.5534009930610913,0.18221184070258128,0.08270721809884675,2.577362189221446
1458,291.7945296864576,0.625,0.2,0.5,0.5,0.18168098913205624,0.5533605930434148,0.18223170454981155,0.08272671327471699,2.577362189221446
1459,291.99466310873913,0.625,0.2,0.5,0.5,0.18168292124569552,0.5533195077140229,0.18225181167663262,0.08274575936364847,2.577362189221446
1460,292.19479653102064,0.625,0.2,0.5,0.5,0.1816857348338851,0.5532777728364792,0.1822721456041946,0.0827643467254406,2.577362189221446
1461,292.3949299533022,0.625,0.2,0.5,0.5,0.18168941974885036,0.5532354243026685,0.1822926898398437,0.08278246610863689,2.577362189221446
1462,292.5950633755837,0.625,0.2,0.5,0.5,0.18169396587357722,0.5531924979484358,0.1823134279147126,0.08280010826327384,2.577362189221446
1463,292.79519679786523,0.625,0.2,0.5,0.5,0.18169936226716826,0.5531490297841353,0.18233434335372456,0.08281726459497135,2.577362189221446
1464,292.99533022014674,0.625,0.2,0.5,0.5,0.18170559737617634,0.5531050559066834,0.18235541969747845,0.08283392701966127,2.577362189221446
1465,293.19546364242825,0.625,0.2,0.5,0.5,0.1817126591450801,0.5530606124417461,0.18237664051922525,0.08285008789394803,2.577362189221446
1466,293.3955970647098,0.625,0.2,0.5,0.5,0.18172053502547222,0.5530157355161893,0.18239798943691463,0.08286574002142323,2.577362189221446
1467,293.59573048699133,0.625,0.2,0.5,0.5,0.18172921198524727,0.5529704612305301,0.18241945012524166,0.08288087665898045,2.577362189221446
1468,293.79586390927284,0.625,0.2,0.5,0.5,0.18173867651778997,0.5529248256313859,0.18244100632769372,0.0828954915231298,2.577362189221446
1469,293.99599733155435,0.625,0.2,0.5,0.5,0.18174891465116322,0.5528788646839266,0.18246264186859698,0.08290957879631271,2.577362189221446
1470,294.19613075383586,0.625,0.2,0.5,0.5,0.1817599119583389,0.5528326142446817,0.1824843406649412,0.08292313313203768,2.577362189221446
1471,294.3962641761174,0.625,0.2,0.5,0.5,0.1817716539156326,0.5527861101539501,0.1825060866640821,0.08293614926633457,2.577362189221446
1472,294.59639759839894,0.625,0.2,0.5,0.5,0.18178412566049426,0.5527393881219012,0.18252786390930317,0.0829486223083008,2.577362189221446
1473,294.79653102068045,0.625,0.2,0.5,0.5,0.1817973117281803,0.5526924836074218,0.18254965660987307,0.08296054805452424,2.577362189221446
1474,294.99666444296196,0.625,0.2,0.5,0.5,0.18181119627743225,0.5526454318649269,0.18257144910700798,0.08297192275063238,2.577362189221446
1475,295.19679786524347,0.625,0.2,0.5,0.5,0.18182576310231902,0.5525982679177212,0.1825932258853532,0.08298274309460615,2.577362189221446
1476,295.396931287525,0.625,0.2,0.5,0.5,0.18184099564407916,0.5525510265313617,0.1826149715844648,0.08299300624009381,2.577362189221446
1477,295.59706470980655,0.625,0.2,0.5,0.5,0.1818568770029633,0.55250374218702,0.18263667101029146,0.08300270979972464,2.577362189221446
1478,295.79719813208806,0.625,0.2,0.5,0.5,0.18187338995007632,0.5524564490548443,0.18265830914665604,0.08301185184842283,2.577362189221446
1479,295.99733155436957,0.625,0.2,0.5,0.5,0.1818905169392197,0.5524091809673211,0.18267987116673742,0.08302043092672126,2.577362189221446
1480,296.1974649766511,0.625,0.2,0.5,0.5,0.18190824021710614,0.5523619715119676,0.18270134238718536,0.08302844588374035,2.577362189221446
1481,296.3975983989326,0.625,0.2,0.5,0.5,0.1819265420367339,0.5523148542491607,0.18272270816207664,0.08303589555202824,2.577362189221446
1482,296.59773182121415,0.625,0.2,0.5,0.5,0.18194540418358227,0.5522678620963889,0.18274395417760683,0.08304277954242152,2.577362189221446
1483,296.79786524349566,0.625,0.2,0.5,0.5,0.18196480818269287,0.5522210275384478,0.18276506634971623,0.08304909792914258,2.577362189221446
1484,296.9979986657772,0.625,0.2,0.5,0.5,0.1819847353336816,0.5521743826289082,0.18278603082206016,0.08305485121534961,2.577362189221446
1485,297.1981320880587,0.625,0.2,0.5,0.5,0.18200516672453032,0.5521279589658422,0.18280683397635367,0.08306004033327327,2.577362189221446
1486,297.3982655103402,0.625,0.2,0.5,0.5,0.18202608324537844,0.5520817876675511,0.18282746244271658,0.08306466664435333,2.577362189221446
1487,297.59839893262176,0.625,0.2,0.5,0.5,0.1820474656023146,0.552035899348291,0.1828479031100185,0.0830687319393753,2.577362189221446
1488,297.7985323549033,0.625,0.2,0.5,0.5,0.1820692943311682,0.5519903240940005,0.18286814313622365,0.08307223843860709,2.577362189221446
1489,297.9986657771848,0.625,0.2,0.5,0.5,0.18209154981885464,0.551945091468711,0.18288816994464024,0.08307518876779355,2.577362189221446
1490,298.1987991994663,0.625,0.2,0.5,0.5,0.18211421246245726,0.5519002310804828,0.182907970963138,0.08307758549392139,2.577362189221446
1491,298.3989326217478,0.625,0.2,0.5,0.5,0.18213726250049087,0.5518557718156533,0.18292753397511,0.08307943170874522,2.577362189221446
1492,298.5990660440293,0.625,0.2,0.5,0.5,0.1821606800250143,0.5518117418077425,0.1829468471329513,0.08308073103429127,2.577362189221446
1493,298.7991994663109,0.625,0.2,0.5,0.5,0.1821844450418962,0.551768168601971,0.18296589888167777,0.08308148747445433,2.577362189221446
1494,298.9993328885924,0.625,0.2,0.5,0.5,0.18220853748553034,0.5517250791347381,0.18298467796754764,0.08308170541218321,2.577362189221446
1495,299.1994663108739,0.625,0.2,0.5,0.5,0.18223293723355027,0.5516824997130994,0.18300317344668363,0.08308138960666608,2.577362189221446
1496,299.3995997331554,0.625,0.2,0.5,0.5,0.1822576241215446,0.5516404559942442,0.18302137469369464,0.08308054519051596,2.577362189221446
1497,299.5997331554369,0.625,0.2,0.5,0.5,0.1822825779577718,0.5515989729649738,0.18303927141029763,0.08307917766695605,2.577362189221446
1498,299.7998665777185,0.625,0.2,0.5,0.5,0.18230777853787541,0.5515580749211793,0.18305685363393945,0.08307729290700519,2.577362189221446
1499,300.0,0.625,0.2,0.5,0.5,0.18233320567010983,0.5515177858647966,0.18307411155735281,0.08307489690774,2.577362189221446
