,time,beta,alpha,sigma_D,sigma_C,S_c,S_d,I_c,I_d,R0
0,0.0,0.5,0.2,0.5,0.9583333333333333,0.20825000000000005,0.79135,8.333333333333334e-05,0.00031666666666666665,-0.807958236723764
1,0.200133422281521,0.5,0.2,0.5,0.9583333333333333,0.20171994300951668,0.7978641942383815,9.197085730674822e-05,0.0003238918947951344,-0.807958236723764
2,0.400266844563042,0.5,0.2,0.5,0.9583333333333333,0.1953440788483702,0.8042237322753821,0.00010081684029281392,0.0003313720359549096,-0.807958236723764
3,0.600400266844563,0.5,0.2,0.5,0.9583333333333333,0.18912196497942163,0.8104290385004209,0.00010986496033989684,0.0003391315598176268,-0.807958236723764
4,0.800533689126084,0.5,0.2,0.5,0.9583333333333333,0.18305292639005338,0.8164807680006848,0.00011910968246975932,0.0003471959267921975,-0.807958236723764
5,1.0006671114076051,0.5,0.2,0.5,0.9583333333333333,0.17713612738736303,0.8223797360625393,0.00012854656731124697,0.00035558998278652736,-0.807958236723764
6,1.200800533689126,0.5,0.2,0.5,0.9583333333333333,0.17137044620077807,0.8281270401292503,0.00013817156657886534,0.00036434210339275397,-0.807958236723764
7,1.400933955970647,0.5,0.2,0.5,0.9583333333333333,0.1657546430494974,0.8337238954593238,0.00014798194332704055,0.0003734795478518999,-0.807958236723764
8,1.601067378252168,0.5,0.2,0.5,0.9583333333333333,0.16028729815654252,0.8391716951963208,0.00015797578624317582,0.00038303086089357303,-0.807958236723764
9,1.801200800533689,0.5,0.2,0.5,0.9583333333333333,0.15496683364018085,0.8444719886545405,0.00016815213441594124,0.0003930255708627265,-0.807958236723764
10,2.0013342228152102,0.5,0.2,0.5,0.9583333333333333,0.14979151872578855,0.8496264760440073,0.00017851098852567462,0.00040349424167860704,-0.807958236723764
11,2.201467645096731,0.5,0.2,0.5,0.9583333333333333,0.14475949104443375,0.8546369870633514,0.00018905330910778639,0.00041446858310713466,-0.807958236723764
12,2.401601067378252,0.5,0.2,0.5,0.9583333333333333,0.13986876665044168,0.8595054708398465,0.00019978099545765502,0.00042598151425432177,-0.807958236723764
13,2.601734489659773,0.5,0.2,0.5,0.9583333333333333,0.13511725485863924,0.8642339810853432,0.00021069685163580709,0.0004380672043818431,-0.807958236723764
14,2.801867911941294,0.5,0.2,0.5,0.9583333333333333,0.1305027647442388,0.86882466934889,0.00022180462832443903,0.00045076127854693876,-0.807958236723764
15,3.002001334222815,0.5,0.2,0.5,0.9583333333333333,0.12602301650247952,0.8732797736055112,0.00023310899488430988,0.00046410089712514013,-0.807958236723764
16,3.202134756504336,0.5,0.2,0.5,0.9583333333333333,0.12167564908123508,0.8776016105421794,0.000244615532431838,0.0004781248441538053,-0.807958236723764
17,3.402268178785857,0.5,0.2,0.5,0.9583333333333333,0.11745823995065631,0.8817925555420841,0.00025633071173795,0.0004928737955217929,-0.807958236723764
18,3.602401601067378,0.5,0.2,0.5,0.9583333333333333,0.11336829556148809,0.8858550523573723,0.00026826190513881064,0.0005083901760010793,-0.807958236723764
19,3.802535023348899,0.5,0.2,0.5,0.9583333333333333,0.1094032697306194,0.8897915944667945,0.0002804173659211213,0.0005247184366653219,-0.807958236723764
20,4.0026684456304205,0.5,0.2,0.5,0.9583333333333333,0.10556058290336712,0.8936047054213178,0.00029280620008728745,0.0005419054752281582,-0.807958236723764
21,4.202801867911941,0.5,0.2,0.5,0.9583333333333333,0.1018376326710514,0.8972969283805544,0.0003054383658241812,0.0005600005825702239,-0.807958236723764
22,4.402935290193462,0.5,0.2,0.5,0.9583333333333333,0.09823179360311614,0.9008708260812684,0.00031832467305088384,0.0005790556425648255,-0.807958236723764
23,4.603068712474983,0.5,0.2,0.5,0.9583333333333333,0.09474039749230413,0.9043290004928528,0.00033147680748872506,0.0005991252073546439,-0.807958236723764
24,4.803202134756504,0.5,0.2,0.5,0.9583333333333333,0.09136076839470621,0.907674057524333,0.00034490729403949895,0.0006202667869216494,-0.807958236723764
25,5.003335557038025,0.5,0.2,0.5,0.9583333333333333,0.0880902333546346,0.910908595976487,0.0003586294960728917,0.00064254117280585,-0.807958236723764
26,5.203468979319546,0.5,0.2,0.5,0.9583333333333333,0.08492612242435273,0.9140352074277867,0.0003726576146321737,0.0006660125332287896,-0.807958236723764
27,5.403602401601067,0.5,0.2,0.5,0.9583333333333333,0.08186576764710833,0.9170564769276721,0.0003870067127579186,0.0006907487124620503,-0.807958236723764
28,5.603735823882588,0.5,0.2,0.5,0.9583333333333333,0.07890651151843074,0.919974974324378,0.00040169271107959624,0.0007168214461118802,-0.807958236723764
29,5.803869246164109,0.5,0.2,0.5,0.9583333333333333,0.07604571340468394,0.9227932475579574,0.0004167323933906233,0.000744306643968274,-0.807958236723764
30,6.00400266844563,0.5,0.2,0.5,0.9583333333333333,0.07328075218778166,0.9255138196816818,0.0004321434237019237,0.0007732847068349881,-0.807958236723764
31,6.204136090727151,0.5,0.2,0.5,0.9583333333333333,0.07060903205716902,0.9281391828444696,0.0004479443490277981,0.0008038407493338676,-0.807958236723764
32,6.404269513008672,0.5,0.2,0.5,0.9583333333333333,0.06802798339732517,0.9306717969267119,0.00046415463422048796,0.0008360650417427838,-0.807958236723764
33,6.604402935290193,0.5,0.2,0.5,0.9583333333333333,0.06553506910413197,0.9331140830271585,0.00048079465931329297,0.0008700532093965337,-0.807958236723764
34,6.804536357571714,0.5,0.2,0.5,0.9583333333333333,0.06312778468562318,0.9354684228217327,0.0004978857601139848,0.0009059067325303741,-0.807958236723764
35,7.004669779853235,0.5,0.2,0.5,0.9583333333333333,0.060803662833581816,0.9377371537073278,0.0005154502379615426,0.0009437332211290902,-0.807958236723764
36,7.204803202134756,0.5,0.2,0.5,0.9583333333333333,0.05856027302822503,0.9399225685155059,0.0005335114104266633,0.0009836470458425635,-0.807958236723764
37,7.404936624416277,0.5,0.2,0.5,0.9583333333333333,0.056395225955416725,0.942026910842346,0.0005520936195893948,0.0010257695826480415,-0.807958236723764
38,7.605070046697798,0.5,0.2,0.5,0.9583333333333333,0.054306177978448604,0.9440523703238883,0.0005712222401256261,0.0010702294575375805,-0.807958236723764
39,7.805203468979319,0.5,0.2,0.5,0.9583333333333333,0.05229083203064414,0.9460010811979415,0.0005909237173389511,0.0011171630540755477,-0.807958236723764
40,8.005336891260841,0.5,0.2,0.5,0.9583333333333333,0.05034693749472774,0.9478751217102765,0.0006112256163862878,0.0011667151786095438,-0.807958236723764
41,8.205470313542362,0.5,0.2,0.5,0.9583333333333333,0.048472283543709485,0.9496765192078725,0.000632156737138526,0.0012190405112795979,-0.807958236723764
42,8.405603735823883,0.5,0.2,0.5,0.9583333333333333,0.046664708626947334,0.9514072412960577,0.0006537470624344825,0.001274303014560489,-0.807958236723764
43,8.605737158105404,0.5,0.2,0.5,0.9583333333333333,0.04492209761824289,0.9530691976997118,0.000676027831346613,0.0013326768506986806,-0.807958236723764
44,8.805870580386925,0.5,0.2,0.5,0.9583333333333333,0.04324238020027126,0.9546642410841526,0.0006990315985514632,0.0013943471170246658,-0.807958236723764
45,9.006004002668446,0.5,0.2,0.5,0.9583333333333333,0.04162353966520726,0.9561941574344681,0.0007227922528772993,0.0014595106474472204,-0.807958236723764
46,9.206137424949967,0.5,0.2,0.5,0.9583333333333333,0.0400636153408671,0.9576606628070423,0.0007473450618208714,0.001528376790269639,-0.807958236723764
47,9.406270847231488,0.5,0.2,0.5,0.9583333333333333,0.03856069371219028,0.9590654114142839,0.0007727267605399095,0.0016011681129858475,-0.807958236723764
48,9.606404269513009,0.5,0.2,0.5,0.9583333333333333,0.03711291210797805,0.9604099910053211,0.0007989755912448563,0.0016781212954558589,-0.807958236723764
49,9.80653769179453,0.5,0.2,0.5,0.9583333333333333,0.03571845294274644,0.9616959275982839,0.0008261313527311247,0.0017594881062384287,-0.807958236723764
50,10.00667111407605,0.5,0.2,0.5,0.9583333333333333,0.0343755478732836,0.962924680400588,0.0008542354660819692,0.001845536260046319,-0.807958236723764
51,10.206804536357572,0.5,0.2,0.5,0.9583333333333333,0.03308247610213648,0.9640976424575853,0.0008833310348141844,0.0019365504054638018,-0.807958236723764
52,10.406937958639093,0.5,0.2,0.5,0.9583333333333333,0.03183756661187636,0.9652161369471107,0.0009134629170517631,0.00203283352396101,-0.807958236723764
53,10.607071380920614,0.5,0.2,0.5,0.9583333333333333,0.030639198999567754,0.9662814149881858,0.0009446777966475074,0.002134708215598877,-0.807958236723764
54,10.807204803202135,0.5,0.2,0.5,0.9583333333333333,0.02948579854154591,0.9672946596891127,0.0009770242433271984,0.002242517526014162,-0.807958236723764
55,11.007338225483656,0.5,0.2,0.5,0.9583333333333333,0.028375837385874438,0.968256983384024,0.0010105527858643654,0.002356626444237086,-0.807958236723764
56,11.207471647765177,0.5,0.2,0.5,0.9583333333333333,0.027307833928035395,0.9691694264693141,0.0010453159523975003,0.0024774236502528055,-0.807958236723764
57,11.407605070046698,0.5,0.2,0.5,0.9583333333333333,0.02628035200054182,0.9700329569460073,0.0010813683692667351,0.0026053226841838834,-0.807958236723764
58,11.607738492328219,0.5,0.2,0.5,0.9583333333333333,0.02529200003899604,0.9708484696097465,0.0011187668320704611,0.002740763519186813,-0.807958236723764
59,11.80787191460974,0.5,0.2,0.5,0.9583333333333333,0.024341430445730564,0.9716167846120042,0.0011575703693801388,0.002884214572884915,-0.807958236723764
60,12.00800533689126,0.5,0.2,0.5,0.9583333333333333,0.02342733881293542,0.9723386461943476,0.0011978403127978004,0.0030361746799190156,-0.807958236723764
61,12.208138759172781,0.5,0.2,0.5,0.9583333333333333,0.022548462598895175,0.9730147224952013,0.001239640382183935,0.0031971745237194178,-0.807958236723764
62,12.408272181454302,0.5,0.2,0.5,0.9583333333333333,0.021703580369020276,0.973645604011175,0.0012830367545161084,0.0033677788652885336,-0.807958236723764
63,12.608405603735823,0.5,0.2,0.5,0.9583333333333333,0.02089151208520989,0.9742318004459347,0.0013280981074397325,0.0035485893614154735,-0.807958236723764
64,12.808539026017344,0.5,0.2,0.5,0.9583333333333333,0.02011111718003708,0.9747737408048354,0.0013748957164553806,0.003740246298671933,-0.807958236723764
65,13.008672448298865,0.5,0.2,0.5,0.9583333333333333,0.019361293653619552,0.9752717718131152,0.0014235035267963355,0.003943431006468635,-0.807958236723764
66,13.208805870580386,0.5,0.2,0.5,0.9583333333333333,0.018640977386358854,0.9757261555408423,0.0014739981900448297,0.004158868882753803,-0.807958236723764
67,13.408939292861907,0.5,0.2,0.5,0.9583333333333333,0.01794914128776657,0.9761370671520758,0.0015264591040958738,0.0043873324560615105,-0.807958236723764
68,13.609072715143428,0.5,0.2,0.5,0.9583333333333333,0.01728479413185403,0.9765045937249912,0.0015809685221933136,0.004629643620961209,-0.807958236723764
69,13.80920613742495,0.5,0.2,0.5,0.9583333333333333,0.016646979704169843,0.9768287317008626,0.0016376115844482437,0.004886677010519055,-0.807958236723764
70,14.00933955970647,0.5,0.2,0.5,0.9583333333333333,0.016034776385803487,0.9771093830969644,0.0016964762743789555,0.005159364242852942,-0.807958236723764
71,14.209472981987991,0.5,0.2,0.5,0.9583333333333333,0.015447295750689472,0.9773463542076881,0.0017576535404080827,0.005448696501214167,-0.807958236723764
72,14.409606404269512,0.5,0.2,0.5,0.9583333333333333,0.014883681624123173,0.9775393529029707,0.0018212373330212402,0.005755728139884791,-0.807958236723764
73,14.609739826551033,0.5,0.2,0.5,0.9583333333333333,0.014343109285568627,0.9776879852913908,0.001887324594826971,0.006081580828213489,-0.807958236723764
74,14.809873248832554,0.5,0.2,0.5,0.9583333333333333,0.013824785112023317,0.9777917505396585,0.001956015067694942,0.00642744928062301,-0.807958236723764
75,15.010006671114075,0.5,0.2,0.5,0.9583333333333333,0.013327945142993328,0.9778500394459184,0.002027411490420602,0.006794603920667397,-0.807958236723764
76,15.210140093395596,0.5,0.2,0.5,0.9583333333333333,0.012851854276443789,0.977862130543713,0.0021016195572108637,0.0071843956226321885,-0.807958236723764
77,15.410273515677117,0.5,0.2,0.5,0.9583333333333333,0.012395805481785717,0.9778271857742213,0.0021787478093536357,0.007598260934639108,-0.807958236723764
78,15.610406937958638,0.5,0.2,0.5,0.9583333333333333,0.01195911909462449,0.9777442449742741,0.002258907295426924,0.00803772863567432,-0.807958236723764
79,15.810540360240159,0.5,0.2,0.5,0.9583333333333333,0.011541141798607102,0.97761222303051,0.0023422118029229047,0.008504423367959944,-0.807958236723764
80,16.010673782521682,0.5,0.2,0.5,0.9583333333333333,0.011141245824927766,0.9774299049106955,0.002428777687433905,0.0090000715769428,-0.807958236723764
81,16.210807204803203,0.5,0.2,0.5,0.9583333333333333,0.010758828168504363,0.9771959403877367,0.002518723599334357,0.009526507844424482,-0.807958236723764
82,16.410940627084724,0.5,0.2,0.5,0.9583333333333333,0.010393309880385304,0.9769088379202623,0.0026121699234245934,0.010085682275927675,-0.807958236723764
83,16.611074049366245,0.5,0.2,0.5,0.9583333333333333,0.010044135130903914,0.9765669604360292,0.002709239056895702,0.01067966537617104,-0.807958236723764
84,16.811207471647766,0.5,0.2,0.5,0.9583333333333333,0.009710770457439354,0.9761685192971138,0.0028100550263574983,0.011310655219089203,-0.807958236723764
85,17.011340893929287,0.5,0.2,0.5,0.9583333333333333,0.0093927039616568,0.9757115682597979,0.002914742947526879,0.011980984831018296,-0.807958236723764
86,17.211474316210808,0.5,0.2,0.5,0.9583333333333333,0.009089444485312865,0.9751939971656229,0.003023428219882639,0.012693130129181497,-0.807958236723764
87,17.41160773849233,0.5,0.2,0.5,0.9583333333333333,0.008800520900327005,0.9746135257156462,0.0031362367824218865,0.013449716601604909,-0.807958236723764
88,17.61174116077385,0.5,0.2,0.5,0.9583333333333333,0.008525481318452278,0.9739676967394828,0.003253294431693929,0.014253527510371032,-0.807958236723764
89,17.81187458305537,0.5,0.2,0.5,0.9583333333333333,0.008263892229718817,0.9732538701489802,0.003374725873068738,0.015107511748232279,-0.807958236723764
90,18.01200800533689,0.5,0.2,0.5,0.9583333333333333,0.008015337629233399,0.9724692168302601,0.0035006536572775946,0.016014791883228935,-0.807958236723764
91,18.212141427618413,0.5,0.2,0.5,0.9583333333333333,0.007779418424693514,0.9716107099247522,0.0036311983002838295,0.01697867335027057,-0.807958236723764
92,18.412274849899934,0.5,0.2,0.5,0.9583333333333333,0.007555751590560145,0.9706751181313195,0.003766477202949228,0.01800265307517127,-0.807958236723764
93,18.612408272181455,0.5,0.2,0.5,0.9583333333333333,0.007343969218010954,0.9696590012788472,0.00390660314485186,0.01909042635828996,-0.807958236723764
94,18.812541694462976,0.5,0.2,0.5,0.9583333333333333,0.007143717642559944,0.9685587044097438,0.004051683010130386,0.020245894937565814,-0.807958236723764
95,19.012675116744497,0.5,0.2,0.5,0.9583333333333333,0.006954656854387814,0.967370346795546,0.004201817533501295,0.021473178816564863,-0.807958236723764
96,19.212808539026017,0.5,0.2,0.5,0.9583333333333333,0.006776459589771959,0.9660898163672674,0.00435709975249067,0.022776624290469963,-0.807958236723764
97,19.41294196130754,0.5,0.2,0.5,0.9583333333333333,0.006608810250151303,0.9647127701065219,0.004517612878522568,0.024160806764804237,-0.807958236723764
98,19.61307538358906,0.5,0.2,0.5,0.9583333333333333,0.006451404047566549,0.9632346276500622,0.0046834288416576185,0.02563053946071378,-0.807958236723764
99,19.81320880587058,0.5,0.2,0.5,0.9583333333333333,0.006303946333402786,0.9616505593655439,0.0048546073677043855,0.027190886933349097,-0.807958236723764
100,20.0133422281521,0.5,0.2,0.5,0.9583333333333333,0.006166151606847726,0.9599554837437443,0.005031193937640235,0.028847170711767962,-0.807958236723764
101,20.213475650433622,0.5,0.2,0.5,0.9583333333333333,0.006037742347014747,0.9581440780796153,0.005213217185643895,0.030604962387726288,-0.807958236723764
102,20.413609072715143,0.5,0.2,0.5,0.9583333333333333,0.005918448168524426,0.9562107691798309,0.005400687190998282,0.0324700954606465,-0.807958236723764
103,20.613742494996664,0.5,0.2,0.5,0.9583333333333333,0.005808005018186517,0.9541497213948599,0.0055935938622190245,0.03444867972473476,-0.807958236723764
104,20.813875917278185,0.5,0.2,0.5,0.9583333333333333,0.00570615408695653,0.9519548455955271,0.005791904411466714,0.03654709590604978,-0.807958236723764
105,21.014009339559706,0.5,0.2,0.5,0.9583333333333333,0.00561264060950607,0.9496198242048881,0.005995560338392538,0.038771974847213404,-0.807958236723764
106,21.214142761841227,0.5,0.2,0.5,0.9583333333333333,0.005527213098721181,0.9471380884491638,0.006204476065139634,0.04113022238697554,-0.807958236723764
107,21.41427618412275,0.5,0.2,0.5,0.9583333333333333,0.005449622298382789,0.9445028409051607,0.006418536036269616,0.04362900076018707,-0.807958236723764
108,21.61440960640427,0.5,0.2,0.5,0.9583333333333333,0.005379620186681638,0.9417070619358899,0.006637592353265855,0.046275725524162786,-0.807958236723764
109,21.81454302868579,0.5,0.2,0.5,0.9583333333333333,0.0053169589744756635,0.938743512455822,0.006861462665970575,0.04907806590373184,-0.807958236723764
110,22.01467645096731,0.5,0.2,0.5,0.9583333333333333,0.0052613900649059395,0.9356047875186281,0.007089927316891054,0.052043895099574966,-0.807958236723764
111,22.214809873248832,0.5,0.2,0.5,0.9583333333333333,0.005212663626679311,0.9322832855185504,0.0073227285805936545,0.05518132227417667,-0.807958236723764
112,22.414943295530353,0.5,0.2,0.5,0.9583333333333333,0.005170527111828226,0.9287712792603171,0.007559567251646608,0.058498626376208104,-0.807958236723764
113,22.615076717811874,0.5,0.2,0.5,0.9583333333333333,0.005134725041922399,0.9250609266153398,0.007800102203786265,0.0620042461389516,-0.807958236723764
114,22.815210140093395,0.5,0.2,0.5,0.9583333333333333,0.005104997786377609,0.9211443145011741,0.008043948031516146,0.06570673968093235,-0.807958236723764
115,23.015343562374916,0.5,0.2,0.5,0.9583333333333333,0.0050810816822706075,0.9170134748531061,0.0082906755625658,0.06961476790205759,-0.807958236723764
116,23.215476984656437,0.5,0.2,0.5,0.9583333333333333,0.0050627079395432345,0.912660462761015,0.00853981021324296,0.07373701908619887,-0.807958236723764
117,23.415610406937958,0.5,0.2,0.5,0.9583333333333333,0.005049602896575727,0.9080773816635245,0.008790833321174318,0.07808218211872556,-0.807958236723764
118,23.61574382921948,0.5,0.2,0.5,0.9583333333333333,0.005041487554160668,0.9032564648401231,0.00904318248486649,0.0826588651208498,-0.807958236723764
119,23.815877251501,0.5,0.2,0.5,0.9583333333333333,0.005038077964311325,0.8981901215603859,0.009296253757428409,0.08747554671787447,-0.807958236723764
120,24.01601067378252,0.5,0.2,0.5,0.9583333333333333,0.005039085489215103,0.8928710152493495,0.009549404258736186,0.09254049500269933,-0.807958236723764
121,24.216144096064042,0.5,0.2,0.5,0.9583333333333333,0.005044217348275333,0.8872921341429878,0.00980195549941747,0.09786169300931953,-0.807958236723764
122,24.416277518345563,0.5,0.2,0.5,0.9583333333333333,0.005053177432407539,0.8814468757335141,0.010053197888770854,0.10344674894530767,-0.807958236723764
123,24.616410940627084,0.5,0.2,0.5,0.9583333333333333,0.005065667534493141,0.8753291429312731,0.01030239689370687,0.10930279264052718,-0.807958236723764
124,24.816544362908605,0.5,0.2,0.5,0.9583333333333333,0.005081388600155923,0.8689334228788712,0.010548798909605799,0.11543638961136729,-0.807958236723764
125,25.016677785190126,0.5,0.2,0.5,0.9583333333333333,0.005100042397793643,0.8622548975249847,0.010791639197265245,0.12185342087995663,-0.807958236723764
126,25.216811207471647,0.5,0.2,0.5,0.9583333333333333,0.005121333692523259,0.8552895469306974,0.011030151329200282,0.12855896804757935,-0.807958236723764
127,25.416944629753168,0.5,0.2,0.5,0.9583333333333333,0.0051449722998698905,0.8480342565430036,0.011263576297042412,0.13555719486008438,-0.807958236723764
128,25.61707805203469,0.5,0.2,0.5,0.9583333333333333,0.005170675327607368,0.8404869004461347,0.011491171724770509,0.14285125250148764,-0.807958236723764
129,25.81721147431621,0.5,0.2,0.5,0.9583333333333333,0.0051981700922673416,0.8326464697702517,0.011712224365538561,0.15044313577194263,-0.807958236723764
130,26.01734489659773,0.5,0.2,0.5,0.9583333333333333,0.005227196719002392,0.824513171065665,0.01192606076503752,0.15833357145029522,-0.807958236723764
131,26.21747831887925,0.5,0.2,0.5,0.9583333333333333,0.0052575112132700295,0.8160885284965382,0.012132059471722953,0.16652190081846888,-0.807958236723764
132,26.417611741160773,0.5,0.2,0.5,0.9583333333333333,0.0052888883048244194,0.8073754764113221,0.012329662266642234,0.17500597301721124,-0.807958236723764
133,26.617745163442294,0.5,0.2,0.5,0.9583333333333333,0.005321124420367598,0.7983784480445911,0.012518385647964887,0.18378204188707634,-0.807958236723764
134,26.817878585723815,0.5,0.2,0.5,0.9583333333333333,0.00535404051594633,0.7891034465601248,0.012697831309769812,0.19284468161415902,-0.807958236723764
135,27.018012008005336,0.5,0.2,0.5,0.9583333333333333,0.005387484860581695,0.779558130767429,0.012867696936983083,0.20218668743500615,-0.807958236723764
136,27.218145430286857,0.5,0.2,0.5,0.9583333333333333,0.005421335219101175,0.7697518186283867,0.013027782445572867,0.21179906370693916,-0.807958236723764
137,27.418278852568378,0.5,0.2,0.5,0.9583333333333333,0.00545550167219398,0.7596955804488504,0.013178001173171368,0.22167091670578407,-0.807958236723764
138,27.6184122748499,0.5,0.2,0.5,0.9583333333333333,0.005489927425691585,0.749402179737832,0.013318379976258423,0.23178951286021798,-0.807958236723764
139,27.81854569713142,0.5,0.2,0.5,0.9583333333333333,0.005524590744635855,0.7388861004179506,0.01344906574045493,0.24214024309695859,-0.807958236723764
140,28.01867911941294,0.5,0.2,0.5,0.9583333333333333,0.005559505838887115,0.728163515467241,0.013570326946658932,0.2527066517472128,-0.807958236723764
141,28.21881254169446,0.5,0.2,0.5,0.9583333333333333,0.005594722959943908,0.7172522077965418,0.013682551350286383,0.2634705178932278,-0.807958236723764
142,28.418945963975982,0.5,0.2,0.5,0.9583333333333333,0.005630328609472194,0.7061715034284388,0.013786244594586628,0.27441192336750225,-0.807958236723764
143,28.619079386257503,0.5,0.2,0.5,0.9583333333333333,0.00566644443919286,0.6949421413063539,0.013882023488849695,0.28550939076560344,-0.807958236723764
144,28.819212808539024,0.5,0.2,0.5,0.9583333333333333,0.005703226475201099,0.6835861565828292,0.013970610699182012,0.2967400062427877,-0.807958236723764
145,29.019346230820545,0.5,0.2,0.5,0.9583333333333333,0.005740863368092372,0.6721267168379682,0.014052825557139489,0.30807959423679976,-0.807958236723764
146,29.219479653102066,0.5,0.2,0.5,0.9583333333333333,0.005779574243035321,0.6605879358477735,0.014129573633462395,0.3195029162757285,-0.807958236723764
147,29.419613075383587,0.5,0.2,0.5,0.9583333333333333,0.005819606679061986,0.6489946941006034,0.014201836847663922,0.3309838623726706,-0.807958236723764
148,29.61974649766511,0.5,0.2,0.5,0.9583333333333333,0.005861233682104987,0.6373724060351027,0.014270660215385369,0.34249570006740676,-0.807958236723764
149,29.81987991994663,0.5,0.2,0.5,0.9583333333333333,0.005904751336076568,0.6257468212564279,0.014337141132784803,0.3540112862747106,-0.807958236723764
150,30.02001334222815,0.5,0.2,0.5,0.9583333333333333,0.005950475343545689,0.6141437646832926,0.014402415317874897,0.3655033446552867,-0.807958236723764
151,30.22014676450967,0.5,0.2,0.5,0.9583333333333333,0.005998738241215276,0.6025889140394193,0.014467645112019504,0.37694470260734586,-0.807958236723764
152,30.420280186791192,0.5,0.2,0.5,0.9583333333333333,0.006049886939146698,0.5911075899417331,0.014534009801525303,0.38830851331759486,-0.807958236723764
153,30.620413609072713,0.5,0.2,0.5,0.9583333333333333,0.006104279383379923,0.5797245032894042,0.014602692690210823,0.39956852463700493,-0.807958236723764
154,30.820547031354234,0.5,0.2,0.5,0.9583333333333333,0.00616228229907887,0.5684635572111068,0.014674872772682033,0.4106992877171322,-0.807958236723764
155,31.020680453635755,0.5,0.2,0.5,0.9583333333333333,0.0062242686033540835,0.557347638419622,0.014751715384193653,0.4216763775928301,-0.807958236723764
156,31.220813875917276,0.5,0.2,0.5,0.9583333333333333,0.006290615361598931,0.5463984375644,0.014834365277396545,0.4324765817966044,-0.807958236723764
157,31.420947298198797,0.5,0.2,0.5,0.9583333333333333,0.00636170192823874,0.5356362896897414,0.014923940520820866,0.44307806786119885,-0.807958236723764
158,31.621080720480318,0.5,0.2,0.5,0.9583333333333333,0.00643790839970924,0.5250800337058726,0.015021527917365747,0.4534605299770524,-0.807958236723764
159,31.82121414276184,0.5,0.2,0.5,0.9583333333333333,0.006519614394107108,0.5147469033253219,0.015128179514212598,0.46360530276635836,-0.807958236723764
160,32.021347565043364,0.5,0.2,0.5,0.9583333333333333,0.006607198108652152,0.5046524364627931,0.015244910528631826,0.473495454899923,-0.807958236723764
161,32.22148098732488,0.5,0.2,0.5,0.9583333333333333,0.006701035643295921,0.49481041773467915,0.01537269802819462,0.4831158485938304,-0.807958236723764
162,32.421614409606406,0.5,0.2,0.5,0.9583333333333333,0.006801500640165136,0.48523284142713885,0.015512481083005526,0.49245317684969053,-0.807958236723764
163,32.62174783188792,0.5,0.2,0.5,0.9583333333333333,0.006908964066432249,0.475929901616822,0.015665161064029782,0.501495973252716,-0.807958236723764
164,32.82188125416945,0.5,0.2,0.5,0.9583333333333333,0.007023794346114244,0.46691000680791656,0.015831603525609316,0.5102345953203599,-0.807958236723764
165,33.022014676450965,0.5,0.2,0.5,0.9583333333333333,0.007146357487409862,0.4581798102962719,0.016012639602845064,0.5186611926134731,-0.807958236723764
166,33.22214809873249,0.5,0.2,0.5,0.9583333333333333,0.00727701757094364,0.44974426863629613,0.016209068959257892,0.5267696448335023,-0.807958236723764
167,33.42228152101401,0.5,0.2,0.5,0.9583333333333333,0.007416137099293228,0.4416067020182206,0.01642166177833105,0.534555499104155,-0.807958236723764
168,33.62241494329553,0.5,0.2,0.5,0.9583333333333333,0.007564077909710872,0.4337689003170897,0.016651163108802308,0.5420158586643969,-0.807958236723764
169,33.82254836557705,0.5,0.2,0.5,0.9583333333333333,0.007721201441509427,0.4262311877858019,0.016898294092487946,0.5491493166802006,-0.807958236723764
170,34.02268178785857,0.5,0.2,0.5,0.9583333333333333,0.00788786968872032,0.4189925480461211,0.017163756006526004,0.5559558262586324,-0.807958236723764
171,34.22281521014009,0.5,0.2,0.5,0.9583333333333333,0.00806444594285752,0.41205073223496796,0.017448233339723423,0.5624365884824509,-0.807958236723764
172,34.422948632421615,0.5,0.2,0.5,0.9583333333333333,0.008251295332579347,0.4054023545238154,0.017752395837105295,0.5685939543064997,-0.807958236723764
173,34.62308205470313,0.5,0.2,0.5,0.9583333333333333,0.008448785895657542,0.39904304239504734,0.01807690248827077,0.5744312692210243,-0.807958236723764
174,34.82321547698466,0.5,0.2,0.5,0.9583333333333333,0.00865728892277518,0.3929675086441473,0.018422402679878627,0.5799527997531987,-0.807958236723764
175,35.023348899266175,0.5,0.2,0.5,0.9583333333333333,0.00887717996071303,0.38716970462403527,0.018789539597706285,0.5851635758175452,-0.807958236723764
176,35.2234823215477,0.5,0.2,0.5,0.9583333333333333,0.009108839261085565,0.3816429025367581,0.019178951649545792,0.5900693065526104,-0.807958236723764
177,35.42361574382922,0.5,0.2,0.5,0.9583333333333333,0.009352652453877126,0.3763798120114846,0.01959127446109945,0.5946762610735387,-0.807958236723764
178,35.62374916611074,0.5,0.2,0.5,0.9583333333333333,0.009609011129245412,0.3713726844748409,0.020027142550358992,0.5989911618455546,-0.807958236723764
179,35.82388258839226,0.5,0.2,0.5,0.9583333333333333,0.009878313221429486,0.3666133906410439,0.020487190328902206,0.6030211058086242,-0.807958236723764
180,36.02401601067378,0.5,0.2,0.5,0.9583333333333333,0.010160963573683724,0.36209352837751424,0.020972053411526137,0.6067734546372757,-0.807958236723764
181,36.2241494329553,0.5,0.2,0.5,0.9583333333333333,0.010457374193657068,0.3578044840254069,0.021482369177153522,0.6102557726037824,-0.807958236723764
182,36.424282855236825,0.5,0.2,0.5,0.9583333333333333,0.010767964638255047,0.3537375180492957,0.02201877736056102,0.6134757399518881,-0.807958236723764
183,36.62441627751834,0.5,0.2,0.5,0.9583333333333333,0.011093162211763336,0.3498838252070985,0.02258192031088566,0.6164410922702523,-0.807958236723764
184,36.82454969979987,0.5,0.2,0.5,0.9583333333333333,0.011433402146654923,0.3462345937490174,0.023172442979530382,0.6191595611247972,-0.807958236723764
185,37.024683122081385,0.5,0.2,0.5,0.9583333333333333,0.011789127719804074,0.34278105968197836,0.023790992706084407,0.621638819892133,-0.807958236723764
186,37.22481654436291,0.5,0.2,0.5,0.9583333333333333,0.012160790260059045,0.33951455049786966,0.02443821881710701,0.6238864404249641,-0.807958236723764
187,37.42494996664443,0.5,0.2,0.5,0.9583333333333333,0.012548849138879716,0.3364265245712406,0.025114771867305707,0.6259098544225737,-0.807958236723764
188,37.62508338892595,0.5,0.2,0.5,0.9583333333333333,0.012953771633909155,0.33350860749132655,0.025821302868554982,0.6277163180062092,-0.807958236723764
189,37.82521681120747,0.5,0.2,0.5,0.9583333333333333,0.013376032764480903,0.33075261663717015,0.026558462096438973,0.6293128885019098,-0.807958236723764
190,38.02535023348899,0.5,0.2,0.5,0.9583333333333333,0.013816115011885429,0.32815058979483797,0.027326897887493998,0.6307063973057824,-0.807958236723764
191,38.22548365577051,0.5,0.2,0.5,0.9583333333333333,0.014274507996218511,0.3256948002164235,0.028127255081999026,0.6319034367053588,-0.807958236723764
192,38.425617078052035,0.5,0.2,0.5,0.9583333333333333,0.0147517080846459,0.32337776519680106,0.02896017323284886,0.6329103534857039,-0.807958236723764
193,38.62575050033355,0.5,0.2,0.5,0.9583333333333333,0.01524821784601303,0.32119227452468196,0.029826285016563446,0.6337332226127413,-0.807958236723764
194,38.82588392261508,0.5,0.2,0.5,0.9583333333333333,0.015764545509463903,0.31913138850626743,0.030726214029060017,0.6343778519552085,-0.807958236723764
195,39.026017344896594,0.5,0.2,0.5,0.9583333333333333,0.01630120433402996,0.3171884352445316,0.031660572439795115,0.6348497879816429,-0.807958236723764
196,39.22615076717812,0.5,0.2,0.5,0.9583333333333333,0.016858711793715928,0.31535703223175016,0.03262995883482055,0.635154297139713,-0.807958236723764
197,39.426284189459636,0.5,0.2,0.5,0.9583333333333333,0.017437588800047955,0.3136310744018744,0.033634955491376746,0.6352963813067005,-0.807958236723764
198,39.62641761174116,0.5,0.2,0.5,0.9583333333333333,0.01803835880670037,0.3120047279347412,0.03467612558838907,0.6352807876701689,-0.807958236723764
199,39.82655103402268,0.5,0.2,0.5,0.9583333333333333,0.018661546731757274,0.31047244527226664,0.03575401060262376,0.6351119973933519,-0.807958236723764
200,40.0266844563042,0.5,0.2,0.5,0.9583333333333333,0.01930767792187552,0.30902894708316825,0.03686912706476288,0.634794247930193,-0.807958236723764
201,40.22681787858572,0.5,0.2,0.5,0.9583333333333333,0.019977276978122516,0.30766921500585986,0.03802196337354271,0.6343315446424745,-0.807958236723764
202,40.426951300867245,0.5,0.2,0.5,0.9583333333333333,0.02067086643047327,0.3063885002652502,0.039212976861446834,0.6337276564428292,-0.807958236723764
203,40.62708472314876,0.5,0.2,0.5,0.9583333333333333,0.021388965420630228,0.305182303921536,0.04044259008385917,0.6329861405739742,-0.807958236723764
204,40.82721814543029,0.5,0.2,0.5,0.9583333333333333,0.022132088248417586,0.30404636972412596,0.04171118734415416,0.6321103546833019,-0.807958236723764
205,41.027351567711804,0.5,0.2,0.5,0.9583333333333333,0.022900742798310874,0.30297668685062745,0.04301911155051383,0.6311034588005474,-0.807958236723764
206,41.22748498999333,0.5,0.2,0.5,0.9583333333333333,0.02369542893357129,0.30196947132174473,0.044366660109161106,0.6299684396355224,-0.807958236723764
207,41.427618412274846,0.5,0.2,0.5,0.9583333333333333,0.02451663678090784,0.3010211592146313,0.045754081326075204,0.6287081226783853,-0.807958236723764
208,41.62775183455637,0.5,0.2,0.5,0.9583333333333333,0.025364844958964187,0.30012840557118287,0.04718157126629146,0.627325178203561,-0.807958236723764
209,41.82788525683789,0.5,0.2,0.5,0.9583333333333333,0.026240518660076713,0.29928806789645596,0.048649269324482755,0.6258221441189842,-0.807958236723764
210,42.02801867911941,0.5,0.2,0.5,0.9583333333333333,0.027144107719945926,0.29849719978699935,0.050157254739961715,0.6242014377530924,-0.807958236723764
211,42.22815210140093,0.5,0.2,0.5,0.9583333333333333,0.028076044681466766,0.29775304709544814,0.051705543620173725,0.6224653646029108,-0.807958236723764
212,42.428285523682455,0.5,0.2,0.5,0.9583333333333333,0.029036742583201304,0.29705303431472363,0.05329408438149138,0.6206161387205832,-0.807958236723764
213,42.62841894596397,0.5,0.2,0.5,0.9583333333333333,0.030026592886242386,0.2963947584903582,0.05492275465980556,0.6186558939635933,-0.807958236723764
214,42.8285523682455,0.5,0.2,0.5,0.9583333333333333,0.03104596342406018,0.29577598389608734,0.05659135867981935,0.6165866940000325,-0.807958236723764
215,43.028685790527014,0.5,0.2,0.5,0.9583333333333333,0.032095195936963486,0.2951946311465861,0.05829962282458664,0.6144105500918632,-0.807958236723764
216,43.22881921280854,0.5,0.2,0.5,0.9583333333333333,0.03317460395971214,0.29464877137032586,0.060047193256676054,0.6121294314132854,-0.807958236723764
217,43.428952635090056,0.5,0.2,0.5,0.9583333333333333,0.034284470711598417,0.2941366203242151,0.06183363379901397,0.6097452751651719,-0.807958236723764
218,43.62908605737158,0.5,0.2,0.5,0.9583333333333333,0.035425046458682476,0.29365652985236207,0.06365842199069832,0.6072600016982566,-0.807958236723764
219,43.8292194796531,0.5,0.2,0.5,0.9583333333333333,0.03659654655801192,0.2932069824014411,0.06552094793401453,0.6046755231065318,-0.807958236723764
220,44.02935290193462,0.5,0.2,0.5,0.9583333333333333,0.03779914929818667,0.2927865850705249,0.06742051268440113,0.6019937529468867,-0.807958236723764
221,44.22948632421614,0.5,0.2,0.5,0.9583333333333333,0.03903299306997723,0.29239406267994217,0.06935632474224274,0.5992166195078372,-0.807958236723764
222,44.429619746497664,0.5,0.2,0.5,0.9583333333333333,0.04029817430346466,0.2920282523823921,0.07132749924841437,0.5963460740657283,-0.807958236723764
223,44.62975316877918,0.5,0.2,0.5,0.9583333333333333,0.04159474648383099,0.2916880991759628,0.07333306047281202,0.5933840938673937,-0.807958236723764
224,44.829886591060706,0.5,0.2,0.5,0.9583333333333333,0.042922716888728195,0.2913726498712889,0.07537193803140364,0.5903326952085787,-0.807958236723764
225,45.030020013342224,0.5,0.2,0.5,0.9583333333333333,0.04428204446679421,0.29108104820411274,0.077442966642745,0.5871939406863474,-0.807958236723764
226,45.23015343562375,0.5,0.2,0.5,0.9583333333333333,0.045672638750503355,0.29081252985815265,0.07954488836803644,0.583969943023307,-0.807958236723764
227,45.430286857905266,0.5,0.2,0.5,0.9583333333333333,0.047094358464072034,0.2905664177130321,0.08167635438348256,0.5806628694394128,-0.807958236723764
228,45.63042028018679,0.5,0.2,0.5,0.9583333333333333,0.048547008518469215,0.2903421180451789,0.08383592367656328,0.5772749497597881,-0.807958236723764
229,45.83055370246831,0.5,0.2,0.5,0.9583333333333333,0.05003033893642027,0.29013911610978116,0.0860220659025701,0.573808479051228,-0.807958236723764
230,46.03068712474983,0.5,0.2,0.5,0.9583333333333333,0.0515440449871917,0.2899569710974139,0.08823316608652836,0.5702658178288655,-0.807958236723764
231,46.23082054703135,0.5,0.2,0.5,0.9583333333333333,0.0530877645369889,0.28979531318207774,0.09046752545802032,0.5666493968229126,-0.807958236723764
232,46.430953969312874,0.5,0.2,0.5,0.9583333333333333,0.054661076940749107,0.28965383983185816,0.09272336489954242,0.5629617183278499,-0.807958236723764
233,46.63108739159439,0.5,0.2,0.5,0.9583333333333333,0.056263503141121246,0.28953231140309815,0.09499882972573968,0.5592053557300405,-0.807958236723764
234,46.831220813875916,0.5,0.2,0.5,0.9583333333333333,0.057894505503261924,0.2894305472173756,0.09729199452716292,0.5553829527521991,-0.807958236723764
235,47.03135423615743,0.5,0.2,0.5,0.9583333333333333,0.05955348604988142,0.2893484232907692,0.09960086724906514,0.5514972234102837,-0.807958236723764
236,47.23148765843896,0.5,0.2,0.5,0.9583333333333333,0.06123978678316935,0.28928586856341626,0.10192339495505438,0.5475509496983596,-0.807958236723764
237,47.431621080720475,0.5,0.2,0.5,0.9583333333333333,0.06295269100199327,0.2892428604497763,0.10425746910184525,0.5435469794463847,-0.807958236723764
238,47.631754503002,0.5,0.2,0.5,0.9583333333333333,0.06469142243113243,0.2892194227589318,0.10660093241454016,0.5394882223953953,-0.807958236723764
239,47.83188792528352,0.5,0.2,0.5,0.9583333333333333,0.06645514573542856,0.28921562261401806,0.10895158568028046,0.5353776459702726,-0.807958236723764
240,48.03202134756504,0.5,0.2,0.5,0.9583333333333333,0.06824296786761706,0.28923156678536704,0.1113071934046173,0.5312182719423983,-0.807958236723764
241,48.23215476984656,0.5,0.2,0.5,0.9583333333333333,0.0700539393558009,0.2892673984084768,0.11366549034253137,0.5270131718931907,-0.807958236723764
242,48.432288192128084,0.5,0.2,0.5,0.9583333333333333,0.0718870548445597,0.28932329488904246,0.11602419115954464,0.522765459106853,-0.807958236723764
243,48.6324216144096,0.5,0.2,0.5,0.9583333333333333,0.07374125487381784,0.2893994646926866,0.11838099712133125,0.5184782833121642,-0.807958236723764
244,48.832555036691126,0.5,0.2,0.5,0.9583333333333333,0.07561542787596465,0.28949614381444183,0.12073359944621509,0.5141548288633784,-0.807958236723764
245,49.03268845897264,0.5,0.2,0.5,0.9583333333333333,0.07750841186636794,0.2896135937524344,0.1230796919015531,0.5097983024796444,-0.807958236723764
246,49.23282188125417,0.5,0.2,0.5,0.9583333333333333,0.07941899665445443,0.2897520987782062,0.1254169788417734,0.5054119257255658,-0.807958236723764
247,49.432955303535685,0.5,0.2,0.5,0.9583333333333333,0.08134592622726515,0.28991196313313383,0.12774318184818922,0.5009989287914117,-0.807958236723764
248,49.63308872581721,0.5,0.2,0.5,0.9583333333333333,0.08328790098805006,0.2900935076783163,0.1300560385987249,0.4965625527349086,-0.807958236723764
249,49.83322214809873,0.5,0.2,0.5,0.9583333333333333,0.0852435809500354,0.2902970681123217,0.1323533202623587,0.49210603067528413,-0.807958236723764
250,50.03335557038025,0.5,0.2,0.5,0.9583333333333333,0.08721158871189692,0.29052299234351653,0.1346328379743096,0.48763258097027684,-0.807958236723764
251,50.23348899266177,0.5,0.2,0.5,0.9583333333333333,0.08919051228524319,0.29077163796985317,0.13689244807318413,0.48314540167171943,-0.807958236723764
252,50.433622414943294,0.5,0.2,0.5,0.9583333333333333,0.0911789065878387,0.29104336987442797,0.1391300503121324,0.47864767322560087,-0.807958236723764
253,50.63375583722481,0.5,0.2,0.5,0.9583333333333333,0.09317529883503424,0.29133855791022595,0.14134360467261492,0.47414253858212474,-0.807958236723764
254,50.833889259506336,0.5,0.2,0.5,0.9583333333333333,0.09517819170366884,0.29165757462362035,0.14353113597812597,0.46963309769458467,-0.807958236723764
255,51.03402268178785,0.5,0.2,0.5,0.9583333333333333,0.09718606625920255,0.2920007931132989,0.1456907375212589,0.4651224031062394,-0.807958236723764
256,51.23415610406938,0.5,0.2,0.5,0.9583333333333333,0.09919738313799382,0.2923685851692377,0.147820568474016,0.4606134632187522,-0.807958236723764
257,51.4342895263509,0.5,0.2,0.5,0.9583333333333333,0.10121058920709158,0.29276131890474993,0.14991886871456023,0.456109223173598,-0.807958236723764
258,51.63442294863242,0.5,0.2,0.5,0.9583333333333333,0.10322412063124169,0.29317935685046725,0.1519839610986077,0.4516125614196831,-0.807958236723764
259,51.834556370913944,0.5,0.2,0.5,0.9583333333333333,0.10523640570417564,0.29362305418018525,0.1540142533754101,0.4471262867402287,-0.807958236723764
260,52.03468979319546,0.5,0.2,0.5,0.9583333333333333,0.10724586594994238,0.2940927572595648,0.15600823602865593,0.4426531407618366,-0.807958236723764
261,52.234823215476986,0.5,0.2,0.5,0.9583333333333333,0.10925092323263132,0.2945888014556262,0.15796449247426825,0.43819578283747396,-0.807958236723764
262,52.4349566377585,0.5,0.2,0.5,0.9583333333333333,0.11125000252519933,0.29511150962149896,0.1598816994083049,0.43375678844499654,-0.807958236723764
263,52.63509006004003,0.5,0.2,0.5,0.9583333333333333,0.11324153437062312,0.29566119069192615,0.16175862737480706,0.4293386475626435,-0.807958236723764
264,52.835223482321545,0.5,0.2,0.5,0.9583333333333333,0.11522395581147804,0.2962381385514354,0.16359413949919605,0.42494376613789037,-0.807958236723764
265,53.03535690460307,0.5,0.2,0.5,0.9583333333333333,0.11719571744755611,0.2968426302126755,0.16538719582455033,0.42057445651521785,-0.807958236723764
266,53.23549032688459,0.5,0.2,0.5,0.9583333333333333,0.11915528565449501,0.2974749246849345,0.16713685239858986,0.4162329372619804,-0.807958236723764
267,53.43562374916611,0.5,0.2,0.5,0.9583333333333333,0.12110114468816277,0.2981352618710737,0.1688422609030216,0.4119213325377417,-0.807958236723764
268,53.63575717144763,0.5,0.2,0.5,0.9583333333333333,0.1230317978982864,0.29882386160217556,0.1705026678644672,0.40764167263507056,-0.807958236723764
269,53.835890593729154,0.5,0.2,0.5,0.9583333333333333,0.12494577357131695,0.29954092243496094,0.1721174136016322,0.4033958903920896,-0.807958236723764
270,54.03602401601067,0.5,0.2,0.5,0.9583333333333333,0.12684162677041913,0.30028662080629565,0.173685930534277,0.399185821889008,-0.807958236723764
271,54.236157438292196,0.5,0.2,0.5,0.9583333333333333,0.128717941021714,0.301061110184137,0.17520774240699255,0.39501320638715615,-0.807958236723764
272,54.43629086057371,0.5,0.2,0.5,0.9583333333333333,0.1305733296218905,0.3018645202931436,0.1766824635087534,0.39087968657621214,-0.807958236723764
273,54.63642428285524,0.5,0.2,0.5,0.9583333333333333,0.1324064400997299,0.3026969564955278,0.17810979334886495,0.3867868100558769,-0.807958236723764
274,54.836557705136755,0.5,0.2,0.5,0.9583333333333333,0.13421595563204253,0.30355849919282185,0.17948951465309612,0.38273603052203914,-0.807958236723764
275,55.03669112741828,0.5,0.2,0.5,0.9583333333333333,0.1360005963745938,0.3044492031794487,0.18082149255764687,0.3787287078883103,-0.807958236723764
276,55.2368245496998,0.5,0.2,0.5,0.9583333333333333,0.13775912075824137,0.30536909709138393,0.18210567319467755,0.37476610895569684,-0.807958236723764
277,55.43695797198132,0.5,0.2,0.5,0.9583333333333333,0.13949032840239137,0.30631818327933713,0.18334207597547725,0.370849412342794,-0.807958236723764
278,55.63709139426284,0.5,0.2,0.5,0.9583333333333333,0.14119306117556643,0.30729643742089113,0.18453079145284199,0.3669797099507002,-0.807958236723764
279,55.837224816544364,0.5,0.2,0.5,0.9583333333333333,0.14286620427366484,0.3083038080174692,0.18567198066305224,0.36315800704581347,-0.807958236723764
280,56.03735823882588,0.5,0.2,0.5,0.9583333333333333,0.1445086873132162,0.30934021609327284,0.18676587268294792,0.35938522391056277,-0.807958236723764
281,56.237491661107406,0.5,0.2,0.5,0.9583333333333333,0.1461194858295379,0.310405555435445,0.18781275636484424,0.3556622023701725,-0.807958236723764
282,56.43762508338892,0.5,0.2,0.5,0.9583333333333333,0.1476976220288383,0.3114996923809341,0.18881297809567552,0.3519897074945517,-0.807958236723764
283,56.63775850567045,0.5,0.2,0.5,0.9583333333333333,0.1492421656104029,0.3126224655083223,0.18976694086766432,0.3483684280136102,-0.807958236723764
284,56.837891927951965,0.5,0.2,0.5,0.9583333333333333,0.1507522344325647,0.31377368556619956,0.19067510138725433,0.3447989786139811,-0.807958236723764
285,57.03802535023349,0.5,0.2,0.5,0.9583333333333333,0.15222699500435535,0.3149531358225117,0.19153796328220266,0.34128190589092994,-0.807958236723764
286,57.23815877251501,0.5,0.2,0.5,0.9583333333333333,0.15366566296439177,0.316160572009107,0.1923560749318854,0.3378176900946155,-0.807958236723764
287,57.43829219479653,0.5,0.2,0.5,0.9583333333333333,0.1550675038311676,0.31739572227189344,0.19313002695356793,0.3344067469433706,-0.807958236723764
288,57.63842561707805,0.5,0.2,0.5,0.9583333333333333,0.15643183278506348,0.3186582875236392,0.1938604475741374,0.3310494321171594,-0.807958236723764
289,57.83855903935957,0.5,0.2,0.5,0.9583333333333333,0.1577580148198766,0.3199479416403937,0.19454799919820115,0.3277460443415281,-0.807958236723764
290,58.03869246164109,0.5,0.2,0.5,0.9583333333333333,0.15904546493677352,0.3212643315077446,0.19519337697075384,0.3244968265847276,-0.807958236723764
291,58.238825883922615,0.5,0.2,0.5,0.9583333333333333,0.16029364802436344,0.32260707729859434,0.19579730558389088,0.32130196909315095,-0.807958236723764
292,58.43895930620413,0.5,0.2,0.5,0.9583333333333333,0.16150207848787132,0.3239757729368617,0.19636053472095263,0.31816161385431396,-0.807958236723764
293,58.63909272848566,0.5,0.2,0.5,0.9583333333333333,0.16267032010208848,0.32536998634373354,0.19688383692549988,0.3150758566286777,-0.807958236723764
294,58.839226150767175,0.5,0.2,0.5,0.9583333333333333,0.16379798618251967,0.32678925964274236,0.19736800569912324,0.3120447484756143,-0.807958236723764
295,59.0393595730487,0.5,0.2,0.5,0.9583333333333333,0.1648847385645465,0.3282331097332704,0.19781385182464561,0.30906829987753703,-0.807958236723764
296,59.23949299533022,0.5,0.2,0.5,0.9583333333333333,0.16593028718734698,0.329701028686726,0.19822220096248186,0.30614648316344467,-0.807958236723764
297,59.43962641761174,0.5,0.2,0.5,0.9583333333333333,0.1669343899906575,0.3311924840211467,0.19859389185221174,0.3032792341359836,-0.807958236723764
298,59.63975983989326,0.5,0.2,0.5,0.9583333333333333,0.16789685219033296,0.3327069192037379,0.19892977388036415,0.30046645472556455,-0.807958236723764
299,59.83989326217478,0.5,0.2,0.5,0.9583333333333333,0.1688175253202309,0.33424375424007313,0.19923070454805022,0.2977080158916453,-0.807958236723764
300,60.0400266844563,0.5,0.2,0.5,0.9583333333333333,0.16969630666420193,0.33580238614356955,0.19949754768430555,0.29500375950792257,-0.807958236723764
301,60.240160106737825,0.5,0.2,0.5,0.9583333333333333,0.17053313869416414,0.3373821894669743,0.1997311718959265,0.29235349994293464,-0.807958236723764
302,60.44029352901934,0.5,0.2,0.5,0.9583333333333333,0.17132800790637506,0.3389825169015591,0.19993244838830074,0.2897570268037647,-0.807958236723764
303,60.64042695130087,0.5,0.2,0.5,0.9583333333333333,0.1720809439633549,0.3406026998755537,0.20010224941785823,0.2872141067432328,-0.807958236723764
304,60.840560373582385,0.5,0.2,0.5,0.9583333333333333,0.17279201919370724,0.34224204906017247,0.2002414467149007,0.2847244850312192,-0.807958236723764
305,61.04069379586391,0.5,0.2,0.5,0.9583333333333333,0.17346134744415379,0.3438998550506744,0.20035091008250513,0.28228788742266625,-0.807958236723764
306,61.24082721814543,0.5,0.2,0.5,0.9583333333333333,0.1740890828698678,0.3455753890741498,0.2004315061148158,0.27990402194116615,-0.807958236723764
307,61.44096064042695,0.5,0.2,0.5,0.9583333333333333,0.17467541912784382,0.3472679036302963,0.20048409687629584,0.2775725803655636,-0.807958236723764
308,61.64109406270847,0.5,0.2,0.5,0.9583333333333333,0.17522058859106204,0.34897663316492117,0.20050953858396034,0.275293239660056,-0.807958236723764
309,61.84122748498999,0.5,0.2,0.5,0.9583333333333333,0.17572486063895143,0.3507007948605324,0.20050868102851613,0.27306566347199956,-0.807958236723764
310,62.04136090727151,0.5,0.2,0.5,0.9583333333333333,0.17618854065429154,0.3524395893708897,0.20048236657159033,0.2708895034032279,-0.807958236723764
311,62.241494329553035,0.5,0.2,0.5,0.9583333333333333,0.17661196879037025,0.35419220159894416,0.2004314293868492,0.2687644002238359,-0.807958236723764
312,62.44162775183455,0.5,0.2,0.5,0.9583333333333333,0.17699551933922814,0.35595780139318356,0.2003566941680329,0.2666899850995549,-0.807958236723764
313,62.64176117411608,0.5,0.2,0.5,0.9583333333333333,0.17733960034290633,0.35773554422099313,0.20025897466256168,0.2646658807735383,-0.807958236723764
314,62.841894596397594,0.5,0.2,0.5,0.9583333333333333,0.17764465057389067,0.35952457228297746,0.20013907487700477,0.26269170226612654,-0.807958236723764
315,63.04202801867912,0.5,0.2,0.5,0.9583333333333333,0.17791113890933788,0.36132401525707514,0.19999778797793574,0.2607670578556507,-0.807958236723764
316,63.242161440960636,0.5,0.2,0.5,0.9583333333333333,0.17813956302783895,0.36313299116828657,0.19983589593001258,0.25889154987386137,-0.807958236723764
317,63.44229486324216,0.5,0.2,0.5,0.9583333333333333,0.17833044875918064,0.36495060711112337,0.19965416813977033,0.25706477598992505,-0.807958236723764
318,63.64242828552368,0.5,0.2,0.5,0.9583333333333333,0.17848434934691013,0.3667759600065275,0.19945336028157043,0.2552863303649914,-0.807958236723764
319,63.8425617078052,0.5,0.2,0.5,0.9583333333333333,0.17860184264644888,0.36860813787294155,0.19923421640683966,0.2535558030737693,-0.807958236723764
320,64.04269513008673,0.5,0.2,0.5,0.9583333333333333,0.17868353040261525,0.3704462206062326,0.19899746783735314,0.2518727811537984,-0.807958236723764
321,64.24282855236824,0.5,0.2,0.5,0.9583333333333333,0.17873003690143693,0.37228928092472935,0.1987438330852803,0.25023684908855287,-0.807958236723764
322,64.44296197464976,0.5,0.2,0.5,0.9583333333333333,0.17874200828901168,0.37413638508123614,0.1984740165351486,0.24864759009460302,-0.807958236723764
323,64.64309539693129,0.5,0.2,0.5,0.9583333333333333,0.1787201115180292,0.37598659372068555,0.19818870787308013,0.2471045868882046,-0.807958236723764
324,64.84322881921281,0.5,0.2,0.5,0.9583333333333333,0.1786650319085092,0.3778389632513652,0.19788858419551797,0.24560742064460714,-0.807958236723764
325,65.04336224149432,0.5,0.2,0.5,0.9583333333333333,0.17857747230725052,0.3796925466461866,0.1975743091072525,0.24415567193930982,-0.807958236723764
326,65.24349566377585,0.5,0.2,0.5,0.9583333333333333,0.1784581517399062,0.3815463944386172,0.19724653282417642,0.24274892099729958,-0.807958236723764
327,65.44362908605737,0.5,0.2,0.5,0.9583333333333333,0.17830780486998757,0.38339955527218017,0.19690589089236504,0.24138674896546672,-0.807958236723764
328,65.6437625083389,0.5,0.2,0.5,0.9583333333333333,0.17812718074071238,0.38525107686105775,0.19655300421136995,0.24006873818685945,-0.807958236723764
329,65.8438959306204,0.5,0.2,0.5,0.9583333333333333,0.17791704053890195,0.3871000075084591,0.19618848082172102,0.23879447113091748,-0.807958236723764
330,66.04402935290193,0.5,0.2,0.5,0.9583333333333333,0.17767815677266371,0.38894539683771884,0.19581291523805758,0.23756353115155948,-0.807958236723764
331,66.24416277518345,0.5,0.2,0.5,0.9583333333333333,0.17741131198654034,0.39078629679092697,0.19542688863775365,0.23637550258477866,-0.807958236723764
332,66.44429619746498,0.5,0.2,0.5,0.9583333333333333,0.17711729827792372,0.3926217620606319,0.1950309678022231,0.2352299718592209,-0.807958236723764
333,66.64442961974649,0.5,0.2,0.5,0.9583333333333333,0.17679691589573057,0.39445085118665224,0.19462570557211187,0.23412652734550488,-0.807958236723764
334,66.84456304202801,0.5,0.2,0.5,0.9583333333333333,0.17645097137506058,0.3962726279928107,0.19421164208757277,0.23306475854455547,-0.807958236723764
335,67.04469646430954,0.5,0.2,0.5,0.9583333333333333,0.17608027669959112,0.39808616229442234,0.19378930441744274,0.23204425658854333,-0.807958236723764
336,67.24482988659106,0.5,0.2,0.5,0.9583333333333333,0.1756856481214943,0.39989053085730225,0.19335920678089807,0.23106461424030492,-0.807958236723764
337,67.44496330887257,0.5,0.2,0.5,0.9583333333333333,0.17526790580400184,0.40168481765511405,0.1929218497297338,0.23012542681114986,-0.807958236723764
338,67.6450967311541,0.5,0.2,0.5,0.9583333333333333,0.1748278723624507,0.4034681150855449,0.19247772081101705,0.22922629174098685,-0.807958236723764
339,67.84523015343562,0.5,0.2,0.5,0.9583333333333333,0.1743663713085081,0.4052395252782889,0.19202729539443456,0.22836680801876807,-0.807958236723764
340,68.04536357571715,0.5,0.2,0.5,0.9583333333333333,0.17388422627735076,0.4069981607356253,0.1915710365122429,0.22754657647478066,-0.807958236723764
341,68.24549699799866,0.5,0.2,0.5,0.9583333333333333,0.17338225999341317,0.40874314520520305,0.19110939508455854,0.22676519971682485,-0.807958236723764
342,68.44563042028018,0.5,0.2,0.5,0.9583333333333333,0.17286129404704317,0.41047361378917663,0.1906428093420362,0.2260222828217436,-0.807958236723764
343,68.6457638425617,0.5,0.2,0.5,0.9583333333333333,0.1723221474592298,0.41218871421853565,0.19017170553249135,0.22531743278974276,-0.807958236723764
344,68.84589726484323,0.5,0.2,0.5,0.9583333333333333,0.1717656354439239,0.4138876079486041,0.18969649845754427,0.22465025814992726,-0.807958236723764
345,69.04603068712474,0.5,0.2,0.5,0.9583333333333333,0.1711925687403639,0.4155694707205991,0.18921759145514502,0.2240203690838915,-0.807958236723764
346,69.24616410940627,0.5,0.2,0.5,0.9583333333333333,0.1706037527562355,0.41723349331014736,0.18873537661548767,0.223427377318129,-0.807958236723764
347,69.44629753168779,0.5,0.2,0.5,0.9583333333333333,0.16999998736744756,0.4188788815838435,0.1882502344647656,0.22287089658394288,-0.807958236723764
348,69.64643095396931,0.5,0.2,0.5,0.9583333333333333,0.16938206565859895,0.42050485770411994,0.18776253458562736,0.22235054205165322,-0.807958236723764
349,69.84656437625083,0.5,0.2,0.5,0.9583333333333333,0.16875077302191685,0.42211066096190913,0.1872726359606896,0.22186593005548386,-0.807958236723764
350,70.04669779853235,0.5,0.2,0.5,0.9583333333333333,0.1681068865913582,0.4236955482620954,0.18678088705905946,0.22141667808748647,-0.807958236723764
351,70.24683122081387,0.5,0.2,0.5,0.9583333333333333,0.16745117457640024,0.4252587947255372,0.1862876260415988,0.22100240465646323,-0.807958236723764
352,70.4469646430954,0.5,0.2,0.5,0.9583333333333333,0.16678439608687987,0.4267996937244274,0.18579318062336836,0.22062272956532392,-0.807958236723764
353,70.64709806537691,0.5,0.2,0.5,0.9583333333333333,0.16610730012343405,0.4283175579222123,0.18529786859147687,0.22027727336287628,-0.807958236723764
354,70.84723148765843,0.5,0.2,0.5,0.9583333333333333,0.1654206249654885,0.42981171985768735,0.1848019980505277,0.21996565712629612,-0.807958236723764
355,71.04736490993996,0.5,0.2,0.5,0.9583333333333333,0.16472509773647123,0.4312815323344428,0.18430586756159384,0.21968750236749182,-0.807958236723764
356,71.24749833222148,0.5,0.2,0.5,0.9583333333333333,0.16402143392628118,0.43272636886918614,0.18380976633837706,0.2194424308661553,-0.807958236723764
357,71.44763175450299,0.5,0.2,0.5,0.9583333333333333,0.1633103371782625,0.43414562376313437,0.18331397424928922,0.21923006480931362,-0.807958236723764
358,71.64776517678452,0.5,0.2,0.5,0.9583333333333333,0.1625924986384069,0.4355387128676771,0.18281876222059948,0.21905002627331616,-0.807958236723764
359,71.84789859906604,0.5,0.2,0.5,0.9583333333333333,0.16186859658119515,0.4369050739546037,0.1823243924352221,0.2189019370289786,-0.807958236723764
360,72.04803202134757,0.5,0.2,0.5,0.9583333333333333,0.16113929610787073,0.4382441670023748,0.18183111850019787,0.2187854183895562,-0.807958236723764
361,72.24816544362908,0.5,0.2,0.5,0.9583333333333333,0.1604052488378501,0.4395554744993324,0.1813391856370183,0.21870009102579877,-0.807958236723764
362,72.4482988659106,0.5,0.2,0.5,0.9583333333333333,0.15966709263001236,0.4408385015755405,0.18084883077758757,0.2186455750168592,-0.807958236723764
363,72.64843228819213,0.5,0.2,0.5,0.9583333333333333,0.15892545134965833,0.4420927764282142,0.18036028287066896,0.21862148935145817,-0.807958236723764
364,72.84856571047365,0.5,0.2,0.5,0.9583333333333333,0.15818093466381963,0.4433178505307487,0.17987376306444477,0.21862745174098655,-0.807958236723764
365,73.04869913275516,0.5,0.2,0.5,0.9583333333333333,0.15743413787120109,0.44451329881032897,0.17938948488647327,0.21866307843199637,-0.807958236723764
366,73.24883255503669,0.5,0.2,0.5,0.9583333333333333,0.15668564173376642,0.4456787198228006,0.17890765442796858,0.21872798401546406,-0.807958236723764
367,73.44896597731821,0.5,0.2,0.5,0.9583333333333333,0.15593601216199002,0.44681373591797946,0.17842847047626903,0.21882178144376116,-0.807958236723764
368,73.64909939959973,0.5,0.2,0.5,0.9583333333333333,0.15518580037467813,0.44791799333230564,0.17795212477198916,0.21894408152102668,-0.807958236723764
369,73.84923282188124,0.5,0.2,0.5,0.9583333333333333,0.15443554280457353,0.4489911622829006,0.17747880218369355,0.21909449272883197,-0.807958236723764
370,74.04936624416277,0.5,0.2,0.5,0.9583333333333333,0.15368576105709555,0.45003293703179303,0.1770086808874597,0.21927262102365133,-0.807958236723764
371,74.2494996664443,0.5,0.2,0.5,0.9583333333333333,0.15293696183060213,0.4510430359607894,0.1765419325430113,0.21947806966559688,-0.807958236723764
372,74.44963308872582,0.5,0.2,0.5,0.9583333333333333,0.1521896365396193,0.4520212017607925,0.1760787224370207,0.21971043926256714,-0.807958236723764
373,74.64976651100733,0.5,0.2,0.5,0.9583333333333333,0.15144426194048904,0.45296720117536876,0.1756192097194569,0.21996932716468495,-0.807958236723764
374,74.84989993328885,0.5,0.2,0.5,0.9583333333333333,0.15070130006718696,0.45388082502810123,0.17516354756905272,0.22025432733565875,-0.807958236723764
375,75.05003335557038,0.5,0.2,0.5,0.9583333333333333,0.14996119830269317,0.4547618881779021,0.17471188336784532,0.2205650301515591,-0.807958236723764
376,75.2501667778519,0.5,0.2,0.5,0.9583333333333333,0.14922438951968636,0.4556102294309037,0.17426435887839303,0.22090102217101654,-0.807958236723764
377,75.45030020013341,0.5,0.2,0.5,0.9583333333333333,0.14849129155633475,0.45642571177207264,0.17382111036563624,0.22126188630595606,-0.807958236723764
378,75.65043362241494,0.5,0.2,0.5,0.9583333333333333,0.14776230753595834,0.4572082221647782,0.17338226878109958,0.22164720151816356,-0.807958236723764
379,75.85056704469646,0.5,0.2,0.5,0.9583333333333333,0.14703782668372448,0.45795767109113245,0.17294795998237963,0.22205654224276308,-0.807958236723764
380,76.05070046697799,0.5,0.2,0.5,0.9583333333333333,0.14631822416692455,0.458673992567271,0.17251830487297498,0.2224894783928291,-0.807958236723764
381,76.2508338892595,0.5,0.2,0.5,0.9583333333333333,0.14560386131528166,0.4593571439577031,0.17209341956827456,0.2229455751587403,-0.807958236723764
382,76.45096731154102,0.5,0.2,0.5,0.9583333333333333,0.14489508570909485,0.46000710584597004,0.17167341554521953,0.22342439289971522,-0.807958236723764
383,76.65110073382255,0.5,0.2,0.5,0.9583333333333333,0.14419223050835972,0.4606238822820567,0.171258399716647,0.22392548749293617,-0.807958236723764
384,76.85123415610407,0.5,0.2,0.5,0.9583333333333333,0.143495615857577,0.4612074999574778,0.17084847469708325,0.22444840948786157,-0.807958236723764
385,77.0513675783856,0.5,0.2,0.5,0.9583333333333333,0.14280554890243852,0.4617580080787065,0.17044373893401552,0.22499270408483904,-0.807958236723764
386,77.2515010006671,0.5,0.2,0.5,0.9583333333333333,0.1421223239521093,0.4622754781549238,0.17004428684897685,0.22555791104398956,-0.807958236723764
387,77.45163442294863,0.5,0.2,0.5,0.9583333333333333,0.14144622277008814,0.46276000370878656,0.16965020898684274,0.22614356453428208,-0.807958236723764
388,77.65176784523015,0.5,0.2,0.5,0.9583333333333333,0.14077751420147933,0.4632117003037392,0.16926159207930463,0.22674919341547634,-0.807958236723764
389,77.85190126751168,0.5,0.2,0.5,0.9583333333333333,0.14011645441974374,0.463630705253442,0.1688785191798788,0.22737432114693495,-0.807958236723764
390,78.05203468979319,0.5,0.2,0.5,0.9583333333333333,0.1394632880953978,0.4640171768637549,0.1685010699075464,0.22801846513330049,-0.807958236723764
391,78.25216811207471,0.5,0.2,0.5,0.9583333333333333,0.1388182482488392,0.46437129431379554,0.16812932052457233,0.22868113691279254,-0.807958236723764
392,78.45230153435624,0.5,0.2,0.5,0.9583333333333333,0.13818155655704978,0.4646932573009971,0.16776334406555,0.22936184207640273,-0.807958236723764
393,78.65243495663776,0.5,0.2,0.5,0.9583333333333333,0.13755342355446898,0.4649832857227421,0.16740321044771292,0.2300600802750756,-0.807958236723764
394,78.85256837891927,0.5,0.2,0.5,0.9583333333333333,0.13693404800445677,0.4652416197270353,0.16704898646580038,0.23077534580270712,-0.807958236723764
395,79.0527018012008,0.5,0.2,0.5,0.9583333333333333,0.13632361828663142,0.4654685188249185,0.16670073605178073,0.23150712683666885,-0.807958236723764
396,79.25283522348232,0.5,0.2,0.5,0.9583333333333333,0.13572231253959585,0.4656642615626928,0.16635852036363294,0.23225490553407796,-0.807958236723764
397,79.45296864576385,0.5,0.2,0.5,0.9583333333333333,0.13513029882630717,0.4658291451716942,0.16602239787256817,0.23301815812942997,-0.807958236723764
398,79.65310206804536,0.5,0.2,0.5,0.9583333333333333,0.1345477354430094,0.46596348514006536,0.1656924244648544,0.23379635495207035,-0.807958236723764
399,79.85323549032688,0.5,0.2,0.5,0.9583333333333333,0.13397477076941086,0.4660676149658323,0.16536865345417967,0.23458896081057673,-0.807958236723764
400,80.0533689126084,0.5,0.2,0.5,0.9583333333333333,0.1334115433713559,0.46614188579107085,0.16505113563553442,0.2353954352020384,-0.807958236723764
401,80.25350233488993,0.5,0.2,0.5,0.9583333333333333,0.13285818309475064,0.4661866656053352,0.16473991951665928,0.2362152317832544,-0.807958236723764
402,80.45363575717144,0.5,0.2,0.5,0.9583333333333333,0.1323148109751633,0.4662023389366523,0.1644350513264142,0.23704779876176982,-0.807958236723764
403,80.65376917945296,0.5,0.2,0.5,0.9583333333333333,0.13178153951987354,0.4661893063729726,0.16413657508675678,0.23789257902039673,-0.807958236723764
404,80.85390260173449,0.5,0.2,0.5,0.9583333333333333,0.13125847293589477,0.4661479840956189,0.1638445326705778,0.23874901029790818,-0.807958236723764
405,81.05403602401601,0.5,0.2,0.5,0.9583333333333333,0.1307457067603378,0.46607880366800863,0.16355896375239135,0.23961652581926188,-0.807958236723764
406,81.25416944629752,0.5,0.2,0.5,0.9583333333333333,0.13024332880445982,0.46598221122407946,0.1632799059787426,0.2404945539927178,-0.807958236723764
407,81.45430286857905,0.5,0.2,0.5,0.9583333333333333,0.12975141936796533,0.4658586669711163,0.16300739500888173,0.2413825186520363,-0.807958236723764
408,81.65443629086057,0.5,0.2,0.5,0.9583333333333333,0.12927005137760184,0.4657086447142116,0.16274146453755287,0.24227983937063335,-0.807958236723764
409,81.8545697131421,0.5,0.2,0.5,0.9583333333333333,0.1287992906375543,0.4655326313184273,0.16248214633196356,0.2431859317120545,-0.807958236723764
410,82.05470313542361,0.5,0.2,0.5,0.9583333333333333,0.12833919579269748,0.46533112633018225,0.16222947022493944,0.2441002076521805,-0.807958236723764
411,82.25483655770513,0.5,0.2,0.5,0.9583333333333333,0.12788981837410227,0.46510464153713,0.16198346411424533,0.24502207597452205,-0.807958236723764
412,82.45496997998666,0.5,0.2,0.5,0.9583333333333333,0.12745120368321589,0.4648537000145236,0.16174415407042006,0.2459509422318401,-0.807958236723764
413,82.65510340226818,0.5,0.2,0.5,0.9583333333333333,0.12702339071755747,0.46457883573197073,0.16151156430996047,0.24688620924051094,-0.807958236723764
414,82.85523682454969,0.5,0.2,0.5,0.9583333333333333,0.1266064123835049,0.46428059297627816,0.16128571720238735,0.24782727743782917,-0.807958236723764
415,83.05537024683122,0.5,0.2,0.5,0.9583333333333333,0.12620029571267455,0.46395952575979055,0.16106663327283402,0.24877354525470044,-0.807958236723764
416,83.25550366911274,0.5,0.2,0.5,0.9583333333333333,0.1258050620052132,0.46361619728342024,0.16085433119739626,0.2497244095139699,-0.807958236723764
417,83.45563709139427,0.5,0.2,0.5,0.9583333333333333,0.12542072624030762,0.46325118006708743,0.16064882777315048,0.2506792659194541,-0.807958236723764
418,83.65577051367578,0.5,0.2,0.5,0.9583333333333333,0.1250472981709367,0.46286505450265325,0.16045013792912663,0.251637509397283,-0.807958236723764
419,83.8559039359573,0.5,0.2,0.5,0.9583333333333333,0.12468478243087644,0.4624584083110728,0.16025827470495754,0.25259853455309283,-0.807958236723764
420,84.05603735823883,0.5,0.2,0.5,0.9583333333333333,0.12433317854525076,0.46203183607594195,0.16007324922164837,0.2535617361571586,-0.807958236723764
421,84.25617078052035,0.5,0.2,0.5,0.9583333333333333,0.12399248109076798,0.4615859386248233,0.1598950706512156,0.25452650963319284,-0.807958236723764
422,84.45630420280186,0.5,0.2,0.5,0.9583333333333333,0.12366267985084738,0.4611213224021254,0.15972374618095148,0.2554922515660754,-0.807958236723764
423,84.65643762508338,0.5,0.2,0.5,0.9583333333333333,0.12334375983064001,0.4606385993038838,0.15955928107876954,0.25645835978670634,-0.807958236723764
424,84.85657104736491,0.5,0.2,0.5,0.9583333333333333,0.12303570133751843,0.460138386258187,0.1594016786975178,0.25742423370677653,-0.807958236723764
425,85.05670446964643,0.5,0.2,0.5,0.9583333333333333,0.12273848038029879,0.4596213036688325,0.1592509402185366,0.2583892757323318,-0.807958236723764
426,85.25683789192794,0.5,0.2,0.5,0.9583333333333333,0.1224520686661672,0.4590879752344011,0.15910706470305977,0.25935289139637163,-0.807958236723764
427,85.45697131420947,0.5,0.2,0.5,0.9583333333333333,0.12217643371656502,0.45853902732660556,0.15897004904040038,0.2603144899164287,-0.807958236723764
428,85.657104736491,0.5,0.2,0.5,0.9583333333333333,0.12191153897869678,0.4579750883576418,0.15883988789018438,0.2612734847734768,-0.807958236723764
429,85.85723815877252,0.5,0.2,0.5,0.9583333333333333,0.12165734393016038,0.45739678827042507,0.15871657366012354,0.26222929413929064,-0.807958236723764
430,86.05737158105403,0.5,0.2,0.5,0.9583333333333333,0.12141380416944403,0.45680475910793744,0.15860009681897305,0.2631813399036452,-0.807958236723764
431,86.25750500333555,0.5,0.2,0.5,0.9583333333333333,0.12118087152045001,0.4561996329505047,0.15849044538172832,0.26412905014731664,-0.807958236723764
432,86.45763842561708,0.5,0.2,0.5,0.9583333333333333,0.120958494118684,0.4555820414858592,0.1583876049035074,0.26507185949194906,-0.807958236723764
433,86.6577718478986,0.5,0.2,0.5,0.9583333333333333,0.12074661649119879,0.45495261561877337,0.15829155848286522,0.2660092094071623,-0.807958236723764
434,86.85790527018011,0.5,0.2,0.5,0.9583333333333333,0.12054517963221559,0.45431198486684726,0.1582022866951282,0.2669405488058086,-0.807958236723764
435,87.05803869246164,0.5,0.2,0.5,0.9583333333333333,0.1203541210728135,0.45366077675454874,0.15811976752221313,0.2678653346504243,-0.807958236723764
436,87.25817211474316,0.5,0.2,0.5,0.9583333333333333,0.120173375063092,0.4529996170832136,0.15804397662623743,0.2687830312274565,-0.807958236723764
437,87.45830553702469,0.5,0.2,0.5,0.9583333333333333,0.12000287266141256,0.45232912955447097,0.1579748873644565,0.2696931104196595,-0.807958236723764
438,87.6584389593062,0.5,0.2,0.5,0.9583333333333333,0.11984254159139923,0.45164993371434614,0.1579124701368705,0.2705950545573837,-0.807958236723764
439,87.85857238158772,0.5,0.2,0.5,0.9583333333333333,0.11969230639680291,0.4509626451475794,0.15785669262141436,0.2714883558342029,-0.807958236723764
440,88.05870580386924,0.5,0.2,0.5,0.9583333333333333,0.11955208849195746,0.4502678749402176,0.15780751971677984,0.27237251685104463,-0.807958236723764
441,88.25883922615077,0.5,0.2,0.5,0.9583333333333333,0.1194218062063749,0.44956622914098315,0.1577649134819293,0.27324705117071213,-0.807958236723764
442,88.45897264843228,0.5,0.2,0.5,0.9583333333333333,0.1193013748743933,0.4488583084127605,0.15772883314718966,0.27411148356565607,-0.807958236723764
443,88.6591060707138,0.5,0.2,0.5,0.9583333333333333,0.11919070726746062,0.4481447089802383,0.15769923562971033,0.27496534812259027,-0.807958236723764
444,88.85923949299533,0.5,0.2,0.5,0.9583333333333333,0.11908971313573498,0.4474260202897757,0.15767607475962991,0.2758081918148589,-0.807958236723764
445,89.05937291527685,0.5,0.2,0.5,0.9583333333333333,0.11899829932928878,0.4467028248461751,0.15765930135523712,0.2766395744692985,-0.807958236723764
446,89.25950633755836,0.5,0.2,0.5,0.9583333333333333,0.11891636989862607,0.4459756979952335,0.15764886327410454,0.2774590688320353,-0.807958236723764
447,89.45963975983989,0.5,0.2,0.5,0.9583333333333333,0.11884382612831737,0.4452452074803756,0.15764470537301098,0.2782662610182955,-0.807958236723764
448,89.65977318212141,0.5,0.2,0.5,0.9583333333333333,0.11878056656664937,0.44451191300714216,0.15764676946812606,0.2790607509580819,-0.807958236723764
449,89.85990660440294,0.5,0.2,0.5,0.9583333333333333,0.11872648732195093,0.4437763667211958,0.15765499468647817,0.27984215127037454,-0.807958236723764
450,90.06004002668445,0.5,0.2,0.5,0.9583333333333333,0.11868148210380335,0.4430391128538719,0.15766931745487983,0.2806100875874444,-0.807958236723764
451,90.26017344896597,0.5,0.2,0.5,0.9583333333333333,0.11864544186447593,0.4423006860512282,0.15768967091732344,0.28136420116697186,-0.807958236723764
452,90.4603068712475,0.5,0.2,0.5,0.9583333333333333,0.11861825503508357,0.4415616117142907,0.15771598521758343,0.28210414803304174,-0.807958236723764
453,90.66044029352902,0.5,0.2,0.5,0.9583333333333333,0.11859980755650891,0.4408224056737475,0.1577481874913374,0.2828295992784057,-0.807958236723764
454,90.86057371581053,0.5,0.2,0.5,0.9583333333333333,0.11858998290735968,0.44008357387591285,0.15778620186002343,0.28354024135670347,-0.807958236723764
455,91.06070713809206,0.5,0.2,0.5,0.9583333333333333,0.1185886621883943,0.4393456122318836,0.15782994949650295,0.2842357760832185,-0.807958236723764
456,91.26084056037358,0.5,0.2,0.5,0.9583333333333333,0.11859572453937191,0.4386090073340678,0.15787934908745616,0.2849159190391035,-0.807958236723764
457,91.4609739826551,0.5,0.2,0.5,0.9583333333333333,0.11861104665342809,0.43787423488889743,0.15793431623846557,0.2855804022192084,-0.807958236723764
458,91.66110740493662,0.5,0.2,0.5,0.9583333333333333,0.11863450291430876,0.4371417597580362,0.1579947636178064,0.2862289737098481,-0.807958236723764
459,91.86124082721814,0.5,0.2,0.5,0.9583333333333333,0.11866596548695993,0.4364120358996599,0.15806060105063205,0.28686139756274764,-0.807958236723764
460,92.06137424949966,0.5,0.2,0.5,0.9583333333333333,0.1187053043506459,0.4356855061821802,0.15813173555080465,0.2874774539163688,-0.807958236723764
461,92.26150767178119,0.5,0.2,0.5,0.9583333333333333,0.11875238733074897,0.4349626022137033,0.15820807135648934,0.28807693909905796,-0.807958236723764
462,92.4616410940627,0.5,0.2,0.5,0.9583333333333333,0.11880708040689238,0.4342437445308862,0.15828951015219772,0.28865966491002326,-0.807958236723764
463,92.66177451634422,0.5,0.2,0.5,0.9583333333333333,0.11886924771306029,0.43352934242391433,0.15837595109279964,0.2892254587702253,-0.807958236723764
464,92.86190793862575,0.5,0.2,0.5,0.9583333333333333,0.11893875124556777,0.43281979341722326,0.158467290639935,0.2897741646972735,-0.807958236723764
465,93.06204136090727,0.5,0.2,0.5,0.9583333333333333,0.11901545109142594,0.43211548341172973,0.15856342274547078,0.29030564275137305,-0.807958236723764
466,93.26217478318878,0.5,0.2,0.5,0.9583333333333333,0.11909920547342338,0.43141678661756117,0.15866423891899106,0.2908197689900239,-0.807958236723764
467,93.46230820547031,0.5,0.2,0.5,0.9583333333333333,0.11918987079517197,0.43072406550410697,0.1587696282998944,0.29131643540082613,-0.807958236723764
468,93.66244162775183,0.5,0.2,0.5,0.9583333333333333,0.119287301729461,0.43003767076046595,0.15887947774637898,0.29179554976369354,-0.807958236723764
469,93.86257505003336,0.5,0.2,0.5,0.9583333333333333,0.11939135150781086,0.4293579412410471,0.15899367198604303,0.2922570352650985,-0.807958236723764
470,94.06270847231487,0.5,0.2,0.5,0.9583333333333333,0.1195018716363974,0.4286852040201972,0.1591120936086035,0.2927008307348014,-0.807958236723764
471,94.26284189459639,0.5,0.2,0.5,0.9583333333333333,0.11961871202953325,0.4280197743973927,0.15923462318152118,0.2931268903915524,-0.807958236723764
472,94.46297531687792,0.5,0.2,0.5,0.9583333333333333,0.1197417210984095,0.42736195592690385,0.15936113935757043,0.2935351836171157,-0.807958236723764
473,94.66310873915944,0.5,0.2,0.5,0.9583333333333333,0.1198707458092731,0.42671204046966504,0.15949151897836952,0.2939256947426919,-0.807958236723764
474,94.86324216144095,0.5,0.2,0.5,0.9583333333333333,0.12000563174251315,0.4260703082619887,0.15962563718266082,0.2942984228128369,-0.807958236723764
475,95.06337558372248,0.5,0.2,0.5,0.9583333333333333,0.12014622329914633,0.4254370275293408,0.1597633673898073,0.29465338178170514,-0.807958236723764
476,95.263509006004,0.5,0.2,0.5,0.9583333333333333,0.12029236371145725,0.42481245475062157,0.15990458146201905,0.29499060007590167,-0.807958236723764
477,95.46364242828552,0.5,0.2,0.5,0.9583333333333333,0.12044389496513351,0.42419683522725554,0.16004914995039532,0.2953101198572152,-0.807958236723764
478,95.66377585056703,0.5,0.2,0.5,0.9583333333333333,0.12060065795666308,0.4235904029143726,0.16019694213848873,0.29561199699047513,-0.807958236723764
479,95.86390927284856,0.5,0.2,0.5,0.9583333333333333,0.12076249256369483,0.42299338055206953,0.1603478261683865,0.2958963007158487,-0.807958236723764
480,96.06404269513008,0.5,0.2,0.5,0.9583333333333333,0.12092923771663884,0.4224059798124495,0.16050166917124883,0.29616311329966244,-0.807958236723764
481,96.26417611741161,0.5,0.2,0.5,0.9583333333333333,0.12110073147150692,0.4218284014624394,0.16065833740230517,0.2964125296637481,-0.807958236723764
482,96.46430953969312,0.5,0.2,0.5,0.9583333333333333,0.12127681118098291,0.4212608347560254,0.1608176960986593,0.296644657964332,-0.807958236723764
483,96.66444296197464,0.5,0.2,0.5,0.9583333333333333,0.12145731360822844,0.420703457316601,0.16097960951144358,0.29685961956372653,-0.807958236723764
484,96.86457638425617,0.5,0.2,0.5,0.9583333333333333,0.12164207481216642,0.4201564368979179,0.16114394160963275,0.29705754668028256,-0.807958236723764
485,97.06470980653769,0.5,0.2,0.5,0.9583333333333333,0.12183093032666784,0.4196199307880095,0.16131055593845517,0.2972385829468671,-0.807958236723764
486,97.2648432288192,0.5,0.2,0.5,0.9583333333333333,0.1220237152473519,0.4190940859879826,0.16147931575414176,0.29740288301052337,-0.807958236723764
487,97.46497665110073,0.5,0.2,0.5,0.9583333333333333,0.12222026431885771,0.4185790394128171,0.16165008416536483,0.29755061210295997,-0.807958236723764
488,97.66511007338225,0.5,0.2,0.5,0.9583333333333333,0.12242041202375123,0.4180749181047372,0.16182272427798527,0.29768194559352595,-0.807958236723764
489,97.86524349566378,0.5,0.2,0.5,0.9583333333333333,0.12262399263980131,0.41758183883638905,0.16199709909199925,0.29779706943181,-0.807958236723764
490,98.06537691794529,0.5,0.2,0.5,0.9583333333333333,0.12283084028223813,0.41709990741483755,0.16217307127608946,0.2978961810268345,-0.807958236723764
491,98.26551034022681,0.5,0.2,0.5,0.9583333333333333,0.12304078911073006,0.41662922105108113,0.16235050417648939,0.2979794856616991,-0.807958236723764
492,98.46564376250834,0.5,0.2,0.5,0.9583333333333333,0.12325367337516573,0.4161698676939148,0.16252926160005735,0.29804719733086177,-0.807958236723764
493,98.66577718478986,0.5,0.2,0.5,0.9583333333333333,0.1234693275065984,0.41572192619119,0.1627092079292124,0.2980995383729988,-0.807958236723764
494,98.86591060707137,0.5,0.2,0.5,0.9583333333333333,0.12368758621254784,0.4152854665145984,0.16289020826072406,0.29813673901212934,-0.807958236723764
495,99.0660440293529,0.5,0.2,0.5,0.9583333333333333,0.12390828457374262,0.41486054999337374,0.16307212854633846,0.2981590368865448,-0.807958236723764
496,99.26617745163442,0.5,0.2,0.5,0.9583333333333333,0.12413125809294673,0.41444722914428334,0.163254835549572,0.29816667721319756,-0.807958236723764
497,99.46631087391594,0.5,0.2,0.5,0.9583333333333333,0.12435634263266482,0.4140455465694959,0.16343819638090692,0.29815991441693196,-0.807958236723764
498,99.66644429619745,0.5,0.2,0.5,0.9583333333333333,0.1245833747880794,0.41365553748995676,0.1636220796666563,0.2981390080553072,-0.807958236723764
499,99.86657771847898,0.5,0.2,0.5,0.9583333333333333,0.12481219189413859,0.41327722921705756,0.16380635533799592,0.29810422355080757,-0.807958236723764
500,100.0667111407605,0.5,0.2,0.5,0.9583333333333333,0.12504263210638095,0.41291064123764143,0.16399089469379774,0.2980558319621795,-0.807958236723764
501,100.26684456304203,0.5,0.2,0.5,0.9583333333333333,0.12527453449857623,0.41255578543646515,0.16417557052313766,0.2979941095418206,-0.807958236723764
502,100.46697798532354,0.5,0.2,0.5,0.9583333333333333,0.12550773916136115,0.4122126663238577,0.16436025722796418,0.2979193372868166,-0.807958236723764
503,100.66711140760506,0.5,0.2,0.5,0.9583333333333333,0.12574208726523242,0.4118812810650519,0.1645448308396886,0.29783180083002675,-0.807958236723764
504,100.86724482988659,0.5,0.2,0.5,0.9583333333333333,0.12597742092203712,0.4115616183898635,0.1647291684487586,0.29773179223934043,-0.807958236723764
505,101.06737825216811,0.5,0.2,0.5,0.9583333333333333,0.12621358361346557,0.41125366065166624,0.1649131492756316,0.2976196064592362,-0.807958236723764
506,101.26751167444962,0.5,0.2,0.5,0.9583333333333333,0.12645042021571012,0.41095738364278533,0.16509665456803463,0.2974955415734695,-0.807958236723764
507,101.46764509673115,0.5,0.2,0.5,0.9583333333333333,0.12668777705783496,0.41067275659681685,0.16527956759324897,0.29735989875209884,-0.807958236723764
508,101.66777851901267,0.5,0.2,0.5,0.9583333333333333,0.12692550201664704,0.4103997423933766,0.16546177373351345,0.29721298185646255,-0.807958236723764
509,101.8679119412942,0.5,0.2,0.5,0.9583333333333333,0.1271634446119984,0.41013829776491,0.16564316057995246,0.29705509704313876,-0.807958236723764
510,102.0680453635757,0.5,0.2,0.5,0.9583333333333333,0.12740145607512648,0.4098883734349869,0.16582361798732723,0.2968865525025591,-0.807958236723764
511,102.26817878585723,0.5,0.2,0.5,0.9583333333333333,0.1276393890672687,0.4096499133564974,0.16600303764538832,0.29670765993084525,-0.807958236723764
512,102.46831220813876,0.5,0.2,0.5,0.9583333333333333,0.12787709819786178,0.40942285601088685,0.16618131374863618,0.2965187320426149,-0.807958236723764
513,102.66844563042028,0.5,0.2,0.5,0.9583333333333333,0.12811444009640496,0.4092071345583795,0.16635834304971683,0.2963200822954985,-0.807958236723764
514,102.8685790527018,0.5,0.2,0.5,0.9583333333333333,0.12835127341075275,0.40900267679960245,0.16653402480949256,0.296112024980152,-0.807958236723764
515,103.06871247498331,0.5,0.2,0.5,0.9583333333333333,0.1285874588903158,0.4088094053569231,0.16670826086190513,0.2958948748908557,-0.807958236723764
516,103.26884589726484,0.5,0.2,0.5,0.9583333333333333,0.12882285946883523,0.4086272378556361,0.1668809556761829,0.29566894699934554,-0.807958236723764
517,103.46897931954636,0.5,0.2,0.5,0.9583333333333333,0.12905734033863522,0.4084560870898106,0.16705201640732706,0.29543455616422687,-0.807958236723764
518,103.66911274182789,0.5,0.2,0.5,0.9583333333333333,0.1292907687243879,0.4082958606248325,0.16722135260790885,0.29519201804287054,-0.807958236723764
519,103.8692461641094,0.5,0.2,0.5,0.9583333333333333,0.12952301422514576,0.4081464614671243,0.16738887657408202,0.2949416477336477,-0.807958236723764
520,104.06937958639092,0.5,0.2,0.5,0.9583333333333333,0.12975394897650055,0.4080077883969306,0.1675545034879802,0.2946837591385884,-0.807958236723764
521,104.26951300867245,0.5,0.2,0.5,0.9583333333333333,0.12998344761448866,0.4078797359296724,0.16771815133591564,0.294418665119923,-0.807958236723764
522,104.46964643095397,0.5,0.2,0.5,0.9583333333333333,0.13021138734321244,0.40776219447260803,0.16787974094054983,0.29414667724362936,-0.807958236723764
523,104.66977985323548,0.5,0.2,0.5,0.9583333333333333,0.13043764800129284,0.40765505047995226,0.1680391959895776,0.29386810552917697,-0.807958236723764
524,104.869913275517,0.5,0.2,0.5,0.9583333333333333,0.13066211212649392,0.4075581866057512,0.16819644306054943,0.29358325820720504,-0.807958236723764
525,105.07004669779853,0.5,0.2,0.5,0.9583333333333333,0.13088466479489694,0.4074714816160417,0.16835141151468813,0.29329244207437283,-0.807958236723764
526,105.27018012008006,0.5,0.2,0.5,0.9583333333333333,0.13110519378798374,0.40739481065039757,0.1685040335743216,0.2929959619872967,-0.807958236723764
527,105.47031354236157,0.5,0.2,0.5,0.9583333333333333,0.1313235898294151,0.40732804555750435,0.16865424443711982,0.2926941201759603,-0.807958236723764
528,105.67044696464309,0.5,0.2,0.5,0.9583333333333333,0.1315397465151945,0.40727105490346444,0.16880198221317866,0.29238721636816195,-0.807958236723764
529,105.87058038692462,0.5,0.2,0.5,0.9583333333333333,0.13175356036239763,0.4072237041062459,0.16894718792669416,0.2920755476046618,-0.807958236723764
530,106.07071380920614,0.5,0.2,0.5,0.9583333333333333,0.13196493085609762,0.40718585556791204,0.16908980551378872,0.2917594080622012,-0.807958236723764
531,106.27084723148765,0.5,0.2,0.5,0.9583333333333333,0.13217376049448512,0.40715736880463077,0.16922978181648884,0.29143908888439485,-0.807958236723764
532,106.47098065376917,0.5,0.2,0.5,0.9583333333333333,0.1323799546729672,0.4071381005563033,0.16936706661341466,0.29111487815731446,-0.807958236723764
533,106.6711140760507,0.5,0.2,0.5,0.9583333333333333,0.13258342169398063,0.4071279049085187,0.16950161261413604,0.29078706078336425,-0.807958236723764
534,106.87124749833222,0.5,0.2,0.5,0.9583333333333333,0.13278407307791038,0.40712663344684114,0.16963337537251524,0.29045591810273286,-0.807958236723764
535,107.07138092061373,0.5,0.2,0.5,0.9583333333333333,0.13298182345017956,0.40713413536073806,0.16976231330371028,0.2901217278853717,-0.807958236723764
536,107.27151434289526,0.5,0.2,0.5,0.9583333333333333,0.13317659056642256,0.4071502575612451,0.16988838766169417,0.28978476421063776,-0.807958236723764
537,107.47164776517678,0.5,0.2,0.5,0.9583333333333333,0.1333682953361275,0.4071748447964435,0.17001156251285596,0.28944529735457264,-0.807958236723764
538,107.67178118745831,0.5,0.2,0.5,0.9583333333333333,0.13355686184387305,0.407207739764648,0.17013180470590666,0.28910359368557187,-0.807958236723764
539,107.87191460973982,0.5,0.2,0.5,0.9583333333333333,0.13374221731869934,0.4072487832539806,0.1702490839126095,0.2887599155147101,-0.807958236723764
540,108.07204803202134,0.5,0.2,0.5,0.9583333333333333,0.13392429209119736,0.4072978142853805,0.17036337267969506,0.2884145209437266,-0.807958236723764
541,108.27218145430287,0.5,0.2,0.5,0.9583333333333333,0.1341030197570322,0.4073546701322541,0.17047464616242278,0.2880676639482904,-0.807958236723764
542,108.47231487658439,0.5,0.2,0.5,0.9583333333333333,0.1342783371199848,0.4074191864642625,0.17058288218301992,0.28771959423273225,-0.807958236723764
543,108.6724482988659,0.5,0.2,0.5,0.9583333333333333,0.13445018419374916,0.4074911974533627,0.1706880611932735,0.2873705571596141,-0.807958236723764
544,108.87258172114743,0.5,0.2,0.5,0.9583333333333333,0.1346185042040738,0.4075705358759662,0.17079016622928264,0.28702079369067685,-0.807958236723764
545,109.07271514342895,0.5,0.2,0.5,0.9583333333333333,0.13478324358823202,0.40765703321296276,0.17088918286291518,0.2866705403358895,-0.807958236723764
546,109.27284856571048,0.5,0.2,0.5,0.9583333333333333,0.1349443519796431,0.40775051978633287,0.1709850992299496,0.28632002900407405,-0.807958236723764
547,109.47298198799199,0.5,0.2,0.5,0.9583333333333333,0.13510178216816807,0.40785082496248426,0.171077906197146,0.2859694866722013,-0.807958236723764
548,109.67311541027351,0.5,0.2,0.5,0.9583333333333333,0.13525549015165558,0.4079577770547888,0.1711675969091433,0.2856191358844119,-0.807958236723764
549,109.87324883255503,0.5,0.2,0.5,0.9583333333333333,0.13540543510233818,0.4080712034862596,0.17125416687377704,0.28526919453762484,-0.807958236723764
550,110.07338225483656,0.5,0.2,0.5,0.9583333333333333,0.13555157934836312,0.408190930893472,0.17133761392715283,0.2849198758310116,-0.807958236723764
551,110.27351567711807,0.5,0.2,0.5,0.9583333333333333,0.1356938883555146,0.4083167852192465,0.17141793817661988,0.28457138824861855,-0.807958236723764
552,110.4736490993996,0.5,0.2,0.5,0.9583333333333333,0.13583233070616577,0.4084485918035097,0.17149514194109688,0.28422393554922726,-0.807958236723764
553,110.67378252168112,0.5,0.2,0.5,0.9583333333333333,0.1359668780793677,0.4085861754978726,0.17156922974694183,0.2838777166758174,-0.807958236723764
554,110.87391594396264,0.5,0.2,0.5,0.9583333333333333,0.13609750524599024,0.408729360894888,0.1716402085866334,0.28353292527248786,-0.807958236723764
555,111.07404936624415,0.5,0.2,0.5,0.9583333333333333,0.1362241900082938,0.40887797221035366,0.17170808738837465,0.2831897503929774,-0.807958236723764
556,111.27418278852568,0.5,0.2,0.5,0.9583333333333333,0.13634691317614192,0.40903183342141275,0.17177287707006536,0.28284837633237947,-0.807958236723764
557,111.4743162108072,0.5,0.2,0.5,0.9583333333333333,0.13646565853593282,0.40919076837334833,0.17183459052344133,0.28250898256727697,-0.807958236723764
558,111.67444963308873,0.5,0.2,0.5,0.9583333333333333,0.13658041281383837,0.4093546008654524,0.17189324255203342,0.28217174376867526,-0.807958236723764
559,111.87458305537024,0.5,0.2,0.5,0.9583333333333333,0.13669116563632538,0.40952315473541684,0.1719488498072613,0.28183682982099595,-0.807958236723764
560,112.07471647765176,0.5,0.2,0.5,0.9583333333333333,0.13679790950082552,0.40969625395002746,0.17200143074961696,0.2815044057995295,-0.807958236723764
561,112.27484989993329,0.5,0.2,0.5,0.9583333333333333,0.1369006398778997,0.4098737227755364,0.1720510058891622,0.2811746314574011,-0.807958236723764
562,112.47498332221481,0.5,0.2,0.5,0.9583333333333333,0.1369993549909219,0.41005538575319994,0.17209759735424512,0.2808476619016325,-0.807958236723764
563,112.67511674449632,0.5,0.2,0.5,0.9583333333333333,0.13709405578490896,0.4102410677893562,0.17214122886031208,0.2805236475654222,-0.807958236723764
564,112.87525016677785,0.5,0.2,0.5,0.9583333333333333,0.13718474590913693,0.41043059425400563,0.1721819257114318,0.28020273412542507,-0.807958236723764
565,113.07538358905937,0.5,0.2,0.5,0.9583333333333333,0.13727143166708888,0.4106237910598022,0.17221971473720535,0.279885062535903,-0.807958236723764
566,113.2755170113409,0.5,0.2,0.5,0.9583333333333333,0.13735412196401958,0.41082048473976945,0.1722546242285111,0.2795707690676993,-0.807958236723764
567,113.4756504336224,0.5,0.2,0.5,0.9583333333333333,0.13743282825693515,0.41102050252548183,0.17228668388059235,0.27925998533699004,-0.807958236723764
568,113.67578385590393,0.5,0.2,0.5,0.9583333333333333,0.13750756463923833,0.4112236724736911,0.17231592497796513,0.27895283790910474,-0.807958236723764
569,113.87591727818545,0.5,0.2,0.5,0.9583333333333333,0.1375783476649943,0.4114298234980774,0.17234238012073777,0.2786494487161899,-0.807958236723764
570,114.07605070046698,0.5,0.2,0.5,0.9583333333333333,0.1376451962605232,0.4116387854322713,0.1723660831088196,0.2783499351983853,-0.807958236723764
571,114.27618412274849,0.5,0.2,0.5,0.9583333333333333,0.1377081317091352,0.4118503891190007,0.17238706895887104,0.27805441021299243,-0.807958236723764
572,114.47631754503001,0.5,0.2,0.5,0.9583333333333333,0.137767177592511,0.41206446648309814,0.172405373847447,0.2777629820769432,-0.807958236723764
573,114.67645096731154,0.5,0.2,0.5,0.9583333333333333,0.13782235973022744,0.41228085060342384,0.17242103505391224,0.27747575461243584,-0.807958236723764
574,114.87658438959306,0.5,0.2,0.5,0.9583333333333333,0.13787370617270997,0.4124993757787384,0.17243409093871487,0.2771928271098361,-0.807958236723764
575,115.07671781187457,0.5,0.2,0.5,0.9583333333333333,0.13792124715533113,0.41271987759581535,0.1724445808976148,0.2769142943512381,-0.807958236723764
576,115.2768512341561,0.5,0.2,0.5,0.9583333333333333,0.1379650149390844,0.412942193006496,0.17245254524386244,0.2766402468105566,-0.807958236723764
577,115.47698465643762,0.5,0.2,0.5,0.9583333333333333,0.13800504379436593,0.413166160390634,0.17245802518346687,0.2763707706315326,-0.807958236723764
578,115.67711807871915,0.5,0.2,0.5,0.9583333333333333,0.1380413699366033,0.41339161962211696,0.17246106276043205,0.2761059476808471,-0.807958236723764
579,115.87725150100066,0.5,0.2,0.5,0.9583333333333333,0.13807403146004674,0.41361841213380224,0.1724617008017762,0.2758458556043743,-0.807958236723764
580,116.07738492328218,0.5,0.2,0.5,0.9583333333333333,0.1381030683059526,0.41384638097578125,0.17245998289497017,0.2755905678232954,-0.807958236723764
581,116.2775183455637,0.5,0.2,0.5,0.9583333333333333,0.1381285223211152,0.41407537085831336,0.17245595344832865,0.2753401533722422,-0.807958236723764
582,116.47765176784523,0.5,0.2,0.5,0.9583333333333333,0.13815043699315555,0.4143052282434341,0.17244965746084262,0.27509467730256726,-0.807958236723764
583,116.67778519012674,0.5,0.2,0.5,0.9583333333333333,0.1381688574454138,0.41453580139503926,0.1724411405278177,0.2748542006317288,-0.807958236723764
584,116.87791861240827,0.5,0.2,0.5,0.9583333333333333,0.13818383038268234,0.41476694043522816,0.17243044880347708,0.2746187803786119,-0.807958236723764
585,117.07805203468979,0.5,0.2,0.5,0.9583333333333333,0.1381954040242463,0.4149984974012613,0.17241762895346127,0.2743884696210306,-0.807958236723764
586,117.27818545697131,0.5,0.2,0.5,0.9583333333333333,0.1382036280421641,0.4152303263003056,0.17240272811099183,0.27416331754653794,-0.807958236723764
587,117.47831887925283,0.5,0.2,0.5,0.9583333333333333,0.1382085536058004,0.4154622831454725,0.1723857938885324,0.27394336936019426,-0.807958236723764
588,117.67845230153435,0.5,0.2,0.5,0.9583333333333333,0.13821023320441095,0.41569422602673956,0.1723668742765336,0.2737286664923155,-0.807958236723764
589,117.87858572381587,0.5,0.2,0.5,0.9583333333333333,0.1382087205724775,0.415926015163737,0.17234601759587784,0.2735192466679072,-0.807958236723764
590,118.0787191460974,0.5,0.2,0.5,0.9583333333333333,0.13820407065092316,0.41615751295131836,0.17232327246971116,0.2733151439280469,-0.807958236723764
591,118.27885256837891,0.5,0.2,0.5,0.9583333333333333,0.13819633952054103,0.4163885840083103,0.1722986877819912,0.27311638868915705,-0.807958236723764
592,118.47898599066043,0.5,0.2,0.5,0.9583333333333333,0.13818558433484454,0.41661909522499996,0.17227231263671314,0.272923007803442,-0.807958236723764
593,118.67911941294196,0.5,0.2,0.5,0.9583333333333333,0.138171863350245,0.41684891577622496,0.17224419634213395,0.27273502453139575,-0.807958236723764
594,118.87925283522348,0.5,0.2,0.5,0.9583333333333333,0.13815523585387987,0.417077917167643,0.17221438837039438,0.27255245860808247,-0.807958236723764
595,119.07938625750499,0.5,0.2,0.5,0.9583333333333333,0.138135761977101,0.4173059733192385,0.1721829382895609,0.2723753264140992,-0.807958236723764
596,119.27951967978652,0.5,0.2,0.5,0.9583333333333333,0.13811350269911807,0.4175329605830173,0.172149895743724,0.27220364097414024,-0.807958236723764
597,119.47965310206804,0.5,0.2,0.5,0.9583333333333333,0.13808851978468892,0.41775875778156174,0.17211531041753553,0.2720374120162134,-0.807958236723764
598,119.67978652434957,0.5,0.2,0.5,0.9583333333333333,0.13806087572173267,0.4179832462451547,0.17207923200154868,0.27187664603156353,-0.807958236723764
599,119.87991994663108,0.5,0.2,0.5,0.9583333333333333,0.1380306336826891,0.41820630983987833,0.17204171016767766,0.2717213463097545,-0.807958236723764
600,120.0800533689126,0.5,0.2,0.5,0.9583333333333333,0.1379978575225104,0.4184278349825827,0.17200279455981674,0.27157151293508974,-0.807958236723764
601,120.28018679119413,0.5,0.2,0.5,0.9583333333333333,0.13796261161335674,0.4186477107064329,0.17196253472141942,0.27142714295879045,-0.807958236723764
602,120.48032021347565,0.5,0.2,0.5,0.9583333333333333,0.13792496082210892,0.4188658286794887,0.17192098007977027,0.27128823041863165,-0.807958236723764
603,120.68045363575716,0.5,0.2,0.5,0.9583333333333333,0.13788497045616854,0.4190820832319324,0.17187817991868412,0.27115476639321445,-0.807958236723764
604,120.88058705803869,0.5,0.2,0.5,0.9583333333333333,0.13784270620513234,0.4192963713831543,0.17183418335042294,0.27102673906128993,-0.807958236723764
605,121.08072048032021,0.5,0.2,0.5,0.9583333333333333,0.1377982340559261,0.4195085929656045,0.17178903923249217,0.27090413374597677,-0.807958236723764
606,121.28085390260173,0.5,0.2,0.5,0.9583333333333333,0.1377516204973042,0.41971865014185145,0.17174279640198198,0.2707869329588619,-0.807958236723764
607,121.48098732488324,0.5,0.2,0.5,0.9583333333333333,0.13770293206206638,0.4199264483166738,0.17169550317918478,0.2706751164420746,-0.807958236723764
608,121.68112074716477,0.5,0.2,0.5,0.9583333333333333,0.13765223552736014,0.4201318954364393,0.17164720774053616,0.270568661295664,-0.807958236723764
609,121.8812541694463,0.5,0.2,0.5,0.9583333333333333,0.1375995977959173,0.42033490224967657,0.1715979579567095,0.27046754199769624,-0.807958236723764
610,122.08138759172782,0.5,0.2,0.5,0.9583333333333333,0.13754508584646807,0.42053538231740356,0.17154780137313091,0.2703717304629971,-0.807958236723764
611,122.28152101400933,0.5,0.2,0.5,0.9583333333333333,0.13748876668433935,0.420733252023383,0.17149678519046738,0.27028119610180995,-0.807958236723764
612,122.48165443629085,0.5,0.2,0.5,0.9583333333333333,0.1374307073704376,0.4209284305533041,0.1714449562338418,0.2701959058424162,-0.807958236723764
613,122.68178785857238,0.5,0.2,0.5,0.9583333333333333,0.13737097492843675,0.42112083992224697,0.1713923609395645,0.2701158242097515,-0.807958236723764
614,122.8819212808539,0.5,0.2,0.5,0.9583333333333333,0.13730963622936007,0.4213104050111084,0.17133904534511638,0.2700409134144149,-0.807958236723764
615,123.08205470313541,0.5,0.2,0.5,0.9583333333333333,0.1372467579887396,0.42149705355839945,0.17128505506294048,0.2699711333899202,-0.807958236723764
616,123.28218812541694,0.5,0.2,0.5,0.9583333333333333,0.1371824067183062,0.4216807161700681,0.1712304352607734,0.26990644185085205,-0.807958236723764
617,123.48232154769846,0.5,0.2,0.5,0.9583333333333333,0.13711664867767956,0.42186132632932144,0.17117523064197654,0.2698467943510222,-0.807958236723764
618,123.68245496997999,0.5,0.2,0.5,0.9583333333333333,0.13704954982605808,0.4220388204064488,0.1711194854258675,0.2697921443416254,-0.807958236723764
619,123.8825883922615,0.5,0.2,0.5,0.9583333333333333,0.13698117591421288,0.422213137541166,0.1710632433594169,0.26974244318520396,-0.807958236723764
620,124.08272181454302,0.5,0.2,0.5,0.9583333333333333,0.13691159252777776,0.4223842195692121,0.1710065477180573,0.2696976401849526,-0.807958236723764
621,124.28285523682455,0.5,0.2,0.5,0.9583333333333333,0.13684086467508616,0.42255201136276255,0.17094944120467356,0.2696576827574775,-0.807958236723764
622,124.48298865910607,0.5,0.2,0.5,0.9583333333333333,0.13676905691334926,0.4227164606817151,0.17089196596894166,0.2696225164359938,-0.807958236723764
623,124.68312208138758,0.5,0.2,0.5,0.9583333333333333,0.1366962333087052,0.4228775181759171,0.1708341635895287,0.2695920849258488,-0.807958236723764
624,124.8832555036691,0.5,0.2,0.5,0.9583333333333333,0.1366224573916338,0.42303513739160403,0.17077607505525702,0.2695663301615049,-0.807958236723764
625,125.08338892595063,0.5,0.2,0.5,0.9583333333333333,0.1365477921123713,0.42318927477783774,0.1707177407462682,0.2695451923635225,-0.807958236723764
626,125.28352234823215,0.5,0.2,0.5,0.9583333333333333,0.13647229992852858,0.4233398895000961,0.17065920048930483,0.2695286100820702,-0.807958236723764
627,125.48365577051366,0.5,0.2,0.5,0.9583333333333333,0.13639604316860623,0.4234869428514044,0.17060049376767017,0.26951652021231887,-0.807958236723764
628,125.68378919279519,0.5,0.2,0.5,0.9583333333333333,0.1363190832248215,0.42363039937118085,0.1705416592748584,0.2695088581291389,-0.807958236723764
629,125.88392261507671,0.5,0.2,0.5,0.9583333333333333,0.13624148077048706,0.42377022646954093,0.17048273504258504,0.26950555771738655,-0.807958236723764
630,126.08405603735824,0.5,0.2,0.5,0.9583333333333333,0.13616329576591055,0.42390639436009225,0.1704237584502545,0.2695065514237423,-0.807958236723764
631,126.28418945963975,0.5,0.2,0.5,0.9583333333333333,0.1360845874205156,0.42403887605659,0.17036476620988378,0.2695117703130101,-0.807958236723764
632,126.48432288192127,0.5,0.2,0.5,0.9583333333333333,0.1360054141549626,0.42416764736959356,0.1703057943510262,0.2695211441244172,-0.807958236723764
633,126.6844563042028,0.5,0.2,0.5,0.9583333333333333,0.13592583362451877,0.42429268681260374,0.17024687824128062,0.26953460132159646,-0.807958236723764
634,126.88458972648432,0.5,0.2,0.5,0.9583333333333333,0.13584590327261092,0.4244139747246646,0.17018805291483427,0.2695520690878898,-0.807958236723764
635,127.08472314876583,0.5,0.2,0.5,0.9583333333333333,0.13576567950061807,0.42453149443797084,0.17012935259704748,0.26957347346436317,-0.807958236723764
636,127.28485657104736,0.5,0.2,0.5,0.9583333333333333,0.1356852177439191,0.4246452321061559,0.17007081075556824,0.26959873939435636,-0.807958236723764
637,127.48498999332888,0.5,0.2,0.5,0.9583333333333333,0.13560457256303668,0.4247551765102693,0.17001246016021787,0.26962779076647575,-0.807958236723764
638,127.6851234156104,0.5,0.2,0.5,0.9583333333333333,0.13552379761356947,0.4248613190438887,0.16995433287245282,0.26966055047008863,-0.807958236723764
639,127.88525683789192,0.5,0.2,0.5,0.9583333333333333,0.13544294561612394,0.42496365369823214,0.16989646023482677,0.26969694045081677,-0.807958236723764
640,128.08539026017345,0.5,0.2,0.5,0.9583333333333333,0.13536206833793454,0.42506217703137594,0.16983887286608762,0.2697368817646015,-0.807958236723764
641,128.28552368245496,0.5,0.2,0.5,0.9583333333333333,0.1352812171251257,0.42515688738867224,0.1697816009217571,0.2697802945644445,-0.807958236723764
642,128.48565710473648,0.5,0.2,0.5,0.9583333333333333,0.13520044236889883,0.42524778557288795,0.16972467384072074,0.26982709821749207,-0.807958236723764
643,128.685790527018,0.5,0.2,0.5,0.9583333333333333,0.13511979328098392,0.42533487509378415,0.1696681202409247,0.26987721138430676,-0.807958236723764
644,128.88592394929952,0.5,0.2,0.5,0.9583333333333333,0.1350393180903061,0.4254181618448996,0.16961196801815367,0.2699305520466402,-0.807958236723764
645,129.08605737158106,0.5,0.2,0.5,0.9583333333333333,0.1349590640208013,0.42549765407794177,0.16955624433929378,0.26998703756196263,-0.807958236723764
646,129.28619079386257,0.5,0.2,0.5,0.9583333333333333,0.134879077269232,0.4255733623771784,0.16950097563559557,0.2700465847179935,-0.807958236723764
647,129.48632421614408,0.5,0.2,0.5,0.9583333333333333,0.1347994029830029,0.4256452996338288,0.16944618759593694,0.27010910978723085,-0.807958236723764
648,129.68645763842562,0.5,0.2,0.5,0.9583333333333333,0.13472008559503854,0.4257134805677472,0.16939190532256068,0.27017452851465307,-0.807958236723764
649,129.88659106070713,0.5,0.2,0.5,0.9583333333333333,0.1346411687664403,0.42577792174639106,0.1693381533083389,0.2702427561788292,-0.807958236723764
650,130.08672448298864,0.5,0.2,0.5,0.9583333333333333,0.13456269482437314,0.4258386422437716,0.16928495518435122,0.2703137077475035,-0.807958236723764
651,130.28685790527018,0.5,0.2,0.5,0.9583333333333333,0.13448470504814572,0.42589566322400585,0.1692323338534178,0.27038729787443005,-0.807958236723764
652,130.4869913275517,0.5,0.2,0.5,0.9583333333333333,0.1344072396548135,0.4259490079058351,0.16918031148690565,0.2704634409524451,-0.807958236723764
653,130.68712474983323,0.5,0.2,0.5,0.9583333333333333,0.1343303377841052,0.4259987015280004,0.16912890952122742,0.2705420511666664,-0.807958236723764
654,130.88725817211474,0.5,0.2,0.5,0.9583333333333333,0.1342540374833498,0.4260447713146177,0.16907814865433995,0.270623042547692,-0.807958236723764
655,131.08739159439625,0.5,0.2,0.5,0.9583333333333333,0.1341783759054735,0.42608724620237826,0.1690280489339749,0.2707063289581728,-0.807958236723764
656,131.2875250166778,0.5,0.2,0.5,0.9583333333333333,0.13410338959535087,0.4261261564689836,0.16897862988390802,0.2707918240517569,-0.807958236723764
657,131.4876584389593,0.5,0.2,0.5,0.9583333333333333,0.13402911365620598,0.42616153461349077,0.1689299101480626,0.2708794415822401,-0.807958236723764
658,131.6877918612408,0.5,0.2,0.5,0.9583333333333333,0.13395558208679514,0.4261934149279262,0.168881907638663,0.2709690953466151,-0.807958236723764
659,131.88792528352235,0.5,0.2,0.5,0.9583333333333333,0.13388282779542207,0.42622183343014575,0.1688346395452566,0.27106069922917503,-0.807958236723764
660,132.08805870580386,0.5,0.2,0.5,0.9583333333333333,0.13381088259000745,0.42624682782346146,0.1687881223334265,0.271154167253104,-0.807958236723764
661,132.2881921280854,0.5,0.2,0.5,0.9583333333333333,0.13373977716815819,0.4262684374562685,0.16874237174350426,0.27124941363206845,-0.807958236723764
662,132.4883255503669,0.5,0.2,0.5,0.9583333333333333,0.13366954110723686,0.4262867032816718,0.16869740278928264,0.27134635282180813,-0.807958236723764
663,132.68845897264842,0.5,0.2,0.5,0.9583333333333333,0.13360020300434156,0.42630166767209554,0.16865322981538847,0.2714448995081739,-0.807958236723764
664,132.88859239492996,0.5,0.2,0.5,0.9583333333333333,0.1335317911372697,0.42631337372991196,0.1686098667585183,0.2715449683742995,-0.807958236723764
665,133.08872581721147,0.5,0.2,0.5,0.9583333333333333,0.13346433228636753,0.42632186637716,0.16856732668902355,0.27164647464744834,-0.807958236723764
666,133.28885923949298,0.5,0.2,0.5,0.9583333333333333,0.13339785207182353,0.4263271919792809,0.16852562194549295,0.2717493340034021,-0.807958236723764
667,133.48899266177452,0.5,0.2,0.5,0.9583333333333333,0.1333323750479548,0.4263293982039292,0.16848476417424552,0.27185346257386994,-0.807958236723764
668,133.68912608405603,0.5,0.2,0.5,0.9583333333333333,0.13326792470028895,0.4263285339738165,0.16844476433078742,0.2719587769951067,-0.807958236723764
669,133.88925950633757,0.5,0.2,0.5,0.9583333333333333,0.13320452344264586,0.42632464941955434,0.16840563268126849,0.2720651944565309,-0.807958236723764
670,134.08939292861908,0.5,0.2,0.5,0.9583333333333333,0.13314219261421956,0.4263177958324977,0.16836737880393912,0.27217263274934317,-0.807958236723764
671,134.2895263509006,0.5,0.2,0.5,0.9583333333333333,0.13308095251851734,0.42630802559322417,0.16833001160843797,0.27228101027982005,-0.807958236723764
672,134.48965977318213,0.5,0.2,0.5,0.9583333333333333,0.13302082297426218,0.4262953918020116,0.16829353957317583,0.2723902456505499,-0.807958236723764
673,134.68979319546364,0.5,0.2,0.5,0.9583333333333333,0.13296182258997818,0.4262799486522291,0.1682579704390095,0.2725002583187827,-0.807958236723764
674,134.88992661774515,0.5,0.2,0.5,0.9583333333333333,0.13290396881718045,0.4262617513505214,0.16822331123460046,0.27261096859769723,-0.807958236723764
675,135.09006004002669,0.5,0.2,0.5,0.9583333333333333,0.13284727809302838,0.4262408559849181,0.16818956833988485,0.2727222975821682,-0.807958236723764
676,135.2901934623082,0.5,0.2,0.5,0.9583333333333333,0.13279176584252272,0.4262173194747002,0.16815674748970919,0.27283416719306747,-0.807958236723764
677,135.49032688458973,0.5,0.2,0.5,0.9583333333333333,0.13273744648070246,0.4261911995202653,0.16812485377746622,0.2729465002215656,-0.807958236723764
678,135.69046030687124,0.5,0.2,0.5,0.9583333333333333,0.1326843334148419,0.42616255455299396,0.16809389165873065,0.27305922037343305,-0.807958236723764
679,135.89059372915276,0.5,0.2,0.5,0.9583333333333333,0.13263243905218214,0.42613144368430994,0.1680638649574753,0.2731722523060322,-0.807958236723764
680,136.0907271514343,0.5,0.2,0.5,0.9583333333333333,0.13258177521595038,0.4260979265953164,0.16803477706264955,0.27328552112608323,-0.807958236723764
681,136.2908605737158,0.5,0.2,0.5,0.9583333333333333,0.13253235278595718,0.4260620635392909,0.16800663076322092,0.27339895291153066,-0.807958236723764
682,136.49099399599731,0.5,0.2,0.5,0.9583333333333333,0.13248418151027613,0.4260239153192796,0.1679794281629831,0.27351247500746084,-0.807958236723764
683,136.69112741827885,0.5,0.2,0.5,0.9583333333333333,0.13243727020089277,0.4259835432098078,0.16795317077438773,0.2736260158149113,-0.807958236723764
684,136.89126084056036,0.5,0.2,0.5,0.9583333333333333,0.13239162674010602,0.42594100890613384,0.16792785952414035,0.27373950482961945,-0.807958236723764
685,137.0913942628419,0.5,0.2,0.5,0.9583333333333333,0.1323472580869292,0.42589637447350276,0.16790349475879632,0.27385287268077135,-0.807958236723764
686,137.2915276851234,0.5,0.2,0.5,0.9583333333333333,0.13230417028349148,0.42584970229640057,0.16788007625035695,0.2739660511697507,-0.807958236723764
687,137.49166110740492,0.5,0.2,0.5,0.9583333333333333,0.1322623684614389,0.425801055027808,0.16785760320186527,0.2740789733088875,-0.807958236723764
688,137.69179452968646,0.5,0.2,0.5,0.9583333333333333,0.13222185708269335,0.42575049566616857,0.16783607435550166,0.2741915728956361,-0.807958236723764
689,137.89192795196797,0.5,0.2,0.5,0.9583333333333333,0.13218263992454948,0.4256980874930322,0.1678154879888619,0.27430378459355614,-0.807958236723764
690,138.09206137424948,0.5,0.2,0.5,0.9583333333333333,0.1321447196981395,0.4256438938109028,0.16779584175088397,0.2744155447400734,-0.807958236723764
691,138.29219479653102,0.5,0.2,0.5,0.9583333333333333,0.13210809827687583,0.4255879780134942,0.16777713276455689,0.27452679094507276,-0.807958236723764
692,138.49232821881253,0.5,0.2,0.5,0.9583333333333333,0.1320727767071285,0.42553040353731425,0.1677593576343868,0.27463746212117013,-0.807958236723764
693,138.69246164109407,0.5,0.2,0.5,0.9583333333333333,0.13203875521800215,0.4254712338127585,0.16774251245346938,0.27474749851576963,-0.807958236723764
694,138.89259506337558,0.5,0.2,0.5,0.9583333333333333,0.13200603323111293,0.4254105322152039,0.16772659281056226,0.2748568417431206,-0.807958236723764
695,139.0927284856571,0.5,0.2,0.5,0.9583333333333333,0.1319746093703656,0.4253483620161023,0.16771159379715747,0.2749654348163743,-0.807958236723764
696,139.29286190793863,0.5,0.2,0.5,0.9583333333333333,0.1319444815713078,0.42528478650266677,0.1676975100760049,0.2750732218500202,-0.807958236723764
697,139.49299533022014,0.5,0.2,0.5,0.9583333333333333,0.13191564722843646,0.4252198691618133,0.16768433597305674,0.27518014763669324,-0.807958236723764
698,139.69312875250165,0.5,0.2,0.5,0.9583333333333333,0.13188810282707544,0.4251536729914407,0.1676720652513309,0.2752861589301527,-0.807958236723764
699,139.8932621747832,0.5,0.2,0.5,0.9583333333333333,0.13186184411654858,0.4250862607281666,0.16766069121881835,0.27539120393646627,-0.807958236723764
700,140.0933955970647,0.5,0.2,0.5,0.9583333333333333,0.1318368661331499,0.4250176948207583,0.16765020674369704,0.2754952323023946,-0.807958236723764
701,140.29352901934624,0.5,0.2,0.5,0.9583333333333333,0.1318131632123011,0.4249480373852569,0.1676406042628736,0.2755981951395682,-0.807958236723764
702,140.49366244162775,0.5,0.2,0.5,0.9583333333333333,0.1317907290007091,0.4248773501601015,0.1676318757905248,0.27570004504866447,-0.807958236723764
703,140.69379586390926,0.5,0.2,0.5,0.9583333333333333,0.13176955646852356,0.4248056944612528,0.16762401292663892,0.2758007361435846,-0.807958236723764
704,140.8939292861908,0.5,0.2,0.5,0.9583333333333333,0.1317496379571064,0.4247331312606179,0.1676170068907103,0.2759002238915653,-0.807958236723764
705,141.0940627084723,0.5,0.2,0.5,0.9583333333333333,0.13173096534783849,0.424659721683543,0.1676108486409233,0.2759984643276951,-0.807958236723764
706,141.29419613075382,0.5,0.2,0.5,0.9583333333333333,0.13171352980006915,0.4245855260145421,0.16760552868901857,0.27609541549637007,-0.807958236723764
707,141.49432955303536,0.5,0.2,0.5,0.9583333333333333,0.13169732184549626,0.4245106039371021,0.1676010371669089,0.27619103705049264,-0.807958236723764
708,141.69446297531687,0.5,0.2,0.5,0.9583333333333333,0.1316823314244484,0.4244350145723337,0.16759736385226018,0.2762852901509576,-0.807958236723764
709,141.8945963975984,0.5,0.2,0.5,0.9583333333333333,0.13166854789968677,0.42435881643978907,0.16759449817819425,0.2763781374823298,-0.807958236723764
710,142.09472981987992,0.5,0.2,0.5,0.9583333333333333,0.13165596007020722,0.42428206741827945,0.16759242924299192,0.27646954326852125,-0.807958236723764
711,142.29486324216143,0.5,0.2,0.5,0.9583333333333333,0.13164455618504226,0.4242048247066932,0.16759114581979592,0.2765594732884684,-0.807958236723764
712,142.49499666444297,0.5,0.2,0.5,0.9583333333333333,0.13163432396672278,0.4241271448409303,0.16759063637293584,0.276647894819411,-0.807958236723764
713,142.69513008672448,0.5,0.2,0.5,0.9583333333333333,0.13162525075030346,0.4240490843821894,0.1675908891534737,0.27673477571403327,-0.807958236723764
714,142.89526350900599,0.5,0.2,0.5,0.9583333333333333,0.13161732333298615,0.42397069892401146,0.1675918920963599,0.27682008564664234,-0.807958236723764
715,143.09539693128752,0.5,0.2,0.5,0.9583333333333333,0.13161052800153242,0.4238920431321655,0.16759363283946638,0.2769037960268355,-0.807958236723764
716,143.29553035356903,0.5,0.2,0.5,0.9583333333333333,0.13160485057868426,0.423813170894961,0.1675960987556502,0.2769858797707043,-0.807958236723764
717,143.49566377585057,0.5,0.2,0.5,0.9583333333333333,0.13160027643812275,0.42373413529078524,0.1675992769632497,0.27706631130784215,-0.807958236723764
718,143.69579719813208,0.5,0.2,0.5,0.9583333333333333,0.13159679051942696,0.4236549885556417,0.16760315433658013,0.277145066588351,-0.807958236723764
719,143.8959306204136,0.5,0.2,0.5,0.9583333333333333,0.13159437734303275,0.4235757820506881,0.16760771751642997,0.277222123089849,-0.807958236723764
720,144.09606404269513,0.5,0.2,0.5,0.9583333333333333,0.13159302104689524,0.42349656658355583,0.167612952945647,0.2772974594239017,-0.807958236723764
721,144.29619746497664,0.5,0.2,0.5,0.9583333333333333,0.13159270535043718,0.4234173915443936,0.1676188468206645,0.2773710562845045,-0.807958236723764
722,144.49633088725815,0.5,0.2,0.5,0.9583333333333333,0.1315934136969009,0.4233383069499718,0.1676253852492679,0.2774428941038592,-0.807958236723764
723,144.6964643095397,0.5,0.2,0.5,0.9583333333333333,0.13159512911490007,0.4232593609106183,0.16763255408374733,0.27751295589073416,-0.807958236723764
724,144.8965977318212,0.5,0.2,0.5,0.9583333333333333,0.13159783429628205,0.42318060062310886,0.1676403390041119,0.277581226076497,-0.807958236723764
725,145.09673115410274,0.5,0.2,0.5,0.9583333333333333,0.13160151161123274,0.4231020723405892,0.1676487255287548,0.27764769051942306,-0.807958236723764
726,145.29686457638425,0.5,0.2,0.5,0.9583333333333333,0.131606143123437,0.4230238213433988,0.16765769902518207,0.277712336507982,-0.807958236723764
727,145.49699799866576,0.5,0.2,0.5,0.9583333333333333,0.13161171060529436,0.4229458919107979,0.16766724472080607,0.27777515276310155,-0.807958236723764
728,145.6971314209473,0.5,0.2,0.5,0.9583333333333333,0.13161819555319038,0.42286832729359763,0.1676773477138022,0.27783612943940966,-0.807958236723764
729,145.8972648432288,0.5,0.2,0.5,0.9583333333333333,0.1316255792007209,0.42279117023254686,0.1676879929887992,0.27789525757793293,-0.807958236723764
730,146.09739826551032,0.5,0.2,0.5,0.9583333333333333,0.13163384253438548,0.42271446285205144,0.1676991654271577,0.2779525291864053,-0.807958236723764
731,146.29753168779186,0.5,0.2,0.5,0.9583333333333333,0.1316429663124106,0.4226382457579021,0.167710849810338,0.27800793811934926,-0.807958236723764
732,146.49766511007337,0.5,0.2,0.5,0.9583333333333333,0.13165293107821288,0.4225625585395464,0.16772303083561726,0.2780614795466234,-0.807958236723764
733,146.6977985323549,0.5,0.2,0.5,0.9583333333333333,0.13166371717589442,0.4224874397609036,0.16773569312738665,0.2781131499358154,-0.807958236723764
734,146.89793195463642,0.5,0.2,0.5,0.9583333333333333,0.13167530476579875,0.42241292695072086,0.1677488212485001,0.27816294703498035,-0.807958236723764
735,147.09806537691793,0.5,0.2,0.5,0.9583333333333333,0.13168767384012023,0.422339056594353,0.16776239971169196,0.27821086985383486,-0.807958236723764
736,147.29819879919947,0.5,0.2,0.5,0.9583333333333333,0.1317008042385667,0.4222658641269658,0.16777641299106322,0.27825691864340435,-0.807958236723764
737,147.49833222148098,0.5,0.2,0.5,0.9583333333333333,0.13171467566407566,0.4221933839281624,0.1677908455336361,0.2783010948741259,-0.807958236723764
738,147.6984656437625,0.5,0.2,0.5,0.9583333333333333,0.13172926769858367,0.42212164931803364,0.16780568177097752,0.27834340121240525,-0.807958236723764
739,147.89859906604403,0.5,0.2,0.5,0.9583333333333333,0.13174455977397131,0.42205069272031653,0.1678209060941744,0.27838384141153777,-0.807958236723764
740,148.09873248832554,0.5,0.2,0.5,0.9583333333333333,0.13176053116681516,0.4219805457392794,0.167836502848312,0.27842242024559344,-0.807958236723764
741,148.29886591060708,0.5,0.2,0.5,0.9583333333333333,0.13177716112880083,0.42191123873738146,0.16785245643796579,0.2784591436958519,-0.807958236723764
742,148.4989993328886,0.5,0.2,0.5,0.9583333333333333,0.13179442884378445,0.42184280105454885,0.16786875129089357,0.27849401881077307,-0.807958236723764
743,148.6991327551701,0.5,0.2,0.5,0.9583333333333333,0.1318123134411862,0.42177526102109875,0.1678853718678393,0.2785270536698757,-0.807958236723764
744,148.89926617745164,0.5,0.2,0.5,0.9583333333333333,0.13183079401079748,0.4217086459670658,0.16790230267351863,0.27855825734861794,-0.807958236723764
745,149.09939959973315,0.5,0.2,0.5,0.9583333333333333,0.13184984961758658,0.4216429822331536,0.16791952826762824,0.27858763988163143,-0.807958236723764
746,149.29953302201466,0.5,0.2,0.5,0.9583333333333333,0.13186945931650373,0.42157829518330975,0.16793703327587914,0.2786152122243072,-0.807958236723764
747,149.4996664442962,0.5,0.2,0.5,0.9583333333333333,0.1318896021672847,0.42151460921892653,0.16795480240105434,0.27864098621273425,-0.807958236723764
748,149.6997998665777,0.5,0.2,0.5,0.9583333333333333,0.13191025724925332,0.42145194779466566,0.16797282043409,0.27866497452199085,-0.807958236723764
749,149.89993328885924,0.5,0.2,0.5,0.9583333333333333,0.1319314036115306,0.4213903330333322,0.16799107218921122,0.2786871911659259,-0.807958236723764
750,150.10006671114076,0.5,0.2,0.5,0.9583333333333333,0.13195302020315108,0.4213297852171506,0.168009542415461,0.2787076521642372,-0.807958236723764
751,150.30020013342227,0.5,0.2,0.5,0.9583333333333333,0.13197508613137268,0.42127032432615724,0.16802821609425672,0.27872637344821327,-0.807958236723764
752,150.5003335557038,0.5,0.2,0.5,0.9583333333333333,0.13199758056712665,0.42121196937900474,0.16804707832195837,0.27874337173191016,-0.807958236723764
753,150.70046697798531,0.5,0.2,0.5,0.9583333333333333,0.13202048275054143,0.42115473839911416,0.16806611431016358,0.2787586645401808,-0.807958236723764
754,150.90060040026682,0.5,0.2,0.5,0.9583333333333333,0.13204377200333448,0.42109864842526523,0.16808530939410576,0.27877227017729456,-0.807958236723764
755,151.10073382254836,0.5,0.2,0.5,0.9583333333333333,0.13206742774110086,0.4210437155231717,0.16810464904095543,0.278784207694772,-0.807958236723764
756,151.30086724482987,0.5,0.2,0.5,0.9583333333333333,0.13209142948549765,0.42098995479804263,0.1681241188580252,0.27879449685843466,-0.807958236723764
757,151.5010006671114,0.5,0.2,0.5,0.9583333333333333,0.13211575687632515,0.4209373804081283,0.168143704600878,0.27880315811466866,-0.807958236723764
758,151.70113408939292,0.5,0.2,0.5,0.9583333333333333,0.1321403896835041,0.42088600557925265,0.16816339218133877,0.2788102125559046,-0.807958236723764
759,151.90126751167443,0.5,0.2,0.5,0.9583333333333333,0.13216530779291694,0.4208358424716113,0.1681831676542333,0.27881568208123864,-0.807958236723764
760,152.10140093395597,0.5,0.2,0.5,0.9583333333333333,0.1321904911529246,0.420786901823496,0.1682030171721265,0.2788195898514531,-0.807958236723764
761,152.30153435623748,0.5,0.2,0.5,0.9583333333333333,0.13221591992692042,0.4207391937736457,0.16822292710764905,0.278821959191785,-0.807958236723764
762,152.501667778519,0.5,0.2,0.5,0.9583333333333333,0.1322415744505601,0.4206927275693292,0.16824288401692608,0.2788228139631848,-0.807958236723764
763,152.70180120080053,0.5,0.2,0.5,0.9583333333333333,0.13226743523473902,0.4206475115373489,0.16826287464020603,0.2788221785877062,-0.807958236723764
764,152.90193462308204,0.5,0.2,0.5,0.9583333333333333,0.1322934829756382,0.4206035530970051,0.16828288590822746,0.2788200780191294,-0.807958236723764
765,153.10206804536358,0.5,0.2,0.5,0.9583333333333333,0.1323196985646102,0.4205608587737242,0.1683029049484437,0.27881653771322207,-0.807958236723764
766,153.3022014676451,0.5,0.2,0.5,0.9583333333333333,0.13234606309790567,0.42051943421335275,0.1683229190911049,0.27881158359763686,-0.807958236723764
767,153.5023348899266,0.5,0.2,0.5,0.9583333333333333,0.13237255788623975,0.4204792841971158,0.1683429158751984,0.27880524204144624,-0.807958236723764
768,153.70246831220814,0.5,0.2,0.5,0.9583333333333333,0.13239916446419903,0.4204404126572406,0.1683628830542463,0.2787975398243142,-0.807958236723764
769,153.90260173448965,0.5,0.2,0.5,0.9583333333333333,0.13242586457654157,0.4204028226364569,0.16838280859276836,0.2787885041942333,-0.807958236723764
770,154.1027351567712,0.5,0.2,0.5,0.9583333333333333,0.13245264008823177,0.42036651605981706,0.16840268063211397,0.27877816321983734,-0.807958236723764
771,154.3028685790527,0.5,0.2,0.5,0.9583333333333333,0.13247947317098654,0.42033149419188176,0.16842248756698894,0.2787665450701429,-0.807958236723764
772,154.5030020013342,0.5,0.2,0.5,0.9583333333333333,0.13250634625619412,0.420297757516789,0.16844221802831053,0.2787536781987065,-0.807958236723764
773,154.70313542361575,0.5,0.2,0.5,0.9583333333333333,0.13253324202729183,0.42026530571703685,0.16846186088179216,0.2787395913738793,-0.807958236723764
774,154.90326884589726,0.5,0.2,0.5,0.9583333333333333,0.13256014342657393,0.42023413768903706,0.16848140523223062,0.27872431365215855,-0.807958236723764
775,155.10340226817877,0.5,0.2,0.5,0.9583333333333333,0.1325870336617695,0.42020425155915936,0.16850084042762278,0.2787078743514485,-0.807958236723764
776,155.3035356904603,0.5,0.2,0.5,0.9583333333333333,0.1326138962123893,0.42017564470026625,0.16852015606311163,0.2786903030242329,-0.807958236723764
777,155.50366911274182,0.5,0.2,0.5,0.9583333333333333,0.1326407148358431,0.4201483137487374,0.1685393419847621,0.2786716294306575,-0.807958236723764
778,155.70380253502336,0.5,0.2,0.5,0.9583333333333333,0.1326674735733259,0.42012225462198516,0.16855838829316597,0.2786518835115231,-0.807958236723764
779,155.90393595730487,0.5,0.2,0.5,0.9583333333333333,0.13269415675859025,0.4200974625133299,0.16857728533370098,0.2786310953943789,-0.807958236723764
780,156.10406937958638,0.5,0.2,0.5,0.9583333333333333,0.1327207490461388,0.4200739317415003,0.1685960236035268,0.2786092956088341,-0.807958236723764
781,156.30420280186792,0.5,0.2,0.5,0.9583333333333333,0.13274723538123884,0.42005165603076494,0.16861459390343972,0.2785865146845565,-0.807958236723764
782,156.50433622414943,0.5,0.2,0.5,0.9583333333333333,0.13277360101279062,0.4200306284717446,0.16863298730737786,0.2785627832080868,-0.807958236723764
783,156.70446964643094,0.5,0.2,0.5,0.9583333333333333,0.13279983150284808,0.4200108415058531,0.16865119514493654,0.27853813184636217,-0.807958236723764
784,156.90460306871248,0.5,0.2,0.5,0.9583333333333333,0.13282591273146307,0.4199922869432316,0.16866920900251345,0.2785125913227917,-0.807958236723764
785,157.104736490994,0.5,0.2,0.5,0.9583333333333333,0.132851830901314,0.41997495598106493,0.1686870207242215,0.2784861923933994,-0.807958236723764
786,157.30486991327552,0.5,0.2,0.5,0.9583333333333333,0.13287757254211865,0.4199588392222788,0.16870462241256895,0.2784589658230334,-0.807958236723764
787,157.50500333555703,0.5,0.2,0.5,0.9583333333333333,0.13290312451483147,0.4199439266946184,0.16872200642890678,0.2784309423616431,-0.807958236723764
788,157.70513675783855,0.5,0.2,0.5,0.9583333333333333,0.13292847401562513,0.41993020787010843,0.16873916539364378,0.2784021527206224,-0.807958236723764
789,157.90527018012008,0.5,0.2,0.5,0.9583333333333333,0.13295360857391664,0.4199176716633344,0.1687560921893309,0.27837262757341774,-0.807958236723764
790,158.1054036024016,0.5,0.2,0.5,0.9583333333333333,0.13297851598167418,0.41990630617278873,0.1687727800005372,0.2783423978449996,-0.807958236723764
791,158.3055370246831,0.5,0.2,0.5,0.9583333333333333,0.13300318439623116,0.419896099075144,0.1687892222596013,0.27831149426902324,-0.807958236723764
792,158.50567044696464,0.5,0.2,0.5,0.9583333333333333,0.13302760233359204,0.41988703760937635,0.16880541265121976,0.2782799474058116,-0.807958236723764
793,158.70580386924615,0.5,0.2,0.5,0.9583333333333333,0.13305175865109548,0.4198791085221059,0.16882134512243788,0.2782477877043605,-0.807958236723764
794,158.9059372915277,0.5,0.2,0.5,0.9583333333333333,0.13307564254903825,0.4198722980853491,0.1688370138820439,0.27821504548356857,-0.807958236723764
795,159.1060707138092,0.5,0.2,0.5,0.9583333333333333,0.1330992435720374,0.4198665921144785,0.1688524133997554,0.27818175091372843,-0.807958236723764
796,159.3062041360907,0.5,0.2,0.5,0.9583333333333333,0.13312255161013045,0.4198619759863912,0.16886753840519822,0.27814793399828,-0.807958236723764
797,159.50633755837225,0.5,0.2,0.5,0.9583333333333333,0.13314555689961388,0.419858434657884,0.16888238388667745,0.27811362455582445,-0.807958236723764
798,159.70647098065376,0.5,0.2,0.5,0.9583333333333333,0.13316825002361954,0.41985595268423775,0.16889694508974115,0.2780788522024014,-0.807958236723764
799,159.90660440293527,0.5,0.2,0.5,0.9583333333333333,0.1331906219112303,0.41985451423294906,0.16891121751752222,0.27804364633829837,-0.807958236723764
800,160.1067378252168,0.5,0.2,0.5,0.9583333333333333,0.13321266380621422,0.41985410297062553,0.16892519698075079,0.2780080362424094,-0.807958236723764
801,160.30687124749832,0.5,0.2,0.5,0.9583333333333333,0.13323436730245733,0.4198547022325325,0.16893887953667167,0.2779720509283384,-0.807958236723764
802,160.50700466977986,0.5,0.2,0.5,0.9583333333333333,0.13325572434711225,0.41985629505727523,0.1689522614807832,0.2779357191148292,-0.807958236723764
803,160.70713809206137,0.5,0.2,0.5,0.9583333333333333,0.13327672722863376,0.4198588641590451,0.16896533936296274,0.27789906924935825,-0.807958236723764
804,160.90727151434288,0.5,0.2,0.5,0.9583333333333333,0.13329736857532976,0.4198623919455325,0.16897810998553714,0.2778621294936005,-0.807958236723764
805,161.10740493662442,0.5,0.2,0.5,0.9583333333333333,0.13331764135363033,0.4198668605359631,0.16899057040117865,0.27782492770922773,-0.807958236723764
806,161.30753835890593,0.5,0.2,0.5,0.9583333333333333,0.13333753886607533,0.4198722517792595,0.16900271791062607,0.2777874914440389,-0.807958236723764
807,161.50767178118744,0.5,0.2,0.5,0.9583333333333333,0.13335705474902002,0.41987854727232576,0.1690145500602309,0.2777498479184231,-0.807958236723764
808,161.70780520346898,0.5,0.2,0.5,0.9583333333333333,0.1333761829700595,0.4198857283784575,0.16902606463932862,0.2777120240121542,-0.807958236723764
809,161.9079386257505,0.5,0.2,0.5,0.9583333333333333,0.13339491782694798,0.41989377624259966,0.16903725967708275,0.27767404625336944,-0.807958236723764
810,162.10807204803203,0.5,0.2,0.5,0.9583333333333333,0.13341325407618118,0.419902671567221,0.16904813341335664,0.277635940943241,-0.807958236723764
811,162.30820547031354,0.5,0.2,0.5,0.9583333333333333,0.1334311868102966,0.4199123948509464,0.16905868431924015,0.2775977340195167,-0.807958236723764
812,162.50833889259505,0.5,0.2,0.5,0.9583333333333333,0.1334487113964178,0.41992292651391167,0.16906891110518696,0.2775594509844833,-0.807958236723764
813,162.7084723148766,0.5,0.2,0.5,0.9583333333333333,0.1334658235359077,0.41993424679950087,0.16907881270487848,0.2775211169597127,-0.807958236723764
814,162.9086057371581,0.5,0.2,0.5,0.9583333333333333,0.1334825192621506,0.4199463357897256,0.1690883882711397,0.2774827566769839,-0.807958236723764
815,163.1087391594396,0.5,0.2,0.5,0.9583333333333333,0.1334987949381431,0.4199591734205636,0.16909763717166232,0.2774443944696308,-0.807958236723764
816,163.30887258172115,0.5,0.2,0.5,0.9583333333333333,0.13351464725389242,0.4199727394972563,0.1691065589845353,0.27740605426431586,-0.807958236723764
817,163.50900600400266,0.5,0.2,0.5,0.9583333333333333,0.13353007322362306,0.4199870137095648,0.16911515349358294,0.27736775957322907,-0.807958236723764
818,163.7091394262842,0.5,0.2,0.5,0.9583333333333333,0.1335450701827914,0.4200019756469856,0.16912342068351008,0.2773295334867128,-0.807958236723764
819,163.9092728485657,0.5,0.2,0.5,0.9583333333333333,0.13355963610363886,0.420017604916901,0.16913136090744357,0.27729139807201647,-0.807958236723764
820,164.10940627084722,0.5,0.2,0.5,0.9583333333333333,0.1335737681311797,0.4200338806608664,0.1691389742048077,0.2772533770031461,-0.807958236723764
821,164.30953969312876,0.5,0.2,0.5,0.9583333333333333,0.13358746502289554,0.4200507823751541,0.1691462615508279,0.27721549105112236,-0.807958236723764
822,164.50967311541027,0.5,0.2,0.5,0.9583333333333333,0.13360072530861636,0.42006828935683554,0.1691532237535282,0.27717776158101987,-0.807958236723764
823,164.70980653769178,0.5,0.2,0.5,0.9583333333333333,0.1336135478224073,0.42008638087378697,0.16915986181478335,0.2771402094890223,-0.807958236723764
824,164.90993995997331,0.5,0.2,0.5,0.9583333333333333,0.13362593169610443,0.4201050361784299,0.16916617692506705,0.27710285520039857,-0.807958236723764
825,165.11007338225482,0.5,0.2,0.5,0.9583333333333333,0.13363787635285018,0.42012423452147085,0.1691721704582002,0.2770657186674787,-0.807958236723764
826,165.31020680453636,0.5,0.2,0.5,0.9583333333333333,0.13364938150062913,0.4201439551656415,0.1691778439660992,0.27702881936763013,-0.807958236723764
827,165.51034022681787,0.5,0.2,0.5,0.9583333333333333,0.13366044712580338,0.42016417739943884,0.1691831991735241,0.2769921763012337,-0.807958236723764
828,165.71047364909938,0.5,0.2,0.5,0.9583333333333333,0.1336710734866484,0.42018488055086506,0.16918823797282703,0.2769558079896595,-0.807958236723764
829,165.91060707138092,0.5,0.2,0.5,0.9583333333333333,0.13368126110688844,0.42020604400116784,0.1691929624187003,0.2769197324732435,-0.807958236723764
830,166.11074049366243,0.5,0.2,0.5,0.9583333333333333,0.13369101076892714,0.4202276471576536,0.16919737477157518,0.27688396730184417,-0.807958236723764
831,166.31087391594394,0.5,0.2,0.5,0.9583333333333333,0.1337003235073087,0.420249669457424,0.1692014775042617,0.2768485295310057,-0.807958236723764
832,166.51100733822548,0.5,0.2,0.5,0.9583333333333333,0.13370920060275038,0.4202720904478147,0.16920527321741072,0.27681343573202427,-0.807958236723764
833,166.711140760507,0.5,0.2,0.5,0.9583333333333333,0.13371764357541888,0.42029488976533824,0.1692087646756262,0.27677870198361676,-0.807958236723764
834,166.91127418278853,0.5,0.2,0.5,0.9583333333333333,0.13372565417845064,0.4203180471473665,0.16921195480465945,0.2767443438695235,-0.807958236723764
835,167.11140760507004,0.5,0.2,0.5,0.9583333333333333,0.1337332344139963,0.4203415424371906,0.16921484666693398,0.27671037648187924,-0.807958236723764
836,167.31154102735155,0.5,0.2,0.5,0.9583333333333333,0.13374038666278726,0.4203653555549182,0.16921744332878352,0.276676814453511,-0.807958236723764
837,167.5116744496331,0.5,0.2,0.5,0.9583333333333333,0.13374711349880872,0.42038946656313375,0.16921974802806194,0.27664367190999556,-0.807958236723764
838,167.7118078719146,0.5,0.2,0.5,0.9583333333333333,0.13375341772390786,0.42041385566637124,0.16922176413196022,0.2766109624777606,-0.807958236723764
839,167.9119412941961,0.5,0.2,0.5,0.9583333333333333,0.1337593023830193,0.42043850321642146,0.16922349511331286,0.27657869928724627,-0.807958236723764
840,168.11207471647765,0.5,0.2,0.5,0.9583333333333333,0.13376477076123316,0.42046338972301806,0.16922494454415646,0.2765468949715923,-0.807958236723764
841,168.31220813875916,0.5,0.2,0.5,0.9583333333333333,0.13376982624817868,0.42048849587924153,0.1692261161957106,0.2765155616768692,-0.807958236723764
842,168.5123415610407,0.5,0.2,0.5,0.9583333333333333,0.13377447238720339,0.42051380256642545,0.1692270139901398,0.27648471105623135,-0.807958236723764
843,168.7124749833222,0.5,0.2,0.5,0.9583333333333333,0.13377871297730096,0.42053929085321146,0.16922764191000772,0.2764543542594799,-0.807958236723764
844,168.91260840560372,0.5,0.2,0.5,0.9583333333333333,0.13378255200014272,0.42056494201400413,0.16922800404800975,0.27642450193784346,-0.807958236723764
845,169.11274182788526,0.5,0.2,0.5,0.9583333333333333,0.13378599361289534,0.42059073754012893,0.16922810460394108,0.27639516424303473,-0.807958236723764
846,169.31287525016677,0.5,0.2,0.5,0.9583333333333333,0.13378904215571308,0.4206166591307614,0.16922794786956716,0.2763663508439585,-0.807958236723764
847,169.51300867244828,0.5,0.2,0.5,0.9583333333333333,0.13379170219103514,0.42064268864001286,0.16922753818727482,0.2763380709816773,-0.807958236723764
848,169.71314209472982,0.5,0.2,0.5,0.9583333333333333,0.13379397842196028,0.4206688081907082,0.16922688000840927,0.27631033337892236,-0.807958236723764
849,169.91327551701133,0.5,0.2,0.5,0.9583333333333333,0.13379587570992832,0.4206950001512685,0.16922597786974472,0.27628314626905853,-0.807958236723764
850,170.11340893929287,0.5,0.2,0.5,0.9583333333333333,0.13379739907301919,0.4207212471393134,0.16922483638593339,0.27625651740173407,-0.807958236723764
851,170.31354236157438,0.5,0.2,0.5,0.9583333333333333,0.1337985536808529,0.42074753202904486,0.16922346024481605,0.27623045404528623,-0.807958236723764
852,170.5136757838559,0.5,0.2,0.5,0.9583333333333333,0.1337993448686839,0.42077383789752826,0.16922185418916874,0.2762049630446191,-0.807958236723764
853,170.71380920613743,0.5,0.2,0.5,0.9583333333333333,0.13379977811686933,0.4208001480812009,0.16922002302291753,0.27618005077901225,-0.807958236723764
854,170.91394262841894,0.5,0.2,0.5,0.9583333333333333,0.13379985903923602,0.4208264462040521,0.1692179716110652,0.27615572314564674,-0.807958236723764
855,171.11407605070045,0.5,0.2,0.5,0.9583333333333333,0.1337995933843836,0.42085271616462344,0.16921570487047669,0.27613198558051627,-0.807958236723764
856,171.314209472982,0.5,0.2,0.5,0.9583333333333333,0.13379898703067652,0.42087894214309973,0.16921322776512443,0.2761088430610993,-0.807958236723764
857,171.5143428952635,0.5,0.2,0.5,0.9583333333333333,0.1337980458463553,0.4209051087210472,0.16921054524505394,0.2760863001875436,-0.807958236723764
858,171.71447631754504,0.5,0.2,0.5,0.9583333333333333,0.13379677620471303,0.4209312003103812,0.1692076625903603,0.27606436089454545,-0.807958236723764
859,171.91460973982655,0.5,0.2,0.5,0.9583333333333333,0.13379518403962565,0.42095720221721916,0.16920458476501382,0.2760430289781414,-0.807958236723764
860,172.11474316210806,0.5,0.2,0.5,0.9583333333333333,0.13379327566763877,0.4209830997586351,0.1692013169401196,0.2760223076336065,-0.807958236723764
861,172.3148765843896,0.5,0.2,0.5,0.9583333333333333,0.13379105747884731,0.42100887858009733,0.16919786431061587,0.2760021996304396,-0.807958236723764
862,172.5150100066711,0.5,0.2,0.5,0.9583333333333333,0.1337885359384343,0.4210345246497763,0.16919423209363324,0.27598270731815616,-0.807958236723764
863,172.71514342895262,0.5,0.2,0.5,0.9583333333333333,0.1337857176074944,0.4210600241815288,0.16919042550629643,0.2759638327046804,-0.807958236723764
864,172.91527685123415,0.5,0.2,0.5,0.9583333333333333,0.13378260911592588,0.42108536373515754,0.16918644979462202,0.2759455773542946,-0.807958236723764
865,173.11541027351566,0.5,0.2,0.5,0.9583333333333333,0.1337792171638251,0.42111053021125344,0.16918231023203234,0.27592794239288915,-0.807958236723764
866,173.3155436957972,0.5,0.2,0.5,0.9583333333333333,0.13377554852675105,0.42113551083172485,0.1691780121137428,0.2759109285277813,-0.807958236723764
867,173.5156771180787,0.5,0.2,0.5,0.9583333333333333,0.1337716100557255,0.42116029313979697,0.16917356075676224,0.2758945360477154,-0.807958236723764
868,173.71581054036022,0.5,0.2,0.5,0.9583333333333333,0.13376740867723277,0.42118486500001234,0.16916896149989258,0.2758787648228624,-0.807958236723764
869,173.91594396264176,0.5,0.2,0.5,0.9583333333333333,0.13376295130080967,0.42120921460125205,0.1691642196255037,0.2758636144724346,-0.807958236723764
870,174.11607738492327,0.5,0.2,0.5,0.9583333333333333,0.13375824481083504,0.42123333045700423,0.1691593403525831,0.2758490843795777,-0.807958236723764
871,174.31621080720478,0.5,0.2,0.5,0.9583333333333333,0.1337532962477013,0.42125720139944056,0.16915432899009805,0.2758351733627602,-0.807958236723764
872,174.51634422948632,0.5,0.2,0.5,0.9583333333333333,0.133748112713855,0.4212808165824881,0.16914919085745875,0.27582187984619827,-0.807958236723764
873,174.71647765176783,0.5,0.2,0.5,0.9583333333333333,0.13374270137295363,0.4213041654818571,0.1691439312838045,0.27580920186138486,-0.807958236723764
874,174.91661107404937,0.5,0.2,0.5,0.9583333333333333,0.13373706944986558,0.42132723789504106,0.16913855560800373,0.27579713704708975,-0.807958236723764
875,175.11674449633088,0.5,0.2,0.5,0.9583333333333333,0.13373122417577324,0.42135002396075144,0.16913306914479173,0.27578568271868376,-0.807958236723764
876,175.3168779186124,0.5,0.2,0.5,0.9583333333333333,0.13372517245960513,0.42137251427523975,0.16912747698209893,0.2757748362830564,-0.807958236723764
877,175.51701134089393,0.5,0.2,0.5,0.9583333333333333,0.1337189214165491,0.4213946997051897,0.1691217843070556,0.2757645945712058,-0.807958236723764
878,175.71714476317544,0.5,0.2,0.5,0.9583333333333333,0.1337124782459498,0.4214165714309446,0.169115996330675,0.27575495399243083,-0.807958236723764
879,175.91727818545695,0.5,0.2,0.5,0.9583333333333333,0.13370585017620165,0.4214381209660166,0.16911011825386132,0.2757459106039206,-0.807958236723764
880,176.1174116077385,0.5,0.2,0.5,0.9583333333333333,0.13369904446474862,0.42145934015708736,0.1691041552674097,0.27573746011075456,-0.807958236723764
881,176.31754503002,0.5,0.2,0.5,0.9583333333333333,0.13369206839747885,0.4214802211840649,0.16909811255163293,0.27572959786682355,-0.807958236723764
882,176.51767845230154,0.5,0.2,0.5,0.9583333333333333,0.13368492901893983,0.42150075658579084,0.16909199511000125,0.27572231928526836,-0.807958236723764
883,176.71781187458305,0.5,0.2,0.5,0.9583333333333333,0.13367763329934945,0.42152093924412604,0.16908580787212812,0.27571561958439667,-0.807958236723764
884,176.91794529686456,0.5,0.2,0.5,0.9583333333333333,0.13367018836891104,0.42154076236162447,0.1690795558382582,0.27570949343120654,-0.807958236723764
885,177.1180787191461,0.5,0.2,0.5,0.9583333333333333,0.13366260135637156,0.4215602194769158,0.16907324397971596,0.275703935186997,-0.807958236723764
886,177.3182121414276,0.5,0.2,0.5,0.9583333333333333,0.13365487938902168,0.4215793044647056,0.16906687723890548,0.2756989389073675,-0.807958236723764
887,177.51834556370912,0.5,0.2,0.5,0.9583333333333333,0.13364702959269556,0.42159801153577536,0.1690604605293107,0.2756944983422186,-0.807958236723764
888,177.71847898599066,0.5,0.2,0.5,0.9583333333333333,0.13363905924225622,0.42161633526734604,0.16905399882570996,0.27569060666468803,-0.807958236723764
889,177.91861240827217,0.5,0.2,0.5,0.9583333333333333,0.1336309744700873,0.4216342703424881,0.16904749638992617,0.2756872587974986,-0.807958236723764
890,178.1187458305537,0.5,0.2,0.5,0.9583333333333333,0.13362278262032623,0.4216518120251396,0.16904095818217288,0.27568444717236146,-0.807958236723764
891,178.31887925283522,0.5,0.2,0.5,0.9583333333333333,0.13361449054069405,0.4216689558154454,0.1690343888370184,0.2756821648068423,-0.807958236723764
892,178.51901267511673,0.5,0.2,0.5,0.9583333333333333,0.13360610506633808,0.421685697547383,0.1690277929534459,0.2756804044328332,-0.807958236723764
893,178.71914609739827,0.5,0.2,0.5,0.9583333333333333,0.13359763301559963,0.42170203338790874,0.16902117509231632,0.27567915850417546,-0.807958236723764
894,178.91927951967978,0.5,0.2,0.5,0.9583333333333333,0.13358908117853513,0.4217179598315835,0.1690145397698804,0.2756784192200011,-0.807958236723764
895,179.1194129419613,0.5,0.2,0.5,0.9583333333333333,0.13358045605416383,0.42173347353846774,0.16900789131429766,0.2756781790930709,-0.807958236723764
896,179.31954636424283,0.5,0.2,0.5,0.9583333333333333,0.13357176413092542,0.42174857151084205,0.16900123401831058,0.27567843033992206,-0.807958236723764
897,179.51967978652434,0.5,0.2,0.5,0.9583333333333333,0.13356301193955386,0.4217632511279726,0.16899457216784133,0.27567916476463233,-0.807958236723764
898,179.71981320880587,0.5,0.2,0.5,0.9583333333333333,0.13355420594584352,0.4217775100810105,0.1689879099832987,0.27568037398984735,-0.807958236723764
899,179.91994663108738,0.5,0.2,0.5,0.9583333333333333,0.13354535254477848,0.4217913463711156,0.16898125161614755,0.27568204946795843,-0.807958236723764
900,180.1200800533689,0.5,0.2,0.5,0.9583333333333333,0.13353645805466158,0.42180475830758063,0.16897460114547827,0.27568418249227955,-0.807958236723764
901,180.32021347565043,0.5,0.2,0.5,0.9583333333333333,0.13352752871124376,0.421817744505955,0.1689679625745763,0.27568676420822497,-0.807958236723764
902,180.52034689793194,0.5,0.2,0.5,0.9583333333333333,0.13351857066185327,0.42183030388616877,0.1689613398274916,0.27568978562448637,-0.807958236723764
903,180.72048032021348,0.5,0.2,0.5,0.9583333333333333,0.13350958995952475,0.42184243567065677,0.16895473674560804,0.27569323762421044,-0.807958236723764
904,180.920613742495,0.5,0.2,0.5,0.9583333333333333,0.1335005925884203,0.4218541392998035,0.16894815711119077,0.27569711100058547,-0.807958236723764
905,181.1207471647765,0.5,0.2,0.5,0.9583333333333333,0.13349158451234538,0.4218654142863668,0.16894160469084404,0.2757013965104438,-0.807958236723764
906,181.32088058705804,0.5,0.2,0.5,0.9583333333333333,0.1334825715274602,0.4218762605872553,0.16893508311015987,0.2757060847751246,-0.807958236723764
907,181.52101400933955,0.5,0.2,0.5,0.9583333333333333,0.1334735593156226,0.42188667844519834,0.16892859590133744,0.2757111663378416,-0.807958236723764
908,181.72114743162106,0.5,0.2,0.5,0.9583333333333333,0.1334645534444463,0.4218966683712041,0.16892214650486434,0.2757166316794852,-0.807958236723764
909,181.9212808539026,0.5,0.2,0.5,0.9583333333333333,0.13345555936198492,0.42190623114121784,0.16891573826656422,0.2757224712302329,-0.807958236723764
910,182.1214142761841,0.5,0.2,0.5,0.9583333333333333,0.13344658239141569,0.42191536779278066,0.1689093744346445,0.2757286753811591,-0.807958236723764
911,182.32154769846565,0.5,0.2,0.5,0.9583333333333333,0.1334376277257234,0.42192407962168754,0.16890305815674392,0.275735234495845,-0.807958236723764
912,182.52168112074716,0.5,0.2,0.5,0.9583333333333333,0.13342870042238428,0.42193236817864627,0.16889679247698036,0.2757421389219889,-0.807958236723764
913,182.72181454302867,0.5,0.2,0.5,0.9583333333333333,0.13341980540940507,0.4219402352619937,0.16889058034010834,0.2757493789884927,-0.807958236723764
914,182.9219479653102,0.5,0.2,0.5,0.9583333333333333,0.13341094794213365,0.421947682753931,0.16888442487792046,0.2757569444260147,-0.807958236723764
915,183.12208138759172,0.5,0.2,0.5,0.9583333333333333,0.13340213310314863,0.42195471278894586,0.16887832909648692,0.2757648250114184,-0.807958236723764
916,183.32221480987323,0.5,0.2,0.5,0.9583333333333333,0.13339336567523638,0.42196132779272,0.16887229579699845,0.275773010735045,-0.807958236723764
917,183.52234823215477,0.5,0.2,0.5,0.9583333333333333,0.13338465032770047,0.4219675304122668,0.16886632769279739,0.27578149156723514,-0.807958236723764
918,183.72248165443628,0.5,0.2,0.5,0.9583333333333333,0.13337599161400107,0.42197332351156375,0.16886042740827592,0.27579025746615904,-0.807958236723764
919,183.92261507671782,0.5,0.2,0.5,0.9583333333333333,0.13336739396939404,0.42197871016718486,0.16885459747777404,0.2757992983856469,-0.807958236723764
920,184.12274849899933,0.5,0.2,0.5,0.9583333333333333,0.1333588617085702,0.42198369366393323,0.16884884034447786,0.2758086042830185,-0.807958236723764
921,184.32288192128084,0.5,0.2,0.5,0.9583333333333333,0.1333503990232945,0.4219882774904738,0.1688431583593175,0.275818165126914,-0.807958236723764
922,184.52301534356238,0.5,0.2,0.5,0.9583333333333333,0.13334200998004533,0.42199246533496554,0.16883755377986545,0.27582797090512345,-0.807958236723764
923,184.7231487658439,0.5,0.2,0.5,0.9583333333333333,0.13333369857138802,0.4219962610507278,0.1688320288042686,0.27583801157361537,-0.807958236723764
924,184.9232821881254,0.5,0.2,0.5,0.9583333333333333,0.1333254688155308,0.42199966859503574,0.16882658563659497,0.27584827695283826,-0.807958236723764
925,185.12341561040694,0.5,0.2,0.5,0.9583333333333333,0.13331732449909195,0.42200269216689,0.16882122631955832,0.27585875701445955,-0.807958236723764
926,185.32354903268845,0.5,0.2,0.5,0.9583333333333333,0.13330926927931738,0.4220053361443276,0.16881595280159997,0.27586944177475486,-0.807958236723764
927,185.52368245497,0.5,0.2,0.5,0.9583333333333333,0.13330130669316964,0.4220076050736696,0.16881076694325226,0.2758803212899083,-0.807958236723764
928,185.7238158772515,0.5,0.2,0.5,0.9583333333333333,0.13329344015595915,0.4220095036646002,0.1688056705166832,0.2758913856627572,-0.807958236723764
929,185.923949299533,0.5,0.2,0.5,0.9583333333333333,0.13328567295997548,0.4220110367852461,0.16880066520524156,0.27590262504953667,-0.807958236723764
930,186.12408272181455,0.5,0.2,0.5,0.9583333333333333,0.13327800827311886,0.42201220945725554,0.16879575260300198,0.27591402966662343,-0.807958236723764
931,186.32421614409606,0.5,0.2,0.5,0.9583333333333333,0.1332704491375315,0.42201302685087766,0.16879093421430966,0.275925589797281,-0.807958236723764
932,186.52434956637757,0.5,0.2,0.5,0.9583333333333333,0.13326299847105755,0.42201349427868856,0.1687862114551942,0.27593729579505943,-0.807958236723764
933,186.7244829886591,0.5,0.2,0.5,0.9583333333333333,0.13325565919844007,0.4220136171272511,0.16878158574048271,0.2759491379338259,-0.807958236723764
934,186.92461641094062,0.5,0.2,0.5,0.9583333333333333,0.13324843411217702,0.4220134009181058,0.16877705839233512,0.2759611065773819,-0.807958236723764
935,187.12474983322215,0.5,0.2,0.5,0.9583333333333333,0.13324132583036544,0.42201285132236277,0.16877263061284636,0.27597319223442524,-0.807958236723764
936,187.32488325550366,0.5,0.2,0.5,0.9583333333333333,0.1332343368525719,0.4220119741283978,0.16876830352140185,0.27598538549762824,-0.807958236723764
937,187.52501667778517,0.5,0.2,0.5,0.9583333333333333,0.13322746955932008,0.4220107752365219,0.16876407815478772,0.2759976770493701,-0.807958236723764
938,187.7251501000667,0.5,0.2,0.5,0.9583333333333333,0.13322072621157827,0.4220092606536509,0.16875995546730166,0.276010057667469,-0.807958236723764
939,187.92528352234822,0.5,0.2,0.5,0.9583333333333333,0.1332141089502471,0.42200743648797523,0.1687559363308633,0.27602251823091417,-0.807958236723764
940,188.12541694462973,0.5,0.2,0.5,0.9583333333333333,0.13320761979564696,0.4220053089436293,0.16875202153512495,0.2760350497255986,-0.807958236723764
941,188.32555036691127,0.5,0.2,0.5,0.9583333333333333,0.13320126064700563,0.4220028843153614,0.16874821178758195,0.2760476432500509,-0.807958236723764
942,188.52568378919278,0.5,0.2,0.5,0.9583333333333333,0.13319503331517957,0.4220001689724094,0.16874450773259833,0.2760602899798126,-0.807958236723764
943,188.72581721147432,0.5,0.2,0.5,0.9583333333333333,0.13318893959072384,0.4219971693308959,0.16874090999055122,0.27607298108782885,-0.807958236723764
944,188.92595063375583,0.5,0.2,0.5,0.9583333333333333,0.13318298107797577,0.42199389190221864,0.16873741906380132,0.2760857079560041,-0.807958236723764
945,189.12608405603734,0.5,0.2,0.5,0.9583333333333333,0.13317715926101018,0.421990343266132,0.1687340353746339,0.27609846209822375,-0.807958236723764
946,189.32621747831888,0.5,0.2,0.5,0.9583333333333333,0.13317147551107497,0.42198653006283576,0.16873075926989292,0.2761112351561962,-0.807958236723764
947,189.5263509006004,0.5,0.2,0.5,0.9583333333333333,0.13316593108671843,0.42198245898743664,0.16872759102145551,0.27612401890438926,-0.807958236723764
948,189.7264843228819,0.5,0.2,0.5,0.9583333333333333,0.1331605271339164,0.4219781367844102,0.16872453082670688,0.27613680525496637,-0.807958236723764
949,189.92661774516344,0.5,0.2,0.5,0.9583333333333333,0.13315526468619962,0.4219735702420629,0.16872157880901464,0.2761495862627227,-0.807958236723764
950,190.12675116744495,0.5,0.2,0.5,0.9583333333333333,0.13315014466478098,0.4219687661869937,0.1687187350182038,0.2761623541300214,-0.807958236723764
951,190.3268845897265,0.5,0.2,0.5,0.9583333333333333,0.13314516788045852,0.4219637314793232,0.16871599943210427,0.2761751012081138,-0.807958236723764
952,190.527018012008,0.5,0.2,0.5,0.9583333333333333,0.13314033513086831,0.42195847304911444,0.16871337201572148,0.2761878198042955,-0.807958236723764
953,190.7271514342895,0.5,0.2,0.5,0.9583333333333333,0.1331356471036543,0.4219529978489482,0.16871085266311672,0.27620050238428057,-0.807958236723764
954,190.92728485657105,0.5,0.2,0.5,0.9583333333333333,0.13313110434193634,0.4219473128334123,0.16870844117693637,0.2762131416477147,-0.807958236723764
955,191.12741827885256,0.5,0.2,0.5,0.9583333333333333,0.13312670728795314,0.4219414249723625,0.16870613729518427,0.2762257304444999,-0.807958236723764
956,191.32755170113407,0.5,0.2,0.5,0.9583333333333333,0.1331224562838578,0.4219353412456726,0.16870394069210015,0.27623826177836924,-0.807958236723764
957,191.5276851234156,0.5,0.2,0.5,0.9583333333333333,0.13311835157251325,0.42192906863798557,0.16870185097903823,0.27625072881046275,-0.807958236723764
958,191.72781854569712,0.5,0.2,0.5,0.9583333333333333,0.13311439329828811,0.4219226141334637,0.16869986770534573,0.2762631248629022,-0.807958236723764
959,191.92795196797866,0.5,0.2,0.5,0.9583333333333333,0.13311058150785202,0.4219159847105396,0.1686979903592414,0.27627544342236676,-0.807958236723764
960,192.12808539026017,0.5,0.2,0.5,0.9583333333333333,0.13310691615097142,0.42190918733666627,0.1686962183686941,0.27628767814366795,-0.807958236723764
961,192.32821881254168,0.5,0.2,0.5,0.9583333333333333,0.1331033971124739,0.4219022289988184,0.16869455112056014,0.27629982276814724,-0.807958236723764
962,192.52835223482322,0.5,0.2,0.5,0.9583333333333333,0.1331000242294912,0.42189511671710744,0.16869298797109658,0.2763118710823045,-0.807958236723764
963,192.72848565710473,0.5,0.2,0.5,0.9583333333333333,0.13309679720719717,0.4218878574419726,0.168691528197013,0.27632381715381693,-0.807958236723764
964,192.92861907938624,0.5,0.2,0.5,0.9583333333333333,0.13309371566222614,0.4218804580978192,0.16869017102131842,0.2763356552186359,-0.807958236723764
965,193.12875250166778,0.5,0.2,0.5,0.9583333333333333,0.1330907791250794,0.4218729255796168,0.16868891561514365,0.27634737968015977,-0.807958236723764
966,193.3288859239493,0.5,0.2,0.5,0.9583333333333333,0.13308798704132457,0.4218652667481128,0.16868776109885614,0.27635898511170615,-0.807958236723764
967,193.52901934623083,0.5,0.2,0.5,0.9583333333333333,0.13308533877279458,0.42185748842504606,0.168686706543175,0.276370466258984,-0.807958236723764
968,193.72915276851234,0.5,0.2,0.5,0.9583333333333333,0.13308283359878717,0.4218495973883605,0.16868575097028615,0.27638181804256584,-0.807958236723764
969,193.92928619079385,0.5,0.2,0.5,0.9583333333333333,0.13308047071726412,0.4218416003674184,0.16868489335495712,0.27639303556036005,-0.807958236723764
970,194.12941961307538,0.5,0.2,0.5,0.9583333333333333,0.13307824925570996,0.42183350405537584,0.1686841326298191,0.2764041140590948,-0.807958236723764
971,194.3295530353569,0.5,0.2,0.5,0.9583333333333333,0.1330761683244838,0.42182531519704897,0.16868346770897868,0.27641504876948825,-0.807958236723764
972,194.5296864576384,0.5,0.2,0.5,0.9583333333333333,0.13307422692832327,0.4218170404247766,0.16868289745044135,0.2764258351964585,-0.807958236723764
973,194.72981987991994,0.5,0.2,0.5,0.9583333333333333,0.1330724239921476,0.421808686297344,0.1686824206678396,0.27643646904266855,-0.807958236723764
974,194.92995330220145,0.5,0.2,0.5,0.9583333333333333,0.13307075837158736,0.4218002593117737,0.1686820361355728,0.27644694618106597,-0.807958236723764
975,195.130086724483,0.5,0.2,0.5,0.9583333333333333,0.13306922885455064,0.42179176589919,0.16868174259008079,0.2764572626561784,-0.807958236723764
976,195.3302201467645,0.5,0.2,0.5,0.9583333333333333,0.13306783416278914,0.4217832124206853,0.16868153873111671,0.2764674146854087,-0.807958236723764
977,195.530353569046,0.5,0.2,0.5,0.9583333333333333,0.13306657295346436,0.4217746051631848,0.16868142322302063,0.2764773986603301,-0.807958236723764
978,195.73048699132755,0.5,0.2,0.5,0.9583333333333333,0.1330654438207137,0.4217659503353124,0.1686813946959925,0.2764872111479814,-0.807958236723764
979,195.93062041360906,0.5,0.2,0.5,0.9583333333333333,0.13306444529771821,0.42175725406525416,0.16868145174758087,0.27649684888944676,-0.807958236723764
980,196.13075383589057,0.5,0.2,0.5,0.9583333333333333,0.1330635758858874,0.4217485225066638,0.16868159295580362,0.27650630865164516,-0.807958236723764
981,196.3308872581721,0.5,0.2,0.5,0.9583333333333333,0.13306283402889224,0.4217397617248292,0.1686818168686104,0.2765155873776682,-0.807958236723764
982,196.53102068045362,0.5,0.2,0.5,0.9583333333333333,0.13306221810432142,0.42173097765305395,0.16868212200090466,0.27652468224172,-0.807958236723764
983,196.73115410273516,0.5,0.2,0.5,0.9583333333333333,0.13306172643764272,0.4217221761379089,0.16868250684113428,0.2765335905833141,-0.807958236723764
984,196.93128752501667,0.5,0.2,0.5,0.9583333333333333,0.13306135730395943,0.42171336293585504,0.1686829698526464,0.27654230990753914,-0.807958236723764
985,197.13142094729818,0.5,0.2,0.5,0.9583333333333333,0.13306110892976647,0.42170454370986643,0.16868350947504218,0.276550837885325,-0.807958236723764
986,197.33155436957972,0.5,0.2,0.5,0.9583333333333333,0.1330609794947067,0.42169572402605315,0.1686841241255316,0.27655917235370864,-0.807958236723764
987,197.53168779186123,0.5,0.2,0.5,0.9583333333333333,0.13306096713332716,0.42168690935028436,0.16868481220028844,0.2765673113161002,-0.807958236723764
988,197.73182121414274,0.5,0.2,0.5,0.9583333333333333,0.13306106993683553,0.4216781050448109,0.16868557207580492,0.2765752529425488,-0.807958236723764
989,197.93195463642428,0.5,0.2,0.5,0.9583333333333333,0.13306128596162234,0.4216693164303173,0.16868640211112723,0.2765829954969333,-0.807958236723764
990,198.1320880587058,0.5,0.2,0.5,0.9583333333333333,0.13306161323461582,0.42166054881733883,0.1686873006496786,0.2765905372983669,-0.807958236723764
991,198.33222148098733,0.5,0.2,0.5,0.9583333333333333,0.1330620497365314,0.4216518073239296,0.16868826601820566,0.27659787692133353,-0.807958236723764
992,198.53235490326884,0.5,0.2,0.5,0.9583333333333333,0.1330625934128948,0.42164309696189284,0.16868929652933923,0.2766050130958734,-0.807958236723764
993,198.73248832555035,0.5,0.2,0.5,0.9583333333333333,0.13306324217615018,0.4216344226368064,0.1686903904829949,0.2766119447040488,-0.807958236723764
994,198.9326217478319,0.5,0.2,0.5,0.9583333333333333,0.13306399390750404,0.4216257891454942,0.16869154616773943,0.27661867077926267,-0.807958236723764
995,199.1327551701134,0.5,0.2,0.5,0.9583333333333333,0.1330648464587694,0.4216172011734978,0.16869276186215681,0.2766251905055763,-0.807958236723764
996,199.3328885923949,0.5,0.2,0.5,0.9583333333333333,0.13306579765420978,0.4216086632925479,0.16869403583621465,0.276631503217028,-0.807958236723764
997,199.53302201467645,0.5,0.2,0.5,0.9583333333333333,0.1330668452923832,0.4216001799580357,0.16869536635263033,0.2766376083969511,-0.807958236723764
998,199.73315543695796,0.5,0.2,0.5,0.9583333333333333,0.13306798714798215,0.4215917555281846,0.16869675166622897,0.27664350565760465,-0.807958236723764
999,199.9332888592395,0.5,0.2,0.5,0.9583333333333333,0.1330692209736564,0.4215833943790222,0.16869819001443467,0.2766491946328872,-0.807958236723764
1000,200.133422281521,0.5,0.2,0.5,0.9583333333333333,0.13307054450189365,0.421575100699935,0.16869967963732466,0.2766546751608472,-0.807958236723764
1001,200.33355570380252,0.5,0.2,0.5,0.9583333333333333,0.13307195544685357,0.4215668785464284,0.16870121877387828,0.2766599472328402,-0.807958236723764
1002,200.53368912608406,0.5,0.2,0.5,0.9583333333333333,0.13307345150620803,0.42155873185865095,0.16870280566139503,0.27666501097374646,-0.807958236723764
1003,200.73382254836557,0.5,0.2,0.5,0.9583333333333333,0.13307503036298485,0.42155066445969164,0.1687044385367842,0.2766698666405398,-0.807958236723764
1004,200.93395597064708,0.5,0.2,0.5,0.9583333333333333,0.13307668968741176,0.42154268005387785,0.1687061156378547,0.2766745146208562,-0.807958236723764
1005,201.13408939292862,0.5,0.2,0.5,0.9583333333333333,0.13307842713876028,0.4215347822250726,0.16870783520460478,0.2766789554315628,-0.807958236723764
1006,201.33422281521013,0.5,0.2,0.5,0.9583333333333333,0.13308024036718952,0.4215269744349727,0.16870959548051193,0.27668318971732625,-0.807958236723764
1007,201.53435623749166,0.5,0.2,0.5,0.9583333333333333,0.13308212701512043,0.42151926002467854,0.16871139471332386,0.27668721824687764,-0.807958236723764
1008,201.73448965977317,0.5,0.2,0.5,0.9583333333333333,0.13308408469397556,0.4215116423879068,0.16871323112969044,0.2766910417884277,-0.807958236723764
1009,201.93462308205469,0.5,0.2,0.5,0.9583333333333333,0.13308611101421153,0.4215041247728812,0.16871510296638684,0.27669466124652087,-0.807958236723764
1010,202.13475650433622,0.5,0.2,0.5,0.9583333333333333,0.13308820359504928,0.42149671022568225,0.16871700847997753,0.27669807769929144,-0.807958236723764
1011,202.33488992661773,0.5,0.2,0.5,0.9583333333333333,0.13309036005430333,0.42148940167225585,0.1687189459353482,0.27670129233809304,-0.807958236723764
1012,202.53502334889924,0.5,0.2,0.5,0.9583333333333333,0.13309257801015464,0.42148220191720764,0.16872091360691985,0.2767043064657183,-0.807958236723764
1013,202.73515677118078,0.5,0.2,0.5,0.9583333333333333,0.13309485508292312,0.42147511364259677,0.16872290977986287,0.2767071214946177,-0.807958236723764
1014,202.9352901934623,0.5,0.2,0.5,0.9583333333333333,0.13309718889684025,0.4214681394067302,0.16872493275131129,0.27670973894511863,-0.807958236723764
1015,203.13542361574383,0.5,0.2,0.5,0.9583333333333333,0.13309957708182163,0.42146128164295715,0.16872698083157672,0.27671216044364494,-0.807958236723764
1016,203.33555703802534,0.5,0.2,0.5,0.9583333333333333,0.13310201727523968,0.4214545426584626,0.16872905234536256,0.27671438772093554,-0.807958236723764
1017,203.53569046030685,0.5,0.2,0.5,0.9583333333333333,0.1331045071236963,0.4214479246330619,0.16873114563297817,0.276716422610264,-0.807958236723764
1018,203.7358238825884,0.5,0.2,0.5,0.9583333333333333,0.1331070442847953,0.42144142961799486,0.16873325905155287,0.2767182670456574,-0.807958236723764
1019,203.9359573048699,0.5,0.2,0.5,0.9583333333333333,0.13310962642891516,0.42143505953471966,0.16873539097625012,0.27671992306011545,-0.807958236723764
1020,204.1360907271514,0.5,0.2,0.5,0.9583333333333333,0.1331122512298887,0.42142881622822675,0.1687375397909628,0.2767213927509222,-0.807958236723764
1021,204.33622414943295,0.5,0.2,0.5,0.9583333333333333,0.1331149162922675,0.42142270183202357,0.16873970381887513,0.2767226780568343,-0.807958236723764
1022,204.53635757171446,0.5,0.2,0.5,0.9583333333333333,0.13311761928376614,0.421416718124707,0.16874188144758592,0.27672378114394147,-0.807958236723764
1023,204.736490993996,0.5,0.2,0.5,0.9583333333333333,0.13312035790377358,0.4214108666922287,0.16874407109878262,0.2767247043052157,-0.807958236723764
1024,204.9366244162775,0.5,0.2,0.5,0.9583333333333333,0.13312312986874253,0.4214051490072096,0.16874627121392016,0.2767254499101283,-0.807958236723764
1025,205.13675783855902,0.5,0.2,0.5,0.9583333333333333,0.1331259329137494,0.4213995664287786,0.1687484802552335,0.2767260204022391,-0.807958236723764
1026,205.33689126084056,0.5,0.2,0.5,0.9583333333333333,0.13312876479405455,0.4213941202024116,0.16875069670675025,0.27672641829678424,-0.807958236723764
1027,205.53702468312207,0.5,0.2,0.5,0.9583333333333333,0.13313162328666214,0.4213888114597702,0.168752919075303,0.27672664617826537,-0.807958236723764
1028,205.7371581054036,0.5,0.2,0.5,0.9583333333333333,0.13313450619188025,0.4213836412185405,0.16875514589154209,0.2767267066980379,-0.807958236723764
1029,205.93729152768512,0.5,0.2,0.5,0.9583333333333333,0.13313741133488097,0.42137861038227226,0.16875737571094815,0.2767266025718994,-0.807958236723764
1030,206.13742494996663,0.5,0.2,0.5,0.9583333333333333,0.13314033656726032,0.42137371974021737,0.16875960711484447,0.2767263365776786,-0.807958236723764
1031,206.33755837224817,0.5,0.2,0.5,0.9583333333333333,0.13314327976859847,0.4213689699671691,0.1687618387114098,0.27672591155282344,-0.807958236723764
1032,206.53769179452968,0.5,0.2,0.5,0.9583333333333333,0.13314623884801968,0.4213643616233005,0.16876406913669062,0.27672533039199004,-0.807958236723764
1033,206.7378252168112,0.5,0.2,0.5,0.9583333333333333,0.13314921170031313,0.4213598952713478,0.16876629701650278,0.27672459601183713,-0.807958236723764
1034,206.93795863909273,0.5,0.2,0.5,0.9583333333333333,0.13315219615177742,0.421355571620332,0.1687685209194872,0.2767237113084042,-0.807958236723764
1035,207.13809206137424,0.5,0.2,0.5,0.9583333333333333,0.13315519014910654,0.4213513910416381,0.16877073951936125,0.2767226792898949,-0.807958236723764
1036,207.33822548365578,0.5,0.2,0.5,0.9583333333333333,0.1331581916742614,0.4213473537927227,0.16877295152131497,0.27672150301170173,-0.807958236723764
1037,207.5383589059373,0.5,0.2,0.5,0.9583333333333333,0.1331611987396737,0.4213434600333673,0.16877515565755263,0.27672018556940714,-0.807958236723764
1038,207.7384923282188,0.5,0.2,0.5,0.9583333333333333,0.13316420938949045,0.42133970982633184,0.168777350688034,0.2767187300961445,-0.807958236723764
1039,207.93862575050034,0.5,0.2,0.5,0.9583333333333333,0.13316722170081888,0.4213361031380074,0.1687795354012153,0.27671713975995915,-0.807958236723764
1040,208.13875917278185,0.5,0.2,0.5,0.9583333333333333,0.1331702337849712,0.4213326398390696,0.16878170861479047,0.2767154177611695,-0.807958236723764
1041,208.33889259506336,0.5,0.2,0.5,0.9583333333333333,0.1331732437887092,0.42132931970513154,0.16878386917643234,0.2767135673297277,-0.807958236723764
1042,208.5390260173449,0.5,0.2,0.5,0.9583333333333333,0.1331762498954891,0.42132614241739696,0.16878601596453371,0.276711591722581,-0.807958236723764
1043,208.7391594396264,0.5,0.2,0.5,0.9583333333333333,0.13317925032670627,0.4213231075633134,0.1687881478889486,0.2767094942210324,-0.807958236723764
1044,208.93929286190794,0.5,0.2,0.5,0.9583333333333333,0.13318224334293993,0.4213202146372253,0.16879026389173332,0.2767072781281022,-0.807958236723764
1045,209.13942628418945,0.5,0.2,0.5,0.9583333333333333,0.13318522724519502,0.421317463041032,0.16879236294788533,0.2767049467658883,-0.807958236723764
1046,209.33955970647096,0.5,0.2,0.5,0.9583333333333333,0.13318820026950653,0.42131485226796267,0.16879444398246057,0.2767025034800709,-0.807958236723764
1047,209.5396931287525,0.5,0.2,0.5,0.9583333333333333,0.13319116065642753,0.42131238178604236,0.16879650592482867,0.27669995163270217,-0.807958236723764
1048,209.739826551034,0.5,0.2,0.5,0.9583333333333333,0.1331941067692396,0.42131005083789363,0.1687985478011349,0.2766972945917326,-0.807958236723764
1049,209.93995997331552,0.5,0.2,0.5,0.9583333333333333,0.13319703700876878,0.4213078585898041,0.16880056866726656,0.2766945357341613,-0.807958236723764
1050,210.14009339559706,0.5,0.2,0.5,0.9583333333333333,0.13319994981425726,0.42130580413301977,0.1688025676093017,0.27669167844342196,-0.807958236723764
1051,210.34022681787857,0.5,0.2,0.5,0.9583333333333333,0.13320284366423507,0.4213038864850391,0.16880454374395776,0.2766887261067688,-0.807958236723764
1052,210.5403602401601,0.5,0.2,0.5,0.9583333333333333,0.13320571707739207,0.421302104590906,0.16880649621904031,0.27668568211266237,-0.807958236723764
1053,210.74049366244162,0.5,0.2,0.5,0.9583333333333333,0.13320856861344949,0.4213004573245038,0.16880842421389167,0.2766825498481559,-0.807958236723764
1054,210.94062708472313,0.5,0.2,0.5,0.9583333333333333,0.1332113968740318,0.42129894348984864,0.1688103269398396,0.27667933269628076,-0.807958236723764
1055,211.14076050700467,0.5,0.2,0.5,0.9583333333333333,0.1332142005035385,0.4212975618223833,0.16881220364064597,0.276676034033433,-0.807958236723764
1056,211.34089392928618,0.5,0.2,0.5,0.9583333333333333,0.1332169781900158,0.4212963109902705,0.16881405359295554,0.27667265722675893,-0.807958236723764
1057,211.5410273515677,0.5,0.2,0.5,0.9583333333333333,0.13321972866602846,0.4212951895956866,0.1688158761067445,0.27666920563154124,-0.807958236723764
1058,211.74116077384923,0.5,0.2,0.5,0.9583333333333333,0.13322245070119043,0.42129419618370034,0.1688176705201017,0.27666568259500834,-0.807958236723764
1059,211.94129419613074,0.5,0.2,0.5,0.9583333333333333,0.13322514296134216,0.42129332937241926,0.16881943610340033,0.27666209156283905,-0.807958236723764
1060,212.14142761841228,0.5,0.2,0.5,0.9583333333333333,0.1332278042091062,0.4212925876726965,0.16882117219542556,0.27665843592277256,-0.807958236723764
1061,212.3415610406938,0.5,0.2,0.5,0.9583333333333333,0.13323043329370984,0.4212919694994723,0.1688228781963157,0.27665471901050304,-0.807958236723764
1062,212.5416944629753,0.5,0.2,0.5,0.9583333333333333,0.133233029105119,0.4212914732155694,0.16882455353625403,0.2766509441430584,-0.807958236723764
1063,212.74182788525684,0.5,0.2,0.5,0.9583333333333333,0.133235590574529,0.42129109713333346,0.16882619767565843,0.27664711461648,-0.807958236723764
1064,212.94196130753835,0.5,0.2,0.5,0.9583333333333333,0.13323811667485544,0.42129083951627255,0.16882781010537146,0.27664323370350147,-0.807958236723764
1065,213.14209472981986,0.5,0.2,0.5,0.9583333333333333,0.13324060642122504,0.42129069858069756,0.16882939034684993,0.2766393046512284,-0.807958236723764
1066,213.3422281521014,0.5,0.2,0.5,0.9583333333333333,0.13324305887146634,0.421290672497362,0.16883093795235507,0.2766353306788175,-0.807958236723764
1067,213.5423615743829,0.5,0.2,0.5,0.9583333333333333,0.13324547312660068,0.42129075939310207,0.168832452505142,0.2766313149751562,-0.807958236723764
1068,213.74249499666445,0.5,0.2,0.5,0.9583333333333333,0.13324784833133285,0.4212909573524766,0.16883393361964988,0.2766272606965416,-0.807958236723764
1069,213.94262841894596,0.5,0.2,0.5,0.9583333333333333,0.13325018367454206,0.4212912644194072,0.16883538094169157,0.2766231709643601,-0.807958236723764
1070,214.14276184122747,0.5,0.2,0.5,0.9583333333333333,0.13325247838977258,0.42129167859881805,0.16883679414864353,0.2766190488627668,-0.807958236723764
1071,214.342895263509,0.5,0.2,0.5,0.9583333333333333,0.13325473172487365,0.42129219787357547,0.168838172927873,0.27661489747367884,-0.807958236723764
1072,214.54302868579052,0.5,0.2,0.5,0.9583333333333333,0.13325694283992384,0.4212928202569911,0.16883951690457707,0.2766107199985089,-0.807958236723764
1073,214.74316210807203,0.5,0.2,0.5,0.9583333333333333,0.13325911103023133,0.421293543684118,0.16884082579893192,0.2766065194867197,-0.807958236723764
1074,214.94329553035357,0.5,0.2,0.5,0.9583333333333333,0.1332612356464566,0.4212943660532455,0.16884209936959058,0.27660229893070826,-0.807958236723764
1075,215.14342895263508,0.5,0.2,0.5,0.9583333333333333,0.13326331607880923,0.4212952852356199,0.1688433374023788,0.27659806128319303,-0.807958236723764
1076,215.34356237491662,0.5,0.2,0.5,0.9583333333333333,0.1332653517571891,0.4212962990772576,0.1688445397102383,0.2765938094553159,-0.807958236723764
1077,215.54369579719813,0.5,0.2,0.5,0.9583333333333333,0.13326734215132732,0.4212974054007587,0.1688457061331698,0.2765895463147451,-0.807958236723764
1078,215.74382921947964,0.5,0.2,0.5,0.9583333333333333,0.13326928677092753,0.4212986020071205,0.1688468365381762,0.2765852746837767,-0.807958236723764
1079,215.94396264176117,0.5,0.2,0.5,0.9583333333333333,0.1332711851658068,0.42129988667755053,0.16884793081920582,0.2765809973374378,-0.807958236723764
1080,216.14409606404269,0.5,0.2,0.5,0.9583333333333333,0.1332730369260369,0.42130125717528044,0.16884898889709543,0.27657671700158815,-0.807958236723764
1081,216.3442294863242,0.5,0.2,0.5,0.9583333333333333,0.13327484168208537,0.4213027112473792,0.16885001071951344,0.27657243635102285,-0.807958236723764
1082,216.54436290860573,0.5,0.2,0.5,0.9583333333333333,0.1332765991049565,0.42130424662656674,0.1688509962609031,0.27656815800757456,-0.807958236723764
1083,216.74449633088724,0.5,0.2,0.5,0.9583333333333333,0.13327830890633266,0.42130586103302686,0.16885194552242552,0.2765638845382158,-0.807958236723764
1084,216.94462975316878,0.5,0.2,0.5,0.9583333333333333,0.13327997077959014,0.4213075521659759,0.16885285849338325,0.27655961856105166,-0.807958236723764
1085,217.1447631754503,0.5,0.2,0.5,0.9583333333333333,0.1332815843893458,0.4213093177036397,0.16885373514426086,0.2765553627627545,-0.807958236723764
1086,217.3448965977318,0.5,0.2,0.5,0.9583333333333333,0.13328314951742176,0.4213111553303365,0.16885457552167196,0.2765511196305707,-0.807958236723764
1087,217.54503002001334,0.5,0.2,0.5,0.9583333333333333,0.13328466598238653,0.42131306272432306,0.16885537969579142,0.27654689159749984,-0.807958236723764
1088,217.74516344229485,0.5,0.2,0.5,0.9583333333333333,0.13328613363778924,0.42131503755927835,0.16885614775905644,0.27654268104387686,-0.807958236723764
1089,217.94529686457636,0.5,0.2,0.5,0.9583333333333333,0.13328755237200876,0.42131707750606573,0.16885687982591938,0.27653849029600697,-0.807958236723764
1090,218.1454302868579,0.5,0.2,0.5,0.9583333333333333,0.1332889221081029,0.42131918023449627,0.1688575760326007,0.27653432162480096,-0.807958236723764
1091,218.3455637091394,0.5,0.2,0.5,0.9583333333333333,0.13329024280365742,0.4213213434150913,0.1688582365368419,0.27653017724441015,-0.807958236723764
1092,218.54569713142095,0.5,0.2,0.5,0.9583333333333333,0.13329151445063522,0.4213235647208454,0.1688588615176584,0.27652605931086177,-0.807958236723764
1093,218.74583055370246,0.5,0.2,0.5,0.9583333333333333,0.13329273707522551,0.42132584182898913,0.16885945117509255,0.2765219699206936,-0.807958236723764
1094,218.94596397598397,0.5,0.2,0.5,0.9583333333333333,0.1332939107376928,0.4213281724227518,0.16886000572996643,0.27651791110958973,-0.807958236723764
1095,219.1460973982655,0.5,0.2,0.5,0.9583333333333333,0.1332950355322262,0.42133055419312454,0.16886052542363492,0.2765138848510151,-0.807958236723764
1096,219.34623082054702,0.5,0.2,0.5,0.9583333333333333,0.1332961115856273,0.42133298483981907,0.1688610105171532,0.2765098930574012,-0.807958236723764
1097,219.54636424282853,0.5,0.2,0.5,0.9583333333333333,0.1332971389722259,0.421335462014218,0.16886146124821294,0.2765059377653439,-0.807958236723764
1098,219.74649766511007,0.5,0.2,0.5,0.9583333333333333,0.13329811780389214,0.4213379833835715,0.1688618778763483,0.2765020209361888,-0.807958236723764
1099,219.94663108739158,0.5,0.2,0.5,0.9583333333333333,0.13329904826444314,0.42134054665668924,0.16886226070010998,0.27649814437875836,-0.807958236723764
1100,220.14676450967312,0.5,0.2,0.5,0.9583333333333333,0.13329993056564132,0.42134314955533886,0.1688626100347122,0.2764943098443083,-0.807958236723764
1101,220.34689793195463,0.5,0.2,0.5,0.9583333333333333,0.1333007649467972,0.42134578981583826,0.16886292621166124,0.27649051902570393,-0.807958236723764
1102,220.54703135423614,0.5,0.2,0.5,0.9583333333333333,0.1333015516743723,0.42134846519064767,0.16886320957838433,0.2764867735565964,-0.807958236723764
1103,220.74716477651768,0.5,0.2,0.5,0.9583333333333333,0.13330229104158173,0.4213511734499621,0.16886346049785828,0.27648307501059854,-0.807958236723764
1104,220.9472981987992,0.5,0.2,0.5,0.9583333333333333,0.13330298336799715,0.4213539123833036,0.16886367934823837,0.2764794249004615,-0.807958236723764
1105,221.1474316210807,0.5,0.2,0.5,0.9583333333333333,0.1333036289991496,0.42135667980111335,0.168863866522487,0.2764758246772506,-0.807958236723764
1106,221.34756504336224,0.5,0.2,0.5,0.9583333333333333,0.13330422830613217,0.4213594735363442,0.16886402242800244,0.2764722757295218,-0.807958236723764
1107,221.54769846564375,0.5,0.2,0.5,0.9583333333333333,0.13330478168520288,0.42136229144605264,0.16886414748624762,0.2764687793824975,-0.807958236723764
1108,221.7478318879253,0.5,0.2,0.5,0.9583333333333333,0.13330528955738744,0.4213651314129913,0.16886424213237883,0.276465336897243,-0.807958236723764
1109,221.9479653102068,0.5,0.2,0.5,0.9583333333333333,0.13330575236141406,0.4213679913330116,0.16886430681153103,0.2764619494940439,-0.807958236723764
1110,222.1480987324883,0.5,0.2,0.5,0.9583333333333333,0.13330617050205396,0.4213708690075709,0.16886434195274266,0.2764586185376331,-0.807958236723764
1111,222.34823215476985,0.5,0.2,0.5,0.9583333333333333,0.1333065444365313,0.42137376233004886,0.16886434801211125,0.2764553452213092,-0.807958236723764
1112,222.54836557705136,0.5,0.2,0.5,0.9583333333333333,0.1333068746541687,0.4213766692448709,0.1688643254624151,0.27645213063854596,-0.807958236723764
1113,222.74849899933287,0.5,0.2,0.5,0.9583333333333333,0.13330716166398648,0.42137958772355677,0.16886427478672317,0.27644897582573424,-0.807958236723764
1114,222.9486324216144,0.5,0.2,0.5,0.9583333333333333,0.13330740599416188,0.42138251576600816,0.16886419647795203,0.2764458817618786,-0.807958236723764
1115,223.14876584389592,0.5,0.2,0.5,0.9583333333333333,0.1333076081914885,0.4213854514017949,0.16886409103842254,0.2764428493682947,-0.807958236723764
1116,223.34889926617745,0.5,0.2,0.5,0.9583333333333333,0.13330776882083561,0.42138839269144257,0.16886395897941667,0.2764398795083059,-0.807958236723764
1117,223.54903268845896,0.5,0.2,0.5,0.9583333333333333,0.13330788846460737,0.42139133772771875,0.16886380082073435,0.27643697298694025,-0.807958236723764
1118,223.74916611074048,0.5,0.2,0.5,0.9583333333333333,0.1333079677222022,0.4213942846369206,0.16886361709025027,0.2764341305506277,-0.807958236723764
1119,223.949299533022,0.5,0.2,0.5,0.9583333333333333,0.13330800720947208,0.42139723158016124,0.16886340832347055,0.27643135288689685,-0.807958236723764
1120,224.14943295530352,0.5,0.2,0.5,0.9583333333333333,0.13330800755818198,0.421400176754657,0.16886317506308976,0.27642864062407196,-0.807958236723764
1121,224.34956637758503,0.5,0.2,0.5,0.9583333333333333,0.13330796941546888,0.4214031183950145,0.16886291785854748,0.27642599433096987,-0.807958236723764
1122,224.54969979986657,0.5,0.2,0.5,0.9583333333333333,0.13330789343410093,0.42140605472216797,0.16886263726214085,0.2764234145815909,-0.807958236723764
1123,224.74983322214808,0.5,0.2,0.5,0.9583333333333333,0.133307780258651,0.42140898386907366,0.1688623338236071,0.27642090204866887,-0.807958236723764
1124,224.94996664442962,0.5,0.2,0.5,0.9583333333333333,0.1333076305665934,0.42141190411890656,0.1688620081052691,0.27641845720923164,-0.807958236723764
1125,225.15010006671113,0.5,0.2,0.5,0.9583333333333333,0.13330744504892644,0.4214148137991695,0.1688616606745398,0.2764160804773649,-0.807958236723764
1126,225.35023348899264,0.5,0.2,0.5,0.9583333333333333,0.13330722440801532,0.42141771127378175,0.16886129210287384,0.27641377221532976,-0.807958236723764
1127,225.55036691127418,0.5,0.2,0.5,0.9583333333333333,0.13330696935699474,0.42142059494404466,0.16886090296530315,0.27641153273365815,-0.807958236723764
1128,225.7505003335557,0.5,0.2,0.5,0.9583333333333333,0.13330668061917192,0.42142346324960794,0.1688604938399727,0.2764093622912481,-0.807958236723764
1129,225.9506337558372,0.5,0.2,0.5,0.9583333333333333,0.1333063589274296,0.4214263146694355,0.1688600653076762,0.2764072610954593,-0.807958236723764
1130,226.15076717811874,0.5,0.2,0.5,0.9583333333333333,0.13330600502362877,0.4214291477227714,0.1688596179513917,0.27640522930220873,-0.807958236723764
1131,226.35090060040025,0.5,0.2,0.5,0.9583333333333333,0.1333056196580117,0.421431960970106,0.1688591523558174,0.27640326701606555,-0.807958236723764
1132,226.5510340226818,0.5,0.2,0.5,0.9583333333333333,0.13330520358860476,0.4214347530141416,0.16885866910690717,0.27640137429034706,-0.807958236723764
1133,226.7511674449633,0.5,0.2,0.5,0.9583333333333333,0.1333047575806215,0.42143752250075894,0.16885816879140633,0.2763995511272138,-0.807958236723764
1134,226.9513008672448,0.5,0.2,0.5,0.9583333333333333,0.1333042824058653,0.4214402681199827,0.16885765199638736,0.2763977974777652,-0.807958236723764
1135,227.15143428952635,0.5,0.2,0.5,0.9583333333333333,0.13330377884203723,0.42144298860541585,0.1688571193089164,0.27639611324363106,-0.807958236723764
1136,227.35156771180786,0.5,0.2,0.5,0.9583333333333333,0.1333032476619403,0.42144568257123266,0.16885657132960027,0.2763944984372273,-0.807958236723764
1137,227.55170113408937,0.5,0.2,0.5,0.9583333333333333,0.1333026896432584,0.4214483486799695,0.16885600865786723,0.27639295301890543,-0.807958236723764
1138,227.7518345563709,0.5,0.2,0.5,0.9583333333333333,0.1333021055730847,0.4214509857259017,0.16885543188446053,0.2763914768165536,-0.807958236723764
1139,227.95196797865242,0.5,0.2,0.5,0.9583333333333333,0.13330149624155327,0.4214535925432169,0.16885484159890343,0.27639006961632695,-0.807958236723764
1140,228.15210140093396,0.5,0.2,0.5,0.9583333333333333,0.1333008624412169,0.42145616800657837,0.16885423838906896,0.2763887311631363,-0.807958236723764
1141,228.35223482321547,0.5,0.2,0.5,0.9583333333333333,0.13330020496642497,0.42145871103168797,0.16885362284075034,0.2763874611611372,-0.807958236723764
1142,228.55236824549698,0.5,0.2,0.5,0.9583333333333333,0.13329952461270136,0.42146122057584934,0.16885299553723085,0.27638625927421895,-0.807958236723764
1143,228.75250166777852,0.5,0.2,0.5,0.9583333333333333,0.1332988221761222,0.42146369563853114,0.16885235705885407,0.2763851251264931,-0.807958236723764
1144,228.95263509006003,0.5,0.2,0.5,0.9583333333333333,0.1332980984526938,0.42146613526192983,0.16885170798259394,0.2763840583027829,-0.807958236723764
1145,229.15276851234154,0.5,0.2,0.5,0.9583333333333333,0.13329735423773043,0.4214685385315334,0.16885104888162483,0.27638305834911187,-0.807958236723764
1146,229.35290193462308,0.5,0.2,0.5,0.9583333333333333,0.13329659032523222,0.4214709045766838,0.16885038032489172,0.27638212477319274,-0.807958236723764
1147,229.5530353569046,0.5,0.2,0.5,0.9583333333333333,0.13329580750726305,0.42147323257114055,0.16884970287668027,0.27638125704491656,-0.807958236723764
1148,229.75316877918613,0.5,0.2,0.5,0.9583333333333333,0.1332950065733283,0.4214755217336439,0.1688490170961869,0.27638045459684135,-0.807958236723764
1149,229.95330220146764,0.5,0.2,0.5,0.9583333333333333,0.13329418831511983,0.4214777712952628,0.16884832354326473,0.2763797168463531,-0.807958236723764
1150,230.15343562374915,0.5,0.2,0.5,0.9583333333333333,0.13329335354908387,0.4214799803564436,0.16884762280467824,0.27637904328979473,-0.807958236723764
1151,230.35356904603069,0.5,0.2,0.5,0.9583333333333333,0.13329250306900794,0.42148214817714524,0.16884691543983155,0.2763784333140157,-0.807958236723764
1152,230.5537024683122,0.5,0.2,0.5,0.9583333333333333,0.1332916376607792,0.4214842740822179,0.16884620199803663,0.27637788625896664,-0.807958236723764
1153,230.75383589059373,0.5,0.2,0.5,0.9583333333333333,0.13329075810599833,0.42148635743575025,0.168845483022958,0.2763774014352938,-0.807958236723764
1154,230.95396931287524,0.5,0.2,0.5,0.9583333333333333,0.13328986518141792,0.421488397641259,0.16884475905225224,0.2763769781250712,-0.807958236723764
1155,231.15410273515675,0.5,0.2,0.5,0.9583333333333333,0.13328895965838058,0.4214903941418784,0.16884403061720754,0.27637661558253385,-0.807958236723764
1156,231.3542361574383,0.5,0.2,0.5,0.9583333333333333,0.13328804230225724,0.4214923464205497,0.16884329824238337,0.27637631303481,-0.807958236723764
1157,231.5543695797198,0.5,0.2,0.5,0.9583333333333333,0.13328711387188533,0.42149425400021084,0.1688425624452499,0.27637606968265427,-0.807958236723764
1158,231.75450300200131,0.5,0.2,0.5,0.9583333333333333,0.13328617511900698,0.42149611644398566,0.16884182373582773,0.27637588470117996,-0.807958236723764
1159,231.95463642428285,0.5,0.2,0.5,0.9583333333333333,0.13328522678770724,0.4214979333553735,0.16884108261632744,0.2763757572405921,-0.807958236723764
1160,232.15476984656436,0.5,0.2,0.5,0.9583333333333333,0.13328426961385248,0.421499704378439,0.16884033958078906,0.2763756864269198,-0.807958236723764
1161,232.3549032688459,0.5,0.2,0.5,0.9583333333333333,0.13328330432452828,0.421501429198001,0.16883959511472177,0.2763756713627492,-0.807958236723764
1162,232.5550366911274,0.5,0.2,0.5,0.9583333333333333,0.13328233163747802,0.42150310753982273,0.1688388496947434,0.27637571112795617,-0.807958236723764
1163,232.75517011340892,0.5,0.2,0.5,0.9583333333333333,0.1332813522962905,0.42150473907221275,0.1688381038119592,0.2763758048195378,-0.807958236723764
1164,232.95530353569046,0.5,0.2,0.5,0.9583333333333333,0.13328036705879714,0.4215063234366636,0.16883735796426977,0.2763759515402697,-0.807958236723764
1165,233.15543695797197,0.5,0.2,0.5,0.9583333333333333,0.13327937663570366,0.4215078604157287,0.16883661261563251,0.2763761503329354,-0.807958236723764
1166,233.35557038025348,0.5,0.2,0.5,0.9583333333333333,0.13327838172864817,0.4215093498267089,0.16883586822134647,0.27637640022329674,-0.807958236723764
1167,233.55570380253502,0.5,0.2,0.5,0.9583333333333333,0.1332773830299418,0.42151079152100795,0.1688351252278927,0.27637670022115784,-0.807958236723764
1168,233.75583722481653,0.5,0.2,0.5,0.9583333333333333,0.13327638122212818,0.4215121853839878,0.16883438407265436,0.27637704932123,-0.807958236723764
1169,233.95597064709807,0.5,0.2,0.5,0.9583333333333333,0.13327537697754277,0.42151353133482405,0.16883364518363655,0.2763774465039969,-0.807958236723764
1170,234.15610406937958,0.5,0.2,0.5,0.9583333333333333,0.13327437095787215,0.4215148293263613,0.1688329089791866,0.2763778907365802,-0.807958236723764
1171,234.3562374916611,0.5,0.2,0.5,0.9583333333333333,0.13327336381371355,0.4215160793449689,0.16883217586771385,0.27637838097360407,-0.807958236723764
1172,234.55637091394263,0.5,0.2,0.5,0.9583333333333333,0.13327235618413394,0.42151728141039574,0.16883144624740978,0.2763789161580608,-0.807958236723764
1173,234.75650433622414,0.5,0.2,0.5,0.9583333333333333,0.13327134869622975,0.4215184355756265,0.168830720505968,0.27637949522217603,-0.807958236723764
1174,234.95663775850565,0.5,0.2,0.5,0.9583333333333333,0.13327034196468587,0.4215195419267365,0.16882999902030435,0.2763801170882736,-0.807958236723764
1175,235.1567711807872,0.5,0.2,0.5,0.9583333333333333,0.13326933659133527,0.4215206005827473,0.1688292821562767,0.27638078066964106,-0.807958236723764
1176,235.3569046030687,0.5,0.2,0.5,0.9583333333333333,0.1332683331690664,0.42152161168697166,0.16882857027254675,0.2763814848714156,-0.807958236723764
1177,235.55703802535024,0.5,0.2,0.5,0.9583333333333333,0.13326733233296725,0.42152257530590154,0.16882786376943423,0.27638222859169737,-0.807958236723764
1178,235.75717144763175,0.5,0.2,0.5,0.9583333333333333,0.13326633468004814,0.4215234915853287,0.16882716301259287,0.27638301072203064,-0.807958236723764
1179,235.95730486991326,0.5,0.2,0.5,0.9583333333333333,0.13326534078041166,0.4215243607274743,0.16882646834378937,0.27638383014832507,-0.807958236723764
1180,236.1574382921948,0.5,0.2,0.5,0.9583333333333333,0.1332643511917286,0.4215251829616481,0.16882578009483143,0.27638468575179226,-0.807958236723764
1181,236.3575717144763,0.5,0.2,0.5,0.9583333333333333,0.13326336645891257,0.42152595854387825,0.16882509858739775,0.2763855764098118,-0.807958236723764
1182,236.55770513675782,0.5,0.2,0.5,0.9583333333333333,0.133262387113795,0.4215266877565406,0.16882442413286783,0.27638650099679696,-0.807958236723764
1183,236.75783855903936,0.5,0.2,0.5,0.9583333333333333,0.13326141367479982,0.42152737090798825,0.16882375703215213,0.2763874583850602,-0.807958236723764
1184,236.95797198132087,0.5,0.2,0.5,0.9583333333333333,0.13326044664661832,0.421528008332181,0.16882309757552189,0.27638844744567914,-0.807958236723764
1185,237.1581054036024,0.5,0.2,0.5,0.9583333333333333,0.1332594865198838,0.4215286003883149,0.16882244604243915,0.27638946704936246,-0.807958236723764
1186,237.35823882588392,0.5,0.2,0.5,0.9583333333333333,0.13325853377084668,0.42152914746045167,0.16882180270138683,0.27639051606731513,-0.807958236723764
1187,237.55837224816543,0.5,0.2,0.5,0.9583333333333333,0.13325758886104894,0.42152964995714826,0.16882116780969847,0.2763915933721046,-0.807958236723764
1188,237.75850567044697,0.5,0.2,0.5,0.9583333333333333,0.13325665223699917,0.4215301083110863,0.16882054161338844,0.27639269783852644,-0.807958236723764
1189,237.95863909272848,0.5,0.2,0.5,0.9583333333333333,0.13325572432984725,0.4215305229787014,0.1688199243469817,0.27639382834446985,-0.807958236723764
1190,238.15877251500999,0.5,0.2,0.5,0.9583333333333333,0.1332548050060329,0.4215308928850515,0.16881931605936235,0.2763949860495534,-0.807958236723764
1191,238.35890593729152,0.5,0.2,0.5,0.9583333333333333,0.1332538960734927,0.42153122200686577,0.1688187174705343,0.2763961644491074,-0.807958236723764
1192,238.55903935957303,0.5,0.2,0.5,0.9583333333333333,0.13325299712368216,0.421531508656815,0.1688181285251235,0.27639736569437945,-0.807958236723764
1193,238.75917278185457,0.5,0.2,0.5,0.9583333333333333,0.13325210856363257,0.42153175338279814,0.16881754943681418,0.2763985886167552,-0.807958236723764
1194,238.95930620413608,0.5,0.2,0.5,0.9583333333333333,0.13325123078421136,0.42153195674535143,0.16881698040862148,0.2763998320618158,-0.807958236723764
1195,239.1594396264176,0.5,0.2,0.5,0.9583333333333333,0.13325036416012223,0.4215321193176484,0.16881642163289146,0.27640109488933795,-0.807958236723764
1196,239.35957304869913,0.5,0.2,0.5,0.9583333333333333,0.13324950904990507,0.42153224168549985,0.16881587329130102,0.27640237597329403,-0.807958236723764
1197,239.55970647098064,0.5,0.2,0.5,0.9583333333333333,0.133248665795936,0.42153232444735406,0.16881533555485795,0.27640367420185197,-0.807958236723764
1198,239.75983989326215,0.5,0.2,0.5,0.9583333333333333,0.1332478347244273,0.42153236821429646,0.1688148085839009,0.27640498847737527,-0.807958236723764
1199,239.9599733155437,0.5,0.2,0.5,0.9583333333333333,0.13324701614542758,0.42153237361004997,0.16881429252809949,0.27640631771642293,-0.807958236723764
1200,240.1601067378252,0.5,0.2,0.5,0.9583333333333333,0.13324621035282153,0.42153234127097466,0.16881378752645407,0.2764076608497497,-0.807958236723764
1201,240.36024016010674,0.5,0.2,0.5,0.9583333333333333,0.13324541762433012,0.42153227184606806,0.16881329370729597,0.27640901682230573,-0.807958236723764
1202,240.56037358238825,0.5,0.2,0.5,0.9583333333333333,0.1332446382215106,0.42153216599696497,0.16881281118828745,0.27641038459323697,-0.807958236723764
1203,240.76050700466976,0.5,0.2,0.5,0.9583333333333333,0.1332438723911423,0.4215320243969822,0.16881234007701412,0.2764117631348613,-0.807958236723764
1204,240.9606404269513,0.5,0.2,0.5,0.9583333333333333,0.13324312043551995,0.42153184768266994,0.16881188050103976,0.2764131513807703,-0.807958236723764
1205,241.1607738492328,0.5,0.2,0.5,0.9583333333333333,0.1332423826298547,0.42153163651074205,0.16881143257259018,0.276414548286813,-0.807958236723764
1206,241.36090727151432,0.5,0.2,0.5,0.9583333333333333,0.13324165920173223,0.4215313915722343,0.1688109963797702,0.27641595284626325,-0.807958236723764
1207,241.56104069379586,0.5,0.2,0.5,0.9583333333333333,0.13324095036489025,0.42153111356922357,0.16881057200100577,0.27641736406488043,-0.807958236723764
1208,241.76117411607737,0.5,0.2,0.5,0.9583333333333333,0.13324025631921838,0.42153080321482805,0.16881015950504372,0.2764187809609099,-0.807958236723764
1209,241.9613075383589,0.5,0.2,0.5,0.9583333333333333,0.13323957725075825,0.42153046123320714,0.16880975895095193,0.2764202025650827,-0.807958236723764
1210,242.16144096064042,0.5,0.2,0.5,0.9583333333333333,0.13323891333170343,0.42153008835956146,0.16880937038811936,0.2764216279206158,-0.807958236723764
1211,242.36157438292193,0.5,0.2,0.5,0.9583333333333333,0.13323826472039946,0.4215296853401328,0.16880899385625583,0.27642305608321194,-0.807958236723764
1212,242.56170780520347,0.5,0.2,0.5,0.9583333333333333,0.13323763156134386,0.4215292529322043,0.1688086293853923,0.27642448612105963,-0.807958236723764
1213,242.76184122748498,0.5,0.2,0.5,0.9583333333333333,0.13323701398518606,0.4215287919041001,0.16880827699588066,0.2764259171148333,-0.807958236723764
1214,242.9619746497665,0.5,0.2,0.5,0.9583333333333333,0.13323641210872753,0.4215283030351858,0.16880793669839386,0.27642734815769293,-0.807958236723764
1215,243.16210807204803,0.5,0.2,0.5,0.9583333333333333,0.13323582604745565,0.42152778708653826,0.1688076085041666,0.27642877836183966,-0.807958236723764
1216,243.36224149432954,0.5,0.2,0.5,0.9583333333333333,0.13323525595504485,0.42152724470851316,0.1688072924572694,0.27643020687917275,-0.807958236723764
1217,243.56237491661108,0.5,0.2,0.5,0.9583333333333333,0.13323470193348422,0.421526676651047,0.1688069885611791,0.2764316328542899,-0.807958236723764
1218,243.7625083388926,0.5,0.2,0.5,0.9583333333333333,0.13323416406623584,0.4215260836860662,0.16880669680587077,0.2764330554418274,-0.807958236723764
1219,243.9626417611741,0.5,0.2,0.5,0.9583333333333333,0.13323364242452784,0.42152546659276163,0.1688064171729591,0.2764344738097516,-0.807958236723764
1220,244.16277518345564,0.5,0.2,0.5,0.9583333333333333,0.1332331370673545,0.4215248261575882,0.16880614963569876,0.2764358871393588,-0.807958236723764
1221,244.36290860573715,0.5,0.2,0.5,0.9583333333333333,0.13323264804147616,0.42152416317426483,0.16880589415898412,0.27643729462527505,-0.807958236723764
1222,244.56304202801866,0.5,0.2,0.5,0.9583333333333333,0.13323217538141924,0.4215234784437749,0.16880565069934939,0.2764386954754567,-0.807958236723764
1223,244.7631754503002,0.5,0.2,0.5,0.9583333333333333,0.13323171910947618,0.4215227727743658,0.16880541920496858,0.2764400889111897,-0.807958236723764
1224,244.9633088725817,0.5,0.2,0.5,0.9583333333333333,0.1332312792357056,0.4215220469815489,0.16880519961565557,0.27644147416709025,-0.807958236723764
1225,245.16344229486324,0.5,0.2,0.5,0.9583333333333333,0.13323085575793217,0.42152130188809994,0.16880499186286393,0.2764428504911043,-0.807958236723764
1226,245.36357571714476,0.5,0.2,0.5,0.9583333333333333,0.1332304486617467,0.4215205383240588,0.16880479586968714,0.27644421714450773,-0.807958236723764
1227,245.56370913942627,0.5,0.2,0.5,0.9583333333333333,0.1332300579493015,0.42151975698888855,0.16880461158648435,0.2764455734753259,-0.807958236723764
1228,245.7638425617078,0.5,0.2,0.5,0.9583333333333333,0.13322968362187057,0.42151895853495946,0.1688044389693035,0.27644691887386685,-0.807958236723764
1229,245.96397598398931,0.5,0.2,0.5,0.9583333333333333,0.1332293256442283,0.42151814373806235,0.16880427793581082,0.27644825268189893,-0.807958236723764
1230,246.16410940627082,0.5,0.2,0.5,0.9583333333333333,0.1332289839701253,0.42151731337545917,0.16880412839680972,0.2764495742576062,-0.807958236723764
1231,246.36424282855236,0.5,0.2,0.5,0.9583333333333333,0.13322865854229304,0.42151646822586186,0.16880399025624604,0.2764508829755994,-0.807958236723764
1232,246.56437625083387,0.5,0.2,0.5,0.9583333333333333,0.1332283492924436,0.42151560906943236,0.16880386341120826,0.2764521782269162,-0.807958236723764
1233,246.7645096731154,0.5,0.2,0.5,0.9583333333333333,0.13322805614126973,0.4215147366877823,0.16880374775192727,0.2764534594190211,-0.807958236723764
1234,246.96464309539692,0.5,0.2,0.5,0.9583333333333333,0.13322777899844498,0.42151385186397333,0.16880364316177665,0.27645472597580545,-0.807958236723764
1235,247.16477651767843,0.5,0.2,0.5,0.9583333333333333,0.13322751776262354,0.42151295538251704,0.16880354951727242,0.2764559773375874,-0.807958236723764
1236,247.36490993995997,0.5,0.2,0.5,0.9583333333333333,0.13322727232144035,0.4215120480293748,0.1688034666880732,0.27645721296111203,-0.807958236723764
1237,247.56504336224148,0.5,0.2,0.5,0.9583333333333333,0.13322704255151102,0.4215111305919581,0.16880339453698007,0.2764584323195512,-0.807958236723764
1238,247.765176784523,0.5,0.2,0.5,0.9583333333333333,0.1332268283266083,0.4215102038389426,0.1688033329258417,0.27645963490860787,-0.807958236723764
1239,247.96531020680453,0.5,0.2,0.5,0.9583333333333333,0.13322662958577025,0.42150926835212416,0.16880328176474246,0.2764608202973636,-0.807958236723764
1240,248.16544362908604,0.5,0.2,0.5,0.9583333333333333,0.1332264462170893,0.42150832481331807,0.16880324092807417,0.2764619880415189,-0.807958236723764
1241,248.36557705136758,0.5,0.2,0.5,0.9583333333333333,0.13322627808292528,0.42150737394211313,0.16880321027274517,0.27646313770221687,-0.807958236723764
1242,248.5657104736491,0.5,0.2,0.5,0.9583333333333333,0.1332261250368298,0.42150641645408937,0.1688031896504033,0.2764642688586779,-0.807958236723764
1243,248.7658438959306,0.5,0.2,0.5,0.9583333333333333,0.13322598692354626,0.42150545306081816,0.1688031789074357,0.2764653811082003,-0.807958236723764
1244,248.96597731821214,0.5,0.2,0.5,0.9583333333333333,0.13322586357900987,0.421504484469862,0.16880317788496899,0.27646647406615954,-0.807958236723764
1245,249.16611074049365,0.5,0.2,0.5,0.9583333333333333,0.13322575483034765,0.42150351138477465,0.1688031864188691,0.2764675473660089,-0.807958236723764
1246,249.36624416277516,0.5,0.2,0.5,0.9583333333333333,0.13322566049587836,0.42150253450510117,0.16880320433974144,0.27646860065927936,-0.807958236723764
1247,249.5663775850567,0.5,0.2,0.5,0.9583333333333333,0.13322558038511262,0.42150155452637783,0.16880323147293072,0.2764696336155792,-0.807958236723764
1248,249.7665110073382,0.5,0.2,0.5,0.9583333333333333,0.13322551429875276,0.4215005721401321,0.16880326763852113,0.27647064592259435,-0.807958236723764
1249,249.96664442961975,0.5,0.2,0.5,0.9583333333333333,0.13322546202869298,0.4214995880338827,0.16880331265133622,0.2764716372860884,-0.807958236723764
1250,250.16677785190126,0.5,0.2,0.5,0.9583333333333333,0.13322542339584598,0.42149860282486507,0.1688033663485871,0.2764726074307022,-0.807958236723764
1251,250.36691127418277,0.5,0.2,0.5,0.9583333333333333,0.13322539826540558,0.4214976170332901,0.16880342860102837,0.2764735561002763,-0.807958236723764
1252,250.5670446964643,0.5,0.2,0.5,0.9583333333333333,0.13322538643557094,0.4214966312773062,0.16880349923162427,0.27647448305549893,-0.807958236723764
1253,250.76717811874582,0.5,0.2,0.5,0.9583333333333333,0.13322538769626396,0.4214956461701226,0.1688035780584667,0.2764753880751471,-0.807958236723764
1254,250.96731154102733,0.5,0.2,0.5,0.9583333333333333,0.1332254018309913,0.42149466231674715,0.16880366489613602,0.27647627095612587,-0.807958236723764
1255,251.16744496330887,0.5,0.2,0.5,0.9583333333333333,0.1332254286168443,0.4214936803139866,0.16880375955570087,0.2764771315134686,-0.807958236723764
1256,251.36757838559038,0.5,0.2,0.5,0.9583333333333333,0.13322546782449904,0.42149270075044626,0.1688038618447184,0.2764779695803367,-0.807958236723764
1257,251.56771180787192,0.5,0.2,0.5,0.9583333333333333,0.1332255192182163,0.42149172420653014,0.16880397156723415,0.2764787850080198,-0.807958236723764
1258,251.76784523015343,0.5,0.2,0.5,0.9583333333333333,0.13322558255584152,0.42149075125444113,0.16880408852378212,0.2764795776659356,-0.807958236723764
1259,251.96797865243494,0.5,0.2,0.5,0.9583333333333333,0.13322565758880495,0.42148978245818064,0.16880421251138467,0.27648034744163014,-0.807958236723764
1260,252.16811207471648,0.5,0.2,0.5,0.9583333333333333,0.13322574406212143,0.4214888183735489,0.16880434332355262,0.27648109424077744,-0.807958236723764
1261,252.368245496998,0.5,0.2,0.5,0.9583333333333333,0.1332258417172873,0.4214878595448821,0.16880448075260465,0.2764818179852263,-0.807958236723764
1262,252.5683789192795,0.5,0.2,0.5,0.9583333333333333,0.13322595037092647,0.4214869064164682,0.16880462465264204,0.27648251855996364,-0.807958236723764
1263,252.76851234156103,0.5,0.2,0.5,0.9583333333333333,0.13322606980912635,0.42148595945156314,0.1688047748549397,0.27648319588437115,-0.807958236723764
1264,252.96864576384255,0.5,0.2,0.5,0.9583333333333333,0.13322619978174619,0.42148501913880165,0.16880493116338893,0.2764838499160635,-0.807958236723764
1265,253.16877918612408,0.5,0.2,0.5,0.9583333333333333,0.13322634003435488,0.42148408595622383,0.1688050933800709,0.27648448062935066,-0.807958236723764
1266,253.3689126084056,0.5,0.2,0.5,0.9583333333333333,0.13322649030823092,0.421483160371275,0.16880526130525667,0.2764850880152377,-0.807958236723764
1267,253.5690460306871,0.5,0.2,0.5,0.9583333333333333,0.13322665034036235,0.4214822428408058,0.16880543473740717,0.27648567208142494,-0.807958236723764
1268,253.76917945296864,0.5,0.2,0.5,0.9583333333333333,0.1332268198634468,0.4214813338110724,0.16880561347317316,0.2764862328523079,-0.807958236723764
1269,253.96931287525015,0.5,0.2,0.5,0.9583333333333333,0.13322699860589154,0.42148043371773597,0.1688057973073954,0.27648677036897734,-0.807958236723764
1270,254.16944629753166,0.5,0.2,0.5,0.9583333333333333,0.13322718629181338,0.42147954298586326,0.16880598603310443,0.2764872846892191,-0.807958236723764
1271,254.3695797198132,0.5,0.2,0.5,0.9583333333333333,0.13322738264103876,0.4214786620299263,0.16880617944152065,0.2764877758875145,-0.807958236723764
1272,254.5697131420947,0.5,0.2,0.5,0.9583333333333333,0.13322758736910362,0.4214777912538024,0.16880637732205447,0.27648824405503974,-0.807958236723764
1273,254.76984656437625,0.5,0.2,0.5,0.9583333333333333,0.13322780018725358,0.42147693105077416,0.16880657946230604,0.2764886892996664,-0.807958236723764
1274,254.96997998665776,0.5,0.2,0.5,0.9583333333333333,0.1332280208276136,0.4214760817867348,0.1688067856650777,0.276489111720574,-0.807958236723764
1275,255.17011340893927,0.5,0.2,0.5,0.9583333333333333,0.13322824911352496,0.42147524375325496,0.16880699579591474,0.2764895113373054,-0.807958236723764
1276,255.3702468312208,0.5,0.2,0.5,0.9583333333333333,0.1332284847896995,0.421474417280914,0.16880720966830656,0.27648988826108006,-0.807958236723764
1277,255.57038025350232,0.5,0.2,0.5,0.9583333333333333,0.13322872758812576,0.42147360269532363,0.16880742708823254,0.2764902426283182,-0.807958236723764
1278,255.77051367578383,0.5,0.2,0.5,0.9583333333333333,0.13322897723907598,0.42147280030978335,0.1688076478616019,0.27649057458953885,-0.807958236723764
1279,255.97064709806537,0.5,0.2,0.5,0.9583333333333333,0.1332292334711063,0.4214720104252801,0.1688078717942537,0.27649088430936003,-0.807958236723764
1280,256.1707805203469,0.5,0.2,0.5,0.9583333333333333,0.13322949601105674,0.4214712333304885,0.1688080986919568,0.2764911719664981,-0.807958236723764
1281,256.3709139426284,0.5,0.2,0.5,0.9583333333333333,0.13322976458405114,0.42147046930177084,0.16880832836040985,0.2764914377537682,-0.807958236723764
1282,256.57104736490993,0.5,0.2,0.5,0.9583333333333333,0.13323003891349722,0.421469718603177,0.1688085606052414,0.2764916818780844,-0.807958236723764
1283,256.77118078719144,0.5,0.2,0.5,0.9583333333333333,0.13323031872108648,0.4214689814864445,0.1688087952320098,0.2764919045604593,-0.807958236723764
1284,256.97131420947295,0.5,0.2,0.5,0.9583333333333333,0.13323060372679435,0.4214682581909984,0.1688090320462032,0.2764921060360041,-0.807958236723764
1285,257.1714476317545,0.5,0.2,0.5,0.9583333333333333,0.1332308936488801,0.4214675489439515,0.1688092708532396,0.27649228655392893,-0.807958236723764
1286,257.371581054036,0.5,0.2,0.5,0.9583333333333333,0.1332311882038868,0.42146685396010414,0.1688095114584668,0.2764924463775424,-0.807958236723764
1287,257.57171447631754,0.5,0.2,0.5,0.9583333333333333,0.13323148716670383,0.4214661734366645,0.16880975370256818,0.27649258569406365,-0.807958236723764
1288,257.77184789859905,0.5,0.2,0.5,0.9583333333333333,0.13323179033993807,0.4214655075559408,0.1688099974435076,0.27649270466061365,-0.807958236723764
1289,257.97198132088056,0.5,0.2,0.5,0.9583333333333333,0.1332320974670972,0.42146485649297355,0.16881024250535245,0.27649280353457695,-0.807958236723764
1290,258.1721147431621,0.5,0.2,0.5,0.9583333333333333,0.13323240829215074,0.4214642204102991,0.16881048871338378,0.27649288258416654,-0.807958236723764
1291,258.37224816544364,0.5,0.2,0.5,0.9583333333333333,0.1332327225596242,0.42146359945794176,0.16881073589415188,0.27649294208828235,-0.807958236723764
1292,258.57238158772515,0.5,0.2,0.5,0.9583333333333333,0.13323304001459896,0.4214629937734139,0.1688109838754762,0.27649298233651115,-0.807958236723764
1293,258.77251501000666,0.5,0.2,0.5,0.9583333333333333,0.13323336040271233,0.42146240348171554,0.16881123248644528,0.27649300362912704,-0.807958236723764
1294,258.97264843228817,0.5,0.2,0.5,0.9583333333333333,0.13323368347015754,0.42146182869533483,0.16881148155741693,0.2764930062770909,-0.807958236723764
1295,259.1727818545697,0.5,0.2,0.5,0.9583333333333333,0.13323400896368373,0.4214612695142476,0.16881173092001808,0.27649299060205074,-0.807958236723764
1296,259.37291527685124,0.5,0.2,0.5,0.9583333333333333,0.13323433663059595,0.4214607260259178,0.16881198040714487,0.27649295693634157,-0.807958236723764
1297,259.57304869913276,0.5,0.2,0.5,0.9583333333333333,0.13323466621875518,0.421460198305297,0.16881222985296251,0.27649290562298545,-0.807958236723764
1298,259.77318212141427,0.5,0.2,0.5,0.9583333333333333,0.13323499747657833,0.42145968641482495,0.1688124790929055,0.2764928370156914,-0.807958236723764
1299,259.9733155436958,0.5,0.2,0.5,0.9583333333333333,0.13323533015800432,0.42145919040739005,0.1688127279668098,0.27649275146779606,-0.807958236723764
1300,260.1734489659773,0.5,0.2,0.5,0.9583333333333333,0.13323566408534715,0.4214587103638044,0.16881297635855785,0.27649264919229083,-0.807958236723764
1301,260.37358238825885,0.5,0.2,0.5,0.9583333333333333,0.13323599905054398,0.42145824633392504,0.16881322413379024,0.27649253048174094,-0.807958236723764
1302,260.57371581054036,0.5,0.2,0.5,0.9583333333333333,0.13323633482861677,0.42145779834468006,0.1688134711483968,0.2764923956783066,-0.807958236723764
1303,260.7738492328219,0.5,0.2,0.5,0.9583333333333333,0.13323667119682953,0.42145736641149073,0.1688137172605999,0.27649224513108,-0.807958236723764
1304,260.9739826551034,0.5,0.2,0.5,0.9583333333333333,0.1332370079346881,0.42145695053827154,0.16881396233095475,0.27649207919608576,-0.807958236723764
1305,261.1741160773849,0.5,0.2,0.5,0.9583333333333333,0.13323734482394045,0.4214565507174301,0.16881420622234905,0.27649189823628056,-0.807958236723764
1306,261.37424949966646,0.5,0.2,0.5,0.9583333333333333,0.1332376816485765,0.42145616692986726,0.16881444880000326,0.2764917026215531,-0.807958236723764
1307,261.574382921948,0.5,0.2,0.5,0.9583333333333333,0.13323801819482814,0.421455799144977,0.16881468993147056,0.2764914927287245,-0.807958236723764
1308,261.7745163442295,0.5,0.2,0.5,0.9583333333333333,0.13323835425116923,0.42145544732064644,0.16881492948663662,0.27649126894154785,-0.807958236723764
1309,261.974649766511,0.5,0.2,0.5,0.9583333333333333,0.13323868960831567,0.421455111403256,0.16881516733771998,0.27649103165070854,-0.807958236723764
1310,262.1747831887925,0.5,0.2,0.5,0.9583333333333333,0.13323902405922533,0.4214547913276791,0.16881540335927167,0.27649078125382404,-0.807958236723764
1311,262.374916611074,0.5,0.2,0.5,0.9583333333333333,0.13323935739909804,0.4214544870172826,0.16881563742817549,0.27649051815544406,-0.807958236723764
1312,262.5750500333556,0.5,0.2,0.5,0.9583333333333333,0.13323968944120623,0.4214541984092508,0.16881586943219068,0.27649024271735245,-0.807958236723764
1313,262.7751834556371,0.5,0.2,0.5,0.9583333333333333,0.1332400200390281,0.4214539254899929,0.16881609928189598,0.2764899551890832,-0.807958236723764
1314,262.9753168779186,0.5,0.2,0.5,0.9583333333333333,0.1332403490133341,0.4214536681785011,0.16881632687134246,0.2764896559368225,-0.807958236723764
1315,263.1754503002001,0.5,0.2,0.5,0.9583333333333333,0.1332406761855212,0.421453426379677,0.16881655209604213,0.2764893453387599,-0.807958236723764
1316,263.3755837224816,0.5,0.2,0.5,0.9583333333333333,0.13324100138039044,0.42145319998877373,0.16881677485446667,0.27648902377636936,-0.807958236723764
1317,263.5757171447632,0.5,0.2,0.5,0.9583333333333333,0.13324132442614658,0.42145298889139665,0.1688169950480475,0.27648869163440953,-0.807958236723764
1318,263.7758505670447,0.5,0.2,0.5,0.9583333333333333,0.13324164515439835,0.4214527929635028,0.16881721258117563,0.2764883493009235,-0.807958236723764
1319,263.9759839893262,0.5,0.2,0.5,0.9583333333333333,0.13324196340015837,0.4214526120714012,0.16881742736120178,0.27648799716723893,-0.807958236723764
1320,264.1761174116077,0.5,0.2,0.5,0.9583333333333333,0.1332422790018431,0.4214524460717528,0.16881763929843632,0.2764876356279681,-0.807958236723764
1321,264.37625083388923,0.5,0.2,0.5,0.9583333333333333,0.13324259180127296,0.4214522948115703,0.16881784830614938,0.2764872650810077,-0.807958236723764
1322,264.5763842561708,0.5,0.2,0.5,0.9583333333333333,0.13324290164367217,0.4214521581282185,0.16881805430057062,0.27648688592753906,-0.807958236723764
1323,264.7765176784523,0.5,0.2,0.5,0.9583333333333333,0.13324320837766887,0.4214520358494139,0.1688182572008895,0.2764864985720281,-0.807958236723764
1324,264.9766511007338,0.5,0.2,0.5,0.9583333333333333,0.13324351185537714,0.42145192779348184,0.16881845692927694,0.27648610342186436,-0.807958236723764
1325,265.17678452301533,0.5,0.2,0.5,0.9583333333333333,0.13324381195604804,0.42145183384348645,0.1688186534171971,0.2764857007832687,-0.807958236723764
1326,265.37691794529684,0.5,0.2,0.5,0.9583333333333333,0.13324410856408211,0.4214517538783146,0.16881884659953966,0.27648529095806396,-0.807958236723764
1327,265.57705136757835,0.5,0.2,0.5,0.9583333333333333,0.13324440155215794,0.4214516877197964,0.16881903641011736,0.2764848743179286,-0.807958236723764
1328,265.7771847898599,0.5,0.2,0.5,0.9583333333333333,0.1332446907970931,0.42145163518241774,0.16881922278589886,0.2764844512345906,-0.807958236723764
1329,265.9773182121414,0.5,0.2,0.5,0.9583333333333333,0.13324497617984404,0.4214515960733202,0.16881940566700862,0.2764840220798275,-0.807958236723764
1330,266.17745163442294,0.5,0.2,0.5,0.9583333333333333,0.1332452575855061,0.421451570192301,0.16881958499672686,0.27648358722546634,-0.807958236723764
1331,266.37758505670445,0.5,0.2,0.5,0.9583333333333333,0.13324553490331356,0.42145155733181316,0.16881976072148971,0.2764831470433839,-0.807958236723764
1332,266.57771847898596,0.5,0.2,0.5,0.9583333333333333,0.13324580802663966,0.42145155727696526,0.16881993279088908,0.2764827019055063,-0.807958236723764
1333,266.7778519012675,0.5,0.2,0.5,0.9583333333333333,0.13324607685299653,0.4214515698055216,0.16882010115767274,0.2764822521838094,-0.807958236723764
1334,266.97798532354904,0.5,0.2,0.5,0.9583333333333333,0.13324634128403515,0.42145159468790233,0.16882026577774423,0.2764817982503186,-0.807958236723764
1335,267.17811874583055,0.5,0.2,0.5,0.9583333333333333,0.13324660122554555,0.421451631687183,0.16882042661016297,0.2764813404771087,-0.807958236723764
1336,267.37825216811206,0.5,0.2,0.5,0.9583333333333333,0.13324685658745658,0.4214516805590952,0.16882058361714417,0.2764808792363043,-0.807958236723764
1337,267.57838559039357,0.5,0.2,0.5,0.9583333333333333,0.1332471072846731,0.4214517410652546,0.16882073676361245,0.27648041488646014,-0.807958236723764
1338,267.77851901267513,0.5,0.2,0.5,0.9583333333333333,0.13324735324279754,0.4214518130635886,0.16882088601415002,0.27647994767946416,-0.807958236723764
1339,267.97865243495664,0.5,0.2,0.5,0.9583333333333333,0.13324759438771014,0.4214518963436566,0.16882103133855436,0.2764794779300792,-0.807958236723764
1340,268.17878585723815,0.5,0.2,0.5,0.9583333333333333,0.13324783064826282,0.42145199066922745,0.1688211727104013,0.2764790059721088,-0.807958236723764
1341,268.37891927951966,0.5,0.2,0.5,0.9583333333333333,0.13324806195760894,0.4214520957992944,0.16882131010633586,0.2764785321367612,-0.807958236723764
1342,268.5790527018012,0.5,0.2,0.5,0.9583333333333333,0.13324828825320337,0.4214522114880753,0.1688214435060721,0.2764780567526496,-0.807958236723764
1343,268.7791861240827,0.5,0.2,0.5,0.9583333333333333,0.13324850947680242,0.4214523374850127,0.16882157289239325,0.276477580145792,-0.807958236723764
1344,268.97931954636425,0.5,0.2,0.5,0.9583333333333333,0.13324872557446385,0.42145247353477355,0.1688216982511517,0.2764771026396113,-0.807958236723764
1345,269.17945296864576,0.5,0.2,0.5,0.9583333333333333,0.13324893649654695,0.42145261937724937,0.16882181957126896,0.2764766245549351,-0.807958236723764
1346,269.3795863909273,0.5,0.2,0.5,0.9583333333333333,0.13324914219771236,0.4214527747475563,0.16882193684473565,0.2764761462099961,-0.807958236723764
1347,269.5797198132088,0.5,0.2,0.5,0.9583333333333333,0.13324934263692226,0.42145293937603506,0.16882205006661152,0.27647566792043154,-0.807958236723764
1348,269.7798532354903,0.5,0.2,0.5,0.9583333333333333,0.13324953777744025,0.42145311298825094,0.16882215923502544,0.2764751899992838,-0.807958236723764
1349,269.97998665777186,0.5,0.2,0.5,0.9583333333333333,0.13324972758683146,0.4214532953049937,0.16882226435117545,0.2764747127569998,-0.807958236723764
1350,270.18012008005337,0.5,0.2,0.5,0.9583333333333333,0.13324991203183556,0.4214534860882041,0.16882236541349352,0.2764742364664671,-0.807958236723764
1351,270.3802535023349,0.5,0.2,0.5,0.9583333333333333,0.1332500910760427,0.4214536851617952,0.16882246241500012,0.2764737613471623,-0.807958236723764
1352,270.5803869246164,0.5,0.2,0.5,0.9583333333333333,0.1332502646956922,0.4214538922701243,0.1688225553612861,0.27647328767289775,-0.807958236723764
1353,270.7805203468979,0.5,0.2,0.5,0.9583333333333333,0.1332504328713362,0.42145410715267184,0.16882264426102425,0.276472815714968,-0.807958236723764
1354,270.98065376917947,0.5,0.2,0.5,0.9583333333333333,0.13325059558754576,0.4214543295466737,0.16882272912563498,0.2764723457401458,-0.807958236723764
1355,271.180787191461,0.5,0.2,0.5,0.9583333333333333,0.1332507528329109,0.4214545591871213,0.16882280996928628,0.2764718780106818,-0.807958236723764
1356,271.3809206137425,0.5,0.2,0.5,0.9583333333333333,0.13325090460004052,0.4214547958067614,0.16882288680889365,0.27647141278430476,-0.807958236723764
1357,271.581054036024,0.5,0.2,0.5,0.9583333333333333,0.13325105088556258,0.42145503913609594,0.16882295966412025,0.27647095031422153,-0.807958236723764
1358,271.7811874583055,0.5,0.2,0.5,0.9583333333333333,0.1332511916901238,0.42145528890338274,0.16882302855737674,0.27647049084911696,-0.807958236723764
1359,271.981320880587,0.5,0.2,0.5,0.9583333333333333,0.13325132701839004,0.4214555448346347,0.16882309351382138,0.2764700346331541,-0.807958236723764
1360,272.1814543028686,0.5,0.2,0.5,0.9583333333333333,0.13325145687904597,0.4214558066536203,0.16882315456136004,0.2764695819059739,-0.807958236723764
1361,272.3815877251501,0.5,0.2,0.5,0.9583333333333333,0.13325158128479522,0.42145607408186336,0.16882321173064607,0.27646913290269554,-0.807958236723764
1362,272.5817211474316,0.5,0.2,0.5,0.9583333333333333,0.13325170025171054,0.42145634684110667,0.16882326505443412,0.27646868785274886,-0.807958236723764
1363,272.7818545697131,0.5,0.2,0.5,0.9583333333333333,0.1332518137694916,0.42145662476606455,0.16882331453799665,0.2764682469264474,-0.807958236723764
1364,272.98198799199463,0.5,0.2,0.5,0.9583333333333333,0.1332519218399271,0.4214569076586128,0.16882336019738067,0.2764678103040796,-0.807958236723764
1365,273.1821214142762,0.5,0.2,0.5,0.9583333333333333,0.1332520244832685,0.4214571952636263,0.16882340206574759,0.2764673781873578,-0.807958236723764
1366,273.3822548365577,0.5,0.2,0.5,0.9583333333333333,0.13325212172333992,0.42145748732542737,0.1688234401785622,0.27646695077267064,-0.807958236723764
1367,273.5823882588392,0.5,0.2,0.5,0.9583333333333333,0.1332522135875378,0.4214577835877866,0.16882347457359298,0.2764665282510827,-0.807958236723764
1368,273.7825216811207,0.5,0.2,0.5,0.9583333333333333,0.13325230010683117,0.4214580837939224,0.16882350529091172,0.2764661108083348,-0.807958236723764
1369,273.98265510340224,0.5,0.2,0.5,0.9583333333333333,0.13325238131576153,0.42145838768650096,0.1688235323728939,0.27646569862484366,-0.807958236723764
1370,274.1827885256838,0.5,0.2,0.5,0.9583333333333333,0.1332524572524428,0.4214586950076366,0.16882355586421835,0.2764652918757023,-0.807958236723764
1371,274.3829219479653,0.5,0.2,0.5,0.9583333333333333,0.13325252795856152,0.4214590054988914,0.16882357581186752,0.2764648907306796,-0.807958236723764
1372,274.5830553702468,0.5,0.2,0.5,0.9583333333333333,0.13325259347937657,0.42145931890127547,0.16882359226512725,0.2764644953542207,-0.807958236723764
1373,274.78318879252834,0.5,0.2,0.5,0.9583333333333333,0.13325265386371943,0.42145963495524674,0.168823605275587,0.2764641059054468,-0.807958236723764
1374,274.98332221480985,0.5,0.2,0.5,0.9583333333333333,0.133252709163994,0.4214599534007112,0.1688236148971397,0.2764637225381551,-0.807958236723764
1375,275.18345563709136,0.5,0.2,0.5,0.9583333333333333,0.13325275943617673,0.4214602739770225,0.1688236211859817,0.276463345400819,-0.807958236723764
1376,275.3835890593729,0.5,0.2,0.5,0.9583333333333333,0.1332528047398165,0.4214605964229826,0.16882362420061298,0.2764629746365879,-0.807958236723764
1377,275.58372248165443,0.5,0.2,0.5,0.9583333333333333,0.13325284513803468,0.421460920476841,0.16882362400183692,0.27646261038328734,-0.807958236723764
1378,275.78385590393594,0.5,0.2,0.5,0.9583333333333333,0.13325288069752514,0.4214612458762953,0.16882362065276052,0.276462252773419,-0.807958236723764
1379,275.98398932621745,0.5,0.2,0.5,0.9583333333333333,0.13325291148855425,0.421461572358491,0.16882361421879413,0.2764619019341605,-0.807958236723764
1380,276.18412274849896,0.5,0.2,0.5,0.9583333333333333,0.1332529375571827,0.4214618997329035,0.16882360474345345,0.2764615579664602,-0.807958236723764
1381,276.38425617078053,0.5,0.2,0.5,0.9583333333333333,0.13325295890080607,0.4214622279455123,0.16882359222705204,0.2764612209266295,-0.807958236723764
1382,276.58438959306204,0.5,0.2,0.5,0.9583333333333333,0.1332529755789032,0.42146255678822947,0.1688235767231773,0.27646089090968995,-0.807958236723764
1383,276.78452301534355,0.5,0.2,0.5,0.9583333333333333,0.13325298765693097,0.42146288604610355,0.16882355828981568,0.2764605680071497,-0.807958236723764
1384,276.98465643762506,0.5,0.2,0.5,0.9583333333333333,0.13325299520294775,0.42146321550617866,0.16882353698641128,0.27646025230446225,-0.807958236723764
1385,277.1847898599066,0.5,0.2,0.5,0.9583333333333333,0.1332529982876133,0.42146354495749466,0.16882351287386568,0.27645994388102624,-0.807958236723764
1386,277.38492328218814,0.5,0.2,0.5,0.9583333333333333,0.13325299698418885,0.42146387419108716,0.16882348601453817,0.27645964281018576,-0.807958236723764
1387,277.58505670446965,0.5,0.2,0.5,0.9583333333333333,0.13325299136853702,0.42146420299998727,0.16882345647224553,0.2764593491592301,-0.807958236723764
1388,277.78519012675116,0.5,0.2,0.5,0.9583333333333333,0.1332529815191219,0.421464531179222,0.16882342431226222,0.2764590629893938,-0.807958236723764
1389,277.98532354903267,0.5,0.2,0.5,0.9583333333333333,0.13325296751700896,0.42146485852581395,0.16882338960132023,0.27645878435585675,-0.807958236723764
1390,278.1854569713142,0.5,0.2,0.5,0.9583333333333333,0.1332529494458652,0.42146518483878137,0.16882335240760918,0.2764585133077442,-0.807958236723764
1391,278.3855903935957,0.5,0.2,0.5,0.9583333333333333,0.1332529273919589,0.42146550991913834,0.16882331280077628,0.27645824988812645,-0.807958236723764
1392,278.58572381587726,0.5,0.2,0.5,0.9583333333333333,0.1332529014441599,0.4214658335698944,0.16882327085192628,0.27645799413401934,-0.807958236723764
1393,278.78585723815877,0.5,0.2,0.5,0.9583333333333333,0.13325287169393948,0.421466155596055,0.16882322663362162,0.27645774607638385,-0.807958236723764
1394,278.9859906604403,0.5,0.2,0.5,0.9583333333333333,0.13325283823537024,0.42146647580462115,0.1688231802198822,0.27645750574012634,-0.807958236723764
1395,279.1861240827218,0.5,0.2,0.5,0.9583333333333333,0.1332528011651263,0.4214667940045896,0.16882313168618568,0.27645727314409835,-0.807958236723764
1396,279.3862575050033,0.5,0.2,0.5,0.9583333333333333,0.13325276058248317,0.4214671100069528,0.16882308110946714,0.2764570483010968,-0.807958236723764
1397,279.58639092728487,0.5,0.2,0.5,0.9583333333333333,0.1332527165835053,0.42146742363211304,0.1688230285640121,0.2764568312203695,-0.807958236723764
1398,279.7865243495664,0.5,0.2,0.5,0.9583333333333333,0.13325266917656997,0.4214677348176359,0.16882297406176366,0.27645662194403037,-0.807958236723764
1399,279.9866577718479,0.5,0.2,0.5,0.9583333333333333,0.13325261841743233,0.4214680434459682,0.16882291764776258,0.2764564204888368,-0.807958236723764
1400,280.1867911941294,0.5,0.2,0.5,0.9583333333333333,0.13325256439218303,0.4214683493661762,0.16882285938810468,0.27645622685353605,-0.807958236723764
1401,280.3869246164109,0.5,0.2,0.5,0.9583333333333333,0.1332525071882877,0.421468652430886,0.16882279934947683,0.27645604103134935,-0.807958236723764
1402,280.5870580386925,0.5,0.2,0.5,0.9583333333333333,0.13325244689458723,0.42146895249628386,0.16882273759915695,0.2764558630099719,-0.807958236723764
1403,280.787191460974,0.5,0.2,0.5,0.9583333333333333,0.13325238360129738,0.42146924942211583,0.1688226742050139,0.2764556927715728,-0.807958236723764
1404,280.9873248832555,0.5,0.2,0.5,0.9583333333333333,0.133252317400009,0.4214695430716882,0.1688226092355076,0.27645553029279507,-0.807958236723764
1405,281.187458305537,0.5,0.2,0.5,0.9583333333333333,0.13325224838368807,0.4214698333118671,0.16882254275968894,0.2764553755447558,-0.807958236723764
1406,281.3875917278185,0.5,0.2,0.5,0.9583333333333333,0.13325217664667555,0.42147012001307865,0.1688224748471998,0.2764552284930459,-0.807958236723764
1407,281.5877251501,0.5,0.2,0.5,0.9583333333333333,0.13325210228468745,0.4214704030493091,0.16882240556827313,0.2764550890977302,-0.807958236723764
1408,281.7878585723816,0.5,0.2,0.5,0.9583333333333333,0.13325202539481493,0.4214706822981045,0.16882233499373284,0.27645495731334757,-0.807958236723764
1409,281.9879919946631,0.5,0.2,0.5,0.9583333333333333,0.13325194607552407,0.42147095764057113,0.16882226319499383,0.27645483308891083,-0.807958236723764
1410,282.1881254169446,0.5,0.2,0.5,0.9583333333333333,0.13325186442665607,0.421471228961375,0.16882219024406203,0.2764547163679067,-0.807958236723764
1411,282.3882588392261,0.5,0.2,0.5,0.9583333333333333,0.1332517805494272,0.4214714961487424,0.1688221162135344,0.27645460708829583,-0.807958236723764
1412,282.58839226150764,0.5,0.2,0.5,0.9583333333333333,0.1332516945464288,0.4214717590944594,0.16882204117659882,0.27645450518251286,-0.807958236723764
1413,282.7885256837892,0.5,0.2,0.5,0.9583333333333333,0.13325160652162718,0.4214720176938721,0.1688219652070343,0.2764544105774663,-0.807958236723764
1414,282.9886591060707,0.5,0.2,0.5,0.9583333333333333,0.13325151658036374,0.42147227184588665,0.16882188837921072,0.2764543231945387,-0.807958236723764
1415,283.1887925283522,0.5,0.2,0.5,0.9583333333333333,0.13325142478206012,0.4214725214799224,0.16882181073693792,0.27645424300107946,-0.807958236723764
1416,283.38892595063373,0.5,0.2,0.5,0.9583333333333333,0.1332513311459432,0.42147276655264887,0.1688217322972366,0.2764541700041713,-0.807958236723764
1417,283.58905937291524,0.5,0.2,0.5,0.9583333333333333,0.13325123575843859,0.4214730069867831,0.16882165312107353,0.2764541041337047,-0.807958236723764
1418,283.7891927951968,0.5,0.2,0.5,0.9583333333333333,0.13325113870716218,0.42147324270870745,0.16882157326988495,0.27645404531424533,-0.807958236723764
1419,283.9893262174783,0.5,0.2,0.5,0.9583333333333333,0.13325104007993213,0.4214734736490327,0.1688214928049255,0.2764539934661096,-0.807958236723764
1420,284.18945963975983,0.5,0.2,0.5,0.9583333333333333,0.13325093996476886,0.4214736997425979,0.16882141178726845,0.27645394850536475,-0.807958236723764
1421,284.38959306204134,0.5,0.2,0.5,0.9583333333333333,0.13325083844989496,0.42147392092847047,0.16882133027780552,0.276453910343829,-0.807958236723764
1422,284.58972648432285,0.5,0.2,0.5,0.9583333333333333,0.1332507356237353,0.42147413714994636,0.16882124833724696,0.2764538788890713,-0.807958236723764
1423,284.7898599066044,0.5,0.2,0.5,0.9583333333333333,0.13325063157491696,0.4214743483545498,0.16882116602612154,0.2764538540444117,-0.807958236723764
1424,284.98999332888593,0.5,0.2,0.5,0.9583333333333333,0.13325052639226923,0.4214745544940333,0.16882108340477658,0.2764538357089208,-0.807958236723764
1425,285.19012675116744,0.5,0.2,0.5,0.9583333333333333,0.13325042016482366,0.421474755524378,0.16882100053337787,0.2764538237774204,-0.807958236723764
1426,285.39026017344895,0.5,0.2,0.5,0.9583333333333333,0.13325031298181408,0.4214749514057933,0.16882091747190975,0.2764538181404829,-0.807958236723764
1427,285.59039359573046,0.5,0.2,0.5,0.9583333333333333,0.13325020493267642,0.4214751421027168,0.16882083428017503,0.27645381868443175,-0.807958236723764
1428,285.79052701801197,0.5,0.2,0.5,0.9583333333333333,0.133250096107049,0.42147532758381473,0.16882075101779506,0.27645382529134116,-0.807958236723764
1429,285.99066044029354,0.5,0.2,0.5,0.9583333333333333,0.13324998659477225,0.42147550782198173,0.16882066774420978,0.27645383783903626,-0.807958236723764
1430,286.19079386257505,0.5,0.2,0.5,0.9583333333333333,0.13324987648588885,0.42147568279434056,0.16882058451867754,0.27645385620109303,-0.807958236723764
1431,286.39092728485656,0.5,0.2,0.5,0.9583333333333333,0.1332497658706438,0.42147585248224256,0.16882050140027527,0.2764538802468383,-0.807958236723764
1432,286.59106070713807,0.5,0.2,0.5,0.9583333333333333,0.13324965483120862,0.42147601686778546,0.1688204184424919,0.27645390985851404,-0.807958236723764
1433,286.7911941294196,0.5,0.2,0.5,0.9583333333333333,0.13324954338868142,0.4214761759115128,0.168820335658603,0.27645394504120274,-0.807958236723764
1434,286.99132755170115,0.5,0.2,0.5,0.9583333333333333,0.13324943160575967,0.42147632959561504,0.16882025308874773,0.27645398570987756,-0.807958236723764
1435,287.19146097398266,0.5,0.2,0.5,0.9583333333333333,0.1332493195573937,0.4214764779115812,0.1688201707807566,0.2764540317502685,-0.807958236723764
1436,287.39159439626417,0.5,0.2,0.5,0.9583333333333333,0.13324920731790477,0.42147662085477905,0.16882008878173535,0.27645408304558083,-0.807958236723764
1437,287.5917278185457,0.5,0.2,0.5,0.9583333333333333,0.13324909496098497,0.4214767584244548,0.1688200071380653,0.2764541394764949,-0.807958236723764
1438,287.7918612408272,0.5,0.2,0.5,0.9583333333333333,0.13324898255969733,0.42147689062373345,0.16881992589540304,0.2764542009211661,-0.807958236723764
1439,287.99199466310876,0.5,0.2,0.5,0.9583333333333333,0.1332488701864758,0.42147701745961835,0.1688198450986806,0.2764542672552252,-0.807958236723764
1440,288.19212808539027,0.5,0.2,0.5,0.9583333333333333,0.1332487579131251,0.4214771389429916,0.16881976479210542,0.2764543383517778,-0.807958236723764
1441,288.3922615076718,0.5,0.2,0.5,0.9583333333333333,0.13324864581082096,0.4214772550886139,0.1688196850191603,0.2764544140814048,-0.807958236723764
1442,288.5923949299533,0.5,0.2,0.5,0.9583333333333333,0.13324853395010994,0.42147736591512436,0.16881960582260347,0.2764544943121622,-0.807958236723764
1443,288.7925283522348,0.5,0.2,0.5,0.9583333333333333,0.13324842240090953,0.42147747144504083,0.16881952724446858,0.27645457890958103,-0.807958236723764
1444,288.9926617745163,0.5,0.2,0.5,0.9583333333333333,0.1332483112325081,0.42147757170475975,0.16881944932606457,0.27645466773666755,-0.807958236723764
1445,289.1927951967979,0.5,0.2,0.5,0.9583333333333333,0.13324820051356487,0.4214776667245561,0.1688193721079759,0.2764547606539031,-0.807958236723764
1446,289.3929286190794,0.5,0.2,0.5,0.9583333333333333,0.13324809031210996,0.42147775653858344,0.16881929563006237,0.2764548575192442,-0.807958236723764
1447,289.5930620413609,0.5,0.2,0.5,0.9583333333333333,0.13324798069554447,0.4214778411848739,0.1688192199314592,0.27645495818812243,-0.807958236723764
1448,289.7931954636424,0.5,0.2,0.5,0.9583333333333333,0.1332478717306403,0.42147792070533835,0.16881914505057694,0.2764550625134444,-0.807958236723764
1449,289.9933288859239,0.5,0.2,0.5,0.9583333333333333,0.13324776348353953,0.42147799514576495,0.16881907102510121,0.27645517034559436,-0.807958236723764
1450,290.1934623082055,0.5,0.2,0.5,0.9583333333333333,0.13324765598968688,0.4214780645119355,0.16881899787635027,0.2764552816220274,-0.807958236723764
1451,290.393595730487,0.5,0.2,0.5,0.9583333333333333,0.13324754927773827,0.4214781288045201,0.16881892562171308,0.27645539629602867,-0.807958236723764
1452,290.5937291527685,0.5,0.2,0.5,0.9583333333333333,0.13324744340143455,0.42147818806559767,0.16881885429123167,0.27645551424173626,-0.807958236723764
1453,290.79386257505,0.5,0.2,0.5,0.9583333333333333,0.13324733841333236,0.4214782423403153,0.16881878391393462,0.27645563533241785,-0.807958236723764
1454,290.9939959973315,0.5,0.2,0.5,0.9583333333333333,0.1332472343648039,0.42147829167688833,0.1688187145178371,0.2764557594404708,-0.807958236723764
1455,291.1941294196131,0.5,0.2,0.5,0.9583333333333333,0.1332471313060371,0.42147833612660046,0.16881864612994074,0.27645588643742186,-0.807958236723764
1456,291.3942628418946,0.5,0.2,0.5,0.9583333333333333,0.1332470292860356,0.4214783757438035,0.16881857877623382,0.27645601619392735,-0.807958236723764
1457,291.5943962641761,0.5,0.2,0.5,0.9583333333333333,0.13324692835261864,0.42147841058591745,0.16881851248169108,0.2764561485797731,-0.807958236723764
1458,291.7945296864576,0.5,0.2,0.5,0.9583333333333333,0.13324682855242118,0.4214784407134307,0.16881844727027387,0.27645628346387446,-0.807958236723764
1459,291.99466310873913,0.5,0.2,0.5,0.9583333333333333,0.13324672993089381,0.4214784661898999,0.16881838316493003,0.2764564207142765,-0.807958236723764
1460,292.19479653102064,0.5,0.2,0.5,0.9583333333333333,0.1332466325323029,0.42147848708194974,0.16881832018759402,0.2764565601981536,-0.807958236723764
1461,292.3949299533022,0.5,0.2,0.5,0.9583333333333333,0.1332465363997304,0.4214785034592733,0.16881825835918682,0.2764567017818098,-0.807958236723764
1462,292.5950633755837,0.5,0.2,0.5,0.9583333333333333,0.1332464415750739,0.4214785153946319,0.16881819769961592,0.2764568453306786,-0.807958236723764
1463,292.79519679786523,0.5,0.2,0.5,0.9583333333333333,0.1332463480990468,0.421478522963855,0.16881813822777542,0.2764569907093231,-0.807958236723764
1464,292.99533022014674,0.5,0.2,0.5,0.9583333333333333,0.13324625601117807,0.4214785262458404,0.1688180799615459,0.27645713778143594,-0.807958236723764
1465,293.19546364242825,0.5,0.2,0.5,0.9583333333333333,0.13324616534981237,0.4214785253225542,0.16881802291779457,0.2764572864098392,-0.807958236723764
1466,293.3955970647098,0.5,0.2,0.5,0.9583333333333333,0.13324607615211007,0.4214785202790305,0.16881796711237515,0.27645743645648463,-0.807958236723764
1467,293.59573048699133,0.5,0.2,0.5,0.9583333333333333,0.13324598844975025,0.42147851118422197,0.16881791255998127,0.2764575878060468,-0.807958236723764
1468,293.79586390927284,0.5,0.2,0.5,0.9583333333333333,0.13324590225613314,0.42147849803396503,0.16881785927370996,0.2764577404361922,-0.807958236723764
1469,293.99599733155435,0.5,0.2,0.5,0.9583333333333333,0.13324581759796317,0.42147848089173456,0.16881780726613907,0.2764578942441635,-0.807958236723764
1470,294.19613075383586,0.5,0.2,0.5,0.9583333333333333,0.13324573450277458,0.42147845983305,0.16881775654890172,0.276458049115274,-0.807958236723764
1471,294.3962641761174,0.5,0.2,0.5,0.9583333333333333,0.13324565299666657,0.4214784349353819,0.168817707132609,0.27645820493534284,-0.807958236723764
1472,294.59639759839894,0.5,0.2,0.5,0.9583333333333333,0.13324557310430346,0.421478406278152,0.16881765902685003,0.2764583615906948,-0.807958236723764
1473,294.79653102068045,0.5,0.2,0.5,0.9583333333333333,0.1332454948489145,0.4214783739427333,0.16881761224019196,0.27645851896816054,-0.807958236723764
1474,294.99666444296196,0.5,0.2,0.5,0.9583333333333333,0.13324541825229402,0.42147833801245,0.16881756678017987,0.27645867695507637,-0.807958236723764
1475,295.19679786524347,0.5,0.2,0.5,0.9583333333333333,0.13324534333480145,0.4214782985725775,0.16881752265333688,0.2764588354392844,-0.807958236723764
1476,295.396931287525,0.5,0.2,0.5,0.9583333333333333,0.13324527011536114,0.4214782557103424,0.16881747986516407,0.27645899430913257,-0.807958236723764
1477,295.59706470980655,0.5,0.2,0.5,0.9583333333333333,0.1332451986114625,0.4214782095149226,0.16881743842014058,0.27645915345347455,-0.807958236723764
1478,295.79719813208806,0.5,0.2,0.5,0.9583333333333333,0.13324512883916004,0.421478160077447,0.1688173983217235,0.2764593127616697,-0.807958236723764
1479,295.99733155436957,0.5,0.2,0.5,0.9583333333333333,0.1332450608130732,0.42147810749099585,0.1688173595723479,0.27645947212358324,-0.807958236723764
1480,296.1974649766511,0.5,0.2,0.5,0.9583333333333333,0.1332449945463865,0.4214780518506006,0.16881732217342688,0.2764596314295862,-0.807958236723764
1481,296.3975983989326,0.5,0.2,0.5,0.9583333333333333,0.1332449300508495,0.4214779932532439,0.16881728612535155,0.27645979057055514,-0.807958236723764
1482,296.59773182121415,0.5,0.2,0.5,0.9583333333333333,0.1332448673367768,0.42147793179785964,0.168817251427491,0.27645994943787267,-0.807958236723764
1483,296.79786524349566,0.5,0.2,0.5,0.9583333333333333,0.13324480641304798,0.42147786758533284,0.1688172180781923,0.27646010792342696,-0.807958236723764
1484,296.9979986657772,0.5,0.2,0.5,0.9583333333333333,0.13324474728718425,0.42147780071735313,0.1688171860748984,0.2764602659205643,-0.807958236723764
1485,297.1981320880587,0.5,0.2,0.5,0.9583333333333333,0.13324468997035793,0.4214777312213768,0.16881715542185924,0.2764604233864062,-0.807958236723764
1486,297.3982655103402,0.5,0.2,0.5,0.9583333333333333,0.13324463447127377,0.4214776591422782,0.16881712612071334,0.2764605802657348,-0.807958236723764
1487,297.59839893262176,0.5,0.2,0.5,0.9583333333333333,0.13324458079453738,0.42147758456678963,0.16881709816797622,0.27646073647069686,-0.807958236723764
1488,297.7985323549033,0.5,0.2,0.5,0.9583333333333333,0.13324452894339636,0.42147750758244296,0.16881707155925976,0.276460891914901,-0.807958236723764
1489,297.9986657771848,0.5,0.2,0.5,0.9583333333333333,0.13324447891974006,0.4214774282775702,0.16881704628927216,0.27646104651341763,-0.807958236723764
1490,298.1987991994663,0.5,0.2,0.5,0.9583333333333333,0.13324443072409986,0.4214773467413032,0.16881702235181784,0.27646120018277914,-0.807958236723764
1491,298.3989326217478,0.5,0.2,0.5,0.9583333333333333,0.1332443843556489,0.42147726306357375,0.16881699973979764,0.2764613528409798,-0.807958236723764
1492,298.5990660440293,0.5,0.2,0.5,0.9583333333333333,0.1332443398122023,0.42147717733511353,0.16881697844520863,0.27646150440747563,-0.807958236723764
1493,298.7991994663109,0.5,0.2,0.5,0.9583333333333333,0.13324429709021704,0.4214770896474542,0.1688169584591442,0.27646165480318463,-0.807958236723764
1494,298.9993328885924,0.5,0.2,0.5,0.9583333333333333,0.13324425618479196,0.4214770000929272,0.1688169397717941,0.27646180395048675,-0.807958236723764
1495,299.1994663108739,0.5,0.2,0.5,0.9583333333333333,0.1332442170896679,0.4214769087646641,0.16881692237244433,0.2764619517732237,-0.807958236723764
1496,299.3995997331554,0.5,0.2,0.5,0.9583333333333333,0.13324417979722747,0.42147681575659623,0.16881690624947723,0.27646209819669904,-0.807958236723764
1497,299.5997331554369,0.5,0.2,0.5,0.9583333333333333,0.13324414429849524,0.42147672116345497,0.1688168913903714,0.2764622431476784,-0.807958236723764
1498,299.7998665777185,0.5,0.2,0.5,0.9583333333333333,0.13324411058313762,0.4214766250807714,0.16881687778170185,0.27646238655438915,-0.807958236723764
1499,300.0,0.5,0.2,0.5,0.9583333333333333,0.13324407863946294,0.42147652760487675,0.1688168654091398,0.27646252834652046,-0.807958236723764
