,time,beta,alpha,sigma_D,sigma_C,S_c,S_d,I_c,I_d,R0
0,0.0,0.5,0.2,1.0,0.5,0.7497,0.2499,0.0003,0.0001,3.4240595027543126
1,0.200133422281521,0.5,0.2,1.0,0.5,0.7497028932208408,0.24990096440694695,0.00029710677915923404,9.903559305307804e-05,3.4240595027543126
2,0.400266844563042,0.5,0.2,1.0,0.5,0.7497057585127923,0.24990191950426413,0.00029424148720770483,9.808049573590163e-05,3.4240595027543126
3,0.600400266844563,0.5,0.2,1.0,0.5,0.7497085961358485,0.2499028653786162,0.00029140386415151806,9.713462138383936e-05,3.4240595027543126
4,0.800533689126084,0.5,0.2,1.0,0.5,0.7497114063848188,0.2499038021282729,0.0002885936151813471,9.619787172711573e-05,3.4240595027543126
5,1.0006671114076051,0.5,0.2,1.0,0.5,0.7497141893870224,0.2499047297956741,0.00028581061297774024,9.527020432591342e-05,3.4240595027543126
6,1.200800533689126,0.5,0.2,1.0,0.5,0.7497169454255721,0.24990564847519064,0.00028305457442807344,9.435152480935784e-05,3.4240595027543126
7,1.400933955970647,0.5,0.2,1.0,0.5,0.7497196747747564,0.24990655825825214,0.00028032522524365716,9.344174174788574e-05,3.4240595027543126
8,1.601067378252168,0.5,0.2,1.0,0.5,0.7497223777088643,0.24990745923628807,0.0002776222911358016,9.25407637119339e-05,3.4240595027543126
9,1.801200800533689,0.5,0.2,1.0,0.5,0.7497250545021843,0.24990835150072807,0.00027494549781581707,9.164849927193906e-05,3.4240595027543126
10,2.0013342228152102,0.5,0.2,1.0,0.5,0.7497277054290051,0.24990923514300167,0.000272294570995014,9.076485699833803e-05,3.4240595027543126
11,2.201467645096731,0.5,0.2,1.0,0.5,0.7497303307636154,0.24991011025453844,0.0002696692363847025,8.988974546156755e-05,3.4240595027543126
12,2.401601067378252,0.5,0.2,1.0,0.5,0.7497329307803039,0.24991097692676795,0.00026706921969619303,8.90230732320644e-05,3.4240595027543126
13,2.601734489659773,0.5,0.2,1.0,0.5,0.7497355057533593,0.24991183525111976,0.0002644942466407959,8.816474888026535e-05,3.4240595027543126
14,2.801867911941294,0.5,0.2,1.0,0.5,0.7497380559570703,0.24991268531902341,0.00026194404292982133,8.731468097660716e-05,3.4240595027543126
15,3.002001334222815,0.5,0.2,1.0,0.5,0.7497405816657255,0.2499135272219085,0.00025941833427457967,8.64727780915266e-05,3.4240595027543126
16,3.202134756504336,0.5,0.2,1.0,0.5,0.7497430831515506,0.24991436105051684,0.0002569168484495495,8.563894948318321e-05,3.4240595027543126
17,3.402268178785857,0.5,0.2,1.0,0.5,0.7497455605320069,0.24991518684400227,0.0002544394679932482,8.481315599774944e-05,3.4240595027543126
18,3.602401601067378,0.5,0.2,1.0,0.5,0.7497480139555438,0.24991600465184788,0.00025198604445639093,8.399534815213036e-05,3.4240595027543126
19,3.802535023348899,0.5,0.2,1.0,0.5,0.7497504436570906,0.24991681455236348,0.00024955634290958165,8.318544763652726e-05,3.4240595027543126
20,4.0026684456304205,0.5,0.2,1.0,0.5,0.7497528498715768,0.24991761662385886,0.00024715012842342426,8.238337614114147e-05,3.4240595027543126
21,4.202801867911941,0.5,0.2,1.0,0.5,0.7497552328339316,0.24991841094464384,0.0002447671660685227,8.158905535617428e-05,3.4240595027543126
22,4.402935290193462,0.5,0.2,1.0,0.5,0.7497575927790847,0.2499191975930282,0.000242407220915481,8.080240697182704e-05,3.4240595027543126
23,4.603068712474983,0.5,0.2,1.0,0.5,0.7497599299419653,0.2499199766473217,0.000240070058034903,8.002335267830104e-05,3.4240595027543126
24,4.803202134756504,0.5,0.2,1.0,0.5,0.7497622445575028,0.2499207481858342,0.00023775544249739268,7.92518141657976e-05,3.4240595027543126
25,5.003335557038025,0.5,0.2,1.0,0.5,0.7497645368606266,0.2499215122868755,0.00023546313937355398,7.848771312451802e-05,3.4240595027543126
26,5.203468979319546,0.5,0.2,1.0,0.5,0.7497668070862662,0.24992226902875536,0.00023319291373399085,7.773097124466365e-05,3.4240595027543126
27,5.403602401601067,0.5,0.2,1.0,0.5,0.7497690554693509,0.24992301848978357,0.00023094453064930725,7.698151021643578e-05,3.4240595027543126
28,5.603735823882588,0.5,0.2,1.0,0.5,0.74977128224481,0.24992376074826997,0.0002287177551901071,7.623925173003573e-05,3.4240595027543126
29,5.803869246164109,0.5,0.2,1.0,0.5,0.7497734875751262,0.24992449585837537,0.00022651242487391188,7.550414162463732e-05,3.4240595027543126
30,6.00400266844563,0.5,0.2,1.0,0.5,0.749775671581957,0.2499252238606523,0.0002243284180431013,7.477613934770046e-05,3.4240595027543126
31,6.204136090727151,0.5,0.2,1.0,0.5,0.7497778344732652,0.2499259448244217,0.00022216552673493946,7.405517557831317e-05,3.4240595027543126
32,6.404269513008672,0.5,0.2,1.0,0.5,0.7497799764574841,0.24992665881916132,0.00022002354251604027,7.33411808386801e-05,3.4240595027543126
33,6.604402935290193,0.5,0.2,1.0,0.5,0.7497820977430472,0.249927365914349,0.00021790225695301772,7.263408565100592e-05,3.4240595027543126
34,6.804536357571714,0.5,0.2,1.0,0.5,0.7497841985383876,0.2499280661794625,0.0002158014616124857,7.193382053749524e-05,3.4240595027543126
35,7.004669779853235,0.5,0.2,1.0,0.5,0.7497862790519391,0.24992875968397965,0.00021372094806105816,7.124031602035274e-05,3.4240595027543126
36,7.204803202134756,0.5,0.2,1.0,0.5,0.7497883394921347,0.24992944649737822,0.0002116605078653491,7.055350262178303e-05,3.4240595027543126
37,7.404936624416277,0.5,0.2,1.0,0.5,0.7497903800674082,0.24993012668913603,0.0002096199325919724,6.987331086399081e-05,3.4240595027543126
38,7.605070046697798,0.5,0.2,1.0,0.5,0.7497924009861926,0.24993080032873083,0.00020759901380754204,6.919967126918069e-05,3.4240595027543126
39,7.805203468979319,0.5,0.2,1.0,0.5,0.7497944024569214,0.24993146748564046,0.00020559754307867195,6.853251435955732e-05,3.4240595027543126
40,8.005336891260841,0.5,0.2,1.0,0.5,0.7497963846880281,0.2499321282293427,0.00020361531197197604,6.787177065732535e-05,3.4240595027543126
41,8.205470313542362,0.5,0.2,1.0,0.5,0.7497983464718454,0.2499327821572818,0.00020165352815471025,6.721784271823675e-05,3.4240595027543126
42,8.405603735823883,0.5,0.2,1.0,0.5,0.7498002910796546,0.24993343035988483,0.00019970892034555432,6.656964011518478e-05,3.4240595027543126
43,8.605737158105404,0.5,0.2,1.0,0.5,0.7498022167874128,0.2499340722624709,0.00019778321258732994,6.592773752910999e-05,3.4240595027543126
44,8.805870580386925,0.5,0.2,1.0,0.5,0.7498041237993474,0.24993470793311573,0.00019587620065283053,6.529206688427684e-05,3.4240595027543126
45,9.006004002668446,0.5,0.2,1.0,0.5,0.7498060123177877,0.24993533743926252,0.00019398768221251652,6.466256073750551e-05,3.4240595027543126
46,9.206137424949967,0.5,0.2,1.0,0.5,0.7498078825431657,0.24993596084772185,0.00019211745683451545,6.403915227817182e-05,3.4240595027543126
47,9.406270847231488,0.5,0.2,1.0,0.5,0.7498097346740155,0.2499365782246718,0.00019026532598462182,6.342177532820728e-05,3.4240595027543126
48,9.606404269513009,0.5,0.2,1.0,0.5,0.7498115689069739,0.24993718963565792,0.0001884310930262972,6.281036434209907e-05,3.4240595027543126
49,9.80653769179453,0.5,0.2,1.0,0.5,0.7498133854367794,0.24993779514559314,0.00018661456322067012,6.220485440689004e-05,3.4240595027543126
50,10.00667111407605,0.5,0.2,1.0,0.5,0.7498151844562736,0.24993839481875785,0.0001848155437265362,6.160518124217874e-05,3.4240595027543126
51,10.206804536357572,0.5,0.2,1.0,0.5,0.7498169661563998,0.2499389887187999,0.00018303384360035806,6.101128120011936e-05,3.4240595027543126
52,10.406937958639093,0.5,0.2,1.0,0.5,0.7498187307262039,0.24993957690873458,0.00018126927379626535,6.042309126542179e-05,3.4240595027543126
53,10.607071380920614,0.5,0.2,1.0,0.5,0.74982047834025,0.24994015944674997,0.00017952165975011422,5.9840553250038084e-05,3.4240595027543126
54,10.807204803202135,0.5,0.2,1.0,0.5,0.7498222091059554,0.24994073636865183,0.00017779089404459247,5.9263631348197495e-05,3.4240595027543126
55,11.007338225483656,0.5,0.2,1.0,0.5,0.7498239231817603,0.2499413077272534,0.00017607681823981997,5.869227274660666e-05,3.4240595027543126
56,11.207471647765177,0.5,0.2,1.0,0.5,0.7498256207347367,0.24994187357824557,0.00017437926526334734,5.812642175444912e-05,3.4240595027543126
57,11.407605070046698,0.5,0.2,1.0,0.5,0.7498273019294504,0.24994243397648344,0.0001726980705496876,5.756602351656254e-05,3.4240595027543126
58,11.607738492328219,0.5,0.2,1.0,0.5,0.7498289669279598,0.24994298897598657,0.00017103307204031616,5.7011024013438726e-05,3.4240595027543126
59,11.80787191460974,0.5,0.2,1.0,0.5,0.7498306158898164,0.2499435386299388,0.00016938411018367074,5.6461370061223595e-05,3.4240595027543126
60,12.00800533689126,0.5,0.2,1.0,0.5,0.7498322489720649,0.2499440829906883,0.00016775102793515156,5.5917009311717196e-05,3.4240595027543126
61,12.208138759172781,0.5,0.2,1.0,0.5,0.749833866329243,0.24994462210974763,0.00016613367075712118,5.537789025237373e-05,3.4240595027543126
62,12.408272181454302,0.5,0.2,1.0,0.5,0.7498354681133812,0.24994515603779371,0.0001645318866189045,5.484396220630151e-05,3.4240595027543126
63,12.608405603735823,0.5,0.2,1.0,0.5,0.7498370544740033,0.24994568482466775,0.0001629455259967889,5.431517533226298e-05,3.4240595027543126
64,12.808539026017344,0.5,0.2,1.0,0.5,0.7498386255581261,0.24994620851937535,0.00016137444187402412,5.379148062467472e-05,3.4240595027543126
65,13.008672448298865,0.5,0.2,1.0,0.5,0.7498401815102592,0.2499467271700864,0.00015981848974082227,5.3272829913607435e-05,3.4240595027543126
66,13.208805870580386,0.5,0.2,1.0,0.5,0.7498417224724058,0.24994724082413522,0.00015827752759435787,5.2759175864785965e-05,3.4240595027543126
67,13.408939292861907,0.5,0.2,1.0,0.5,0.7498432485840613,0.24994774952802043,0.00015675141593876778,5.225047197958927e-05,3.4240595027543126
68,13.609072715143428,0.5,0.2,1.0,0.5,0.7498447599822149,0.24994825332740497,0.00015524001778515135,5.174667259505046e-05,3.4240595027543126
69,13.80920613742495,0.5,0.2,1.0,0.5,0.7498462568013485,0.24994875226711616,0.00015374319865157023,5.124773288385676e-05,3.4240595027543126
70,14.00933955970647,0.5,0.2,1.0,0.5,0.7498477391734371,0.24994924639114566,0.0001522608265630485,5.075360885434951e-05,3.4240595027543126
71,14.209472981987991,0.5,0.2,1.0,0.5,0.7498492072279485,0.2499497357426495,0.00015079277205157265,5.0264257350524224e-05,3.4240595027543126
72,14.409606404269512,0.5,0.2,1.0,0.5,0.749850661091844,0.24995022036394798,0.00014933890815609148,4.97796360520305e-05,3.4240595027543126
73,14.609739826551033,0.5,0.2,1.0,0.5,0.7498521008895775,0.24995070029652583,0.00014789911042251627,4.92997034741721e-05,3.4240595027543126
74,14.809873248832554,0.5,0.2,1.0,0.5,0.7498535267430964,0.2499511755810321,0.00014647325690372065,4.882441896790689e-05,3.4240595027543126
75,15.010006671114075,0.5,0.2,1.0,0.5,0.7498549388202868,0.24995164627342892,0.00014506117971329442,4.835372657109814e-05,3.4240595027543126
76,15.210140093395596,0.5,0.2,1.0,0.5,0.7498563373150976,0.24995211243836585,0.0001436626849025322,4.78875616341774e-05,3.4240595027543126
77,15.410273515677117,0.5,0.2,1.0,0.5,0.7498577223588572,0.24995257411961905,0.00014227764114289423,4.7425880380964745e-05,3.4240595027543126
78,15.610406937958638,0.5,0.2,1.0,0.5,0.7498590940806873,0.24995303136022912,0.00014090591931275464,4.696863977091822e-05,3.4240595027543126
79,15.810540360240159,0.5,0.2,1.0,0.5,0.7498604526079191,0.2499534842026397,0.0001395473920809676,4.651579736032254e-05,3.4240595027543126
80,16.010673782521682,0.5,0.2,1.0,0.5,0.7498617980660932,0.24995393268869773,0.00013820193390686738,4.606731130228913e-05,3.4240595027543126
81,16.210807204803203,0.5,0.2,1.0,0.5,0.7498631305789598,0.24995437685965327,0.00013686942104026824,4.5623140346756074e-05,3.4240595027543126
82,16.410940627084724,0.5,0.2,1.0,0.5,0.7498644502684786,0.24995481675615955,0.0001355497315214645,4.518324384048817e-05,3.4240595027543126
83,16.611074049366245,0.5,0.2,1.0,0.5,0.7498657572548189,0.24995525241827293,0.0001342427451812306,4.4747581727076866e-05,3.4240595027543126
84,16.811207471647766,0.5,0.2,1.0,0.5,0.7498670516563593,0.24995568388545308,0.00013294834364082096,4.431611454694031e-05,3.4240595027543126
85,17.011340893929287,0.5,0.2,1.0,0.5,0.7498683335896881,0.2499561111965627,0.00013166641031197007,4.3888803437323355e-05,3.4240595027543126
86,17.211474316210808,0.5,0.2,1.0,0.5,0.7498696031696032,0.24995653438986773,0.00013039683039689254,4.3465610132297514e-05,3.4240595027543126
87,17.41160773849233,0.5,0.2,1.0,0.5,0.7498708605091118,0.24995695350303726,0.00012913949088828294,4.3046496962760976e-05,3.4240595027543126
88,17.61174116077385,0.5,0.2,1.0,0.5,0.7498721057194307,0.24995736857314357,0.00012789428056931594,4.263142685643864e-05,3.4240595027543126
89,17.81187458305537,0.5,0.2,1.0,0.5,0.7498733389099864,0.24995777963666213,0.00012666109001364628,4.2220363337882085e-05,3.4240595027543126
90,18.01200800533689,0.5,0.2,1.0,0.5,0.7498745601884147,0.24995818672947157,0.0001254398115854087,4.181327052846956e-05,3.4240595027543126
91,18.212141427618413,0.5,0.2,1.0,0.5,0.7498757696605609,0.24995858988685363,0.00012423033943921807,4.1410113146406014e-05,3.4240595027543126
92,18.412274849899934,0.5,0.2,1.0,0.5,0.7498769674304799,0.2499589891434933,0.00012303256952016925,4.101085650672307e-05,3.4240595027543126
93,18.612408272181455,0.5,0.2,1.0,0.5,0.7498781536004363,0.24995938453347874,0.00012184639956383716,4.061546652127905e-05,3.4240595027543126
94,18.812541694462976,0.5,0.2,1.0,0.5,0.7498793282709039,0.24995977609030126,0.00012067172909627684,4.022390969875893e-05,3.4240595027543126
95,19.012675116744497,0.5,0.2,1.0,0.5,0.749880491540566,0.24996016384685535,0.00011950845943402329,3.983615314467442e-05,3.4240595027543126
96,19.212808539026017,0.5,0.2,1.0,0.5,0.7498816435114504,0.2499605478371501,0.00011835648854972248,3.9452162849907476e-05,3.4240595027543126
97,19.41294196130754,0.5,0.2,1.0,0.5,0.7498827843558842,0.24996092811862802,0.00011721564411592068,3.9071881371973545e-05,3.4240595027543126
98,19.61307538358906,0.5,0.2,1.0,0.5,0.7498839142043722,0.24996130473479067,0.00011608579562798432,3.869526520932809e-05,3.4240595027543126
99,19.81320880587058,0.5,0.2,1.0,0.5,0.7498850331635774,0.24996167772119243,0.00011496683642276868,3.832227880758954e-05,3.4240595027543126
100,20.0133422281521,0.5,0.2,1.0,0.5,0.7498861413390192,0.24996204711300637,0.00011385866098090124,3.795288699363373e-05,3.4240595027543126
101,20.213475650433622,0.5,0.2,1.0,0.5,0.7498872388350734,0.24996241294502441,0.0001127611649267818,3.758705497559391e-05,3.4240595027543126
102,20.413609072715143,0.5,0.2,1.0,0.5,0.7498883257549716,0.24996277525165714,0.00011167424502858228,3.7224748342860744e-05,3.4240595027543126
103,20.613742494996664,0.5,0.2,1.0,0.5,0.7498894022008019,0.24996313406693393,0.0001105977991982469,3.6865933066082284e-05,3.4240595027543126
104,20.813875917278185,0.5,0.2,1.0,0.5,0.7498904682735086,0.24996348942450283,0.0001095317264914921,3.651057549716402e-05,3.4240595027543126
105,21.014009339559706,0.5,0.2,1.0,0.5,0.7498915240728923,0.24996384135763075,0.00010847592710780655,3.615864236926883e-05,3.4240595027543126
106,21.214142761841227,0.5,0.2,1.0,0.5,0.7498925696976096,0.2499641898992032,0.00010743030239045112,3.581010079681702e-05,3.4240595027543126
107,21.41427618412275,0.5,0.2,1.0,0.5,0.7498936052451737,0.24996453508172453,0.00010639475482645893,3.546491827548629e-05,3.4240595027543126
108,21.61440960640427,0.5,0.2,1.0,0.5,0.7498946308119535,0.2499648769373178,0.00010536918804663535,3.5123062682211766e-05,3.4240595027543126
109,21.81454302868579,0.5,0.2,1.0,0.5,0.7498956464931745,0.24996521549772482,0.00010435350682555796,3.4784502275185966e-05,3.4240595027543126
110,22.01467645096731,0.5,0.2,1.0,0.5,0.7498966523829186,0.24996555079430616,0.00010334761708157656,3.444920569385883e-05,3.4240595027543126
111,22.214809873248832,0.5,0.2,1.0,0.5,0.7498976485741233,0.24996588285804108,0.0001023514258768132,3.411714195893771e-05,3.4240595027543126
112,22.414943295530353,0.5,0.2,1.0,0.5,0.7498986351585829,0.24996621171952763,0.00010136484141716214,3.3788280472387356e-05,3.4240595027543126
113,22.615076717811874,0.5,0.2,1.0,0.5,0.7498996122269478,0.2499665374089826,0.00010038777305228989,3.346259101742994e-05,3.4240595027543126
114,22.815210140093395,0.5,0.2,1.0,0.5,0.7499005798687245,0.24996685995624146,9.94201312756352e-05,3.3140043758545044e-05,3.4240595027543126
115,23.015343562374916,0.5,0.2,1.0,0.5,0.7499015381722757,0.24996717939075855,9.8461827724409e-05,3.282060924146964e-05,3.4240595027543126
116,23.215476984656437,0.5,0.2,1.0,0.5,0.7499024872248206,0.24996749574160682,9.751277517959449e-05,3.250425839319814e-05,3.4240595027543126
117,23.415610406937958,0.5,0.2,1.0,0.5,0.7499034271124342,0.24996780903747803,9.657288756594709e-05,3.219096252198234e-05,3.4240595027543126
118,23.61574382921948,0.5,0.2,1.0,0.5,0.74990435792764,0.24996811930921328,9.564207236014886e-05,3.188069078671626e-05,3.4240595027543126
119,23.815877251501,0.5,0.2,1.0,0.5,0.7499052797766861,0.24996842659222868,9.472022331396365e-05,3.1573407771321196e-05,3.4240595027543126
120,24.01601067378252,0.5,0.2,1.0,0.5,0.749906192747446,0.24996873091581528,9.380725255416313e-05,3.1269084184721024e-05,3.4240595027543126
121,24.216144096064042,0.5,0.2,1.0,0.5,0.7499070969257465,0.24996903230858217,9.290307425351303e-05,3.096769141783766e-05,3.4240595027543126
122,24.416277518345563,0.5,0.2,1.0,0.5,0.7499079923964532,0.2499693307988177,9.200760354687303e-05,3.066920118229099e-05,3.4240595027543126
123,24.616410940627084,0.5,0.2,1.0,0.5,0.7499088792434689,0.2499696264144896,9.112075653119675e-05,3.0373585510398895e-05,3.4240595027543126
124,24.816544362908605,0.5,0.2,1.0,0.5,0.7499097575497345,0.24996991918324482,9.024245026553171e-05,3.0080816755177217e-05,3.4240595027543126
125,25.016677785190126,0.5,0.2,1.0,0.5,0.749910627397229,0.24997020913240967,8.937260277101944e-05,2.9790867590339795e-05,3.4240595027543126
126,25.216811207471647,0.5,0.2,1.0,0.5,0.7499114888669692,0.2499704962889897,8.851113303089535e-05,2.9503711010298433e-05,3.4240595027543126
127,25.416944629753168,0.5,0.2,1.0,0.5,0.7499123420390096,0.24997078067966982,8.765796099048882e-05,2.9219320330162924e-05,3.4240595027543126
128,25.61707805203469,0.5,0.2,1.0,0.5,0.7499131869924429,0.24997106233081426,8.681300755722315e-05,2.8937669185741038e-05,3.4240595027543126
129,25.81721147431621,0.5,0.2,1.0,0.5,0.7499140238053995,0.24997134126846646,8.59761946006156e-05,2.865873153353852e-05,3.4240595027543126
130,26.01734489659773,0.5,0.2,1.0,0.5,0.7499148525550479,0.24997161751834923,8.514744495227734e-05,2.83824816507591e-05,3.4240595027543126
131,26.21747831887925,0.5,0.2,1.0,0.5,0.7499156733175942,0.24997189110586468,8.432668240591348e-05,2.8108894135304482e-05,3.4240595027543126
132,26.417611741160773,0.5,0.2,1.0,0.5,0.7499164861682828,0.2499721620560942,8.35138317173231e-05,2.7837943905774354e-05,3.4240595027543126
133,26.617745163442294,0.5,0.2,1.0,0.5,0.7499172911813957,0.24997243039379852,8.27088186043992e-05,2.7569606201466388e-05,3.4240595027543126
134,26.817878585723815,0.5,0.2,1.0,0.5,0.749918088430253,0.2499726961434176,8.191156974712869e-05,2.730385658237622e-05,3.4240595027543126
135,27.018012008005336,0.5,0.2,1.0,0.5,0.7499188779872125,0.2499729593290708,8.112201278759246e-05,2.704067092919748e-05,3.4240595027543126
136,27.218145430286857,0.5,0.2,1.0,0.5,0.7499196599236702,0.24997321997455668,8.034007632996534e-05,2.678002544332177e-05,3.4240595027543126
137,27.418278852568378,0.5,0.2,1.0,0.5,0.7499204343100596,0.24997347810335316,7.956568994051606e-05,2.6521896646838675e-05,3.4240595027543126
138,27.6184122748499,0.5,0.2,1.0,0.5,0.7499212012158525,0.24997373373861745,7.879878414760731e-05,2.626626138253576e-05,3.4240595027543126
139,27.81854569713142,0.5,0.2,1.0,0.5,0.7499219603797482,0.24997398679324936,7.803962025187067e-05,2.601320675062355e-05,3.4240595027543126
140,28.01867911941294,0.5,0.2,1.0,0.5,0.7499227126181242,0.24997423753937467,7.728738187591111e-05,2.5762460625303696e-05,3.4240595027543126
141,28.21881254169446,0.5,0.2,1.0,0.5,0.7499234575999499,0.24997448586664994,7.654240005012475e-05,2.551413335004158e-05,3.4240595027543126
142,28.418945963975982,0.5,0.2,1.0,0.5,0.7499241953969332,0.2499747317989777,7.58046030668168e-05,2.526820102227226e-05,3.4240595027543126
143,28.619079386257503,0.5,0.2,1.0,0.5,0.7499249260798381,0.249974975359946,7.50739201619424e-05,2.5024640053980793e-05,3.4240595027543126
144,28.819212808539024,0.5,0.2,1.0,0.5,0.7499256497184936,0.24997521657283117,7.43502815064275e-05,2.4783427168809158e-05,3.4240595027543126
145,29.019346230820545,0.5,0.2,1.0,0.5,0.7499263663818025,0.24997545546060082,7.363361819748954e-05,2.454453939916318e-05,3.4240595027543126
146,29.219479653102066,0.5,0.2,1.0,0.5,0.7499270761377501,0.24997569204591666,7.292386224995832e-05,2.4307954083319435e-05,3.4240595027543126
147,29.419613075383587,0.5,0.2,1.0,0.5,0.7499277790534125,0.24997592635113744,7.222094658759656e-05,2.4073648862532184e-05,3.4240595027543126
148,29.61974649766511,0.5,0.2,1.0,0.5,0.7499284751949656,0.24997615839832182,7.152480503442085e-05,2.384160167814028e-05,3.4240595027543126
149,29.81987991994663,0.5,0.2,1.0,0.5,0.749929164627694,0.2499763882092313,7.083537230602231e-05,2.3611790768674098e-05,3.4240595027543126
150,30.02001334222815,0.5,0.2,1.0,0.5,0.7499298474159992,0.249976615805333,7.015258400088732e-05,2.3384194666962436e-05,3.4240595027543126
151,30.22014676450967,0.5,0.2,1.0,0.5,0.7499305236234084,0.24997684120780272,6.947637659171835e-05,2.3158792197239446e-05,3.4240595027543126
152,30.420280186791192,0.5,0.2,1.0,0.5,0.7499311933125833,0.24997706443752774,6.880668741675468e-05,2.2935562472251558e-05,3.4240595027543126
153,30.620413609072713,0.5,0.2,1.0,0.5,0.749931856545329,0.24997728551510962,6.814345467109315e-05,2.271448489036438e-05,3.4240595027543126
154,30.820547031354234,0.5,0.2,1.0,0.5,0.749932513382602,0.2499775044608673,6.748661739800891e-05,2.249553913266963e-05,3.4240595027543126
155,31.020680453635755,0.5,0.2,1.0,0.5,0.7499331638845198,0.2499777212948399,6.683611548027619e-05,2.227870516009206e-05,3.4240595027543126
156,31.220813875917276,0.5,0.2,1.0,0.5,0.7499338081103686,0.24997793603678947,6.619188963148906e-05,2.206396321049635e-05,3.4240595027543126
157,31.420947298198797,0.5,0.2,1.0,0.5,0.7499344461186127,0.2499781487062042,6.555388138738219e-05,2.1851293795794057e-05,3.4240595027543126
158,31.621080720480318,0.5,0.2,1.0,0.5,0.749935077966903,0.24997835932230092,6.492203309715155e-05,2.1640677699050513e-05,3.4240595027543126
159,31.82121414276184,0.5,0.2,1.0,0.5,0.7499357037120853,0.2499785679040284,6.429628791477524e-05,2.1432095971591745e-05,3.4240595027543126
160,32.021347565043364,0.5,0.2,1.0,0.5,0.7499363234102098,0.24997877447006986,6.367658979033421e-05,2.12255299301114e-05,3.4240595027543126
161,32.22148098732488,0.5,0.2,1.0,0.5,0.7499369371205946,0.2499789790401981,6.306287940554297e-05,2.102095980184765e-05,3.4240595027543126
162,32.421614409606406,0.5,0.2,1.0,0.5,0.7499375449205948,0.2499791816401982,6.245507940532284e-05,2.0818359801774274e-05,3.4240595027543126
163,32.62174783188792,0.5,0.2,1.0,0.5,0.7499381468700608,0.24997938229002015,6.185312993941398e-05,2.0617709979804656e-05,3.4240595027543126
164,32.82188125416945,0.5,0.2,1.0,0.5,0.7499387430251068,0.24997958100836884,6.125697489341294e-05,2.0418991631137643e-05,3.4240595027543126
165,33.022014676450965,0.5,0.2,1.0,0.5,0.7499393334412316,0.24997977781374378,6.066655876852413e-05,2.0222186256174706e-05,3.4240595027543126
166,33.22214809873249,0.5,0.2,1.0,0.5,0.7499399181733297,0.24997997272444314,6.0081826670462616e-05,2.0027275556820868e-05,3.4240595027543126
167,33.42228152101401,0.5,0.2,1.0,0.5,0.7499404972757018,0.24998016575856719,5.950272429835732e-05,1.9834241432785768e-05,3.4240595027543126
168,33.62241494329553,0.5,0.2,1.0,0.5,0.7499410708020665,0.24998035693402207,5.8929197933653874e-05,1.964306597788462e-05,3.4240595027543126
169,33.82254836557705,0.5,0.2,1.0,0.5,0.7499416388055711,0.24998054626852362,5.8361194429017786e-05,1.9453731476339255e-05,3.4240595027543126
170,34.02268178785857,0.5,0.2,1.0,0.5,0.749942201338803,0.2499807337796009,5.779866119723725e-05,1.926622039907908e-05,3.4240595027543126
171,34.22281521014009,0.5,0.2,1.0,0.5,0.7499427584538,0.2499809194845999,5.724154620012638e-05,1.9080515400042117e-05,3.4240595027543126
172,34.422948632421615,0.5,0.2,1.0,0.5,0.7499433102020627,0.2499811034006875,5.668979793742798e-05,1.8896599312475982e-05,3.4240595027543126
173,34.62308205470313,0.5,0.2,1.0,0.5,0.7499438566345644,0.24998128554485471,5.614336543571675e-05,1.871445514523891e-05,3.4240595027543126
174,34.82321547698466,0.5,0.2,1.0,0.5,0.7499443978017628,0.24998146593392087,5.560219823730217e-05,1.8534066079100714e-05,3.4240595027543126
175,35.023348899266175,0.5,0.2,1.0,0.5,0.749944933753611,0.24998164458453692,5.5066246389131575e-05,1.835541546304385e-05,3.4240595027543126
176,35.2234823215477,0.5,0.2,1.0,0.5,0.7499454645395685,0.2499818215131894,5.4535460431693097e-05,1.8178486810564354e-05,3.4240595027543126
177,35.42361574382922,0.5,0.2,1.0,0.5,0.7499459902086122,0.249981996736204,5.400979138791875e-05,1.8003263795972906e-05,3.4240595027543126
178,35.62374916611074,0.5,0.2,1.0,0.5,0.749946510809248,0.24998217026974928,5.3489190752087346e-05,1.7829730250695774e-05,3.4240595027543126
179,35.82388258839226,0.5,0.2,1.0,0.5,0.7499470263895214,0.24998234212984038,5.2973610478727624e-05,1.765787015957586e-05,3.4240595027543126
180,36.02401601067378,0.5,0.2,1.0,0.5,0.7499475369970287,0.24998251233234278,5.246300297152108e-05,1.7487667657173682e-05,3.4240595027543126
181,36.2241494329553,0.5,0.2,1.0,0.5,0.7499480426789279,0.2499826808929759,5.1957321072205184e-05,1.7319107024068384e-05,3.4240595027543126
182,36.424282855236825,0.5,0.2,1.0,0.5,0.7499485434819506,0.2499828478273168,5.145651804947619e-05,1.7152172683158718e-05,3.4240595027543126
183,36.62441627751834,0.5,0.2,1.0,0.5,0.7499490394524122,0.249983013150804,5.0960547587892314e-05,1.698684919596409e-05,3.4240595027543126
184,36.82454969979987,0.5,0.2,1.0,0.5,0.7499495306362234,0.24998317687874103,5.046936377677657e-05,1.682312125892551e-05,3.4240595027543126
185,37.024683122081385,0.5,0.2,1.0,0.5,0.7499500170789011,0.24998333902630027,4.9982921099119954e-05,1.6660973699706638e-05,3.4240595027543126
186,37.22481654436291,0.5,0.2,1.0,0.5,0.7499504988255796,0.24998349960852648,4.950117442048429e-05,1.650039147349475e-05,3.4240595027543126
187,37.42494996664443,0.5,0.2,1.0,0.5,0.7499509759210222,0.24998365864034067,4.9024078977905355e-05,1.6341359659301773e-05,3.4240595027543126
188,37.62508338892595,0.5,0.2,1.0,0.5,0.7499514484096313,0.2499838161365437,4.855159036879581e-05,1.6183863456265256e-05,3.4240595027543126
189,37.82521681120747,0.5,0.2,1.0,0.5,0.7499519163354603,0.24998397211182002,4.808366453984827e-05,1.602788817994941e-05,3.4240595027543126
190,38.02535023348899,0.5,0.2,1.0,0.5,0.7499523797422242,0.24998412658074132,4.762025777593823e-05,1.5873419258646062e-05,3.4240595027543126
191,38.22548365577051,0.5,0.2,1.0,0.5,0.7499528386733111,0.24998427955777028,4.7161326689027174e-05,1.572044222967571e-05,3.4240595027543126
192,38.425617078052035,0.5,0.2,1.0,0.5,0.749953293171793,0.24998443105726428,4.670682820706546e-05,1.556894273568847e-05,3.4240595027543126
193,38.62575050033355,0.5,0.2,1.0,0.5,0.7499537432804373,0.24998458109347899,4.6256719562895466e-05,1.5418906520965143e-05,3.4240595027543126
194,38.82588392261508,0.5,0.2,1.0,0.5,0.749954189041717,0.24998472968057225,4.581095828315446e-05,1.5270319427718137e-05,3.4240595027543126
195,39.026017344896594,0.5,0.2,1.0,0.5,0.749954630497823,0.24998487683260756,4.536950217717771e-05,1.5123167392392555e-05,3.4240595027543126
196,39.22615076717812,0.5,0.2,1.0,0.5,0.7499550676906742,0.249985022563558,4.493230932590142e-05,1.4977436441967126e-05,3.4240595027543126
197,39.426284189459636,0.5,0.2,1.0,0.5,0.7499555006608555,0.24998516688695174,4.449933914467669e-05,1.4833113048225554e-05,3.4240595027543126
198,39.62641761174116,0.5,0.2,1.0,0.5,0.7499559294399311,0.24998530981331027,4.4070560069062284e-05,1.4690186689687415e-05,3.4240595027543126
199,39.82655103402268,0.5,0.2,1.0,0.5,0.7499563540656254,0.24998545135520836,4.364593437475502e-05,1.4548644791584995e-05,3.4240595027543126
200,40.0266844563042,0.5,0.2,1.0,0.5,0.7499567745775,0.24998559152583322,4.3225422500189653e-05,1.4408474166729875e-05,3.4240595027543126
201,40.22681787858572,0.5,0.2,1.0,0.5,0.7499571910148402,0.24998573033827995,4.2808985160017936e-05,1.426966172000597e-05,3.4240595027543126
202,40.426951300867245,0.5,0.2,1.0,0.5,0.7499576034166651,0.24998586780555493,4.2396583335073596e-05,1.4132194445024524e-05,3.4240595027543126
203,40.62708472314876,0.5,0.2,1.0,0.5,0.7499580118217378,0.24998600394057918,4.1988178262337534e-05,1.399605942077917e-05,3.4240595027543126
204,40.82721814543029,0.5,0.2,1.0,0.5,0.7499584162685753,0.24998613875619166,4.158373142490282e-05,1.3861243808300932e-05,3.4240595027543126
205,41.027351567711804,0.5,0.2,1.0,0.5,0.7499588167954583,0.24998627226515263,4.118320454193988e-05,1.3727734847313287e-05,3.4240595027543126
206,41.22748498999333,0.5,0.2,1.0,0.5,0.7499592134404415,0.24998640448014706,4.078655955866149e-05,1.3595519852887159e-05,3.4240595027543126
207,41.427618412274846,0.5,0.2,1.0,0.5,0.7499596062413639,0.24998653541378785,4.0393758636287977e-05,1.346458621209599e-05,3.4240595027543126
208,41.62775183455637,0.5,0.2,1.0,0.5,0.7499599952358582,0.24998666507861927,4.000476414201219e-05,1.3334921380670729e-05,3.4240595027543126
209,41.82788525683789,0.5,0.2,1.0,0.5,0.7499603804613612,0.2499867934871203,3.961953863896472e-05,1.3206512879654904e-05,3.4240595027543126
210,42.02801867911941,0.5,0.2,1.0,0.5,0.749960761955124,0.24998692065170788,3.9238044876178836e-05,1.3079348292059613e-05,3.4240595027543126
211,42.22815210140093,0.5,0.2,1.0,0.5,0.7499611397542216,0.24998704658474044,3.886024577855576e-05,1.2953415259518587e-05,3.4240595027543126
212,42.428285523682455,0.5,0.2,1.0,0.5,0.7499615138955633,0.24998717129852102,3.8486104436829584e-05,1.2828701478943197e-05,3.4240595027543126
213,42.62841894596397,0.5,0.2,1.0,0.5,0.7499618844159026,0.24998729480530077,3.8115584097532504e-05,1.2705194699177504e-05,3.4240595027543126
214,42.8285523682455,0.5,0.2,1.0,0.5,0.7499622513518472,0.2499874171172823,3.774864815295978e-05,1.2582882717653266e-05,3.4240595027543126
215,43.028685790527014,0.5,0.2,1.0,0.5,0.749962614739869,0.2499875382466229,3.7385260131134985e-05,1.2461753377045e-05,3.4240595027543126
216,43.22881921280854,0.5,0.2,1.0,0.5,0.7499629746163144,0.24998765820543803,3.7025383685774916e-05,1.2341794561924979e-05,3.4240595027543126
217,43.428952635090056,0.5,0.2,1.0,0.5,0.749963331017414,0.24998777700580455,3.666898258625484e-05,1.2222994195418289e-05,3.4240595027543126
218,43.62908605737158,0.5,0.2,1.0,0.5,0.7499636839792926,0.2499878946597641,3.631602070757348e-05,1.2105340235857839e-05,3.4240595027543126
219,43.8292194796531,0.5,0.2,1.0,0.5,0.7499640335379798,0.2499880111793265,3.5966462020318204e-05,1.1988820673439414e-05,3.4240595027543126
220,44.02935290193462,0.5,0.2,1.0,0.5,0.7499643797294195,0.24998812657647307,3.562027058062999e-05,1.1873423526876677e-05,3.4240595027543126
221,44.22948632421614,0.5,0.2,1.0,0.5,0.74996472258948,0.2499882408631599,3.5277410520168655e-05,1.1759136840056234e-05,3.4240595027543126
222,44.429619746497664,0.5,0.2,1.0,0.5,0.7499650621539641,0.24998835405132128,3.493784603607783e-05,1.1645948678692628e-05,3.4240595027543126
223,44.62975316877918,0.5,0.2,1.0,0.5,0.7499653984586192,0.24998846615287298,3.460154138095015e-05,1.1533847126983402e-05,3.4240595027543126
224,44.829886591060706,0.5,0.2,1.0,0.5,0.7499657315391474,0.2499885771797157,3.426846085279224e-05,1.14228202842641e-05,3.4240595027543126
225,45.030020013342224,0.5,0.2,1.0,0.5,0.7499660614312151,0.2499886871437383,3.3938568784989925e-05,1.131285626166333e-05,3.4240595027543126
226,45.23015343562375,0.5,0.2,1.0,0.5,0.7499663881704639,0.2499887960568212,3.361182953627321e-05,1.120394317875776e-05,3.4240595027543126
227,45.430286857905266,0.5,0.2,1.0,0.5,0.7499667117925195,0.24998890393083972,3.3288207480681463e-05,1.109606916022718e-05,3.4240595027543126
228,45.63042028018679,0.5,0.2,1.0,0.5,0.7499670323330027,0.24998901077766744,3.296766699752843e-05,1.0989222332509504e-05,3.4240595027543126
229,45.83055370246831,0.5,0.2,1.0,0.5,0.7499673498275388,0.2499891166091795,3.265017246136739e-05,1.0883390820455829e-05,3.4240595027543126
230,46.03068712474983,0.5,0.2,1.0,0.5,0.7499676643117682,0.24998922143725597,3.233568823195621e-05,1.0778562743985436e-05,3.4240595027543126
231,46.23082054703135,0.5,0.2,1.0,0.5,0.749967975821356,0.2499893252737852,3.2024178644222445e-05,1.067472621474085e-05,3.4240595027543126
232,46.430953969312874,0.5,0.2,1.0,0.5,0.7499682843920019,0.2499894281306672,3.1715607998228414e-05,1.0571869332742844e-05,3.4240595027543126
233,46.63108739159439,0.5,0.2,1.0,0.5,0.7499685900562704,0.24998953001875665,3.140994372984879e-05,1.0469981243282971e-05,3.4240595027543126
234,46.831220813875916,0.5,0.2,1.0,0.5,0.7499688927957884,0.24998963093192933,3.1107204211779464e-05,1.0369068070593197e-05,3.4240595027543126
235,47.03135423615743,0.5,0.2,1.0,0.5,0.7499691926210269,0.24998973087367551,3.080737897327151e-05,1.0269126324423882e-05,3.4240595027543126
236,47.23148765843896,0.5,0.2,1.0,0.5,0.7499694895599165,0.24998982985330537,3.0510440083720406e-05,1.0170146694573519e-05,3.4240595027543126
237,47.431621080720475,0.5,0.2,1.0,0.5,0.7499697836401233,0.24998992788004099,3.0216359876814225e-05,1.0072119958938127e-05,3.4240595027543126
238,47.631754503002,0.5,0.2,1.0,0.5,0.7499700748890535,0.2499900249630177,2.9925110946684764e-05,9.97503698222831e-06,3.4240595027543126
239,47.83188792528352,0.5,0.2,1.0,0.5,0.7499703633338561,0.24999012111128524,2.963666614405886e-05,9.878888714686345e-06,3.4240595027543126
240,48.03202134756504,0.5,0.2,1.0,0.5,0.7499706490014277,0.24999021633380913,2.9350998572409543e-05,9.783666190803243e-06,3.4240595027543126
241,48.23215476984656,0.5,0.2,1.0,0.5,0.749970931918416,0.24999031063947189,2.9068081584107315e-05,9.689360528035836e-06,3.4240595027543126
242,48.432288192128084,0.5,0.2,1.0,0.5,0.7499712121112236,0.2499904040370744,2.8787888776571325e-05,9.595962925523843e-06,3.4240595027543126
243,48.6324216144096,0.5,0.2,1.0,0.5,0.7499714896060118,0.24999049653533711,2.8510393988420647e-05,9.503464662806954e-06,3.4240595027543126
244,48.832555036691126,0.5,0.2,1.0,0.5,0.7499717644287045,0.2499905881429014,2.8235571295625437e-05,9.411857098541886e-06,3.4240595027543126
245,49.03268845897264,0.5,0.2,1.0,0.5,0.7499720366049926,0.2499906788683307,2.7963395007658242e-05,9.32113166921949e-06,3.4240595027543126
246,49.23282188125417,0.5,0.2,1.0,0.5,0.7499723061603365,0.24999076872011206,2.7693839663645126e-05,9.231279887881789e-06,3.4240595027543126
247,49.432955303535685,0.5,0.2,1.0,0.5,0.7499725731199717,0.2499908577066571,2.7426880028517e-05,9.142293342839082e-06,3.4240595027543126
248,49.63308872581721,0.5,0.2,1.0,0.5,0.749972837508911,0.24999094583630355,2.716249108916074e-05,9.054163696386998e-06,3.4240595027543126
249,49.83322214809873,0.5,0.2,1.0,0.5,0.7499730993519496,0.2499910331173164,2.6900648050570512e-05,8.966882683523592e-06,3.4240595027543126
250,50.03335557038025,0.5,0.2,1.0,0.5,0.7499733586736682,0.24999111955788927,2.6641326331998904e-05,8.880442110666392e-06,3.4240595027543126
251,50.23348899266177,0.5,0.2,1.0,0.5,0.7499736154984371,0.24999120516614556,2.6384501563108236e-05,8.794833854369506e-06,3.4240595027543126
252,50.433622414943294,0.5,0.2,1.0,0.5,0.74997386985042,0.2499912899501399,2.6130149580121708e-05,8.710049860040665e-06,3.4240595027543126
253,50.63375583722481,0.5,0.2,1.0,0.5,0.7499741217535782,0.24999137391785928,2.5878246421974682e-05,8.626082140658326e-06,3.4240595027543126
254,50.833889259506336,0.5,0.2,1.0,0.5,0.7499743712316738,0.24999145707722445,2.5628768326465865e-05,8.542922775488722e-06,3.4240595027543126
255,51.03402268178785,0.5,0.2,1.0,0.5,0.7499746183082737,0.24999153943609112,2.5381691726408574e-05,8.460563908802961e-06,3.4240595027543126
256,51.23415610406938,0.5,0.2,1.0,0.5,0.7499748630067544,0.24999162100225134,2.513699324578191e-05,8.378997748594075e-06,3.4240595027543126
257,51.4342895263509,0.5,0.2,1.0,0.5,0.7499751053503043,0.24999170178343463,2.4894649695882037e-05,8.298216565294119e-06,3.4240595027543126
258,51.63442294863242,0.5,0.2,1.0,0.5,0.7499753453619287,0.24999178178730944,2.4654638071473372e-05,8.218212690491233e-06,3.4240595027543126
259,51.834556370913944,0.5,0.2,1.0,0.5,0.7499755830644532,0.2499918610214843,2.44169355469398e-05,8.138978515646712e-06,3.4240595027543126
260,52.03468979319546,0.5,0.2,1.0,0.5,0.7499758184805277,0.24999193949350912,2.4181519472435944e-05,8.060506490812094e-06,3.4240595027543126
261,52.234823215476986,0.5,0.2,1.0,0.5,0.7499760516326301,0.24999201721087658,2.3948367370038333e-05,7.982789123346224e-06,3.4240595027543126
262,52.4349566377585,0.5,0.2,1.0,0.5,0.7499762825430702,0.2499920941810233,2.3717456929896674e-05,7.90581897663234e-06,3.4240595027543126
263,52.63509006004003,0.5,0.2,1.0,0.5,0.7499765112339938,0.24999217041133112,2.3488766006385034e-05,7.829588668795129e-06,3.4240595027543126
264,52.835223482321545,0.5,0.2,1.0,0.5,0.7499767377273859,0.24999224590912852,2.3262272614253124e-05,7.754090871417827e-06,3.4240595027543126
265,53.03535690460307,0.5,0.2,1.0,0.5,0.7499769620450754,0.24999232068169167,2.303795492477744e-05,7.679318308259266e-06,3.4240595027543126
266,53.23549032688459,0.5,0.2,1.0,0.5,0.7499771842087383,0.24999239473624596,2.2815791261912574e-05,7.6052637539709775e-06,3.4240595027543126
267,53.43562374916611,0.5,0.2,1.0,0.5,0.7499774042399018,0.2499924680799671,2.259576009844236e-05,7.5319200328142406e-06,3.4240595027543126
268,53.63575717144763,0.5,0.2,1.0,0.5,0.749977622159948,0.24999254071998256,2.237784005213118e-05,7.45928001737718e-06,3.4240595027543126
269,53.835890593729154,0.5,0.2,1.0,0.5,0.7499778379899302,0.2499926126633099,2.2162010070002777e-05,7.3873366900010455e-06,3.4240595027543126
270,54.03602401601067,0.5,0.2,1.0,0.5,0.749978051742875,0.2499926839142915,2.1948257125242675e-05,7.316085708414345e-06,3.4240595027543126
271,54.236157438292196,0.5,0.2,1.0,0.5,0.7499782634345401,0.24999275447817987,2.173656546017615e-05,7.245521820058837e-06,3.4240595027543126
272,54.43629086057371,0.5,0.2,1.0,0.5,0.7499784730844538,0.24999282436148443,2.152691554647601e-05,7.175638515492122e-06,3.4240595027543126
273,54.63642428285524,0.5,0.2,1.0,0.5,0.7499786807119613,0.2499928935706536,2.131928803896964e-05,7.106429346323332e-06,3.4240595027543126
274,54.836557705136755,0.5,0.2,1.0,0.5,0.7499788863362274,0.24999296211207564,2.1113663772809184e-05,7.037887924269845e-06,3.4240595027543126
275,55.03669112741828,0.5,0.2,1.0,0.5,0.7499790899762396,0.2499930299920797,2.0910023760641625e-05,6.970007920213992e-06,3.4240595027543126
276,55.2368245496998,0.5,0.2,1.0,0.5,0.7499792916508105,0.24999309721693666,2.0708349189778972e-05,6.902783063259773e-06,3.4240595027543126
277,55.43695797198132,0.5,0.2,1.0,0.5,0.7499794913785809,0.24999316379286013,2.050862141936831e-05,6.836207139789551e-06,3.4240595027543126
278,55.63709139426284,0.5,0.2,1.0,0.5,0.7499796891780227,0.2499932297260074,2.0310821977562005e-05,6.770273992520782e-06,3.4240595027543126
279,55.837224816544364,0.5,0.2,1.0,0.5,0.7499798850674416,0.24999329502248036,2.011493255868777e-05,6.704977519562701e-06,3.4240595027543126
280,56.03735823882588,0.5,0.2,1.0,0.5,0.7499800790649799,0.24999335968832645,1.9920935020418837e-05,6.640311673473055e-06,3.4240595027543126
281,56.237491661107406,0.5,0.2,1.0,0.5,0.7499802711886193,0.24999342372953962,1.9728811380944042e-05,6.576270460314789e-06,3.4240595027543126
282,56.43762508338892,0.5,0.2,1.0,0.5,0.7499804614561841,0.2499934871520612,1.9538543816138004e-05,6.512847938712774e-06,3.4240595027543126
283,56.63775850567045,0.5,0.2,1.0,0.5,0.7499806498853435,0.249993549961781,1.935011465673119e-05,6.450038218910501e-06,3.4240595027543126
284,56.837891927951965,0.5,0.2,1.0,0.5,0.7499808364936148,0.24999361216453808,1.9163506385480114e-05,6.3878354618268065e-06,3.4240595027543126
285,57.03802535023349,0.5,0.2,1.0,0.5,0.749981021298366,0.2499936737661218,1.8978701634337385e-05,6.326233878112562e-06,3.4240595027543126
286,57.23815877251501,0.5,0.2,1.0,0.5,0.7499812043168187,0.2499937347722727,1.8795683181621916e-05,6.265227727207403e-06,3.4240595027543126
287,57.43829219479653,0.5,0.2,1.0,0.5,0.7499813855660511,0.24999379518868353,1.8614433949188972e-05,6.204811316396419e-06,3.4240595027543126
288,57.63842561707805,0.5,0.2,1.0,0.5,0.7499815650630006,0.24999385502100005,1.843493699960037e-05,6.1449789998668825e-06,3.4240595027543126
289,57.83855903935957,0.5,0.2,1.0,0.5,0.749981742824467,0.24999391427482215,1.8257175533294543e-05,6.085725177764937e-06,3.4240595027543126
290,58.03869246164109,0.5,0.2,1.0,0.5,0.7499819188671145,0.24999397295570466,1.808113288575672e-05,6.027044295252326e-06,3.4240595027543126
291,58.238825883922615,0.5,0.2,1.0,0.5,0.7499820932074756,0.24999403106915835,1.790679252468901e-05,5.9689308415630864e-06,3.4240595027543126
292,58.43895930620413,0.5,0.2,1.0,0.5,0.749982265861953,0.24999408862065087,1.7734138047180566e-05,5.911379349060269e-06,3.4240595027543126
293,58.63909272848566,0.5,0.2,1.0,0.5,0.7499824368468234,0.24999414561560762,1.7563153176877677e-05,5.854384392292636e-06,3.4240595027543126
294,58.839226150767175,0.5,0.2,1.0,0.5,0.7499826061782391,0.24999420205941286,1.739382176115394e-05,5.797940587051387e-06,3.4240595027543126
295,59.0393595730487,0.5,0.2,1.0,0.5,0.749982773872232,0.24999425795741048,1.7226127768280325e-05,5.742042589426845e-06,3.4240595027543126
296,59.23949299533022,0.5,0.2,1.0,0.5,0.7499829399447157,0.24999431331490507,1.7060055284595376e-05,5.686685094865191e-06,3.4240595027543126
297,59.43962641761174,0.5,0.2,1.0,0.5,0.7499831044114886,0.2499943681371627,1.6895588511675265e-05,5.631862837225151e-06,3.4240595027543126
298,59.63975983989326,0.5,0.2,1.0,0.5,0.7499832672882367,0.24999442242941208,1.6732711763503986e-05,5.57757058783472e-06,3.4240595027543126
299,59.83989326217478,0.5,0.2,1.0,0.5,0.7499834285905366,0.24999447619684537,1.657140946364342e-05,5.523803154547862e-06,3.4240595027543126
300,60.0400266844563,0.5,0.2,1.0,0.5,0.7499835883338578,0.2499945294446191,1.6411666142403526e-05,5.470555380801226e-06,3.4240595027543126
301,60.240160106737825,0.5,0.2,1.0,0.5,0.7499837465335663,0.24999458217785525,1.6253466434012404e-05,5.417822144670849e-06,3.4240595027543126
302,60.44029352901934,0.5,0.2,1.0,0.5,0.7499839032049265,0.249994634401642,1.609679507378648e-05,5.3655983579288705e-06,3.4240595027543126
303,60.64042695130087,0.5,0.2,1.0,0.5,0.749984058363105,0.24999468612103481,1.594163689530059e-05,5.313878965100235e-06,3.4240595027543126
304,60.840560373582385,0.5,0.2,1.0,0.5,0.7499842120231727,0.2499947373410574,1.5787976827558128e-05,5.2626589425194116e-06,3.4240595027543126
305,61.04069379586391,0.5,0.2,1.0,0.5,0.7499843642000977,0.2499947880666991,1.5635799902493423e-05,5.211933300831172e-06,3.4240595027543126
306,61.24082721814543,0.5,0.2,1.0,0.5,0.7499845149053637,0.24999483830178776,1.5485094636489832e-05,5.1616982121633045e-06,3.4240595027543126
307,61.44096064042695,0.5,0.2,1.0,0.5,0.7499846641506218,0.24999488805020714,1.5335849378347734e-05,5.111949792782601e-06,3.4240595027543126
308,61.64109406270847,0.5,0.2,1.0,0.5,0.7499848119499464,0.24999493731664865,1.5188050053796094e-05,5.062683351265383e-06,3.4240595027543126
309,61.84122748498999,0.5,0.2,1.0,0.5,0.7499849583173022,0.24999498610576723,1.5041682698071483e-05,5.0138942326905095e-06,3.4240595027543126
310,62.04136090727151,0.5,0.2,1.0,0.5,0.7499851032665465,0.24999503442218207,1.4896733453590212e-05,4.965577817863415e-06,3.4240595027543126
311,62.241494329553035,0.5,0.2,1.0,0.5,0.7499852468114325,0.24999508227047737,1.4753188567620383e-05,4.917729522540134e-06,3.4240595027543126
312,62.44162775183455,0.5,0.2,1.0,0.5,0.7499853889656102,0.24999512965520326,1.4611034389954029e-05,4.8703447966513455e-06,3.4240595027543126
313,62.64176117411608,0.5,0.2,1.0,0.5,0.7499855297426296,0.2499951765808764,1.4470257370579178e-05,4.823419123526391e-06,3.4240595027543126
314,62.841894596397594,0.5,0.2,1.0,0.5,0.7499856691559428,0.2499952230519808,1.4330844057351978e-05,4.77694801911732e-06,3.4240595027543126
315,63.04202801867912,0.5,0.2,1.0,0.5,0.7499858072189065,0.2499952690729687,1.4192781093668764e-05,4.730927031222912e-06,3.4240595027543126
316,63.242161440960636,0.5,0.2,1.0,0.5,0.749985943944784,0.24999531464826122,1.40560552161382e-05,4.685351738712719e-06,3.4240595027543126
317,63.44229486324216,0.5,0.2,1.0,0.5,0.7499860793467479,0.24999535978224918,1.3920653252253315e-05,4.640217750751088e-06,3.4240595027543126
318,63.64242828552368,0.5,0.2,1.0,0.5,0.7499862134378821,0.24999540447929391,1.3786562118063671e-05,4.595520706021203e-06,3.4240595027543126
319,63.8425617078052,0.5,0.2,1.0,0.5,0.7499863462311843,0.24999544874372798,1.3653768815847393e-05,4.551256271949106e-06,3.4240595027543126
320,64.04269513008673,0.5,0.2,1.0,0.5,0.7499864777395684,0.24999549257985598,1.3522260431783315e-05,4.5074201439277435e-06,3.4240595027543126
321,64.24282855236824,0.5,0.2,1.0,0.5,0.7499866079758666,0.24999553599195537,1.3392024133623066e-05,4.4640080445409905e-06,3.4240595027543126
322,64.44296197464976,0.5,0.2,1.0,0.5,0.7499867369528318,0.24999557898427713,1.3263047168363135e-05,4.421015722787676e-06,3.4240595027543126
323,64.64309539693129,0.5,0.2,1.0,0.5,0.7499868646831402,0.24999562156104663,1.313531685991702e-05,4.3784389533056345e-06,3.4240595027543126
324,64.84322881921281,0.5,0.2,1.0,0.5,0.7499869911793934,0.24999566372646434,1.300882060678729e-05,4.336273535595721e-06,3.4240595027543126
325,65.04336224149432,0.5,0.2,1.0,0.5,0.7499871164541204,0.24999570548470668,1.2883545879737705e-05,4.294515293245858e-06,3.4240595027543126
326,65.24349566377585,0.5,0.2,1.0,0.5,0.7499872405197807,0.24999574683992676,1.2759480219465275e-05,4.253160073155045e-06,3.4240595027543126
327,65.44362908605737,0.5,0.2,1.0,0.5,0.7499873633887659,0.24999578779625517,1.2636611234272408e-05,4.2122037447574195e-06,3.4240595027543126
328,65.6437625083389,0.5,0.2,1.0,0.5,0.7499874850734024,0.24999582835780068,1.2514926597738976e-05,4.1716421992462734e-06,3.4240595027543126
329,65.8438959306204,0.5,0.2,1.0,0.5,0.7499876055859538,0.24999586852865113,1.2394414046394425e-05,4.131471348798087e-06,3.4240595027543126
330,66.04402935290193,0.5,0.2,1.0,0.5,0.7499877249386228,0.24999590831287413,1.2275061377389845e-05,4.091687125796559e-06,3.4240595027543126
331,66.24416277518345,0.5,0.2,1.0,0.5,0.749987843143554,0.24999594771451786,1.2156856446170112e-05,4.052285482056646e-06,3.4240595027543126
332,66.44429619746498,0.5,0.2,1.0,0.5,0.7499879602128361,0.24999598673761186,1.2039787164145958e-05,4.013262388048594e-06,3.4240595027543126
333,66.64442961974649,0.5,0.2,1.0,0.5,0.7499880761585038,0.2499960253861678,1.1923841496366079e-05,3.974613832121967e-06,3.4240595027543126
334,66.84456304202801,0.5,0.2,1.0,0.5,0.749988190992541,0.2499960636641802,1.1809007459189204e-05,3.936335819729674e-06,3.4240595027543126
335,67.04469646430954,0.5,0.2,1.0,0.5,0.7499883047268823,0.24999610157562727,1.1695273117956237e-05,3.898424372652018e-06,3.4240595027543126
336,67.24482988659106,0.5,0.2,1.0,0.5,0.7499884173734155,0.2499961391244717,1.1582626584662324e-05,3.860875528220714e-06,3.4240595027543126
337,67.44496330887257,0.5,0.2,1.0,0.5,0.7499885289439846,0.24999617631466137,1.1471056015628975e-05,3.823685338542931e-06,3.4240595027543126
338,67.6450967311541,0.5,0.2,1.0,0.5,0.749988639450391,0.2499962131501302,1.136054960917611e-05,3.7868498697253103e-06,3.4240595027543126
339,67.84523015343562,0.5,0.2,1.0,0.5,0.7499887489043969,0.24999624963479883,1.1251095603294224e-05,3.750365201098016e-06,3.4240595027543126
340,68.04536357571715,0.5,0.2,1.0,0.5,0.7499888573177269,0.2499962857725755,1.1142682273316441e-05,3.7142274244387566e-06,3.4240595027543126
341,68.24549699799866,0.5,0.2,1.0,0.5,0.7499889647020705,0.24999632156735674,1.1035297929590632e-05,3.6784326431968222e-06,3.4240595027543126
342,68.44563042028018,0.5,0.2,1.0,0.5,0.7499890714978785,0.24999635716595933,1.0928502121712447e-05,3.6428340405707557e-06,3.4240595027543126
343,68.6457638425617,0.5,0.2,1.0,0.5,0.7499891767758056,0.2499963922586017,1.0823224194652114e-05,3.6077413982173154e-06,3.4240595027543126
344,68.84589726484323,0.5,0.2,1.0,0.5,0.7499892810468272,0.2499964270156089,1.0718953173050976e-05,3.572984391016939e-06,3.4240595027543126
345,69.04603068712474,0.5,0.2,1.0,0.5,0.7499893843201597,0.2499964614400531,1.0615679840429155e-05,3.5385599468096695e-06,3.4240595027543126
346,69.24616410940627,0.5,0.2,1.0,0.5,0.7499894866049512,0.24999649553498363,1.0513395048905829e-05,3.504465016301898e-06,3.4240595027543126
347,69.44629753168779,0.5,0.2,1.0,0.5,0.749989587910281,0.24999652930342686,1.0412089719199278e-05,3.4706965730663856e-06,3.4240595027543126
348,69.64643095396931,0.5,0.2,1.0,0.5,0.7499896882451595,0.2499965627483864,1.0311754840626858e-05,3.43725161354225e-06,3.4240595027543126
349,69.84656437625083,0.5,0.2,1.0,0.5,0.7499897876185291,0.24999659587284287,1.0212381471105006e-05,3.40412715703497e-06,3.4240595027543126
350,70.04669779853235,0.5,0.2,1.0,0.5,0.7499898860392631,0.2499966286797542,1.0113960737149219e-05,3.371320245716379e-06,3.4240595027543126
351,70.24683122081387,0.5,0.2,1.0,0.5,0.7499899835161663,0.2499966611720553,1.0016483833874094e-05,3.338827944624675e-06,3.4240595027543126
352,70.4469646430954,0.5,0.2,1.0,0.5,0.7499900800579752,0.24999669335265826,9.9199420249933e-06,3.3066473416644155e-06,3.4240595027543126
353,70.64709806537691,0.5,0.2,1.0,0.5,0.7499901756733574,0.24999672522445232,9.824326642819597e-06,3.2747755476065187e-06,3.4240595027543126
354,70.84723148765843,0.5,0.2,1.0,0.5,0.7499902703709119,0.24999675679030384,9.729629088264792e-06,3.2432096960882563e-06,3.4240595027543126
355,71.04736490993996,0.5,0.2,1.0,0.5,0.7499903641591693,0.2499967880530563,9.635840830839808e-06,3.2119469436132665e-06,3.4240595027543126
356,71.24749833222148,0.5,0.2,1.0,0.5,0.7499904570465915,0.24999681901553036,9.542953408654626e-06,3.1809844695515447e-06,3.4240595027543126
357,71.44763175450299,0.5,0.2,1.0,0.5,0.7499905490415718,0.24999684968052377,9.450958428418321e-06,3.150319476139448e-06,3.4240595027543126
358,71.64776517678452,0.5,0.2,1.0,0.5,0.7499906401524348,0.24999688005081144,9.359847565439024e-06,3.119949188479688e-06,3.4240595027543126
359,71.84789859906604,0.5,0.2,1.0,0.5,0.7499907303874366,0.24999691012914538,9.269612563623968e-06,3.0898708545413415e-06,3.4240595027543126
360,72.04803202134757,0.5,0.2,1.0,0.5,0.7499908197547647,0.24999693991825475,9.180245235479456e-06,3.060081745159843e-06,3.4240595027543126
361,72.24816544362908,0.5,0.2,1.0,0.5,0.7499909082625381,0.24999696942084587,9.091737462110877e-06,3.0305791540369893e-06,3.4240595027543126
362,72.4482988659106,0.5,0.2,1.0,0.5,0.7499909959188069,0.24999699863960217,9.004081193222683e-06,3.00136039774093e-06,3.4240595027543126
363,72.64843228819213,0.5,0.2,1.0,0.5,0.749991082731553,0.2499970275771842,8.91726844711842e-06,2.9724228157061815e-06,3.4240595027543126
364,72.84856571047365,0.5,0.2,1.0,0.5,0.7499911687086895,0.24999705623622967,8.83129131070071e-06,2.943763770233617e-06,3.4240595027543126
365,73.04869913275516,0.5,0.2,1.0,0.5,0.7499912538580608,0.24999708461935344,8.746141939471258e-06,2.9153806464904723e-06,3.4240595027543126
366,73.24883255503669,0.5,0.2,1.0,0.5,0.7499913381874427,0.2499971127291474,8.661812557530833e-06,2.887270852510337e-06,3.4240595027543126
367,73.44896597731821,0.5,0.2,1.0,0.5,0.7499914217045426,0.24999714056818073,8.578295457579302e-06,2.859431819193165e-06,3.4240595027543126
368,73.64909939959973,0.5,0.2,1.0,0.5,0.7499915044169992,0.2499971681389996,8.4955830009156e-06,2.8318610003052697e-06,3.4240595027543126
369,73.84923282188124,0.5,0.2,1.0,0.5,0.7499915863323827,0.24999719544412743,8.413667617437752e-06,2.804555872479326e-06,3.4240595027543126
370,74.04936624416277,0.5,0.2,1.0,0.5,0.7499916674581946,0.2499972224860647,8.332541805642842e-06,2.7775139352143615e-06,3.4240595027543126
371,74.2494996664443,0.5,0.2,1.0,0.5,0.7499917478018676,0.24999724926728903,8.252198132627053e-06,2.7507327108757703e-06,3.4240595027543126
372,74.44963308872582,0.5,0.2,1.0,0.5,0.7499918273707661,0.2499972757902552,8.17262923408564e-06,2.7242097446953042e-06,3.4240595027543126
373,74.64976651100733,0.5,0.2,1.0,0.5,0.7499919061721859,0.24999730205739515,8.093827814312943e-06,2.697942604771077e-06,3.4240595027543126
374,74.84989993328885,0.5,0.2,1.0,0.5,0.749991984213354,0.24999732807111785,8.015786646202366e-06,2.671928882067556e-06,3.4240595027543126
375,75.05003335557038,0.5,0.2,1.0,0.5,0.7499920615014289,0.2499973538338095,7.938498571246407e-06,2.646166190415574e-06,3.4240595027543126
376,75.2501667778519,0.5,0.2,1.0,0.5,0.7499921380435006,0.2499973793478334,7.861956499536637e-06,2.6206521665123216e-06,3.4240595027543126
377,75.45030020013341,0.5,0.2,1.0,0.5,0.7499922138465904,0.24999740461553,7.786153409763716e-06,2.5953844699213517e-06,3.4240595027543126
378,75.65043362241494,0.5,0.2,1.0,0.5,0.749992288918351,0.2499974296394502,7.711081649184556e-06,2.5703605497283017e-06,3.4240595027543126
379,75.85056704469646,0.5,0.2,1.0,0.5,0.7499923632670745,0.24999745442235805,7.63673292565475e-06,2.545577641885037e-06,3.4240595027543126
380,76.05070046697799,0.5,0.2,1.0,0.5,0.7499924368997513,0.24999747896658364,7.563100248872381e-06,2.521033416290917e-06,3.4240595027543126
381,76.2508338892595,0.5,0.2,1.0,0.5,0.749992509823275,0.2499975032744249,7.490176725101021e-06,2.4967255750338e-06,3.4240595027543126
382,76.45096731154102,0.5,0.2,1.0,0.5,0.7499925820444742,0.24999752734815794,7.4179555260021775e-06,2.4726518420008556e-06,3.4240595027543126
383,76.65110073382255,0.5,0.2,1.0,0.5,0.7499926535701116,0.24999755119003705,7.3464298886353235e-06,2.448809962878574e-06,3.4240595027543126
384,76.85123415610407,0.5,0.2,1.0,0.5,0.7499927244068847,0.2499975748022948,7.27559311545787e-06,2.4251977051527596e-06,3.4240595027543126
385,77.0513675783856,0.5,0.2,1.0,0.5,0.7499927945614259,0.24999759818714182,7.205438574325177e-06,2.4018128581085315e-06,3.4240595027543126
386,77.2515010006671,0.5,0.2,1.0,0.5,0.7499928640403016,0.24999762134676712,7.135959698490555e-06,2.378653232830327e-06,3.4240595027543126
387,77.45163442294863,0.5,0.2,1.0,0.5,0.7499929328500136,0.24999764428333773,7.0671499866052486e-06,2.3557166622018935e-06,3.4240595027543126
388,77.65176784523015,0.5,0.2,1.0,0.5,0.7499930009969975,0.24999766699899903,6.99900300271846e-06,2.3330010009063e-06,3.4240595027543126
389,77.85190126751168,0.5,0.2,1.0,0.5,0.7499930684876239,0.2499976894958745,6.931512376277338e-06,2.310504125425928e-06,3.4240595027543126
390,78.05203468979319,0.5,0.2,1.0,0.5,0.749993135328198,0.2499977117760659,6.864671802126979e-06,2.2882239340424776e-06,3.4240595027543126
391,78.25216811207471,0.5,0.2,1.0,0.5,0.7499932015249596,0.2499977338416531,6.798475040510417e-06,2.2661583468369586e-06,3.4240595027543126
392,78.45230153435624,0.5,0.2,1.0,0.5,0.7499932670840831,0.24999775569469423,6.732915917068642e-06,2.244305305689702e-06,3.4240595027543126
393,78.65243495663776,0.5,0.2,1.0,0.5,0.7499933320116773,0.24999777733722567,6.6679883228405906e-06,2.222662774280353e-06,3.4240595027543126
394,78.85256837891927,0.5,0.2,1.0,0.5,0.7499933963137859,0.24999779877126185,6.603686214263146e-06,2.2012287380878725e-06,3.4240595027543126
395,79.0527018012008,0.5,0.2,1.0,0.5,0.749993459996387,0.24999781999879556,6.54000361317113e-06,2.180001204390534e-06,3.4240595027543126
396,79.25283522348232,0.5,0.2,1.0,0.5,0.7499935230653934,0.24999784102179767,6.476934606797319e-06,2.1589782022659314e-06,3.4240595027543126
397,79.45296864576385,0.5,0.2,1.0,0.5,0.7499935855266524,0.24999786184221734,6.414473347772438e-06,2.1381577825909707e-06,3.4240595027543126
398,79.65310206804536,0.5,0.2,1.0,0.5,0.7499936473859461,0.2499978824619819,6.35261405412516e-06,2.1175380180418774e-06,3.4240595027543126
399,79.85323549032688,0.5,0.2,1.0,0.5,0.7499937086489908,0.24999790288299684,6.29135100928209e-06,2.097117003094187e-06,3.4240595027543126
400,80.0533689126084,0.5,0.2,1.0,0.5,0.7499937693214381,0.24999792310714591,6.230678562067797e-06,2.0768928540227548e-06,3.4240595027543126
401,80.25350233488993,0.5,0.2,1.0,0.5,0.7499938294088735,0.24999794313629103,6.170591126704789e-06,2.0568637089017507e-06,3.4240595027543126
402,80.45363575717144,0.5,0.2,1.0,0.5,0.7499938889168174,0.24999796297227234,6.1110831828135286e-06,2.0370277276046617e-06,3.4240595027543126
403,80.65376917945296,0.5,0.2,1.0,0.5,0.7499939478507247,0.24999798261690814,6.05214927541241e-06,2.0173830918042863e-06,3.4240595027543126
404,80.85390260173449,0.5,0.2,1.0,0.5,0.7499940062159852,0.24999800207199496,5.993784014917788e-06,1.9979280049727423e-06,3.4240595027543126
405,81.05403602401601,0.5,0.2,1.0,0.5,0.749994064017923,0.24999802133930757,5.935982077143959e-06,1.978660692381462e-06,3.4240595027543126
406,81.25416944629752,0.5,0.2,1.0,0.5,0.7499941212617969,0.24999804042059884,5.878738203303172e-06,1.9595794011011954e-06,3.4240595027543126
407,81.45430286857905,0.5,0.2,1.0,0.5,0.7499941779528002,0.24999805931759994,5.8220472000056095e-06,1.940682400002003e-06,3.4240595027543126
408,81.65443629086057,0.5,0.2,1.0,0.5,0.7499942340960609,0.24999807803202018,5.765903939259413e-06,1.9219679797532655e-06,3.4240595027543126
409,81.8545697131421,0.5,0.2,1.0,0.5,0.7499942896966417,0.2499980965655471,5.710303358470669e-06,1.9034344528236776e-06,3.4240595027543126
410,82.05470313542361,0.5,0.2,1.0,0.5,0.7499943447595397,0.24999811491984647,5.655240460443412e-06,1.8850801534812516e-06,3.4240595027543126
411,82.25483655770513,0.5,0.2,1.0,0.5,0.7499943992896868,0.24999813309656216,5.600710313379613e-06,1.8669034377933107e-06,3.4240595027543126
412,82.45496997998666,0.5,0.2,1.0,0.5,0.7499944532919492,0.24999815109731632,5.546708050879201e-06,1.8489026836264983e-06,3.4240595027543126
413,82.65510340226818,0.5,0.2,1.0,0.5,0.7499945067711282,0.2499981689237093,5.493228871940049e-06,1.8310762906467716e-06,3.4240595027543126
414,82.85523682454969,0.5,0.2,1.0,0.5,0.7499945597319592,0.24999818657731962,5.44026804095798e-06,1.813422680319405e-06,3.4240595027543126
415,83.05537024683122,0.5,0.2,1.0,0.5,0.7499946121791125,0.24999820405970402,5.387820887726753e-06,1.795940295908985e-06,3.4240595027543126
416,83.25550366911274,0.5,0.2,1.0,0.5,0.7499946641171927,0.24999822137239747,5.335882807438085e-06,1.7786276024794166e-06,3.4240595027543126
417,83.45563709139427,0.5,0.2,1.0,0.5,0.7499947155507395,0.24999823851691305,5.284449260681635e-06,1.7614830868939203e-06,3.4240595027543126
418,83.65577051367578,0.5,0.2,1.0,0.5,0.7499947664842267,0.2499982554947421,5.233515773445014e-06,1.7445052578150328e-06,3.4240595027543126
419,83.8559039359573,0.5,0.2,1.0,0.5,0.749994816922063,0.24999827230735425,5.183077937113769e-06,1.727692645704603e-06,3.4240595027543126
420,84.05603735823883,0.5,0.2,1.0,0.5,0.7499948668685917,0.2499982889561971,5.133131408471404e-06,1.7110438028237987e-06,3.4240595027543126
421,84.25617078052035,0.5,0.2,1.0,0.5,0.7499949163283928,0.24999830544279747,5.08367160737305e-06,1.6945572024576636e-06,3.4240595027543126
422,84.45630420280186,0.5,0.2,1.0,0.5,0.7499949653111591,0.24999832177038622,5.034688841136351e-06,1.6782296137120795e-06,3.4240595027543126
423,84.65643762508338,0.5,0.2,1.0,0.5,0.7499950138234794,0.2499983379411597,4.986176520717321e-06,1.6620588402390512e-06,3.4240595027543126
424,84.85657104736491,0.5,0.2,1.0,0.5,0.7499950618699769,0.24999835395665887,4.938130023220445e-06,1.6460433410734077e-06,3.4240595027543126
425,85.05670446964643,0.5,0.2,1.0,0.5,0.749995109455221,0.24999836981840687,4.890544779205924e-06,1.6301815930685484e-06,3.4240595027543126
426,85.25683789192794,0.5,0.2,1.0,0.5,0.7499951565837275,0.24999838552790904,4.843416272689679e-06,1.6144720908964477e-06,3.4240595027543126
427,85.45697131420947,0.5,0.2,1.0,0.5,0.749995203259959,0.2499984010866529,4.796740041143344e-06,1.5989133470476501e-06,3.4240595027543126
428,85.657104736491,0.5,0.2,1.0,0.5,0.7499952494883246,0.2499984164961081,4.7505116754942825e-06,1.5835038918312762e-06,3.4240595027543126
429,85.85723815877252,0.5,0.2,1.0,0.5,0.74999529527318,0.24999843175772657,4.7047268201255704e-06,1.5682422733750192e-06,3.4240595027543126
430,86.05737158105403,0.5,0.2,1.0,0.5,0.7499953406188273,0.24999844687294231,4.6593811728760105e-06,1.5531270576251457e-06,3.4240595027543126
431,86.25750500333555,0.5,0.2,1.0,0.5,0.7499953855295152,0.2499984618431716,4.614470485040114e-06,1.5381568283464926e-06,3.4240595027543126
432,86.45763842561708,0.5,0.2,1.0,0.5,0.7499954300094388,0.2499984766698128,4.569990561368119e-06,1.523330187122474e-06,3.4240595027543126
433,86.6577718478986,0.5,0.2,1.0,0.5,0.7499954740627401,0.2499984913542466,4.525937260065985e-06,1.5086457533550748e-06,3.4240595027543126
434,86.85790527018011,0.5,0.2,1.0,0.5,0.7499955176935074,0.24999850589783568,4.482306492795389e-06,1.4941021642648552e-06,3.4240595027543126
435,87.05803869246164,0.5,0.2,1.0,0.5,0.7499955609057755,0.24999852030192504,4.439094224673721e-06,1.4796980748909446e-06,3.4240595027543126
436,87.25817211474316,0.5,0.2,1.0,0.5,0.7499956037035259,0.24999853456784185,4.3962964742741e-06,1.4654321580910494e-06,3.4240595027543126
437,87.45830553702469,0.5,0.2,1.0,0.5,0.7499956460906866,0.2499985486968954,4.35390931362536e-06,1.4513031045414478e-06,3.4240595027543126
438,87.6584389593062,0.5,0.2,1.0,0.5,0.7499956880711319,0.2499985626903772,4.311928868212058e-06,1.437309622736992e-06,3.4240595027543126
439,87.85857238158772,0.5,0.2,1.0,0.5,0.7499957296486832,0.24999857654956095,4.270351316974462e-06,1.4234504389911052e-06,3.4240595027543126
440,88.05870580386924,0.5,0.2,1.0,0.5,0.7499957708271079,0.2499985902757025,4.229172892308569e-06,1.4097242974357855e-06,3.4240595027543126
441,88.25883922615077,0.5,0.2,1.0,0.5,0.7499958116101201,0.24999860387003991,4.188389880066091e-06,1.3961299600216041e-06,3.4240595027543126
442,88.45897264843228,0.5,0.2,1.0,0.5,0.7499958520013806,0.24999861733379342,4.147998619554463e-06,1.382666206517706e-06,3.4240595027543126
443,88.6591060707138,0.5,0.2,1.0,0.5,0.7499958920044966,0.24999863066816544,4.107995503536831e-06,1.369331834511807e-06,3.4240595027543126
444,88.85923949299533,0.5,0.2,1.0,0.5,0.7499959316230219,0.24999864387434054,4.06837697823207e-06,1.3561256594101982e-06,3.4240595027543126
445,89.05937291527685,0.5,0.2,1.0,0.5,0.7499959708604569,0.2499986569534855,4.029139543314771e-06,1.3430465144377433e-06,3.4240595027543126
446,89.25950633755836,0.5,0.2,1.0,0.5,0.7499960097202483,0.2499986699067493,3.990279751915247e-06,1.3300932506378802e-06,3.4240595027543126
447,89.45963975983989,0.5,0.2,1.0,0.5,0.7499960482057896,0.24999868273526307,3.951794210619522e-06,1.3172647368726172e-06,3.4240595027543126
448,89.65977318212141,0.5,0.2,1.0,0.5,0.7499960863204207,0.2499986954401401,3.9136795794693495e-06,1.304559859822538e-06,3.4240595027543126
449,89.85990660440294,0.5,0.2,1.0,0.5,0.7499961240674282,0.24999870802247595,3.875932571962197e-06,1.2919775239867993e-06,3.4240595027543126
450,90.06004002668445,0.5,0.2,1.0,0.5,0.7499961614500451,0.24999872048334826,3.838549955051258e-06,1.2795166516831316e-06,3.4240595027543126
451,90.26017344896597,0.5,0.2,1.0,0.5,0.749996198471451,0.2499987328238169,3.801528549145433e-06,1.2671761830478358e-06,3.4240595027543126
452,90.4603068712475,0.5,0.2,1.0,0.5,0.7499962351347721,0.2499987450449239,3.764865228109354e-06,1.2549550760357886e-06,3.4240595027543126
453,90.66044029352902,0.5,0.2,1.0,0.5,0.7499962714430809,0.2499987571476935,3.7285569192633674e-06,1.2428523064204394e-06,3.4240595027543126
454,90.86057371581053,0.5,0.2,1.0,0.5,0.7499963073993968,0.24999876913313215,3.6926006033835426e-06,1.230866867793811e-06,3.4240595027543126
455,91.06070713809206,0.5,0.2,1.0,0.5,0.7499963430066855,0.24999878100222836,3.656993314701661e-06,1.2189977715664973e-06,3.4240595027543126
456,91.26084056037358,0.5,0.2,1.0,0.5,0.7499963782678593,0.24999879275595296,3.6217321409052306e-06,1.2072440469676678e-06,3.4240595027543126
457,91.4609739826551,0.5,0.2,1.0,0.5,0.749996413185777,0.2499988043952589,3.5868142231374774e-06,1.1956047410450642e-06,3.4240595027543126
458,91.66110740493662,0.5,0.2,1.0,0.5,0.7499964477632441,0.24999881592108128,3.5522367559973483e-06,1.1840789186650026e-06,3.4240595027543126
459,91.86124082721814,0.5,0.2,1.0,0.5,0.7499964820030126,0.24999882733433743,3.517996987539503e-06,1.1726656625123693e-06,3.4240595027543126
460,92.06137424949966,0.5,0.2,1.0,0.5,0.7499965159077809,0.24999883863592684,3.4840922192743278e-06,1.1613640730906266e-06,3.4240595027543126
461,92.26150767178119,0.5,0.2,1.0,0.5,0.749996549480194,0.2499988498267312,3.4505198061679263e-06,1.150173268721809e-06,3.4240595027543126
462,92.4616410940627,0.5,0.2,1.0,0.5,0.7499965827228435,0.2499988609076144,3.417277156642124e-06,1.139092385546525e-06,3.4240595027543126
463,92.66177451634422,0.5,0.2,1.0,0.5,0.7499966156382676,0.2499988718794224,3.3843617325744584e-06,1.1281205775239537e-06,3.4240595027543126
464,92.86190793862575,0.5,0.2,1.0,0.5,0.7499966482289508,0.2499988827429835,3.3517710492981943e-06,1.1172570164318502e-06,3.4240595027543126
465,93.06204136090727,0.5,0.2,1.0,0.5,0.7499966805001602,0.24999889350005328,3.3194998400145846e-06,1.1064999466706323e-06,3.4240595027543126
466,93.26217478318878,0.5,0.2,1.0,0.5,0.749996712461799,0.2499989041539329,3.287538201189455e-06,1.0958460670622416e-06,3.4240595027543126
467,93.46230820547031,0.5,0.2,1.0,0.5,0.7499967441172545,0.24999891470575136,3.255882745746813e-06,1.085294248581347e-06,3.4240595027543126
468,93.66244162775183,0.5,0.2,1.0,0.5,0.7499967754695347,0.24999892515651143,3.224530465502316e-06,1.074843488499835e-06,3.4240595027543126
469,93.86257505003336,0.5,0.2,1.0,0.5,0.7499968065216106,0.2499989355072034,3.1934783896219207e-06,1.0644927965396907e-06,3.4240595027543126
470,94.06270847231487,0.5,0.2,1.0,0.5,0.7499968372764155,0.24999894575880507,3.162723584621886e-06,1.0542411948730004e-06,3.4240595027543126
471,94.26284189459639,0.5,0.2,1.0,0.5,0.7499968677368458,0.24999895591228183,3.132263154368764e-06,1.0440877181219482e-06,3.4240595027543126
472,94.46297531687792,0.5,0.2,1.0,0.5,0.7499968979057601,0.2499989659685866,3.102094240079414e-06,1.034031413358821e-06,3.4240595027543126
473,94.66310873915944,0.5,0.2,1.0,0.5,0.7499969277859799,0.24999897592865983,3.0722140203209946e-06,1.0240713401060043e-06,3.4240595027543126
474,94.86324216144095,0.5,0.2,1.0,0.5,0.7499969573802892,0.2499989857934296,3.042619711010965e-06,1.014206570335985e-06,3.4240595027543126
475,95.06337558372248,0.5,0.2,1.0,0.5,0.7499969866914348,0.24999899556381147,3.0133085654170804e-06,1.004436188471348e-06,3.4240595027543126
476,95.263509006004,0.5,0.2,1.0,0.5,0.7499970157221261,0.24999900524070856,2.984277874157401e-06,9.947592913847804e-07,3.4240595027543126
477,95.46364242828552,0.5,0.2,1.0,0.5,0.749997044475035,0.24999901482501155,2.9555249652002866e-06,9.851749883990684e-07,3.4240595027543126
478,95.66377585056703,0.5,0.2,1.0,0.5,0.7499970729527964,0.24999902431759866,2.9270472038643983e-06,9.75682401287099e-07,3.4240595027543126
479,95.86390927284856,0.5,0.2,1.0,0.5,0.7499971011580074,0.24999903371933566,2.8988419928186933e-06,9.662806642718585e-07,3.4240595027543126
480,96.06404269513008,0.5,0.2,1.0,0.5,0.7499971290932281,0.24999904303107592,2.870906772082433e-06,9.569689240264338e-07,3.4240595027543126
481,96.26417611741161,0.5,0.2,1.0,0.5,0.7499971567609812,0.24999905225366026,2.8432390190251792e-06,9.477463396740119e-07,3.4240595027543126
482,96.46430953969312,0.5,0.2,1.0,0.5,0.7499971841637518,0.24999906138791714,2.8158362483667945e-06,9.386120827878806e-07,3.4240595027543126
483,96.66444296197464,0.5,0.2,1.0,0.5,0.749997211303988,0.24999907043466255,2.788696012177437e-06,9.295653373914261e-07,3.4240595027543126
484,96.86457638425617,0.5,0.2,1.0,0.5,0.7499972381841004,0.24999907939469998,2.7618158998775708e-06,9.206052999581363e-07,3.4240595027543126
485,97.06470980653769,0.5,0.2,1.0,0.5,0.749997264806462,0.24999908826882053,2.7351935382379584e-06,9.117311794115987e-07,3.4240595027543126
486,97.2648432288192,0.5,0.2,1.0,0.5,0.7499972911734089,0.24999909705780282,2.708826591379665e-06,9.029421971255016e-07,3.4240595027543126
487,97.46497665110073,0.5,0.2,1.0,0.5,0.7499973172872394,0.24999910576241302,2.682712760774049e-06,8.942375869236316e-07,3.4240595027543126
488,97.66511007338225,0.5,0.2,1.0,0.5,0.7499973431502149,0.24999911438340486,2.656849785242777e-06,8.856165950798773e-07,3.4240595027543126
489,97.86524349566378,0.5,0.2,1.0,0.5,0.7499973687645592,0.24999912292151963,2.631235440957813e-06,8.770784803182267e-07,3.4240595027543126
490,98.06537691794529,0.5,0.2,1.0,0.5,0.7499973941324588,0.24999913137748614,2.6058675414414234e-06,8.686225138127686e-07,3.4240595027543126
491,98.26551034022681,0.5,0.2,1.0,0.5,0.7499974192560627,0.24999913975202076,2.5807439375661693e-06,8.602479791876902e-07,3.4240595027543126
492,98.46564376250834,0.5,0.2,1.0,0.5,0.7499974441374827,0.24999914804582743,2.555862517554918e-06,8.519541725172805e-07,3.4240595027543126
493,98.66577718478986,0.5,0.2,1.0,0.5,0.7499974687787933,0.24999915625959762,2.5312212069808346e-06,8.437404023259283e-07,3.4240595027543126
494,98.86591060707137,0.5,0.2,1.0,0.5,0.7499974931820315,0.24999916439401035,2.5068179687673875e-06,8.356059895881226e-07,3.4240595027543126
495,99.0660440293529,0.5,0.2,1.0,0.5,0.7499975173491971,0.24999917244973222,2.4826508031883402e-06,8.275502677284513e-07,3.4240595027543126
496,99.26617745163442,0.5,0.2,1.0,0.5,0.7499975412822524,0.2499991804274173,2.458717747867761e-06,8.19572582621604e-07,3.4240595027543126
497,99.46631087391594,0.5,0.2,1.0,0.5,0.7499975649831224,0.24999918832770734,2.435016877780017e-06,8.116722925923699e-07,3.4240595027543126
498,99.66644429619745,0.5,0.2,1.0,0.5,0.7499975884536949,0.24999919615123153,2.4115463052497776e-06,8.038487684156388e-07,3.4240595027543126
499,99.86657771847898,0.5,0.2,1.0,0.5,0.7499976116958202,0.2499992038986066,2.388304179952008e-06,7.961013933163988e-07,3.4240595027543126
500,100.0667111407605,0.5,0.2,1.0,0.5,0.7499976347113113,0.24999921157043697,2.3652886889119784e-06,7.884295629697403e-07,3.4240595027543126
501,100.26684456304203,0.5,0.2,1.0,0.5,0.7499976575019437,0.24999921916731443,2.3424980565052574e-06,7.808326855008528e-07,3.4240595027543126
502,100.46697798532354,0.5,0.2,1.0,0.5,0.7499976800694558,0.24999922668981844,2.319930544457716e-06,7.733101814850267e-07,3.4240595027543126
503,100.66711140760506,0.5,0.2,1.0,0.5,0.7499977024155483,0.249999234138516,2.2975844518455213e-06,7.658614839476508e-07,3.4240595027543126
504,100.86724482988659,0.5,0.2,1.0,0.5,0.7499977245418851,0.24999924151396158,2.2754581150951445e-06,7.584860383642159e-07,3.4240595027543126
505,101.06737825216811,0.5,0.2,1.0,0.5,0.7499977464500922,0.24999924881669727,2.2535499079833565e-06,7.511833026603122e-07,3.4240595027543126
506,101.26751167444962,0.5,0.2,1.0,0.5,0.7499977681417586,0.24999925604725273,2.2318582416372295e-06,7.439527472116303e-07,3.4240595027543126
507,101.46764509673115,0.5,0.2,1.0,0.5,0.7499977896184357,0.2499992632061451,2.2103815645341314e-06,7.367938548439599e-07,3.4240595027543126
508,101.66777851901267,0.5,0.2,1.0,0.5,0.7499978108818001,0.24999927029393323,2.189118200150537e-06,7.297060667161254e-07,3.4240595027543126
509,101.8679119412942,0.5,0.2,1.0,0.5,0.7499978319389122,0.2499992773129706,2.1680610880432994e-06,7.226870293470779e-07,3.4240595027543126
510,102.0680453635757,0.5,0.2,1.0,0.5,0.7499978527943842,0.24999928426479465,2.147205615967865e-06,7.157352053219655e-07,3.4240595027543126
511,102.26817878585723,0.5,0.2,1.0,0.5,0.7499978734502075,0.24999929115006905,2.126549792721757e-06,7.088499309066293e-07,3.4240595027543126
512,102.46831220813876,0.5,0.2,1.0,0.5,0.7499978939083488,0.24999929796944947,2.1060916514316077e-06,7.020305504766135e-07,3.4240595027543126
513,102.66844563042028,0.5,0.2,1.0,0.5,0.7499979141707507,0.24999930472358345,2.085829249553152e-06,6.952764165171627e-07,3.4240595027543126
514,102.8685790527018,0.5,0.2,1.0,0.5,0.7499979342393314,0.24999931141311033,2.0657606688712283e-06,6.885868896232234e-07,3.4240595027543126
515,103.06871247498331,0.5,0.2,1.0,0.5,0.7499979541159848,0.24999931803866146,2.0458840154997807e-06,6.819613384994434e-07,3.4240595027543126
516,103.26884589726484,0.5,0.2,1.0,0.5,0.7499979738025804,0.24999932460086,2.0261974198818534e-06,6.753991399601706e-07,3.4240595027543126
517,103.46897931954636,0.5,0.2,1.0,0.5,0.7499979933009635,0.24999933110032102,2.0066990367895987e-06,6.68899678929456e-07,3.4240595027543126
518,103.66911274182789,0.5,0.2,1.0,0.5,0.749998012612955,0.24999933753765152,1.9873870453242715e-06,6.624623484410509e-07,3.4240595027543126
519,103.8692461641094,0.5,0.2,1.0,0.5,0.7499980317403513,0.24999934391345033,1.968259648916231e-06,6.560865496384088e-07,3.4240595027543126
520,104.06937958639092,0.5,0.2,1.0,0.5,0.749998050684925,0.2499993502283082,1.949315075324939e-06,6.49771691774683e-07,3.4240595027543126
521,104.26951300867245,0.5,0.2,1.0,0.5,0.7499980694484236,0.24999935648280774,1.930551576638963e-06,6.435171922127297e-07,3.4240595027543126
522,104.46964643095397,0.5,0.2,1.0,0.5,0.749998088032571,0.24999936267752354,1.911967429275974e-06,6.373224764251059e-07,3.4240595027543126
523,104.66977985323548,0.5,0.2,1.0,0.5,0.7499981064390663,0.24999936881302195,1.8935609339827488e-06,6.311869779940701e-07,3.4240595027543126
524,104.869913275517,0.5,0.2,1.0,0.5,0.7499981246695844,0.24999937488986135,1.8753304158351634e-06,6.251101386115812e-07,3.4240595027543126
525,105.07004669779853,0.5,0.2,1.0,0.5,0.749998142725776,0.2499993809085919,1.8572742242382027e-06,6.190914080793008e-07,3.4240595027543126
526,105.27018012008006,0.5,0.2,1.0,0.5,0.7499981606092674,0.24999938686975565,1.8393907329259535e-06,6.131302443085911e-07,3.4240595027543126
527,105.47031354236157,0.5,0.2,1.0,0.5,0.7499981783216603,0.24999939277388664,1.8216783399616087e-06,6.072261133205162e-07,3.4240595027543126
528,105.67044696464309,0.5,0.2,1.0,0.5,0.7499981958645325,0.24999939862151072,1.804135467737461e-06,6.013784892458404e-07,3.4240595027543126
529,105.87058038692462,0.5,0.2,1.0,0.5,0.7499982132394373,0.24999940441314564,1.7867605629749106e-06,5.955868543250304e-07,3.4240595027543126
530,106.07071380920614,0.5,0.2,1.0,0.5,0.7499982304479035,0.24999941014930105,1.7695520967244612e-06,5.89850698908254e-07,3.4240595027543126
531,106.27084723148765,0.5,0.2,1.0,0.5,0.7499982474914358,0.2499994158304785,1.7525085643657214e-06,5.841695214553807e-07,3.4240595027543126
532,106.47098065376917,0.5,0.2,1.0,0.5,0.7499982643715146,0.2499994214571714,1.7356284856074002e-06,5.785428285359802e-07,3.4240595027543126
533,106.6711140760507,0.5,0.2,1.0,0.5,0.7499982810895958,0.24999942702986513,1.7189104044873144e-06,5.729701348293245e-07,3.4240595027543126
534,106.87124749833222,0.5,0.2,1.0,0.5,0.7499982976471109,0.24999943254903684,1.7023528893723833e-06,5.674509631243869e-07,3.4240595027543126
535,107.07138092061373,0.5,0.2,1.0,0.5,0.7499983140454674,0.24999943801515565,1.6859545329586317e-06,5.61984844319842e-07,3.4240595027543126
536,107.27151434289526,0.5,0.2,1.0,0.5,0.749998330286048,0.24999944342868252,1.669713952271185e-06,5.565713174240652e-07,3.4240595027543126
537,107.47164776517678,0.5,0.2,1.0,0.5,0.7499983463702116,0.2499994487900704,1.653629788664276e-06,5.512099295551337e-07,3.4240595027543126
538,107.67178118745831,0.5,0.2,1.0,0.5,0.7499983622992924,0.249999454099764,1.6377007078212405e-06,5.459002359408262e-07,3.4240595027543126
539,107.87191460973982,0.5,0.2,1.0,0.5,0.7499983780746005,0.24999945935820003,1.6219253997545192e-06,5.406417999186229e-07,3.4240595027543126
540,108.07204803202134,0.5,0.2,1.0,0.5,0.7499983936974215,0.24999946456580702,1.6063025788056537e-06,5.354341929357042e-07,3.4240595027543126
541,108.27218145430287,0.5,0.2,1.0,0.5,0.7499984091690166,0.2499994697230054,1.590830983645293e-06,5.302769945489531e-07,3.4240595027543126
542,108.47231487658439,0.5,0.2,1.0,0.5,0.7499984244906229,0.24999947483020754,1.5755093772731887e-06,5.251697924249534e-07,3.4240595027543126
543,108.6724482988659,0.5,0.2,1.0,0.5,0.7499984396634533,0.24999947988781762,1.5603365470181981e-06,5.201121823399908e-07,3.4240595027543126
544,108.87258172114743,0.5,0.2,1.0,0.5,0.7499984546886957,0.24999948489623178,1.545311304538279e-06,5.151037681800511e-07,3.4240595027543126
545,109.07271514342895,0.5,0.2,1.0,0.5,0.7499984695675145,0.249999489855838,1.5304324858204965e-06,5.101441619408226e-07,3.4240595027543126
546,109.27284856571048,0.5,0.2,1.0,0.5,0.7499984843010491,0.24999949476701622,1.5156989511810184e-06,5.052329837276945e-07,3.4240595027543126
547,109.47298198799199,0.5,0.2,1.0,0.5,0.749998498890415,0.2499994996301382,1.501109585265118e-06,5.003698617557579e-07,3.4240595027543126
548,109.67311541027351,0.5,0.2,1.0,0.5,0.7499985133367032,0.2499995044455676,1.4866632970471692e-06,4.95554432349804e-07,3.4240595027543126
549,109.87324883255503,0.5,0.2,1.0,0.5,0.7499985276409804,0.24999950921366001,1.4723590198306534e-06,4.907863399443265e-07,3.4240595027543126
550,110.07338225483656,0.5,0.2,1.0,0.5,0.749998541804289,0.24999951393476288,1.4581957112481547e-06,4.8606523708352e-07,3.4240595027543126
551,110.27351567711807,0.5,0.2,1.0,0.5,0.749998555827647,0.24999951860921554,1.4441723532613625e-06,4.813907844212808e-07,3.4240595027543126
552,110.4736490993996,0.5,0.2,1.0,0.5,0.7499985719998279,0.2499995239999425,1.4280001724201052e-06,4.760000574742405e-07,3.4240595027543126
553,110.67378252168112,0.5,0.2,1.0,0.5,0.749998585546482,0.2499995285154939,1.4144535182152185e-06,4.714845060726323e-07,3.4240595027543126
554,110.87391594396264,0.5,0.2,1.0,0.5,0.7499985989760455,0.24999953299201502,1.4010239548140055e-06,4.6700798493891457e-07,3.4240595027543126
555,111.07404936624415,0.5,0.2,1.0,0.5,0.7499986122891377,0.24999953742971245,1.3877108625572563e-06,4.6257028752001727e-07,3.4240595027543126
556,111.27418278852568,0.5,0.2,1.0,0.5,0.7499986254863785,0.2499995418287927,1.374513621785758e-06,4.5817120726286944e-07,3.4240595027543126
557,111.4743162108072,0.5,0.2,1.0,0.5,0.7499986385683874,0.24999954618946235,1.3614316128403008e-06,4.5381053761440096e-07,3.4240595027543126
558,111.67444963308873,0.5,0.2,1.0,0.5,0.7499986515357843,0.24999955051192793,1.348464216061674e-06,4.4948807202154167e-07,3.4240595027543126
559,111.87458305537024,0.5,0.2,1.0,0.5,0.7499986643891885,0.24999955479639602,1.3356108117906675e-06,4.452036039312215e-07,3.4240595027543126
560,112.07471647765176,0.5,0.2,1.0,0.5,0.7499986771292199,0.24999955904307317,1.3228707803680686e-06,4.409569267903694e-07,3.4240595027543126
561,112.27484989993329,0.5,0.2,1.0,0.5,0.7499986897564981,0.2499995632521659,1.3102435021346672e-06,4.3674783404591556e-07,3.4240595027543126
562,112.47498332221481,0.5,0.2,1.0,0.5,0.7499987022716429,0.24999956742388083,1.2977283574312528e-06,4.3257611914478946e-07,3.4240595027543126
563,112.67511674449632,0.5,0.2,1.0,0.5,0.7499987146752737,0.24999957155842442,1.2853247265986152e-06,4.284415755339211e-07,3.4240595027543126
564,112.87525016677785,0.5,0.2,1.0,0.5,0.7499987269680103,0.2499995756560033,1.273031989977542e-06,4.2434399666023967e-07,3.4240595027543126
565,113.07538358905937,0.5,0.2,1.0,0.5,0.7499987391504723,0.249999579716824,1.2608495279088228e-06,4.2028317597067507e-07,3.4240595027543126
566,113.2755170113409,0.5,0.2,1.0,0.5,0.7499987512232795,0.24999958374109305,1.2487767207332473e-06,4.1625890691215697e-07,3.4240595027543126
567,113.4756504336224,0.5,0.2,1.0,0.5,0.7499987631870515,0.24999958772901704,1.236812948791605e-06,4.122709829316153e-07,3.4240595027543126
568,113.67578385590393,0.5,0.2,1.0,0.5,0.7499987750424079,0.2499995916808025,1.2249575924246835e-06,4.083191974759792e-07,3.4240595027543126
569,113.87591727818545,0.5,0.2,1.0,0.5,0.7499987867899683,0.24999959559665597,1.2132100319732728e-06,4.0440334399217866e-07,3.4240595027543126
570,114.07605070046698,0.5,0.2,1.0,0.5,0.7499987984303524,0.24999959947678405,1.2015696477781621e-06,4.0052321592714326e-07,3.4240595027543126
571,114.27618412274849,0.5,0.2,1.0,0.5,0.7499988099641801,0.24999960332139323,1.1900358201801414e-06,3.9667860672780306e-07,3.4240595027543126
572,114.47631754503001,0.5,0.2,1.0,0.5,0.7499988213920707,0.2499996071306901,1.1786079295199983e-06,3.9286930984108707e-07,3.4240595027543126
573,114.67645096731154,0.5,0.2,1.0,0.5,0.7499988327146442,0.24999961090488124,1.1672853561385223e-06,3.890951187139253e-07,3.4240595027543126
574,114.87658438959306,0.5,0.2,1.0,0.5,0.7499988439325199,0.24999961464417317,1.1560674803765032e-06,3.8535582679324747e-07,3.4240595027543126
575,115.07671781187457,0.5,0.2,1.0,0.5,0.7499988550463177,0.24999961834877243,1.1449536825747304e-06,3.816512275259834e-07,3.4240595027543126
576,115.2768512341561,0.5,0.2,1.0,0.5,0.7499988660566572,0.2499996220188856,1.1339433430739916e-06,3.7798111435906237e-07,3.4240595027543126
577,115.47698465643762,0.5,0.2,1.0,0.5,0.749998876964158,0.24999962565471923,1.1230358422150768e-06,3.743452807394142e-07,3.4240595027543126
578,115.67711807871915,0.5,0.2,1.0,0.5,0.7499988877694399,0.24999962925647984,1.1122305603387753e-06,3.7074352011396866e-07,3.4240595027543126
579,115.87725150100066,0.5,0.2,1.0,0.5,0.7499988984731225,0.24999963282437404,1.1015268777858767e-06,3.6717562592965555e-07,3.4240595027543126
580,116.07738492328218,0.5,0.2,1.0,0.5,0.7499989090758253,0.24999963635860833,1.0909241748971686e-06,3.6364139163340415e-07,3.4240595027543126
581,116.2775183455637,0.5,0.2,1.0,0.5,0.7499989195781682,0.24999963985938928,1.0804218320134414e-06,3.601406106721444e-07,3.4240595027543126
582,116.47765176784523,0.5,0.2,1.0,0.5,0.7499989299807708,0.24999964332692348,1.0700192294754837e-06,3.5667307649280585e-07,3.4240595027543126
583,116.67778519012674,0.5,0.2,1.0,0.5,0.7499989402842526,0.24999964676141742,1.0597157476240857e-06,3.5323858254231856e-07,3.4240595027543126
584,116.87791861240827,0.5,0.2,1.0,0.5,0.7499989504892335,0.2499996501630777,1.0495107668000349e-06,3.498369222676116e-07,3.4240595027543126
585,117.07805203468979,0.5,0.2,1.0,0.5,0.749998960596333,0.24999965353211084,1.0394036673441211e-06,3.4646788911561494e-07,3.4240595027543126
586,117.27818545697131,0.5,0.2,1.0,0.5,0.7499989706061707,0.24999965686872344,1.0293938295971339e-06,3.431312765332582e-07,3.4240595027543126
587,117.47831887925283,0.5,0.2,1.0,0.5,0.7499989805193664,0.249999660173122,1.0194806338998625e-06,3.398268779674714e-07,3.4240595027543126
588,117.67845230153435,0.5,0.2,1.0,0.5,0.7499989903365397,0.2499996634455131,1.0096634605930953e-06,3.3655448686518365e-07,3.4240595027543126
589,117.87858572381587,0.5,0.2,1.0,0.5,0.7499990000583102,0.2499996666861033,9.999416900176214e-07,3.333138966733249e-07,3.4240595027543126
590,118.0787191460974,0.5,0.2,1.0,0.5,0.7499990096852978,0.2499996698950991,9.903147025142308e-07,3.301049008388248e-07,3.4240595027543126
591,118.27885256837891,0.5,0.2,1.0,0.5,0.7499990192181218,0.24999967307270715,9.807818784237127e-07,3.269272928086133e-07,3.4240595027543126
592,118.47898599066043,0.5,0.2,1.0,0.5,0.7499990286574022,0.24999967621913394,9.713425980868548e-07,3.237808660296195e-07,3.4240595027543126
593,118.67911941294196,0.5,0.2,1.0,0.5,0.7499990380037584,0.249999679334586,9.619962418444475e-07,3.206654139487734e-07,3.4240595027543126
594,118.87925283522348,0.5,0.2,1.0,0.5,0.7499990472578102,0.24999968241926995,9.527421900372797e-07,3.1758073001300467e-07,3.4240595027543126
595,119.07938625750499,0.5,0.2,1.0,0.5,0.749999056420196,0.24999968547339854,9.435798042741317e-07,3.145266014252401e-07,3.4240595027543126
596,119.27951967978652,0.5,0.2,1.0,0.5,0.7499990654932835,0.24999968849776105,9.345067167368897e-07,3.115022389127759e-07,3.4240595027543126
597,119.47965310206804,0.5,0.2,1.0,0.5,0.749999074478913,0.24999969149297088,9.255210872318285e-07,3.085070290777043e-07,3.4240595027543126
598,119.67978652434957,0.5,0.2,1.0,0.5,0.749999083377813,0.24999969445927087,9.166221873399083e-07,3.055407291136787e-07,3.4240595027543126
599,119.87991994663108,0.5,0.2,1.0,0.5,0.7499990921907116,0.24999969739690375,9.078092886420904e-07,3.0260309621435294e-07,3.4240595027543126
600,120.0800533689126,0.5,0.2,1.0,0.5,0.7499991009183375,0.2499997003061124,8.990816627193336e-07,2.996938875733799e-07,3.4240595027543126
601,120.28018679119413,0.5,0.2,1.0,0.5,0.7499991095614191,0.24999970318713957,8.90438581152599e-07,2.968128603844133e-07,3.4240595027543126
602,120.48032021347565,0.5,0.2,1.0,0.5,0.7499991181206848,0.24999970604022811,8.818793155228469e-07,2.9395977184110666e-07,3.4240595027543126
603,120.68045363575716,0.5,0.2,1.0,0.5,0.7499991265968629,0.24999970886562084,8.734031374110382e-07,2.911343791371136e-07,3.4240595027543126
604,120.88058705803869,0.5,0.2,1.0,0.5,0.7499991349906818,0.2499997116635605,8.650093183981323e-07,2.883364394660872e-07,3.4240595027543126
605,121.08072048032021,0.5,0.2,1.0,0.5,0.7499991433028702,0.24999971443428995,8.566971300650899e-07,2.8556571002168106e-07,3.4240595027543126
606,121.28085390260173,0.5,0.2,1.0,0.5,0.7499991515341563,0.24999971717805197,8.484658439928715e-07,2.8282194799754875e-07,3.4240595027543126
607,121.48098732488324,0.5,0.2,1.0,0.5,0.7499991596852685,0.24999971989508937,8.403147317624379e-07,2.801049105873439e-07,3.4240595027543126
608,121.68112074716477,0.5,0.2,1.0,0.5,0.7499991677569353,0.24999972258564498,8.322430649547483e-07,2.774143549847196e-07,3.4240595027543126
609,121.8812541694463,0.5,0.2,1.0,0.5,0.7499991757498852,0.24999972524996159,8.242501151507637e-07,2.7475003838332945e-07,3.4240595027543126
610,122.08138759172782,0.5,0.2,1.0,0.5,0.7499991836648463,0.24999972788828198,8.163351539314445e-07,2.7211171797682693e-07,3.4240595027543126
611,122.28152101400933,0.5,0.2,1.0,0.5,0.7499991915025473,0.249999730500849,8.084974528777515e-07,2.694991509588657e-07,3.4240595027543126
612,122.48165443629085,0.5,0.2,1.0,0.5,0.7499991992637167,0.24999973308790543,8.00736283570644e-07,2.6691209452309893e-07,3.4240595027543126
613,122.68178785857238,0.5,0.2,1.0,0.5,0.7499992069490827,0.2499997356496941,7.930509175910829e-07,2.6435030586318015e-07,3.4240595027543126
614,122.8819212808539,0.5,0.2,1.0,0.5,0.7499992145593738,0.2499997381864578,7.854406265200286e-07,2.6181354217276293e-07,3.4240595027543126
615,123.08205470313541,0.5,0.2,1.0,0.5,0.7499992220953183,0.24999974069843933,7.779046819384417e-07,2.593015606455009e-07,3.4240595027543126
616,123.28218812541694,0.5,0.2,1.0,0.5,0.7499992295576449,0.2499997431858815,7.704423554272818e-07,2.5681411847504704e-07,3.4240595027543126
617,123.48232154769846,0.5,0.2,1.0,0.5,0.7499992369470817,0.2499997456490271,7.630529185675098e-07,2.5435097285505517e-07,3.4240595027543126
618,123.68245496997999,0.5,0.2,1.0,0.5,0.7499992442643574,0.24999974808811898,7.557356429400858e-07,2.5191188097917864e-07,3.4240595027543126
619,123.8825883922615,0.5,0.2,1.0,0.5,0.7499992515102002,0.24999975050339993,7.484898001259709e-07,2.4949660004107115e-07,3.4240595027543126
620,124.08272181454302,0.5,0.2,1.0,0.5,0.7499992586853386,0.24999975289511273,7.413146617061243e-07,2.4710488723438585e-07,3.4240595027543126
621,124.28285523682455,0.5,0.2,1.0,0.5,0.749999265790501,0.2499997552635002,7.342094992615069e-07,2.4473649975277624e-07,3.4240595027543126
622,124.48298865910607,0.5,0.2,1.0,0.5,0.7499992728264159,0.2499997576088052,7.271735843730789e-07,2.4239119478989595e-07,3.4240595027543126
623,124.68312208138758,0.5,0.2,1.0,0.5,0.7499992797938116,0.24999975993127044,7.202061886218015e-07,2.400687295393985e-07,3.4240595027543126
624,124.8832555036691,0.5,0.2,1.0,0.5,0.7499992866934166,0.24999976223113876,7.133065835886338e-07,2.3776886119493708e-07,3.4240595027543126
625,125.08338892595063,0.5,0.2,1.0,0.5,0.7499992935259594,0.24999976450865302,7.064740408545366e-07,2.354913469501653e-07,3.4240595027543126
626,125.28352234823215,0.5,0.2,1.0,0.5,0.7499993002921683,0.24999976676405597,6.997078320004703e-07,2.3323594399873664e-07,3.4240595027543126
627,125.48365577051366,0.5,0.2,1.0,0.5,0.7499993069927716,0.24999976899759044,6.930072286073958e-07,2.310024095343047e-07,3.4240595027543126
628,125.68378919279519,0.5,0.2,1.0,0.5,0.749999313628498,0.2499997712094992,6.863715022562725e-07,2.2879050075052266e-07,3.4240595027543126
629,125.88392261507671,0.5,0.2,1.0,0.5,0.7499993202000758,0.24999977340002513,6.797999245280613e-07,2.2659997484104412e-07,3.4240595027543126
630,126.08405603735824,0.5,0.2,1.0,0.5,0.7499993267082332,0.24999977556941097,6.732917670037224e-07,2.2443058899952256e-07,3.4240595027543126
631,126.28418945963975,0.5,0.2,1.0,0.5,0.749999333153699,0.24999977771789955,6.668463012642165e-07,2.2228210041961162e-07,3.4240595027543126
632,126.48432288192127,0.5,0.2,1.0,0.5,0.7499993395372014,0.24999977984573368,6.604627988905033e-07,2.2015426629496441e-07,3.4240595027543126
633,126.6844563042028,0.5,0.2,1.0,0.5,0.7499993458594688,0.24999978195315614,6.541405314635435e-07,2.1804684381923458e-07,3.4240595027543126
634,126.88458972648432,0.5,0.2,1.0,0.5,0.7499993521212297,0.2499997840404098,6.478787705642974e-07,2.159595901860756e-07,3.4240595027543126
635,127.08472314876583,0.5,0.2,1.0,0.5,0.7499993583232125,0.24999978610773738,6.41676787773726e-07,2.1389226258914105e-07,3.4240595027543126
636,127.28485657104736,0.5,0.2,1.0,0.5,0.7499993644661456,0.24999978815538174,6.355338546727884e-07,2.1184461822208414e-07,3.4240595027543126
637,127.48498999332888,0.5,0.2,1.0,0.5,0.7499993705507574,0.2499997901835857,6.294492428424457e-07,2.098164142785585e-07,3.4240595027543126
638,127.6851234156104,0.5,0.2,1.0,0.5,0.7499993765777764,0.24999979219259202,6.234222238636581e-07,2.0780740795221755e-07,3.4240595027543126
639,127.88525683789192,0.5,0.2,1.0,0.5,0.749999382547931,0.24999979418264354,6.174520693173864e-07,2.058173564367149e-07,3.4240595027543126
640,128.08539026017345,0.5,0.2,1.0,0.5,0.7499993884619495,0.24999979615398304,6.115380507845898e-07,2.038460169257036e-07,3.4240595027543126
641,128.28552368245496,0.5,0.2,1.0,0.5,0.7499993943205604,0.24999979810685335,6.056794398462302e-07,2.0189314661283773e-07,3.4240595027543126
642,128.48565710473648,0.5,0.2,1.0,0.5,0.7499994001244922,0.24999980004149727,5.998755080832671e-07,1.999585026917704e-07,3.4240595027543126
643,128.685790527018,0.5,0.2,1.0,0.5,0.7499994058744732,0.2499998019581576,5.941255270766601e-07,1.9804184235615483e-07,3.4240595027543126
644,128.88592394929952,0.5,0.2,1.0,0.5,0.7499994115712318,0.24999980385707718,5.884287684073712e-07,1.9614292279964505e-07,3.4240595027543126
645,129.08605737158106,0.5,0.2,1.0,0.5,0.7499994172154966,0.24999980573849875,5.827845036563591e-07,1.9426150121589397e-07,3.4240595027543126
646,129.28619079386257,0.5,0.2,1.0,0.5,0.7499994228079959,0.24999980760266516,5.771920044045858e-07,1.923973347985556e-07,3.4240595027543126
647,129.48632421614408,0.5,0.2,1.0,0.5,0.749999428349458,0.24999980944981923,5.716505422330106e-07,1.9055018074128312e-07,3.4240595027543126
648,129.68645763842562,0.5,0.2,1.0,0.5,0.7499994338401976,0.2499998112800658,5.6615980255666e-07,1.887199341824187e-07,3.4240595027543126
649,129.88659106070713,0.5,0.2,1.0,0.5,0.7499994392771688,0.24999981309238953,5.607228313705511e-07,1.8690761045363547e-07,3.4240595027543126
650,130.08672448298864,0.5,0.2,1.0,0.5,0.7499994446600402,0.24999981488667997,5.553399600510403e-07,1.8511332001371915e-07,3.4240595027543126
651,130.28685790527018,0.5,0.2,1.0,0.5,0.749999449989351,0.2499998166631169,5.500106492269632e-07,1.833368830722817e-07,3.4240595027543126
652,130.4869913275517,0.5,0.2,1.0,0.5,0.7499994552656407,0.24999981842188015,5.447343595271577e-07,1.815781198389357e-07,3.4240595027543126
653,130.68712474983323,0.5,0.2,1.0,0.5,0.7499994604894487,0.24999982016314945,5.395105515804585e-07,1.7983685052329283e-07,3.4240595027543126
654,130.88725817211474,0.5,0.2,1.0,0.5,0.7499994656613143,0.24999982188710465,5.343386860157031e-07,1.781128953349657e-07,3.4240595027543126
655,131.08739159439625,0.5,0.2,1.0,0.5,0.7499994707817768,0.2499998235939255,5.292182234617273e-07,1.7640607448356621e-07,3.4240595027543126
656,131.2875250166778,0.5,0.2,1.0,0.5,0.7499994758513757,0.2499998252837918,5.241486245473665e-07,1.7471620817870624e-07,3.4240595027543126
657,131.4876584389593,0.5,0.2,1.0,0.5,0.7499994808706503,0.24999982695688336,5.191293499014585e-07,1.7304311662999843e-07,3.4240595027543126
658,131.6877918612408,0.5,0.2,1.0,0.5,0.7499994858401401,0.24999982861337994,5.141598601528388e-07,1.713866200470547e-07,3.4240595027543126
659,131.88792528352235,0.5,0.2,1.0,0.5,0.7499994907603843,0.24999983025346134,5.092396159303429e-07,1.6974653863948688e-07,3.4240595027543126
660,132.08805870580386,0.5,0.2,1.0,0.5,0.7499994956319224,0.24999983187730737,5.043680778628085e-07,1.6812269261690765e-07,3.4240595027543126
661,132.2881921280854,0.5,0.2,1.0,0.5,0.7499995004552936,0.2499998334850978,4.995447065790705e-07,1.6651490218892866e-07,3.4240595027543126
662,132.4883255503669,0.5,0.2,1.0,0.5,0.7499995052310375,0.24999983507701243,4.947689627079664e-07,1.649229875651625e-07,3.4240595027543126
663,132.68845897264842,0.5,0.2,1.0,0.5,0.7499995099596933,0.24999983665323103,4.900403068783319e-07,1.6334676895522107e-07,3.4240595027543126
664,132.88859239492996,0.5,0.2,1.0,0.5,0.7499995146418005,0.24999983821393343,4.853581997190026e-07,1.6178606656871628e-07,3.4240595027543126
665,133.08872581721147,0.5,0.2,1.0,0.5,0.7499995192778983,0.24999983975929937,4.807221018588161e-07,1.6024070061526076e-07,3.4240595027543126
666,133.28885923949298,0.5,0.2,1.0,0.5,0.7499995238685263,0.2499998412895087,4.761314739266078e-07,1.5871049130446642e-07,3.4240595027543126
667,133.48899266177452,0.5,0.2,1.0,0.5,0.7499995284142237,0.24999984280474113,4.7158577655121345e-07,1.5719525884594513e-07,3.4240595027543126
668,133.68912608405603,0.5,0.2,1.0,0.5,0.7499995329155299,0.24999984430517655,4.670844703614706e-07,1.556948234493095e-07,3.4240595027543126
669,133.88925950633757,0.5,0.2,1.0,0.5,0.7499995373729842,0.24999984579099466,4.6262701598621426e-07,1.5420900532417123e-07,3.4240595027543126
670,134.08939292861908,0.5,0.2,1.0,0.5,0.7499995417871261,0.2499998472623753,4.582128740542819e-07,1.5273762468014288e-07,3.4240595027543126
671,134.2895263509006,0.5,0.2,1.0,0.5,0.7499995461584951,0.24999984871949826,4.5384150519450915e-07,1.512805017268364e-07,3.4240595027543126
672,134.48965977318213,0.5,0.2,1.0,0.5,0.7499995504876302,0.2499998501625433,4.495123700357317e-07,1.4983745667386369e-07,3.4240595027543126
673,134.68979319546364,0.5,0.2,1.0,0.5,0.749999554775071,0.24999985159169025,4.4522492920678695e-07,1.484083097308373e-07,3.4240595027543126
674,134.88992661774515,0.5,0.2,1.0,0.5,0.7499995590213568,0.24999985300711888,4.4097864333651065e-07,1.469928811073692e-07,3.4240595027543126
675,135.09006004002669,0.5,0.2,1.0,0.5,0.7499995632270272,0.249999854409009,4.367729730537383e-07,1.455909910130713e-07,3.4240595027543126
676,135.2901934623082,0.5,0.2,1.0,0.5,0.7499995673926212,0.24999985579754033,4.326073789873075e-07,1.4420245965755613e-07,3.4240595027543126
677,135.49032688458973,0.5,0.2,1.0,0.5,0.7499995715186785,0.24999985717289275,4.284813217660533e-07,1.4282710725043546e-07,3.4240595027543126
678,135.69046030687124,0.5,0.2,1.0,0.5,0.7499995756057382,0.24999985853524598,4.243942620188131e-07,1.414647540013218e-07,3.4240595027543126
679,135.89059372915276,0.5,0.2,1.0,0.5,0.7499995796543398,0.24999985988477988,4.2034566037442256e-07,1.4011522011982712e-07,3.4240595027543126
680,136.0907271514343,0.5,0.2,1.0,0.5,0.7499995836650227,0.24999986122167417,4.1633497746171737e-07,1.387783258155633e-07,3.4240595027543126
681,136.2908605737158,0.5,0.2,1.0,0.5,0.7499995876383263,0.24999986254610868,4.1236167390953493e-07,1.3745389129814295e-07,3.4240595027543126
682,136.49099399599731,0.5,0.2,1.0,0.5,0.7499995915747899,0.2499998638582632,4.0842521034671097e-07,1.3614173677717795e-07,3.4240595027543126
683,136.69112741827885,0.5,0.2,1.0,0.5,0.7499995954749529,0.2499998651583175,4.045250474020811e-07,1.3484168246228027e-07,3.4240595027543126
684,136.89126084056036,0.5,0.2,1.0,0.5,0.7499995993393546,0.24999986644645142,4.0066064570448275e-07,1.3355354856306243e-07,3.4240595027543126
685,137.0913942628419,0.5,0.2,1.0,0.5,0.7499996031685343,0.2499998677228447,3.968314658827511e-07,1.3227715528913623e-07,3.4240595027543126
686,137.2915276851234,0.5,0.2,1.0,0.5,0.7499996069630317,0.24999986898767715,3.9303696856572345e-07,1.310123228501141e-07,3.4240595027543126
687,137.49166110740492,0.5,0.2,1.0,0.5,0.7499996107233858,0.24999987024112852,3.8927661438223553e-07,1.2975887145560804e-07,3.4240595027543126
688,137.69179452968646,0.5,0.2,1.0,0.5,0.7499996144501363,0.24999987148337868,3.855498639611231e-07,1.2851662131523002e-07,3.4240595027543126
689,137.89192795196797,0.5,0.2,1.0,0.5,0.7499996181438223,0.24999987271460736,3.8185617793122337e-07,1.2728539263859252e-07,3.4240595027543126
690,138.09206137424948,0.5,0.2,1.0,0.5,0.7499996218049833,0.24999987393499434,3.7819501692137217e-07,1.2606500563530748e-07,3.4240595027543126
691,138.29219479653102,0.5,0.2,1.0,0.5,0.7499996254341587,0.24999987514471947,3.745658415604052e-07,1.2485528051498692e-07,3.4240595027543126
692,138.49232821881253,0.5,0.2,1.0,0.5,0.7499996290318878,0.2499998763439625,3.709681124771598e-07,1.2365603748724327e-07,3.4240595027543126
693,138.69246164109407,0.5,0.2,1.0,0.5,0.7499996325987099,0.24999987753290323,3.674012903004711e-07,1.2246709676168835e-07,3.4240595027543126
694,138.89259506337558,0.5,0.2,1.0,0.5,0.7499996361351645,0.24999987871172144,3.638648356591765e-07,1.2128827854793463e-07,3.4240595027543126
695,139.0927284856571,0.5,0.2,1.0,0.5,0.7499996396417911,0.24999987988059694,3.6035820918211165e-07,1.2011940305559408e-07,3.4240595027543126
696,139.29286190793863,0.5,0.2,1.0,0.5,0.7499996431191287,0.2499998810397095,3.568808714981124e-07,1.1896029049427869e-07,3.4240595027543126
697,139.49299533022014,0.5,0.2,1.0,0.5,0.749999646567717,0.2499998821892389,3.5343228323601586e-07,1.178107610736009e-07,3.4240595027543126
698,139.69312875250165,0.5,0.2,1.0,0.5,0.7499996499880952,0.24999988332936499,3.500119050246579e-07,1.166706350031727e-07,3.4240595027543126
699,139.8932621747832,0.5,0.2,1.0,0.5,0.7499996533808028,0.2499998844602675,3.4661919749287425e-07,1.1553973249260609e-07,3.4240595027543126
700,140.0933955970647,0.5,0.2,1.0,0.5,0.7499996567463789,0.24999988558212624,3.432536212695022e-07,1.1441787375151348e-07,3.4240595027543126
701,140.29352901934624,0.5,0.2,1.0,0.5,0.7499996600837714,0.2499998866945904,3.3991622879075747e-07,1.1330540959196657e-07,3.4240595027543126
702,140.49366244162775,0.5,0.2,1.0,0.5,0.7499996633887702,0.24999988779625668,3.3661122994473085e-07,1.1220374330999461e-07,3.4240595027543126
703,140.69379586390926,0.5,0.2,1.0,0.5,0.7499996666613777,0.24999988888712585,3.333386224558765e-07,1.1111287414708236e-07,3.4240595027543126
704,140.8939292861908,0.5,0.2,1.0,0.5,0.749999669901888,0.24999988996729594,3.300981121402757e-07,1.1003270404192346e-07,3.4240595027543126
705,141.0940627084723,0.5,0.2,1.0,0.5,0.7499996731105953,0.24999989103686504,3.2688940481401067e-07,1.0896313493321207e-07,3.4240595027543126
706,141.29419613075382,0.5,0.2,1.0,0.5,0.7499996762877938,0.24999989209593124,3.237122062931626e-07,1.0790406875964188e-07,3.4240595027543126
707,141.49432955303536,0.5,0.2,1.0,0.5,0.7499996794337778,0.24999989314459253,3.2056622239381243e-07,1.0685540745990655e-07,3.4240595027543126
708,141.69446297531687,0.5,0.2,1.0,0.5,0.7499996825488412,0.24999989418294702,3.1745115893204265e-07,1.0581705297270025e-07,3.4240595027543126
709,141.8945963975984,0.5,0.2,1.0,0.5,0.7499996856332785,0.24999989521109275,3.1436672172393385e-07,1.047889072367165e-07,3.4240595027543126
710,142.09472981987992,0.5,0.2,1.0,0.5,0.7499996886873835,0.2499998962291278,3.1131261658556834e-07,1.0377087219064943e-07,3.4240595027543126
711,142.29486324216143,0.5,0.2,1.0,0.5,0.7499996917114509,0.24999989723715021,3.082885493330273e-07,1.0276284977319273e-07,3.4240595027543126
712,142.49499666444297,0.5,0.2,1.0,0.5,0.7499996947057743,0.24999989823525806,3.052942257823917e-07,1.017647419230401e-07,3.4240595027543126
713,142.69513008672448,0.5,0.2,1.0,0.5,0.7499996976706484,0.2499998992235494,3.0232935174974397e-07,1.0077645057888566e-07,3.4240595027543126
714,142.89526350900599,0.5,0.2,1.0,0.5,0.7499997006063671,0.24999990020212232,2.9939363305116516e-07,9.979787767942308e-08,3.4240595027543126
715,143.09539693128752,0.5,0.2,1.0,0.5,0.7499997035132246,0.24999990117107482,2.9648677550273637e-07,9.882892516334609e-08,3.4240595027543126
716,143.29553035356903,0.5,0.2,1.0,0.5,0.7499997063915153,0.24999990213050502,2.9360848492053995e-07,9.786949496934877e-08,3.4240595027543126
717,143.49566377585057,0.5,0.2,1.0,0.5,0.749999709241533,0.24999990308051095,2.907584671206565e-07,9.691948903612472e-08,3.4240595027543126
718,143.69579719813208,0.5,0.2,1.0,0.5,0.7499997120635722,0.24999990402119068,2.879364279191684e-07,9.597880930236802e-08,3.4240595027543126
719,143.8959306204136,0.5,0.2,1.0,0.5,0.749999714857927,0.2499999049526423,2.851420731321568e-07,9.504735770677238e-08,3.4240595027543126
720,144.09606404269513,0.5,0.2,1.0,0.5,0.7499997176248916,0.2499999058749638,2.823751085757027e-07,9.41250361880315e-08,3.4240595027543126
721,144.29619746497664,0.5,0.2,1.0,0.5,0.74999972036476,0.2499999067882533,2.7963524006588844e-07,9.321174668483947e-08,3.4240595027543126
722,144.49633088725815,0.5,0.2,1.0,0.5,0.7499997230778267,0.24999990769260885,2.7692217341879513e-07,9.230739113589002e-08,3.4240595027543126
723,144.6964643095397,0.5,0.2,1.0,0.5,0.7499997257643857,0.2499999085881285,2.7423561445050387e-07,9.141187147987684e-08,3.4240595027543126
724,144.8965977318212,0.5,0.2,1.0,0.5,0.7499997284247312,0.24999990947491033,2.71575268977097e-07,9.052508965549401e-08,3.4240595027543126
725,145.09673115410274,0.5,0.2,1.0,0.5,0.7499997310591573,0.24999991035305238,2.689408428146552e-07,8.964694760143514e-08,3.4240595027543126
726,145.29686457638425,0.5,0.2,1.0,0.5,0.7499997336679584,0.24999991122265272,2.663320417792607e-07,8.87773472563943e-08,3.4240595027543126
727,145.49699799866576,0.5,0.2,1.0,0.5,0.7499997362514285,0.24999991208380942,2.6374857168699467e-07,8.791619055906519e-08,3.4240595027543126
728,145.6971314209473,0.5,0.2,1.0,0.5,0.7499997388098618,0.24999991293662055,2.6119013835393827e-07,8.706337944814154e-08,3.4240595027543126
729,145.8972648432288,0.5,0.2,1.0,0.5,0.7499997413435525,0.24999991378118414,2.586564475961737e-07,8.621881586231744e-08,3.4240595027543126
730,146.09739826551032,0.5,0.2,1.0,0.5,0.7499997438527949,0.24999991461759824,2.5614720522978214e-07,8.538240174028657e-08,3.4240595027543126
731,146.29753168779186,0.5,0.2,1.0,0.5,0.7499997463378831,0.24999991544596098,2.536621170708447e-07,8.455403902074269e-08,3.4240595027543126
732,146.49766511007337,0.5,0.2,1.0,0.5,0.7499997487991112,0.24999991626637033,2.512008889354435e-07,8.373362964237984e-08,3.4240595027543126
733,146.6977985323549,0.5,0.2,1.0,0.5,0.7499997512367735,0.24999991707892444,2.4876322663965955e-07,8.292107554389162e-08,3.4240595027543126
734,146.89793195463642,0.5,0.2,1.0,0.5,0.7499997536511641,0.24999991788372133,2.463488359995749e-07,8.211627866397212e-08,3.4240595027543126
735,147.09806537691793,0.5,0.2,1.0,0.5,0.7499997560425773,0.24999991868085905,2.439574228312707e-07,8.131914094131504e-08,3.4240595027543126
736,147.29819879919947,0.5,0.2,1.0,0.5,0.7499997584113072,0.24999991947043568,2.415886929508282e-07,8.052956431461412e-08,3.4240595027543126
737,147.49833222148098,0.5,0.2,1.0,0.5,0.749999760757648,0.24999992025254927,2.392423521743295e-07,7.974745072256341e-08,3.4240595027543126
738,147.6984656437625,0.5,0.2,1.0,0.5,0.7499997630818939,0.24999992102729787,2.3691810631785586e-07,7.897270210385665e-08,3.4240595027543126
739,147.89859906604403,0.5,0.2,1.0,0.5,0.749999765384339,0.2499999217947796,2.3461566119748835e-07,7.820522039718753e-08,3.4240595027543126
740,148.09873248832554,0.5,0.2,1.0,0.5,0.7499997676652775,0.24999992255509246,2.323347226293092e-07,7.744490754125013e-08,3.4240595027543126
741,148.29886591060708,0.5,0.2,1.0,0.5,0.7499997699250037,0.2499999233083345,2.3007499642939924e-07,7.669166547473808e-08,3.4240595027543126
742,148.4989993328886,0.5,0.2,1.0,0.5,0.7499997721638118,0.24999992405460386,2.278361884138406e-07,7.59453961363454e-08,3.4240595027543126
743,148.6991327551701,0.5,0.2,1.0,0.5,0.7499997743819957,0.24999992479399852,2.256180043987145e-07,7.520600146476585e-08,3.4240595027543126
744,148.89926617745164,0.5,0.2,1.0,0.5,0.74999977657985,0.2499999255266166,2.234201502001021e-07,7.447338339869314e-08,3.4240595027543126
745,149.09939959973315,0.5,0.2,1.0,0.5,0.7499997787576685,0.2499999262525561,2.2124233163408553e-07,7.374744387682131e-08,3.4240595027543126
746,149.29953302201466,0.5,0.2,1.0,0.5,0.7499997809157456,0.24999992697191514,2.1908425451674598e-07,7.30280848378441e-08,3.4240595027543126
747,149.4996664442962,0.5,0.2,1.0,0.5,0.7499997830543755,0.24999992768479176,2.1694562466416468e-07,7.231520822045526e-08,3.4240595027543126
748,149.6997998665777,0.5,0.2,1.0,0.5,0.7499997851738522,0.24999992839128402,2.148261478924237e-07,7.160871596334881e-08,3.4240595027543126
749,149.89993328885924,0.5,0.2,1.0,0.5,0.7499997872744701,0.24999992909149,2.1272553001760398e-07,7.090851000521838e-08,3.4240595027543126
750,150.10006671114076,0.5,0.2,1.0,0.5,0.7499997893565233,0.2499999297855077,2.1064347685578758e-07,7.021449228475803e-08,3.4240595027543126
751,150.30020013342227,0.5,0.2,1.0,0.5,0.7499997914203059,0.24999993047343524,2.0857969422305573e-07,6.952656474066147e-08,3.4240595027543126
752,150.5003335557038,0.5,0.2,1.0,0.5,0.7499997934661122,0.24999993115537067,2.0653388793548963e-07,6.884462931162245e-08,3.4240595027543126
753,150.70046697798531,0.5,0.2,1.0,0.5,0.7499997954942363,0.24999993183141206,2.0450576380917137e-07,6.8168587936335e-08,3.4240595027543126
754,150.90060040026682,0.5,0.2,1.0,0.5,0.7499998016872542,0.24999993389575131,1.9831274590643752e-07,6.610424863376454e-08,3.4240595027543126
755,151.10073382254836,0.5,0.2,1.0,0.5,0.7499998034383066,0.24999993447943544,1.965616935392364e-07,6.552056451162058e-08,3.4240595027543126
756,151.30086724482987,0.5,0.2,1.0,0.5,0.7499998051785688,0.24999993505952287,1.9482143132572374e-07,6.494047710736882e-08,3.4240595027543126
757,151.5010006671114,0.5,0.2,1.0,0.5,0.7499998069080409,0.24999993563601355,1.9309195926589902e-07,6.436398642100909e-08,3.4240595027543126
758,151.70113408939292,0.5,0.2,1.0,0.5,0.7499998086267228,0.2499999362089075,1.9137327735976277e-07,6.379109245254156e-08,3.4240595027543126
759,151.90126751167443,0.5,0.2,1.0,0.5,0.7499998103346145,0.24999993677820476,1.8966538560731473e-07,6.322179520196613e-08,3.4240595027543126
760,152.10140093395597,0.5,0.2,1.0,0.5,0.7499998120317162,0.2499999373439053,1.8796828400855464e-07,6.265609466928274e-08,3.4240595027543126
761,152.30153435623748,0.5,0.2,1.0,0.5,0.7499998137180276,0.2499999379060091,1.8628197256348303e-07,6.209399085449153e-08,3.4240595027543126
762,152.501667778519,0.5,0.2,1.0,0.5,0.7499998153935489,0.2499999384645162,1.8460645127209962e-07,6.153548375759242e-08,3.4240595027543126
763,152.70180120080053,0.5,0.2,1.0,0.5,0.74999981705828,0.24999993901942658,1.8294172013440419e-07,6.098057337858535e-08,3.4240595027543126
764,152.90193462308204,0.5,0.2,1.0,0.5,0.749999818712221,0.24999993957074024,1.8128777915039718e-07,6.042925971747047e-08,3.4240595027543126
765,153.10206804536358,0.5,0.2,1.0,0.5,0.7499998203553718,0.2499999401184572,1.7964462832007818e-07,5.988154277424762e-08,3.4240595027543126
766,153.3022014676451,0.5,0.2,1.0,0.5,0.7499998219877325,0.2499999406625774,1.7801226764344758e-07,5.9337422548916955e-08,3.4240595027543126
767,153.5023348899266,0.5,0.2,1.0,0.5,0.7499998236093031,0.24999994120310093,1.7639069712050523e-07,5.879689904147841e-08,3.4240595027543126
768,153.70246831220814,0.5,0.2,1.0,0.5,0.7499998252200833,0.2499999417400277,1.7477991675125083e-07,5.825997225193188e-08,3.4240595027543126
769,153.90260173448965,0.5,0.2,1.0,0.5,0.7499998268200736,0.24999994227335778,1.7317992653568488e-07,5.7726642180277546e-08,3.4240595027543126
770,154.1027351567712,0.5,0.2,1.0,0.5,0.7499998284092737,0.24999994280309112,1.7159072647380694e-07,5.7196908826515245e-08,3.4240595027543126
771,154.3028685790527,0.5,0.2,1.0,0.5,0.7499998299876836,0.24999994332922776,1.700123165656174e-07,5.667077219064513e-08,3.4240595027543126
772,154.5030020013342,0.5,0.2,1.0,0.5,0.7499998315553034,0.2499999438517677,1.6844469681111608e-07,5.614823227266712e-08,3.4240595027543126
773,154.70313542361575,0.5,0.2,1.0,0.5,0.7499998331121329,0.24999994437071088,1.6688786721030274e-07,5.5629289072581146e-08,3.4240595027543126
774,154.90326884589726,0.5,0.2,1.0,0.5,0.7499998346581723,0.24999994488605737,1.6534182776317786e-07,5.5113942590387365e-08,3.4240595027543126
775,155.10340226817877,0.5,0.2,1.0,0.5,0.7499998361934217,0.24999994539780712,1.6380657846974116e-07,5.4602192826085687e-08,3.4240595027543126
776,155.3035356904603,0.5,0.2,1.0,0.5,0.7499998377178808,0.24999994590596017,1.6228211932999247e-07,5.4094039779676044e-08,3.4240595027543126
777,155.50366911274182,0.5,0.2,1.0,0.5,0.7499998392315498,0.2499999464105165,1.607684503439322e-07,5.358948345115858e-08,3.4240595027543126
778,155.70380253502336,0.5,0.2,1.0,0.5,0.7499998407344286,0.24999994691147612,1.5926557151155993e-07,5.308852384053316e-08,3.4240595027543126
779,155.90393595730487,0.5,0.2,1.0,0.5,0.7499998422265173,0.24999994740883902,1.5777348283287608e-07,5.259116094779991e-08,3.4240595027543126
780,156.10406937958638,0.5,0.2,1.0,0.5,0.7499998437078158,0.24999994790260519,1.5629218430788045e-07,5.2097394772958784e-08,3.4240595027543126
781,156.30420280186792,0.5,0.2,1.0,0.5,0.7499998451783242,0.24999994839277465,1.548216759365728e-07,5.160722531600969e-08,3.4240595027543126
782,156.50433622414943,0.5,0.2,1.0,0.5,0.7499998466380424,0.24999994887934737,1.5336195771895357e-07,5.112065257695278e-08,3.4240595027543126
783,156.70446964643094,0.5,0.2,1.0,0.5,0.7499998480869705,0.2499999493623234,1.5191302965502256e-07,5.063767655578797e-08,3.4240595027543126
784,156.90460306871248,0.5,0.2,1.0,0.5,0.7499998495251085,0.2499999498417027,1.5047489174477956e-07,5.015829725251521e-08,3.4240595027543126
785,157.104736490994,0.5,0.2,1.0,0.5,0.7499998509524561,0.2499999503174853,1.4904754398822498e-07,4.9682514667134623e-08,3.4240595027543126
786,157.30486991327552,0.5,0.2,1.0,0.5,0.7499998523690138,0.24999995078967116,1.476309863853584e-07,4.921032879964608e-08,3.4240595027543126
787,157.50500333555703,0.5,0.2,1.0,0.5,0.7499998537747812,0.2499999512582603,1.4622521893618022e-07,4.874173965004971e-08,3.4240595027543126
788,157.70513675783855,0.5,0.2,1.0,0.5,0.7499998551697585,0.24999995172325273,1.4483024164069025e-07,4.827674721834545e-08,3.4240595027543126
789,157.90527018012008,0.5,0.2,1.0,0.5,0.7499998565539456,0.24999995218464846,1.434460544988883e-07,4.781535150453324e-08,3.4240595027543126
790,158.1054036024016,0.5,0.2,1.0,0.5,0.7499998579273426,0.24999995264244745,1.4207265751077474e-07,4.7357552508613204e-08,3.4240595027543126
791,158.3055370246831,0.5,0.2,1.0,0.5,0.7499998592899495,0.24999995309664974,1.4071005067634942e-07,4.690335023058527e-08,3.4240595027543126
792,158.50567044696464,0.5,0.2,1.0,0.5,0.7499998606417662,0.2499999535472553,1.393582339956121e-07,4.645274467044939e-08,3.4240595027543126
793,158.70580386924615,0.5,0.2,1.0,0.5,0.7499998619827927,0.24999995399426414,1.380172074685632e-07,4.6005735828205675e-08,3.4240595027543126
794,158.9059372915277,0.5,0.2,1.0,0.5,0.749999863313029,0.24999995443767625,1.366869710952023e-07,4.5562323703854013e-08,3.4240595027543126
795,159.1060707138092,0.5,0.2,1.0,0.5,0.7499998646324753,0.24999995487749166,1.353675248755298e-07,4.512250829739452e-08,3.4240595027543126
796,159.3062041360907,0.5,0.2,1.0,0.5,0.7499998659411313,0.24999995531371036,1.340588688095455e-07,4.4686289608827136e-08,3.4240595027543126
797,159.50633755837225,0.5,0.2,1.0,0.5,0.7499998672389973,0.24999995574633233,1.3276100289724926e-07,4.42536676381518e-08,3.4240595027543126
798,159.70647098065376,0.5,0.2,1.0,0.5,0.749999868526073,0.24999995617535758,1.3147392713864138e-07,4.382464238536864e-08,3.4240595027543126
799,159.90660440293527,0.5,0.2,1.0,0.5,0.7499998698023586,0.2499999566007861,1.3019764153372174e-07,4.339921385047758e-08,3.4240595027543126
800,160.1067378252168,0.5,0.2,1.0,0.5,0.749999871067854,0.24999995702261793,1.289321460824901e-07,4.297738203347858e-08,3.4240595027543126
801,160.30687124749832,0.5,0.2,1.0,0.5,0.7499998723225594,0.24999995744085302,1.2767744078494686e-07,4.255914693437174e-08,3.4240595027543126
802,160.50700466977986,0.5,0.2,1.0,0.5,0.7499998735664745,0.2499999578554914,1.2643352564109166e-07,4.214450855315696e-08,3.4240595027543126
803,160.70713809206137,0.5,0.2,1.0,0.5,0.7499998747995995,0.24999995826653307,1.2520040065092484e-07,4.173346688983434e-08,3.4240595027543126
804,160.90727151434288,0.5,0.2,1.0,0.5,0.7499998760219343,0.249999958673978,1.2397806581444624e-07,4.132602194440383e-08,3.4240595027543126
805,161.10740493662442,0.5,0.2,1.0,0.5,0.749999877233479,0.24999995907782624,1.2276652113165567e-07,4.092217371686538e-08,3.4240595027543126
806,161.30753835890593,0.5,0.2,1.0,0.5,0.7499998784342904,0.2499999594780967,1.2156570979489505e-07,4.052190327133296e-08,3.4240595027543126
807,161.50767178118744,0.5,0.2,1.0,0.5,0.7499998796253627,0.24999995987512083,1.2037463744800504e-07,4.012487915575366e-08,3.4240595027543126
808,161.70780520346898,0.5,0.2,1.0,0.5,0.7499998808070591,0.24999996026901963,1.191929410097879e-07,3.973098034306161e-08,3.4240595027543126
809,161.9079386257505,0.5,0.2,1.0,0.5,0.7499998819793797,0.24999996065979313,1.1802062048024396e-07,3.9340206833256955e-08,3.4240595027543126
810,162.10807204803203,0.5,0.2,1.0,0.5,0.7499998831423244,0.24999996104744135,1.1685767585937285e-07,3.8952558626339574e-08,3.4240595027543126
811,162.30820547031354,0.5,0.2,1.0,0.5,0.749999884295893,0.24999996143196426,1.1570410714717495e-07,3.856803572230956e-08,3.4240595027543126
812,162.50833889259505,0.5,0.2,1.0,0.5,0.7499998854400858,0.24999996181336184,1.1455991434365006e-07,3.818663812116688e-08,3.4240595027543126
813,162.7084723148766,0.5,0.2,1.0,0.5,0.7499998865749027,0.24999996219163415,1.1342509744879806e-07,3.7808365822911465e-08,3.4240595027543126
814,162.9086057371581,0.5,0.2,1.0,0.5,0.7499998877003438,0.24999996256678114,1.1229965646261921e-07,3.743321882754343e-08,3.4240595027543126
815,163.1087391594396,0.5,0.2,1.0,0.5,0.7499998888164088,0.24999996293880283,1.1118359138511343e-07,3.706119713506272e-08,3.4240595027543126
816,163.30887258172115,0.5,0.2,1.0,0.5,0.749999889923098,0.24999996330769922,1.100769022162805e-07,3.669230074546929e-08,3.4240595027543126
817,163.50900600400266,0.5,0.2,1.0,0.5,0.7499998910204112,0.24999996367347033,1.0897958895612073e-07,3.632652965876322e-08,3.4240595027543126
818,163.7091394262842,0.5,0.2,1.0,0.5,0.7499998921083486,0.2499999640361161,1.0789165160463386e-07,3.596388387494443e-08,3.4240595027543126
819,163.9092728485657,0.5,0.2,1.0,0.5,0.74999989318691,0.24999996439563657,1.0681309016182017e-07,3.5604363394013025e-08,3.4240595027543126
820,164.10940627084722,0.5,0.2,1.0,0.5,0.7499998942560956,0.24999996475203176,1.057439046276795e-07,3.5247968215968946e-08,3.4240595027543126
821,164.30953969312876,0.5,0.2,1.0,0.5,0.7499998953159052,0.24999996510530165,1.0468409500221171e-07,3.489469834081213e-08,3.4240595027543126
822,164.50967311541027,0.5,0.2,1.0,0.5,0.7499998963663389,0.2499999654554462,1.0363366128541708e-07,3.4544553768542695e-08,3.4240595027543126
823,164.70980653769178,0.5,0.2,1.0,0.5,0.7499998974073967,0.24999996580246547,1.025926034772955e-07,3.419753449916058e-08,3.4240595027543126
824,164.90993995997331,0.5,0.2,1.0,0.5,0.7499998984390785,0.24999996614635944,1.0156092157784679e-07,3.3853640532665746e-08,3.4240595027543126
825,165.11007338225482,0.5,0.2,1.0,0.5,0.7499998994613846,0.2499999664871281,1.0053861558707123e-07,3.351287186905828e-08,3.4240595027543126
826,165.31020680453636,0.5,0.2,1.0,0.5,0.7499999004743146,0.24999996682477146,9.952568550496859e-08,3.317522850833809e-08,3.4240595027543126
827,165.51034022681787,0.5,0.2,1.0,0.5,0.7499999014778689,0.24999996715928952,9.85221313315391e-08,3.2840710450505276e-08,3.4240595027543126
828,165.71047364909938,0.5,0.2,1.0,0.5,0.7499999024720471,0.2499999674906823,9.752795306678263e-08,3.250931769555979e-08,3.4240595027543126
829,165.91060707138092,0.5,0.2,1.0,0.5,0.7499999034568494,0.24999996781894973,9.654315071069906e-08,3.2181050243501576e-08,3.4240595027543126
830,166.11074049366243,0.5,0.2,1.0,0.5,0.7499999044322759,0.2499999681440919,9.556772426328865e-08,3.185590809433074e-08,3.4240595027543126
831,166.31087391594394,0.5,0.2,1.0,0.5,0.7499999053983264,0.24999996846610872,9.460167372455126e-08,3.1533891248047224e-08,3.4240595027543126
832,166.51100733822548,0.5,0.2,1.0,0.5,0.749999906355001,0.24999996878500028,9.364499909448678e-08,3.1214999704650985e-08,3.4240595027543126
833,166.711140760507,0.5,0.2,1.0,0.5,0.7499999073022998,0.24999996910076652,9.269770037309543e-08,3.089923346414212e-08,3.4240595027543126
834,166.91127418278853,0.5,0.2,1.0,0.5,0.7499999082402226,0.24999996941340746,9.1759777560377e-08,3.0586592526520534e-08,3.4240595027543126
835,167.11140760507004,0.5,0.2,1.0,0.5,0.7499999091687695,0.24999996972292307,9.083123065633173e-08,3.027707689178632e-08,3.4240595027543126
836,167.31154102735155,0.5,0.2,1.0,0.5,0.7499999100879405,0.24999997002931343,8.991205966095947e-08,2.9970686559939425e-08,3.4240595027543126
837,167.5116744496331,0.5,0.2,1.0,0.5,0.7499999109977356,0.24999997033257845,8.900226457426012e-08,2.9667421530979817e-08,3.4240595027543126
838,167.7118078719146,0.5,0.2,1.0,0.5,0.7499999118981547,0.24999997063271817,8.810184539623391e-08,2.9367281804907575e-08,3.4240595027543126
839,167.9119412941961,0.5,0.2,1.0,0.5,0.7499999127891981,0.24999997092973258,8.721080212688074e-08,2.9070267381722654e-08,3.4240595027543126
840,168.11207471647765,0.5,0.2,1.0,0.5,0.7499999136708654,0.24999997122362172,8.632913476620046e-08,2.877637826142502e-08,3.4240595027543126
841,168.31220813875916,0.5,0.2,1.0,0.5,0.7499999145431568,0.24999997151438552,8.545684331419334e-08,2.848561444401475e-08,3.4240595027543126
842,168.5123415610407,0.5,0.2,1.0,0.5,0.7499999154060724,0.24999997180202405,8.459392777085912e-08,2.8197975929491768e-08,3.4240595027543126
843,168.7124749833222,0.5,0.2,1.0,0.5,0.749999916259612,0.24999997208653726,8.374038813619805e-08,2.7913462717856146e-08,3.4240595027543126
844,168.91260840560372,0.5,0.2,1.0,0.5,0.7499999171037758,0.24999997236792518,8.289622441021e-08,2.763207480910785e-08,3.4240595027543126
845,169.11274182788526,0.5,0.2,1.0,0.5,0.7499999179385636,0.24999997264618778,8.206143659289486e-08,2.735381220324684e-08,3.4240595027543126
846,169.31287525016677,0.5,0.2,1.0,0.5,0.7499999187639755,0.2499999729213251,8.123602468425288e-08,2.7078674900273196e-08,3.4240595027543126
847,169.51300867244828,0.5,0.2,1.0,0.5,0.7499999195800114,0.24999997319333708,8.04199886842839e-08,2.6806662900186873e-08,3.4240595027543126
848,169.71314209472982,0.5,0.2,1.0,0.5,0.7499999203866716,0.24999997346222377,7.961332859298785e-08,2.653777620298784e-08,3.4240595027543126
849,169.91327551701133,0.5,0.2,1.0,0.5,0.7499999211839558,0.24999997372798516,7.881604441036493e-08,2.627201480867617e-08,3.4240595027543126
850,170.11340893929287,0.5,0.2,1.0,0.5,0.749999921971864,0.24999997399062127,7.802813613641494e-08,2.6009378717251783e-08,3.4240595027543126
851,170.31354236157438,0.5,0.2,1.0,0.5,0.7499999227503964,0.24999997425013204,7.724960377113808e-08,2.5749867928714763e-08,3.4240595027543126
852,170.5136757838559,0.5,0.2,1.0,0.5,0.7499999235195528,0.24999997450651754,7.648044731453424e-08,2.5493482443065064e-08,3.4240595027543126
853,170.71380920613743,0.5,0.2,1.0,0.5,0.7499999242793334,0.24999997475977773,7.572066676660332e-08,2.5240222260302656e-08,3.4240595027543126
854,170.91394262841894,0.5,0.2,1.0,0.5,0.749999925029738,0.24999997500991258,7.497026212734554e-08,2.4990087380427605e-08,3.4240595027543126
855,171.11407605070045,0.5,0.2,1.0,0.5,0.7499999257707668,0.24999997525692216,7.422923339676077e-08,2.474307780343988e-08,3.4240595027543126
856,171.314209472982,0.5,0.2,1.0,0.5,0.7499999265024196,0.24999997550080644,7.349758057484894e-08,2.4499193529339448e-08,3.4240595027543126
857,171.5143428952635,0.5,0.2,1.0,0.5,0.7499999272246965,0.2499999757415654,7.277530366161024e-08,2.425843455812637e-08,3.4240595027543126
858,171.71447631754504,0.5,0.2,1.0,0.5,0.7499999279375975,0.2499999759791991,7.206240265704445e-08,2.402080088980059e-08,3.4240595027543126
859,171.91460973982655,0.5,0.2,1.0,0.5,0.7499999286411226,0.24999997621370745,7.13588775611518e-08,2.3786292524362164e-08,3.4240595027543126
860,172.11474316210806,0.5,0.2,1.0,0.5,0.7499999293352718,0.2499999764450905,7.066472837393217e-08,2.3554909461811064e-08,3.4240595027543126
861,172.3148765843896,0.5,0.2,1.0,0.5,0.7499999300200451,0.24999997667334828,6.997995509538547e-08,2.3326651702147256e-08,3.4240595027543126
862,172.5150100066711,0.5,0.2,1.0,0.5,0.7499999306954425,0.24999997689848072,6.930455772551189e-08,2.3101519245370803e-08,3.4240595027543126
863,172.71514342895262,0.5,0.2,1.0,0.5,0.7499999313614639,0.24999997712048788,6.863853626431134e-08,2.2879512091481676e-08,3.4240595027543126
864,172.91527685123415,0.5,0.2,1.0,0.5,0.7499999320181094,0.24999997733936974,6.798189071178373e-08,2.2660630240479842e-08,3.4240595027543126
865,173.11541027351566,0.5,0.2,1.0,0.5,0.7499999326653791,0.2499999775551263,6.733462106792923e-08,2.2444873692365366e-08,3.4240595027543126
866,173.3155436957972,0.5,0.2,1.0,0.5,0.7499999333050205,0.24999997776834007,6.669497970395757e-08,2.2231659904208942e-08,3.4240595027543126
867,173.5156771180787,0.5,0.2,1.0,0.5,0.7499999339395563,0.24999997797985202,6.606044385397174e-08,2.2020147954046043e-08,3.4240595027543126
868,173.71581054036022,0.5,0.2,1.0,0.5,0.749999934569007,0.2499999781896689,6.543099314504642e-08,2.1810331050901576e-08,3.4240595027543126
869,173.91594396264176,0.5,0.2,1.0,0.5,0.7499999351933726,0.24999997839779076,6.480662757718155e-08,2.1602209194775512e-08,3.4240595027543126
870,174.11607738492327,0.5,0.2,1.0,0.5,0.749999935812653,0.24999997860421758,6.418734715037729e-08,2.139578238566791e-08,3.4240595027543126
871,174.31621080720478,0.5,0.2,1.0,0.5,0.7499999364268484,0.24999997880894934,6.357315186463357e-08,2.1191050623578744e-08,3.4240595027543126
872,174.51634422948632,0.5,0.2,1.0,0.5,0.7499999370359585,0.24999997901198606,6.296404171995026e-08,2.098801390850798e-08,3.4240595027543126
873,174.71647765176783,0.5,0.2,1.0,0.5,0.7499999376399835,0.24999997921332773,6.236001671632757e-08,2.078667224045568e-08,3.4240595027543126
874,174.91661107404937,0.5,0.2,1.0,0.5,0.7499999382389233,0.24999997941297433,6.176107685376534e-08,2.058702561942179e-08,3.4240595027543126
875,175.11674449633088,0.5,0.2,1.0,0.5,0.749999938832778,0.2499999796109259,6.116722213226371e-08,2.0389074045406358e-08,3.4240595027543126
876,175.3168779186124,0.5,0.2,1.0,0.5,0.7499999394215476,0.24999997980718244,6.05784525518226e-08,2.019281751840936e-08,3.4240595027543126
877,175.51701134089393,0.5,0.2,1.0,0.5,0.7499999400052321,0.24999998000174392,5.999476811244194e-08,1.9998256038430765e-08,3.4240595027543126
878,175.71714476317544,0.5,0.2,1.0,0.5,0.7499999405838313,0.24999998019461037,5.941616881412189e-08,1.9805389605470635e-08,3.4240595027543126
879,175.91727818545695,0.5,0.2,1.0,0.5,0.7499999411573456,0.24999998038578175,5.884265465686235e-08,1.9614218219528933e-08,3.4240595027543126
880,176.1174116077385,0.5,0.2,1.0,0.5,0.7499999417257746,0.24999998057525807,5.827422564066326e-08,1.942474188060564e-08,3.4240595027543126
881,176.31754503002,0.5,0.2,1.0,0.5,0.7499999422891185,0.24999998076303936,5.771088176552479e-08,1.923696058870081e-08,3.4240595027543126
882,176.51767845230154,0.5,0.2,1.0,0.5,0.7499999428473771,0.24999998094912562,5.715262303144676e-08,1.9050874343814388e-08,3.4240595027543126
883,176.71781187458305,0.5,0.2,1.0,0.5,0.7499999434005508,0.24999998113351682,5.659944943842933e-08,1.8866483145946424e-08,3.4240595027543126
884,176.91794529686456,0.5,0.2,1.0,0.5,0.7499999439486392,0.24999998131621295,5.605136098647242e-08,1.8683786995096892e-08,3.4240595027543126
885,177.1180787191461,0.5,0.2,1.0,0.5,0.7499999444916425,0.24999998149721409,5.550835767557597e-08,1.8502785891265767e-08,3.4240595027543126
886,177.3182121414276,0.5,0.2,1.0,0.5,0.7499999450295607,0.24999998167652013,5.497043950574012e-08,1.8323479834453107e-08,3.4240595027543126
887,177.51834556370912,0.5,0.2,1.0,0.5,0.7499999455623937,0.24999998185413114,5.4437606476964796e-08,1.8145868824658873e-08,3.4240595027543126
888,177.71847898599066,0.5,0.2,1.0,0.5,0.7499999460901416,0.2499999820300471,5.3909858589249917e-08,1.7969952861883052e-08,3.4240595027543126
889,177.91861240827217,0.5,0.2,1.0,0.5,0.7499999466128043,0.24999998220426803,5.3387195842595646e-08,1.779573194612569e-08,3.4240595027543126
890,178.1187458305537,0.5,0.2,1.0,0.5,0.749999947130382,0.24999998237679388,5.286961823700182e-08,1.7623206077386735e-08,3.4240595027543126
891,178.31887925283522,0.5,0.2,1.0,0.5,0.7499999476428745,0.2499999825476247,5.23571257724686e-08,1.7452375255666238e-08,3.4240595027543126
892,178.51901267511673,0.5,0.2,1.0,0.5,0.7499999481502817,0.2499999827167605,5.18497184489959e-08,1.7283239480964177e-08,3.4240595027543126
893,178.71914609739827,0.5,0.2,1.0,0.5,0.7499999486526039,0.24999998288420122,5.134739626658365e-08,1.7115798753280523e-08,3.4240595027543126
894,178.91927951967978,0.5,0.2,1.0,0.5,0.7499999491498409,0.2499999830499469,5.0850159225232006e-08,1.6950053072615327e-08,3.4240595027543126
895,179.1194129419613,0.5,0.2,1.0,0.5,0.7499999496419929,0.24999998321399752,5.035800732494088e-08,1.6786002438968564e-08,3.4240595027543126
896,179.31954636424283,0.5,0.2,1.0,0.5,0.7499999501290596,0.24999998337635312,4.9870940565710215e-08,1.6623646852340214e-08,3.4240595027543126
897,179.51967978652434,0.5,0.2,1.0,0.5,0.7499999506110413,0.24999998353701364,4.938895894754014e-08,1.6462986312730317e-08,3.4240595027543126
898,179.71981320880587,0.5,0.2,1.0,0.5,0.7499999510879377,0.24999998369597914,4.8912062470430526e-08,1.6304020820138832e-08,3.4240595027543126
899,179.91994663108738,0.5,0.2,1.0,0.5,0.7499999515597491,0.2499999838532496,4.844025113438151e-08,1.6146750374565803e-08,3.4240595027543126
900,180.1200800533689,0.5,0.2,1.0,0.5,0.7499999520264753,0.24999998400882498,4.797352493939301e-08,1.599117497601121e-08,3.4240595027543126
901,180.32021347565043,0.5,0.2,1.0,0.5,0.7499999524881164,0.24999998416270533,4.751188388546498e-08,1.5837294624475026e-08,3.4240595027543126
902,180.52034689793194,0.5,0.2,1.0,0.5,0.7499999529446723,0.24999998431489065,4.705532797259754e-08,1.56851093199573e-08,3.4240595027543126
903,180.72048032021348,0.5,0.2,1.0,0.5,0.749999953396143,0.2499999844653809,4.660385720079055e-08,1.5534619062457984e-08,3.4240595027543126
904,180.920613742495,0.5,0.2,1.0,0.5,0.7499999538425286,0.2499999846141761,4.6157471570044156e-08,1.5385823851977124e-08,3.4240595027543126
905,181.1207471647765,0.5,0.2,1.0,0.5,0.7499999542838292,0.24999998476127627,4.571617108035829e-08,1.5238723688514698e-08,3.4240595027543126
906,181.32088058705804,0.5,0.2,1.0,0.5,0.7499999547200444,0.24999998490668138,4.5279955731732885e-08,1.509331857207068e-08,3.4240595027543126
907,181.52101400933955,0.5,0.2,1.0,0.5,0.7499999551511747,0.24999998505039145,4.484882552416807e-08,1.4949608502645123e-08,3.4240595027543126
908,181.72114743162106,0.5,0.2,1.0,0.5,0.7499999555772198,0.2499999851924065,4.4422780457663776e-08,1.4807593480237994e-08,3.4240595027543126
909,181.9212808539026,0.5,0.2,1.0,0.5,0.7499999559981797,0.24999998533272647,4.400182053221995e-08,1.4667273504849281e-08,3.4240595027543126
910,182.1214142761841,0.5,0.2,1.0,0.5,0.7499999564140545,0.24999998547135138,4.358594574783671e-08,1.4528648576479021e-08,3.4240595027543126
911,182.32154769846565,0.5,0.2,1.0,0.5,0.7499999568248441,0.24999998560828127,4.317515610451394e-08,1.4391718695127177e-08,3.4240595027543126
912,182.52168112074716,0.5,0.2,1.0,0.5,0.7499999572305486,0.2499999857435161,4.276945160225175e-08,1.4256483860793784e-08,3.4240595027543126
913,182.72181454302867,0.5,0.2,1.0,0.5,0.749999957631168,0.24999998587705588,4.236883224105008e-08,1.4122944073478825e-08,3.4240595027543126
914,182.9219479653102,0.5,0.2,1.0,0.5,0.7499999580267022,0.24999998600890064,4.1973298020908886e-08,1.399109933318228e-08,3.4240595027543126
915,183.12208138759172,0.5,0.2,1.0,0.5,0.7499999584171513,0.24999998613905033,4.158284894182827e-08,1.3860949639904188e-08,3.4240595027543126
916,183.32221480987323,0.5,0.2,1.0,0.5,0.7499999588025152,0.24999998626750497,4.119748500380818e-08,1.3732494993644529e-08,3.4240595027543126
917,183.52234823215477,0.5,0.2,1.0,0.5,0.7499999591827939,0.24999998639426457,4.081720620684856e-08,1.3605735394403287e-08,3.4240595027543126
918,183.72248165443628,0.5,0.2,1.0,0.5,0.7499999595579876,0.24999998651932911,4.0442012550949526e-08,1.3480670842180495e-08,3.4240595027543126
919,183.92261507671782,0.5,0.2,1.0,0.5,0.7499999599280962,0.24999998664269862,4.0071904036110966e-08,1.3357301336976118e-08,3.4240595027543126
920,184.12274849899933,0.5,0.2,1.0,0.5,0.7499999602931195,0.24999998676437307,3.970688066233298e-08,1.3235626878790194e-08,3.4240595027543126
921,184.32288192128084,0.5,0.2,1.0,0.5,0.7499999606530577,0.2499999868843525,3.934694242961552e-08,1.3115647467622703e-08,3.4240595027543126
922,184.52301534356238,0.5,0.2,1.0,0.5,0.7499999610079109,0.24999998700263687,3.899208933795853e-08,1.299736310347363e-08,3.4240595027543126
923,184.7231487658439,0.5,0.2,1.0,0.5,0.7499999613576788,0.24999998711922616,3.864232138736212e-08,1.2880773786343005e-08,3.4240595027543126
924,184.9232821881254,0.5,0.2,1.0,0.5,0.7499999617023616,0.24999998723412045,3.8297638577826236e-08,1.2765879516230815e-08,3.4240595027543126
925,185.12341561040694,0.5,0.2,1.0,0.5,0.7499999620423234,0.24999998734744103,3.7957676827411605e-08,1.265255893249105e-08,3.4240595027543126
926,185.32354903268845,0.5,0.2,1.0,0.5,0.7499999623795697,0.24999998745985644,3.762043059198674e-08,1.2540143520415495e-08,3.4240595027543126
927,185.52368245497,0.5,0.2,1.0,0.5,0.7499999627144065,0.24999998757146874,3.7285593763962236e-08,1.2428531244141366e-08,3.4240595027543126
928,185.7238158772515,0.5,0.2,1.0,0.5,0.7499999630468339,0.24999998768227788,3.695316634333817e-08,1.2317722103668689e-08,3.4240595027543126
929,185.923949299533,0.5,0.2,1.0,0.5,0.7499999633768519,0.24999998779228388,3.66231483301145e-08,1.220771609899745e-08,3.4240595027543126
930,186.12408272181455,0.5,0.2,1.0,0.5,0.7499999637044605,0.24999998790148675,3.629553972429118e-08,1.209851323012763e-08,3.4240595027543126
931,186.32421614409606,0.5,0.2,1.0,0.5,0.7499999640296597,0.2499999880098865,3.59703405258683e-08,1.1990113497059265e-08,3.4240595027543126
932,186.52434956637757,0.5,0.2,1.0,0.5,0.7499999643524495,0.24999998811748309,3.564755073484582e-08,1.1882516899792339e-08,3.4240595027543126
933,186.7244829886591,0.5,0.2,1.0,0.5,0.7499999646728299,0.24999998822427652,3.53271703512237e-08,1.1775723438326833e-08,3.4240595027543126
934,186.92461641094062,0.5,0.2,1.0,0.5,0.7499999649908009,0.24999998833026685,3.5009199375002006e-08,1.166973311266278e-08,3.4240595027543126
935,187.12474983322215,0.5,0.2,1.0,0.5,0.7499999653063625,0.24999998843545404,3.469363780618067e-08,1.1564545922800149e-08,3.4240595027543126
936,187.32488325550366,0.5,0.2,1.0,0.5,0.7499999656195147,0.2499999885398381,3.438048564475977e-08,1.1460161868738972e-08,3.4240595027543126
937,187.52501667778517,0.5,0.2,1.0,0.5,0.7499999659302574,0.24999998864341902,3.4069742890739275e-08,1.135658095047923e-08,3.4240595027543126
938,187.7251501000667,0.5,0.2,1.0,0.5,0.7499999662385907,0.2499999887461968,3.376140954411913e-08,1.1253803168020914e-08,3.4240595027543126
939,187.92528352234822,0.5,0.2,1.0,0.5,0.7499999665445146,0.24999998884817146,3.3455485604899424e-08,1.1151828521364048e-08,3.4240595027543126
940,188.12541694462973,0.5,0.2,1.0,0.5,0.7499999668480292,0.24999998894934297,3.3151971073080115e-08,1.1050657010508619e-08,3.4240595027543126
941,188.32555036691127,0.5,0.2,1.0,0.5,0.7499999671491343,0.24999998904971132,3.285086594866116e-08,1.0950288635454614e-08,3.4240595027543126
942,188.52568378919278,0.5,0.2,1.0,0.5,0.74999996744783,0.24999998914927657,3.255217023164264e-08,1.085072339620206e-08,3.4240595027543126
943,188.72581721147432,0.5,0.2,1.0,0.5,0.7499999677441164,0.24999998924803868,3.225588392202448e-08,1.075196129275093e-08,3.4240595027543126
944,188.92595063375583,0.5,0.2,1.0,0.5,0.7499999680379933,0.24999998934599765,3.196200701980675e-08,1.0654002325101252e-08,3.4240595027543126
945,189.12608405603734,0.5,0.2,1.0,0.5,0.7499999683294607,0.2499999894431535,3.167053952498943e-08,1.0556846493253011e-08,3.4240595027543126
946,189.32621747831888,0.5,0.2,1.0,0.5,0.7499999686185188,0.24999998953950617,3.138148143757245e-08,1.0460493797206192e-08,3.4240595027543126
947,189.5263509006004,0.5,0.2,1.0,0.5,0.7499999689051675,0.24999998963505574,3.1094832757555915e-08,1.0364944236960826e-08,3.4240595027543126
948,189.7264843228819,0.5,0.2,1.0,0.5,0.7499999691894068,0.24999998972980217,3.081059348493978e-08,1.0270197812516896e-08,3.4240595027543126
949,189.92661774516344,0.5,0.2,1.0,0.5,0.7499999694712366,0.24999998982374544,3.0528763619723995e-08,1.0176254523874393e-08,3.4240595027543126
950,190.12675116744495,0.5,0.2,1.0,0.5,0.7499999697506571,0.2499999899168856,3.024934316190865e-08,1.0083114371033338e-08,3.4240595027543126
951,190.3268845897265,0.5,0.2,1.0,0.5,0.7499999700276682,0.24999999000922263,2.9972332111493655e-08,9.990777353993708e-09,3.4240595027543126
952,190.527018012008,0.5,0.2,1.0,0.5,0.7499999703022698,0.2499999901007565,2.9697730468479106e-08,9.899243472755527e-09,3.4240595027543126
953,190.7271514342895,0.5,0.2,1.0,0.5,0.749999970574462,0.24999999019148725,2.9425538232864948e-08,9.808512727318785e-09,3.4240595027543126
954,190.92728485657105,0.5,0.2,1.0,0.5,0.7499999708442449,0.24999999028141484,2.915575540465115e-08,9.718585117683468e-09,3.4240595027543126
955,191.12741827885256,0.5,0.2,1.0,0.5,0.7499999711116183,0.24999999037053933,2.888838198383778e-08,9.629460643849601e-09,3.4240595027543126
956,191.32755170113407,0.5,0.2,1.0,0.5,0.7499999713765823,0.24999999045886068,2.862341797042481e-08,9.541139305817171e-09,3.4240595027543126
957,191.5276851234156,0.5,0.2,1.0,0.5,0.7499999716391369,0.24999999054637886,2.8360863364412203e-08,9.453621103586167e-09,3.4240595027543126
958,191.72781854569712,0.5,0.2,1.0,0.5,0.7499999718992821,0.24999999063309394,2.8100718165800026e-08,9.366906037156613e-09,3.4240595027543126
959,191.92795196797866,0.5,0.2,1.0,0.5,0.7499999721570179,0.24999999071900586,2.7842982374588212e-08,9.280994106528482e-09,3.4240595027543126
960,192.12808539026017,0.5,0.2,1.0,0.5,0.7499999724123443,0.24999999080411467,2.758765599077683e-08,9.195885311701801e-09,3.4240595027543126
961,192.32821881254168,0.5,0.2,1.0,0.5,0.7499999726652612,0.24999999088842031,2.733473901436584e-08,9.111579652676558e-09,3.4240595027543126
962,192.52835223482322,0.5,0.2,1.0,0.5,0.7499999729157688,0.24999999097192285,2.7084231445355213e-08,9.028077129452741e-09,3.4240595027543126
963,192.72848565710473,0.5,0.2,1.0,0.5,0.749999973163867,0.24999999105462223,2.6836133283745018e-08,8.945377742030373e-09,3.4240595027543126
964,192.92861907938624,0.5,0.2,1.0,0.5,0.7499999734095557,0.24999999113651847,2.659044452953522e-08,8.863481490409442e-09,3.4240595027543126
965,193.12875250166778,0.5,0.2,1.0,0.5,0.7499999736528351,0.2499999912176116,2.6347165182725786e-08,8.782388374589938e-09,3.4240595027543126
966,193.3288859239493,0.5,0.2,1.0,0.5,0.749999973893705,0.24999999129790157,2.610629524331678e-08,8.702098394571883e-09,3.4240595027543126
967,193.52901934623083,0.5,0.2,1.0,0.5,0.7499999741321656,0.24999999137738843,2.5867834711308137e-08,8.622611550355253e-09,3.4240595027543126
968,193.72915276851234,0.5,0.2,1.0,0.5,0.7499999743682166,0.24999999145607213,2.5631783586699923e-08,8.543927841940072e-09,3.4240595027543126
969,193.92928619079385,0.5,0.2,1.0,0.5,0.7499999746018584,0.2499999915339527,2.5398141869492107e-08,8.466047269326328e-09,3.4240595027543126
970,194.12941961307538,0.5,0.2,1.0,0.5,0.7499999748330907,0.24999999161103015,2.5166909559684654e-08,8.388969832514012e-09,3.4240595027543126
971,194.3295530353569,0.5,0.2,1.0,0.5,0.7499999750619136,0.24999999168730444,2.493808665727763e-08,8.312695531503142e-09,3.4240595027543126
972,194.5296864576384,0.5,0.2,1.0,0.5,0.7499999752883271,0.2499999917627756,2.4711673162271003e-08,8.23722436629371e-09,3.4240595027543126
973,194.72981987991994,0.5,0.2,1.0,0.5,0.7499999755123312,0.24999999183744365,2.448766907466474e-08,8.162556336885707e-09,3.4240595027543126
974,194.92995330220145,0.5,0.2,1.0,0.5,0.7499999757339258,0.24999999191130853,2.4266074394458903e-08,8.08869144327915e-09,3.4240595027543126
975,195.130086724483,0.5,0.2,1.0,0.5,0.7499999759531112,0.24999999198437028,2.4046889121653434e-08,8.01562968547402e-09,3.4240595027543126
976,195.3302201467645,0.5,0.2,1.0,0.5,0.749999976169887,0.2499999920566289,2.3830113256248393e-08,7.943371063470339e-09,3.4240595027543126
977,195.530353569046,0.5,0.2,1.0,0.5,0.7499999763842534,0.24999999212808438,2.3615746798243747e-08,7.871915577268095e-09,3.4240595027543126
978,195.73048699132755,0.5,0.2,1.0,0.5,0.7499999765962105,0.24999999219873675,2.3403789747639465e-08,7.801263226867277e-09,3.4240595027543126
979,195.93062041360906,0.5,0.2,1.0,0.5,0.7499999768057581,0.24999999226858596,2.3194242104435612e-08,7.731414012267907e-09,3.4240595027543126
980,196.13075383589057,0.5,0.2,1.0,0.5,0.7499999770128964,0.24999999233763204,2.2987103868632157e-08,7.662367933469975e-09,3.4240595027543126
981,196.3308872581721,0.5,0.2,1.0,0.5,0.7499999772176252,0.24999999240587498,2.2782375040229068e-08,7.594124990473472e-09,3.4240595027543126
982,196.53102068045362,0.5,0.2,1.0,0.5,0.7499999774199446,0.24999999247331478,2.2580055619226403e-08,7.526685183278414e-09,3.4240595027543126
983,196.73115410273516,0.5,0.2,1.0,0.5,0.7499999776198547,0.24999999253995145,2.2380145605624106e-08,7.460048511884785e-09,3.4240595027543126
984,196.93128752501667,0.5,0.2,1.0,0.5,0.7499999778173659,0.24999999260578856,2.2182634348676547e-08,7.394211426044066e-09,3.4240595027543126
985,197.13142094729818,0.5,0.2,1.0,0.5,0.7499999780131459,0.24999999267104853,2.19868544537195e-08,7.3289514608698324e-09,3.4240595027543126
986,197.33155436957972,0.5,0.2,1.0,0.5,0.7499999782075911,0.2499999927358636,2.179240919116937e-08,7.2641363731685326e-09,3.4240595027543126
987,197.53168779186123,0.5,0.2,1.0,0.5,0.7499999784007018,0.24999999280023383,2.1599298561026207e-08,7.199766162940186e-09,3.4240595027543126
988,197.73182121414274,0.5,0.2,1.0,0.5,0.7499999785924778,0.24999999286415917,2.1407522563289995e-08,7.135840830184782e-09,3.4240595027543126
989,197.93195463642428,0.5,0.2,1.0,0.5,0.7499999787829191,0.2499999929276396,2.1217081197960695e-08,7.0723603749023115e-09,3.4240595027543126
990,198.1320880587058,0.5,0.2,1.0,0.5,0.7499999789720259,0.24999999299067518,2.102797446503837e-08,7.009324797092794e-09,3.4240595027543126
991,198.33222148098733,0.5,0.2,1.0,0.5,0.749999979159798,0.2499999930532659,2.084020236452296e-08,6.94673409675621e-09,3.4240595027543126
992,198.53235490326884,0.5,0.2,1.0,0.5,0.7499999793462354,0.2499999931154117,2.0653764896414523e-08,6.884588273892578e-09,3.4240595027543126
993,198.73248832555035,0.5,0.2,1.0,0.5,0.7499999795313382,0.24999999317711266,2.0468662060713026e-08,6.822887328501891e-09,3.4240595027543126
994,198.9326217478319,0.5,0.2,1.0,0.5,0.7499999797151065,0.24999999323836872,2.0284893857418453e-08,6.761631260584136e-09,3.4240595027543126
995,199.1327551701134,0.5,0.2,1.0,0.5,0.74999997989754,0.2499999932991799,2.0102460286530842e-08,6.7008200701393346e-09,3.4240595027543126
996,199.3328885923949,0.5,0.2,1.0,0.5,0.749999980078639,0.24999999335954623,1.9921361348050182e-08,6.6404537571674755e-09,3.4240595027543126
997,199.53302201467645,0.5,0.2,1.0,0.5,0.7499999802584033,0.24999999341946766,1.9741597041976438e-08,6.5805323216685505e-09,3.4240595027543126
998,199.73315543695796,0.5,0.2,1.0,0.5,0.7499999804368329,0.24999999347894422,1.9563167368309667e-08,6.521055763642578e-09,3.4240595027543126
999,199.9332888592395,0.5,0.2,1.0,0.5,0.749999980613928,0.2499999935379759,1.9386072327049812e-08,6.46202408308954e-09,3.4240595027543126
1000,200.133422281521,0.5,0.2,1.0,0.5,0.7499999807896884,0.2499999935965627,1.9210311918196928e-08,6.403437280009453e-09,3.4240595027543126
1001,200.33355570380252,0.5,0.2,1.0,0.5,0.7499999809641141,0.24999999365470463,1.9035886141750986e-08,6.34529535440231e-09,3.4240595027543126
1002,200.53368912608406,0.5,0.2,1.0,0.5,0.7499999811372053,0.24999999371240167,1.8862794997711965e-08,6.287598306268102e-09,3.4240595027543126
1003,200.73382254836557,0.5,0.2,1.0,0.5,0.7499999813089618,0.24999999376965384,1.869103848607991e-08,6.2303461356068445e-09,3.4240595027543126
1004,200.93395597064708,0.5,0.2,1.0,0.5,0.7499999814793837,0.24999999382646115,1.85206166068548e-08,6.173538842418531e-09,3.4240595027543126
1005,201.13408939292862,0.5,0.2,1.0,0.5,0.7499999816484709,0.24999999388282357,1.8351529360036612e-08,6.117176426703152e-09,3.4240595027543126
1006,201.33422281521013,0.5,0.2,1.0,0.5,0.7499999818162235,0.2499999939387411,1.8183776745625393e-08,6.061258888460725e-09,3.4240595027543126
1007,201.53435623749166,0.5,0.2,1.0,0.5,0.7499999819826415,0.24999999399421374,1.801735876362109e-08,6.005786227691232e-09,3.4240595027543126
1008,201.73448965977317,0.5,0.2,1.0,0.5,0.7499999821477249,0.24999999404924153,1.785227541402376e-08,5.9507584443946906e-09,3.4240595027543126
1009,201.93462308205469,0.5,0.2,1.0,0.5,0.7499999823114736,0.24999999410382445,1.768852669683337e-08,5.896175538571093e-09,3.4240595027543126
1010,202.13475650433622,0.5,0.2,1.0,0.5,0.7499999824738877,0.24999999415796248,1.7526112612049904e-08,5.84203751022043e-09,3.4240595027543126
1011,202.33488992661773,0.5,0.2,1.0,0.5,0.7499999826349671,0.2499999942116556,1.7365033159673404e-08,5.788344359342718e-09,3.4240595027543126
1012,202.53502334889924,0.5,0.2,1.0,0.5,0.7499999827947119,0.2499999942649039,1.720528833970385e-08,5.735096085937949e-09,3.4240595027543126
1013,202.73515677118078,0.5,0.2,1.0,0.5,0.7499999829531222,0.24999999431770728,1.7046878152141214e-08,5.682292690006116e-09,3.4240595027543126
1014,202.9352901934623,0.5,0.2,1.0,0.5,0.7499999831101977,0.24999999437006581,1.688980259698555e-08,5.629934171547233e-09,3.4240595027543126
1015,203.13542361574383,0.5,0.2,1.0,0.5,0.7499999832659386,0.24999999442197945,1.6734061674236802e-08,5.5780205305612865e-09,3.4240595027543126
1016,203.33555703802534,0.5,0.2,1.0,0.5,0.7499999834203449,0.24999999447344823,1.6579655383895025e-08,5.52655176704829e-09,3.4240595027543126
1017,203.53569046030685,0.5,0.2,1.0,0.5,0.7499999835734166,0.2499999945244721,1.642658372596019e-08,5.475527881008237e-09,3.4240595027543126
1018,203.7358238825884,0.5,0.2,1.0,0.5,0.7499999837251536,0.24999999457505112,1.6274846700432276e-08,5.4249488724411205e-09,3.4240595027543126
1019,203.9359573048699,0.5,0.2,1.0,0.5,0.749999983875556,0.24999999462518524,1.612444430731133e-08,5.374814741346953e-09,3.4240595027543126
1020,204.1360907271514,0.5,0.2,1.0,0.5,0.7499999840246238,0.2499999946748745,1.597537654659733e-08,5.32512548772573e-09,3.4240595027543126
1021,204.33622414943295,0.5,0.2,1.0,0.5,0.7499999841723569,0.24999999472411888,1.5827643418290247e-08,5.275881111577442e-09,3.4240595027543126
1022,204.53635757171446,0.5,0.2,1.0,0.5,0.7499999843187554,0.24999999477291837,1.5681244922390132e-08,5.227081612902104e-09,3.4240595027543126
1023,204.736490993996,0.5,0.2,1.0,0.5,0.7499999844638192,0.249999994821273,1.5536181058896943e-08,5.1787269916997035e-09,3.4240595027543126
1024,204.9366244162775,0.5,0.2,1.0,0.5,0.7499999846075485,0.24999999486918273,1.5392451827810717e-08,5.130817247970252e-09,3.4240595027543126
1025,205.13675783855902,0.5,0.2,1.0,0.5,0.7499999847499431,0.2499999949166476,1.5250057229131434e-08,5.083352381713745e-09,3.4240595027543126
1026,205.33689126084056,0.5,0.2,1.0,0.5,0.7499999848910031,0.2499999949636676,1.5108997262859078e-08,5.036332392930173e-09,3.4240595027543126
1027,205.53702468312207,0.5,0.2,1.0,0.5,0.7499999850307284,0.2499999950102427,1.4969271928993685e-08,4.989757281619551e-09,3.4240595027543126
1028,205.7371581054036,0.5,0.2,1.0,0.5,0.749999985169119,0.24999999505637294,1.4830881227535215e-08,4.943627047781866e-09,3.4240595027543126
1029,205.93729152768512,0.5,0.2,1.0,0.5,0.7499999853061752,0.24999999510205828,1.469382515848371e-08,4.897941691417131e-09,3.4240595027543126
1030,206.13742494996663,0.5,0.2,1.0,0.5,0.7499999854418966,0.24999999514729876,1.4558103721839148e-08,4.852701212525338e-09,3.4240595027543126
1031,206.33755837224817,0.5,0.2,1.0,0.5,0.7499999855762834,0.24999999519209437,1.4423716917601513e-08,4.8079056111064826e-09,3.4240595027543126
1032,206.53769179452968,0.5,0.2,1.0,0.5,0.7499999857093356,0.2499999952364451,1.429066474577084e-08,4.763554887160577e-09,3.4240595027543126
1033,206.7378252168112,0.5,0.2,1.0,0.5,0.7499999858410531,0.24999999528035094,1.4158947206347112e-08,4.719649040687614e-09,3.4240595027543126
1034,206.93795863909273,0.5,0.2,1.0,0.5,0.749999985971436,0.24999999532381192,1.4028564299330309e-08,4.676188071687588e-09,3.4240595027543126
1035,207.13809206137424,0.5,0.2,1.0,0.5,0.7499999861004842,0.24999999536682802,1.3899516024720468e-08,4.633171980160511e-09,3.4240595027543126
1036,207.33822548365578,0.5,0.2,1.0,0.5,0.749999986228198,0.2499999954093992,1.3771802382517553e-08,4.590600766106372e-09,3.4240595027543126
1037,207.5383589059373,0.5,0.2,1.0,0.5,0.749999986354577,0.24999999545152554,1.3645423372721602e-08,4.5484744295251816e-09,3.4240595027543126
1038,207.7384923282188,0.5,0.2,1.0,0.5,0.7499999864796213,0.249999995493207,1.3520378995332593e-08,4.506792970416935e-09,3.4240595027543126
1039,207.93862575050034,0.5,0.2,1.0,0.5,0.7499999866033311,0.2499999955344436,1.3396669250350513e-08,4.4655563887816245e-09,3.4240595027543126
1040,208.13875917278185,0.5,0.2,1.0,0.5,0.7499999867257062,0.2499999955752353,1.3274294137775393e-08,4.424764684619263e-09,3.4240595027543126
1041,208.33889259506336,0.5,0.2,1.0,0.5,0.7499999868467466,0.24999999561558212,1.3153253657607217e-08,4.384417857929846e-09,3.4240595027543126
1042,208.5390260173449,0.5,0.2,1.0,0.5,0.7499999869664525,0.2499999956554841,1.303354780984597e-08,4.344515908713366e-09,3.4240595027543126
1043,208.7391594396264,0.5,0.2,1.0,0.5,0.7499999870848237,0.24999999569494114,1.2915176594491682e-08,4.305058836969834e-09,3.4240595027543126
1044,208.93929286190794,0.5,0.2,1.0,0.5,0.7499999872020056,0.24999999573400175,1.2797994759857098e-08,4.265998225470343e-09,3.4240595027543126
1045,209.13942628418945,0.5,0.2,1.0,0.5,0.7499999873183415,0.24999999577278043,1.2681658791947024e-08,4.227219569550249e-09,3.4240595027543126
1046,209.33955970647096,0.5,0.2,1.0,0.5,0.7499999874338462,0.24999999581128196,1.256615416468165e-08,4.188718027182966e-09,3.4240595027543126
1047,209.5396931287525,0.5,0.2,1.0,0.5,0.7499999875485195,0.24999999584950638,1.2451480878060961e-08,4.1504935983684906e-09,3.4240595027543126
1048,209.739826551034,0.5,0.2,1.0,0.5,0.7499999876623614,0.2499999958874537,1.233763893208499e-08,4.1125462831068314e-09,3.4240595027543126
1049,209.93995997331552,0.5,0.2,1.0,0.5,0.749999987775372,0.2499999959251239,1.2224628326753719e-08,4.074876081397985e-09,3.4240595027543126
1050,210.14009339559706,0.5,0.2,1.0,0.5,0.7499999878875513,0.24999999596251699,1.2112449062067134e-08,4.0374829932419445e-09,3.4240595027543126
1051,210.34022681787857,0.5,0.2,1.0,0.5,0.7499999879988992,0.24999999599963296,1.2001101138025266e-08,4.000367018638721e-09,3.4240595027543126
1052,210.5403602401601,0.5,0.2,1.0,0.5,0.7499999881094158,0.24999999603647183,1.1890584554628083e-08,3.963528157588304e-09,3.4240595027543126
1053,210.74049366244162,0.5,0.2,1.0,0.5,0.749999988219101,0.24999999607303358,1.1780899311875618e-08,3.9269664100907046e-09,3.4240595027543126
1054,210.94062708472313,0.5,0.2,1.0,0.5,0.7499999883279549,0.2499999961093182,1.1672045409767853e-08,3.890681776145917e-09,3.4240595027543126
1055,211.14076050700467,0.5,0.2,1.0,0.5,0.7499999884359775,0.24999999614532573,1.1564022848304778e-08,3.854674255753936e-09,3.4240595027543126
1056,211.34089392928618,0.5,0.2,1.0,0.5,0.7499999885431687,0.24999999618105614,1.1456831627486415e-08,3.818943848914772e-09,3.4240595027543126
1057,211.5410273515677,0.5,0.2,1.0,0.5,0.7499999886495285,0.24999999621650942,1.1350471747312755e-08,3.78349055562842e-09,3.4240595027543126
1058,211.74116077384923,0.5,0.2,1.0,0.5,0.7499999887550571,0.24999999625168562,1.124494320778378e-08,3.748314375894874e-09,3.4240595027543126
1059,211.94129419613074,0.5,0.2,1.0,0.5,0.7499999888597543,0.24999999628658467,1.1140246008899522e-08,3.7134153097141456e-09,3.4240595027543126
1060,212.14142761841228,0.5,0.2,1.0,0.5,0.7499999889636202,0.24999999632120662,1.1036380150659951e-08,3.6787933570862244e-09,3.4240595027543126
1061,212.3415610406938,0.5,0.2,1.0,0.5,0.7499999890666547,0.24999999635555145,1.0933345633065096e-08,3.6444485180111193e-09,3.4240595027543126
1062,212.5416944629753,0.5,0.2,1.0,0.5,0.7499999891688579,0.2499999963896192,1.0831142456114942e-08,3.6103807924888265e-09,3.4240595027543126
1063,212.74182788525684,0.5,0.2,1.0,0.5,0.7499999892702297,0.2499999964234098,1.0729770619809474e-08,3.5765901805193403e-09,3.4240595027543126
1064,212.94196130753835,0.5,0.2,1.0,0.5,0.7499999893707702,0.2499999964569233,1.0629230124148723e-08,3.5430766821026706e-09,3.4240595027543126
1065,213.14209472981986,0.5,0.2,1.0,0.5,0.7499999894704794,0.2499999964901597,1.0529520969132672e-08,3.5098402972388133e-09,3.4240595027543126
1066,213.3422281521014,0.5,0.2,1.0,0.5,0.7499999895693572,0.24999999652311897,1.043064315476131e-08,3.476881025927763e-09,3.4240595027543126
1067,213.5423615743829,0.5,0.2,1.0,0.5,0.7499999896674037,0.2499999965558011,1.0332596681034662e-08,3.444198868169529e-09,3.4240595027543126
1068,213.74249499666445,0.5,0.2,1.0,0.5,0.7499999897646188,0.24999999658820615,1.0235381547952702e-08,3.4117938239641025e-09,3.4240595027543126
1069,213.94262841894596,0.5,0.2,1.0,0.5,0.7499999898610026,0.2499999966203341,1.0138997755515457e-08,3.3796658933114925e-09,3.4240595027543126
1070,214.14276184122747,0.5,0.2,1.0,0.5,0.749999989956555,0.24999999665218492,1.0043445303722912e-08,3.347815076211694e-09,3.4240595027543126
1071,214.342895263509,0.5,0.2,1.0,0.5,0.7499999900512762,0.2499999966837586,9.948724192575056e-09,3.316241372664703e-09,3.4240595027543126
1072,214.54302868579052,0.5,0.2,1.0,0.5,0.7499999901451659,0.2499999967150552,9.854834422071916e-09,3.284944782670528e-09,3.4240595027543126
1073,214.74316210807203,0.5,0.2,1.0,0.5,0.7499999902382244,0.24999999674607468,9.761775992213476e-09,3.2539253062291654e-09,3.4240595027543126
1074,214.94329553035357,0.5,0.2,1.0,0.5,0.7499999903304514,0.24999999677681703,9.669548902999724e-09,3.22318294334061e-09,3.4240595027543126
1075,215.14342895263508,0.5,0.2,1.0,0.5,0.7499999904218472,0.2499999968072823,9.578153154430685e-09,3.192717694004871e-09,3.4240595027543126
1076,215.34356237491662,0.5,0.2,1.0,0.5,0.7499999905124116,0.24999999683747043,9.487588746506336e-09,3.1625295582219396e-09,3.4240595027543126
1077,215.54369579719813,0.5,0.2,1.0,0.5,0.7499999906021446,0.24999999686738145,9.397855679226702e-09,3.132618535991824e-09,3.4240595027543126
1078,215.74382921947964,0.5,0.2,1.0,0.5,0.7499999906910464,0.24999999689701535,9.308953952591767e-09,3.1029846273145202e-09,3.4240595027543126
1079,215.94396264176117,0.5,0.2,1.0,0.5,0.7499999907791167,0.24999999692637215,9.220883566601524e-09,3.0736278321900243e-09,3.4240595027543126
1080,216.14409606404269,0.5,0.2,1.0,0.5,0.7499999908663558,0.24999999695545183,9.13364452125599e-09,3.0445481506183444e-09,3.4240595027543126
1081,216.3442294863242,0.5,0.2,1.0,0.5,0.7499999909527635,0.2499999969842544,9.04723681655516e-09,3.0157455825994765e-09,3.4240595027543126
1082,216.54436290860573,0.5,0.2,1.0,0.5,0.7499999910383399,0.24999999701277986,8.96166045249902e-09,2.987220128133416e-09,3.4240595027543126
1083,216.74449633088724,0.5,0.2,1.0,0.5,0.7499999911230849,0.24999999704102818,8.876915429087593e-09,2.9589717872201715e-09,3.4240595027543126
1084,216.94462975316878,0.5,0.2,1.0,0.5,0.7499999912069986,0.24999999706899942,8.793001746320854e-09,2.931000559859735e-09,3.4240595027543126
1085,217.1447631754503,0.5,0.2,1.0,0.5,0.7499999912900809,0.24999999709669354,8.709919404198829e-09,2.9033064460521143e-09,3.4240595027543126
1086,217.3448965977318,0.5,0.2,1.0,0.5,0.749999991372332,0.24999999712411053,8.627668402721505e-09,2.8758894457973053e-09,3.4240595027543126
1087,217.54503002001334,0.5,0.2,1.0,0.5,0.7499999914537516,0.24999999715125043,8.546248741888872e-09,2.8487495590953045e-09,3.4240595027543126
1088,217.74516344229485,0.5,0.2,1.0,0.5,0.7499999915343399,0.2499999971781132,8.46566042170095e-09,2.8218867859461194e-09,3.4240595027543126
1089,217.94529686457636,0.5,0.2,1.0,0.5,0.7499999916140969,0.24999999720469884,8.38590344215773e-09,2.7953011263497458e-09,3.4240595027543126
1090,218.1454302868579,0.5,0.2,1.0,0.5,0.7499999916930226,0.2499999972310074,8.3069778032592e-09,2.7689925803061804e-09,3.4240595027543126
1091,218.3455637091394,0.5,0.2,1.0,0.5,0.7499999917711169,0.24999999725703884,8.228883505005382e-09,2.7429611478154306e-09,3.4240595027543126
1092,218.54569713142095,0.5,0.2,1.0,0.5,0.7499999918483797,0.24999999728279315,8.151620547396255e-09,2.717206828877489e-09,3.4240595027543126
1093,218.74583055370246,0.5,0.2,1.0,0.5,0.7499999919248114,0.24999999730827036,8.075188930431841e-09,2.6917296234923633e-09,3.4240595027543126
1094,218.94596397598397,0.5,0.2,1.0,0.5,0.7499999920004117,0.24999999733347045,7.999588654112127e-09,2.666529531660049e-09,3.4240595027543126
1095,219.1460973982655,0.5,0.2,1.0,0.5,0.7499999920751806,0.24999999735839343,7.924819718437103e-09,2.641606553380543e-09,3.4240595027543126
1096,219.34623082054702,0.5,0.2,1.0,0.5,0.7499999921491182,0.2499999973830393,7.850882123406792e-09,2.6169606886538525e-09,3.4240595027543126
1097,219.54636424282853,0.5,0.2,1.0,0.5,0.7499999922222245,0.24999999740740805,7.777775869021183e-09,2.592591937479974e-09,3.4240595027543126
1098,219.74649766511007,0.5,0.2,1.0,0.5,0.7499999922944994,0.24999999743149967,7.705500955280263e-09,2.5685002998589037e-09,3.4240595027543126
1099,219.94663108739158,0.5,0.2,1.0,0.5,0.749999992365943,0.2499999974553142,7.634057382184056e-09,2.5446857757906487e-09,3.4240595027543126
1100,220.14676450967312,0.5,0.2,1.0,0.5,0.7499999924365551,0.24999999747885163,7.56344514973254e-09,2.521148365275202e-09,3.4240595027543126
1101,220.34689793195463,0.5,0.2,1.0,0.5,0.7499999925063361,0.2499999975021119,7.493664257925736e-09,2.497888068312571e-09,3.4240595027543126
1102,220.54703135423614,0.5,0.2,1.0,0.5,0.7499999925752856,0.2499999975250951,7.424714706763631e-09,2.4749048849027512e-09,3.4240595027543126
1103,220.74716477651768,0.5,0.2,1.0,0.5,0.7499999926434279,0.24999999754780916,7.356572477708798e-09,2.452190808866442e-09,3.4240595027543126
1104,220.9472981987992,0.5,0.2,1.0,0.5,0.749999992711009,0.24999999757033622,7.2889912840810684e-09,2.42966374464197e-09,3.4240595027543126
1105,221.1474316210807,0.5,0.2,1.0,0.5,0.7499999927780938,0.24999999759269784,7.221906477733343e-09,2.407302142846543e-09,3.4240595027543126
1106,221.34756504336224,0.5,0.2,1.0,0.5,0.7499999928446822,0.24999999761489397,7.155318058665612e-09,2.3851060034801583e-09,3.4240595027543126
1107,221.54769846564375,0.5,0.2,1.0,0.5,0.7499999929107742,0.24999999763692465,7.089226026877895e-09,2.3630753265428224e-09,3.4240595027543126
1108,221.7478318879253,0.5,0.2,1.0,0.5,0.7499999929763699,0.24999999765878986,7.0236303823701724e-09,2.341210112034529e-09,3.4240595027543126
1109,221.9479653102068,0.5,0.2,1.0,0.5,0.7499999930414691,0.2499999976804896,6.958531125142463e-09,2.3195103599552846e-09,3.4240595027543126
1110,222.1480987324883,0.5,0.2,1.0,0.5,0.749999993106072,0.24999999770202389,6.893928255194759e-09,2.2979760703050853e-09,3.4240595027543126
1111,222.34823215476985,0.5,0.2,1.0,0.5,0.7499999931701785,0.24999999772339274,6.82982177252705e-09,2.2766072430839284e-09,3.4240595027543126
1112,222.54836557705136,0.5,0.2,1.0,0.5,0.7499999932337886,0.24999999774459608,6.766211677139353e-09,2.25540387829182e-09,3.4240595027543126
1113,222.74849899933287,0.5,0.2,1.0,0.5,0.7499999932969024,0.249999997765634,6.703097969031661e-09,2.2343659759287575e-09,3.4240595027543126
1114,222.9486324216144,0.5,0.2,1.0,0.5,0.7499999933595196,0.24999999778650644,6.640480648203965e-09,2.2134935359947377e-09,3.4240595027543126
1115,223.14876584389592,0.5,0.2,1.0,0.5,0.7499999934216406,0.2499999978072134,6.5783597146562805e-09,2.192786558489766e-09,3.4240595027543126
1116,223.34889926617745,0.5,0.2,1.0,0.5,0.7499999934832652,0.24999999782775492,6.516735168388593e-09,2.1722450434138373e-09,3.4240595027543126
1117,223.54903268845896,0.5,0.2,1.0,0.5,0.7499999935443933,0.24999999784813098,6.455607009400918e-09,2.1518689907669567e-09,3.4240595027543126
1118,223.74916611074048,0.5,0.2,1.0,0.5,0.7499999936050251,0.24999999786834157,6.3949752376932465e-09,2.1316584005491217e-09,3.4240595027543126
1119,223.949299533022,0.5,0.2,1.0,0.5,0.7499999936651605,0.2499999978883867,6.334839853265571e-09,2.1116132727603296e-09,3.4240595027543126
1120,224.14943295530352,0.5,0.2,1.0,0.5,0.7499999937247994,0.24999999790826635,6.275200856117908e-09,2.0917336074005857e-09,3.4240595027543126
1121,224.34956637758503,0.5,0.2,1.0,0.5,0.7499999937839421,0.24999999792798056,6.21605824625025e-09,2.072019404469887e-09,3.4240595027543126
1122,224.54969979986657,0.5,0.2,1.0,0.5,0.7499999938425883,0.2499999979475293,6.1574120236625875e-09,2.0524706639682316e-09,3.4240595027543126
1123,224.74983322214808,0.5,0.2,1.0,0.5,0.7499999939007381,0.24999999796691258,6.099262188354938e-09,2.0330873858956247e-09,3.4240595027543126
1124,224.94996664442962,0.5,0.2,1.0,0.5,0.7499999939583916,0.2499999979861304,6.041608740327283e-09,2.01386957025206e-09,3.4240595027543126
1125,225.15010006671113,0.5,0.2,1.0,0.5,0.7499999940155486,0.24999999800518274,5.984451679579641e-09,1.9948172170375436e-09,3.4240595027543126
1126,225.35023348899264,0.5,0.2,1.0,0.5,0.7499999940722093,0.24999999802406964,5.927791006112004e-09,1.975930326252073e-09,3.4240595027543126
1127,225.55036691127418,0.5,0.2,1.0,0.5,0.7499999941283736,0.24999999804279108,5.871626719924364e-09,1.9572088978956452e-09,3.4240595027543126
1128,225.7505003335557,0.5,0.2,1.0,0.5,0.7499999941840415,0.24999999806134704,5.8159588210167336e-09,1.9386529319682657e-09,3.4240595027543126
1129,225.9506337558372,0.5,0.2,1.0,0.5,0.749999994239213,0.24999999807973755,5.760787309389109e-09,1.9202624284699314e-09,3.4240595027543126
1130,226.15076717811874,0.5,0.2,1.0,0.5,0.7499999942938881,0.24999999809796258,5.706112185041481e-09,1.9020373874006403e-09,3.4240595027543126
1131,226.35090060040025,0.5,0.2,1.0,0.5,0.7499999943480669,0.24999999811602217,5.651933447973864e-09,1.8839778087603974e-09,3.4240595027543126
1132,226.5510340226818,0.5,0.2,1.0,0.5,0.7499999944017492,0.24999999813391627,5.598251098186245e-09,1.8660836925491973e-09,3.4240595027543126
1133,226.7511674449633,0.5,0.2,1.0,0.5,0.7499999944549351,0.24999999815164492,5.545065135678636e-09,1.8483550387670454e-09,3.4240595027543126
1134,226.9513008672448,0.5,0.2,1.0,0.5,0.7499999945076248,0.24999999816920812,5.492375560451033e-09,1.8307918474139387e-09,3.4240595027543126
1135,227.15143428952635,0.5,0.2,1.0,0.5,0.7499999945598179,0.24999999818660584,5.440182372503426e-09,1.8133941184898755e-09,3.4240595027543126
1136,227.35156771180786,0.5,0.2,1.0,0.5,0.7499999946115147,0.24999999820383811,5.38848557183583e-09,1.79616185199486e-09,3.4240595027543126
1137,227.55170113408937,0.5,0.2,1.0,0.5,0.7499999946627152,0.2499999982209049,5.337285158448239e-09,1.7790950479288904e-09,3.4240595027543126
1138,227.7518345563709,0.5,0.2,1.0,0.5,0.7499999947134192,0.24999999823780625,5.2865811323406445e-09,1.7621937062919636e-09,3.4240595027543126
1139,227.95196797865242,0.5,0.2,1.0,0.5,0.7499999947636268,0.24999999825454214,5.2363734935130615e-09,1.7454578270840849e-09,3.4240595027543126
1140,228.15210140093396,0.5,0.2,1.0,0.5,0.749999994813338,0.24999999827111255,5.186662241965476e-09,1.7288874103052491e-09,3.4240595027543126
1141,228.35223482321547,0.5,0.2,1.0,0.5,0.749999994862553,0.2499999982875175,5.1374473776979015e-09,1.7124824559554616e-09,3.4240595027543126
1142,228.55236824549698,0.5,0.2,1.0,0.5,0.7499999949112715,0.249999998303757,5.088728900710331e-09,1.6962429640347193e-09,3.4240595027543126
1143,228.75250166777852,0.5,0.2,1.0,0.5,0.7499999949594935,0.24999999831983102,5.040506811002758e-09,1.6801689345430205e-09,3.4240595027543126
1144,228.95263509006003,0.5,0.2,1.0,0.5,0.7499999950072191,0.2499999983357396,4.992781108575196e-09,1.6642603674803694e-09,3.4240595027543126
1145,229.15276851234154,0.5,0.2,1.0,0.5,0.7499999950544485,0.2499999983514827,4.945551793427639e-09,1.6485172628467638e-09,3.4240595027543126
1146,229.35290193462308,0.5,0.2,1.0,0.5,0.7499999951011814,0.24999999836706036,4.898818865560079e-09,1.6329396206422014e-09,3.4240595027543126
1147,229.5530353569046,0.5,0.2,1.0,0.5,0.749999995147418,0.24999999838247253,4.8525823249725295e-09,1.617527440866687e-09,3.4240595027543126
1148,229.75316877918613,0.5,0.2,1.0,0.5,0.7499999951931581,0.24999999839771925,4.806842171664978e-09,1.6022807235202159e-09,3.4240595027543126
1149,229.95330220146764,0.5,0.2,1.0,0.5,0.7499999952384019,0.2499999984128005,4.761598405637437e-09,1.5871994686027925e-09,3.4240595027543126
1150,230.15343562374915,0.5,0.2,1.0,0.5,0.7499999952831493,0.24999999842771628,4.7168510268899e-09,1.5722836761144145e-09,3.4240595027543126
1151,230.35356904603069,0.5,0.2,1.0,0.5,0.7499999953274002,0.24999999844246662,4.672600035422362e-09,1.55753334605508e-09,3.4240595027543126
1152,230.5537024683122,0.5,0.2,1.0,0.5,0.7499999953711549,0.24999999845705148,4.628845431234834e-09,1.5429484784247931e-09,3.4240595027543126
1153,230.75383589059373,0.5,0.2,1.0,0.5,0.7499999954144131,0.2499999984714709,4.585587214327303e-09,1.5285290732235498e-09,3.4240595027543126
1154,230.95396931287524,0.5,0.2,1.0,0.5,0.7499999954571749,0.24999999848572485,4.542825384699784e-09,1.514275130451354e-09,3.4240595027543126
1155,231.15410273515675,0.5,0.2,1.0,0.5,0.7499999954994404,0.24999999849981333,4.500559942352268e-09,1.5001866501082038e-09,3.4240595027543126
1156,231.3542361574383,0.5,0.2,1.0,0.5,0.7499999955412094,0.24999999851373633,4.458790887284751e-09,1.486263632194097e-09,3.4240595027543126
1157,231.5543695797198,0.5,0.2,1.0,0.5,0.7499999955824821,0.24999999852749388,4.417518219497243e-09,1.472506076709038e-09,3.4240595027543126
1158,231.75450300200131,0.5,0.2,1.0,0.5,0.7499999956232584,0.24999999854108598,4.37674193898974e-09,1.4589139836530242e-09,3.4240595027543126
1159,231.95463642428285,0.5,0.2,1.0,0.5,0.7499999956635383,0.2499999985545126,4.336462045762235e-09,1.4454873530260543e-09,3.4240595027543126
1160,232.15476984656436,0.5,0.2,1.0,0.5,0.7499999957033218,0.24999999856777377,4.296678539814741e-09,1.4322261848281317e-09,3.4240595027543126
1161,232.3549032688459,0.5,0.2,1.0,0.5,0.7499999957426089,0.2499999985808695,4.257391421147245e-09,1.4191304790592528e-09,3.4240595027543126
1162,232.5550366911274,0.5,0.2,1.0,0.5,0.7499999957813996,0.24999999859379973,4.2186006897597585e-09,1.4062002357194212e-09,3.4240595027543126
1163,232.75517011340892,0.5,0.2,1.0,0.5,0.7499999958198019,0.24999999860660055,4.1801982854248985e-09,1.3933994347307397e-09,3.4240595027543126
1164,232.95530353569046,0.5,0.2,1.0,0.5,0.7499999958579251,0.24999999861930824,4.142075133588109e-09,1.3806917179062335e-09,3.4240595027543126
1165,233.15543695797197,0.5,0.2,1.0,0.5,0.749999995895769,0.2499999986319229,4.104231233655027e-09,1.368077085047782e-09,3.4240595027543126
1166,233.35557038025348,0.5,0.2,1.0,0.5,0.7499999959333337,0.24999999864444444,4.066666585625647e-09,1.355555536155383e-09,3.4240595027543126
1167,233.55570380253502,0.5,0.2,1.0,0.5,0.7499999959706191,0.2499999986568729,4.0293811894999645e-09,1.3431270712290347e-09,3.4240595027543126
1168,233.75583722481653,0.5,0.2,1.0,0.5,0.7499999960076252,0.24999999866920827,3.992375045277989e-09,1.330791690268741e-09,3.4240595027543126
1169,233.95597064709807,0.5,0.2,1.0,0.5,0.7499999960443521,0.2499999986814506,3.95564815295971e-09,1.318549393274498e-09,3.4240595027543126
1170,234.15610406937958,0.5,0.2,1.0,0.5,0.7499999960807997,0.2499999986935998,3.919200512545138e-09,1.3064001802463095e-09,3.4240595027543126
1171,234.3562374916611,0.5,0.2,1.0,0.5,0.7499999961169681,0.24999999870565592,3.883032124034268e-09,1.2943440511841735e-09,3.4240595027543126
1172,234.55637091394263,0.5,0.2,1.0,0.5,0.7499999961528573,0.24999999871761897,3.847142987427096e-09,1.2823810060880884e-09,3.4240595027543126
1173,234.75650433622414,0.5,0.2,1.0,0.5,0.7499999961884671,0.24999999872948894,3.811533102723631e-09,1.2705110449580576e-09,3.4240595027543126
1174,234.95663775850565,0.5,0.2,1.0,0.5,0.7499999962237978,0.2499999987412658,3.776202469923867e-09,1.2587341677940793e-09,3.4240595027543126
1175,235.1567711807872,0.5,0.2,1.0,0.5,0.7499999962588492,0.2499999987529496,3.7411510890278e-09,1.247050374596152e-09,3.4240595027543126
1176,235.3569046030687,0.5,0.2,1.0,0.5,0.7499999962936212,0.24999999876454032,3.7063789600354415e-09,1.235459665364279e-09,3.4240595027543126
1177,235.55703802535024,0.5,0.2,1.0,0.5,0.7499999963281142,0.24999999877603793,3.6718860829467794e-09,1.2239620400984572e-09,3.4240595027543126
1178,235.75717144763175,0.5,0.2,1.0,0.5,0.7499999963623278,0.24999999878744247,3.6376724577618243e-09,1.2125574987986893e-09,3.4240595027543126
1179,235.95730486991326,0.5,0.2,1.0,0.5,0.7499999963962621,0.24999999879875393,3.603738084480571e-09,1.201246041464974e-09,3.4240595027543126
1180,236.1574382921948,0.5,0.2,1.0,0.5,0.7499999964299173,0.2499999988099723,3.570082963103015e-09,1.19002766809731e-09,3.4240595027543126
1181,236.3575717144763,0.5,0.2,1.0,0.5,0.7499999964632932,0.2499999988210976,3.536707093629166e-09,1.1789023786957e-09,3.4240595027543126
1182,236.55770513675782,0.5,0.2,1.0,0.5,0.7499999964963898,0.2499999988321298,3.503610476059019e-09,1.1678701732601427e-09,3.4240595027543126
1183,236.75783855903936,0.5,0.2,1.0,0.5,0.7499999965292071,0.24999999884306892,3.4707931103925693e-09,1.1569310517906363e-09,3.4240595027543126
1184,236.95797198132087,0.5,0.2,1.0,0.5,0.7499999965617452,0.24999999885391497,3.4382549966298264e-09,1.146085014287184e-09,3.4240595027543126
1185,237.1581054036024,0.5,0.2,1.0,0.5,0.7499999965940041,0.24999999886466792,3.4059961347707807e-09,1.1353320607497831e-09,3.4240595027543126
1186,237.35823882588392,0.5,0.2,1.0,0.5,0.7499999966259837,0.24999999887532778,3.374016524815442e-09,1.1246721911784363e-09,3.4240595027543126
1187,237.55837224816543,0.5,0.2,1.0,0.5,0.7499999966576841,0.24999999888589458,3.3423161667638054e-09,1.1141054055731418e-09,3.4240595027543126
1188,237.75850567044697,0.5,0.2,1.0,0.5,0.7499999966891052,0.24999999889636826,3.310895060615866e-09,1.1036317039338985e-09,3.4240595027543126
1189,237.95863909272848,0.5,0.2,1.0,0.5,0.7499999967202471,0.2499999989067489,3.2797532063716335e-09,1.0932510862607096e-09,3.4240595027543126
1190,238.15877251500999,0.5,0.2,1.0,0.5,0.7499999967511096,0.24999999891703642,3.2488906040311027e-09,1.0829635525535728e-09,3.4240595027543126
1191,238.35890593729152,0.5,0.2,1.0,0.5,0.749999996781693,0.24999999892723088,3.21830725359427e-09,1.0727691028124876e-09,3.4240595027543126
1192,238.55903935957303,0.5,0.2,1.0,0.5,0.7499999968119971,0.24999999893733224,3.1880031550611434e-09,1.0626677370374562e-09,3.4240595027543126
1193,238.75917278185457,0.5,0.2,1.0,0.5,0.7499999968420219,0.2499999989473405,3.1579783084317148e-09,1.052659455228476e-09,3.4240595027543126
1194,238.95930620413608,0.5,0.2,1.0,0.5,0.7499999968717675,0.24999999895725572,3.1282327137059924e-09,1.0427442573855501e-09,3.4240595027543126
1195,239.1594396264176,0.5,0.2,1.0,0.5,0.7499999969012339,0.24999999896707784,3.098766370883972e-09,1.0329221435086766e-09,3.4240595027543126
1196,239.35957304869913,0.5,0.2,1.0,0.5,0.749999996930421,0.24999999897680686,3.0695792799656494e-09,1.0231931135978542e-09,3.4240595027543126
1197,239.55970647098064,0.5,0.2,1.0,0.5,0.7499999969593288,0.24999999898644282,3.040671440951033e-09,1.013557167653086e-09,3.4240595027543126
1198,239.75983989326215,0.5,0.2,1.0,0.5,0.7499999969879574,0.24999999899598566,3.012042853840119e-09,1.0040143056743703e-09,3.4240595027543126
1199,239.9599733155437,0.5,0.2,1.0,0.5,0.7499999970163067,0.24999999900543546,2.983693518632903e-09,9.945645276617058e-10,3.4240595027543126
1200,240.1601067378252,0.5,0.2,1.0,0.5,0.7499999970443768,0.24999999901479214,2.9556234353293927e-09,9.852078336150953e-10,3.4240595027543126
1201,240.36024016010674,0.5,0.2,1.0,0.5,0.7499999970721677,0.24999999902405576,2.9278326039295804e-09,9.759442235345362e-10,3.4240595027543126
1202,240.56037358238825,0.5,0.2,1.0,0.5,0.7499999970996792,0.24999999903322628,2.9003210244334744e-09,9.667736974200308e-10,3.4240595027543126
1203,240.76050700466976,0.5,0.2,1.0,0.5,0.7499999971269116,0.24999999904230372,2.8730886968410705e-09,9.576962552715782e-10,3.4240595027543126
1204,240.9606404269513,0.5,0.2,1.0,0.5,0.7499999971538647,0.24999999905128809,2.846135621152365e-09,9.487118970891768e-10,3.4240595027543126
1205,241.1607738492328,0.5,0.2,1.0,0.5,0.7499999971805384,0.24999999906017936,2.819461797367365e-09,9.398206228728293e-10,3.4240595027543126
1206,241.36090727151432,0.5,0.2,1.0,0.5,0.749999997206933,0.24999999906897755,2.793067225486067e-09,9.310224326225346e-10,3.4240595027543126
1207,241.56104069379586,0.5,0.2,1.0,0.5,0.7499999972330483,0.24999999907768264,2.766951905508468e-09,9.22317326338291e-10,3.4240595027543126
1208,241.76117411607737,0.5,0.2,1.0,0.5,0.7499999972588844,0.24999999908629467,2.741115837434574e-09,9.137053040201014e-10,3.4240595027543126
1209,241.9613075383589,0.5,0.2,1.0,0.5,0.7499999972844412,0.2499999990948136,2.7155590212643785e-09,9.051863656679631e-10,3.4240595027543126
1210,242.16144096064042,0.5,0.2,1.0,0.5,0.7499999973097188,0.24999999910323947,2.6902814569978892e-09,8.967605112818787e-10,3.4240595027543126
1211,242.36157438292193,0.5,0.2,1.0,0.5,0.7499999973347171,0.24999999911157222,2.6652831446351017e-09,8.884277408618469e-10,3.4240595027543126
1212,242.56170780520347,0.5,0.2,1.0,0.5,0.7499999973594361,0.2499999991198119,2.6405640841760124e-09,8.801880544078664e-10,3.4240595027543126
1213,242.76184122748498,0.5,0.2,1.0,0.5,0.749999997383876,0.24999999912795853,2.616124275620629e-09,8.720414519199398e-10,3.4240595027543126
1214,242.9619746497665,0.5,0.2,1.0,0.5,0.7499999974080366,0.24999999913601204,2.5919637189689477e-09,8.639879333980658e-10,3.4240595027543126
1215,243.16210807204803,0.5,0.2,1.0,0.5,0.7499999974319178,0.24999999914397247,2.568082414220965e-09,8.560274988422433e-10,3.4240595027543126
1216,243.36224149432954,0.5,0.2,1.0,0.5,0.7499999974555199,0.24999999915183982,2.5444803613766877e-09,8.481601482524745e-10,3.4240595027543126
1217,243.56237491661108,0.5,0.2,1.0,0.5,0.7499999974788427,0.2499999991596141,2.521157560436109e-09,8.403858816287572e-10,3.4240595027543126
1218,243.7625083388926,0.5,0.2,1.0,0.5,0.7499999975018863,0.2499999991672953,2.4981140113992356e-09,8.327046989710936e-10,3.4240595027543126
1219,243.9626417611741,0.5,0.2,1.0,0.5,0.7499999975246505,0.24999999917488339,2.4753497142660644e-09,8.251166002794826e-10,3.4240595027543126
1220,244.16277518345564,0.5,0.2,1.0,0.5,0.7499999975471355,0.2499999991823784,2.4528646690365923e-09,8.176215855539231e-10,3.4240595027543126
1221,244.36290860573715,0.5,0.2,1.0,0.5,0.7499999975693413,0.24999999918978033,2.4306588757108253e-09,8.102196547944173e-10,3.4240595027543126
1222,244.56304202801866,0.5,0.2,1.0,0.5,0.7499999975912913,0.24999999919709695,2.4087090250175095e-09,8.029030382431146e-10,3.4240595027543126
1223,244.7631754503002,0.5,0.2,1.0,0.5,0.7499999976130755,0.24999999920435834,2.386924822708119e-09,7.95641637814205e-10,3.4240595027543126
1224,244.9633088725817,0.5,0.2,1.0,0.5,0.749999997634703,0.24999999921156754,2.3652972570779033e-09,7.884324496058096e-10,3.4240595027543126
1225,245.16344229486324,0.5,0.2,1.0,0.5,0.749999997656174,0.2499999992187245,2.343826328126858e-09,7.812754736179262e-10,3.4240595027543126
1226,245.36357571714476,0.5,0.2,1.0,0.5,0.7499999976774883,0.24999999922582927,2.322512035854989e-09,7.741707098505571e-10,3.4240595027543126
1227,245.56370913942627,0.5,0.2,1.0,0.5,0.7499999976986459,0.24999999923288183,2.3013543802622926e-09,7.671181583037011e-10,3.4240595027543126
1228,245.7638425617078,0.5,0.2,1.0,0.5,0.749999997719647,0.24999999923988217,2.280353361348766e-09,7.601178189773573e-10,3.4240595027543126
1229,245.96397598398931,0.5,0.2,1.0,0.5,0.7499999977404913,0.24999999924683028,2.2595089791144157e-09,7.531696918715278e-10,3.4240595027543126
1230,246.16410940627082,0.5,0.2,1.0,0.5,0.7499999977611791,0.2499999992537262,2.2388212335592385e-09,7.462737769862113e-10,3.4240595027543126
1231,246.36424282855236,0.5,0.2,1.0,0.5,0.7499999977817102,0.2499999992605699,2.218290124683231e-09,7.394300743214069e-10,3.4240595027543126
1232,246.56437625083387,0.5,0.2,1.0,0.5,0.7499999978020847,0.2499999992673614,2.1979156524863995e-09,7.326385838771169e-10,3.4240595027543126
1233,246.7645096731154,0.5,0.2,1.0,0.5,0.7499999978223025,0.2499999992741007,2.177697816968738e-09,7.258993056533389e-10,3.4240595027543126
1234,246.96464309539692,0.5,0.2,1.0,0.5,0.7499999978423637,0.24999999928078775,2.1576366181302524e-09,7.19212239650075e-10,3.4240595027543126
1235,247.16477651767843,0.5,0.2,1.0,0.5,0.7499999978622682,0.2499999992874226,2.13773205597094e-09,7.125773858673244e-10,3.4240595027543126
1236,247.36490993995997,0.5,0.2,1.0,0.5,0.7499999978820162,0.24999999929400524,2.1179841304907974e-09,7.05994744305086e-10,3.4240595027543126
1237,247.56504336224148,0.5,0.2,1.0,0.5,0.7499999979016074,0.24999999930053568,2.098392841689831e-09,6.994643149633617e-10,3.4240595027543126
1238,247.765176784523,0.5,0.2,1.0,0.5,0.7499999979210421,0.2499999993070139,2.0789581895680372e-09,6.929860978421505e-10,3.4240595027543126
1239,247.96531020680453,0.5,0.2,1.0,0.5,0.7499999979403201,0.24999999931343989,2.0596801741254138e-09,6.865600929414515e-10,3.4240595027543126
1240,248.16544362908604,0.5,0.2,1.0,0.5,0.7499999979594415,0.24999999931981368,2.040558795361966e-09,6.801863002612666e-10,3.4240595027543126
1241,248.36557705136758,0.5,0.2,1.0,0.5,0.7499999979784062,0.24999999932613526,2.021594053277688e-09,6.73864719801594e-10,3.4240595027543126
1242,248.5657104736491,0.5,0.2,1.0,0.5,0.7499999979972144,0.24999999933240463,2.0027859478725864e-09,6.675953515624356e-10,3.4240595027543126
1243,248.7658438959306,0.5,0.2,1.0,0.5,0.7499999980158658,0.2499999993386218,1.9841344791466573e-09,6.613781955437902e-10,3.4240595027543126
1244,248.96597731821214,0.5,0.2,1.0,0.5,0.7499999980343607,0.24999999934478673,1.9656396470998987e-09,6.552132517456571e-10,3.4240595027543126
1245,249.16611074049365,0.5,0.2,1.0,0.5,0.7499999980526989,0.24999999935089948,1.9473014517323157e-09,6.49100520168038e-10,3.4240595027543126
1246,249.36624416277516,0.5,0.2,1.0,0.5,0.7499999980708804,0.24999999935696,1.9291198930439057e-09,6.430400008109322e-10,3.4240595027543126
1247,249.5663775850567,0.5,0.2,1.0,0.5,0.7499999980889054,0.2499999993629683,1.911094971034666e-09,6.370316936743386e-10,3.4240595027543126
1248,249.7665110073382,0.5,0.2,1.0,0.5,0.7499999981067736,0.2499999993689244,1.893226685704602e-09,6.31075598758259e-10,3.4240595027543126
1249,249.96664442961975,0.5,0.2,1.0,0.5,0.7499999981244853,0.24999999937482828,1.8755150370537084e-09,6.251717160626918e-10,3.4240595027543126
1250,250.16677785190126,0.5,0.2,1.0,0.5,0.7499999981420403,0.24999999938067993,1.8579600250819902e-09,6.193200455876386e-10,3.4240595027543126
1251,250.36691127418277,0.5,0.2,1.0,0.5,0.7499999981594386,0.2499999993864794,1.8405616497894447e-09,6.135205873330985e-10,3.4240595027543126
1252,250.5670446964643,0.5,0.2,1.0,0.5,0.7499999981766804,0.24999999939222664,1.8233199111760702e-09,6.077733412990708e-10,3.4240595027543126
1253,250.76717811874582,0.5,0.2,1.0,0.5,0.7499999981937655,0.24999999939792167,1.8062348092418708e-09,6.02078307485557e-10,3.4240595027543126
1254,250.96731154102733,0.5,0.2,1.0,0.5,0.749999998210694,0.2499999994035645,1.7893063439868444e-09,5.964354858925563e-10,3.4240595027543126
1255,251.16744496330887,0.5,0.2,1.0,0.5,0.7499999982274658,0.2499999994091551,1.7725345154109886e-09,5.908448765200681e-10,3.4240595027543126
1256,251.36757838559038,0.5,0.2,1.0,0.5,0.749999998244081,0.2499999994146935,1.755919323514308e-09,5.853064793680938e-10,3.4240595027543126
1257,251.56771180787192,0.5,0.2,1.0,0.5,0.7499999982605395,0.2499999994201797,1.7394607682967983e-09,5.798202944366319e-10,3.4240595027543126
1258,251.76784523015343,0.5,0.2,1.0,0.5,0.7499999982768415,0.24999999942561366,1.7231588497584638e-09,5.74386321725684e-10,3.4240595027543126
1259,251.96797865243494,0.5,0.2,1.0,0.5,0.7499999982929867,0.24999999943099543,1.7070135678993021e-09,5.690045612352492e-10,3.4240595027543126
1260,252.16811207471648,0.5,0.2,1.0,0.5,0.7499999983089753,0.24999999943632498,1.6910249227193112e-09,5.636750129653269e-10,3.4240595027543126
1261,252.368245496998,0.5,0.2,1.0,0.5,0.7499999983248073,0.2499999994416023,1.6751929142184956e-09,5.583976769159184e-10,3.4240595027543126
1262,252.5683789192795,0.5,0.2,1.0,0.5,0.7499999983404828,0.24999999944682744,1.6595175423968529e-09,5.531725530870231e-10,3.4240595027543126
1263,252.76851234156103,0.5,0.2,1.0,0.5,0.7499999983560015,0.24999999945200035,1.643998807254381e-09,5.479996414786402e-10,3.4240595027543126
1264,252.96864576384255,0.5,0.2,1.0,0.5,0.7499999983713636,0.24999999945712104,1.6286367087910841e-09,5.428789420907712e-10,3.4240595027543126
1265,253.16877918612408,0.5,0.2,1.0,0.5,0.7499999983865691,0.24999999946218954,1.613431247006958e-09,5.378104549234147e-10,3.4240595027543126
1266,253.3689126084056,0.5,0.2,1.0,0.5,0.7499999984016179,0.2499999994672058,1.5983824219020074e-09,5.327941799765721e-10,3.4240595027543126
1267,253.5690460306871,0.5,0.2,1.0,0.5,0.7499999984165101,0.24999999947216986,1.5834902334762295e-09,5.278301172502425e-10,3.4240595027543126
1268,253.76917945296864,0.5,0.2,1.0,0.5,0.7499999984312457,0.2499999994770817,1.5687546817296224e-09,5.229182667444255e-10,3.4240595027543126
1269,253.96931287525015,0.5,0.2,1.0,0.5,0.7499999984458245,0.24999999948194135,1.5541757666621904e-09,5.180586284591223e-10,3.4240595027543126
1270,254.16944629753166,0.5,0.2,1.0,0.5,0.7499999984602468,0.24999999948674878,1.5397534882739313e-09,5.132512023943323e-10,3.4240595027543126
1271,254.3695797198132,0.5,0.2,1.0,0.5,0.7499999984745125,0.249999999491504,1.5254878465648432e-09,5.084959885500548e-10,3.4240595027543126
1272,254.5697131420947,0.5,0.2,1.0,0.5,0.7499999984886214,0.249999999496207,1.5113788415349302e-09,5.037929869262911e-10,3.4240595027543126
1273,254.76984656437625,0.5,0.2,1.0,0.5,0.7499999985025738,0.2499999995008578,1.497426473184188e-09,4.991421975230399e-10,3.4240595027543126
1274,254.96997998665776,0.5,0.2,1.0,0.5,0.7499999985163696,0.24999999950545637,1.4836307415126209e-09,4.945436203403025e-10,3.4240595027543126
1275,255.17011340893927,0.5,0.2,1.0,0.5,0.7499999985300086,0.24999999951000274,1.4699916465202266e-09,4.899972553780783e-10,3.4240595027543126
1276,255.3702468312208,0.5,0.2,1.0,0.5,0.7499999985434911,0.2499999995144969,1.4565091882070034e-09,4.855031026363667e-10,3.4240595027543126
1277,255.57038025350232,0.5,0.2,1.0,0.5,0.749999998556817,0.2499999995189388,1.4431833665729552e-09,4.810611621151687e-10,3.4240595027543126
1278,255.77051367578383,0.5,0.2,1.0,0.5,0.7499999985699861,0.24999999952332855,1.4300141816180798e-09,4.766714338144841e-10,3.4240595027543126
1279,255.97064709806537,0.5,0.2,1.0,0.5,0.7499999985829987,0.24999999952766608,1.4170016333423757e-09,4.723339177343119e-10,3.4240595027543126
1280,256.1707805203469,0.5,0.2,1.0,0.5,0.7499999985958545,0.24999999953195137,1.4041457217458444e-09,4.680486138746529e-10,3.4240595027543126
1281,256.3709139426284,0.5,0.2,1.0,0.5,0.7499999986085557,0.24999999953618507,1.3914446021481861e-09,4.6381490734203897e-10,3.4240595027543126
1282,256.57104736490993,0.5,0.2,1.0,0.5,0.7499999986211472,0.24999999954038227,1.378853054011565e-09,4.596177246230049e-10,3.4240595027543126
1283,256.77118078719144,0.5,0.2,1.0,0.5,0.7499999986336486,0.24999999954454938,1.3663516482418272e-09,4.554505893524663e-10,3.4240595027543126
1284,256.97131420947295,0.5,0.2,1.0,0.5,0.7499999986460599,0.24999999954868649,1.353940384838973e-09,4.5131350153042335e-10,3.4240595027543126
1285,257.1714476317545,0.5,0.2,1.0,0.5,0.749999998658381,0.2499999995527935,1.3416192638029988e-09,4.472064611568747e-10,3.4240595027543126
1286,257.371581054036,0.5,0.2,1.0,0.5,0.749999998670612,0.24999999955687052,1.329388285133912e-09,4.431294682318228e-10,3.4240595027543126
1287,257.57171447631754,0.5,0.2,1.0,0.5,0.7499999986827528,0.24999999956091745,1.3172474488317085e-09,4.390825227552665e-10,3.4240595027543126
1288,257.77184789859905,0.5,0.2,1.0,0.5,0.7499999986948035,0.24999999956493435,1.3051967548963887e-09,4.3506562472720574e-10,3.4240595027543126
1289,257.97198132088056,0.5,0.2,1.0,0.5,0.749999998706764,0.24999999956892122,1.2932362033279527e-09,4.3107877414764047e-10,3.4240595027543126
1290,258.1721147431621,0.5,0.2,1.0,0.5,0.7499999987186344,0.249999999572878,1.2813657941263968e-09,4.2712197101656967e-10,3.4240595027543126
1291,258.37224816544364,0.5,0.2,1.0,0.5,0.7499999987304148,0.24999999957680477,1.2695855272917276e-09,4.2319521533399556e-10,3.4240595027543126
1292,258.57238158772515,0.5,0.2,1.0,0.5,0.7499999987421049,0.24999999958070146,1.2578954028239424e-09,4.1929850709991694e-10,3.4240595027543126
1293,258.77251501000666,0.5,0.2,1.0,0.5,0.7499999987537048,0.24999999958456814,1.2462954207230406e-09,4.1543184631433393e-10,3.4240595027543126
1294,258.97264843228817,0.5,0.2,1.0,0.5,0.7499999987652147,0.24999999958840474,1.2347855809890224e-09,4.1159523297724647e-10,3.4240595027543126
1295,259.1727818545697,0.5,0.2,1.0,0.5,0.7499999987766344,0.2499999995922113,1.223365883621888e-09,4.0778866708865456e-10,3.4240595027543126
1296,259.37291527685124,0.5,0.2,1.0,0.5,0.749999998787964,0.24999999959598784,1.2120363286216337e-09,4.0401214864855707e-10,3.4240595027543126
1297,259.57304869913276,0.5,0.2,1.0,0.5,0.7499999987992033,0.2499999995997343,1.2007969159882664e-09,4.002656776569563e-10,3.4240595027543126
1298,259.77318212141427,0.5,0.2,1.0,0.5,0.7499999988103526,0.24999999960345073,1.1896476457217826e-09,3.9654925411385106e-10,3.4240595027543126
1299,259.9733155436958,0.5,0.2,1.0,0.5,0.7499999988214118,0.2499999996071371,1.1785885178221825e-09,3.928628780192413e-10,3.4240595027543126
1300,260.1734489659773,0.5,0.2,1.0,0.5,0.7499999988323808,0.24999999961079342,1.1676195322894659e-09,3.8920654937312715e-10,3.4240595027543126
1301,260.37358238825885,0.5,0.2,1.0,0.5,0.7499999988432596,0.2499999996144197,1.15674068912363e-09,3.8558026817550756e-10,3.4240595027543126
1302,260.57371581054036,0.5,0.2,1.0,0.5,0.7499999988540483,0.24999999961801594,1.1459519883246806e-09,3.819840344263845e-10,3.4240595027543126
1303,260.7738492328219,0.5,0.2,1.0,0.5,0.7499999988647469,0.24999999962158212,1.1352534298926148e-09,3.7841784812575696e-10,3.4240595027543126
1304,260.9739826551034,0.5,0.2,1.0,0.5,0.7499999988753553,0.24999999962511826,1.1246450138274327e-09,3.74881709273625e-10,3.4240595027543126
1305,261.1741160773849,0.5,0.2,1.0,0.5,0.7499999988858735,0.24999999962862438,1.1141267401291342e-09,3.7137561786998867e-10,3.4240595027543126
1306,261.37424949966646,0.5,0.2,1.0,0.5,0.7499999988963016,0.2499999996321004,1.1036986087977162e-09,3.678995739148468e-10,3.4240595027543126
1307,261.574382921948,0.5,0.2,1.0,0.5,0.7499999989066396,0.2499999996355464,1.0933606198331849e-09,3.6445357740820154e-10,3.4240595027543126
1308,261.7745163442295,0.5,0.2,1.0,0.5,0.7499999989168875,0.24999999963896236,1.0831127732355372e-09,3.610376283500518e-10,3.4240595027543126
1309,261.974649766511,0.5,0.2,1.0,0.5,0.7499999989270452,0.24999999964234826,1.0729550690047728e-09,3.576517267403976e-10,3.4240595027543126
1310,262.1747831887925,0.5,0.2,1.0,0.5,0.7499999989371128,0.2499999996457041,1.0628875071408925e-09,3.54295872579239e-10,3.4240595027543126
1311,262.374916611074,0.5,0.2,1.0,0.5,0.7499999989470901,0.2499999996490299,1.0529100876438954e-09,3.509700658665759e-10,3.4240595027543126
1312,262.5750500333556,0.5,0.2,1.0,0.5,0.7499999989569774,0.24999999965232567,1.0430228105137791e-09,3.4767430660240746e-10,3.4240595027543126
1313,262.7751834556371,0.5,0.2,1.0,0.5,0.7499999989667746,0.2499999996555914,1.0332256757505496e-09,3.4440859478673547e-10,3.4240595027543126
1314,262.9753168779186,0.5,0.2,1.0,0.5,0.7499999989764816,0.24999999965882705,1.0235186833542034e-09,3.411729304195591e-10,3.4240595027543126
1315,263.1754503002001,0.5,0.2,1.0,0.5,0.7499999989860985,0.24999999966203268,1.0139018333247409e-09,3.379673135008782e-10,3.4240595027543126
1316,263.3755837224816,0.5,0.2,1.0,0.5,0.7499999989956252,0.24999999966520822,1.004375125662162e-09,3.3479174403069286e-10,3.4240595027543126
1317,263.5757171447632,0.5,0.2,1.0,0.5,0.7499999990050618,0.24999999966835376,9.949385603664638e-10,3.316462220090022e-10,3.4240595027543126
1318,263.7758505670447,0.5,0.2,1.0,0.5,0.7499999990144082,0.24999999967146924,9.85592137437652e-10,3.28530747435808e-10,3.4240595027543126
1319,263.9759839893262,0.5,0.2,1.0,0.5,0.7499999990236644,0.24999999967455466,9.76335856875724e-10,3.2544532031110933e-10,3.4240595027543126
1320,264.1761174116077,0.5,0.2,1.0,0.5,0.7499999990328305,0.24999999967761005,9.671697186806795e-10,3.2238994063490626e-10,3.4240595027543126
1321,264.37625083388923,0.5,0.2,1.0,0.5,0.7499999990419065,0.24999999968063538,9.580937228525185e-10,3.193646084071987e-10,3.4240595027543126
1322,264.5763842561708,0.5,0.2,1.0,0.5,0.7499999990508924,0.24999999968363065,9.491078693912386e-10,3.1636932362798587e-10,3.4240595027543126
1323,264.7765176784523,0.5,0.2,1.0,0.5,0.7499999990597881,0.2499999996865959,9.40212158296845e-10,3.134040862972694e-10,3.4240595027543126
1324,264.9766511007338,0.5,0.2,1.0,0.5,0.7499999990685937,0.24999999968953107,9.314065895693347e-10,3.104688964150485e-10,3.4240595027543126
1325,265.17678452301533,0.5,0.2,1.0,0.5,0.7499999990773091,0.24999999969243622,9.226911632087082e-10,3.075637539813232e-10,3.4240595027543126
1326,265.37691794529684,0.5,0.2,1.0,0.5,0.7499999990859344,0.2499999996953113,9.140658792149653e-10,3.0468865899609337e-10,3.4240595027543126
1327,265.57705136757835,0.5,0.2,1.0,0.5,0.7499999990944696,0.24999999969815637,9.055307375881059e-10,3.0184361145935915e-10,3.4240595027543126
1328,265.7771847898599,0.5,0.2,1.0,0.5,0.7499999991029145,0.24999999970097136,8.970857383281278e-10,2.9902861137111965e-10,3.4240595027543126
1329,265.9773182121414,0.5,0.2,1.0,0.5,0.7499999991112694,0.24999999970375633,8.887308814350356e-10,2.9624365873137654e-10,3.4240595027543126
1330,266.17745163442294,0.5,0.2,1.0,0.5,0.7499999991195341,0.24999999970651124,8.804661669088271e-10,2.9348875354012897e-10,3.4240595027543126
1331,266.37758505670445,0.5,0.2,1.0,0.5,0.7499999991277086,0.2499999997092361,8.722915947495022e-10,2.9076389579737695e-10,3.4240595027543126
1332,266.57771847898596,0.5,0.2,1.0,0.5,0.7499999991357931,0.2499999997119309,8.642071649570609e-10,2.880690855031205e-10,3.4240595027543126
1333,266.7778519012675,0.5,0.2,1.0,0.5,0.7499999991437873,0.24999999971459566,8.562128775315008e-10,2.854043226573588e-10,3.4240595027543126
1334,266.97798532354904,0.5,0.2,1.0,0.5,0.7499999991516916,0.24999999971723036,8.483087324728267e-10,2.8276960726009343e-10,3.4240595027543126
1335,267.17811874583055,0.5,0.2,1.0,0.5,0.7499999991595055,0.24999999971983505,8.404947297810362e-10,2.801649393113236e-10,3.4240595027543126
1336,267.37825216811206,0.5,0.2,1.0,0.5,0.7499999991672294,0.24999999972240966,8.327708694561293e-10,2.7759031881104936e-10,3.4240595027543126
1337,267.57838559039357,0.5,0.2,1.0,0.5,0.7499999991748632,0.24999999972495424,8.251371514981059e-10,2.7504574575927065e-10,3.4240595027543126
1338,267.77851901267513,0.5,0.2,1.0,0.5,0.7499999991824067,0.24999999972746875,8.175935759069641e-10,2.7253122015598677e-10,3.4240595027543126
1339,267.97865243495664,0.5,0.2,1.0,0.5,0.7499999991898602,0.24999999972995324,8.10140142682708e-10,2.7004674200119916e-10,3.4240595027543126
1340,268.17878585723815,0.5,0.2,1.0,0.5,0.7499999991972234,0.24999999973240766,8.027768518253354e-10,2.675923112949071e-10,3.4240595027543126
1341,268.37891927951966,0.5,0.2,1.0,0.5,0.7499999992045104,0.24999999973483664,7.954899077949945e-10,2.6516332952489474e-10,3.4240595027543126
1342,268.5790527018012,0.5,0.2,1.0,0.5,0.7499999992117447,0.24999999973724804,7.88255718521836e-10,2.627519326697058e-10,3.4240595027543126
1343,268.7791861240827,0.5,0.2,1.0,0.5,0.7499999992189265,0.249999999739642,7.810738839919966e-10,2.603579873914167e-10,3.4240595027543126
1344,268.97931954636425,0.5,0.2,1.0,0.5,0.7499999992260559,0.24999999974201847,7.739444042054739e-10,2.5798149369002685e-10,3.4240595027543126
1345,269.17945296864576,0.5,0.2,1.0,0.5,0.749999999233133,0.24999999974437753,7.668672791622722e-10,2.556224515655375e-10,3.4240595027543126
1346,269.3795863909273,0.5,0.2,1.0,0.5,0.7499999992401578,0.24999999974671913,7.598425088623894e-10,2.5328086101794793e-10,3.4240595027543126
1347,269.5797198132088,0.5,0.2,1.0,0.5,0.7499999992471302,0.24999999974904324,7.528700933058256e-10,2.5095672204725826e-10,3.4240595027543126
1348,269.7798532354903,0.5,0.2,1.0,0.5,0.7499999992540503,0.24999999975134996,7.459500324925806e-10,2.486500346534684e-10,3.4240595027543126
1349,269.97998665777186,0.5,0.2,1.0,0.5,0.749999999260918,0.24999999975363918,7.390823264226524e-10,2.4636079883657777e-10,3.4240595027543126
1350,270.18012008005337,0.5,0.2,1.0,0.5,0.7499999992677333,0.24999999975591097,7.322669750960452e-10,2.440890145965876e-10,3.4240595027543126
1351,270.3802535023349,0.5,0.2,1.0,0.5,0.7499999992744963,0.2499999997581653,7.255039785127569e-10,2.418346819334973e-10,3.4240595027543126
1352,270.5803869246164,0.5,0.2,1.0,0.5,0.749999999281207,0.2499999997604022,7.187933366727875e-10,2.395978008473068e-10,3.4240595027543126
1353,270.7805203468979,0.5,0.2,1.0,0.5,0.7499999992878653,0.2499999997626216,7.12135049576137e-10,2.3737837133801617e-10,3.4240595027543126
1354,270.98065376917947,0.5,0.2,1.0,0.5,0.7499999992944713,0.2499999997648236,7.055291172228035e-10,2.3517639340562475e-10,3.4240595027543126
1355,271.180787191461,0.5,0.2,1.0,0.5,0.7499999993010248,0.24999999976700812,6.989755396127907e-10,2.3299186705013383e-10,3.4240595027543126
1356,271.3809206137425,0.5,0.2,1.0,0.5,0.749999999307526,0.2499999997691752,6.924743167460969e-10,2.3082479227154273e-10,3.4240595027543126
1357,271.581054036024,0.5,0.2,1.0,0.5,0.7499999993139749,0.2499999997713248,6.86025448622722e-10,2.2867516906985145e-10,3.4240595027543126
1358,271.7811874583055,0.5,0.2,1.0,0.5,0.7499999993203714,0.249999999773457,6.796289352426659e-10,2.2654299744506005e-10,3.4240595027543126
1359,271.981320880587,0.5,0.2,1.0,0.5,0.7499999993267156,0.2499999997755717,6.732847766059288e-10,2.2442827739716847e-10,3.4240595027543126
1360,272.1814543028686,0.5,0.2,1.0,0.5,0.7499999993330073,0.24999999977766896,6.669929727125087e-10,2.2233100892617615e-10,3.4240595027543126
1361,272.3815877251501,0.5,0.2,1.0,0.5,0.7499999993392468,0.2499999997797488,6.607535235624094e-10,2.2025119203208427e-10,3.4240595027543126
1362,272.5817211474316,0.5,0.2,1.0,0.5,0.7499999993454339,0.24999999978181114,6.54566429155629e-10,2.1818882671489222e-10,3.4240595027543126
1363,272.7818545697131,0.5,0.2,1.0,0.5,0.7499999993515686,0.24999999978385606,6.484316894921674e-10,2.1614391297460002e-10,3.4240595027543126
1364,272.98198799199463,0.5,0.2,1.0,0.5,0.749999999357651,0.24999999978588353,6.423493045720248e-10,2.1411645081120764e-10,3.4240595027543126
1365,273.1821214142762,0.5,0.2,1.0,0.5,0.749999999363681,0.24999999978789353,6.363192743951993e-10,2.1210644022471457e-10,3.4240595027543126
1366,273.3822548365577,0.5,0.2,1.0,0.5,0.7499999993696587,0.2499999997898861,6.303415989616945e-10,2.101138812151219e-10,3.4240595027543126
1367,273.5823882588392,0.5,0.2,1.0,0.5,0.749999999375584,0.24999999979186122,6.244162782715085e-10,2.0813877378242908e-10,3.4240595027543126
1368,273.7825216811207,0.5,0.2,1.0,0.5,0.749999999381457,0.24999999979381887,6.185433123246414e-10,2.061811179266361e-10,3.4240595027543126
1369,273.98265510340224,0.5,0.2,1.0,0.5,0.7499999993872776,0.24999999979575907,6.127227011210933e-10,2.0424091364774295e-10,3.4240595027543126
1370,274.1827885256838,0.5,0.2,1.0,0.5,0.7499999993930458,0.2499999997976818,6.069544446608623e-10,2.023181609457491e-10,3.4240595027543126
1371,274.3829219479653,0.5,0.2,1.0,0.5,0.7499999993987617,0.24999999979958712,6.012385429439519e-10,2.0041285982065567e-10,3.4240595027543126
1372,274.5830553702468,0.5,0.2,1.0,0.5,0.7499999994044253,0.24999999980147497,5.955749959703605e-10,1.9852501027246204e-10,3.4240595027543126
1373,274.78318879252834,0.5,0.2,1.0,0.5,0.7499999994100365,0.24999999980334536,5.899638037400879e-10,1.9665461230116828e-10,3.4240595027543126
1374,274.98332221480985,0.5,0.2,1.0,0.5,0.7499999994155954,0.24999999980519833,5.844049662531342e-10,1.9480166590677432e-10,3.4240595027543126
1375,275.18345563709136,0.5,0.2,1.0,0.5,0.7499999994211018,0.2499999998070338,5.788984835094993e-10,1.9296617108928024e-10,3.4240595027543126
1376,275.3835890593729,0.5,0.2,1.0,0.5,0.7499999994265559,0.24999999980885185,5.734443555091819e-10,1.9114812784868552e-10,3.4240595027543126
1377,275.58372248165443,0.5,0.2,1.0,0.5,0.7499999994319577,0.24999999981065243,5.68042582252185e-10,1.893475361849911e-10,3.4240595027543126
1378,275.78385590393594,0.5,0.2,1.0,0.5,0.7499999994373071,0.2499999998124356,5.626931637385068e-10,1.8756439609819655e-10,3.4240595027543126
1379,275.98398932621745,0.5,0.2,1.0,0.5,0.7499999994426042,0.24999999981420126,5.573960999681476e-10,1.8579870758830184e-10,3.4240595027543126
1380,276.18412274849896,0.5,0.2,1.0,0.5,0.7499999994478489,0.2499999998159495,5.521513909411073e-10,1.8405047065530698e-10,3.4240595027543126
1381,276.38425617078053,0.5,0.2,1.0,0.5,0.7499999994530413,0.24999999981768029,5.469590366573845e-10,1.8231968529921146e-10,3.4240595027543126
1382,276.58438959306204,0.5,0.2,1.0,0.5,0.7499999994581813,0.24999999981939364,5.418190371169819e-10,1.8060635152001627e-10,3.4240595027543126
1383,276.78452301534355,0.5,0.2,1.0,0.5,0.7499999994632689,0.2499999998210895,5.367313923198983e-10,1.7891046931772094e-10,3.4240595027543126
1384,276.98465643762506,0.5,0.2,1.0,0.5,0.7499999994683042,0.24999999982276794,5.316961022661336e-10,1.7723203869232543e-10,3.4240595027543126
1385,277.1847898599066,0.5,0.2,1.0,0.5,0.7499999994732871,0.24999999982442891,5.267131669556877e-10,1.755710596438298e-10,3.4240595027543126
1386,277.38492328218814,0.5,0.2,1.0,0.5,0.7499999994782177,0.24999999982607246,5.217825863885594e-10,1.7392753217223352e-10,3.4240595027543126
1387,277.58505670446965,0.5,0.2,1.0,0.5,0.7499999994830959,0.24999999982769852,5.169043605647514e-10,1.7230145627753755e-10,3.4240595027543126
1388,277.78519012675116,0.5,0.2,1.0,0.5,0.7499999994879218,0.24999999982930715,5.120784894842622e-10,1.7069283195974142e-10,3.4240595027543126
1389,277.98532354903267,0.5,0.2,1.0,0.5,0.7499999994926954,0.24999999983089832,5.07304973147092e-10,1.6910165921884513e-10,3.4240595027543126
1390,278.1854569713142,0.5,0.2,1.0,0.5,0.7499999994974165,0.24999999983247204,5.025838115532406e-10,1.6752793805484872e-10,3.4240595027543126
1391,278.3855903935957,0.5,0.2,1.0,0.5,0.7499999995020853,0.24999999983402832,4.979150047027082e-10,1.659716684677521e-10,3.4240595027543126
1392,278.58572381587726,0.5,0.2,1.0,0.5,0.7499999995067017,0.24999999983556712,4.932985525954933e-10,1.6443285045755493e-10,3.4240595027543126
1393,278.78585723815877,0.5,0.2,1.0,0.5,0.7499999995112658,0.24999999983708848,4.887344552315987e-10,1.6291148402425801e-10,3.4240595027543126
1394,278.9859906604403,0.5,0.2,1.0,0.5,0.7499999995157776,0.24999999983859242,4.842227126110229e-10,1.6140756916786095e-10,3.4240595027543126
1395,279.1861240827218,0.5,0.2,1.0,0.5,0.749999999520237,0.24999999984007887,4.797633247337661e-10,1.5992110588836374e-10,3.4240595027543126
1396,279.3862575050033,0.5,0.2,1.0,0.5,0.749999999524644,0.2499999998415479,4.753562915998281e-10,1.5845209418576635e-10,3.4240595027543126
1397,279.58639092728487,0.5,0.2,1.0,0.5,0.7499999995289987,0.24999999984299945,4.710016132092078e-10,1.570005340600684e-10,3.4240595027543126
1398,279.7865243495664,0.5,0.2,1.0,0.5,0.749999999533301,0.24999999984443355,4.666992895619077e-10,1.555664255112707e-10,3.4240595027543126
1399,279.9866577718479,0.5,0.2,1.0,0.5,0.749999999537551,0.24999999984585022,4.6244932065792634e-10,1.5414976853937286e-10,3.4240595027543126
1400,280.1867911941294,0.5,0.2,1.0,0.5,0.74999999954343,0.2499999998478099,4.5657024023796946e-10,1.5219007472244176e-10,3.4240595027543126
1401,280.3869246164109,0.5,0.2,1.0,0.5,0.7499999995511423,0.24999999985038066,4.488579956221942e-10,1.496193265407177e-10,3.4240595027543126
1402,280.5870580386925,0.5,0.2,1.0,0.5,0.7499999995588228,0.24999999985294083,4.411774749269484e-10,1.47059152999027e-10,3.4240595027543126
1403,280.787191460974,0.5,0.2,1.0,0.5,0.7499999995664716,0.24999999985549043,4.3352867815223616e-10,1.4450955409737099e-10,3.4240595027543126
1404,280.9873248832555,0.5,0.2,1.0,0.5,0.7499999995740887,0.24999999985802945,4.2591160529805535e-10,1.4197052983574882e-10,3.4240595027543126
1405,281.187458305537,0.5,0.2,1.0,0.5,0.749999999581674,0.2499999998605579,4.183262563644061e-10,1.3944208021416068e-10,3.4240595027543126
1406,281.3875917278185,0.5,0.2,1.0,0.5,0.7499999995892276,0.24999999986307578,4.107726313512883e-10,1.369242052326065e-10,3.4240595027543126
1407,281.5877251501,0.5,0.2,1.0,0.5,0.7499999995967496,0.24999999986558308,4.0325073025870195e-10,1.3441690489108617e-10,3.4240595027543126
1408,281.7878585723816,0.5,0.2,1.0,0.5,0.7499999996042397,0.2499999998680798,3.957605530866451e-10,1.3192017918959918e-10,3.4240595027543126
1409,281.9879919946631,0.5,0.2,1.0,0.5,0.7499999996116982,0.24999999987056595,3.8830209983512175e-10,1.2943402812814683e-10,3.4240595027543126
1410,282.1881254169446,0.5,0.2,1.0,0.5,0.7499999996191249,0.24999999987304153,3.8087537050412986e-10,1.269584517067283e-10,3.4240595027543126
1411,282.3882588392261,0.5,0.2,1.0,0.5,0.7499999996265199,0.24999999987550653,3.734803650936692e-10,1.2449344992534386e-10,3.4240595027543126
1412,282.58839226150764,0.5,0.2,1.0,0.5,0.7499999996338832,0.24999999987796095,3.6611708360374023e-10,1.2203902278399324e-10,3.4240595027543126
1413,282.7885256837892,0.5,0.2,1.0,0.5,0.7499999996412148,0.2499999998804048,3.5878552603434084e-10,1.1959517028267602e-10,3.4240595027543126
1414,282.9886591060707,0.5,0.2,1.0,0.5,0.7499999996485146,0.24999999988283808,3.5148569238547486e-10,1.1716189242139338e-10,3.4240595027543126
1415,283.1887925283522,0.5,0.2,1.0,0.5,0.7499999996557827,0.24999999988526078,3.4421758265714013e-10,1.1473918920014461e-10,3.4240595027543126
1416,283.38892595063373,0.5,0.2,1.0,0.5,0.7499999996630191,0.2499999998876729,3.3698119684933706e-10,1.1232706061892989e-10,3.4240595027543126
1417,283.58905937291524,0.5,0.2,1.0,0.5,0.7499999996702237,0.24999999989007446,3.2977653496206585e-10,1.0992550667774914e-10,3.4240595027543126
1418,283.7891927951968,0.5,0.2,1.0,0.5,0.7499999996773967,0.24999999989246544,3.226035969953235e-10,1.0753452737660151e-10,3.4240595027543126
1419,283.9893262174783,0.5,0.2,1.0,0.5,0.7499999996845379,0.24999999989484586,3.154623829491148e-10,1.0515412271548853e-10,3.4240595027543126
1420,284.18945963975983,0.5,0.2,1.0,0.5,0.7499999996916473,0.2499999998972157,3.0835289282343795e-10,1.0278429269440961e-10,3.4240595027543126
1421,284.38959306204134,0.5,0.2,1.0,0.5,0.7499999996987251,0.24999999989957494,3.0127512661829224e-10,1.0042503731336463e-10,3.4240595027543126
1422,284.58972648432285,0.5,0.2,1.0,0.5,0.7499999997057711,0.24999999990192362,2.942290843336781e-10,9.807635657235347e-11,3.4240595027543126
1423,284.7898599066044,0.5,0.2,1.0,0.5,0.7499999997127855,0.24999999990426172,2.872147659695934e-10,9.573825047137572e-11,3.4240595027543126
1424,284.98999332888593,0.5,0.2,1.0,0.5,0.749999999719768,0.24999999990658925,2.8023217152604217e-10,9.341071901043257e-11,3.4240595027543126
1425,285.19012675116744,0.5,0.2,1.0,0.5,0.7499999997267189,0.2499999999089062,2.7328130100302247e-10,9.109376218952328e-11,3.4240595027543126
1426,285.39026017344895,0.5,0.2,1.0,0.5,0.7499999997336381,0.2499999999112126,2.6636215440053423e-10,8.878738000864803e-11,3.4240595027543126
1427,285.59039359573046,0.5,0.2,1.0,0.5,0.7499999997405256,0.2499999999135084,2.5947473171857744e-10,8.649157246780661e-11,3.4240595027543126
1428,285.79052701801197,0.5,0.2,1.0,0.5,0.7499999997473812,0.24999999991579364,2.52619032957152e-10,8.420633956699923e-11,3.4240595027543126
1429,285.99066044029354,0.5,0.2,1.0,0.5,0.7499999997542052,0.2499999999180683,2.4579505811625636e-10,8.19316813062252e-11,3.4240595027543126
1430,286.19079386257505,0.5,0.2,1.0,0.5,0.7499999997609975,0.24999999992033237,2.39002807195894e-10,7.966759768548562e-11,3.4240595027543126
1431,286.39092728485656,0.5,0.2,1.0,0.5,0.749999999767758,0.2499999999225859,2.3224228019606346e-10,7.741408870478013e-11,3.4240595027543126
1432,286.59106070713807,0.5,0.2,1.0,0.5,0.7499999997744868,0.24999999992482883,2.2551347711676393e-10,7.517115436410855e-11,3.4240595027543126
1433,286.7911941294196,0.5,0.2,1.0,0.5,0.7499999997811839,0.24999999992706118,2.1881639795799605e-10,7.29387946634708e-11,3.4240595027543126
1434,286.99132755170115,0.5,0.2,1.0,0.5,0.7499999997878493,0.24999999992928296,2.1215104271975788e-10,7.07170096028665e-11,3.4240595027543126
1435,287.19146097398266,0.5,0.2,1.0,0.5,0.7499999997944828,0.2499999999314942,2.055174114020529e-10,6.850579918229668e-11,3.4240595027543126
1436,287.39159439626417,0.5,0.2,1.0,0.5,0.7499999998010848,0.24999999993369482,1.989155040048793e-10,6.630516340176087e-11,3.4240595027543126
1437,287.5917278185457,0.5,0.2,1.0,0.5,0.749999999807655,0.24999999993588487,1.9234532052823733e-10,6.411510226125894e-11,3.4240595027543126
1438,287.7918612408272,0.5,0.2,1.0,0.5,0.7499999998141934,0.24999999993806435,1.8580686097212682e-10,6.193561576079104e-11,3.4240595027543126
1439,287.99199466310876,0.5,0.2,1.0,0.5,0.7499999998207001,0.24999999994023328,1.7930012533654611e-10,5.976670390035649e-11,3.4240595027543126
1440,288.19212808539027,0.5,0.2,1.0,0.5,0.7499999998271751,0.2499999999423916,1.728251136214984e-10,5.760836667995638e-11,3.4240595027543126
1441,288.3922615076718,0.5,0.2,1.0,0.5,0.7499999998336184,0.24999999994453936,1.6638182582698226e-10,5.546060409959033e-11,3.4240595027543126
1442,288.5923949299533,0.5,0.2,1.0,0.5,0.74999999984003,0.24999999994667657,1.5997026195299776e-10,5.3323416159258115e-11,3.4240595027543126
1443,288.7925283522348,0.5,0.2,1.0,0.5,0.7499999998464099,0.24999999994880318,1.5359042199954493e-10,5.1196802858959965e-11,3.4240595027543126
1444,288.9926617745163,0.5,0.2,1.0,0.5,0.749999999852758,0.2499999999509192,1.4724230596662324e-10,4.908076419869575e-11,3.4240595027543126
1445,289.1927951967979,0.5,0.2,1.0,0.5,0.7499999998590744,0.24999999995302466,1.4092591385423124e-10,4.697530017846488e-11,3.4240595027543126
1446,289.3929286190794,0.5,0.2,1.0,0.5,0.749999999865359,0.24999999995511957,1.346412456623726e-10,4.488041079826846e-11,3.4240595027543126
1447,289.5930620413609,0.5,0.2,1.0,0.5,0.7499999998716119,0.24999999995720387,1.2838830139104542e-10,4.279609605810608e-11,3.4240595027543126
1448,289.7931954636424,0.5,0.2,1.0,0.5,0.7499999998778332,0.24999999995927763,1.2216708104024975e-10,4.072235595797756e-11,3.4240595027543126
1449,289.9933288859239,0.5,0.2,1.0,0.5,0.7499999998840227,0.24999999996134079,1.1597758460998532e-10,3.8659190497883083e-11,3.4240595027543126
1450,290.1934623082055,0.5,0.2,1.0,0.5,0.7499999998901805,0.24999999996339337,1.0981981210025094e-10,3.660659967782187e-11,3.4240595027543126
1451,290.393595730487,0.5,0.2,1.0,0.5,0.7499999998963065,0.2499999999654354,1.0369376351104972e-10,3.4564583497795287e-11,3.4240595027543126
1452,290.5937291527685,0.5,0.2,1.0,0.5,0.7499999999024008,0.24999999996746683,9.75994388423799e-11,3.253314195780254e-11,3.4240595027543126
1453,290.79386257505,0.5,0.2,1.0,0.5,0.7499999999084634,0.24999999996948769,9.153683809424144e-11,3.0512275057843856e-11,3.4240595027543126
1454,290.9939959973315,0.5,0.2,1.0,0.5,0.7499999999144943,0.249999999971498,8.550596126663483e-11,2.850198279791911e-11,3.4240595027543126
1455,291.1941294196131,0.5,0.2,1.0,0.5,0.7499999999204935,0.2499999999734977,7.950680835955766e-11,2.650226517802763e-11,3.4240595027543126
1456,291.3942628418946,0.5,0.2,1.0,0.5,0.7499999999264609,0.24999999997548686,7.353937937301381e-11,2.451312219817078e-11,3.4240595027543126
1457,291.5943962641761,0.5,0.2,1.0,0.5,0.7499999999323966,0.24999999997746541,6.760367430700151e-11,2.2534553858347896e-11,3.4240595027543126
1458,291.7945296864576,0.5,0.2,1.0,0.5,0.7499999999383006,0.24999999997943342,6.169969316152056e-11,2.0566560158558844e-11,3.4240595027543126
1459,291.99466310873913,0.5,0.2,1.0,0.5,0.7499999999441729,0.24999999998139083,5.5827435936571166e-11,1.8609141098803806e-11,3.4240595027543126
1460,292.19479653102064,0.5,0.2,1.0,0.5,0.7499999999500133,0.2499999999833377,4.9986902632153223e-11,1.6662296679082652e-11,3.4240595027543126
1461,292.3949299533022,0.5,0.2,1.0,0.5,0.7499999999558222,0.24999999998527395,4.4178093248265027e-11,1.472602689939497e-11,3.4240595027543126
1462,292.5950633755837,0.5,0.2,1.0,0.5,0.7499999999615993,0.24999999998719963,3.840100778491004e-11,1.2800331759741793e-11,3.4240595027543126
1463,292.79519679786523,0.5,0.2,1.0,0.5,0.7499999999673447,0.24999999998911476,3.2655646242086504e-11,1.0885211260122475e-11,3.4240595027543126
1464,292.99533022014674,0.5,0.2,1.0,0.5,0.7499999999730582,0.2499999999910193,2.6942008619794473e-11,8.980665400537196e-12,3.4240595027543126
1465,293.19546364242825,0.5,0.2,1.0,0.5,0.7499999999787402,0.24999999999291328,2.1260094918033945e-11,7.086694180985764e-12,3.4240595027543126
1466,293.3955970647098,0.5,0.2,1.0,0.5,0.7499999999843904,0.24999999999479666,1.5609905136803216e-11,5.203297601467841e-12,3.4240595027543126
1467,293.59573048699133,0.5,0.2,1.0,0.5,0.7499999999900089,0.2499999999966695,9.991439276105592e-12,3.3304756619843976e-12,3.4240595027543126
1468,293.79586390927284,0.5,0.2,1.0,0.5,0.7499999999955955,0.24999999999853176,4.404697335939524e-12,1.468228362534813e-12,3.4240595027543126
1469,293.99599733155435,0.5,0.2,1.0,0.5,0.7500000000011506,0.2500000000003834,-1.1503206836949372e-12,-3.834442968807317e-13,3.4240595027543126
1470,294.19613075383586,0.5,0.2,1.0,0.5,0.7500000000066739,0.2500000000022245,-6.673614782798256e-12,-2.22454231626234e-12,3.4240595027543126
1471,294.3962641761174,0.5,0.2,1.0,0.5,0.7500000000121655,0.25000000000405503,-1.2165184961371364e-11,-4.0550656956105935e-12,3.4240595027543126
1472,294.59639759839894,0.5,0.2,1.0,0.5,0.7500000000176253,0.25000000000587497,-1.7625031219411573e-11,-5.875014434924316e-12,3.4240595027543126
1473,294.79653102068045,0.5,0.2,1.0,0.5,0.7500000000230534,0.25000000000768435,-2.3053153556920277e-11,-7.684388534204167e-12,3.4240595027543126
1474,294.99666444296196,0.5,0.2,1.0,0.5,0.7500000000284498,0.25000000000948314,-2.8449551973897685e-11,-9.48318799344999e-12,3.4240595027543126
1475,295.19679786524347,0.5,0.2,1.0,0.5,0.7500000000338145,0.2500000000112714,-3.3814226470343434e-11,-1.1271412812661943e-11,3.4240595027543126
1476,295.396931287525,0.5,0.2,1.0,0.5,0.7500000000391475,0.25000000001304906,-3.914717704625773e-11,-1.3049062991839868e-11,3.4240595027543126
1477,295.59706470980655,0.5,0.2,1.0,0.5,0.7500000000444487,0.2500000000148161,-4.444840370164192e-11,-1.4816138530984348e-11,3.4240595027543126
1478,295.79719813208806,0.5,0.2,1.0,0.5,0.7500000000497182,0.25000000001657263,-4.9717906436493416e-11,-1.6572639430094465e-11,3.4240595027543126
1479,295.99733155436957,0.5,0.2,1.0,0.5,0.7500000000549559,0.2500000000183185,-5.495568525081325e-11,-1.8318565689170555e-11,3.4240595027543126
1480,296.1974649766511,0.5,0.2,1.0,0.5,0.750000000060162,0.2500000000200539,-6.016174014460143e-11,-2.0053917308212683e-11,3.4240595027543126
1481,296.3975983989326,0.5,0.2,1.0,0.5,0.7500000000653363,0.2500000000217787,-6.533607111785831e-11,-2.1778694287220965e-11,3.4240595027543126
1482,296.59773182121415,0.5,0.2,1.0,0.5,0.750000000070479,0.2500000000234929,-7.04786781705853e-11,-2.349289662619571e-11,3.4240595027543126
1483,296.79786524349566,0.5,0.2,1.0,0.5,0.7500000000755899,0.2500000000251965,-7.558956130277917e-11,-2.519652432513599e-11,3.4240595027543126
1484,296.9979986657772,0.5,0.2,1.0,0.5,0.750000000080669,0.25000000002688955,-8.066872051444159e-11,-2.6889577384042425e-11,3.4240595027543126
1485,297.1981320880587,0.5,0.2,1.0,0.5,0.7500000000857164,0.25000000002857203,-8.571615580557256e-11,-2.857205580291483e-11,3.4240595027543126
1486,297.3982655103402,0.5,0.2,1.0,0.5,0.7500000000907321,0.2500000000302439,-9.073186717617208e-11,-3.024395958175338e-11,3.4240595027543126
1487,297.59839893262176,0.5,0.2,1.0,0.5,0.7500000000957161,0.25000000003190526,-9.571585462624154e-11,-3.1905288720558366e-11,3.4240595027543126
1488,297.7985323549033,0.5,0.2,1.0,0.5,0.7500000001006684,0.250000000033556,-1.0066811815577808e-10,-3.3556043219328964e-11,3.4240595027543126
1489,297.9986657771848,0.5,0.2,1.0,0.5,0.750000000105589,0.2500000000351962,-1.0558865776478311e-10,-3.5196223078065625e-11,3.4240595027543126
1490,298.1987991994663,0.5,0.2,1.0,0.5,0.7500000001104777,0.2500000000368258,-1.1047747345325669e-10,-3.682582829676835e-11,3.4240595027543126
1491,298.3989326217478,0.5,0.2,1.0,0.5,0.7500000001153349,0.25000000003844486,-1.1533456522119892e-10,-3.844485887543711e-11,3.4240595027543126
1492,298.5990660440293,0.5,0.2,1.0,0.5,0.7500000001201602,0.2500000000400533,-1.2015993306860937e-10,-4.005331481407189e-11,3.4240595027543126
1493,298.7991994663109,0.5,0.2,1.0,0.5,0.7500000001249538,0.2500000000416512,-1.2495357699548996e-10,-4.1651196112673255e-11,3.4240595027543126
1494,298.9993328885924,0.5,0.2,1.0,0.5,0.7500000001297158,0.25000000004323847,-1.2971549700183742e-10,-4.3238502771240105e-11,3.4240595027543126
1495,299.1994663108739,0.5,0.2,1.0,0.5,0.750000000134446,0.2500000000448152,-1.3444569308765374e-10,-4.4815234789773084e-11,3.4240595027543126
1496,299.3995997331554,0.5,0.2,1.0,0.5,0.7500000001391445,0.25000000004638134,-1.3914416525293843e-10,-4.638139216827211e-11,3.4240595027543126
1497,299.5997331554369,0.5,0.2,1.0,0.5,0.7500000001438112,0.25000000004793693,-1.4381091349769167e-10,-4.7936974906737205e-11,3.4240595027543126
1498,299.7998665777185,0.5,0.2,1.0,0.5,0.7500000001484463,0.250000000049482,-1.4844593782191464e-10,-4.948198300516879e-11,3.4240595027543126
1499,300.0,0.5,0.2,1.0,0.5,0.7500000001530495,0.2500000000510164,-1.530492382256049e-10,-5.1016416463565975e-11,3.4240595027543126
