,time,beta,alpha,sigma_D,sigma_C,S_c,S_d,I_c,I_d,R0
0,0.0,0.5,0.2,0.0,0.5,0.62475,0.37485,0.00025,0.00015,4.78622925413147
1,0.200133422281521,0.5,0.2,0.0,0.5,0.6247504546528302,0.3748502727916982,0.00024954534716973745,0.00014972720830184252,4.78622925413147
2,0.400266844563042,0.5,0.2,0.0,0.5,0.6247509084739461,0.37485054508436777,0.00024909152605370776,0.0001494549156322247,4.78622925413147
3,0.600400266844563,0.5,0.2,0.0,0.5,0.6247513614648291,0.37485081687889765,0.0002486385351706377,0.00014918312110238265,4.78622925413147
4,0.800533689126084,0.5,0.2,0.0,0.5,0.6247518136271828,0.3748510881763099,0.0002481863728169461,0.0001489118236901677,4.78622925413147
5,1.0006671114076051,0.5,0.2,0.0,0.5,0.6247522649618822,0.3748513589771295,0.00024773503811759465,0.00014864102287055682,4.78622925413147
6,1.200800533689126,0.5,0.2,0.0,0.5,0.624752715470622,0.3748516292823734,0.0002472845293777398,0.00014837071762664392,4.78622925413147
7,1.400933955970647,0.5,0.2,0.0,0.5,0.6247531651550079,0.3748518990930049,0.0002468348449918861,0.00014810090699513172,4.78622925413147
8,1.601067378252168,0.5,0.2,0.0,0.5,0.6247536140166452,0.37485216840998736,0.0002463859833545383,0.00014783159001272305,4.78622925413147
9,1.801200800533689,0.5,0.2,0.0,0.5,0.6247540620571396,0.37485243723428396,0.00024593794286020105,0.0001475627657161207,4.78622925413147
10,2.0013342228152102,0.5,0.2,0.0,0.5,0.6247545092780964,0.37485270556685807,0.0002454907219033789,0.00014729443314202742,4.78622925413147
11,2.201467645096731,0.5,0.2,0.0,0.5,0.6247549556811212,0.3748529734086729,0.0002450443188785766,0.00014702659132714602,4.78622925413147
12,2.401601067378252,0.5,0.2,0.0,0.5,0.6247554012678195,0.3748532407606919,0.00024459873218029865,0.00014675923930817928,4.78622925413147
13,2.601734489659773,0.5,0.2,0.0,0.5,0.6247558460397967,0.37485350762387826,0.0002441539602030498,0.00014649237612183,4.78622925413147
14,2.801867911941294,0.5,0.2,0.0,0.5,0.6247562899986584,0.3748537739991953,0.0002437100013413347,0.00014622600080480095,4.78622925413147
15,3.002001334222815,0.5,0.2,0.0,0.5,0.6247567331460101,0.3748540398876063,0.00024326685398965797,0.0001459601123937949,4.78622925413147
16,3.202134756504336,0.5,0.2,0.0,0.5,0.6247571754834516,0.3748543052900712,0.00024282451654817724,0.00014569470992890644,4.78622925413147
17,3.402268178785857,0.5,0.2,0.0,0.5,0.6247576170121586,0.37485457020729546,0.00024238298784109695,0.00014542979270465827,4.78622925413147
18,3.602401601067378,0.5,0.2,0.0,0.5,0.624758057733392,0.37485483464003544,0.0002419422666077163,0.00014516535996462988,4.78622925413147
19,3.802535023348899,0.5,0.2,0.0,0.5,0.6247584976486493,0.37485509858918986,0.00024150235135038273,0.00014490141081022973,4.78622925413147
20,4.0026684456304205,0.5,0.2,0.0,0.5,0.6247589367594283,0.3748553620556572,0.00024106324057144362,0.00014463794434286625,4.78622925413147
21,4.202801867911941,0.5,0.2,0.0,0.5,0.6247593750672265,0.37485562504033615,0.00024062493277324638,0.00014437495966394793,4.78622925413147
22,4.402935290193462,0.5,0.2,0.0,0.5,0.6247598125735416,0.3748558875441252,0.00024018742645813847,0.00014411245587488315,4.78622925413147
23,4.603068712474983,0.5,0.2,0.0,0.5,0.6247602492798713,0.374856149567923,0.00023975072012846727,0.00014385043207708044,4.78622925413147
24,4.803202134756504,0.5,0.2,0.0,0.5,0.6247606851877132,0.37485641111262813,0.0002393148122865802,0.0001435888873719482,4.78622925413147
25,5.003335557038025,0.5,0.2,0.0,0.5,0.6247611202985649,0.3748566721791392,0.0002388797014348247,0.0001433278208608949,4.78622925413147
26,5.203468979319546,0.5,0.2,0.0,0.5,0.6247615546139242,0.37485693276835474,0.00023844538607554813,0.00014306723164532895,4.78622925413147
27,5.403602401601067,0.5,0.2,0.0,0.5,0.6247619881352886,0.3748571928811734,0.00023801186471109797,0.00014280711882665883,4.78622925413147
28,5.603735823882588,0.5,0.2,0.0,0.5,0.6247624208641559,0.3748574525184938,0.00023757913584382157,0.000142547481506293,4.78622925413147
29,5.803869246164109,0.5,0.2,0.0,0.5,0.6247628528019306,0.3748577116811585,0.000237147198069255,0.00014228831884155306,4.78622925413147
30,6.00400266844563,0.5,0.2,0.0,0.5,0.6247632839499644,0.3748579703699788,0.00023671605003544734,0.00014202963002126848,4.78622925413147
31,6.204136090727151,0.5,0.2,0.0,0.5,0.6247637143097204,0.3748582285858324,0.00023628569027943328,0.00014177141416766003,4.78622925413147
32,6.404269513008672,0.5,0.2,0.0,0.5,0.6247641438826622,0.37485848632959745,0.0002358561173376421,0.00014151367040258532,4.78622925413147
33,6.604402935290193,0.5,0.2,0.0,0.5,0.6247645726702533,0.37485874360215216,0.00023542732974650307,0.0001412563978479019,4.78622925413147
34,6.804536357571714,0.5,0.2,0.0,0.5,0.6247650006739573,0.3748590004043746,0.0002349993260424455,0.00014099959562546735,4.78622925413147
35,7.004669779853235,0.5,0.2,0.0,0.5,0.6247654278952379,0.37485925673714293,0.00023457210476189865,0.00014074326285713924,4.78622925413147
36,7.204803202134756,0.5,0.2,0.0,0.5,0.6247658543355585,0.37485951260133527,0.00023414566444129178,0.0001404873986647751,4.78622925413147
37,7.404936624416277,0.5,0.2,0.0,0.5,0.6247662799963828,0.37485976799782983,0.0002337200036170542,0.00014023200217023256,4.78622925413147
38,7.605070046697798,0.5,0.2,0.0,0.5,0.6247667048791742,0.3748600229275047,0.00023329512082561517,0.00013997707249536917,4.78622925413147
39,7.805203468979319,0.5,0.2,0.0,0.5,0.6247671289853964,0.374860277391238,0.00023287101460340402,0.00013972260876204246,4.78622925413147
40,8.005336891260841,0.5,0.2,0.0,0.5,0.624767552316513,0.37486053138990794,0.00023244768348684998,0.00013946861009211004,4.78622925413147
41,8.205470313542362,0.5,0.2,0.0,0.5,0.6247679748719496,0.3748607849231698,0.00023202512805030115,0.00013921507683018074,4.78622925413147
42,8.405603735823883,0.5,0.2,0.0,0.5,0.6247683966575774,0.37486103799454656,0.00023160334242242425,0.0001389620054534546,4.78622925413147
43,8.605737158105404,0.5,0.2,0.0,0.5,0.6247688176720791,0.3748612906032476,0.00023118232792068648,0.00013870939675241195,4.78622925413147
44,8.805870580386925,0.5,0.2,0.0,0.5,0.6247692379169123,0.3748615427501475,0.00023076208308757027,0.00013845724985254223,4.78622925413147
45,9.006004002668446,0.5,0.2,0.0,0.5,0.6247696573935315,0.37486179443611906,0.000230342606468289,0.00013820556388097346,4.78622925413147
46,9.206137424949967,0.5,0.2,0.0,0.5,0.6247700761033891,0.3748620456620335,0.00022992389661078693,0.00013795433796647222,4.78622925413147
47,9.406270847231488,0.5,0.2,0.0,0.5,0.624770494047934,0.37486229642876057,0.00022950595206573936,0.00013770357123944367,4.78622925413147
48,9.606404269513009,0.5,0.2,0.0,0.5,0.6247709112286133,0.37486254673716807,0.00022908877138655247,0.00013745326283193154,4.78622925413147
49,9.80653769179453,0.5,0.2,0.0,0.5,0.6247713276468705,0.3748627965881224,0.0002286723531293634,0.00013720341187761808,4.78622925413147
50,10.00667111407605,0.5,0.2,0.0,0.5,0.6247717433041468,0.3748630459824882,0.0002282566958530402,0.00013695401751182416,4.78622925413147
51,10.206804536357572,0.5,0.2,0.0,0.5,0.6247721582018807,0.3748632949211285,0.00022784179811918194,0.00013670507887150922,4.78622925413147
52,10.406937958639093,0.5,0.2,0.0,0.5,0.6247725723415077,0.37486354340490474,0.00022742765849211854,0.00013645659509527118,4.78622925413147
53,10.607071380920614,0.5,0.2,0.0,0.5,0.6247729857243963,0.3748637914346379,0.00022701427560362677,0.00013620856536217615,4.78622925413147
54,10.807204803202135,0.5,0.2,0.0,0.5,0.6247733983515975,0.3748640390109586,0.0002266016484023702,0.00013596098904142219,4.78622925413147
55,11.007338225483656,0.5,0.2,0.0,0.5,0.6247738102244665,0.37486428613468004,0.00022618977553331095,0.00013571386531998662,4.78622925413147
56,11.207471647765177,0.5,0.2,0.0,0.5,0.6247742213444152,0.37486453280664916,0.00022577865558476637,0.00013546719335085988,4.78622925413147
57,11.407605070046698,0.5,0.2,0.0,0.5,0.624774631712852,0.3748647790277113,0.0002253682871478953,0.00013522097228873723,4.78622925413147
58,11.607738492328219,0.5,0.2,0.0,0.5,0.6247750413311832,0.37486502479871003,0.0002249586688166983,0.00013497520129001904,4.78622925413147
59,11.80787191460974,0.5,0.2,0.0,0.5,0.6247754502008119,0.3748652701204872,0.00022454979918801757,0.00013472987951281058,4.78622925413147
60,12.00800533689126,0.5,0.2,0.0,0.5,0.6247758583231383,0.3748655149938831,0.000224141676861537,0.0001344850061169222,4.78622925413147
61,12.208138759172781,0.5,0.2,0.0,0.5,0.6247762656995601,0.37486575941973616,0.000223734300439782,0.0001342405802638692,4.78622925413147
62,12.408272181454302,0.5,0.2,0.0,0.5,0.6247766723314718,0.37486600339888315,0.00022332766852811974,0.00013399660111687182,4.78622925413147
63,12.608405603735823,0.5,0.2,0.0,0.5,0.6247770782202652,0.3748662469321592,0.00022292177973475897,0.00013375306784085535,4.78622925413147
64,12.808539026017344,0.5,0.2,0.0,0.5,0.6247774833673292,0.37486649002039757,0.00022251663267075015,0.00013350997960245002,4.78622925413147
65,13.008672448298865,0.5,0.2,0.0,0.5,0.62477788777405,0.37486673266443005,0.00022211222594998532,0.0001332673355699911,4.78622925413147
66,13.208805870580386,0.5,0.2,0.0,0.5,0.6247782914418107,0.3748669748650865,0.0002217085581891982,0.0001330251349135188,4.78622925413147
67,13.408939292861907,0.5,0.2,0.0,0.5,0.624778694371992,0.3748672166231953,0.00022130562800796414,0.00013278337680477833,4.78622925413147
68,13.609072715143428,0.5,0.2,0.0,0.5,0.6247790965659712,0.3748674579395828,0.00022090343402870018,0.0001325420604172199,4.78622925413147
69,13.80920613742495,0.5,0.2,0.0,0.5,0.6247794980251232,0.37486769881507404,0.00022050197487666492,0.0001323011849259987,4.78622925413147
70,14.00933955970647,0.5,0.2,0.0,0.5,0.62477989875082,0.37486793925049205,0.00022010124917995868,0.00013206074950797492,4.78622925413147
71,14.209472981987991,0.5,0.2,0.0,0.5,0.6247802987444304,0.37486817924665833,0.00021970125556952338,0.0001318207533417137,4.78622925413147
72,14.409606404269512,0.5,0.2,0.0,0.5,0.6247806980073207,0.37486841880439253,0.00021930199267914264,0.0001315811956074852,4.78622925413147
73,14.609739826551033,0.5,0.2,0.0,0.5,0.6247810965408545,0.3748686579245128,0.00021890345914544164,0.00013134207548726456,4.78622925413147
74,14.809873248832554,0.5,0.2,0.0,0.5,0.624781494346392,0.3748688966078353,0.00021850565360788732,0.0001311033921647319,4.78622925413147
75,15.010006671114075,0.5,0.2,0.0,0.5,0.6247818914252912,0.37486913485517476,0.00021810857470878816,0.00013086514482527235,4.78622925413147
76,15.210140093395596,0.5,0.2,0.0,0.5,0.6247822877789067,0.37486937266734405,0.00021771222109329434,0.000130627332655976,4.78622925413147
77,15.410273515677117,0.5,0.2,0.0,0.5,0.6247826834085906,0.3748696100451544,0.00021731659140939764,0.00013038995484563793,4.78622925413147
78,15.610406937958638,0.5,0.2,0.0,0.5,0.624783078315692,0.3748698469894153,0.0002169216843079316,0.0001301530105847582,4.78622925413147
79,15.810540360240159,0.5,0.2,0.0,0.5,0.6247834725015573,0.3748700835009345,0.00021652749844257123,0.00012991649906554192,4.78622925413147
80,16.010673782521682,0.5,0.2,0.0,0.5,0.6247838659675301,0.37487031958051814,0.00021613403246983337,0.0001296804194818991,4.78622925413147
81,16.210807204803203,0.5,0.2,0.0,0.5,0.6247842587149508,0.37487055522897056,0.00021574128504907634,0.00012944477102944482,4.78622925413147
82,16.410940627084724,0.5,0.2,0.0,0.5,0.6247846507451574,0.37487079044709454,0.0002153492548425002,0.00012920955290549903,4.78622925413147
83,16.611074049366245,0.5,0.2,0.0,0.5,0.6247850420594847,0.37487102523569094,0.00021495794051514666,0.00012897476430908682,4.78622925413147
84,16.811207471647766,0.5,0.2,0.0,0.5,0.624785432659265,0.3748712595955591,0.00021456734073489902,0.00012874040444093811,4.78622925413147
85,17.011340893929287,0.5,0.2,0.0,0.5,0.6247858225458274,0.37487149352749655,0.00021417745417248228,0.00012850647250348796,4.78622925413147
86,17.211474316210808,0.5,0.2,0.0,0.5,0.6247862117204984,0.37487172703229915,0.00021378827950146304,0.00012827296770087632,4.78622925413147
87,17.41160773849233,0.5,0.2,0.0,0.5,0.6247866001846016,0.37487196011076107,0.0002133998153982496,0.00012803988923894814,4.78622925413147
88,17.61174116077385,0.5,0.2,0.0,0.5,0.6247869879394579,0.3748721927636748,0.00021301206054209182,0.00012780723632525336,4.78622925413147
89,17.81187458305537,0.5,0.2,0.0,0.5,0.6247873749863848,0.374872424991831,0.00021262501361508132,0.00012757500816904693,4.78622925413147
90,18.01200800533689,0.5,0.2,0.0,0.5,0.6247877613266978,0.3748726567960187,0.00021223867330215127,0.00012734320398128873,4.78622925413147
91,18.212141427618413,0.5,0.2,0.0,0.5,0.6247881469617088,0.3748728881770254,0.0002118530382910765,0.00012711182297464374,4.78622925413147
92,18.412274849899934,0.5,0.2,0.0,0.5,0.6247885318927274,0.37487311913563653,0.00021146810727247357,0.00012688086436348184,4.78622925413147
93,18.612408272181455,0.5,0.2,0.0,0.5,0.6247889161210601,0.37487334967263614,0.00021108387893980054,0.00012665032736387786,4.78622925413147
94,18.812541694462976,0.5,0.2,0.0,0.5,0.6247892996480106,0.3748735797888064,0.00021070035198935726,0.00012642021119361172,4.78622925413147
95,19.012675116744497,0.5,0.2,0.0,0.5,0.6247896824748796,0.3748738094849279,0.00021031752512028513,0.00012619051507216828,4.78622925413147
96,19.212808539026017,0.5,0.2,0.0,0.5,0.6247900646029654,0.37487403876177927,0.00020993539703456724,0.00012596123822073736,4.78622925413147
97,19.41294196130754,0.5,0.2,0.0,0.5,0.6247904460335628,0.3748742676201378,0.0002095539664370283,0.0001257323798622138,4.78622925413147
98,19.61307538358906,0.5,0.2,0.0,0.5,0.6247908267679646,0.37487449606077883,0.00020917323203533468,0.00012550393922119743,4.78622925413147
99,19.81320880587058,0.5,0.2,0.0,0.5,0.6247912068074599,0.37487472408447603,0.0002087931925399944,0.00012527591552399307,4.78622925413147
100,20.0133422281521,0.5,0.2,0.0,0.5,0.6247915861533355,0.3748749516920014,0.00020841384666435713,0.00012504830799861047,4.78622925413147
101,20.213475650433622,0.5,0.2,0.0,0.5,0.6247919648068753,0.37487517888412525,0.00020803519312461414,0.00012482111587476449,4.78622925413147
102,20.413609072715143,0.5,0.2,0.0,0.5,0.6247923427693601,0.37487540566161615,0.0002076572306397984,0.0001245943383838748,4.78622925413147
103,20.613742494996664,0.5,0.2,0.0,0.5,0.6247927200420681,0.374875632025241,0.0002072799579317845,0.00012436797475906623,4.78622925413147
104,20.813875917278185,0.5,0.2,0.0,0.5,0.6247930966262746,0.37487585797576484,0.0002069033737252887,0.0001241420242351685,4.78622925413147
105,21.014009339559706,0.5,0.2,0.0,0.5,0.624793472523252,0.3748760835139513,0.00020652747674786885,0.00012391648604871631,4.78622925413147
106,21.214142761841227,0.5,0.2,0.0,0.5,0.6247938477342699,0.3748763086405621,0.0002061522657299245,0.00012369135943794945,4.78622925413147
107,21.41427618412275,0.5,0.2,0.0,0.5,0.6247942222605952,0.37487653335635723,0.00020577773940469684,0.00012346664364281258,4.78622925413147
108,21.61440960640427,0.5,0.2,0.0,0.5,0.6247945961034916,0.37487675766209505,0.0002054038965082687,0.0001232423379049554,4.78622925413147
109,21.81454302868579,0.5,0.2,0.0,0.5,0.6247949692642203,0.3748769815585323,0.00020503073577956448,0.00012301844146773256,4.78622925413147
110,22.01467645096731,0.5,0.2,0.0,0.5,0.6247953417440395,0.3748772050464238,0.00020465825596035039,0.0001227949535762038,4.78622925413147
111,22.214809873248832,0.5,0.2,0.0,0.5,0.6247957135442047,0.3748774281265229,0.0002042864557952341,0.0001225718734771337,4.78622925413147
112,22.414943295530353,0.5,0.2,0.0,0.5,0.6247960846659683,0.374877650799581,0.00020391533403166508,0.00012234920041899195,4.78622925413147
113,22.615076717811874,0.5,0.2,0.0,0.5,0.62479645511058,0.37487787306634807,0.00020354488941993432,0.00012212693365195318,4.78622925413147
114,22.815210140093395,0.5,0.2,0.0,0.5,0.6247968248792867,0.3748780949275721,0.00020317512071317458,0.00012190507242789696,4.78622925413147
115,23.015343562374916,0.5,0.2,0.0,0.5,0.6247971939733326,0.3748783163839996,0.00020280602666736017,0.00012168361600040794,4.78622925413147
116,23.215476984656437,0.5,0.2,0.0,0.5,0.6247975623939586,0.3748785374363753,0.00020243760604130706,0.0001214625636247757,4.78622925413147
117,23.415610406937958,0.5,0.2,0.0,0.5,0.6247979301424033,0.374878758085442,0.0002020698575966729,0.0001212419145579948,4.78622925413147
118,23.61574382921948,0.5,0.2,0.0,0.5,0.624798297219902,0.3748789783319413,0.00020170278009795696,0.00012102166805876485,4.78622925413147
119,23.815877251501,0.5,0.2,0.0,0.5,0.6247986636276874,0.3748791981766125,0.00020133637231250018,0.00012080182338749035,4.78622925413147
120,24.01601067378252,0.5,0.2,0.0,0.5,0.6247990293669894,0.3748794176201938,0.0002009706330104851,0.00012058237980628087,4.78622925413147
121,24.216144096064042,0.5,0.2,0.0,0.5,0.624799394439035,0.37487963666342106,0.00020060556096493593,0.00012036333657895093,4.78622925413147
122,24.416277518345563,0.5,0.2,0.0,0.5,0.6247997588450482,0.374879855307029,0.00020024115495171857,0.00012014469297102005,4.78622925413147
123,24.616410940627084,0.5,0.2,0.0,0.5,0.6248001225862504,0.3748800735517503,0.00019987741374954049,0.00011992644824971273,4.78622925413147
124,24.816544362908605,0.5,0.2,0.0,0.5,0.6248004856638599,0.3748802913983161,0.00019951433613995086,0.00011970860168395846,4.78622925413147
125,25.016677785190126,0.5,0.2,0.0,0.5,0.6248008480790925,0.37488050884745566,0.00019915192090734046,0.00011949115254439171,4.78622925413147
126,25.216811207471647,0.5,0.2,0.0,0.5,0.624801209833161,0.3748807258998967,0.00019879016683894174,0.00011927410010335196,4.78622925413147
127,25.416944629753168,0.5,0.2,0.0,0.5,0.6248015709272751,0.37488094255636517,0.00019842907272482876,0.00011905744363488364,4.78622925413147
128,25.61707805203469,0.5,0.2,0.0,0.5,0.624801931362642,0.37488115881758527,0.00019806863735791729,0.0001188411824147362,4.78622925413147
129,25.81721147431621,0.5,0.2,0.0,0.5,0.6248022911404659,0.3748813746842797,0.00019770885953396467,0.00011862531572036406,4.78622925413147
130,26.01734489659773,0.5,0.2,0.0,0.5,0.6248026502619484,0.3748815901571691,0.00019734973805156996,0.00011840984283092666,4.78622925413147
131,26.21747831887925,0.5,0.2,0.0,0.5,0.6248030087282878,0.37488180523697273,0.00019699127171217382,0.00011819476302728837,4.78622925413147
132,26.417611741160773,0.5,0.2,0.0,0.5,0.6248033665406798,0.374882019924408,0.00019663345932005854,0.00011798007559201857,4.78622925413147
133,26.617745163442294,0.5,0.2,0.0,0.5,0.6248037237003176,0.3748822342201906,0.00019627629968234809,0.00011776577980939167,4.78622925413147
134,26.817878585723815,0.5,0.2,0.0,0.5,0.6248040802083908,0.37488244812503463,0.00019591979160900807,0.00011755187496538701,4.78622925413147
135,27.018012008005336,0.5,0.2,0.0,0.5,0.624804436066087,0.37488266163965234,0.00019556393391284576,0.00011733836034768894,4.78622925413147
136,27.218145430286857,0.5,0.2,0.0,0.5,0.6248047912745904,0.37488287476475435,0.00019520872540951,0.0001171252352456868,4.78622925413147
137,27.418278852568378,0.5,0.2,0.0,0.5,0.6248051458350824,0.37488308750104954,0.0001948541649174914,0.00011691249895047493,4.78622925413147
138,27.6184122748499,0.5,0.2,0.0,0.5,0.6248054997487418,0.3748832998492452,0.0001945002512581221,0.0001167001507548526,4.78622925413147
139,27.81854569713142,0.5,0.2,0.0,0.5,0.6248058530167443,0.3748835118100467,0.0001941469832555759,0.00011648818995332415,4.78622925413147
140,28.01867911941294,0.5,0.2,0.0,0.5,0.624806205640263,0.37488372338415793,0.00019379435973686837,0.00011627661584209886,4.78622925413147
141,28.21881254169446,0.5,0.2,0.0,0.5,0.624806557620468,0.3748839345722809,0.00019344237953185654,0.00011606542771909097,4.78622925413147
142,28.418945963975982,0.5,0.2,0.0,0.5,0.6248069089585266,0.3748841453751161,0.00019309104147323923,0.00011585462488391977,4.78622925413147
143,28.619079386257503,0.5,0.2,0.0,0.5,0.6248072596556034,0.3748843557933621,0.00019274034439655685,0.00011564420663790952,4.78622925413147
144,28.819212808539024,0.5,0.2,0.0,0.5,0.6248076097128598,0.37488456582771595,0.00019239028714019145,0.00011543417228408943,4.78622925413147
145,29.019346230820545,0.5,0.2,0.0,0.5,0.6248079591314545,0.37488477547887283,0.00019204086854536674,0.00011522452112719372,4.78622925413147
146,29.219479653102066,0.5,0.2,0.0,0.5,0.6248083079125437,0.37488498474752635,0.00019169208745614804,0.00011501525247366162,4.78622925413147
147,29.419613075383587,0.5,0.2,0.0,0.5,0.6248086560572804,0.3748851936343684,0.0001913439427194424,0.0001148063656316373,4.78622925413147
148,29.61974649766511,0.5,0.2,0.0,0.5,0.6248090035668149,0.3748854021400891,0.00019099643318499842,0.00011459785991096997,4.78622925413147
149,29.81987991994663,0.5,0.2,0.0,0.5,0.6248093504422945,0.3748856102653768,0.0001906495577054064,0.00011438973462321379,4.78622925413147
150,30.02001334222815,0.5,0.2,0.0,0.5,0.6248096966848639,0.3748858180109184,0.00019030331513609827,0.00011418198908162792,4.78622925413147
151,30.22014676450967,0.5,0.2,0.0,0.5,0.6248100422956645,0.37488602537739885,0.0001899577043353476,0.00011397462260117651,4.78622925413147
152,30.420280186791192,0.5,0.2,0.0,0.5,0.6248103872758356,0.3748862323655015,0.00018961272416426962,0.00011376763449852868,4.78622925413147
153,30.620413609072713,0.5,0.2,0.0,0.5,0.6248107316265131,0.37488643897590795,0.0001892683734868212,0.00011356102409205857,4.78622925413147
154,30.820547031354234,0.5,0.2,0.0,0.5,0.6248110753488301,0.3748866452092982,0.00018892465116980084,0.00011335479070184527,4.78622925413147
155,31.020680453635755,0.5,0.2,0.0,0.5,0.6248114184439171,0.37488685106635034,0.00018858155608284872,0.00011314893364967288,4.78622925413147
156,31.220813875917276,0.5,0.2,0.0,0.5,0.6248117609129015,0.374887056547741,0.00018823908709844663,0.00011294345225903048,4.78622925413147
157,31.420947298198797,0.5,0.2,0.0,0.5,0.624812102756908,0.37488726165414493,0.00018789724309191804,0.00011273834585511216,4.78622925413147
158,31.621080720480318,0.5,0.2,0.0,0.5,0.6248124439770585,0.3748874663862352,0.000187556022941428,0.00011253361376481695,4.78622925413147
159,31.82121414276184,0.5,0.2,0.0,0.5,0.6248127845744719,0.37488767074468327,0.0001872154255279833,0.0001123292553167489,4.78622925413147
160,32.021347565043364,0.5,0.2,0.0,0.5,0.6248131245502645,0.37488787473015883,0.0001868754497354323,0.00011212526984121705,4.78622925413147
161,32.22148098732488,0.5,0.2,0.0,0.5,0.6248134639055495,0.3748880783433298,0.00018653609445046506,0.00011192165667023543,4.78622925413147
162,32.421614409606406,0.5,0.2,0.0,0.5,0.6248138026414373,0.3748882815848625,0.0001861973585626132,0.00011171841513752302,4.78622925413147
163,32.62174783188792,0.5,0.2,0.0,0.5,0.6248141407590356,0.3748884844554215,0.00018585924096425012,0.00011151554457850382,4.78622925413147
164,32.82188125416945,0.5,0.2,0.0,0.5,0.6248144782594494,0.37488868695566974,0.00018552174055059073,0.00011131304433030682,4.78622925413147
165,33.022014676450965,0.5,0.2,0.0,0.5,0.6248148151437802,0.3748888890862683,0.00018518485621969166,0.00011111091373176599,4.78622925413147
166,33.22214809873249,0.5,0.2,0.0,0.5,0.6248151514131275,0.37488909084787664,0.00018484858687245115,0.00011090915212342027,4.78622925413147
167,33.42228152101401,0.5,0.2,0.0,0.5,0.6248154870685872,0.3748892922411525,0.00018451293141260916,0.00011070775884751362,4.78622925413147
168,33.62241494329553,0.5,0.2,0.0,0.5,0.6248158221112532,0.374889493266752,0.00018417788874674717,0.00011050673324799494,4.78622925413147
169,33.82254836557705,0.5,0.2,0.0,0.5,0.6248161565424188,0.37488969392545146,0.00018384345758105442,0.00011030607454857778,4.78622925413147
170,34.02268178785857,0.5,0.2,0.0,0.5,0.6248164903643483,0.37488989421860913,0.00018350963565158589,0.0001101057813908951,4.78622925413147
171,34.22281521014009,0.5,0.2,0.0,0.5,0.6248168235783491,0.37489009414700963,0.00018317642165074994,0.0001099058529903919,4.78622925413147
172,34.422948632421615,0.5,0.2,0.0,0.5,0.6248171561855439,0.37489029371132654,0.00018284381445593756,0.00010970628867350281,4.78622925413147
173,34.62308205470313,0.5,0.2,0.0,0.5,0.6248174881870528,0.37489049291223187,0.00018251181294703773,0.00010950708776816118,4.78622925413147
174,34.82321547698466,0.5,0.2,0.0,0.5,0.6248178195839934,0.37489069175039624,0.00018218041600643735,0.00010930824960379917,4.78622925413147
175,35.023348899266175,0.5,0.2,0.0,0.5,0.6248181503774808,0.3748908902264887,0.00018184962251902134,0.00010910977351134772,4.78622925413147
176,35.2234823215477,0.5,0.2,0.0,0.5,0.6248184805686277,0.3748910883411768,0.00018151943137217251,0.00010891165882323655,4.78622925413147
177,35.42361574382922,0.5,0.2,0.0,0.5,0.6248188101585441,0.3748912860951266,0.00018118984145577176,0.00010871390487339415,4.78622925413147
178,35.62374916611074,0.5,0.2,0.0,0.5,0.6248191391483376,0.37489148348900275,0.00018086085166219785,0.00010851651099724779,4.78622925413147
179,35.82388258839226,0.5,0.2,0.0,0.5,0.6248194675391135,0.3748916805234683,0.00018053246088632757,0.00010831947653172354,4.78622925413147
180,36.02401601067378,0.5,0.2,0.0,0.5,0.6248197953319743,0.37489187719918476,0.0001802046680255356,0.00010812280081524625,4.78622925413147
181,36.2241494329553,0.5,0.2,0.0,0.5,0.6248201225280201,0.3748920735168123,0.00017987747197969472,0.00010792648318773952,4.78622925413147
182,36.424282855236825,0.5,0.2,0.0,0.5,0.6248204491283487,0.3748922694770094,0.00017955087165117555,0.00010773052299062577,4.78622925413147
183,36.62441627751834,0.5,0.2,0.0,0.5,0.624820775134055,0.3748924650804332,0.00017922486594484674,0.00010753491956682617,4.78622925413147
184,36.82454969979987,0.5,0.2,0.0,0.5,0.6248211005462317,0.37489266032773927,0.00017889945376807492,0.0001073396722607607,4.78622925413147
185,37.024683122081385,0.5,0.2,0.0,0.5,0.6248214253659691,0.37489285521958166,0.00017857463403072465,0.0001071447804183481,4.78622925413147
186,37.22481654436291,0.5,0.2,0.0,0.5,0.6248217495943547,0.37489304975661303,0.0001782504056451585,0.0001069502433870059,4.78622925413147
187,37.42494996664443,0.5,0.2,0.0,0.5,0.6248220732324736,0.37489324393948437,0.00017792676752623697,0.0001067560605156504,4.78622925413147
188,37.62508338892595,0.5,0.2,0.0,0.5,0.6248223962814086,0.3748934377688453,0.0001776037185913185,0.00010656223115469668,4.78622925413147
189,37.82521681120747,0.5,0.2,0.0,0.5,0.6248227187422396,0.374893631245344,0.00017728125776025964,0.00010636875465605864,4.78622925413147
190,38.02535023348899,0.5,0.2,0.0,0.5,0.6248230406160444,0.37489382436962687,0.0001769593839554147,0.0001061756303731489,4.78622925413147
191,38.22548365577051,0.5,0.2,0.0,0.5,0.6248233619038982,0.37489401714233916,0.00017663809610163616,0.00010598285766087891,4.78622925413147
192,38.425617078052035,0.5,0.2,0.0,0.5,0.6248236826068736,0.3748942095641244,0.00017631739312627432,0.00010579043587565886,4.78622925413147
193,38.62575050033355,0.5,0.2,0.0,0.5,0.6248240027260407,0.37489440163562465,0.0001759972739591775,0.00010559836437539779,4.78622925413147
194,38.82588392261508,0.5,0.2,0.0,0.5,0.6248243222624672,0.37489459335748054,0.00017567773753269204,0.00010540664251950342,4.78622925413147
195,39.026017344896594,0.5,0.2,0.0,0.5,0.6248246412172181,0.37489478473033117,0.0001753587827816622,0.00010521526966888236,4.78622925413147
196,39.22615076717812,0.5,0.2,0.0,0.5,0.6248249595913564,0.37489497575481406,0.00017504040864343013,0.00010502424518593989,4.78622925413147
197,39.426284189459636,0.5,0.2,0.0,0.5,0.6248252773859421,0.37489516643156545,0.00017472261405783614,0.00010483356843458017,4.78622925413147
198,39.62641761174116,0.5,0.2,0.0,0.5,0.6248255946020327,0.3748953567612198,0.00017440539796721832,0.0001046432387802061,4.78622925413147
199,39.82655103402268,0.5,0.2,0.0,0.5,0.6248259112406834,0.3748955467444103,0.00017408875931641284,0.00010445325558971934,4.78622925413147
200,40.0266844563042,0.5,0.2,0.0,0.5,0.6248262273029471,0.3748957363817685,0.00017377269705275378,0.00010426361823152035,4.78622925413147
201,40.22681787858572,0.5,0.2,0.0,0.5,0.6248265427898738,0.3748959256739245,0.00017345721012607324,0.0001040743260755084,4.78622925413147
202,40.426951300867245,0.5,0.2,0.0,0.5,0.6248268577025111,0.37489611462150696,0.00017314229748870122,0.00010388537849308147,4.78622925413147
203,40.62708472314876,0.5,0.2,0.0,0.5,0.6248271720419044,0.3748963032251429,0.0001728279580954658,0.0001036967748571364,4.78622925413147
204,40.82721814543029,0.5,0.2,0.0,0.5,0.6248274858090962,0.37489649148545795,0.0001725141909036929,0.00010350851454206876,4.78622925413147
205,41.027351567711804,0.5,0.2,0.0,0.5,0.6248277990051266,0.37489667940307625,0.00017220099487320645,0.00010332059692377292,4.78622925413147
206,41.22748498999333,0.5,0.2,0.0,0.5,0.6248281116310335,0.3748968669786204,0.00017188836896632842,0.00010313302137964202,4.78622925413147
207,41.427618412274846,0.5,0.2,0.0,0.5,0.624828423687852,0.37489705421271147,0.00017157631214787864,0.00010294578728856802,4.78622925413147
208,41.62775183455637,0.5,0.2,0.0,0.5,0.6248287351766146,0.37489724110596906,0.000171264823385175,0.00010275889403094158,4.78622925413147
209,41.82788525683789,0.5,0.2,0.0,0.5,0.6248290460983518,0.37489742765901135,0.00017095390164803334,0.00010257234098865224,4.78622925413147
210,42.02801867911941,0.5,0.2,0.0,0.5,0.6248293564540911,0.37489761387245496,0.00017064354590876735,0.00010238612754508823,4.78622925413147
211,42.22815210140093,0.5,0.2,0.0,0.5,0.6248296662448577,0.3748977997469149,0.0001703337551421889,0.00010220025308513662,4.78622925413147
212,42.428285523682455,0.5,0.2,0.0,0.5,0.6248299754716743,0.37489798528300483,0.00017002452832560767,0.00010201471699518324,4.78622925413147
213,42.62841894596397,0.5,0.2,0.0,0.5,0.624830284135561,0.3748981704813369,0.00016971586443883133,0.00010182951866311272,4.78622925413147
214,42.8285523682455,0.5,0.2,0.0,0.5,0.6248305922375357,0.3748983553425217,0.00016940776246416553,0.00010164465747830843,4.78622925413147
215,43.028685790527014,0.5,0.2,0.0,0.5,0.6248308997786134,0.37489853986716837,0.000169100221386414,0.00010146013283165257,4.78622925413147
216,43.22881921280854,0.5,0.2,0.0,0.5,0.624831206759807,0.3748987240558845,0.0001687932401928782,0.00010127594411552608,4.78622925413147
217,43.428952635090056,0.5,0.2,0.0,0.5,0.6248315131821265,0.3748989079092762,0.0001684868178733578,0.00010109209072380872,4.78622925413147
218,43.62908605737158,0.5,0.2,0.0,0.5,0.6248318190465797,0.37489909142794814,0.0001681809534201503,0.00010090857205187897,4.78622925413147
219,43.8292194796531,0.5,0.2,0.0,0.5,0.6248321243541718,0.3748992746125034,0.0001678756458280512,0.00010072538749661419,4.78622925413147
220,44.02935290193462,0.5,0.2,0.0,0.5,0.6248324291059055,0.37489945746354364,0.00016757089409435394,0.0001005425364563904,4.78622925413147
221,44.22948632421614,0.5,0.2,0.0,0.5,0.624832733302781,0.3748996399816689,0.00016726669721885004,0.00010036001833108251,4.78622925413147
222,44.429619746497664,0.5,0.2,0.0,0.5,0.6248330369457961,0.37489982216747797,0.00016696305420382885,0.00010017783252206413,4.78622925413147
223,44.62975316877918,0.5,0.2,0.0,0.5,0.6248333400359458,0.3749000040215678,0.00016665996405407774,9.999597843220773e-05,4.78622925413147
224,44.829886591060706,0.5,0.2,0.0,0.5,0.6248336425742229,0.37490018554453414,0.0001663574257768821,9.981445546588445e-05,4.78622925413147
225,45.030020013342224,0.5,0.2,0.0,0.5,0.6248339445616178,0.3749003667369711,0.00016605543838202523,9.963326302896433e-05,4.78622925413147
226,45.23015343562375,0.5,0.2,0.0,0.5,0.6248342459991181,0.3749005475994712,0.00016575400088178838,9.945240052881612e-05,4.78622925413147
227,45.430286857905266,0.5,0.2,0.0,0.5,0.6248345468877089,0.3749007281326257,0.00016545311229095082,9.927186737430737e-05,4.78622925413147
228,45.63042028018679,0.5,0.2,0.0,0.5,0.624834847228373,0.3749009083370242,0.00016515277162678976,9.909166297580441e-05,4.78622925413147
229,45.83055370246831,0.5,0.2,0.0,0.5,0.6248351470220908,0.37490108821325485,0.00016485297790908043,9.891178674517235e-05,4.78622925413147
230,46.03068712474983,0.5,0.2,0.0,0.5,0.6248354462698398,0.37490126776190424,0.00016455373016009594,9.873223809577509e-05,4.78622925413147
231,46.23082054703135,0.5,0.2,0.0,0.5,0.6248357449725952,0.37490144698355754,0.00016425502740460745,9.855301644247529e-05,4.78622925413147
232,46.430953969312874,0.5,0.2,0.0,0.5,0.62483604313133,0.3749016258787984,0.000163956868669884,9.83741212016344e-05,4.78622925413147
233,46.63108739159439,0.5,0.2,0.0,0.5,0.6248363407470141,0.3749018044482089,0.0001636592529856927,9.819555179111267e-05,4.78622925413147
234,46.831220813875916,0.5,0.2,0.0,0.5,0.6248366378206156,0.37490198269236974,0.00016336217938429855,9.801730763026913e-05,4.78622925413147
235,47.03135423615743,0.5,0.2,0.0,0.5,0.6248369343530994,0.37490216061186005,0.00016306564690046456,9.783938813996153e-05,4.78622925413147
236,47.23148765843896,0.5,0.2,0.0,0.5,0.6248372303454284,0.3749023382072575,0.0001627696545714517,9.766179274254649e-05,4.78622925413147
237,47.431621080720475,0.5,0.2,0.0,0.5,0.6248375257985629,0.37490251547913817,0.0001624742014370189,9.748452086187937e-05,4.78622925413147
238,47.631754503002,0.5,0.2,0.0,0.5,0.6248378207134604,0.3749026924280767,0.00016217928653942306,9.730757192331429e-05,4.78622925413147
239,47.83188792528352,0.5,0.2,0.0,0.5,0.6248381150910765,0.3749028690546463,0.00016188490892341906,9.713094535370417e-05,4.78622925413147
240,48.03202134756504,0.5,0.2,0.0,0.5,0.6248384089323636,0.3749030453594186,0.00016159106763625973,9.695464058140073e-05,4.78622925413147
241,48.23215476984656,0.5,0.2,0.0,0.5,0.6248387022382722,0.3749032213429638,0.00016129776172769586,9.677865703625444e-05,4.78622925413147
242,48.432288192128084,0.5,0.2,0.0,0.5,0.6248389950097498,0.3749033970058504,0.00016100499024997628,9.660299414961455e-05,4.78622925413147
243,48.6324216144096,0.5,0.2,0.0,0.5,0.624839287247742,0.3749035723486457,0.0001607127522578477,9.642765135432915e-05,4.78622925413147
244,48.832555036691126,0.5,0.2,0.0,0.5,0.6248395789531913,0.3749037473719153,0.0001604210468085548,9.625262808474503e-05,4.78622925413147
245,49.03268845897264,0.5,0.2,0.0,0.5,0.624839870127038,0.3749039220762233,0.00016012987296184036,9.60779237767078e-05,4.78622925413147
246,49.23282188125417,0.5,0.2,0.0,0.5,0.6248401607702199,0.37490409646213246,0.0001598392297799449,9.590353786756187e-05,4.78622925413147
247,49.432955303535685,0.5,0.2,0.0,0.5,0.6248404508836722,0.37490427053020386,0.00015954911632760715,9.57294697961504e-05,4.78622925413147
248,49.63308872581721,0.5,0.2,0.0,0.5,0.6248407404683278,0.37490444428099723,0.00015925953167206364,9.555571900281532e-05,4.78622925413147
249,49.83322214809873,0.5,0.2,0.0,0.5,0.6248410295251168,0.3749046177150706,0.00015897047488304896,9.53822849293974e-05,4.78622925413147
250,50.03335557038025,0.5,0.2,0.0,0.5,0.624841318054967,0.3749047908329808,0.00015868194503279557,9.52091670192361e-05,4.78622925413147
251,50.23348899266177,0.5,0.2,0.0,0.5,0.6248416060588038,0.37490496363528286,0.00015839394119603403,9.503636471716977e-05,4.78622925413147
252,50.433622414943294,0.5,0.2,0.0,0.5,0.6248418935375498,0.3749051361225305,0.00015810646244999278,9.486387746953544e-05,4.78622925413147
253,50.63375583722481,0.5,0.2,0.0,0.5,0.6248421804921255,0.37490530829527585,0.00015781950787439823,9.4691704724169e-05,4.78622925413147
254,50.833889259506336,0.5,0.2,0.0,0.5,0.6248424669234484,0.3749054801540696,0.0001575330765514748,9.451984593040506e-05,4.78622925413147
255,51.03402268178785,0.5,0.2,0.0,0.5,0.624842752832434,0.37490565169946094,0.00015724716756594485,9.434830053907706e-05,4.78622925413147
256,51.23415610406938,0.5,0.2,0.0,0.5,0.6248430382199949,0.37490582293199753,0.0001569617800050287,9.417706800251718e-05,4.78622925413147
257,51.4342895263509,0.5,0.2,0.0,0.5,0.6248433230870414,0.37490599385222545,0.00015667691295844464,9.400614777455642e-05,4.78622925413147
258,51.63442294863242,0.5,0.2,0.0,0.5,0.6248436074344814,0.3749061644606895,0.000156392565518409,9.383553931052453e-05,4.78622925413147
259,51.834556370913944,0.5,0.2,0.0,0.5,0.6248438912632203,0.3749063347579328,0.00015610873677963596,9.366524206725003e-05,4.78622925413147
260,52.03468979319546,0.5,0.2,0.0,0.5,0.6248441745741605,0.37490650474449694,0.00015582542583933776,9.349525550306028e-05,4.78622925413147
261,52.234823215476986,0.5,0.2,0.0,0.5,0.6248444573682026,0.37490667442092224,0.00015554263179722456,9.332557907778136e-05,4.78622925413147
262,52.4349566377585,0.5,0.2,0.0,0.5,0.6248447396462443,0.3749068437877473,0.00015526035375550452,9.315621225273817e-05,4.78622925413147
263,52.63509006004003,0.5,0.2,0.0,0.5,0.624845021409181,0.37490701284550926,0.00015497859081888373,9.298715449075437e-05,4.78622925413147
264,52.835223482321545,0.5,0.2,0.0,0.5,0.6248453026579053,0.3749071815947439,0.0001546973420945663,9.28184052561524e-05,4.78622925413147
265,53.03535690460307,0.5,0.2,0.0,0.5,0.6248455833933076,0.3749073500359853,0.00015441660669225426,9.26499640147535e-05,4.78622925413147
266,53.23549032688459,0.5,0.2,0.0,0.5,0.6248458636162757,0.37490751816976614,0.00015413638372414762,9.248183023387767e-05,4.78622925413147
267,53.43562374916611,0.5,0.2,0.0,0.5,0.624846143327695,0.37490768599661767,0.0001538566723049444,9.23140033823437e-05,4.78622925413147
268,53.63575717144763,0.5,0.2,0.0,0.5,0.624846422528448,0.37490785351706957,0.00015357747155184053,9.214648293046917e-05,4.78622925413147
269,53.835890593729154,0.5,0.2,0.0,0.5,0.6248467012194153,0.37490802073164997,0.0001532987805845299,9.197926835007043e-05,4.78622925413147
270,54.03602401601067,0.5,0.2,0.0,0.5,0.6248469794014746,0.37490818764088557,0.00015302059852520446,9.181235911446261e-05,4.78622925413147
271,54.236157438292196,0.5,0.2,0.0,0.5,0.6248472570755013,0.37490835424530156,0.00015274292449855405,9.164575469845962e-05,4.78622925413147
272,54.43629086057371,0.5,0.2,0.0,0.5,0.624847534242368,0.3749085205454217,0.0001524657576317665,9.147945457837415e-05,4.78622925413147
273,54.63642428285524,0.5,0.2,0.0,0.5,0.6248478109029453,0.374908686541768,0.0001521890970545276,9.13134582320177e-05,4.78622925413147
274,54.836557705136755,0.5,0.2,0.0,0.5,0.6248480870581008,0.3749088522348613,0.0001519129418990211,9.114776513870051e-05,4.78622925413147
275,55.03669112741828,0.5,0.2,0.0,0.5,0.6248483627086999,0.3749090176252208,0.00015163729129992877,9.098237477923162e-05,4.78622925413147
276,55.2368245496998,0.5,0.2,0.0,0.5,0.6248486378556054,0.3749091827133641,0.0001513621443944303,9.081728663591885e-05,4.78622925413147
277,55.43695797198132,0.5,0.2,0.0,0.5,0.6248489124996777,0.3749093474998075,0.00015108750032220334,9.06525001925688e-05,4.78622925413147
278,55.63709139426284,0.5,0.2,0.0,0.5,0.6248491866417745,0.37490951198506556,0.00015081335822542355,9.048801493448687e-05,4.78622925413147
279,55.837224816544364,0.5,0.2,0.0,0.5,0.6248494602827511,0.37490967616965154,0.00015053971724876452,9.032383034847719e-05,4.78622925413147
280,56.03735823882588,0.5,0.2,0.0,0.5,0.6248497334234605,0.3749098400540772,0.00015026657653939782,9.015994592284271e-05,4.78622925413147
281,56.237491661107406,0.5,0.2,0.0,0.5,0.6248500060647528,0.37491000363885263,0.00014999393524699304,8.999636114738519e-05,4.78622925413147
282,56.43762508338892,0.5,0.2,0.0,0.5,0.6248502782074762,0.37491016692448664,0.00014972179252371764,8.983307551340509e-05,4.78622925413147
283,56.63775850567045,0.5,0.2,0.0,0.5,0.6248505498524756,0.3749103299114863,0.0001494501475242371,8.967008851370171e-05,4.78622925413147
284,56.837891927951965,0.5,0.2,0.0,0.5,0.6248508210005941,0.37491049260035747,0.00014917899940571492,8.950739964257314e-05,4.78622925413147
285,57.03802535023349,0.5,0.2,0.0,0.5,0.62485109165304,0.374910654991825,0.00014890834695978485,8.934500817499961e-05,4.78622925413147
286,57.23815877251501,0.5,0.2,0.0,0.5,0.6248513618127569,0.3749108170876551,0.00014863818724291625,8.918291234486264e-05,4.78622925413147
287,57.43829219479653,0.5,0.2,0.0,0.5,0.6248516314809748,0.37491097888858593,0.00014836851902497452,8.902111141408144e-05,4.78622925413147
288,57.63842561707805,0.5,0.2,0.0,0.5,0.6248519006585993,0.3749111403951606,0.00014809934140050417,8.885960483938273e-05,4.78622925413147
289,57.83855903935957,0.5,0.2,0.0,0.5,0.6248521693465339,0.37491130160792135,0.00014783065346593238,8.86983920786228e-05,4.78622925413147
290,58.03869246164109,0.5,0.2,0.0,0.5,0.6248524375456802,0.3749114625274092,0.000147562454319569,8.853747259078754e-05,4.78622925413147
291,58.238825883922615,0.5,0.2,0.0,0.5,0.6248527052569381,0.374911623154164,0.0001472947430616066,8.837684583599252e-05,4.78622925413147
292,58.43895930620413,0.5,0.2,0.0,0.5,0.6248529724812056,0.3749117834887245,0.00014702751879412044,8.821651127548287e-05,4.78622925413147
293,58.63909272848566,0.5,0.2,0.0,0.5,0.6248532392193787,0.3749119435316284,0.0001467607806210684,8.805646837163333e-05,4.78622925413147
294,58.839226150767175,0.5,0.2,0.0,0.5,0.6248535054723515,0.37491210328341207,0.00014649452764829113,8.789671658794827e-05,4.78622925413147
295,59.0393595730487,0.5,0.2,0.0,0.5,0.6248537712410163,0.3749122627446109,0.00014622875898351195,8.773725538906165e-05,4.78622925413147
296,59.23949299533022,0.5,0.2,0.0,0.5,0.6248540365262635,0.37491242191575924,0.00014596347373633682,8.75780842407371e-05,4.78622925413147
297,59.43962641761174,0.5,0.2,0.0,0.5,0.6248543013289816,0.37491258079739015,0.00014569867101825443,8.741920260986779e-05,4.78622925413147
298,59.63975983989326,0.5,0.2,0.0,0.5,0.6248545656500571,0.3749127393900355,0.00014543434994263615,8.726060996447653e-05,4.78622925413147
299,59.83989326217478,0.5,0.2,0.0,0.5,0.6248548294903751,0.37491289769422625,0.00014517050962473604,8.710230577371576e-05,4.78622925413147
300,60.0400266844563,0.5,0.2,0.0,0.5,0.6248550928508181,0.3749130557104921,0.0001449071491816908,8.694428950786751e-05,4.78622925413147
301,60.240160106737825,0.5,0.2,0.0,0.5,0.6248553557322672,0.3749132134393617,0.0001446442677325199,8.678656063834344e-05,4.78622925413147
302,60.44029352901934,0.5,0.2,0.0,0.5,0.6248556181356016,0.37491337088136234,0.0001443818643981254,8.662911863768479e-05,4.78622925413147
303,60.64042695130087,0.5,0.2,0.0,0.5,0.6248558800616985,0.37491352803702044,0.00014411993830129214,8.647196297956246e-05,4.78622925413147
304,60.840560373582385,0.5,0.2,0.0,0.5,0.6248561415114331,0.3749136849068612,0.0001438584885666876,8.631509313877691e-05,4.78622925413147
305,61.04069379586391,0.5,0.2,0.0,0.5,0.624856402485679,0.3749138414914087,0.00014359751432086197,8.615850859125826e-05,4.78622925413147
306,61.24082721814543,0.5,0.2,0.0,0.5,0.6248566629853075,0.37491399779118595,0.00014333701469224807,8.600220881406621e-05,4.78622925413147
307,61.44096064042695,0.5,0.2,0.0,0.5,0.6248569230111887,0.3749141538067146,0.00014307698881116146,8.584619328539008e-05,4.78622925413147
308,61.64109406270847,0.5,0.2,0.0,0.5,0.62485718256419,0.37491430953851546,0.0001428174358098004,8.569046148454882e-05,4.78622925413147
309,61.84122748498999,0.5,0.2,0.0,0.5,0.6248574416451775,0.374914464987108,0.0001425583548222458,8.553501289199096e-05,4.78622925413147
310,62.04136090727151,0.5,0.2,0.0,0.5,0.6248577002550153,0.3749146201530107,0.00014229974498446122,8.537984698929466e-05,4.78622925413147
311,62.241494329553035,0.5,0.2,0.0,0.5,0.6248579583945655,0.3749147750367408,0.000142041605434293,8.522496325916768e-05,4.78622925413147
312,62.44162775183455,0.5,0.2,0.0,0.5,0.6248582160646883,0.37491492963881456,0.00014178393531147015,8.507036118544745e-05,4.78622925413147
313,62.64176117411608,0.5,0.2,0.0,0.5,0.6248584732662422,0.3749150839597469,0.0001415267337576043,8.491604025310091e-05,4.78622925413147
314,62.841894596397594,0.5,0.2,0.0,0.5,0.6248587300000836,0.3749152380000518,0.0001412699999161898,8.47619999482247e-05,4.78622925413147
315,63.04202801867912,0.5,0.2,0.0,0.5,0.6248589862670672,0.37491539176024197,0.00014101373293260371,8.460823975804503e-05,4.78622925413147
316,63.242161440960636,0.5,0.2,0.0,0.5,0.6248592420680457,0.3749155452408291,0.00014075793195410577,8.445475917091773e-05,4.78622925413147
317,63.44229486324216,0.5,0.2,0.0,0.5,0.6248594974038699,0.37491569844232364,0.00014050259612983834,8.430155767632824e-05,4.78622925413147
318,63.64242828552368,0.5,0.2,0.0,0.5,0.6248597522753889,0.3749158513652351,0.0001402477246108266,8.414863476489163e-05,4.78622925413147
319,63.8425617078052,0.5,0.2,0.0,0.5,0.6248600066834498,0.37491600401007164,0.0001399933165499783,8.399598992835256e-05,4.78622925413147
320,64.04269513008673,0.5,0.2,0.0,0.5,0.6248602606288978,0.37491615637734044,0.0001397393711020839,8.38436226595853e-05,4.78622925413147
321,64.24282855236824,0.5,0.2,0.0,0.5,0.6248605141125759,0.3749163084675474,0.00013948588742381662,8.369153245259376e-05,4.78622925413147
322,64.44296197464976,0.5,0.2,0.0,0.5,0.624860767135326,0.37491646028119746,0.00013923286467373226,8.353971880251144e-05,4.78622925413147
323,64.64309539693129,0.5,0.2,0.0,0.5,0.6248610196979876,0.3749166118187944,0.00013898030201226936,8.338818120560144e-05,4.78622925413147
324,64.84322881921281,0.5,0.2,0.0,0.5,0.624861271801398,0.37491676308084076,0.00013872819860174919,8.323691915925651e-05,4.78622925413147
325,65.04336224149432,0.5,0.2,0.0,0.5,0.6248615234463935,0.374916914067838,0.00013847655360637565,8.308593216199898e-05,4.78622925413147
326,65.24349566377585,0.5,0.2,0.0,0.5,0.6248617746338075,0.3749170647802865,0.0001382253661922353,8.29352197134808e-05,4.78622925413147
327,65.44362908605737,0.5,0.2,0.0,0.5,0.6248620253644726,0.37491721521868554,0.00013797463552729742,8.278478131448354e-05,4.78622925413147
328,65.6437625083389,0.5,0.2,0.0,0.5,0.6248622756392184,0.3749173653835331,0.00013772436078141403,8.263461646691839e-05,4.78622925413147
329,65.8438959306204,0.5,0.2,0.0,0.5,0.6248625254588734,0.3749175152753262,0.0001374745411263198,8.248472467382613e-05,4.78622925413147
330,66.04402935290193,0.5,0.2,0.0,0.5,0.6248627748242641,0.37491766489456063,0.00013722517573563203,8.233510543937715e-05,4.78622925413147
331,66.24416277518345,0.5,0.2,0.0,0.5,0.6248630237362149,0.37491781424173115,0.00013697626378485079,8.218575826887147e-05,4.78622925413147
332,66.44429619746498,0.5,0.2,0.0,0.5,0.6248632721955485,0.37491796331733124,0.00013672780445135878,8.203668266873872e-05,4.78622925413147
333,66.64442961974649,0.5,0.2,0.0,0.5,0.6248635202030853,0.37491811212185344,0.00013647979691442142,8.188787814653814e-05,4.78622925413147
334,66.84456304202801,0.5,0.2,0.0,0.5,0.6248637677596446,0.37491826065578904,0.00013623224035518678,8.173934421095858e-05,4.78622925413147
335,67.04469646430954,0.5,0.2,0.0,0.5,0.6248640148660431,0.3749184089196282,0.00013598513395668568,8.159108037181848e-05,4.78622925413147
336,67.24482988659106,0.5,0.2,0.0,0.5,0.6248642615230959,0.37491855691385995,0.00013573847690383155,8.144308614006595e-05,4.78622925413147
337,67.44496330887257,0.5,0.2,0.0,0.5,0.6248645077316164,0.3749187046389722,0.00013549226838342057,8.129536102777866e-05,4.78622925413147
338,67.6450967311541,0.5,0.2,0.0,0.5,0.6248647534924157,0.37491885209545184,0.00013524650758413157,8.114790454816391e-05,4.78622925413147
339,67.84523015343562,0.5,0.2,0.0,0.5,0.6248649988063033,0.3749189992837844,0.00013500119369652612,8.10007162155586e-05,4.78622925413147
340,68.04536357571715,0.5,0.2,0.0,0.5,0.6248652436740868,0.37491914620445455,0.00013475632591304838,8.085379554542926e-05,4.78622925413147
341,68.24549699799866,0.5,0.2,0.0,0.5,0.6248654880965717,0.3749192928579456,0.0001345119034280253,8.070714205437203e-05,4.78622925413147
342,68.44563042028018,0.5,0.2,0.0,0.5,0.6248657320745621,0.37491943924473986,0.00013426792543766642,8.056075526011266e-05,4.78622925413147
343,68.6457638425617,0.5,0.2,0.0,0.5,0.6248659756088597,0.3749195853653185,0.00013402439114006405,8.04146346815065e-05,4.78622925413147
344,68.84589726484323,0.5,0.2,0.0,0.5,0.6248662187002646,0.3749197312201615,0.00013378129973519315,8.026877983853852e-05,4.78622925413147
345,69.04603068712474,0.5,0.2,0.0,0.5,0.6248664613495749,0.3749198768097477,0.00013353865042491138,8.012319025232333e-05,4.78622925413147
346,69.24616410940627,0.5,0.2,0.0,0.5,0.6248667035575869,0.3749200221345549,0.00013329644241295908,7.997786544510508e-05,4.78622925413147
347,69.44629753168779,0.5,0.2,0.0,0.5,0.6248669453250948,0.3749201671950597,0.00013305467490495925,7.983280494025761e-05,4.78622925413147
348,69.64643095396931,0.5,0.2,0.0,0.5,0.6248671866528914,0.3749203119917377,0.0001328133471084176,7.968800826228433e-05,4.78622925413147
349,69.84656437625083,0.5,0.2,0.0,0.5,0.624867427541767,0.3749204565250632,0.0001325724582327226,7.954347493681829e-05,4.78622925413147
350,70.04669779853235,0.5,0.2,0.0,0.5,0.6248676679925107,0.3749206007955094,0.00013233200748914524,7.939920449062211e-05,4.78622925413147
351,70.24683122081387,0.5,0.2,0.0,0.5,0.624867908005909,0.3749207448035484,0.00013209199409083936,7.925519645158804e-05,4.78622925413147
352,70.4469646430954,0.5,0.2,0.0,0.5,0.624868147582747,0.3749208885496513,0.00013185241725284137,7.911145034873798e-05,4.78622925413147
353,70.64709806537691,0.5,0.2,0.0,0.5,0.6248683867238077,0.3749210320342878,0.00013161327619207048,7.89679657122234e-05,4.78622925413147
354,70.84723148765843,0.5,0.2,0.0,0.5,0.6248686254298724,0.3749211752579267,0.00013137457012732848,7.882474207332538e-05,4.78622925413147
355,71.04736490993996,0.5,0.2,0.0,0.5,0.6248688637017205,0.3749213182210355,0.00013113629827929987,7.868177896445463e-05,4.78622925413147
356,71.24749833222148,0.5,0.2,0.0,0.5,0.6248691015401292,0.37492146092408085,0.0001308984598705519,7.853907591915147e-05,4.78622925413147
357,71.44763175450299,0.5,0.2,0.0,0.5,0.6248693389458743,0.3749216033675279,0.00013066105412553447,7.839663247208584e-05,4.78622925413147
358,71.64776517678452,0.5,0.2,0.0,0.5,0.6248695759197292,0.37492174555184093,0.00013042408027058014,7.825444815905725e-05,4.78622925413147
359,71.84789859906604,0.5,0.2,0.0,0.5,0.6248698124624659,0.374921887477483,0.00013018753753390417,7.81125225169949e-05,4.78622925413147
360,72.04803202134757,0.5,0.2,0.0,0.5,0.6248700485748542,0.374922029144916,0.00012995142514560452,7.797085508395751e-05,4.78622925413147
361,72.24816544362908,0.5,0.2,0.0,0.5,0.6248702842576621,0.37492217055460086,0.00012971574233766188,7.782944539913349e-05,4.78622925413147
362,72.4482988659106,0.5,0.2,0.0,0.5,0.6248705195116558,0.37492231170699714,0.00012948048834393952,7.76882930028408e-05,4.78622925413147
363,72.64843228819213,0.5,0.2,0.0,0.5,0.6248707543375996,0.37492245260256346,0.00012924566240018345,7.754739743652707e-05,4.78622925413147
364,72.84856571047365,0.5,0.2,0.0,0.5,0.6248709887362558,0.37492259324175725,0.00012901126374402242,7.74067582427695e-05,4.78622925413147
365,73.04869913275516,0.5,0.2,0.0,0.5,0.6248712227083848,0.3749227336250347,0.00012877729161496783,7.726637496527494e-05,4.78622925413147
366,73.24883255503669,0.5,0.2,0.0,0.5,0.6248714562547454,0.3749228737528511,0.0001285437452544137,7.712624714887979e-05,4.78622925413147
367,73.44896597731821,0.5,0.2,0.0,0.5,0.6248716893760942,0.37492301362566044,0.00012831062390563684,7.698637433955012e-05,4.78622925413147
368,73.64909939959973,0.5,0.2,0.0,0.5,0.624871922073186,0.3749231532439156,0.00012807792681379665,7.684675608438159e-05,4.78622925413147
369,73.84923282188124,0.5,0.2,0.0,0.5,0.6248721543467739,0.3749232926080684,0.00012784565322593536,7.670739193159949e-05,4.78622925413147
370,74.04936624416277,0.5,0.2,0.0,0.5,0.6248723861976089,0.37492343171856946,0.0001276138023909777,7.656828143055868e-05,4.78622925413147
371,74.2494996664443,0.5,0.2,0.0,0.5,0.6248726176264401,0.3749235705758682,0.00012738237355973124,7.642942413174368e-05,4.78622925413147
372,74.44963308872582,0.5,0.2,0.0,0.5,0.6248728486340149,0.37492370918041323,0.00012715136598488613,7.62908195867686e-05,4.78622925413147
373,74.64976651100733,0.5,0.2,0.0,0.5,0.6248730792210788,0.3749238475326516,0.00012692077892101532,7.615246734837716e-05,4.78622925413147
374,74.84989993328885,0.5,0.2,0.0,0.5,0.6248733093883753,0.37492398563302953,0.00012669061162457436,7.601436697044268e-05,4.78622925413147
375,75.05003335557038,0.5,0.2,0.0,0.5,0.6248735391366459,0.37492412348199206,0.00012646086335390145,7.587651800796812e-05,4.78622925413147
376,75.2501667778519,0.5,0.2,0.0,0.5,0.6248737684666306,0.3749242610799829,0.00012623153336921764,7.573892001708606e-05,4.78622925413147
377,75.45030020013341,0.5,0.2,0.0,0.5,0.6248739973790671,0.37492439842744496,0.0001260026209326265,7.560157255505865e-05,4.78622925413147
378,75.65043362241494,0.5,0.2,0.0,0.5,0.6248742258746917,0.37492453552481975,0.00012577412530811435,7.546447518027766e-05,4.78622925413147
379,75.85056704469646,0.5,0.2,0.0,0.5,0.6248744539542382,0.37492467237254773,0.0001255460457615502,7.532762745226452e-05,4.78622925413147
380,76.05070046697799,0.5,0.2,0.0,0.5,0.6248746816184391,0.37492480897106834,0.00012531838156068577,7.519102893167022e-05,4.78622925413147
381,76.2508338892595,0.5,0.2,0.0,0.5,0.6248749088680247,0.3749249453208197,0.00012509113197515544,7.505467918027539e-05,4.78622925413147
382,76.45096731154102,0.5,0.2,0.0,0.5,0.6248751357037233,0.374925081422239,0.00012486429627647626,7.491857776099024e-05,4.78622925413147
383,76.65110073382255,0.5,0.2,0.0,0.5,0.6248753621262617,0.37492521727576217,0.00012463787373804798,7.478272423785464e-05,4.78622925413147
384,76.85123415610407,0.5,0.2,0.0,0.5,0.6248755881363647,0.37492535288182394,0.00012441186363515306,7.464711817603803e-05,4.78622925413147
385,77.0513675783856,0.5,0.2,0.0,0.5,0.6248758137347549,0.37492548824085814,0.00012418626524495662,7.451175914183948e-05,4.78622925413147
386,77.2515010006671,0.5,0.2,0.0,0.5,0.6248760389221533,0.3749256233532973,0.0001239610778465065,7.43766467026877e-05,4.78622925413147
387,77.45163442294863,0.5,0.2,0.0,0.5,0.6248762636992791,0.37492575821957286,0.00012373630072073317,7.424178042714096e-05,4.78622925413147
388,77.65176784523015,0.5,0.2,0.0,0.5,0.6248764880668494,0.3749258928401151,0.00012351193315044982,7.410715988488716e-05,4.78622925413147
389,77.85190126751168,0.5,0.2,0.0,0.5,0.6248767120255795,0.37492602721535323,0.00012328797442035235,7.397278464674382e-05,4.78622925413147
390,78.05203468979319,0.5,0.2,0.0,0.5,0.6248769355761827,0.3749261613457153,0.00012306442381701936,7.383865428465809e-05,4.78622925413147
391,78.25216811207471,0.5,0.2,0.0,0.5,0.6248771587193709,0.3749262952316283,0.000122841280628912,7.370476837170669e-05,4.78622925413147
392,78.45230153435624,0.5,0.2,0.0,0.5,0.6248773814558535,0.3749264288735179,0.00012261854414637432,7.357112648209596e-05,4.78622925413147
393,78.65243495663776,0.5,0.2,0.0,0.5,0.6248776037863382,0.3749265622718088,0.00012239621366163286,7.34377281911619e-05,4.78622925413147
394,78.85256837891927,0.5,0.2,0.0,0.5,0.624877825711531,0.37492669542692464,0.00012217428846879699,7.330457307537009e-05,4.78622925413147
395,79.0527018012008,0.5,0.2,0.0,0.5,0.6248780472321359,0.3749268283392877,0.00012195276786385865,7.317166071231569e-05,4.78622925413147
396,79.25283522348232,0.5,0.2,0.0,0.5,0.6248782683488551,0.37492696100931927,0.00012173165114469259,7.303899068072353e-05,4.78622925413147
397,79.45296864576385,0.5,0.2,0.0,0.5,0.6248784890623887,0.3749270934374396,0.00012151093761105613,7.2906562560448e-05,4.78622925413147
398,79.65310206804536,0.5,0.2,0.0,0.5,0.6248787093734353,0.37492722562406755,0.00012129062656458938,7.277437593247316e-05,4.78622925413147
399,79.85323549032688,0.5,0.2,0.0,0.5,0.624878929282691,0.3749273575696211,0.00012107071730881504,7.264243037891262e-05,4.78622925413147
400,80.0533689126084,0.5,0.2,0.0,0.5,0.6248791487908507,0.37492748927451697,0.00012085120914913857,7.251072548300963e-05,4.78622925413147
401,80.25350233488993,0.5,0.2,0.0,0.5,0.6248793678988278,0.37492762073930336,0.00012063210117195954,7.237926069660384e-05,4.78622925413147
402,80.45363575717144,0.5,0.2,0.0,0.5,0.6248795866085628,0.37492775196514444,0.00012041339143696386,7.224803485550617e-05,4.78622925413147
403,80.65376917945296,0.5,0.2,0.0,0.5,0.6248798049209765,0.3749278829525928,0.00012019507902323045,7.211704740716385e-05,4.78622925413147
404,80.85390260173449,0.5,0.2,0.0,0.5,0.6248800228367991,0.37492801370208645,0.00011997716320060592,7.198629791348484e-05,4.78622925413147
405,81.05403602401601,0.5,0.2,0.0,0.5,0.6248802403567593,0.3749281442140627,0.00011975964324045448,7.185578593728762e-05,4.78622925413147
406,81.25416944629752,0.5,0.2,0.0,0.5,0.624880457481584,0.37492827448895766,0.00011954251841565787,7.172551104230119e-05,4.78622925413147
407,81.45430286857905,0.5,0.2,0.0,0.5,0.6248806742119991,0.37492840452720677,0.00011932578800061539,7.159547279316513e-05,4.78622925413147
408,81.65443629086057,0.5,0.2,0.0,0.5,0.6248808905487285,0.3749285343292445,0.00011910945127124394,7.146567075542952e-05,4.78622925413147
409,81.8545697131421,0.5,0.2,0.0,0.5,0.6248811064924947,0.3749286638955044,0.00011889350750497797,7.133610449555503e-05,4.78622925413147
410,82.05470313542361,0.5,0.2,0.0,0.5,0.624881322044019,0.37492879322641903,0.00011867795598076952,7.120677358091281e-05,4.78622925413147
411,82.25483655770513,0.5,0.2,0.0,0.5,0.6248815372040206,0.37492892232242014,0.00011846279597908818,7.107767757978461e-05,4.78622925413147
412,82.45496997998666,0.5,0.2,0.0,0.5,0.6248817519732178,0.3749290511839386,0.00011824802678192109,7.094881606136269e-05,4.78622925413147
413,82.65510340226818,0.5,0.2,0.0,0.5,0.624881966352327,0.3749291798114042,0.00011803364767277298,7.082018859574985e-05,4.78622925413147
414,82.85523682454969,0.5,0.2,0.0,0.5,0.6248821803420631,0.374929308205246,0.0001178196579366662,7.069179475395944e-05,4.78622925413147
415,83.05537024683122,0.5,0.2,0.0,0.5,0.6248823939431396,0.37492943636589204,0.00011760605686014055,7.056363410791534e-05,4.78622925413147
416,83.25550366911274,0.5,0.2,0.0,0.5,0.6248826071562685,0.3749295642937695,0.0001173928437312535,7.0435706230452e-05,4.78622925413147
417,83.45563709139427,0.5,0.2,0.0,0.5,0.6248828199821602,0.37492969198930465,0.00011718001783958003,7.030801069531436e-05,4.78622925413147
418,83.65577051367578,0.5,0.2,0.0,0.5,0.6248830324215235,0.3749298194529228,0.00011696757847621277,7.018054707715796e-05,4.78622925413147
419,83.8559039359573,0.5,0.2,0.0,0.5,0.624883244475066,0.3749299466850484,0.00011675552493376179,7.005331495154882e-05,4.78622925413147
420,84.05603735823883,0.5,0.2,0.0,0.5,0.6248834561434934,0.374930073686105,0.00011654385650635483,6.992631389496355e-05,4.78622925413147
421,84.25617078052035,0.5,0.2,0.0,0.5,0.6248836674275101,0.37493020045651515,0.00011633257248963715,6.979954348478929e-05,4.78622925413147
422,84.45630420280186,0.5,0.2,0.0,0.5,0.624883878327819,0.37493032699670065,0.00011612167218077165,6.96730032993237e-05,4.78622925413147
423,84.65643762508338,0.5,0.2,0.0,0.5,0.6248840888451214,0.3749304533070822,0.00011591115487843868,6.9546692917775e-05,4.78622925413147
424,84.85657104736491,0.5,0.2,0.0,0.5,0.6248842989801169,0.37493057938807967,0.00011570101988283626,6.942061192026195e-05,4.78622925413147
425,85.05670446964643,0.5,0.2,0.0,0.5,0.6248845087335041,0.3749307052401121,0.00011549126649567992,6.929475988781382e-05,4.78622925413147
426,85.25683789192794,0.5,0.2,0.0,0.5,0.6248847181059796,0.3749308308635976,0.00011528189402020281,6.91691364023705e-05,4.78622925413147
427,85.45697131420947,0.5,0.2,0.0,0.5,0.6248849270982386,0.3749309562589532,0.00011507290176115557,6.904374104678232e-05,4.78622925413147
428,85.657104736491,0.5,0.2,0.0,0.5,0.6248851357109749,0.37493108142659515,0.0001148642890248065,6.891857340481021e-05,4.78622925413147
429,85.85723815877252,0.5,0.2,0.0,0.5,0.6248853439448808,0.37493120636693883,0.00011465605511894143,6.879363306112565e-05,4.78622925413147
430,86.05737158105403,0.5,0.2,0.0,0.5,0.6248855518006469,0.37493133108039867,0.00011444819935286372,6.866891960131063e-05,4.78622925413147
431,86.25750500333555,0.5,0.2,0.0,0.5,0.6248857592789624,0.3749314555673881,0.00011424072103739435,6.854443261185767e-05,4.78622925413147
432,86.45763842561708,0.5,0.2,0.0,0.5,0.6248859663805149,0.37493157982831976,0.00011403361948487184,6.842017168016988e-05,4.78622925413147
433,86.6577718478986,0.5,0.2,0.0,0.5,0.6248861731059906,0.3749317038636054,0.00011382689400915232,6.829613639456087e-05,4.78622925413147
434,86.85790527018011,0.5,0.2,0.0,0.5,0.6248863794560742,0.3749318276736557,0.00011362054392560943,6.817232634425483e-05,4.78622925413147
435,87.05803869246164,0.5,0.2,0.0,0.5,0.6248865854314486,0.37493195125888057,0.0001134145685511344,6.804874111938642e-05,4.78622925413147
436,87.25817211474316,0.5,0.2,0.0,0.5,0.6248867910327957,0.37493207461968897,0.00011320896720413605,6.792538031100091e-05,4.78622925413147
437,87.45830553702469,0.5,0.2,0.0,0.5,0.6248869962607952,0.3749321977564889,0.00011300373920454076,6.78022435110541e-05,4.78622925413147
438,87.6584389593062,0.5,0.2,0.0,0.5,0.624887201116126,0.3749323206696875,0.00011279888387379248,6.76793303124123e-05,4.78622925413147
439,87.85857238158772,0.5,0.2,0.0,0.5,0.6248874055994649,0.3749324433596911,0.00011259440053485267,6.755664030885238e-05,4.78622925413147
440,88.05870580386924,0.5,0.2,0.0,0.5,0.6248876097114876,0.3749325658269049,0.00011239028851220046,6.743417309506175e-05,4.78622925413147
441,88.25883922615077,0.5,0.2,0.0,0.5,0.6248878134528679,0.3749326880717333,0.00011218654713183247,6.731192826663838e-05,4.78622925413147
442,88.45897264843228,0.5,0.2,0.0,0.5,0.6248880168242785,0.37493281009457985,0.00011198317572126294,6.718990542009075e-05,4.78622925413147
443,88.6591060707138,0.5,0.2,0.0,0.5,0.6248882198263902,0.3749329318958471,0.00011178017360952364,6.706810415283787e-05,4.78622925413147
444,88.85923949299533,0.5,0.2,0.0,0.5,0.6248884224598726,0.37493305347593675,0.00011157754012716391,6.694652406320932e-05,4.78622925413147
445,89.05937291527685,0.5,0.2,0.0,0.5,0.6248886247253935,0.3749331748352495,0.0001113752746062507,6.682516475044526e-05,4.78622925413147
446,89.25950633755836,0.5,0.2,0.0,0.5,0.6248888266236193,0.37493329597418523,0.00011117337638036848,6.670402581469629e-05,4.78622925413147
447,89.45963975983989,0.5,0.2,0.0,0.5,0.6248890281552152,0.3749334168931429,0.0001109718447846193,6.658310685702363e-05,4.78622925413147
448,89.65977318212141,0.5,0.2,0.0,0.5,0.6248892293208441,0.37493353759252057,0.00011077067915562281,6.6462407479399e-05,4.78622925413147
449,89.85990660440294,0.5,0.2,0.0,0.5,0.6248894301211683,0.3749336580727152,0.00011056987883151619,6.63419272847047e-05,4.78622925413147
450,90.06004002668445,0.5,0.2,0.0,0.5,0.6248896305568478,0.3749337783341232,0.00011036944315195422,6.622166587673356e-05,4.78622925413147
451,90.26017344896597,0.5,0.2,0.0,0.5,0.6248898306285416,0.37493389837713975,0.00011016937145810922,6.610162286018889e-05,4.78622925413147
452,90.4603068712475,0.5,0.2,0.0,0.5,0.624890030336907,0.37493401820215927,0.00010996966309267108,6.598179784068462e-05,4.78622925413147
453,90.66044029352902,0.5,0.2,0.0,0.5,0.6248902296825999,0.3749341378095752,0.00010977031739984728,6.58621904247452e-05,4.78622925413147
454,90.86057371581053,0.5,0.2,0.0,0.5,0.6248904286662744,0.37493425719978013,0.00010957133372536288,6.574280021980562e-05,4.78622925413147
455,91.06070713809206,0.5,0.2,0.0,0.5,0.6248906272885832,0.37493437637316573,0.00010937271141646045,6.562362683421136e-05,4.78622925413147
456,91.26084056037358,0.5,0.2,0.0,0.5,0.6248908255501778,0.37493449533012274,0.00010917444982190017,6.55046698772185e-05,4.78622925413147
457,91.4609739826551,0.5,0.2,0.0,0.5,0.6248910234517078,0.37493461407104095,0.0001089765482919598,6.538592895899367e-05,4.78622925413147
458,91.66110740493662,0.5,0.2,0.0,0.5,0.6248912209938213,0.37493473259630933,0.00010877900617843466,6.5267403690614e-05,4.78622925413147
459,91.86124082721814,0.5,0.2,0.0,0.5,0.6248914181771651,0.3749348509063159,0.0001085818228346376,6.514909368406717e-05,4.78622925413147
460,92.06137424949966,0.5,0.2,0.0,0.5,0.6248916150023843,0.3749349690014477,0.00010838499761539909,6.503099855225142e-05,4.78622925413147
461,92.26150767178119,0.5,0.2,0.0,0.5,0.6248918114701227,0.374935086882091,0.00010818852987706712,6.49131179089755e-05,4.78622925413147
462,92.4616410940627,0.5,0.2,0.0,0.5,0.6248920075810223,0.374935204548631,0.00010799241897750734,6.479545136895874e-05,4.78622925413147
463,92.66177451634422,0.5,0.2,0.0,0.5,0.6248922033357237,0.37493532200145213,0.00010779666427610283,6.467799854783097e-05,4.78622925413147
464,92.86190793862575,0.5,0.2,0.0,0.5,0.624892398734866,0.3749354392409378,0.00010760126513375435,6.45607590621326e-05,4.78622925413147
465,93.06204136090727,0.5,0.2,0.0,0.5,0.6248925937790869,0.37493555626747066,0.00010740622091288019,6.444373252931454e-05,4.78622925413147
466,93.26217478318878,0.5,0.2,0.0,0.5,0.6248927884690223,0.3749356730814322,0.0001072115309774162,6.43269185677383e-05,4.78622925413147
467,93.46230820547031,0.5,0.2,0.0,0.5,0.6248929828053069,0.3749357896832033,0.0001070171946928158,6.421031679667586e-05,4.78622925413147
468,93.66244162775183,0.5,0.2,0.0,0.5,0.6248931767885737,0.3749359060731636,0.00010682321142605002,6.409392683630977e-05,4.78622925413147
469,93.86257505003336,0.5,0.2,0.0,0.5,0.6248933704194541,0.3749360222516922,0.0001066295805456074,6.397774830773315e-05,4.78622925413147
470,94.06270847231487,0.5,0.2,0.0,0.5,0.6248935636985783,0.374936138219167,0.00010643630142149408,6.386178083294963e-05,4.78622925413147
471,94.26284189459639,0.5,0.2,0.0,0.5,0.6248937566265745,0.3749362539759651,0.00010624337342523375,6.374602403487337e-05,4.78622925413147
472,94.46297531687792,0.5,0.2,0.0,0.5,0.6248939492040699,0.3749363695224626,0.0001060507959298677,6.36304775373291e-05,4.78622925413147
473,94.66310873915944,0.5,0.2,0.0,0.5,0.6248941414316898,0.3749364848590349,0.00010585856830995475,6.351514096505208e-05,4.78622925413147
474,94.86324216144095,0.5,0.2,0.0,0.5,0.6248943333100582,0.3749365999860563,0.00010566668994157134,6.340001394368812e-05,4.78622925413147
475,95.06337558372248,0.5,0.2,0.0,0.5,0.6248945248397975,0.3749367149039002,0.0001054751602023114,6.328509609979353e-05,4.78622925413147
476,95.263509006004,0.5,0.2,0.0,0.5,0.6248947160215285,0.3749368296129391,0.0001052839784712865,6.317038706083523e-05,4.78622925413147
477,95.46364242828552,0.5,0.2,0.0,0.5,0.6248949068558707,0.3749369441135448,0.00010509314412912575,6.305588645519061e-05,4.78622925413147
478,95.66377585056703,0.5,0.2,0.0,0.5,0.6248950973434417,0.3749370584060878,0.00010490265655797585,6.294159391214766e-05,4.78622925413147
479,95.86390927284856,0.5,0.2,0.0,0.5,0.6248952874848582,0.37493717249093805,0.00010471251514150103,6.282750906190485e-05,4.78622925413147
480,96.06404269513008,0.5,0.2,0.0,0.5,0.6248954772807349,0.3749372863684644,0.0001045227192648831,6.271363153557126e-05,4.78622925413147
481,96.26417611741161,0.5,0.2,0.0,0.5,0.624895666731685,0.3749374000390348,0.00010433326831482147,6.259996096516645e-05,4.78622925413147
482,96.46430953969312,0.5,0.2,0.0,0.5,0.6248958558383202,0.37493751350301635,0.0001041441616795331,6.248649698362057e-05,4.78622925413147
483,96.66444296197464,0.5,0.2,0.0,0.5,0.624896044601251,0.3749376267607752,0.00010395539874875246,6.237323922477427e-05,4.78622925413147
484,96.86457638425617,0.5,0.2,0.0,0.5,0.624896233021086,0.3749377398126766,0.0001037669789137317,6.226018732337876e-05,4.78622925413147
485,97.06470980653769,0.5,0.2,0.0,0.5,0.6248964210984325,0.37493785265908486,0.00010357890156724046,6.214734091509581e-05,4.78622925413147
486,97.2648432288192,0.5,0.2,0.0,0.5,0.6248966088338962,0.37493796530036344,0.00010339116610356597,6.203469963649769e-05,4.78622925413147
487,97.46497665110073,0.5,0.2,0.0,0.5,0.6248967962280813,0.3749380777368749,0.00010320377191851304,6.192226312506722e-05,4.78622925413147
488,97.66511007338225,0.5,0.2,0.0,0.5,0.6248969832815904,0.37493818996898076,0.00010301671840940402,6.18100310191978e-05,4.78622925413147
489,97.86524349566378,0.5,0.2,0.0,0.5,0.6248971699950246,0.37493830199704176,0.00010283000497507884,6.169800295819333e-05,4.78622925413147
490,98.06537691794529,0.5,0.2,0.0,0.5,0.6248973563689839,0.3749384138214177,0.00010264363101589504,6.158617858226827e-05,4.78622925413147
491,98.26551034022681,0.5,0.2,0.0,0.5,0.624897542404066,0.3749385254424674,0.00010245759593372764,6.14745575325476e-05,4.78622925413147
492,98.46564376250834,0.5,0.2,0.0,0.5,0.6248977281008677,0.3749386368605489,0.00010227189913196932,6.136313945106687e-05,4.78622925413147
493,98.66577718478986,0.5,0.2,0.0,0.5,0.6248979134599842,0.3749387480760192,0.00010208654001553027,6.125192398077214e-05,4.78622925413147
494,98.86591060707137,0.5,0.2,0.0,0.5,0.624898098482009,0.3749388590892344,0.00010190151799083829,6.114091076552005e-05,4.78622925413147
495,99.0660440293529,0.5,0.2,0.0,0.5,0.6248982831675339,0.37493896990054987,0.00010171683246583868,6.103009945007774e-05,4.78622925413147
496,99.26617745163442,0.5,0.2,0.0,0.5,0.6248984675171497,0.3749390805103198,0.0001015324828499944,6.091948968012292e-05,4.78622925413147
497,99.46631087391594,0.5,0.2,0.0,0.5,0.6248986515314454,0.3749391909188977,0.00010134846855428591,6.0809081102243824e-05,4.78622925413147
498,99.66644429619745,0.5,0.2,0.0,0.5,0.6248988352110085,0.37493930112663604,0.0001011647889912113,6.069887336393924e-05,4.78622925413147
499,99.86657771847898,0.5,0.2,0.0,0.5,0.6248990185564249,0.37493941113388635,0.00010098144357478612,6.0588866113618484e-05,4.78622925413147
500,100.0667111407605,0.5,0.2,0.0,0.5,0.6248992015682792,0.37493952094099936,0.00010079843172054361,6.047905900060142e-05,4.78622925413147
501,100.26684456304203,0.5,0.2,0.0,0.5,0.6248993842471542,0.37493963054832485,0.0001006157528455345,6.036945167511844e-05,4.78622925413147
502,100.46697798532354,0.5,0.2,0.0,0.5,0.6248995665936314,0.37493973995621166,0.00010043340636832715,6.026004378831052e-05,4.78622925413147
503,100.66711140760506,0.5,0.2,0.0,0.5,0.6248997486082908,0.3749398491650077,0.00010025139170900742,6.0150834992229105e-05,4.78622925413147
504,100.86724482988659,0.5,0.2,0.0,0.5,0.6248999302917105,0.3749399581750601,0.0001000697082891788,6.004182493983625e-05,4.78622925413147
505,101.06737825216811,0.5,0.2,0.0,0.5,0.6249001116444678,0.37494006698671495,9.988835553196229e-05,5.993301328500451e-05,4.78622925413147
506,101.26751167444962,0.5,0.2,0.0,0.5,0.6249002926671378,0.37494017560031745,9.970733286199651e-05,5.9824399682517004e-05,4.78622925413147
507,101.46764509673115,0.5,0.2,0.0,0.5,0.6249004733602943,0.3749402840162119,9.952663970543762e-05,5.971598378806737e-05,4.78622925413147
508,101.66777851901267,0.5,0.2,0.0,0.5,0.6249006537245098,0.3749403922347417,9.934627548995936e-05,5.9607765258259796e-05,4.78622925413147
509,101.8679119412942,0.5,0.2,0.0,0.5,0.624900833760355,0.37494050025624936,9.916623964475304e-05,5.949974375060902e-05,4.78622925413147
510,102.0680453635757,0.5,0.2,0.0,0.5,0.6249010134683992,0.37494060808107643,9.898653160052752e-05,5.939191892354032e-05,4.78622925413147
511,102.26817878585723,0.5,0.2,0.0,0.5,0.6249011928492102,0.37494071570956355,9.880715078950925e-05,5.9284290436389494e-05,4.78622925413147
512,102.46831220813876,0.5,0.2,0.0,0.5,0.6249013719033543,0.37494082314205057,9.862809664544224e-05,5.91768579494029e-05,4.78622925413147
513,102.66844563042028,0.5,0.2,0.0,0.5,0.6249015506313962,0.3749409303788762,9.844936860358807e-05,5.906962112373743e-05,4.78622925413147
514,102.8685790527018,0.5,0.2,0.0,0.5,0.6249017290338991,0.3749410374203785,9.827096610072589e-05,5.8962579621460524e-05,4.78622925413147
515,103.06871247498331,0.5,0.2,0.0,0.5,0.6249019071114246,0.3749411442668944,9.80928885751524e-05,5.885573310555016e-05,4.78622925413147
516,103.26884589726484,0.5,0.2,0.0,0.5,0.624902084864533,0.37494125091876007,9.791513546668191e-05,5.874908123989485e-05,4.78622925413147
517,103.46897931954636,0.5,0.2,0.0,0.5,0.6249022618601595,0.3749413571161351,9.773813984017157e-05,5.86428838649351e-05,4.78622925413147
518,103.66911274182789,0.5,0.2,0.0,0.5,0.6249024389859352,0.3749414633916011,9.756101406447929e-05,5.8536608398863295e-05,4.78622925413147
519,103.8692461641094,0.5,0.2,0.0,0.5,0.6249026157897026,0.3749415694738622,9.738421029711219e-05,5.843052613777711e-05,4.78622925413147
520,104.06937958639092,0.5,0.2,0.0,0.5,0.6249027922720669,0.3749416753632815,9.720772793278085e-05,5.832463671850265e-05,4.78622925413147
521,104.26951300867245,0.5,0.2,0.0,0.5,0.624902968433632,0.3749417810602212,9.703156636770698e-05,5.821893977877271e-05,4.78622925413147
522,104.46964643095397,0.5,0.2,0.0,0.5,0.6249031442750002,0.37494188656504274,9.685572499962099e-05,5.81134349572253e-05,4.78622925413147
523,104.66977985323548,0.5,0.2,0.0,0.5,0.6249033197967719,0.37494199187810656,9.668020322775936e-05,5.800812189340207e-05,4.78622925413147
524,104.869913275517,0.5,0.2,0.0,0.5,0.6249034949995469,0.3749420969997722,9.650500045286214e-05,5.7903000227746815e-05,4.78622925413147
525,105.07004669779853,0.5,0.2,0.0,0.5,0.6249036698839225,0.3749422019303984,9.633011607717043e-05,5.779806960160396e-05,4.78622925413147
526,105.27018012008006,0.5,0.2,0.0,0.5,0.6249038444504953,0.3749423066703428,9.615554950442382e-05,5.769332965721702e-05,4.78622925413147
527,105.47031354236157,0.5,0.2,0.0,0.5,0.6249040186998599,0.37494241121996225,9.59813001398579e-05,5.7588780037727124e-05,4.78622925413147
528,105.67044696464309,0.5,0.2,0.0,0.5,0.6249041926326095,0.37494251557961283,9.580736739020161e-05,5.7484420387171384e-05,4.78622925413147
529,105.87058038692462,0.5,0.2,0.0,0.5,0.6249043662493361,0.3749426197496495,9.563375066367487e-05,5.7380250350481525e-05,4.78622925413147
530,106.07071380920614,0.5,0.2,0.0,0.5,0.6249045395506297,0.37494272373042653,9.546044936998592e-05,5.727626957348225e-05,4.78622925413147
531,106.27084723148765,0.5,0.2,0.0,0.5,0.6249047125370794,0.3749428275222971,9.528746292032883e-05,5.7172477702889765e-05,4.78622925413147
532,106.47098065376917,0.5,0.2,0.0,0.5,0.6249048852092723,0.37494293112561367,9.511479072738095e-05,5.7068874386310234e-05,4.78622925413147
533,106.6711140760507,0.5,0.2,0.0,0.5,0.6249050575677945,0.37494303454072775,9.49424322053004e-05,5.69654592722383e-05,4.78622925413147
534,106.87124749833222,0.5,0.2,0.0,0.5,0.62490522961323,0.37494313776798993,9.477038676972352e-05,5.686223201005552e-05,4.78622925413147
535,107.07138092061373,0.5,0.2,0.0,0.5,0.624905401346162,0.37494324080774993,9.459865383776233e-05,5.6759192250028874e-05,4.78622925413147
536,107.27151434289526,0.5,0.2,0.0,0.5,0.6249055727671717,0.3749433436603567,9.442723282800195e-05,5.6656339643309206e-05,4.78622925413147
537,107.47164776517678,0.5,0.2,0.0,0.5,0.6249057438768393,0.37494344632615806,9.42561231604982e-05,5.655367384192974e-05,4.78622925413147
538,107.67178118745831,0.5,0.2,0.0,0.5,0.624905914675743,0.3749435488055012,9.40853242567749e-05,5.645119449880456e-05,4.78622925413147
539,107.87191460973982,0.5,0.2,0.0,0.5,0.6249060851644599,0.37494365109873223,9.39148355398215e-05,5.6348901267727065e-05,4.78622925413147
540,108.07204803202134,0.5,0.2,0.0,0.5,0.6249062553435656,0.3749437532061966,9.374465643409037e-05,5.6246793803368445e-05,4.78622925413147
541,108.27218145430287,0.5,0.2,0.0,0.5,0.6249064252136343,0.3749438551282387,9.357478636549438e-05,5.6144871761276187e-05,4.78622925413147
542,108.47231487658439,0.5,0.2,0.0,0.5,0.6249065947752384,0.3749439568652021,9.340522476140436e-05,5.604313479787254e-05,4.78622925413147
543,108.6724482988659,0.5,0.2,0.0,0.5,0.6249067640289491,0.37494405841742956,9.323597105064652e-05,5.5941582570453004e-05,4.78622925413147
544,108.87258172114743,0.5,0.2,0.0,0.5,0.6249069329753363,0.3749441597852628,9.306702466349993e-05,5.584021473718476e-05,4.78622925413147
545,109.07271514342895,0.5,0.2,0.0,0.5,0.624907101614968,0.3749442609690429,9.289838503169402e-05,5.573903095710522e-05,4.78622925413147
546,109.27284856571048,0.5,0.2,0.0,0.5,0.6249072699484113,0.37494436196910985,9.273005158840598e-05,5.5638030890120484e-05,4.78622925413147
547,109.47298198799199,0.5,0.2,0.0,0.5,0.6249074379762315,0.37494446278580296,9.256202376825832e-05,5.553721419700378e-05,4.78622925413147
548,109.67311541027351,0.5,0.2,0.0,0.5,0.6249076056989924,0.3749445634194606,9.23943010073162e-05,5.5436580539393965e-05,4.78622925413147
549,109.87324883255503,0.5,0.2,0.0,0.5,0.6249077731172566,0.3749446638704202,9.222688274308499e-05,5.533612957979404e-05,4.78622925413147
550,110.07338225483656,0.5,0.2,0.0,0.5,0.6249079402315852,0.3749447641390184,9.205976841450777e-05,5.5235860981569584e-05,4.78622925413147
551,110.27351567711807,0.5,0.2,0.0,0.5,0.6249081070425377,0.37494486422559103,9.18929574619627e-05,5.513577440894725e-05,4.78622925413147
552,110.4736490993996,0.5,0.2,0.0,0.5,0.6249082735506725,0.37494496413047296,9.17264493272605e-05,5.503586952701323e-05,4.78622925413147
553,110.67378252168112,0.5,0.2,0.0,0.5,0.6249084397565461,0.3749450638539983,9.156024345364195e-05,5.4936146001711755e-05,4.78622925413147
554,110.87391594396264,0.5,0.2,0.0,0.5,0.6249086056607139,0.37494516339650014,9.13943392857754e-05,5.483660349984356e-05,4.78622925413147
555,111.07404936624415,0.5,0.2,0.0,0.5,0.62490877126373,0.3749452627583109,9.122873626975414e-05,5.4737241689064386e-05,4.78622925413147
556,111.27418278852568,0.5,0.2,0.0,0.5,0.6249089365661467,0.3749453619397621,9.106343385309386e-05,5.46380602378834e-05,4.78622925413147
557,111.4743162108072,0.5,0.2,0.0,0.5,0.624909101568515,0.3749454609411843,9.089843148473023e-05,5.453905881566175e-05,4.78622925413147
558,111.67444963308873,0.5,0.2,0.0,0.5,0.6249092662713847,0.3749455597629074,9.073372861501625e-05,5.444023709261099e-05,4.78622925413147
559,111.87458305537024,0.5,0.2,0.0,0.5,0.624909430675304,0.3749456584052602,9.056932469571978e-05,5.4341594739791595e-05,4.78622925413147
560,112.07471647765176,0.5,0.2,0.0,0.5,0.6249095947808198,0.3749457568685709,9.040521918002097e-05,5.4243131429111384e-05,4.78622925413147
561,112.27484989993329,0.5,0.2,0.0,0.5,0.6249097585884772,0.37494585515316664,9.024141152250975e-05,5.414484683332407e-05,4.78622925413147
562,112.47498332221481,0.5,0.2,0.0,0.5,0.6249099220988206,0.37494595325937397,9.007790117918325e-05,5.404674062602769e-05,4.78622925413147
563,112.67511674449632,0.5,0.2,0.0,0.5,0.6249100853123923,0.37494605118751834,8.991468760744336e-05,5.3948812481663104e-05,4.78622925413147
564,112.87525016677785,0.5,0.2,0.0,0.5,0.6249102482297336,0.3749461489379245,8.975177026609405e-05,5.385106207551246e-05,4.78622925413147
565,113.07538358905937,0.5,0.2,0.0,0.5,0.6249104108513844,0.3749462465109163,8.958914861533897e-05,5.375348908369769e-05,4.78622925413147
566,113.2755170113409,0.5,0.2,0.0,0.5,0.6249105731778829,0.3749463439068168,8.942682211677888e-05,5.365609318317898e-05,4.78622925413147
567,113.4756504336224,0.5,0.2,0.0,0.5,0.6249107352097664,0.3749464411259482,8.926479023340906e-05,5.355887405175326e-05,4.78622925413147
568,113.67578385590393,0.5,0.2,0.0,0.5,0.6249108969475701,0.37494653816863194,8.910305242961678e-05,5.346183136805264e-05,4.78622925413147
569,113.87591727818545,0.5,0.2,0.0,0.5,0.6249110583918286,0.37494663503518844,8.894160817117885e-05,5.336496481154294e-05,4.78622925413147
570,114.07605070046698,0.5,0.2,0.0,0.5,0.6249112195430745,0.37494673172593745,8.878045692525904e-05,5.326827406252216e-05,4.78622925413147
571,114.27618412274849,0.5,0.2,0.0,0.5,0.6249113804018394,0.37494682824119785,8.86195981604055e-05,5.3171758802118934e-05,4.78622925413147
572,114.47631754503001,0.5,0.2,0.0,0.5,0.6249115409686532,0.3749469245812877,8.845903134654823e-05,5.3075418712291025e-05,4.78622925413147
573,114.67645096731154,0.5,0.2,0.0,0.5,0.6249117012440447,0.37494702074652414,8.829875595499667e-05,5.2979253475823795e-05,4.78622925413147
574,114.87658438959306,0.5,0.2,0.0,0.5,0.6249118612285413,0.37494711673722364,8.813877145843697e-05,5.2883262776328713e-05,4.78622925413147
575,115.07671781187457,0.5,0.2,0.0,0.5,0.6249120209226688,0.3749472125537017,8.797907733092964e-05,5.2787446298241806e-05,4.78622925413147
576,115.2768512341561,0.5,0.2,0.0,0.5,0.6249121803269518,0.37494730819627314,8.781967304790684e-05,5.269180372682212e-05,4.78622925413147
577,115.47698465643762,0.5,0.2,0.0,0.5,0.6249123394419136,0.3749474036652518,8.766055808617002e-05,5.2596334748150236e-05,4.78622925413147
578,115.67711807871915,0.5,0.2,0.0,0.5,0.6249124982680758,0.37494749896095086,8.750173192388725e-05,5.2501039049126757e-05,4.78622925413147
579,115.87725150100066,0.5,0.2,0.0,0.5,0.6249126568059591,0.3749475940836825,8.734319404059073e-05,5.2405916317470743e-05,4.78622925413147
580,116.07738492328218,0.5,0.2,0.0,0.5,0.6249128150560825,0.37494768903375825,8.718494391717428e-05,5.231096624171821e-05,4.78622925413147
581,116.2775183455637,0.5,0.2,0.0,0.5,0.6249129730189639,0.37494778381148874,8.702698103589076e-05,5.221618851122061e-05,4.78622925413147
582,116.47765176784523,0.5,0.2,0.0,0.5,0.6249131306951193,0.37494787841718386,8.68693048803496e-05,5.2121582816143326e-05,4.78622925413147
583,116.67778519012674,0.5,0.2,0.0,0.5,0.6249132880850642,0.3749479728511525,8.67119149355142e-05,5.202714884746414e-05,4.78622925413147
584,116.87791861240827,0.5,0.2,0.0,0.5,0.624913445189312,0.374948067113703,8.655481068769936e-05,5.193288629697168e-05,4.78622925413147
585,117.07805203468979,0.5,0.2,0.0,0.5,0.6249136020083752,0.37494816120514274,8.639799162456888e-05,5.1838794857263946e-05,4.78622925413147
586,117.27818545697131,0.5,0.2,0.0,0.5,0.6249137585427645,0.37494825512577823,8.624145723513294e-05,5.174487422174676e-05,4.78622925413147
587,117.47831887925283,0.5,0.2,0.0,0.5,0.62491391479299,0.3749483488759153,8.608520700974555e-05,5.165112408463228e-05,4.78622925413147
588,117.67845230153435,0.5,0.2,0.0,0.5,0.6249140707595596,0.37494844245585907,8.592924044010202e-05,5.155754414093741e-05,4.78622925413147
589,117.87858572381587,0.5,0.2,0.0,0.5,0.6249142264429804,0.3749485358659135,8.577355701923645e-05,5.146413408648234e-05,4.78622925413147
590,118.0787191460974,0.5,0.2,0.0,0.5,0.6249143818437582,0.3749486291063821,8.561815624151921e-05,5.137089361788903e-05,4.78622925413147
591,118.27885256837891,0.5,0.2,0.0,0.5,0.6249145369623971,0.3749487221775674,8.54630376026544e-05,5.127782243257964e-05,4.78622925413147
592,118.47898599066043,0.5,0.2,0.0,0.5,0.6249146917994001,0.37494881507977124,8.53082005996772e-05,5.1184920228775034e-05,4.78622925413147
593,118.67911941294196,0.5,0.2,0.0,0.5,0.6249148463552687,0.3749489078132945,8.515364473095152e-05,5.109218670549327e-05,4.78622925413147
594,118.87925283522348,0.5,0.2,0.0,0.5,0.6249150006305035,0.3749490003784374,8.499936949616736e-05,5.099962156254806e-05,4.78622925413147
595,119.07938625750499,0.5,0.2,0.0,0.5,0.6249151546256034,0.3749490927754994,8.484537439633826e-05,5.090722450054727e-05,4.78622925413147
596,119.27951967978652,0.5,0.2,0.0,0.5,0.6249153083410659,0.3749491850047791,8.469165893379882e-05,5.0814995220891366e-05,4.78622925413147
597,119.47965310206804,0.5,0.2,0.0,0.5,0.6249154617773875,0.3749492770665742,8.45382226122021e-05,5.072293342577193e-05,4.78622925413147
598,119.67978652434957,0.5,0.2,0.0,0.5,0.6249156149350632,0.3749493689611818,8.438506493651721e-05,5.063103881817012e-05,4.78622925413147
599,119.87991994663108,0.5,0.2,0.0,0.5,0.6249157678145867,0.3749494606888981,8.42321854130266e-05,5.053931110185514e-05,4.78622925413147
600,120.0800533689126,0.5,0.2,0.0,0.5,0.6249159204164504,0.3749495522500186,8.407958354932363e-05,5.044774998138272e-05,4.78622925413147
601,120.28018679119413,0.5,0.2,0.0,0.5,0.6249160727411455,0.3749496436448379,8.392725885431006e-05,5.035635516209364e-05,4.78622925413147
602,120.48032021347565,0.5,0.2,0.0,0.5,0.6249162247891615,0.37494973487364985,8.377521083819344e-05,5.026512635011214e-05,4.78622925413147
603,120.68045363575716,0.5,0.2,0.0,0.5,0.6249163765609872,0.37494982593674764,8.362343901248463e-05,5.0174063252344454e-05,4.78622925413147
604,120.88058705803869,0.5,0.2,0.0,0.5,0.6249165280571097,0.3749499168344235,8.347194288999521e-05,5.008316557647724e-05,4.78622925413147
605,121.08072048032021,0.5,0.2,0.0,0.5,0.6249166792780149,0.374950007566969,8.332072198483499e-05,4.9992433030976106e-05,4.78622925413147
606,121.28085390260173,0.5,0.2,0.0,0.5,0.6249168302241873,0.3749500981346749,8.316977581240949e-05,4.990186532508407e-05,4.78622925413147
607,121.48098732488324,0.5,0.2,0.0,0.5,0.6249169808961104,0.3749501885378312,8.301910388941736e-05,4.9811462168820034e-05,4.78622925413147
608,121.68112074716477,0.5,0.2,0.0,0.5,0.6249171312942658,0.374950278776727,8.286870573384782e-05,4.972122327297725e-05,4.78622925413147
609,121.8812541694463,0.5,0.2,0.0,0.5,0.6249172814191347,0.37495036885165084,8.271858086497823e-05,4.963114834912183e-05,4.78622925413147
610,122.08138759172782,0.5,0.2,0.0,0.5,0.6249174312711964,0.3749504587628904,8.256872880337148e-05,4.954123710959121e-05,4.78622925413147
611,122.28152101400933,0.5,0.2,0.0,0.5,0.6249175808509289,0.3749505485107325,8.241914907087341e-05,4.945148926749264e-05,4.78622925413147
612,122.48165443629085,0.5,0.2,0.0,0.5,0.6249177301588091,0.3749506380954633,8.226984119061041e-05,4.9361904536701614e-05,4.78622925413147
613,122.68178785857238,0.5,0.2,0.0,0.5,0.6249178791953127,0.37495072751736813,8.212080468698674e-05,4.927248263186042e-05,4.78622925413147
614,122.8819212808539,0.5,0.2,0.0,0.5,0.624918027960914,0.3749508167767316,8.19720390856821e-05,4.918322326837658e-05,4.78622925413147
615,123.08205470313541,0.5,0.2,0.0,0.5,0.624918176456086,0.37495090587383756,8.182354391364906e-05,4.9094126162421325e-05,4.78622925413147
616,123.28218812541694,0.5,0.2,0.0,0.5,0.6249183246813006,0.37495099480896904,8.167531869911046e-05,4.900519103092808e-05,4.78622925413147
617,123.48232154769846,0.5,0.2,0.0,0.5,0.6249184726370282,0.3749510835824084,8.1527362971557e-05,4.8916417591590956e-05,4.78622925413147
618,123.68245496997999,0.5,0.2,0.0,0.5,0.624918620323738,0.37495117219443713,8.137967626174462e-05,4.882780556286322e-05,4.78622925413147
619,123.8825883922615,0.5,0.2,0.0,0.5,0.624918767741898,0.374951260645336,8.123225810169201e-05,4.873935466395577e-05,4.78622925413147
620,124.08272181454302,0.5,0.2,0.0,0.5,0.624918914891975,0.3749513489353852,8.108510802467795e-05,4.865106461483561e-05,4.78622925413147
621,124.28285523682455,0.5,0.2,0.0,0.5,0.6249190617744345,0.3749514370648638,8.0938225565239e-05,4.856293513622433e-05,4.78622925413147
622,124.48298865910607,0.5,0.2,0.0,0.5,0.6249192083897406,0.3749515250340504,8.079161025916676e-05,4.8474965949596606e-05,4.78622925413147
623,124.68312208138758,0.5,0.2,0.0,0.5,0.6249193547383562,0.3749516128432228,8.064526164350544e-05,4.8387156777178665e-05,4.78622925413147
624,124.8832555036691,0.5,0.2,0.0,0.5,0.6249195008207432,0.374951700492658,8.04991792565493e-05,4.829950734194673e-05,4.78622925413147
625,125.08338892595063,0.5,0.2,0.0,0.5,0.6249196466373619,0.37495178798263235,8.03533626378401e-05,4.821201736762557e-05,4.78622925413147
626,125.28352234823215,0.5,0.2,0.0,0.5,0.6249197921886716,0.3749518753134213,8.020781132816456e-05,4.8124686578686925e-05,4.78622925413147
627,125.48365577051366,0.5,0.2,0.0,0.5,0.6249199374751302,0.37495196248529966,8.006252486955192e-05,4.803751470034799e-05,4.78622925413147
628,125.68378919279519,0.5,0.2,0.0,0.5,0.6249200824971944,0.37495204949854144,7.991750280527124e-05,4.79505014585699e-05,4.78622925413147
629,125.88392261507671,0.5,0.2,0.0,0.5,0.6249202272553199,0.37495213635341995,7.977274467982897e-05,4.786364658005623e-05,4.78622925413147
630,126.08405603735824,0.5,0.2,0.0,0.5,0.6249203717499607,0.37495222305020776,7.962825003896645e-05,4.777694979225146e-05,4.78622925413147
631,126.28418945963975,0.5,0.2,0.0,0.5,0.6249205159815701,0.37495230958917664,7.948401842965727e-05,4.7690410823339424e-05,4.78622925413147
632,126.48432288192127,0.5,0.2,0.0,0.5,0.6249206599505996,0.37495239597059776,7.934004940010478e-05,4.760402940224182e-05,4.78622925413147
633,126.6844563042028,0.5,0.2,0.0,0.5,0.6249208036576522,0.3749524821948328,7.919634234738633e-05,4.75178051671964e-05,4.78622925413147
634,126.88458972648432,0.5,0.2,0.0,0.5,0.6249209471040184,0.374952568262656,7.905289598123037e-05,4.743173734399386e-05,4.78622925413147
635,127.08472314876583,0.5,0.2,0.0,0.5,0.6249210902902956,0.3749526541744259,7.890970970397351e-05,4.7345825574027654e-05,4.78622925413147
636,127.28485657104736,0.5,0.2,0.0,0.5,0.624921233216956,0.3749527399304259,7.876678304362203e-05,4.726006957409985e-05,4.78622925413147
637,127.48498999332888,0.5,0.2,0.0,0.5,0.6249213758844705,0.3749528255309384,7.862411552915255e-05,4.717446906159472e-05,4.78622925413147
638,127.6851234156104,0.5,0.2,0.0,0.5,0.6249215182933091,0.3749529109762455,7.848170669050848e-05,4.708902375447657e-05,4.78622925413147
639,127.88525683789192,0.5,0.2,0.0,0.5,0.624921660443941,0.3749529962666287,7.833955605859646e-05,4.700373337128767e-05,4.78622925413147
640,128.08539026017345,0.5,0.2,0.0,0.5,0.6249218023368344,0.3749530814023688,7.81976631652829e-05,4.691859763114607e-05,4.78622925413147
641,128.28552368245496,0.5,0.2,0.0,0.5,0.6249219439724563,0.3749531663837462,7.80560275433904e-05,4.683361625374361e-05,4.78622925413147
642,128.48565710473648,0.5,0.2,0.0,0.5,0.6249220853512729,0.3749532512110406,7.79146487266943e-05,4.674878895934366e-05,4.78622925413147
643,128.685790527018,0.5,0.2,0.0,0.5,0.6249222264737497,0.37495333588453117,7.777352624991898e-05,4.666411546877909e-05,4.78622925413147
644,128.88592394929952,0.5,0.2,0.0,0.5,0.6249223673403509,0.37495342040449653,7.763265964873465e-05,4.657959550345018e-05,4.78622925413147
645,129.08605737158106,0.5,0.2,0.0,0.5,0.6249225079515399,0.37495350477121464,7.749204845975347e-05,4.649522878532241e-05,4.78622925413147
646,129.28619079386257,0.5,0.2,0.0,0.5,0.6249226483077791,0.37495358898496306,7.735169222052631e-05,4.641101503692446e-05,4.78622925413147
647,129.48632421614408,0.5,0.2,0.0,0.5,0.6249227884095301,0.3749536730460186,7.721159046953906e-05,4.632695398134598e-05,4.78622925413147
648,129.68645763842562,0.5,0.2,0.0,0.5,0.6249229282572534,0.3749537569546577,7.707174274620914e-05,4.6243045342235565e-05,4.78622925413147
649,129.88659106070713,0.5,0.2,0.0,0.5,0.6249230678514087,0.37495384071115617,7.693214859088203e-05,4.615928884379862e-05,4.78622925413147
650,130.08672448298864,0.5,0.2,0.0,0.5,0.6249232071924548,0.37495392431578917,7.679280754482773e-05,4.607568421079521e-05,4.78622925413147
651,130.28685790527018,0.5,0.2,0.0,0.5,0.6249233462808494,0.3749540077688314,7.665371915023714e-05,4.599223116853796e-05,4.78622925413147
652,130.4869913275517,0.5,0.2,0.0,0.5,0.6249234851170494,0.37495409107055705,7.651488295021868e-05,4.5908929442890004e-05,4.78622925413147
653,130.68712474983323,0.5,0.2,0.0,0.5,0.6249236237015109,0.3749541742212397,7.637629848879468e-05,4.5825778760262754e-05,4.78622925413147
654,130.88725817211474,0.5,0.2,0.0,0.5,0.6249237620346887,0.37495425722115233,7.623796531089789e-05,4.57427788476139e-05,4.78622925413147
655,131.08739159439625,0.5,0.2,0.0,0.5,0.6249239001170372,0.3749543400705675,7.60998829623679e-05,4.565992943244522e-05,4.78622925413147
656,131.2875250166778,0.5,0.2,0.0,0.5,0.6249240379490096,0.37495442276975716,7.596205098994767e-05,4.557723024280047e-05,4.78622925413147
657,131.4876584389593,0.5,0.2,0.0,0.5,0.6249241755310584,0.3749545053189927,7.582446894128007e-05,4.549468100726335e-05,4.78622925413147
658,131.6877918612408,0.5,0.2,0.0,0.5,0.6249243128636347,0.374954587718545,7.568713636490415e-05,4.541228145495529e-05,4.78622925413147
659,131.88792528352235,0.5,0.2,0.0,0.5,0.6249244499471894,0.37495466996868443,7.555005281025182e-05,4.5330031315533345e-05,4.78622925413147
660,132.08805870580386,0.5,0.2,0.0,0.5,0.624924586782172,0.37495475206968076,7.541321782764429e-05,4.524793031918819e-05,4.78622925413147
661,132.2881921280854,0.5,0.2,0.0,0.5,0.6249247233690314,0.3749548340218033,7.527663096828842e-05,4.516597819664185e-05,4.78622925413147
662,132.4883255503669,0.5,0.2,0.0,0.5,0.6249248597082153,0.3749549158253208,7.514029178427335e-05,4.508417467914573e-05,4.78622925413147
663,132.68845897264842,0.5,0.2,0.0,0.5,0.624924995800171,0.3749549974805015,7.500419982856692e-05,4.500251949847838e-05,4.78622925413147
664,132.88859239492996,0.5,0.2,0.0,0.5,0.6249251316453446,0.37495507898761304,7.486835465501204e-05,4.4921012386943446e-05,4.78622925413147
665,133.08872581721147,0.5,0.2,0.0,0.5,0.6249252672441813,0.3749551603469226,7.473275581832339e-05,4.483965307736757e-05,4.78622925413147
666,133.28885923949298,0.5,0.2,0.0,0.5,0.6249254025971256,0.37495524155869686,7.459740287408371e-05,4.475844130309823e-05,4.78622925413147
667,133.48899266177452,0.5,0.2,0.0,0.5,0.6249255377046209,0.37495532262320197,7.446229537874029e-05,4.467737679800163e-05,4.78622925413147
668,133.68912608405603,0.5,0.2,0.0,0.5,0.6249256725671101,0.3749554035407035,7.43274328896016e-05,4.459645929646064e-05,4.78622925413147
669,133.88925950633757,0.5,0.2,0.0,0.5,0.6249258071850348,0.3749554843114666,7.419281496483356e-05,4.45156885333726e-05,4.78622925413147
670,134.08939292861908,0.5,0.2,0.0,0.5,0.6249259415588362,0.3749555649357558,7.405844116345619e-05,4.443506424414728e-05,4.78622925413147
671,134.2895263509006,0.5,0.2,0.0,0.5,0.6249260756889543,0.37495564541383525,7.392431104533996e-05,4.435458616470472e-05,4.78622925413147
672,134.48965977318213,0.5,0.2,0.0,0.5,0.6249262095758285,0.37495572574596847,7.379042417120232e-05,4.427425403147313e-05,4.78622925413147
673,134.68979319546364,0.5,0.2,0.0,0.5,0.624926343219897,0.37495580593241856,7.365678010260422e-05,4.419406758138677e-05,4.78622925413147
674,134.88992661774515,0.5,0.2,0.0,0.5,0.6249264766215977,0.3749558859734481,7.352337840194648e-05,4.411402655188386e-05,4.78622925413147
675,135.09006004002669,0.5,0.2,0.0,0.5,0.6249266097813672,0.37495596586931906,7.339021863246637e-05,4.403413068090442e-05,4.78622925413147
676,135.2901934623082,0.5,0.2,0.0,0.5,0.6249267426996414,0.37495604562029305,7.325730035823402e-05,4.395437970688821e-05,4.78622925413147
677,135.49032688458973,0.5,0.2,0.0,0.5,0.6249268753768555,0.3749561252266312,7.312462314414891e-05,4.387477336877255e-05,4.78622925413147
678,135.69046030687124,0.5,0.2,0.0,0.5,0.6249270078134437,0.374956204688594,7.299218655593641e-05,4.3795311405990306e-05,4.78622925413147
679,135.89059372915276,0.5,0.2,0.0,0.5,0.6249271400098395,0.3749562840064415,7.285999016014413e-05,4.371599355846765e-05,4.78622925413147
680,136.0907271514343,0.5,0.2,0.0,0.5,0.6249272719664755,0.37495636318043335,7.27280335241385e-05,4.363681956662203e-05,4.78622925413147
681,136.2908605737158,0.5,0.2,0.0,0.5,0.6249274036837835,0.3749564422108286,7.259631621610123e-05,4.3557789171360045e-05,4.78622925413147
682,136.49099399599731,0.5,0.2,0.0,0.5,0.6249275351621946,0.3749565210978859,7.246483780502576e-05,4.347890211407532e-05,4.78622925413147
683,136.69112741827885,0.5,0.2,0.0,0.5,0.6249276664021389,0.3749565998418633,7.233359786071368e-05,4.340015813664637e-05,4.78622925413147
684,136.89126084056036,0.5,0.2,0.0,0.5,0.6249277974040459,0.37495667844301855,7.22025959537714e-05,4.332155698143454e-05,4.78622925413147
685,137.0913942628419,0.5,0.2,0.0,0.5,0.6249279281683441,0.3749567569016087,7.207183165560637e-05,4.324309839128182e-05,4.78622925413147
686,137.2915276851234,0.5,0.2,0.0,0.5,0.6249280586954612,0.37495683521789047,7.194130453842381e-05,4.3164782109508825e-05,4.78622925413147
687,137.49166110740492,0.5,0.2,0.0,0.5,0.6249281889858244,0.37495691339212006,7.181101417522295e-05,4.3086607879912565e-05,4.78622925413147
688,137.69179452968646,0.5,0.2,0.0,0.5,0.6249283190398598,0.3749569914245532,7.168096013979364e-05,4.300857544676441e-05,4.78622925413147
689,137.89192795196797,0.5,0.2,0.0,0.5,0.6249284488579929,0.37495706931544515,7.15511420067129e-05,4.293068455480798e-05,4.78622925413147
690,138.09206137424948,0.5,0.2,0.0,0.5,0.6249285784406483,0.37495714706505073,7.142155935134116e-05,4.2852934949256973e-05,4.78622925413147
691,138.29219479653102,0.5,0.2,0.0,0.5,0.6249287077882498,0.3749572246736242,7.129221174981895e-05,4.27753263757931e-05,4.78622925413147
692,138.49232821881253,0.5,0.2,0.0,0.5,0.6249288369012206,0.3749573021414194,7.116309877906333e-05,4.269785858056397e-05,4.78622925413147
693,138.69246164109407,0.5,0.2,0.0,0.5,0.6249289657799829,0.3749573794686898,7.103422001676426e-05,4.262053131018093e-05,4.78622925413147
694,138.89259506337558,0.5,0.2,0.0,0.5,0.6249290944249583,0.37495745665568825,7.090557504138122e-05,4.254334431171701e-05,4.78622925413147
695,139.0927284856571,0.5,0.2,0.0,0.5,0.6249292228365675,0.37495753370266727,7.07771634321396e-05,4.246629733270476e-05,4.78622925413147
696,139.29286190793863,0.5,0.2,0.0,0.5,0.6249293510152306,0.3749576106098788,7.064898476902717e-05,4.238939012113415e-05,4.78622925413147
697,139.49299533022014,0.5,0.2,0.0,0.5,0.6249294789613669,0.3749576873775745,7.052103863279064e-05,4.231262242545049e-05,4.78622925413147
698,139.69312875250165,0.5,0.2,0.0,0.5,0.6249296066753947,0.3749577640060054,7.039332460493202e-05,4.2235993994552274e-05,4.78622925413147
699,139.8932621747832,0.5,0.2,0.0,0.5,0.6249297341577319,0.3749578404954222,7.026584226770519e-05,4.215950457778906e-05,4.78622925413147
700,140.0933955970647,0.5,0.2,0.0,0.5,0.6249298614087955,0.374957916846075,7.013859120411236e-05,4.2083153924959404e-05,4.78622925413147
701,140.29352901934624,0.5,0.2,0.0,0.5,0.6249299884290017,0.37495799305821365,7.001157099790044e-05,4.2006941786308686e-05,4.78622925413147
702,140.49366244162775,0.5,0.2,0.0,0.5,0.6249301152187661,0.37495806913208746,6.988478123355775e-05,4.1930867912527065e-05,4.78622925413147
703,140.69379586390926,0.5,0.2,0.0,0.5,0.6249302417785033,0.3749581450679452,6.975822149631022e-05,4.1854932054747296e-05,4.78622925413147
704,140.8939292861908,0.5,0.2,0.0,0.5,0.6249303681086276,0.3749582208660354,6.963189137211803e-05,4.177913396454263e-05,4.78622925413147
705,141.0940627084723,0.5,0.2,0.0,0.5,0.6249304942095519,0.37495829652660606,6.950579044767213e-05,4.1703473393924765e-05,4.78622925413147
706,141.29419613075382,0.5,0.2,0.0,0.5,0.6249306200816892,0.3749583720499046,6.937991831039053e-05,4.162795009534165e-05,4.78622925413147
707,141.49432955303536,0.5,0.2,0.0,0.5,0.6249307457254513,0.3749584474361783,6.925427454841491e-05,4.1552563821675374e-05,4.78622925413147
708,141.69446297531687,0.5,0.2,0.0,0.5,0.624930871141249,0.3749585226856737,6.912885875060717e-05,4.1477314326240156e-05,4.78622925413147
709,141.8945963975984,0.5,0.2,0.0,0.5,0.6249309963294931,0.37495859779863716,6.900367050654567e-05,4.1402201362780075e-05,4.78622925413147
710,142.09472981987992,0.5,0.2,0.0,0.5,0.6249311212905931,0.37495867277531447,6.887870940652196e-05,4.1327224685467096e-05,4.78622925413147
711,142.29486324216143,0.5,0.2,0.0,0.5,0.6249312460249581,0.37495874761595105,6.875397504153705e-05,4.125238404889886e-05,4.78622925413147
712,142.49499666444297,0.5,0.2,0.0,0.5,0.6249313705329963,0.37495882232079186,6.862946700329802e-05,4.1177679208096594e-05,4.78622925413147
713,142.69513008672448,0.5,0.2,0.0,0.5,0.6249314948151155,0.37495889689008144,6.850518488421447e-05,4.110310991850306e-05,4.78622925413147
714,142.89526350900599,0.5,0.2,0.0,0.5,0.6249316188717222,0.37495897132406397,6.838112827739494e-05,4.102867593598034e-05,4.78622925413147
715,143.09539693128752,0.5,0.2,0.0,0.5,0.624931742703223,0.37495904562298316,6.825729677664344e-05,4.095437701680777e-05,4.78622925413147
716,143.29553035356903,0.5,0.2,0.0,0.5,0.6249318663100232,0.3749591197870823,6.813368997645594e-05,4.088021291767987e-05,4.78622925413147
717,143.49566377585057,0.5,0.2,0.0,0.5,0.6249319896925276,0.37495919381660425,6.801030747201675e-05,4.080618339570412e-05,4.78622925413147
718,143.69579719813208,0.5,0.2,0.0,0.5,0.6249321128511405,0.37495926771179156,6.788714885919518e-05,4.0732288208398975e-05,4.78622925413147
719,143.8959306204136,0.5,0.2,0.0,0.5,0.6249322357862651,0.3749593414728863,6.776421373454175e-05,4.065852711369165e-05,4.78622925413147
720,144.09606404269513,0.5,0.2,0.0,0.5,0.6249323584983043,0.37495941510013003,6.764150169528494e-05,4.058489986991604e-05,4.78622925413147
721,144.29619746497664,0.5,0.2,0.0,0.5,0.6249324809876603,0.37495948859376416,6.751901233932749e-05,4.051140623581062e-05,4.78622925413147
722,144.49633088725815,0.5,0.2,0.0,0.5,0.6249326032547344,0.37495956195402946,6.739674526524294e-05,4.043804597051633e-05,4.78622925413147
723,144.6964643095397,0.5,0.2,0.0,0.5,0.6249327252999274,0.3749596351811664,6.727470007227206e-05,4.03648188335744e-05,4.78622925413147
724,144.8965977318212,0.5,0.2,0.0,0.5,0.6249328471236393,0.374959708275415,6.715287636031945e-05,4.029172458492435e-05,4.78622925413147
725,145.09673115410274,0.5,0.2,0.0,0.5,0.6249329687262697,0.37495978123701507,6.703127372994983e-05,4.021876298490177e-05,4.78622925413147
726,145.29686457638425,0.5,0.2,0.0,0.5,0.6249330901082173,0.37495985406620574,6.690989178238468e-05,4.014593379423625e-05,4.78622925413147
727,145.49699799866576,0.5,0.2,0.0,0.5,0.6249332112698801,0.3749599267632259,6.678873011949862e-05,4.0073236774049275e-05,4.78622925413147
728,145.6971314209473,0.5,0.2,0.0,0.5,0.6249333322116558,0.3749599993283141,6.666778834381589e-05,4.0000671685852076e-05,4.78622925413147
729,145.8972648432288,0.5,0.2,0.0,0.5,0.6249334529339411,0.3749600717617084,6.654706605850694e-05,3.992823829154357e-05,4.78622925413147
730,146.09739826551032,0.5,0.2,0.0,0.5,0.6249335734371323,0.3749601440636466,6.642656286738474e-05,3.985593635340818e-05,4.78622925413147
731,146.29753168779186,0.5,0.2,0.0,0.5,0.6249336937216248,0.3749602162343659,6.630627837490135e-05,3.978376563411376e-05,4.78622925413147
732,146.49766511007337,0.5,0.2,0.0,0.5,0.6249338137878135,0.37496028827410327,6.618621218614441e-05,3.97117258967095e-05,4.78622925413147
733,146.6977985323549,0.5,0.2,0.0,0.5,0.6249339336360928,0.37496036018309536,6.606636390683355e-05,3.963981690462375e-05,4.78622925413147
734,146.89793195463642,0.5,0.2,0.0,0.5,0.6249340532668564,0.3749604319615783,6.594673314331695e-05,3.956803842166197e-05,4.78622925413147
735,147.09806537691793,0.5,0.2,0.0,0.5,0.6249341726804971,0.37496050360978794,6.582731950256773e-05,3.949639021200458e-05,4.78622925413147
736,147.29819879919947,0.5,0.2,0.0,0.5,0.6249342918774075,0.37496057512795977,6.570812259218047e-05,3.942487204020482e-05,4.78622925413147
737,147.49833222148098,0.5,0.2,0.0,0.5,0.6249344108579793,0.37496064651632877,6.558914202036773e-05,3.935348367118673e-05,4.78622925413147
738,147.6984656437625,0.5,0.2,0.0,0.5,0.6249345296226037,0.37496071777512974,6.54703773959564e-05,3.928222487024292e-05,4.78622925413147
739,147.89859906604403,0.5,0.2,0.0,0.5,0.6249346481716712,0.37496078890459694,6.53518283283843e-05,3.9211095403032535e-05,4.78622925413147
740,148.09873248832554,0.5,0.2,0.0,0.5,0.6249347665055719,0.37496085990496436,6.523349442769664e-05,3.914009503557912e-05,4.78622925413147
741,148.29886591060708,0.5,0.2,0.0,0.5,0.624934884624695,0.3749609307764657,6.511537530454238e-05,3.9069223534268476e-05,4.78622925413147
742,148.4989993328886,0.5,0.2,0.0,0.5,0.6249350025294295,0.3749610015193341,6.499747057017092e-05,3.899848066584661e-05,4.78622925413147
743,148.6991327551701,0.5,0.2,0.0,0.5,0.6249351202201632,0.37496107213380253,6.487977983642836e-05,3.8927866197417546e-05,4.78622925413147
744,148.89926617745164,0.5,0.2,0.0,0.5,0.6249352376972839,0.37496114262010355,6.476230271575405e-05,3.885737989644125e-05,4.78622925413147
745,149.09939959973315,0.5,0.2,0.0,0.5,0.6249353549611785,0.37496121297846924,6.464503882117715e-05,3.878702153073154e-05,4.78622925413147
746,149.29953302201466,0.5,0.2,0.0,0.5,0.6249354720122333,0.3749612832091315,6.452798776631301e-05,3.8716790868453924e-05,4.78622925413147
747,149.4996664442962,0.5,0.2,0.0,0.5,0.6249355888508342,0.37496135331232183,6.441114916535965e-05,3.8646687678123486e-05,4.78622925413147
748,149.6997998665777,0.5,0.2,0.0,0.5,0.6249357054773665,0.37496142328827137,6.429452263309432e-05,3.857671172860283e-05,4.78622925413147
749,149.89993328885924,0.5,0.2,0.0,0.5,0.6249358218922147,0.3749614931372109,6.417810778486982e-05,3.85068627890999e-05,4.78622925413147
750,150.10006671114076,0.5,0.2,0.0,0.5,0.624935938095763,0.3749615628593708,6.406190423661122e-05,3.84371406291659e-05,4.78622925413147
751,150.30020013342227,0.5,0.2,0.0,0.5,0.6249360540883948,0.37496163245498126,6.394591160481205e-05,3.836754501869319e-05,4.78622925413147
752,150.5003335557038,0.5,0.2,0.0,0.5,0.624936169870493,0.37496170192427203,6.383012950653095e-05,3.82980757279131e-05,4.78622925413147
753,150.70046697798531,0.5,0.2,0.0,0.5,0.6249362854424403,0.37496177126747254,6.37145575593882e-05,3.822873252739394e-05,4.78622925413147
754,150.90060040026682,0.5,0.2,0.0,0.5,0.6249364008046181,0.3749618404848119,6.359919538156202e-05,3.8159515188038774e-05,4.78622925413147
755,151.10073382254836,0.5,0.2,0.0,0.5,0.6249365159574078,0.37496190957651887,6.348404259178511e-05,3.8090423481083326e-05,4.78622925413147
756,151.30086724482987,0.5,0.2,0.0,0.5,0.6249366309011903,0.37496197854282187,6.336909880934125e-05,3.8021457178093947e-05,4.78622925413147
757,151.5010006671114,0.5,0.2,0.0,0.5,0.6249367456363456,0.374962047383949,6.325436365406162e-05,3.795261605096538e-05,4.78622925413147
758,151.70113408939292,0.5,0.2,0.0,0.5,0.6249368601632533,0.37496211610012803,6.313983674632133e-05,3.788389987191876e-05,4.78622925413147
759,151.90126751167443,0.5,0.2,0.0,0.5,0.6249369744822926,0.3749621846915865,6.30255177070359e-05,3.78153084134994e-05,4.78622925413147
760,152.10140093395597,0.5,0.2,0.0,0.5,0.624937088593842,0.37496225315855136,6.291140615765777e-05,3.774684144857473e-05,4.78622925413147
761,152.30153435623748,0.5,0.2,0.0,0.5,0.6249372024982794,0.37496232150124964,6.279750172017269e-05,3.767849875033221e-05,4.78622925413147
762,152.501667778519,0.5,0.2,0.0,0.5,0.6249373161959826,0.3749623897199077,6.268380401709632e-05,3.7610280092277145e-05,4.78622925413147
763,152.70180120080053,0.5,0.2,0.0,0.5,0.6249374296873281,0.37496245781475174,6.257031267147053e-05,3.75421852482306e-05,4.78622925413147
764,152.90193462308204,0.5,0.2,0.0,0.5,0.6249375429726928,0.37496252578600764,6.245702730686009e-05,3.747421399232734e-05,4.78622925413147
765,153.10206804536358,0.5,0.2,0.0,0.5,0.6249376560524523,0.37496259363390094,6.234394754734897e-05,3.74063660990136e-05,4.78622925413147
766,153.3022014676451,0.5,0.2,0.0,0.5,0.624937768926982,0.3749626613586569,6.223107301753692e-05,3.7338641343045105e-05,4.78622925413147
767,153.5023348899266,0.5,0.2,0.0,0.5,0.6249378815966571,0.3749627289605005,6.211840334253587e-05,3.7271039499484835e-05,4.78622925413147
768,153.70246831220814,0.5,0.2,0.0,0.5,0.6249379940618517,0.37496279643965624,6.200593814796648e-05,3.7203560343700994e-05,4.78622925413147
769,153.90260173448965,0.5,0.2,0.0,0.5,0.6249381063229397,0.3749628637963486,6.189367705995458e-05,3.713620365136487e-05,4.78622925413147
770,154.1027351567712,0.5,0.2,0.0,0.5,0.6249382183802945,0.3749629310308015,6.178161970512761e-05,3.706896919844869e-05,4.78622925413147
771,154.3028685790527,0.5,0.2,0.0,0.5,0.624938330234289,0.37496299814323875,6.16697657106112e-05,3.700185676122356e-05,4.78622925413147
772,154.5030020013342,0.5,0.2,0.0,0.5,0.6249384418852956,0.3749630651338837,6.155811470402554e-05,3.693486611625731e-05,4.78622925413147
773,154.70313542361575,0.5,0.2,0.0,0.5,0.6249385533336862,0.37496313200295955,6.144666631348187e-05,3.686799704041238e-05,4.78622925413147
774,154.90326884589726,0.5,0.2,0.0,0.5,0.624938664579832,0.3749631987506891,6.133542016757904e-05,3.680124931084376e-05,4.78622925413147
775,155.10340226817877,0.5,0.2,0.0,0.5,0.6249387756241043,0.37496326537729496,6.122437589539991e-05,3.67346227049968e-05,4.78622925413147
776,155.3035356904603,0.5,0.2,0.0,0.5,0.6249388864668731,0.37496333188299935,6.111353312650782e-05,3.666811700060511e-05,4.78622925413147
777,155.50366911274182,0.5,0.2,0.0,0.5,0.6249389971085086,0.3749633982680243,6.100289149094314e-05,3.6601731975688535e-05,4.78622925413147
778,155.70380253502336,0.5,0.2,0.0,0.5,0.6249391075493804,0.37496346453259144,6.0892450619219645e-05,3.653546740855089e-05,4.78622925413147
779,155.90393595730487,0.5,0.2,0.0,0.5,0.6249392177898573,0.3749635306769222,6.078221014232109e-05,3.6469323077778004e-05,4.78622925413147
780,156.10406937958638,0.5,0.2,0.0,0.5,0.6249393278303079,0.37496359670123774,6.0672169691697615e-05,3.6403298762235475e-05,4.78622925413147
781,156.30420280186792,0.5,0.2,0.0,0.5,0.6249394376711004,0.3749636626057589,6.0562328899262237e-05,3.633739424106661e-05,4.78622925413147
782,156.50433622414943,0.5,0.2,0.0,0.5,0.6249395473126023,0.3749637283907063,6.045268739738738e-05,3.627160929369035e-05,4.78622925413147
783,156.70446964643094,0.5,0.2,0.0,0.5,0.6249396567551807,0.37496379405630015,6.034324481890127e-05,3.620594369979908e-05,4.78622925413147
784,156.90460306871248,0.5,0.2,0.0,0.5,0.6249397659992025,0.37496385960276063,6.0234000797084444e-05,3.614039723935656e-05,4.78622925413147
785,157.104736490994,0.5,0.2,0.0,0.5,0.624939875045034,0.37496392503030734,6.012495496566627e-05,3.607496969259581e-05,4.78622925413147
786,157.30486991327552,0.5,0.2,0.0,0.5,0.6249399838930408,0.37496399033915995,6.001610695882133e-05,3.6009660840016966e-05,4.78622925413147
787,157.50500333555703,0.5,0.2,0.0,0.5,0.6249400925435885,0.3749640555295376,5.990745641116602e-05,3.594447046238522e-05,4.78622925413147
788,157.70513675783855,0.5,0.2,0.0,0.5,0.6249402009970418,0.37496412060165923,5.97990029577549e-05,3.587939834072864e-05,4.78622925413147
789,157.90527018012008,0.5,0.2,0.0,0.5,0.6249403092537655,0.3749641855557436,5.9690746234077216e-05,3.581444425633609e-05,4.78622925413147
790,158.1054036024016,0.5,0.2,0.0,0.5,0.6249404173141235,0.3749642503920092,5.9582685876053455e-05,3.574960799075514e-05,4.78622925413147
791,158.3055370246831,0.5,0.2,0.0,0.5,0.6249405251784796,0.3749643151106742,5.9474821520031696e-05,3.56848893257899e-05,4.78622925413147
792,158.50567044696464,0.5,0.2,0.0,0.5,0.6249406328471968,0.37496437971195645,5.936715280278415e-05,3.562028804349894e-05,4.78622925413147
793,158.70580386924615,0.5,0.2,0.0,0.5,0.6249407403206382,0.3749644441960738,5.925967936150366e-05,3.555580392619317e-05,4.78622925413147
794,158.9059372915277,0.5,0.2,0.0,0.5,0.6249408475991658,0.37496450856324354,5.9152400833800104e-05,3.54914367564337e-05,4.78622925413147
795,159.1060707138092,0.5,0.2,0.0,0.5,0.6249409546831419,0.37496457281368295,5.9045316857696976e-05,3.5427186317029796e-05,4.78622925413147
796,159.3062041360907,0.5,0.2,0.0,0.5,0.6249410615729281,0.37496463694760895,5.8938427071627734e-05,3.5363052391036666e-05,4.78622925413147
797,159.50633755837225,0.5,0.2,0.0,0.5,0.6249411682688852,0.3749647009652382,5.883173111443237e-05,3.5299034761753414e-05,4.78622925413147
798,159.70647098065376,0.5,0.2,0.0,0.5,0.6249412747712129,0.37496476486669067,5.872522878676076e-05,3.523513330927181e-05,4.78622925413147
799,159.90660440293527,0.5,0.2,0.0,0.5,0.6249413810799068,0.3749648286519645,5.861892009284499e-05,3.517134803546374e-05,4.78622925413147
800,160.1067378252168,0.5,0.2,0.0,0.5,0.624941487195302,0.3749648923212607,5.8512804697654734e-05,3.510767873926077e-05,4.78622925413147
801,160.30687124749832,0.5,0.2,0.0,0.5,0.624941593117746,0.37496495587478784,5.840688225367962e-05,3.504412521212976e-05,4.78622925413147
802,160.50700466977986,0.5,0.2,0.0,0.5,0.6249416988475858,0.3749650193127541,5.8301152413916547e-05,3.4980687245841724e-05,4.78622925413147
803,160.70713809206137,0.5,0.2,0.0,0.5,0.6249418043851678,0.3749650826353675,5.819561483186673e-05,3.4917364632470015e-05,4.78622925413147
804,160.90727151434288,0.5,0.2,0.0,0.5,0.6249419097308381,0.3749651458428356,5.8090269161532575e-05,3.4854157164388446e-05,4.78622925413147
805,161.10740493662442,0.5,0.2,0.0,0.5,0.6249420148849423,0.37496520893536567,5.798511505741463e-05,3.4791064634269494e-05,4.78622925413147
806,161.30753835890593,0.5,0.2,0.0,0.5,0.6249421198478251,0.37496527191316487,5.788015217450864e-05,3.472808683508248e-05,4.78622925413147
807,161.50767178118744,0.5,0.2,0.0,0.5,0.6249422246198313,0.3749653347764399,5.777538016830234e-05,3.4665223560091705e-05,4.78622925413147
808,161.70780520346898,0.5,0.2,0.0,0.5,0.6249423292013049,0.3749653975253971,5.76707986947725e-05,3.4602474602854635e-05,4.78622925413147
809,161.9079386257505,0.5,0.2,0.0,0.5,0.6249424335925893,0.37496546016024274,5.756640741038191e-05,3.4539839757220076e-05,4.78622925413147
810,162.10807204803203,0.5,0.2,0.0,0.5,0.6249425377940275,0.37496552268118266,5.74622059720762e-05,3.447731881732634e-05,4.78622925413147
811,162.30820547031354,0.5,0.2,0.0,0.5,0.6249426418059624,0.37496558508842237,5.7358194037280955e-05,3.441491157759942e-05,4.78622925413147
812,162.50833889259505,0.5,0.2,0.0,0.5,0.6249427456287358,0.3749656473821672,5.725437126389851e-05,3.435261783275113e-05,4.78622925413147
813,162.7084723148766,0.5,0.2,0.0,0.5,0.6249428492626893,0.3749657095626222,5.715073731030498e-05,3.42904373777773e-05,4.78622925413147
814,162.9086057371581,0.5,0.2,0.0,0.5,0.6249429527081642,0.374965771629992,5.704729183534724e-05,3.422837000795595e-05,4.78622925413147
815,163.1087391594396,0.5,0.2,0.0,0.5,0.6249430559655013,0.3749658335844811,5.69440344983398e-05,3.4166415518845444e-05,4.78622925413147
816,163.30887258172115,0.5,0.2,0.0,0.5,0.6249431590350406,0.37496589542629366,5.6840964959061784e-05,3.410457370628265e-05,4.78622925413147
817,163.50900600400266,0.5,0.2,0.0,0.5,0.6249432619171219,0.3749659571556336,5.673808287775392e-05,3.404284436638117e-05,4.78622925413147
818,163.7091394262842,0.5,0.2,0.0,0.5,0.6249433646120846,0.3749660187727044,5.663538791511541e-05,3.398122729552941e-05,4.78622925413147
819,163.9092728485657,0.5,0.2,0.0,0.5,0.6249434671202674,0.37496608027770956,5.6532879732300984e-05,3.3919722290388834e-05,4.78622925413147
820,164.10940627084722,0.5,0.2,0.0,0.5,0.6249435694420087,0.37496614167085207,5.643055799091775e-05,3.385832914789208e-05,4.78622925413147
821,164.30953969312876,0.5,0.2,0.0,0.5,0.6249436715776466,0.37496620295233474,5.632842235302217e-05,3.379704766524116e-05,4.78622925413147
822,164.50967311541027,0.5,0.2,0.0,0.5,0.6249437735275185,0.37496626412236006,5.62264724811171e-05,3.373587763990564e-05,4.78622925413147
823,164.70980653769178,0.5,0.2,0.0,0.5,0.6249438752919615,0.3749663251811303,5.6124708038148585e-05,3.367481886962077e-05,4.78622925413147
824,164.90993995997331,0.5,0.2,0.0,0.5,0.6249439768713121,0.3749663861288476,5.602312868750293e-05,3.361387115238564e-05,4.78622925413147
825,165.11007338225482,0.5,0.2,0.0,0.5,0.6249440782659066,0.3749664469657135,5.592173409300363e-05,3.355303428646144e-05,4.78622925413147
826,165.31020680453636,0.5,0.2,0.0,0.5,0.6249441794760807,0.3749665076919296,5.582052391890825e-05,3.349230807036953e-05,4.78622925413147
827,165.51034022681787,0.5,0.2,0.0,0.5,0.6249442805021698,0.3749665683076971,5.5719497829905486e-05,3.343169230288968e-05,4.78622925413147
828,165.71047364909938,0.5,0.2,0.0,0.5,0.6249443813445085,0.3749666288132169,5.5618655491112014e-05,3.337118678305817e-05,4.78622925413147
829,165.91060707138092,0.5,0.2,0.0,0.5,0.6249444820034316,0.3749666892086898,5.551799656806947e-05,3.3310791310166025e-05,4.78622925413147
830,166.11074049366243,0.5,0.2,0.0,0.5,0.6249445824792729,0.3749667494943162,5.541752072674147e-05,3.3250505683757165e-05,4.78622925413147
831,166.31087391594394,0.5,0.2,0.0,0.5,0.6249446827723661,0.37496680967029633,5.531722763351045e-05,3.319032970362654e-05,4.78622925413147
832,166.51100733822548,0.5,0.2,0.0,0.5,0.6249447828830444,0.37496686973683013,5.5217116955174674e-05,3.313026316981833e-05,4.78622925413147
833,166.711140760507,0.5,0.2,0.0,0.5,0.6249448828116407,0.3749669296941173,5.5117188358945216e-05,3.307030588262413e-05,4.78622925413147
834,166.91127418278853,0.5,0.2,0.0,0.5,0.6249449825584872,0.3749669895423574,5.501744151244281e-05,3.301045764258107e-05,4.78622925413147
835,167.11140760507004,0.5,0.2,0.0,0.5,0.624945082123916,0.3749670492817495,5.4917876083694945e-05,3.295071825047005e-05,4.78622925413147
836,167.31154102735155,0.5,0.2,0.0,0.5,0.6249451815082585,0.37496710891249263,5.481849174113265e-05,3.2891087507313835e-05,4.78622925413147
837,167.5116744496331,0.5,0.2,0.0,0.5,0.6249452807118461,0.3749671684347856,5.471928815358757e-05,3.283156521437526e-05,4.78622925413147
838,167.7118078719146,0.5,0.2,0.0,0.5,0.6249453797350093,0.3749672278488268,5.4620264990288876e-05,3.277215117315545e-05,4.78622925413147
839,167.9119412941961,0.5,0.2,0.0,0.5,0.6249454785780788,0.3749672871548146,5.4521421920860204e-05,3.271284518539188e-05,4.78622925413147
840,168.11207471647765,0.5,0.2,0.0,0.5,0.6249455772413843,0.37496734635294693,5.442275861531659e-05,3.265364705305664e-05,4.78622925413147
841,168.31220813875916,0.5,0.2,0.0,0.5,0.6249456757252556,0.3749674054434216,5.432427474406149e-05,3.259455657835456e-05,4.78622925413147
842,168.5123415610407,0.5,0.2,0.0,0.5,0.6249457740300217,0.37496746442643625,5.4225969977883634e-05,3.253557356372136e-05,4.78622925413147
843,168.7124749833222,0.5,0.2,0.0,0.5,0.6249458721560117,0.37496752330218813,5.412784398795409e-05,3.2476697811821895e-05,4.78622925413147
844,168.91260840560372,0.5,0.2,0.0,0.5,0.6249459701035538,0.37496758207087444,5.4029896445823085e-05,3.2417929125548246e-05,4.78622925413147
845,169.11274182788526,0.5,0.2,0.0,0.5,0.6249460678729762,0.37496764073269195,5.393212702341704e-05,3.2359267308017904e-05,4.78622925413147
846,169.31287525016677,0.5,0.2,0.0,0.5,0.6249461654646066,0.3749676992878374,5.3834535393035515e-05,3.2300712162571996e-05,4.78622925413147
847,169.51300867244828,0.5,0.2,0.0,0.5,0.6249462628787723,0.3749677577365072,5.373712122734815e-05,3.224226349277337e-05,4.78622925413147
848,169.71314209472982,0.5,0.2,0.0,0.5,0.6249463601158003,0.37496781607889756,5.363988419939156e-05,3.2183921102404826e-05,4.78622925413147
849,169.91327551701133,0.5,0.2,0.0,0.5,0.624946457176017,0.3749678743152045,5.354282398256641e-05,3.2125684795467275e-05,4.78622925413147
850,170.11340893929287,0.5,0.2,0.0,0.5,0.624946554059749,0.37496793244562376,5.3445940250634215e-05,3.206755437617786e-05,4.78622925413147
851,170.31354236157438,0.5,0.2,0.0,0.5,0.6249466507673219,0.374967990470351,5.334923267771444e-05,3.2009529648968216e-05,4.78622925413147
852,170.5136757838559,0.5,0.2,0.0,0.5,0.6249467472990613,0.3749680483895815,5.32527009382813e-05,3.195161041848255e-05,4.78622925413147
853,170.71380920613743,0.5,0.2,0.0,0.5,0.6249468436552925,0.3749681062035104,5.315634470716082e-05,3.189379648957584e-05,4.78622925413147
854,170.91394262841894,0.5,0.2,0.0,0.5,0.6249469398363401,0.3749681639123327,5.306016365952778e-05,3.1836087667312054e-05,4.78622925413147
855,171.11407605070045,0.5,0.2,0.0,0.5,0.6249470358425288,0.374968221516243,5.2964157470902586e-05,3.177848375696223e-05,4.78622925413147
856,171.314209472982,0.5,0.2,0.0,0.5,0.6249471316741825,0.37496827901543595,5.286832581714829e-05,3.172098456400271e-05,4.78622925413147
857,171.5143428952635,0.5,0.2,0.0,0.5,0.6249472273316252,0.37496833641010585,5.277266837446753e-05,3.1663589894113305e-05,4.78622925413147
858,171.71447631754504,0.5,0.2,0.0,0.5,0.6249473228151803,0.37496839370044677,5.267718481939944e-05,3.160629955317541e-05,4.78622925413147
859,171.91460973982655,0.5,0.2,0.0,0.5,0.6249474181251709,0.3749684508866527,5.258187482881668e-05,3.154911334727027e-05,4.78622925413147
860,172.11474316210806,0.5,0.2,0.0,0.5,0.6249475132619197,0.3749685079689173,5.248673807992229e-05,3.1492031082677044e-05,4.78622925413147
861,172.3148765843896,0.5,0.2,0.0,0.5,0.6249476082257494,0.3749685649474341,5.23917742502467e-05,3.143505256587102e-05,4.78622925413147
862,172.5150100066711,0.5,0.2,0.0,0.5,0.624947703016982,0.37496862182239643,5.2296983017644677e-05,3.137817760352183e-05,4.78622925413147
863,172.71514342895262,0.5,0.2,0.0,0.5,0.6249477976359393,0.37496867859399746,5.220236406029226e-05,3.132140600249155e-05,4.78622925413147
864,172.91527685123415,0.5,0.2,0.0,0.5,0.624947892082943,0.37496873526243013,5.21079170566837e-05,3.1264737569832864e-05,4.78622925413147
865,173.11541027351566,0.5,0.2,0.0,0.5,0.6249479863583141,0.37496879182788717,5.201364168562845e-05,3.120817211278732e-05,4.78622925413147
866,173.3155436957972,0.5,0.2,0.0,0.5,0.6249480804623734,0.3749688482905612,5.1919537626248075e-05,3.11517094387834e-05,4.78622925413147
867,173.5156771180787,0.5,0.2,0.0,0.5,0.6249481743954417,0.37496890465064453,5.182560455797322e-05,3.109534935543477e-05,4.78622925413147
868,173.71581054036022,0.5,0.2,0.0,0.5,0.6249482681578391,0.37496896090832943,5.173184216054057e-05,3.1039091670538374e-05,4.78622925413147
869,173.91594396264176,0.5,0.2,0.0,0.5,0.6249483617498857,0.3749690170638079,5.1638250113989737e-05,3.098293619207265e-05,4.78622925413147
870,174.11607738492327,0.5,0.2,0.0,0.5,0.624948455171901,0.3749690731172718,5.154482809866035e-05,3.092688272819571e-05,4.78622925413147
871,174.31621080720478,0.5,0.2,0.0,0.5,0.6249485484242044,0.3749691290689127,5.145157579518884e-05,3.0870931087243466e-05,4.78622925413147
872,174.51634422948632,0.5,0.2,0.0,0.5,0.6249486415071152,0.3749691849189222,5.135849288450547e-05,3.081508107772782e-05,4.78622925413147
873,174.71647765176783,0.5,0.2,0.0,0.5,0.6249487344209518,0.37496924066749165,5.126557904783135e-05,3.0759332508334866e-05,4.78622925413147
874,174.91661107404937,0.5,0.2,0.0,0.5,0.624948827166033,0.374969296314812,5.1172833966675236e-05,3.070368518792299e-05,4.78622925413147
875,175.11674449633088,0.5,0.2,0.0,0.5,0.6249489197426769,0.37496935186107444,5.108025732283062e-05,3.06481389255211e-05,4.78622925413147
876,175.3168779186124,0.5,0.2,0.0,0.5,0.6249490121512012,0.37496940730646966,5.098784879837259e-05,3.059269353032677e-05,4.78622925413147
877,175.51701134089393,0.5,0.2,0.0,0.5,0.624949104391924,0.37496946265118825,5.089560807565481e-05,3.05373488117044e-05,4.78622925413147
878,175.71714476317544,0.5,0.2,0.0,0.5,0.6249491964651623,0.37496951789542077,5.080353483730651e-05,3.048210457918341e-05,4.78622925413147
879,175.91727818545695,0.5,0.2,0.0,0.5,0.6249492883712334,0.3749695730393575,5.071162876622937e-05,3.0426960642456397e-05,4.78622925413147
880,176.1174116077385,0.5,0.2,0.0,0.5,0.6249493801104541,0.37496962808318857,5.061988954559449e-05,3.0371916811377282e-05,4.78622925413147
881,176.31754503002,0.5,0.2,0.0,0.5,0.6249494716831407,0.374969683027104,5.0528316858839386e-05,3.0316972895959533e-05,4.78622925413147
882,176.51767845230154,0.5,0.2,0.0,0.5,0.6249495630896099,0.37496973787129356,5.043691038966486e-05,3.026212870637427e-05,4.78622925413147
883,176.71781187458305,0.5,0.2,0.0,0.5,0.6249496543301776,0.37496979261594704,5.034566982203205e-05,3.020738405294849e-05,4.78622925413147
884,176.91794529686456,0.5,0.2,0.0,0.5,0.6249497454051595,0.3749698472612538,5.0254594840159256e-05,3.01527387461632e-05,4.78622925413147
885,177.1180787191461,0.5,0.2,0.0,0.5,0.6249498363148711,0.3749699018074033,5.0163685128518996e-05,3.0098192596651588e-05,4.78622925413147
886,177.3182121414276,0.5,0.2,0.0,0.5,0.6249499270596278,0.3749699562545848,5.007294037183494e-05,3.004374541519723e-05,4.78622925413147
887,177.51834556370912,0.5,0.2,0.0,0.5,0.6249500176397446,0.37497001060298724,4.998236025507879e-05,2.998939701273221e-05,4.78622925413147
888,177.71847898599066,0.5,0.2,0.0,0.5,0.6249501080555362,0.37497006485279966,4.9891944463467294e-05,2.9935147200335302e-05,4.78622925413147
889,177.91861240827217,0.5,0.2,0.0,0.5,0.6249501983073171,0.37497011900421073,4.980169268245921e-05,2.9880995789230183e-05,4.78622925413147
890,178.1187458305537,0.5,0.2,0.0,0.5,0.6249502883954019,0.3749701730574092,4.9711604597752185e-05,2.9826942590783528e-05,4.78622925413147
891,178.31887925283522,0.5,0.2,0.0,0.5,0.6249503783201044,0.3749702270125835,4.962167989527979e-05,2.9772987416503246e-05,4.78622925413147
892,178.51901267511673,0.5,0.2,0.0,0.5,0.6249504680817384,0.3749702808699219,4.953191826120839e-05,2.9719130078036607e-05,4.78622925413147
893,178.71914609739827,0.5,0.2,0.0,0.5,0.6249505576806177,0.3749703346296128,4.9442319381934127e-05,2.9665370387168416e-05,4.78622925413147
894,178.91927951967978,0.5,0.2,0.0,0.5,0.6249506471170555,0.37497038829184415,4.935288294407992e-05,2.9611708155819227e-05,4.78622925413147
895,179.1194129419613,0.5,0.2,0.0,0.5,0.6249507363913651,0.3749704418568039,4.926360863449234e-05,2.9558143196043436e-05,4.78622925413147
896,179.31954636424283,0.5,0.2,0.0,0.5,0.6249508255038594,0.37497049532467996,4.917449614023857e-05,2.950467532002751e-05,4.78622925413147
897,179.51967978652434,0.5,0.2,0.0,0.5,0.6249509144548511,0.3749705486956599,4.908554514860342e-05,2.9451304340088144e-05,4.78622925413147
898,179.71981320880587,0.5,0.2,0.0,0.5,0.6249510032446526,0.3749706019699313,4.8996755347086185e-05,2.9398030068670402e-05,4.78622925413147
899,179.91994663108738,0.5,0.2,0.0,0.5,0.6249510918735762,0.37497065514768163,4.890812642339769e-05,2.9344852318345935e-05,4.78622925413147
900,180.1200800533689,0.5,0.2,0.0,0.5,0.6249511803419342,0.37497070822909817,4.881965806545716e-05,2.9291770901811097e-05,4.78622925413147
901,180.32021347565043,0.5,0.2,0.0,0.5,0.6249512686500382,0.37497076121436806,4.87313499613892e-05,2.9238785631885143e-05,4.78622925413147
902,180.52034689793194,0.5,0.2,0.0,0.5,0.6249513567982001,0.37497081410367844,4.864320179952077e-05,2.918589632150842e-05,4.78622925413147
903,180.72048032021348,0.5,0.2,0.0,0.5,0.6249514447867313,0.3749708668972162,4.855521326837808e-05,2.9133102783740473e-05,4.78622925413147
904,180.920613742495,0.5,0.2,0.0,0.5,0.6249515326159429,0.3749709195951682,4.846738405668363e-05,2.908040483175829e-05,4.78622925413147
905,181.1207471647765,0.5,0.2,0.0,0.5,0.6249516202861463,0.37497097219772113,4.8379713853353035e-05,2.9027802278854406e-05,4.78622925413147
906,181.32088058705804,0.5,0.2,0.0,0.5,0.6249517077976522,0.37497102470506155,4.829220234749208e-05,2.89752949384351e-05,4.78622925413147
907,181.52101400933955,0.5,0.2,0.0,0.5,0.6249517951507713,0.37497107711737593,4.820484922839365e-05,2.892288262401859e-05,4.78622925413147
908,181.72114743162106,0.5,0.2,0.0,0.5,0.6249518823458141,0.3749711294348507,4.8117654185534614e-05,2.8870565149233143e-05,4.78622925413147
909,181.9212808539026,0.5,0.2,0.0,0.5,0.624951969383091,0.3749711816576721,4.803061690857286e-05,2.8818342327815293e-05,4.78622925413147
910,182.1214142761841,0.5,0.2,0.0,0.5,0.6249520562629123,0.37497123378602637,4.7943737087344216e-05,2.8766213973608003e-05,4.78622925413147
911,182.32154769846565,0.5,0.2,0.0,0.5,0.6249521429855878,0.3749712858200994,4.785701441185936e-05,2.8714179900558802e-05,4.78622925413147
912,182.52168112074716,0.5,0.2,0.0,0.5,0.6249522295514274,0.37497133776007724,4.7770448572300844e-05,2.8662239922718002e-05,4.78622925413147
913,182.72181454302867,0.5,0.2,0.0,0.5,0.6249523159607406,0.37497138960614573,4.768403925901998e-05,2.8610393854236828e-05,4.78622925413147
914,182.9219479653102,0.5,0.2,0.0,0.5,0.6249524022138371,0.3749714413584906,4.759778616253379e-05,2.8558641509365594e-05,4.78622925413147
915,183.12208138759172,0.5,0.2,0.0,0.5,0.6249524883110261,0.3749714930172975,4.7511688973522046e-05,2.8506982702451908e-05,4.78622925413147
916,183.32221480987323,0.5,0.2,0.0,0.5,0.6249525742526169,0.374971544582752,4.7425747382824114e-05,2.8455417247938787e-05,4.78622925413147
917,183.52234823215477,0.5,0.2,0.0,0.5,0.6249526600389183,0.3749715960550396,4.733996108143591e-05,2.8403944960362857e-05,4.78622925413147
918,183.72248165443628,0.5,0.2,0.0,0.5,0.6249527456702392,0.37497164743434563,4.725432976050698e-05,2.8352565654352533e-05,4.78622925413147
919,183.92261507671782,0.5,0.2,0.0,0.5,0.6249528311468883,0.37497169872085534,4.7168853111337256e-05,2.8301279144626145e-05,4.78622925413147
920,184.12274849899933,0.5,0.2,0.0,0.5,0.6249529164691743,0.37497174991475396,4.708353082537417e-05,2.825008524599017e-05,4.78622925413147
921,184.32288192128084,0.5,0.2,0.0,0.5,0.6249530016374054,0.3749718010162266,4.699836259420951e-05,2.8198983773337336e-05,4.78622925413147
922,184.52301534356238,0.5,0.2,0.0,0.5,0.6249530866518901,0.3749718520254583,4.6913348109576405e-05,2.8147974541644828e-05,4.78622925413147
923,184.7231487658439,0.5,0.2,0.0,0.5,0.6249531715129363,0.374971902942634,4.682848706334628e-05,2.809705736597247e-05,4.78622925413147
924,184.9232821881254,0.5,0.2,0.0,0.5,0.6249532562208521,0.3749719537679385,4.6743779147525784e-05,2.8046232061460843e-05,4.78622925413147
925,185.12341561040694,0.5,0.2,0.0,0.5,0.6249533407759453,0.37497200450155665,4.665922405425374e-05,2.79954984433295e-05,4.78622925413147
926,185.32354903268845,0.5,0.2,0.0,0.5,0.6249534251785238,0.3749720551436731,4.657482147579815e-05,2.7944856326875138e-05,4.78622925413147
927,185.52368245497,0.5,0.2,0.0,0.5,0.624953509428895,0.3749721056944725,4.649057110455306e-05,2.7894305527469715e-05,4.78622925413147
928,185.7238158772515,0.5,0.2,0.0,0.5,0.6249535935273666,0.3749721561541394,4.640647263303557e-05,2.784384586055869e-05,4.78622925413147
929,185.923949299533,0.5,0.2,0.0,0.5,0.6249536774742458,0.3749722065228583,4.6322525753882766e-05,2.7793477141659133e-05,4.78622925413147
930,186.12408272181455,0.5,0.2,0.0,0.5,0.6249537612698398,0.3749722568008136,4.623873015984865e-05,2.7743199186357917e-05,4.78622925413147
931,186.32421614409606,0.5,0.2,0.0,0.5,0.6249538449144558,0.3749723069881897,4.615508554380117e-05,2.7693011810309902e-05,4.78622925413147
932,186.52434956637757,0.5,0.2,0.0,0.5,0.6249539284084009,0.37497235708517074,4.607159159871904e-05,2.7642914829236085e-05,4.78622925413147
933,186.7244829886591,0.5,0.2,0.0,0.5,0.624954011751982,0.374972407091941,4.598824801768879e-05,2.7592908058921756e-05,4.78622925413147
934,186.92461641094062,0.5,0.2,0.0,0.5,0.6249540949455057,0.37497245700868476,4.5905054493901716e-05,2.7542991315214715e-05,4.78622925413147
935,187.12474983322215,0.5,0.2,0.0,0.5,0.624954177989279,0.3749725068355859,4.582201072065074e-05,2.7493164414023387e-05,4.78622925413147
936,187.32488325550366,0.5,0.2,0.0,0.5,0.6249542608836083,0.37497255657282863,4.5739116391327495e-05,2.7443427171315032e-05,4.78622925413147
937,187.52501667778517,0.5,0.2,0.0,0.5,0.6249543436288002,0.37497260622059686,4.565637119941914e-05,2.7393779403113887e-05,4.78622925413147
938,187.7251501000667,0.5,0.2,0.0,0.5,0.6249544262251612,0.37497265577907446,4.557377483850539e-05,2.7344220925499345e-05,4.78622925413147
939,187.92528352234822,0.5,0.2,0.0,0.5,0.6249545086729974,0.37497270524844534,4.549132700225547e-05,2.7294751554604134e-05,4.78622925413147
940,188.12541694462973,0.5,0.2,0.0,0.5,0.6249545909726152,0.37497275462889335,4.540902738442502e-05,2.7245371106612472e-05,4.78622925413147
941,188.32555036691127,0.5,0.2,0.0,0.5,0.6249546731243207,0.3749728039206022,4.532687567885307e-05,2.7196079397758233e-05,4.78622925413147
942,188.52568378919278,0.5,0.2,0.0,0.5,0.6249547551284201,0.37497285312375567,4.5244871579459005e-05,2.7146876244323144e-05,4.78622925413147
943,188.72581721147432,0.5,0.2,0.0,0.5,0.6249548369852194,0.37497290223853735,4.5163014780239466e-05,2.709776146263491e-05,4.78622925413147
944,188.92595063375583,0.5,0.2,0.0,0.5,0.6249549186950244,0.3749729512651309,4.508130497526538e-05,2.7048734869065437e-05,4.78622925413147
945,189.12608405603734,0.5,0.2,0.0,0.5,0.624955000258141,0.37497300020371993,4.499974185867884e-05,2.6999796280028944e-05,4.78622925413147
946,189.32621747831888,0.5,0.2,0.0,0.5,0.6249550816748749,0.374973049054488,4.4918325124690034e-05,2.695094551198017e-05,4.78622925413147
947,189.5263509006004,0.5,0.2,0.0,0.5,0.6249551629455321,0.37497309781761856,4.483705446757433e-05,2.6902182381412545e-05,4.78622925413147
948,189.7264843228819,0.5,0.2,0.0,0.5,0.6249552440704179,0.3749731464932951,4.475592958166906e-05,2.6853506704856332e-05,4.78622925413147
949,189.92661774516344,0.5,0.2,0.0,0.5,0.6249553250498383,0.37497319508170107,4.467495016137057e-05,2.680491829887681e-05,4.78622925413147
950,190.12675116744495,0.5,0.2,0.0,0.5,0.6249554058840985,0.37497324358301987,4.459411590113116e-05,2.6756416980072466e-05,4.78622925413147
951,190.3268845897265,0.5,0.2,0.0,0.5,0.6249554865735042,0.3749732919974349,4.451342649545599e-05,2.6708002565073112e-05,4.78622925413147
952,190.527018012008,0.5,0.2,0.0,0.5,0.6249555671183608,0.3749733403251294,4.44328816389001e-05,2.665967487053812e-05,4.78622925413147
953,190.7271514342895,0.5,0.2,0.0,0.5,0.6249556475189736,0.3749733885662868,4.4352481026065285e-05,2.6611433713154522e-05,4.78622925413147
954,190.92728485657105,0.5,0.2,0.0,0.5,0.624955727775648,0.37497343672109035,4.4272224351597086e-05,2.656327890963523e-05,4.78622925413147
955,191.12741827885256,0.5,0.2,0.0,0.5,0.6249558078886894,0.37497348478972325,4.4192111310181754e-05,2.65152102767172e-05,4.78622925413147
956,191.32755170113407,0.5,0.2,0.0,0.5,0.6249558878584031,0.3749735327723688,4.4112141596543166e-05,2.6467227631159574e-05,4.78622925413147
957,191.5276851234156,0.5,0.2,0.0,0.5,0.6249559676850942,0.3749735806692102,4.403231490543978e-05,2.641933078974185e-05,4.78622925413147
958,191.72781854569712,0.5,0.2,0.0,0.5,0.624956047369068,0.3749736284804307,4.395263093166162e-05,2.6371519569262108e-05,4.78622925413147
959,191.92795196797866,0.5,0.2,0.0,0.5,0.6249561269106296,0.3749736762062134,4.387308937002718e-05,2.6323793786535097e-05,4.78622925413147
960,192.12808539026017,0.5,0.2,0.0,0.5,0.6249562063100843,0.37497372384674155,4.379368991538041e-05,2.6276153258390473e-05,4.78622925413147
961,192.32821881254168,0.5,0.2,0.0,0.5,0.6249562855677371,0.3749737714021983,4.3714432262587644e-05,2.622859780167092e-05,4.78622925413147
962,192.52835223482322,0.5,0.2,0.0,0.5,0.624956364683892,0.37497381887276604,4.363531610764678e-05,2.618112723388956e-05,4.78622925413147
963,192.72848565710473,0.5,0.2,0.0,0.5,0.6249564436577355,0.3749738662579649,4.3556342264275015e-05,2.6133742035027467e-05,4.78622925413147
964,192.92861907938624,0.5,0.2,0.0,0.5,0.6249565224885553,0.3749739135573752,4.3477511444412934e-05,2.6086442624742774e-05,4.78622925413147
965,193.12875250166778,0.5,0.2,0.0,0.5,0.6249566011766096,0.3749739607711521,4.339882339018243e-05,2.6039228847885252e-05,4.78622925413147
966,193.3288859239493,0.5,0.2,0.0,0.5,0.6249566797221555,0.37497400789945035,4.33202778441781e-05,2.5992100549584485e-05,4.78622925413147
967,193.52901934623083,0.5,0.2,0.0,0.5,0.6249567581254503,0.3749740549424247,4.3241874549465976e-05,2.594505757524913e-05,4.78622925413147
968,193.72915276851234,0.5,0.2,0.0,0.5,0.6249568363867501,0.3749741019002294,4.3163613249582456e-05,2.5898099770566237e-05,4.78622925413147
969,193.92928619079385,0.5,0.2,0.0,0.5,0.6249569145063112,0.37497414877301843,4.308549368853303e-05,2.5851226981500473e-05,4.78622925413147
970,194.12941961307538,0.5,0.2,0.0,0.5,0.624956992484389,0.37497419556094563,4.300751561079114e-05,2.5804439054293426e-05,4.78622925413147
971,194.3295530353569,0.5,0.2,0.0,0.5,0.6249570703212385,0.3749742422641645,4.292967876129704e-05,2.57577358354629e-05,4.78622925413147
972,194.5296864576384,0.5,0.2,0.0,0.5,0.6249571480171142,0.37497428888282813,4.28519828854565e-05,2.5711117171802146e-05,4.78622925413147
973,194.72981987991994,0.5,0.2,0.0,0.5,0.6249572255722706,0.3749743354170896,4.277442772913974e-05,2.566458291037917e-05,4.78622925413147
974,194.92995330220145,0.5,0.2,0.0,0.5,0.6249573029869611,0.3749743818671014,4.26970130386802e-05,2.561813289853602e-05,4.78622925413147
975,195.130086724483,0.5,0.2,0.0,0.5,0.6249573802614389,0.3749744282330161,4.261973856087333e-05,2.5571766983888015e-05,4.78622925413147
976,195.3302201467645,0.5,0.2,0.0,0.5,0.6249574573959568,0.3749744745149856,4.254260404297548e-05,2.552548501432309e-05,4.78622925413147
977,195.530353569046,0.5,0.2,0.0,0.5,0.6249575343907671,0.37497452071316195,4.2465609232702665e-05,2.5479286838001008e-05,4.78622925413147
978,195.73048699132755,0.5,0.2,0.0,0.5,0.6249576112461215,0.3749745668276966,4.238875387822937e-05,2.543317230335266e-05,4.78622925413147
979,195.93062041360906,0.5,0.2,0.0,0.5,0.6249576879622716,0.37497461285874084,4.231203772818745e-05,2.5387141259079367e-05,4.78622925413147
980,196.13075383589057,0.5,0.2,0.0,0.5,0.624957764539468,0.3749746588064458,4.223546053166483e-05,2.534119355415212e-05,4.78622925413147
981,196.3308872581721,0.5,0.2,0.0,0.5,0.6249578409779615,0.3749747046709621,4.215902203820443e-05,2.5295329037810867e-05,4.78622925413147
982,196.53102068045362,0.5,0.2,0.0,0.5,0.6249579172780019,0.3749747504524404,4.2082721997802955e-05,2.5249547559563814e-05,4.78622925413147
983,196.73115410273516,0.5,0.2,0.0,0.5,0.6249579934398388,0.37497479615103074,4.2006560160909645e-05,2.5203848969186654e-05,4.78622925413147
984,196.93128752501667,0.5,0.2,0.0,0.5,0.6249580694637213,0.3749748417668832,4.193053627842521e-05,2.5158233116721902e-05,4.78622925413147
985,197.13142094729818,0.5,0.2,0.0,0.5,0.624958145349898,0.37497488730014744,4.185465010170055e-05,2.5112699852478117e-05,4.78622925413147
986,197.33155436957972,0.5,0.2,0.0,0.5,0.6249582210986172,0.37497493275097293,4.17789013825356e-05,2.50672490270292e-05,4.78622925413147
987,197.53168779186123,0.5,0.2,0.0,0.5,0.6249582967101266,0.37497497811950875,4.1703289873178206e-05,2.50218804912137e-05,4.78622925413147
988,197.73182121414274,0.5,0.2,0.0,0.5,0.6249583721846734,0.37497502340590383,4.162781532632287e-05,2.4976594096134036e-05,4.78622925413147
989,197.93195463642428,0.5,0.2,0.0,0.5,0.6249584475225046,0.37497506861030677,4.1552477495109565e-05,2.4931389693155805e-05,4.78622925413147
990,198.1320880587058,0.5,0.2,0.0,0.5,0.6249585227238666,0.374975113732866,4.147727613312266e-05,2.4886267133907075e-05,4.78622925413147
991,198.33222148098733,0.5,0.2,0.0,0.5,0.6249585977890053,0.37497515877372967,4.1402210994389584e-05,2.4841226270277615e-05,4.78622925413147
992,198.53235490326884,0.5,0.2,0.0,0.5,0.6249586727181663,0.37497520373304555,4.132728183337979e-05,2.4796266954418218e-05,4.78622925413147
993,198.73248832555035,0.5,0.2,0.0,0.5,0.6249587475115947,0.3749752486109612,4.1252488405003456e-05,2.475138903873995e-05,4.78622925413147
994,198.9326217478319,0.5,0.2,0.0,0.5,0.6249588221695351,0.37497529340762403,4.117783046461037e-05,2.4706592375913425e-05,4.78622925413147
995,199.1327551701134,0.5,0.2,0.0,0.5,0.6249588966922317,0.37497533812318107,4.110330776798877e-05,2.466187681886811e-05,4.78622925413147
996,199.3328885923949,0.5,0.2,0.0,0.5,0.6249589710799284,0.37497538275777914,4.1028920071364075e-05,2.4617242220791562e-05,4.78622925413147
997,199.53302201467645,0.5,0.2,0.0,0.5,0.6249590453328683,0.3749754273115648,4.0954667131397774e-05,2.4572688435128736e-05,4.78622925413147
998,199.73315543695796,0.5,0.2,0.0,0.5,0.6249591194512946,0.3749754717846844,4.0880548705186236e-05,2.4528215315581255e-05,4.78622925413147
999,199.9332888592395,0.5,0.2,0.0,0.5,0.6249591934354495,0.37497551617728386,4.0806564550259496e-05,2.4483822716106666e-05,4.78622925413147
1000,200.133422281521,0.5,0.2,0.0,0.5,0.6249592672855752,0.37497556048950903,4.073271442458013e-05,2.4439510490917754e-05,4.78622925413147
1001,200.33355570380252,0.5,0.2,0.0,0.5,0.6249593410019132,0.3749756047215055,4.0658998086542006e-05,2.439527849448178e-05,4.78622925413147
1002,200.53368912608406,0.5,0.2,0.0,0.5,0.6249594145847047,0.37497564887341844,4.058541529496914e-05,2.435112658151978e-05,4.78622925413147
1003,200.73382254836557,0.5,0.2,0.0,0.5,0.6249594880341907,0.37497569294539296,4.051196580911455e-05,2.430705460700584e-05,4.78622925413147
1004,200.93395597064708,0.5,0.2,0.0,0.5,0.624959561350611,0.3749757369375738,4.043864938865897e-05,2.4263062426166366e-05,4.78622925413147
1005,201.13408939292862,0.5,0.2,0.0,0.5,0.624959634534206,0.37497578085010547,4.036546579370978e-05,2.421914989447936e-05,4.78622925413147
1006,201.33422281521013,0.5,0.2,0.0,0.5,0.6249597075852149,0.3749758246831323,4.029241478479978e-05,2.417531686767371e-05,4.78622925413147
1007,201.53435623749166,0.5,0.2,0.0,0.5,0.6249597805038768,0.3749758684367982,4.021949612288597e-05,2.4131563201728442e-05,4.78622925413147
1008,201.73448965977317,0.5,0.2,0.0,0.5,0.6249598532904304,0.3749759121112471,4.014670956934845e-05,2.4087888752872036e-05,4.78622925413147
1009,201.93462308205469,0.5,0.2,0.0,0.5,0.6249599259451137,0.37497595570662234,4.007405488598917e-05,2.4044293377581654e-05,4.78622925413147
1010,202.13475650433622,0.5,0.2,0.0,0.5,0.6249599984681647,0.37497599922306735,4.0001531835030766e-05,2.400077693258244e-05,4.78622925413147
1011,202.33488992661773,0.5,0.2,0.0,0.5,0.6249600708598206,0.3749760426607251,3.992914017911541e-05,2.3957339274846828e-05,4.78622925413147
1012,202.53502334889924,0.5,0.2,0.0,0.5,0.6249601431203184,0.37497608601973836,3.985687968130358e-05,2.3913980261593753e-05,4.78622925413147
1013,202.73515677118078,0.5,0.2,0.0,0.5,0.6249602152498946,0.37497612930024965,3.9784750105072915e-05,2.387069975028797e-05,4.78622925413147
1014,202.9352901934623,0.5,0.2,0.0,0.5,0.6249602872487854,0.3749761725024013,3.9712751214317025e-05,2.3827497598639347e-05,4.78622925413147
1015,203.13542361574383,0.5,0.2,0.0,0.5,0.6249603591172264,0.3749762156263353,3.964088277334429e-05,2.3784373664602083e-05,4.78622925413147
1016,203.33555703802534,0.5,0.2,0.0,0.5,0.6249604308554528,0.3749762586721936,3.9569144546876726e-05,2.374132780637405e-05,4.78622925413147
1017,203.53569046030685,0.5,0.2,0.0,0.5,0.6249605024636997,0.3749763016401175,3.949753630004874e-05,2.3698359882396022e-05,4.78622925413147
1018,203.7358238825884,0.5,0.2,0.0,0.5,0.6249605739422013,0.3749763445302486,3.942605779840598e-05,2.365546975135096e-05,4.78622925413147
1019,203.9359573048699,0.5,0.2,0.0,0.5,0.6249606452911918,0.37497638734272776,3.9354708807904185e-05,2.3612657272163325e-05,4.78622925413147
1020,204.1360907271514,0.5,0.2,0.0,0.5,0.6249607165109048,0.37497643007769593,3.928348909490795e-05,2.35699223039983e-05,4.78622925413147
1021,204.33622414943295,0.5,0.2,0.0,0.5,0.6249607876015736,0.37497647273529366,3.9212398426189566e-05,2.3527264706261105e-05,4.78622925413147
1022,204.53635757171446,0.5,0.2,0.0,0.5,0.6249608585634308,0.37497651531566134,3.9141436568927856e-05,2.348468433859627e-05,4.78622925413147
1023,204.736490993996,0.5,0.2,0.0,0.5,0.624960929396709,0.37497655781893907,3.907060329070696e-05,2.3442181060886875e-05,4.78622925413147
1024,204.9366244162775,0.5,0.2,0.0,0.5,0.6249610001016402,0.3749766002452667,3.89998983595152e-05,2.3399754733253898e-05,4.78622925413147
1025,205.13675783855902,0.5,0.2,0.0,0.5,0.624961070678456,0.3749766425947839,3.892932154374383e-05,2.335740521605541e-05,4.78622925413147
1026,205.33689126084056,0.5,0.2,0.0,0.5,0.6249611411273875,0.3749766848676301,3.8858872612185926e-05,2.3315132369885902e-05,4.78622925413147
1027,205.53702468312207,0.5,0.2,0.0,0.5,0.6249612114486657,0.37497672706394436,3.8788551334035164e-05,2.3272936055575564e-05,4.78622925413147
1028,205.7371581054036,0.5,0.2,0.0,0.5,0.6249612816425208,0.37497676918386574,3.871835747888463e-05,2.3230816134189533e-05,4.78622925413147
1029,205.93729152768512,0.5,0.2,0.0,0.5,0.624961351709183,0.3749768112275329,3.864829081672571e-05,2.3188772467027188e-05,4.78622925413147
1030,206.13742494996663,0.5,0.2,0.0,0.5,0.6249614216488818,0.37497685319508434,3.857835111794679e-05,2.314680491562142e-05,4.78622925413147
1031,206.33755837224817,0.5,0.2,0.0,0.5,0.6249614914618464,0.3749768950866582,3.850853815333218e-05,2.310491334173791e-05,4.78622925413147
1032,206.53769179452968,0.5,0.2,0.0,0.5,0.6249615611483057,0.3749769369023926,3.843885169406088e-05,2.3063097607374426e-05,4.78622925413147
1033,206.7378252168112,0.5,0.2,0.0,0.5,0.624961630708488,0.3749769786424252,3.836929151170541e-05,2.3021357574760053e-05,4.78622925413147
1034,206.93795863909273,0.5,0.2,0.0,0.5,0.6249617001426215,0.3749770203068936,3.8299857378230634e-05,2.2979693106354504e-05,4.78622925413147
1035,207.13809206137424,0.5,0.2,0.0,0.5,0.6249617694509337,0.3749770618959351,3.823054906599258e-05,2.293810406484741e-05,4.78622925413147
1036,207.33822548365578,0.5,0.2,0.0,0.5,0.624961838633652,0.37497710340968676,3.816136634773724e-05,2.289659031315755e-05,4.78622925413147
1037,207.5383589059373,0.5,0.2,0.0,0.5,0.6249619076910031,0.37497714484828554,3.8092308996599406e-05,2.2855151714432172e-05,4.78622925413147
1038,207.7384923282188,0.5,0.2,0.0,0.5,0.6249619766232136,0.3749771862118679,3.80233767861015e-05,2.2813788132046245e-05,4.78622925413147
1039,207.93862575050034,0.5,0.2,0.0,0.5,0.6249620454305096,0.37497722750057033,3.795456949015234e-05,2.277249942960173e-05,4.78622925413147
1040,208.13875917278185,0.5,0.2,0.0,0.5,0.6249621141131166,0.374977268714529,3.788588688304604e-05,2.2731285470926896e-05,4.78622925413147
1041,208.33889259506336,0.5,0.2,0.0,0.5,0.6249621826712602,0.3749773098538799,3.781732873946075e-05,2.2690146120075547e-05,4.78622925413147
1042,208.5390260173449,0.5,0.2,0.0,0.5,0.6249622511051652,0.3749773509187586,3.774889483445752e-05,2.2649081241326322e-05,4.78622925413147
1043,208.7391594396264,0.5,0.2,0.0,0.5,0.6249623194150562,0.37497739190930074,3.768058494347913e-05,2.260809069918199e-05,4.78622925413147
1044,208.93929286190794,0.5,0.2,0.0,0.5,0.6249623876011574,0.37497743282564155,3.761239884234883e-05,2.2567174358368678e-05,4.78622925413147
1045,209.13942628418945,0.5,0.2,0.0,0.5,0.6249624556636925,0.3749774736679161,3.754433630726928e-05,2.2526332083835207e-05,4.78622925413147
1046,209.33955970647096,0.5,0.2,0.0,0.5,0.624962523602885,0.3749775144362592,3.747639711482126e-05,2.2485563740752317e-05,4.78622925413147
1047,209.5396931287525,0.5,0.2,0.0,0.5,0.6249625914189577,0.37497755513080544,3.740858104196254e-05,2.2444869194511963e-05,4.78622925413147
1048,209.739826551034,0.5,0.2,0.0,0.5,0.6249626591121337,0.3749775957516892,3.734088786602671e-05,2.2404248310726616e-05,4.78622925413147
1049,209.93995997331552,0.5,0.2,0.0,0.5,0.624962726682635,0.37497763629904474,3.727331736472195e-05,2.2363700955228498e-05,4.78622925413147
1050,210.14009339559706,0.5,0.2,0.0,0.5,0.6249627941306836,0.37497767677300586,3.720586931612989e-05,2.2323226994068873e-05,4.78622925413147
1051,210.34022681787857,0.5,0.2,0.0,0.5,0.624962861456501,0.3749777171737064,3.713854349870443e-05,2.2282826293517354e-05,4.78622925413147
1052,210.5403602401601,0.5,0.2,0.0,0.5,0.6249629286603084,0.3749777575012799,3.707133969127052e-05,2.2242498720061123e-05,4.78622925413147
1053,210.74049366244162,0.5,0.2,0.0,0.5,0.6249629957423267,0.37497779775585954,3.700425767302303e-05,2.220224414040427e-05,4.78622925413147
1054,210.94062708472313,0.5,0.2,0.0,0.5,0.6249630627027762,0.3749778379375785,3.6937297223525525e-05,2.2162062421467008e-05,4.78622925413147
1055,211.14076050700467,0.5,0.2,0.0,0.5,0.624963129541877,0.37497787804656957,3.6870458122709084e-05,2.2121953430384993e-05,4.78622925413147
1056,211.34089392928618,0.5,0.2,0.0,0.5,0.6249631962598489,0.37497791808296543,3.680374015087119e-05,2.2081917034508596e-05,4.78622925413147
1057,211.5410273515677,0.5,0.2,0.0,0.5,0.6249632628569111,0.37497795804689854,3.673714308867443e-05,2.204195310140216e-05,4.78622925413147
1058,211.74116077384923,0.5,0.2,0.0,0.5,0.6249633293332826,0.3749779979385011,3.667066671714542e-05,2.2002061498843284e-05,4.78622925413147
1059,211.94129419613074,0.5,0.2,0.0,0.5,0.624963395689182,0.3749780377579051,3.660431081767358e-05,2.196224209482212e-05,4.78622925413147
1060,212.14142761841228,0.5,0.2,0.0,0.5,0.6249634619248278,0.3749780775052424,3.653807517200991e-05,2.192249475754061e-05,4.78622925413147
1061,212.3415610406938,0.5,0.2,0.0,0.5,0.6249635280404374,0.37497811718064455,3.647195956226592e-05,2.1882819355411805e-05,4.78622925413147
1062,212.5416944629753,0.5,0.2,0.0,0.5,0.6249635940362288,0.3749781567842429,3.640596377091233e-05,2.1843215757059118e-05,4.78622925413147
1063,212.74182788525684,0.5,0.2,0.0,0.5,0.624963659912419,0.37497819631616863,3.6340087580777945e-05,2.1803683831315583e-05,4.78622925413147
1064,212.94196130753835,0.5,0.2,0.0,0.5,0.6249637256692246,0.3749782357765527,3.6274330775048504e-05,2.176422344722319e-05,4.78622925413147
1065,213.14209472981986,0.5,0.2,0.0,0.5,0.6249637913068624,0.3749782751655259,3.620869313726543e-05,2.17248344740321e-05,4.78622925413147
1066,213.3422281521014,0.5,0.2,0.0,0.5,0.6249638568255484,0.3749783144832187,3.6143174451324666e-05,2.1685516781199942e-05,4.78622925413147
1067,213.5423615743829,0.5,0.2,0.0,0.5,0.6249639222254982,0.37497835372976157,3.607777450147556e-05,2.164627023839112e-05,4.78622925413147
1068,213.74249499666445,0.5,0.2,0.0,0.5,0.6249639875069274,0.37497839290528445,3.6012493072319594e-05,2.160709471547603e-05,4.78622925413147
1069,213.94262841894596,0.5,0.2,0.0,0.5,0.624964052670051,0.37497843200991743,3.594732994880927e-05,2.1567990082530405e-05,4.78622925413147
1070,214.14276184122747,0.5,0.2,0.0,0.5,0.6249641177150835,0.3749784710437901,3.5882284916246865e-05,2.152895620983453e-05,4.78622925413147
1071,214.342895263509,0.5,0.2,0.0,0.5,0.6249641826422394,0.3749785100070321,3.581735776028329e-05,2.1489992967872545e-05,4.78622925413147
1072,214.54302868579052,0.5,0.2,0.0,0.5,0.6249642474517328,0.3749785488997726,3.575254826691695e-05,2.1451100227331753e-05,4.78622925413147
1073,214.74316210807203,0.5,0.2,0.0,0.5,0.6249643121437772,0.3749785877221408,3.568785622249247e-05,2.1412277859101827e-05,4.78622925413147
1074,214.94329553035357,0.5,0.2,0.0,0.5,0.6249643767185861,0.37497862647426566,3.5623281413699555e-05,2.1373525734274142e-05,4.78622925413147
1075,215.14342895263508,0.5,0.2,0.0,0.5,0.6249644411763722,0.3749786651562758,3.555882362757185e-05,2.133484372414105e-05,4.78622925413147
1076,215.34356237491662,0.5,0.2,0.0,0.5,0.6249645055173483,0.3749787037682997,3.549448265148569e-05,2.1296231700195106e-05,4.78622925413147
1077,215.54369579719813,0.5,0.2,0.0,0.5,0.6249645697417265,0.3749787423104658,3.543025827315897e-05,2.1257689534128417e-05,4.78622925413147
1078,215.74382921947964,0.5,0.2,0.0,0.5,0.6249646338497191,0.3749787807829021,3.536615028064993e-05,2.121921709783186e-05,4.78622925413147
1079,215.94396264176117,0.5,0.2,0.0,0.5,0.6249646978415374,0.37497881918573656,3.5302158462355984e-05,2.1180814263394372e-05,4.78622925413147
1080,216.14409606404269,0.5,0.2,0.0,0.5,0.6249647617173927,0.3749788575190968,3.523828260701258e-05,2.1142480903102268e-05,4.78622925413147
1081,216.3442294863242,0.5,0.2,0.0,0.5,0.624964825477496,0.3749788957831105,3.5174522503691924e-05,2.1104216889438453e-05,4.78622925413147
1082,216.54436290860573,0.5,0.2,0.0,0.5,0.6249648891220579,0.3749789339779049,3.5110877941801894e-05,2.1066022095081733e-05,4.78622925413147
1083,216.74449633088724,0.5,0.2,0.0,0.5,0.6249649526512886,0.37497897210360703,3.504734871108482e-05,2.102789639290611e-05,4.78622925413147
1084,216.94462975316878,0.5,0.2,0.0,0.5,0.6249650160653981,0.37497901016034396,3.498393460161627e-05,2.0989839655980018e-05,4.78622925413147
1085,217.1447631754503,0.5,0.2,0.0,0.5,0.6249650793645959,0.3749790481482424,3.492063540380396e-05,2.0951851757565625e-05,4.78622925413147
1086,217.3448965977318,0.5,0.2,0.0,0.5,0.6249651425490913,0.3749790860674288,3.485745090838645e-05,2.09139325711181e-05,4.78622925413147
1087,217.54503002001334,0.5,0.2,0.0,0.5,0.6249652056190933,0.3749791239180297,3.479438090643205e-05,2.0876081970284894e-05,4.78622925413147
1088,217.74516344229485,0.5,0.2,0.0,0.5,0.6249652685748104,0.37497916170017104,3.473142518933765e-05,2.0838299828905027e-05,4.78622925413147
1089,217.94529686457636,0.5,0.2,0.0,0.5,0.6249653314164509,0.37497919941397895,3.4668583548827445e-05,2.0800586021008332e-05,4.78622925413147
1090,218.1454302868579,0.5,0.2,0.0,0.5,0.6249653941442228,0.37497923705957914,3.4605855776951844e-05,2.0762940420814764e-05,4.78622925413147
1091,218.3455637091394,0.5,0.2,0.0,0.5,0.6249654567583336,0.37497927463709724,3.4543241666086276e-05,2.0725362902733674e-05,4.78622925413147
1092,218.54569713142095,0.5,0.2,0.0,0.5,0.6249655192589908,0.3749793121466586,3.4480741008929945e-05,2.0687853341363057e-05,4.78622925413147
1093,218.74583055370246,0.5,0.2,0.0,0.5,0.6249655816464013,0.37497934958838847,3.441835359850473e-05,2.065041161148887e-05,4.78622925413147
1094,218.94596397598397,0.5,0.2,0.0,0.5,0.6249656439207716,0.37497938696241184,3.435607922815396e-05,2.0613037588084274e-05,4.78622925413147
1095,219.1460973982655,0.5,0.2,0.0,0.5,0.6249657060823082,0.3749794242688536,3.4293917691541205e-05,2.0575731146308917e-05,4.78622925413147
1096,219.34623082054702,0.5,0.2,0.0,0.5,0.6249657681312171,0.37497946150783845,3.423186878264918e-05,2.0538492161508242e-05,4.78622925413147
1097,219.54636424282853,0.5,0.2,0.0,0.5,0.6249658300677039,0.3749794986794907,3.4169932295778485e-05,2.0501320509212716e-05,4.78622925413147
1098,219.74649766511007,0.5,0.2,0.0,0.5,0.6249658918919742,0.37497953578393484,3.410810802554645e-05,2.0464216065137132e-05,4.78622925413147
1099,219.94663108739158,0.5,0.2,0.0,0.5,0.6249659536042328,0.3749795728212948,3.4046395766885964e-05,2.04271787051799e-05,4.78622925413147
1100,220.14676450967312,0.5,0.2,0.0,0.5,0.6249660152046846,0.37497960979169453,3.3984795315044276e-05,2.039020830542228e-05,4.78622925413147
1101,220.34689793195463,0.5,0.2,0.0,0.5,0.6249660766935341,0.3749796466952578,3.392330646558185e-05,2.035330474212772e-05,4.78622925413147
1102,220.54703135423614,0.5,0.2,0.0,0.5,0.6249661380709853,0.3749796835321082,3.386192901437111e-05,2.0316467891741068e-05,4.78622925413147
1103,220.74716477651768,0.5,0.2,0.0,0.5,0.6249661993372422,0.37497972030236904,3.380066275759533e-05,2.0279697630887883e-05,4.78622925413147
1104,220.9472981987992,0.5,0.2,0.0,0.5,0.624966260492508,0.3749797570061636,3.373950749174744e-05,2.0242993836373725e-05,4.78622925413147
1105,221.1474316210807,0.5,0.2,0.0,0.5,0.6249663215369861,0.3749797936436148,3.3678463013628806e-05,2.0206356385183398e-05,4.78622925413147
1106,221.34756504336224,0.5,0.2,0.0,0.5,0.6249663824708794,0.3749798302148455,3.361752912034808e-05,2.0169785154480236e-05,4.78622925413147
1107,221.54769846564375,0.5,0.2,0.0,0.5,0.6249664432943904,0.37497986671997835,3.355670560932004e-05,2.0133280021605413e-05,4.78622925413147
1108,221.7478318879253,0.5,0.2,0.0,0.5,0.6249665040077215,0.3749799031591359,3.349599227826433e-05,2.0096840864077164e-05,4.78622925413147
1109,221.9479653102068,0.5,0.2,0.0,0.5,0.6249665646110745,0.37497993953244035,3.343538892520439e-05,2.0060467559590106e-05,4.78622925413147
1110,222.1480987324883,0.5,0.2,0.0,0.5,0.6249666251046513,0.3749799758400139,3.337489534846616e-05,2.0024159986014498e-05,4.78622925413147
1111,222.34823215476985,0.5,0.2,0.0,0.5,0.6249666854886531,0.37498001208197856,3.331451134667699e-05,1.9987918021395508e-05,4.78622925413147
1112,222.54836557705136,0.5,0.2,0.0,0.5,0.6249667457632809,0.374980048258456,3.325423671876441e-05,1.9951741543952513e-05,4.78622925413147
1113,222.74849899933287,0.5,0.2,0.0,0.5,0.6249668059287358,0.37498008436956787,3.3194071263954964e-05,1.9915630432078355e-05,4.78622925413147
1114,222.9486324216144,0.5,0.2,0.0,0.5,0.624966865985218,0.3749801204154356,3.3134014781773006e-05,1.987958456433862e-05,4.78622925413147
1115,223.14876584389592,0.5,0.2,0.0,0.5,0.6249669259329277,0.3749801563961805,3.3074067072039575e-05,1.9843603819470938e-05,4.78622925413147
1116,223.34889926617745,0.5,0.2,0.0,0.5,0.6249669857720649,0.3749801923119236,3.301422793487114e-05,1.980768807638422e-05,4.78622925413147
1117,223.54903268845896,0.5,0.2,0.0,0.5,0.624967045502829,0.3749802281627858,3.2954497170678483e-05,1.977183721415797e-05,4.78622925413147
1118,223.74916611074048,0.5,0.2,0.0,0.5,0.6249671051254195,0.3749802639488879,3.289487458016548e-05,1.9736051112041546e-05,4.78622925413147
1119,223.949299533022,0.5,0.2,0.0,0.5,0.6249671646400354,0.3749802996703505,3.2835359964327897e-05,1.970032964945343e-05,4.78622925413147
1120,224.14943295530352,0.5,0.2,0.0,0.5,0.6249672240468753,0.37498033532729397,3.277595312445231e-05,1.9664672705980523e-05,4.78622925413147
1121,224.34956637758503,0.5,0.2,0.0,0.5,0.6249672833461376,0.37498037091983855,3.271665386211479e-05,1.9629080161377405e-05,4.78622925413147
1122,224.54969979986657,0.5,0.2,0.0,0.5,0.6249673425380206,0.3749804064481044,3.265746197917982e-05,1.9593551895565612e-05,4.78622925413147
1123,224.74983322214808,0.5,0.2,0.0,0.5,0.6249674016227219,0.3749804419122113,3.259837727779908e-05,1.955808778863294e-05,4.78622925413147
1124,224.94996664442962,0.5,0.2,0.0,0.5,0.6249674606004393,0.3749804773122791,3.253939956041023e-05,1.9522687720832675e-05,4.78622925413147
1125,225.15010006671113,0.5,0.2,0.0,0.5,0.62496751947137,0.37498051264842736,3.2480528629735825e-05,1.9487351572582914e-05,4.78622925413147
1126,225.35023348899264,0.5,0.2,0.0,0.5,0.6249675782357109,0.37498054792077545,3.2421764288782016e-05,1.945207922446581e-05,4.78622925413147
1127,225.55036691127418,0.5,0.2,0.0,0.5,0.6249676368936641,0.3749805831294354,3.236310633564679e-05,1.941687056456367e-05,4.78622925413147
1128,225.7505003335557,0.5,0.2,0.0,0.5,0.6249676954455179,0.37498061827439616,3.230455448191386e-05,1.938172560380359e-05,4.78622925413147
1129,225.9506337558372,0.5,0.2,0.0,0.5,0.6249677538915109,0.37498065335571645,3.2246108488820754e-05,1.934664428348673e-05,4.78622925413147
1130,226.15076717811874,0.5,0.2,0.0,0.5,0.6249678122318512,0.37498068837349824,3.218776814856049e-05,1.9311626501715275e-05,4.78622925413147
1131,226.35090060040025,0.5,0.2,0.0,0.5,0.6249678704667466,0.37498072332784255,3.2129533253145156e-05,1.9276672157400224e-05,4.78622925413147
1132,226.5510340226818,0.5,0.2,0.0,0.5,0.6249679285964054,0.3749807582188497,3.2071403594397525e-05,1.9241781150270767e-05,4.78622925413147
1133,226.7511674449633,0.5,0.2,0.0,0.5,0.6249679866210358,0.3749807930466191,3.201337896394274e-05,1.9206953380883726e-05,4.78622925413147
1134,226.9513008672448,0.5,0.2,0.0,0.5,0.6249680445408465,0.3749808278112493,3.1955459153199946e-05,1.91721887506329e-05,4.78622925413147
1135,227.15143428952635,0.5,0.2,0.0,0.5,0.6249681023560464,0.3749808625128382,3.189764395337398e-05,1.9137487161758487e-05,4.78622925413147
1136,227.35156771180786,0.5,0.2,0.0,0.5,0.6249681600668443,0.3749808971514826,3.1839933155447016e-05,1.9102848517356497e-05,4.78622925413147
1137,227.55170113408937,0.5,0.2,0.0,0.5,0.6249682176734496,0.3749809317272786,3.1782326550170214e-05,1.906827272138812e-05,4.78622925413147
1138,227.7518345563709,0.5,0.2,0.0,0.5,0.6249682751760717,0.3749809662403213,3.1724823928055384e-05,1.9033759678689125e-05,4.78622925413147
1139,227.95196797865242,0.5,0.2,0.0,0.5,0.6249683325749203,0.374981000690705,3.166742507936667e-05,1.899930929497929e-05,4.78622925413147
1140,228.15210140093396,0.5,0.2,0.0,0.5,0.6249683898702056,0.3749810350785231,3.161012979411217e-05,1.8964921476871746e-05,4.78622925413147
1141,228.35223482321547,0.5,0.2,0.0,0.5,0.6249684470621377,0.3749810694038681,3.155293786203562e-05,1.8930596131882427e-05,4.78622925413147
1142,228.55236824549698,0.5,0.2,0.0,0.5,0.6249685041509272,0.3749811036668315,3.1495849072608035e-05,1.8896333168439424e-05,4.78622925413147
1143,228.75250166777852,0.5,0.2,0.0,0.5,0.6249685611367848,0.3749811378675041,3.143886321501939e-05,1.88621324958924e-05,4.78622925413147
1144,228.95263509006003,0.5,0.2,0.0,0.5,0.6249686180199215,0.3749811720059754,3.138198007817026e-05,1.8827994024522007e-05,4.78622925413147
1145,229.15276851234154,0.5,0.2,0.0,0.5,0.6249686748005491,0.37498120608233443,3.132519945066351e-05,1.8793917665549236e-05,4.78622925413147
1146,229.35290193462308,0.5,0.2,0.0,0.5,0.624968731478879,0.37498124009666883,3.126852112079586e-05,1.875990333114485e-05,4.78622925413147
1147,229.5530353569046,0.5,0.2,0.0,0.5,0.6249687880551232,0.3749812740490655,3.121194487654971e-05,1.872595093443877e-05,4.78622925413147
1148,229.75316877918613,0.5,0.2,0.0,0.5,0.6249688445294942,0.37498130793961043,3.115547050558463e-05,1.8692060389529477e-05,4.78622925413147
1149,229.95330220146764,0.5,0.2,0.0,0.5,0.6249689009022046,0.3749813417683885,3.1099097795229124e-05,1.86582316114934e-05,4.78622925413147
1150,230.15343562374915,0.5,0.2,0.0,0.5,0.6249689571734672,0.37498137553548355,3.104282653247224e-05,1.8624464516394306e-05,4.78622925413147
1151,230.35356904603069,0.5,0.2,0.0,0.5,0.6249690133434957,0.37498140924097867,3.098665650395525e-05,1.859075902129272e-05,4.78622925413147
1152,230.5537024683122,0.5,0.2,0.0,0.5,0.6249690694125037,0.3749814428849557,3.093058749596331e-05,1.855711504425531e-05,4.78622925413147
1153,230.75383589059373,0.5,0.2,0.0,0.5,0.6249691253807054,0.3749814764674956,3.08746192944171e-05,1.8523532504364268e-05,4.78622925413147
1154,230.95396931287524,0.5,0.2,0.0,0.5,0.6249691812483149,0.37498150998867824,3.0818751684864515e-05,1.849001132172674e-05,4.78622925413147
1155,231.15410273515675,0.5,0.2,0.0,0.5,0.6249692370155473,0.3749815434485825,3.076298445247229e-05,1.8456551417484188e-05,4.78622925413147
1156,231.3542361574383,0.5,0.2,0.0,0.5,0.6249692926826177,0.37498157684728617,3.0707317382017656e-05,1.8423152713821806e-05,4.78622925413147
1157,231.5543695797198,0.5,0.2,0.0,0.5,0.6249693482497419,0.374981610184866,3.0651750257880055e-05,1.838981513397792e-05,4.78622925413147
1158,231.75450300200131,0.5,0.2,0.0,0.5,0.6249694037171357,0.37498164346139773,3.059628286403273e-05,1.8356538602253375e-05,4.78622925413147
1159,231.95463642428285,0.5,0.2,0.0,0.5,0.6249694590850158,0.3749816766769559,3.054091498403442e-05,1.832332304402092e-05,4.78622925413147
1160,232.15476984656436,0.5,0.2,0.0,0.5,0.6249695143535987,0.3749817098316142,3.048564640102101e-05,1.829016838573465e-05,4.78622925413147
1161,232.3549032688459,0.5,0.2,0.0,0.5,0.624969569523102,0.374981742925445,3.04304768976972e-05,1.825707455493934e-05,4.78622925413147
1162,232.5550366911274,0.5,0.2,0.0,0.5,0.6249696245937434,0.37498177595851967,3.0375406256328162e-05,1.8224041480279898e-05,4.78622925413147
1163,232.75517011340892,0.5,0.2,0.0,0.5,0.624969679565741,0.37498180893090843,3.032043425873117e-05,1.8191069091510724e-05,4.78622925413147
1164,232.95530353569046,0.5,0.2,0.0,0.5,0.6249697344393135,0.37498184184268046,3.0265560686267284e-05,1.8158157319505114e-05,4.78622925413147
1165,233.15543695797197,0.5,0.2,0.0,0.5,0.6249697892146799,0.3749818746939037,3.021078531983304e-05,1.8125306096264685e-05,4.78622925413147
1166,233.35557038025348,0.5,0.2,0.0,0.5,0.6249698438920599,0.37498190748464505,3.0156107939852034e-05,1.809251535492873e-05,4.78622925413147
1167,233.55570380253502,0.5,0.2,0.0,0.5,0.6249698984716735,0.37498194021497017,3.0101528326266635e-05,1.805978502978364e-05,4.78622925413147
1168,233.75583722481653,0.5,0.2,0.0,0.5,0.6249699529537387,0.37498197288494656,3.0047046261045327e-05,1.8027115053398597e-05,4.78622925413147
1169,233.95597064709807,0.5,0.2,0.0,0.5,0.6249700073381733,0.37498200549498406,2.999266182646982e-05,1.7994505015887806e-05,4.78622925413147
1170,234.15610406937958,0.5,0.2,0.0,0.5,0.6249700616249577,0.3749820380454203,2.993837504205485e-05,1.7961954579662087e-05,4.78622925413147
1171,234.3562374916611,0.5,0.2,0.0,0.5,0.6249701158142669,0.37498207053637006,2.9884185732833658e-05,1.792946362988803e-05,4.78622925413147
1172,234.55637091394263,0.5,0.2,0.0,0.5,0.6249701699062746,0.3749821029679491,2.983009372513422e-05,1.789703205084992e-05,4.78622925413147
1173,234.75650433622414,0.5,0.2,0.0,0.5,0.6249702239011531,0.374982135340274,2.9776098846599374e-05,1.7864659725926687e-05,4.78622925413147
1174,234.95663775850565,0.5,0.2,0.0,0.5,0.6249702777990735,0.3749821676534624,2.9722200926206917e-05,1.7832346537568726e-05,4.78622925413147
1175,235.1567711807872,0.5,0.2,0.0,0.5,0.6249703316002054,0.37498219990763265,2.9668399794289703e-05,1.7800092367274828e-05,4.78622925413147
1176,235.3569046030687,0.5,0.2,0.0,0.5,0.6249703853047172,0.3749822321029044,2.96146952825558e-05,1.7767897095569086e-05,4.78622925413147
1177,235.55703802535024,0.5,0.2,0.0,0.5,0.6249704389127756,0.37498226423939796,2.956108722410856e-05,1.7735760601977748e-05,4.78622925413147
1178,235.75717144763175,0.5,0.2,0.0,0.5,0.6249704924245463,0.37498229631723495,2.9507575453466766e-05,1.7703682765006147e-05,4.78622925413147
1179,235.95730486991326,0.5,0.2,0.0,0.5,0.6249705458401932,0.37498232833653783,2.945415980658471e-05,1.7671663462115566e-05,4.78622925413147
1180,236.1574382921948,0.5,0.2,0.0,0.5,0.6249705991598788,0.37498236029743026,2.9400840120872328e-05,1.7639702569700146e-05,4.78622925413147
1181,236.3575717144763,0.5,0.2,0.0,0.5,0.6249706523837645,0.3749823922000369,2.9347616235215338e-05,1.7607799963063778e-05,4.78622925413147
1182,236.55770513675782,0.5,0.2,0.0,0.5,0.6249707055120097,0.37498242404448356,2.9294487989995297e-05,1.757595551639699e-05,4.78622925413147
1183,236.75783855903936,0.5,0.2,0.0,0.5,0.6249707585447726,0.3749824558308972,2.9241455227109745e-05,1.7544169102753837e-05,4.78622925413147
1184,236.95797198132087,0.5,0.2,0.0,0.5,0.6249708114822098,0.3749824875594059,2.9188517789992346e-05,1.7512440594028812e-05,4.78622925413147
1185,237.1581054036024,0.5,0.2,0.0,0.5,0.6249708643244761,0.374982519230139,2.9135675523632933e-05,1.748076986093371e-05,4.78622925413147
1186,237.35823882588392,0.5,0.2,0.0,0.5,0.6249709170717251,0.37498255084322696,2.9082928274597706e-05,1.7449156772974548e-05,4.78622925413147
1187,237.55837224816543,0.5,0.2,0.0,0.5,0.6249709697241087,0.3749825823988015,2.903027589104926e-05,1.7417601198428442e-05,4.78622925413147
1188,237.75850567044697,0.5,0.2,0.0,0.5,0.6249710222817769,0.3749826138969956,2.897771822276675e-05,1.7386103004320496e-05,4.78622925413147
1189,237.95863909272848,0.5,0.2,0.0,0.5,0.6249710747448786,0.3749826453379435,2.892525512116602e-05,1.7354662056400717e-05,4.78622925413147
1190,238.15877251500999,0.5,0.2,0.0,0.5,0.6249711271135604,0.3749826767217808,2.887288643931965e-05,1.732327821912088e-05,4.78622925413147
1191,238.35890593729152,0.5,0.2,0.0,0.5,0.6249711793879678,0.3749827080486443,2.882061203197713e-05,1.7291951355611434e-05,4.78622925413147
1192,238.55903935957303,0.5,0.2,0.0,0.5,0.6249712315682442,0.37498273931867226,2.876843175558496e-05,1.7260681327658402e-05,4.78622925413147
1193,238.75917278185457,0.5,0.2,0.0,0.5,0.6249712836545315,0.37498277053200424,2.8716345468306737e-05,1.722946799568026e-05,4.78622925413147
1194,238.95930620413608,0.5,0.2,0.0,0.5,0.6249713356469697,0.37498280168878123,2.8664353030043304e-05,1.719831121870484e-05,4.78622925413147
1195,239.1594396264176,0.5,0.2,0.0,0.5,0.6249713875456973,0.37498283278914557,2.8612454302452835e-05,1.716721085434621e-05,4.78622925413147
1196,239.35957304869913,0.5,0.2,0.0,0.5,0.6249714393508508,0.37498286383324114,2.8560649148970954e-05,1.7136166758781575e-05,4.78622925413147
1197,239.55970647098064,0.5,0.2,0.0,0.5,0.6249714910625649,0.3749828948212132,2.8508937434830884e-05,1.7105178786728182e-05,4.78622925413147
1198,239.75983989326215,0.5,0.2,0.0,0.5,0.6249715426809727,0.3749829257532085,2.8457319027083504e-05,1.7074246791420185e-05,4.78622925413147
1199,239.9599733155437,0.5,0.2,0.0,0.5,0.6249715942062051,0.37498295662937536,2.8405793794617487e-05,1.7043370624585556e-05,4.78622925413147
1200,240.1601067378252,0.5,0.2,0.0,0.5,0.6249716456383916,0.3749829874498635,2.835436160817944e-05,1.7012550136422984e-05,4.78622925413147
1201,240.36024016010674,0.5,0.2,0.0,0.5,0.6249716969776593,0.3749830182148244,2.8303022340393963e-05,1.6981785175578742e-05,4.78622925413147
1202,240.56037358238825,0.5,0.2,0.0,0.5,0.6249717482241339,0.3749830489244108,2.8251775865783825e-05,1.695107558912361e-05,4.78622925413147
1203,240.76050700466976,0.5,0.2,0.0,0.5,0.6249717993779389,0.3749830795787774,2.8200622060790016e-05,1.6920421222529747e-05,4.78622925413147
1204,240.9606404269513,0.5,0.2,0.0,0.5,0.6249718504391959,0.3749831101780803,2.8149560803791898e-05,1.688982191964758e-05,4.78622925413147
1205,241.1607738492328,0.5,0.2,0.0,0.5,0.6249719014080246,0.37498314072247724,2.8098591975127325e-05,1.6859277522682724e-05,4.78622925413147
1206,241.36090727151432,0.5,0.2,0.0,0.5,0.6249719522845426,0.37498317121212776,2.8047715457112718e-05,1.682878787217285e-05,4.78622925413147
1207,241.56104069379586,0.5,0.2,0.0,0.5,0.6249720030688657,0.37498320164719295,2.799693113406321e-05,1.6798352806964572e-05,4.78622925413147
1208,241.76117411607737,0.5,0.2,0.0,0.5,0.6249720537611074,0.37498323202783573,2.7946238892312758e-05,1.676797216419038e-05,4.78622925413147
1209,241.9613075383589,0.5,0.2,0.0,0.5,0.6249721043613795,0.3749832623542207,2.789563862023424e-05,1.6737645779245473e-05,4.78622925413147
1210,242.16144096064042,0.5,0.2,0.0,0.5,0.6249721548697718,0.3749832926262573,2.784513022794501e-05,1.670737374266349e-05,4.78622925413147
1211,242.36157438292193,0.5,0.2,0.0,0.5,0.624972205286362,0.3749833228437244,2.77947136377855e-05,1.6677156275574702e-05,4.78622925413147
1212,242.56170780520347,0.5,0.2,0.0,0.5,0.6249722556112509,0.3749833530067334,2.774438874885107e-05,1.6646993266554224e-05,4.78622925413147
1213,242.76184122748498,0.5,0.2,0.0,0.5,0.6249723058445373,0.37498338311539764,2.7694155462354686e-05,1.661688460232411e-05,4.78622925413147
1214,242.9619746497665,0.5,0.2,0.0,0.5,0.624972355986318,0.37498341316982997,2.7644013681818687e-05,1.658683016997076e-05,4.78622925413147
1215,243.16210807204803,0.5,0.2,0.0,0.5,0.6249724060366867,0.374983443170143,2.7593963313097556e-05,1.6556829856956145e-05,4.78622925413147
1216,243.36224149432954,0.5,0.2,0.0,0.5,0.6249724559957354,0.3749834731164488,2.7544004264400657e-05,1.6526883551128936e-05,4.78622925413147
1217,243.56237491661108,0.5,0.2,0.0,0.5,0.6249725058635535,0.3749835030088592,2.749413644631494e-05,1.649699114073567e-05,4.78622925413147
1218,243.7625083388926,0.5,0.2,0.0,0.5,0.6249725556402279,0.37498353284748553,2.744435977182774e-05,1.646715251443194e-05,4.78622925413147
1219,243.9626417611741,0.5,0.2,0.0,0.5,0.6249726053258434,0.37498356263243865,2.7394674156349457e-05,1.6437367561293537e-05,4.78622925413147
1220,244.16277518345564,0.5,0.2,0.0,0.5,0.624972654920482,0.3749835923638291,2.7345079517736322e-05,1.640763617082761e-05,4.78622925413147
1221,244.36290860573715,0.5,0.2,0.0,0.5,0.6249727044242235,0.37498362204176694,2.729557577631316e-05,1.6377958232983856e-05,4.78622925413147
1222,244.56304202801866,0.5,0.2,0.0,0.5,0.6249727538371448,0.3749836516663618,2.7246162854896072e-05,1.634833363816566e-05,4.78622925413147
1223,244.7631754503002,0.5,0.2,0.0,0.5,0.6249728031593209,0.3749836812377227,2.719684067881523e-05,1.6318762277241266e-05,4.78622925413147
1224,244.9633088725817,0.5,0.2,0.0,0.5,0.6249728523908238,0.3749837107559584,2.714760917593759e-05,1.628924404155496e-05,4.78622925413147
1225,245.16344229486324,0.5,0.2,0.0,0.5,0.624972901531723,0.37498374022117703,2.7098468276689632e-05,1.6259778822938197e-05,4.78622925413147
1226,245.36357571714476,0.5,0.2,0.0,0.5,0.6249729505820857,0.37498376963348623,2.7049417914080113e-05,1.623036651372081e-05,4.78622925413147
1227,245.56370913942627,0.5,0.2,0.0,0.5,0.624972999541976,0.3749837989929932,2.700045802372279e-05,1.6201007006742137e-05,4.78622925413147
1228,245.7638425617078,0.5,0.2,0.0,0.5,0.6249730484114558,0.3749838282998046,2.6951588543859156e-05,1.6171700195362206e-05,4.78622925413147
1229,245.96397598398931,0.5,0.2,0.0,0.5,0.6249730971905844,0.37498385755402647,2.6902809415381214e-05,1.6142445973472896e-05,4.78622925413147
1230,246.16410940627082,0.5,0.2,0.0,0.5,0.6249731458794179,0.37498388675576444,2.6854120581854174e-05,1.61132442355091e-05,4.78622925413147
1231,246.36424282855236,0.5,0.2,0.0,0.5,0.6249731944780103,0.3749839159051235,2.6805521989539214e-05,1.6084094876459876e-05,4.78622925413147
1232,246.56437625083387,0.5,0.2,0.0,0.5,0.6249732429864123,0.37498394500220805,2.675701358741623e-05,1.605499779187965e-05,4.78622925413147
1233,246.7645096731154,0.5,0.2,0.0,0.5,0.6249732914046725,0.374983974047122,2.6708595327206547e-05,1.6025952877899333e-05,4.78622925413147
1234,246.96464309539692,0.5,0.2,0.0,0.5,0.6249733397328363,0.3749840030399687,2.6660267163395684e-05,1.5996960031237528e-05,4.78622925413147
1235,247.16477651767843,0.5,0.2,0.0,0.5,0.6249733879709465,0.37498403198085073,2.6612029053256073e-05,1.5968019149211653e-05,4.78622925413147
1236,247.36490993995997,0.5,0.2,0.0,0.5,0.6249734361190429,0.3749840608698702,2.6563880956869814e-05,1.5939130129749144e-05,4.78622925413147
1237,247.56504336224148,0.5,0.2,0.0,0.5,0.6249734841771626,0.37498408970712854,2.651582283715142e-05,1.5910292871398596e-05,4.78622925413147
1238,247.765176784523,0.5,0.2,0.0,0.5,0.6249735321453399,0.3749841184927266,2.6467854659870533e-05,1.5881507273340937e-05,4.78622925413147
1239,247.96531020680453,0.5,0.2,0.0,0.5,0.624973580023606,0.37498414722676454,2.6419976393674675e-05,1.5852773235400584e-05,4.78622925413147
1240,248.16544362908604,0.5,0.2,0.0,0.5,0.6249736278119896,0.3749841759093419,2.6372188010112003e-05,1.582409065805663e-05,4.78622925413147
1241,248.36557705136758,0.5,0.2,0.0,0.5,0.6249736755105161,0.3749842045405575,2.6324489483654016e-05,1.5795459442453968e-05,4.78622925413147
1242,248.5657104736491,0.5,0.2,0.0,0.5,0.6249737231192081,0.37498423312050955,2.627688079171834e-05,1.57668794904145e-05,4.78622925413147
1243,248.7658438959306,0.5,0.2,0.0,0.5,0.624973770638085,0.3749842616492955,2.622936191469141e-05,1.5738350704448274e-05,4.78622925413147
1244,248.96597731821214,0.5,0.2,0.0,0.5,0.6249738180671638,0.3749842901270122,2.618193283595126e-05,1.5709872987764646e-05,4.78622925413147
1245,249.16611074049365,0.5,0.2,0.0,0.5,0.6249738654064578,0.37498431855375564,2.6134593541890246e-05,1.568144624428348e-05,4.78622925413147
1246,249.36624416277516,0.5,0.2,0.0,0.5,0.6249739126559778,0.3749843469296213,2.6087344021937764e-05,1.5653070378646257e-05,4.78622925413147
1247,249.5663775850567,0.5,0.2,0.0,0.5,0.6249739598157311,0.37498437525470374,2.604018426858302e-05,1.562474529622729e-05,4.78622925413147
1248,249.7665110073382,0.5,0.2,0.0,0.5,0.6249740068857224,0.3749844035290968,2.599311427739776e-05,1.559647090314486e-05,4.78622925413147
1249,249.96664442961975,0.5,0.2,0.0,0.5,0.6249740538659527,0.37498443175289364,2.5946134047058998e-05,1.556824710627239e-05,4.78622925413147
1250,250.16677785190126,0.5,0.2,0.0,0.5,0.6249741007564203,0.3749844599261867,2.589924357937178e-05,1.5540073813249607e-05,4.78622925413147
1251,250.36691127418277,0.5,0.2,0.0,0.5,0.6249741475577697,0.3749844880490379,2.5852442230014997e-05,1.5511950962132873e-05,4.78622925413147
1252,250.5670446964643,0.5,0.2,0.0,0.5,0.6249741942718141,0.3749845161214547,2.5805728185606727e-05,1.5483878545279058e-05,4.78622925413147
1253,250.76717811874582,0.5,0.2,0.0,0.5,0.6249742408988549,0.374984544143513,2.5759101144857797e-05,1.5455856486964505e-05,4.78622925413147
1254,250.96731154102733,0.5,0.2,0.0,0.5,0.6249742874391104,0.37498457211529135,2.5712560889317898e-05,1.5427884708641897e-05,4.78622925413147
1255,251.16744496330887,0.5,0.2,0.0,0.5,0.6249743338928048,0.374984600036867,2.5666107194912256e-05,1.5399963132990787e-05,4.78622925413147
1256,251.36757838559038,0.5,0.2,0.0,0.5,0.6249743802601679,0.37498462790831605,2.561973983182694e-05,1.537209168393503e-05,4.78622925413147
1257,251.56771180787192,0.5,0.2,0.0,0.5,0.6249744265414353,0.37498465572971335,2.557345856439411e-05,1.5344270286660225e-05,4.78622925413147
1258,251.76784523015343,0.5,0.2,0.0,0.5,0.6249744727368488,0.37498468350113234,2.5527263150977366e-05,1.5316498867631158e-05,4.78622925413147
1259,251.96797865243494,0.5,0.2,0.0,0.5,0.6249745188466559,0.3749847112226454,2.5481153343857003e-05,1.5288777354609224e-05,4.78622925413147
1260,252.16811207471648,0.5,0.2,0.0,0.5,0.6249745648711106,0.3749847388943233,2.5435128889115323e-05,1.5261105676669877e-05,4.78622925413147
1261,252.368245496998,0.5,0.2,0.0,0.5,0.6249746108104732,0.3749847665162358,2.5389189526521935e-05,1.5233483764220089e-05,4.78622925413147
1262,252.5683789192795,0.5,0.2,0.0,0.5,0.6249746566650103,0.374984794088451,2.5343334989419028e-05,1.5205911549015744e-05,4.78622925413147
1263,252.76851234156103,0.5,0.2,0.0,0.5,0.6249747024349951,0.3749848216110358,2.529756500460668e-05,1.5178388964179112e-05,4.78622925413147
1264,252.96864576384255,0.5,0.2,0.0,0.5,0.6249747481207075,0.37498484908405577,2.5251879292228173e-05,1.5150915944216283e-05,4.78622925413147
1265,253.16877918612408,0.5,0.2,0.0,0.5,0.624974793722434,0.37498487650757495,2.520627756565524e-05,1.5123492425034589e-05,4.78622925413147
1266,253.3689126084056,0.5,0.2,0.0,0.5,0.6249748392404684,0.37498490388165606,2.516075953137341e-05,1.5096118343960065e-05,4.78622925413147
1267,253.5690460306871,0.5,0.2,0.0,0.5,0.6249748846751109,0.37498493120636023,2.5115324888867263e-05,1.5068793639754869e-05,4.78622925413147
1268,253.76917945296864,0.5,0.2,0.0,0.5,0.6249749300266693,0.37498495848174734,2.5069973330505742e-05,1.5041518252634728e-05,4.78622925413147
1269,253.96931287525015,0.5,0.2,0.0,0.5,0.6249749752954583,0.3749849857078757,2.5024704541427463e-05,1.5014292124286389e-05,4.78622925413147
1270,254.16944629753166,0.5,0.2,0.0,0.5,0.6249750204818003,0.3749850128848021,2.4979518199425975e-05,1.4987115197885035e-05,4.78622925413147
1271,254.3695797198132,0.5,0.2,0.0,0.5,0.6249750655860249,0.37498504001258187,2.4934413974835083e-05,1.4959987418111736e-05,4.78622925413147
1272,254.5697131420947,0.5,0.2,0.0,0.5,0.6249751106084693,0.37498506709126883,2.4889391530414137e-05,1.49329087311709e-05,4.78622925413147
1273,254.76984656437625,0.5,0.2,0.0,0.5,0.6249751555494785,0.3749850941209152,2.4844450521233307e-05,1.490587908480768e-05,4.78622925413147
1274,254.96997998665776,0.5,0.2,0.0,0.5,0.6249752004094051,0.3749851211015717,2.479959059455892e-05,1.487889842832545e-05,4.78622925413147
1275,255.17011340893927,0.5,0.2,0.0,0.5,0.62497524518861,0.3749851480332874,2.4754811389738706e-05,1.4851966712603211e-05,4.78622925413147
1276,255.3702468312208,0.5,0.2,0.0,0.5,0.6249752898874616,0.3749851749161099,2.4710112538087118e-05,1.4825083890113053e-05,4.78622925413147
1277,255.57038025350232,0.5,0.2,0.0,0.5,0.6249753345063369,0.37498520175008504,2.4665493662770644e-05,1.4798249914937587e-05,4.78622925413147
1278,255.77051367578383,0.5,0.2,0.0,0.5,0.6249753790456211,0.37498522853525723,2.462095437869306e-05,1.4771464742787377e-05,4.78622925413147
1279,255.97064709806537,0.5,0.2,0.0,0.5,0.6249754235057073,0.374985255271669,2.457649429238075e-05,1.4744728331018383e-05,4.78622925413147
1280,256.1707805203469,0.5,0.2,0.0,0.5,0.6249754678869979,0.37498528195936137,2.4532113001868007e-05,1.4718040638649406e-05,4.78622925413147
1281,256.3709139426284,0.5,0.2,0.0,0.5,0.6249755121899031,0.3749853085983736,2.448781009658232e-05,1.4691401626379527e-05,4.78622925413147
1282,256.57104736490993,0.5,0.2,0.0,0.5,0.6249755564148425,0.3749853351887434,2.4443585157229654e-05,1.4664811256605527e-05,4.78622925413147
1283,256.77118078719144,0.5,0.2,0.0,0.5,0.6249756005622441,0.37498536173050656,2.439943775567977e-05,1.4638269493439349e-05,4.78622925413147
1284,256.97131420947295,0.5,0.2,0.0,0.5,0.6249756446325448,0.37498538822369726,2.4355367454851496e-05,1.4611776302725524e-05,4.78622925413147
1285,257.1714476317545,0.5,0.2,0.0,0.5,0.6249756886261911,0.37498541466834795,2.4311373808598033e-05,1.4585331652058606e-05,4.78622925413147
1286,257.371581054036,0.5,0.2,0.0,0.5,0.6249757325436381,0.37498544106448917,2.4267456361592277e-05,1.4558935510800643e-05,4.78622925413147
1287,257.57171447631754,0.5,0.2,0.0,0.5,0.6249757763853505,0.3749854674121499,2.4223614649212063e-05,1.4532587850098568e-05,4.78622925413147
1288,257.77184789859905,0.5,0.2,0.0,0.5,0.6249758201518023,0.3749854937113571,2.417984819742548e-05,1.4506288642901665e-05,4.78622925413147
1289,257.97198132088056,0.5,0.2,0.0,0.5,0.624975863843477,0.374985519962136,2.4136156522676182e-05,1.4480037863979007e-05,4.78622925413147
1290,258.1721147431621,0.5,0.2,0.0,0.5,0.624975907460868,0.3749855461645101,2.4092539131768657e-05,1.4453835489936882e-05,4.78622925413147
1291,258.37224816544364,0.5,0.2,0.0,0.5,0.624975951004478,0.37498557231850077,2.4048995521753562e-05,1.4427681499236268e-05,4.78622925413147
1292,258.57238158772515,0.5,0.2,0.0,0.5,0.6249759944403358,0.3749855984301486,2.4005559663933315e-05,1.4401569851397237e-05,4.78622925413147
1293,258.77251501000666,0.5,0.2,0.0,0.5,0.6249760377696901,0.37498562449934464,2.3962230309588324e-05,1.4375500655385346e-05,4.78622925413147
1294,258.97264843228817,0.5,0.2,0.0,0.5,0.6249760810207375,0.3749856505212747,2.391897926223392e-05,1.43494787253004e-05,4.78622925413147
1295,259.1727818545697,0.5,0.2,0.0,0.5,0.6249761241937457,0.3749856764960009,2.3875806254107505e-05,1.4323503999121332e-05,4.78622925413147
1296,259.37291527685124,0.5,0.2,0.0,0.5,0.6249761672889859,0.3749857024235844,2.3832711013865445e-05,1.4297576415591045e-05,4.78622925413147
1297,259.57304869913276,0.5,0.2,0.0,0.5,0.6249762103067332,0.3749857283040858,2.378969326654041e-05,1.4271695914221283e-05,4.78622925413147
1298,259.77318212141427,0.5,0.2,0.0,0.5,0.6249762532472662,0.3749857541375647,2.37467527334986e-05,1.4245862435297484e-05,4.78622925413147
1299,259.9733155436958,0.5,0.2,0.0,0.5,0.6249762961108674,0.3749857799240801,2.3703889132397062e-05,1.4220075919883654e-05,4.78622925413147
1300,260.1734489659773,0.5,0.2,0.0,0.5,0.6249763388978227,0.37498580566369016,2.366110217714097e-05,1.4194336309827248e-05,4.78622925413147
1301,260.37358238825885,0.5,0.2,0.0,0.5,0.624976381608422,0.37498583135645225,2.361839157784091e-05,1.4168643547764024e-05,4.78622925413147
1302,260.57371581054036,0.5,0.2,0.0,0.5,0.624976424242959,0.3749858570024229,2.357575704077019e-05,1.4142997577122943e-05,4.78622925413147
1303,260.7738492328219,0.5,0.2,0.0,0.5,0.6249764668017315,0.3749858826016579,2.3533198268322085e-05,1.4117398342130991e-05,4.78622925413147
1304,260.9739826551034,0.5,0.2,0.0,0.5,0.6249765092850408,0.3749859081542122,2.349071495896715e-05,1.4091845787818081e-05,4.78622925413147
1305,261.1741160773849,0.5,0.2,0.0,0.5,0.6249765516931926,0.37498593366014,2.3448306807210486e-05,1.406633986002192e-05,4.78622925413147
1306,261.37424949966646,0.5,0.2,0.0,0.5,0.6249765940264962,0.3749859591194946,2.340597350354905e-05,1.4040880505392857e-05,4.78622925413147
1307,261.574382921948,0.5,0.2,0.0,0.5,0.6249766362852653,0.3749859845323286,2.3363714734428953e-05,1.4015467671398797e-05,4.78622925413147
1308,261.7745163442295,0.5,0.2,0.0,0.5,0.6249766784698175,0.3749860098986937,2.3321530182202688e-05,1.3990101306330019e-05,4.78622925413147
1309,261.974649766511,0.5,0.2,0.0,0.5,0.6249767205804747,0.3749860352186407,2.327941952508647e-05,1.3964781359304073e-05,4.78622925413147
1310,262.1747831887925,0.5,0.2,0.0,0.5,0.6249767626175626,0.3749860604922197,2.3237382437117498e-05,1.3939507780270649e-05,4.78622925413147
1311,262.374916611074,0.5,0.2,0.0,0.5,0.6249768045814117,0.37498608571948,2.319541858811126e-05,1.3914280520016435e-05,4.78622925413147
1312,262.5750500333556,0.5,0.2,0.0,0.5,0.6249768464723562,0.37498611090046985,2.3153527643618776e-05,1.3889099530169995e-05,4.78622925413147
1313,262.7751834556371,0.5,0.2,0.0,0.5,0.6249768882907348,0.3749861360352368,2.311170926488397e-05,1.3863964763206651e-05,4.78622925413147
1314,262.9753168779186,0.5,0.2,0.0,0.5,0.6249769300368909,0.37498616112382754,2.3069963108800853e-05,1.383887617245332e-05,4.78622925413147
1315,263.1754503002001,0.5,0.2,0.0,0.5,0.624976971711172,0.3749861861662879,2.302828882787087e-05,1.3813833712093407e-05,4.78622925413147
1316,263.3755837224816,0.5,0.2,0.0,0.5,0.6249770133139296,0.37498621116266284,2.2986686070160183e-05,1.3788837337171673e-05,4.78622925413147
1317,263.5757171447632,0.5,0.2,0.0,0.5,0.6249770548455205,0.3749862361129964,2.2945154479256926e-05,1.3763887003599089e-05,4.78622925413147
1318,263.7758505670447,0.5,0.2,0.0,0.5,0.6249770963063055,0.37498626101733185,2.2903693694228552e-05,1.3738982668157736e-05,4.78622925413147
1319,263.9759839893262,0.5,0.2,0.0,0.5,0.6249771376966502,0.3749862858757115,2.2862303349579047e-05,1.3714124288505643e-05,4.78622925413147
1320,264.1761174116077,0.5,0.2,0.0,0.5,0.6249771790169245,0.37498631068817684,2.2820983075206257e-05,1.3689311823181665e-05,4.78622925413147
1321,264.37625083388923,0.5,0.2,0.0,0.5,0.6249772202675035,0.3749863354547684,2.277973249635917e-05,1.366454523161036e-05,4.78622925413147
1322,264.5763842561708,0.5,0.2,0.0,0.5,0.6249772614487662,0.3749863601755259,2.2738551233595192e-05,1.3639824474106853e-05,4.78622925413147
1323,264.7765176784523,0.5,0.2,0.0,0.5,0.6249773025610971,0.37498638485048813,2.269743890273746e-05,1.3615149511881717e-05,4.78622925413147
1324,264.9766511007338,0.5,0.2,0.0,0.5,0.6249773436048849,0.374986409479693,2.265639511483209e-05,1.3590520307045821e-05,4.78622925413147
1325,265.17678452301533,0.5,0.2,0.0,0.5,0.6249773845805237,0.3749864340631774,2.2615419476105482e-05,1.3565936822615208e-05,4.78622925413147
1326,265.37691794529684,0.5,0.2,0.0,0.5,0.6249774254884118,0.3749864586009775,2.257451158792161e-05,1.3541399022515975e-05,4.78622925413147
1327,265.57705136757835,0.5,0.2,0.0,0.5,0.624977466328953,0.37498648309312843,2.2533671046739303e-05,1.3516906871589131e-05,4.78622925413147
1328,265.7771847898599,0.5,0.2,0.0,0.5,0.6249775071025557,0.3749865075396644,2.249289744406952e-05,1.3492460335595459e-05,4.78622925413147
1329,265.9773182121414,0.5,0.2,0.0,0.5,0.6249775478096333,0.3749865319406188,2.2452190366432685e-05,1.3468059381220422e-05,4.78622925413147
1330,266.17745163442294,0.5,0.2,0.0,0.5,0.6249775884506045,0.37498655629602395,2.2411549395315902e-05,1.3443703976078986e-05,4.78622925413147
1331,266.37758505670445,0.5,0.2,0.0,0.5,0.6249776290258926,0.3749865806059113,2.2370974107130283e-05,1.341939408872051e-05,4.78622925413147
1332,266.57771847898596,0.5,0.2,0.0,0.5,0.6249776695359266,0.3749866048703114,2.2330464073168228e-05,1.3395129688633623e-05,4.78622925413147
1333,266.7778519012675,0.5,0.2,0.0,0.5,0.6249777099811402,0.3749866290892538,2.2290018859560704e-05,1.3370910746251073e-05,4.78622925413147
1334,266.97798532354904,0.5,0.2,0.0,0.5,0.6249777503619726,0.37498665326276703,2.2249638027234568e-05,1.3346737232954633e-05,4.78622925413147
1335,267.17811874583055,0.5,0.2,0.0,0.5,0.6249777906788679,0.37498667739087893,2.2209321131869787e-05,1.3322609121079922e-05,4.78622925413147
1336,267.37825216811206,0.5,0.2,0.0,0.5,0.6249778309322759,0.37498670147361607,2.216906772385677e-05,1.329852638392131e-05,4.78622925413147
1337,267.57838559039357,0.5,0.2,0.0,0.5,0.6249778711226515,0.37498672551100426,2.2128877348253644e-05,1.3274488995736771e-05,4.78622925413147
1338,267.77851901267513,0.5,0.2,0.0,0.5,0.6249779111663429,0.3749867495175267,2.2088833656816498e-05,1.3250482473292445e-05,4.78622925413147
1339,267.97865243495664,0.5,0.2,0.0,0.5,0.6249779511362219,0.374986773480761,2.204886377786861e-05,1.3226519239020944e-05,4.78622925413147
1340,268.17878585723815,0.5,0.2,0.0,0.5,0.6249779910360567,0.37498679740016316,2.200896394308215e-05,1.3202599836861537e-05,4.78622925413147
1341,268.37891927951966,0.5,0.2,0.0,0.5,0.6249780308659473,0.3749868212758198,2.1969134052505593e-05,1.31787241802144e-05,4.78622925413147
1342,268.5790527018012,0.5,0.2,0.0,0.5,0.62497807062599,0.3749868451078181,2.1929374009820086e-05,1.3154892181889924e-05,4.78622925413147
1343,268.7791861240827,0.5,0.2,0.0,0.5,0.6249781103162774,0.3749868688962459,2.188968372239426e-05,1.3131103754096814e-05,4.78622925413147
1344,268.97931954636425,0.5,0.2,0.0,0.5,0.6249781499368985,0.37498689264119156,2.185006310133902e-05,1.3107358808430198e-05,4.78622925413147
1345,269.17945296864576,0.5,0.2,0.0,0.5,0.6249781894879383,0.3749869163427441,2.1810512061562375e-05,1.3083657255859753e-05,4.78622925413147
1346,269.3795863909273,0.5,0.2,0.0,0.5,0.624978228969478,0.3749869400009933,2.1771030521824186e-05,1.3059999006717777e-05,4.78622925413147
1347,269.5797198132088,0.5,0.2,0.0,0.5,0.624978268381595,0.3749869636160293,2.1731618404790997e-05,1.3036383970687321e-05,4.78622925413147
1348,269.7798532354903,0.5,0.2,0.0,0.5,0.6249783077243627,0.3749869871879432,2.169227563709084e-05,1.3012812056790291e-05,4.78622925413147
1349,269.97998665777186,0.5,0.2,0.0,0.5,0.6249783469978504,0.3749870107168266,2.1653002149368e-05,1.298928317337555e-05,4.78622925413147
1350,270.18012008005337,0.5,0.2,0.0,0.5,0.6249783862021234,0.3749870342027719,2.161379787633788e-05,1.2965797228107046e-05,4.78622925413147
1351,270.3802535023349,0.5,0.2,0.0,0.5,0.6249784253372429,0.37498705764587204,2.1574662756841727e-05,1.2942354127951886e-05,4.78622925413147
1352,270.5803869246164,0.5,0.2,0.0,0.5,0.6249784644032659,0.3749870810462208,2.153559673390147e-05,1.291895377916847e-05,4.78622925413147
1353,270.7805203468979,0.5,0.2,0.0,0.5,0.624978503400245,0.3749871044039127,2.1496599754774516e-05,1.2895596087294582e-05,4.78622925413147
1354,270.98065376917947,0.5,0.2,0.0,0.5,0.6249785423282288,0.37498712771904286,2.1457671771008535e-05,1.2872280957135501e-05,4.78622925413147
1355,271.180787191461,0.5,0.2,0.0,0.5,0.6249785811872612,0.37498715099170726,2.1418812738496305e-05,1.2849008292752136e-05,4.78622925413147
1356,271.3809206137425,0.5,0.2,0.0,0.5,0.6249786199773822,0.37498717422200256,2.1380022617530443e-05,1.2825777997449084e-05,4.78622925413147
1357,271.581054036024,0.5,0.2,0.0,0.5,0.6249786586986269,0.37498719741002623,2.1341301372858253e-05,1.2802589973762768e-05,4.78622925413147
1358,271.7811874583055,0.5,0.2,0.0,0.5,0.6249786973510261,0.3749872205558765,2.1302648973736513e-05,1.2779444123449543e-05,4.78622925413147
1359,271.981320880587,0.5,0.2,0.0,0.5,0.6249787359346058,0.3749872436596525,2.1264065393986265e-05,1.2756340347473796e-05,4.78622925413147
1360,272.1814543028686,0.5,0.2,0.0,0.5,0.6249787744493878,0.374987266721454,2.1225550612047622e-05,1.273327854599605e-05,4.78622925413147
1361,272.3815877251501,0.5,0.2,0.0,0.5,0.6249788128953887,0.3749872897413816,2.1187104611034596e-05,1.2710258618361098e-05,4.78622925413147
1362,272.5817211474316,0.5,0.2,0.0,0.5,0.624978851272621,0.3749873127195369,2.1148727378789838e-05,1.268728046308607e-05,4.78622925413147
1363,272.7818545697131,0.5,0.2,0.0,0.5,0.6249788895810918,0.37498733565602216,2.1110418907939478e-05,1.2664343977848566e-05,4.78622925413147
1364,272.98198799199463,0.5,0.2,0.0,0.5,0.6249789278208039,0.3749873585509405,2.1072179195947917e-05,1.2641449059474759e-05,4.78622925413147
1365,273.1821214142762,0.5,0.2,0.0,0.5,0.6249789659917546,0.3749873814043961,2.103400824517262e-05,1.2618595603927493e-05,4.78622925413147
1366,273.3822548365577,0.5,0.2,0.0,0.5,0.6249790040939369,0.3749874042164937,2.0995906062918945e-05,1.2595783506294416e-05,4.78622925413147
1367,273.5823882588392,0.5,0.2,0.0,0.5,0.6249790421273382,0.3749874269873392,2.095787266149489e-05,1.2573012660776053e-05,4.78622925413147
1368,273.7825216811207,0.5,0.2,0.0,0.5,0.6249790800919415,0.37498744971703935,2.091990805826593e-05,1.2550282960673937e-05,4.78622925413147
1369,273.98265510340224,0.5,0.2,0.0,0.5,0.6249791179877241,0.3749874724057016,2.0882012275709814e-05,1.2527594298378705e-05,4.78622925413147
1370,274.1827885256838,0.5,0.2,0.0,0.5,0.6249791558146583,0.37498749505343465,2.0844185341471336e-05,1.2504946565358206e-05,4.78622925413147
1371,274.3829219479653,0.5,0.2,0.0,0.5,0.6249791935727114,0.3749875176603478,2.08064272884172e-05,1.248233965214563e-05,4.78622925413147
1372,274.5830553702468,0.5,0.2,0.0,0.5,0.6249792312618451,0.3749875402265517,2.076873815469073e-05,1.2459773448327578e-05,4.78622925413147
1373,274.78318879252834,0.5,0.2,0.0,0.5,0.624979268882016,0.37498756275215744,2.0731117983766744e-05,1.2437247842532196e-05,4.78622925413147
1374,274.98332221480985,0.5,0.2,0.0,0.5,0.6249793064331752,0.3749875852372776,2.0693566824506307e-05,1.2414762722417272e-05,4.78622925413147
1375,275.18345563709136,0.5,0.2,0.0,0.5,0.6249793439152685,0.3749876076820253,2.0656084731211563e-05,1.2392317974658347e-05,4.78622925413147
1376,275.3835890593729,0.5,0.2,0.0,0.5,0.624979381328236,0.37498763008651503,2.0618671763680498e-05,1.2369913484936819e-05,4.78622925413147
1377,275.58372248165443,0.5,0.2,0.0,0.5,0.6249794186720126,0.3749876524508621,2.0581327987261802e-05,1.2347549137928062e-05,4.78622925413147
1378,275.78385590393594,0.5,0.2,0.0,0.5,0.6249794559465269,0.3749876747751827,2.0544053472909587e-05,1.2325224817289515e-05,4.78622925413147
1379,275.98398932621745,0.5,0.2,0.0,0.5,0.6249794931517025,0.37498769705959434,2.050684829723825e-05,1.23029404056488e-05,4.78622925413147
1380,276.18412274849896,0.5,0.2,0.0,0.5,0.6249795302874572,0.3749877193042154,2.0469712542577242e-05,1.2280695784591827e-05,4.78622925413147
1381,276.38425617078053,0.5,0.2,0.0,0.5,0.6249795673537027,0.37498774150916536,2.0432646297025863e-05,1.2258490834650898e-05,4.78622925413147
1382,276.58438959306204,0.5,0.2,0.0,0.5,0.6249796043503453,0.3749877636745647,2.039564965450811e-05,1.2236325435292835e-05,4.78622925413147
1383,276.78452301534355,0.5,0.2,0.0,0.5,0.6249796412909031,0.3749877857974023,2.0358709096731817e-05,1.221420259771672e-05,4.78622925413147
1384,276.98465643762506,0.5,0.2,0.0,0.5,0.6249796781869987,0.37498780787510266,2.0321813001002272e-05,1.2192124897319954e-05,4.78622925413147
1385,277.1847898599066,0.5,0.2,0.0,0.5,0.6249797150166795,0.3749878299128142,2.028498332028145e-05,1.2170087185778623e-05,4.78622925413147
1386,277.38492328218814,0.5,0.2,0.0,0.5,0.6249797517799863,0.3749878519106252,2.0248220013427815e-05,1.2148089374735968e-05,4.78622925413147
1387,277.58505670446965,0.5,0.2,0.0,0.5,0.6249797884769583,0.37498787386862437,2.0211523041495935e-05,1.2126131375608065e-05,4.78622925413147
1388,277.78519012675116,0.5,0.2,0.0,0.5,0.6249798251076321,0.3749878957869004,2.0174892367749478e-05,1.2104213099581507e-05,4.78622925413147
1389,277.98532354903267,0.5,0.2,0.0,0.5,0.6249798616720421,0.3749879176655424,2.013832795767436e-05,1.2082334457611116e-05,4.78622925413147
1390,278.1854569713142,0.5,0.2,0.0,0.5,0.6249798981702208,0.37498793950463954,2.0101829778991794e-05,1.2060495360417658e-05,4.78622925413147
1391,278.3855903935957,0.5,0.2,0.0,0.5,0.6249799346021981,0.3749879613042815,2.0065397801671366e-05,1.2038695718485537e-05,4.78622925413147
1392,278.58572381587726,0.5,0.2,0.0,0.5,0.6249799709680018,0.37498798306455794,2.0029031997944124e-05,1.2016935442060497e-05,4.78622925413147
1393,278.78585723815877,0.5,0.2,0.0,0.5,0.6249800072676575,0.3749880047855588,1.9992732342315677e-05,1.199521444114736e-05,4.78622925413147
1394,278.9859906604403,0.5,0.2,0.0,0.5,0.6249800435011882,0.3749880264673745,1.9956498811579227e-05,1.1973532625507672e-05,4.78622925413147
1395,279.1861240827218,0.5,0.2,0.0,0.5,0.6249800796686149,0.37498804811009534,1.992033138482868e-05,1.1951889904657466e-05,4.78622925413147
1396,279.3862575050033,0.5,0.2,0.0,0.5,0.6249801157699563,0.3749880697138121,1.9884230043471717e-05,1.1930286187864926e-05,4.78622925413147
1397,279.58639092728487,0.5,0.2,0.0,0.5,0.6249801518052286,0.3749880912786158,1.9848194771242866e-05,1.1908721384148111e-05,4.78622925413147
1398,279.7865243495664,0.5,0.2,0.0,0.5,0.6249801877744455,0.3749881128045977,1.981222555421662e-05,1.1887195402272672e-05,4.78622925413147
1399,279.9866577718479,0.5,0.2,0.0,0.5,0.624980223677619,0.37498813429184924,1.9776322380820446e-05,1.1865708150749526e-05,4.78622925413147
1400,280.1867911941294,0.5,0.2,0.0,0.5,0.624980259514758,0.3749881557404622,1.974048524184792e-05,1.1844259537832583e-05,4.78622925413147
1401,280.3869246164109,0.5,0.2,0.0,0.5,0.6249802952858693,0.37498817715052846,1.9704714130471788e-05,1.1822849471516442e-05,4.78622925413147
1402,280.5870580386925,0.5,0.2,0.0,0.5,0.6249803309909575,0.37498819852214044,1.966900904225703e-05,1.1801477859534097e-05,4.78622925413147
1403,280.787191460974,0.5,0.2,0.0,0.5,0.6249803666300247,0.37498821985539066,1.963336997517399e-05,1.1780144609354663e-05,4.78622925413147
1404,280.9873248832555,0.5,0.2,0.0,0.5,0.6249804022030702,0.3749882411503718,1.959779692961139e-05,1.1758849628181044e-05,4.78622925413147
1405,281.187458305537,0.5,0.2,0.0,0.5,0.6249804377100914,0.37498826240717703,1.956228990838944e-05,1.1737592822947658e-05,4.78622925413147
1406,281.3875917278185,0.5,0.2,0.0,0.5,0.6249804731510831,0.37498828362589964,1.9526848916772916e-05,1.1716374100318145e-05,4.78622925413147
1407,281.5877251501,0.5,0.2,0.0,0.5,0.6249805085260373,0.3749883048066333,1.9491473962484247e-05,1.1695193366683067e-05,4.78622925413147
1408,281.7878585723816,0.5,0.2,0.0,0.5,0.6249805438349441,0.37498832594947185,1.9456165055716566e-05,1.1674050528157608e-05,4.78622925413147
1409,281.9879919946631,0.5,0.2,0.0,0.5,0.6249805790777907,0.3749883470545094,1.942092220914684e-05,1.16529454905793e-05,4.78622925413147
1410,282.1881254169446,0.5,0.2,0.0,0.5,0.6249806142545619,0.3749883681218405,1.938574543794889e-05,1.1631878159505697e-05,4.78622925413147
1411,282.3882588392261,0.5,0.2,0.0,0.5,0.62498064936524,0.3749883891515598,1.9350634759806498e-05,1.1610848440212103e-05,4.78622925413147
1412,282.58839226150764,0.5,0.2,0.0,0.5,0.6249806844098048,0.3749884101437623,1.931559019492649e-05,1.1589856237689265e-05,4.78622925413147
1413,282.7885256837892,0.5,0.2,0.0,0.5,0.6249807193882337,0.37498843109854335,1.9280611766051803e-05,1.1568901456641082e-05,4.78622925413147
1414,282.9886591060707,0.5,0.2,0.0,0.5,0.6249807543005013,0.3749884520159985,1.9245699498474588e-05,1.1547984001482324e-05,4.78622925413147
1415,283.1887925283522,0.5,0.2,0.0,0.5,0.6249807891465797,0.37498847289622367,1.9210853420049257e-05,1.1527103776336311e-05,4.78622925413147
1416,283.38892595063373,0.5,0.2,0.0,0.5,0.6249808239264386,0.374988493739315,1.9176073561205573e-05,1.1506260685032633e-05,4.78622925413147
1417,283.58905937291524,0.5,0.2,0.0,0.5,0.6249808586400448,0.37498851454536886,1.9141359954961737e-05,1.1485454631104855e-05,4.78622925413147
1418,283.7891927951968,0.5,0.2,0.0,0.5,0.6249808932873628,0.3749885353144822,1.910671263693745e-05,1.1464685517788213e-05,4.78622925413147
1419,283.9893262174783,0.5,0.2,0.0,0.5,0.6249809278683545,0.37498855604675196,1.9072131645367038e-05,1.1443953248017341e-05,4.78622925413147
1420,284.18945963975983,0.5,0.2,0.0,0.5,0.6249809623829787,0.37498857674227554,1.9037617021112464e-05,1.1423257724423951e-05,4.78622925413147
1421,284.38959306204134,0.5,0.2,0.0,0.5,0.6249809968311921,0.37498859740115065,1.9003168807676443e-05,1.1402598849334547e-05,4.78622925413147
1422,284.58972648432285,0.5,0.2,0.0,0.5,0.6249810312129486,0.3749886180234752,1.896878705121553e-05,1.1381976524768134e-05,4.78622925413147
1423,284.7898599066044,0.5,0.2,0.0,0.5,0.6249810655281992,0.37498863860934756,1.8934471800553167e-05,1.1361390652433913e-05,4.78622925413147
1424,284.98999332888593,0.5,0.2,0.0,0.5,0.6249810997768926,0.37498865915886626,1.8900223107192818e-05,1.1340841133729012e-05,4.78622925413147
1425,285.19012675116744,0.5,0.2,0.0,0.5,0.6249811339589745,0.37498867967213023,1.886604102533097e-05,1.1320327869736154e-05,4.78622925413147
1426,285.39026017344895,0.5,0.2,0.0,0.5,0.624981168074388,0.37498870014923874,1.8831925611870275e-05,1.1299850761221388e-05,4.78622925413147
1427,285.59039359573046,0.5,0.2,0.0,0.5,0.6249812021230734,0.37498872059029137,1.8797876926432602e-05,1.1279409708631782e-05,4.78622925413147
1428,285.79052701801197,0.5,0.2,0.0,0.5,0.6249812361049685,0.37498874099538787,1.8763895031372123e-05,1.1259004612093136e-05,4.78622925413147
1429,285.99066044029354,0.5,0.2,0.0,0.5,0.6249812700544893,0.3749887613579891,1.8729945510415682e-05,1.1238642010892289e-05,4.78622925413147
1430,286.19079386257505,0.5,0.2,0.0,0.5,0.6249813039500189,0.3749887816823449,1.8696049980893778e-05,1.1218317655094521e-05,4.78622925413147
1431,286.39092728485656,0.5,0.2,0.0,0.5,0.624981337782745,0.3749888019702393,1.86622172547639e-05,1.1198029760680924e-05,4.78622925413147
1432,286.59106070713807,0.5,0.2,0.0,0.5,0.6249813715527828,0.37498882222173724,1.8628447217050774e-05,1.1177778262744177e-05,4.78622925413147
1433,286.7911941294196,0.5,0.2,0.0,0.5,0.6249814052602488,0.37498884243690306,1.8594739750976524e-05,1.1157563096930005e-05,4.78622925413147
1434,286.99132755170115,0.5,0.2,0.0,0.5,0.6249814389052618,0.37498886261580056,1.8561094737924815e-05,1.1137384199444313e-05,4.78622925413147
1435,287.19146097398266,0.5,0.2,0.0,0.5,0.6249814724879423,0.37498888275849296,1.8527512057404986e-05,1.1117241507060337e-05,4.78622925413147
1436,287.39159439626417,0.5,0.2,0.0,0.5,0.6249815060084127,0.3749889028650429,1.8493991587016128e-05,1.1097134957125743e-05,4.78622925413147
1437,287.5917278185457,0.5,0.2,0.0,0.5,0.6249815394667974,0.37498892293551245,1.8460533202411216e-05,1.1077064487569784e-05,4.78622925413147
1438,287.7918612408272,0.5,0.2,0.0,0.5,0.6249815728632225,0.3749889429699631,1.8427136777261244e-05,1.1057030036910424e-05,4.78622925413147
1439,287.99199466310876,0.5,0.2,0.0,0.5,0.6249816061978166,0.37498896296845574,1.8393802183219314e-05,1.1037031544261472e-05,4.78622925413147
1440,288.19212808539027,0.5,0.2,0.0,0.5,0.62498163947071,0.37498898293105065,1.836052928988479e-05,1.101706894933973e-05,4.78622925413147
1441,288.3922615076718,0.5,0.2,0.0,0.5,0.624981672682035,0.3749890028578075,1.8327317964767372e-05,1.0997142192472095e-05,4.78622925413147
1442,288.5923949299533,0.5,0.2,0.0,0.5,0.6249817058319266,0.37498902274878537,1.8294168073251237e-05,1.0977251214602712e-05,4.78622925413147
1443,288.7925283522348,0.5,0.2,0.0,0.5,0.6249817389205212,0.3749890426040427,1.8261079478559158e-05,1.095739595730011e-05,4.78622925413147
1444,288.9926617745163,0.5,0.2,0.0,0.5,0.6249817719479581,0.3749890624236372,1.8228052041716614e-05,1.093757636276432e-05,4.78622925413147
1445,289.1927951967979,0.5,0.2,0.0,0.5,0.6249818049143783,0.37498908220762617,1.8195085621515897e-05,1.0917792373834016e-05,4.78622925413147
1446,289.3929286190794,0.5,0.2,0.0,0.5,0.6249818378199253,0.374989101956066,1.8162180074480273e-05,1.0898043933993658e-05,4.78622925413147
1447,289.5930620413609,0.5,0.2,0.0,0.5,0.624981870664745,0.3749891216690126,1.8129335254828034e-05,1.0878330987380607e-05,4.78622925413147
1448,289.7931954636424,0.5,0.2,0.0,0.5,0.6249819034489853,0.3749891413465212,1.8096551014436665e-05,1.085865347879226e-05,4.78622925413147
1449,289.9933288859239,0.5,0.2,0.0,0.5,0.624981936172797,0.3749891609886463,1.8063827202806937e-05,1.0839011353693196e-05,4.78622925413147
1450,290.1934623082055,0.5,0.2,0.0,0.5,0.6249819688363327,0.3749891805954418,1.8031163667027024e-05,1.081940455822229e-05,4.78622925413147
1451,290.393595730487,0.5,0.2,0.0,0.5,0.624982001439748,0.3749892001669608,1.7998560251736655e-05,1.0799833039199877e-05,4.78622925413147
1452,290.5937291527685,0.5,0.2,0.0,0.5,0.6249820339832007,0.3749892197032559,1.796601679909118e-05,1.0780296744134843e-05,4.78622925413147
1453,290.79386257505,0.5,0.2,0.0,0.5,0.6249820664668511,0.37498923920437877,1.7933533148725718e-05,1.076079562123179e-05,4.78622925413147
1454,290.9939959973315,0.5,0.2,0.0,0.5,0.6249820988908621,0.3749892586703806,1.790110913771926e-05,1.0741329619398155e-05,4.78622925413147
1455,291.1941294196131,0.5,0.2,0.0,0.5,0.6249821312553993,0.3749892781013117,1.78687446005588e-05,1.0721898688251337e-05,4.78622925413147
1456,291.3942628418946,0.5,0.2,0.0,0.5,0.6249821635606306,0.3749892974972219,1.7836439369103447e-05,1.0702502778125858e-05,4.78622925413147
1457,291.5943962641761,0.5,0.2,0.0,0.5,0.6249821958067272,0.3749893168581599,1.7804193272548537e-05,1.0683141840080462e-05,4.78622925413147
1458,291.7945296864576,0.5,0.2,0.0,0.5,0.6249822279938624,0.37498933618417407,1.7772006137389752e-05,1.0663815825905263e-05,4.78622925413147
1459,291.99466310873913,0.5,0.2,0.0,0.5,0.6249822601222124,0.37498935547531187,1.7739877787387235e-05,1.0644524688128875e-05,4.78622925413147
1460,292.19479653102064,0.5,0.2,0.0,0.5,0.6249822921919562,0.37498937473162,1.770780804352972e-05,1.0625268380025554e-05,4.78622925413147
1461,292.3949299533022,0.5,0.2,0.0,0.5,0.6249823242032758,0.37498939395314435,1.7675796723998617e-05,1.060604685562231e-05,4.78622925413147
1462,292.5950633755837,0.5,0.2,0.0,0.5,0.6249823561563557,0.3749894131399303,1.764384364413219e-05,1.0586860069706072e-05,4.78622925413147
1463,292.79519679786523,0.5,0.2,0.0,0.5,0.6249823880513834,0.37498943229202214,1.7611948616389607e-05,1.0567707977830789e-05,4.78622925413147
1464,292.99533022014674,0.5,0.2,0.0,0.5,0.6249824198885495,0.37498945140946366,1.7580111450315093e-05,1.0548590536324573e-05,4.78622925413147
1465,293.19546364242825,0.5,0.2,0.0,0.5,0.6249824516680473,0.3749894704922977,1.7548331952502035e-05,1.052950770229684e-05,4.78622925413147
1466,293.3955970647098,0.5,0.2,0.0,0.5,0.6249824833900732,0.3749894895405663,1.75166099265571e-05,1.0510459433645432e-05,4.78622925413147
1467,293.59573048699133,0.5,0.2,0.0,0.5,0.6249825150548267,0.3749895085543109,1.748494517306438e-05,1.0491445689063768e-05,4.78622925413147
1468,293.79586390927284,0.5,0.2,0.0,0.5,0.6249825466625102,0.37498952753357195,1.745333748954947e-05,1.0472466428047948e-05,4.78622925413147
1469,293.99599733155435,0.5,0.2,0.0,0.5,0.6249825782133294,0.3749895464783891,1.742178667044359e-05,1.0453521610903909e-05,4.78622925413147
1470,294.19613075383586,0.5,0.2,0.0,0.5,0.6249826097074928,0.37498956538880124,1.7390292507047725e-05,1.0434611198754545e-05,4.78622925413147
1471,294.3962641761174,0.5,0.2,0.0,0.5,0.6249826411452123,0.37498958426484647,1.7358854787496717e-05,1.0415735153546846e-05,4.78622925413147
1472,294.59639759839894,0.5,0.2,0.0,0.5,0.624982672526703,0.37498960310656193,1.7327473296723427e-05,1.0396893438059041e-05,4.78622925413147
1473,294.79653102068045,0.5,0.2,0.0,0.5,0.6249827038521834,0.3749896219139841,1.729614781642278e-05,1.0378086015907704e-05,4.78622925413147
1474,294.99666444296196,0.5,0.2,0.0,0.5,0.6249827351181954,0.3749896406879846,1.726488180437107e-05,1.035931201539672e-05,4.78622925413147
1475,295.19679786524347,0.5,0.2,0.0,0.5,0.6249827663131025,0.3749896594312938,1.7233686897345375e-05,1.0340568706197538e-05,4.78622925413147
1476,295.396931287525,0.5,0.2,0.0,0.5,0.6249827974509318,0.3749896781408096,1.7202549067948106e-05,1.0321859190437308e-05,4.78622925413147
1477,295.59706470980655,0.5,0.2,0.0,0.5,0.624982828531836,0.3749896968165829,1.7171468163804357e-05,1.0303183417149415e-05,4.78622925413147
1478,295.79719813208806,0.5,0.2,0.0,0.5,0.6249828595559687,0.3749897154586642,1.7140444031072506e-05,1.0284541335798013e-05,4.78622925413147
1479,295.99733155436957,0.5,0.2,0.0,0.5,0.6249828905234853,0.37498973406710373,1.7109476514429134e-05,1.0265932896280371e-05,4.78622925413147
1480,296.1974649766511,0.5,0.2,0.0,0.5,0.6249829214345427,0.3749897526419511,1.7078565457054093e-05,1.024735804892929e-05,4.78622925413147
1481,296.3975983989326,0.5,0.2,0.0,0.5,0.6249829522892991,0.3749897711832555,1.7047710700615493e-05,1.0228816744515467e-05,4.78622925413147
1482,296.59773182121415,0.5,0.2,0.0,0.5,0.6249829830879144,0.3749897896910658,1.7016912085254695e-05,1.0210308934249888e-05,4.78622925413147
1483,296.79786524349566,0.5,0.2,0.0,0.5,0.6249830138305502,0.37498980816543026,1.698616944957137e-05,1.0191834569786235e-05,4.78622925413147
1484,296.9979986657772,0.5,0.2,0.0,0.5,0.6249830445173692,0.3749898266063968,1.695548263060843e-05,1.0173393603223227e-05,4.78622925413147
1485,297.1981320880587,0.5,0.2,0.0,0.5,0.6249830751485359,0.37498984501401295,1.6924851463837102e-05,1.0154985987107042e-05,4.78622925413147
1486,297.3982655103402,0.5,0.2,0.0,0.5,0.6249831057242166,0.3749898633883256,1.6894275783141893e-05,1.0136611674433685e-05,4.78622925413147
1487,297.59839893262176,0.5,0.2,0.0,0.5,0.6249831362445789,0.37498988172938136,1.6863755420805612e-05,1.0118270618651374e-05,4.78622925413147
1488,297.7985323549033,0.5,0.2,0.0,0.5,0.6249831667097923,0.3749899000372264,1.6833290207494398e-05,1.0099962773662948e-05,4.78622925413147
1489,297.9986657771848,0.5,0.2,0.0,0.5,0.6249831971200275,0.3749899183119062,1.680287997224269e-05,1.0081688093828214e-05,4.78622925413147
1490,298.1987991994663,0.5,0.2,0.0,0.5,0.6249832274754573,0.3749899365534661,1.677252454243825e-05,1.006344653396636e-05,4.78622925413147
1491,298.3989326217478,0.5,0.2,0.0,0.5,0.624983257776256,0.3749899547619507,1.674222374380718e-05,1.004523804935833e-05,4.78622925413147
1492,298.5990660440293,0.5,0.2,0.0,0.5,0.6249832880225994,0.37498997293740427,1.671197740039892e-05,1.0027062595749216e-05,4.78622925413147
1493,298.7991994663109,0.5,0.2,0.0,0.5,0.6249833182146651,0.3749899910798707,1.6681785334571244e-05,1.0008920129350631e-05,4.78622925413147
1494,298.9993328885924,0.5,0.2,0.0,0.5,0.6249833483526328,0.3749900091893932,1.6651647366975303e-05,9.990810606843118e-06,4.78622925413147
1495,299.1994663108739,0.5,0.2,0.0,0.5,0.6249833784366832,0.37499002726601466,1.6621563316540592e-05,9.972733985378504e-06,4.78622925413147
1496,299.3995997331554,0.5,0.2,0.0,0.5,0.6249834084669993,0.3749900453097775,1.6591533000459975e-05,9.954690222582309e-06,4.78622925413147
1497,299.5997331554369,0.5,0.2,0.0,0.5,0.6249834384437656,0.3749900633207235,1.6561556234174697e-05,9.93667927655612e-06,4.78622925413147
1498,299.7998665777185,0.5,0.2,0.0,0.5,0.6249834683671683,0.37499008129889416,1.6531632831359372e-05,9.918701105879979e-06,4.78622925413147
1499,300.0,0.5,0.2,0.0,0.5,0.6249834982373959,0.3749900992443304,1.6501762603907032e-05,9.90075566961478e-06,4.78622925413147
