,time,beta,alpha,sigma_D,sigma_C,S_c,S_d,I_c,I_d,R0
0,0.0,0.5,0.2,0.5,0.5833333333333333,0.4998,0.4998,0.0002,0.0002,-5.87125978591354
1,0.200133422281521,0.5,0.2,0.5,0.5833333333333333,0.4997984316687747,0.4997984316687747,0.00020156833122533555,0.00020156833122533555,-5.87125978591354
2,0.400266844563042,0.5,0.2,0.5,0.5833333333333333,0.499796851064354,0.499796851064354,0.00020314893564601883,0.00020314893564601883,-5.87125978591354
3,0.600400266844563,0.5,0.2,0.5,0.5833333333333333,0.49979525809470743,0.49979525809470743,0.00020474190529263023,0.00020474190529263023,-5.87125978591354
4,0.800533689126084,0.5,0.2,0.5,0.5833333333333333,0.49979365265208076,0.49979365265208076,0.00020634734791927548,0.00020634734791927548,-5.87125978591354
5,1.0006671114076051,0.5,0.2,0.5,0.5833333333333333,0.49979203466960936,0.49979203466960936,0.00020796533039069926,0.00020796533039069926,-5.87125978591354
6,1.200800533689126,0.5,0.2,0.5,0.5833333333333333,0.4997904040352286,0.4997904040352286,0.0002095959647714257,0.0002095959647714257,-5.87125978591354
7,1.400933955970647,0.5,0.2,0.5,0.5833333333333333,0.49978876064569694,0.49978876064569694,0.00021123935430311755,0.00021123935430311755,-5.87125978591354
8,1.601067378252168,0.5,0.2,0.5,0.5833333333333333,0.49978710439777263,0.49978710439777263,0.00021289560222743768,0.00021289560222743768,-5.87125978591354
9,1.801200800533689,0.5,0.2,0.5,0.5833333333333333,0.499785435188214,0.499785435188214,0.00021456481178604882,0.00021456481178604882,-5.87125978591354
10,2.0013342228152102,0.5,0.2,0.5,0.5833333333333333,0.49978375291377947,0.49978375291377947,0.00021624708622061385,0.00021624708622061385,-5.87125978591354
11,2.201467645096731,0.5,0.2,0.5,0.5833333333333333,0.4997820574712273,0.4997820574712273,0.0002179425287727955,0.0002179425287727955,-5.87125978591354
12,2.401601067378252,0.5,0.2,0.5,0.5833333333333333,0.4997803487573158,0.4997803487573158,0.00021965124268425666,0.00021965124268425666,-5.87125978591354
13,2.601734489659773,0.5,0.2,0.5,0.5833333333333333,0.4997786266688034,0.4997786266688034,0.00022137333119666007,0.00022137333119666007,-5.87125978591354
14,2.801867911941294,0.5,0.2,0.5,0.5833333333333333,0.4997768911024484,0.4997768911024484,0.00022310889755166856,0.00022310889755166856,-5.87125978591354
15,3.002001334222815,0.5,0.2,0.5,0.5833333333333333,0.4997751419550091,0.4997751419550091,0.00022485804499094495,0.00022485804499094495,-5.87125978591354
16,3.202134756504336,0.5,0.2,0.5,0.5833333333333333,0.49977337912304454,0.49977337912304454,0.0002266208769554964,0.0002266208769554964,-5.87125978591354
17,3.402268178785857,0.5,0.2,0.5,0.5833333333333333,0.4997716024881603,0.4997716024881603,0.000228397511839712,0.000228397511839712,-5.87125978591354
18,3.602401601067378,0.5,0.2,0.5,0.5833333333333333,0.4997698119349561,0.4997698119349561,0.00023018806504392325,0.00023018806504392325,-5.87125978591354
19,3.802535023348899,0.5,0.2,0.5,0.5833333333333333,0.4997680073563873,0.4997680073563873,0.00023199264361270836,0.00023199264361270836,-5.87125978591354
20,4.0026684456304205,0.5,0.2,0.5,0.5833333333333333,0.4997661886454094,0.4997661886454094,0.00023381135459064558,0.00023381135459064558,-5.87125978591354
21,4.202801867911941,0.5,0.2,0.5,0.5833333333333333,0.49976435569497774,0.49976435569497774,0.00023564430502231307,0.00023564430502231307,-5.87125978591354
22,4.402935290193462,0.5,0.2,0.5,0.5833333333333333,0.49976250839804776,0.49976250839804776,0.0002374916019522891,0.0002374916019522891,-5.87125978591354
23,4.603068712474983,0.5,0.2,0.5,0.5833333333333333,0.49976064664757486,0.49976064664757486,0.00023935335242515182,0.00023935335242515182,-5.87125978591354
24,4.803202134756504,0.5,0.2,0.5,0.5833333333333333,0.49975877033651456,0.49975877033651456,0.00024122966348547948,0.00024122966348547948,-5.87125978591354
25,5.003335557038025,0.5,0.2,0.5,0.5833333333333333,0.4997568793578222,0.4997568793578222,0.0002431206421778503,0.0002431206421778503,-5.87125978591354
26,5.203468979319546,0.5,0.2,0.5,0.5833333333333333,0.4997549736044532,0.4997549736044532,0.0002450263955468425,0.0002450263955468425,-5.87125978591354
27,5.403602401601067,0.5,0.2,0.5,0.5833333333333333,0.499753052969363,0.499753052969363,0.00024694703063703427,0.00024694703063703427,-5.87125978591354
28,5.603735823882588,0.5,0.2,0.5,0.5833333333333333,0.49975111734550703,0.49975111734550703,0.0002488826544930038,0.0002488826544930038,-5.87125978591354
29,5.803869246164109,0.5,0.2,0.5,0.5833333333333333,0.4997491665972632,0.4997491665972632,0.0002508334027367908,0.0002508334027367908,-5.87125978591354
30,6.00400266844563,0.5,0.2,0.5,0.5833333333333333,0.4997472005729058,0.4997472005729058,0.0002527994270942366,0.0002527994270942366,-5.87125978591354
31,6.204136090727151,0.5,0.2,0.5,0.5833333333333333,0.49974521915475284,0.49974521915475284,0.00025478084524720694,0.00025478084524720694,-5.87125978591354
32,6.404269513008672,0.5,0.2,0.5,0.5833333333333333,0.4997432222253081,0.4997432222253081,0.0002567777746919146,0.0002567777746919146,-5.87125978591354
33,6.604402935290193,0.5,0.2,0.5,0.5833333333333333,0.49974120966707547,0.49974120966707547,0.0002587903329245722,0.0002587903329245722,-5.87125978591354
34,6.804536357571714,0.5,0.2,0.5,0.5833333333333333,0.4997391813625586,0.4997391813625586,0.0002608186374413925,0.0002608186374413925,-5.87125978591354
35,7.004669779853235,0.5,0.2,0.5,0.5833333333333333,0.49973713719426144,0.49973713719426144,0.00026286280573858815,0.00026286280573858815,-5.87125978591354
36,7.204803202134756,0.5,0.2,0.5,0.5833333333333333,0.49973507704468767,0.49973507704468767,0.0002649229553123719,0.0002649229553123719,-5.87125978591354
37,7.404936624416277,0.5,0.2,0.5,0.5833333333333333,0.4997330007963411,0.4997330007963411,0.0002669992036589565,0.0002669992036589565,-5.87125978591354
38,7.605070046697798,0.5,0.2,0.5,0.5833333333333333,0.49973090833172545,0.49973090833172545,0.00026909166827455457,0.00026909166827455457,-5.87125978591354
39,7.805203468979319,0.5,0.2,0.5,0.5833333333333333,0.49972879953334465,0.49972879953334465,0.0002712004666553788,0.0002712004666553788,-5.87125978591354
40,8.005336891260841,0.5,0.2,0.5,0.5833333333333333,0.4997266742837024,0.4997266742837024,0.00027332571629764207,0.00027332571629764207,-5.87125978591354
41,8.205470313542362,0.5,0.2,0.5,0.5833333333333333,0.4997245317586525,0.4997245317586525,0.0002754682413475351,0.0002754682413475351,-5.87125978591354
42,8.405603735823883,0.5,0.2,0.5,0.5833333333333333,0.499722373369094,0.499722373369094,0.00027762663090606925,0.00027762663090606925,-5.87125978591354
43,8.605737158105404,0.5,0.2,0.5,0.5833333333333333,0.49972019803320344,0.49972019803320344,0.00027980196679658874,0.00027980196679658874,-5.87125978591354
44,8.805870580386925,0.5,0.2,0.5,0.5833333333333333,0.4997180056313858,0.4997180056313858,0.0002819943686142366,0.0002819943686142366,-5.87125978591354
45,9.006004002668446,0.5,0.2,0.5,0.5833333333333333,0.4997157960430989,0.4997157960430989,0.000284203956901113,0.000284203956901113,-5.87125978591354
46,9.206137424949967,0.5,0.2,0.5,0.5833333333333333,0.4997135691468538,0.4997135691468538,0.0002864308531462749,0.0002864308531462749,-5.87125978591354
47,9.406270847231488,0.5,0.2,0.5,0.5833333333333333,0.4997113248202143,0.4997113248202143,0.0002886751797857362,0.0002886751797857362,-5.87125978591354
48,9.606404269513009,0.5,0.2,0.5,0.5833333333333333,0.49970906293979755,0.49970906293979755,0.00029093706020246797,0.00029093706020246797,-5.87125978591354
49,9.80653769179453,0.5,0.2,0.5,0.5833333333333333,0.4997067833812736,0.4997067833812736,0.00029321661872639803,0.00029321661872639803,-5.87125978591354
50,10.00667111407605,0.5,0.2,0.5,0.5833333333333333,0.4997044860193656,0.4997044860193656,0.00029551398063441115,0.00029551398063441115,-5.87125978591354
51,10.206804536357572,0.5,0.2,0.5,0.5833333333333333,0.49970217072784967,0.49970217072784967,0.0002978292721503493,0.0002978292721503493,-5.87125978591354
52,10.406937958639093,0.5,0.2,0.5,0.5833333333333333,0.49969983737955503,0.49969983737955503,0.00030016262044501115,0.00030016262044501115,-5.87125978591354
53,10.607071380920614,0.5,0.2,0.5,0.5833333333333333,0.49969748583574175,0.49969748583574175,0.00030251416425834226,0.00030251416425834226,-5.87125978591354
54,10.807204803202135,0.5,0.2,0.5,0.5833333333333333,0.49969511590249877,0.49969511590249877,0.0003048840975012801,0.0003048840975012801,-5.87125978591354
55,11.007338225483656,0.5,0.2,0.5,0.5833333333333333,0.4996927274310363,0.4996927274310363,0.00030727256896375017,0.00030727256896375017,-5.87125978591354
56,11.207471647765177,0.5,0.2,0.5,0.5833333333333333,0.4996903202807741,0.4996903202807741,0.0003096797192259984,0.0003096797192259984,-5.87125978591354
57,11.407605070046698,0.5,0.2,0.5,0.5833333333333333,0.4996878943098522,0.4996878943098522,0.0003121056901478723,0.0003121056901478723,-5.87125978591354
58,11.607738492328219,0.5,0.2,0.5,0.5833333333333333,0.49968544937513126,0.49968544937513126,0.00031455062486882045,0.00031455062486882045,-5.87125978591354
59,11.80787191460974,0.5,0.2,0.5,0.5833333333333333,0.4996829853321922,0.4996829853321922,0.00031701466780789276,0.00031701466780789276,-5.87125978591354
60,12.00800533689126,0.5,0.2,0.5,0.5833333333333333,0.4996805020353363,0.4996805020353363,0.0003194979646637406,0.0003194979646637406,-5.87125978591354
61,12.208138759172781,0.5,0.2,0.5,0.5833333333333333,0.49967799933758544,0.49967799933758544,0.0003220006624146164,0.0003220006624146164,-5.87125978591354
62,12.408272181454302,0.5,0.2,0.5,0.5833333333333333,0.4996754770906817,0.4996754770906817,0.000324522909318374,0.000324522909318374,-5.87125978591354
63,12.608405603735823,0.5,0.2,0.5,0.5833333333333333,0.4996729351450876,0.4996729351450876,0.0003270648549124686,0.0003270648549124686,-5.87125978591354
64,12.808539026017344,0.5,0.2,0.5,0.5833333333333333,0.4996703733499861,0.4996703733499861,0.00032962665001395647,0.00032962665001395647,-5.87125978591354
65,13.008672448298865,0.5,0.2,0.5,0.5833333333333333,0.49966779155328056,0.49966779155328056,0.0003322084467194954,0.0003322084467194954,-5.87125978591354
66,13.208805870580386,0.5,0.2,0.5,0.5833333333333333,0.49966518960159473,0.49966518960159473,0.00033481039840534436,0.00033481039840534436,-5.87125978591354
67,13.408939292861907,0.5,0.2,0.5,0.5833333333333333,0.4996625673402727,0.4996625673402727,0.0003374326597273636,0.0003374326597273636,-5.87125978591354
68,13.609072715143428,0.5,0.2,0.5,0.5833333333333333,0.49965992461337905,0.49965992461337905,0.0003400753866210147,0.0003400753866210147,-5.87125978591354
69,13.80920613742495,0.5,0.2,0.5,0.5833333333333333,0.4996572612636987,0.4996572612636987,0.0003427387363013605,0.0003427387363013605,-5.87125978591354
70,14.00933955970647,0.5,0.2,0.5,0.5833333333333333,0.499654577132737,0.499654577132737,0.00034542286726306525,0.00034542286726306525,-5.87125978591354
71,14.209472981987991,0.5,0.2,0.5,0.5833333333333333,0.49965187206071965,0.49965187206071965,0.0003481279392803943,0.0003481279392803943,-5.87125978591354
72,14.409606404269512,0.5,0.2,0.5,0.5833333333333333,0.49964914588659287,0.49964914588659287,0.0003508541134072144,0.0003508541134072144,-5.87125978591354
73,14.609739826551033,0.5,0.2,0.5,0.5833333333333333,0.49964639844802305,0.49964639844802305,0.00035360155197699356,0.00035360155197699356,-5.87125978591354
74,14.809873248832554,0.5,0.2,0.5,0.5833333333333333,0.49964362958139724,0.49964362958139724,0.00035637041860280114,0.00035637041860280114,-5.87125978591354
75,15.010006671114075,0.5,0.2,0.5,0.5833333333333333,0.4996408391218228,0.4996408391218228,0.0003591608781773077,0.0003591608781773077,-5.87125978591354
76,15.210140093395596,0.5,0.2,0.5,0.5833333333333333,0.4996380269031273,0.4996380269031273,0.00036197309687278516,0.00036197309687278516,-5.87125978591354
77,15.410273515677117,0.5,0.2,0.5,0.5833333333333333,0.49963519275785895,0.49963519275785895,0.0003648072421411067,0.0003648072421411067,-5.87125978591354
78,15.610406937958638,0.5,0.2,0.5,0.5833333333333333,0.49963233651728634,0.49963233651728634,0.0003676634827137468,0.0003676634827137468,-5.87125978591354
79,15.810540360240159,0.5,0.2,0.5,0.5833333333333333,0.4996294580113983,0.4996294580113983,0.0003705419886017812,0.0003705419886017812,-5.87125978591354
80,16.010673782521682,0.5,0.2,0.5,0.5833333333333333,0.4996265570655832,0.4996265570655832,0.00037344293441690614,0.00037344293441690614,-5.87125978591354
81,16.210807204803203,0.5,0.2,0.5,0.5833333333333333,0.4996236334924452,0.4996236334924452,0.00037636650755488917,0.00037636650755488917,-5.87125978591354
82,16.410940627084724,0.5,0.2,0.5,0.5833333333333333,0.49962068711450847,0.49962068711450847,0.00037931288549162846,0.00037931288549162846,-5.87125978591354
83,16.611074049366245,0.5,0.2,0.5,0.5833333333333333,0.49961771775443303,0.49961771775443303,0.0003822822455670389,0.0003822822455670389,-5.87125978591354
84,16.811207471647766,0.5,0.2,0.5,0.5833333333333333,0.49961472523352324,0.49961472523352324,0.0003852747664768336,0.0003852747664768336,-5.87125978591354
85,17.011340893929287,0.5,0.2,0.5,0.5833333333333333,0.49961170937172755,0.49961170937172755,0.0003882906282725244,0.0003882906282725244,-5.87125978591354
86,17.211474316210808,0.5,0.2,0.5,0.5833333333333333,0.4996086699876387,0.4996086699876387,0.000391330012361421,0.000391330012361421,-5.87125978591354
87,17.41160773849233,0.5,0.2,0.5,0.5833333333333333,0.4996056068984935,0.4996056068984935,0.00039439310150663154,0.00039439310150663154,-5.87125978591354
88,17.61174116077385,0.5,0.2,0.5,0.5833333333333333,0.499602519920173,0.499602519920173,0.0003974800798270627,0.0003974800798270627,-5.87125978591354
89,17.81187458305537,0.5,0.2,0.5,0.5833333333333333,0.49959940886720267,0.49959940886720267,0.0004005911327974191,0.0004005911327974191,-5.87125978591354
90,18.01200800533689,0.5,0.2,0.5,0.5833333333333333,0.4995962735527519,0.4995962735527519,0.0004037264472482041,0.0004037264472482041,-5.87125978591354
91,18.212141427618413,0.5,0.2,0.5,0.5833333333333333,0.49959311378863436,0.49959311378863436,0.000406886211365719,0.000406886211365719,-5.87125978591354
92,18.412274849899934,0.5,0.2,0.5,0.5833333333333333,0.49958992938530805,0.49958992938530805,0.0004100706146920636,0.0004100706146920636,-5.87125978591354
93,18.612408272181455,0.5,0.2,0.5,0.5833333333333333,0.49958672015187494,0.49958672015187494,0.000413279848125136,0.000413279848125136,-5.87125978591354
94,18.812541694462976,0.5,0.2,0.5,0.5833333333333333,0.4995834858960815,0.4995834858960815,0.0004165141039186326,0.0004165141039186326,-5.87125978591354
95,19.012675116744497,0.5,0.2,0.5,0.5833333333333333,0.49958022642431804,0.49958022642431804,0.00041977357568204806,0.00041977357568204806,-5.87125978591354
96,19.212808539026017,0.5,0.2,0.5,0.5833333333333333,0.4995769415416194,0.4995769415416194,0.0004230584583806755,0.0004230584583806755,-5.87125978591354
97,19.41294196130754,0.5,0.2,0.5,0.5833333333333333,0.49957363105166447,0.49957363105166447,0.0004263689483356062,0.0004263689483356062,-5.87125978591354
98,19.61307538358906,0.5,0.2,0.5,0.5833333333333333,0.4995702947567764,0.4995702947567764,0.00042970524322372985,0.00042970524322372985,-5.87125978591354
99,19.81320880587058,0.5,0.2,0.5,0.5833333333333333,0.4995669324579224,0.4995669324579224,0.00043306754207773435,0.00043306754207773435,-5.87125978591354
100,20.0133422281521,0.5,0.2,0.5,0.5833333333333333,0.499563543954714,0.499563543954714,0.0004364560452861061,0.0004364560452861061,-5.87125978591354
101,20.213475650433622,0.5,0.2,0.5,0.5833333333333333,0.499560129045407,0.499560129045407,0.0004398709545931296,0.0004398709545931296,-5.87125978591354
102,20.413609072715143,0.5,0.2,0.5,0.5833333333333333,0.4995566875269012,0.4995566875269012,0.0004433124730988878,0.0004433124730988878,-5.87125978591354
103,20.613742494996664,0.5,0.2,0.5,0.5833333333333333,0.4995532191947408,0.4995532191947408,0.000446780805259262,0.000446780805259262,-5.87125978591354
104,20.813875917278185,0.5,0.2,0.5,0.5833333333333333,0.49954972384311414,0.49954972384311414,0.0004502761568859317,0.0004502761568859317,-5.87125978591354
105,21.014009339559706,0.5,0.2,0.5,0.5833333333333333,0.4995462012648537,0.4995462012648537,0.00045379873514637476,0.00045379873514637476,-5.87125978591354
106,21.214142761841227,0.5,0.2,0.5,0.5833333333333333,0.4995426512514362,0.4995426512514362,0.0004573487485638673,0.0004573487485638673,-5.87125978591354
107,21.41427618412275,0.5,0.2,0.5,0.5833333333333333,0.49953907358674776,0.49953907358674776,0.0004609264132523365,0.0004609264132523365,-5.87125978591354
108,21.61440960640427,0.5,0.2,0.5,0.5833333333333333,0.499535468038728,0.499535468038728,0.00046453196127211016,0.00046453196127211016,-5.87125978591354
109,21.81454302868579,0.5,0.2,0.5,0.5833333333333333,0.4995318343903761,0.4995318343903761,0.0004681656096240521,0.0004681656096240521,-5.87125978591354
110,22.01467645096731,0.5,0.2,0.5,0.5833333333333333,0.49952817242456804,0.49952817242456804,0.00047182757543205717,0.00047182757543205717,-5.87125978591354
111,22.214809873248832,0.5,0.2,0.5,0.5833333333333333,0.4995244819227151,0.4995244819227151,0.0004755180772850301,0.0004755180772850301,-5.87125978591354
112,22.414943295530353,0.5,0.2,0.5,0.5833333333333333,0.49952076266476325,0.49952076266476325,0.0004792373352368852,0.0004792373352368852,-5.87125978591354
113,22.615076717811874,0.5,0.2,0.5,0.5833333333333333,0.49951701442919355,0.49951701442919355,0.0004829855708065467,0.0004829855708065467,-5.87125978591354
114,22.815210140093395,0.5,0.2,0.5,0.5833333333333333,0.4995132369930222,0.4995132369930222,0.0004867630069779484,0.0004867630069779484,-5.87125978591354
115,23.015343562374916,0.5,0.2,0.5,0.5833333333333333,0.4995094301318001,0.4995094301318001,0.0004905698682000339,0.0004905698682000339,-5.87125978591354
116,23.215476984656437,0.5,0.2,0.5,0.5833333333333333,0.4995055936196134,0.4995055936196134,0.0004944063803867565,0.0004944063803867565,-5.87125978591354
117,23.415610406937958,0.5,0.2,0.5,0.5833333333333333,0.49950172722908304,0.49950172722908304,0.0004982727709170793,0.0004982727709170793,-5.87125978591354
118,23.61574382921948,0.5,0.2,0.5,0.5833333333333333,0.49949783073136517,0.49949783073136517,0.0005021692686349752,0.0005021692686349752,-5.87125978591354
119,23.815877251501,0.5,0.2,0.5,0.5833333333333333,0.49949390389615067,0.49949390389615067,0.0005060961038494266,0.0005060961038494266,-5.87125978591354
120,24.01601067378252,0.5,0.2,0.5,0.5833333333333333,0.4994899464916657,0.4994899464916657,0.0005100535083344258,0.0005100535083344258,-5.87125978591354
121,24.216144096064042,0.5,0.2,0.5,0.5833333333333333,0.4994859582846711,0.4994859582846711,0.0005140417153289748,0.0005140417153289748,-5.87125978591354
122,24.416277518345563,0.5,0.2,0.5,0.5833333333333333,0.49948193904046306,0.49948193904046306,0.0005180609595370853,0.0005180609595370853,-5.87125978591354
123,24.616410940627084,0.5,0.2,0.5,0.5833333333333333,0.49947788852287234,0.49947788852287234,0.000522111477127779,0.000522111477127779,-5.87125978591354
124,24.816544362908605,0.5,0.2,0.5,0.5833333333333333,0.49947380649426504,0.49947380649426504,0.0005261935057350869,0.0005261935057350869,-5.87125978591354
125,25.016677785190126,0.5,0.2,0.5,0.5833333333333333,0.4994696927155421,0.4994696927155421,0.00053030728445805,0.00053030728445805,-5.87125978591354
126,25.216811207471647,0.5,0.2,0.5,0.5833333333333333,0.4994655469461394,0.4994655469461394,0.000534453053860719,0.000534453053860719,-5.87125978591354
127,25.416944629753168,0.5,0.2,0.5,0.5833333333333333,0.499461368944028,0.499461368944028,0.0005386310559721543,0.0005386310559721543,-5.87125978591354
128,25.61707805203469,0.5,0.2,0.5,0.5833333333333333,0.4994571584657137,0.4994571584657137,0.0005428415342864263,0.0005428415342864263,-5.87125978591354
129,25.81721147431621,0.5,0.2,0.5,0.5833333333333333,0.49945291526623753,0.49945291526623753,0.0005470847337626145,0.0005470847337626145,-5.87125978591354
130,26.01734489659773,0.5,0.2,0.5,0.5833333333333333,0.4994486390991753,0.4994486390991753,0.0005513609008248086,0.0005513609008248086,-5.87125978591354
131,26.21747831887925,0.5,0.2,0.5,0.5833333333333333,0.499444329716638,0.499444329716638,0.0005556702833621082,0.0005556702833621082,-5.87125978591354
132,26.417611741160773,0.5,0.2,0.5,0.5833333333333333,0.4994399868692715,0.4994399868692715,0.0005600131307286221,0.0005600131307286221,-5.87125978591354
133,26.617745163442294,0.5,0.2,0.5,0.5833333333333333,0.49943561030625666,0.49943561030625666,0.0005643896937434693,0.0005643896937434693,-5.87125978591354
134,26.817878585723815,0.5,0.2,0.5,0.5833333333333333,0.4994311997522758,0.4994311997522758,0.0005688002477243601,0.0005688002477243601,-5.87125978591354
135,27.018012008005336,0.5,0.2,0.5,0.5833333333333333,0.4994267548953247,0.4994267548953247,0.0005732451046754962,0.0005732451046754962,-5.87125978591354
136,27.218145430286857,0.5,0.2,0.5,0.5833333333333333,0.49942227546911117,0.49942227546911117,0.0005777245308890264,0.0005777245308890264,-5.87125978591354
137,27.418278852568378,0.5,0.2,0.5,0.5833333333333333,0.4994177612076812,0.4994177612076812,0.0005822387923189417,0.0005822387923189417,-5.87125978591354
138,27.6184122748499,0.5,0.2,0.5,0.5833333333333333,0.49941321184329807,0.49941321184329807,0.0005867881567021029,0.0005867881567021029,-5.87125978591354
139,27.81854569713142,0.5,0.2,0.5,0.5833333333333333,0.4994086271064419,0.4994086271064419,0.0005913728935582392,0.0005913728935582392,-5.87125978591354
140,28.01867911941294,0.5,0.2,0.5,0.5833333333333333,0.4994040067258102,0.4994040067258102,0.0005959932741899488,0.0005959932741899488,-5.87125978591354
141,28.21881254169446,0.5,0.2,0.5,0.5833333333333333,0.49939935042831746,0.49939935042831746,0.000600649571682699,0.000600649571682699,-5.87125978591354
142,28.418945963975982,0.5,0.2,0.5,0.5833333333333333,0.4993946579390953,0.4993946579390953,0.0006053420609048258,0.0006053420609048258,-5.87125978591354
143,28.619079386257503,0.5,0.2,0.5,0.5833333333333333,0.49938992898149265,0.49938992898149265,0.0006100710185075341,0.0006100710185075341,-5.87125978591354
144,28.819212808539024,0.5,0.2,0.5,0.5833333333333333,0.4993851632770753,0.4993851632770753,0.0006148367229248977,0.0006148367229248977,-5.87125978591354
145,29.019346230820545,0.5,0.2,0.5,0.5833333333333333,0.4993803605456263,0.4993803605456263,0.0006196394543738592,0.0006196394543738592,-5.87125978591354
146,29.219479653102066,0.5,0.2,0.5,0.5833333333333333,0.49937552050514594,0.49937552050514594,0.0006244794948542306,0.0006244794948542306,-5.87125978591354
147,29.419613075383587,0.5,0.2,0.5,0.5833333333333333,0.49937064287185146,0.49937064287185146,0.000629357128148692,0.000629357128148692,-5.87125978591354
148,29.61974649766511,0.5,0.2,0.5,0.5833333333333333,0.49936572736017737,0.49936572736017737,0.000634272639822793,0.000634272639822793,-5.87125978591354
149,29.81987991994663,0.5,0.2,0.5,0.5833333333333333,0.4993607736827752,0.4993607736827752,0.0006392263172249518,0.0006392263172249518,-5.87125978591354
150,30.02001334222815,0.5,0.2,0.5,0.5833333333333333,0.4993557815505137,0.4993557815505137,0.0006442184494864557,0.0006442184494864557,-5.87125978591354
151,30.22014676450967,0.5,0.2,0.5,0.5833333333333333,0.4993507506724787,0.4993507506724787,0.0006492493275214605,0.0006492493275214605,-5.87125978591354
152,30.420280186791192,0.5,0.2,0.5,0.5833333333333333,0.4993456807559732,0.4993456807559732,0.0006543192440269916,0.0006543192440269916,-5.87125978591354
153,30.620413609072713,0.5,0.2,0.5,0.5833333333333333,0.49934057150651723,0.49934057150651723,0.0006594284934829425,0.0006594284934829425,-5.87125978591354
154,30.820547031354234,0.5,0.2,0.5,0.5833333333333333,0.4993354226278481,0.4993354226278481,0.0006645773721520763,0.0006645773721520763,-5.87125978591354
155,31.020680453635755,0.5,0.2,0.5,0.5833333333333333,0.49933023382192016,0.49933023382192016,0.0006697661780800243,0.0006697661780800243,-5.87125978591354
156,31.220813875917276,0.5,0.2,0.5,0.5833333333333333,0.4993250047889049,0.4993250047889049,0.0006749952110952871,0.0006749952110952871,-5.87125978591354
157,31.420947298198797,0.5,0.2,0.5,0.5833333333333333,0.4993197352271909,0.4993197352271909,0.0006802647728092344,0.0006802647728092344,-5.87125978591354
158,31.621080720480318,0.5,0.2,0.5,0.5833333333333333,0.49931442483338406,0.49931442483338406,0.0006855751666161044,0.0006855751666161044,-5.87125978591354
159,31.82121414276184,0.5,0.2,0.5,0.5833333333333333,0.49930907330230717,0.49930907330230717,0.0006909266976930042,0.0006909266976930042,-5.87125978591354
160,32.021347565043364,0.5,0.2,0.5,0.5833333333333333,0.49930368032700023,0.49930368032700023,0.0006963196729999102,0.0006963196729999102,-5.87125978591354
161,32.22148098732488,0.5,0.2,0.5,0.5833333333333333,0.4992982469799309,0.4992982469799309,0.0007017530200692913,0.0007017530200692913,-5.87125978591354
162,32.421614409606406,0.5,0.2,0.5,0.5833333333333333,0.49929276980311343,0.49929276980311343,0.0007072301968867714,0.0007072301968867714,-5.87125978591354
163,32.62174783188792,0.5,0.2,0.5,0.5833333333333333,0.4992872501762591,0.4992872501762591,0.0007127498237411103,0.0007127498237411103,-5.87125978591354
164,32.82188125416945,0.5,0.2,0.5,0.5833333333333333,0.4992816877699002,0.4992816877699002,0.0007183122300999959,0.0007183122300999959,-5.87125978591354
165,33.022014676450965,0.5,0.2,0.5,0.5833333333333333,0.499276082252746,0.499276082252746,0.0007239177472541876,0.0007239177472541876,-5.87125978591354
166,33.22214809873249,0.5,0.2,0.5,0.5833333333333333,0.49927043329166854,0.49927043329166854,0.0007295667083316295,0.0007295667083316295,-5.87125978591354
167,33.42228152101401,0.5,0.2,0.5,0.5833333333333333,0.4992647405516886,0.4992647405516886,0.0007352594483115626,0.0007352594483115626,-5.87125978591354
168,33.62241494329553,0.5,0.2,0.5,0.5833333333333333,0.49925900369596155,0.49925900369596155,0.0007409963040386389,0.0007409963040386389,-5.87125978591354
169,33.82254836557705,0.5,0.2,0.5,0.5833333333333333,0.49925322238576314,0.49925322238576314,0.0007467776142370323,0.0007467776142370323,-5.87125978591354
170,34.02268178785857,0.5,0.2,0.5,0.5833333333333333,0.49924739628047565,0.49924739628047565,0.0007526037195245535,0.0007526037195245535,-5.87125978591354
171,34.22281521014009,0.5,0.2,0.5,0.5833333333333333,0.4992415250375734,0.4992415250375734,0.0007584749624267603,0.0007584749624267603,-5.87125978591354
172,34.422948632421615,0.5,0.2,0.5,0.5833333333333333,0.4992356083126091,0.4992356083126091,0.0007643916873910735,0.0007643916873910735,-5.87125978591354
173,34.62308205470313,0.5,0.2,0.5,0.5833333333333333,0.4992296457591993,0.4992296457591993,0.0007703542408008867,0.0007703542408008867,-5.87125978591354
174,34.82321547698466,0.5,0.2,0.5,0.5833333333333333,0.4992236370290105,0.4992236370290105,0.0007763629709896811,0.0007763629709896811,-5.87125978591354
175,35.023348899266175,0.5,0.2,0.5,0.5833333333333333,0.4992175817717451,0.4992175817717451,0.0007824182282551369,0.0007824182282551369,-5.87125978591354
176,35.2234823215477,0.5,0.2,0.5,0.5833333333333333,0.49921147963512696,0.49921147963512696,0.000788520364873248,0.000788520364873248,-5.87125978591354
177,35.42361574382922,0.5,0.2,0.5,0.5833333333333333,0.4992053302648878,0.4992053302648878,0.0007946697351124319,0.0007946697351124319,-5.87125978591354
178,35.62374916611074,0.5,0.2,0.5,0.5833333333333333,0.4991991333047525,0.4991991333047525,0.0008008666952476459,0.0008008666952476459,-5.87125978591354
179,35.82388258839226,0.5,0.2,0.5,0.5833333333333333,0.49919288839642567,0.49919288839642567,0.0008071116035744968,0.0008071116035744968,-5.87125978591354
180,36.02401601067378,0.5,0.2,0.5,0.5833333333333333,0.4991865951795768,0.4991865951795768,0.0008134048204233561,0.0008134048204233561,-5.87125978591354
181,36.2241494329553,0.5,0.2,0.5,0.5833333333333333,0.4991802532918267,0.4991802532918267,0.0008197467081734708,0.0008197467081734708,-5.87125978591354
182,36.424282855236825,0.5,0.2,0.5,0.5833333333333333,0.4991738623687331,0.4991738623687331,0.0008261376312670782,0.0008261376312670782,-5.87125978591354
183,36.62441627751834,0.5,0.2,0.5,0.5833333333333333,0.4991674220437767,0.4991674220437767,0.0008325779562235165,0.0008325779562235165,-5.87125978591354
184,36.82454969979987,0.5,0.2,0.5,0.5833333333333333,0.4991609319483469,0.4991609319483469,0.00083906805165334,0.00083906805165334,-5.87125978591354
185,37.024683122081385,0.5,0.2,0.5,0.5833333333333333,0.49915439171172776,0.49915439171172776,0.0008456082882724292,0.0008456082882724292,-5.87125978591354
186,37.22481654436291,0.5,0.2,0.5,0.5833333333333333,0.4991478009610841,0.4991478009610841,0.0008521990389161065,0.0008521990389161065,-5.87125978591354
187,37.42494996664443,0.5,0.2,0.5,0.5833333333333333,0.4991411593214469,0.4991411593214469,0.0008588406785532464,0.0008588406785532464,-5.87125978591354
188,37.62508338892595,0.5,0.2,0.5,0.5833333333333333,0.49913446637263476,0.49913446637263476,0.0008655336273654206,0.0008655336273654206,-5.87125978591354
189,37.82521681120747,0.5,0.2,0.5,0.5833333333333333,0.4991277216729116,0.4991277216729116,0.000872278327088613,0.000872278327088613,-5.87125978591354
190,38.02535023348899,0.5,0.2,0.5,0.5833333333333333,0.49912092482914566,0.49912092482914566,0.0008790751708545238,0.0008790751708545238,-5.87125978591354
191,38.22548365577051,0.5,0.2,0.5,0.5833333333333333,0.49911407544567093,0.49911407544567093,0.0008859245543292519,0.0008859245543292519,-5.87125978591354
192,38.425617078052035,0.5,0.2,0.5,0.5833333333333333,0.49910717312405123,0.49910717312405123,0.0008928268759489376,0.0008928268759489376,-5.87125978591354
193,38.62575050033355,0.5,0.2,0.5,0.5833333333333333,0.49910021746305544,0.49910021746305544,0.0008997825369447428,0.0008997825369447428,-5.87125978591354
194,38.82588392261508,0.5,0.2,0.5,0.5833333333333333,0.49909320805863233,0.49909320805863233,0.0009067919413678369,0.0009067919413678369,-5.87125978591354
195,39.026017344896594,0.5,0.2,0.5,0.5833333333333333,0.49908614450388583,0.49908614450388583,0.0009138554961143769,0.0009138554961143769,-5.87125978591354
196,39.22615076717812,0.5,0.2,0.5,0.5833333333333333,0.4990790263890497,0.4990790263890497,0.0009209736109504938,0.0009209736109504938,-5.87125978591354
197,39.426284189459636,0.5,0.2,0.5,0.5833333333333333,0.4990718533014629,0.4990718533014629,0.0009281466985372724,0.0009281466985372724,-5.87125978591354
198,39.62641761174116,0.5,0.2,0.5,0.5833333333333333,0.4990646248255444,0.4990646248255444,0.0009353751744557371,0.0009353751744557371,-5.87125978591354
199,39.82655103402268,0.5,0.2,0.5,0.5833333333333333,0.49905734054276835,0.49905734054276835,0.0009426594572318327,0.0009426594572318327,-5.87125978591354
200,40.0266844563042,0.5,0.2,0.5,0.5833333333333333,0.4990500000316388,0.4990500000316388,0.0009499999683614097,0.0009499999683614097,-5.87125978591354
201,40.22681787858572,0.5,0.2,0.5,0.5833333333333333,0.499042602867665,0.499042602867665,0.0009573971323352049,0.0009573971323352049,-5.87125978591354
202,40.426951300867245,0.5,0.2,0.5,0.5833333333333333,0.49903514862333637,0.49903514862333637,0.0009648513766638269,0.0009648513766638269,-5.87125978591354
203,40.62708472314876,0.5,0.2,0.5,0.5833333333333333,0.4990276368680974,0.4990276368680974,0.0009723631319027373,0.0009723631319027373,-5.87125978591354
204,40.82721814543029,0.5,0.2,0.5,0.5833333333333333,0.499020067168323,0.499020067168323,0.000979932831677235,0.000979932831677235,-5.87125978591354
205,41.027351567711804,0.5,0.2,0.5,0.5833333333333333,0.49901243908729276,0.49901243908729276,0.0009875609127074384,0.0009875609127074384,-5.87125978591354
206,41.22748498999333,0.5,0.2,0.5,0.5833333333333333,0.49900475218516693,0.49900475218516693,0.0009952478148332695,0.0009952478148332695,-5.87125978591354
207,41.427618412274846,0.5,0.2,0.5,0.5833333333333333,0.49899700601896074,0.49899700601896074,0.0010029939810394352,0.0010029939810394352,-5.87125978591354
208,41.62775183455637,0.5,0.2,0.5,0.5833333333333333,0.4989892001425198,0.4989892001425198,0.0010107998574804126,0.0010107998574804126,-5.87125978591354
209,41.82788525683789,0.5,0.2,0.5,0.5833333333333333,0.49898133410649476,0.49898133410649476,0.00101866589350543,0.00101866589350543,-5.87125978591354
210,42.02801867911941,0.5,0.2,0.5,0.5833333333333333,0.49897340745831675,0.49897340745831675,0.001026592541683452,0.001026592541683452,-5.87125978591354
211,42.22815210140093,0.5,0.2,0.5,0.5833333333333333,0.498965419742172,0.498965419742172,0.0010345802578281605,0.0010345802578281605,-5.87125978591354
212,42.428285523682455,0.5,0.2,0.5,0.5833333333333333,0.49895737049897726,0.49895737049897726,0.0010426295010229395,0.0010426295010229395,-5.87125978591354
213,42.62841894596397,0.5,0.2,0.5,0.5833333333333333,0.4989492592663543,0.4989492592663543,0.0010507407336458566,0.0010507407336458566,-5.87125978591354
214,42.8285523682455,0.5,0.2,0.5,0.5833333333333333,0.49894108557860556,0.49894108557860556,0.0010589144213946481,0.0010589144213946481,-5.87125978591354
215,43.028685790527014,0.5,0.2,0.5,0.5833333333333333,0.4989328489666885,0.4989328489666885,0.0010671510333116994,0.0010671510333116994,-5.87125978591354
216,43.22881921280854,0.5,0.2,0.5,0.5833333333333333,0.49892454895819116,0.49892454895819116,0.0010754510418090311,0.0010754510418090311,-5.87125978591354
217,43.428952635090056,0.5,0.2,0.5,0.5833333333333333,0.4989161850773069,0.4989161850773069,0.0010838149226932792,0.0010838149226932792,-5.87125978591354
218,43.62908605737158,0.5,0.2,0.5,0.5833333333333333,0.4989077568448095,0.4989077568448095,0.0010922431551906803,0.0010922431551906803,-5.87125978591354
219,43.8292194796531,0.5,0.2,0.5,0.5833333333333333,0.4988992637780281,0.4988992637780281,0.0011007362219720535,0.0011007362219720535,-5.87125978591354
220,44.02935290193462,0.5,0.2,0.5,0.5833333333333333,0.4988907053905069,0.4988907053905069,0.001109294609493313,0.001109294609493313,-5.87125978591354
221,44.22948632421614,0.5,0.2,0.5,0.5833333333333333,0.49888208117968047,0.49888208117968047,0.001117918820319724,0.001117918820319724,-5.87125978591354
222,44.429619746497664,0.5,0.2,0.5,0.5833333333333333,0.49887339064400826,0.49887339064400826,0.0011266093559919228,0.0011266093559919228,-5.87125978591354
223,44.62975316877918,0.5,0.2,0.5,0.5833333333333333,0.49886463328447844,0.49886463328447844,0.0011353667155217623,0.0011353667155217623,-5.87125978591354
224,44.829886591060706,0.5,0.2,0.5,0.5833333333333333,0.4988558085983984,0.4988558085983984,0.0011441914016017693,0.0011441914016017693,-5.87125978591354
225,45.030020013342224,0.5,0.2,0.5,0.5833333333333333,0.4988469160793679,0.4988469160793679,0.0011530839206322903,0.0011530839206322903,-5.87125978591354
226,45.23015343562375,0.5,0.2,0.5,0.5833333333333333,0.49883795521725155,0.49883795521725155,0.0011620447827486444,0.0011620447827486444,-5.87125978591354
227,45.430286857905266,0.5,0.2,0.5,0.5833333333333333,0.4988289254981519,0.4988289254981519,0.0011710745018482715,0.0011710745018482715,-5.87125978591354
228,45.63042028018679,0.5,0.2,0.5,0.5833333333333333,0.49881982640438227,0.49881982640438227,0.0011801735956178836,0.0011801735956178836,-5.87125978591354
229,45.83055370246831,0.5,0.2,0.5,0.5833333333333333,0.4988106574144396,0.4988106574144396,0.0011893425855606119,0.0011893425855606119,-5.87125978591354
230,46.03068712474983,0.5,0.2,0.5,0.5833333333333333,0.498801418002977,0.498801418002977,0.00119858199702316,0.00119858199702316,-5.87125978591354
231,46.23082054703135,0.5,0.2,0.5,0.5833333333333333,0.49879210764077725,0.49879210764077725,0.0012078923592229506,0.0012078923592229506,-5.87125978591354
232,46.430953969312874,0.5,0.2,0.5,0.5833333333333333,0.4987827257947249,0.4987827257947249,0.001217274205275278,0.001217274205275278,-5.87125978591354
233,46.63108739159439,0.5,0.2,0.5,0.5833333333333333,0.4987732719277797,0.4987732719277797,0.0012267280722204554,0.0012267280722204554,-5.87125978591354
234,46.831220813875916,0.5,0.2,0.5,0.5833333333333333,0.4987637454989492,0.4987637454989492,0.0012362545010509668,0.0012362545010509668,-5.87125978591354
235,47.03135423615743,0.5,0.2,0.5,0.5833333333333333,0.49875414596326156,0.49875414596326156,0.0012458540367386148,0.0012458540367386148,-5.87125978591354
236,47.23148765843896,0.5,0.2,0.5,0.5833333333333333,0.4987444727717385,0.4987444727717385,0.0012555272282616732,0.0012555272282616732,-5.87125978591354
237,47.431621080720475,0.5,0.2,0.5,0.5833333333333333,0.49873472537136815,0.49873472537136815,0.0012652746286320332,0.0012652746286320332,-5.87125978591354
238,47.631754503002,0.5,0.2,0.5,0.5833333333333333,0.49872490320507784,0.49872490320507784,0.0012750967949223565,0.0012750967949223565,-5.87125978591354
239,47.83188792528352,0.5,0.2,0.5,0.5833333333333333,0.49871500571170696,0.49871500571170696,0.0012849942882932227,0.0012849942882932227,-5.87125978591354
240,48.03202134756504,0.5,0.2,0.5,0.5833333333333333,0.4987050323259799,0.4987050323259799,0.0012949676740202807,0.0012949676740202807,-5.87125978591354
241,48.23215476984656,0.5,0.2,0.5,0.5833333333333333,0.49869498247847877,0.49869498247847877,0.0013050175215213974,0.0013050175215213974,-5.87125978591354
242,48.432288192128084,0.5,0.2,0.5,0.5833333333333333,0.49868485559561637,0.49868485559561637,0.0013151444043838086,0.0013151444043838086,-5.87125978591354
243,48.6324216144096,0.5,0.2,0.5,0.5833333333333333,0.4986746510996089,0.4986746510996089,0.0013253489003912673,0.0013253489003912673,-5.87125978591354
244,48.832555036691126,0.5,0.2,0.5,0.5833333333333333,0.49866436840844897,0.49866436840844897,0.001335631591551195,0.001335631591551195,-5.87125978591354
245,49.03268845897264,0.5,0.2,0.5,0.5833333333333333,0.49865400693587836,0.49865400693587836,0.0013459930641218309,0.0013459930641218309,-5.87125978591354
246,49.23282188125417,0.5,0.2,0.5,0.5833333333333333,0.4986435660913608,0.4986435660913608,0.0013564339086393812,0.0013564339086393812,-5.87125978591354
247,49.432955303535685,0.5,0.2,0.5,0.5833333333333333,0.49863304528005503,0.49863304528005503,0.0013669547199451693,0.0013669547199451693,-5.87125978591354
248,49.63308872581721,0.5,0.2,0.5,0.5833333333333333,0.49862244390278737,0.49862244390278737,0.0013775560972127867,0.0013775560972127867,-5.87125978591354
249,49.83322214809873,0.5,0.2,0.5,0.5833333333333333,0.4986117613560249,0.4986117613560249,0.00138823864397524,0.00138823864397524,-5.87125978591354
250,50.03335557038025,0.5,0.2,0.5,0.5833333333333333,0.49860099703184807,0.49860099703184807,0.0013990029681521046,0.0013990029681521046,-5.87125978591354
251,50.23348899266177,0.5,0.2,0.5,0.5833333333333333,0.49859015031792353,0.49859015031792353,0.00140984968207667,0.00140984968207667,-5.87125978591354
252,50.433622414943294,0.5,0.2,0.5,0.5833333333333333,0.4985792205974771,0.4985792205974771,0.001420779402523094,0.001420779402523094,-5.87125978591354
253,50.63375583722481,0.5,0.2,0.5,0.5833333333333333,0.498568207252614,0.498568207252614,0.0014317927473861587,0.0014317927473861587,-5.87125978591354
254,50.833889259506336,0.5,0.2,0.5,0.5833333333333333,0.49855710968603195,0.49855710968603195,0.0014428903139682167,0.0014428903139682167,-5.87125978591354
255,51.03402268178785,0.5,0.2,0.5,0.5833333333333333,0.49854592727734864,0.49854592727734864,0.0014540727226515131,0.0014540727226515131,-5.87125978591354
256,51.23415610406938,0.5,0.2,0.5,0.5833333333333333,0.49853465939614755,0.49853465939614755,0.0014653406038526314,0.0014653406038526314,-5.87125978591354
257,51.4342895263509,0.5,0.2,0.5,0.5833333333333333,0.49852330540764506,0.49852330540764506,0.0014766945923550931,0.0014766945923550931,-5.87125978591354
258,51.63442294863242,0.5,0.2,0.5,0.5833333333333333,0.4985118646726677,0.4985118646726677,0.00148813532733244,0.00148813532733244,-5.87125978591354
259,51.834556370913944,0.5,0.2,0.5,0.5833333333333333,0.4985003365476288,0.4985003365476288,0.0014996634523713195,0.0014996634523713195,-5.87125978591354
260,52.03468979319546,0.5,0.2,0.5,0.5833333333333333,0.4984887203845056,0.4984887203845056,0.0015112796154945645,0.0015112796154945645,-5.87125978591354
261,52.234823215476986,0.5,0.2,0.5,0.5833333333333333,0.49847701553081586,0.49847701553081586,0.0015229844691842791,0.0015229844691842791,-5.87125978591354
262,52.4349566377585,0.5,0.2,0.5,0.5833333333333333,0.49846522132959525,0.49846522132959525,0.0015347786704049187,0.0015347786704049187,-5.87125978591354
263,52.63509006004003,0.5,0.2,0.5,0.5833333333333333,0.4984533371193738,0.4984533371193738,0.0015466628806263764,0.0015466628806263764,-5.87125978591354
264,52.835223482321545,0.5,0.2,0.5,0.5833333333333333,0.4984413622341531,0.4984413622341531,0.0015586377658470614,0.0015586377658470614,-5.87125978591354
265,53.03535690460307,0.5,0.2,0.5,0.5833333333333333,0.49842929600338315,0.49842929600338315,0.0015707039966169872,0.0015707039966169872,-5.87125978591354
266,53.23549032688459,0.5,0.2,0.5,0.5833333333333333,0.4984171377519393,0.4984171377519393,0.00158286224806085,0.00158286224806085,-5.87125978591354
267,53.43562374916611,0.5,0.2,0.5,0.5833333333333333,0.49840488680009903,0.49840488680009903,0.001595113199901115,0.001595113199901115,-5.87125978591354
268,53.63575717144763,0.5,0.2,0.5,0.5833333333333333,0.49839254246351905,0.49839254246351905,0.0016074575364810962,0.0016074575364810962,-5.87125978591354
269,53.835890593729154,0.5,0.2,0.5,0.5833333333333333,0.49838010405321215,0.49838010405321215,0.0016198959467880426,0.0016198959467880426,-5.87125978591354
270,54.03602401601067,0.5,0.2,0.5,0.5833333333333333,0.49836757087552397,0.49836757087552397,0.0016324291244762179,0.0016324291244762179,-5.87125978591354
271,54.236157438292196,0.5,0.2,0.5,0.5833333333333333,0.4983549422321102,0.4983549422321102,0.001645057767889987,0.001645057767889987,-5.87125978591354
272,54.43629086057371,0.5,0.2,0.5,0.5833333333333333,0.49834221741991325,0.49834221741991325,0.0016577825800868948,0.0016577825800868948,-5.87125978591354
273,54.63642428285524,0.5,0.2,0.5,0.5833333333333333,0.49832939573113944,0.49832939573113944,0.0016706042688607536,0.0016706042688607536,-5.87125978591354
274,54.836557705136755,0.5,0.2,0.5,0.5833333333333333,0.49831647645323546,0.49831647645323546,0.0016835235467647215,0.0016835235467647215,-5.87125978591354
275,55.03669112741828,0.5,0.2,0.5,0.5833333333333333,0.4983034588688658,0.4983034588688658,0.00169654113113439,0.00169654113113439,-5.87125978591354
276,55.2368245496998,0.5,0.2,0.5,0.5833333333333333,0.4982903422558893,0.4982903422558893,0.001709657744110862,0.001709657744110862,-5.87125978591354
277,55.43695797198132,0.5,0.2,0.5,0.5833333333333333,0.4982771258873363,0.4982771258873363,0.0017228741126638397,0.0017228741126638397,-5.87125978591354
278,55.63709139426284,0.5,0.2,0.5,0.5833333333333333,0.49826380903138545,0.49826380903138545,0.0017361909686147033,0.0017361909686147033,-5.87125978591354
279,55.837224816544364,0.5,0.2,0.5,0.5833333333333333,0.49825039095134055,0.49825039095134055,0.001749609048659597,0.001749609048659597,-5.87125978591354
280,56.03735823882588,0.5,0.2,0.5,0.5833333333333333,0.49823687090560764,0.49823687090560764,0.0017631290943925094,0.0017631290943925094,-5.87125978591354
281,56.237491661107406,0.5,0.2,0.5,0.5833333333333333,0.4982232481476718,0.4982232481476718,0.0017767518523283594,0.0017767518523283594,-5.87125978591354
282,56.43762508338892,0.5,0.2,0.5,0.5833333333333333,0.4982095219260741,0.4982095219260741,0.0017904780739260758,0.0017904780739260758,-5.87125978591354
283,56.63775850567045,0.5,0.2,0.5,0.5833333333333333,0.49819569148438847,0.49819569148438847,0.0018043085156116833,0.0018043085156116833,-5.87125978591354
284,56.837891927951965,0.5,0.2,0.5,0.5833333333333333,0.4981817560611988,0.4981817560611988,0.0018182439388013828,0.0018182439388013828,-5.87125978591354
285,57.03802535023349,0.5,0.2,0.5,0.5833333333333333,0.49816771489007555,0.49816771489007555,0.0018322851099246368,0.0018322851099246368,-5.87125978591354
286,57.23815877251501,0.5,0.2,0.5,0.5833333333333333,0.4981535671942692,0.4981535671942692,0.0018464328057309542,0.0018464328057309542,-5.87125978591354
287,57.43829219479653,0.5,0.2,0.5,0.5833333333333333,0.4981393121794978,0.4981393121794978,0.0018606878205023234,0.0018606878205023234,-5.87125978591354
288,57.63842561707805,0.5,0.2,0.5,0.5833333333333333,0.4981249490603364,0.4981249490603364,0.0018750509396637475,0.0018750509396637475,-5.87125978591354
289,57.83855903935957,0.5,0.2,0.5,0.5833333333333333,0.4981104770472782,0.4981104770472782,0.001889522952721926,0.001889522952721926,-5.87125978591354
290,58.03869246164109,0.5,0.2,0.5,0.5833333333333333,0.4980958953455555,0.4980958953455555,0.001904104654444658,0.001904104654444658,-5.87125978591354
291,58.238825883922615,0.5,0.2,0.5,0.5833333333333333,0.4980812031551136,0.4980812031551136,0.0019187968448864845,0.0019187968448864845,-5.87125978591354
292,58.43895930620413,0.5,0.2,0.5,0.5833333333333333,0.4980663996705858,0.4980663996705858,0.0019336003294143245,0.0019336003294143245,-5.87125978591354
293,58.63909272848566,0.5,0.2,0.5,0.5833333333333333,0.498051484081267,0.498051484081267,0.001948515918733117,0.001948515918733117,-5.87125978591354
294,58.839226150767175,0.5,0.2,0.5,0.5833333333333333,0.49803645557108867,0.49803645557108867,0.001963544428911457,0.001963544428911457,-5.87125978591354
295,59.0393595730487,0.5,0.2,0.5,0.5833333333333333,0.4980213133185929,0.4980213133185929,0.0019786866814072383,0.0019786866814072383,-5.87125978591354
296,59.23949299533022,0.5,0.2,0.5,0.5833333333333333,0.4980060564969068,0.4980060564969068,0.001993943503093289,0.001993943503093289,-5.87125978591354
297,59.43962641761174,0.5,0.2,0.5,0.5833333333333333,0.4979906842737171,0.4979906842737171,0.0020093157262830144,0.0020093157262830144,-5.87125978591354
298,59.63975983989326,0.5,0.2,0.5,0.5833333333333333,0.4979751958112441,0.4979751958112441,0.002024804188756032,0.002024804188756032,-5.87125978591354
299,59.83989326217478,0.5,0.2,0.5,0.5833333333333333,0.49795959026621633,0.49795959026621633,0.0020404097337838145,0.0020404097337838145,-5.87125978591354
300,60.0400266844563,0.5,0.2,0.5,0.5833333333333333,0.4979438667898448,0.4979438667898448,0.0020561332101553262,0.0020561332101553262,-5.87125978591354
301,60.240160106737825,0.5,0.2,0.5,0.5833333333333333,0.49792802452779744,0.49792802452779744,0.0020719754722026643,0.0020719754722026643,-5.87125978591354
302,60.44029352901934,0.5,0.2,0.5,0.5833333333333333,0.4979120626201734,0.4979120626201734,0.0020879373798266955,0.0020879373798266955,-5.87125978591354
303,60.64042695130087,0.5,0.2,0.5,0.5833333333333333,0.4978959802014774,0.4978959802014774,0.0021040197985226984,0.0021040197985226984,-5.87125978591354
304,60.840560373582385,0.5,0.2,0.5,0.5833333333333333,0.4978797764005941,0.4978797764005941,0.0021202235994059993,0.0021202235994059993,-5.87125978591354
305,61.04069379586391,0.5,0.2,0.5,0.5833333333333333,0.4978634503407625,0.4978634503407625,0.0021365496592376148,0.0021365496592376148,-5.87125978591354
306,61.24082721814543,0.5,0.2,0.5,0.5833333333333333,0.4978470011395502,0.4978470011395502,0.002152998860449886,0.002152998860449886,-5.87125978591354
307,61.44096064042695,0.5,0.2,0.5,0.5833333333333333,0.497830427908828,0.497830427908828,0.002169572091172125,0.002169572091172125,-5.87125978591354
308,61.64109406270847,0.5,0.2,0.5,0.5833333333333333,0.49781372975474386,0.49781372975474386,0.0021862702452562456,0.0021862702452562456,-5.87125978591354
309,61.84122748498999,0.5,0.2,0.5,0.5833333333333333,0.4977969057776977,0.4977969057776977,0.00220309422230241,0.00220309422230241,-5.87125978591354
310,62.04136090727151,0.5,0.2,0.5,0.5833333333333333,0.4977799550723155,0.4977799550723155,0.002220044927684662,0.002220044927684662,-5.87125978591354
311,62.241494329553035,0.5,0.2,0.5,0.5833333333333333,0.49776287672742353,0.49776287672742353,0.0022371232725765717,0.0022371232725765717,-5.87125978591354
312,62.44162775183455,0.5,0.2,0.5,0.5833333333333333,0.49774566982602325,0.49774566982602325,0.002254330173976868,0.002254330173976868,-5.87125978591354
313,62.64176117411608,0.5,0.2,0.5,0.5833333333333333,0.497728333445265,0.497728333445265,0.002271666554735086,0.002271666554735086,-5.87125978591354
314,62.841894596397594,0.5,0.2,0.5,0.5833333333333333,0.49771086665642295,0.49771086665642295,0.0022891333435771967,0.0022891333435771967,-5.87125978591354
315,63.04202801867912,0.5,0.2,0.5,0.5833333333333333,0.4976932685248689,0.4976932685248689,0.0023067314751312558,0.0023067314751312558,-5.87125978591354
316,63.242161440960636,0.5,0.2,0.5,0.5833333333333333,0.4976755381100471,0.4976755381100471,0.002324461889953034,0.002324461889953034,-5.87125978591354
317,63.44229486324216,0.5,0.2,0.5,0.5833333333333333,0.49765767446544845,0.49765767446544845,0.0023423255345516635,0.0023423255345516635,-5.87125978591354
318,63.64242828552368,0.5,0.2,0.5,0.5833333333333333,0.4976396766385848,0.4976396766385848,0.002360323361415272,0.002360323361415272,-5.87125978591354
319,63.8425617078052,0.5,0.2,0.5,0.5833333333333333,0.49762154366214995,0.49762154366214995,0.0023784563378501608,0.0023784563378501608,-5.87125978591354
320,64.04269513008673,0.5,0.2,0.5,0.5833333333333333,0.4976032745584858,0.4976032745584858,0.0023967254415143448,0.0023967254415143448,-5.87125978591354
321,64.24282855236824,0.5,0.2,0.5,0.5833333333333333,0.49758486835457083,0.49758486835457083,0.0024151316454292682,0.0024151316454292682,-5.87125978591354
322,64.44296197464976,0.5,0.2,0.5,0.5833333333333333,0.4975663240712417,0.4975663240712417,0.0024336759287584423,0.0024336759287584423,-5.87125978591354
323,64.64309539693129,0.5,0.2,0.5,0.5833333333333333,0.4975476407231097,0.4975476407231097,0.00245235927689042,0.00245235927689042,-5.87125978591354
324,64.84322881921281,0.5,0.2,0.5,0.5833333333333333,0.49752881731853343,0.49752881731853343,0.0024711826814667053,0.0024711826814667053,-5.87125978591354
325,65.04336224149432,0.5,0.2,0.5,0.5833333333333333,0.4975098528595905,0.4975098528595905,0.0024901471404096525,0.0024901471404096525,-5.87125978591354
326,65.24349566377585,0.5,0.2,0.5,0.5833333333333333,0.49749074634204976,0.49749074634204976,0.0025092536579503777,0.0025092536579503777,-5.87125978591354
327,65.44362908605737,0.5,0.2,0.5,0.5833333333333333,0.49747149675534347,0.49747149675534347,0.0025285032446566496,0.0025285032446566496,-5.87125978591354
328,65.6437625083389,0.5,0.2,0.5,0.5833333333333333,0.49745210308253934,0.49745210308253934,0.002547896917460804,0.002547896917460804,-5.87125978591354
329,65.8438959306204,0.5,0.2,0.5,0.5833333333333333,0.49743256430031246,0.49743256430031246,0.002567435699687638,0.002567435699687638,-5.87125978591354
330,66.04402935290193,0.5,0.2,0.5,0.5833333333333333,0.4974128793789178,0.4974128793789178,0.0025871206210823228,0.0025871206210823228,-5.87125978591354
331,66.24416277518345,0.5,0.2,0.5,0.5833333333333333,0.4973930472821618,0.4973930472821618,0.0026069527178382975,0.0026069527178382975,-5.87125978591354
332,66.44429619746498,0.5,0.2,0.5,0.5833333333333333,0.49737306696737493,0.49737306696737493,0.002626933032625179,0.002626933032625179,-5.87125978591354
333,66.64442961974649,0.5,0.2,0.5,0.5833333333333333,0.49735293738538344,0.49735293738538344,0.0026470626146166596,0.0026470626146166596,-5.87125978591354
334,66.84456304202801,0.5,0.2,0.5,0.5833333333333333,0.4973326574804817,0.4973326574804817,0.002667342519518418,0.002667342519518418,-5.87125978591354
335,67.04469646430954,0.5,0.2,0.5,0.5833333333333333,0.4973122261904041,0.4973122261904041,0.0026877738095960144,0.0026877738095960144,-5.87125978591354
336,67.24482988659106,0.5,0.2,0.5,0.5833333333333333,0.4972916424462973,0.4972916424462973,0.0027083575537027987,0.0027083575537027987,-5.87125978591354
337,67.44496330887257,0.5,0.2,0.5,0.5833333333333333,0.4972709051726923,0.4972709051726923,0.00272909482730781,0.00272909482730781,-5.87125978591354
338,67.6450967311541,0.5,0.2,0.5,0.5833333333333333,0.4972500132874764,0.4972500132874764,0.0027499867125236866,0.0027499867125236866,-5.87125978591354
339,67.84523015343562,0.5,0.2,0.5,0.5833333333333333,0.49722896570186553,0.49722896570186553,0.0027710342981345612,0.0027710342981345612,-5.87125978591354
340,68.04536357571715,0.5,0.2,0.5,0.5833333333333333,0.49720776132037614,0.49720776132037614,0.0027922386796239685,0.0027922386796239685,-5.87125978591354
341,68.24549699799866,0.5,0.2,0.5,0.5833333333333333,0.49718639904079737,0.49718639904079737,0.002813600959202746,0.002813600959202746,-5.87125978591354
342,68.44563042028018,0.5,0.2,0.5,0.5833333333333333,0.4971648777541632,0.4971648777541632,0.0028351222458369435,0.0028351222458369435,-5.87125978591354
343,68.6457638425617,0.5,0.2,0.5,0.5833333333333333,0.4971431963447244,0.4971431963447244,0.0028568036552757176,0.0028568036552757176,-5.87125978591354
344,68.84589726484323,0.5,0.2,0.5,0.5833333333333333,0.4971213536899209,0.4971213536899209,0.0028786463100792395,0.0028786463100792395,-5.87125978591354
345,69.04603068712474,0.5,0.2,0.5,0.5833333333333333,0.49709934866035355,0.49709934866035355,0.002900651339646597,0.002900651339646597,-5.87125978591354
346,69.24616410940627,0.5,0.2,0.5,0.5833333333333333,0.49707718011975643,0.49707718011975643,0.002922819880243703,0.002922819880243703,-5.87125978591354
347,69.44629753168779,0.5,0.2,0.5,0.5833333333333333,0.49705484692496893,0.49705484692496893,0.0029451530750311894,0.0029451530750311894,-5.87125978591354
348,69.64643095396931,0.5,0.2,0.5,0.5833333333333333,0.4970323479259078,0.4970323479259078,0.0029676520740923164,0.0029676520740923164,-5.87125978591354
349,69.84656437625083,0.5,0.2,0.5,0.5833333333333333,0.49700968196553924,0.49700968196553924,0.002990318034460873,0.002990318034460873,-5.87125978591354
350,70.04669779853235,0.5,0.2,0.5,0.5833333333333333,0.49698684787985103,0.49698684787985103,0.003013152120149087,0.003013152120149087,-5.87125978591354
351,70.24683122081387,0.5,0.2,0.5,0.5833333333333333,0.4969638444979502,0.4969638444979502,0.0030361555020498995,0.0030361555020498995,-5.87125978591354
352,70.4469646430954,0.5,0.2,0.5,0.5833333333333333,0.49694067064737285,0.49694067064737285,0.003059329352627273,0.003059329352627273,-5.87125978591354
353,70.64709806537691,0.5,0.2,0.5,0.5833333333333333,0.4969173251467116,0.4969173251467116,0.003082674853288517,0.003082674853288517,-5.87125978591354
354,70.84723148765843,0.5,0.2,0.5,0.5833333333333333,0.49689380680476936,0.49689380680476936,0.003106193195230768,0.003106193195230768,-5.87125978591354
355,71.04736490993996,0.5,0.2,0.5,0.5833333333333333,0.4968701144232795,0.4968701144232795,0.0031298855767206493,0.0031298855767206493,-5.87125978591354
356,71.24749833222148,0.5,0.2,0.5,0.5833333333333333,0.4968462467968789,0.4968462467968789,0.003153753203121239,0.003153753203121239,-5.87125978591354
357,71.44763175450299,0.5,0.2,0.5,0.5833333333333333,0.49682220271308114,0.49682220271308114,0.003177797286919024,0.003177797286919024,-5.87125978591354
358,71.64776517678452,0.5,0.2,0.5,0.5833333333333333,0.49679798095224925,0.49679798095224925,0.003202019047750867,0.003202019047750867,-5.87125978591354
359,71.84789859906604,0.5,0.2,0.5,0.5833333333333333,0.4967735802875692,0.4967735802875692,0.003226419712430953,0.003226419712430953,-5.87125978591354
360,72.04803202134757,0.5,0.2,0.5,0.5833333333333333,0.4967489994850224,0.4967489994850224,0.0032510005149777557,0.0032510005149777557,-5.87125978591354
361,72.24816544362908,0.5,0.2,0.5,0.5833333333333333,0.49672423730335913,0.49672423730335913,0.0032757626966409934,0.0032757626966409934,-5.87125978591354
362,72.4482988659106,0.5,0.2,0.5,0.5833333333333333,0.4966992924940716,0.4966992924940716,0.003300707505928594,0.003300707505928594,-5.87125978591354
363,72.64843228819213,0.5,0.2,0.5,0.5833333333333333,0.49667416380136653,0.49667416380136653,0.003325836198633643,0.003325836198633643,-5.87125978591354
364,72.84856571047365,0.5,0.2,0.5,0.5833333333333333,0.4966488499621388,0.4966488499621388,0.0033511500378613497,0.0033511500378613497,-5.87125978591354
365,73.04869913275516,0.5,0.2,0.5,0.5833333333333333,0.49662334970594413,0.49662334970594413,0.0033766502940560023,0.0033766502940560023,-5.87125978591354
366,73.24883255503669,0.5,0.2,0.5,0.5833333333333333,0.4965976617549722,0.4965976617549722,0.0034023382450279333,0.0034023382450279333,-5.87125978591354
367,73.44896597731821,0.5,0.2,0.5,0.5833333333333333,0.4965717848240197,0.4965717848240197,0.003428215175980468,0.003428215175980468,-5.87125978591354
368,73.64909939959973,0.5,0.2,0.5,0.5833333333333333,0.49654571762046323,0.49654571762046323,0.00345428237953689,0.00345428237953689,-5.87125978591354
369,73.84923282188124,0.5,0.2,0.5,0.5833333333333333,0.49651945884423276,0.49651945884423276,0.0034805411557673966,0.0034805411557673966,-5.87125978591354
370,74.04936624416277,0.5,0.2,0.5,0.5833333333333333,0.4964930071877841,0.4964930071877841,0.0035069928122160644,0.0035069928122160644,-5.87125978591354
371,74.2494996664443,0.5,0.2,0.5,0.5833333333333333,0.49646636133607236,0.49646636133607236,0.003533638663927797,0.003533638663927797,-5.87125978591354
372,74.44963308872582,0.5,0.2,0.5,0.5833333333333333,0.49643951996652486,0.49643951996652486,0.0035604800334752915,0.0035604800334752915,-5.87125978591354
373,74.64976651100733,0.5,0.2,0.5,0.5833333333333333,0.49641248174901415,0.49641248174901415,0.0035875182509859938,0.0035875182509859938,-5.87125978591354
374,74.84989993328885,0.5,0.2,0.5,0.5833333333333333,0.49638524534583106,0.49638524534583106,0.003614754654169063,0.003614754654169063,-5.87125978591354
375,75.05003335557038,0.5,0.2,0.5,0.5833333333333333,0.4963578094116578,0.4963578094116578,0.003642190588342322,0.003642190588342322,-5.87125978591354
376,75.2501667778519,0.5,0.2,0.5,0.5833333333333333,0.49633017259354095,0.49633017259354095,0.003669827406459219,0.003669827406459219,-5.87125978591354
377,75.45030020013341,0.5,0.2,0.5,0.5833333333333333,0.49630233353086434,0.49630233353086434,0.0036976664691357876,0.0036976664691357876,-5.87125978591354
378,75.65043362241494,0.5,0.2,0.5,0.5833333333333333,0.49627429085532254,0.49627429085532254,0.0037257091446776095,0.0037257091446776095,-5.87125978591354
379,75.85056704469646,0.5,0.2,0.5,0.5833333333333333,0.4962460431908934,0.4962460431908934,0.0037539568091067635,0.0037539568091067635,-5.87125978591354
380,76.05070046697799,0.5,0.2,0.5,0.5833333333333333,0.49621758915381137,0.49621758915381137,0.0037824108461887913,0.0037824108461887913,-5.87125978591354
381,76.2508338892595,0.5,0.2,0.5,0.5833333333333333,0.4961889273525405,0.4961889273525405,0.003811072647459652,0.003811072647459652,-5.87125978591354
382,76.45096731154102,0.5,0.2,0.5,0.5833333333333333,0.49616005638774746,0.49616005638774746,0.0038399436122526884,0.0038399436122526884,-5.87125978591354
383,76.65110073382255,0.5,0.2,0.5,0.5833333333333333,0.4961309748522746,0.4961309748522746,0.0038690251477255756,0.0038690251477255756,-5.87125978591354
384,76.85123415610407,0.5,0.2,0.5,0.5833333333333333,0.49610168133821275,0.49610168133821275,0.0038983186617873693,0.0038983186617873693,-5.87125978591354
385,77.0513675783856,0.5,0.2,0.5,0.5833333333333333,0.49607217448431157,0.49607217448431157,0.0039278255156885745,0.0039278255156885745,-5.87125978591354
386,77.2515010006671,0.5,0.2,0.5,0.5833333333333333,0.4960424528793622,0.4960424528793622,0.0039575471206379055,0.0039575471206379055,-5.87125978591354
387,77.45163442294863,0.5,0.2,0.5,0.5833333333333333,0.49601251509143063,0.49601251509143063,0.003987484908569498,0.003987484908569498,-5.87125978591354
388,77.65176784523015,0.5,0.2,0.5,0.5833333333333333,0.49598235968085896,0.49598235968085896,0.004017640319141141,0.004017640319141141,-5.87125978591354
389,77.85190126751168,0.5,0.2,0.5,0.5833333333333333,0.4959519852002422,0.4959519852002422,0.004048014799757925,0.004048014799757925,-5.87125978591354
390,78.05203468979319,0.5,0.2,0.5,0.5833333333333333,0.49592139019440423,0.49592139019440423,0.004078609805595878,0.004078609805595878,-5.87125978591354
391,78.25216811207471,0.5,0.2,0.5,0.5833333333333333,0.4958905732003745,0.4958905732003745,0.004109426799625609,0.004109426799625609,-5.87125978591354
392,78.45230153435624,0.5,0.2,0.5,0.5833333333333333,0.49585953274736416,0.49585953274736416,0.004140467252635937,0.004140467252635937,-5.87125978591354
393,78.65243495663776,0.5,0.2,0.5,0.5833333333333333,0.49582826735674257,0.49582826735674257,0.004171732643257536,0.004171732643257536,-5.87125978591354
394,78.85256837891927,0.5,0.2,0.5,0.5833333333333333,0.49579677554201357,0.49579677554201357,0.00420322445798657,0.00420322445798657,-5.87125978591354
395,79.0527018012008,0.5,0.2,0.5,0.5833333333333333,0.49576505580879177,0.49576505580879177,0.004234944191208342,0.004234944191208342,-5.87125978591354
396,79.25283522348232,0.5,0.2,0.5,0.5833333333333333,0.4957331066547792,0.4957331066547792,0.004266893345220913,0.004266893345220913,-5.87125978591354
397,79.45296864576385,0.5,0.2,0.5,0.5833333333333333,0.49570092656974135,0.49570092656974135,0.0042990734302587605,0.0042990734302587605,-5.87125978591354
398,79.65310206804536,0.5,0.2,0.5,0.5833333333333333,0.49566851403548373,0.49566851403548373,0.0043314859645164,0.0043314859645164,-5.87125978591354
399,79.85323549032688,0.5,0.2,0.5,0.5833333333333333,0.49563586752582806,0.49563586752582806,0.004364132474172042,0.004364132474172042,-5.87125978591354
400,80.0533689126084,0.5,0.2,0.5,0.5833333333333333,0.49560298550658893,0.49560298550658893,0.004397014493411212,0.004397014493411212,-5.87125978591354
401,80.25350233488993,0.5,0.2,0.5,0.5833333333333333,0.49556986643554973,0.49556986643554973,0.0044301335644504015,0.0044301335644504015,-5.87125978591354
402,80.45363575717144,0.5,0.2,0.5,0.5833333333333333,0.49553650876243943,0.49553650876243943,0.004463491237560698,0.004463491237560698,-5.87125978591354
403,80.65376917945296,0.5,0.2,0.5,0.5833333333333333,0.4955029109289087,0.4955029109289087,0.004497089071091434,0.004497089071091434,-5.87125978591354
404,80.85390260173449,0.5,0.2,0.5,0.5833333333333333,0.4954690713685063,0.4954690713685063,0.0045309286314938165,0.0045309286314938165,-5.87125978591354
405,81.05403602401601,0.5,0.2,0.5,0.5833333333333333,0.49543498850665557,0.49543498850665557,0.0045650114933445665,0.0045650114933445665,-5.87125978591354
406,81.25416944629752,0.5,0.2,0.5,0.5833333333333333,0.49540066076063055,0.49540066076063055,0.00459933923936956,0.00459933923936956,-5.87125978591354
407,81.45430286857905,0.5,0.2,0.5,0.5833333333333333,0.4953660865395327,0.4953660865395327,0.004633913460467471,0.004633913460467471,-5.87125978591354
408,81.65443629086057,0.5,0.2,0.5,0.5833333333333333,0.4953312642442667,0.4953312642442667,0.0046687357557334,0.0046687357557334,-5.87125978591354
409,81.8545697131421,0.5,0.2,0.5,0.5833333333333333,0.4952961922675176,0.4952961922675176,0.004703807732482519,0.004703807732482519,-5.87125978591354
410,82.05470313542361,0.5,0.2,0.5,0.5833333333333333,0.4952608689937264,0.4952608689937264,0.004739131006273705,0.004739131006273705,-5.87125978591354
411,82.25483655770513,0.5,0.2,0.5,0.5833333333333333,0.4952252927990669,0.4952252927990669,0.0047747072009331915,0.0047747072009331915,-5.87125978591354
412,82.45496997998666,0.5,0.2,0.5,0.5833333333333333,0.49518946205142195,0.49518946205142195,0.00481053794857819,0.00481053794857819,-5.87125978591354
413,82.65510340226818,0.5,0.2,0.5,0.5833333333333333,0.49515337511035956,0.49515337511035956,0.0048466248896405365,0.0048466248896405365,-5.87125978591354
414,82.85523682454969,0.5,0.2,0.5,0.5833333333333333,0.4951170303271098,0.4951170303271098,0.0048829696728903286,0.0048829696728903286,-5.87125978591354
415,83.05537024683122,0.5,0.2,0.5,0.5833333333333333,0.49508042604454056,0.49508042604454056,0.004919573955459574,0.004919573955459574,-5.87125978591354
416,83.25550366911274,0.5,0.2,0.5,0.5833333333333333,0.49504356059713434,0.49504356059713434,0.004956439402865812,0.004956439402865812,-5.87125978591354
417,83.45563709139427,0.5,0.2,0.5,0.5833333333333333,0.49500643231096436,0.49500643231096436,0.004993567689035761,0.004993567689035761,-5.87125978591354
418,83.65577051367578,0.5,0.2,0.5,0.5833333333333333,0.49496903950367116,0.49496903950367116,0.005030960496328955,0.005030960496328955,-5.87125978591354
419,83.8559039359573,0.5,0.2,0.5,0.5833333333333333,0.49493138048443874,0.49493138048443874,0.00506861951556139,0.00506861951556139,-5.87125978591354
420,84.05603735823883,0.5,0.2,0.5,0.5833333333333333,0.49489345355397096,0.49489345355397096,0.005106546446029151,0.005106546446029151,-5.87125978591354
421,84.25617078052035,0.5,0.2,0.5,0.5833333333333333,0.4948552570044681,0.4948552570044681,0.005144742995532055,0.005144742995532055,-5.87125978591354
422,84.45630420280186,0.5,0.2,0.5,0.5833333333333333,0.4948167891196028,0.4948167891196028,0.005183210880397289,0.005183210880397289,-5.87125978591354
423,84.65643762508338,0.5,0.2,0.5,0.5833333333333333,0.49477804817449705,0.49477804817449705,0.005221951825503056,0.005221951825503056,-5.87125978591354
424,84.85657104736491,0.5,0.2,0.5,0.5833333333333333,0.49473903243569795,0.49473903243569795,0.005260967564302201,0.005260967564302201,-5.87125978591354
425,85.05670446964643,0.5,0.2,0.5,0.5833333333333333,0.49469974016115426,0.49469974016115426,0.005300259838845857,0.005300259838845857,-5.87125978591354
426,85.25683789192794,0.5,0.2,0.5,0.5833333333333333,0.49466016960019304,0.49466016960019304,0.005339830399807078,0.005339830399807078,-5.87125978591354
427,85.45697131420947,0.5,0.2,0.5,0.5833333333333333,0.4946203189934956,0.4946203189934956,0.005379681006504494,0.005379681006504494,-5.87125978591354
428,85.657104736491,0.5,0.2,0.5,0.5833333333333333,0.4945801865730742,0.4945801865730742,0.005419813426925923,0.005419813426925923,-5.87125978591354
429,85.85723815877252,0.5,0.2,0.5,0.5833333333333333,0.49453977056224807,0.49453977056224807,0.005460229437752032,0.005460229437752032,-5.87125978591354
430,86.05737158105403,0.5,0.2,0.5,0.5833333333333333,0.49449906920498515,0.49449906920498515,0.005500930795014958,0.005500930795014958,-5.87125978591354
431,86.25750500333555,0.5,0.2,0.5,0.5833333333333333,0.49445808081033243,0.49445808081033243,0.005541919189667706,0.005541919189667706,-5.87125978591354
432,86.45763842561708,0.5,0.2,0.5,0.5833333333333333,0.4944168036517435,0.4944168036517435,0.005583196348256611,0.005583196348256611,-5.87125978591354
433,86.6577718478986,0.5,0.2,0.5,0.5833333333333333,0.49437523600884364,0.49437523600884364,0.005624763991156477,0.005624763991156477,-5.87125978591354
434,86.85790527018011,0.5,0.2,0.5,0.5833333333333333,0.49433337617155687,0.49433337617155687,0.00566662382844327,0.00566662382844327,-5.87125978591354
435,87.05803869246164,0.5,0.2,0.5,0.5833333333333333,0.49429122244170215,0.49429122244170215,0.0057087775582979955,0.0057087775582979955,-5.87125978591354
436,87.25817211474316,0.5,0.2,0.5,0.5833333333333333,0.4942487730676177,0.4942487730676177,0.005751226932382445,0.005751226932382445,-5.87125978591354
437,87.45830553702469,0.5,0.2,0.5,0.5833333333333333,0.4942060261244904,0.4942060261244904,0.005793973875509771,0.005793973875509771,-5.87125978591354
438,87.6584389593062,0.5,0.2,0.5,0.5833333333333333,0.494162979769962,0.494162979769962,0.005837020230038194,0.005837020230038194,-5.87125978591354
439,87.85857238158772,0.5,0.2,0.5,0.5833333333333333,0.49411963214451665,0.49411963214451665,0.0058803678554835365,0.0058803678554835365,-5.87125978591354
440,88.05870580386924,0.5,0.2,0.5,0.5833333333333333,0.494075981361297,0.494075981361297,0.005924018638703169,0.005924018638703169,-5.87125978591354
441,88.25883922615077,0.5,0.2,0.5,0.5833333333333333,0.4940320255036884,0.4940320255036884,0.005967974496311767,0.005967974496311767,-5.87125978591354
442,88.45897264843228,0.5,0.2,0.5,0.5833333333333333,0.49398776267771866,0.49398776267771866,0.006012237322281521,0.006012237322281521,-5.87125978591354
443,88.6591060707138,0.5,0.2,0.5,0.5833333333333333,0.49394319112690366,0.49394319112690366,0.0060568088730965225,0.0060568088730965225,-5.87125978591354
444,88.85923949299533,0.5,0.2,0.5,0.5833333333333333,0.4938983090001964,0.4938983090001964,0.0061016909998037805,0.0061016909998037805,-5.87125978591354
445,89.05937291527685,0.5,0.2,0.5,0.5833333333333333,0.4938531144371541,0.4938531144371541,0.006146885562846112,0.006146885562846112,-5.87125978591354
446,89.25950633755836,0.5,0.2,0.5,0.5833333333333333,0.49380760557749614,0.49380760557749614,0.006192394422504016,0.006192394422504016,-5.87125978591354
447,89.45963975983989,0.5,0.2,0.5,0.5833333333333333,0.49376178056226583,0.49376178056226583,0.006238219437734307,0.006238219437734307,-5.87125978591354
448,89.65977318212141,0.5,0.2,0.5,0.5833333333333333,0.49371563751809383,0.49371563751809383,0.006284362481906314,0.006284362481906314,-5.87125978591354
449,89.85990660440294,0.5,0.2,0.5,0.5833333333333333,0.4936691745160422,0.4936691745160422,0.006330825483957952,0.006330825483957952,-5.87125978591354
450,90.06004002668445,0.5,0.2,0.5,0.5833333333333333,0.4936223896508501,0.4936223896508501,0.0063776103491500384,0.0063776103491500384,-5.87125978591354
451,90.26017344896597,0.5,0.2,0.5,0.5833333333333333,0.49357528101368353,0.49357528101368353,0.006424718986316602,0.006424718986316602,-5.87125978591354
452,90.4603068712475,0.5,0.2,0.5,0.5833333333333333,0.49352784668872257,0.49352784668872257,0.006472153311277585,0.006472153311277585,-5.87125978591354
453,90.66044029352902,0.5,0.2,0.5,0.5833333333333333,0.4934800847531174,0.4934800847531174,0.006519915246882757,0.006519915246882757,-5.87125978591354
454,90.86057371581053,0.5,0.2,0.5,0.5833333333333333,0.493431993277901,0.493431993277901,0.0065680067220991655,0.0065680067220991655,-5.87125978591354
455,91.06070713809206,0.5,0.2,0.5,0.5833333333333333,0.4933835703307305,0.4933835703307305,0.006616429669269651,0.006616429669269651,-5.87125978591354
456,91.26084056037358,0.5,0.2,0.5,0.5833333333333333,0.4933348139709722,0.4933348139709722,0.006665186029027969,0.006665186029027969,-5.87125978591354
457,91.4609739826551,0.5,0.2,0.5,0.5833333333333333,0.49328572225134104,0.49328572225134104,0.006714277748659104,0.006714277748659104,-5.87125978591354
458,91.66110740493662,0.5,0.2,0.5,0.5833333333333333,0.49323629321817725,0.49323629321817725,0.006763706781822926,0.006763706781822926,-5.87125978591354
459,91.86124082721814,0.5,0.2,0.5,0.5833333333333333,0.4931865249114769,0.4931865249114769,0.006813475088523277,0.006813475088523277,-5.87125978591354
460,92.06137424949966,0.5,0.2,0.5,0.5833333333333333,0.49313641536531755,0.49313641536531755,0.006863584634682589,0.006863584634682589,-5.87125978591354
461,92.26150767178119,0.5,0.2,0.5,0.5833333333333333,0.49308596260921844,0.49308596260921844,0.006914037390781667,0.006914037390781667,-5.87125978591354
462,92.4616410940627,0.5,0.2,0.5,0.5833333333333333,0.49303516466595826,0.49303516466595826,0.006964835334041882,0.006964835334041882,-5.87125978591354
463,92.66177451634422,0.5,0.2,0.5,0.5833333333333333,0.4929840195523284,0.4929840195523284,0.007015980447671715,0.007015980447671715,-5.87125978591354
464,92.86190793862575,0.5,0.2,0.5,0.5833333333333333,0.4929325252793274,0.4929325252793274,0.007067474720672709,0.007067474720672709,-5.87125978591354
465,93.06204136090727,0.5,0.2,0.5,0.5833333333333333,0.49288067985222556,0.49288067985222556,0.007119320147774556,0.007119320147774556,-5.87125978591354
466,93.26217478318878,0.5,0.2,0.5,0.5833333333333333,0.4928284812707228,0.4928284812707228,0.007171518729277363,0.007171518729277363,-5.87125978591354
467,93.46230820547031,0.5,0.2,0.5,0.5833333333333333,0.4927759275293023,0.4927759275293023,0.007224072470697861,0.007224072470697861,-5.87125978591354
468,93.66244162775183,0.5,0.2,0.5,0.5833333333333333,0.492723016616662,0.492723016616662,0.0072769833833381415,0.0072769833833381415,-5.87125978591354
469,93.86257505003336,0.5,0.2,0.5,0.5833333333333333,0.4926697465160119,0.4926697465160119,0.007330253483988234,0.007330253483988234,-5.87125978591354
470,94.06270847231487,0.5,0.2,0.5,0.5833333333333333,0.4926161152051827,0.4926161152051827,0.007383884794817432,0.007383884794817432,-5.87125978591354
471,94.26284189459639,0.5,0.2,0.5,0.5833333333333333,0.49256212065669197,0.49256212065669197,0.007437879343308205,0.007437879343308205,-5.87125978591354
472,94.46297531687792,0.5,0.2,0.5,0.5833333333333333,0.4925077608378101,0.4925077608378101,0.007492239162190071,0.007492239162190071,-5.87125978591354
473,94.66310873915944,0.5,0.2,0.5,0.5833333333333333,0.49245303371062665,0.49245303371062665,0.007546966289373504,0.007546966289373504,-5.87125978591354
474,94.86324216144095,0.5,0.2,0.5,0.5833333333333333,0.49239793723211633,0.49239793723211633,0.007602062767883826,0.007602062767883826,-5.87125978591354
475,95.06337558372248,0.5,0.2,0.5,0.5833333333333333,0.49234246935420506,0.49234246935420506,0.007657530645795115,0.007657530645795115,-5.87125978591354
476,95.263509006004,0.5,0.2,0.5,0.5833333333333333,0.4922866280238361,0.4922866280238361,0.007713371976164082,0.007713371976164082,-5.87125978591354
477,95.46364242828552,0.5,0.2,0.5,0.5833333333333333,0.4922304111830362,0.4922304111830362,0.007769588816963973,0.007769588816963973,-5.87125978591354
478,95.66377585056703,0.5,0.2,0.5,0.5833333333333333,0.49217381676978667,0.49217381676978667,0.007826183230213503,0.007826183230213503,-5.87125978591354
479,95.86390927284856,0.5,0.2,0.5,0.5833333333333333,0.4921168427215198,0.4921168427215198,0.007883157278480398,0.007883157278480398,-5.87125978591354
480,96.06404269513008,0.5,0.2,0.5,0.5833333333333333,0.4920594869684091,0.4920594869684091,0.00794051303159105,0.00794051303159105,-5.87125978591354
481,96.26417611741161,0.5,0.2,0.5,0.5833333333333333,0.49200174743563607,0.49200174743563607,0.007998252564364108,0.007998252564364108,-5.87125978591354
482,96.46430953969312,0.5,0.2,0.5,0.5833333333333333,0.4919436220440546,0.4919436220440546,0.008056377955945557,0.008056377955945557,-5.87125978591354
483,96.66444296197464,0.5,0.2,0.5,0.5833333333333333,0.4918851087102701,0.4918851087102701,0.008114891289730078,0.008114891289730078,-5.87125978591354
484,96.86457638425617,0.5,0.2,0.5,0.5833333333333333,0.4918262053467178,0.4918262053467178,0.008173794653282372,0.008173794653282372,-5.87125978591354
485,97.06470980653769,0.5,0.2,0.5,0.5833333333333333,0.49176690986174165,0.49176690986174165,0.008233090138258521,0.008233090138258521,-5.87125978591354
486,97.2648432288192,0.5,0.2,0.5,0.5833333333333333,0.49170722015967283,0.49170722015967283,0.008292779840327323,0.008292779840327323,-5.87125978591354
487,97.46497665110073,0.5,0.2,0.5,0.5833333333333333,0.4916471341409085,0.4916471341409085,0.00835286585909166,0.00835286585909166,-5.87125978591354
488,97.66511007338225,0.5,0.2,0.5,0.5833333333333333,0.49158664970199034,0.49158664970199034,0.008413350298009815,0.008413350298009815,-5.87125978591354
489,97.86524349566378,0.5,0.2,0.5,0.5833333333333333,0.4915257647356833,0.4915257647356833,0.008474235264316836,0.008474235264316836,-5.87125978591354
490,98.06537691794529,0.5,0.2,0.5,0.5833333333333333,0.49146447713220476,0.49146447713220476,0.008535522867795372,0.008535522867795372,-5.87125978591354
491,98.26551034022681,0.5,0.2,0.5,0.5833333333333333,0.4914027847859695,0.4914027847859695,0.008597215214030656,0.008597215214030656,-5.87125978591354
492,98.46564376250834,0.5,0.2,0.5,0.5833333333333333,0.49134068558364097,0.49134068558364097,0.008659314416359198,0.008659314416359198,-5.87125978591354
493,98.66577718478986,0.5,0.2,0.5,0.5833333333333333,0.4912781774075413,0.4912781774075413,0.008721822592458862,0.008721822592458862,-5.87125978591354
494,98.86591060707137,0.5,0.2,0.5,0.5833333333333333,0.4912152581370754,0.4912152581370754,0.008784741862924737,0.008784741862924737,-5.87125978591354
495,99.0660440293529,0.5,0.2,0.5,0.5833333333333333,0.4911519256488323,0.4911519256488323,0.008848074351167816,0.008848074351167816,-5.87125978591354
496,99.26617745163442,0.5,0.2,0.5,0.5833333333333333,0.4910881778166865,0.4910881778166865,0.008911822183313635,0.008911822183313635,-5.87125978591354
497,99.46631087391594,0.5,0.2,0.5,0.5833333333333333,0.4910240125118992,0.4910240125118992,0.008975987488100946,0.008975987488100946,-5.87125978591354
498,99.66644429619745,0.5,0.2,0.5,0.5833333333333333,0.49095942760321976,0.49095942760321976,0.00904057239678038,0.00904057239678038,-5.87125978591354
499,99.86657771847898,0.5,0.2,0.5,0.5833333333333333,0.49089442095698704,0.49089442095698704,0.00910557904301312,0.00910557904301312,-5.87125978591354
500,100.0667111407605,0.5,0.2,0.5,0.5833333333333333,0.4908289904372306,0.4908289904372306,0.009171009562769545,0.009171009562769545,-5.87125978591354
501,100.26684456304203,0.5,0.2,0.5,0.5833333333333333,0.49076313390577225,0.49076313390577225,0.009236866094227901,0.009236866094227901,-5.87125978591354
502,100.46697798532354,0.5,0.2,0.5,0.5833333333333333,0.4906968492233148,0.4906968492233148,0.009303150776685332,0.009303150776685332,-5.87125978591354
503,100.66711140760506,0.5,0.2,0.5,0.5833333333333333,0.49063013425736646,0.49063013425736646,0.00936986574263366,0.00936986574263366,-5.87125978591354
504,100.86724482988659,0.5,0.2,0.5,0.5833333333333333,0.4905629868693505,0.4905629868693505,0.009437013130649648,0.009437013130649648,-5.87125978591354
505,101.06737825216811,0.5,0.2,0.5,0.5833333333333333,0.4904954049175781,0.4904954049175781,0.00950459508242207,0.00950459508242207,-5.87125978591354
506,101.26751167444962,0.5,0.2,0.5,0.5833333333333333,0.49042738625917925,0.49042738625917925,0.009572613740820881,0.009572613740820881,-5.87125978591354
507,101.46764509673115,0.5,0.2,0.5,0.5833333333333333,0.49035892875022963,0.49035892875022963,0.009641071249770535,0.009641071249770535,-5.87125978591354
508,101.66777851901267,0.5,0.2,0.5,0.5833333333333333,0.49029003024587686,0.49029003024587686,0.009709969754123261,0.009709969754123261,-5.87125978591354
509,101.8679119412942,0.5,0.2,0.5,0.5833333333333333,0.4902206886004678,0.4902206886004678,0.009779311399532361,0.009779311399532361,-5.87125978591354
510,102.0680453635757,0.5,0.2,0.5,0.5833333333333333,0.4901509016676746,0.4901509016676746,0.009849098332325508,0.009849098332325508,-5.87125978591354
511,102.26817878585723,0.5,0.2,0.5,0.5833333333333333,0.4900806673006221,0.4900806673006221,0.00991933269937806,0.00991933269937806,-5.87125978591354
512,102.46831220813876,0.5,0.2,0.5,0.5833333333333333,0.49000998335201384,0.49000998335201384,0.00999001664798632,0.00999001664798632,-5.87125978591354
513,102.66844563042028,0.5,0.2,0.5,0.5833333333333333,0.48993884767425927,0.48993884767425927,0.010061152325740853,0.010061152325740853,-5.87125978591354
514,102.8685790527018,0.5,0.2,0.5,0.5833333333333333,0.48986725812039916,0.48986725812039916,0.010132741879600995,0.010132741879600995,-5.87125978591354
515,103.06871247498331,0.5,0.2,0.5,0.5833333333333333,0.48979521255303593,0.48979521255303593,0.010204787446964231,0.010204787446964231,-5.87125978591354
516,103.26884589726484,0.5,0.2,0.5,0.5833333333333333,0.4897227088309659,0.4897227088309659,0.010277291169034237,0.010277291169034237,-5.87125978591354
517,103.46897931954636,0.5,0.2,0.5,0.5833333333333333,0.489649744811374,0.489649744811374,0.010350255188626138,0.010350255188626138,-5.87125978591354
518,103.66911274182789,0.5,0.2,0.5,0.5833333333333333,0.4895763183523522,0.4895763183523522,0.010423681647647955,0.010423681647647955,-5.87125978591354
519,103.8692461641094,0.5,0.2,0.5,0.5833333333333333,0.48950242731305404,0.48950242731305404,0.01049757268694612,0.01049757268694612,-5.87125978591354
520,104.06937958639092,0.5,0.2,0.5,0.5833333333333333,0.48942806955384915,0.48942806955384915,0.01057193044615101,0.01057193044615101,-5.87125978591354
521,104.26951300867245,0.5,0.2,0.5,0.5833333333333333,0.48935324293647775,0.48935324293647775,0.010646757063522432,0.010646757063522432,-5.87125978591354
522,104.46964643095397,0.5,0.2,0.5,0.5833333333333333,0.489277945324205,0.489277945324205,0.010722054675795165,0.010722054675795165,-5.87125978591354
523,104.66977985323548,0.5,0.2,0.5,0.5833333333333333,0.48920217458197574,0.48920217458197574,0.010797825418024454,0.010797825418024454,-5.87125978591354
524,104.869913275517,0.5,0.2,0.5,0.5833333333333333,0.4891259285765686,0.4891259285765686,0.010874071423431563,0.010874071423431563,-5.87125978591354
525,105.07004669779853,0.5,0.2,0.5,0.5833333333333333,0.48904920517675093,0.48904920517675093,0.010950794823249253,0.010950794823249253,-5.87125978591354
526,105.27018012008006,0.5,0.2,0.5,0.5833333333333333,0.48897200226313364,0.48897200226313364,0.01102799773686655,0.01102799773686655,-5.87125978591354
527,105.47031354236157,0.5,0.2,0.5,0.5833333333333333,0.48889431769772496,0.48889431769772496,0.01110568230227523,0.01110568230227523,-5.87125978591354
528,105.67044696464309,0.5,0.2,0.5,0.5833333333333333,0.4888161493778625,0.4888161493778625,0.011183850622137686,0.011183850622137686,-5.87125978591354
529,105.87058038692462,0.5,0.2,0.5,0.5833333333333333,0.48873749518637016,0.48873749518637016,0.01126250481363002,0.01126250481363002,-5.87125978591354
530,106.07071380920614,0.5,0.2,0.5,0.5833333333333333,0.4886583530095604,0.4886583530095604,0.011341646990439776,0.011341646990439776,-5.87125978591354
531,106.27084723148765,0.5,0.2,0.5,0.5833333333333333,0.48857872073739567,0.48857872073739567,0.011421279262604512,0.011421279262604512,-5.87125978591354
532,106.47098065376917,0.5,0.2,0.5,0.5833333333333333,0.4884985962636523,0.4884985962636523,0.011501403736347926,0.011501403736347926,-5.87125978591354
533,106.6711140760507,0.5,0.2,0.5,0.5833333333333333,0.4884179774860868,0.4884179774860868,0.011582022513913433,0.011582022513913433,-5.87125978591354
534,106.87124749833222,0.5,0.2,0.5,0.5833333333333333,0.48833686230660484,0.48833686230660484,0.011663137693395347,0.011663137693395347,-5.87125978591354
535,107.07138092061373,0.5,0.2,0.5,0.5833333333333333,0.48825524863143266,0.48825524863143266,0.011744751368567515,0.011744751368567515,-5.87125978591354
536,107.27151434289526,0.5,0.2,0.5,0.5833333333333333,0.4881731343712907,0.4881731343712907,0.01182686562870954,0.01182686562870954,-5.87125978591354
537,107.47164776517678,0.5,0.2,0.5,0.5833333333333333,0.4880905174415697,0.4880905174415697,0.011909482558430445,0.011909482558430445,-5.87125978591354
538,107.67178118745831,0.5,0.2,0.5,0.5833333333333333,0.48800739576355306,0.48800739576355306,0.011992604236447107,0.011992604236447107,-5.87125978591354
539,107.87191460973982,0.5,0.2,0.5,0.5833333333333333,0.48792376728841946,0.48792376728841946,0.012076232711580731,0.012076232711580731,-5.87125978591354
540,108.07204803202134,0.5,0.2,0.5,0.5833333333333333,0.4878396299624909,0.4878396299624909,0.012160370037509274,0.012160370037509274,-5.87125978591354
541,108.27218145430287,0.5,0.2,0.5,0.5833333333333333,0.4877549817282834,0.4877549817282834,0.01224501827171675,0.01224501827171675,-5.87125978591354
542,108.47231487658439,0.5,0.2,0.5,0.5833333333333333,0.4876698205344271,0.4876698205344271,0.012330179465573089,0.012330179465573089,-5.87125978591354
543,108.6724482988659,0.5,0.2,0.5,0.5833333333333333,0.48758414433587977,0.48758414433587977,0.012415855664120422,0.012415855664120422,-5.87125978591354
544,108.87258172114743,0.5,0.2,0.5,0.5833333333333333,0.4874979510941436,0.4874979510941436,0.01250204890585652,0.01250204890585652,-5.87125978591354
545,109.07271514342895,0.5,0.2,0.5,0.5833333333333333,0.4874112387774849,0.4874112387774849,0.012588761222515277,0.012588761222515277,-5.87125978591354
546,109.27284856571048,0.5,0.2,0.5,0.5833333333333333,0.48732400536115583,0.48732400536115583,0.01267599463884434,0.01267599463884434,-5.87125978591354
547,109.47298198799199,0.5,0.2,0.5,0.5833333333333333,0.48723624882762034,0.48723624882762034,0.012763751172379812,0.012763751172379812,-5.87125978591354
548,109.67311541027351,0.5,0.2,0.5,0.5833333333333333,0.48714796716678205,0.48714796716678205,0.012852032833218098,0.012852032833218098,-5.87125978591354
549,109.87324883255503,0.5,0.2,0.5,0.5833333333333333,0.4870591583762154,0.4870591583762154,0.012940841623784784,0.012940841623784784,-5.87125978591354
550,110.07338225483656,0.5,0.2,0.5,0.5833333333333333,0.48696982046139947,0.48696982046139947,0.013030179538600677,0.013030179538600677,-5.87125978591354
551,110.27351567711807,0.5,0.2,0.5,0.5833333333333333,0.48687995143595525,0.48687995143595525,0.013120048564044919,0.013120048564044919,-5.87125978591354
552,110.4736490993996,0.5,0.2,0.5,0.5833333333333333,0.48678954932188495,0.48678954932188495,0.013210450678115226,0.013210450678115226,-5.87125978591354
553,110.67378252168112,0.5,0.2,0.5,0.5833333333333333,0.48669861214981497,0.48669861214981497,0.013301387850185175,0.013301387850185175,-5.87125978591354
554,110.87391594396264,0.5,0.2,0.5,0.5833333333333333,0.4866071379592415,0.4866071379592415,0.01339286204075866,0.01339286204075866,-5.87125978591354
555,111.07404936624415,0.5,0.2,0.5,0.5833333333333333,0.4865151247987788,0.4865151247987788,0.013484875201221398,0.013484875201221398,-5.87125978591354
556,111.27418278852568,0.5,0.2,0.5,0.5833333333333333,0.4864225707264106,0.4864225707264106,0.013577429273589577,0.013577429273589577,-5.87125978591354
557,111.4743162108072,0.5,0.2,0.5,0.5833333333333333,0.4863294738097446,0.4863294738097446,0.013670526190255555,0.013670526190255555,-5.87125978591354
558,111.67444963308873,0.5,0.2,0.5,0.5833333333333333,0.4862358321262695,0.4862358321262695,0.01376416787373071,0.01376416787373071,-5.87125978591354
559,111.87458305537024,0.5,0.2,0.5,0.5833333333333333,0.4861416437636148,0.4861416437636148,0.013858356236385354,0.013858356236385354,-5.87125978591354
560,112.07471647765176,0.5,0.2,0.5,0.5833333333333333,0.4860469068198144,0.4860469068198144,0.013953093180185797,0.013953093180185797,-5.87125978591354
561,112.27484989993329,0.5,0.2,0.5,0.5833333333333333,0.48595161940357173,0.48595161940357173,0.014048380596428435,0.014048380596428435,-5.87125978591354
562,112.47498332221481,0.5,0.2,0.5,0.5833333333333333,0.48585577963452914,0.48585577963452914,0.014144220365471014,0.014144220365471014,-5.87125978591354
563,112.67511674449632,0.5,0.2,0.5,0.5833333333333333,0.4857593856435392,0.4857593856435392,0.014240614356460948,0.014240614356460948,-5.87125978591354
564,112.87525016677785,0.5,0.2,0.5,0.5833333333333333,0.4856624356023562,0.4856624356023562,0.014337564397643984,0.014337564397643984,-5.87125978591354
565,113.07538358905937,0.5,0.2,0.5,0.5833333333333333,0.4855649277348263,0.4855649277348263,0.014435072265173909,0.014435072265173909,-5.87125978591354
566,113.2755170113409,0.5,0.2,0.5,0.5833333333333333,0.48546686022508967,0.48546686022508967,0.01453313977491054,0.01453313977491054,-5.87125978591354
567,113.4756504336224,0.5,0.2,0.5,0.5833333333333333,0.4853682312690843,0.4853682312690843,0.014631768730915894,0.014631768730915894,-5.87125978591354
568,113.67578385590393,0.5,0.2,0.5,0.5833333333333333,0.4852690390767171,0.4852690390767171,0.014730960923283102,0.014730960923283102,-5.87125978591354
569,113.87591727818545,0.5,0.2,0.5,0.5833333333333333,0.4851692818722103,0.4851692818722103,0.014830718127789872,0.014830718127789872,-5.87125978591354
570,114.07605070046698,0.5,0.2,0.5,0.5833333333333333,0.48506895789445215,0.48506895789445215,0.014931042105548024,0.014931042105548024,-5.87125978591354
571,114.27618412274849,0.5,0.2,0.5,0.5833333333333333,0.48496806539735116,0.48496806539735116,0.015031934602649046,0.015031934602649046,-5.87125978591354
572,114.47631754503001,0.5,0.2,0.5,0.5833333333333333,0.48486660265019443,0.48486660265019443,0.015133397349805726,0.015133397349805726,-5.87125978591354
573,114.67645096731154,0.5,0.2,0.5,0.5833333333333333,0.4847645679380104,0.4847645679380104,0.015235432061989754,0.015235432061989754,-5.87125978591354
574,114.87658438959306,0.5,0.2,0.5,0.5833333333333333,0.48466195956193475,0.48466195956193475,0.015338040438065434,0.015338040438065434,-5.87125978591354
575,115.07671781187457,0.5,0.2,0.5,0.5833333333333333,0.4845587758395808,0.4845587758395808,0.0154412241604194,0.0154412241604194,-5.87125978591354
576,115.2768512341561,0.5,0.2,0.5,0.5833333333333333,0.4844550151054138,0.4844550151054138,0.015544984894586408,0.015544984894586408,-5.87125978591354
577,115.47698465643762,0.5,0.2,0.5,0.5833333333333333,0.48435067571112905,0.48435067571112905,0.015649324288871107,0.015649324288871107,-5.87125978591354
578,115.67711807871915,0.5,0.2,0.5,0.5833333333333333,0.48424575602603426,0.48424575602603426,0.015754243973965916,0.015754243973965916,-5.87125978591354
579,115.87725150100066,0.5,0.2,0.5,0.5833333333333333,0.4841402544374353,0.4841402544374353,0.015859745562564892,0.015859745562564892,-5.87125978591354
580,116.07738492328218,0.5,0.2,0.5,0.5833333333333333,0.4840341693510265,0.4840341693510265,0.0159658306489737,0.0159658306489737,-5.87125978591354
581,116.2775183455637,0.5,0.2,0.5,0.5833333333333333,0.48392749919128464,0.48392749919128464,0.01607250080871554,0.01607250080871554,-5.87125978591354
582,116.47765176784523,0.5,0.2,0.5,0.5833333333333333,0.483820242401867,0.483820242401867,0.016179757598133178,0.016179757598133178,-5.87125978591354
583,116.67778519012674,0.5,0.2,0.5,0.5833333333333333,0.4837123974460132,0.4837123974460132,0.016287602553986993,0.016287602553986993,-5.87125978591354
584,116.87791861240827,0.5,0.2,0.5,0.5833333333333333,0.48360396280695106,0.48360396280695106,0.016396037193049114,0.016396037193049114,-5.87125978591354
585,117.07805203468979,0.5,0.2,0.5,0.5833333333333333,0.4834949369883067,0.4834949369883067,0.016505063011693476,0.016505063011693476,-5.87125978591354
586,117.27818545697131,0.5,0.2,0.5,0.5833333333333333,0.4833853185145181,0.4833853185145181,0.01661468148548207,0.01661468148548207,-5.87125978591354
587,117.47831887925283,0.5,0.2,0.5,0.5833333333333333,0.48327510593125306,0.48327510593125306,0.016724894068747106,0.016724894068747106,-5.87125978591354
588,117.67845230153435,0.5,0.2,0.5,0.5833333333333333,0.48316429780583087,0.48316429780583087,0.016835702194169324,0.016835702194169324,-5.87125978591354
589,117.87858572381587,0.5,0.2,0.5,0.5833333333333333,0.483052892722937,0.483052892722937,0.016947107277063177,0.016947107277063177,-5.87125978591354
590,118.0787191460974,0.5,0.2,0.5,0.5833333333333333,0.48294088923474093,0.48294088923474093,0.017059110765259268,0.017059110765259268,-5.87125978591354
591,118.27885256837891,0.5,0.2,0.5,0.5833333333333333,0.48282828594752947,0.48282828594752947,0.017171714052470737,0.017171714052470737,-5.87125978591354
592,118.47898599066043,0.5,0.2,0.5,0.5833333333333333,0.48271508150522396,0.48271508150522396,0.017284918494776237,0.017284918494776237,-5.87125978591354
593,118.67911941294196,0.5,0.2,0.5,0.5833333333333333,0.4826012745744376,0.4826012745744376,0.01739872542556263,0.01739872542556263,-5.87125978591354
594,118.87925283522348,0.5,0.2,0.5,0.5833333333333333,0.48248686384487244,0.48248686384487244,0.01751313615512778,0.01751313615512778,-5.87125978591354
595,119.07938625750499,0.5,0.2,0.5,0.5833333333333333,0.48237184802971994,0.48237184802971994,0.017628151970280264,0.017628151970280264,-5.87125978591354
596,119.27951967978652,0.5,0.2,0.5,0.5833333333333333,0.48225622586606415,0.48225622586606415,0.01774377413393605,0.01774377413393605,-5.87125978591354
597,119.47965310206804,0.5,0.2,0.5,0.5833333333333333,0.4821399961152881,0.4821399961152881,0.01786000388471204,0.01786000388471204,-5.87125978591354
598,119.67978652434957,0.5,0.2,0.5,0.5833333333333333,0.4820231575634836,0.4820231575634836,0.017976842436516635,0.017976842436516635,-5.87125978591354
599,119.87991994663108,0.5,0.2,0.5,0.5833333333333333,0.48190570902186297,0.48190570902186297,0.018094290978137192,0.018094290978137192,-5.87125978591354
600,120.0800533689126,0.5,0.2,0.5,0.5833333333333333,0.4817876493271757,0.4817876493271757,0.018212350672824455,0.018212350672824455,-5.87125978591354
601,120.28018679119413,0.5,0.2,0.5,0.5833333333333333,0.4816689773421263,0.4816689773421263,0.01833102265787386,0.01833102265787386,-5.87125978591354
602,120.48032021347565,0.5,0.2,0.5,0.5833333333333333,0.48154969195579633,0.48154969195579633,0.01845030804420385,0.01845030804420385,-5.87125978591354
603,120.68045363575716,0.5,0.2,0.5,0.5833333333333333,0.4814297920840691,0.4814297920840691,0.0185702079159311,0.0185702079159311,-5.87125978591354
604,120.88058705803869,0.5,0.2,0.5,0.5833333333333333,0.4813092766700575,0.4813092766700575,0.01869072332994269,0.01869072332994269,-5.87125978591354
605,121.08072048032021,0.5,0.2,0.5,0.5833333333333333,0.481188144684535,0.481188144684535,0.018811855315465177,0.018811855315465177,-5.87125978591354
606,121.28085390260173,0.5,0.2,0.5,0.5833333333333333,0.4810663951263695,0.4810663951263695,0.018933604873630668,0.018933604873630668,-5.87125978591354
607,121.48098732488324,0.5,0.2,0.5,0.5833333333333333,0.4809440270229604,0.4809440270229604,0.019055972977039776,0.019055972977039776,-5.87125978591354
608,121.68112074716477,0.5,0.2,0.5,0.5833333333333333,0.4808210394306786,0.4808210394306786,0.01917896056932159,0.01917896056932159,-5.87125978591354
609,121.8812541694463,0.5,0.2,0.5,0.5833333333333333,0.48069743143530974,0.48069743143530974,0.019302568564690474,0.019302568564690474,-5.87125978591354
610,122.08138759172782,0.5,0.2,0.5,0.5833333333333333,0.48057320215250027,0.48057320215250027,0.019426797847499896,0.019426797847499896,-5.87125978591354
611,122.28152101400933,0.5,0.2,0.5,0.5833333333333333,0.480448350728207,0.480448350728207,0.01955164927179317,0.01955164927179317,-5.87125978591354
612,122.48165443629085,0.5,0.2,0.5,0.5833333333333333,0.48032287633914905,0.48032287633914905,0.01967712366085113,0.01967712366085113,-5.87125978591354
613,122.68178785857238,0.5,0.2,0.5,0.5833333333333333,0.48019677819326345,0.48019677819326345,0.019803221806736743,0.019803221806736743,-5.87125978591354
614,122.8819212808539,0.5,0.2,0.5,0.5833333333333333,0.4800700555301635,0.4800700555301635,0.019929944469836654,0.019929944469836654,-5.87125978591354
615,123.08205470313541,0.5,0.2,0.5,0.5833333333333333,0.47994270757673924,0.47994270757673924,0.020057292423260948,0.020057292423260948,-5.87125978591354
616,123.28218812541694,0.5,0.2,0.5,0.5833333333333333,0.4798147335621201,0.4798147335621201,0.02018526643788005,0.02018526643788005,-5.87125978591354
617,123.48232154769846,0.5,0.2,0.5,0.5833333333333333,0.4796861328041117,0.4796861328041117,0.020313867195888482,0.020313867195888482,-5.87125978591354
618,123.68245496997999,0.5,0.2,0.5,0.5833333333333333,0.4795569046529986,0.4795569046529986,0.020443095347001596,0.020443095347001596,-5.87125978591354
619,123.8825883922615,0.5,0.2,0.5,0.5833333333333333,0.4794270484914797,0.4794270484914797,0.020572951508520447,0.020572951508520447,-5.87125978591354
620,124.08272181454302,0.5,0.2,0.5,0.5833333333333333,0.47929656373507756,0.47929656373507756,0.020703436264922624,0.020703436264922624,-5.87125978591354
621,124.28285523682455,0.5,0.2,0.5,0.5833333333333333,0.47916544983254905,0.47916544983254905,0.020834550167451147,0.020834550167451147,-5.87125978591354
622,124.48298865910607,0.5,0.2,0.5,0.5833333333333333,0.4790337062662985,0.4790337062662985,0.020966293733701683,0.020966293733701683,-5.87125978591354
623,124.68312208138758,0.5,0.2,0.5,0.5833333333333333,0.4789013325527923,0.4789013325527923,0.021098667447207852,0.021098667447207852,-5.87125978591354
624,124.8832555036691,0.5,0.2,0.5,0.5833333333333333,0.4787683282429754,0.4787683282429754,0.021231671757024787,0.021231671757024787,-5.87125978591354
625,125.08338892595063,0.5,0.2,0.5,0.5833333333333333,0.4786346929226894,0.4786346929226894,0.02136530707731079,0.02136530707731079,-5.87125978591354
626,125.28352234823215,0.5,0.2,0.5,0.5833333333333333,0.4785004262130929,0.4785004262130929,0.02149957378690725,0.02149957378690725,-5.87125978591354
627,125.48365577051366,0.5,0.2,0.5,0.5833333333333333,0.4783655277710835,0.4783655277710835,0.02163447222891671,0.02163447222891671,-5.87125978591354
628,125.68378919279519,0.5,0.2,0.5,0.5833333333333333,0.478229997289721,0.478229997289721,0.021770002710279172,0.021770002710279172,-5.87125978591354
629,125.88392261507671,0.5,0.2,0.5,0.5833333333333333,0.4780938344986537,0.4780938344986537,0.02190616550134645,0.02190616550134645,-5.87125978591354
630,126.08405603735824,0.5,0.2,0.5,0.5833333333333333,0.4779570391645453,0.4779570391645453,0.022042960835454865,0.022042960835454865,-5.87125978591354
631,126.28418945963975,0.5,0.2,0.5,0.5833333333333333,0.47781961109150417,0.47781961109150417,0.022180388908496034,0.022180388908496034,-5.87125978591354
632,126.48432288192127,0.5,0.2,0.5,0.5833333333333333,0.4776815501215143,0.4776815501215143,0.02231844987848589,0.02231844987848589,-5.87125978591354
633,126.6844563042028,0.5,0.2,0.5,0.5833333333333333,0.47754285613486835,0.47754285613486835,0.022457143865131805,0.022457143865131805,-5.87125978591354
634,126.88458972648432,0.5,0.2,0.5,0.5833333333333333,0.4774035290506022,0.4774035290506022,0.022596470949398005,0.022596470949398005,-5.87125978591354
635,127.08472314876583,0.5,0.2,0.5,0.5833333333333333,0.4772635688269311,0.4772635688269311,0.022736431173069088,0.022736431173069088,-5.87125978591354
636,127.28485657104736,0.5,0.2,0.5,0.5833333333333333,0.4771229754616884,0.4771229754616884,0.022877024538311787,0.022877024538311787,-5.87125978591354
637,127.48498999332888,0.5,0.2,0.5,0.5833333333333333,0.47698174899276535,0.47698174899276535,0.023018251007234845,0.023018251007234845,-5.87125978591354
638,127.6851234156104,0.5,0.2,0.5,0.5833333333333333,0.47683988949855305,0.47683988949855305,0.023160110501447135,0.023160110501447135,-5.87125978591354
639,127.88525683789192,0.5,0.2,0.5,0.5833333333333333,0.47669739709838627,0.47669739709838627,0.023302602901613935,0.023302602901613935,-5.87125978591354
640,128.08539026017345,0.5,0.2,0.5,0.5833333333333333,0.47655427194086897,0.47655427194086897,0.023445728059131206,0.023445728059131206,-5.87125978591354
641,128.28552368245496,0.5,0.2,0.5,0.5833333333333333,0.47641051413564967,0.47641051413564967,0.023589485864350508,0.023589485864350508,-5.87125978591354
642,128.48565710473648,0.5,0.2,0.5,0.5833333333333333,0.4762661238917435,0.4762661238917435,0.02373387610825669,0.02373387610825669,-5.87125978591354
643,128.685790527018,0.5,0.2,0.5,0.5833333333333333,0.47612110147523773,0.47612110147523773,0.023878898524762462,0.023878898524762462,-5.87125978591354
644,128.88592394929952,0.5,0.2,0.5,0.5833333333333333,0.47597544719372026,0.47597544719372026,0.024024552806279926,0.024024552806279926,-5.87125978591354
645,129.08605737158106,0.5,0.2,0.5,0.5833333333333333,0.4758291613966619,0.4758291613966619,0.024170838603338213,0.024170838603338213,-5.87125978591354
646,129.28619079386257,0.5,0.2,0.5,0.5833333333333333,0.4756822444757998,0.4756822444757998,0.02431775552420032,0.02431775552420032,-5.87125978591354
647,129.48632421614408,0.5,0.2,0.5,0.5833333333333333,0.47553469686552036,0.47553469686552036,0.02446530313447978,0.02446530313447978,-5.87125978591354
648,129.68645763842562,0.5,0.2,0.5,0.5833333333333333,0.47538651904324347,0.47538651904324347,0.024613480956756674,0.024613480956756674,-5.87125978591354
649,129.88659106070713,0.5,0.2,0.5,0.5833333333333333,0.47523771152980704,0.47523771152980704,0.02476228847019313,0.02476228847019313,-5.87125978591354
650,130.08672448298864,0.5,0.2,0.5,0.5833333333333333,0.4750882748898516,0.4750882748898516,0.024911725110148546,0.024911725110148546,-5.87125978591354
651,130.28685790527018,0.5,0.2,0.5,0.5833333333333333,0.474938209732206,0.474938209732206,0.02506179026779416,0.02506179026779416,-5.87125978591354
652,130.4869913275517,0.5,0.2,0.5,0.5833333333333333,0.474787516710273,0.474787516710273,0.025212483289727118,0.025212483289727118,-5.87125978591354
653,130.68712474983323,0.5,0.2,0.5,0.5833333333333333,0.47463619652241584,0.47463619652241584,0.025363803477584317,0.025363803477584317,-5.87125978591354
654,130.88725817211474,0.5,0.2,0.5,0.5833333333333333,0.4744842499123448,0.4744842499123448,0.02551575008765539,0.02551575008765539,-5.87125978591354
655,131.08739159439625,0.5,0.2,0.5,0.5833333333333333,0.47433167766950457,0.47433167766950457,0.025668322330495597,0.025668322330495597,-5.87125978591354
656,131.2875250166778,0.5,0.2,0.5,0.5833333333333333,0.47417848062946216,0.47417848062946216,0.025821519370537994,0.025821519370537994,-5.87125978591354
657,131.4876584389593,0.5,0.2,0.5,0.5833333333333333,0.4740246596742951,0.4740246596742951,0.025975340325705108,0.025975340325705108,-5.87125978591354
658,131.6877918612408,0.5,0.2,0.5,0.5833333333333333,0.47387021573297977,0.47387021573297977,0.02612978426702038,0.02612978426702038,-5.87125978591354
659,131.88792528352235,0.5,0.2,0.5,0.5833333333333333,0.47371514978178125,0.47371514978178125,0.02628485021821889,0.02628485021821889,-5.87125978591354
660,132.08805870580386,0.5,0.2,0.5,0.5833333333333333,0.47355946284464256,0.47355946284464256,0.026440537155357602,0.026440537155357602,-5.87125978591354
661,132.2881921280854,0.5,0.2,0.5,0.5833333333333333,0.47340315599357474,0.47340315599357474,0.026596844006425407,0.026596844006425407,-5.87125978591354
662,132.4883255503669,0.5,0.2,0.5,0.5833333333333333,0.4732462303490479,0.4732462303490479,0.026753769650952292,0.026753769650952292,-5.87125978591354
663,132.68845897264842,0.5,0.2,0.5,0.5833333333333333,0.47308868708038176,0.47308868708038176,0.02691131291961841,0.02691131291961841,-5.87125978591354
664,132.88859239492996,0.5,0.2,0.5,0.5833333333333333,0.4729305274061378,0.4729305274061378,0.027069472593862408,0.027069472593862408,-5.87125978591354
665,133.08872581721147,0.5,0.2,0.5,0.5833333333333333,0.47277175259449505,0.47277175259449505,0.027228247405505127,0.027228247405505127,-5.87125978591354
666,133.28885923949298,0.5,0.2,0.5,0.5833333333333333,0.4726123638654225,0.4726123638654225,0.027387636134577682,0.027387636134577682,-5.87125978591354
667,133.48899266177452,0.5,0.2,0.5,0.5833333333333333,0.47245236247298733,0.47245236247298733,0.027547637527012826,0.027547637527012826,-5.87125978591354
668,133.68912608405603,0.5,0.2,0.5,0.5833333333333333,0.47229174980311067,0.47229174980311067,0.02770825019688952,0.02770825019688952,-5.87125978591354
669,133.88925950633757,0.5,0.2,0.5,0.5833333333333333,0.4721305272902439,0.4721305272902439,0.027869472709756246,0.027869472709756246,-5.87125978591354
670,134.08939292861908,0.5,0.2,0.5,0.5833333333333333,0.4719686964176483,0.4719686964176483,0.028031303582351844,0.028031303582351844,-5.87125978591354
671,134.2895263509006,0.5,0.2,0.5,0.5833333333333333,0.4718062587176718,0.4718062587176718,0.028193741282328363,0.028193741282328363,-5.87125978591354
672,134.48965977318213,0.5,0.2,0.5,0.5833333333333333,0.4716432157720248,0.4716432157720248,0.02835678422797539,0.02835678422797539,-5.87125978591354
673,134.68979319546364,0.5,0.2,0.5,0.5833333333333333,0.47147956921205414,0.47147956921205414,0.028520430787946048,0.028520430787946048,-5.87125978591354
674,134.88992661774515,0.5,0.2,0.5,0.5833333333333333,0.4713153207190153,0.4713153207190153,0.028684679280984886,0.028684679280984886,-5.87125978591354
675,135.09006004002669,0.5,0.2,0.5,0.5833333333333333,0.4711504720243429,0.4711504720243429,0.02884952797565726,0.02884952797565726,-5.87125978591354
676,135.2901934623082,0.5,0.2,0.5,0.5833333333333333,0.4709850249099198,0.4709850249099198,0.029014975090080383,0.029014975090080383,-5.87125978591354
677,135.49032688458973,0.5,0.2,0.5,0.5833333333333333,0.47081898120834387,0.47081898120834387,0.0291810187916563,0.0291810187916563,-5.87125978591354
678,135.69046030687124,0.5,0.2,0.5,0.5833333333333333,0.47065234280319396,0.47065234280319396,0.029347657196806196,0.029347657196806196,-5.87125978591354
679,135.89059372915276,0.5,0.2,0.5,0.5833333333333333,0.4704851116292934,0.4704851116292934,0.029514888370706743,0.029514888370706743,-5.87125978591354
680,136.0907271514343,0.5,0.2,0.5,0.5833333333333333,0.47031728967297226,0.47031728967297226,0.029682710327027895,0.029682710327027895,-5.87125978591354
681,136.2908605737158,0.5,0.2,0.5,0.5833333333333333,0.4701488789723278,0.4701488789723278,0.029851121027672366,0.029851121027672366,-5.87125978591354
682,136.49099399599731,0.5,0.2,0.5,0.5833333333333333,0.46997988161748316,0.46997988161748316,0.030020118382517006,0.030020118382517006,-5.87125978591354
683,136.69112741827885,0.5,0.2,0.5,0.5833333333333333,0.46981029975084454,0.46981029975084454,0.03018970024915565,0.03018970024915565,-5.87125978591354
684,136.89126084056036,0.5,0.2,0.5,0.5833333333333333,0.4696401355673565,0.4696401355673565,0.030359864432643657,0.030359864432643657,-5.87125978591354
685,137.0913942628419,0.5,0.2,0.5,0.5833333333333333,0.4694693913147558,0.4694693913147558,0.03053060868524436,0.03053060868524436,-5.87125978591354
686,137.2915276851234,0.5,0.2,0.5,0.5833333333333333,0.46929806929382334,0.46929806929382334,0.03070193070617685,0.03070193070617685,-5.87125978591354
687,137.49166110740492,0.5,0.2,0.5,0.5833333333333333,0.46912617185863437,0.46912617185863437,0.0308738281413658,0.0308738281413658,-5.87125978591354
688,137.69179452968646,0.5,0.2,0.5,0.5833333333333333,0.4689537014168074,0.4689537014168074,0.03104629858319276,0.03104629858319276,-5.87125978591354
689,137.89192795196797,0.5,0.2,0.5,0.5833333333333333,0.4687806604297511,0.4687806604297511,0.03121933957024908,0.03121933957024908,-5.87125978591354
690,138.09206137424948,0.5,0.2,0.5,0.5833333333333333,0.46860705141290937,0.46860705141290937,0.03139294858709079,0.03139294858709079,-5.87125978591354
691,138.29219479653102,0.5,0.2,0.5,0.5833333333333333,0.4684328768985854,0.4684328768985854,0.031567123101414726,0.031567123101414726,-5.87125978591354
692,138.49232821881253,0.5,0.2,0.5,0.5833333333333333,0.4682581393219964,0.4682581393219964,0.03174186067800379,0.03174186067800379,-5.87125978591354
693,138.69246164109407,0.5,0.2,0.5,0.5833333333333333,0.46808284130131783,0.46808284130131783,0.0319171586986823,0.0319171586986823,-5.87125978591354
694,138.89259506337558,0.5,0.2,0.5,0.5833333333333333,0.4679069855270464,0.4679069855270464,0.03209301447295372,0.03209301447295372,-5.87125978591354
695,139.0927284856571,0.5,0.2,0.5,0.5833333333333333,0.46773057474150953,0.46773057474150953,0.03226942525849064,0.03226942525849064,-5.87125978591354
696,139.29286190793863,0.5,0.2,0.5,0.5833333333333333,0.46755361173895554,0.46755361173895554,0.03244638826104458,0.03244638826104458,-5.87125978591354
697,139.49299533022014,0.5,0.2,0.5,0.5833333333333333,0.46737609936564006,0.46737609936564006,0.03262390063436009,0.03262390063436009,-5.87125978591354
698,139.69312875250165,0.5,0.2,0.5,0.5833333333333333,0.46719804051990665,0.46719804051990665,0.032801959480093505,0.032801959480093505,-5.87125978591354
699,139.8932621747832,0.5,0.2,0.5,0.5833333333333333,0.4670194381522643,0.4670194381522643,0.03298056184773582,0.03298056184773582,-5.87125978591354
700,140.0933955970647,0.5,0.2,0.5,0.5833333333333333,0.4668402952654602,0.4668402952654602,0.033159704734539906,0.033159704734539906,-5.87125978591354
701,140.29352901934624,0.5,0.2,0.5,0.5833333333333333,0.4666606149145477,0.4666606149145477,0.03333938508545246,0.03333938508545246,-5.87125978591354
702,140.49366244162775,0.5,0.2,0.5,0.5833333333333333,0.46648040020695036,0.46648040020695036,0.03351959979304978,0.03351959979304978,-5.87125978591354
703,140.69379586390926,0.5,0.2,0.5,0.5833333333333333,0.4662996543025217,0.4662996543025217,0.033700345697478463,0.033700345697478463,-5.87125978591354
704,140.8939292861908,0.5,0.2,0.5,0.5833333333333333,0.46611838041360004,0.46611838041360004,0.03388161958640011,0.03388161958640011,-5.87125978591354
705,141.0940627084723,0.5,0.2,0.5,0.5833333333333333,0.46593658180505976,0.46593658180505976,0.034063418194940416,0.034063418194940416,-5.87125978591354
706,141.29419613075382,0.5,0.2,0.5,0.5833333333333333,0.46575426179435725,0.46575426179435725,0.03424573820564293,0.03424573820564293,-5.87125978591354
707,141.49432955303536,0.5,0.2,0.5,0.5833333333333333,0.4655714237515733,0.4655714237515733,0.03442857624842688,0.03442857624842688,-5.87125978591354
708,141.69446297531687,0.5,0.2,0.5,0.5833333333333333,0.46538807109945074,0.46538807109945074,0.034611928900549406,0.034611928900549406,-5.87125978591354
709,141.8945963975984,0.5,0.2,0.5,0.5833333333333333,0.46520420731342776,0.46520420731342776,0.03479579268657241,0.03479579268657241,-5.87125978591354
710,142.09472981987992,0.5,0.2,0.5,0.5833333333333333,0.46501983592166674,0.46501983592166674,0.034980164078333424,0.034980164078333424,-5.87125978591354
711,142.29486324216143,0.5,0.2,0.5,0.5833333333333333,0.464834960505079,0.464834960505079,0.03516503949492118,0.03516503949492118,-5.87125978591354
712,142.49499666444297,0.5,0.2,0.5,0.5833333333333333,0.4646495846973448,0.4646495846973448,0.03535041530265535,0.03535041530265535,-5.87125978591354
713,142.69513008672448,0.5,0.2,0.5,0.5833333333333333,0.46446371218492954,0.46446371218492954,0.035536287815070615,0.035536287815070615,-5.87125978591354
714,142.89526350900599,0.5,0.2,0.5,0.5833333333333333,0.46427734670709475,0.46427734670709475,0.03572265329290538,0.03572265329290538,-5.87125978591354
715,143.09539693128752,0.5,0.2,0.5,0.5833333333333333,0.4640904920559056,0.4640904920559056,0.03590950794409459,0.03590950794409459,-5.87125978591354
716,143.29553035356903,0.5,0.2,0.5,0.5833333333333333,0.46390315207452465,0.46390315207452465,0.036096847925475475,0.036096847925475475,-5.87125978591354
717,143.49566377585057,0.5,0.2,0.5,0.5833333333333333,0.4637153305126733,0.4637153305126733,0.03628466948732683,0.03628466948732683,-5.87125978591354
718,143.69579719813208,0.5,0.2,0.5,0.5833333333333333,0.46352703119722527,0.46352703119722527,0.03647296880277482,0.03647296880277482,-5.87125978591354
719,143.8959306204136,0.5,0.2,0.5,0.5833333333333333,0.4633382580887314,0.4633382580887314,0.036661741911268676,0.036661741911268676,-5.87125978591354
720,144.09606404269513,0.5,0.2,0.5,0.5833333333333333,0.46314901519712026,0.46314901519712026,0.03685098480287986,0.03685098480287986,-5.87125978591354
721,144.29619746497664,0.5,0.2,0.5,0.5833333333333333,0.46295930658153284,0.46295930658153284,0.03704069341846726,0.03704069341846726,-5.87125978591354
722,144.49633088725815,0.5,0.2,0.5,0.5833333333333333,0.46276913635015043,0.46276913635015043,0.0372308636498497,0.0372308636498497,-5.87125978591354
723,144.6964643095397,0.5,0.2,0.5,0.5833333333333333,0.46257850866001476,0.46257850866001476,0.037421491339985354,0.037421491339985354,-5.87125978591354
724,144.8965977318212,0.5,0.2,0.5,0.5833333333333333,0.4623874277168419,0.4623874277168419,0.03761257228315825,0.03761257228315825,-5.87125978591354
725,145.09673115410274,0.5,0.2,0.5,0.5833333333333333,0.462195897774828,0.462195897774828,0.03780410222517212,0.03780410222517212,-5.87125978591354
726,145.29686457638425,0.5,0.2,0.5,0.5833333333333333,0.4620039231364491,0.4620039231364491,0.037996076863550984,0.037996076863550984,-5.87125978591354
727,145.49699799866576,0.5,0.2,0.5,0.5833333333333333,0.4618115081522529,0.4618115081522529,0.03818849184774722,0.03818849184774722,-5.87125978591354
728,145.6971314209473,0.5,0.2,0.5,0.5833333333333333,0.46161865722064366,0.46161865722064366,0.03838134277935648,0.03838134277935648,-5.87125978591354
729,145.8972648432288,0.5,0.2,0.5,0.5833333333333333,0.46142537478766044,0.46142537478766044,0.0385746252123397,0.0385746252123397,-5.87125978591354
730,146.09739826551032,0.5,0.2,0.5,0.5833333333333333,0.46123166534674764,0.46123166534674764,0.03876833465325246,0.03876833465325246,-5.87125978591354
731,146.29753168779186,0.5,0.2,0.5,0.5833333333333333,0.4610375334385189,0.4610375334385189,0.0389624665614812,0.0389624665614812,-5.87125978591354
732,146.49766511007337,0.5,0.2,0.5,0.5833333333333333,0.46084298365051357,0.46084298365051357,0.039157016349486554,0.039157016349486554,-5.87125978591354
733,146.6977985323549,0.5,0.2,0.5,0.5833333333333333,0.4606480206169461,0.4606480206169461,0.039351979383054014,0.039351979383054014,-5.87125978591354
734,146.89793195463642,0.5,0.2,0.5,0.5833333333333333,0.46045264901844873,0.46045264901844873,0.039547350981551356,0.039547350981551356,-5.87125978591354
735,147.09806537691793,0.5,0.2,0.5,0.5833333333333333,0.46025687358180656,0.46025687358180656,0.03974312641819354,0.03974312641819354,-5.87125978591354
736,147.29819879919947,0.5,0.2,0.5,0.5833333333333333,0.4600606990796857,0.4600606990796857,0.039939300920314405,0.039939300920314405,-5.87125978591354
737,147.49833222148098,0.5,0.2,0.5,0.5833333333333333,0.45986413033035456,0.45986413033035456,0.040135869669645566,0.040135869669645566,-5.87125978591354
738,147.6984656437625,0.5,0.2,0.5,0.5833333333333333,0.45966717219739756,0.45966717219739756,0.04033282780260254,0.04033282780260254,-5.87125978591354
739,147.89859906604403,0.5,0.2,0.5,0.5833333333333333,0.4594698295894223,0.4594698295894223,0.040530170410577826,0.040530170410577826,-5.87125978591354
740,148.09873248832554,0.5,0.2,0.5,0.5833333333333333,0.4592721074597591,0.4592721074597591,0.04072789254024103,0.04072789254024103,-5.87125978591354
741,148.29886591060708,0.5,0.2,0.5,0.5833333333333333,0.45907401080615373,0.45907401080615373,0.04092598919384639,0.04092598919384639,-5.87125978591354
742,148.4989993328886,0.5,0.2,0.5,0.5833333333333333,0.45887554463047336,0.45887554463047336,0.041124455369526774,0.041124455369526774,-5.87125978591354
743,148.6991327551701,0.5,0.2,0.5,0.5833333333333333,0.45867671387898534,0.45867671387898534,0.04132328612101478,0.04132328612101478,-5.87125978591354
744,148.89926617745164,0.5,0.2,0.5,0.5833333333333333,0.45847752364169386,0.45847752364169386,0.0415224763583063,0.0415224763583063,-5.87125978591354
745,149.09939959973315,0.5,0.2,0.5,0.5833333333333333,0.45827797905795825,0.45827797905795825,0.0417220209420419,0.0417220209420419,-5.87125978591354
746,149.29953302201466,0.5,0.2,0.5,0.5833333333333333,0.45807808530734967,0.45807808530734967,0.041921914692650455,0.041921914692650455,-5.87125978591354
747,149.4996664442962,0.5,0.2,0.5,0.5833333333333333,0.4578778476091925,0.4578778476091925,0.04212215239080766,0.04212215239080766,-5.87125978591354
748,149.6997998665777,0.5,0.2,0.5,0.5833333333333333,0.4576772712220963,0.4576772712220963,0.04232272877790382,0.04232272877790382,-5.87125978591354
749,149.89993328885924,0.5,0.2,0.5,0.5833333333333333,0.4574763614434792,0.4574763614434792,0.04252363855652094,0.04252363855652094,-5.87125978591354
750,150.10006671114076,0.5,0.2,0.5,0.5833333333333333,0.45727512360908157,0.45727512360908157,0.042724876390918536,0.042724876390918536,-5.87125978591354
751,150.30020013342227,0.5,0.2,0.5,0.5833333333333333,0.45707356309247116,0.45707356309247116,0.042926436907528995,0.042926436907528995,-5.87125978591354
752,150.5003335557038,0.5,0.2,0.5,0.5833333333333333,0.45687168530453837,0.45687168530453837,0.04312831469546175,0.04312831469546175,-5.87125978591354
753,150.70046697798531,0.5,0.2,0.5,0.5833333333333333,0.45666949569298354,0.45666949569298354,0.04333050430701658,0.04333050430701658,-5.87125978591354
754,150.90060040026682,0.5,0.2,0.5,0.5833333333333333,0.4564669997417939,0.4564669997417939,0.04353300025820624,0.04353300025820624,-5.87125978591354
755,151.10073382254836,0.5,0.2,0.5,0.5833333333333333,0.4562642029707121,0.4562642029707121,0.04373579702928806,0.04373579702928806,-5.87125978591354
756,151.30086724482987,0.5,0.2,0.5,0.5833333333333333,0.45606111093469565,0.45606111093469565,0.04393888906530447,0.04393888906530447,-5.87125978591354
757,151.5010006671114,0.5,0.2,0.5,0.5833333333333333,0.455857729223367,0.455857729223367,0.044142270776633165,0.044142270776633165,-5.87125978591354
758,151.70113408939292,0.5,0.2,0.5,0.5833333333333333,0.45565406346045445,0.45565406346045445,0.0443459365395457,0.0443459365395457,-5.87125978591354
759,151.90126751167443,0.5,0.2,0.5,0.5833333333333333,0.45545011930322427,0.45545011930322427,0.044549880696775866,0.044549880696775866,-5.87125978591354
760,152.10140093395597,0.5,0.2,0.5,0.5833333333333333,0.45524590244190344,0.45524590244190344,0.044754097558096693,0.044754097558096693,-5.87125978591354
761,152.30153435623748,0.5,0.2,0.5,0.5833333333333333,0.4550414185990934,0.4550414185990934,0.044958581400906715,0.044958581400906715,-5.87125978591354
762,152.501667778519,0.5,0.2,0.5,0.5833333333333333,0.45483667352917456,0.45483667352917456,0.04516332647082554,0.04516332647082554,-5.87125978591354
763,152.70180120080053,0.5,0.2,0.5,0.5833333333333333,0.45463167301770185,0.45463167301770185,0.04536832698229827,0.04536832698229827,-5.87125978591354
764,152.90193462308204,0.5,0.2,0.5,0.5833333333333333,0.4544264228807911,0.4544264228807911,0.04557357711920905,0.04557357711920905,-5.87125978591354
765,153.10206804536358,0.5,0.2,0.5,0.5833333333333333,0.4542209289644961,0.4542209289644961,0.04577907103550404,0.04577907103550404,-5.87125978591354
766,153.3022014676451,0.5,0.2,0.5,0.5833333333333333,0.4540151971441771,0.4540151971441771,0.045984802855823036,0.045984802855823036,-5.87125978591354
767,153.5023348899266,0.5,0.2,0.5,0.5833333333333333,0.4538092333228339,0.4538092333228339,0.04619076667716622,0.04619076667716622,-5.87125978591354
768,153.70246831220814,0.5,0.2,0.5,0.5833333333333333,0.45360304340469576,0.45360304340469576,0.04639695659530437,0.04639695659530437,-5.87125978591354
769,153.90260173448965,0.5,0.2,0.5,0.5833333333333333,0.4533966333316796,0.4533966333316796,0.04660336666832048,0.04660336666832048,-5.87125978591354
770,154.1027351567712,0.5,0.2,0.5,0.5833333333333333,0.45319000908268675,0.45319000908268675,0.046809990917313374,0.046809990917313374,-5.87125978591354
771,154.3028685790527,0.5,0.2,0.5,0.5833333333333333,0.4529831766620597,0.4529831766620597,0.04701682333794042,0.04701682333794042,-5.87125978591354
772,154.5030020013342,0.5,0.2,0.5,0.5833333333333333,0.4527761420988714,0.4527761420988714,0.0472238579011287,0.0472238579011287,-5.87125978591354
773,154.70313542361575,0.5,0.2,0.5,0.5833333333333333,0.45256891144620465,0.45256891144620465,0.047431088553795464,0.047431088553795464,-5.87125978591354
774,154.90326884589726,0.5,0.2,0.5,0.5833333333333333,0.452361490780422,0.452361490780422,0.047638509219578164,0.047638509219578164,-5.87125978591354
775,155.10340226817877,0.5,0.2,0.5,0.5833333333333333,0.45215388620042585,0.45215388620042585,0.047846113799574264,0.047846113799574264,-5.87125978591354
776,155.3035356904603,0.5,0.2,0.5,0.5833333333333333,0.4519461038269097,0.4519461038269097,0.048053896173090443,0.048053896173090443,-5.87125978591354
777,155.50366911274182,0.5,0.2,0.5,0.5833333333333333,0.4517381498015988,0.4517381498015988,0.04826185019840132,0.04826185019840132,-5.87125978591354
778,155.70380253502336,0.5,0.2,0.5,0.5833333333333333,0.45153003028648214,0.45153003028648214,0.048469969713517996,0.048469969713517996,-5.87125978591354
779,155.90393595730487,0.5,0.2,0.5,0.5833333333333333,0.45132175146303427,0.45132175146303427,0.04867824853696584,0.04867824853696584,-5.87125978591354
780,156.10406937958638,0.5,0.2,0.5,0.5833333333333333,0.4511133195314279,0.4511133195314279,0.04888668046857219,0.04888668046857219,-5.87125978591354
781,156.30420280186792,0.5,0.2,0.5,0.5833333333333333,0.4509047407097368,0.4509047407097368,0.04909525929026334,0.04909525929026334,-5.87125978591354
782,156.50433622414943,0.5,0.2,0.5,0.5833333333333333,0.45069602123312896,0.45069602123312896,0.049303978766871155,0.049303978766871155,-5.87125978591354
783,156.70446964643094,0.5,0.2,0.5,0.5833333333333333,0.45048716735305067,0.45048716735305067,0.04951283264694946,0.04951283264694946,-5.87125978591354
784,156.90460306871248,0.5,0.2,0.5,0.5833333333333333,0.45027818533640035,0.45027818533640035,0.04972181466359975,0.04972181466359975,-5.87125978591354
785,157.104736490994,0.5,0.2,0.5,0.5833333333333333,0.45006908146469365,0.45006908146469365,0.049930918535306484,0.049930918535306484,-5.87125978591354
786,157.30486991327552,0.5,0.2,0.5,0.5833333333333333,0.44985986203321787,0.44985986203321787,0.05014013796678226,0.05014013796678226,-5.87125978591354
787,157.50500333555703,0.5,0.2,0.5,0.5833333333333333,0.44965053335017807,0.44965053335017807,0.050349466649822025,0.050349466649822025,-5.87125978591354
788,157.70513675783855,0.5,0.2,0.5,0.5833333333333333,0.4494411017358327,0.4494411017358327,0.05055889826416743,0.05055889826416743,-5.87125978591354
789,157.90527018012008,0.5,0.2,0.5,0.5833333333333333,0.44923157352161974,0.44923157352161974,0.05076842647838037,0.05076842647838037,-5.87125978591354
790,158.1054036024016,0.5,0.2,0.5,0.5833333333333333,0.449021955049274,0.449021955049274,0.0509780449507261,0.0509780449507261,-5.87125978591354
791,158.3055370246831,0.5,0.2,0.5,0.5833333333333333,0.44881225266993385,0.44881225266993385,0.051187747330066244,0.051187747330066244,-5.87125978591354
792,158.50567044696464,0.5,0.2,0.5,0.5833333333333333,0.4486024727432391,0.4486024727432391,0.05139752725676101,0.05139752725676101,-5.87125978591354
793,158.70580386924615,0.5,0.2,0.5,0.5833333333333333,0.4483926216902111,0.4483926216902111,0.05160737830978904,0.05160737830978904,-5.87125978591354
794,158.9059372915277,0.5,0.2,0.5,0.5833333333333333,0.44818270601512905,0.44818270601512905,0.05181729398487108,0.05181729398487108,-5.87125978591354
795,159.1060707138092,0.5,0.2,0.5,0.5833333333333333,0.44797273212804434,0.44797273212804434,0.05202726787195579,0.05202726787195579,-5.87125978591354
796,159.3062041360907,0.5,0.2,0.5,0.5833333333333333,0.4477627064418236,0.4477627064418236,0.05223729355817654,0.05223729355817654,-5.87125978591354
797,159.50633755837225,0.5,0.2,0.5,0.5833333333333333,0.44755263537513507,0.44755263537513507,0.05244736462486504,0.05244736462486504,-5.87125978591354
798,159.70647098065376,0.5,0.2,0.5,0.5833333333333333,0.44734252535156244,0.44734252535156244,0.05265747464843767,0.05265747464843767,-5.87125978591354
799,159.90660440293527,0.5,0.2,0.5,0.5833333333333333,0.44713238279870965,0.44713238279870965,0.05286761720129049,0.05286761720129049,-5.87125978591354
800,160.1067378252168,0.5,0.2,0.5,0.5833333333333333,0.44692221414729777,0.44692221414729777,0.053077785852702355,0.053077785852702355,-5.87125978591354
801,160.30687124749832,0.5,0.2,0.5,0.5833333333333333,0.4467120258302537,0.4467120258302537,0.053287974169746406,0.053287974169746406,-5.87125978591354
802,160.50700466977986,0.5,0.2,0.5,0.5833333333333333,0.4465018242817899,0.4465018242817899,0.053498175718210195,0.053498175718210195,-5.87125978591354
803,160.70713809206137,0.5,0.2,0.5,0.5833333333333333,0.44629161593647637,0.44629161593647637,0.05370838406352377,0.05370838406352377,-5.87125978591354
804,160.90727151434288,0.5,0.2,0.5,0.5833333333333333,0.4460814072283036,0.4460814072283036,0.05391859277169654,0.05391859277169654,-5.87125978591354
805,161.10740493662442,0.5,0.2,0.5,0.5833333333333333,0.44587120458973784,0.44587120458973784,0.05412879541026231,0.05412879541026231,-5.87125978591354
806,161.30753835890593,0.5,0.2,0.5,0.5833333333333333,0.4456610144507676,0.4456610144507676,0.05433898554923253,0.05433898554923253,-5.87125978591354
807,161.50767178118744,0.5,0.2,0.5,0.5833333333333333,0.4454508432379418,0.4454508432379418,0.0545491567620583,0.0545491567620583,-5.87125978591354
808,161.70780520346898,0.5,0.2,0.5,0.5833333333333333,0.4452406973733996,0.4452406973733996,0.054759302626600496,0.054759302626600496,-5.87125978591354
809,161.9079386257505,0.5,0.2,0.5,0.5833333333333333,0.445030583273892,0.445030583273892,0.05496941672610814,0.05496941672610814,-5.87125978591354
810,162.10807204803203,0.5,0.2,0.5,0.5833333333333333,0.44482050734979456,0.44482050734979456,0.05517949265020556,0.05517949265020556,-5.87125978591354
811,162.30820547031354,0.5,0.2,0.5,0.5833333333333333,0.4446104760041127,0.4446104760041127,0.05538952399588744,0.05538952399588744,-5.87125978591354
812,162.50833889259505,0.5,0.2,0.5,0.5833333333333333,0.4444004956314775,0.4444004956314775,0.05559950436852266,0.05559950436852266,-5.87125978591354
813,162.7084723148766,0.5,0.2,0.5,0.5833333333333333,0.4441905726171339,0.4441905726171339,0.05580942738286623,0.05580942738286623,-5.87125978591354
814,162.9086057371581,0.5,0.2,0.5,0.5833333333333333,0.44398071333592054,0.44398071333592054,0.0560192866640796,0.0560192866640796,-5.87125978591354
815,163.1087391594396,0.5,0.2,0.5,0.5833333333333333,0.44377092415124053,0.44377092415124053,0.05622907584875961,0.05622907584875961,-5.87125978591354
816,163.30887258172115,0.5,0.2,0.5,0.5833333333333333,0.4435612114140246,0.4435612114140246,0.056438788585975536,0.056438788585975536,-5.87125978591354
817,163.50900600400266,0.5,0.2,0.5,0.5833333333333333,0.44335158146168563,0.44335158146168563,0.05664841853831449,0.05664841853831449,-5.87125978591354
818,163.7091394262842,0.5,0.2,0.5,0.5833333333333333,0.4431420406170646,0.4431420406170646,0.05685795938293553,0.05685795938293553,-5.87125978591354
819,163.9092728485657,0.5,0.2,0.5,0.5833333333333333,0.4429325951873685,0.4429325951873685,0.057067404812631645,0.057067404812631645,-5.87125978591354
820,164.10940627084722,0.5,0.2,0.5,0.5833333333333333,0.4427232514630995,0.4427232514630995,0.057276748536900624,0.057276748536900624,-5.87125978591354
821,164.30953969312876,0.5,0.2,0.5,0.5833333333333333,0.4425140157169762,0.4425140157169762,0.057485984283023914,0.057485984283023914,-5.87125978591354
822,164.50967311541027,0.5,0.2,0.5,0.5833333333333333,0.4423048943362581,0.4423048943362581,0.057695105663742,0.057695105663742,-5.87125978591354
823,164.70980653769178,0.5,0.2,0.5,0.5833333333333333,0.442095893839475,0.442095893839475,0.05790410616052511,0.05790410616052511,-5.87125978591354
824,164.90993995997331,0.5,0.2,0.5,0.5833333333333333,0.4418870205226896,0.4418870205226896,0.058112979477310533,0.058112979477310533,-5.87125978591354
825,165.11007338225482,0.5,0.2,0.5,0.5833333333333333,0.4416782806622786,0.4416782806622786,0.058321719337721505,0.058321719337721505,-5.87125978591354
826,165.31020680453636,0.5,0.2,0.5,0.5833333333333333,0.44146968051899826,0.44146968051899826,0.05853031948100184,0.05853031948100184,-5.87125978591354
827,165.51034022681787,0.5,0.2,0.5,0.5833333333333333,0.4412612263372309,0.4412612263372309,0.05873877366276919,0.05873877366276919,-5.87125978591354
828,165.71047364909938,0.5,0.2,0.5,0.5833333333333333,0.44105292434423093,0.44105292434423093,0.05894707565576918,0.05894707565576918,-5.87125978591354
829,165.91060707138092,0.5,0.2,0.5,0.5833333333333333,0.44084478074937056,0.44084478074937056,0.059155219250629554,0.059155219250629554,-5.87125978591354
830,166.11074049366243,0.5,0.2,0.5,0.5833333333333333,0.4406368017433853,0.4406368017433853,0.05936319825661477,0.05936319825661477,-5.87125978591354
831,166.31087391594394,0.5,0.2,0.5,0.5833333333333333,0.44042899349761894,0.44042899349761894,0.05957100650238115,0.05957100650238115,-5.87125978591354
832,166.51100733822548,0.5,0.2,0.5,0.5833333333333333,0.4402213621632679,0.4402213621632679,0.05977863783673219,0.05977863783673219,-5.87125978591354
833,166.711140760507,0.5,0.2,0.5,0.5833333333333333,0.44001391387062594,0.44001391387062594,0.05998608612937419,0.05998608612937419,-5.87125978591354
834,166.91127418278853,0.5,0.2,0.5,0.5833333333333333,0.4398066547283275,0.4398066547283275,0.06019334527167263,0.06019334527167263,-5.87125978591354
835,167.11140760507004,0.5,0.2,0.5,0.5833333333333333,0.4395995908225917,0.4395995908225917,0.06040040917740839,0.06040040917740839,-5.87125978591354
836,167.31154102735155,0.5,0.2,0.5,0.5833333333333333,0.4393927282164653,0.4393927282164653,0.06060727178353481,0.06060727178353481,-5.87125978591354
837,167.5116744496331,0.5,0.2,0.5,0.5833333333333333,0.43918607294906525,0.43918607294906525,0.06081392705093487,0.06081392705093487,-5.87125978591354
838,167.7118078719146,0.5,0.2,0.5,0.5833333333333333,0.4389796310348214,0.4389796310348214,0.06102036896517868,0.06102036896517868,-5.87125978591354
839,167.9119412941961,0.5,0.2,0.5,0.5833333333333333,0.4387734084627185,0.4387734084627185,0.061226591537281626,0.061226591537281626,-5.87125978591354
840,168.11207471647765,0.5,0.2,0.5,0.5833333333333333,0.4385674111955375,0.4385674111955375,0.061432588804462625,0.061432588804462625,-5.87125978591354
841,168.31220813875916,0.5,0.2,0.5,0.5833333333333333,0.4383616451690973,0.4383616451690973,0.061638354830902777,0.061638354830902777,-5.87125978591354
842,168.5123415610407,0.5,0.2,0.5,0.5833333333333333,0.4381561162914955,0.4381561162914955,0.06184388370850461,0.06184388370850461,-5.87125978591354
843,168.7124749833222,0.5,0.2,0.5,0.5833333333333333,0.43795083044234734,0.43795083044234734,0.06204916955765277,0.06204916955765277,-5.87125978591354
844,168.91260840560372,0.5,0.2,0.5,0.5833333333333333,0.43774579346951975,0.43774579346951975,0.06225420653048033,0.06225420653048033,-5.87125978591354
845,169.11274182788526,0.5,0.2,0.5,0.5833333333333333,0.4375410111904875,0.4375410111904875,0.062458988809512596,0.062458988809512596,-5.87125978591354
846,169.31287525016677,0.5,0.2,0.5,0.5833333333333333,0.4373364893938769,0.4373364893938769,0.06266351060612319,0.06266351060612319,-5.87125978591354
847,169.51300867244828,0.5,0.2,0.5,0.5833333333333333,0.4371322338367006,0.4371322338367006,0.06286776616329952,0.06286776616329952,-5.87125978591354
848,169.71314209472982,0.5,0.2,0.5,0.5833333333333333,0.4369282502435915,0.4369282502435915,0.06307174975640861,0.06307174975640861,-5.87125978591354
849,169.91327551701133,0.5,0.2,0.5,0.5833333333333333,0.43672454430603674,0.43672454430603674,0.06327545569396335,0.06327545569396335,-5.87125978591354
850,170.11340893929287,0.5,0.2,0.5,0.5833333333333333,0.4365211216816106,0.4365211216816106,0.0634788783183895,0.0634788783183895,-5.87125978591354
851,170.31354236157438,0.5,0.2,0.5,0.5833333333333333,0.4363179879932074,0.4363179879932074,0.0636820120067927,0.0636820120067927,-5.87125978591354
852,170.5136757838559,0.5,0.2,0.5,0.5833333333333333,0.43611514882827357,0.43611514882827357,0.06388485117172656,0.06388485117172656,-5.87125978591354
853,170.71380920613743,0.5,0.2,0.5,0.5833333333333333,0.43591260973803947,0.43591260973803947,0.06408739026196063,0.06408739026196063,-5.87125978591354
854,170.91394262841894,0.5,0.2,0.5,0.5833333333333333,0.43571037623675096,0.43571037623675096,0.06428962376324913,0.06428962376324913,-5.87125978591354
855,171.11407605070045,0.5,0.2,0.5,0.5833333333333333,0.43550845380089986,0.43550845380089986,0.06449154619910027,0.06449154619910027,-5.87125978591354
856,171.314209472982,0.5,0.2,0.5,0.5833333333333333,0.43530684786845436,0.43530684786845436,0.06469315213154574,0.06469315213154574,-5.87125978591354
857,171.5143428952635,0.5,0.2,0.5,0.5833333333333333,0.43510556383808935,0.43510556383808935,0.06489443616191073,0.06489443616191073,-5.87125978591354
858,171.71447631754504,0.5,0.2,0.5,0.5833333333333333,0.43490460706841527,0.43490460706841527,0.06509539293158481,0.06509539293158481,-5.87125978591354
859,171.91460973982655,0.5,0.2,0.5,0.5833333333333333,0.4347039828772075,0.4347039828772075,0.06529601712279261,0.06529601712279261,-5.87125978591354
860,172.11474316210806,0.5,0.2,0.5,0.5833333333333333,0.43450369654063453,0.43450369654063453,0.06549630345936558,0.06549630345936558,-5.87125978591354
861,172.3148765843896,0.5,0.2,0.5,0.5833333333333333,0.4343037532924862,0.4343037532924862,0.06569624670751391,0.06569624670751391,-5.87125978591354
862,172.5150100066711,0.5,0.2,0.5,0.5833333333333333,0.43410415832340127,0.43410415832340127,0.06589584167659887,0.06589584167659887,-5.87125978591354
863,172.71514342895262,0.5,0.2,0.5,0.5833333333333333,0.4339049167800942,0.4339049167800942,0.0660950832199059,0.0660950832199059,-5.87125978591354
864,172.91527685123415,0.5,0.2,0.5,0.5833333333333333,0.43370603376458217,0.43370603376458217,0.06629396623541792,0.06629396623541792,-5.87125978591354
865,173.11541027351566,0.5,0.2,0.5,0.5833333333333333,0.43350751434040247,0.43350751434040247,0.06649248565959762,0.06649248565959762,-5.87125978591354
866,173.3155436957972,0.5,0.2,0.5,0.5833333333333333,0.4333093637354048,0.4333093637354048,0.06669063626459532,0.06669063626459532,-5.87125978591354
867,173.5156771180787,0.5,0.2,0.5,0.5833333333333333,0.4331115870619805,0.4331115870619805,0.06688841293801959,0.06688841293801959,-5.87125978591354
868,173.71581054036022,0.5,0.2,0.5,0.5833333333333333,0.4329141893027458,0.4329141893027458,0.06708581069725428,0.06708581069725428,-5.87125978591354
869,173.91594396264176,0.5,0.2,0.5,0.5833333333333333,0.43271717539791116,0.43271717539791116,0.06728282460208891,0.06728282460208891,-5.87125978591354
870,174.11607738492327,0.5,0.2,0.5,0.5833333333333333,0.432520550244812,0.432520550244812,0.06747944975518809,0.06747944975518809,-5.87125978591354
871,174.31621080720478,0.5,0.2,0.5,0.5833333333333333,0.432324318697445,0.432324318697445,0.06767568130255512,0.06767568130255512,-5.87125978591354
872,174.51634422948632,0.5,0.2,0.5,0.5833333333333333,0.43212848556601086,0.43212848556601086,0.06787151443398921,0.06787151443398921,-5.87125978591354
873,174.71647765176783,0.5,0.2,0.5,0.5833333333333333,0.4319330556164636,0.4319330556164636,0.06806694438353648,0.06806694438353648,-5.87125978591354
874,174.91661107404937,0.5,0.2,0.5,0.5833333333333333,0.43173803357006496,0.43173803357006496,0.06826196642993514,0.06826196642993514,-5.87125978591354
875,175.11674449633088,0.5,0.2,0.5,0.5833333333333333,0.431543424102946,0.431543424102946,0.06845657589705409,0.06845657589705409,-5.87125978591354
876,175.3168779186124,0.5,0.2,0.5,0.5833333333333333,0.4313492318456743,0.4313492318456743,0.0686507681543258,0.0686507681543258,-5.87125978591354
877,175.51701134089393,0.5,0.2,0.5,0.5833333333333333,0.43115546138282734,0.43115546138282734,0.06884453861717275,0.06884453861717275,-5.87125978591354
878,175.71714476317544,0.5,0.2,0.5,0.5833333333333333,0.43096211725257233,0.43096211725257233,0.06903788274742773,0.06903788274742773,-5.87125978591354
879,175.91727818545695,0.5,0.2,0.5,0.5833333333333333,0.4307692039462519,0.4307692039462519,0.0692307960537482,0.0692307960537482,-5.87125978591354
880,176.1174116077385,0.5,0.2,0.5,0.5833333333333333,0.43057672590797574,0.43057672590797574,0.06942327409202433,0.06942327409202433,-5.87125978591354
881,176.31754503002,0.5,0.2,0.5,0.5833333333333333,0.4303846875342192,0.4303846875342192,0.06961531246578087,0.06961531246578087,-5.87125978591354
882,176.51767845230154,0.5,0.2,0.5,0.5833333333333333,0.430193093173427,0.430193093173427,0.06980690682657309,0.06980690682657309,-5.87125978591354
883,176.71781187458305,0.5,0.2,0.5,0.5833333333333333,0.4300019471256239,0.4300019471256239,0.06999805287437617,0.06999805287437617,-5.87125978591354
884,176.91794529686456,0.5,0.2,0.5,0.5833333333333333,0.4298112536420311,0.4298112536420311,0.070188746357969,0.070188746357969,-5.87125978591354
885,177.1180787191461,0.5,0.2,0.5,0.5833333333333333,0.4296210169246888,0.4296210169246888,0.07037898307531126,0.07037898307531126,-5.87125978591354
886,177.3182121414276,0.5,0.2,0.5,0.5833333333333333,0.42943124112608533,0.42943124112608533,0.07056875887391474,0.07056875887391474,-5.87125978591354
887,177.51834556370912,0.5,0.2,0.5,0.5833333333333333,0.4292419303562256,0.4292419303562256,0.07075806964377446,0.07075806964377446,-5.87125978591354
888,177.71847898599066,0.5,0.2,0.5,0.5833333333333333,0.42905308874073844,0.42905308874073844,0.07094691125926164,0.07094691125926164,-5.87125978591354
889,177.91861240827217,0.5,0.2,0.5,0.5833333333333333,0.4288647203149758,0.4288647203149758,0.07113527968502428,0.07113527968502428,-5.87125978591354
890,178.1187458305537,0.5,0.2,0.5,0.5833333333333333,0.42867682904987836,0.42867682904987836,0.07132317095012171,0.07132317095012171,-5.87125978591354
891,178.31887925283522,0.5,0.2,0.5,0.5833333333333333,0.4284894188669169,0.4284894188669169,0.07151058113308321,0.07151058113308321,-5.87125978591354
892,178.51901267511673,0.5,0.2,0.5,0.5833333333333333,0.4283024936378489,0.4283024936378489,0.07169750636215122,0.07169750636215122,-5.87125978591354
893,178.71914609739827,0.5,0.2,0.5,0.5833333333333333,0.42811605718448403,0.42811605718448403,0.07188394281551604,0.07188394281551604,-5.87125978591354
894,178.91927951967978,0.5,0.2,0.5,0.5833333333333333,0.4279301132784575,0.4279301132784575,0.07206988672154262,0.07206988672154262,-5.87125978591354
895,179.1194129419613,0.5,0.2,0.5,0.5833333333333333,0.42774466564101077,0.42774466564101077,0.07225533435898933,0.07225533435898933,-5.87125978591354
896,179.31954636424283,0.5,0.2,0.5,0.5833333333333333,0.4275597179427817,0.4275597179427817,0.07244028205721839,0.07244028205721839,-5.87125978591354
897,179.51967978652434,0.5,0.2,0.5,0.5833333333333333,0.4273752738036018,0.4273752738036018,0.0726247261963983,0.0726247261963983,-5.87125978591354
898,179.71981320880587,0.5,0.2,0.5,0.5833333333333333,0.4271913367923018,0.4271913367923018,0.07280866320769828,0.07280866320769828,-5.87125978591354
899,179.91994663108738,0.5,0.2,0.5,0.5833333333333333,0.4270079104265258,0.4270079104265258,0.07299208957347428,0.07299208957347428,-5.87125978591354
900,180.1200800533689,0.5,0.2,0.5,0.5833333333333333,0.4268249981725528,0.4268249981725528,0.07317500182744728,0.07317500182744728,-5.87125978591354
901,180.32021347565043,0.5,0.2,0.5,0.5833333333333333,0.4266426034451269,0.4266426034451269,0.07335739655487321,0.07335739655487321,-5.87125978591354
902,180.52034689793194,0.5,0.2,0.5,0.5833333333333333,0.42646072960729536,0.42646072960729536,0.0735392703927047,0.0735392703927047,-5.87125978591354
903,180.72048032021348,0.5,0.2,0.5,0.5833333333333333,0.426279379970255,0.426279379970255,0.07372062002974508,0.07372062002974508,-5.87125978591354
904,180.920613742495,0.5,0.2,0.5,0.5833333333333333,0.42609855779320627,0.42609855779320627,0.07390144220679382,0.07390144220679382,-5.87125978591354
905,181.1207471647765,0.5,0.2,0.5,0.5833333333333333,0.4259182662832159,0.4259182662832159,0.07408173371678421,0.07408173371678421,-5.87125978591354
906,181.32088058705804,0.5,0.2,0.5,0.5833333333333333,0.42573850859508733,0.42573850859508733,0.07426149140491276,0.07426149140491276,-5.87125978591354
907,181.52101400933955,0.5,0.2,0.5,0.5833333333333333,0.42555928783123964,0.42555928783123964,0.07444071216876043,0.07444071216876043,-5.87125978591354
908,181.72114743162106,0.5,0.2,0.5,0.5833333333333333,0.4253806070415941,0.4253806070415941,0.07461939295840601,0.07461939295840601,-5.87125978591354
909,181.9212808539026,0.5,0.2,0.5,0.5833333333333333,0.42520246923609006,0.42520246923609006,0.07479753076391002,0.07479753076391002,-5.87125978591354
910,182.1214142761841,0.5,0.2,0.5,0.5833333333333333,0.42502487741840755,0.42502487741840755,0.07497512258159249,0.07497512258159249,-5.87125978591354
911,182.32154769846565,0.5,0.2,0.5,0.5833333333333333,0.4248478345005829,0.4248478345005829,0.07515216549941718,0.07515216549941718,-5.87125978591354
912,182.52168112074716,0.5,0.2,0.5,0.5833333333333333,0.42467134333759177,0.42467134333759177,0.07532865666240827,0.07532865666240827,-5.87125978591354
913,182.72181454302867,0.5,0.2,0.5,0.5833333333333333,0.42449540673291675,0.42449540673291675,0.0755045932670833,0.0755045932670833,-5.87125978591354
914,182.9219479653102,0.5,0.2,0.5,0.5833333333333333,0.4243200274385538,0.4243200274385538,0.07567997256144629,0.07567997256144629,-5.87125978591354
915,183.12208138759172,0.5,0.2,0.5,0.5833333333333333,0.4241452081550287,0.4241452081550287,0.07585479184497133,0.07585479184497133,-5.87125978591354
916,183.32221480987323,0.5,0.2,0.5,0.5833333333333333,0.4239709515314234,0.4239709515314234,0.07602904846857668,0.07602904846857668,-5.87125978591354
917,183.52234823215477,0.5,0.2,0.5,0.5833333333333333,0.4237972601654111,0.4237972601654111,0.07620273983458896,0.07620273983458896,-5.87125978591354
918,183.72248165443628,0.5,0.2,0.5,0.5833333333333333,0.4236241366033022,0.4236241366033022,0.07637586339669782,0.07637586339669782,-5.87125978591354
919,183.92261507671782,0.5,0.2,0.5,0.5833333333333333,0.4234515833400989,0.4234515833400989,0.07654841665990113,0.07654841665990113,-5.87125978591354
920,184.12274849899933,0.5,0.2,0.5,0.5833333333333333,0.42327960281955984,0.42327960281955984,0.0767203971804402,0.0767203971804402,-5.87125978591354
921,184.32288192128084,0.5,0.2,0.5,0.5833333333333333,0.4231081974342743,0.4231081974342743,0.07689180256572577,0.07689180256572577,-5.87125978591354
922,184.52301534356238,0.5,0.2,0.5,0.5833333333333333,0.42293736952574607,0.42293736952574607,0.07706263047425398,0.07706263047425398,-5.87125978591354
923,184.7231487658439,0.5,0.2,0.5,0.5833333333333333,0.4227671213844872,0.4227671213844872,0.07723287861551285,0.07723287861551285,-5.87125978591354
924,184.9232821881254,0.5,0.2,0.5,0.5833333333333333,0.4225974552501207,0.4225974552501207,0.07740254474987933,0.07740254474987933,-5.87125978591354
925,185.12341561040694,0.5,0.2,0.5,0.5833333333333333,0.4224283733114937,0.4224283733114937,0.07757162668850637,0.07757162668850637,-5.87125978591354
926,185.32354903268845,0.5,0.2,0.5,0.5833333333333333,0.4222598777067996,0.4222598777067996,0.07774012229320044,0.07774012229320044,-5.87125978591354
927,185.52368245497,0.5,0.2,0.5,0.5833333333333333,0.42209197052371034,0.42209197052371034,0.07790802947628975,0.07790802947628975,-5.87125978591354
928,185.7238158772515,0.5,0.2,0.5,0.5833333333333333,0.4219246537995179,0.4219246537995179,0.07807534620048219,0.07807534620048219,-5.87125978591354
929,185.923949299533,0.5,0.2,0.5,0.5833333333333333,0.4217579295212857,0.4217579295212857,0.07824207047871436,0.07824207047871436,-5.87125978591354
930,186.12408272181455,0.5,0.2,0.5,0.5833333333333333,0.4215917996260097,0.4215917996260097,0.07840820037399039,0.07840820037399039,-5.87125978591354
931,186.32421614409606,0.5,0.2,0.5,0.5833333333333333,0.4214262659984285,0.4214262659984285,0.07857373400157158,0.07857373400157158,-5.87125978591354
932,186.52434956637757,0.5,0.2,0.5,0.5833333333333333,0.42126133046996833,0.42126133046996833,0.07873866953003172,0.07873866953003172,-5.87125978591354
933,186.7244829886591,0.5,0.2,0.5,0.5833333333333333,0.42109699482673185,0.42109699482673185,0.07890300517326819,0.07890300517326819,-5.87125978591354
934,186.92461641094062,0.5,0.2,0.5,0.5833333333333333,0.4209332608055177,0.4209332608055177,0.07906673919448237,0.07906673919448237,-5.87125978591354
935,187.12474983322215,0.5,0.2,0.5,0.5833333333333333,0.4207701300938509,0.4207701300938509,0.07922986990614919,0.07922986990614919,-5.87125978591354
936,187.32488325550366,0.5,0.2,0.5,0.5833333333333333,0.42060760433019423,0.42060760433019423,0.07939239566980583,0.07939239566980583,-5.87125978591354
937,187.52501667778517,0.5,0.2,0.5,0.5833333333333333,0.42044568510416896,0.42044568510416896,0.0795543148958311,0.0795543148958311,-5.87125978591354
938,187.7251501000667,0.5,0.2,0.5,0.5833333333333333,0.4202843739567847,0.4202843739567847,0.0797156260432154,0.0797156260432154,-5.87125978591354
939,187.92528352234822,0.5,0.2,0.5,0.5833333333333333,0.42012367238067916,0.42012367238067916,0.07987632761932091,0.07987632761932091,-5.87125978591354
940,188.12541694462973,0.5,0.2,0.5,0.5833333333333333,0.4199635818203674,0.4199635818203674,0.08003641817963268,0.08003641817963268,-5.87125978591354
941,188.32555036691127,0.5,0.2,0.5,0.5833333333333333,0.41980410367250004,0.41980410367250004,0.08019589632750002,0.08019589632750002,-5.87125978591354
942,188.52568378919278,0.5,0.2,0.5,0.5833333333333333,0.41964523928613173,0.41964523928613173,0.08035476071386835,0.08035476071386835,-5.87125978591354
943,188.72581721147432,0.5,0.2,0.5,0.5833333333333333,0.41948698996299816,0.41948698996299816,0.0805130100370019,0.0805130100370019,-5.87125978591354
944,188.92595063375583,0.5,0.2,0.5,0.5833333333333333,0.4193293569578036,0.4193293569578036,0.08067064304219648,0.08067064304219648,-5.87125978591354
945,189.12608405603734,0.5,0.2,0.5,0.5833333333333333,0.41917234147851684,0.41917234147851684,0.08082765852148324,0.08082765852148324,-5.87125978591354
946,189.32621747831888,0.5,0.2,0.5,0.5833333333333333,0.41901594468667747,0.41901594468667747,0.08098405531332259,0.08098405531332259,-5.87125978591354
947,189.5263509006004,0.5,0.2,0.5,0.5833333333333333,0.4188601676977113,0.4188601676977113,0.0811398323022888,0.0811398323022888,-5.87125978591354
948,189.7264843228819,0.5,0.2,0.5,0.5833333333333333,0.41870501158125495,0.41870501158125495,0.08129498841874515,0.08129498841874515,-5.87125978591354
949,189.92661774516344,0.5,0.2,0.5,0.5833333333333333,0.4185504773614905,0.4185504773614905,0.08144952263850957,0.08144952263850957,-5.87125978591354
950,190.12675116744495,0.5,0.2,0.5,0.5833333333333333,0.4183965660174893,0.4183965660174893,0.08160343398251074,0.08160343398251074,-5.87125978591354
951,190.3268845897265,0.5,0.2,0.5,0.5833333333333333,0.41824327848356524,0.41824327848356524,0.08175672151643483,0.08175672151643483,-5.87125978591354
952,190.527018012008,0.5,0.2,0.5,0.5833333333333333,0.4180906156496374,0.4180906156496374,0.08190938435036267,0.08190938435036267,-5.87125978591354
953,190.7271514342895,0.5,0.2,0.5,0.5833333333333333,0.41793857832812015,0.41793857832812015,0.08206142167187995,0.08206142167187995,-5.87125978591354
954,190.92728485657105,0.5,0.2,0.5,0.5833333333333333,0.41778716727501675,0.41778716727501675,0.08221283272498335,0.08221283272498335,-5.87125978591354
955,191.12741827885256,0.5,0.2,0.5,0.5833333333333333,0.41763638323468405,0.41763638323468405,0.08236361676531603,0.08236361676531603,-5.87125978591354
956,191.32755170113407,0.5,0.2,0.5,0.5833333333333333,0.41748622690730014,0.41748622690730014,0.08251377309269993,0.08251377309269993,-5.87125978591354
957,191.5276851234156,0.5,0.2,0.5,0.5833333333333333,0.4173366989491802,0.4173366989491802,0.0826633010508199,0.0826633010508199,-5.87125978591354
958,191.72781854569712,0.5,0.2,0.5,0.5833333333333333,0.4171877999731267,0.4171877999731267,0.08281220002687338,0.08281220002687338,-5.87125978591354
959,191.92795196797866,0.5,0.2,0.5,0.5833333333333333,0.41703953054878773,0.41703953054878773,0.08296046945121233,0.08296046945121233,-5.87125978591354
960,192.12808539026017,0.5,0.2,0.5,0.5833333333333333,0.4168918912030233,0.4168918912030233,0.08310810879697679,0.08310810879697679,-5.87125978591354
961,192.32821881254168,0.5,0.2,0.5,0.5833333333333333,0.41674488242027935,0.41674488242027935,0.08325511757972072,0.08325511757972072,-5.87125978591354
962,192.52835223482322,0.5,0.2,0.5,0.5833333333333333,0.4165985046429704,0.4165985046429704,0.0834014953570297,0.0834014953570297,-5.87125978591354
963,192.72848565710473,0.5,0.2,0.5,0.5833333333333333,0.41645275827186945,0.41645275827186945,0.08354724172813066,0.08354724172813066,-5.87125978591354
964,192.92861907938624,0.5,0.2,0.5,0.5833333333333333,0.41630764366650647,0.41630764366650647,0.0836923563334936,0.0836923563334936,-5.87125978591354
965,193.12875250166778,0.5,0.2,0.5,0.5833333333333333,0.41616316114557467,0.41616316114557467,0.08383683885442542,0.08383683885442542,-5.87125978591354
966,193.3288859239493,0.5,0.2,0.5,0.5833333333333333,0.4160193109873447,0.4160193109873447,0.08398068901265542,0.08398068901265542,-5.87125978591354
967,193.52901934623083,0.5,0.2,0.5,0.5833333333333333,0.4158760934300868,0.4158760934300868,0.0841239065699133,0.0841239065699133,-5.87125978591354
968,193.72915276851234,0.5,0.2,0.5,0.5833333333333333,0.4157335086725014,0.4157335086725014,0.08426649132749865,0.08426649132749865,-5.87125978591354
969,193.92928619079385,0.5,0.2,0.5,0.5833333333333333,0.4155915568741572,0.4155915568741572,0.08440844312584288,0.08440844312584288,-5.87125978591354
970,194.12941961307538,0.5,0.2,0.5,0.5833333333333333,0.4154502381559373,0.4154502381559373,0.08454976184406278,0.08454976184406278,-5.87125978591354
971,194.3295530353569,0.5,0.2,0.5,0.5833333333333333,0.41530955260049385,0.41530955260049385,0.08469044739950625,0.08469044739950625,-5.87125978591354
972,194.5296864576384,0.5,0.2,0.5,0.5833333333333333,0.41516950025271,0.41516950025271,0.08483049974729011,0.08483049974729011,-5.87125978591354
973,194.72981987991994,0.5,0.2,0.5,0.5833333333333333,0.4150300811201703,0.4150300811201703,0.08496991887982977,0.08496991887982977,-5.87125978591354
974,194.92995330220145,0.5,0.2,0.5,0.5833333333333333,0.41489129517212814,0.41489129517212814,0.08510870482787193,0.08510870482787193,-5.87125978591354
975,195.130086724483,0.5,0.2,0.5,0.5833333333333333,0.41475314226442245,0.41475314226442245,0.08524685773557765,0.08524685773557765,-5.87125978591354
976,195.3302201467645,0.5,0.2,0.5,0.5833333333333333,0.41461562223580695,0.41461562223580695,0.08538437776419315,0.08538437776419315,-5.87125978591354
977,195.530353569046,0.5,0.2,0.5,0.5833333333333333,0.41447873492652904,0.41447873492652904,0.08552126507347103,0.08552126507347103,-5.87125978591354
978,195.73048699132755,0.5,0.2,0.5,0.5833333333333333,0.4143424801400816,0.4143424801400816,0.08565751985991846,0.08565751985991846,-5.87125978591354
979,195.93062041360906,0.5,0.2,0.5,0.5833333333333333,0.4142068576436339,0.4142068576436339,0.08579314235636618,0.08579314235636618,-5.87125978591354
980,196.13075383589057,0.5,0.2,0.5,0.5833333333333333,0.41407186716846855,0.41407186716846855,0.08592813283153156,0.08592813283153156,-5.87125978591354
981,196.3308872581721,0.5,0.2,0.5,0.5833333333333333,0.4139375084104251,0.4139375084104251,0.08606249158957499,0.08606249158957499,-5.87125978591354
982,196.53102068045362,0.5,0.2,0.5,0.5833333333333333,0.4138037810303498,0.4138037810303498,0.08619621896965024,0.08619621896965024,-5.87125978591354
983,196.73115410273516,0.5,0.2,0.5,0.5833333333333333,0.4136706846545516,0.4136706846545516,0.08632931534544848,0.08632931534544848,-5.87125978591354
984,196.93128752501667,0.5,0.2,0.5,0.5833333333333333,0.41353821887526415,0.41353821887526415,0.08646178112473592,0.08646178112473592,-5.87125978591354
985,197.13142094729818,0.5,0.2,0.5,0.5833333333333333,0.41340638325111473,0.41340638325111473,0.08659361674888535,0.08659361674888535,-5.87125978591354
986,197.33155436957972,0.5,0.2,0.5,0.5833333333333333,0.4132751773075988,0.4132751773075988,0.08672482269240132,0.08672482269240132,-5.87125978591354
987,197.53168779186123,0.5,0.2,0.5,0.5833333333333333,0.4131446005375612,0.4131446005375612,0.08685539946243888,0.08685539946243888,-5.87125978591354
988,197.73182121414274,0.5,0.2,0.5,0.5833333333333333,0.4130146524016838,0.4130146524016838,0.0869853475983163,0.0869853475983163,-5.87125978591354
989,197.93195463642428,0.5,0.2,0.5,0.5833333333333333,0.4128853323289786,0.4128853323289786,0.08711466767102145,0.08711466767102145,-5.87125978591354
990,198.1320880587058,0.5,0.2,0.5,0.5833333333333333,0.41275663971728843,0.41275663971728843,0.08724336028271164,0.08724336028271164,-5.87125978591354
991,198.33222148098733,0.5,0.2,0.5,0.5833333333333333,0.4126285739337925,0.4126285739337925,0.08737142606620758,0.08737142606620758,-5.87125978591354
992,198.53235490326884,0.5,0.2,0.5,0.5833333333333333,0.4125011343155193,0.4125011343155193,0.08749886568448076,0.08749886568448076,-5.87125978591354
993,198.73248832555035,0.5,0.2,0.5,0.5833333333333333,0.4123743201698654,0.4123743201698654,0.08762567983013468,0.08762567983013468,-5.87125978591354
994,198.9326217478319,0.5,0.2,0.5,0.5833333333333333,0.4122481307751203,0.4122481307751203,0.08775186922487979,0.08775186922487979,-5.87125978591354
995,199.1327551701134,0.5,0.2,0.5,0.5833333333333333,0.412122565380998,0.412122565380998,0.08787743461900208,0.08787743461900208,-5.87125978591354
996,199.3328885923949,0.5,0.2,0.5,0.5833333333333333,0.4119976232091746,0.4119976232091746,0.08800237679082548,0.08800237679082548,-5.87125978591354
997,199.53302201467645,0.5,0.2,0.5,0.5833333333333333,0.4118733034538321,0.4118733034538321,0.08812669654616795,0.08812669654616795,-5.87125978591354
998,199.73315543695796,0.5,0.2,0.5,0.5833333333333333,0.4117496052812264,0.4117496052812264,0.08825039471877368,0.08825039471877368,-5.87125978591354
999,199.9332888592395,0.5,0.2,0.5,0.5833333333333333,0.41162652771133257,0.41162652771133257,0.08837347228866753,0.08837347228866753,-5.87125978591354
1000,200.133422281521,0.5,0.2,0.5,0.5833333333333333,0.41150406975057807,0.41150406975057807,0.08849593024942203,0.08849593024942203,-5.87125978591354
1001,200.33355570380252,0.5,0.2,0.5,0.5833333333333333,0.4113822304506731,0.4113822304506731,0.088617769549327,0.088617769549327,-5.87125978591354
1002,200.53368912608406,0.5,0.2,0.5,0.5833333333333333,0.4112610088354518,0.4112610088354518,0.08873899116454828,0.08873899116454828,-5.87125978591354
1003,200.73382254836557,0.5,0.2,0.5,0.5833333333333333,0.4111404039013088,0.4111404039013088,0.08885959609869132,0.08885959609869132,-5.87125978591354
1004,200.93395597064708,0.5,0.2,0.5,0.5833333333333333,0.4110204146176387,0.4110204146176387,0.08897958538236135,0.08897958538236135,-5.87125978591354
1005,201.13408939292862,0.5,0.2,0.5,0.5833333333333333,0.41090103992727994,0.41090103992727994,0.08909896007272017,0.08909896007272017,-5.87125978591354
1006,201.33422281521013,0.5,0.2,0.5,0.5833333333333333,0.41078227874696077,0.41078227874696077,0.08921772125303931,0.08921772125303931,-5.87125978591354
1007,201.53435623749166,0.5,0.2,0.5,0.5833333333333333,0.4106641299677499,0.4106641299677499,0.08933587003225017,0.08933587003225017,-5.87125978591354
1008,201.73448965977317,0.5,0.2,0.5,0.5833333333333333,0.4105465924555098,0.4105465924555098,0.08945340754449028,0.08945340754449028,-5.87125978591354
1009,201.93462308205469,0.5,0.2,0.5,0.5833333333333333,0.41042966505135353,0.41042966505135353,0.08957033494864657,0.08957033494864657,-5.87125978591354
1010,202.13475650433622,0.5,0.2,0.5,0.5833333333333333,0.4103133465721052,0.4103133465721052,0.08968665342789486,0.08968665342789486,-5.87125978591354
1011,202.33488992661773,0.5,0.2,0.5,0.5833333333333333,0.41019763581076396,0.41019763581076396,0.08980236418923614,0.08980236418923614,-5.87125978591354
1012,202.53502334889924,0.5,0.2,0.5,0.5833333333333333,0.41008253153697066,0.41008253153697066,0.08991746846302943,0.08991746846302943,-5.87125978591354
1013,202.73515677118078,0.5,0.2,0.5,0.5833333333333333,0.40996803249747893,0.40996803249747893,0.09003196750252117,0.09003196750252117,-5.87125978591354
1014,202.9352901934623,0.5,0.2,0.5,0.5833333333333333,0.409854137416629,0.409854137416629,0.0901458625833711,0.0901458625833711,-5.87125978591354
1015,203.13542361574383,0.5,0.2,0.5,0.5833333333333333,0.4097408449968251,0.4097408449968251,0.09025915500317497,0.09025915500317497,-5.87125978591354
1016,203.33555703802534,0.5,0.2,0.5,0.5833333333333333,0.4096281539190166,0.4096281539190166,0.09037184608098353,0.09037184608098353,-5.87125978591354
1017,203.53569046030685,0.5,0.2,0.5,0.5833333333333333,0.4095160628431817,0.4095160628431817,0.09048393715681838,0.09048393715681838,-5.87125978591354
1018,203.7358238825884,0.5,0.2,0.5,0.5833333333333333,0.4094045704088159,0.4094045704088159,0.09059542959118423,0.09059542959118423,-5.87125978591354
1019,203.9359573048699,0.5,0.2,0.5,0.5833333333333333,0.40929367523542237,0.40929367523542237,0.09070632476457771,0.09070632476457771,-5.87125978591354
1020,204.1360907271514,0.5,0.2,0.5,0.5833333333333333,0.4091833759230071,0.4091833759230071,0.09081662407699301,0.09081662407699301,-5.87125978591354
1021,204.33622414943295,0.5,0.2,0.5,0.5833333333333333,0.40907367105257636,0.40907367105257636,0.09092632894742374,0.09092632894742374,-5.87125978591354
1022,204.53635757171446,0.5,0.2,0.5,0.5833333333333333,0.408964559186508,0.408964559186508,0.09103544081349213,0.09103544081349213,-5.87125978591354
1023,204.736490993996,0.5,0.2,0.5,0.5833333333333333,0.4088560387795625,0.4088560387795625,0.09114396122043766,0.09114396122043766,-5.87125978591354
1024,204.9366244162775,0.5,0.2,0.5,0.5833333333333333,0.4087481082620627,0.4087481082620627,0.09125189173793742,0.09125189173793742,-5.87125978591354
1025,205.13675783855902,0.5,0.2,0.5,0.5833333333333333,0.40864076611310635,0.40864076611310635,0.09135923388689378,0.09135923388689378,-5.87125978591354
1026,205.33689126084056,0.5,0.2,0.5,0.5833333333333333,0.4085340107927273,0.4085340107927273,0.09146598920727289,0.09146598920727289,-5.87125978591354
1027,205.53702468312207,0.5,0.2,0.5,0.5833333333333333,0.4084278407422954,0.4084278407422954,0.09157215925770475,0.09157215925770475,-5.87125978591354
1028,205.7371581054036,0.5,0.2,0.5,0.5833333333333333,0.40832225438491787,0.40832225438491787,0.09167774561508228,0.09167774561508228,-5.87125978591354
1029,205.93729152768512,0.5,0.2,0.5,0.5833333333333333,0.4082172501258409,0.4082172501258409,0.09178274987415919,0.09178274987415919,-5.87125978591354
1030,206.13742494996663,0.5,0.2,0.5,0.5833333333333333,0.4081128263528533,0.4081128263528533,0.09188717364714684,0.09188717364714684,-5.87125978591354
1031,206.33755837224817,0.5,0.2,0.5,0.5833333333333333,0.4080089814366901,0.4080089814366901,0.09199101856331002,0.09199101856331002,-5.87125978591354
1032,206.53769179452968,0.5,0.2,0.5,0.5833333333333333,0.4079057137314386,0.4079057137314386,0.09209428626856153,0.09209428626856153,-5.87125978591354
1033,206.7378252168112,0.5,0.2,0.5,0.5833333333333333,0.4078030215749442,0.4078030215749442,0.09219697842505595,0.09219697842505595,-5.87125978591354
1034,206.93795863909273,0.5,0.2,0.5,0.5833333333333333,0.4077009032892181,0.4077009032892181,0.09229909671078206,0.09229909671078206,-5.87125978591354
1035,207.13809206137424,0.5,0.2,0.5,0.5833333333333333,0.4075993571808459,0.4075993571808459,0.09240064281915428,0.09240064281915428,-5.87125978591354
1036,207.33822548365578,0.5,0.2,0.5,0.5833333333333333,0.407498381541397,0.407498381541397,0.09250161845860311,0.09250161845860311,-5.87125978591354
1037,207.5383589059373,0.5,0.2,0.5,0.5833333333333333,0.4073979746478358,0.4073979746478358,0.09260202535216436,0.09260202535216436,-5.87125978591354
1038,207.7384923282188,0.5,0.2,0.5,0.5833333333333333,0.40729813476293275,0.40729813476293275,0.09270186523706742,0.09270186523706742,-5.87125978591354
1039,207.93862575050034,0.5,0.2,0.5,0.5833333333333333,0.4071988601356778,0.4071988601356778,0.09280113986432234,0.09280113986432234,-5.87125978591354
1040,208.13875917278185,0.5,0.2,0.5,0.5833333333333333,0.4071001490016942,0.4071001490016942,0.0928998509983059,0.0928998509983059,-5.87125978591354
1041,208.33889259506336,0.5,0.2,0.5,0.5833333333333333,0.40700199958365346,0.40700199958365346,0.09299800041634666,0.09299800041634666,-5.87125978591354
1042,208.5390260173449,0.5,0.2,0.5,0.5833333333333333,0.40690441009169137,0.40690441009169137,0.09309558990830874,0.09309558990830874,-5.87125978591354
1043,208.7391594396264,0.5,0.2,0.5,0.5833333333333333,0.4068073787238254,0.4068073787238254,0.09319262127617474,0.09319262127617474,-5.87125978591354
1044,208.93929286190794,0.5,0.2,0.5,0.5833333333333333,0.4067109036663727,0.4067109036663727,0.09328909633362742,0.09328909633362742,-5.87125978591354
1045,209.13942628418945,0.5,0.2,0.5,0.5833333333333333,0.4066149830943697,0.4066149830943697,0.09338501690563043,0.09338501690563043,-5.87125978591354
1046,209.33955970647096,0.5,0.2,0.5,0.5833333333333333,0.4065196151719923,0.4065196151719923,0.09348038482800783,0.09348038482800783,-5.87125978591354
1047,209.5396931287525,0.5,0.2,0.5,0.5833333333333333,0.4064247979885669,0.4064247979885669,0.09357520201143324,0.09357520201143324,-5.87125978591354
1048,209.739826551034,0.5,0.2,0.5,0.5833333333333333,0.40633052960298455,0.40633052960298455,0.09366947039701558,0.09366947039701558,-5.87125978591354
1049,209.93995997331552,0.5,0.2,0.5,0.5833333333333333,0.4062368081244688,0.4062368081244688,0.0937631918755314,0.0937631918755314,-5.87125978591354
1050,210.14009339559706,0.5,0.2,0.5,0.5833333333333333,0.4061436316510003,0.4061436316510003,0.09385636834899982,0.09385636834899982,-5.87125978591354
1051,210.34022681787857,0.5,0.2,0.5,0.5833333333333333,0.40605099826962376,0.40605099826962376,0.09394900173037637,0.09394900173037637,-5.87125978591354
1052,210.5403602401601,0.5,0.2,0.5,0.5833333333333333,0.40595890605677665,0.40595890605677665,0.09404109394322352,0.09404109394322352,-5.87125978591354
1053,210.74049366244162,0.5,0.2,0.5,0.5833333333333333,0.40586735307861804,0.40586735307861804,0.09413264692138212,0.09413264692138212,-5.87125978591354
1054,210.94062708472313,0.5,0.2,0.5,0.5833333333333333,0.4057763373913564,0.4057763373913564,0.09422366260864375,0.09422366260864375,-5.87125978591354
1055,211.14076050700467,0.5,0.2,0.5,0.5833333333333333,0.40568585704157645,0.40568585704157645,0.09431414295842366,0.09431414295842366,-5.87125978591354
1056,211.34089392928618,0.5,0.2,0.5,0.5833333333333333,0.4055959100665654,0.4055959100665654,0.09440408993343473,0.09440408993343473,-5.87125978591354
1057,211.5410273515677,0.5,0.2,0.5,0.5833333333333333,0.40550649449463805,0.40550649449463805,0.0944935055053621,0.0944935055053621,-5.87125978591354
1058,211.74116077384923,0.5,0.2,0.5,0.5833333333333333,0.4054176083454614,0.4054176083454614,0.09458239165453872,0.09458239165453872,-5.87125978591354
1059,211.94129419613074,0.5,0.2,0.5,0.5833333333333333,0.40532924963037853,0.40532924963037853,0.0946707503696216,0.0946707503696216,-5.87125978591354
1060,212.14142761841228,0.5,0.2,0.5,0.5833333333333333,0.4052414163527312,0.4052414163527312,0.09475858364726895,0.09475858364726895,-5.87125978591354
1061,212.3415610406938,0.5,0.2,0.5,0.5833333333333333,0.405154106508182,0.405154106508182,0.09484589349181814,0.09484589349181814,-5.87125978591354
1062,212.5416944629753,0.5,0.2,0.5,0.5833333333333333,0.4050673180850357,0.4050673180850357,0.09493268191496441,0.09493268191496441,-5.87125978591354
1063,212.74182788525684,0.5,0.2,0.5,0.5833333333333333,0.4049810490645597,0.4049810490645597,0.09501895093544045,0.09501895093544045,-5.87125978591354
1064,212.94196130753835,0.5,0.2,0.5,0.5833333333333333,0.4048952974213034,0.4048952974213034,0.09510470257869669,0.09510470257869669,-5.87125978591354
1065,213.14209472981986,0.5,0.2,0.5,0.5833333333333333,0.40481006112341755,0.40481006112341755,0.0951899388765826,0.0951899388765826,-5.87125978591354
1066,213.3422281521014,0.5,0.2,0.5,0.5833333333333333,0.40472533813297157,0.40472533813297157,0.09527466186702857,0.09527466186702857,-5.87125978591354
1067,213.5423615743829,0.5,0.2,0.5,0.5833333333333333,0.40464112640627137,0.40464112640627137,0.09535887359372876,0.09535887359372876,-5.87125978591354
1068,213.74249499666445,0.5,0.2,0.5,0.5833333333333333,0.4045574238941755,0.4045574238941755,0.09544257610582468,0.09544257610582468,-5.87125978591354
1069,213.94262841894596,0.5,0.2,0.5,0.5833333333333333,0.4044742285424105,0.4044742285424105,0.09552577145758966,0.09552577145758966,-5.87125978591354
1070,214.14276184122747,0.5,0.2,0.5,0.5833333333333333,0.4043915382918861,0.4043915382918861,0.095608461708114,0.095608461708114,-5.87125978591354
1071,214.342895263509,0.5,0.2,0.5,0.5833333333333333,0.40430935104370846,0.40430935104370846,0.09569064895629166,0.09569064895629166,-5.87125978591354
1072,214.54302868579052,0.5,0.2,0.5,0.5833333333333333,0.40422766467336824,0.40422766467336824,0.09577233532663192,0.09577233532663192,-5.87125978591354
1073,214.74316210807203,0.5,0.2,0.5,0.5833333333333333,0.4041464770935017,0.4041464770935017,0.09585352290649843,0.09585352290649843,-5.87125978591354
1074,214.94329553035357,0.5,0.2,0.5,0.5833333333333333,0.40406578621212225,0.40406578621212225,0.09593421378787786,0.09593421378787786,-5.87125978591354
1075,215.14342895263508,0.5,0.2,0.5,0.5833333333333333,0.40398558993262196,0.40398558993262196,0.09601441006737817,0.09601441006737817,-5.87125978591354
1076,215.34356237491662,0.5,0.2,0.5,0.5833333333333333,0.4039058861540206,0.4039058861540206,0.0960941138459795,0.0960941138459795,-5.87125978591354
1077,215.54369579719813,0.5,0.2,0.5,0.5833333333333333,0.40382667277121304,0.40382667277121304,0.0961733272287871,0.0961733272287871,-5.87125978591354
1078,215.74382921947964,0.5,0.2,0.5,0.5833333333333333,0.40374794767521394,0.40374794767521394,0.09625205232478619,0.09625205232478619,-5.87125978591354
1079,215.94396264176117,0.5,0.2,0.5,0.5833333333333333,0.4036697087534013,0.4036697087534013,0.09633029124659881,0.09633029124659881,-5.87125978591354
1080,216.14409606404269,0.5,0.2,0.5,0.5833333333333333,0.40359195388975744,0.40359195388975744,0.09640804611024269,0.09640804611024269,-5.87125978591354
1081,216.3442294863242,0.5,0.2,0.5,0.5833333333333333,0.403514680965108,0.403514680965108,0.0964853190348921,0.0964853190348921,-5.87125978591354
1082,216.54436290860573,0.5,0.2,0.5,0.5833333333333333,0.4034378878573594,0.4034378878573594,0.09656211214264074,0.09656211214264074,-5.87125978591354
1083,216.74449633088724,0.5,0.2,0.5,0.5833333333333333,0.4033615724417337,0.4033615724417337,0.09663842755826643,0.09663842755826643,-5.87125978591354
1084,216.94462975316878,0.5,0.2,0.5,0.5833333333333333,0.403285732591002,0.403285732591002,0.09671426740899812,0.09671426740899812,-5.87125978591354
1085,217.1447631754503,0.5,0.2,0.5,0.5833333333333333,0.40321036617571554,0.40321036617571554,0.09678963382428458,0.09678963382428458,-5.87125978591354
1086,217.3448965977318,0.5,0.2,0.5,0.5833333333333333,0.4031354710644349,0.4031354710644349,0.09686452893556523,0.09686452893556523,-5.87125978591354
1087,217.54503002001334,0.5,0.2,0.5,0.5833333333333333,0.4030610451239572,0.4030610451239572,0.09693895487604295,0.09693895487604295,-5.87125978591354
1088,217.74516344229485,0.5,0.2,0.5,0.5833333333333333,0.40298708621954127,0.40298708621954127,0.09701291378045888,0.09701291378045888,-5.87125978591354
1089,217.94529686457636,0.5,0.2,0.5,0.5833333333333333,0.40291359221513096,0.40291359221513096,0.09708640778486914,0.09708640778486914,-5.87125978591354
1090,218.1454302868579,0.5,0.2,0.5,0.5833333333333333,0.40284056097357646,0.40284056097357646,0.09715943902642368,0.09715943902642368,-5.87125978591354
1091,218.3455637091394,0.5,0.2,0.5,0.5833333333333333,0.4027679903568532,0.4027679903568532,0.09723200964314696,0.09723200964314696,-5.87125978591354
1092,218.54569713142095,0.5,0.2,0.5,0.5833333333333333,0.40269587822627934,0.40269587822627934,0.09730412177372078,0.09730412177372078,-5.87125978591354
1093,218.74583055370246,0.5,0.2,0.5,0.5833333333333333,0.4026242224427312,0.4026242224427312,0.09737577755726891,0.09737577755726891,-5.87125978591354
1094,218.94596397598397,0.5,0.2,0.5,0.5833333333333333,0.4025530208668562,0.4025530208668562,0.09744697913314396,0.09744697913314396,-5.87125978591354
1095,219.1460973982655,0.5,0.2,0.5,0.5833333333333333,0.40248227134559766,0.40248227134559766,0.09751772865440242,0.09751772865440242,-5.87125978591354
1096,219.34623082054702,0.5,0.2,0.5,0.5833333333333333,0.4024119717131038,0.4024119717131038,0.09758802828689633,0.09758802828689633,-5.87125978591354
1097,219.54636424282853,0.5,0.2,0.5,0.5833333333333333,0.40234211982340556,0.40234211982340556,0.09765788017659452,0.09765788017659452,-5.87125978591354
1098,219.74649766511007,0.5,0.2,0.5,0.5833333333333333,0.40227271353089966,0.40227271353089966,0.09772728646910044,0.09772728646910044,-5.87125978591354
1099,219.94663108739158,0.5,0.2,0.5,0.5833333333333333,0.4022037506901836,0.4022037506901836,0.09779624930981654,0.09779624930981654,-5.87125978591354
1100,220.14676450967312,0.5,0.2,0.5,0.5833333333333333,0.40213522915623,0.40213522915623,0.09786477084377007,0.09786477084377007,-5.87125978591354
1101,220.34689793195463,0.5,0.2,0.5,0.5833333333333333,0.4020671467845588,0.4020671467845588,0.0979328532154413,0.0979328532154413,-5.87125978591354
1102,220.54703135423614,0.5,0.2,0.5,0.5833333333333333,0.4019995014314059,0.4019995014314059,0.09800049856859423,0.09800049856859423,-5.87125978591354
1103,220.74716477651768,0.5,0.2,0.5,0.5833333333333333,0.40193229095389016,0.40193229095389016,0.09806770904610994,0.09806770904610994,-5.87125978591354
1104,220.9472981987992,0.5,0.2,0.5,0.5833333333333333,0.4018655132101778,0.4018655132101778,0.09813448678982227,0.09813448678982227,-5.87125978591354
1105,221.1474316210807,0.5,0.2,0.5,0.5833333333333333,0.4017991660596439,0.4017991660596439,0.09820083394035624,0.09820083394035624,-5.87125978591354
1106,221.34756504336224,0.5,0.2,0.5,0.5833333333333333,0.40173324736303134,0.40173324736303134,0.0982667526369688,0.0982667526369688,-5.87125978591354
1107,221.54769846564375,0.5,0.2,0.5,0.5833333333333333,0.4016677549826079,0.4016677549826079,0.09833224501739217,0.09833224501739217,-5.87125978591354
1108,221.7478318879253,0.5,0.2,0.5,0.5833333333333333,0.40160268678232036,0.40160268678232036,0.09839731321767974,0.09839731321767974,-5.87125978591354
1109,221.9479653102068,0.5,0.2,0.5,0.5833333333333333,0.40153804062794574,0.40153804062794574,0.09846195937205435,0.09846195937205435,-5.87125978591354
1110,222.1480987324883,0.5,0.2,0.5,0.5833333333333333,0.40147381438724083,0.40147381438724083,0.0985261856127593,0.0985261856127593,-5.87125978591354
1111,222.34823215476985,0.5,0.2,0.5,0.5833333333333333,0.40141000593008846,0.40141000593008846,0.09858999406991165,0.09858999406991165,-5.87125978591354
1112,222.54836557705136,0.5,0.2,0.5,0.5833333333333333,0.40134661312864195,0.40134661312864195,0.09865338687135813,0.09865338687135813,-5.87125978591354
1113,222.74849899933287,0.5,0.2,0.5,0.5833333333333333,0.4012836338574664,0.4012836338574664,0.0987163661425337,0.0987163661425337,-5.87125978591354
1114,222.9486324216144,0.5,0.2,0.5,0.5833333333333333,0.40122106599367774,0.40122106599367774,0.09877893400632237,0.09877893400632237,-5.87125978591354
1115,223.14876584389592,0.5,0.2,0.5,0.5833333333333333,0.40115890741707944,0.40115890741707944,0.09884109258292068,0.09884109258292068,-5.87125978591354
1116,223.34889926617745,0.5,0.2,0.5,0.5833333333333333,0.40109715601029633,0.40109715601029633,0.09890284398970378,0.09890284398970378,-5.87125978591354
1117,223.54903268845896,0.5,0.2,0.5,0.5833333333333333,0.4010358096589063,0.4010358096589063,0.09896419034109383,0.09896419034109383,-5.87125978591354
1118,223.74916611074048,0.5,0.2,0.5,0.5833333333333333,0.4009748662515691,0.4009748662515691,0.09902513374843103,0.09902513374843103,-5.87125978591354
1119,223.949299533022,0.5,0.2,0.5,0.5833333333333333,0.4009143236785085,0.4009143236785085,0.09908567632149164,0.09908567632149164,-5.87125978591354
1120,224.14943295530352,0.5,0.2,0.5,0.5833333333333333,0.4008541798310484,0.4008541798310484,0.09914582016895172,0.09914582016895172,-5.87125978591354
1121,224.34956637758503,0.5,0.2,0.5,0.5833333333333333,0.40079443260679637,0.40079443260679637,0.09920556739320373,0.09920556739320373,-5.87125978591354
1122,224.54969979986657,0.5,0.2,0.5,0.5833333333333333,0.40073507990694907,0.40073507990694907,0.09926492009305103,0.09926492009305103,-5.87125978591354
1123,224.74983322214808,0.5,0.2,0.5,0.5833333333333333,0.4006761196363079,0.4006761196363079,0.09932388036369222,0.09932388036369222,-5.87125978591354
1124,224.94996664442962,0.5,0.2,0.5,0.5833333333333333,0.4006175497033891,0.4006175497033891,0.09938245029661101,0.09938245029661101,-5.87125978591354
1125,225.15010006671113,0.5,0.2,0.5,0.5833333333333333,0.40055936802053144,0.40055936802053144,0.09944063197946869,0.09944063197946869,-5.87125978591354
1126,225.35023348899264,0.5,0.2,0.5,0.5833333333333333,0.4005015725040009,0.4005015725040009,0.09949842749599916,0.09949842749599916,-5.87125978591354
1127,225.55036691127418,0.5,0.2,0.5,0.5833333333333333,0.4004441610740935,0.4004441610740935,0.09955583892590662,0.09955583892590662,-5.87125978591354
1128,225.7505003335557,0.5,0.2,0.5,0.5833333333333333,0.4003871316552344,0.4003871316552344,0.09961286834476575,0.09961286834476575,-5.87125978591354
1129,225.9506337558372,0.5,0.2,0.5,0.5833333333333333,0.40033048217607553,0.40033048217607553,0.0996695178239246,0.0996695178239246,-5.87125978591354
1130,226.15076717811874,0.5,0.2,0.5,0.5833333333333333,0.40027421056959017,0.40027421056959017,0.09972578943040994,0.09972578943040994,-5.87125978591354
1131,226.35090060040025,0.5,0.2,0.5,0.5833333333333333,0.4002183147731648,0.4002183147731648,0.09978168522683534,0.09978168522683534,-5.87125978591354
1132,226.5510340226818,0.5,0.2,0.5,0.5833333333333333,0.40016279272868843,0.40016279272868843,0.09983720727131168,0.09983720727131168,-5.87125978591354
1133,226.7511674449633,0.5,0.2,0.5,0.5833333333333333,0.40010764238263974,0.40010764238263974,0.09989235761736039,0.09989235761736039,-5.87125978591354
1134,226.9513008672448,0.5,0.2,0.5,0.5833333333333333,0.40005286168617094,0.40005286168617094,0.0999471383138292,0.0999471383138292,-5.87125978591354
1135,227.15143428952635,0.5,0.2,0.5,0.5833333333333333,0.39999844859518957,0.39999844859518957,0.10000155140481054,0.10000155140481054,-5.87125978591354
1136,227.35156771180786,0.5,0.2,0.5,0.5833333333333333,0.39994440107043766,0.39994440107043766,0.10005559892956244,0.10005559892956244,-5.87125978591354
1137,227.55170113408937,0.5,0.2,0.5,0.5833333333333333,0.399890717077568,0.399890717077568,0.10010928292243207,0.10010928292243207,-5.87125978591354
1138,227.7518345563709,0.5,0.2,0.5,0.5833333333333333,0.3998373945872182,0.3998373945872182,0.10016260541278196,0.10016260541278196,-5.87125978591354
1139,227.95196797865242,0.5,0.2,0.5,0.5833333333333333,0.39978443157508153,0.39978443157508153,0.10021556842491858,0.10021556842491858,-5.87125978591354
1140,228.15210140093396,0.5,0.2,0.5,0.5833333333333333,0.3997318260219763,0.3997318260219763,0.10026817397802379,0.10026817397802379,-5.87125978591354
1141,228.35223482321547,0.5,0.2,0.5,0.5833333333333333,0.3996795759139115,0.3996795759139115,0.10032042408608861,0.10032042408608861,-5.87125978591354
1142,228.55236824549698,0.5,0.2,0.5,0.5833333333333333,0.39962767924215026,0.39962767924215026,0.10037232075784984,0.10037232075784984,-5.87125978591354
1143,228.75250166777852,0.5,0.2,0.5,0.5833333333333333,0.3995761340126832,0.3995761340126832,0.1004238659873169,0.1004238659873169,-5.87125978591354
1144,228.95263509006003,0.5,0.2,0.5,0.5833333333333333,0.3995249382532551,0.3995249382532551,0.10047506174674503,0.10047506174674503,-5.87125978591354
1145,229.15276851234154,0.5,0.2,0.5,0.5833333333333333,0.3994740899764305,0.3994740899764305,0.10052591002356959,0.10052591002356959,-5.87125978591354
1146,229.35290193462308,0.5,0.2,0.5,0.5833333333333333,0.3994235871993643,0.3994235871993643,0.10057641280063577,0.10057641280063577,-5.87125978591354
1147,229.5530353569046,0.5,0.2,0.5,0.5833333333333333,0.3993734279449794,0.3993734279449794,0.10062657205502071,0.10062657205502071,-5.87125978591354
1148,229.75316877918613,0.5,0.2,0.5,0.5833333333333333,0.3993236102420216,0.3993236102420216,0.10067638975797846,0.10067638975797846,-5.87125978591354
1149,229.95330220146764,0.5,0.2,0.5,0.5833333333333333,0.3992741321251126,0.3992741321251126,0.10072586787488749,0.10072586787488749,-5.87125978591354
1150,230.15343562374915,0.5,0.2,0.5,0.5833333333333333,0.3992249916347994,0.3992249916347994,0.1007750083652007,0.1007750083652007,-5.87125978591354
1151,230.35356904603069,0.5,0.2,0.5,0.5833333333333333,0.39917618681760214,0.39917618681760214,0.10082381318239797,0.10082381318239797,-5.87125978591354
1152,230.5537024683122,0.5,0.2,0.5,0.5833333333333333,0.39912771572605904,0.39912771572605904,0.10087228427394103,0.10087228427394103,-5.87125978591354
1153,230.75383589059373,0.5,0.2,0.5,0.5833333333333333,0.39907957641876896,0.39907957641876896,0.10092042358123114,0.10092042358123114,-5.87125978591354
1154,230.95396931287524,0.5,0.2,0.5,0.5833333333333333,0.3990317669604312,0.3990317669604312,0.10096823303956892,0.10096823303956892,-5.87125978591354
1155,231.15410273515675,0.5,0.2,0.5,0.5833333333333333,0.39898428542188313,0.39898428542188313,0.10101571457811694,0.10101571457811694,-5.87125978591354
1156,231.3542361574383,0.5,0.2,0.5,0.5833333333333333,0.39893712988013535,0.39893712988013535,0.10106287011986471,0.10106287011986471,-5.87125978591354
1157,231.5543695797198,0.5,0.2,0.5,0.5833333333333333,0.39889029841840395,0.39889029841840395,0.10110970158159613,0.10110970158159613,-5.87125978591354
1158,231.75450300200131,0.5,0.2,0.5,0.5833333333333333,0.3988437891261406,0.3988437891261406,0.1011562108738595,0.1011562108738595,-5.87125978591354
1159,231.95463642428285,0.5,0.2,0.5,0.5833333333333333,0.39879760009906007,0.39879760009906007,0.10120239990094002,0.10120239990094002,-5.87125978591354
1160,232.15476984656436,0.5,0.2,0.5,0.5833333333333333,0.3987517294391653,0.3987517294391653,0.10124827056083475,0.10124827056083475,-5.87125978591354
1161,232.3549032688459,0.5,0.2,0.5,0.5833333333333333,0.3987061752547699,0.3987061752547699,0.10129382474523015,0.10129382474523015,-5.87125978591354
1162,232.5550366911274,0.5,0.2,0.5,0.5833333333333333,0.39866093566051813,0.39866093566051813,0.10133906433948195,0.10133906433948195,-5.87125978591354
1163,232.75517011340892,0.5,0.2,0.5,0.5833333333333333,0.39861600877740233,0.39861600877740233,0.10138399122259775,0.10138399122259775,-5.87125978591354
1164,232.95530353569046,0.5,0.2,0.5,0.5833333333333333,0.39857139273277814,0.39857139273277814,0.10142860726722196,0.10142860726722196,-5.87125978591354
1165,233.15543695797197,0.5,0.2,0.5,0.5833333333333333,0.39852708566037687,0.39852708566037687,0.10147291433962322,0.10147291433962322,-5.87125978591354
1166,233.35557038025348,0.5,0.2,0.5,0.5833333333333333,0.39848308570031565,0.39848308570031565,0.10151691429968444,0.10151691429968444,-5.87125978591354
1167,233.55570380253502,0.5,0.2,0.5,0.5833333333333333,0.3984393909991048,0.3984393909991048,0.10156060900089528,0.10156060900089528,-5.87125978591354
1168,233.75583722481653,0.5,0.2,0.5,0.5833333333333333,0.39839599970965306,0.39839599970965306,0.10160400029034705,0.10160400029034705,-5.87125978591354
1169,233.95597064709807,0.5,0.2,0.5,0.5833333333333333,0.3983529099912698,0.3983529099912698,0.10164709000873025,0.10164709000873025,-5.87125978591354
1170,234.15610406937958,0.5,0.2,0.5,0.5833333333333333,0.3983101200096656,0.3983101200096656,0.10168987999033449,0.10168987999033449,-5.87125978591354
1171,234.3562374916611,0.5,0.2,0.5,0.5833333333333333,0.39826762793694914,0.39826762793694914,0.10173237206305098,0.10173237206305098,-5.87125978591354
1172,234.55637091394263,0.5,0.2,0.5,0.5833333333333333,0.3982254319516226,0.3982254319516226,0.1017745680483775,0.1017745680483775,-5.87125978591354
1173,234.75650433622414,0.5,0.2,0.5,0.5833333333333333,0.3981835302385743,0.3981835302385743,0.10181646976142583,0.10181646976142583,-5.87125978591354
1174,234.95663775850565,0.5,0.2,0.5,0.5833333333333333,0.39814192098906837,0.39814192098906837,0.10185807901093172,0.10185807901093172,-5.87125978591354
1175,235.1567711807872,0.5,0.2,0.5,0.5833333333333333,0.3981006024007327,0.3981006024007327,0.1018993975992674,0.1018993975992674,-5.87125978591354
1176,235.3569046030687,0.5,0.2,0.5,0.5833333333333333,0.39805957267754366,0.39805957267754366,0.10194042732245642,0.10194042732245642,-5.87125978591354
1177,235.55703802535024,0.5,0.2,0.5,0.5833333333333333,0.39801883002980887,0.39801883002980887,0.10198116997019124,0.10198116997019124,-5.87125978591354
1178,235.75717144763175,0.5,0.2,0.5,0.5833333333333333,0.39797837267414704,0.39797837267414704,0.10202162732585308,0.10202162732585308,-5.87125978591354
1179,235.95730486991326,0.5,0.2,0.5,0.5833333333333333,0.3979381988334657,0.3979381988334657,0.1020618011665344,0.1020618011665344,-5.87125978591354
1180,236.1574382921948,0.5,0.2,0.5,0.5833333333333333,0.3978983068151979,0.3978983068151979,0.10210169318480221,0.10210169318480221,-5.87125978591354
1181,236.3575717144763,0.5,0.2,0.5,0.5833333333333333,0.397858694958941,0.397858694958941,0.1021413050410591,0.1021413050410591,-5.87125978591354
1182,236.55770513675782,0.5,0.2,0.5,0.5833333333333333,0.3978193615266335,0.3978193615266335,0.1021806384733666,0.1021806384733666,-5.87125978591354
1183,236.75783855903936,0.5,0.2,0.5,0.5833333333333333,0.39778030478737736,0.39778030478737736,0.10221969521262275,0.10221969521262275,-5.87125978591354
1184,236.95797198132087,0.5,0.2,0.5,0.5833333333333333,0.39774152301757515,0.39774152301757515,0.10225847698242499,0.10225847698242499,-5.87125978591354
1185,237.1581054036024,0.5,0.2,0.5,0.5833333333333333,0.39770301450092693,0.39770301450092693,0.10229698549907316,0.10229698549907316,-5.87125978591354
1186,237.35823882588392,0.5,0.2,0.5,0.5833333333333333,0.3976647775284257,0.3976647775284257,0.1023352224715744,0.1023352224715744,-5.87125978591354
1187,237.55837224816543,0.5,0.2,0.5,0.5833333333333333,0.39762681039834996,0.39762681039834996,0.10237318960165012,0.10237318960165012,-5.87125978591354
1188,237.75850567044697,0.5,0.2,0.5,0.5833333333333333,0.397589111416255,0.397589111416255,0.10241088858374511,0.10241088858374511,-5.87125978591354
1189,237.95863909272848,0.5,0.2,0.5,0.5833333333333333,0.39755167889496157,0.39755167889496157,0.10244832110503854,0.10244832110503854,-5.87125978591354
1190,238.15877251500999,0.5,0.2,0.5,0.5833333333333333,0.39751451115454295,0.39751451115454295,0.10248548884545718,0.10248548884545718,-5.87125978591354
1191,238.35890593729152,0.5,0.2,0.5,0.5833333333333333,0.3974776065223095,0.3974776065223095,0.10252239347769057,0.10252239347769057,-5.87125978591354
1192,238.55903935957303,0.5,0.2,0.5,0.5833333333333333,0.3974409633327919,0.3974409633327919,0.10255903666720823,0.10255903666720823,-5.87125978591354
1193,238.75917278185457,0.5,0.2,0.5,0.5833333333333333,0.3974045799277211,0.3974045799277211,0.102595420072279,0.102595420072279,-5.87125978591354
1194,238.95930620413608,0.5,0.2,0.5,0.5833333333333333,0.3973684546560078,0.3973684546560078,0.10263154534399233,0.10263154534399233,-5.87125978591354
1195,239.1594396264176,0.5,0.2,0.5,0.5833333333333333,0.3973325858737184,0.3973325858737184,0.10266741412628169,0.10266741412628169,-5.87125978591354
1196,239.35957304869913,0.5,0.2,0.5,0.5833333333333333,0.39729697194405006,0.39729697194405006,0.10270302805595007,0.10270302805595007,-5.87125978591354
1197,239.55970647098064,0.5,0.2,0.5,0.5833333333333333,0.3972616112373028,0.3972616112373028,0.10273838876269732,0.10273838876269732,-5.87125978591354
1198,239.75983989326215,0.5,0.2,0.5,0.5833333333333333,0.39722650213085026,0.39722650213085026,0.10277349786914988,0.10277349786914988,-5.87125978591354
1199,239.9599733155437,0.5,0.2,0.5,0.5833333333333333,0.3971916430091079,0.3971916430091079,0.10280835699089219,0.10280835699089219,-5.87125978591354
1200,240.1601067378252,0.5,0.2,0.5,0.5833333333333333,0.3971570322634997,0.3971570322634997,0.10284296773650044,0.10284296773650044,-5.87125978591354
1201,240.36024016010674,0.5,0.2,0.5,0.5833333333333333,0.3971226682924219,0.3971226682924219,0.10287733170757822,0.10287733170757822,-5.87125978591354
1202,240.56037358238825,0.5,0.2,0.5,0.5833333333333333,0.39708854950120587,0.39708854950120587,0.10291145049879427,0.10291145049879427,-5.87125978591354
1203,240.76050700466976,0.5,0.2,0.5,0.5833333333333333,0.39705467430207786,0.39705467430207786,0.10294532569792224,0.10294532569792224,-5.87125978591354
1204,240.9606404269513,0.5,0.2,0.5,0.5833333333333333,0.39702104111411757,0.39702104111411757,0.10297895888588257,0.10297895888588257,-5.87125978591354
1205,241.1607738492328,0.5,0.2,0.5,0.5833333333333333,0.3969876483632138,0.3969876483632138,0.1030123516367863,0.1030123516367863,-5.87125978591354
1206,241.36090727151432,0.5,0.2,0.5,0.5833333333333333,0.39695449448201897,0.39695449448201897,0.10304550551798111,0.10304550551798111,-5.87125978591354
1207,241.56104069379586,0.5,0.2,0.5,0.5833333333333333,0.39692157790990085,0.39692157790990085,0.10307842209009924,0.10307842209009924,-5.87125978591354
1208,241.76117411607737,0.5,0.2,0.5,0.5833333333333333,0.39688889709289266,0.39688889709289266,0.10311110290710748,0.10311110290710748,-5.87125978591354
1209,241.9613075383589,0.5,0.2,0.5,0.5833333333333333,0.3968564504836407,0.3968564504836407,0.10314354951635937,0.10314354951635937,-5.87125978591354
1210,242.16144096064042,0.5,0.2,0.5,0.5833333333333333,0.39682423654135085,0.39682423654135085,0.10317576345864926,0.10317576345864926,-5.87125978591354
1211,242.36157438292193,0.5,0.2,0.5,0.5833333333333333,0.39679225373173166,0.39679225373173166,0.10320774626826847,0.10320774626826847,-5.87125978591354
1212,242.56170780520347,0.5,0.2,0.5,0.5833333333333333,0.3967605005269365,0.3967605005269365,0.10323949947306359,0.10323949947306359,-5.87125978591354
1213,242.76184122748498,0.5,0.2,0.5,0.5833333333333333,0.3967289754055034,0.3967289754055034,0.10327102459449672,0.10327102459449672,-5.87125978591354
1214,242.9619746497665,0.5,0.2,0.5,0.5833333333333333,0.3966976768522923,0.3966976768522923,0.10330232314770782,0.10330232314770782,-5.87125978591354
1215,243.16210807204803,0.5,0.2,0.5,0.5833333333333333,0.396666603358421,0.396666603358421,0.10333339664157909,0.10333339664157909,-5.87125978591354
1216,243.36224149432954,0.5,0.2,0.5,0.5833333333333333,0.3966357534239511,0.3966357534239511,0.10336424657604902,0.10336424657604902,-5.87125978591354
1217,243.56237491661108,0.5,0.2,0.5,0.5833333333333333,0.39660512567025447,0.39660512567025447,0.10339487432974562,0.10339487432974562,-5.87125978591354
1218,243.7625083388926,0.5,0.2,0.5,0.5833333333333333,0.39657471868830807,0.39657471868830807,0.10342528131169201,0.10342528131169201,-5.87125978591354
1219,243.9626417611741,0.5,0.2,0.5,0.5833333333333333,0.39654453102100345,0.39654453102100345,0.10345546897899664,0.10345546897899664,-5.87125978591354
1220,244.16277518345564,0.5,0.2,0.5,0.5833333333333333,0.39651456121903134,0.39651456121903134,0.10348543878096877,0.10348543878096877,-5.87125978591354
1221,244.36290860573715,0.5,0.2,0.5,0.5833333333333333,0.39648480784087586,0.39648480784087586,0.10351519215912423,0.10351519215912423,-5.87125978591354
1222,244.56304202801866,0.5,0.2,0.5,0.5833333333333333,0.39645526945280785,0.39645526945280785,0.10354473054719222,0.10354473054719222,-5.87125978591354
1223,244.7631754503002,0.5,0.2,0.5,0.5833333333333333,0.3964259446288773,0.3964259446288773,0.10357405537112277,0.10357405537112277,-5.87125978591354
1224,244.9633088725817,0.5,0.2,0.5,0.5833333333333333,0.39639683195090486,0.39639683195090486,0.10360316804909524,0.10360316804909524,-5.87125978591354
1225,245.16344229486324,0.5,0.2,0.5,0.5833333333333333,0.39636793000847237,0.39636793000847237,0.10363206999152774,0.10363206999152774,-5.87125978591354
1226,245.36357571714476,0.5,0.2,0.5,0.5833333333333333,0.39633923739891275,0.39633923739891275,0.10366076260108735,0.10366076260108735,-5.87125978591354
1227,245.56370913942627,0.5,0.2,0.5,0.5833333333333333,0.3963107527272988,0.3963107527272988,0.1036892472727013,0.1036892472727013,-5.87125978591354
1228,245.7638425617078,0.5,0.2,0.5,0.5833333333333333,0.3962824746064311,0.3962824746064311,0.103717525393569,0.103717525393569,-5.87125978591354
1229,245.96397598398931,0.5,0.2,0.5,0.5833333333333333,0.3962544016568251,0.3962544016568251,0.10374559834317502,0.10374559834317502,-5.87125978591354
1230,246.16410940627082,0.5,0.2,0.5,0.5833333333333333,0.39622653250669715,0.39622653250669715,0.10377346749330293,0.10377346749330293,-5.87125978591354
1231,246.36424282855236,0.5,0.2,0.5,0.5833333333333333,0.39619886579195,0.39619886579195,0.10380113420805005,0.10380113420805005,-5.87125978591354
1232,246.56437625083387,0.5,0.2,0.5,0.5833333333333333,0.39617140015615704,0.39617140015615704,0.10382859984384309,0.10382859984384309,-5.87125978591354
1233,246.7645096731154,0.5,0.2,0.5,0.5833333333333333,0.39614413425054545,0.39614413425054545,0.10385586574945464,0.10385586574945464,-5.87125978591354
1234,246.96464309539692,0.5,0.2,0.5,0.5833333333333333,0.3961170667339794,0.3961170667339794,0.1038829332660207,0.1038829332660207,-5.87125978591354
1235,247.16477651767843,0.5,0.2,0.5,0.5833333333333333,0.3960901962729412,0.3960901962729412,0.10390980372705892,0.10390980372705892,-5.87125978591354
1236,247.36490993995997,0.5,0.2,0.5,0.5833333333333333,0.3960635215415122,0.3960635215415122,0.10393647845848789,0.10393647845848789,-5.87125978591354
1237,247.56504336224148,0.5,0.2,0.5,0.5833333333333333,0.39603704122135297,0.39603704122135297,0.10396295877864715,0.10396295877864715,-5.87125978591354
1238,247.765176784523,0.5,0.2,0.5,0.5833333333333333,0.39601075400168173,0.39601075400168173,0.10398924599831837,0.10398924599831837,-5.87125978591354
1239,247.96531020680453,0.5,0.2,0.5,0.5833333333333333,0.39598465857925297,0.39598465857925297,0.10401534142074713,0.10401534142074713,-5.87125978591354
1240,248.16544362908604,0.5,0.2,0.5,0.5833333333333333,0.39595875365833433,0.39595875365833433,0.10404124634166578,0.10404124634166578,-5.87125978591354
1241,248.36557705136758,0.5,0.2,0.5,0.5833333333333333,0.39593303795068296,0.39593303795068296,0.10406696204931715,0.10406696204931715,-5.87125978591354
1242,248.5657104736491,0.5,0.2,0.5,0.5833333333333333,0.395907510175521,0.395907510175521,0.1040924898244791,0.1040924898244791,-5.87125978591354
1243,248.7658438959306,0.5,0.2,0.5,0.5833333333333333,0.39588216905951,0.39588216905951,0.1041178309404901,0.1041178309404901,-5.87125978591354
1244,248.96597731821214,0.5,0.2,0.5,0.5833333333333333,0.3958570133367246,0.3958570133367246,0.10414298666327552,0.10414298666327552,-5.87125978591354
1245,249.16611074049365,0.5,0.2,0.5,0.5833333333333333,0.3958320417486251,0.3958320417486251,0.10416795825137502,0.10416795825137502,-5.87125978591354
1246,249.36624416277516,0.5,0.2,0.5,0.5833333333333333,0.39580725303426306,0.39580725303426306,0.10419274696573708,0.10419274696573708,-5.87125978591354
1247,249.5663775850567,0.5,0.2,0.5,0.5833333333333333,0.39578264592669754,0.39578264592669754,0.10421735407330257,0.10421735407330257,-5.87125978591354
1248,249.7665110073382,0.5,0.2,0.5,0.5833333333333333,0.39575821918407184,0.39575821918407184,0.1042417808159283,0.1042417808159283,-5.87125978591354
1249,249.96664442961975,0.5,0.2,0.5,0.5833333333333333,0.3957339715721142,0.3957339715721142,0.1042660284278859,0.1042660284278859,-5.87125978591354
1250,250.16677785190126,0.5,0.2,0.5,0.5833333333333333,0.3957099018634511,0.3957099018634511,0.10429009813654899,0.10429009813654899,-5.87125978591354
1251,250.36691127418277,0.5,0.2,0.5,0.5833333333333333,0.3956860088375618,0.3956860088375618,0.10431399116243832,0.10431399116243832,-5.87125978591354
1252,250.5670446964643,0.5,0.2,0.5,0.5833333333333333,0.3956622912807321,0.3956622912807321,0.10433770871926801,0.10433770871926801,-5.87125978591354
1253,250.76717811874582,0.5,0.2,0.5,0.5833333333333333,0.39563874798600723,0.39563874798600723,0.10436125201399288,0.10436125201399288,-5.87125978591354
1254,250.96731154102733,0.5,0.2,0.5,0.5833333333333333,0.39561537775314315,0.39561537775314315,0.10438462224685695,0.10438462224685695,-5.87125978591354
1255,251.16744496330887,0.5,0.2,0.5,0.5833333333333333,0.39559217938855723,0.39559217938855723,0.10440782061144288,0.10440782061144288,-5.87125978591354
1256,251.36757838559038,0.5,0.2,0.5,0.5833333333333333,0.3955691517052774,0.3955691517052774,0.10443084829472271,0.10443084829472271,-5.87125978591354
1257,251.56771180787192,0.5,0.2,0.5,0.5833333333333333,0.39554629352289056,0.39554629352289056,0.10445370647710953,0.10445370647710953,-5.87125978591354
1258,251.76784523015343,0.5,0.2,0.5,0.5833333333333333,0.3955236036674898,0.3955236036674898,0.10447639633251031,0.10447639633251031,-5.87125978591354
1259,251.96797865243494,0.5,0.2,0.5,0.5833333333333333,0.3955010809716203,0.3955010809716203,0.10449891902837984,0.10449891902837984,-5.87125978591354
1260,252.16811207471648,0.5,0.2,0.5,0.5833333333333333,0.39547872427422437,0.39547872427422437,0.10452127572577576,0.10452127572577576,-5.87125978591354
1261,252.368245496998,0.5,0.2,0.5,0.5833333333333333,0.3954565324205854,0.3954565324205854,0.10454346757941467,0.10454346757941467,-5.87125978591354
1262,252.5683789192795,0.5,0.2,0.5,0.5833333333333333,0.3954345042622708,0.3954345042622708,0.10456549573772936,0.10456549573772936,-5.87125978591354
1263,252.76851234156103,0.5,0.2,0.5,0.5833333333333333,0.39541263865707305,0.39541263865707305,0.10458736134292708,0.10458736134292708,-5.87125978591354
1264,252.96864576384255,0.5,0.2,0.5,0.5833333333333333,0.39539093446895107,0.39539093446895107,0.10460906553104904,0.10460906553104904,-5.87125978591354
1265,253.16877918612408,0.5,0.2,0.5,0.5833333333333333,0.3953693905679693,0.3953693905679693,0.10463060943203081,0.10463060943203081,-5.87125978591354
1266,253.3689126084056,0.5,0.2,0.5,0.5833333333333333,0.3953480058302361,0.3953480058302361,0.10465199416976402,0.10465199416976402,-5.87125978591354
1267,253.5690460306871,0.5,0.2,0.5,0.5833333333333333,0.3953267791378411,0.3953267791378411,0.10467322086215901,0.10467322086215901,-5.87125978591354
1268,253.76917945296864,0.5,0.2,0.5,0.5833333333333333,0.39530570937879145,0.39530570937879145,0.10469429062120865,0.10469429062120865,-5.87125978591354
1269,253.96931287525015,0.5,0.2,0.5,0.5833333333333333,0.3952847954469469,0.3952847954469469,0.10471520455305322,0.10471520455305322,-5.87125978591354
1270,254.16944629753166,0.5,0.2,0.5,0.5833333333333333,0.39526403624195366,0.39526403624195366,0.10473596375804642,0.10473596375804642,-5.87125978591354
1271,254.3695797198132,0.5,0.2,0.5,0.5833333333333333,0.3952434306691776,0.3952434306691776,0.10475656933082247,0.10475656933082247,-5.87125978591354
1272,254.5697131420947,0.5,0.2,0.5,0.5833333333333333,0.3952229776396358,0.3952229776396358,0.10477702236036429,0.10477702236036429,-5.87125978591354
1273,254.76984656437625,0.5,0.2,0.5,0.5833333333333333,0.3952026760699273,0.3952026760699273,0.10479732393007277,0.10479732393007277,-5.87125978591354
1274,254.96997998665776,0.5,0.2,0.5,0.5833333333333333,0.395182524882163,0.395182524882163,0.10481747511783715,0.10481747511783715,-5.87125978591354
1275,255.17011340893927,0.5,0.2,0.5,0.5833333333333333,0.3951625230138824,0.3951625230138824,0.1048374769861177,0.1048374769861177,-5.87125978591354
1276,255.3702468312208,0.5,0.2,0.5,0.5833333333333333,0.39514266949366805,0.39514266949366805,0.10485733050633207,0.10485733050633207,-5.87125978591354
1277,255.57038025350232,0.5,0.2,0.5,0.5833333333333333,0.3951229632981598,0.3951229632981598,0.10487703670184031,0.10487703670184031,-5.87125978591354
1278,255.77051367578383,0.5,0.2,0.5,0.5833333333333333,0.39510340339005784,0.39510340339005784,0.10489659660994227,0.10489659660994227,-5.87125978591354
1279,255.97064709806537,0.5,0.2,0.5,0.5833333333333333,0.39508398873852696,0.39508398873852696,0.10491601126147317,0.10491601126147317,-5.87125978591354
1280,256.1707805203469,0.5,0.2,0.5,0.5833333333333333,0.3950647183191689,0.3950647183191689,0.10493528168083119,0.10493528168083119,-5.87125978591354
1281,256.3709139426284,0.5,0.2,0.5,0.5833333333333333,0.3950455911139944,0.3950455911139944,0.10495440888600568,0.10495440888600568,-5.87125978591354
1282,256.57104736490993,0.5,0.2,0.5,0.5833333333333333,0.3950266061113947,0.3950266061113947,0.10497339388860542,0.10497339388860542,-5.87125978591354
1283,256.77118078719144,0.5,0.2,0.5,0.5833333333333333,0.3950077623061129,0.3950077623061129,0.1049922376938872,0.1049922376938872,-5.87125978591354
1284,256.97131420947295,0.5,0.2,0.5,0.5833333333333333,0.39498905869921525,0.39498905869921525,0.10501094130078484,0.10501094130078484,-5.87125978591354
1285,257.1714476317545,0.5,0.2,0.5,0.5833333333333333,0.3949704942980617,0.3949704942980617,0.10502950570193842,0.10502950570193842,-5.87125978591354
1286,257.371581054036,0.5,0.2,0.5,0.5833333333333333,0.39495206811627637,0.39495206811627637,0.10504793188372373,0.10504793188372373,-5.87125978591354
1287,257.57171447631754,0.5,0.2,0.5,0.5833333333333333,0.3949337791737179,0.3949337791737179,0.10506622082628221,0.10506622082628221,-5.87125978591354
1288,257.77184789859905,0.5,0.2,0.5,0.5833333333333333,0.3949156264964491,0.3949156264964491,0.10508437350355099,0.10508437350355099,-5.87125978591354
1289,257.97198132088056,0.5,0.2,0.5,0.5833333333333333,0.39489760911670674,0.39489760911670674,0.10510239088329339,0.10510239088329339,-5.87125978591354
1290,258.1721147431621,0.5,0.2,0.5,0.5833333333333333,0.39487972607287053,0.39487972607287053,0.10512027392712958,0.10512027392712958,-5.87125978591354
1291,258.37224816544364,0.5,0.2,0.5,0.5833333333333333,0.39486197640943244,0.39486197640943244,0.10513802359056769,0.10513802359056769,-5.87125978591354
1292,258.57238158772515,0.5,0.2,0.5,0.5833333333333333,0.39484435917696503,0.39484435917696503,0.10515564082303505,0.10515564082303505,-5.87125978591354
1293,258.77251501000666,0.5,0.2,0.5,0.5833333333333333,0.3948268734320902,0.3948268734320902,0.10517312656790989,0.10517312656790989,-5.87125978591354
1294,258.97264843228817,0.5,0.2,0.5,0.5833333333333333,0.3948095182374469,0.3948095182374469,0.10519048176255319,0.10519048176255319,-5.87125978591354
1295,259.1727818545697,0.5,0.2,0.5,0.5833333333333333,0.3947922926616591,0.3947922926616591,0.10520770733834099,0.10520770733834099,-5.87125978591354
1296,259.37291527685124,0.5,0.2,0.5,0.5833333333333333,0.39477519577930326,0.39477519577930326,0.10522480422069684,0.10522480422069684,-5.87125978591354
1297,259.57304869913276,0.5,0.2,0.5,0.5833333333333333,0.39475822667087546,0.39475822667087546,0.10524177332912465,0.10524177332912465,-5.87125978591354
1298,259.77318212141427,0.5,0.2,0.5,0.5833333333333333,0.39474138442275825,0.39474138442275825,0.10525861557724184,0.10525861557724184,-5.87125978591354
1299,259.9733155436958,0.5,0.2,0.5,0.5833333333333333,0.39472466812718743,0.39472466812718743,0.10527533187281267,0.10527533187281267,-5.87125978591354
1300,260.1734489659773,0.5,0.2,0.5,0.5833333333333333,0.39470807688221804,0.39470807688221804,0.10529192311778207,0.10529192311778207,-5.87125978591354
1301,260.37358238825885,0.5,0.2,0.5,0.5833333333333333,0.3946916097916905,0.3946916097916905,0.1053083902083096,0.1053083902083096,-5.87125978591354
1302,260.57371581054036,0.5,0.2,0.5,0.5833333333333333,0.39467526596519636,0.39467526596519636,0.10532473403480373,0.10532473403480373,-5.87125978591354
1303,260.7738492328219,0.5,0.2,0.5,0.5833333333333333,0.39465904451804357,0.39465904451804357,0.10534095548195653,0.10534095548195653,-5.87125978591354
1304,260.9739826551034,0.5,0.2,0.5,0.5833333333333333,0.39464294457122323,0.39464294457122323,0.10535705542877687,0.10535705542877687,-5.87125978591354
1305,261.1741160773849,0.5,0.2,0.5,0.5833333333333333,0.3946269652561656,0.3946269652561656,0.10537303474383454,0.10537303474383454,-5.87125978591354
1306,261.37424949966646,0.5,0.2,0.5,0.5833333333333333,0.39461110571044966,0.39461110571044966,0.10538889428955045,0.10538889428955045,-5.87125978591354
1307,261.574382921948,0.5,0.2,0.5,0.5833333333333333,0.3945953650732851,0.3945953650732851,0.10540463492671504,0.10540463492671504,-5.87125978591354
1308,261.7745163442295,0.5,0.2,0.5,0.5833333333333333,0.3945797424895165,0.3945797424895165,0.10542025751048363,0.10542025751048363,-5.87125978591354
1309,261.974649766511,0.5,0.2,0.5,0.5833333333333333,0.394564237109591,0.394564237109591,0.10543576289040912,0.10543576289040912,-5.87125978591354
1310,262.1747831887925,0.5,0.2,0.5,0.5833333333333333,0.39454884808952506,0.39454884808952506,0.10545115191047504,0.10545115191047504,-5.87125978591354
1311,262.374916611074,0.5,0.2,0.5,0.5833333333333333,0.3945335745908713,0.3945335745908713,0.10546642540912883,0.10546642540912883,-5.87125978591354
1312,262.5750500333556,0.5,0.2,0.5,0.5833333333333333,0.39451841578068475,0.39451841578068475,0.10548158421931536,0.10548158421931536,-5.87125978591354
1313,262.7751834556371,0.5,0.2,0.5,0.5833333333333333,0.39450337083148945,0.39450337083148945,0.10549662916851064,0.10549662916851064,-5.87125978591354
1314,262.9753168779186,0.5,0.2,0.5,0.5833333333333333,0.3944884389212442,0.3944884389212442,0.10551156107875591,0.10551156107875591,-5.87125978591354
1315,263.1754503002001,0.5,0.2,0.5,0.5833333333333333,0.39447361923330837,0.39447361923330837,0.10552638076669173,0.10552638076669173,-5.87125978591354
1316,263.3755837224816,0.5,0.2,0.5,0.5833333333333333,0.39445891095640756,0.39445891095640756,0.10554108904359256,0.10554108904359256,-5.87125978591354
1317,263.5757171447632,0.5,0.2,0.5,0.5833333333333333,0.39444431328459867,0.39444431328459867,0.10555568671540147,0.10555568671540147,-5.87125978591354
1318,263.7758505670447,0.5,0.2,0.5,0.5833333333333333,0.3944298254172351,0.3944298254172351,0.105570174582765,0.105570174582765,-5.87125978591354
1319,263.9759839893262,0.5,0.2,0.5,0.5833333333333333,0.3944154465589316,0.3944154465589316,0.10558455344106847,0.10558455344106847,-5.87125978591354
1320,264.1761174116077,0.5,0.2,0.5,0.5833333333333333,0.3944011759195288,0.3944011759195288,0.10559882408047132,0.10559882408047132,-5.87125978591354
1321,264.37625083388923,0.5,0.2,0.5,0.5833333333333333,0.3943870127140573,0.3943870127140573,0.10561298728594283,0.10561298728594283,-5.87125978591354
1322,264.5763842561708,0.5,0.2,0.5,0.5833333333333333,0.39437295616270207,0.39437295616270207,0.10562704383729803,0.10562704383729803,-5.87125978591354
1323,264.7765176784523,0.5,0.2,0.5,0.5833333333333333,0.3943590054907663,0.3943590054907663,0.10564099450923381,0.10564099450923381,-5.87125978591354
1324,264.9766511007338,0.5,0.2,0.5,0.5833333333333333,0.3943451599286347,0.3943451599286347,0.10565484007136539,0.10565484007136539,-5.87125978591354
1325,265.17678452301533,0.5,0.2,0.5,0.5833333333333333,0.39433141871173727,0.39433141871173727,0.10566858128826286,0.10566858128826286,-5.87125978591354
1326,265.37691794529684,0.5,0.2,0.5,0.5833333333333333,0.39431778108051196,0.39431778108051196,0.10568221891948812,0.10568221891948812,-5.87125978591354
1327,265.57705136757835,0.5,0.2,0.5,0.5833333333333333,0.39430424628036814,0.39430424628036814,0.10569575371963197,0.10569575371963197,-5.87125978591354
1328,265.7771847898599,0.5,0.2,0.5,0.5833333333333333,0.3942908135616487,0.3942908135616487,0.10570918643835144,0.10570918643835144,-5.87125978591354
1329,265.9773182121414,0.5,0.2,0.5,0.5833333333333333,0.3942774821795927,0.3942774821795927,0.10572251782040742,0.10572251782040742,-5.87125978591354
1330,266.17745163442294,0.5,0.2,0.5,0.5833333333333333,0.39426425139429766,0.39426425139429766,0.10573574860570246,0.10573574860570246,-5.87125978591354
1331,266.37758505670445,0.5,0.2,0.5,0.5833333333333333,0.3942511204706812,0.3942511204706812,0.10574887952931888,0.10574887952931888,-5.87125978591354
1332,266.57771847898596,0.5,0.2,0.5,0.5833333333333333,0.39423808867844307,0.39423808867844307,0.10576191132155703,0.10576191132155703,-5.87125978591354
1333,266.7778519012675,0.5,0.2,0.5,0.5833333333333333,0.39422515529202623,0.39422515529202623,0.10577484470797388,0.10577484470797388,-5.87125978591354
1334,266.97798532354904,0.5,0.2,0.5,0.5833333333333333,0.3942123195939665,0.3942123195939665,0.10578768040603358,0.10578768040603358,-5.87125978591354
1335,267.17811874583055,0.5,0.2,0.5,0.5833333333333333,0.39419958088151924,0.39419958088151924,0.10580041911848086,0.10580041911848086,-5.87125978591354
1336,267.37825216811206,0.5,0.2,0.5,0.5833333333333333,0.39418693844672387,0.39418693844672387,0.10581306155327624,0.10581306155327624,-5.87125978591354
1337,267.57838559039357,0.5,0.2,0.5,0.5833333333333333,0.39417439158530104,0.39417439158530104,0.10582560841469905,0.10582560841469905,-5.87125978591354
1338,267.77851901267513,0.5,0.2,0.5,0.5833333333333333,0.394161939597702,0.394161939597702,0.10583806040229808,0.10583806040229808,-5.87125978591354
1339,267.97865243495664,0.5,0.2,0.5,0.5833333333333333,0.3941495817890754,0.3941495817890754,0.10585041821092471,0.10585041821092471,-5.87125978591354
1340,268.17878585723815,0.5,0.2,0.5,0.5833333333333333,0.39413731746923375,0.39413731746923375,0.10586268253076635,0.10586268253076635,-5.87125978591354
1341,268.37891927951966,0.5,0.2,0.5,0.5833333333333333,0.3941251459526203,0.3941251459526203,0.10587485404737976,0.10587485404737976,-5.87125978591354
1342,268.5790527018012,0.5,0.2,0.5,0.5833333333333333,0.3941130665582754,0.3941130665582754,0.10588693344172471,0.10588693344172471,-5.87125978591354
1343,268.7791861240827,0.5,0.2,0.5,0.5833333333333333,0.3941010786098024,0.3941010786098024,0.10589892139019766,0.10589892139019766,-5.87125978591354
1344,268.97931954636425,0.5,0.2,0.5,0.5833333333333333,0.3940891814353345,0.3940891814353345,0.10591081856466558,0.10591081856466558,-5.87125978591354
1345,269.17945296864576,0.5,0.2,0.5,0.5833333333333333,0.3940773743675001,0.3940773743675001,0.10592262563249998,0.10592262563249998,-5.87125978591354
1346,269.3795863909273,0.5,0.2,0.5,0.5833333333333333,0.3940656567433892,0.3940656567433892,0.10593434325661087,0.10593434325661087,-5.87125978591354
1347,269.5797198132088,0.5,0.2,0.5,0.5833333333333333,0.39405402790451893,0.39405402790451893,0.10594597209548118,0.10594597209548118,-5.87125978591354
1348,269.7798532354903,0.5,0.2,0.5,0.5833333333333333,0.39404248719679913,0.39404248719679913,0.10595751280320097,0.10595751280320097,-5.87125978591354
1349,269.97998665777186,0.5,0.2,0.5,0.5833333333333333,0.3940310339704981,0.3940310339704981,0.10596896602950197,0.10596896602950197,-5.87125978591354
1350,270.18012008005337,0.5,0.2,0.5,0.5833333333333333,0.3940196675802079,0.3940196675802079,0.1059803324197922,0.1059803324197922,-5.87125978591354
1351,270.3802535023349,0.5,0.2,0.5,0.5833333333333333,0.3940083873848094,0.3940083873848094,0.10599161261519068,0.10599161261519068,-5.87125978591354
1352,270.5803869246164,0.5,0.2,0.5,0.5833333333333333,0.3939971927474377,0.3939971927474377,0.10600280725256238,0.10600280725256238,-5.87125978591354
1353,270.7805203468979,0.5,0.2,0.5,0.5833333333333333,0.3939860830354469,0.3939860830354469,0.10601391696455319,0.10601391696455319,-5.87125978591354
1354,270.98065376917947,0.5,0.2,0.5,0.5833333333333333,0.3939750576203751,0.3939750576203751,0.106024942379625,0.106024942379625,-5.87125978591354
1355,271.180787191461,0.5,0.2,0.5,0.5833333333333333,0.393964115877909,0.393964115877909,0.10603588412209108,0.10603588412209108,-5.87125978591354
1356,271.3809206137425,0.5,0.2,0.5,0.5833333333333333,0.3939532571878487,0.3939532571878487,0.1060467428121514,0.1060467428121514,-5.87125978591354
1357,271.581054036024,0.5,0.2,0.5,0.5833333333333333,0.3939424809340719,0.3939424809340719,0.10605751906592815,0.10605751906592815,-5.87125978591354
1358,271.7811874583055,0.5,0.2,0.5,0.5833333333333333,0.3939317865044986,0.3939317865044986,0.10606821349550151,0.10606821349550151,-5.87125978591354
1359,271.981320880587,0.5,0.2,0.5,0.5833333333333333,0.39392117329105486,0.39392117329105486,0.10607882670894524,0.10607882670894524,-5.87125978591354
1360,272.1814543028686,0.5,0.2,0.5,0.5833333333333333,0.39391064068963727,0.39391064068963727,0.10608935931036281,0.10608935931036281,-5.87125978591354
1361,272.3815877251501,0.5,0.2,0.5,0.5833333333333333,0.39390018810007676,0.39390018810007676,0.10609981189992332,0.10609981189992332,-5.87125978591354
1362,272.5817211474316,0.5,0.2,0.5,0.5833333333333333,0.3938898149261024,0.3938898149261024,0.10611018507389768,0.10611018507389768,-5.87125978591354
1363,272.7818545697131,0.5,0.2,0.5,0.5833333333333333,0.39387952057628567,0.39387952057628567,0.10612047942371441,0.10612047942371441,-5.87125978591354
1364,272.98198799199463,0.5,0.2,0.5,0.5833333333333333,0.3938693044852493,0.3938693044852493,0.10613069551475081,0.10613069551475081,-5.87125978591354
1365,273.1821214142762,0.5,0.2,0.5,0.5833333333333333,0.39385916608160637,0.39385916608160637,0.10614083391839371,0.10614083391839371,-5.87125978591354
1366,273.3822548365577,0.5,0.2,0.5,0.5833333333333333,0.39384910478939206,0.39384910478939206,0.10615089521060804,0.10615089521060804,-5.87125978591354
1367,273.5823882588392,0.5,0.2,0.5,0.5833333333333333,0.3938391200367066,0.3938391200367066,0.1061608799632935,0.1061608799632935,-5.87125978591354
1368,273.7825216811207,0.5,0.2,0.5,0.5833333333333333,0.39382921125569165,0.39382921125569165,0.10617078874430844,0.10617078874430844,-5.87125978591354
1369,273.98265510340224,0.5,0.2,0.5,0.5833333333333333,0.3938193778825065,0.3938193778825065,0.10618062211749363,0.10618062211749363,-5.87125978591354
1370,274.1827885256838,0.5,0.2,0.5,0.5833333333333333,0.393809619357304,0.393809619357304,0.10619038064269606,0.10619038064269606,-5.87125978591354
1371,274.3829219479653,0.5,0.2,0.5,0.5833333333333333,0.39379993512420763,0.39379993512420763,0.10620006487579246,0.10620006487579246,-5.87125978591354
1372,274.5830553702468,0.5,0.2,0.5,0.5833333333333333,0.3937903246312871,0.3937903246312871,0.10620967536871297,0.10620967536871297,-5.87125978591354
1373,274.78318879252834,0.5,0.2,0.5,0.5833333333333333,0.3937807873305356,0.3937807873305356,0.10621921266946448,0.10621921266946448,-5.87125978591354
1374,274.98332221480985,0.5,0.2,0.5,0.5833333333333333,0.393771322677846,0.393771322677846,0.10622867732215413,0.10622867732215413,-5.87125978591354
1375,275.18345563709136,0.5,0.2,0.5,0.5833333333333333,0.39376193013298755,0.39376193013298755,0.10623806986701254,0.10623806986701254,-5.87125978591354
1376,275.3835890593729,0.5,0.2,0.5,0.5833333333333333,0.39375260915958304,0.39375260915958304,0.10624739084041707,0.10624739084041707,-5.87125978591354
1377,275.58372248165443,0.5,0.2,0.5,0.5833333333333333,0.3937433592250852,0.3937433592250852,0.10625664077491492,0.10625664077491492,-5.87125978591354
1378,275.78385590393594,0.5,0.2,0.5,0.5833333333333333,0.39373417980075387,0.39373417980075387,0.10626582019924626,0.10626582019924626,-5.87125978591354
1379,275.98398932621745,0.5,0.2,0.5,0.5833333333333333,0.393725070361633,0.393725070361633,0.10627492963836706,0.10627492963836706,-5.87125978591354
1380,276.18412274849896,0.5,0.2,0.5,0.5833333333333333,0.3937160303865279,0.3937160303865279,0.10628396961347215,0.10628396961347215,-5.87125978591354
1381,276.38425617078053,0.5,0.2,0.5,0.5833333333333333,0.39370705935798217,0.39370705935798217,0.10629294064201794,0.10629294064201794,-5.87125978591354
1382,276.58438959306204,0.5,0.2,0.5,0.5833333333333333,0.393698156762255,0.393698156762255,0.10630184323774512,0.10630184323774512,-5.87125978591354
1383,276.78452301534355,0.5,0.2,0.5,0.5833333333333333,0.39368932208929874,0.39368932208929874,0.10631067791070134,0.10631067791070134,-5.87125978591354
1384,276.98465643762506,0.5,0.2,0.5,0.5833333333333333,0.39368055483273634,0.39368055483273634,0.10631944516726378,0.10631944516726378,-5.87125978591354
1385,277.1847898599066,0.5,0.2,0.5,0.5833333333333333,0.3936718544898385,0.3936718544898385,0.10632814551016163,0.10632814551016163,-5.87125978591354
1386,277.38492328218814,0.5,0.2,0.5,0.5833333333333333,0.39366322056150166,0.39366322056150166,0.10633677943849842,0.10633677943849842,-5.87125978591354
1387,277.58505670446965,0.5,0.2,0.5,0.5833333333333333,0.39365465255222565,0.39365465255222565,0.10634534744777445,0.10634534744777445,-5.87125978591354
1388,277.78519012675116,0.5,0.2,0.5,0.5833333333333333,0.39364614997009123,0.39364614997009123,0.10635385002990887,0.10635385002990887,-5.87125978591354
1389,277.98532354903267,0.5,0.2,0.5,0.5833333333333333,0.3936377123267381,0.3936377123267381,0.10636228767326197,0.10636228767326197,-5.87125978591354
1390,278.1854569713142,0.5,0.2,0.5,0.5833333333333333,0.39362933913734294,0.39362933913734294,0.10637066086265716,0.10637066086265716,-5.87125978591354
1391,278.3855903935957,0.5,0.2,0.5,0.5833333333333333,0.3936210299205971,0.3936210299205971,0.10637897007940299,0.10637897007940299,-5.87125978591354
1392,278.58572381587726,0.5,0.2,0.5,0.5833333333333333,0.3936127841986851,0.3936127841986851,0.10638721580131501,0.10638721580131501,-5.87125978591354
1393,278.78585723815877,0.5,0.2,0.5,0.5833333333333333,0.3936046014610023,0.3936046014610023,0.1063953985389978,0.1063953985389978,-5.87125978591354
1394,278.9859906604403,0.5,0.2,0.5,0.5833333333333333,0.39359648130747893,0.39359648130747893,0.10640351869252117,0.10640351869252117,-5.87125978591354
1395,279.1861240827218,0.5,0.2,0.5,0.5833333333333333,0.3935884232279292,0.3935884232279292,0.10641157677207089,0.10641157677207089,-5.87125978591354
1396,279.3862575050033,0.5,0.2,0.5,0.5833333333333333,0.39358042675752375,0.39358042675752375,0.10641957324247632,0.10641957324247632,-5.87125978591354
1397,279.58639092728487,0.5,0.2,0.5,0.5833333333333333,0.39357249143473977,0.39357249143473977,0.1064275085652603,0.1064275085652603,-5.87125978591354
1398,279.7865243495664,0.5,0.2,0.5,0.5833333333333333,0.3935646168013384,0.3935646168013384,0.10643538319866166,0.10643538319866166,-5.87125978591354
1399,279.9866577718479,0.5,0.2,0.5,0.5833333333333333,0.3935568024023423,0.3935568024023423,0.10644319759765776,0.10644319759765776,-5.87125978591354
1400,280.1867911941294,0.5,0.2,0.5,0.5833333333333333,0.39354904778601313,0.39354904778601313,0.10645095221398694,0.10645095221398694,-5.87125978591354
1401,280.3869246164109,0.5,0.2,0.5,0.5833333333333333,0.393541352503829,0.393541352503829,0.10645864749617107,0.10645864749617107,-5.87125978591354
1402,280.5870580386925,0.5,0.2,0.5,0.5833333333333333,0.393533716110462,0.393533716110462,0.10646628388953808,0.10646628388953808,-5.87125978591354
1403,280.787191460974,0.5,0.2,0.5,0.5833333333333333,0.3935261381637557,0.3935261381637557,0.1064738618362444,0.1064738618362444,-5.87125978591354
1404,280.9873248832555,0.5,0.2,0.5,0.5833333333333333,0.3935186182247025,0.3935186182247025,0.10648138177529756,0.10648138177529756,-5.87125978591354
1405,281.187458305537,0.5,0.2,0.5,0.5833333333333333,0.3935111558574214,0.3935111558574214,0.10648884414257866,0.10648884414257866,-5.87125978591354
1406,281.3875917278185,0.5,0.2,0.5,0.5833333333333333,0.3935037506291353,0.3935037506291353,0.10649624937086481,0.10649624937086481,-5.87125978591354
1407,281.5877251501,0.5,0.2,0.5,0.5833333333333333,0.3934964021101483,0.3934964021101483,0.10650359788985178,0.10650359788985178,-5.87125978591354
1408,281.7878585723816,0.5,0.2,0.5,0.5833333333333333,0.3934891098738237,0.3934891098738237,0.1065108901261764,0.1065108901261764,-5.87125978591354
1409,281.9879919946631,0.5,0.2,0.5,0.5833333333333333,0.39348187349656094,0.39348187349656094,0.10651812650343913,0.10651812650343913,-5.87125978591354
1410,282.1881254169446,0.5,0.2,0.5,0.5833333333333333,0.39347469255777356,0.39347469255777356,0.10652530744222653,0.10652530744222653,-5.87125978591354
1411,282.3882588392261,0.5,0.2,0.5,0.5833333333333333,0.39346756663986626,0.39346756663986626,0.10653243336013381,0.10653243336013381,-5.87125978591354
1412,282.58839226150764,0.5,0.2,0.5,0.5833333333333333,0.3934604953282128,0.3934604953282128,0.10653950467178729,0.10653950467178729,-5.87125978591354
1413,282.7885256837892,0.5,0.2,0.5,0.5833333333333333,0.39345347821113313,0.39345347821113313,0.10654652178886696,0.10654652178886696,-5.87125978591354
1414,282.9886591060707,0.5,0.2,0.5,0.5833333333333333,0.3934465148798711,0.3934465148798711,0.10655348512012898,0.10655348512012898,-5.87125978591354
1415,283.1887925283522,0.5,0.2,0.5,0.5833333333333333,0.39343960492857194,0.39343960492857194,0.10656039507142816,0.10656039507142816,-5.87125978591354
1416,283.38892595063373,0.5,0.2,0.5,0.5833333333333333,0.3934327479542596,0.3934327479542596,0.1065672520457405,0.1065672520457405,-5.87125978591354
1417,283.58905937291524,0.5,0.2,0.5,0.5833333333333333,0.3934259435568144,0.3934259435568144,0.1065740564431857,0.1065740564431857,-5.87125978591354
1418,283.7891927951968,0.5,0.2,0.5,0.5833333333333333,0.3934191913389504,0.3934191913389504,0.10658080866104966,0.10658080866104966,-5.87125978591354
1419,283.9893262174783,0.5,0.2,0.5,0.5833333333333333,0.39341249090619307,0.39341249090619307,0.106587509093807,0.106587509093807,-5.87125978591354
1420,284.18945963975983,0.5,0.2,0.5,0.5833333333333333,0.39340584186685656,0.39340584186685656,0.10659415813314355,0.10659415813314355,-5.87125978591354
1421,284.38959306204134,0.5,0.2,0.5,0.5833333333333333,0.39339924383202124,0.39339924383202124,0.10660075616797886,0.10660075616797886,-5.87125978591354
1422,284.58972648432285,0.5,0.2,0.5,0.5833333333333333,0.3933926964173711,0.3933926964173711,0.10660730358262895,0.10660730358262895,-5.87125978591354
1423,284.7898599066044,0.5,0.2,0.5,0.5833333333333333,0.3933861992523635,0.3933861992523635,0.10661380074763653,0.10661380074763653,-5.87125978591354
1424,284.98999332888593,0.5,0.2,0.5,0.5833333333333333,0.3933797519600042,0.3933797519600042,0.10662024803999587,0.10662024803999587,-5.87125978591354
1425,285.19012675116744,0.5,0.2,0.5,0.5833333333333333,0.39337335416383334,0.39337335416383334,0.10662664583616675,0.10662664583616675,-5.87125978591354
1426,285.39026017344895,0.5,0.2,0.5,0.5833333333333333,0.3933670054901088,0.3933670054901088,0.10663299450989128,0.10663299450989128,-5.87125978591354
1427,285.59039359573046,0.5,0.2,0.5,0.5833333333333333,0.3933607055677848,0.3933607055677848,0.10663929443221527,0.10663929443221527,-5.87125978591354
1428,285.79052701801197,0.5,0.2,0.5,0.5833333333333333,0.39335445402849023,0.39335445402849023,0.10664554597150983,0.10664554597150983,-5.87125978591354
1429,285.99066044029354,0.5,0.2,0.5,0.5833333333333333,0.3933482505065074,0.3933482505065074,0.10665174949349268,0.10665174949349268,-5.87125978591354
1430,286.19079386257505,0.5,0.2,0.5,0.5833333333333333,0.39334209463875025,0.39334209463875025,0.10665790536124983,0.10665790536124983,-5.87125978591354
1431,286.39092728485656,0.5,0.2,0.5,0.5833333333333333,0.3933359860647431,0.3933359860647431,0.10666401393525693,0.10666401393525693,-5.87125978591354
1432,286.59106070713807,0.5,0.2,0.5,0.5833333333333333,0.39332992442659925,0.39332992442659925,0.1066700755734008,0.1066700755734008,-5.87125978591354
1433,286.7911941294196,0.5,0.2,0.5,0.5833333333333333,0.3933239093689992,0.3933239093689992,0.10667609063100088,0.10667609063100088,-5.87125978591354
1434,286.99132755170115,0.5,0.2,0.5,0.5833333333333333,0.3933179405391693,0.3933179405391693,0.10668205946083074,0.10668205946083074,-5.87125978591354
1435,287.19146097398266,0.5,0.2,0.5,0.5833333333333333,0.39331201758686046,0.39331201758686046,0.10668798241313959,0.10668798241313959,-5.87125978591354
1436,287.39159439626417,0.5,0.2,0.5,0.5833333333333333,0.3933061401643264,0.3933061401643264,0.10669385983567367,0.10669385983567367,-5.87125978591354
1437,287.5917278185457,0.5,0.2,0.5,0.5833333333333333,0.3933003079263022,0.3933003079263022,0.10669969207369784,0.10669969207369784,-5.87125978591354
1438,287.7918612408272,0.5,0.2,0.5,0.5833333333333333,0.3932945205299831,0.3932945205299831,0.10670547947001695,0.10670547947001695,-5.87125978591354
1439,287.99199466310876,0.5,0.2,0.5,0.5833333333333333,0.39328877763500264,0.39328877763500264,0.10671122236499746,0.10671122236499746,-5.87125978591354
1440,288.19212808539027,0.5,0.2,0.5,0.5833333333333333,0.3932830789034113,0.3932830789034113,0.10671692109658876,0.10671692109658876,-5.87125978591354
1441,288.3922615076718,0.5,0.2,0.5,0.5833333333333333,0.3932774239996553,0.3932774239996553,0.10672257600034478,0.10672257600034478,-5.87125978591354
1442,288.5923949299533,0.5,0.2,0.5,0.5833333333333333,0.39327181259055466,0.39327181259055466,0.10672818740944542,0.10672818740944542,-5.87125978591354
1443,288.7925283522348,0.5,0.2,0.5,0.5833333333333333,0.393266244345282,0.393266244345282,0.10673375565471806,0.10673375565471806,-5.87125978591354
1444,288.9926617745163,0.5,0.2,0.5,0.5833333333333333,0.3932607189353411,0.3932607189353411,0.10673928106465896,0.10673928106465896,-5.87125978591354
1445,289.1927951967979,0.5,0.2,0.5,0.5833333333333333,0.3932552360345452,0.3932552360345452,0.10674476396545486,0.10674476396545486,-5.87125978591354
1446,289.3929286190794,0.5,0.2,0.5,0.5833333333333333,0.3932497953189957,0.3932497953189957,0.10675020468100437,0.10675020468100437,-5.87125978591354
1447,289.5930620413609,0.5,0.2,0.5,0.5833333333333333,0.3932443964670606,0.3932443964670606,0.10675560353293949,0.10675560353293949,-5.87125978591354
1448,289.7931954636424,0.5,0.2,0.5,0.5833333333333333,0.393239039159353,0.393239039159353,0.10676096084064708,0.10676096084064708,-5.87125978591354
1449,289.9933288859239,0.5,0.2,0.5,0.5833333333333333,0.3932337230787097,0.3932337230787097,0.10676627692129038,0.10676627692129038,-5.87125978591354
1450,290.1934623082055,0.5,0.2,0.5,0.5833333333333333,0.39322844791016964,0.39322844791016964,0.10677155208983043,0.10677155208983043,-5.87125978591354
1451,290.393595730487,0.5,0.2,0.5,0.5833333333333333,0.3932232133409525,0.3932232133409525,0.10677678665904757,0.10677678665904757,-5.87125978591354
1452,290.5937291527685,0.5,0.2,0.5,0.5833333333333333,0.39321801906043713,0.39321801906043713,0.10678198093956294,0.10678198093956294,-5.87125978591354
1453,290.79386257505,0.5,0.2,0.5,0.5833333333333333,0.39321286476014006,0.39321286476014006,0.10678713523985998,0.10678713523985998,-5.87125978591354
1454,290.9939959973315,0.5,0.2,0.5,0.5833333333333333,0.3932077501336942,0.3932077501336942,0.10679224986630588,0.10679224986630588,-5.87125978591354
1455,291.1941294196131,0.5,0.2,0.5,0.5833333333333333,0.39320267487682703,0.39320267487682703,0.10679732512317304,0.10679732512317304,-5.87125978591354
1456,291.3942628418946,0.5,0.2,0.5,0.5833333333333333,0.3931976386873395,0.3931976386873395,0.10680236131266059,0.10680236131266059,-5.87125978591354
1457,291.5943962641761,0.5,0.2,0.5,0.5833333333333333,0.3931926412650842,0.3931926412650842,0.10680735873491587,0.10680735873491587,-5.87125978591354
1458,291.7945296864576,0.5,0.2,0.5,0.5833333333333333,0.3931876823119442,0.3931876823119442,0.10681231768805591,0.10681231768805591,-5.87125978591354
1459,291.99466310873913,0.5,0.2,0.5,0.5833333333333333,0.3931827615318112,0.3931827615318112,0.10681723846818887,0.10681723846818887,-5.87125978591354
1460,292.19479653102064,0.5,0.2,0.5,0.5833333333333333,0.39317787863056447,0.39317787863056447,0.10682212136943559,0.10682212136943559,-5.87125978591354
1461,292.3949299533022,0.5,0.2,0.5,0.5833333333333333,0.393173033316049,0.393173033316049,0.10682696668395102,0.10682696668395102,-5.87125978591354
1462,292.5950633755837,0.5,0.2,0.5,0.5833333333333333,0.39316822530810425,0.39316822530810425,0.1068317746918958,0.1068317746918958,-5.87125978591354
1463,292.79519679786523,0.5,0.2,0.5,0.5833333333333333,0.39316345435574146,0.39316345435574146,0.10683654564425855,0.10683654564425855,-5.87125978591354
1464,292.99533022014674,0.5,0.2,0.5,0.5833333333333333,0.393158720180116,0.393158720180116,0.10684127981988403,0.10684127981988403,-5.87125978591354
1465,293.19546364242825,0.5,0.2,0.5,0.5833333333333333,0.39315402250148146,0.39315402250148146,0.10684597749851855,0.10684597749851855,-5.87125978591354
1466,293.3955970647098,0.5,0.2,0.5,0.5833333333333333,0.39314936104213744,0.39314936104213744,0.10685063895786258,0.10685063895786258,-5.87125978591354
1467,293.59573048699133,0.5,0.2,0.5,0.5833333333333333,0.3931447355264108,0.3931447355264108,0.1068552644735892,0.1068552644735892,-5.87125978591354
1468,293.79586390927284,0.5,0.2,0.5,0.5833333333333333,0.3931401456806374,0.3931401456806374,0.10685985431936264,0.10685985431936264,-5.87125978591354
1469,293.99599733155435,0.5,0.2,0.5,0.5833333333333333,0.39313559123314334,0.39313559123314334,0.10686440876685666,0.10686440876685666,-5.87125978591354
1470,294.19613075383586,0.5,0.2,0.5,0.5833333333333333,0.3931310719142269,0.3931310719142269,0.10686892808577311,0.10686892808577311,-5.87125978591354
1471,294.3962641761174,0.5,0.2,0.5,0.5833333333333333,0.39312658745613965,0.39312658745613965,0.10687341254386036,0.10687341254386036,-5.87125978591354
1472,294.59639759839894,0.5,0.2,0.5,0.5833333333333333,0.3931221375930682,0.3931221375930682,0.10687786240693181,0.10687786240693181,-5.87125978591354
1473,294.79653102068045,0.5,0.2,0.5,0.5833333333333333,0.39311772206111567,0.39311772206111567,0.10688227793888436,0.10688227793888436,-5.87125978591354
1474,294.99666444296196,0.5,0.2,0.5,0.5833333333333333,0.3931133405982832,0.3931133405982832,0.10688665940171685,0.10688665940171685,-5.87125978591354
1475,295.19679786524347,0.5,0.2,0.5,0.5833333333333333,0.39310899294445145,0.39310899294445145,0.1068910070555486,0.1068910070555486,-5.87125978591354
1476,295.396931287525,0.5,0.2,0.5,0.5833333333333333,0.3931046788413622,0.3931046788413622,0.10689532115863787,0.10689532115863787,-5.87125978591354
1477,295.59706470980655,0.5,0.2,0.5,0.5833333333333333,0.3931003980325998,0.3931003980325998,0.10689960196740027,0.10689960196740027,-5.87125978591354
1478,295.79719813208806,0.5,0.2,0.5,0.5833333333333333,0.39309615026357264,0.39309615026357264,0.10690384973642737,0.10690384973642737,-5.87125978591354
1479,295.99733155436957,0.5,0.2,0.5,0.5833333333333333,0.393091935281495,0.393091935281495,0.10690806471850503,0.10690806471850503,-5.87125978591354
1480,296.1974649766511,0.5,0.2,0.5,0.5833333333333333,0.393087752835368,0.393087752835368,0.10691224716463202,0.10691224716463202,-5.87125978591354
1481,296.3975983989326,0.5,0.2,0.5,0.5833333333333333,0.39308360267596165,0.39308360267596165,0.10691639732403838,0.10691639732403838,-5.87125978591354
1482,296.59773182121415,0.5,0.2,0.5,0.5833333333333333,0.39307948455579605,0.39307948455579605,0.10692051544420396,0.10692051544420396,-5.87125978591354
1483,296.79786524349566,0.5,0.2,0.5,0.5833333333333333,0.39307539822912313,0.39307539822912313,0.1069246017708769,0.1069246017708769,-5.87125978591354
1484,296.9979986657772,0.5,0.2,0.5,0.5833333333333333,0.393071343451908,0.393071343451908,0.10692865654809208,0.10692865654809208,-5.87125978591354
1485,297.1981320880587,0.5,0.2,0.5,0.5833333333333333,0.39306731998181044,0.39306731998181044,0.1069326800181896,0.1069326800181896,-5.87125978591354
1486,297.3982655103402,0.5,0.2,0.5,0.5833333333333333,0.3930633275781667,0.3930633275781667,0.10693667242183331,0.10693667242183331,-5.87125978591354
1487,297.59839893262176,0.5,0.2,0.5,0.5833333333333333,0.39305936600197083,0.39305936600197083,0.10694063399802922,0.10694063399802922,-5.87125978591354
1488,297.7985323549033,0.5,0.2,0.5,0.5833333333333333,0.39305543501585605,0.39305543501585605,0.106944564984144,0.106944564984144,-5.87125978591354
1489,297.9986657771848,0.5,0.2,0.5,0.5833333333333333,0.39305153438407653,0.39305153438407653,0.10694846561592347,0.10694846561592347,-5.87125978591354
1490,298.1987991994663,0.5,0.2,0.5,0.5833333333333333,0.3930476638724889,0.3930476638724889,0.1069523361275111,0.1069523361275111,-5.87125978591354
1491,298.3989326217478,0.5,0.2,0.5,0.5833333333333333,0.3930438232485336,0.3930438232485336,0.10695617675146642,0.10695617675146642,-5.87125978591354
1492,298.5990660440293,0.5,0.2,0.5,0.5833333333333333,0.3930400122812165,0.3930400122812165,0.10695998771878357,0.10695998771878357,-5.87125978591354
1493,298.7991994663109,0.5,0.2,0.5,0.5833333333333333,0.3930362307410903,0.3930362307410903,0.10696376925890971,0.10696376925890971,-5.87125978591354
1494,298.9993328885924,0.5,0.2,0.5,0.5833333333333333,0.3930324784002364,0.3930324784002364,0.10696752159976361,0.10696752159976361,-5.87125978591354
1495,299.1994663108739,0.5,0.2,0.5,0.5833333333333333,0.39302875503224605,0.39302875503224605,0.10697124496775395,0.10697124496775395,-5.87125978591354
1496,299.3995997331554,0.5,0.2,0.5,0.5833333333333333,0.39302506041220203,0.39302506041220203,0.106974939587798,0.106974939587798,-5.87125978591354
1497,299.5997331554369,0.5,0.2,0.5,0.5833333333333333,0.3930213943166601,0.3930213943166601,0.10697860568333993,0.10697860568333993,-5.87125978591354
1498,299.7998665777185,0.5,0.2,0.5,0.5833333333333333,0.39301775652363063,0.39301775652363063,0.10698224347636939,0.10698224347636939,-5.87125978591354
1499,300.0,0.5,0.2,0.5,0.5833333333333333,0.3930141468125601,0.3930141468125601,0.10698585318743996,0.10698585318743996,-5.87125978591354
