,time,beta,alpha,sigma_D,sigma_C,S_c,S_d,I_c,I_d,R0
0,0.0,2.291666666666667,0.2,0.5,0.5,0.87465,0.12495,0.00035,5e-05,9.450328027145304
1,0.200133422281521,2.291666666666667,0.2,0.5,0.5,0.8702016698008529,0.1293866110524784,0.00036020288043429514,5.151626623462363e-05,9.450328027145304
2,0.400266844563042,2.291666666666667,0.2,0.5,0.5,0.8656197804901617,0.13395631271921865,0.00037070823121351386,5.319855940625123e-05,9.450328027145304
3,0.600400266844563,2.291666666666667,0.2,0.5,0.5,0.8609019335854172,0.13866146043068084,0.00038154540175794376,5.506058214411629e-05,9.450328027145304
4,0.800533689126084,2.291666666666667,0.2,0.5,0.5,0.8560459581846723,0.14350418006310522,0.00039274475101128495,5.7117001211365733e-05,9.450328027145304
5,1.0006671114076051,2.291666666666667,0.2,0.5,0.5,0.8510497327900167,0.14848654339320524,0.00040433949878077534,5.9384317997461716e-05,9.450328027145304
6,1.200800533689126,2.291666666666667,0.2,0.5,0.5,0.8459112426434374,0.1536105109324182,0.00041636554981300977,6.188087433160807e-05,9.450328027145304
7,1.400933955970647,2.291666666666667,0.2,0.5,0.5,0.8406285910645304,0.1588779199134351,0.0004288618765891777,6.462714544562546e-05,9.450328027145304
8,1.601067378252168,2.291666666666667,0.2,0.5,0.5,0.8352000080758435,0.1642904751849495,0.0004418707854500955,6.764595375715125e-05,9.450328027145304
9,1.801200800533689,2.291666666666667,0.2,0.5,0.5,0.8296238685346358,0.16984973010486326,0.00045543845856046907,7.096290194083062e-05,9.450328027145304
10,2.0013342228152102,2.291666666666667,0.2,0.5,0.5,0.8238986970616401,0.17555708106194826,0.0004696152393343541,7.460663707764835e-05,9.450328027145304
11,2.201467645096731,2.291666666666667,0.2,0.5,0.5,0.8180231754316525,0.18141375955220868,0.00048445591771534584,7.860909842379919e-05,9.450328027145304
12,2.401601067378252,2.291666666666667,0.2,0.5,0.5,0.8119961656386702,0.18742080745413828,0.0005000206251008772,8.300628209115807e-05,9.450328027145304
13,2.601734489659773,2.291666666666667,0.2,0.5,0.5,0.8058167169963862,0.19357906895382004,0.0005163753436789868,8.783870611512638e-05,9.450328027145304
14,2.801867911941294,2.291666666666667,0.2,0.5,0.5,0.7994840743873882,0.1998891813961456,0.000533592378299785,9.315183816681088e-05,9.450328027145304
15,3.002001334222815,2.291666666666667,0.2,0.5,0.5,0.7929977023886241,0.20635154802651764,0.0005517519880414124,9.89975968172808e-05,9.450328027145304
16,3.202134756504336,2.291666666666667,0.2,0.5,0.5,0.7863572724183837,0.21296635269963735,0.0005709414243798363,0.00010543345759953184,9.450328027145304
17,3.402268178785857,2.291666666666667,0.2,0.5,0.5,0.7795626854222102,0.21973353367121132,0.000591256726007729,0.00011252418057123996,9.450328027145304
18,3.602401601067378,2.291666666666667,0.2,0.5,0.5,0.772614097751682,0.22665275138376953,0.0006128058606165465,0.0001203450039324263,9.450328027145304
19,3.802535023348899,2.291666666666667,0.2,0.5,0.5,0.765511929301102,0.23372338259977837,0.0006357076960625059,0.00012898040305758197,9.450328027145304
20,4.0026684456304205,2.291666666666667,0.2,0.5,0.5,0.7582568681535877,0.24094451143991585,0.0006600941005984493,0.00013852630589842354,9.450328027145304
21,4.202801867911941,2.291666666666667,0.2,0.5,0.5,0.7508498485645873,0.2483149464585746,0.0006861122470092776,0.0001490927298292968,9.450328027145304
22,4.402935290193462,2.291666666666667,0.2,0.5,0.5,0.7432920902744244,0.255833180016916,0.000713925387004364,0.0001608043216554931,9.450328027145304
23,4.603068712474983,2.291666666666667,0.2,0.5,0.5,0.7355851052377247,0.26349737310282695,0.0007437167500653294,0.00017380490938336308,9.450328027145304
24,4.803202134756504,2.291666666666667,0.2,0.5,0.5,0.7277307026290457,0.27130534868638384,0.0007756904134249814,0.00018825827114573202,9.450328027145304
25,5.003335557038025,2.291666666666667,0.2,0.5,0.5,0.7197309855165459,0.2792545854762769,0.000810075711047848,0.00020435329612955222,9.450328027145304
26,5.203468979319546,2.291666666666667,0.2,0.5,0.5,0.7115883547180578,0.28734220690060713,0.0008471305693667387,0.0002223078119686103,9.450328027145304
27,5.403602401601067,2.291666666666667,0.2,0.5,0.5,0.7033055173080257,0.2955649669145552,0.0008871441138643785,0.00024237166355498712,9.450328027145304
28,5.603735823882588,2.291666666666667,0.2,0.5,0.5,0.6948854759445535,0.30391924269333803,0.0009304446170815353,0.0002648367450270963,9.450328027145304
29,5.803869246164109,2.291666666666667,0.2,0.5,0.5,0.6863315399923156,0.31240102219245175,0.0009774002962543939,0.0002900375189785143,9.450328027145304
30,6.00400266844563,2.291666666666667,0.2,0.5,0.5,0.6776473068813402,0.3210058948744412,0.0010284312746477694,0.0003183669695710201,9.450328027145304
31,6.204136090727151,2.291666666666667,0.2,0.5,0.5,0.668836668207198,0.32972904093556715,0.0010840118687547474,0.00035027898848024794,9.450328027145304
32,6.404269513008672,2.291666666666667,0.2,0.5,0.5,0.6599037936527066,0.3385652181619364,0.00114468283660493,0.0003863053487522103,9.450328027145304
33,6.604402935290193,2.291666666666667,0.2,0.5,0.5,0.6508531184334299,0.3475087500195852,0.0012110617460621964,0.00042706980092291477,9.450328027145304
34,6.804536357571714,2.291666666666667,0.2,0.5,0.5,0.6416893400548292,0.35655351264986895,0.0012838498621906634,0.0004732974331112736,9.450328027145304
35,7.004669779853235,2.291666666666667,0.2,0.5,0.5,0.6324173807171911,0.36569291024120276,0.0013638571615992494,0.000525851880006971,9.450328027145304
36,7.204803202134756,2.291666666666667,0.2,0.5,0.5,0.6230423891981274,0.37491986642020436,0.0014520056109706492,0.000585738770697716,9.450328027145304
37,7.404936624416277,2.291666666666667,0.2,0.5,0.5,0.6135696938329278,0.3842267814262087,0.0015493641343548338,0.0006541606065087575,9.450328027145304
38,7.605070046697798,2.291666666666667,0.2,0.5,0.5,0.6040047948174083,0.39360552253777853,0.001657156186018254,0.0007325264587949443,9.450328027145304
39,7.805203468979319,2.291666666666667,0.2,0.5,0.5,0.5943533111888294,0.40304736007422043,0.0017768037800421205,0.0008225249569081462,9.450328027145304
40,8.005336891260841,2.291666666666667,0.2,0.5,0.5,0.5846209547820184,0.4125429399322657,0.0019099485851595632,0.0009261567005564202,9.450328027145304
41,8.205470313542362,2.291666666666667,0.2,0.5,0.5,0.5748134858861055,0.42208221893533726,0.002058492208882688,0.0010458029696746897,9.450328027145304
42,8.405603735823883,2.291666666666667,0.2,0.5,0.5,0.5649366428776869,0.43165435923251133,0.002224660259883185,0.0011843376299186092,9.450328027145304
43,8.605737158105404,2.291666666666667,0.2,0.5,0.5,0.5549960977337537,0.44124765343570754,0.002411045363787536,0.0013452034667512628,9.450328027145304
44,8.805870580386925,2.291666666666667,0.2,0.5,0.5,0.5449973906758812,0.45084941449439236,0.002620669859808766,0.0015325249699177164,9.450328027145304
45,9.006004002668446,2.291666666666667,0.2,0.5,0.5,0.5349458343169544,0.46044577942711773,0.002857085583880343,0.0017513006720474285,9.450328027145304
46,9.206137424949967,2.291666666666667,0.2,0.5,0.5,0.5248464396551694,0.4700215664824233,0.0031244493020415706,0.002007544560365768,9.450328027145304
47,9.406270847231488,2.291666666666667,0.2,0.5,0.5,0.5147037856637936,0.4795599631609857,0.0034276698516222427,0.0023085813235985673,9.450328027145304
48,9.606404269513009,2.291666666666667,0.2,0.5,0.5,0.5045219070190755,0.48904225819702335,0.003772532267183169,0.0026633025167180774,9.450328027145304
49,9.80653769179453,2.291666666666667,0.2,0.5,0.5,0.49430414883801044,0.49844746165110326,0.0041658662898558406,0.003082523221030576,9.450328027145304
50,10.00667111407605,2.291666666666667,0.2,0.5,0.5,0.4840529881178669,0.5077517995353006,0.0046157609887884895,0.003579451358044059,9.450328027145304
51,10.206804536357572,2.291666666666667,0.2,0.5,0.5,0.47376983170399184,0.5169281105234378,0.005131812208568456,0.004170245564002006,9.450328027145304
52,10.406937958639093,2.291666666666667,0.2,0.5,0.5,0.4634547874988879,0.5259451245240219,0.005725407887779913,0.00487468008931037,9.450328027145304
53,10.607071380920614,2.291666666666667,0.2,0.5,0.5,0.45310637384700037,0.534766473176182,0.006410100827967509,0.005717052148850195,9.450328027145304
54,10.807204803202135,2.291666666666667,0.2,0.5,0.5,0.44272121041065365,0.5433495995152967,0.007202009628900909,0.0067271804451488745,9.450328027145304
55,11.007338225483656,2.291666666666667,0.2,0.5,0.5,0.43229363738439025,0.5516443043881843,0.008120325656828407,0.007941732570597132,9.450328027145304
56,11.207471647765177,2.291666666666667,0.2,0.5,0.5,0.4218152862289673,0.5595910197122567,0.009187894413028362,0.009405799645747889,9.450328027145304
57,11.407605070046698,2.291666666666667,0.2,0.5,0.5,0.41127459544716816,0.5671187082754824,0.010431886464883895,0.011174809812465752,9.450328027145304
58,11.607738492328219,2.291666666666667,0.2,0.5,0.5,0.40065627350028793,0.5741423467400698,0.011884562260052666,0.013316817499589937,9.450328027145304
59,11.80787191460974,2.291666666666667,0.2,0.5,0.5,0.38994072522708983,0.5805599577036124,0.013584119408321734,0.01591519766097636,9.450328027145304
60,12.00800533689126,2.291666666666667,0.2,0.5,0.5,0.37910346816596036,0.5862491597013411,0.01557560319817122,0.019071768934527576,9.450328027145304
61,12.208138759172781,2.291666666666667,0.2,0.5,0.5,0.368114603815766,0.5910633831174824,0.017911809828743432,0.022910203238008308,9.450328027145304
62,12.408272181454302,2.291666666666667,0.2,0.5,0.5,0.35693841794581277,0.5948277849234708,0.02065411982379348,0.027579677306923147,9.450328027145304
63,12.608405603735823,2.291666666666667,0.2,0.5,0.5,0.34553326027154857,0.5973352846099644,0.023873092191040297,0.03325836292744696,9.450328027145304
64,12.808539026017344,2.291666666666667,0.2,0.5,0.5,0.3338518920137013,0.5983432348300936,0.027648615320191597,0.0401562578360137,9.450328027145304
65,13.008672448298865,2.291666666666667,0.2,0.5,0.5,0.32184261685451004,0.5975717376046829,0.032069256069091785,0.04851638947171555,9.450328027145304
66,13.208805870580386,2.291666666666667,0.2,0.5,0.5,0.3094514761566937,0.5947048484505052,0.03723045428445554,0.05861322110834579,9.450328027145304
67,13.408939292861907,2.291666666666667,0.2,0.5,0.5,0.2966259819646086,0.5893966832402577,0.043230975892682856,0.07074635890245105,9.450328027145304
68,13.609072715143428,2.291666666666667,0.2,0.5,0.5,0.283320725090467,0.5812847138956829,0.05016711232945373,0.08522744868439677,9.450328027145304
69,13.80920613742495,2.291666666666667,0.2,0.5,0.5,0.2695050545370694,0.5700126490879519,0.05812420168351593,0.10235809469146308,9.450328027145304
70,14.00933955970647,2.291666666666667,0.2,0.5,0.5,0.255172667143394,0.5552648738722498,0.06716534398146305,0.12239711500289353,9.450328027145304
71,14.209472981987991,2.291666666666667,0.2,0.5,0.5,0.24035224436720568,0.5368125354992168,0.07731788710487635,0.1455173330287014,9.450328027145304
72,14.409606404269512,2.291666666666667,0.2,0.5,0.5,0.22511742505523233,0.5145680654208471,0.08855921927689103,0.17175529024702976,9.450328027145304
73,14.609739826551033,2.291666666666667,0.2,0.5,0.5,0.20959352374135554,0.4886401455337912,0.10080456245070821,0.20096176827414527,9.450328027145304
74,14.809873248832554,2.291666666666667,0.2,0.5,0.5,0.1939581051136588,0.4593767433705884,0.11390018251494728,0.23276496900080573,9.450328027145304
75,15.010006671114075,2.291666666666667,0.2,0.5,0.5,0.17843305762522635,0.42738082849469095,0.12762548271356994,0.26656063116651313,9.450328027145304
76,15.210140093395596,2.291666666666667,0.2,0.5,0.5,0.163267708659664,0.39348625390186237,0.1417059211434139,0.3015401162950601,9.450328027145304
77,15.410273515677117,2.291666666666667,0.2,0.5,0.5,0.14871522645524832,0.358690303441924,0.15583593991559785,0.33675853018723023,9.450328027145304
78,15.610406937958638,2.291666666666667,0.2,0.5,0.5,0.13500687059783725,0.32405198792782375,0.1697081142889634,0.371233027185376,9.450328027145304
79,15.810540360240159,2.291666666666667,0.2,0.5,0.5,0.12232974220945969,0.2905776419315282,0.18304248084119681,0.4040501350178157,9.450328027145304
80,16.010673782521682,2.291666666666667,0.2,0.5,0.5,0.11081247576059716,0.2591194773743057,0.19561009773202515,0.4344579491330724,9.450328027145304
81,16.210807204803203,2.291666666666667,0.2,0.5,0.5,0.10052076947825905,0.23030793532990382,0.20724685796423561,0.461924437227602,9.450328027145304
82,16.410940627084724,2.291666666666667,0.2,0.5,0.5,0.09146180455791432,0.20452666566177435,0.2178566545225168,0.48615487525779505,9.450328027145304
83,16.611074049366245,2.291666666666667,0.2,0.5,0.5,0.08359472610193934,0.18192630330327592,0.2274056752480605,0.5070732953467249,9.450328027145304
84,16.811207471647766,2.291666666666667,0.2,0.5,0.5,0.0768438253644785,0.16246478603642006,0.23591107539368977,0.5247803132054123,9.450328027145304
85,17.011340893929287,2.291666666666667,0.2,0.5,0.5,0.0711116237470778,0.14595968952421245,0.24342739831965082,0.5395012884090595,9.450328027145304
86,17.211474316210808,2.291666666666667,0.2,0.5,0.5,0.06629008369184292,0.13214044440701814,0.25003337638888384,0.5515360955122558,9.450328027145304
87,17.41160773849233,2.291666666666667,0.2,0.5,0.5,0.06226921681920113,0.12069293328002371,0.25582066522468067,0.5612171846760952,9.450328027145304
88,17.61174116077385,2.291666666666667,0.2,0.5,0.5,0.058943034462937194,0.11129319752366547,0.2608851660585982,0.5688786019547998,9.450328027145304
89,17.81187458305537,2.291666666666667,0.2,0.5,0.5,0.05621322905278303,0.10363022927406824,0.26532091414324066,0.5748356275299087,9.450328027145304
90,18.01200800533689,2.291666666666667,0.2,0.5,0.5,0.053991100865219244,0.09741949596819201,0.26921617754617216,0.5793732256204172,9.450328027145304
91,18.212141427618413,2.291666666666667,0.2,0.5,0.5,0.05219824631208605,0.09240948369328295,0.2726512716313689,0.5827409983632627,9.450328027145304
92,18.412274849899934,2.291666666666667,0.2,0.5,0.5,0.050766432018043706,0.08838343141969368,0.2756976156441922,0.5851525209180709,9.450328027145304
93,18.612408272181455,2.291666666666667,0.2,0.5,0.5,0.049636981613477835,0.08515806138591632,0.2784176231740015,0.5867873338266048,9.450328027145304
94,18.812541694462976,2.291666666666667,0.2,0.5,0.5,0.04875990498729497,0.08258064533823674,0.2808651125348751,0.5877943371395935,9.450328027145304
95,19.012675116744497,2.291666666666667,0.2,0.5,0.5,0.04809292500446983,0.08052532982963319,0.28308600810319895,0.5882957370626984,9.450328027145304
96,19.212808539026017,2.291666666666667,0.2,0.5,0.5,0.047600496514120245,0.07888929834618598,0.2851191772230559,0.5883910279166382,9.450328027145304
97,19.41294196130754,2.291666666666667,0.2,0.5,0.5,0.047252875732373974,0.07758911416494582,0.28699729989698963,0.5881607102056909,9.450328027145304
98,19.61307538358906,2.291666666666667,0.2,0.5,0.5,0.047025268727537484,0.07655741511300619,0.2887477105460195,0.5876696056134372,9.450328027145304
99,19.81320880587058,2.291666666666667,0.2,0.5,0.5,0.04689707248486906,0.07574003028671718,0.29039317662433495,0.5869697206040793,9.450328027145304
100,20.0133422281521,2.291666666666667,0.2,0.5,0.5,0.046851212000958965,0.07509353570412503,0.291952595094878,0.5861026572000384,9.450328027145304
101,20.213475650433622,2.291666666666667,0.2,0.5,0.5,0.04687356552022565,0.07458319554697244,0.2934416086237145,0.5851016303090878,9.450328027145304
102,20.413609072715143,2.291666666666667,0.2,0.5,0.5,0.04695247493085403,0.07418127228127636,0.2948731362640513,0.5839931165238187,9.450328027145304
103,20.613742494996664,2.291666666666667,0.2,0.5,0.5,0.04707833070043055,0.07386564785671902,0.296257826912641,0.5827981945302098,9.450328027145304
104,20.813875917278185,2.291666666666667,0.2,0.5,0.5,0.04724322194798944,0.07361869948968215,0.29760444449024387,0.5815336340720849,9.450328027145304
105,21.014009339559706,2.291666666666667,0.2,0.5,0.5,0.04744064327618122,0.07342639465448898,0.2989201919561723,0.5802127701131579,9.450328027145304
106,21.214142761841227,2.291666666666667,0.2,0.5,0.5,0.047665250049092875,0.07327756421887298,0.3002109825498202,0.5788462031822142,9.450328027145304
107,21.41427618412275,2.291666666666667,0.2,0.5,0.5,0.04791265493681002,0.07316331972532482,0.3014816657431845,0.577442359594681,9.450328027145304
108,21.61440960640427,2.291666666666667,0.2,0.5,0.5,0.04817925924794689,0.07307658828172243,0.3027362147931851,0.576007937677146,9.450328027145304
109,21.81454302868579,2.291666666666667,0.2,0.5,0.5,0.04846211294999828,0.07301174056105808,0.3039778824543479,0.574548264034596,9.450328027145304
110,22.01467645096731,2.291666666666667,0.2,0.5,0.5,0.048758799480414027,0.0729642960800958,0.30520932917725635,0.5730675752622342,9.450328027145304
111,22.214809873248832,2.291666666666667,0.2,0.5,0.5,0.04906734050101906,0.07293068750553194,0.30643272908728986,0.5715692429061596,9.450328027145304
112,22.414943295530353,2.291666666666667,0.2,0.5,0.5,0.04938611744839749,0.0729080733892328,0.3076498572542875,0.5700559519080826,9.450328027145304
113,22.615076717811874,2.291666666666667,0.2,0.5,0.5,0.04971380707327955,0.07289418982977605,0.30886216135645717,0.5685298417404876,9.450328027145304
114,22.815210140093395,2.291666666666667,0.2,0.5,0.5,0.05004932834145155,0.0728872319739336,0.3100708206837199,0.5669926190008954,9.450328027145304
115,23.015343562374916,2.291666666666667,0.2,0.5,0.5,0.05039179891723636,0.07288576030930512,0.3112767944545312,0.5654456463189277,9.450328027145304
116,23.215476984656437,2.291666666666667,0.2,0.5,0.5,0.05074049998363761,0.07288862769016262,0.31248086084651966,0.5638900114796804,9.450328027145304
117,23.415610406937958,2.291666666666667,0.2,0.5,0.5,0.05109484517746146,0.07289491531346036,0.31368365144672944,0.5623265880623491,9.450328027145304
118,23.61574382921948,2.291666666666667,0.2,0.5,0.5,0.051454358041208466,0.07290388959979963,0.31488567621226327,0.5607560761467291,9.450328027145304
119,23.815877251501,2.291666666666667,0.2,0.5,0.5,0.051818652090921014,0.07291496474046541,0.3160873455185107,0.5591790376501033,9.450328027145304
120,24.01601067378252,2.291666666666667,0.2,0.5,0.5,0.05218741432393702,0.07292767179987718,0.31728898840409253,0.5575959254720937,9.450328027145304
121,24.216144096064042,2.291666666666667,0.2,0.5,0.5,0.05256039185869569,0.07294163436242786,0.31849086734014875,0.5560071064387281,9.450328027145304
122,24.416277518345563,2.291666666666667,0.2,0.5,0.5,0.05293738154882491,0.0729565511104112,0.3196931896776926,0.5544128776630717,9.450328027145304
123,24.616410940627084,2.291666666666667,0.2,0.5,0.5,0.053318220847340496,0.07297218026325536,0.3208961177228635,0.552813481166541,9.450328027145304
124,24.816544362908605,2.291666666666667,0.2,0.5,0.5,0.05370277925059526,0.07298832517337898,0.322099778169186,0.5512091174068402,9.450328027145304
125,25.016677785190126,2.291666666666667,0.2,0.5,0.5,0.0540909549296348,0.07300482992707749,0.32330426578362653,0.5495999493596617,9.450328027145304
126,25.216811207471647,2.291666666666667,0.2,0.5,0.5,0.054482667916290486,0.0730215679182763,0.32450965091596906,0.5479861132494647,9.450328027145304
127,25.416944629753168,2.291666666666667,0.2,0.5,0.5,0.054877856402308724,0.07303843643499375,0.325715983559896,0.5463677236028021,9.450328027145304
128,25.61707805203469,2.291666666666667,0.2,0.5,0.5,0.055276473917558654,0.07305535247691203,0.32692329644964446,0.5447448771558854,9.450328027145304
129,25.81721147431621,2.291666666666667,0.2,0.5,0.5,0.05567848590218125,0.07307224774167101,0.3281316088199178,0.5431176575362304,9.450328027145304
130,26.01734489659773,2.291666666666667,0.2,0.5,0.5,0.056083868268124025,0.07308906711361175,0.32934092796735054,0.5414861366509143,9.450328027145304
131,26.21747831887925,2.291666666666667,0.2,0.5,0.5,0.05649260538580456,0.07310576549702945,0.3305512514638238,0.5398503776533428,9.450328027145304
132,26.417611741160773,2.291666666666667,0.2,0.5,0.5,0.056904688019524946,0.07312230510570933,0.33176256941126925,0.538210437463497,9.450328027145304
133,26.617745163442294,2.291666666666667,0.2,0.5,0.5,0.05732011296145037,0.07313865508469762,0.3329748648373801,0.5365663671164724,9.450328027145304
134,26.817878585723815,2.291666666666667,0.2,0.5,0.5,0.05773888101446818,0.07315478865842912,0.33418811590549613,0.5349182144216071,9.450328027145304
135,27.018012008005336,2.291666666666667,0.2,0.5,0.5,0.05816099716059197,0.0731706840243378,0.33540229570632646,0.5332660231087443,9.450328027145304
136,27.218145430286857,2.291666666666667,0.2,0.5,0.5,0.058586470441435404,0.07318632376335295,0.3366173724038261,0.5316098333913861,9.450328027145304
137,27.418278852568378,2.291666666666667,0.2,0.5,0.5,0.05901531126467694,0.07320169154547566,0.33783331216302703,0.5299496850268209,9.450328027145304
138,27.6184122748499,2.291666666666667,0.2,0.5,0.5,0.059447532672746654,0.07321677373348413,0.33905007776905965,0.5282856158247101,9.450328027145304
139,27.81854569713142,2.291666666666667,0.2,0.5,0.5,0.05988314917599852,0.07323155799971348,0.3402676298913365,0.5266176629329521,9.450328027145304
140,28.01867911941294,2.291666666666667,0.2,0.5,0.5,0.060322175608279315,0.07324603218722525,0.3414859287664887,0.5249458634380074,9.450328027145304
141,28.21881254169446,2.291666666666667,0.2,0.5,0.5,0.06076463248090048,0.07326018975349657,0.34270492621164594,0.5232702515539577,9.450328027145304
142,28.418945963975982,2.291666666666667,0.2,0.5,0.5,0.06121053501481822,0.073274019042518,0.3439245817548978,0.5215908641877666,9.450328027145304
143,28.619079386257503,2.291666666666667,0.2,0.5,0.5,0.0616599034387863,0.07328751315959299,0.34514484725671085,0.5199077361449106,9.450328027145304
144,28.819212808539024,2.291666666666667,0.2,0.5,0.5,0.06211275754440443,0.07330066464693381,0.3463656748165127,0.5182209029921497,9.450328027145304
145,29.019346230820545,2.291666666666667,0.2,0.5,0.5,0.06256911740773452,0.07331346640340636,0.34758701634864714,0.5165303998402128,9.450328027145304
146,29.219479653102066,2.291666666666667,0.2,0.5,0.5,0.06302900394708603,0.07332591181626551,0.3488088214982709,0.5148362627383783,9.450328027145304
147,29.419613075383587,2.291666666666667,0.2,0.5,0.5,0.06349243827801099,0.0733379943864747,0.350031039377112,0.5131385279584031,9.450328027145304
148,29.61974649766511,2.291666666666667,0.2,0.5,0.5,0.06395944136746176,0.07334970755940802,0.3512536195175325,0.5114372315555986,9.450328027145304
149,29.81987991994663,2.291666666666667,0.2,0.5,0.5,0.06443003550938686,0.07336104582722562,0.3524765080388508,0.5097324106245376,9.450328027145304
150,30.02001334222815,2.291666666666667,0.2,0.5,0.5,0.06490424271966459,0.07337200346273513,0.353699651775584,0.5080241020420171,9.450328027145304
151,30.22014676450967,2.291666666666667,0.2,0.5,0.5,0.06538208499278957,0.07338257470802739,0.35492299726442855,0.5063123430347553,9.450328027145304
152,30.420280186791192,2.291666666666667,0.2,0.5,0.5,0.06586358483448862,0.07339275416623119,0.3561464886509828,0.5045971723482982,9.450328027145304
153,30.620413609072713,2.291666666666667,0.2,0.5,0.5,0.06634876451453917,0.07340253627384519,0.3573700711844103,0.5028786280272062,9.450328027145304
154,30.820547031354234,2.291666666666667,0.2,0.5,0.5,0.06683764644583999,0.07341191553541776,0.3585936887682214,0.5011567492505217,9.450328027145304
155,31.020680453635755,2.291666666666667,0.2,0.5,0.5,0.06733025318382906,0.07342088652780471,0.3598172840586,0.4994315762297671,9.450328027145304
156,31.220813875917276,2.291666666666667,0.2,0.5,0.5,0.06782660717465798,0.07342944377282909,0.3610408006637107,0.4977031483888031,9.450328027145304
157,31.420947298198797,2.291666666666667,0.2,0.5,0.5,0.06832673104365337,0.07343758192049779,0.36226418022367335,0.49597150681217633,9.450328027145304
158,31.621080720480318,2.291666666666667,0.2,0.5,0.5,0.06883064746876083,0.07344529565845843,0.3634873638006817,0.4942366930720999,9.450328027145304
159,31.82121414276184,2.291666666666667,0.2,0.5,0.5,0.06933837905878129,0.07345257962713823,0.3647102931371516,0.4924987481769297,9.450328027145304
160,32.021347565043364,2.291666666666667,0.2,0.5,0.5,0.0698499484534339,0.07345942853880184,0.365932907879258,0.49075771512850713,9.450328027145304
161,32.22148098732488,2.291666666666667,0.2,0.5,0.5,0.07036537829191114,0.07346583710449033,0.36715514770887836,0.489013636894721,9.450328027145304
162,32.421614409606406,2.291666666666667,0.2,0.5,0.5,0.0708846911962821,0.07347180001914466,0.368376952601857,0.48726655618271714,9.450328027145304
163,32.62174783188792,2.291666666666667,0.2,0.5,0.5,0.07140790969541129,0.07347731199155776,0.3695982604192985,0.48551651789373335,9.450328027145304
164,32.82188125416945,2.291666666666667,0.2,0.5,0.5,0.07193505633853953,0.0734823677274942,0.37081900948462926,0.4837635664493379,9.450328027145304
165,33.022014676450965,2.291666666666667,0.2,0.5,0.5,0.0724661536205337,0.07348696193341565,0.3720391378732661,0.4820077465727854,9.450328027145304
166,33.22214809873249,2.291666666666667,0.2,0.5,0.5,0.07300122372163605,0.07349108932858807,0.373258581054742,0.48024910589503467,9.450328027145304
167,33.42228152101401,2.291666666666667,0.2,0.5,0.5,0.07354028900157904,0.07349474462497264,0.37447727598522107,0.4784876903882281,9.450328027145304
168,33.62241494329553,2.291666666666667,0.2,0.5,0.5,0.0740833718536234,0.07349792253316612,0.3756951598985652,0.4767235457146461,9.450328027145304
169,33.82254836557705,2.291666666666667,0.2,0.5,0.5,0.07463049467101858,0.07350061776376633,0.3769121700285086,0.47495671753670726,9.450328027145304
170,34.02268178785857,2.291666666666667,0.2,0.5,0.5,0.07518167956478572,0.07350282505510719,0.3781282404051922,0.47318725497491565,9.450328027145304
171,34.22281521014009,2.291666666666667,0.2,0.5,0.5,0.07573694851067776,0.07350453915881608,0.37934330352331874,0.4714152088071882,9.450328027145304
172,34.422948632421615,2.291666666666667,0.2,0.5,0.5,0.07629632368917823,0.07350575480640048,0.38055729420150136,0.4696406273029207,9.450328027145304
173,34.62308205470313,2.291666666666667,0.2,0.5,0.5,0.07685982728077058,0.07350646672936785,0.3817701472583529,0.4678635587315094,9.450328027145304
174,34.82321547698466,2.291666666666667,0.2,0.5,0.5,0.07742748137548414,0.07350666966585188,0.382981796990882,0.46608405196778274,9.450328027145304
175,35.023348899266175,2.291666666666667,0.2,0.5,0.5,0.07799930733385119,0.07350635840742568,0.3841921734894487,0.4643021607692752,9.450328027145304
176,35.2234823215477,2.291666666666667,0.2,0.5,0.5,0.07857532683363476,0.07350552772242355,0.3854012086737257,0.4625179367702168,9.450328027145304
177,35.42361574382922,2.291666666666667,0.2,0.5,0.5,0.07915556167594719,0.07350417237014385,0.3866088351746805,0.46073143077922923,9.450328027145304
178,35.62374916611074,2.291666666666667,0.2,0.5,0.5,0.07974003366190091,0.0735022871098849,0.38781498562328076,0.4589426936049342,9.450328027145304
179,35.82388258839226,2.291666666666667,0.2,0.5,0.5,0.08032876290358591,0.07349986681894143,0.38901958756412275,0.4571517827133507,9.450328027145304
180,36.02401601067378,2.291666666666667,0.2,0.5,0.5,0.08092177273111562,0.07349690614979461,0.39022257823265216,0.4553587428864384,9.450328027145304
181,36.2241494329553,2.291666666666667,0.2,0.5,0.5,0.08151908197165625,0.07349340006950487,0.3914238813040085,0.4535636366548312,9.450328027145304
182,36.424282855236825,2.291666666666667,0.2,0.5,0.5,0.08212071209750892,0.07348934336034159,0.39262342841896736,0.45176651612318297,9.450328027145304
183,36.62441627751834,2.291666666666667,0.2,0.5,0.5,0.0827266843919565,0.07348473082059409,0.3938211506664779,0.44996743412097234,9.450328027145304
184,36.82454969979987,2.291666666666667,0.2,0.5,0.5,0.0833370191587374,0.07347955736358876,0.3950169764735405,0.44816644700413416,9.450328027145304
185,37.024683122081385,2.291666666666667,0.2,0.5,0.5,0.08395173665981093,0.07347381790022962,0.3962108341083491,0.4463636113316112,9.450328027145304
186,37.22481654436291,2.291666666666667,0.2,0.5,0.5,0.08457085712479975,0.07346750733781562,0.3974026517054954,0.4445589838318901,9.450328027145304
187,37.42494996664443,2.291666666666667,0.2,0.5,0.5,0.08519440055169844,0.07346062060500279,0.3985923567340078,0.4427526221092918,9.450328027145304
188,37.62508338892595,2.291666666666667,0.2,0.5,0.5,0.08582238670687373,0.07345315265180424,0.3997798759973519,0.440944584643971,9.450328027145304
189,37.82521681120747,2.291666666666667,0.2,0.5,0.5,0.08645483529243735,0.07344509846771809,0.400965136335098,0.43913492990474734,9.450328027145304
190,38.02535023348899,2.291666666666667,0.2,0.5,0.5,0.08709176618549301,0.07343645310763984,0.40214806562590155,0.4373237150809664,9.450328027145304
191,38.22548365577051,2.291666666666667,0.2,0.5,0.5,0.08773319882110787,0.07342721162503314,0.4033285902007718,0.43551099935308796,9.450328027145304
192,38.425617078052035,2.291666666666667,0.2,0.5,0.5,0.088379152437586,0.07341736909849479,0.40450663587131663,0.4336968425926034,9.450328027145304
193,38.62575050033355,2.291666666666667,0.2,0.5,0.5,0.08902964609258539,0.07340692063350049,0.4056821279973095,0.4318813052766054,9.450328027145304
194,38.82588392261508,2.291666666666667,0.2,0.5,0.5,0.0896846986544016,0.07339586136279208,0.40685499151691157,0.43006444846589553,9.450328027145304
195,39.026017344896594,2.291666666666667,0.2,0.5,0.5,0.09034432839488911,0.07338418646446493,0.40802515235804815,0.4282463327825986,9.450328027145304
196,39.22615076717812,2.291666666666667,0.2,0.5,0.5,0.09100855335522604,0.07337189114571623,0.40919253617027107,0.42642701932878746,9.450328027145304
197,39.426284189459636,2.291666666666667,0.2,0.5,0.5,0.09167739149830614,0.07335897063607391,0.41035706779640074,0.42460657006922,9.450328027145304
198,39.62641761174116,2.291666666666667,0.2,0.5,0.5,0.09235086055502029,0.07334542019422663,0.4115186718054833,0.42278504744527057,9.450328027145304
199,39.82655103402268,2.291666666666667,0.2,0.5,0.5,0.09302897802425629,0.07333123510802383,0.4126772724927899,0.42096251437493076,9.450328027145304
200,40.0266844563042,2.291666666666667,0.2,0.5,0.5,0.09371176115284542,0.07331641071579095,0.4138327939578698,0.4191390341734945,9.450328027145304
201,40.22681787858572,2.291666666666667,0.2,0.5,0.5,0.09439922687127222,0.07330094247466412,0.4149851603547793,0.41731467029928515,9.450328027145304
202,40.426951300867245,2.291666666666667,0.2,0.5,0.5,0.09509139191290468,0.07328482583385904,0.4161342954280155,0.4154894868252215,9.450328027145304
203,40.62708472314876,2.291666666666667,0.2,0.5,0.5,0.09578827277660056,0.07326805627441718,0.41728012265805964,0.4136635482909234,9.450328027145304
204,40.82721814543029,2.291666666666667,0.2,0.5,0.5,0.09648988571983533,0.07325062931651016,0.41842256528812444,0.4118369196755308,9.450328027145304
205,41.027351567711804,2.291666666666667,0.2,0.5,0.5,0.09719625632474825,0.07323253856388579,0.4195615540942288,0.4100096510171379,9.450328027145304
206,41.22748498999333,2.291666666666667,0.2,0.5,0.5,0.09790737594280967,0.07321378467614911,0.4206969922831012,0.40818184709794075,9.450328027145304
207,41.427618412274846,2.291666666666667,0.2,0.5,0.5,0.09862327742889232,0.07319435985267875,0.4218288168703455,0.40635354584808414,9.450328027145304
208,41.62775183455637,2.291666666666667,0.2,0.5,0.5,0.09934397505167986,0.07317426005200008,0.4229569496120089,0.4045248152843119,9.450328027145304
209,41.82788525683789,2.291666666666667,0.2,0.5,0.5,0.10006948307985584,0.0731534812326385,0.42408131226413837,0.402695723423368,9.450328027145304
210,42.02801867911941,2.291666666666667,0.2,0.5,0.5,0.10079981578210395,0.0731320193531194,0.425201826582781,0.40086633828199636,9.450328027145304
211,42.22815210140093,2.291666666666667,0.2,0.5,0.5,0.10153498726100156,0.07310987038831783,0.4263184144785872,0.3990367278720942,9.450328027145304
212,42.428285523682455,2.291666666666667,0.2,0.5,0.5,0.10227501040482105,0.07308703043263146,0.4274309989924211,0.3972069601701272,9.450328027145304
213,42.62841894596397,2.291666666666667,0.2,0.5,0.5,0.10301989857273439,0.07306349553410786,0.42853950272685726,0.3953771031663013,9.450328027145304
214,42.8285523682455,2.291666666666667,0.2,0.5,0.5,0.10376966529647634,0.07303926172380946,0.42964384812385764,0.3935472248558573,9.450328027145304
215,43.028685790527014,2.291666666666667,0.2,0.5,0.5,0.10452432347852395,0.07301432513786432,0.4307439575897638,0.3917173937938487,9.450328027145304
216,43.22881921280854,2.291666666666667,0.2,0.5,0.5,0.10528388458746898,0.07298868215181288,0.4318397534497497,0.3898876798109692,9.450328027145304
217,43.428952635090056,2.291666666666667,0.2,0.5,0.5,0.10604836104540981,0.07296232898199087,0.43293115808296406,0.38805815188963605,9.450328027145304
218,43.62908605737158,2.291666666666667,0.2,0.5,0.5,0.10681776533032192,0.07293526183546874,0.43401809387188406,0.3862288789623261,9.450328027145304
219,43.8292194796531,2.291666666666667,0.2,0.5,0.5,0.10759210834118435,0.07290747725861596,0.43510048330373846,0.38439993109646203,9.450328027145304
220,44.02935290193462,2.291666666666667,0.2,0.5,0.5,0.1083714002393335,0.07287897195630866,0.43617824891469203,0.38257137888966664,9.450328027145304
221,44.22948632421614,2.291666666666667,0.2,0.5,0.5,0.10915565215596082,0.07284974242501786,0.43725131317656835,0.3807432922424538,9.450328027145304
222,44.429619746497664,2.291666666666667,0.2,0.5,0.5,0.10994487507745236,0.07281978518901212,0.438319598597595,0.37891574113594134,9.450328027145304
223,44.62975316877918,2.291666666666667,0.2,0.5,0.5,0.11073907758330642,0.07278909723459731,0.4393830282910851,0.377088796891012,9.450328027145304
224,44.829886591060706,2.291666666666667,0.2,0.5,0.5,0.11153826871477682,0.07275767545943858,0.44044152525426783,0.3752625305715176,9.450328027145304
225,45.030020013342224,2.291666666666667,0.2,0.5,0.5,0.11234245809439027,0.07272551664961718,0.44149501233824145,0.37343701291775194,9.450328027145304
226,45.23015343562375,2.291666666666667,0.2,0.5,0.5,0.11315165478858007,0.07269261769717353,0.44254341259629654,0.37161231491795066,9.450328027145304
227,45.430286857905266,2.291666666666667,0.2,0.5,0.5,0.11396586540910658,0.07265897596186585,0.44358664997422675,0.3697885086548016,9.450328027145304
228,45.63042028018679,2.291666666666667,0.2,0.5,0.5,0.11478509779156011,0.0726245885702616,0.4446246479728493,0.3679656656653298,9.450328027145304
229,45.83055370246831,2.291666666666667,0.2,0.5,0.5,0.115609359991002,0.07258945260710983,0.44565733001318286,0.36614385738870614,9.450328027145304
230,46.03068712474983,2.291666666666667,0.2,0.5,0.5,0.11643865853860419,0.07255356546012033,0.4466846202432639,0.36432315575801244,9.450328027145304
231,46.23082054703135,2.291666666666667,0.2,0.5,0.5,0.11727299861267006,0.07251692478596343,0.44770644345655575,0.36250363314481165,9.450328027145304
232,46.430953969312874,2.291666666666667,0.2,0.5,0.5,0.1181123866737976,0.07247952798637954,0.4487227238347643,0.3606853615050594,9.450328027145304
233,46.63108739159439,2.291666666666667,0.2,0.5,0.5,0.11895682903833998,0.07244137249206309,0.44973338564583826,0.35886841282375953,9.450328027145304
234,46.831220813875916,2.291666666666667,0.2,0.5,0.5,0.11980632935926758,0.07240245626818308,0.45073835474127705,0.35705285963127315,9.450328027145304
235,47.03135423615743,2.291666666666667,0.2,0.5,0.5,0.1206608917317958,0.07236277719116095,0.45173755670963706,0.35523877436740703,9.450328027145304
236,47.23148765843896,2.291666666666667,0.2,0.5,0.5,0.12152052091443342,0.0723223330043117,0.45273091674510474,0.353426229336151,9.450328027145304
237,47.431621080720475,2.291666666666667,0.2,0.5,0.5,0.12238522088373953,0.0722811216082108,0.45371836058672377,0.3516152969213267,9.450328027145304
238,47.631754503002,2.291666666666667,0.2,0.5,0.5,0.12325499293368687,0.07223914144293754,0.4546998158427463,0.34980604978063007,9.450328027145304
239,47.83188792528352,2.291666666666667,0.2,0.5,0.5,0.12412983985351403,0.07219639064785333,0.455675209079533,0.34799856041910043,9.450328027145304
240,48.03202134756504,2.291666666666667,0.2,0.5,0.5,0.12500976461426797,0.07215286732575545,0.4566444667367752,0.3461929013232022,9.450328027145304
241,48.23215476984656,2.291666666666667,0.2,0.5,0.5,0.12589476796364524,0.07210857002565772,0.45760751700723024,0.3443891450034676,9.450328027145304
242,48.432288192128084,2.291666666666667,0.2,0.5,0.5,0.12678484955131308,0.07206349751694356,0.4585642889494294,0.34258736398231476,9.450328027145304
243,48.6324216144096,2.291666666666667,0.2,0.5,0.5,0.1276800106023532,0.0720176482528177,0.4595147103797216,0.3407876307651083,9.450328027145304
244,48.832555036691126,2.291666666666667,0.2,0.5,0.5,0.12858025234184742,0.07197102068648485,0.46045870911445597,0.33899001785721256,9.450328027145304
245,49.03268845897264,2.291666666666667,0.2,0.5,0.5,0.12948557465679536,0.07192361354619943,0.46139621416405163,0.3371945976329544,9.450328027145304
246,49.23282188125417,2.291666666666667,0.2,0.5,0.5,0.13039597339625097,0.07187542639023645,0.4623271581422874,0.335401442071226,9.450328027145304
247,49.432955303535685,2.291666666666667,0.2,0.5,0.5,0.13131144706127967,0.07182645823173622,0.46325147129635463,0.33361062341063036,9.450328027145304
248,49.63308872581721,2.291666666666667,0.2,0.5,0.5,0.13223199442027594,0.07177670802888826,0.46416908363488724,0.3318222139159494,9.450328027145304
249,49.83322214809873,2.291666666666667,0.2,0.5,0.5,0.13315761392291858,0.07172617480512915,0.4650799254825108,0.33003628578944233,9.450328027145304
250,50.03335557038025,2.291666666666667,0.2,0.5,0.5,0.1340882996428945,0.0716748584797436,0.4659839315024418,0.328252910374921,9.450328027145304
251,50.23348899266177,2.291666666666667,0.2,0.5,0.5,0.1350240469271601,0.07162275871135405,0.46688103509550954,0.3264721592659771,9.450328027145304
252,50.433622414943294,2.291666666666667,0.2,0.5,0.5,0.13596485213957402,0.07156987495040387,0.46777116865433277,0.3246941042556902,9.450328027145304
253,50.63375583722481,2.291666666666667,0.2,0.5,0.5,0.1369107116438663,0.07151620664736244,0.46865426457167014,0.32291881713710197,9.450328027145304
254,50.833889259506336,2.291666666666667,0.2,0.5,0.5,0.13786161875673314,0.07146175387044529,0.4695302585649572,0.3211463688078651,9.450328027145304
255,51.03402268178785,2.291666666666667,0.2,0.5,0.5,0.13881756526663688,0.07140651699769725,0.4703990880191146,0.31937682971655207,9.450328027145304
256,51.23415610406938,2.291666666666667,0.2,0.5,0.5,0.13977854513581936,0.07135049596645794,0.47126068794721065,0.31761027095051286,9.450328027145304
257,51.4342895263509,2.291666666666667,0.2,0.5,0.5,0.1407445523265223,0.07129369071406697,0.47211499336231383,0.31584676359709773,9.450328027145304
258,51.63442294863242,2.291666666666667,0.2,0.5,0.5,0.14171557946376123,0.07123610145313197,0.4729619408420746,0.3140863782410331,9.450328027145304
259,51.834556370913944,2.291666666666667,0.2,0.5,0.5,0.14269161500821437,0.07117772925348943,0.4738014718365032,0.31232918390179387,9.450328027145304
260,52.03468979319546,2.291666666666667,0.2,0.5,0.5,0.14367264997246632,0.07111857465966588,0.4746335248098271,0.3105752505580415,9.450328027145304
261,52.234823215476986,2.291666666666667,0.2,0.5,0.5,0.1446586756367177,0.07105863816109911,0.475458037913158,0.30882464828902606,9.450328027145304
262,52.4349566377585,2.291666666666667,0.2,0.5,0.5,0.1456496820026179,0.07099792050713205,0.47627495093446215,0.3070774465557888,9.450328027145304
263,52.63509006004003,2.291666666666667,0.2,0.5,0.5,0.14664565579338645,0.07093642311355006,0.4770842078588905,0.30533371323417385,9.450328027145304
264,52.835223482321545,2.291666666666667,0.2,0.5,0.5,0.14764658590015492,0.07087414695544324,0.4778857498961412,0.3035935172482615,9.450328027145304
265,53.03535690460307,2.291666666666667,0.2,0.5,0.5,0.14865246137821056,0.07081109297453192,0.4786795180457537,0.3018569276015047,9.450328027145304
266,53.23549032688459,2.291666666666667,0.2,0.5,0.5,0.1496632696720076,0.07074726244173864,0.4794654554598599,0.30012401242639475,9.450328027145304
267,53.43562374916611,2.291666666666667,0.2,0.5,0.5,0.15067899484398342,0.07068265731916072,0.48024350981005803,0.2983948380267987,9.450328027145304
268,53.63575717144763,2.291666666666667,0.2,0.5,0.5,0.15169962336999462,0.0706172790756707,0.481013625542839,0.29666947201149657,9.450328027145304
269,53.835890593729154,2.291666666666667,0.2,0.5,0.5,0.15272514185228692,0.07055112915431129,0.4817757469357975,0.2949479820576052,9.450328027145304
270,54.03602401601067,2.291666666666667,0.2,0.5,0.5,0.15375553501310665,0.07048420938409222,0.482529820906892,0.2932304346959099,9.450328027145304
271,54.236157438292196,2.291666666666667,0.2,0.5,0.5,0.15479078437391355,0.07041652225115022,0.48327579886942496,0.2915168945055121,9.450328027145304
272,54.43629086057371,2.291666666666667,0.2,0.5,0.5,0.15583087392897937,0.07034806973394946,0.4840136287637585,0.28980742757331357,9.450328027145304
273,54.63642428285524,2.291666666666667,0.2,0.5,0.5,0.1568757877561644,0.07027885379379326,0.4847432584128592,0.288102100037184,9.450328027145304
274,54.836557705136755,2.291666666666667,0.2,0.5,0.5,0.15792550790213944,0.07020887680507235,0.4854646386492002,0.2864009766435888,9.450328027145304
275,55.03669112741828,2.291666666666667,0.2,0.5,0.5,0.1589800135784003,0.07013814171877318,0.48617772450598457,0.28470412019684277,9.450328027145304
276,55.2368245496998,2.291666666666667,0.2,0.5,0.5,0.16003928627069086,0.07006665102336337,0.4868824676467812,0.2830115950591654,9.450328027145304
277,55.43695797198132,2.291666666666667,0.2,0.5,0.5,0.1611033074719055,0.06999440720573886,0.4875788197284492,0.2813234655939073,9.450328027145304
278,55.63709139426284,2.291666666666667,0.2,0.5,0.5,0.16217205559338727,0.06992141336986378,0.4882667372919575,0.2796397937447923,9.450328027145304
279,55.837224816544364,2.291666666666667,0.2,0.5,0.5,0.16324550858385362,0.06984767271234117,0.488946177611515,0.27796064109229107,9.450328027145304
280,56.03735823882588,2.291666666666667,0.2,0.5,0.5,0.16432364572513297,0.069773188162824,0.4896170958484134,0.2762860702636305,9.450328027145304
281,56.237491661107406,2.291666666666667,0.2,0.5,0.5,0.1654064459099701,0.06969796272934317,0.4902794477954165,0.2746161435652711,9.450328027145304
282,56.43762508338892,2.291666666666667,0.2,0.5,0.5,0.166493884100213,0.06962200021177906,0.4909331956250221,0.27295092006298677,9.450328027145304
283,56.63775850567045,2.291666666666667,0.2,0.5,0.5,0.1675859364828083,0.06954530416322514,0.4915782995214277,0.2712904598325398,9.450328027145304
284,56.837891927951965,2.291666666666667,0.2,0.5,0.5,0.16868257995164748,0.06946787799436625,0.4922147185214791,0.26963482353250806,9.450328027145304
285,57.03802535023349,2.291666666666667,0.2,0.5,0.5,0.16978379026176554,0.06938972534456246,0.49284241358470865,0.2679840708089643,9.450328027145304
286,57.23815877251501,2.291666666666667,0.2,0.5,0.5,0.1708895395942992,0.0693108505707904,0.49346135170431804,0.26633825813059336,9.450328027145304
287,57.43829219479653,2.291666666666667,0.2,0.5,0.5,0.1719998022300433,0.0692312576084284,0.49407149632874037,0.2646974438327889,9.450328027145304
288,57.63842561707805,2.291666666666667,0.2,0.5,0.5,0.17311455267136583,0.06915095034836428,0.4946728105323353,0.2630616864479356,9.450328027145304
289,57.83855903935957,2.291666666666667,0.2,0.5,0.5,0.17423376311098332,0.06906993313800532,0.4952652614956682,0.26143104225534414,9.450328027145304
290,58.03869246164109,2.291666666666667,0.2,0.5,0.5,0.17535740375605469,0.06898821071721865,0.4958488199293204,0.25980556559740725,9.450328027145304
291,58.238825883922615,2.291666666666667,0.2,0.5,0.5,0.17648544679628167,0.06890578743400746,0.4964234530192172,0.25818531275049467,9.450328027145304
292,58.43895930620413,2.291666666666667,0.2,0.5,0.5,0.1776178644005445,0.06882266764047189,0.4969891279896693,0.25657033996931533,9.450328027145304
293,58.63909272848566,2.291666666666667,0.2,0.5,0.5,0.17875462544098336,0.06873885633808365,0.49754581809262516,0.25496070012830885,9.450328027145304
294,58.839226150767175,2.291666666666667,0.2,0.5,0.5,0.17989569811296147,0.06865435866162183,0.49809349781742707,0.2533564454079907,9.450328027145304
295,59.0393595730487,2.291666666666667,0.2,0.5,0.5,0.18104105218353728,0.06856917943628266,0.49863213877978807,0.25175762960039305,9.450328027145304
296,59.23949299533022,2.291666666666667,0.2,0.5,0.5,0.1821906572515971,0.06848332352001674,0.4991617129176186,0.25016430631076864,9.450328027145304
297,59.43962641761174,2.291666666666667,0.2,0.5,0.5,0.18334447917469948,0.06839679649946173,0.4996821993367634,0.24857652498907654,9.450328027145304
298,59.63975983989326,2.291666666666667,0.2,0.5,0.5,0.18450248431551902,0.06830960386287536,0.5001935761753251,0.24699433564628162,9.450328027145304
299,59.83989326217478,2.291666666666667,0.2,0.5,0.5,0.1856646400933781,0.0682217508927153,0.5006958195469969,0.24541778946691076,9.450328027145304
300,60.0400266844563,2.291666666666667,0.2,0.5,0.5,0.18683091349660977,0.06813324295420015,0.501188906426847,0.24384693712234418,9.450328027145304
301,60.240160106737825,2.291666666666667,0.2,0.5,0.5,0.18800126765145528,0.06804408615416865,0.5016728215087213,0.24228182468565587,9.450328027145304
302,60.44029352901934,2.291666666666667,0.2,0.5,0.5,0.1891756670389442,0.06795428633930563,0.5021475467787854,0.24072249984296593,9.450328027145304
303,60.64042695130087,2.291666666666667,0.2,0.5,0.5,0.1903540767891939,0.06786384923165449,0.502613062925938,0.23916901105321478,9.450328027145304
304,60.840560373582385,2.291666666666667,0.2,0.5,0.5,0.19153646121190174,0.06777278070930468,0.5030693523394263,0.23762140573936832,9.450328027145304
305,61.04069379586391,2.291666666666667,0.2,0.5,0.5,0.19272278096504536,0.06768108734491222,0.5035164049768144,0.23607972671322908,9.450328027145304
306,61.24082721814543,2.291666666666667,0.2,0.5,0.5,0.19391299859153835,0.06758877535261346,0.5039542068890702,0.23454401916677903,9.450328027145304
307,61.44096064042695,2.291666666666667,0.2,0.5,0.5,0.1951070769749002,0.06749585088176055,0.5043827434212448,0.23301432872209557,9.450328027145304
308,61.64109406270847,2.291666666666667,0.2,0.5,0.5,0.19630497767790686,0.06740232032947494,0.5048020027691295,0.2314906992234898,9.450328027145304
309,61.84122748498999,2.291666666666667,0.2,0.5,0.5,0.19750665922258828,0.06730819066331692,0.5052119796917731,0.22997317042232282,9.450328027145304
310,62.04136090727151,2.291666666666667,0.2,0.5,0.5,0.1987120821876167,0.06721346846502413,0.5056126645090923,0.22846178483826798,9.450328027145304
311,62.241494329553035,2.291666666666667,0.2,0.5,0.5,0.19992120727881235,0.06711816029248151,0.5060040472665635,0.22695658516214376,9.450328027145304
312,62.44162775183455,2.291666666666667,0.2,0.5,0.5,0.20113399328077722,0.06702227305794359,0.5063861223354875,0.2254576113257928,9.450328027145304
313,62.64176117411608,2.291666666666667,0.2,0.5,0.5,0.20235039690792017,0.06692581405551308,0.5067588887484235,0.22396490028814448,9.450328027145304
314,62.841894596397594,2.291666666666667,0.2,0.5,0.5,0.20357037675258302,0.06682879023290705,0.5071223413095661,0.2224784917049449,9.450328027145304
315,63.04202801867912,2.291666666666667,0.2,0.5,0.5,0.20479389141475351,0.06673120853640263,0.5074764748067933,0.22099842524205177,9.450328027145304
316,63.242161440960636,2.291666666666667,0.2,0.5,0.5,0.20602089692097,0.0666330763785819,0.5078212900761535,0.21952473662429572,9.450328027145304
317,63.44229486324216,2.291666666666667,0.2,0.5,0.5,0.20725134846706553,0.0665344013225494,0.5081567899060369,0.21805746030434936,9.450328027145304
318,63.64242828552368,2.291666666666667,0.2,0.5,0.5,0.20848520265256573,0.06643519067706279,0.508482973785846,0.21659663288452663,9.450328027145304
319,63.8425617078052,2.291666666666667,0.2,0.5,0.5,0.20972241597726976,0.06633545176858731,0.5087998414501361,0.21514229080400804,9.450328027145304
320,64.04269513008673,2.291666666666667,0.2,0.5,0.5,0.21096294197678125,0.06623519244991426,0.5091073999201677,0.213694465653138,9.450328027145304
321,64.24282855236824,2.291666666666667,0.2,0.5,0.5,0.21220673439086354,0.06613442053758405,0.5094056557153277,0.21225318935622595,9.450328027145304
322,64.44296197464976,2.291666666666667,0.2,0.5,0.5,0.21345374790588537,0.06603314368005679,0.5096946130280195,0.2108184953860395,9.450328027145304
323,64.64309539693129,2.291666666666667,0.2,0.5,0.5,0.2147039369281869,0.06593136957435555,0.5099742767726709,0.20939041672478773,9.450328027145304
324,64.84322881921281,2.291666666666667,0.2,0.5,0.5,0.215957252829933,0.06582910644369504,0.5102446596870167,0.20796898103935646,9.450328027145304
325,65.04336224149432,2.291666666666667,0.2,0.5,0.5,0.2172136479100946,0.06572636235056173,0.5105057721191176,0.20655421762022722,9.450328027145304
326,65.24349566377585,2.291666666666667,0.2,0.5,0.5,0.21847307504717112,0.06562314525693935,0.5107576229227813,0.20514615677310938,9.450328027145304
327,65.44362908605737,2.291666666666667,0.2,0.5,0.5,0.21973548658243486,0.06551946321547428,0.5110002224095344,0.20374482779255768,9.450328027145304
328,65.6437625083389,2.291666666666667,0.2,0.5,0.5,0.22100083205178697,0.06541532475224854,0.5112335885030389,0.20235025469292675,9.450328027145304
329,65.8438959306204,2.291666666666667,0.2,0.5,0.5,0.22226906233372773,0.06531073816676652,0.5114577354839285,0.20096246401557843,9.450328027145304
330,66.04402935290193,2.291666666666667,0.2,0.5,0.5,0.223540128611751,0.06520571170706184,0.5116726768052636,0.19958148287592473,9.450328027145304
331,66.24416277518345,2.291666666666667,0.2,0.5,0.5,0.22481398121499763,0.06510025376080912,0.511878428370182,0.19820733665401227,9.450328027145304
332,66.44429619746498,2.291666666666667,0.2,0.5,0.5,0.2260905681613783,0.06499437309344568,0.5120750127098729,0.19684004603530433,9.450328027145304
333,66.64442961974649,2.291666666666667,0.2,0.5,0.5,0.22736983893791304,0.0648880782302879,0.512262448142473,0.19547963468932716,9.450328027145304
334,66.84456304202801,2.291666666666667,0.2,0.5,0.5,0.22865174315296272,0.06478137767681953,0.5124407526381447,0.1941261265320742,9.450328027145304
335,67.04469646430954,2.291666666666667,0.2,0.5,0.5,0.2299362292045329,0.0646742801289037,0.5126099478557693,0.1927795428107953,9.450328027145304
336,67.24482988659106,2.291666666666667,0.2,0.5,0.5,0.23122324389294363,0.0645667945337071,0.5127700603233902,0.19143990124996027,9.450328027145304
337,67.44496330887257,2.291666666666667,0.2,0.5,0.5,0.23251273535453107,0.06445892962825146,0.5129211124973616,0.19010722251985698,9.450328027145304
338,67.6450967311541,2.291666666666667,0.2,0.5,0.5,0.23380465174764303,0.06435069414608813,0.5130631267671968,0.18878152733907327,9.450328027145304
339,67.84523015343562,2.291666666666667,0.2,0.5,0.5,0.23509893965468376,0.06424209705723948,0.5131961306627278,0.18746283262535007,9.450328027145304
340,68.04536357571715,2.291666666666667,0.2,0.5,0.5,0.236395544928401,0.06413314744121319,0.5133201540937385,0.18615115353664843,9.450328027145304
341,68.24549699799866,2.291666666666667,0.2,0.5,0.5,0.23769441441119246,0.06402385422901953,0.5134352237420299,0.18484650761775934,9.450328027145304
342,68.44563042028018,2.291666666666667,0.2,0.5,0.5,0.23899549490318397,0.06391422635764364,0.5135413664383307,0.18354891230084278,9.450328027145304
343,68.6457638425617,2.291666666666667,0.2,0.5,0.5,0.24029873143716352,0.06380427301387527,0.51363861523983,0.18225838030913233,9.450328027145304
344,68.84589726484323,2.291666666666667,0.2,0.5,0.5,0.2416040690361026,0.06369400338589157,0.5137270032383009,0.1809749243397061,9.450328027145304
345,69.04603068712474,2.291666666666667,0.2,0.5,0.5,0.2429114533618779,0.06358342657156367,0.5138065612746066,0.17969855879195304,9.450328027145304
346,69.24616410940627,2.291666666666667,0.2,0.5,0.5,0.2442208299464215,0.0634725516857312,0.513877320690147,0.17842929767770144,9.450328027145304
347,69.44629753168779,2.291666666666667,0.2,0.5,0.5,0.24553214259440842,0.06336138806878364,0.5139393194795702,0.17716714985723894,9.450328027145304
348,69.64643095396931,2.291666666666667,0.2,0.5,0.5,0.24684533555376043,0.06324994500323017,0.5139925939301752,0.17591212551283544,9.450328027145304
349,69.84656437625083,2.291666666666667,0.2,0.5,0.5,0.24816035344631077,0.06313823172275358,0.514037178888985,0.17466423594195174,9.450328027145304
350,70.04669779853235,2.291666666666667,0.2,0.5,0.5,0.2494771406497128,0.06302625748955269,0.5140731102485385,0.17342349161219714,9.450328027145304
351,70.24683122081387,2.291666666666667,0.2,0.5,0.5,0.2507956400397964,0.06291403174121354,0.5141004303317851,0.17218989788720612,9.450328027145304
352,70.4469646430954,2.291666666666667,0.2,0.5,0.5,0.25211579515324006,0.0628015638381464,0.5141191786320956,0.1709634623765192,9.450328027145304
353,70.64709806537691,2.291666666666667,0.2,0.5,0.5,0.25343754971538185,0.06268886311872933,0.5141293938350491,0.1697441933308409,9.450328027145304
354,70.84723148765843,2.291666666666667,0.2,0.5,0.5,0.254760847089545,0.0625759389568895,0.5141311163899859,0.1685320975635808,9.450328027145304
355,71.04736490993996,2.291666666666667,0.2,0.5,0.5,0.2560856294918362,0.062462800839208445,0.5141243923355544,0.16732717733340205,9.450328027145304
356,71.24749833222148,2.291666666666667,0.2,0.5,0.5,0.25741183982321103,0.06234945818501693,0.5141092643737782,0.1661294376179949,9.450328027145304
357,71.44763175450299,2.291666666666667,0.2,0.5,0.5,0.2587394210582718,0.062235920406413736,0.514085774847868,0.16493888368744766,9.450328027145304
358,71.64776517678452,2.291666666666667,0.2,0.5,0.5,0.26006831571372335,0.06212219694818385,0.5140539687293941,0.16375551860869986,9.450328027145304
359,71.84789859906604,2.291666666666667,0.2,0.5,0.5,0.26139846557762,0.06200829730712572,0.5140138951724217,0.16257934194283385,9.450328027145304
360,72.04803202134757,2.291666666666667,0.2,0.5,0.5,0.2627298130048817,0.06189423093957306,0.5139656000771743,0.1614103559783722,9.450328027145304
361,72.24816544362908,2.291666666666667,0.2,0.5,0.5,0.264062300366488,0.06178000730071323,0.5139091292516929,0.1602485630811071,9.450328027145304
362,72.4482988659106,2.291666666666667,0.2,0.5,0.5,0.26539586952926203,0.06166563586009442,0.5138445321100723,0.1590939625005725,9.450328027145304
363,72.64843228819213,2.291666666666667,0.2,0.5,0.5,0.26673046204087403,0.06155112609635595,0.5137718603491932,0.15794655151357806,9.450328027145304
364,72.84856571047365,2.291666666666667,0.2,0.5,0.5,0.26806601981626466,0.06143648747767538,0.5136911630389812,0.15680632966708,9.450328027145304
365,73.04869913275516,2.291666666666667,0.2,0.5,0.5,0.2694024847634254,0.06132172947185848,0.5136024893181,0.15567329644661734,9.450328027145304
366,73.24883255503669,2.291666666666667,0.2,0.5,0.5,0.2707397983467581,0.06120686152314856,0.5135058927071506,0.15454744742294396,9.450328027145304
367,73.44896597731821,2.291666666666667,0.2,0.5,0.5,0.27207790199060405,0.06109189307366104,0.5134014271224664,0.15342877781326977,9.450328027145304
368,73.64909939959973,2.291666666666667,0.2,0.5,0.5,0.27341673730122174,0.06097683357517432,0.5132891446833374,0.15231728444026776,9.450328027145304
369,73.84923282188124,2.291666666666667,0.2,0.5,0.5,0.2747562455956017,0.06086169239955436,0.5131691025453202,0.15121295945952495,9.450328027145304
370,74.04936624416277,2.291666666666667,0.2,0.5,0.5,0.27609636894608985,0.06074647912733975,0.5130413447129434,0.15011580721362822,9.450328027145304
371,74.2494996664443,2.291666666666667,0.2,0.5,0.5,0.27743704811798103,0.06063120297798629,0.5129059379469986,0.14902581095703535,9.450328027145304
372,74.44963308872582,2.291666666666667,0.2,0.5,0.5,0.27877822464083046,0.06051587338208253,0.5127629357022101,0.14794296627487807,9.450328027145304
373,74.64976651100733,2.291666666666667,0.2,0.5,0.5,0.2801198399967923,0.06040049974842639,0.5126123925387347,0.14686726771604797,9.450328027145304
374,74.84989993328885,2.291666666666667,0.2,0.5,0.5,0.28146183558521337,0.06028509139345523,0.5124543666971135,0.14579870632421923,9.450328027145304
375,75.05003335557038,2.291666666666667,0.2,0.5,0.5,0.2828041527686271,0.06016965763291831,0.5122889167533333,0.1447372728451226,9.450328027145304
376,75.2501667778519,2.291666666666667,0.2,0.5,0.5,0.28414673286560066,0.060054207767620424,0.5121161021390102,0.14368295722777008,9.450328027145304
377,75.45030020013341,2.291666666666667,0.2,0.5,0.5,0.28548951715326726,0.059938751073245526,0.5119359834584051,0.14263574831508335,9.450328027145304
378,75.65043362241494,2.291666666666667,0.2,0.5,0.5,0.2868324472413987,0.059823296791444464,0.5117486201223327,0.1415956358448254,9.450328027145304
379,75.85056704469646,2.291666666666667,0.2,0.5,0.5,0.28817546480012957,0.05970785413632193,0.5115540720703654,0.14056260899318437,9.450328027145304
380,76.05070046697799,2.291666666666667,0.2,0.5,0.5,0.2895185113983271,0.059592432298287284,0.5113524007931778,0.13953665551020902,9.450328027145304
381,76.2508338892595,2.291666666666667,0.2,0.5,0.5,0.2908615286305967,0.05947704044102866,0.5111436685292116,0.13851776239916436,9.450328027145304
382,76.45096731154102,2.291666666666667,0.2,0.5,0.5,0.2922044583872101,0.05936168765008699,0.5109279375631299,0.13750591639957424,9.450328027145304
383,76.65110073382255,2.291666666666667,0.2,0.5,0.5,0.29354724300448426,0.05924638290420623,0.5107052698349819,0.13650110425632894,9.450328027145304
384,76.85123415610407,2.291666666666667,0.2,0.5,0.5,0.2948898246835708,0.059131135186063964,0.510475728450772,0.13550331167959445,9.450328027145304
385,77.0513675783856,2.291666666666667,0.2,0.5,0.5,0.29623214574014944,0.05901595343470053,0.5102393770335065,0.1345125237916448,9.450328027145304
386,77.2515010006671,2.291666666666667,0.2,0.5,0.5,0.29757414855735886,0.05890084656099014,0.5099962797206187,0.1335287251610336,9.450328027145304
387,77.45163442294863,2.291666666666667,0.2,0.5,0.5,0.2989157753847322,0.05878582351166576,0.509746501192604,0.13255189991099928,9.450328027145304
388,77.65176784523015,2.291666666666667,0.2,0.5,0.5,0.30025696864820894,0.058670893170602215,0.5094901066288698,0.13158203155232032,9.450328027145304
389,77.85190126751168,2.291666666666667,0.2,0.5,0.5,0.3015976708699322,0.058556064384355185,0.5092271617191572,0.13061910302655672,9.450328027145304
390,78.05203468979319,2.291666666666667,0.2,0.5,0.5,0.30293782466873104,0.058441345964425025,0.5089577326381817,0.12966309672866355,9.450328027145304
391,78.25216811207471,2.291666666666667,0.2,0.5,0.5,0.3042773731419646,0.05832674661142857,0.5086818855125046,0.12871399473410347,9.450328027145304
392,78.45230153435624,2.291666666666667,0.2,0.5,0.5,0.30561625949281074,0.058212274989113785,0.5083996869409108,0.127771778577166,9.450328027145304
393,78.65243495663776,2.291666666666667,0.2,0.5,0.5,0.3069544269804886,0.058097939734244604,0.5081112040639069,0.12683642922136115,9.450328027145304
394,78.85256837891927,2.291666666666667,0.2,0.5,0.5,0.30829181901152053,0.0579837494384779,0.5078165044363029,0.1259079271137,9.450328027145304
395,79.0527018012008,2.291666666666667,0.2,0.5,0.5,0.3096283793306877,0.05786971260701269,0.5075156557186927,0.12498625234360818,9.450328027145304
396,79.25283522348232,2.291666666666667,0.2,0.5,0.5,0.3109640519957907,0.057755837664055606,0.5072087257182327,0.1240713846219224,9.450328027145304
397,79.45296864576385,2.291666666666667,0.2,0.5,0.5,0.312298781140392,0.057642133004198196,0.5068957827719678,0.1231633030834434,9.450328027145304
398,79.65310206804536,2.291666666666667,0.2,0.5,0.5,0.3136325110941195,0.057528606966365595,0.5065768955524632,0.1222619863870531,9.450328027145304
399,79.85323549032688,2.291666666666667,0.2,0.5,0.5,0.31496518641425303,0.05741526783272926,0.5062521329827075,0.12136741277031153,9.450328027145304
400,80.0533689126084,2.291666666666667,0.2,0.5,0.5,0.31629675197600804,0.057302123825599086,0.5059215639928797,0.12047956020551452,9.450328027145304
401,80.25350233488993,2.291666666666667,0.2,0.5,0.5,0.3176271528163971,0.05718918311279823,0.5055852579410003,0.11959840612980577,9.450328027145304
402,80.45363575717144,2.291666666666667,0.2,0.5,0.5,0.3189563341817319,0.0570764538060279,0.5052432844849563,0.11872392752728524,9.450328027145304
403,80.65376917945296,2.291666666666667,0.2,0.5,0.5,0.32028424154563184,0.05696394395884084,0.504895713541944,0.11785610095358467,9.450328027145304
404,80.85390260173449,2.291666666666667,0.2,0.5,0.5,0.32161082080009057,0.056851661535336405,0.5045426149136023,0.11699490275097202,9.450328027145304
405,81.05403602401601,2.291666666666667,0.2,0.5,0.5,0.322936018063392,0.05673961444163208,0.504184058662875,0.11614030883210229,9.450328027145304
406,81.25416944629752,2.291666666666667,0.2,0.5,0.5,0.324259779660324,0.05662781052910534,0.50382011515283,0.1152922946577421,9.450328027145304
407,81.45430286857905,2.291666666666667,0.2,0.5,0.5,0.3255820521666871,0.056516257587101174,0.5034508549593355,0.1144508352868776,9.450328027145304
408,81.65443629086057,2.291666666666667,0.2,0.5,0.5,0.3269027825221689,0.05640496332501399,0.5030763486382891,0.11361590551452938,9.450328027145304
409,81.8545697131421,2.291666666666667,0.2,0.5,0.5,0.32822191804035694,0.05629393537069803,0.5026966667049688,0.11278747988397755,9.450328027145304
410,82.05470313542361,2.291666666666667,0.2,0.5,0.5,0.32953940623425065,0.05618318129816646,0.5023118799938645,0.11196553247371974,9.450328027145304
411,82.25483655770513,2.291666666666667,0.2,0.5,0.5,0.3308551948993794,0.056072708614396796,0.5019220594872711,0.11115003699895407,9.450328027145304
412,82.45496997998666,2.291666666666667,0.2,0.5,0.5,0.332169232148449,0.05596252475528101,0.501527276234577,0.11034096686169437,9.450328027145304
413,82.65510340226818,2.291666666666667,0.2,0.5,0.5,0.333481466533253,0.05585263707140096,0.5011276010680971,0.10953829532725036,9.450328027145304
414,82.85523682454969,2.291666666666667,0.2,0.5,0.5,0.3347918468485763,0.055743052850908824,0.50072310506016,0.10874199524035616,9.450328027145304
415,83.05537024683122,2.291666666666667,0.2,0.5,0.5,0.33610032218636693,0.05563377931320638,0.5003138593968388,0.10795203910358928,9.450328027145304
416,83.25550366911274,2.291666666666667,0.2,0.5,0.5,0.3374068419527919,0.0555248236068825,0.4998999353382006,0.1071683991021265,9.450328027145304
417,83.45563709139427,2.291666666666667,0.2,0.5,0.5,0.33871135600617774,0.055416192791918166,0.4994814038969747,0.10639104730493085,9.450328027145304
418,83.65577051367578,2.291666666666667,0.2,0.5,0.5,0.3400138145296142,0.05530789385612127,0.49905833613532347,0.10561995547894254,9.450328027145304
419,83.8559039359573,2.291666666666667,0.2,0.5,0.5,0.3413141680035452,0.0551999337186625,0.4986308032286917,0.10485509504910212,9.450328027145304
420,84.05603735823883,2.291666666666667,0.2,0.5,0.5,0.342612367242146,0.05509231922538247,0.49819887638106475,0.10409643715140827,9.450328027145304
421,84.25617078052035,2.291666666666667,0.2,0.5,0.5,0.3439083634673067,0.05498505713994814,0.4977626266433011,0.10334395274944556,9.450328027145304
422,84.45630420280186,2.291666666666667,0.2,0.5,0.5,0.3452021083334444,0.05487815414088687,0.49732212485220406,0.10259761267346622,9.450328027145304
423,84.65643762508338,2.291666666666667,0.2,0.5,0.5,0.34649355378858565,0.05477161683819192,0.4968774419716395,0.10185738740158448,9.450328027145304
424,84.85657104736491,2.291666666666667,0.2,0.5,0.5,0.3477826521369151,0.05466545176584573,0.4964286489389445,0.10112324715829615,9.450328027145304
425,85.05670446964643,2.291666666666667,0.2,0.5,0.5,0.34906935606230494,0.05455966537943271,0.4959758166027239,0.10039516195553995,9.450328027145304
426,85.25683789192794,2.291666666666667,0.2,0.5,0.5,0.3503536187284725,0.05445426404601729,0.49551901545765037,0.09967310176786134,9.450328027145304
427,85.45697131420947,2.291666666666667,0.2,0.5,0.5,0.3516353936281866,0.05434925405938316,0.4950583160437395,0.09895703626869227,9.450328027145304
428,85.657104736491,2.291666666666667,0.2,0.5,0.5,0.35291463462024575,0.05424464163629619,0.4945937888484366,0.09824693489502297,9.450328027145304
429,85.85723815877252,2.291666666666667,0.2,0.5,0.5,0.354191295943118,0.05414043291516699,0.49412550426984725,0.0975427668718693,9.450328027145304
430,86.05737158105403,2.291666666666667,0.2,0.5,0.5,0.35546533231342003,0.05403663394741439,0.49365353233489767,0.09684450140426944,9.450328027145304
431,86.25750500333555,2.291666666666667,0.2,0.5,0.5,0.3567366988376624,0.0539332507052053,0.4931779429519139,0.09615210750521991,9.450328027145304
432,86.45763842561708,2.291666666666667,0.2,0.5,0.5,0.35800535098424185,0.05383028908391085,0.4926988059907747,0.09546555394107413,9.450328027145304
433,86.6577718478986,2.291666666666667,0.2,0.5,0.5,0.359271244614108,0.053727754899417016,0.49221619119514765,0.09478480929132886,9.450328027145304
434,86.85790527018011,2.291666666666667,0.2,0.5,0.5,0.3605343359979307,0.053625653886612404,0.49173016813299103,0.09410984198246732,9.450328027145304
435,87.05803869246164,2.291666666666667,0.2,0.5,0.5,0.36179458193276054,0.05352399168911198,0.4912408058601943,0.09344062051793463,9.450328027145304
436,87.25817211474316,2.291666666666667,0.2,0.5,0.5,0.3630519395813881,0.053422773873407436,0.49074817338374294,0.09277711316146302,9.450328027145304
437,87.45830553702469,2.291666666666667,0.2,0.5,0.5,0.3643063665003347,0.053322005926401524,0.4902523395810147,0.09211928799225051,9.450328027145304
438,87.6584389593062,2.291666666666667,0.2,0.5,0.5,0.3655578206573271,0.05322169325386881,0.48975337314939665,0.09146711293940889,9.450328027145304
439,87.85857238158772,2.291666666666667,0.2,0.5,0.5,0.36680626046100945,0.05312184117917855,0.48925134250235963,0.09082055585745391,9.450328027145304
440,88.05870580386924,2.291666666666667,0.2,0.5,0.5,0.3680516448161049,0.05302245494092371,0.48874631557651577,0.09017958466645713,9.450328027145304
441,88.25883922615077,2.291666666666667,0.2,0.5,0.5,0.3692939330057481,0.052923539697978625,0.48823836024319167,0.08954416705308316,9.450328027145304
442,88.45897264843228,2.291666666666667,0.2,0.5,0.5,0.3705330847337884,0.05282510052768071,0.487727544160461,0.08891427057807148,9.450328027145304
443,88.6591060707138,2.291666666666667,0.2,0.5,0.5,0.37176906012837724,0.05272714242567624,0.4872139347605979,0.0882898626853502,9.450328027145304
444,88.85923949299533,2.291666666666667,0.2,0.5,0.5,0.37300181978800817,0.0526296703054197,0.48669759906788707,0.08767091083868658,9.450328027145304
445,89.05937291527685,2.291666666666667,0.2,0.5,0.5,0.37423132477862403,0.052532688998205235,0.48617860371007243,0.08705738251309979,9.450328027145304
446,89.25950633755836,2.291666666666667,0.2,0.5,0.5,0.3754575365676078,0.052436203253884484,0.48565701517956605,0.08644924499894317,9.450328027145304
447,89.45963975983989,2.291666666666667,0.2,0.5,0.5,0.3766804170572695,0.05234021774050241,0.4851328997009352,0.08584646550129436,9.450328027145304
448,89.65977318212141,2.291666666666667,0.2,0.5,0.5,0.3778999285866605,0.052244737044294436,0.4846063232231428,0.08524901114590379,9.450328027145304
449,89.85990660440294,2.291666666666667,0.2,0.5,0.5,0.3791160339878962,0.052149765669605615,0.48407735117834866,0.08465684916415103,9.450328027145304
450,90.06004002668445,2.291666666666667,0.2,0.5,0.5,0.3803286965354107,0.052055308038963445,0.48354604869922363,0.08406994672640375,9.450328027145304
451,90.26017344896597,2.291666666666667,0.2,0.5,0.5,0.3815378799302789,0.051961368493100325,0.4830124806860897,0.08348827089053261,9.450328027145304
452,90.4603068712475,2.291666666666667,0.2,0.5,0.5,0.3827435483176379,0.05186795129092865,0.48247671173231116,0.08291178865912378,9.450328027145304
453,90.66044029352902,2.291666666666667,0.2,0.5,0.5,0.38394566629214444,0.05177506061010764,0.481938806092294,0.08234046700545528,9.450328027145304
454,90.86057371581053,2.291666666666667,0.2,0.5,0.5,0.3851441989345612,0.051682700550844625,0.48139882746692503,0.08177427304767053,9.450328027145304
455,91.06070713809206,2.291666666666667,0.2,0.5,0.5,0.3863391117610115,0.05159087513062272,0.480856839301166,0.08121317380720117,9.450328027145304
456,91.26084056037358,2.291666666666667,0.2,0.5,0.5,0.387530370732005,0.05149958828513867,0.4803129047311222,0.08065713625173546,9.450328027145304
457,91.4609739826551,2.291666666666667,0.2,0.5,0.5,0.38871794225790307,0.051408843868870534,0.4797670865519929,0.08010612732123483,9.450328027145304
458,91.66110740493662,2.291666666666667,0.2,0.5,0.5,0.3899017932064954,0.051318645657020955,0.47921944715436693,0.07956011398211808,9.450328027145304
459,91.86124082721814,2.291666666666667,0.2,0.5,0.5,0.3910818909199547,0.05122899734986497,0.4786700483816817,0.07901906334849997,9.450328027145304
460,92.06137424949966,2.291666666666667,0.2,0.5,0.5,0.3922582031811973,0.05113990256412329,0.4781189518130421,0.07848294244163866,9.450328027145304
461,92.26150767178119,2.291666666666667,0.2,0.5,0.5,0.3934306982253738,0.05105136483590911,0.4775662186666131,0.07795171827210536,9.450328027145304
462,92.4616410940627,2.291666666666667,0.2,0.5,0.5,0.3945993447411262,0.050963387621050425,0.4770119097890511,0.07742535784877361,9.450328027145304
463,92.66177451634422,2.291666666666667,0.2,0.5,0.5,0.3957641118754732,0.05087597429970278,0.4764560855568482,0.07690382826797715,9.450328027145304
464,92.86190793862575,2.291666666666667,0.2,0.5,0.5,0.39692496923537685,0.05078912817782873,0.4758988058446887,0.07638709674210707,9.450328027145304
465,93.06204136090727,2.291666666666667,0.2,0.5,0.5,0.39808188687808405,0.050702852478078035,0.47534013022050303,0.07587513042333623,9.450328027145304
466,93.26217478318878,2.291666666666667,0.2,0.5,0.5,0.39923483531559506,0.050617150344006843,0.4747801178552284,0.07536789648517105,9.450328027145304
467,93.46230820547031,2.291666666666667,0.2,0.5,0.5,0.40038378551465975,0.05053202484020578,0.4742188275206458,0.07486536212449002,9.450328027145304
468,93.66244162775183,2.291666666666667,0.2,0.5,0.5,0.4015287088918613,0.050447478961003184,0.4736563174616457,0.07436749468549117,9.450328027145304
469,93.86257505003336,2.291666666666667,0.2,0.5,0.5,0.40266957731681896,0.05036351562479549,0.4730926454794389,0.073874261578948,9.450328027145304
470,94.06270847231487,2.291666666666667,0.2,0.5,0.5,0.4038063631151912,0.05028013766872982,0.47252786900959914,0.0733856302064812,9.450328027145304
471,94.26284189459639,2.291666666666667,0.2,0.5,0.5,0.4049390390665705,0.05019734785243146,0.471962045067355,0.07290156801364434,9.450328027145304
472,94.46297531687792,2.291666666666667,0.2,0.5,0.5,0.4060675784032163,0.05011514885880423,0.4713952302389723,0.07242204249900856,9.450328027145304
473,94.66310873915944,2.291666666666667,0.2,0.5,0.5,0.4071919547920344,0.050033543305412424,0.47082748055918344,0.07194702134337107,9.450328027145304
474,94.86324216144095,2.291666666666667,0.2,0.5,0.5,0.40831214235490093,0.04995253373164405,0.4702588516494247,0.07147647226403167,9.450328027145304
475,95.06337558372248,2.291666666666667,0.2,0.5,0.5,0.40942811566889326,0.04987212259856491,0.469689398719406,0.07101036301313719,9.450328027145304
476,95.263509006004,2.291666666666667,0.2,0.5,0.5,0.41053984976226543,0.049792312291460396,0.4691191765397401,0.07054866140653539,9.450328027145304
477,95.46364242828552,2.291666666666667,0.2,0.5,0.5,0.4116473201086149,0.04971310512231816,0.4685482394224971,0.07009133534657119,9.450328027145304
478,95.66377585056703,2.291666666666667,0.2,0.5,0.5,0.4127505026001092,0.04963450334122182,0.467976641131967,0.06963835292670333,9.450328027145304
479,95.86390927284856,2.291666666666667,0.2,0.5,0.5,0.41384937358880175,0.049556509118768514,0.4674044350223684,0.06918968227006278,9.450328027145304
480,96.06404269513008,2.291666666666667,0.2,0.5,0.5,0.4149439098764752,0.04947912455039087,0.4668316740039987,0.06874529156913661,9.450328027145304
481,96.26417611741161,2.291666666666667,0.2,0.5,0.5,0.41603408871149594,0.04940235165769595,0.46625841053274725,0.06830514909806225,9.450328027145304
482,96.46430953969312,2.291666666666667,0.2,0.5,0.5,0.41711988777075437,0.04932619239455228,0.4656846965765553,0.06786922325813939,9.450328027145304
483,96.66444296197464,2.291666666666667,0.2,0.5,0.5,0.4182012851419589,0.04925064865305803,0.4651105835825313,0.06743748262245315,9.450328027145304
484,96.86457638425617,2.291666666666667,0.2,0.5,0.5,0.4192782593750375,0.04917572224621542,0.4645361225724153,0.06700989580633321,9.450328027145304
485,97.06470980653769,2.291666666666667,0.2,0.5,0.5,0.42035078946108845,0.04910141491502566,0.46396136410348565,0.06658643152040158,9.450328027145304
486,97.2648432288192,2.291666666666667,0.2,0.5,0.5,0.4214188548314415,0.04902772832879778,0.4633863582669352,0.06616705857282691,9.450328027145304
487,97.46497665110073,2.291666666666667,0.2,0.5,0.5,0.42248243531816465,0.04895466409665985,0.46281115464266764,0.06575174594250918,9.450328027145304
488,97.66511007338225,2.291666666666667,0.2,0.5,0.5,0.4235415111742312,0.04888222376168091,0.4622358023223804,0.06534046274170882,9.450328027145304
489,97.86524349566378,2.291666666666667,0.2,0.5,0.5,0.42459606310498665,0.048810408791699005,0.4616603499455814,0.06493317815773422,9.450328027145304
490,98.06537691794529,2.291666666666667,0.2,0.5,0.5,0.42564607224867623,0.04873922058499697,0.4610848456773017,0.06452986148902644,9.450328027145304
491,98.26551034022681,2.291666666666667,0.2,0.5,0.5,0.42669152017237816,0.04866866047135828,0.46050933720548237,0.06413048215078253,9.450328027145304
492,98.46564376250834,2.291666666666667,0.2,0.5,0.5,0.4277323888155813,0.04859872972671531,0.4599338717047357,0.06373500975296904,9.450328027145304
493,98.66577718478986,2.291666666666667,0.2,0.5,0.5,0.4287686605539127,0.048529429556604484,0.4593584958772765,0.06334341401220761,9.450328027145304
494,98.86591060707137,2.291666666666667,0.2,0.5,0.5,0.42980031819950265,0.04846076109607151,0.45878325595315683,0.06295566475127032,9.450328027145304
495,99.0660440293529,2.291666666666667,0.2,0.5,0.5,0.43082734498860586,0.04839272541288512,0.4582081976823149,0.06257173191619543,9.450328027145304
496,99.26617745163442,2.291666666666667,0.2,0.5,0.5,0.43184972456637694,0.04832532351114968,0.4576333663300915,0.062191585592383164,9.450328027145304
497,99.46631087391594,2.291666666666667,0.2,0.5,0.5,0.43286744093295587,0.048258556344098605,0.45705880666135085,0.06181519606159596,9.450328027145304
498,99.66644429619745,2.291666666666667,0.2,0.5,0.5,0.4338804785337946,0.04819242479266074,0.4564845629670837,0.06144253370646232,9.450328027145304
499,99.86657771847898,2.291666666666667,0.2,0.5,0.5,0.4348888222339291,0.04812692967156537,0.45591067905682964,0.06107356903767721,9.450328027145304
500,100.0667111407605,2.291666666666667,0.2,0.5,0.5,0.4358924573126194,0.048062071730614074,0.455337198257099,0.060708272699668824,9.450328027145304
501,100.26684456304203,2.291666666666667,0.2,0.5,0.5,0.43689136941946877,0.04799785166426785,0.4547641634103206,0.06034661550594409,9.450328027145304
502,100.46697798532354,2.291666666666667,0.2,0.5,0.5,0.43788554455544126,0.0479342701157944,0.4541916168743867,0.0599885684543789,9.450328027145304
503,100.66711140760506,2.291666666666667,0.2,0.5,0.5,0.4388749691755063,0.04787132765484233,0.4536196005251137,0.059634102644539,9.450328027145304
504,100.86724482988659,2.291666666666667,0.2,0.5,0.5,0.43985963014038093,0.04780902478798439,0.4530481557550852,0.059283189316550744,9.450328027145304
505,101.06737825216811,2.291666666666667,0.2,0.5,0.5,0.44083951471564303,0.04774736195891136,0.4524773234736311,0.0589357998518158,9.450328027145304
506,101.26751167444962,2.291666666666667,0.2,0.5,0.5,0.4418146105693277,0.047686339548931526,0.4519071441071111,0.05859190577463099,9.450328027145304
507,101.46764509673115,2.291666666666667,0.2,0.5,0.5,0.4427849056561444,0.04762595790103438,0.4513376576125983,0.058251478830224225,9.450328027145304
508,101.66777851901267,2.291666666666667,0.2,0.5,0.5,0.4437503883220542,0.04756621729815586,0.4507689034655203,0.057914490914270984,9.450328027145304
509,101.8679119412942,2.291666666666667,0.2,0.5,0.5,0.44471104734830663,0.047507117954025936,0.45020092065445455,0.05758091404321413,9.450328027145304
510,102.0680453635757,2.291666666666667,0.2,0.5,0.5,0.445666871906924,0.0474486600224206,0.44963374768638975,0.05725072038426697,9.450328027145304
511,102.26817878585723,2.291666666666667,0.2,0.5,0.5,0.4466178515607012,0.047390843597161794,0.4490674225867251,0.05692388225541313,9.450328027145304
512,102.46831220813876,2.291666666666667,0.2,0.5,0.5,0.44756397624273736,0.04733366871605616,0.44850198290639787,0.05660037213480986,9.450328027145304
513,102.66844563042028,2.291666666666667,0.2,0.5,0.5,0.44850523613271415,0.04727713538470228,0.4479374657649599,0.05628016271762489,9.450328027145304
514,102.8685790527018,2.291666666666667,0.2,0.5,0.5,0.4494416218469645,0.04722124353991648,0.4473739077844002,0.05596322682872004,9.450328027145304
515,103.06871247498331,2.291666666666667,0.2,0.5,0.5,0.4503731243971843,0.04716599305767776,0.44681134510352044,0.0556495374416187,9.450328027145304
516,103.26884589726484,2.291666666666667,0.2,0.5,0.5,0.45129973517096444,0.047111383756874,0.4462498133847133,0.05533906768744948,9.450328027145304
517,103.46897931954636,2.291666666666667,0.2,0.5,0.5,0.45222144593179026,0.047057415399302,0.4456893478139627,0.05503179085494629,9.450328027145304
518,103.66911274182789,2.291666666666667,0.2,0.5,0.5,0.4531382487585625,0.04700408770069544,0.44512998313042307,0.054727680410320126,9.450328027145304
519,103.8692461641094,2.291666666666667,0.2,0.5,0.5,0.4540501359861502,0.04695140034156473,0.4445717536554944,0.054426710016791856,9.450328027145304
520,104.06937958639092,2.291666666666667,0.2,0.5,0.5,0.4549571003936323,0.046899352932872326,0.44401469320075554,0.054128853472740955,9.450328027145304
521,104.26951300867245,2.291666666666667,0.2,0.5,0.5,0.4558591351238818,0.04684794503069607,0.443458835107295,0.05383408473812825,9.450328027145304
522,104.46964643095397,2.291666666666667,0.2,0.5,0.5,0.45675623368011176,0.046797176136858985,0.44290421224739984,0.05354237793563056,9.450328027145304
523,104.66977985323548,2.291666666666667,0.2,0.5,0.5,0.4576483899249715,0.04674704569908419,0.4423508570251013,0.053253707350844226,9.450328027145304
524,104.869913275517,2.291666666666667,0.2,0.5,0.5,0.4585355979617051,0.046697553131366976,0.44179880144789924,0.052968047459029846,9.450328027145304
525,105.07004669779853,2.291666666666667,0.2,0.5,0.5,0.4594178522185782,0.04664869779950221,0.44124807707580826,0.05268537290611251,9.450328027145304
526,105.27018012008006,2.291666666666667,0.2,0.5,0.5,0.46029514752620293,0.04660047900782909,0.44069871497468927,0.0524056584912799,9.450328027145304
527,105.47031354236157,2.291666666666667,0.2,0.5,0.5,0.46116747905990635,0.04655289600911048,0.4401507457510322,0.05212887917995219,9.450328027145304
528,105.67044696464309,2.291666666666667,0.2,0.5,0.5,0.4620348423397307,0.04650594800453293,0.4396041995519557,0.05185501010378194,9.450328027145304
529,105.87058038692462,2.291666666666667,0.2,0.5,0.5,0.46289723320479653,0.04645963414782409,0.43905910608361703,0.05158402656376354,9.450328027145304
530,106.07071380920614,2.291666666666667,0.2,0.5,0.5,0.4637546476055608,0.04641395357861833,0.43851549476039275,0.051315904055429316,9.450328027145304
531,106.27084723148765,2.291666666666667,0.2,0.5,0.5,0.46460708194033096,0.04636890536840902,0.43797339446322603,0.05105061822803517,9.450328027145304
532,106.47098065376917,2.291666666666667,0.2,0.5,0.5,0.46545453298746436,0.046324488531438085,0.43743283358831486,0.050788144892783826,9.450328027145304
533,106.6711140760507,2.291666666666667,0.2,0.5,0.5,0.4662969978587299,0.046280702032186545,0.4368938400806033,0.0505284600284814,9.450328027145304
534,106.87124749833222,2.291666666666667,0.2,0.5,0.5,0.467134473999308,0.046237544785374535,0.43635644143378116,0.050271539781537436,9.450328027145304
535,107.07138092061373,2.291666666666667,0.2,0.5,0.5,0.46796695918779074,0.046195015655961284,0.43582066469028424,0.05001736046596483,9.450328027145304
536,107.27151434289526,2.291666666666667,0.2,0.5,0.5,0.4687944515361818,0.046153113459145134,0.4352865364412943,0.04976589856337986,9.450328027145304
537,107.47164776517678,2.291666666666667,0.2,0.5,0.5,0.4696169494898965,0.04611183696036354,0.43475408282673883,0.049517130723002206,9.450328027145304
538,107.67178118745831,2.291666666666667,0.2,0.5,0.5,0.47043445167620696,0.04607118489975463,0.4342233296561332,0.04927103376790631,9.450328027145304
539,107.87191460973982,2.291666666666667,0.2,0.5,0.5,0.47124695659296145,0.04603115604239928,0.4336943026567792,0.049027584707861144,9.450328027145304
540,108.07204803202134,2.291666666666667,0.2,0.5,0.5,0.4720544633980277,0.04599174905090158,0.4331670268443048,0.048786760706767025,9.450328027145304
541,108.27218145430287,2.291666666666667,0.2,0.5,0.5,0.4728569715935229,0.04595296253635542,0.43264152677444206,0.04854853909568068,9.450328027145304
542,108.47231487658439,2.291666666666667,0.2,0.5,0.5,0.47365448098959567,0.045914795064190266,0.432117826571906,0.048312897374309084,9.450328027145304
543,108.6724482988659,2.291666666666667,0.2,0.5,0.5,0.4744469917044258,0.04587724515417123,0.4315959499303945,0.04807981321100951,9.450328027145304
544,108.87258172114743,2.291666666666667,0.2,0.5,0.5,0.4752345041642244,0.04584031128039896,0.4310759201125882,0.04784926444278946,9.450328027145304
545,109.07271514342895,2.291666666666667,0.2,0.5,0.5,0.47601701910323396,0.04580399187130976,0.4305577599501506,0.047621229075306776,9.450328027145304
546,109.27284856571048,2.291666666666667,0.2,0.5,0.5,0.4767945375637279,0.04576828530967551,0.43004149184372803,0.04739568528286956,9.450328027145304
547,109.47298198799199,2.291666666666667,0.2,0.5,0.5,0.4775670606121621,0.045733189975353576,0.42952713802378817,0.04717261138869724,9.450328027145304
548,109.67311541027351,2.291666666666667,0.2,0.5,0.5,0.47833458936252626,0.0456987042417698,0.4290147205291606,0.04695198586654438,9.450328027145304
549,109.87324883255503,2.291666666666667,0.2,0.5,0.5,0.4790971255299385,0.04566482639254296,0.42850426069832165,0.04673378737919797,9.450328027145304
550,110.07338225483656,2.291666666666667,0.2,0.5,0.5,0.4798546711157952,0.0456315546689036,0.4279957794587197,0.04651799475658257,9.450328027145304
551,110.27351567711807,2.291666666666667,0.2,0.5,0.5,0.48060722840505954,0.04559888727010239,0.42748929732926744,0.04630458699557173,9.450328027145304
552,110.4736490993996,2.291666666666667,0.2,0.5,0.5,0.4813547999662612,0.0455668223534102,0.4269848344203417,0.04609354325998798,9.450328027145304
553,110.67378252168112,2.291666666666667,0.2,0.5,0.5,0.48209738865149654,0.04553535803411804,0.4264824104337836,0.045884842880602884,9.450328027145304
554,110.87391594396264,2.291666666666667,0.2,0.5,0.5,0.4828349975964285,0.04550449238553711,0.42598204466289846,0.04567846535513699,9.450328027145304
555,111.07404936624415,2.291666666666667,0.2,0.5,0.5,0.4835676302132495,0.045474223439974405,0.4254837559996468,0.0454743903471304,9.450328027145304
556,111.27418278852568,2.291666666666667,0.2,0.5,0.5,0.48429528978271025,0.04544454924529569,0.4249875633515328,0.04527259762046233,9.450328027145304
557,111.4743162108072,2.291666666666667,0.2,0.5,0.5,0.48501797988509193,0.04541546780517355,0.4244934852012123,0.04507306710852331,9.450328027145304
558,111.67444963308873,2.291666666666667,0.2,0.5,0.5,0.4857357045514465,0.04538697705811886,0.4240015394519463,0.044875778938489486,9.450328027145304
559,111.87458305537024,2.291666666666667,0.2,0.5,0.5,0.4864484680734372,0.045359074903845255,0.42351174362191696,0.044680713400801673,9.450328027145304
560,112.07471647765176,2.291666666666667,0.2,0.5,0.5,0.4871562750033393,0.045331759203269095,0.42302411484422736,0.044487850949165325,9.450328027145304
561,112.27484989993329,2.291666666666667,0.2,0.5,0.5,0.4878591301540393,0.045305027778509525,0.4225386698669017,0.044297172200550586,9.450328027145304
562,112.47498332221481,2.291666666666667,0.2,0.5,0.5,0.4885570385990354,0.04527887841288841,0.42205542505288507,0.044108657935192246,9.450328027145304
563,112.67511674449632,2.291666666666667,0.2,0.5,0.5,0.48925000567243726,0.045253308850930395,0.4215743963800437,0.04392228909658979,9.450328027145304
564,112.87525016677785,2.291666666666667,0.2,0.5,0.5,0.4899380369205789,0.045228316805251675,0.42109559949476305,0.0437380467794075,9.450328027145304
565,113.07538358905937,2.291666666666667,0.2,0.5,0.5,0.49062113768521964,0.04520390001589881,0.4206190501736331,0.04355591212524956,9.450328027145304
566,113.2755170113409,2.291666666666667,0.2,0.5,0.5,0.4912993137683902,0.045180056155695925,0.4201447635870031,0.043375866488911924,9.450328027145304
567,113.4756504336224,2.291666666666667,0.2,0.5,0.5,0.49197257130653976,0.0451567828481622,0.4196727544383877,0.04319789140691141,9.450328027145304
568,113.67578385590393,2.291666666666667,0.2,0.5,0.5,0.4926409166741917,0.04513407768122816,0.41920303707118756,0.04302196857339368,9.450328027145304
569,113.87591727818545,2.291666666666667,0.2,0.5,0.5,0.493304356483943,0.04511193820723574,0.418735625468689,0.042848079840133335,9.450328027145304
570,114.07605070046698,2.291666666666667,0.2,0.5,0.5,0.49396289758646483,0.045090361942938265,0.4182705332540641,0.04267620721653384,9.450328027145304
571,114.27618412274849,2.291666666666667,0.2,0.5,0.5,0.4946165470705022,0.04506934636950043,0.41780777369037086,0.042506332869627565,9.450328027145304
572,114.47631754503001,2.291666666666667,0.2,0.5,0.5,0.4952653122628742,0.045048888932498345,0.41734735968055275,0.04233843912407573,9.450328027145304
573,114.67645096731154,2.291666666666667,0.2,0.5,0.5,0.4959092006110748,0.0450289870586432,0.41688930390646284,0.04217250842382016,9.450328027145304
574,114.87658438959306,2.291666666666667,0.2,0.5,0.5,0.49654821942059,0.045009638193201126,0.41643361913993193,0.0420085232462779,9.450328027145304
575,115.07671781187457,2.291666666666667,0.2,0.5,0.5,0.49718237648877045,0.04499083970969658,0.4159803174921384,0.04184646630939556,9.450328027145304
576,115.2768512341561,2.291666666666667,0.2,0.5,0.5,0.497811679859199,0.04497258894490325,0.41552941070448524,0.041686320491413464,9.450328027145304
577,115.47698465643762,2.291666666666667,0.2,0.5,0.5,0.49843613779099044,0.04495488320321737,0.41508091018495563,0.04152806882083751,9.450328027145304
578,115.67711807871915,2.291666666666667,0.2,0.5,0.5,0.4990557587587913,0.04493771975665773,0.41463482700811277,0.04137169447643912,9.450328027145304
579,115.87725150100066,2.291666666666667,0.2,0.5,0.5,0.49967055145278017,0.04492109584486569,0.41419117191509985,0.04121718078725526,9.450328027145304
580,116.07738492328218,2.291666666666667,0.2,0.5,0.5,0.5002805247786676,0.044905008675105135,0.41374995531363984,0.041064511232588405,9.450328027145304
581,116.2775183455637,2.291666666666667,0.2,0.5,0.5,0.5008856878333099,0.044889455425536864,0.41331118730946315,0.04091366943169097,9.450328027145304
582,116.47765176784523,2.291666666666667,0.2,0.5,0.5,0.5014860496158398,0.04487443328400621,0.4128748780785868,0.040764639021568135,9.450328027145304
583,116.67778519012674,2.291666666666667,0.2,0.5,0.5,0.5020816194484587,0.04485993939154162,0.41244103732501963,0.04061740383498088,9.450328027145304
584,116.87791861240827,2.291666666666667,0.2,0.5,0.5,0.5026724069280213,0.04484597084885574,0.4120096743431591,0.04047194787996472,9.450328027145304
585,117.07805203468979,2.291666666666667,0.2,0.5,0.5,0.5032584218500649,0.04483252472654614,0.4115807981156964,0.04032825530769341,9.450328027145304
586,117.27818545697131,2.291666666666667,0.2,0.5,0.5,0.50383967420881,0.04481959806509527,0.41115441731361657,0.040186310412478936,9.450328027145304
587,117.47831887925283,2.291666666666667,0.2,0.5,0.5,0.5044161741971607,0.04480718787487048,0.41073054029619827,0.04004609763177149,9.450328027145304
588,117.67845230153435,2.291666666666667,0.2,0.5,0.5,0.5049879322067036,0.04479529113612398,0.4103091751110139,0.03990760154615947,9.450328027145304
589,117.87858572381587,2.291666666666667,0.2,0.5,0.5,0.5055549588272533,0.04478390479906189,0.4098903294945298,0.03977080687915588,9.450328027145304
590,118.0787191460974,2.291666666666667,0.2,0.5,0.5,0.5061172645984701,0.04477302582145897,0.4094740111993487,0.03963569838072313,9.450328027145304
591,118.27885256837891,2.291666666666667,0.2,0.5,0.5,0.5066748601891397,0.04476265114150862,0.40906022775800877,0.0395022609113438,9.450328027145304
592,118.47898599066043,2.291666666666667,0.2,0.5,0.5,0.5072277566121749,0.0447527776452632,0.40864898619972023,0.03937047954284255,9.450328027145304
593,118.67911941294196,2.291666666666667,0.2,0.5,0.5,0.507775965061563,0.04474340219132662,0.4082402932651864,0.03924033948192487,9.450328027145304
594,118.87925283522348,2.291666666666667,0.2,0.5,0.5,0.5083194969123656,0.04473452161085437,0.40783415540660384,0.0391118260701771,9.450328027145304
595,119.07938625750499,2.291666666666667,0.2,0.5,0.5,0.5088583637207186,0.04472613270755346,0.4074305787876625,0.03898492478406642,9.450328027145304
596,119.27951967978652,2.291666666666667,0.2,0.5,0.5,0.5093925772238324,0.04471823225768246,0.4070295692835453,0.038859621234940814,9.450328027145304
597,119.47965310206804,2.291666666666667,0.2,0.5,0.5,0.5099221493399917,0.044710817010051494,0.40663113248092864,0.03873590116902911,9.450328027145304
598,119.67978652434957,2.291666666666667,0.2,0.5,0.5,0.5104470920568671,0.04470388370406034,0.40623527383181923,0.0386137504072542,9.450328027145304
599,119.87991994663108,2.291666666666667,0.2,0.5,0.5,0.510967417306541,0.04469742908988229,0.4058419988256907,0.03849315477788679,9.450328027145304
600,120.0800533689126,2.291666666666667,0.2,0.5,0.5,0.5114831373867058,0.044691449860439006,0.40545131240933513,0.03837410034352099,9.450328027145304
601,120.28018679119413,2.291666666666667,0.2,0.5,0.5,0.5119942647715489,0.04468594268194317,0.4050632192473445,0.03825657329916438,9.450328027145304
602,120.48032021347565,2.291666666666667,0.2,0.5,0.5,0.5125008121003668,0.04468090419573754,0.40467772373779476,0.038140559966101786,9.450328027145304
603,120.68045363575716,2.291666666666667,0.2,0.5,0.5,0.513002792177565,0.04467633101829491,0.4042948300122457,0.03802604679189533,9.450328027145304
604,120.88058705803869,2.291666666666667,0.2,0.5,0.5,0.5135002179726573,0.04467221974121814,0.403914541935741,0.03791302035038436,9.450328027145304
605,121.08072048032021,2.291666666666667,0.2,0.5,0.5,0.5139931026202668,0.04466856693124017,0.4035368631068083,0.03780146734168555,9.450328027145304
606,121.28085390260173,2.291666666666667,0.2,0.5,0.5,0.51448145938703,0.04466536913581006,0.4031617969057409,0.03769137457141988,9.450328027145304
607,121.48098732488324,2.291666666666667,0.2,0.5,0.5,0.5149653014477967,0.04466262292086835,0.4027893468210974,0.037582728810238296,9.450328027145304
608,121.68112074716477,2.291666666666667,0.2,0.5,0.5,0.5154446422606895,0.04466032480754078,0.402419515902533,0.03747551702923756,9.450328027145304
609,121.8812541694463,2.291666666666667,0.2,0.5,0.5,0.515919495480293,0.04465847128679096,0.40205230688744514,0.03736972634547172,9.450328027145304
610,122.08138759172782,2.291666666666667,0.2,0.5,0.5,0.5163898749125921,0.04465705882702646,0.4016877222667149,0.03726534399366737,9.450328027145304
611,122.28152101400933,2.291666666666667,0.2,0.5,0.5,0.5168557945149714,0.044656083874098834,0.40132576428470695,0.03716235732622371,9.450328027145304
612,122.48165443629085,2.291666666666667,0.2,0.5,0.5,0.5173172683962156,0.044655542851303597,0.4009664349392692,0.03706075381321245,9.450328027145304
613,122.68178785857238,2.291666666666667,0.2,0.5,0.5,0.5177743108165095,0.04465543215938023,0.4006097359817333,0.03696052104237792,9.450328027145304
614,122.8819212808539,2.291666666666667,0.2,0.5,0.5,0.5182269361845567,0.04465574817708115,0.40025566892108444,0.036861646717278485,9.450328027145304
615,123.08205470313541,2.291666666666667,0.2,0.5,0.5,0.5186751588685704,0.04465648729850328,0.39990423529758246,0.036764118535344635,9.450328027145304
616,123.28218812541694,2.291666666666667,0.2,0.5,0.5,0.5191189933733469,0.044657645898113975,0.39955543642641983,0.03666792430212016,9.450328027145304
617,123.48232154769846,2.291666666666667,0.2,0.5,0.5,0.5195584544235626,0.04465922031429889,0.3992092732771368,0.03657305198500252,9.450328027145304
618,123.68245496997999,2.291666666666667,0.2,0.5,0.5,0.5199935568788808,0.04466120686612955,0.3988657465965183,0.03647948965847219,9.450328027145304
619,123.8825883922615,2.291666666666667,0.2,0.5,0.5,0.5204243157339503,0.04466360185336336,0.39852485690859446,0.036387225504092666,9.450328027145304
620,124.08272181454302,2.291666666666667,0.2,0.5,0.5,0.5208507461184066,0.04466640155644359,0.3981866045146402,0.03629624781051044,9.450328027145304
621,124.28285523682455,2.291666666666667,0.2,0.5,0.5,0.5212728632950653,0.04466960223688697,0.39785098949636866,0.036206544971679924,9.450328027145304
622,124.48298865910607,2.291666666666667,0.2,0.5,0.5,0.5216906825913896,0.04467320015199402,0.3975180118371275,0.036118105419489684,9.450328027145304
623,124.68312208138758,2.291666666666667,0.2,0.5,0.5,0.5221042194718122,0.044677191539325506,0.3971876712940024,0.03603091769486071,9.450328027145304
624,124.8832555036691,2.291666666666667,0.2,0.5,0.5,0.5225134895564891,0.044681572612676815,0.396859967364651,0.035944970466183834,9.450328027145304
625,125.08338892595063,2.291666666666667,0.2,0.5,0.5,0.5229185085948465,0.04468633956775621,0.3965348993340849,0.03586025250331329,9.450328027145304
626,125.28352234823215,2.291666666666667,0.2,0.5,0.5,0.5233192924655798,0.044691488582184795,0.3962124662746695,0.0357767526775667,9.450328027145304
627,125.48365577051366,2.291666666666667,0.2,0.5,0.5,0.523715857176655,0.044697015815496545,0.3958926670461242,0.0356944599617251,9.450328027145304
628,125.68378919279519,2.291666666666667,0.2,0.5,0.5,0.5241082188596453,0.04470291741054253,0.39557550030359173,0.03561336342622125,9.450328027145304
629,125.88392261507671,2.291666666666667,0.2,0.5,0.5,0.524496393629913,0.04470918952816659,0.3952609646969046,0.03553345214501674,9.450328027145304
630,126.08405603735824,2.291666666666667,0.2,0.5,0.5,0.5248803977491707,0.044715828306889256,0.39494905863890584,0.035454715305035085,9.450328027145304
631,126.28418945963975,2.291666666666667,0.2,0.5,0.5,0.5252602476437164,0.044722829858385674,0.3946397802794624,0.035377142218436436,9.450328027145304
632,126.48432288192127,2.291666666666667,0.2,0.5,0.5,0.5256359598577611,0.04473019027906028,0.39433312757197997,0.035300722291199474,9.450328027145304
633,126.6844563042028,2.291666666666667,0.2,0.5,0.5,0.5260075510534297,0.04473790565004678,0.394029098273403,0.03522544502312143,9.450328027145304
634,126.88458972648432,2.291666666666667,0.2,0.5,0.5,0.5263750380107601,0.0447459720372082,0.3937276899442145,0.035151300007818076,9.450328027145304
635,127.08472314876583,2.291666666666667,0.2,0.5,0.5,0.5267384376210624,0.0447543854929808,0.3934288999582948,0.03507827692766281,9.450328027145304
636,127.28485657104736,2.291666666666667,0.2,0.5,0.5,0.5270977667725093,0.04476314208813898,0.3931327256727458,0.035006365466606695,9.450328027145304
637,127.48498999332888,2.291666666666667,0.2,0.5,0.5,0.5274530424947141,0.04477223787165429,0.39283916421328546,0.03493555542034701,9.450328027145304
638,127.6851234156104,2.291666666666667,0.2,0.5,0.5,0.5278042819592079,0.0447816688705629,0.392548212473539,0.03486583669669107,9.450328027145304
639,127.88525683789192,2.291666666666667,0.2,0.5,0.5,0.5281515024462685,0.044791431099175404,0.3922598671642774,0.034797199290279524,9.450328027145304
640,128.08539026017345,2.291666666666667,0.2,0.5,0.5,0.5284947213449204,0.0448015205590768,0.3919741248134174,0.03472963328258628,9.450328027145304
641,128.28552368245496,2.291666666666667,0.2,0.5,0.5,0.528833956152934,0.044811933239126536,0.3916909817660217,0.034663128841918606,9.450328027145304
642,128.48565710473648,2.291666666666667,0.2,0.5,0.5,0.5291692244697492,0.0448226651176561,0.39141043419552174,0.03459767621707377,9.450328027145304
643,128.685790527018,2.291666666666667,0.2,0.5,0.5,0.529500543907573,0.044833712190073496,0.39113247824469255,0.03453326565766191,9.450328027145304
644,128.88592394929952,2.291666666666667,0.2,0.5,0.5,0.5298279322124936,0.04484507043125645,0.39085710983359695,0.0344698875226539,9.450328027145304
645,129.08605737158106,2.291666666666667,0.2,0.5,0.5,0.5301514072546849,0.044856735798594526,0.39058432467512083,0.034407532271600566,9.450328027145304
646,129.28619079386257,2.291666666666667,0.2,0.5,0.5,0.53047098700595,0.044868704238961506,0.3903141183105816,0.03434619044450774,9.450328027145304
647,129.48632421614408,2.291666666666667,0.2,0.5,0.5,0.5307866895397217,0.04488097168871538,0.39004648610972753,0.03428585266183619,9.450328027145304
648,129.68645763842562,2.291666666666667,0.2,0.5,0.5,0.5310985330310629,0.0448935340736984,0.3897814232707379,0.03422650962450162,9.450328027145304
649,129.88659106070713,2.291666666666667,0.2,0.5,0.5,0.5314065357469766,0.044906387312457566,0.38951892483401257,0.03416815210655411,9.450328027145304
650,130.08672448298864,2.291666666666667,0.2,0.5,0.5,0.5317107159522668,0.04491952734753564,0.38925898581614743,0.03411077088405099,9.450328027145304
651,130.28685790527018,2.291666666666667,0.2,0.5,0.5,0.5320110920393873,0.044932950102310874,0.38900160102513875,0.03405435683316389,9.450328027145304
652,130.4869913275517,2.291666666666667,0.2,0.5,0.5,0.5323076825122507,0.04494665148637863,0.38874676508342565,0.033998900917945836,9.450328027145304
653,130.68712474983323,2.291666666666667,0.2,0.5,0.5,0.5326005059665604,0.04496062740208883,0.38849447245588065,0.033944394175470974,9.450328027145304
654,130.88725817211474,2.291666666666667,0.2,0.5,0.5,0.5328895810898104,0.044974873744546014,0.38824471744980976,0.03389082771583464,9.450328027145304
655,131.08739159439625,2.291666666666667,0.2,0.5,0.5,0.5331749266565315,0.044989386403469965,0.3879974942220442,0.03383819271795509,9.450328027145304
656,131.2875250166778,2.291666666666667,0.2,0.5,0.5,0.5334565614816289,0.0450041612814584,0.38775279684854513,0.03378648038836838,9.450328027145304
657,131.4876584389593,2.291666666666667,0.2,0.5,0.5,0.533734504484576,0.04501919426886266,0.387510619228647,0.033735682017915124,9.450328027145304
658,131.6877918612408,2.291666666666667,0.2,0.5,0.5,0.534008774681562,0.04503448124686128,0.38727095509677173,0.03368578897480578,9.450328027145304
659,131.88792528352235,2.291666666666667,0.2,0.5,0.5,0.5342793911756923,0.04505001809129503,0.38703379803704563,0.033636792695967796,9.450328027145304
660,132.08805870580386,2.291666666666667,0.2,0.5,0.5,0.534546373156989,0.04506580067266694,0.38679914148329925,0.033588684687045574,9.450328027145304
661,132.2881921280854,2.291666666666667,0.2,0.5,0.5,0.5348097398953459,0.045081824858775106,0.3865669787284196,0.03354145651746021,9.450328027145304
662,132.4883255503669,2.291666666666667,0.2,0.5,0.5,0.5350695106706755,0.04509808654081799,0.3863373030170818,0.03349509977142546,9.450328027145304
663,132.68845897264842,2.291666666666667,0.2,0.5,0.5,0.5353257048687563,0.04511458159757475,0.3861101074185099,0.033449606115159854,9.450328027145304
664,132.88859239492996,2.291666666666667,0.2,0.5,0.5,0.535578341969734,0.04513130589970218,0.38588538484174073,0.03340496728882398,9.450328027145304
665,133.08872581721147,2.291666666666667,0.2,0.5,0.5,0.5358274415333779,0.04514825531524475,0.38566312805519676,0.03336117509618137,9.450328027145304
666,133.28885923949298,2.291666666666667,0.2,0.5,0.5,0.5360730231990818,0.045165425709634645,0.38544332968668593,0.03331822140459847,9.450328027145304
667,133.48899266177452,2.291666666666667,0.2,0.5,0.5,0.536315106679355,0.04518281294826667,0.3852259822317746,0.03327609814060461,9.450328027145304
668,133.68912608405603,2.291666666666667,0.2,0.5,0.5,0.536553711694637,0.04520041292229079,0.38501107813765617,0.033234797245417065,9.450328027145304
669,133.88925950633757,2.291666666666667,0.2,0.5,0.5,0.5367888580625063,0.04521822151331426,0.3847986096883739,0.03319431073580642,9.450328027145304
670,134.08939292861908,2.291666666666667,0.2,0.5,0.5,0.537020565687193,0.04523623459755147,0.3845885690183157,0.03315463069694076,9.450328027145304
671,134.2895263509006,2.291666666666667,0.2,0.5,0.5,0.5372488545457486,0.04525444805129591,0.3843809481300063,0.033115749272950204,9.450328027145304
672,134.48965977318213,2.291666666666667,0.2,0.5,0.5,0.5374737446880462,0.04527285775092022,0.3841757388941076,0.03307765866692686,9.450328027145304
673,134.68979319546364,2.291666666666667,0.2,0.5,0.5,0.5376952562308595,0.04529145957533806,0.38397293305686064,0.033040351136942814,9.450328027145304
674,134.88992661774515,2.291666666666667,0.2,0.5,0.5,0.5379134092979374,0.0453102494309181,0.38377252231539244,0.033003818955753036,9.450328027145304
675,135.09006004002669,2.291666666666667,0.2,0.5,0.5,0.5381282241017987,0.04532922321747785,0.3835744982149258,0.03296805446579862,9.450328027145304
676,135.2901934623082,2.291666666666667,0.2,0.5,0.5,0.5383397209343117,0.04534837683219975,0.38337885216061673,0.032933050072872755,9.450328027145304
677,135.49032688458973,2.291666666666667,0.2,0.5,0.5,0.5385479201539167,0.045367706174943824,0.38318557543361265,0.03289879823752777,9.450328027145304
678,135.69046030687124,2.291666666666667,0.2,0.5,0.5,0.5387528421856257,0.045387207148247656,0.38299465919105247,0.03286529147507512,9.450328027145304
679,135.89059372915276,2.291666666666667,0.2,0.5,0.5,0.5389545075145894,0.04540687565995748,0.3828060944736122,0.032832522351841975,9.450328027145304
680,136.0907271514343,2.291666666666667,0.2,0.5,0.5,0.5391529366203263,0.045426707650127685,0.38261987228264827,0.03280048344689879,9.450328027145304
681,136.2908605737158,2.291666666666667,0.2,0.5,0.5,0.5393481500662608,0.045446699054400845,0.3824359834751775,0.03276916740416188,9.450328027145304
682,136.49099399599731,2.291666666666667,0.2,0.5,0.5,0.5395401684896293,0.045466845808135876,0.3822544187757159,0.03273856692651992,9.450328027145304
683,136.69112741827885,2.291666666666667,0.2,0.5,0.5,0.5397290125873837,0.0454871438521735,0.382075168792813,0.03270867476763088,9.450328027145304
684,136.89126084056036,2.291666666666667,0.2,0.5,0.5,0.5399147031161908,0.0455075891328362,0.3818982240190519,0.0326794837319221,9.450328027145304
685,137.0913942628419,2.291666666666667,0.2,0.5,0.5,0.5400972608859572,0.0455281776045639,0.3817235748382836,0.032650986671196223,9.450328027145304
686,137.2915276851234,2.291666666666667,0.2,0.5,0.5,0.5402767066929346,0.04554890525713792,0.3815512116003549,0.03262317644957357,9.450328027145304
687,137.49166110740492,2.291666666666667,0.2,0.5,0.5,0.5404530614105475,0.04556976807871674,0.3813811245196439,0.03259604599109282,9.450328027145304
688,137.69179452968646,2.291666666666667,0.2,0.5,0.5,0.5406263459793764,0.04559076205991242,0.38121330368625067,0.0325695882744615,9.450328027145304
689,137.89192795196797,2.291666666666667,0.2,0.5,0.5,0.5407965813927467,0.045611883199655597,0.3810477390820953,0.03254379632550342,9.450328027145304
690,138.09206137424948,2.291666666666667,0.2,0.5,0.5,0.5409637886967287,0.04563312750519543,0.38088442058091815,0.03251866321715873,9.450328027145304
691,138.29219479653102,2.291666666666667,0.2,0.5,0.5,0.541127988983584,0.045654490994716794,0.38072333795526,0.03249418206644018,9.450328027145304
692,138.49232821881253,2.291666666666667,0.2,0.5,0.5,0.5412892033233664,0.04567596972465375,0.3805644809493124,0.03247034600266847,9.450328027145304
693,138.69246164109407,2.291666666666667,0.2,0.5,0.5,0.541447452856548,0.0456975597527014,0.3804078391802633,0.03244714821048821,9.450328027145304
694,138.89259506337558,2.291666666666667,0.2,0.5,0.5,0.541602758784033,0.04571925714180389,0.380253402148934,0.032424581925230095,9.450328027145304
695,139.0927284856571,2.291666666666667,0.2,0.5,0.5,0.5417551423523459,0.04574105796606873,0.3801011592555536,0.03240264042603269,9.450328027145304
696,139.29286190793863,2.291666666666667,0.2,0.5,0.5,0.5419046248536328,0.04576295831076677,0.379951099799759,0.03238131703584241,9.450328027145304
697,139.49299533022014,2.291666666666667,0.2,0.5,0.5,0.5420512276188907,0.04578495427493953,0.3798032129874792,0.03236060511869155,9.450328027145304
698,139.69312875250165,2.291666666666667,0.2,0.5,0.5,0.5421949719465847,0.045807041998891726,0.3796574880035293,0.032340498050995356,9.450328027145304
699,139.8932621747832,2.291666666666667,0.2,0.5,0.5,0.5423358791990608,0.0458292176270588,0.3795139139135623,0.03232098926031922,9.450328027145304
700,140.0933955970647,2.291666666666667,0.2,0.5,0.5,0.5424739707923903,0.04585147731191819,0.3793724796743974,0.032302072221295164,9.450328027145304
701,140.29352901934624,2.291666666666667,0.2,0.5,0.5,0.5426092681808341,0.045873817219972954,0.3792331741498193,0.03228374044937483,9.450328027145304
702,140.49366244162775,2.291666666666667,0.2,0.5,0.5,0.5427417928568419,0.045896233531751776,0.37909598611057804,0.03226598750082946,9.450328027145304
703,140.69379586390926,2.291666666666667,0.2,0.5,0.5,0.5428715663441037,0.04591872244436534,0.3789609042411768,0.03224880697035549,9.450328027145304
704,140.8939292861908,2.291666666666667,0.2,0.5,0.5,0.5429986101235103,0.045941280198742745,0.378827917212185,0.03223219246556327,9.450328027145304
705,141.0940627084723,2.291666666666667,0.2,0.5,0.5,0.5431229457328892,0.045963903042942164,0.37869701358282737,0.03221613764134253,9.450328027145304
706,141.29419613075382,2.291666666666667,0.2,0.5,0.5,0.5432445947567492,0.04598658723592357,0.378568181811,0.03220063619632853,9.450328027145304
707,141.49432955303536,2.291666666666667,0.2,0.5,0.5,0.5433635788100828,0.04600932905350701,0.37844141026909023,0.032185681867321236,9.450328027145304
708,141.69446297531687,2.291666666666667,0.2,0.5,0.5,0.5434799195383667,0.04603212478837262,0.3783166872439766,0.03217126842928533,9.450328027145304
709,141.8945963975984,2.291666666666667,0.2,0.5,0.5,0.5435936386104264,0.046054970752539504,0.37819400094376043,0.032157389693274877,9.450328027145304
710,142.09472981987992,2.291666666666667,0.2,0.5,0.5,0.543704757641619,0.04607786330405262,0.3780733395702384,0.03214403948409121,9.450328027145304
711,142.29486324216143,2.291666666666667,0.2,0.5,0.5,0.5438132982970373,0.04610079881112882,0.3779546912215355,0.032131211670299684,9.450328027145304
712,142.49499666444297,2.291666666666667,0.2,0.5,0.5,0.5439192822811576,0.04612377365575326,0.3778380439018716,0.03211890016121878,9.450328027145304
713,142.69513008672448,2.291666666666667,0.2,0.5,0.5,0.5440227313209496,0.04614678423954734,0.3777233855374968,0.03210709890200747,9.450328027145304
714,142.89526350900599,2.291666666666667,0.2,0.5,0.5,0.5441236671658757,0.04616982698376871,0.3776107039766916,0.032095801873665245,9.450328027145304
715,143.09539693128752,2.291666666666667,0.2,0.5,0.5,0.5442221115795264,0.04619289833202227,0.3774999869974299,0.0320850030910227,9.450328027145304
716,143.29553035356903,2.291666666666667,0.2,0.5,0.5,0.5443180862510597,0.04621599477896183,0.37739122238851214,0.03207469658146762,9.450328027145304
717,143.49566377585057,2.291666666666667,0.2,0.5,0.5,0.5444116129205337,0.046239112829671004,0.3772843978347444,0.03206487641505218,9.450328027145304
718,143.69579719813208,2.291666666666667,0.2,0.5,0.5,0.5445027133637723,0.04626224900456801,0.3771795009308034,0.032055536700857507,9.450328027145304
719,143.8959306204136,2.291666666666667,0.2,0.5,0.5,0.544591409371817,0.0462853998460653,0.37707651920006147,0.03204667158205744,9.450328027145304
720,144.09606404269513,2.291666666666667,0.2,0.5,0.5,0.5446777227509265,0.04630856191856952,0.3769754400945866,0.03203827523591863,9.450328027145304
721,144.29619746497664,2.291666666666667,0.2,0.5,0.5,0.5447616753225768,0.04633173180848152,0.3768762509951425,0.03203034187380048,9.450328027145304
722,144.49633088725815,2.291666666666667,0.2,0.5,0.5,0.5448432889012468,0.04635490613087362,0.37677893923117073,0.03202286573671004,9.450328027145304
723,144.6964643095397,2.291666666666667,0.2,0.5,0.5,0.5449225851773395,0.04637808156468102,0.376683492186106,0.03201584107187466,9.450328027145304
724,144.8965977318212,2.291666666666667,0.2,0.5,0.5,0.5449995859166874,0.04640125479273457,0.3765898971179163,0.032009262172662915,9.450328027145304
725,145.09673115410274,2.291666666666667,0.2,0.5,0.5,0.5450743129088796,0.046424422517292646,0.3764981412055841,0.03200312336824478,9.450328027145304
726,145.29686457638425,2.291666666666667,0.2,0.5,0.5,0.5451467879482679,0.0464475814657503,0.376408211566192,0.03199741901979106,9.450328027145304
727,145.49699799866576,2.291666666666667,0.2,0.5,0.5,0.5452170328339666,0.04647072839063929,0.37632009525492205,0.03199214352047329,9.450328027145304
728,145.6971314209473,2.291666666666667,0.2,0.5,0.5,0.5452850693698527,0.046493860069628065,0.3762337792650567,0.031987291295463835,9.450328027145304
729,145.8972648432288,2.291666666666667,0.2,0.5,0.5,0.5453509193304751,0.0465169733146787,0.3761492505580006,0.031982856796846856,9.450328027145304
730,146.09739826551032,2.291666666666667,0.2,0.5,0.5,0.5454146043707329,0.046540064996308035,0.3760664961428251,0.03197883449013525,9.450328027145304
731,146.29753168779186,2.291666666666667,0.2,0.5,0.5,0.5454761462189562,0.046563131991724675,0.37598550290622684,0.03197521888309343,9.450328027145304
732,146.49766511007337,2.291666666666667,0.2,0.5,0.5,0.5455355666084059,0.04658617120322896,0.3759062576728548,0.031972004515511604,9.450328027145304
733,146.6977985323549,2.291666666666667,0.2,0.5,0.5,0.5455928872671433,0.046609179560933627,0.3758287472142306,0.03196918595769372,9.450328027145304
734,146.89793195463642,2.291666666666667,0.2,0.5,0.5,0.5456481299180314,0.046632154022763814,0.3757529582487486,0.03196675781045749,9.450328027145304
735,147.09806537691793,2.291666666666667,0.2,0.5,0.5,0.5457013162787339,0.04665509157445707,0.37567887744167583,0.031964714705134394,9.450328027145304
736,147.29819879919947,2.291666666666667,0.2,0.5,0.5,0.5457524680096132,0.046677989241916955,0.37560649145059505,0.03196305129787615,9.450328027145304
737,147.49833222148098,2.291666666666667,0.2,0.5,0.5,0.5458016066548484,0.04670084410517358,0.3755357869767587,0.03196176226322064,9.450328027145304
738,147.6984656437625,2.291666666666667,0.2,0.5,0.5,0.5458487538282378,0.04672365325433031,0.37546675060303814,0.031960842314395076,9.450328027145304
739,147.89859906604403,2.291666666666667,0.2,0.5,0.5,0.5458939311325945,0.04674641380867479,0.3753993688642238,0.03196028619450817,9.450328027145304
740,148.09873248832554,2.291666666666667,0.2,0.5,0.5,0.5459371601552317,0.046769122917749456,0.3753336282509634,0.03196008867605675,9.450328027145304
741,148.29886591060708,2.291666666666667,0.2,0.5,0.5,0.5459784624679626,0.04679177776135156,0.3752695152097615,0.03196024456092574,9.450328027145304
742,148.4989993328886,2.291666666666667,0.2,0.5,0.5,0.5460178596271001,0.046814375549533126,0.3752070161429798,0.031960748680388194,9.450328027145304
743,148.6991327551701,2.291666666666667,0.2,0.5,0.5,0.5460553730972197,0.04683691353833734,0.3751461174752779,0.03196159588916638,9.450328027145304
744,148.89926617745164,2.291666666666667,0.2,0.5,0.5,0.5460910242394563,0.04685938903221389,0.3750868056638109,0.03196278106452019,9.450328027145304
745,149.09939959973315,2.291666666666667,0.2,0.5,0.5,0.5461248344732499,0.04688179935063319,0.37502906705727124,0.031964299118846996,9.450328027145304
746,149.29953302201466,2.291666666666667,0.2,0.5,0.5,0.546156825192756,0.04690414184534004,0.3749728879687351,0.03196614499317009,9.450328027145304
747,149.4996664442962,2.291666666666667,0.2,0.5,0.5,0.546187017765814,0.04692641390056665,0.3749182546765623,0.03196831365705828,9.450328027145304
748,149.6997998665777,2.291666666666667,0.2,0.5,0.5,0.5462154335339467,0.04694861293303265,0.374865153424396,0.031970800108625894,9.450328027145304
749,149.89993328885924,2.291666666666667,0.2,0.5,0.5,0.5462420938123267,0.046970736391950804,0.37481357042119234,0.03197359937453137,9.450328027145304
750,150.10006671114076,2.291666666666667,0.2,0.5,0.5,0.5462670197704107,0.04699278177915845,0.37476349194546416,0.03197670650496791,9.450328027145304
751,150.30020013342227,2.291666666666667,0.2,0.5,0.5,0.5462902325040294,0.047014746636959266,0.37471490428232374,0.03198011657668884,9.450328027145304
752,150.5003335557038,2.291666666666667,0.2,0.5,0.5,0.5463117531605777,0.047036628527009516,0.37466779361415264,0.031983824698261366,9.450328027145304
753,150.70046697798531,2.291666666666667,0.2,0.5,0.5,0.5463316028519719,0.04705842504499811,0.37462214609661754,0.03198782600641371,9.450328027145304
754,150.90060040026682,2.291666666666667,0.2,0.5,0.5,0.5463498026546494,0.04708013382064666,0.3745779478586701,0.03199211566603509,9.450328027145304
755,151.10073382254836,2.291666666666667,0.2,0.5,0.5,0.5463663736095692,0.04710175251770943,0.37453518500254684,0.03199668887017577,9.450328027145304
756,151.30086724482987,2.291666666666667,0.2,0.5,0.5,0.5463813367222113,0.04712327883397337,0.3744938436037696,0.03200154084004699,9.450328027145304
757,151.5010006671114,2.291666666666667,0.2,0.5,0.5,0.5463947129625772,0.0471447105012581,0.37445390971114484,0.032006666825021034,9.450328027145304
758,151.70113408939292,2.291666666666667,0.2,0.5,0.5,0.546406523146388,0.04716604530235813,0.37441536945158255,0.03201206209967245,9.450328027145304
759,151.90126751167443,2.291666666666667,0.2,0.5,0.5,0.5464167878888962,0.04718728107762972,0.3743782090708475,0.03201772196262776,9.450328027145304
760,152.10140093395597,2.291666666666667,0.2,0.5,0.5,0.5464255279189487,0.04720841568020261,0.37434241465646273,0.032023641744387134,9.450328027145304
761,152.30153435623748,2.291666666666667,0.2,0.5,0.5,0.546432763920135,0.047229446998633746,0.3743079722778642,0.03202981680336822,9.450328027145304
762,152.501667778519,2.291666666666667,0.2,0.5,0.5,0.5464385165268278,0.04725037295747191,0.3742748679898939,0.03203624252580755,9.450328027145304
763,152.70180120080053,2.291666666666667,0.2,0.5,0.5,0.5464428063241835,0.047271191517257706,0.3742430878327994,0.03204291432576051,9.450328027145304
764,152.90193462308204,2.291666666666667,0.2,0.5,0.5,0.5464456538481417,0.04729190067452354,0.37421261783223453,0.03204982764510138,9.450328027145304
765,153.10206804536358,2.291666666666667,0.2,0.5,0.5,0.5464470795854256,0.04731249846179365,0.37418344399925857,0.0320569779535233,9.450328027145304
766,153.3022014676451,2.291666666666667,0.2,0.5,0.5,0.5464471039081916,0.04733298295359076,0.3741555523890138,0.032064360749204976,9.450328027145304
767,153.5023348899266,2.291666666666667,0.2,0.5,0.5,0.5464457469349197,0.04735335227922227,0.3741289292256294,0.032071971560229756,9.450328027145304
768,153.70246831220814,2.291666666666667,0.2,0.5,0.5,0.5464430288718168,0.047373604591400297,0.37410356059568106,0.03207980594110285,9.450328027145304
769,153.90260173448965,2.291666666666667,0.2,0.5,0.5,0.5464389698790949,0.04739373807853266,0.37407943256825804,0.03208785947411548,9.450328027145304
770,154.1027351567712,2.291666666666667,0.2,0.5,0.5,0.5464335900552079,0.04741375096617174,0.37405653120911586,0.032096127769505677,9.450328027145304
771,154.3028685790527,2.291666666666667,0.2,0.5,0.5,0.5464269094368521,0.04743364151701442,0.3740348425806763,0.032104606465458284,9.450328027145304
772,154.5030020013342,2.291666666666667,0.2,0.5,0.5,0.5464189479989664,0.047453408030902144,0.3740143527420276,0.03211329122810496,9.450328027145304
773,154.70313542361575,2.291666666666667,0.2,0.5,0.5,0.5464097256547319,0.04747304884482086,0.37399504774892417,0.03212217775152418,9.450328027145304
774,154.90326884589726,2.291666666666667,0.2,0.5,0.5,0.5463992622227546,0.047492562334403784,0.37397691368398817,0.0321312617588546,9.450328027145304
775,155.10340226817877,2.291666666666667,0.2,0.5,0.5,0.5463875772376184,0.047511946922606095,0.3739599368310544,0.03214053900872222,9.450328027145304
776,155.3035356904603,2.291666666666667,0.2,0.5,0.5,0.54637469028022,0.047531201064579,0.37394410337116857,0.03215000528403351,9.450328027145304
777,155.50366911274182,2.291666666666667,0.2,0.5,0.5,0.5463606208924845,0.04755032325157483,0.37392939946107323,0.032159656394868646,9.450328027145304
778,155.70380253502336,2.291666666666667,0.2,0.5,0.5,0.5463453885423487,0.04756931201255052,0.37391581126543233,0.0321694881796696,9.450328027145304
779,155.90393595730487,2.291666666666667,0.2,0.5,0.5,0.5463290126237617,0.04758816591416753,0.3739033249568319,0.03217949650524005,9.450328027145304
780,156.10406937958638,2.291666666666667,0.2,0.5,0.5,0.5463115124566845,0.0476068835607919,0.3738919267157793,0.03218967726674543,9.450328027145304
781,156.30420280186792,2.291666666666667,0.2,0.5,0.5,0.54629290728709,0.047625463594494225,0.373881602730704,0.03220002638771292,9.450328027145304
782,156.50433622414943,2.291666666666667,0.2,0.5,0.5,0.5462732162746954,0.047643904695136456,0.37387233920961116,0.032210539820558055,9.450328027145304
783,156.70446964643094,2.291666666666667,0.2,0.5,0.5,0.5462524582901537,0.04766220558180708,0.37386412257274915,0.03222121355529125,9.450328027145304
784,156.90460306871248,2.291666666666667,0.2,0.5,0.5,0.5462306521875498,0.04768036501089284,0.3738569391937388,0.0322320436078196,9.450328027145304
785,157.104736490994,2.291666666666667,0.2,0.5,0.5,0.5462078167961415,0.047698381776137104,0.37385077540742095,0.032243026020301546,9.450328027145304
786,157.30486991327552,2.291666666666667,0.2,0.5,0.5,0.5461839708590932,0.04771625470907351,0.3738456175680575,0.03225415686377691,9.450328027145304
787,157.50500333555703,2.291666666666667,0.2,0.5,0.5,0.5461591330334771,0.04773398267902588,0.37384145204933134,0.032265432238166906,9.450328027145304
788,157.70513675783855,2.291666666666667,0.2,0.5,0.5,0.5461333218902723,0.04775156459310827,0.37383826524434655,0.032276848272274124,9.450328027145304
789,157.90527018012008,2.291666666666667,0.2,0.5,0.5,0.5461065559143655,0.047768999396224934,0.37383604356562816,0.03228840112378256,9.450328027145304
790,158.1054036024016,2.291666666666667,0.2,0.5,0.5,0.54607885350204,0.04778628607091559,0.37383477344762306,0.03230008697942256,9.450328027145304
791,158.3055370246831,2.291666666666667,0.2,0.5,0.5,0.5460502327192706,0.04780342362245561,0.3738344415874214,0.03231190207085369,9.450328027145304
792,158.50567044696464,2.291666666666667,0.2,0.5,0.5,0.5460207115575503,0.04782041109462635,0.37383503468997076,0.032323842657853895,9.450328027145304
793,158.70580386924615,2.291666666666667,0.2,0.5,0.5,0.5459903080490163,0.04783724757681197,0.3738365393534186,0.032335905020754466,9.450328027145304
794,158.9059372915277,2.291666666666667,0.2,0.5,0.5,0.54595904013159,0.04785393219568614,0.3738389422034233,0.03234808546930184,9.450328027145304
795,159.1060707138092,2.291666666666667,0.2,0.5,0.5,0.5459269256489776,0.04787046411521202,0.373842229893154,0.032360380342657584,9.450328027145304
796,159.3062041360907,2.291666666666667,0.2,0.5,0.5,0.5458939823506698,0.047886842536642264,0.37384638910329077,0.032372786009398434,9.450328027145304
797,159.50633755837225,2.291666666666667,0.2,0.5,0.5,0.5458602278919418,0.047903066698519015,0.37385140654202426,0.03238529886751625,9.450328027145304
798,159.70647098065376,2.291666666666667,0.2,0.5,0.5,0.5458256798338531,0.0479191358766739,0.3738572689450561,0.03239791534441807,9.450328027145304
799,159.90660440293527,2.291666666666667,0.2,0.5,0.5,0.5457903556432483,0.04793504938422806,0.37386396307559877,0.03241063189692604,9.450328027145304
800,160.1067378252168,2.291666666666667,0.2,0.5,0.5,0.5457542726927561,0.04795080657159212,0.37387147572437546,0.03242344501127749,9.450328027145304
801,160.30687124749832,2.291666666666667,0.2,0.5,0.5,0.54571744826079,0.04796640682646619,0.37387979370962016,0.03243635120312486,9.450328027145304
802,160.50700466977986,2.291666666666667,0.2,0.5,0.5,0.5456798994762727,0.047981849568441946,0.37388890393405244,0.03244934702123411,9.450328027145304
803,160.70713809206137,2.291666666666667,0.2,0.5,0.5,0.5456416428285012,0.047997134201138075,0.3738987938900832,0.032462429080278576,9.450328027145304
804,160.90727151434288,2.291666666666667,0.2,0.5,0.5,0.5456026949925009,0.04801226019280086,0.373909450809083,0.03247559400561633,9.450328027145304
805,161.10740493662442,2.291666666666667,0.2,0.5,0.5,0.5455630726593117,0.048027227059730726,0.3739208618363134,0.03248883844464528,9.450328027145304
806,161.30753835890593,2.291666666666667,0.2,0.5,0.5,0.5455227924102973,0.04804203435400772,0.3739330141604831,0.03250215907521296,9.450328027145304
807,161.50767178118744,2.291666666666667,0.2,0.5,0.5,0.5454818707171448,0.048056681663491536,0.37394589501374814,0.032515552605616525,9.450328027145304
808,161.70780520346898,2.291666666666667,0.2,0.5,0.5,0.5454403239418648,0.04807116861182149,0.373959491671712,0.03252901577460273,9.450328027145304
809,161.9079386257505,2.291666666666667,0.2,0.5,0.5,0.5453981683367913,0.048085494858416504,0.3739737914534252,0.03254254535136797,9.450328027145304
810,162.10807204803203,2.291666666666667,0.2,0.5,0.5,0.5453554200445818,0.04809966009847517,0.3739887817213858,0.03255613813555823,9.450328027145304
811,162.30820547031354,2.291666666666667,0.2,0.5,0.5,0.5453120950982172,0.04811366406297565,0.37400444988153897,0.032569790957269126,9.450328027145304
812,162.50833889259505,2.291666666666667,0.2,0.5,0.5,0.5452682094210018,0.048127506518675804,0.3740207833832774,0.032583500677045886,9.450328027145304
813,162.7084723148766,2.291666666666667,0.2,0.5,0.5,0.5452237788265637,0.048141187268113055,0.37403776971944086,0.03259726418588336,9.450328027145304
814,162.9086057371581,2.291666666666667,0.2,0.5,0.5,0.5451788188916907,0.048154706121544995,0.374055396571256,0.03261107841550926,9.450328027145304
815,163.1087391594396,2.291666666666667,0.2,0.5,0.5,0.5451333447219204,0.048168062845224964,0.37407365207551535,0.0326249403573402,9.450328027145304
816,163.30887258172115,2.291666666666667,0.2,0.5,0.5,0.5450873716166525,0.04818125730816388,0.37409252406648824,0.032638847008696265,9.450328027145304
817,163.50900600400266,2.291666666666667,0.2,0.5,0.5,0.5450409147842228,0.04819428941925931,0.37411200040067694,0.03265279539584201,9.450328027145304
818,163.7091394262842,2.291666666666667,0.2,0.5,0.5,0.5449939893112955,0.048207159120541763,0.37413206899170215,0.032666782576461564,9.450328027145304
819,163.9092728485657,2.291666666666667,0.2,0.5,0.5,0.5449466101628645,0.04821986638717469,0.3741527178103032,0.032680805639658625,9.450328027145304
820,164.10940627084722,2.291666666666667,0.2,0.5,0.5,0.5448987921822521,0.0482324112274545,0.3741739348843379,0.03269486170595648,9.450328027145304
821,164.30953969312876,2.291666666666667,0.2,0.5,0.5,0.5448505500911097,0.048244793682810566,0.3741957082987828,0.03270894792729796,9.450328027145304
822,164.50967311541027,2.291666666666667,0.2,0.5,0.5,0.5448018984894177,0.04825701382780518,0.37421802619573263,0.0327230614870455,9.450328027145304
823,164.70980653769178,2.291666666666667,0.2,0.5,0.5,0.5447528518554853,0.048269071770133606,0.374240876774401,0.03273719959998109,9.450328027145304
824,164.90993995997331,2.291666666666667,0.2,0.5,0.5,0.5447034245459508,0.048280967650624056,0.3742642482911199,0.03275135951230629,9.450328027145304
825,165.11007338225482,2.291666666666667,0.2,0.5,0.5,0.5446536307957812,0.04829270164323768,0.37428812905933995,0.03276553850164224,9.450328027145304
826,165.31020680453636,2.291666666666667,0.2,0.5,0.5,0.5446034845243067,0.04830427387703961,0.37431250770434377,0.032779733894311006,9.450328027145304
827,165.51034022681787,2.291666666666667,0.2,0.5,0.5,0.5445529994041894,0.04831568446394397,0.37433737307267684,0.03279394305919081,9.450328027145304
828,165.71047364909938,2.291666666666667,0.2,0.5,0.5,0.5445021891865245,0.048326933629495986,0.3743627138052294,0.03280816337875122,9.450328027145304
829,165.91060707138092,2.291666666666667,0.2,0.5,0.5,0.5444510674926509,0.04833802162912148,0.37438851861062694,0.03282239226760168,9.450328027145304
830,166.11074049366243,2.291666666666667,0.2,0.5,0.5,0.5443996478132731,0.04834894874777317,0.374414776266385,0.03283662717256987,9.450328027145304
831,166.31087391594394,2.291666666666667,0.2,0.5,0.5,0.5443479435084597,0.04835971529993066,0.37444147561890906,0.03285086557270168,9.450328027145304
832,166.51100733822548,2.291666666666667,0.2,0.5,0.5,0.5442959678076449,0.04837032162960042,0.3744686055834946,0.032865104979261206,9.450328027145304
833,166.711140760507,2.291666666666667,0.2,0.5,0.5,0.5442437338096273,0.048380768110315824,0.37449615514432716,0.032879342935730804,9.450328027145304
834,166.91127418278853,2.291666666666667,0.2,0.5,0.5,0.5441912544825709,0.04839105514513711,0.37452411335448216,0.032893577017811024,9.450328027145304
835,167.11140760507004,2.291666666666667,0.2,0.5,0.5,0.544138542664004,0.04840118316665142,0.37455246933592506,0.03290780483342064,9.450328027145304
836,167.31154102735155,2.291666666666667,0.2,0.5,0.5,0.5440856110608203,0.04841115263697277,0.3745812122795114,0.03292202402269664,9.450328027145304
837,167.5116744496331,2.291666666666667,0.2,0.5,0.5,0.5440324732011831,0.04842096461865878,0.37461032995552507,0.03293623222463431,9.450328027145304
838,167.7118078719146,2.291666666666667,0.2,0.5,0.5,0.5439791390381211,0.04843061813791272,0.3746398155928062,0.03295042723116121,9.450328027145304
839,167.9119412941961,2.291666666666667,0.2,0.5,0.5,0.5439256221334577,0.048440114493234133,0.3746696566379362,0.032964606735373096,9.450328027145304
840,168.11207471647765,2.291666666666667,0.2,0.5,0.5,0.5438719345536807,0.04844945419415324,0.3746998427417568,0.0329787685104105,9.450328027145304
841,168.31220813875916,2.291666666666667,0.2,0.5,0.5,0.5438180882333907,0.048458637778976466,0.37473036362595796,0.03299291036167603,9.450328027145304
842,168.5123415610407,2.291666666666667,0.2,0.5,0.5,0.5437640949747351,0.048467665814446385,0.3747612090839655,0.03300703012685427,9.450328027145304
843,168.7124749833222,2.291666666666667,0.2,0.5,0.5,0.5437099664468401,0.04847653889540162,0.3747923689818279,0.03302112567593162,9.450328027145304
844,168.91260840560372,2.291666666666667,0.2,0.5,0.5,0.5436557141852445,0.0484852576444368,0.3748238332591038,0.033035194911216176,9.450328027145304
845,169.11274182788526,2.291666666666667,0.2,0.5,0.5,0.543601349591332,0.04849382271156242,0.3748555919297492,0.033049235767357625,9.450328027145304
846,169.31287525016677,2.291666666666667,0.2,0.5,0.5,0.5435468839317648,0.04850223477386484,0.3748876350830046,0.03306324621136706,9.450328027145304
847,169.51300867244828,2.291666666666667,0.2,0.5,0.5,0.543492328337916,0.04851049453516614,0.3749199528842822,0.03307722424263692,9.450328027145304
848,169.71314209472982,2.291666666666667,0.2,0.5,0.5,0.543437693805303,0.048518602725684104,0.37495253557605335,0.033091167892960814,9.450328027145304
849,169.91327551701133,2.291666666666667,0.2,0.5,0.5,0.543382991179004,0.04852656007957521,0.37498537351630196,0.03310507522512006,9.450328027145304
850,170.11340893929287,2.291666666666667,0.2,0.5,0.5,0.5433282310786165,0.048534367217077365,0.3750184573790199,0.0331189443252875,9.450328027145304
851,170.31354236157438,2.291666666666667,0.2,0.5,0.5,0.5432734240406465,0.04854202486974803,0.3750517777719401,0.03313277331766665,9.450328027145304
852,170.5136757838559,2.291666666666667,0.2,0.5,0.5,0.5432185804749822,0.048549533812335524,0.3750853253525653,0.0331465603601183,9.450328027145304
853,170.71380920613743,2.291666666666667,0.2,0.5,0.5,0.5431637106490911,0.048556894838398604,0.37511909086988915,0.033160303642622416,9.450328027145304
854,170.91394262841894,2.291666666666667,0.2,0.5,0.5,0.5431088246872993,0.04856410875972294,0.3751530651656968,0.0331740013872822,9.450328027145304
855,171.11407605070045,2.291666666666667,0.2,0.5,0.5,0.5430539325700698,0.0485711764057377,0.3751872391758654,0.03318765184832821,9.450328027145304
856,171.314209472982,2.291666666666667,0.2,0.5,0.5,0.5429990441332817,0.04857809862293203,0.37522160393166504,0.033201253312122474,9.450328027145304
857,171.5143428952635,2.291666666666667,0.2,0.5,0.5,0.5429441690675081,0.04858487627427163,0.375256150561059,0.03321480409716253,9.450328027145304
858,171.71447631754504,2.291666666666667,0.2,0.5,0.5,0.5428893169172956,0.04859151023861523,0.3752908702900048,0.03322830255408558,9.450328027145304
859,171.91460973982655,2.291666666666667,0.2,0.5,0.5,0.542834497080443,0.048598001410131146,0.37532575444375443,0.033241747065672574,9.450328027145304
860,172.11474316210806,2.291666666666667,0.2,0.5,0.5,0.5427797188072796,0.04860435069771383,0.3753607944481555,0.033255136046852284,9.450328027145304
861,172.3148765843896,2.291666666666667,0.2,0.5,0.5,0.5427249911999441,0.04861055902440035,0.3753959818309513,0.03326846794470544,9.450328027145304
862,172.5150100066711,2.291666666666667,0.2,0.5,0.5,0.5426703232116636,0.048616627326786954,0.37543130822308185,0.0332817412384688,9.450328027145304
863,172.71514342895262,2.291666666666667,0.2,0.5,0.5,0.5426157236460689,0.048622556554445535,0.3754667653599516,0.03329495443953506,9.450328027145304
864,172.91527685123415,2.291666666666667,0.2,0.5,0.5,0.5425612013427477,0.0486283476690671,0.3755023449177008,0.03330810607048562,9.450328027145304
865,173.11541027351566,2.291666666666667,0.2,0.5,0.5,0.5425067650415756,0.04863400164407612,0.37553803863406204,0.03332119468028742,9.450328027145304
866,173.3155436957972,2.291666666666667,0.2,0.5,0.5,0.5424524231922604,0.04863951946432518,0.37557383847775744,0.03333421886565821,9.450328027145304
867,173.5156771180787,2.291666666666667,0.2,0.5,0.5,0.5423981841024168,0.0486449021252934,0.37560973651797247,0.03334717725431853,9.450328027145304
868,173.71581054036022,2.291666666666667,0.2,0.5,0.5,0.5423440559372854,0.0486501506325023,0.37564572492526727,0.0333600685049463,9.450328027145304
869,173.91594396264176,2.291666666666667,0.2,0.5,0.5,0.5422900467194506,0.0486552660009317,0.3756817959724875,0.03337289130713144,9.450328027145304
870,174.11607738492327,2.291666666666667,0.2,0.5,0.5,0.5422361643285595,0.048660249254435614,0.3757179420356757,0.03338564438133046,9.450328027145304
871,174.31621080720478,2.291666666666667,0.2,0.5,0.5,0.5421824165010397,0.048665101425158105,0.3757541555949824,0.033398326478821044,9.450328027145304
872,174.51634422948632,2.291666666666667,0.2,0.5,0.5,0.5421288108298183,0.048669823552949194,0.37579042923557704,0.03341093638165669,9.450328027145304
873,174.71647765176783,2.291666666666667,0.2,0.5,0.5,0.54207535476404,0.04867441668478072,0.37582675564855933,0.03342347290262125,9.450328027145304
874,174.91661107404937,2.291666666666667,0.2,0.5,0.5,0.5420220556087851,0.04867888187416225,0.37586312763187035,0.0334359348851836,9.450328027145304
875,175.11674449633088,2.291666666666667,0.2,0.5,0.5,0.5419689205247885,0.04868322018055695,0.37589953809120363,0.033448321203452196,9.450328027145304
876,175.3168779186124,2.291666666666667,0.2,0.5,0.5,0.5419159565281579,0.04868743266879746,0.3759359800409163,0.03346063076212966,9.450328027145304
877,175.51701134089393,2.291666666666667,0.2,0.5,0.5,0.541863170490092,0.04869152040850179,0.3759724466049401,0.03347286249646745,9.450328027145304
878,175.71714476317544,2.291666666666667,0.2,0.5,0.5,0.5418105692085164,0.048695484496514264,0.37600893093344173,0.033485015361528966,9.450328027145304
879,175.91727818545695,2.291666666666667,0.2,0.5,0.5,0.5417581596689546,0.04869932613993188,0.37604542589779405,0.03349708829332085,9.450328027145304
880,176.1174116077385,2.291666666666667,0.2,0.5,0.5,0.5417059484800004,0.04870304647487149,0.37608192475250013,0.03350908029262932,9.450328027145304
881,176.31754503002,2.291666666666667,0.2,0.5,0.5,0.5416539420737685,0.04870664663015189,0.37611842090094727,0.03352099039513368,9.450328027145304
882,176.51767845230154,2.291666666666667,0.2,0.5,0.5,0.5416021467506317,0.048710127741123134,0.3761549078435783,0.03353281766466822,9.450328027145304
883,176.71781187458305,2.291666666666667,0.2,0.5,0.5,0.5415505686795409,0.04871349094927483,0.37619137917809814,0.03354456119308744,9.450328027145304
884,176.91794529686456,2.291666666666667,0.2,0.5,0.5,0.5414992138983443,0.0487167374018445,0.3762278285996812,0.03355622010013131,9.450328027145304
885,177.1180787191461,2.291666666666667,0.2,0.5,0.5,0.5414480883141071,0.0487198682514259,0.3762642499011778,0.0335677935332905,9.450328027145304
886,177.3182121414276,2.291666666666667,0.2,0.5,0.5,0.5413971977034308,0.048722884655577364,0.37630063697332156,0.03357928066767161,9.450328027145304
887,177.51834556370912,2.291666666666667,0.2,0.5,0.5,0.5413465477127727,0.04872578777643012,0.376336983804936,0.03359068070586242,9.450328027145304
888,177.71847898599066,2.291666666666667,0.2,0.5,0.5,0.5412961438587656,0.04872857878029666,0.37637328448314195,0.03360199287779715,9.450328027145304
889,177.91861240827217,2.291666666666667,0.2,0.5,0.5,0.5412459915285369,0.04873125883727903,0.3764095331935637,0.03361321644062163,9.450328027145304
890,178.1187458305537,2.291666666666667,0.2,0.5,0.5,0.5411960959800287,0.04873382912087718,0.37644572422053674,0.03362435067855862,9.450328027145304
891,178.31887925283522,2.291666666666667,0.2,0.5,0.5,0.5411464623423167,0.048736290807597324,0.37648185194731426,0.03363539490277299,9.450328027145304
892,178.51901267511673,2.291666666666667,0.2,0.5,0.5,0.5410970956165404,0.04873864507669619,0.37651791085563996,0.0336463484511247,9.450328027145304
893,178.71914609739827,2.291666666666667,0.2,0.5,0.5,0.5410480007833326,0.048740893133637636,0.3765538954146923,0.033657210668338766,9.450328027145304
894,178.91927951967978,2.291666666666667,0.2,0.5,0.5,0.5409991826998565,0.04874303618670505,0.3765898001885779,0.03366798092486187,9.450328027145304
895,179.1194129419613,2.291666666666667,0.2,0.5,0.5,0.5409506460344259,0.04874507543198132,0.37662561990478555,0.03367865862880854,9.450328027145304
896,179.31954636424283,2.291666666666667,0.2,0.5,0.5,0.5409023953334688,0.04874701206779579,0.3766613493851649,0.0336892432135718,9.450328027145304
897,179.51967978652434,2.291666666666667,0.2,0.5,0.5,0.5408544350220734,0.048748847294382995,0.3766969835458981,0.03369973413764679,9.450328027145304
898,179.71981320880587,2.291666666666667,0.2,0.5,0.5,0.5408067694045338,0.04875058231354137,0.3767325173974718,0.03371013088445438,9.450328027145304
899,179.91994663108738,2.291666666666667,0.2,0.5,0.5,0.5407594026648956,0.048752218328292,0.37676794604464886,0.033720432962164794,9.450328027145304
900,180.1200800533689,2.291666666666667,0.2,0.5,0.5,0.5407123388675026,0.048753756542537365,0.3768032646864402,0.033730639903521216,9.450328027145304
901,180.32021347565043,2.291666666666667,0.2,0.5,0.5,0.5406655819575413,0.04875519816072003,0.3768384686160765,0.03374075126566343,9.450328027145304
902,180.52034689793194,2.291666666666667,0.2,0.5,0.5,0.5406191357615884,0.04875654438748141,0.37687355322098015,0.03375076662995142,9.450328027145304
903,180.72048032021348,2.291666666666667,0.2,0.5,0.5,0.5405730039881548,0.04875779642732047,0.37690851398273706,0.03376068560178898,9.450328027145304
904,180.920613742495,2.291666666666667,0.2,0.5,0.5,0.5405271902282329,0.04875895548425249,0.3769433464770685,0.03377050781044736,9.450328027145304
905,181.1207471647765,2.291666666666667,0.2,0.5,0.5,0.540481697955842,0.048760022761467785,0.3769780463738027,0.03378023290888886,9.450328027145304
906,181.32088058705804,2.291666666666667,0.2,0.5,0.5,0.5404365305285734,0.048760999460990405,0.377012609436847,0.03378986057359047,9.450328027145304
907,181.52101400933955,2.291666666666667,0.2,0.5,0.5,0.5403916912350452,0.048761886787309076,0.377047031477345,0.03379939050030218,9.450328027145304
908,181.72114743162106,2.291666666666667,0.2,0.5,0.5,0.5403471834093666,0.04876268595668278,0.37708130823995434,0.03380882239399757,9.450328027145304
909,181.9212808539026,2.291666666666667,0.2,0.5,0.5,0.5403030101461608,0.048763398172620986,0.3771154356877767,0.03381815599344279,9.450328027145304
910,182.1214142761841,2.291666666666667,0.2,0.5,0.5,0.5402591744166063,0.04876402463532278,0.37714940988706175,0.03382739106101044,9.450328027145304
911,182.32154769846565,2.291666666666667,0.2,0.5,0.5,0.5402156790856599,0.04876456654274774,0.37718322699053564,0.03383652738105797,9.450328027145304
912,182.52168112074716,2.291666666666667,0.2,0.5,0.5,0.5401725269129101,0.04876502509030077,0.3772168832370658,0.03384556475972457,9.450328027145304
913,182.72181454302867,2.291666666666667,0.2,0.5,0.5,0.5401297205534302,0.048765401470516834,0.37725037495132596,0.03385450302472821,9.450328027145304
914,182.9219479653102,2.291666666666667,0.2,0.5,0.5,0.5400872625586319,0.048765696872745706,0.37728369854346105,0.03386334202516257,9.450328027145304
915,183.12208138759172,2.291666666666667,0.2,0.5,0.5,0.5400451553771182,0.04876591248283678,0.37731685050875213,0.03387208163129402,9.450328027145304
916,183.32221480987323,2.291666666666667,0.2,0.5,0.5,0.5400034013555371,0.048766049482823794,0.3773498274272816,0.033880721734358604,9.450328027145304
917,183.52234823215477,2.291666666666667,0.2,0.5,0.5,0.5399620027394346,0.048766109050609636,0.37738262596359784,0.033889262246358985,9.450328027145304
918,183.72248165443628,2.291666666666667,0.2,0.5,0.5,0.5399209616741083,0.04876609235965107,0.37741524286638034,0.03389770309986143,9.450328027145304
919,183.92261507671782,2.291666666666667,0.2,0.5,0.5,0.5398802802054601,0.04876600057864354,0.37744767496810466,0.03390604424779281,9.450328027145304
920,184.12274849899933,2.291666666666667,0.2,0.5,0.5,0.5398399602808504,0.048765834871205914,0.37747991918470736,0.03391428566323752,9.450328027145304
921,184.32288192128084,2.291666666666667,0.2,0.5,0.5,0.5398000037508321,0.048765596396224825,0.37751197251416235,0.03392242733878165,9.450328027145304
922,184.52301534356238,2.291666666666667,0.2,0.5,0.5,0.5397604124197818,0.04876528634476911,0.37754383197470104,0.03393046926074913,9.450328027145304
923,184.7231487658439,2.291666666666667,0.2,0.5,0.5,0.5397211879894076,0.048764905896885105,0.37757549467526297,0.033938411438445344,9.450328027145304
924,184.9232821881254,2.291666666666667,0.2,0.5,0.5,0.539682332043851,0.048764456209498985,0.3776069578346074,0.03394625391204364,9.450328027145304
925,185.12341561040694,2.291666666666667,0.2,0.5,0.5,0.5396438460753106,0.048763938434629076,0.37763821875039966,0.03395399673966175,9.450328027145304
926,185.32354903268845,2.291666666666667,0.2,0.5,0.5,0.5396057314849935,0.04876335371914378,0.3776692747987552,0.03396163999710858,9.450328027145304
927,185.52368245497,2.291666666666667,0.2,0.5,0.5,0.5395679895840668,0.04876270320451953,0.37770012343378384,0.03396918377763091,9.450328027145304
928,185.7238158772515,2.291666666666667,0.2,0.5,0.5,0.5395306215946081,0.04876198802659869,0.37773076218713414,0.03397662819166018,9.450328027145304
929,185.923949299533,2.291666666666667,0.2,0.5,0.5,0.5394936286505567,0.04876120931534748,0.3777611886675376,0.03398397336655921,9.450328027145304
930,186.12408272181455,2.291666666666667,0.2,0.5,0.5,0.5394570117986655,0.0487603681946139,0.3777914005603528,0.03399121944636892,9.450328027145304
931,186.32421614409606,2.291666666666667,0.2,0.5,0.5,0.5394207719994507,0.04875946578188567,0.3778213956271095,0.03399836659155514,9.450328027145304
932,186.52434956637757,2.291666666666667,0.2,0.5,0.5,0.5393849101281445,0.048758503188048134,0.37785117170505317,0.0340054149787553,9.450328027145304
933,186.7244829886591,2.291666666666667,0.2,0.5,0.5,0.5393494269756447,0.048757481517142195,0.37788072670668904,0.03401236480052518,9.450328027145304
934,186.92461641094062,2.291666666666667,0.2,0.5,0.5,0.5393143232494669,0.04875640186612223,0.37791005861932625,0.034019216265085674,9.450328027145304
935,187.12474983322215,2.291666666666667,0.2,0.5,0.5,0.5392795995746953,0.04875526532461402,0.37793916550462225,0.03402596959606952,9.450328027145304
936,187.32488325550366,2.291666666666667,0.2,0.5,0.5,0.5392452565022802,0.04875407298860685,0.3779680454802067,0.03403262502890728,9.450328027145304
937,187.52501667778517,2.291666666666667,0.2,0.5,0.5,0.5392112945212505,0.04875282598156848,0.377996696691759,0.03403918280542301,9.450328027145304
938,187.7251501000667,2.291666666666667,0.2,0.5,0.5,0.5391777140249506,0.048751525388364816,0.3780251173972251,0.03404564318946042,9.450328027145304
939,187.92528352234822,2.291666666666667,0.2,0.5,0.5,0.5391445153276146,0.04875017228464782,0.37805330592825526,0.034052006459483246,9.450328027145304
940,188.12541694462973,2.291666666666667,0.2,0.5,0.5,0.539111698666745,0.048748767739321734,0.37808126068626546,0.03405827290766875,9.450328027145304
941,188.32555036691127,2.291666666666667,0.2,0.5,0.5,0.5390792642041026,0.04874731281437441,0.3781089801418872,0.034064442839636784,9.450328027145304
942,188.52568378919278,2.291666666666667,0.2,0.5,0.5,0.5390472120266964,0.048745808564708754,0.37813646283441704,0.03407051657417876,9.450328027145304
943,188.72581721147432,2.291666666666667,0.2,0.5,0.5,0.5390155421477735,0.048744256037974026,0.37816370737126664,0.03407649444298674,9.450328027145304
944,188.92595063375583,2.291666666666667,0.2,0.5,0.5,0.5389842545078088,0.04874265627439729,0.3781907124274123,0.03408237679038243,9.450328027145304
945,189.12608405603734,2.291666666666667,0.2,0.5,0.5,0.5389533489754952,0.04874101030661475,0.3782174767448448,0.03408816397304621,9.450328027145304
946,189.32621747831888,2.291666666666667,0.2,0.5,0.5,0.5389228253487325,0.04873931915950313,0.37824399913201917,0.03409385635974617,9.450328027145304
947,189.5263509006004,2.291666666666667,0.2,0.5,0.5,0.5388926833556185,0.048737583850011056,0.3782702784633043,0.034099454331067126,9.450328027145304
948,189.7264843228819,2.291666666666667,0.2,0.5,0.5,0.5388629226554378,0.04873580538699045,0.378296313678433,0.03410495827913966,9.450328027145304
949,189.92661774516344,2.291666666666667,0.2,0.5,0.5,0.5388335428396523,0.04873398477102788,0.37832210378195147,0.03411036860736915,9.450328027145304
950,190.12675116744495,2.291666666666667,0.2,0.5,0.5,0.5388045434358392,0.048732122994641976,0.37834764783882646,0.03411568573069326,9.450328027145304
951,190.3268845897265,2.291666666666667,0.2,0.5,0.5,0.538775923990552,0.048730221052279116,0.3783729448671832,0.03412091008998663,9.450328027145304
952,190.527018012008,2.291666666666667,0.2,0.5,0.5,0.5387476839628252,0.04872827992680055,0.37839799397785223,0.03412604213252288,9.450328027145304
953,190.7271514342895,2.291666666666667,0.2,0.5,0.5,0.5387198227183461,0.04872630058846728,0.378422794382706,0.03413108231048151,9.450328027145304
954,190.92728485657105,2.291666666666667,0.2,0.5,0.5,0.5386923395636196,0.04872428399889017,0.3784473453508674,0.0341360310866237,9.450328027145304
955,191.12741827885256,2.291666666666667,0.2,0.5,0.5,0.538665233747113,0.048722231110880504,0.3784716462079584,0.034140888934048985,9.450328027145304
956,191.32755170113407,2.291666666666667,0.2,0.5,0.5,0.5386385044603994,0.04872014286830048,0.3784956963353491,0.03414565633595194,9.450328027145304
957,191.5276851234156,2.291666666666667,0.2,0.5,0.5,0.5386121508393027,0.04871802020591379,0.3785194951694055,0.0341503337853789,9.450328027145304
958,191.72781854569712,2.291666666666667,0.2,0.5,0.5,0.5385861719650413,0.04871586404923611,0.3785430422007388,0.034154921784984596,9.450328027145304
959,191.92795196797866,2.291666666666667,0.2,0.5,0.5,0.5385605668653725,0.048713675314385696,0.3785663369734538,0.03415942084678892,9.450328027145304
960,192.12808539026017,2.291666666666667,0.2,0.5,0.5,0.538535334515736,0.04871145490793387,0.3785893790843974,0.03416383149193356,9.450328027145304
961,192.32821881254168,2.291666666666667,0.2,0.5,0.5,0.5385104738403992,0.048709203726755586,0.37861216818240734,0.034168154250438725,9.450328027145304
962,192.52835223482322,2.291666666666667,0.2,0.5,0.5,0.5384859837136005,0.04870692265787995,0.37863470396756066,0.0341723896609598,9.450328027145304
963,192.72848565710473,2.291666666666667,0.2,0.5,0.5,0.5384618629606935,0.04870461257834078,0.37865698619042243,0.03417653827054408,9.450328027145304
964,192.92861907938624,2.291666666666667,0.2,0.5,0.5,0.5384381103592919,0.0487022743550271,0.37867901465129433,0.03418060063438744,9.450328027145304
965,193.12875250166778,2.291666666666667,0.2,0.5,0.5,0.5384147288572964,0.04869990854357393,0.37870078627559006,0.03418457632354041,9.450328027145304
966,193.3288859239493,2.291666666666667,0.2,0.5,0.5,0.5383917072656451,0.04869751677134493,0.3787223077603378,0.034188468202672864,9.450328027145304
967,193.52901934623083,2.291666666666667,0.2,0.5,0.5,0.5383690501382776,0.04869509944666319,0.37874357495409106,0.03419227546096884,9.450328027145304
968,193.72915276851234,2.291666666666667,0.2,0.5,0.5,0.5383467559721091,0.04869265741745228,0.3787645879089114,0.03419599870152785,9.450328027145304
969,193.92928619079385,2.291666666666667,0.2,0.5,0.5,0.538324823232053,0.04869019152155401,0.3787853467149506,0.034199638531442936,9.450328027145304
970,194.12941961307538,2.291666666666667,0.2,0.5,0.5,0.5383032503510203,0.048687702586728436,0.37880585150045115,0.03420319556180068,9.450328027145304
971,194.3295530353569,2.291666666666667,0.2,0.5,0.5,0.53828203572992,0.048685191430653876,0.3788261024317455,0.03420667040768118,9.450328027145304
972,194.5296864576384,2.291666666666667,0.2,0.5,0.5,0.5382611777376588,0.048682658860926896,0.37884609971325683,0.034210063688158085,9.450328027145304
973,194.72981987991994,2.291666666666667,0.2,0.5,0.5,0.5382406747111413,0.04868010567506229,0.37886584358749836,0.03421337602629856,9.450328027145304
974,194.92995330220145,2.291666666666667,0.2,0.5,0.5,0.5382205249552702,0.048677532660493135,0.378885334335074,0.0342166080491633,9.450328027145304
975,195.130086724483,2.291666666666667,0.2,0.5,0.5,0.5382007267429455,0.04867494059457073,0.3789045722746778,0.03421976038780656,9.450328027145304
976,195.3302201467645,2.291666666666667,0.2,0.5,0.5,0.5381812783150655,0.04867233024456464,0.3789235577630943,0.03422283367727609,9.450328027145304
977,195.530353569046,2.291666666666667,0.2,0.5,0.5,0.5381621778805262,0.048669702367662666,0.37894229119519846,0.03422582855661319,9.450328027145304
978,195.73048699132755,2.291666666666667,0.2,0.5,0.5,0.5381434236162215,0.048667057710970865,0.3789607730039555,0.03422874566885271,9.450328027145304
979,195.93062041360906,2.291666666666667,0.2,0.5,0.5,0.538125013662187,0.04866439701398078,0.3789790036632119,0.034231585660620824,9.450328027145304
980,196.13075383589057,2.291666666666667,0.2,0.5,0.5,0.5381069460422029,0.04866172104891011,0.3789969837333284,0.034234349175559245,9.450328027145304
981,196.3308872581721,2.291666666666667,0.2,0.5,0.5,0.5380892187793137,0.04865903056200855,0.3790147137947855,0.03423703686389282,9.450328027145304
982,196.53102068045362,2.291666666666667,0.2,0.5,0.5,0.5380718298880708,0.04865632627749976,0.37903219445264313,0.03423964938178689,9.450328027145304
983,196.73115410273516,2.291666666666667,0.2,0.5,0.5,0.5380547773483917,0.048653608910862636,0.37904942635156386,0.03424218738918244,9.450328027145304
984,196.93128752501667,2.291666666666667,0.2,0.5,0.5,0.5380380591055604,0.04865087916883129,0.37906641017581305,0.034244651549796,9.450328027145304
985,197.13142094729818,2.291666666666667,0.2,0.5,0.5,0.5380216730702271,0.04864813774939508,0.37908314664925874,0.03424704253111974,9.450328027145304
986,197.33155436957972,2.291666666666667,0.2,0.5,0.5,0.5380056171184089,0.048645385341798575,0.3790996365353718,0.03424936100442138,9.450328027145304
987,197.53168779186123,2.291666666666667,0.2,0.5,0.5,0.5379898890914889,0.04864262262654157,0.37911588063722584,0.034251607644744275,9.450328027145304
988,197.73182121414274,2.291666666666667,0.2,0.5,0.5,0.5379744867962171,0.048639850275379114,0.37913187979749713,0.03425378313090736,9.450328027145304
989,197.93195463642428,2.291666666666667,0.2,0.5,0.5,0.5379594080047093,0.04863706895132145,0.37914763489846476,0.03425588814550515,9.450328027145304
990,198.1320880587058,2.291666666666667,0.2,0.5,0.5,0.5379446504546354,0.04863427930862212,0.37916314686184216,0.034257923374901,9.450328027145304
991,198.33222148098733,2.291666666666667,0.2,0.5,0.5,0.5379302120181945,0.048631481981987225,0.3791784164967087,0.03425988950311027,9.450328027145304
992,198.53235490326884,2.291666666666667,0.2,0.5,0.5,0.5379160905676552,0.048628677595161984,0.3791934446205158,0.034261787216667706,9.450328027145304
993,198.73248832555035,2.291666666666667,0.2,0.5,0.5,0.5379022838242664,0.048625866770579174,0.37920823219505834,0.034263617210096714,9.450328027145304
994,198.9326217478319,2.291666666666667,0.2,0.5,0.5,0.5378887894814971,0.048623050121489174,0.37922278021556616,0.03426538018144822,9.450328027145304
995,199.1327551701134,2.291666666666667,0.2,0.5,0.5,0.5378756052050359,0.048620228251959906,0.3792370897107042,0.03426707683230067,9.450328027145304
996,199.3328885923949,2.291666666666667,0.2,0.5,0.5,0.5378627286327912,0.0486174017568769,0.37925116174257256,0.03426870786775999,9.450328027145304
997,199.53302201467645,2.291666666666667,0.2,0.5,0.5,0.5378501573748912,0.04861457122194324,0.37926499740670644,0.03427027399645965,9.450328027145304
998,199.73315543695796,2.291666666666667,0.2,0.5,0.5,0.5378378890136842,0.04861173722367959,0.3792785978320762,0.03427177593056058,9.450328027145304
999,199.9332888592395,2.291666666666667,0.2,0.5,0.5,0.537825921103738,0.048608900329424186,0.3792919641810872,0.03427321438575126,9.450328027145304
1000,200.133422281521,2.291666666666667,0.2,0.5,0.5,0.53781425117184,0.04860606109733285,0.37930509764958,0.03427459008124767,9.450328027145304
1001,200.33355570380252,2.291666666666667,0.2,0.5,0.5,0.5378028767169979,0.048603220076378975,0.3793179994668303,0.03427590373979327,9.450328027145304
1002,200.53368912608406,2.291666666666667,0.2,0.5,0.5,0.5377917953219054,0.04860037781222623,0.3793306708053852,0.03427715606048377,9.450328027145304
1003,200.73382254836557,2.291666666666667,0.2,0.5,0.5,0.537781004727063,0.04859753485113376,0.3793431127211072,0.0342783477006965,9.450328027145304
1004,200.93395597064708,2.291666666666667,0.2,0.5,0.5,0.5377705024578838,0.04859469172030973,0.37935532645480535,0.034279479367001646,9.450328027145304
1005,201.13408939292862,2.291666666666667,0.2,0.5,0.5,0.5377602860119788,0.0485918489377788,0.37936731328074086,0.03428055176950206,9.450328027145304
1006,201.33422281521013,2.291666666666667,0.2,0.5,0.5,0.5377503528672853,0.048589007012810256,0.3793790745000531,0.034281565619851816,9.450328027145304
1007,201.53435623749166,2.291666666666667,0.2,0.5,0.5,0.5377407004820668,0.04858616644591808,0.3793906114407594,0.034282521631256245,9.450328027145304
1008,201.73448965977317,2.291666666666667,0.2,0.5,0.5,0.5377313262949123,0.04858332772886088,0.3794019254577555,0.034283420518471885,9.450328027145304
1009,201.93462308205469,2.291666666666667,0.2,0.5,0.5,0.5377222277247372,0.048580491344641936,0.3794130179328148,0.03428426299780653,9.450328027145304
1010,202.13475650433622,2.291666666666667,0.2,0.5,0.5,0.5377134021707829,0.048577657767509184,0.3794238902745893,0.03428504978711917,9.450328027145304
1011,202.33488992661773,2.291666666666667,0.2,0.5,0.5,0.5377048470126164,0.04857482746295523,0.37943454391860876,0.03428578160582007,9.450328027145304
1012,202.53502334889924,2.291666666666667,0.2,0.5,0.5,0.5376965596101313,0.04857200088771732,0.37944498032728124,0.03428645917487069,9.450328027145304
1013,202.73515677118078,2.291666666666667,0.2,0.5,0.5,0.5376885373447627,0.04856917849448526,0.37945520095577706,0.03428708320497548,9.450328027145304
1014,202.9352901934623,2.291666666666667,0.2,0.5,0.5,0.5376807777929705,0.04856636075171733,0.3794652071084328,0.03428765434687988,9.450328027145304
1015,203.13542361574383,2.291666666666667,0.2,0.5,0.5,0.5376732783701158,0.0485635481029623,0.37947500023352426,0.03428817329339813,9.450328027145304
1016,203.33555703802534,2.291666666666667,0.2,0.5,0.5,0.5376660364475531,0.04856074098023422,0.37948458182634626,0.034288640745866975,9.450328027145304
1017,203.53569046030685,2.291666666666667,0.2,0.5,0.5,0.5376590493837515,0.048557939807567244,0.3794939534034524,0.03428905740522937,9.450328027145304
1018,203.7358238825884,2.291666666666667,0.2,0.5,0.5,0.5376523145242956,0.04855514500101567,0.37950311650265484,0.03428942397203448,9.450328027145304
1019,203.9359573048699,2.291666666666667,0.2,0.5,0.5,0.5376458292018844,0.048552356968653905,0.3795120726830245,0.03428974114643771,9.450328027145304
1020,204.1360907271514,2.291666666666667,0.2,0.5,0.5,0.5376395907363324,0.048549576110576496,0.379520823524891,0.03429000962820066,9.450328027145304
1021,204.33622414943295,2.291666666666667,0.2,0.5,0.5,0.5376335964345685,0.0485468028188981,0.37952937062984277,0.034290230116691175,9.450328027145304
1022,204.53635757171446,2.291666666666667,0.2,0.5,0.5,0.5376278435906371,0.04854403747775351,0.37953771562072663,0.0342904033108833,9.450328027145304
1023,204.736490993996,2.291666666666667,0.2,0.5,0.5,0.5376223294856972,0.048541280463297636,0.37954586014164843,0.03429052990935732,9.450328027145304
1024,204.9366244162775,2.291666666666667,0.2,0.5,0.5,0.5376170514006227,0.04853853214403543,0.37955380584681453,0.03429061060852794,9.450328027145304
1025,205.13675783855902,2.291666666666667,0.2,0.5,0.5,0.5376120068602611,0.04853579288721752,0.379561554184225,0.03429064606829691,9.450328027145304
1026,205.33689126084056,2.291666666666667,0.2,0.5,0.5,0.5376071932905064,0.048533063049861075,0.37956910669935795,0.03429063696027507,9.450328027145304
1027,205.53702468312207,2.291666666666667,0.2,0.5,0.5,0.537602608026601,0.04853034297896712,0.37957646502781756,0.03429058396661491,9.450328027145304
1028,205.7371581054036,2.291666666666667,0.2,0.5,0.5,0.5375982483990118,0.048527633013769174,0.37958363081928476,0.034290487767934766,9.450328027145304
1029,205.93729152768512,2.291666666666667,0.2,0.5,0.5,0.5375941117334312,0.04852493348573323,0.3795906057375174,0.03429034904331876,9.450328027145304
1030,206.13742494996663,2.291666666666667,0.2,0.5,0.5,0.5375901953507758,0.04852224471855776,0.3795973914603501,0.034290168470316844,9.450328027145304
1031,206.33755837224817,2.291666666666667,0.2,0.5,0.5,0.5375864965671877,0.04851956702817369,0.3796039896796944,0.03428994672494477,9.450328027145304
1032,206.53769179452968,2.291666666666667,0.2,0.5,0.5,0.5375830126940333,0.04851690072274444,0.3796104021015387,0.034289684481684124,9.450328027145304
1033,206.7378252168112,2.291666666666667,0.2,0.5,0.5,0.5375797410379043,0.048514246102665894,0.3796166304459481,0.034289382413482276,9.450328027145304
1034,206.93795863909273,2.291666666666667,0.2,0.5,0.5,0.5375766789006169,0.0485116034605664,0.3796226764470648,0.03428904119175244,9.450328027145304
1035,207.13809206137424,2.291666666666667,0.2,0.5,0.5,0.5375738235792321,0.04850897308130864,0.3796285418530897,0.03428866148637014,9.450328027145304
1036,207.33822548365578,2.291666666666667,0.2,0.5,0.5,0.5375711725152174,0.048506355255940825,0.379634228289512,0.03428824393933035,9.450328027145304
1037,207.5383589059373,2.291666666666667,0.2,0.5,0.5,0.5375687231876324,0.04850375027170633,0.3796397373570503,0.034287789183611486,9.450328027145304
1038,207.7384923282188,2.291666666666667,0.2,0.5,0.5,0.537566472956808,0.04850115839742277,0.37964507077498705,0.03428729787078273,9.450328027145304
1039,207.93862575050034,2.291666666666667,0.2,0.5,0.5,0.53756441918418,0.04849857989469024,0.3796502302712898,0.03428677064984061,9.450328027145304
1040,208.13875917278185,2.291666666666667,0.2,0.5,0.5,0.5375625592322889,0.04849601501789127,0.3796552175826114,0.03428620816720901,9.450328027145304
1041,208.33889259506336,2.291666666666667,0.2,0.5,0.5,0.5375608904647806,0.04849346401419084,0.3796600344542899,0.03428561106673913,9.450328027145304
1042,208.5390260173449,2.291666666666667,0.2,0.5,0.5,0.5375594102464061,0.04849092712353638,0.3796646826403485,0.03428497998970954,9.450328027145304
1043,208.7391594396264,2.291666666666667,0.2,0.5,0.5,0.5375581159430209,0.04848840457865776,0.3796691639034957,0.03428431557482614,9.450328027145304
1044,208.93929286190794,2.291666666666667,0.2,0.5,0.5,0.537557004921586,0.048485896605067316,0.379673480015125,0.034283618458222184,9.450328027145304
1045,209.13942628418945,2.291666666666667,0.2,0.5,0.5,0.5375560745501672,0.04848340342105982,0.3796776327553153,0.03428288927345825,9.450328027145304
1046,209.33955970647096,2.291666666666667,0.2,0.5,0.5,0.5375553221979352,0.04848092523771248,0.37968162391283056,0.034282128651522296,9.450328027145304
1047,209.5396931287525,2.291666666666667,0.2,0.5,0.5,0.5375547452465629,0.04847846226107121,0.3796854552741572,0.03428133721820918,9.450328027145304
1048,209.739826551034,2.291666666666667,0.2,0.5,0.5,0.5375543412392472,0.04847601472073697,0.37968912848015896,0.03428051555985736,9.450328027145304
1049,209.93995997331552,2.291666666666667,0.2,0.5,0.5,0.5375541076514644,0.04847358282589059,0.3796926452465884,0.03427966427605708,9.450328027145304
1050,210.14009339559706,2.291666666666667,0.2,0.5,0.5,0.5375540419192049,0.048471166770708965,0.37969600733692793,0.034278783973158686,9.450328027145304
1051,210.34022681787857,2.291666666666667,0.2,0.5,0.5,0.5375541414841821,0.04846876674303728,0.37969921651890304,0.03427787525387806,9.450328027145304
1052,210.5403602401601,2.291666666666667,0.2,0.5,0.5,0.5375544037938326,0.04846638292438904,0.3797022745644823,0.034276938717296646,9.450328027145304
1053,210.74049366244162,2.291666666666667,0.2,0.5,0.5,0.5375548263013157,0.048464015489946055,0.3797051832498773,0.03427597495886145,9.450328027145304
1054,210.94062708472313,2.291666666666667,0.2,0.5,0.5,0.5375554064655143,0.048461664608558434,0.3797079443555428,0.03427498457038503,9.450328027145304
1055,211.14076050700467,2.291666666666667,0.2,0.5,0.5,0.5375561417510337,0.04845933044274463,0.3797105596661766,0.03427396814004551,9.450328027145304
1056,211.34089392928618,2.291666666666667,0.2,0.5,0.5,0.537557029628203,0.048457013148691365,0.3797130309707196,0.03427292625238656,9.450328027145304
1057,211.5410273515677,2.291666666666667,0.2,0.5,0.5,0.5375580675730736,0.048454712876253705,0.3797153600623558,0.0342718594883174,9.450328027145304
1058,211.74116077384923,2.291666666666667,0.2,0.5,0.5,0.5375592530674205,0.048452429768955016,0.37971754873851216,0.034270768425112834,9.450328027145304
1059,211.94129419613074,2.291666666666667,0.2,0.5,0.5,0.5375605836412052,0.04845016397020942,0.3797195987578191,0.03426965363076682,9.450328027145304
1060,212.14142761841228,2.291666666666667,0.2,0.5,0.5,0.5375620569643278,0.0484479156367668,0.37972151174711366,0.03426851565179227,9.450328027145304
1061,212.3415610406938,2.291666666666667,0.2,0.5,0.5,0.5375636706041585,0.04844568490318238,0.3797232894471975,0.034267355045462036,9.450328027145304
1062,212.5416944629753,2.291666666666667,0.2,0.5,0.5,0.5375654221255168,0.04844347189646723,0.3797249336115018,0.03426617236651469,9.450328027145304
1063,212.74182788525684,2.291666666666667,0.2,0.5,0.5,0.5375673091032958,0.04844127673793832,0.3797264459932906,0.034264968165475855,9.450328027145304
1064,212.94196130753835,2.291666666666667,0.2,0.5,0.5,0.5375693291224628,0.04843909954321852,0.3797278283456611,0.03426374298865811,9.450328027145304
1065,213.14209472981986,2.291666666666667,0.2,0.5,0.5,0.5375714797780594,0.04843694042223659,0.3797290824215434,0.034262497378161054,9.450328027145304
1066,213.3422281521014,2.291666666666667,0.2,0.5,0.5,0.5375737586752014,0.04843479947922719,0.3797302099737006,0.03426123187187129,9.450328027145304
1067,213.5423615743829,2.291666666666667,0.2,0.5,0.5,0.5375761634290783,0.04843267681273088,0.3797312127547288,0.0342599470034624,9.450328027145304
1068,213.74249499666445,2.291666666666667,0.2,0.5,0.5,0.5375786916649542,0.048430572515594114,0.37973209251705725,0.03425864330239499,9.450328027145304
1069,213.94262841894596,2.291666666666667,0.2,0.5,0.5,0.5375813410181668,0.04842848667496923,0.3797328510129479,0.034257321293916634,9.450328027145304
1070,214.14276184122747,2.291666666666667,0.2,0.5,0.5,0.5375841091341281,0.048426419372314504,0.3797334899944959,0.034255981499061935,9.450328027145304
1071,214.342895263509,2.291666666666667,0.2,0.5,0.5,0.5375869937437541,0.0484243706978837,0.37973401113198524,0.03425462442637761,9.450328027145304
1072,214.54302868579052,2.291666666666667,0.2,0.5,0.5,0.537589992630794,0.04842234074445053,0.3797344160492496,0.03425325057550645,9.450328027145304
1073,214.74316210807203,2.291666666666667,0.2,0.5,0.5,0.5375931035156122,0.0484203295849833,0.3797347064494681,0.034251860449937034,9.450328027145304
1074,214.94329553035357,2.291666666666667,0.2,0.5,0.5,0.5375963241318447,0.04841833728737055,0.3797348840321913,0.034250454548594114,9.450328027145304
1075,215.14342895263508,2.291666666666667,0.2,0.5,0.5,0.5375996522265919,0.04841636391445791,0.37973495049313327,0.03424903336581755,9.450328027145304
1076,215.34356237491662,2.291666666666667,0.2,0.5,0.5,0.5376030855604185,0.048414409524048165,0.37973490752417166,0.034247597391362246,9.450328027145304
1077,215.54369579719813,2.291666666666667,0.2,0.5,0.5,0.5376066219073534,0.04841247416890122,0.37973475681334773,0.034246147110398244,9.450328027145304
1078,215.74382921947964,2.291666666666667,0.2,0.5,0.5,0.5376102590548897,0.04841055789673411,0.3797345000448662,0.03424468300351064,9.450328027145304
1079,215.94396264176117,2.291666666666667,0.2,0.5,0.5,0.5376139948039848,0.04840866075022099,0.37973413889909524,0.034243205546699636,9.450328027145304
1080,216.14409606404269,2.291666666666667,0.2,0.5,0.5,0.5376178269690602,0.048406782766993145,0.3797336750525667,0.034241715211380516,9.450328027145304
1081,216.3442294863242,2.291666666666667,0.2,0.5,0.5,0.537621753378002,0.048404923979639,0.379733110177976,0.03424021246438365,9.450328027145304
1082,216.54436290860573,2.291666666666667,0.2,0.5,0.5,0.5376257718753578,0.048403084416976404,0.3797324459402002,0.034238697767466186,9.450328027145304
1083,216.74449633088724,2.291666666666667,0.2,0.5,0.5,0.5376298803866499,0.048401264129642046,0.37973168391621775,0.03423717156749086,9.450328027145304
1084,216.94462975316878,2.291666666666667,0.2,0.5,0.5,0.5376340768280746,0.04839946315416163,0.37973082570754857,0.0342356343102158,9.450328027145304
1085,217.1447631754503,2.291666666666667,0.2,0.5,0.5,0.5376383591081615,0.048397681513610326,0.37972987293818766,0.03423408644004111,9.450328027145304
1086,217.3448965977318,2.291666666666667,0.2,0.5,0.5,0.5376427251508962,0.04839591922681289,0.3797288272258137,0.03423252839647785,9.450328027145304
1087,217.54503002001334,2.291666666666667,0.2,0.5,0.5,0.5376471728957201,0.048394176308343605,0.37972769018178887,0.034230960614147994,9.450328027145304
1088,217.74516344229485,2.291666666666667,0.2,0.5,0.5,0.5376517002975306,0.048392452768526356,0.37972646341115907,0.034229383522784505,9.450328027145304
1089,217.94529686457636,2.291666666666667,0.2,0.5,0.5,0.5376563053266809,0.04839074861343457,0.3797251485126539,0.034227797547231285,9.450328027145304
1090,218.1454302868579,2.291666666666667,0.2,0.5,0.5,0.5376609859689797,0.04838906384489124,0.37972374707868645,0.034226203107443176,9.450328027145304
1091,218.3455637091394,2.291666666666667,0.2,0.5,0.5,0.5376657402256921,0.048387398460468925,0.3797222606953536,0.034224600618486,9.450328027145304
1092,218.54569713142095,2.291666666666667,0.2,0.5,0.5,0.5376705661135386,0.04838575245348974,0.37972069094243577,0.034222990490536495,9.450328027145304
1093,218.74583055370246,2.291666666666667,0.2,0.5,0.5,0.5376754616646957,0.048384125813025376,0.3797190393933972,0.03422137312888238,9.450328027145304
1094,218.94596397598397,2.291666666666667,0.2,0.5,0.5,0.5376804249447471,0.048382518532085694,0.37971730758975536,0.034219748933412314,9.450328027145304
1095,219.1460973982655,2.291666666666667,0.2,0.5,0.5,0.5376854541053809,0.048380930631656334,0.37971549696584456,0.03421811829711875,9.450328027145304
1096,219.34623082054702,2.291666666666667,0.2,0.5,0.5,0.537690547253906,0.048379362101178956,0.37971360903511053,0.03421648160980505,9.450328027145304
1097,219.54636424282853,2.291666666666667,0.2,0.5,0.5,0.5376957025049265,0.048377812922122086,0.37971164531633467,0.034214839256617335,9.450328027145304
1098,219.74649766511007,2.291666666666667,0.2,0.5,0.5,0.5377009179895748,0.04837628307219314,0.37970960732045045,0.03421319161778224,9.450328027145304
1099,219.94663108739158,2.291666666666667,0.2,0.5,0.5,0.5377061918555119,0.04837477252533844,0.37970749655054326,0.03421153906860687,9.450328027145304
1100,220.14676450967312,2.291666666666667,0.2,0.5,0.5,0.5377115222669279,0.048373281251743235,0.3797053145018507,0.03420988197947879,9.450328027145304
1101,220.34689793195463,2.291666666666667,0.2,0.5,0.5,0.5377169074045407,0.048371809217831636,0.3797030626617621,0.034208220715866045,9.450328027145304
1102,220.54703135423614,2.291666666666667,0.2,0.5,0.5,0.5377223454655975,0.04837035638626669,0.3797007425098192,0.03420655563831716,9.450328027145304
1103,220.74716477651768,2.291666666666667,0.2,0.5,0.5,0.5377278346638736,0.048368922715950315,0.3796983555177154,0.034204887102461126,9.450328027145304
1104,220.9472981987992,2.291666666666667,0.2,0.5,0.5,0.5377333732296734,0.04836750816202337,0.3796959031492964,0.03420321545900742,9.450328027145304
1105,221.1474316210807,2.291666666666667,0.2,0.5,0.5,0.5377389594098293,0.04836611267586558,0.37969338686055976,0.03420154105374598,9.450328027145304
1106,221.34756504336224,2.291666666666667,0.2,0.5,0.5,0.5377445914677027,0.048364736205095606,0.3796908080996551,0.034199864227547234,9.450328027145304
1107,221.54769846564375,2.291666666666667,0.2,0.5,0.5,0.5377502676831835,0.04836337869357098,0.3796881683068841,0.03419818531636207,9.450328027145304
1108,221.7478318879253,2.291666666666667,0.2,0.5,0.5,0.5377559863526901,0.04836204008138815,0.3796854689147005,0.03419650465122185,9.450328027145304
1109,221.9479653102068,2.291666666666667,0.2,0.5,0.5,0.5377617457891697,0.048360720304882476,0.37968271134771003,0.03419482255823843,9.450328027145304
1110,222.1480987324883,2.291666666666667,0.2,0.5,0.5,0.5377675443220978,0.048359419296628216,0.37967989702267035,0.03419313935860412,9.450328027145304
1111,222.34823215476985,2.291666666666667,0.2,0.5,0.5,0.5377733803130489,0.048358136994523335,0.3796770273231231,0.03419145536930526,9.450328027145304
1112,222.54836557705136,2.291666666666667,0.2,0.5,0.5,0.5377792522522646,0.048356873398136595,0.37967410344205144,0.03418977090754782,9.450328027145304
1113,222.74849899933287,2.291666666666667,0.2,0.5,0.5,0.5377851585703416,0.0483556284588289,0.37967112668870273,0.034188086282127314,9.450328027145304
1114,222.9486324216144,2.291666666666667,0.2,0.5,0.5,0.5377910976929138,0.04835440211166049,0.3796680983994914,0.034186401795934816,9.450328027145304
1115,223.14876584389592,2.291666666666667,0.2,0.5,0.5,0.5377970680637192,0.048353194288849516,0.37966501990041773,0.034184717747014086,9.450328027145304
1116,223.34889926617745,2.291666666666667,0.2,0.5,0.5,0.5378030681445991,0.04835200491977204,0.37966189250706783,0.03418303442856152,9.450328027145304
1117,223.54903268845896,2.291666666666667,0.2,0.5,0.5,0.5378090964154988,0.04835083393096205,0.37965871752461355,0.03418135212892618,9.450328027145304
1118,223.74916611074048,2.291666666666667,0.2,0.5,0.5,0.5378151513744668,0.04834968124611144,0.37965549624781253,0.03417967113160978,9.450328027145304
1119,223.949299533022,2.291666666666667,0.2,0.5,0.5,0.5378212315376555,0.04834854678607003,0.37965222996100834,0.03417799171526669,9.450328027145304
1120,224.14943295530352,2.291666666666667,0.2,0.5,0.5,0.5378273354393209,0.04834743046884553,0.3796489199381302,0.03417631415370393,9.450328027145304
1121,224.34956637758503,2.291666666666667,0.2,0.5,0.5,0.5378334616318226,0.04834633220960359,0.37964556744269323,0.034174638715881195,9.450328027145304
1122,224.54969979986657,2.291666666666667,0.2,0.5,0.5,0.5378396086856237,0.048345251920667756,0.3796421737277983,0.03417296566591081,9.450328027145304
1123,224.74983322214808,2.291666666666667,0.2,0.5,0.5,0.5378457751892912,0.04834418951151951,0.379638740036132,0.03417129526305778,9.450328027145304
1124,224.94996664442962,2.291666666666667,0.2,0.5,0.5,0.5378519597494956,0.04834314488879822,0.379635267599967,0.03416962776173975,9.450328027145304
1125,225.15010006671113,2.291666666666667,0.2,0.5,0.5,0.5378581609910109,0.0483421179563012,0.37963175764116147,0.034167963411527016,9.450328027145304
1126,225.35023348899264,2.291666666666667,0.2,0.5,0.5,0.5378643775567149,0.04834110861498365,0.3796282113711595,0.034166302457142556,9.450328027145304
1127,225.55036691127418,2.291666666666667,0.2,0.5,0.5,0.5378706081075889,0.04834011676295869,0.37962462999099095,0.03416464513846198,9.450328027145304
1128,225.7505003335557,2.291666666666667,0.2,0.5,0.5,0.537876851323017,0.048339142299543225,0.3796210146854914,0.03416299169194888,9.450328027145304
1129,225.9506337558372,2.291666666666667,0.2,0.5,0.5,0.5378831059048788,0.04833818518063575,0.37961736654418493,0.03416134237030111,9.450328027145304
1130,226.15076717811874,2.291666666666667,0.2,0.5,0.5,0.5378893705709368,0.04833724532924992,0.3796136866891028,0.03415969741071096,9.450328027145304
1131,226.35090060040025,2.291666666666667,0.2,0.5,0.5,0.5378956440557527,0.04833632264790071,0.3796099762570876,0.03415805703925943,9.450328027145304
1132,226.5510340226818,2.291666666666667,0.2,0.5,0.5,0.5379019251120531,0.048335417037093494,0.37960623637337837,0.034156421477475475,9.450328027145304
1133,226.7511674449633,2.291666666666667,0.2,0.5,0.5,0.5379082125107296,0.04833452839532401,0.37960246815161075,0.034154790942336075,9.450328027145304
1134,226.9513008672448,2.291666666666667,0.2,0.5,0.5,0.5379145050408392,0.048333656619078395,0.37959867269381675,0.03415316564626618,9.450328027145304
1135,227.15143428952635,2.291666666666667,0.2,0.5,0.5,0.5379208015096038,0.04833280160283318,0.37959485109042473,0.03415154579713872,9.450328027145304
1136,227.35156771180786,2.291666666666667,0.2,0.5,0.5,0.5379271007424108,0.04833196323905527,0.3795910044202598,0.034149931598274647,9.450328027145304
1137,227.55170113408937,2.291666666666667,0.2,0.5,0.5,0.5379334015828123,0.04833114141820196,0.37958713375054326,0.034148323248442865,9.450328027145304
1138,227.7518345563709,2.291666666666667,0.2,0.5,0.5,0.5379397028925261,0.04833033602872094,0.37958324013689304,0.0341467209418603,9.450328027145304
1139,227.95196797865242,2.291666666666667,0.2,0.5,0.5,0.5379460035514348,0.04832954695705027,0.3795793246233235,0.034145124868191844,9.450328027145304
1140,228.15210140093396,2.291666666666667,0.2,0.5,0.5,0.5379523024575862,0.048328774087618424,0.3795753882422454,0.03414353521255039,9.450328027145304
1141,228.35223482321547,2.291666666666667,0.2,0.5,0.5,0.5379585985271932,0.04832801730284424,0.37957143201446614,0.03414195215549682,9.450328027145304
1142,228.55236824549698,2.291666666666667,0.2,0.5,0.5,0.537964890694634,0.048327276483136936,0.3795674569491894,0.03414037587304001,9.450328027145304
1143,228.75250166777852,2.291666666666667,0.2,0.5,0.5,0.5379711779124521,0.048326551506896145,0.3795634640440154,0.034138806536636805,9.450328027145304
1144,228.95263509006003,2.291666666666667,0.2,0.5,0.5,0.5379774591513555,0.04832584225051187,0.3795594542849409,0.03413724431319206,9.450328027145304
1145,229.15276851234154,2.291666666666667,0.2,0.5,0.5,0.5379837333988288,0.04832514858957401,0.37955542864583464,0.03413568936576318,9.450328027145304
1146,229.35290193462308,2.291666666666667,0.2,0.5,0.5,0.5379899996033877,0.04832447044739112,0.37955138806739885,0.03413414188182286,9.450328027145304
1147,229.5530353569046,2.291666666666667,0.2,0.5,0.5,0.5379962567480879,0.04832380773101028,0.37954733348491243,0.03413260203598991,9.450328027145304
1148,229.75316877918613,2.291666666666667,0.2,0.5,0.5,0.5380025038601425,0.04832316032284531,0.3795432658318602,0.03413106998515259,9.450328027145304
1149,229.95330220146764,2.291666666666667,0.2,0.5,0.5,0.5380087399840705,0.048322528104047885,0.37953918602979964,0.03412954588208255,9.450328027145304
1150,230.15343562374915,2.291666666666667,0.2,0.5,0.5,0.5380149641816977,0.04832191095450761,0.3795350949883604,0.03412802987543487,9.450328027145304
1151,230.35356904603069,2.291666666666667,0.2,0.5,0.5,0.5380211755321561,0.048321308752851934,0.37953099360524456,0.03412652210974804,9.450328027145304
1152,230.5537024683122,2.291666666666667,0.2,0.5,0.5,0.5380273731318839,0.048320721376446225,0.3795268827662265,0.034125022725444,9.450328027145304
1153,230.75383589059373,2.291666666666667,0.2,0.5,0.5,0.538033556094626,0.048320148701393735,0.3795227633451529,0.03412353185882806,9.450328027145304
1154,230.95396931287524,2.291666666666667,0.2,0.5,0.5,0.5380397235514333,0.048319590602535586,0.3795186362039428,0.03412204964208898,9.450328027145304
1155,231.15410273515675,2.291666666666667,0.2,0.5,0.5,0.5380458746506632,0.0483190469534508,0.37951450219258775,0.034120576203298926,9.450328027145304
1156,231.3542361574383,2.291666666666667,0.2,0.5,0.5,0.5380520085579794,0.04831851762645629,0.37951036214915146,0.034119111666413494,9.450328027145304
1157,231.5543695797198,2.291666666666667,0.2,0.5,0.5,0.5380581244563523,0.04831800249260685,0.37950621689976993,0.03411765615127168,9.450328027145304
1158,231.75450300200131,2.291666666666667,0.2,0.5,0.5,0.5380642215460579,0.048317501421695164,0.37950206725865177,0.034116209773595904,9.450328027145304
1159,231.95463642428285,2.291666666666667,0.2,0.5,0.5,0.5380702990446793,0.0483170142822518,0.37949791402807764,0.03411477264499202,9.450328027145304
1160,232.15476984656436,2.291666666666667,0.2,0.5,0.5,0.5380763561871055,0.048316540941545215,0.37949375799840074,0.03411334487294927,9.450328027145304
1161,232.3549032688459,2.291666666666667,0.2,0.5,0.5,0.5380823922255321,0.048316081265581755,0.3794895999480465,0.03411192656084035,9.450328027145304
1162,232.5550366911274,2.291666666666667,0.2,0.5,0.5,0.5380884064293062,0.04831563511917498,0.3794854406435339,0.0341105178079856,9.450328027145304
1163,232.75517011340892,2.291666666666667,0.2,0.5,0.5,0.538094398012015,0.048315202398623525,0.37948128084941324,0.03410911873994899,9.450328027145304
1164,232.95530353569046,2.291666666666667,0.2,0.5,0.5,0.5381003662012162,0.048314783000458814,0.379477121318762,0.03410772947956381,9.450328027145304
1165,233.15543695797197,2.291666666666667,0.2,0.5,0.5,0.5381063102942768,0.04831437679641928,0.3794729627855736,0.03410635012373111,9.450328027145304
1166,233.35557038025348,2.291666666666667,0.2,0.5,0.5,0.5381122296045827,0.048313983657558325,0.3794688059720893,0.0341049807657704,9.450328027145304
1167,233.55570380253502,2.291666666666667,0.2,0.5,0.5,0.5381181234615384,0.04831360345424433,0.3794646515887984,0.03410362149541962,9.450328027145304
1168,233.75583722481653,2.291666666666667,0.2,0.5,0.5,0.5381239912105672,0.04831323605616066,0.37946050033443773,0.03410227239883517,9.450328027145304
1169,233.95597064709807,2.291666666666667,0.2,0.5,0.5,0.5381298322131111,0.04831288133230565,0.3794563528959922,0.034100933558591846,9.450328027145304
1170,234.15610406937958,2.291666666666667,0.2,0.5,0.5,0.5381356458466307,0.04831253915099261,0.37945220994869455,0.03409960505368294,9.450328027145304
1171,234.3562374916611,2.291666666666667,0.2,0.5,0.5,0.5381414315046055,0.04831220937984981,0.37944807215602533,0.03409828695952014,9.450328027145304
1172,234.55637091394263,2.291666666666667,0.2,0.5,0.5,0.5381471885965338,0.04831189188582054,0.37944394016971283,0.034096979347933605,9.450328027145304
1173,234.75650433622414,2.291666666666667,0.2,0.5,0.5,0.5381529165479324,0.04831158653516301,0.3794398146297335,0.034095682287171906,9.450328027145304
1174,234.95663775850565,2.291666666666667,0.2,0.5,0.5,0.5381586148003371,0.04831129319345044,0.37943569616431116,0.03409439584190209,9.450328027145304
1175,235.1567711807872,2.291666666666667,0.2,0.5,0.5,0.5381642828113021,0.04831101172557102,0.379431585389918,0.0340931200732096,9.450328027145304
1176,235.3569046030687,2.291666666666667,0.2,0.5,0.5,0.5381699200544008,0.048310741995727914,0.3794274829112737,0.034091855038598365,9.450328027145304
1177,235.55703802535024,2.291666666666667,0.2,0.5,0.5,0.5381755260192248,0.048310483867439254,0.37942338932134595,0.034090600791990715,9.450328027145304
1178,235.75717144763175,2.291666666666667,0.2,0.5,0.5,0.538181100211385,0.04831023720353816,0.3794193052013502,0.03408935738372745,9.450328027145304
1179,235.95730486991326,2.291666666666667,0.2,0.5,0.5,0.5381866421525104,0.04831000186617272,0.3794152311207498,0.0340881248605678,9.450328027145304
1180,236.1574382921948,2.291666666666667,0.2,0.5,0.5,0.5381921513042738,0.04830977773766985,0.37941116766730015,0.03408690329075701,9.450328027145304
1181,236.3575717144763,2.291666666666667,0.2,0.5,0.5,0.5381976270975095,0.04830956471253887,0.3794071154355337,0.03408569275441879,9.450328027145304
1182,236.55770513675782,2.291666666666667,0.2,0.5,0.5,0.5382030690689068,0.04830936265993397,0.3794030749727055,0.03408449329845455,9.450328027145304
1183,236.75783855903936,2.291666666666667,0.2,0.5,0.5,0.5382084767699974,0.048309171448647374,0.37939904681478376,0.034083304966572296,9.450328027145304
1184,236.95797198132087,2.291666666666667,0.2,0.5,0.5,0.5382138497665836,0.048308990947266324,0.3793950314866757,0.034082127799475205,9.450328027145304
1185,237.1581054036024,2.291666666666667,0.2,0.5,0.5,0.5382191876387384,0.048308821024173054,0.37939102950222764,0.034080961834861666,9.450328027145304
1186,237.35823882588392,2.291666666666667,0.2,0.5,0.5,0.5382244899808057,0.048308661547544804,0.379387041364225,0.034079807107425225,9.450328027145304
1187,237.55837224816543,2.291666666666667,0.2,0.5,0.5,0.5382297564014,0.048308512385353795,0.37938306756439233,0.03407866364885462,9.450328027145304
1188,237.75850567044697,2.291666666666667,0.2,0.5,0.5,0.5382349865234065,0.04830837340536727,0.37937910858339324,0.03407753148783378,9.450328027145304
1189,237.95863909272848,2.291666666666667,0.2,0.5,0.5,0.5382401799839812,0.04830824447514747,0.37937516489083034,0.034076410650041807,9.450328027145304
1190,238.15877251500999,2.291666666666667,0.2,0.5,0.5,0.5382453364345506,0.04830812546205162,0.37937123694524555,0.034075301158152986,9.450328027145304
1191,238.35890593729152,2.291666666666667,0.2,0.5,0.5,0.5382504555408124,0.04830801623323197,0.37936732519411964,0.03407420303183679,9.450328027145304
1192,238.55903935957303,2.291666666666667,0.2,0.5,0.5,0.5382555369827347,0.04830791665563575,0.3793634300738726,0.03407311628775786,9.450328027145304
1193,238.75917278185457,2.291666666666667,0.2,0.5,0.5,0.538260580454556,0.04830782659600521,0.3793595520098635,0.034072040939576054,9.450328027145304
1194,238.95930620413608,2.291666666666667,0.2,0.5,0.5,0.5382655856647864,0.04830774592087757,0.3793556914163905,0.034070976997946374,9.450328027145304
1195,239.1594396264176,2.291666666666667,0.2,0.5,0.5,0.5382705523362059,0.04830767449658508,0.3793518486966908,0.03406992447051902,9.450328027145304
1196,239.35957304869913,2.291666666666667,0.2,0.5,0.5,0.5382754802058657,0.048307612189254986,0.3793480242429408,0.03406888336193939,9.450328027145304
1197,239.55970647098064,2.291666666666667,0.2,0.5,0.5,0.5382803689584519,0.04830755887786991,0.3793442184724667,0.03406785369121232,9.450328027145304
1198,239.75983989326215,2.291666666666667,0.2,0.5,0.5,0.5382852181958128,0.04830751446024058,0.37934043184430444,0.03406683549964298,9.450328027145304
1199,239.9599733155437,2.291666666666667,0.2,0.5,0.5,0.5382900276544322,0.04830747881038147,0.3793366647410207,0.034065828794166364,9.450328027145304
1200,240.1601067378252,2.291666666666667,0.2,0.5,0.5,0.5382947970875892,0.04830745180160733,0.37933291753274945,0.03406483357805485,9.450328027145304
1201,240.36024016010674,2.291666666666667,0.2,0.5,0.5,0.5382995262607291,0.04830743330744027,0.3793291905797072,0.034063849852124246,9.450328027145304
1202,240.56037358238825,2.291666666666667,0.2,0.5,0.5,0.5383042149514643,0.04830742320160978,0.37932548423219287,0.034062877614733846,9.450328027145304
1203,240.76050700466976,2.291666666666667,0.2,0.5,0.5,0.538308862949574,0.04830742135805273,0.3793217988305877,0.03406191686178635,9.450328027145304
1204,240.9606404269513,2.291666666666667,0.2,0.5,0.5,0.538313470057004,0.048307427650913344,0.3793181347053555,0.03406096758672795,9.450328027145304
1205,241.1607738492328,2.291666666666667,0.2,0.5,0.5,0.5383180360878669,0.04830744195454324,0.3793144921770424,0.03406002978054824,9.450328027145304
1206,241.36090727151432,2.291666666666667,0.2,0.5,0.5,0.538322560868442,0.048307464143501413,0.379310871556277,0.03405910343178032,9.450328027145304
1207,241.56104069379586,2.291666666666667,0.2,0.5,0.5,0.5383270442371755,0.048307494092554214,0.37930727314377033,0.034058188526500686,9.450328027145304
1208,241.76117411607737,2.291666666666667,0.2,0.5,0.5,0.5383314860446802,0.04830753167667538,0.3793036972303158,0.03405728504832932,9.450328027145304
1209,241.9613075383589,2.291666666666667,0.2,0.5,0.5,0.5383358861537357,0.04830757677104603,0.37930014409678936,0.03405639297842962,9.450328027145304
1210,242.16144096064042,2.291666666666667,0.2,0.5,0.5,0.5383402444392884,0.04830762925105464,0.3792966140141492,0.03405551229550847,9.450328027145304
1211,242.36157438292193,2.291666666666667,0.2,0.5,0.5,0.5383445607884514,0.04830768899229707,0.3792931072434362,0.034054642975816174,9.450328027145304
1212,242.56170780520347,2.291666666666667,0.2,0.5,0.5,0.5383488351005044,0.04830775587057656,0.3792896240357733,0.0340537849931465,9.450328027145304
1213,242.76184122748498,2.291666666666667,0.2,0.5,0.5,0.5383530672868941,0.048307829761903724,0.37928616463236625,0.034052938318836656,9.450328027145304
1214,242.9619746497665,2.291666666666667,0.2,0.5,0.5,0.5383572572254375,0.04830791054876828,0.37928272929208606,0.03405210293370896,9.450328027145304
1215,243.16210807204803,2.291666666666667,0.2,0.5,0.5,0.5383614046800329,0.04830799813113448,0.3792793183398271,0.034051278849006314,9.450328027145304
1216,243.36224149432954,2.291666666666667,0.2,0.5,0.5,0.5383655095482528,0.048308092392533745,0.3792759320173826,0.03405046604183165,9.450328027145304
1217,243.56237491661108,2.291666666666667,0.2,0.5,0.5,0.5383695717497068,0.048308193215353144,0.3792725705506833,0.034049664484257586,9.450328027145304
1218,243.7625083388926,2.291666666666667,0.2,0.5,0.5,0.538373591214071,0.048308300482474725,0.3792692341570073,0.03404887414644778,9.450328027145304
1219,243.9626417611741,2.291666666666667,0.2,0.5,0.5,0.5383775678810883,0.04830841407727551,0.37926592304498,0.03404809499665696,9.450328027145304
1220,244.16277518345564,2.291666666666667,0.2,0.5,0.5,0.5383815017005682,0.04830853388362752,0.37926263741457417,0.03404732700123093,9.450328027145304
1221,244.36290860573715,2.291666666666667,0.2,0.5,0.5,0.5383853926323867,0.048308659785897726,0.3792593774571098,0.03404657012460654,9.450328027145304
1222,244.56304202801866,2.291666666666667,0.2,0.5,0.5,0.5383892406464867,0.048308791668948116,0.37925614335525426,0.034045824329311705,9.450328027145304
1223,244.7631754503002,2.291666666666667,0.2,0.5,0.5,0.5383930457228775,0.04830892941813564,0.37925293528302223,0.034045089575965415,9.450328027145304
1224,244.9633088725817,2.291666666666667,0.2,0.5,0.5,0.5383968078516351,0.04830907291931223,0.37924975340577577,0.03404436582327771,9.450328027145304
1225,245.16344229486324,2.291666666666667,0.2,0.5,0.5,0.5384005270329022,0.0483092220588248,0.3792465978802241,0.03404365302804969,9.450328027145304
1226,245.36357571714476,2.291666666666667,0.2,0.5,0.5,0.5384042032768882,0.04830937672351525,0.3792434688544239,0.03404295114517352,9.450328027145304
1227,245.56370913942627,2.291666666666667,0.2,0.5,0.5,0.5384078366038688,0.048309536800720455,0.3792403664677791,0.03404226012763244,9.450328027145304
1228,245.7638425617078,2.291666666666667,0.2,0.5,0.5,0.5384114270441868,0.04830970217827228,0.379237290851041,0.034041579926500726,9.450328027145304
1229,245.96397598398931,2.291666666666667,0.2,0.5,0.5,0.5384149746382513,0.04830987274449756,0.37923424212630824,0.034040910490943745,9.450328027145304
1230,246.16410940627082,2.291666666666667,0.2,0.5,0.5,0.5384184794365382,0.048310048388218126,0.3792312204070266,0.03404025176821791,9.450328027145304
1231,246.36424282855236,2.291666666666667,0.2,0.5,0.5,0.5384219414678942,0.04831022900148531,0.379228225818603,0.0340396037120184,9.450328027145304
1232,246.56437625083387,2.291666666666667,0.2,0.5,0.5,0.5384253606160035,0.04831041449023775,0.37922525857874556,0.034038966315014074,9.450328027145304
1233,246.7645096731154,2.291666666666667,0.2,0.5,0.5,0.5384287369002735,0.04831060475006811,0.3792223188147885,0.03403833953487077,9.450328027145304
1234,246.96464309539692,2.291666666666667,0.2,0.5,0.5,0.5384320703733151,0.04831079967506792,0.379219406630366,0.034037723321251816,9.450328027145304
1235,247.16477651767843,2.291666666666667,0.2,0.5,0.5,0.5384353610960376,0.04831099915997624,0.37921652212160967,0.03403711762237733,9.450328027145304
1236,247.36490993995997,2.291666666666667,0.2,0.5,0.5,0.5384386091376485,0.04831120310017968,0.37921366537714846,0.03403652238502424,9.450328027145304
1237,247.56504336224148,2.291666666666667,0.2,0.5,0.5,0.5384418145756533,0.04831141139171241,0.3792108364781088,0.03403593755452629,9.450328027145304
1238,247.765176784523,2.291666666666667,0.2,0.5,0.5,0.5384449774958562,0.04831162393125615,0.37920803549811455,0.03403536307477401,9.450328027145304
1239,247.96531020680453,2.291666666666667,0.2,0.5,0.5,0.538448097992359,0.048311840616140155,0.3792052625032869,0.034034798888214764,9.450328027145304
1240,248.16544362908604,2.291666666666667,0.2,0.5,0.5,0.5384511761675624,0.04831206134434124,0.3792025175522445,0.0340342449358527,9.450328027145304
1241,248.36557705136758,2.291666666666667,0.2,0.5,0.5,0.5384542121321649,0.04831228601448377,0.37919980069610343,0.03403370115724878,9.450328027145304
1242,248.5657104736491,2.291666666666667,0.2,0.5,0.5,0.5384572060051633,0.048312514525839664,0.3791971119784771,0.03403316749052078,9.450328027145304
1243,248.7658438959306,2.291666666666667,0.2,0.5,0.5,0.5384601579138527,0.04831274677832838,0.37919445143547653,0.03403264387234326,9.450328027145304
1244,248.96597731821214,2.291666666666667,0.2,0.5,0.5,0.5384630679938265,0.04831298267251692,0.37919181909570987,0.034032130237947614,9.450328027145304
1245,249.16611074049365,2.291666666666667,0.2,0.5,0.5,0.538465936388976,0.048313222109619865,0.3791892149802829,0.03403162652112201,9.450328027145304
1246,249.36624416277516,2.291666666666667,0.2,0.5,0.5,0.5384687632514913,0.04831346499149931,0.37918663910279876,0.03403113265421146,9.450328027145304
1247,249.5663775850567,2.291666666666667,0.2,0.5,0.5,0.5384715487418603,0.048313711220664926,0.3791840914693579,0.03403064856811775,9.450328027145304
1248,249.7665110073382,2.291666666666667,0.2,0.5,0.5,0.5384742930288692,0.04831396070027392,0.3791815720785583,0.034030174192299485,9.450328027145304
1249,249.96664442961975,2.291666666666667,0.2,0.5,0.5,0.5384769962896024,0.048314213334131044,0.37917908092149527,0.034029709454772086,9.450328027145304
1250,250.16677785190126,2.291666666666667,0.2,0.5,0.5,0.5384796587094428,0.04831446902668862,0.3791766179817616,0.034029254282107756,9.450328027145304
1251,250.36691127418277,2.291666666666667,0.2,0.5,0.5,0.538482280331846,0.0483147276936114,0.37917418334060027,0.03402880863394323,9.450328027145304
1252,250.5670446964643,2.291666666666667,0.2,0.5,0.5,0.53848486116844,0.048314989254033616,0.3791717770998381,0.03402837247768915,9.450328027145304
1253,250.76717811874582,2.291666666666667,0.2,0.5,0.5,0.5384874013807771,0.048315253617776936,0.37916939925466625,0.034027945746780655,9.450328027145304
1254,250.96731154102733,2.291666666666667,0.2,0.5,0.5,0.5384899011364255,0.04831552069547105,0.3791670497943705,0.03402752837373389,9.450328027145304
1255,251.16744496330887,2.291666666666667,0.2,0.5,0.5,0.5384923606089356,0.04831579039855611,0.37916472870235535,0.03402712029015383,9.450328027145304
1256,251.36757838559038,2.291666666666667,0.2,0.5,0.5,0.5384947799778402,0.04831606263928266,0.3791624359561438,0.03402672142673426,9.450328027145304
1257,251.56771180787192,2.291666666666667,0.2,0.5,0.5,0.5384971594286541,0.04831633733071171,0.3791601715273773,0.03402633171325778,9.450328027145304
1258,251.76784523015343,2.291666666666667,0.2,0.5,0.5,0.5384994991528744,0.04831661438671467,0.379157935381816,0.03402595107859578,9.450328027145304
1259,251.96797865243494,2.291666666666667,0.2,0.5,0.5,0.5385017993479805,0.04831689372197339,0.37915572747933857,0.034025579450708485,9.450328027145304
1260,252.16811207471648,2.291666666666667,0.2,0.5,0.5,0.5385040602174337,0.048317175251980156,0.3791535477739421,0.03402521675664491,9.450328027145304
1261,252.368245496998,2.291666666666667,0.2,0.5,0.5,0.538506281970678,0.04831745889303766,0.37915139621374244,0.0340248629225429,9.450328027145304
1262,252.5683789192795,2.291666666666667,0.2,0.5,0.5,0.5385084648231391,0.04831774456225904,0.3791492727409737,0.0340245178736291,9.450328027145304
1263,252.76851234156103,2.291666666666667,0.2,0.5,0.5,0.5385106089962252,0.04831803217756786,0.3791471772919889,0.034024181534218954,9.450328027145304
1264,252.96864576384255,2.291666666666667,0.2,0.5,0.5,0.5385127147173268,0.048318321657698116,0.37914510979725924,0.03402385382771674,9.450328027145304
1265,253.16877918612408,2.291666666666667,0.2,0.5,0.5,0.5385147822198164,0.048318612922194214,0.3791430701813748,0.034023534676615536,9.450328027145304
1266,253.3689126084056,2.291666666666667,0.2,0.5,0.5,0.5385168117430488,0.04831890589141102,0.3791410583630439,0.03402322400249723,9.450328027145304
1267,253.5690460306871,2.291666666666667,0.2,0.5,0.5,0.5385188035323609,0.04831920048651379,0.3791390742550937,0.03402292172603252,9.450328027145304
1268,253.76917945296864,2.291666666666667,0.2,0.5,0.5,0.538520757839072,0.048319496629478244,0.3791371177644697,0.034022627766980916,9.450328027145304
1269,253.96931287525015,2.291666666666667,0.2,0.5,0.5,0.5385226749204837,0.0483197942430905,0.37913518879223596,0.03402234204419073,9.450328027145304
1270,254.16944629753166,2.291666666666667,0.2,0.5,0.5,0.5385245550129995,0.04832009325201232,0.3791332872540809,0.03402206448090822,9.450328027145304
1271,254.3695797198132,2.291666666666667,0.2,0.5,0.5,0.5385263981694589,0.048320393589227205,0.3791314132044087,0.03402179503690606,9.450328027145304
1272,254.5697131420947,2.291666666666667,0.2,0.5,0.5,0.5385282045831583,0.048320695183200126,0.3791295665891569,0.034021533644485506,9.450328027145304
1273,254.76984656437625,2.291666666666667,0.2,0.5,0.5,0.5385299744907145,0.04832099796172687,0.37912774731989773,0.03402128022766178,9.450328027145304
1274,254.96997998665776,2.291666666666667,0.2,0.5,0.5,0.53853170813265,0.04832130185349594,0.3791259553039058,0.034021034709949084,9.450328027145304
1275,255.17011340893927,2.291666666666667,0.2,0.5,0.5,0.5385334057533931,0.04832160678808853,0.3791241904441586,0.034020797014360546,9.450328027145304
1276,255.3702468312208,2.291666666666667,0.2,0.5,0.5,0.5385350676012779,0.04832191269597857,0.3791224526393361,0.03402056706340825,9.450328027145304
1277,255.57038025350232,2.291666666666667,0.2,0.5,0.5,0.5385366939285439,0.04832221950853271,0.379120741783821,0.03402034477910322,9.450328027145304
1278,255.77051367578383,2.291666666666667,0.2,0.5,0.5,0.5385382849913365,0.0483225271580103,0.3791190577676985,0.03402013008295543,9.450328027145304
1279,255.97064709806537,2.291666666666667,0.2,0.5,0.5,0.538539841049707,0.04832283557756343,0.37911740047675657,0.03401992289597379,9.450328027145304
1280,256.1707805203469,2.291666666666667,0.2,0.5,0.5,0.538541362367612,0.048323144701236866,0.3791157697924858,0.034019723138666164,9.450328027145304
1281,256.3709139426284,2.291666666666667,0.2,0.5,0.5,0.5385428492129141,0.04832345446396812,0.3791141655920793,0.03401953073103935,9.450328027145304
1282,256.57104736490993,2.291666666666667,0.2,0.5,0.5,0.5385443018573813,0.04832376480158742,0.37911258774843287,0.03401934559259912,9.450328027145304
1283,256.77118078719144,2.291666666666667,0.2,0.5,0.5,0.5385457205766878,0.04832407565081769,0.379111036130145,0.03401916764235016,9.450328027145304
1284,256.97131420947295,2.291666666666667,0.2,0.5,0.5,0.5385471056504132,0.0483243869492746,0.3791095106015168,0.034018996798796115,9.450328027145304
1285,257.1714476317545,2.291666666666667,0.2,0.5,0.5,0.5385484573620427,0.04832469863546651,0.3791080110225519,0.03401883297993957,9.450328027145304
1286,257.371581054036,2.291666666666667,0.2,0.5,0.5,0.5385497759989674,0.0483250106487945,0.3791065372489568,0.03401867610328206,9.450328027145304
1287,257.57171447631754,2.291666666666667,0.2,0.5,0.5,0.5385510618524839,0.048325322929552376,0.3791050891321403,0.03401852608582407,9.450328027145304
1288,257.77184789859905,2.291666666666667,0.2,0.5,0.5,0.5385523152177949,0.04832563541892665,0.3791036665192142,0.03401838284406501,9.450328027145304
1289,257.97198132088056,2.291666666666667,0.2,0.5,0.5,0.5385535363940084,0.04832594805899655,0.3791022692529925,0.03401824629400327,9.450328027145304
1290,258.1721147431621,2.291666666666667,0.2,0.5,0.5,0.538554725592795,0.048326260791591046,0.3791008972446223,0.03401811637099228,9.450328027145304
1291,258.37224816544364,2.291666666666667,0.2,0.5,0.5,0.5385558829708945,0.048326573558695574,0.37909955044773624,0.034017993022674324,9.450328027145304
1292,258.57238158772515,2.291666666666667,0.2,0.5,0.5,0.5385570088033143,0.048326886304619336,0.37909822872073645,0.03401787617133071,9.450328027145304
1293,258.77251501000666,2.291666666666667,0.2,0.5,0.5,0.5385581033682117,0.04832719897455477,0.37909693191832833,0.03401776573890585,9.450328027145304
1294,258.97264843228817,2.291666666666667,0.2,0.5,0.5,0.538559166945984,0.0483275115145662,0.37909565989224503,0.034017661647205384,9.450328027145304
1295,259.1727818545697,2.291666666666667,0.2,0.5,0.5,0.5385601998192674,0.048327823871589785,0.3790944124912474,0.03401756381789615,9.450328027145304
1296,259.37291527685124,2.291666666666667,0.2,0.5,0.5,0.5385612022729369,0.04832813599343357,0.3790931895611241,0.034017472172506204,9.450328027145304
1297,259.57304869913276,2.291666666666667,0.2,0.5,0.5,0.5385621745941072,0.04832844782877747,0.3790919909446913,0.03401738663242481,9.450328027145304
1298,259.77318212141427,2.291666666666667,0.2,0.5,0.5,0.5385631170721318,0.04832875932717323,0.37909081648179327,0.03401730711890245,9.450328027145304
1299,259.9733155436958,2.291666666666667,0.2,0.5,0.5,0.5385640299986039,0.04832907043904448,0.3790896660093016,0.03401723355305081,9.450328027145304
1300,260.1734489659773,2.291666666666667,0.2,0.5,0.5,0.5385649136673553,0.048329381115686715,0.379088539361116,0.03401716585584279,9.450328027145304
1301,260.37358238825885,2.291666666666667,0.2,0.5,0.5,0.5385657683744574,0.048329691309267286,0.37908743636816356,0.0340171039481125,9.450328027145304
1302,260.57371581054036,2.291666666666667,0.2,0.5,0.5,0.5385665944182206,0.048330000972825395,0.3790863568583994,0.03401704775055526,9.450328027145304
1303,260.7738492328219,2.291666666666667,0.2,0.5,0.5,0.5385673920991948,0.048330310060272136,0.3790853006568063,0.0340169971837276,9.450328027145304
1304,260.9739826551034,2.291666666666667,0.2,0.5,0.5,0.5385681617201685,0.04833061852639043,0.3790842675853946,0.03401695216804728,9.450328027145304
1305,261.1741160773849,2.291666666666667,0.2,0.5,0.5,0.5385689035861699,0.04833092632683509,0.37908325746320254,0.034016912623793236,9.450328027145304
1306,261.37424949966646,2.291666666666667,0.2,0.5,0.5,0.5385696180044663,0.04833123341813277,0.379082270106296,0.03401687847110565,9.450328027145304
1307,261.574382921948,2.291666666666667,0.2,0.5,0.5,0.5385703052845641,0.04833153975768201,0.37908130532776885,0.034016849629985885,9.450328027145304
1308,261.7745163442295,2.291666666666667,0.2,0.5,0.5,0.5385709657382088,0.04833184530375319,0.3790803629377423,0.034016826020296535,9.450328027145304
1309,261.974649766511,2.291666666666667,0.2,0.5,0.5,0.5385716010956378,0.048332150102801896,0.37907944155117634,0.034016807250384654,9.450328027145304
1310,262.1747831887925,2.291666666666667,0.2,0.5,0.5,0.5385722083515158,0.0483324539100649,0.379078543768308,0.03401679397011206,9.450328027145304
1311,262.374916611074,2.291666666666667,0.2,0.5,0.5,0.5385727895954868,0.048332756795623204,0.37907766789937697,0.034016785709513796,9.450328027145304
1312,262.5750500333556,2.291666666666667,0.2,0.5,0.5,0.5385733451102421,0.048333058718891216,0.37907681377461305,0.0340167823962544,9.450328027145304
1313,262.7751834556371,2.291666666666667,0.2,0.5,0.5,0.5385738751805557,0.04833335964014556,0.3790759812214055,0.034016783957894065,9.450328027145304
1314,262.9753168779186,2.291666666666667,0.2,0.5,0.5,0.5385743800932175,0.04833365952052098,0.37907517006435915,0.03401679032190318,9.450328027145304
1315,263.1754503002001,2.291666666666667,0.2,0.5,0.5,0.538574860136968,0.04833395832200628,0.37907438012534955,0.0340168014156769,9.450328027145304
1316,263.3755837224816,2.291666666666667,0.2,0.5,0.5,0.5385753156024317,0.048334256007440214,0.3790736112235792,0.03401681716654968,9.450328027145304
1317,263.5757171447632,2.291666666666667,0.2,0.5,0.5,0.5385757467820507,0.04833455254050742,0.3790728631756329,0.03401683750180981,9.450328027145304
1318,263.7758505670447,2.291666666666667,0.2,0.5,0.5,0.5385761539700189,0.04833484788573436,0.3790721357955335,0.03401686234871397,9.450328027145304
1319,263.9759839893262,2.291666666666667,0.2,0.5,0.5,0.5385765374622159,0.04833514200848522,0.3790714288947978,0.03401689163450178,9.450328027145304
1320,264.1761174116077,2.291666666666667,0.2,0.5,0.5,0.5385768975561407,0.04833543487495782,0.37907074228249193,0.034016925286410336,9.450328027145304
1321,264.37625083388923,2.291666666666667,0.2,0.5,0.5,0.538577234550845,0.04833572645217958,0.3790700757652873,0.03401696323168878,9.450328027145304
1322,264.5763842561708,2.291666666666667,0.2,0.5,0.5,0.5385775487468685,0.048336016708003395,0.37906942914751607,0.03401700539761281,9.450328027145304
1323,264.7765176784523,2.291666666666667,0.2,0.5,0.5,0.5385778404461707,0.04833630561110358,0.37906880223122713,0.03401705171149925,9.450328027145304
1324,264.9766511007338,2.291666666666667,0.2,0.5,0.5,0.5385781099520668,0.04833659313097178,0.37906819481624154,0.03401710210072059,9.450328027145304
1325,265.17678452301533,2.291666666666667,0.2,0.5,0.5,0.53857835756916,0.0483368792379129,0.3790676067002083,0.03401715649271955,9.450328027145304
1326,265.37691794529684,2.291666666666667,0.2,0.5,0.5,0.5385785836032759,0.04833716390304102,0.3790670376786601,0.0340172148150236,9.450328027145304
1327,265.57705136757835,2.291666666666667,0.2,0.5,0.5,0.5385787883613969,0.04833744709827532,0.379066487545069,0.0340172769952595,9.450328027145304
1328,265.7771847898599,2.291666666666667,0.2,0.5,0.5,0.5385789721515949,0.048337728796335994,0.37906595609090193,0.034017342961167873,9.450328027145304
1329,265.9773182121414,2.291666666666667,0.2,0.5,0.5,0.5385791352363745,0.048338008968418146,0.37906544314824014,0.03401741264696799,9.450328027145304
1330,266.17745163442294,2.291666666666667,0.2,0.5,0.5,0.5385792778270105,0.0483382875839088,0.3790649485949464,0.03401748599413495,9.450328027145304
1331,266.37758505670445,2.291666666666667,0.2,0.5,0.5,0.5385794002103463,0.04833856461670551,0.37906447223882556,0.03401756293412328,9.450328027145304
1332,266.57771847898596,2.291666666666667,0.2,0.5,0.5,0.5385795026744331,0.048338840041509616,0.37906401388555067,0.03401764339850735,9.450328027145304
1333,266.7778519012675,2.291666666666667,0.2,0.5,0.5,0.5385795855065498,0.04833911383372677,0.3790635733404672,0.03401772731925686,9.450328027145304
1334,266.97798532354904,2.291666666666667,0.2,0.5,0.5,0.5385796489930972,0.04833938596946082,0.3790631504086858,0.034017814628756846,9.450328027145304
1335,267.17811874583055,2.291666666666667,0.2,0.5,0.5,0.5385796934194904,0.04833965642550775,0.3790627448951747,0.03401790525982776,9.450328027145304
1336,267.37825216811206,2.291666666666667,0.2,0.5,0.5,0.5385797190700532,0.04833992517934955,0.3790623566048524,0.03401799914574548,9.450328027145304
1337,267.57838559039357,2.291666666666667,0.2,0.5,0.5,0.5385797262279113,0.048340192209148196,0.3790619853426798,0.034018096220261376,9.450328027145304
1338,267.77851901267513,2.291666666666667,0.2,0.5,0.5,0.5385797151748856,0.04834045749373948,0.3790616309137533,0.03401819641762234,9.450328027145304
1339,267.97865243495664,2.291666666666667,0.2,0.5,0.5,0.5385796861913861,0.048340721012627014,0.3790612931233967,0.03401829967259081,9.450328027145304
1340,268.17878585723815,2.291666666666667,0.2,0.5,0.5,0.5385796395563055,0.04834098274597605,0.37906097177725423,0.03401840592046483,9.450328027145304
1341,268.37891927951966,2.291666666666667,0.2,0.5,0.5,0.5385795755469123,0.048341242674607446,0.3790606666813829,0.034018515097098107,9.450328027145304
1342,268.5790527018012,2.291666666666667,0.2,0.5,0.5,0.5385794944387443,0.048341500779991574,0.37906037764234474,0.03401862713892,9.450328027145304
1343,268.7791861240827,2.291666666666667,0.2,0.5,0.5,0.5385793965055029,0.04834175704424222,0.3790601044672999,0.034018741982955625,9.450328027145304
1344,268.97931954636425,2.291666666666667,0.2,0.5,0.5,0.5385792820189458,0.048342011450110495,0.37905984696409856,0.034018859566845826,9.450328027145304
1345,269.17945296864576,2.291666666666667,0.2,0.5,0.5,0.5385791512487806,0.04834226398097876,0.3790596049413739,0.03401897982886729,9.450328027145304
1346,269.3795863909273,2.291666666666667,0.2,0.5,0.5,0.538579004462559,0.048342514620854524,0.37905937820863456,0.034019102707952525,9.450328027145304
1347,269.5797198132088,2.291666666666667,0.2,0.5,0.5,0.5385788419255695,0.04834276335436437,0.3790591665763568,0.03401922814370993,9.450328027145304
1348,269.7798532354903,2.291666666666667,0.2,0.5,0.5,0.5385786639007315,0.048343010166747837,0.37905896985607745,0.03401935607644385,9.450328027145304
1349,269.97998665777186,2.291666666666667,0.2,0.5,0.5,0.5385784706484884,0.04834325504385138,0.37905878786048625,0.03401948644717458,9.450328027145304
1350,270.18012008005337,2.291666666666667,0.2,0.5,0.5,0.5385782624267016,0.04834349797212225,0.37905862040351834,0.034019619197658425,9.450328027145304
1351,270.3802535023349,2.291666666666667,0.2,0.5,0.5,0.5385780394905436,0.048343738938602394,0.3790584673004469,0.03401975427040775,9.450328027145304
1352,270.5803869246164,2.291666666666667,0.2,0.5,0.5,0.5385778020988289,0.04834397793087721,0.3790583283632595,0.03401989160703503,9.450328027145304
1353,270.7805203468979,2.291666666666667,0.2,0.5,0.5,0.538577550567972,0.048344214936689965,0.3790582033611418,0.0340200311341969,9.450328027145304
1354,270.98065376917947,2.291666666666667,0.2,0.5,0.5,0.5385772851732867,0.04834444994462774,0.3790580920928024,0.03402017278928376,9.450328027145304
1355,271.180787191461,2.291666666666667,0.2,0.5,0.5,0.5385770061729029,0.04834468294394673,0.3790579943689657,0.03402031651418531,9.450328027145304
1356,271.3809206137425,2.291666666666667,0.2,0.5,0.5,0.5385767138226991,0.04834491392446063,0.37905791000144595,0.03402046225139497,9.450328027145304
1357,271.581054036024,2.291666666666667,0.2,0.5,0.5,0.5385764083762223,0.04834514287653428,0.37905783880322086,0.03402060994402316,9.450328027145304
1358,271.7811874583055,2.291666666666667,0.2,0.5,0.5,0.5385760900846073,0.0483453697910775,0.3790577805885053,0.034020759535810616,9.450328027145304
1359,271.981320880587,2.291666666666667,0.2,0.5,0.5,0.5385757591964954,0.048345594659538714,0.3790577351728249,0.03402091097114173,9.450328027145304
1360,272.1814543028686,2.291666666666667,0.2,0.5,0.5,0.5385754159579549,0.048345817473898774,0.3790577023730893,0.03402106419505783,9.450328027145304
1361,272.3815877251501,2.291666666666667,0.2,0.5,0.5,0.5385750606123995,0.04834603822666461,0.3790576820076662,0.03402121915327049,9.450328027145304
1362,272.5817211474316,2.291666666666667,0.2,0.5,0.5,0.538574693400508,0.04834625691086304,0.3790576738964548,0.03402137579217491,9.450328027145304
1363,272.7818545697131,2.291666666666667,0.2,0.5,0.5,0.5385743145601439,0.048346473520034426,0.3790576778609592,0.03402153405886315,9.450328027145304
1364,272.98198799199463,2.291666666666667,0.2,0.5,0.5,0.5385739243262746,0.04834668804822646,0.37905769372436227,0.03402169390113748,9.450328027145304
1365,273.1821214142762,2.291666666666667,0.2,0.5,0.5,0.5385735229308901,0.048346900489987875,0.3790577213115991,0.03402185526752372,9.450328027145304
1366,273.3822548365577,2.291666666666667,0.2,0.5,0.5,0.5385731106029236,0.04834711084036215,0.37905776044943057,0.034022018107284495,9.450328027145304
1367,273.5823882588392,2.291666666666667,0.2,0.5,0.5,0.5385726875681698,0.048347319094881276,0.37905781096651714,0.03402218237043261,9.450328027145304
1368,273.7825216811207,2.291666666666667,0.2,0.5,0.5,0.5385722540492048,0.04834752524955949,0.37905787269349217,0.03402234800774433,9.450328027145304
1369,273.98265510340224,2.291666666666667,0.2,0.5,0.5,0.5385718102653054,0.04834772930088699,0.3790579454630357,0.03402251497077268,9.450328027145304
1370,274.1827885256838,2.291666666666667,0.2,0.5,0.5,0.5385713564323684,0.048347931245823636,0.37905802910994796,0.03402268321186082,9.450328027145304
1371,274.3829219479653,2.291666666666667,0.2,0.5,0.5,0.5385708927628297,0.048348131081792735,0.3790581234712231,0.034022852684155294,9.450328027145304
1372,274.5830553702468,2.291666666666667,0.2,0.5,0.5,0.5385704194655841,0.048348328806674744,0.3790582283861225,0.034023023341619385,9.450328027145304
1373,274.78318879252834,2.291666666666667,0.2,0.5,0.5,0.5385699367459046,0.04834852441880101,0.3790583436962488,0.03402319513904641,9.450328027145304
1374,274.98332221480985,2.291666666666667,0.2,0.5,0.5,0.5385694448053613,0.048348717916947476,0.379058469245619,0.03402336803207305,9.450328027145304
1375,275.18345563709136,2.291666666666667,0.2,0.5,0.5,0.5385689438417413,0.04834890930032845,0.37905860488073845,0.034023541977192644,9.450328027145304
1376,275.3835890593729,2.291666666666667,0.2,0.5,0.5,0.5385684341410295,0.048349098565185794,0.37905875037528763,0.034023716918497864,9.450328027145304
1377,275.58372248165443,2.291666666666667,0.2,0.5,0.5,0.5385679160253133,0.048349285706706185,0.3790589054727893,0.034023892795191996,9.450328027145304
1378,275.78385590393594,2.291666666666667,0.2,0.5,0.5,0.538567389714349,0.048349470724131295,0.37905906999997485,0.03402406956154559,9.450328027145304
1379,275.98398932621745,2.291666666666667,0.2,0.5,0.5,0.5385668554257821,0.04834965361704229,0.37905924378472483,0.034024247172451665,9.450328027145304
1380,276.18412274849896,2.291666666666667,0.2,0.5,0.5,0.538566313375372,0.048349834385342245,0.3790594266558919,0.03402442558339475,9.450328027145304
1381,276.38425617078053,2.291666666666667,0.2,0.5,0.5,0.5385657637769729,0.04835001302924764,0.37905961844332475,0.03402460475045559,9.450328027145304
1382,276.58438959306204,2.291666666666667,0.2,0.5,0.5,0.5385652068425129,0.04835018954927985,0.3790598189778925,0.03402478463031569,9.450328027145304
1383,276.78452301534355,2.291666666666667,0.2,0.5,0.5,0.5385646427819735,0.04835036394625668,0.3790600280915087,0.03402496518026196,9.450328027145304
1384,276.98465643762506,2.291666666666667,0.2,0.5,0.5,0.5385640718033702,0.04835053622128378,0.3790602456171555,0.03402514635819133,9.450328027145304
1385,277.1847898599066,2.291666666666667,0.2,0.5,0.5,0.5385634941127314,0.048350706375746254,0.3790604713889078,0.03402532812261532,9.450328027145304
1386,277.38492328218814,2.291666666666667,0.2,0.5,0.5,0.5385629099140786,0.04835087441130006,0.3790607052419575,0.034025510432664705,9.450328027145304
1387,277.58505670446965,2.291666666666667,0.2,0.5,0.5,0.5385623194094057,0.04835104032986356,0.3790609470126375,0.03402569324809409,9.450328027145304
1388,277.78519012675116,2.291666666666667,0.2,0.5,0.5,0.5385617227986594,0.04835120413360901,0.3790611965384459,0.034025876529286535,9.450328027145304
1389,277.98532354903267,2.291666666666667,0.2,0.5,0.5,0.5385611202797184,0.04835136582495405,0.3790614536580703,0.03402606023725817,9.450328027145304
1390,278.1854569713142,2.291666666666667,0.2,0.5,0.5,0.5385605120483731,0.04835152540655321,0.37906171821141177,0.03402624433366279,9.450328027145304
1391,278.3855903935957,2.291666666666667,0.2,0.5,0.5,0.5385598982983059,0.04835168288128939,0.3790619900396091,0.03402642878079649,9.450328027145304
1392,278.58572381587726,2.291666666666667,0.2,0.5,0.5,0.5385592792210704,0.04835183825226538,0.37906226898506284,0.03402661354160224,9.450328027145304
1393,278.78585723815877,2.291666666666667,0.2,0.5,0.5,0.5385586550060713,0.04835199152279535,0.3790625548914597,0.03402679857967454,9.450328027145304
1394,278.9859906604403,2.291666666666667,0.2,0.5,0.5,0.5385580258405441,0.048352142696396344,0.3790628476037964,0.03402698385926401,9.450328027145304
1395,279.1861240827218,2.291666666666667,0.2,0.5,0.5,0.5385573919095351,0.04835229177677978,0.379063146968404,0.03402716934528198,9.450328027145304
1396,279.3862575050033,2.291666666666667,0.2,0.5,0.5,0.5385567533958807,0.04835243876784294,0.3790634528329721,0.03402735500330515,9.450328027145304
1397,279.58639092728487,2.291666666666667,0.2,0.5,0.5,0.5385561104801874,0.04835258367366048,0.37906376504657285,0.03402754079958015,9.450328027145304
1398,279.7865243495664,2.291666666666667,0.2,0.5,0.5,0.5385554633408116,0.04835272649847594,0.3790640834596851,0.03402772670102819,9.450328027145304
1399,279.9866577718479,2.291666666666667,0.2,0.5,0.5,0.5385548121592291,0.04835286724748156,0.3790644079194182,0.03402791267387204,9.450328027145304
1400,280.1867911941294,2.291666666666667,0.2,0.5,0.5,0.538554157142828,0.0483530059301466,0.3790647382492166,0.03402809867780983,9.450328027145304
1401,280.3869246164109,2.291666666666667,0.2,0.5,0.5,0.5385534984745962,0.04835314255285284,0.3790650742936781,0.034028284678873796,9.450328027145304
1402,280.5870580386925,2.291666666666667,0.2,0.5,0.5,0.5385528363309198,0.04835327712149218,0.3790654159027081,0.03402847064488086,9.450328027145304
1403,280.787191460974,2.291666666666667,0.2,0.5,0.5,0.5385521708863057,0.048353409642152,0.37906576292731853,0.03402865654422475,9.450328027145304
1404,280.9873248832555,2.291666666666667,0.2,0.5,0.5,0.5385515023133741,0.04835354012110852,0.3790661152196409,0.03402884234587742,9.450328027145304
1405,281.187458305537,2.291666666666667,0.2,0.5,0.5,0.5385508307828513,0.04835366856482012,0.3790664726329392,0.03402902801939043,9.450328027145304
1406,281.3875917278185,2.291666666666667,0.2,0.5,0.5,0.5385501564635611,0.048353794979920636,0.37906683502162286,0.03402921353489639,9.450328027145304
1407,281.5877251501,2.291666666666667,0.2,0.5,0.5,0.5385494795224179,0.048353919373212775,0.3790672022412599,0.034029398863110315,9.450328027145304
1408,281.7878585723816,2.291666666666667,0.2,0.5,0.5,0.5385488001244189,0.04835404175166136,0.37906757414858966,0.034029583975331096,9.450328027145304
1409,281.9879919946631,2.291666666666667,0.2,0.5,0.5,0.5385481184326353,0.04835416212238672,0.3790679506015361,0.03402976884344283,9.450328027145304
1410,282.1881254169446,2.291666666666667,0.2,0.5,0.5,0.5385474346082064,0.04835428049265799,0.3790683314592203,0.03402995343991628,9.450328027145304
1411,282.3882588392261,2.291666666666667,0.2,0.5,0.5,0.5385467488103303,0.04835439686988647,0.379068716581974,0.03403013773781023,9.450328027145304
1412,282.58839226150764,2.291666666666667,0.2,0.5,0.5,0.5385460611962569,0.04835451126161895,0.37906910583135217,0.034030321710772964,9.450328027145304
1413,282.7885256837892,2.291666666666667,0.2,0.5,0.5,0.5385453719212802,0.04835462367553104,0.37906949907014614,0.03403050533304358,9.450328027145304
1414,282.9886591060707,2.291666666666667,0.2,0.5,0.5,0.5385446811387304,0.048354734119420484,0.37906989616239656,0.03403068857945346,9.450328027145304
1415,283.1887925283522,2.291666666666667,0.2,0.5,0.5,0.5385439889999664,0.04835484260120053,0.3790702969734064,0.034030871425427656,9.450328027145304
1416,283.38892595063373,2.291666666666667,0.2,0.5,0.5,0.5385432956543676,0.04835494912889324,0.37907070136975385,0.034031053846986264,9.450328027145304
1417,283.58905937291524,2.291666666666667,0.2,0.5,0.5,0.5385426012493267,0.04835505371062283,0.3790711092193054,0.03403123582074588,9.450328027145304
1418,283.7891927951968,2.291666666666667,0.2,0.5,0.5,0.5385419059302421,0.048355156354609005,0.3790715203912289,0.03403141732392098,9.450328027145304
1419,283.9893262174783,2.291666666666667,0.2,0.5,0.5,0.5385412098405092,0.04835525706916027,0.3790719347560061,0.034031598334325314,9.450328027145304
1420,284.18945963975983,2.291666666666667,0.2,0.5,0.5,0.5385405131215141,0.04835535586266731,0.3790723521854462,0.03403177883037331,9.450328027145304
1421,284.38959306204134,2.291666666666667,0.2,0.5,0.5,0.5385398159126246,0.04835545274359626,0.37907277255269856,0.03403195879108151,9.450328027145304
1422,284.58972648432285,2.291666666666667,0.2,0.5,0.5,0.5385391183510467,0.048355547720549716,0.3790731957324014,0.034032138196003,9.450328027145304
1423,284.7898599066044,2.291666666666667,0.2,0.5,0.5,0.5385384205388384,0.048355640818586336,0.3790736216335092,0.034032317009066906,9.450328027145304
1424,284.98999332888593,2.291666666666667,0.2,0.5,0.5,0.5385377225772918,0.04835573206218872,0.3790740501650864,0.034032495195433866,9.450328027145304
1425,285.19012675116744,2.291666666666667,0.2,0.5,0.5,0.538537024587945,0.048355821464851595,0.37907448121540654,0.03403267273179777,9.450328027145304
1426,285.39026017344895,2.291666666666667,0.2,0.5,0.5,0.5385363266896352,0.04835590904043039,0.37907491467478893,0.03403284959514626,9.450328027145304
1427,285.59039359573046,2.291666666666667,0.2,0.5,0.5,0.5385356289984758,0.04835599480314316,0.37907535043562807,0.0340330257627537,9.450328027145304
1428,285.79052701801197,2.291666666666667,0.2,0.5,0.5,0.53853493162783,0.048356078767572405,0.3790757883924243,0.034033201212174076,9.450328027145304
1429,285.99066044029354,2.291666666666667,0.2,0.5,0.5,0.5385342346882861,0.04835616094866702,0.37907622844181377,0.03403337592123393,9.450328027145304
1430,286.19079386257505,2.291666666666667,0.2,0.5,0.5,0.5385335382876327,0.04835624136174417,0.3790766704825986,0.03403354986802531,9.450328027145304
1431,286.39092728485656,2.291666666666667,0.2,0.5,0.5,0.5385328425308338,0.04835632002249115,0.3790771144157771,0.03403372303089871,9.450328027145304
1432,286.59106070713807,2.291666666666667,0.2,0.5,0.5,0.5385321475200032,0.04835639694696731,0.3790775601445742,0.03403389538845598,9.450328027145304
1433,286.7911941294196,2.291666666666667,0.2,0.5,0.5,0.5385314533543805,0.048356472151605934,0.3790780075744711,0.03403406691954328,9.450328027145304
1434,286.99132755170115,2.291666666666667,0.2,0.5,0.5,0.5385307601303049,0.048356545653216114,0.37907845661323575,0.034034237603244005,9.450328027145304
1435,287.19146097398266,2.291666666666667,0.2,0.5,0.5,0.5385300679411912,0.048356617468984675,0.37907890717095316,0.03403440741887171,9.450328027145304
1436,287.39159439626417,2.291666666666667,0.2,0.5,0.5,0.5385293768775042,0.04835668761647802,0.37907935916005536,0.034034576345963075,9.450328027145304
1437,287.5917278185457,2.291666666666667,0.2,0.5,0.5,0.5385286870267343,0.04835675611364405,0.37907981249535155,0.03403474436427079,9.450328027145304
1438,287.7918612408272,2.291666666666667,0.2,0.5,0.5,0.5385279984733715,0.04835682297881405,0.3790802670940585,0.03403491145375655,9.450328027145304
1439,287.99199466310876,2.291666666666667,0.2,0.5,0.5,0.5385273112988817,0.04835688823070457,0.37908072287583056,0.03403507759458392,9.450328027145304
1440,288.19212808539027,2.291666666666667,0.2,0.5,0.5,0.5385266255816803,0.048356951888419306,0.3790811797627897,0.03403524276711133,9.450328027145304
1441,288.3922615076718,2.291666666666667,0.2,0.5,0.5,0.5385259413971085,0.04835701397145102,0.37908163767955605,0.034035406951884985,9.450328027145304
1442,288.5923949299533,2.291666666666667,0.2,0.5,0.5,0.5385252588174076,0.04835707449968341,0.3790820965532778,0.03403557012963178,9.450328027145304
1443,288.7925283522348,2.291666666666667,0.2,0.5,0.5,0.5385245779116938,0.04835713349339299,0.37908255631366145,0.03403573228125225,9.450328027145304
1444,288.9926617745163,2.291666666666667,0.2,0.5,0.5,0.538523898745934,0.048357190973250995,0.379083016893002,0.034035893387813536,9.450328027145304
1445,289.1927951967979,2.291666666666667,0.2,0.5,0.5,0.5385232213829199,0.04835724696032527,0.37908347822621313,0.03403605343054226,9.450328027145304
1446,289.3929286190794,2.291666666666667,0.2,0.5,0.5,0.5385225485861096,0.04835730052557451,0.37908393808563695,0.03403621280267946,9.450328027145304
1447,289.5930620413609,2.291666666666667,0.2,0.5,0.5,0.5385218747769229,0.04835735369984372,0.37908440088255285,0.03403637064068106,9.450328027145304
1448,289.7931954636424,2.291666666666667,0.2,0.5,0.5,0.5385212033420489,0.04835740533315548,0.3790848638909823,0.03403652743381389,9.450328027145304
1449,289.9933288859239,2.291666666666667,0.2,0.5,0.5,0.5385205343640946,0.04835745544064177,0.37908532702452324,0.03403668317074084,9.450328027145304
1450,290.1934623082055,2.291666666666667,0.2,0.5,0.5,0.538519867926334,0.04835750403670184,0.3790857901959907,0.03403683784097391,9.450328027145304
1451,290.393595730487,2.291666666666667,0.2,0.5,0.5,0.5385192041127076,0.04835755113500224,0.3790862533174165,0.03403699143487412,9.450328027145304
1452,290.5937291527685,2.291666666666667,0.2,0.5,0.5,0.5385185430078225,0.04835759674847674,0.37908671630004964,0.034037143943651586,9.450328027145304
1453,290.79386257505,2.291666666666667,0.2,0.5,0.5,0.5385178846969527,0.048357640889326425,0.3790871790543558,0.03403729535936551,9.450328027145304
1454,290.9939959973315,2.291666666666667,0.2,0.5,0.5,0.5385172292660388,0.04835768356901961,0.3790876414900178,0.03403744567492414,9.450328027145304
1455,291.1941294196131,2.291666666666667,0.2,0.5,0.5,0.5385165768016883,0.04835772479829188,0.37908810351593536,0.0340375948840848,9.450328027145304
1456,291.3942628418946,2.291666666666667,0.2,0.5,0.5,0.5385159273911752,0.04835776458714612,0.3790885650402252,0.03403774298145389,9.450328027145304
1457,291.5943962641761,2.291666666666667,0.2,0.5,0.5,0.5385152811224401,0.04835780294485245,0.379089025970221,0.03403788996248689,9.450328027145304
1458,291.7945296864576,2.291666666666667,0.2,0.5,0.5,0.5385146380840905,0.04835783987994827,0.37908948621247324,0.03403803582348832,9.450328027145304
1459,291.99466310873913,2.291666666666667,0.2,0.5,0.5,0.5385139983654007,0.04835787540023824,0.37908994567274956,0.034038180561611814,9.450328027145304
1460,292.19479653102064,2.291666666666667,0.2,0.5,0.5,0.5385133620563116,0.04835790951279429,0.3790904042560344,0.03403832417486003,9.450328027145304
1461,292.3949299533022,2.291666666666667,0.2,0.5,0.5,0.5385127292474305,0.048357942223955626,0.3790908618665294,0.03403846666208474,9.450328027145304
1462,292.5950633755837,2.291666666666667,0.2,0.5,0.5,0.538512100030032,0.048357973539328705,0.3790913184076528,0.034038608022986756,9.450328027145304
1463,292.79519679786523,2.291666666666667,0.2,0.5,0.5,0.538511474496057,0.04835800346378727,0.37909177378204006,0.03403874825811598,9.450328027145304
1464,292.99533022014674,2.291666666666667,0.2,0.5,0.5,0.538510852738113,0.04835803200147232,0.3790922278915435,0.03403888736887137,9.450328027145304
1465,293.19546364242825,2.291666666666667,0.2,0.5,0.5,0.5385102348494747,0.04835805915579211,0.3790926806372325,0.03403902535750097,9.450328027145304
1466,293.3955970647098,2.291666666666667,0.2,0.5,0.5,0.538509620924083,0.04835808492942219,0.3790931319193932,0.03403916222710187,9.450328027145304
1467,293.59573048699133,2.291666666666667,0.2,0.5,0.5,0.5385090110565458,0.04835810932430536,0.3790935816375288,0.03403929798162027,9.450328027145304
1468,293.79586390927284,2.291666666666667,0.2,0.5,0.5,0.5385084053421376,0.048358132341651684,0.37909402969035955,0.0340394326258514,9.450328027145304
1469,293.99599733155435,2.291666666666667,0.2,0.5,0.5,0.538507803869572,0.048358153984137814,0.37909447598254853,0.03403956616374195,9.450328027145304
1470,294.19613075383586,2.291666666666667,0.2,0.5,0.5,0.5385072064282855,0.048358174344978286,0.3790949206971002,0.03403969852963619,9.450328027145304
1471,294.3962641761174,2.291666666666667,0.2,0.5,0.5,0.5385066127996114,0.0483581935193236,0.37909536402439764,0.034039829656667506,9.450328027145304
1472,294.59639759839894,2.291666666666667,0.2,0.5,0.5,0.5385060228475749,0.04835821157663185,0.3790958060777088,0.034039959498084645,9.450328027145304
1473,294.79653102068045,2.291666666666667,0.2,0.5,0.5,0.5385054364076077,0.04835822859453196,0.37909624699674765,0.03404008800111281,9.450328027145304
1474,294.99666444296196,2.291666666666667,0.2,0.5,0.5,0.5385048532865488,0.04835824465882366,0.379096686947674,0.034040215106953625,9.450328027145304
1475,295.19679786524347,2.291666666666667,0.2,0.5,0.5,0.5385042732626439,0.04835825986347751,0.37909712612309354,0.034040340750785186,9.450328027145304
1476,295.396931287525,2.291666666666667,0.2,0.5,0.5,0.5385036964432091,0.04835827420376993,0.37909756440891434,0.034040464944106855,9.450328027145304
1477,295.59706470980655,2.291666666666667,0.2,0.5,0.5,0.5385031233459772,0.048358287551977984,0.3790980013085774,0.03404058779346769,9.450328027145304
1478,295.79719813208806,2.291666666666667,0.2,0.5,0.5,0.5385025541302406,0.04835829988710342,0.3790984366592037,0.03404070932345246,9.450328027145304
1479,295.99733155436957,2.291666666666667,0.2,0.5,0.5,0.5385019889816707,0.04835831117989399,0.379098870273157,0.03404082956527853,9.450328027145304
1480,296.1974649766511,2.291666666666667,0.2,0.5,0.5,0.5385014281173894,0.04835832139132792,0.37909930193331914,0.03404094855796368,9.450328027145304
1481,296.3975983989326,2.291666666666667,0.2,0.5,0.5,0.53850087178597,0.048358330472613856,0.37909973139309033,0.03404106634832607,9.450328027145304
1482,296.59773182121415,2.291666666666667,0.2,0.5,0.5,0.5385003201660217,0.048358338395272885,0.3791001584709761,0.034041182967729545,9.450328027145304
1483,296.79786524349566,2.291666666666667,0.2,0.5,0.5,0.5384997730057118,0.048358345258065046,0.3791005833867991,0.03404129834942425,9.450328027145304
1484,296.9979986657772,2.291666666666667,0.2,0.5,0.5,0.5384992302980036,0.04835835108669764,0.37910100613191733,0.03404141248338167,9.450328027145304
1485,297.1981320880587,2.291666666666667,0.2,0.5,0.5,0.5384986920707282,0.048358355896094836,0.37910142666501995,0.03404152536815723,9.450328027145304
1486,297.3982655103402,2.291666666666667,0.2,0.5,0.5,0.5384981583418439,0.04835835970366894,0.3791018449538564,0.03404163700063098,9.450328027145304
1487,297.59839893262176,2.291666666666667,0.2,0.5,0.5,0.5384976291194358,0.04835836252932045,0.37910226097523647,0.034041747376007604,9.450328027145304
1488,297.7985323549033,2.291666666666667,0.2,0.5,0.5,0.5384971044034225,0.04835836439494032,0.3791026747134556,0.0340418564881818,9.450328027145304
1489,297.9986657771848,2.291666666666667,0.2,0.5,0.5,0.5384965842189988,0.04835836531465937,0.37910308612944427,0.034041964336897816,9.450328027145304
1490,298.1987991994663,2.291666666666667,0.2,0.5,0.5,0.5384960685771288,0.04835836530636696,0.37910349519721276,0.03404207091929169,9.450328027145304
1491,298.3989326217478,2.291666666666667,0.2,0.5,0.5,0.5384955574722728,0.048358364392374016,0.3791039019059489,0.03404217622940451,9.450328027145304
1492,298.5990660440293,2.291666666666667,0.2,0.5,0.5,0.5384950508922186,0.048358362596546384,0.3791043062509481,0.03404228026028719,9.450328027145304
1493,298.7991994663109,2.291666666666667,0.2,0.5,0.5,0.5384945488180816,0.048358359944304846,0.37910470823361336,0.03404238300400049,9.450328027145304
1494,298.9993328885924,2.291666666666667,0.2,0.5,0.5,0.5384940512243046,0.04835835646262511,0.37910510786145546,0.03404248445161503,9.450328027145304
1495,299.1994663108739,2.291666666666667,0.2,0.5,0.5,0.5384935580498862,0.04835835220162641,0.37910550517800984,0.03404258457047779,9.450328027145304
1496,299.3995997331554,2.291666666666667,0.2,0.5,0.5,0.5384930696307001,0.04835834704820256,0.37910589984651316,0.034042683474584334,9.450328027145304
1497,299.5997331554369,2.291666666666667,0.2,0.5,0.5,0.5384925858137023,0.04835834108970224,0.3791062919985485,0.03404278109804708,9.450328027145304
1498,299.7998665777185,2.291666666666667,0.2,0.5,0.5,0.538492106642215,0.04835833432993168,0.37910668157686533,0.034042877450988156,9.450328027145304
1499,300.0,2.291666666666667,0.2,0.5,0.5,0.5384916321595602,0.048358326772697136,0.3791070685242131,0.034042972543529684,9.450328027145304
