,time,sigma,beta,omega,alpha,S,I,C,D
0,0.0,0.95,45.5,0.8383838383838385,0.7474747474747475,0.9998,0.0002,0.5,0.5
1,0.5016722408026756,0.95,45.5,0.8383838383838385,0.7474747474747475,0.00880414261692651,0.9911958573830733,0.4720153022533709,0.5279846977466284
2,1.0033444816053512,0.95,45.5,0.8383838383838385,0.7474747474747475,0.005117853969216219,0.9948821460307837,0.4898873145004994,0.5101126854995007
3,1.5050167224080266,0.95,45.5,0.8383838383838385,0.7474747474747475,0.005210277585037283,0.9947897224149623,0.5078087024995898,0.49219129750041024
4,2.0066889632107023,0.95,45.5,0.8383838383838385,0.7474747474747475,0.005304214982196369,0.9946957850178033,0.5256971863465174,0.4743028136534824
5,2.508361204013378,0.95,45.5,0.8383838383838385,0.7474747474747475,0.005399439078159124,0.9946005609218406,0.5435070113228058,0.45649298867719407
6,3.0100334448160533,0.95,45.5,0.8383838383838385,0.7474747474747475,0.005495712656118618,0.9945042873438811,0.5611932981857284,0.43880670181427145
7,3.511705685618729,0.95,45.5,0.8383838383838385,0.7474747474747475,0.00559278759293426,0.9944072124070655,0.5787125424270488,0.4212874575729508
8,4.013377926421405,0.95,45.5,0.8383838383838385,0.7474747474747475,0.005690409963436296,0.9943095900365634,0.5960229582595602,0.40397704174043936
9,4.51505016722408,0.95,45.5,0.8383838383838385,0.7474747474747475,0.005788318480671346,0.9942116815193284,0.6130849728667,0.3869150271332995
10,5.016722408026756,0.95,45.5,0.8383838383838385,0.7474747474747475,0.005886254219849118,0.9941137457801507,0.6298614693700532,0.3701385306299465
11,5.518394648829432,0.95,45.5,0.8383838383838385,0.7474747474747475,0.00598395262746273,0.9940160473725371,0.6463180495595975,0.3536819504404021
12,6.020066889632107,0.95,45.5,0.8383838383838385,0.7474747474747475,0.006081158339114016,0.9939188416608858,0.6624233032176182,0.3375766967823812
13,6.521739130434782,0.95,45.5,0.8383838383838385,0.7474747474747475,0.006177619085721043,0.9938223809142788,0.6781489758777381,0.3218510241222613
14,7.023411371237458,0.95,45.5,0.8383838383838385,0.7474747474747475,0.006273092369032202,0.9937269076309676,0.6934700887563181,0.30652991124368123
15,7.525083612040134,0.95,45.5,0.8383838383838385,0.7474747474747475,0.006367347288626384,0.9936326527113735,0.7083649946094763,0.291635005390523
16,8.02675585284281,0.95,45.5,0.8383838383838385,0.7474747474747475,0.006460165371081514,0.9935398346289183,0.7228153850377143,0.2771846149622852
17,8.528428093645484,0.95,45.5,0.8383838383838385,0.7474747474747475,0.00655134293971625,0.9934486570602835,0.7368062686084601,0.2631937313915394
18,9.03010033444816,0.95,45.5,0.8383838383838385,0.7474747474747475,0.0066406937848755765,0.9933593062151242,0.7503258834628501,0.24967411653714952
19,9.531772575250836,0.95,45.5,0.8383838383838385,0.7474747474747475,0.0067280490822138215,0.9932719509177859,0.763365588392993,0.23663441160700704
20,10.033444816053512,0.95,45.5,0.8383838383838385,0.7474747474747475,0.006813258138376923,0.9931867418616228,0.7759197077692328,0.22408029223076734
21,10.535117056856187,0.95,45.5,0.8383838383838385,0.7474747474747475,0.006896188433608697,0.993103811566391,0.7879853492968343,0.2120146507031659
22,11.036789297658864,0.95,45.5,0.8383838383838385,0.7474747474747475,0.006976727629427451,0.9930232723705723,0.7995622254170732,0.2004377745829271
23,11.538461538461538,0.95,45.5,0.8383838383838385,0.7474747474747475,0.007054781796501003,0.9929452182034988,0.8106524480113211,0.18934755198867953
24,12.040133779264213,0.95,45.5,0.8383838383838385,0.7474747474747475,0.007130275678829651,0.9928697243211702,0.8212603125888572,0.17873968741114368
25,12.54180602006689,0.95,45.5,0.8383838383838385,0.7474747474747475,0.0072031519860725635,0.9927968480139272,0.8313920545628958,0.16860794543710497
26,13.043478260869565,0.95,45.5,0.8383838383838385,0.7474747474747475,0.007273370531901436,0.9927266294680982,0.8410556272161563,0.1589443727838441
27,13.545150501672241,0.95,45.5,0.8383838383838385,0.7474747474747475,0.007340907335352642,0.992659092664647,0.8502605067869667,0.14973949321303334
28,14.046822742474916,0.95,45.5,0.8383838383838385,0.7474747474747475,0.0074057536319547985,0.9925942463680449,0.859017481305126,0.140982518694874
29,14.548494983277592,0.95,45.5,0.8383838383838385,0.7474747474747475,0.00746791464933913,0.9925320853506606,0.867338435950251,0.13266156404974935
30,15.050167224080267,0.95,45.5,0.8383838383838385,0.7474747474747475,0.007527408394797453,0.9924725916052022,0.8752361564930993,0.12476384350690099
31,15.551839464882944,0.95,45.5,0.8383838383838385,0.7474747474747475,0.007584264330924887,0.9924157356690748,0.8827241509494549,0.11727584905054533
32,16.05351170568562,0.95,45.5,0.8383838383838385,0.7474747474747475,0.007638522157903282,0.9923614778420965,0.8898164861839433,0.11018351381605679
33,16.555183946488295,0.95,45.5,0.8383838383838385,0.7474747474747475,0.007690230525256338,0.9923097694747435,0.8965276383047106,0.10347236169528927
34,17.05685618729097,0.95,45.5,0.8383838383838385,0.7474747474747475,0.007739445853353247,0.9922605541466466,0.902872352017115,0.09712764798288483
35,17.558528428093645,0.95,45.5,0.8383838383838385,0.7474747474747475,0.007786231257335433,0.9922137687426644,0.908865515707114,0.09113448429288576
36,18.06020066889632,0.95,45.5,0.8383838383838385,0.7474747474747475,0.007830655174707185,0.9921693448252927,0.9145220485458488,0.08547795145415099
37,18.561872909698998,0.95,45.5,0.8383838383838385,0.7474747474747475,0.007872790597152972,0.9921272094028468,0.9198568058487756,0.08014319415122428
38,19.06354515050167,0.95,45.5,0.8383838383838385,0.7474747474747475,0.00791271397662802,0.9920872860233718,0.9248844945754802,0.07511550542451984
39,19.565217391304348,0.95,45.5,0.8383838383838385,0.7474747474747475,0.007950504352499038,0.9920494956475008,0.9296196012108361,0.07038039878916402
40,20.066889632107024,0.95,45.5,0.8383838383838385,0.7474747474747475,0.007986242562453961,0.9920137574375459,0.9340763296564104,0.06592367034358997
41,20.568561872909697,0.95,45.5,0.8383838383838385,0.7474747474747475,0.00802001050792614,0.9919799894920738,0.9382685489361252,0.06173145106387554
42,21.070234113712374,0.95,45.5,0.8383838383838385,0.7474747474747475,0.008051890517647821,0.991948109482352,0.9422097525832719,0.057790247416729036
43,21.57190635451505,0.95,45.5,0.8383838383838385,0.7474747474747475,0.008081964758863464,0.9919180352411365,0.9459130244568337,0.05408697554316728
44,22.073578595317727,0.95,45.5,0.8383838383838385,0.7474747474747475,0.00811031475988298,0.991889685240117,0.9493910129160383,0.0506089870839627
45,22.5752508361204,0.95,45.5,0.8383838383838385,0.7474747474747475,0.008137020981404237,0.9918629790185958,0.9526559116587806,0.04734408834122051
46,23.076923076923077,0.95,45.5,0.8383838383838385,0.7474747474747475,0.008162162444976171,0.9918378375550239,0.9557194467737663,0.04428055322623495
47,23.578595317725753,0.95,45.5,0.8383838383838385,0.7474747474747475,0.008185816414820272,0.9918141835851798,0.9585928674302548,0.04140713256974634
48,24.080267558528426,0.95,45.5,0.8383838383838385,0.7474747474747475,0.008208058166141024,0.9917919418338591,0.9612869440814511,0.038713055918550184
49,24.581939799331103,0.95,45.5,0.8383838383838385,0.7474747474747475,0.008228960794633882,0.9917710392053662,0.963811969169233,0.03618803083076832
50,25.08361204013378,0.95,45.5,0.8383838383838385,0.7474747474747475,0.008248595025940367,0.9917514049740598,0.9661777592217684,0.033822240778232746
51,25.585284280936456,0.95,45.5,0.8383838383838385,0.7474747474747475,0.008267029095185296,0.9917329709048148,0.9683936643165352,0.03160633568346572
52,26.08695652173913,0.95,45.5,0.8383838383838385,0.7474747474747475,0.008284328686318022,0.9917156713136821,0.9704685681015166,0.029531431898484093
53,26.588628762541806,0.95,45.5,0.8383838383838385,0.7474747474747475,0.008300556883224956,0.991699443116775,0.9724109099432134,0.027589090056787162
54,27.090301003344482,0.95,45.5,0.8383838383838385,0.7474747474747475,0.00831577408261597,0.991684225917384,0.9742286966289505,0.02577130337105081
55,27.59197324414716,0.95,45.5,0.8383838383838385,0.7474747474747475,0.008330038083937768,0.9916699619160623,0.9759294969784509,0.024070503021552385
56,28.093645484949832,0.95,45.5,0.8383838383838385,0.7474747474747475,0.008343404009103935,0.9916565959908962,0.977520484663751,0.022479515336254106
57,28.59531772575251,0.95,45.5,0.8383838383838385,0.7474747474747475,0.008355924263740568,0.9916440757362596,0.9790084386409774,0.02099156135902866
58,29.096989966555185,0.95,45.5,0.8383838383838385,0.7474747474747475,0.008367648844597361,0.9916323511554027,0.9803997592096962,0.01960024079031018
59,29.598662207357858,0.95,45.5,0.8383838383838385,0.7474747474747475,0.008378625394520821,0.9916213746054793,0.981700484721828,0.01829951527817862
60,30.100334448160535,0.95,45.5,0.8383838383838385,0.7474747474747475,0.00838889902314435,0.9916111009768558,0.9829163042507673,0.017083695749239635
61,30.60200668896321,0.95,45.5,0.8383838383838385,0.7474747474747475,0.00839851227700605,0.991601487722994,0.9840525778606221,0.015947422139385433
62,31.103678929765888,0.95,45.5,0.8383838383838385,0.7474747474747475,0.008407505233236351,0.9915924947667636,0.9851143486209581,0.014885651379050244
63,31.60535117056856,0.95,45.5,0.8383838383838385,0.7474747474747475,0.008415916257500941,0.9915840837424991,0.9861063598966803,0.01389364010332873
64,32.10702341137124,0.95,45.5,0.8383838383838385,0.7474747474747475,0.008423781553024319,0.9915762184469757,0.98703307427611,0.012966925723898294
65,32.608695652173914,0.95,45.5,0.8383838383838385,0.7474747474747475,0.008431135437628736,0.9915688645623714,0.9878986882570665,0.012101311742939744
66,33.11036789297659,0.95,45.5,0.8383838383838385,0.7474747474747475,0.008438009670836326,0.9915619903291637,0.9887071387550662,0.011292861244937313
67,33.61204013377927,0.95,45.5,0.8383838383838385,0.7474747474747475,0.008444434262414752,0.9915555657375853,0.9894621236859542,0.010537876314046892
68,34.11371237458194,0.95,45.5,0.8383838383838385,0.7474747474747475,0.008450437605056855,0.9915495623949432,0.990167106653998,0.009832893346001702
69,34.61538461538461,0.95,45.5,0.8383838383838385,0.7474747474747475,0.008456047037257294,0.9915439529627428,0.9908253374181726,0.009174662581826858
70,35.11705685618729,0.95,45.5,0.8383838383838385,0.7474747474747475,0.008461287630207748,0.9915387123697924,0.9914398614832635,0.008560138516736903
71,35.618729096989966,0.95,45.5,0.8383838383838385,0.7474747474747475,0.008466182647373584,0.9915338173526266,0.9920135351297708,0.007986464870230676
72,36.12040133779264,0.95,45.5,0.8383838383838385,0.7474747474747475,0.008470754836353159,0.991529245163647,0.9925490317838851,0.0074509682161173416
73,36.62207357859532,0.95,45.5,0.8383838383838385,0.7474747474747475,0.008475025250910607,0.9915249747490896,0.9930488595181945,0.006951140481807496
74,37.123745819397996,0.95,45.5,0.8383838383838385,0.7474747474747475,0.008479012528186607,0.9915209874718136,0.9935153621212438,0.006484637878757332
75,37.625418060200666,0.95,45.5,0.8383838383838385,0.7474747474747475,0.008482734722770132,0.99151726527723,0.9939507370220195,0.0060492629779806024
76,38.12709030100334,0.95,45.5,0.8383838383838385,0.7474747474747475,0.008486210714461468,0.9915137892855388,0.9943570367809051,0.005642963219093539
77,38.62876254180602,0.95,45.5,0.8383838383838385,0.7474747474747475,0.00848945634496378,0.9915105436550363,0.9947361834618945,0.005263816538102906
78,39.130434782608695,0.95,45.5,0.8383838383838385,0.7474747474747475,0.008492484297573528,0.9915075157024266,0.9950899736820344,0.004910026317963095
79,39.63210702341137,0.95,45.5,0.8383838383838385,0.7474747474747475,0.008495310306010327,0.9915046896939897,0.9954200875030078,0.0045799124969906815
80,40.13377926421405,0.95,45.5,0.8383838383838385,0.7474747474747475,0.00849795026347422,0.9915020497365259,0.9957280964391706,0.004271903560828613
81,40.635451505016725,0.95,45.5,0.8383838383838385,0.7474747474747475,0.008500413911461335,0.9914995860885387,0.9960154680809141,0.003984531919085878
82,41.137123745819395,0.95,45.5,0.8383838383838385,0.7474747474747475,0.008502711943552291,0.9914972880564479,0.9962835762961048,0.0037164237038954584
83,41.63879598662207,0.95,45.5,0.8383838383838385,0.7474747474747475,0.008504856562023754,0.9914951434379764,0.9965337025974738,0.00346629740252682
84,42.14046822742475,0.95,45.5,0.8383838383838385,0.7474747474747475,0.00850685771961642,0.9914931422803838,0.9967670463457996,0.0032329536542019645
85,42.642140468227424,0.95,45.5,0.8383838383838385,0.7474747474747475,0.008508725115246536,0.9914912748847536,0.9969847262717133,0.003015273728289142
86,43.1438127090301,0.95,45.5,0.8383838383838385,0.7474747474747475,0.008510467655253129,0.991489532344747,0.9971877880729813,0.002812211927022381
87,43.64548494983278,0.95,45.5,0.8383838383838385,0.7474747474747475,0.008512093002461148,0.991487906997539,0.9973772080928613,0.002622791907143451
88,44.147157190635454,0.95,45.5,0.8383838383838385,0.7474747474747475,0.008513609356252711,0.9914863906437474,0.9975538986607283,0.00244610133927759
89,44.64882943143812,0.95,45.5,0.8383838383838385,0.7474747474747475,0.008515025138809338,0.9914849748611908,0.9977187109960619,0.0022812890039449083
90,45.1505016722408,0.95,45.5,0.8383838383838385,0.7474747474747475,0.00851634656068965,0.9914836534393106,0.9978724410731218,0.0021275589268860305
91,45.65217391304348,0.95,45.5,0.8383838383838385,0.7474747474747475,0.00851757722946582,0.9914824227705343,0.9980158304937725,0.0019841695062360835
92,46.15384615384615,0.95,45.5,0.8383838383838385,0.7474747474747475,0.008518723224762988,0.9914812767752371,0.998149573309438,0.0018504266905712322
93,46.65551839464883,0.95,45.5,0.8383838383838385,0.7474747474747475,0.008519794424454151,0.991480205575546,0.9982743154928777,0.0017256845071313405
94,47.15719063545151,0.95,45.5,0.8383838383838385,0.7474747474747475,0.008520796506410319,0.9914792034935899,0.9983906617540483,0.0016093382459597056
95,47.65886287625418,0.95,45.5,0.8383838383838385,0.7474747474747475,0.008521730401687326,0.9914782695983129,0.9984991746396756,0.0015008253603310956
96,48.16053511705685,0.95,45.5,0.8383838383838385,0.7474747474747475,0.00852260052871753,0.9914773994712828,0.9986003808228305,0.0013996191771750157
97,48.66220735785953,0.95,45.5,0.8383838383838385,0.7474747474747475,0.008523412774847314,0.991476587225153,0.9986947702204285,0.001305229779576129
98,49.163879598662206,0.95,45.5,0.8383838383838385,0.7474747474747475,0.008524170114847107,0.9914758298851531,0.9987828015863796,0.001217198413625038
99,49.66555183946488,0.95,45.5,0.8383838383838385,0.7474747474747475,0.008524874736888444,0.9914751252631118,0.9988649015210389,0.0011350984789660129
100,50.16722408026756,0.95,45.5,0.8383838383838385,0.7474747474747475,0.008525530038948539,0.9914744699610517,0.9989414696781748,0.0010585303218305705
101,50.668896321070235,0.95,45.5,0.8383838383838385,0.7474747474747475,0.008526143500800065,0.9914738564992002,0.999012877275761,0.0009871227242449696
102,51.17056856187291,0.95,45.5,0.8383838383838385,0.7474747474747475,0.008526720281713826,0.9914732797182864,0.9990794723124646,0.0009205276875418485
103,51.67224080267559,0.95,45.5,0.8383838383838385,0.7474747474747475,0.008527256181381159,0.991472743818619,0.9991415779177738,0.0008584220822326787
104,52.17391304347826,0.95,45.5,0.8383838383838385,0.7474747474747475,0.008527751328422508,0.9914722486715778,0.9991994969616824,0.0008005030383232939
105,52.675585284280935,0.95,45.5,0.8383838383838385,0.7474747474747475,0.008528213805383865,0.9914717861946164,0.9992535106100812,0.0007464893899235009
106,53.17725752508361,0.95,45.5,0.8383838383838385,0.7474747474747475,0.008528646107776016,0.9914713538922242,0.9993038823906549,0.0006961176093488659
107,53.67892976588629,0.95,45.5,0.8383838383838385,0.7474747474747475,0.008529048653413225,0.991470951346587,0.9993508569839848,0.00064914301601812
108,54.180602006688964,0.95,45.5,0.8383838383838385,0.7474747474747475,0.008529424965559928,0.9914705750344402,0.999394663710162,0.00060533628984095
109,54.68227424749164,0.95,45.5,0.8383838383838385,0.7474747474747475,0.008529777092003817,0.9914702229079964,0.9994355154712722,0.0005644845287307756
110,55.18394648829432,0.95,45.5,0.8383838383838385,0.7474747474747475,0.00853010696664567,0.9914698930333545,0.9994736118384245,0.0005263881615786765
111,55.68561872909699,0.95,45.5,0.8383838383838385,0.7474747474747475,0.008530414633187707,0.9914695853668125,0.999509137494253,0.0004908625057508824
112,56.187290969899664,0.95,45.5,0.8383838383838385,0.7474747474747475,0.0085307001089617,0.9914692998910385,0.9995422664748324,0.0004577335251718797
113,56.68896321070234,0.95,45.5,0.8383838383838385,0.7474747474747475,0.008530964102553242,0.9914690358974471,0.9995731605531317,0.0004268394468724077
114,57.19063545150502,0.95,45.5,0.8383838383838385,0.7474747474747475,0.008531211150846619,0.9914687888491537,0.9996019693755238,0.00039803062448019966
115,57.69230769230769,0.95,45.5,0.8383838383838385,0.7474747474747475,0.008531442325281753,0.9914685576747185,0.9996288349027166,0.0003711650972870366
116,58.19397993311037,0.95,45.5,0.8383838383838385,0.7474747474747475,0.008531657994906643,0.9914683420050937,0.9996538874671287,0.00034611253287758134
117,58.69565217391305,0.95,45.5,0.8383838383838385,0.7474747474747475,0.008531858994908575,0.9914681410050917,0.9996772493075798,0.0003227506924361197
118,59.197324414715716,0.95,45.5,0.8383838383838385,0.7474747474747475,0.008532046831262723,0.9914679531687377,0.9996990353977223,0.00030096460231422847
119,59.69899665551839,0.95,45.5,0.8383838383838385,0.7474747474747475,0.00853222199945129,0.9914677780005491,0.9997193507633133,0.00028064923674411715
120,60.20066889632107,0.95,45.5,0.8383838383838385,0.7474747474747475,0.008532385070740344,0.99146761492926,0.9997382953910272,0.0002617046090504528
121,60.702341137123746,0.95,45.5,0.8383838383838385,0.7474747474747475,0.008532536744585328,0.991467463255415,0.999755961767512,0.0002440382325821827
122,61.20401337792642,0.95,45.5,0.8383838383838385,0.7474747474747475,0.008532678384467897,0.9914673216155325,0.9997724355203133,0.00022756447979540857
123,61.7056856187291,0.95,45.5,0.8383838383838385,0.7474747474747475,0.008532810565468767,0.9914671894345316,0.9997877977170297,0.0002122022830858204
124,62.207357859531776,0.95,45.5,0.8383838383838385,0.7474747474747475,0.008532933800125105,0.9914670661998753,0.999802122864156,0.00019787713596083854
125,62.709030100334445,0.95,45.5,0.8383838383838385,0.7474747474747475,0.00853304873145159,0.9914669512685488,0.9998154810140006,0.0001845189861135109
126,63.21070234113712,0.95,45.5,0.8383838383838385,0.7474747474747475,0.008533156012408975,0.9914668439875914,0.9998279377546324,0.00017206224547729247
127,63.7123745819398,0.95,45.5,0.8383838383838385,0.7474747474747475,0.008533255952069151,0.9914667440479312,0.999839552854655,0.00016044714544575543
128,64.21404682274247,0.95,45.5,0.8383838383838385,0.7474747474747475,0.008533349063233728,0.9914666509367667,0.9998503838342516,0.00014961616584150978
129,64.71571906354515,0.95,45.5,0.8383838383838385,0.7474747474747475,0.008533435722642466,0.9914665642773579,0.9998604842027319,0.00013951579736004737
130,65.21739130434783,0.95,45.5,0.8383838383838385,0.7474747474747475,0.008533516758890258,0.9914664832411101,0.9998699018051155,0.00013009819497489963
131,65.7190635451505,0.95,45.5,0.8383838383838385,0.7474747474747475,0.008533592573549718,0.9914664074264506,0.9998786836697355,0.0001213163303573742
132,66.22073578595318,0.95,45.5,0.8383838383838385,0.7474747474747475,0.00853366374154356,0.9914663362584568,0.9998868733609884,0.00011312663911138105
133,66.72240802675586,0.95,45.5,0.8383838383838385,0.7474747474747475,0.00853372976089741,0.991466270239103,0.9998945096817956,0.00010549031831414638
134,67.22408026755853,0.95,45.5,0.8383838383838385,0.7474747474747475,0.008533790743719606,0.9914662092562808,0.9999016304842324,9.836951588877665e-05
135,67.72575250836121,0.95,45.5,0.8383838383838385,0.7474747474747475,0.00853384650631013,0.9914661534936903,0.9999082710942512,9.172890587966548e-05
136,68.22742474916387,0.95,45.5,0.8383838383838385,0.7474747474747475,0.008533898877684147,0.9914661011223164,0.99991446336157,8.553663857009103e-05
137,68.72909698996655,0.95,45.5,0.8383838383838385,0.7474747474747475,0.008533949134592957,0.9914660508654075,0.9999202375198262,7.976248032147838e-05
138,69.23076923076923,0.95,45.5,0.8383838383838385,0.7474747474747475,0.008533998430771335,0.9914660015692291,0.9999256221854506,7.437781470020316e-05
139,69.7324414715719,0.95,45.5,0.8383838383838385,0.7474747474747475,0.008534044435432141,0.9914659555645683,0.9999306434143225,6.935658582689743e-05
140,70.23411371237458,0.95,45.5,0.8383838383838385,0.7474747474747475,0.00853408379306972,0.9914659162069308,0.9999353255185472,6.467448159735371e-05
141,70.73578595317726,0.95,45.5,0.8383838383838385,0.7474747474747475,0.008534115044698021,0.9914658849553024,0.9999396917046324,6.0308295504147965e-05
142,71.23745819397993,0.95,45.5,0.8383838383838385,0.7474747474747475,0.008534148285492751,0.9914658517145077,0.999943763527995,5.623647212920766e-05
143,71.73913043478261,0.95,45.5,0.8383838383838385,0.7474747474747475,0.008534186620851768,0.9914658133791489,0.999947560613867,5.243938623903233e-05
144,72.24080267558529,0.95,45.5,0.8383838383838385,0.7474747474747475,0.008534215461665355,0.9914657845383352,0.9999511013065828,4.889869350802821e-05
145,72.74247491638796,0.95,45.5,0.8383838383838385,0.7474747474747475,0.008534244446128473,0.9914657555538721,0.9999544028730225,4.559712705597249e-05
146,73.24414715719064,0.95,45.5,0.8383838383838385,0.7474747474747475,0.008534271053073462,0.9914657289469272,0.9999574814194746,4.251858059059299e-05
147,73.74581939799332,0.95,45.5,0.8383838383838385,0.7474747474747475,0.008534295610551634,0.9914657043894489,0.9999603520554006,3.964794464911509e-05
148,74.24749163879599,0.95,45.5,0.8383838383838385,0.7474747474747475,0.008534318607754814,0.9914656813922458,0.999963028865853,3.697113418082095e-05
149,74.74916387959867,0.95,45.5,0.8383838383838385,0.7474747474747475,0.008534339985525042,0.9914656600144757,0.9999655236613347,3.447633868604845e-05
150,75.25083612040133,0.95,45.5,0.8383838383838385,0.7474747474747475,0.008534360028456268,0.9914656399715444,0.9999678500581185,3.214994189425559e-05
151,75.75250836120401,0.95,45.5,0.8383838383838385,0.7474747474747475,0.008534378763429487,0.9914656212365712,0.9999700189452092,2.9981054819048538e-05
152,76.25418060200668,0.95,45.5,0.8383838383838385,0.7474747474747475,0.0085343961770616,0.9914656038229391,0.9999720408309625,2.795916912549428e-05
153,76.75585284280936,0.95,45.5,0.8383838383838385,0.7474747474747475,0.008534412421301768,0.9914655875786988,0.9999739270057804,2.6072994405133924e-05
154,77.25752508361204,0.95,45.5,0.8383838383838385,0.7474747474747475,0.008534427554517283,0.9914655724454834,0.9999756847187872,2.4315281494561727e-05
155,77.75919732441471,0.95,45.5,0.8383838383838385,0.7474747474747475,0.008534441664363223,0.9914655583356374,0.9999773244069269,2.2675593455815586e-05
156,78.26086956521739,0.95,45.5,0.8383838383838385,0.7474747474747475,0.008534454820996185,0.9914655451790044,0.9999788535428081,2.114645766883854e-05
157,78.76254180602007,0.95,45.5,0.8383838383838385,0.7474747474747475,0.008534467095352482,0.9914655329046481,0.9999802797802982,1.9720220255530378e-05
158,79.26421404682274,0.95,45.5,0.8383838383838385,0.7474747474747475,0.008534478539373423,0.9914655214606272,0.9999816096569807,1.8390343625820986e-05
159,79.76588628762542,0.95,45.5,0.8383838383838385,0.7474747474747475,0.008534489210880422,0.9914655107891202,0.999982849910827,1.71500897996182e-05
160,80.2675585284281,0.95,45.5,0.8383838383838385,0.7474747474747475,0.008534499171745664,0.9914655008282549,0.9999840072979476,1.599270265642414e-05
161,80.76923076923077,0.95,45.5,0.8383838383838385,0.7474747474747475,0.008534508471693035,0.9914654915283077,0.9999850874282009,1.4912572373725228e-05
162,81.27090301003345,0.95,45.5,0.8383838383838385,0.7474747474747475,0.00853451715097743,0.9914654828490232,0.9999860962953133,1.3903705438426025e-05
163,81.77257525083613,0.95,45.5,0.8383838383838385,0.7474747474747475,0.008534525249653924,0.9914654747503467,0.9999870374602192,1.2962540917419257e-05
164,82.27424749163879,0.95,45.5,0.8383838383838385,0.7474747474747475,0.008534532800315284,0.9914654671996854,0.99998791425794,1.2085743883895461e-05
165,82.77591973244147,0.95,45.5,0.8383838383838385,0.7474747474747475,0.008534539848242938,0.9914654601517577,0.9999887329130883,1.1267089316280762e-05
166,83.27759197324414,0.95,45.5,0.8383838383838385,0.7474747474747475,0.00853454642306736,0.9914654535769333,0.9999894968308041,1.0503171965232065e-05
167,83.77926421404682,0.95,45.5,0.8383838383838385,0.7474747474747475,0.008534552547445298,0.9914654474525554,0.9999902083447969,9.791658065378097e-06
168,84.2809364548495,0.95,45.5,0.8383838383838385,0.7474747474747475,0.008534558250049075,0.9914654417499515,0.9999908707922496,9.12921051622766e-06
169,84.78260869565217,0.95,45.5,0.8383838383838385,0.7474747474747475,0.008534563573022607,0.9914654364269779,0.9999914892183678,8.510784787992199e-06
170,85.28428093645485,0.95,45.5,0.8383838383838385,0.7474747474747475,0.00853456853199482,0.9914654314680058,0.9999920653726868,7.934631197905237e-06
171,85.78595317725753,0.95,45.5,0.8383838383838385,0.7474747474747475,0.008534573148961576,0.991465426851039,0.9999926018237274,7.39818141932397e-06
172,86.2876254180602,0.95,45.5,0.8383838383838385,0.7474747474747475,0.008534577453728783,0.9914654225462717,0.9999931019942512,6.898011913959792e-06
173,86.78929765886288,0.95,45.5,0.8383838383838385,0.7474747474747475,0.008534581466603389,0.9914654185333971,0.9999935682447421,6.431762177446674e-06
174,87.29096989966555,0.95,45.5,0.8383838383838385,0.7474747474747475,0.008534585206611297,0.9914654147933892,0.9999940027833247,5.997224000906695e-06
175,87.79264214046823,0.95,45.5,0.8383838383838385,0.7474747474747475,0.008534588693013366,0.9914654113069871,0.9999944078535574,5.592153899431501e-06
176,88.29431438127091,0.95,45.5,0.8383838383838385,0.7474747474747475,0.00853459194442911,0.9914654080555714,0.9999947856421963,5.2143655238485965e-06
177,88.79598662207358,0.95,45.5,0.8383838383838385,0.7474747474747475,0.008534594976250929,0.9914654050237495,0.9999951379206806,4.8620870863907265e-06
178,89.29765886287625,0.95,45.5,0.8383838383838385,0.7474747474747475,0.008534597803147935,0.9914654021968525,0.9999954663922876,4.533615260460361e-06
179,89.79933110367892,0.95,45.5,0.8383838383838385,0.7474747474747475,0.008534600439101396,0.9914653995608991,0.9999957726770672,4.227330012060824e-06
180,90.3010033444816,0.95,45.5,0.8383838383838385,0.7474747474747475,0.008534602899727151,0.9914653971002734,0.9999960585721953,3.9414344540007224e-06
181,90.80267558528428,0.95,45.5,0.8383838383838385,0.7474747474747475,0.008534605194912464,0.991465394805088,0.9999963252265343,3.6747796254307426e-06
182,91.30434782608695,0.95,45.5,0.8383838383838385,0.7474747474747475,0.008534607334911862,0.9914653926650886,0.9999965738240008,3.426181670335576e-06
183,91.80602006688963,0.95,45.5,0.8383838383838385,0.7474747474747475,0.008534609329007571,0.9914653906709929,0.9999968054385943,3.1945666534568717e-06
184,92.3076923076923,0.95,45.5,0.8383838383838385,0.7474747474747475,0.008534611191944342,0.9914653888080561,0.9999970218675742,2.97813718878523e-06
185,92.80936454849498,0.95,45.5,0.8383838383838385,0.7474747474747475,0.008534612929088541,0.9914653870709119,0.9999972237098661,2.7762944812405067e-06
186,93.31103678929766,0.95,45.5,0.8383838383838385,0.7474747474747475,0.008534614547718394,0.9914653854522821,0.9999974118279158,2.588176131743445e-06
187,93.81270903010034,0.95,45.5,0.8383838383838385,0.7474747474747475,0.00853461605411092,0.9914653839458896,0.9999975869705099,2.413033404895456e-06
188,94.31438127090301,0.95,45.5,0.8383838383838385,0.7474747474747475,0.00853461746189516,0.9914653825381053,0.9999977505647625,2.2494390107908584e-06
189,94.81605351170569,0.95,45.5,0.8383838383838385,0.7474747474747475,0.008534618775509845,0.9914653812244907,0.9999979031476993,2.0968559786359455e-06
190,95.31772575250837,0.95,45.5,0.8383838383838385,0.7474747474747475,0.008534620000321392,0.9914653799996791,0.9999980453255692,1.9546780657010647e-06
191,95.81939799331104,0.95,45.5,0.8383838383838385,0.7474747474747475,0.008534621141698145,0.9914653788583024,0.9999981776860692,1.8223175574007035e-06
192,96.3210702341137,0.95,45.5,0.8383838383838385,0.7474747474747475,0.008534622205636479,0.9914653777943641,0.9999983011648658,1.6988387851556626e-06
193,96.82274247491638,0.95,45.5,0.8383838383838385,0.7474747474747475,0.008534623196733478,0.9914653768032671,0.9999984163634277,1.5836402594649463e-06
194,97.32441471571906,0.95,45.5,0.8383838383838385,0.7474747474747475,0.008534624118654972,0.9914653758813455,0.9999985237065143,1.476297190216344e-06
195,97.82608695652173,0.95,45.5,0.8383838383838385,0.7474747474747475,0.008534624974800436,0.9914653750252002,0.9999986236659042,1.3763377689055693e-06
196,98.32775919732441,0.95,45.5,0.8383838383838385,0.7474747474747475,0.008534625774180253,0.9914653742258203,0.9999987169411093,1.283062525174041e-06
197,98.82943143812709,0.95,45.5,0.8383838383838385,0.7474747474747475,0.008534626523347012,0.9914653734766535,0.9999988040893989,1.1959142034857874e-06
198,99.33110367892976,0.95,45.5,0.8383838383838385,0.7474747474747475,0.008534627222596045,0.9914653727774044,0.9999988853515842,1.1146519320171558e-06
199,99.83277591973244,0.95,45.5,0.8383838383838385,0.7474747474747475,0.008534627875261401,0.9914653721247392,0.9999989610782657,1.0389250893481134e-06
200,100.33444816053512,0.95,45.5,0.8383838383838385,0.7474747474747475,0.00853462848431946,0.991465371515681,0.9999990315741001,9.684289964930728e-07
201,100.8361204013378,0.95,45.5,0.8383838383838385,0.7474747474747475,0.00853462905241924,0.9914653709475814,0.9999990971128,9.028899419339104e-07
202,101.33779264214047,0.95,45.5,0.8383838383838385,0.7474747474747475,0.008534629583208726,0.9914653704167918,0.9999991585938924,8.414095471701144e-07
203,101.83946488294315,0.95,45.5,0.8383838383838385,0.7474747474747475,0.008534630078090313,0.9914653699219103,0.9999992159361198,7.840686174678614e-07
204,102.34113712374582,0.95,45.5,0.8383838383838385,0.7474747474747475,0.008534630538851498,0.991465369461149,0.9999992693800746,7.306267352580542e-07
205,102.8428093645485,0.95,45.5,0.8383838383838385,0.7474747474747475,0.008534630966946701,0.9914653690330538,0.9999993191325751,6.808772758386535e-07
206,103.34448160535118,0.95,45.5,0.8383838383838385,0.7474747474747475,0.008534631363497254,0.9914653686365033,0.9999993653666663,6.346474073746781e-07
207,103.84615384615384,0.95,45.5,0.8383838383838385,0.7474747474747475,0.008534631733135244,0.9914653682668653,0.9999994084876829,5.915308771767509e-07
208,104.34782608695652,0.95,45.5,0.8383838383838385,0.7474747474747475,0.008534632080448848,0.9914653679195516,0.9999994488872012,5.51135123155761e-07
209,104.84949832775919,0.95,45.5,0.8383838383838385,0.7474747474747475,0.008534632404159715,0.9914653675958408,0.9999994865400088,5.134860465672665e-07
210,105.35117056856187,0.95,45.5,0.8383838383838385,0.7474747474747475,0.008534632705681191,0.9914653672943193,0.9999995215964892,4.784330668127435e-07
211,105.85284280936455,0.95,45.5,0.8383838383838385,0.7474747474747475,0.008534632986251274,0.9914653670137492,0.9999995541841701,4.4584843087305375e-07
212,106.35451505016722,0.95,45.5,0.8383838383838385,0.7474747474747475,0.00853463324693261,0.9914653667530678,0.9999995844077233,4.1562721330844347e-07
213,106.8561872909699,0.95,45.5,0.8383838383838385,0.7474747474747475,0.008534633491128532,0.991465366508872,0.9999996127826593,3.87254825893694e-07
214,107.35785953177258,0.95,45.5,0.8383838383838385,0.7474747474747475,0.008534633718819325,0.9914653662811812,0.9999996392418204,3.6079776626856614e-07
215,107.85953177257525,0.95,45.5,0.8383838383838385,0.7474747474747475,0.008534633930899921,0.9914653660691005,0.9999996638830769,3.361579974359175e-07
216,108.36120401337793,0.95,45.5,0.8383838383838385,0.7474747474747475,0.008534634128229275,0.9914653658717713,0.9999996868054678,3.132363523131901e-07
217,108.8628762541806,0.95,45.5,0.8383838383838385,0.7474747474747475,0.00853463431153725,0.9914653656884632,0.9999997080931495,2.919485401161556e-07
218,109.36454849498328,0.95,45.5,0.8383838383838385,0.7474747474747475,0.008534634482242454,0.991465365517758,0.999999727914549,2.7212642933483515e-07
219,109.86622073578596,0.95,45.5,0.8383838383838385,0.7474747474747475,0.008534634642121817,0.9914653653578787,0.9999997464823045,2.535579311180052e-07
220,110.36789297658864,0.95,45.5,0.8383838383838385,0.7474747474747475,0.008534634791064123,0.9914653652089364,0.9999997637809072,2.362581599503737e-07
221,110.8695652173913,0.95,45.5,0.8383838383838385,0.7474747474747475,0.0085346349296996,0.9914653650703008,0.9999997798855074,2.201520289137896e-07
222,111.37123745819397,0.95,45.5,0.8383838383838385,0.7474747474747475,0.008534635058570147,0.9914653649414303,0.9999997948613163,2.0517440604958438e-07
223,111.87290969899665,0.95,45.5,0.8383838383838385,0.7474747474747475,0.008534635178129354,0.9914653648218711,0.9999998087636058,1.91270114358575e-07
224,112.37458193979933,0.95,45.5,0.8383838383838385,0.7474747474747475,0.008534635291190912,0.9914653647088096,0.9999998218944229,1.781366537702068e-07
225,112.876254180602,0.95,45.5,0.8383838383838385,0.7474747474747475,0.008534635397112583,0.9914653646028879,0.9999998341927858,1.6583534402231205e-07
226,113.37792642140468,0.95,45.5,0.8383838383838385,0.7474747474747475,0.0085346354960408,0.9914653645039597,0.9999998456797251,1.5434530596055754e-07
227,113.87959866220736,0.95,45.5,0.8383838383838385,0.7474747474747475,0.008534635588332172,0.9914653644116683,0.9999998563976287,1.436242502670118e-07
228,114.38127090301003,0.95,45.5,0.8383838383838385,0.7474747474747475,0.008534635674272732,0.9914653643257277,0.9999998663808057,1.3363797775816518e-07
229,114.88294314381271,0.95,45.5,0.8383838383838385,0.7474747474747475,0.008534635754077943,0.9914653642459226,0.999999875655487,1.2436037938492984e-07
230,115.38461538461539,0.95,45.5,0.8383838383838385,0.7474747474747475,0.00853463582789269,0.9914653641721078,0.9999998842398246,1.157734362326398e-07
231,115.88628762541806,0.95,45.5,0.8383838383838385,0.7474747474747475,0.00853463589579129,0.9914653641042092,0.9999998921438922,1.0786721952105082e-07
232,116.38795986622074,0.95,45.5,0.8383838383838385,0.7474747474747475,0.008534635960996616,0.991465364039004,0.9999998997247653,1.0028760781038576e-07
233,116.88963210702342,0.95,45.5,0.8383838383838385,0.7474747474747475,0.008534636022483034,0.9914653639775175,0.9999999068706017,9.314577813608508e-08
234,117.3913043478261,0.95,45.5,0.8383838383838385,0.7474747474747475,0.008534636079917694,0.9914653639200829,0.9999999135456813,8.647746019191496e-08
235,117.89297658862876,0.95,45.5,0.8383838383838385,0.7474747474747475,0.008534636133450072,0.9914653638665505,0.9999999197671919,8.02659679773518e-08
236,118.39464882943143,0.95,45.5,0.8383838383838385,0.7474747474747475,0.008534636183183902,0.9914653638168167,0.9999999255469812,7.449998861551764e-08
237,118.89632107023411,0.95,45.5,0.8383838383838385,0.7474747474747475,0.008534636229177165,0.9914653637708234,0.9999999308915574,6.917358235318112e-08
238,119.39799331103679,0.95,45.5,0.8383838383838385,0.7474747474747475,0.008534636271442101,0.9914653637285584,0.9999999358020879,6.42861825607568e-08
239,119.89966555183946,0.95,45.5,0.8383838383838385,0.7474747474747475,0.008534636309945207,0.9914653636900553,0.9999999402744009,5.984259573230535e-08
240,120.40133779264214,0.95,45.5,0.8383838383838385,0.7474747474747475,0.008534636347107575,0.991465363652893,0.9999999445923001,5.554808060703852e-08
241,120.90301003344482,0.95,45.5,0.8383838383838385,0.7474747474747475,0.008534636382275395,0.9914653636177252,0.9999999486788984,5.148267944505288e-08
242,121.40468227424749,0.95,45.5,0.8383838383838385,0.7474747474747475,0.00853463641500521,0.9914653635849954,0.9999999524820113,4.770057648808453e-08
243,121.90635451505017,0.95,45.5,0.8383838383838385,0.7474747474747475,0.008534636445375906,0.9914653635546247,0.9999999560107574,4.419204903285644e-08
244,122.40802675585284,0.95,45.5,0.8383838383838385,0.7474747474747475,0.008534636473441206,0.9914653635265593,0.9999999592713298,4.095023771677835e-08
245,122.90969899665552,0.95,45.5,0.8383838383838385,0.7474747474747475,0.008534636499229671,0.9914653635007709,0.999999962266996,3.79711465179467e-08
246,123.4113712374582,0.95,45.5,0.8383838383838385,0.7474747474747475,0.008534636522744695,0.9914653634772559,0.9999999649980974,3.525364275514472e-08
247,123.91304347826087,0.95,45.5,0.8383838383838385,0.7474747474747475,0.008534636543964504,0.9914653634560361,0.99999996746205,3.2799457087842344e-08
248,124.41471571906355,0.95,45.5,0.8383838383838385,0.7474747474747475,0.008534636564339379,0.9914653634356612,0.9999999698282593,3.0444057289450805e-08
249,124.91638795986621,0.95,45.5,0.8383838383838385,0.7474747474747475,0.008534636583625372,0.9914653634163751,0.999999972068213,2.8214312795637348e-08
250,125.41806020066889,0.95,45.5,0.8383838383838385,0.7474747474747475,0.008534636601480877,0.9914653633985197,0.9999999741420051,2.614814452929139e-08
251,125.91973244147157,0.95,45.5,0.8383838383838385,0.7474747474747475,0.008534636617972253,0.9914653633820283,0.9999999760574049,2.423741038199411e-08
252,126.42140468227424,0.95,45.5,0.8383838383838385,0.7474747474747475,0.008534636633153892,0.9914653633668467,0.9999999778207972,2.2475341048139785e-08
253,126.92307692307692,0.95,45.5,0.8383838383838385,0.7474747474747475,0.008534636647068213,0.9914653633529323,0.9999999794371831,2.0856540024935917e-08
254,127.4247491638796,0.95,45.5,0.8383838383838385,0.7474747474747475,0.008534636659745666,0.9914653633402549,0.9999999809101792,1.9376983612403193e-08
255,127.92642140468227,0.95,45.5,0.8383838383838385,0.7474747474747475,0.008534636671204729,0.9914653633287958,0.999999982242018,1.8034020913375497e-08
256,128.42809364548495,0.95,45.5,0.8383838383838385,0.7474747474747475,0.008534636682052628,0.9914653633179479,0.9999999835024826,1.6762954203854074e-08
257,128.9297658862876,0.95,45.5,0.8383838383838385,0.7474747474747475,0.008534636692280478,0.9914653633077201,0.9999999846906449,1.5564239005596618e-08
258,129.4314381270903,0.95,45.5,0.8383838383838385,0.7474747474747475,0.00853463670173618,0.9914653632982644,0.9999999857891306,1.4453560793596354e-08
259,129.93311036789297,0.95,45.5,0.8383838383838385,0.7474747474747475,0.008534636710471482,0.9914653632895291,0.9999999868039485,1.3425192342315147e-08
260,130.43478260869566,0.95,45.5,0.8383838383838385,0.7474747474747475,0.008534636718531859,0.9914653632814687,0.9999999877403757,1.247417853926697e-08
261,130.93645484949832,0.95,45.5,0.8383838383838385,0.7474747474747475,0.0085346367259565,0.991465363274044,0.9999999886029582,1.1596336385018363e-08
262,131.438127090301,0.95,45.5,0.8383838383838385,0.7474747474747475,0.008534636732778314,0.9914653632672222,0.9999999893955112,1.0788254993188003e-08
263,131.93979933110367,0.95,45.5,0.8383838383838385,0.7474747474747475,0.00853463673902393,0.9914653632609766,0.9999999901211178,1.0047295590447105e-08
264,132.44147157190636,0.95,45.5,0.8383838383838385,0.7474747474747475,0.008534636744982223,0.9914653632550184,0.9999999908130758,9.321764680716468e-09
265,132.94314381270902,0.95,45.5,0.8383838383838385,0.7474747474747475,0.00853463675063784,0.9914653632493627,0.9999999914696155,8.616027275712404e-09
266,133.44481605351172,0.95,45.5,0.8383838383838385,0.7474747474747475,0.008534636755886749,0.9914653632441138,0.9999999920787407,7.950510026574205e-09
267,133.94648829431438,0.95,45.5,0.8383838383838385,0.7474747474747475,0.008534636760744868,0.9914653632392557,0.9999999926422707,7.322988509435653e-09
268,134.44816053511707,0.95,45.5,0.8383838383838385,0.7474747474747475,0.008534636765222496,0.9914653632347781,0.9999999931613696,6.731888604663999e-09
269,134.94983277591973,0.95,45.5,0.8383838383838385,0.7474747474747475,0.008534636769324302,0.9914653632306764,0.9999999936365453,6.176286496860265e-09
270,135.45150501672242,0.95,45.5,0.8383838383838385,0.7474747474747475,0.008534636773049336,0.9914653632269513,0.9999999940676509,5.655908674858966e-09
271,135.95317725752508,0.95,45.5,0.8383838383838385,0.7474747474747475,0.008534636776391021,0.9914653632236096,0.9999999944538835,5.171131931728363e-09
272,136.45484949832775,0.95,45.5,0.8383838383838385,0.7474747474747475,0.008534636779337157,0.9914653632206635,0.9999999947937845,4.722983364770255e-09
273,136.95652173913044,0.95,45.5,0.8383838383838385,0.7474747474747475,0.008534636781869921,0.9914653632181307,0.99999999508524,4.313140375520073e-09
274,137.4581939799331,0.95,45.5,0.8383838383838385,0.7474747474747475,0.008534636783965863,0.9914653632160347,0.9999999953254803,3.9439306697469435e-09
275,137.9598662207358,0.95,45.5,0.8383838383838385,0.7474747474747475,0.008534636785595913,0.9914653632144047,0.9999999955110804,3.618332257453528e-09
276,138.46153846153845,0.95,45.5,0.8383838383838385,0.7474747474747475,0.008534636786725376,0.9914653632132753,0.9999999956379594,3.339973452876194e-09
277,138.96321070234114,0.95,45.5,0.8383838383838385,0.7474747474747475,0.008534636788151861,0.9914653632118487,0.9999999958004051,3.0452554904083024e-09
278,139.4648829431438,0.95,45.5,0.8383838383838385,0.7474747474747475,0.008534636790400878,0.9914653632095998,0.9999999960605582,2.6928161700851813e-09
279,139.9665551839465,0.95,45.5,0.8383838383838385,0.7474747474747475,0.008534636792589773,0.9914653632074109,0.999999996314156,2.355557664608499e-09
280,140.46822742474916,0.95,45.5,0.8383838383838385,0.7474747474747475,0.008534636794727705,0.9914653632052729,0.9999999965623363,2.0343349036028934e-09
281,140.96989966555185,0.95,45.5,0.8383838383838385,0.7474747474747475,0.008534636796821257,0.9914653632031794,0.9999999968059416,1.7304060308263775e-09
282,141.4715719063545,0.95,45.5,0.8383838383838385,0.7474747474747475,0.008534636798874437,0.9914653632011262,0.9999999970455198,1.445432404170485e-09
283,141.9732441471572,0.95,45.5,0.8383838383838385,0.7474747474747475,0.008534636800888683,0.9914653631991119,0.9999999972813229,1.1814785956601352e-09
284,142.47491638795987,0.95,45.5,0.8383838383838385,0.7474747474747475,0.008534636802862858,0.9914653631971379,0.9999999975133086,9.410123914537579e-10
285,142.97658862876253,0.95,45.5,0.8383838383838385,0.7474747474747475,0.008534636804793248,0.9914653631952074,0.999999997741139,7.26904791843188e-10
286,143.47826086956522,0.95,45.5,0.8383838383838385,0.7474747474747475,0.00853463680667357,0.9914653631933271,0.9999999979641813,5.424300112537165e-10
287,143.97993311036788,0.95,45.5,0.8383838383838385,0.7474747474747475,0.008534636808494967,0.9914653631915057,0.9999999981815073,3.9126547824411524e-10
288,144.48160535117057,0.95,45.5,0.8383838383838385,0.7474747474747475,0.008534636810246004,0.9914653631897546,0.9999999983918941,2.7749183550656835e-10
289,144.98327759197323,0.95,45.5,0.8383838383838385,0.7474747474747475,0.008534636811912678,0.991465363188088,0.9999999985938236,2.0559293986673996e-10
290,145.48494983277592,0.95,45.5,0.8383838383838385,0.7474747474747475,0.008534636813466058,0.9914653631865346,0.9999999987821733,1.427690480169985e-10
291,145.9866220735786,0.95,45.5,0.8383838383838385,0.7474747474747475,0.008534636814852883,0.9914653631851478,0.9999999989456956,-9.78056066815685e-12
292,146.48829431438128,0.95,45.5,0.8383838383838385,0.7474747474747475,0.00853463681608234,0.9914653631839183,0.9999999990902698,-1.5202496904997239e-10
293,146.98996655518394,0.95,45.5,0.8383838383838385,0.7474747474747475,0.00853463681712832,0.9914653631828724,0.9999999992127132,-2.833839690325184e-10
294,147.49163879598663,0.95,45.5,0.8383838383838385,0.7474747474747475,0.008534636817962057,0.9914653631820386,0.999999999309525,-4.0313012595935045e-10
295,147.9933110367893,0.95,45.5,0.8383838383838385,0.7474747474747475,0.00853463681855213,0.9914653631814485,0.9999999993768871,-5.103887786134518e-10
296,148.49498327759198,0.95,45.5,0.8383838383838385,0.7474747474747475,0.008534636818864459,0.9914653631811362,0.9999999994106639,-6.041380392172858e-10
297,148.99665551839465,0.95,45.5,0.8383838383838385,0.7474747474747475,0.008534636818862304,0.9914653631811383,0.9999999994064019,-6.832087934327486e-10
298,149.49832775919734,0.95,45.5,0.8383838383838385,0.7474747474747475,0.00853463681850627,0.9914653631814944,0.9999999993593305,-7.46284700361211e-10
299,150.0,0.95,45.5,0.8383838383838385,0.7474747474747475,0.008534636817754305,0.9914653631822463,0.999999999264361,-7.919021925434828e-10
