,time,sigma,beta,omega,alpha,S,I,C,D
0,0.0,0.5,0.4,0.4141414141414142,0.06060606060606061,0.9998,0.0002,0.5,0.5
1,0.5016722408026756,0.5,0.4,0.4141414141414142,0.06060606060606061,0.9997892447411928,0.00021075525880698376,0.4618621533666984,0.5381378466333013
2,1.0033444816053512,0.5,0.4,0.4141414141414142,0.06060606060606061,0.9997768451369332,0.00022315486306656126,0.42416570981261753,0.5758342901873823
3,1.5050167224080266,0.5,0.4,0.4141414141414142,0.06060606060606061,0.9997625567910856,0.0002374432089139684,0.38733175531506603,0.6126682446849339
4,2.0066889632107023,0.5,0.4,0.4141414141414142,0.06060606060606061,0.9997461042536587,0.00025389574634095146,0.35174290241228345,0.6482570975877164
5,2.508361204013378,0.5,0.4,0.4141414141414142,0.06060606060606061,0.9997271751466418,0.0002728248533579111,0.31772855656234583,0.6822714434376541
6,3.0100334448160533,0.5,0.4,0.4141414141414142,0.06060606060606061,0.9997054153646225,0.00029458463537715093,0.2855549301481486,0.7144450698518513
7,3.511705685618729,0.5,0.4,0.4141414141414142,0.06060606060606061,0.9996804235366867,0.0003195764633129665,0.2554199883777887,0.7445800116222113
8,4.013377926421405,0.5,0.4,0.4141414141414142,0.06060606060606061,0.9996517446999936,0.00034825530000602583,0.22745314260760408,0.7725468573923958
9,4.51505016722408,0.5,0.4,0.4141414141414142,0.06060606060606061,0.999618862996089,0.0003811370039105571,0.20171935303047095,0.7982806469695289
10,5.016722408026756,0.5,0.4,0.4141414141414142,0.06060606060606061,0.9995811933915179,0.0004188066084817145,0.17822581893028033,0.8217741810697197
11,5.518394648829432,0.5,0.4,0.4141414141414142,0.06060606060606061,0.9995380721597411,0.0004619278402584312,0.15693106640884957,0.8430689335911503
12,6.020066889632107,0.5,0.4,0.4141414141414142,0.06060606060606061,0.9994887460707786,0.0005112539292209144,0.13775462406133504,0.8622453759386648
13,6.521739130434782,0.5,0.4,0.4141414141414142,0.06060606060606061,0.9994323600763202,0.0005676399236793911,0.12058680182527826,0.8794131981747215
14,7.023411371237458,0.5,0.4,0.4141414141414142,0.06060606060606061,0.9993679433177644,0.0006320566822352151,0.10529775248463971,0.8947022475153602
15,7.525083612040134,0.5,0.4,0.4141414141414142,0.06060606060606061,0.9992943932490896,0.0007056067509098959,0.09174545631760524,0.9082545436823947
16,8.02675585284281,0.5,0.4,0.4141414141414142,0.06060606060606061,0.9992104576193693,0.0007895423806300652,0.07978237309913938,0.9202176269008605
17,8.528428093645484,0.5,0.4,0.4141414141414142,0.06060606060606061,0.99911471405673,0.0008852859432692958,0.06926076237015992,0.93073923762984
18,9.03010033444816,0.5,0.4,0.4141414141414142,0.06060606060606061,0.9990055469436292,0.0009944530563702173,0.06003671012421326,0.9399632898757867
19,9.531772575250836,0.5,0.4,0.4141414141414142,0.06060606060606061,0.99888112123947,0.0011188787605292518,0.051973012775843874,0.948026987224156
20,10.033444816053512,0.5,0.4,0.4141414141414142,0.06060606060606061,0.9987393528676995,0.0012606471322997605,0.04494109259964129,0.9550589074003586
21,10.535117056856187,0.5,0.4,0.4141414141414142,0.06060606060606061,0.9985778752389413,0.0014221247610580422,0.038822126023097425,0.9611778739769025
22,11.036789297658864,0.5,0.4,0.4141414141414142,0.06060606060606061,0.9983940014868327,0.0016059985131666639,0.03350754022529166,0.9664924597747082
23,11.538461538461538,0.5,0.4,0.4141414141414142,0.06060606060606061,0.9981846817179314,0.0018153182820679855,0.028899109922487256,0.9711008900775125
24,12.040133779264213,0.5,0.4,0.4141414141414142,0.06060606060606061,0.9979464550014467,0.0020535449985527093,0.024908640813968503,0.9750913591860313
25,12.54180602006689,0.5,0.4,0.4141414141414142,0.06060606060606061,0.9976753952313742,0.00232460476862519,0.021457480696502457,0.9785425193034972
26,13.043478260869565,0.5,0.4,0.4141414141414142,0.06060606060606061,0.997367050268153,0.002632949731846423,0.018475888313718495,0.9815241116862812
27,13.545150501672241,0.5,0.4,0.4141414141414142,0.06060606060606061,0.997016373662729,0.0029836263372703987,0.015902319208386955,0.9840976807916126
28,14.046822742474916,0.5,0.4,0.4141414141414142,0.06060606060606061,0.9966176482066984,0.0033823517933009974,0.01368267691525289,0.9863173230847467
29,14.548494983277592,0.5,0.4,0.4141414141414142,0.06060606060606061,0.9961644004895929,0.003835599510406433,0.011769581258938277,0.9882304187410613
30,15.050167224080267,0.5,0.4,0.4141414141414142,0.06060606060606061,0.995649305702907,0.004350694297092357,0.010121653016658788,0.9898783469833408
31,15.551839464882944,0.5,0.4,0.4141414141414142,0.06060606060606061,0.9950640818909982,0.00493591810900121,0.008702845105432714,0.9912971548945667
32,16.05351170568562,0.5,0.4,0.4141414141414142,0.06060606060606061,0.9943993729113637,0.0056006270886356,0.0074818233246483285,0.9925181766753511
33,16.555183946488295,0.5,0.4,0.4141414141414142,0.06060606060606061,0.9936446194416888,0.006355380558310609,0.006431399318434425,0.993568600681565
34,17.05685618729097,0.5,0.4,0.4141414141414142,0.06060606060606061,0.9927879175746718,0.007212082425327591,0.005528018660714742,0.9944719813392846
35,17.558528428093645,0.5,0.4,0.4141414141414142,0.06060606060606061,0.9918158647205474,0.008184135279452014,0.004751303034051751,0.9952486969659475
36,18.06020066889632,0.5,0.4,0.4141414141414142,0.06060606060606061,0.9907133928862063,0.009286607113793095,0.004083642065470395,0.9959163579345289
37,18.561872909698998,0.5,0.4,0.4141414141414142,0.06060606060606061,0.9894635898749361,0.010536410125063263,0.003509831975818713,0.9964901680241807
38,19.06354515050167,0.5,0.4,0.4141414141414142,0.06060606060606061,0.9880475097220736,0.01195249027792578,0.003016757935219868,0.9969832420647795
39,19.565217391304348,0.5,0.4,0.4141414141414142,0.06060606060606061,0.9864439742902383,0.013556025709761037,0.002593115152759505,0.9974068848472398
40,20.066889632107024,0.5,0.4,0.4141414141414142,0.06060606060606061,0.9846293692101268,0.015370630789872577,0.002229165040702861,0.9977708349592964
41,20.568561872909697,0.5,0.4,0.4141414141414142,0.06060606060606061,0.9825774392648117,0.01742256073518765,0.001916522657214478,0.9980834773427848
42,21.070234113712374,0.5,0.4,0.4141414141414142,0.06060606060606061,0.980259087732438,0.01974091226756123,0.0016479717826210255,0.9983520282173782
43,21.57190635451505,0.5,0.4,0.4141414141414142,0.06060606060606061,0.97764219239213,0.022357807607869234,0.001417304156921234,0.998582695843078
44,22.073578595317727,0.5,0.4,0.4141414141414142,0.06060606060606061,0.9746914397769488,0.02530856022305044,0.0012191813511580726,0.9987808186488412
45,22.5752508361204,0.5,0.4,0.4141414141414142,0.06060606060606061,0.9713682134615772,0.028631786538422046,0.0010490128500447791,0.9989509871499545
46,23.076923076923077,0.5,0.4,0.4141414141414142,0.06060606060606061,0.9676305144498721,0.03236948555012712,0.0009028544597687818,0.9990971455402303
47,23.578595317725753,0.5,0.4,0.4141414141414142,0.06060606060606061,0.9634329911351349,0.03656700886486443,0.000777315041028106,0.999222684958971
48,24.080267558528426,0.5,0.4,0.4141414141414142,0.06060606060606061,0.9587270494383485,0.04127295056165077,0.0006694814393861871,0.999330518560613
49,24.581939799331103,0.5,0.4,0.4141414141414142,0.06060606060606061,0.9534610958707261,0.04653890412927324,0.0005768513418184375,0.9994231486581807
50,25.08361204013378,0.5,0.4,0.4141414141414142,0.06060606060606061,0.9475809838755496,0.05241901612444976,0.0004972744819390028,0.9995027255180601
51,25.585284280936456,0.5,0.4,0.4141414141414142,0.06060606060606061,0.9410305855713051,0.058969414428694265,0.00042890547446451806,0.9995710945255346
52,26.08695652173913,0.5,0.4,0.4141414141414142,0.06060606060606061,0.9337527193872689,0.06624728061273052,0.00037015768718290094,0.9996298423128162
53,26.588628762541806,0.5,0.4,0.4141414141414142,0.06060606060606061,0.9256902305248075,0.07430976947519191,0.00031966955674399684,0.999680330443255
54,27.090301003344482,0.5,0.4,0.4141414141414142,0.06060606060606061,0.9167874280897387,0.08321257191026066,0.00027627238337754384,0.9997237276166215
55,27.59197324414716,0.5,0.4,0.4141414141414142,0.06060606060606061,0.9069918469268532,0.09300815307314614,0.00023896201858689494,0.9997610379814122
56,28.093645484949832,0.5,0.4,0.4141414141414142,0.06060606060606061,0.8962563008350278,0.10374369916497149,0.0002068764513598154,0.9997931235486393
57,28.59531772575251,0.5,0.4,0.4141414141414142,0.06060606060606061,0.8845412229806662,0.11545877701933313,0.00017927567530664568,0.9998207243246923
58,29.096989966555185,0.5,0.4,0.4141414141414142,0.06060606060606061,0.8718172441788584,0.12818275582114083,0.0001555245095588528,0.9998444754904401
59,29.598662207357858,0.5,0.4,0.4141414141414142,0.06060606060606061,0.8580679070358563,0.14193209296414297,0.00013507747120448179,0.9998649225287944
60,30.100334448160535,0.5,0.4,0.4141414141414142,0.06060606060606061,0.8432923557180866,0.1567076442819127,0.00011746640408483951,0.9998825335959141
61,30.60200668896321,0.5,0.4,0.4141414141414142,0.06060606060606061,0.8275078860939641,0.17249211390603522,0.0001022895222285457,0.9998977104777703
62,31.103678929765888,0.5,0.4,0.4141414141414142,0.06060606060606061,0.8107520397549279,0.18924796024507137,8.920187531400556e-05,0.9999107981246848
63,31.60535117056856,0.5,0.4,0.4141414141414142,0.06060606060606061,0.7930842068488021,0.20691579315119718,7.790754985628585e-05,0.9999220924501425
64,32.10702341137124,0.5,0.4,0.4141414141414142,0.06060606060606061,0.774586287967708,0.22541371203229124,6.815259068253189e-05,0.9999318474093163
65,32.608695652173914,0.5,0.4,0.4141414141414142,0.06060606060606061,0.7553624087073151,0.24463759129268406,5.971914294607331e-05,0.9999402808570528
66,33.11036789297659,0.5,0.4,0.4141414141414142,0.06060606060606061,0.735537469062103,0.2644625309378961,5.2420363642651604e-05,0.9999475796363562
67,33.61204013377927,0.5,0.4,0.4141414141414142,0.06060606060606061,0.7152545157051301,0.28474548429486907,4.6096033391770455e-05,0.9999539039666071
68,34.11371237458194,0.5,0.4,0.4141414141414142,0.06060606060606061,0.6946710026826863,0.3053289973173128,4.060880706618378e-05,0.9999593911929326
69,34.61538461538461,0.5,0.4,0.4141414141414142,0.06060606060606061,0.6739541192362728,0.3260458807637264,3.58409818797976e-05,0.999964159018119
70,35.11705685618729,0.5,0.4,0.4141414141414142,0.06060606060606061,0.6532753523556049,0.3467246476443944,3.1691761795275074e-05,0.9999683082382035
71,35.618729096989966,0.5,0.4,0.4141414141414142,0.06060606060606061,0.632805064670214,0.3671949353297853,2.8074758794962535e-05,0.9999719252412037
72,36.12040133779264,0.5,0.4,0.4141414141414142,0.06060606060606061,0.6127067007202339,0.38729329927976536,2.4916067617744266e-05,0.999975083932381
73,36.62207357859532,0.5,0.4,0.4141414141414142,0.06060606060606061,0.5931318545499659,0.40686814545003336,2.2152403589093603e-05,0.9999778475964096
74,37.123745819397996,0.5,0.4,0.4141414141414142,0.06060606060606061,0.5742159109276688,0.4257840890723303,1.972961444337698e-05,0.9999802703855553
75,37.625418060200666,0.5,0.4,0.4141414141414142,0.06060606060606061,0.5560747988584908,0.44392520114150846,1.7601360916144698e-05,0.9999823986390823
76,38.12709030100334,0.5,0.4,0.4141414141414142,0.06060606060606061,0.5388028848878692,0.4611971151121299,1.572798285571376e-05,0.9999842720171428
77,38.62876254180602,0.5,0.4,0.4141414141414142,0.06060606060606061,0.5224720422334237,0.4775279577665755,1.4075528842639968e-05,0.9999859244711559
78,39.130434782608695,0.5,0.4,0.4141414141414142,0.06060606060606061,0.507131816473803,0.4928681835261961,1.2614921065890774e-05,0.9999873850789325
79,39.63210702341137,0.5,0.4,0.4141414141414142,0.06060606060606061,0.4928105327557832,0.5071894672442159,1.1321241332905078e-05,0.9999886787586654
80,40.13377926421405,0.5,0.4,0.4141414141414142,0.06060606060606061,0.4795171607235602,0.5204828392764388,1.017311248289275e-05,0.9999898268875153
81,40.635451505016725,0.5,0.4,0.4141414141414142,0.06060606060606061,0.467243560830201,0.5327564391697979,9.152171789655023e-06,0.9999908478282085
82,41.137123745819395,0.5,0.4,0.4141414141414142,0.06060606060606061,0.4559672089002607,0.5440327910997383,8.242629025078188e-06,0.9999917573709729
83,41.63879598662207,0.5,0.4,0.4141414141414142,0.06060606060606061,0.4456538865031214,0.5543461134968778,7.430880947907727e-06,0.99999256911905
84,42.14046822742475,0.5,0.4,0.4141414141414142,0.06060606060606061,0.4362603345808947,0.5637396654191044,6.70518569572642e-06,0.9999932948143021
85,42.642140468227424,0.5,0.4,0.4141414141414142,0.06060606060606061,0.42773675020052426,0.5722632497994746,6.055388265814942e-06,0.9999939446117319
86,43.1438127090301,0.5,0.4,0.4141414141414142,0.06060606060606061,0.4200290039844077,0.5799709960155912,5.472685652645778e-06,0.999994527314345
87,43.64548494983278,0.5,0.4,0.4141414141414142,0.06060606060606061,0.4130805613053001,0.5869194386946988,4.9494284676397145e-06,0.9999950505715298
88,44.147157190635454,0.5,0.4,0.4141414141414142,0.06060606060606061,0.4068340896098863,0.5931659103901125,4.47895291003261e-06,0.9999955210470873
89,44.64882943143812,0.5,0.4,0.4141414141414142,0.06060606060606061,0.4012327537439447,0.5987672462560543,4.055439994861154e-06,0.9999959445600024
90,45.1505016722408,0.5,0.4,0.4141414141414142,0.06060606060606061,0.396221222928246,0.603778777071753,3.6737935608837156e-06,0.9999963262064362
91,45.65217391304348,0.5,0.4,0.4141414141414142,0.06060606060606061,0.39174641597115045,0.6082535840288485,3.3295396138089547e-06,0.9999966704603832
92,46.15384615384615,0.5,0.4,0.4141414141414142,0.06060606060606061,0.3877580314025714,0.6122419685974275,3.018740054883944e-06,0.999996981259942
93,46.65551839464883,0.5,0.4,0.4141414141414142,0.06060606060606061,0.3842088930772199,0.6157911069227792,2.7379193152257605e-06,0.9999972620806815
94,47.15719063545151,0.5,0.4,0.4141414141414142,0.06060606060606061,0.381055130602045,0.618944869397954,2.484003010514845e-06,0.999997515996986
95,47.65886287625418,0.5,0.4,0.4141414141414142,0.06060606060606061,0.3782562482848314,0.6217437517151677,2.2542650038485423e-06,0.9999977457349926
96,48.16053511705685,0.5,0.4,0.4141414141414142,0.06060606060606061,0.3757751098155472,0.624224890184452,2.0462822691536075e-06,0.999997953717727
97,48.66220735785953,0.5,0.4,0.4141414141414142,0.06060606060606061,0.3735778375677181,0.6264221624322811,1.8578969450586044e-06,0.9999981421030509
98,49.163879598662206,0.5,0.4,0.4141414141414142,0.06060606060606061,0.37163367165240074,0.6283663283475984,1.687183491047908e-06,0.9999983128165048
99,49.66555183946488,0.5,0.4,0.4141414141414142,0.06060606060606061,0.36991480215254646,0.6300851978474528,1.5324202585644926e-06,0.999998467579737
100,50.16722408026756,0.5,0.4,0.4141414141414142,0.06060606060606061,0.3683961719055879,0.6316038280944114,1.3920654248829996e-06,0.9999986079345704
101,50.668896321070235,0.5,0.4,0.4141414141414142,0.06060606060606061,0.36705527281228767,0.6329447271877116,1.2647360910749748e-06,0.9999987352639039
102,51.17056856187291,0.5,0.4,0.4141414141414142,0.06060606060606061,0.3658719432619714,0.6341280567380277,1.1491899740467748e-06,0.9999988508100207
103,51.67224080267559,0.5,0.4,0.4141414141414142,0.06060606060606061,0.3648281655044556,0.6351718344955436,1.0443096432572118e-06,0.9999989556903512
104,52.17391304347826,0.5,0.4,0.4141414141414142,0.06060606060606061,0.36390786495293753,0.6360921350470616,9.490891761198287e-07,0.9999990509108181
105,52.675585284280935,0.5,0.4,0.4141414141414142,0.06060606060606061,0.36309673663713027,0.636903263362869,8.626213779561915e-07,0.9999991373786159
106,53.17725752508361,0.5,0.4,0.4141414141414142,0.06060606060606061,0.36238206328792805,0.6376179367120712,7.840877252666797e-07,0.9999992159122683
107,53.67892976588629,0.5,0.4,0.4141414141414142,0.06060606060606061,0.36175255561637043,0.6382474443836287,7.127490761908204e-07,0.999999287250917
108,54.180602006688964,0.5,0.4,0.4141414141414142,0.06060606060606061,0.36119820529218827,0.6388017947078108,6.479371972187177e-07,0.9999993520627957
109,54.68227424749164,0.5,0.4,0.4141414141414142,0.06060606060606061,0.3607101475662446,0.6392898524337546,5.8904782072623e-07,0.9999994109521717
110,55.18394648829432,0.5,0.4,0.4141414141414142,0.06060606060606061,0.36028053948060085,0.6397194605193982,5.35533945861528e-07,0.9999994644660462
111,55.68561872909699,0.5,0.4,0.4141414141414142,0.06060606060606061,0.35990244640607316,0.6400975535939258,4.869002575164678e-07,0.9999995130997341
112,56.187290969899664,0.5,0.4,0.4141414141414142,0.06060606060606061,0.35956974168807915,0.6404302583119198,4.426980397718768e-07,0.9999995573019514
113,56.68896321070234,0.5,0.4,0.4141414141414142,0.06060606060606061,0.35927701557679603,0.640722984423203,4.025205021728826e-07,0.9999995974794885
114,57.19063545150502,0.5,0.4,0.4141414141414142,0.06060606060606061,0.3590194943181913,0.6409805056818078,3.6599881123895837e-07,0.999999634001179
115,57.69230769230769,0.5,0.4,0.4141414141414142,0.06060606060606061,0.3587929674222853,0.6412070325777137,3.3279840798824293e-07,0.9999996672015817
116,58.19397993311037,0.5,0.4,0.4141414141414142,0.06060606060606061,0.35859372332965816,0.6414062766703408,3.0261579831984795e-07,0.9999996973841908
117,58.69565217391305,0.5,0.4,0.4141414141414142,0.06060606060606061,0.35841848961037553,0.6415815103896234,2.7517541076951057e-07,0.9999997248245778
118,59.197324414715716,0.5,0.4,0.4141414141414142,0.06060606060606061,0.35826438382974174,0.6417356161702572,2.5022714341007734e-07,0.9999997497728444
119,59.69899665551839,0.5,0.4,0.4141414141414142,0.06060606060606061,0.3581288667507888,0.6418711332492101,2.2754386896278925e-07,0.9999997724561182
120,60.20066889632107,0.5,0.4,0.4141414141414142,0.06060606060606061,0.3580097027726454,0.6419902972273536,2.0691934292979788e-07,0.9999997930806435
121,60.702341137123746,0.5,0.4,0.4141414141414142,0.06060606060606061,0.35790492350112296,0.642095076498876,1.8816620879732268e-07,0.9999998118337768
122,61.20401337792642,0.5,0.4,0.4141414141414142,0.06060606060606061,0.35781279646756825,0.6421872035324308,1.711142709831119e-07,0.9999998288857139
123,61.7056856187291,0.5,0.4,0.4141414141414142,0.06060606060606061,0.3577317967962351,0.6422682032037639,1.556088810618462e-07,0.999999844391103
124,62.207357859531776,0.5,0.4,0.4141414141414142,0.06060606060606061,0.35766058270116957,0.6423394172988294,1.415095144522842e-07,0.9999998584904687
125,62.709030100334445,0.5,0.4,0.4141414141414142,0.06060606060606061,0.3575979738866833,0.6424020261133156,1.2868847495860703e-07,0.9999998713115072
126,63.21070234113712,0.5,0.4,0.4141414141414142,0.06060606060606061,0.357542931804935,0.642457068195064,1.1702969589454158e-07,0.9999998829702853
127,63.7123745819398,0.5,0.4,0.4141414141414142,0.06060606060606061,0.35749454313571905,0.6425054568642801,1.0642768933378709e-07,0.9999998935722908
128,64.21404682274247,0.5,0.4,0.4141414141414142,0.06060606060606061,0.35745200430447754,0.6425479956955216,9.678655756571936e-08,0.9999999032134215
129,64.71571906354515,0.5,0.4,0.4141414141414142,0.06060606060606061,0.3574146088543728,0.6425853911456263,8.801913739059554e-08,0.9999999119808405
130,65.21739130434783,0.5,0.4,0.4141414141414142,0.06060606060606061,0.35738173522872374,0.6426182647712754,8.004617713225609e-08,0.9999999199537996
131,65.7190635451505,0.5,0.4,0.4141414141414142,0.06060606060606061,0.3573528371713734,0.6426471628286257,7.279563921987186e-08,0.9999999272043362
132,66.22073578595318,0.5,0.4,0.4141414141414142,0.06060606060606061,0.3573274341044237,0.6426725658955753,6.620202009388888e-08,0.9999999337979539
133,66.72240802675586,0.5,0.4,0.4141414141414142,0.06060606060606061,0.357305103567405,0.6426948964325941,6.02057672636059e-08,0.9999999397942053
134,67.22408026755853,0.5,0.4,0.4141414141414142,0.06060606060606061,0.35728547367424157,0.6427145263257575,5.475271581324877e-08,0.9999999452472552
135,67.72575250836121,0.5,0.4,0.4141414141414142,0.06060606060606061,0.3572682185628684,0.6427317814371307,4.9793661724323784e-08,0.9999999502063077
136,68.22742474916387,0.5,0.4,0.4141414141414142,0.06060606060606061,0.35725305155282044,0.6427469484471786,4.528386505333225e-08,0.9999999547161027
137,68.72909698996655,0.5,0.4,0.4141414141414142,0.06060606060606061,0.3572397196018304,0.6427602803981687,4.118259084399319e-08,0.9999999588173751
138,69.23076923076923,0.5,0.4,0.4141414141414142,0.06060606060606061,0.35722800030369767,0.6427719996963014,3.7452791799708364e-08,0.9999999625471723
139,69.7324414715719,0.5,0.4,0.4141414141414142,0.06060606060606061,0.3572176992699384,0.6427823007300607,3.406086215429925e-08,0.9999999659390999
140,70.23411371237458,0.5,0.4,0.4141414141414142,0.06060606060606061,0.35720864365198324,0.6427913563480159,3.09761099503427e-08,0.99999996902385
141,70.73578595317726,0.5,0.4,0.4141414141414142,0.06060606060606061,0.3572006838059319,0.6427993161940673,2.8170773307157558e-08,0.9999999718291844
142,71.23745819397993,0.5,0.4,0.4141414141414142,0.06060606060606061,0.35719368684728037,0.6428063131527187,2.561950558789738e-08,0.9999999743804497
143,71.73913043478261,0.5,0.4,0.4141414141414142,0.06060606060606061,0.3571875365709573,0.6428124634290417,2.3299309648942522e-08,0.9999999767006432
144,72.24080267558529,0.5,0.4,0.4141414141414142,0.06060606060606061,0.3571821306263478,0.6428178693736513,2.1189261670463003e-08,0.9999999788106886
145,72.74247491638796,0.5,0.4,0.4141414141414142,0.06060606060606061,0.3571773785082168,0.6428226214917824,1.9270295347808458e-08,0.999999980729652
146,73.24414715719064,0.5,0.4,0.4141414141414142,0.06060606060606061,0.35717320164404137,0.6428267983559578,1.7525144340240998e-08,0.9999999824748002
147,73.74581939799332,0.5,0.4,0.4141414141414142,0.06060606060606061,0.3571695299561501,0.6428304700438491,1.593802893940372e-08,0.9999999840619126
148,74.24749163879599,0.5,0.4,0.4141414141414142,0.06060606060606061,0.35716630298679997,0.6428336970131991,1.4494692277864206e-08,0.999999985505246
149,74.74916387959867,0.5,0.4,0.4141414141414142,0.06060606060606061,0.35716346643999725,0.6428365335600019,1.3182068924252068e-08,0.999999986817866
150,75.25083612040133,0.5,0.4,0.4141414141414142,0.06060606060606061,0.35716097254248547,0.6428390274575136,1.1988274952059184e-08,0.9999999880116562
151,75.75250836120401,0.5,0.4,0.4141414141414142,0.06060606060606061,0.35715878062528017,0.642841219374719,1.0902619277516072e-08,0.9999999890973081
152,76.25418060200668,0.5,0.4,0.4141414141414142,0.06060606060606061,0.35715685374576717,0.6428431462542319,9.915265964787e-09,0.9999999900846575
153,76.75585284280936,0.5,0.4,0.4141414141414142,0.06060606060606061,0.35715515998678754,0.6428448400132115,9.01732646794659e-09,0.9999999909825927
154,77.25752508361204,0.5,0.4,0.4141414141414142,0.06060606060606061,0.3571536714004177,0.6428463285995814,8.200726548697698e-09,0.9999999917991882
155,77.75919732441471,0.5,0.4,0.4141414141414142,0.06060606060606061,0.35715236279407925,0.6428476372059199,7.458058962673368e-09,0.999999992541851
156,78.26086956521739,0.5,0.4,0.4141414141414142,0.06060606060606061,0.357151212673272,0.6428487873267271,6.782660515779363e-09,0.9999999932172445
157,78.76254180602007,0.5,0.4,0.4141414141414142,0.06060606060606061,0.35715020179078233,0.6428497982092168,6.1684340525013235e-09,0.9999999938314658
158,79.26421404682274,0.5,0.4,0.4141414141414142,0.06060606060606061,0.35714931301159886,0.6428506869884002,5.609811764877855e-09,0.9999999943900826
159,79.76588628762542,0.5,0.4,0.4141414141414142,0.06060606060606061,0.35714853185992385,0.6428514681400752,5.101791474515091e-09,0.999999994898097
160,80.2675585284281,0.5,0.4,0.4141414141414142,0.06060606060606061,0.357147844929929,0.64285215507007,4.6397238326516545e-09,0.9999999953601585
161,80.76923076923077,0.5,0.4,0.4141414141414142,0.06060606060606061,0.35714724159910116,0.6428527584008978,4.219588420828087e-09,0.9999999957802874
162,81.27090301003345,0.5,0.4,0.4141414141414142,0.06060606060606061,0.357146711164241,0.642853288835758,3.837474067077569e-09,0.9999999961623949
163,81.77257525083613,0.5,0.4,0.4141414141414142,0.06060606060606061,0.3571462448557737,0.6428537551442255,3.4899524929834635e-09,0.9999999965099092
164,82.27424749163879,0.5,0.4,0.4141414141414142,0.06060606060606061,0.3571458350897345,0.6428541649102646,3.1739124025131987e-09,0.9999999968259417
165,82.77591973244147,0.5,0.4,0.4141414141414142,0.06060606060606061,0.35714547497691496,0.6428545250230842,2.8864954699589017e-09,0.9999999971133505
166,83.27759197324414,0.5,0.4,0.4141414141414142,0.06060606060606061,0.35714515828526344,0.6428548417147356,2.625091436668774e-09,0.9999999973747461
167,83.77926421404682,0.5,0.4,0.4141414141414142,0.06060606060606061,0.3571448795953357,0.6428551204046634,2.3873240006323655e-09,0.9999999976125046
168,84.2809364548495,0.5,0.4,0.4141414141414142,0.06060606060606061,0.3571446343550386,0.6428553656449605,2.1710268245531818e-09,0.9999999978287923
169,84.78260869565217,0.5,0.4,0.4141414141414142,0.06060606060606061,0.35714441874271596,0.6428555812572831,1.974303539646382e-09,0.9999999980255055
170,85.28428093645485,0.5,0.4,0.4141414141414142,0.06060606060606061,0.3571442296291686,0.6428557703708305,1.7954833464150688e-09,0.9999999982043152
171,85.78595317725753,0.5,0.4,0.4141414141414142,0.06060606060606061,0.35714406347892597,0.6428559365210731,1.6328571113512777e-09,0.9999999983669303
172,86.2876254180602,0.5,0.4,0.4141414141414142,0.06060606060606061,0.3571439174093861,0.6428560825906129,1.484931036265201e-09,0.9999999985148446
173,86.78929765886288,0.5,0.4,0.4141414141414142,0.06060606060606061,0.3571437892239784,0.6428562107760206,1.350434600978786e-09,0.9999999986493286
174,87.29096989966555,0.5,0.4,0.4141414141414142,0.06060606060606061,0.35714367683480036,0.6428563231651988,1.228173150274642e-09,0.9999999987715771
175,87.79264214046823,0.5,0.4,0.4141414141414142,0.06060606060606061,0.3571435779715102,0.6428564220284889,1.116951422710951e-09,0.999999998882785
176,88.29431438127091,0.5,0.4,0.4141414141414142,0.06060606060606061,0.3571434909965825,0.6428565090034166,1.015787710527164e-09,0.9999999989839342
177,88.79598662207358,0.5,0.4,0.4141414141414142,0.06060606060606061,0.3571434136965403,0.6428565863034589,9.234582879504655e-10,0.9999999990762483
178,89.29765886287625,0.5,0.4,0.4141414141414142,0.06060606060606061,0.3571433470747221,0.6428566529252769,8.400868551449849e-10,0.9999999991596035
179,89.79933110367892,0.5,0.4,0.4141414141414142,0.06060606060606061,0.3571432879610242,0.642856712038975,7.64051568159423e-10,0.9999999992356217
180,90.3010033444816,0.5,0.4,0.4141414141414142,0.06060606060606061,0.35714323587599994,0.6428567641239992,6.948552181490642e-10,0.9999999993048
181,90.80267558528428,0.5,0.4,0.4141414141414142,0.06060606060606061,0.3571431901745614,0.6428568098254376,6.319673456443295e-10,0.9999999993676688
182,91.30434782608695,0.5,0.4,0.4141414141414142,0.06060606060606061,0.3571431500460364,0.6428568499539625,5.748242521036232e-10,0.9999999994247918
183,91.80602006688963,0.5,0.4,0.4141414141414142,0.06060606060606061,0.35714311484590483,0.6428568851540941,5.228955920772564e-10,0.9999999994766993
184,92.3076923076923,0.5,0.4,0.4141414141414142,0.06060606060606061,0.3571430839309938,0.6428569160690052,4.756512905489993e-10,0.9999999995239212
185,92.80936454849498,0.5,0.4,0.4141414141414142,0.06060606060606061,0.35714305672930774,0.6428569432706913,4.326239004604722e-10,0.999999999566925
186,93.31103678929766,0.5,0.4,0.4141414141414142,0.06060606060606061,0.35714303290927346,0.6428569670907256,3.935575194513341e-10,0.9999999996059664
187,93.81270903010034,0.5,0.4,0.4141414141414142,0.06060606060606061,0.3571430119897758,0.6428569880102232,3.5806466506550986e-10,0.9999999996414329
188,94.31438127090301,0.5,0.4,0.4141414141414142,0.06060606060606061,0.35714299347177575,0.6428570065282233,3.257420836950086e-10,0.9999999996737278
189,94.81605351170569,0.5,0.4,0.4141414141414142,0.06060606060606061,0.35714297689823127,0.6428570231017677,2.96210827592025e-10,0.9999999997032298
190,95.31772575250837,0.5,0.4,0.4141414141414142,0.06060606060606061,0.3571429622661189,0.6428570377338801,2.693547116463316e-10,0.999999999730055
191,95.81939799331104,0.5,0.4,0.4141414141414142,0.06060606060606061,0.35714294941702873,0.6428570505829703,2.4496762102742323e-10,0.9999999997544096
192,96.3210702341137,0.5,0.4,0.4141414141414142,0.06060606060606061,0.3571429381017374,0.6428570618982616,2.2279088270830883e-10,0.9999999997765519
193,96.82274247491638,0.5,0.4,0.4141414141414142,0.06060606060606061,0.35714292636514067,0.6428570736348584,2.0049601412132544e-10,0.9999999997988092
194,97.32441471571906,0.5,0.4,0.4141414141414142,0.06060606060606061,0.35714291849620877,0.6428570815037903,1.8326205827918399e-10,0.9999999998160055
195,97.82608695652173,0.5,0.4,0.4141414141414142,0.06060606060606061,0.35714291130123077,0.6428570886987683,1.6718444324296755e-10,0.999999999832043
196,98.32775919732441,0.5,0.4,0.4141414141414142,0.06060606060606061,0.35714290478020655,0.6428570952197925,1.5226316901267614e-10,0.9999999998469218
197,98.82943143812709,0.5,0.4,0.4141414141414142,0.06060606060606061,0.3571428989331362,0.6428571010668629,1.3849823558830973e-10,0.9999999998606417
198,99.33110367892976,0.5,0.4,0.4141414141414142,0.06060606060606061,0.3571428937230081,0.642857106276991,1.2584505914644564e-10,0.9999999998732473
199,99.83277591973244,0.5,0.4,0.4141414141414142,0.06060606060606061,0.3571428890877074,0.6428571109122917,1.1422881688665647e-10,0.9999999998848131
200,100.33444816053512,0.5,0.4,0.4141414141414142,0.06060606060606061,0.3571428850262517,0.6428571149737474,1.0364832533296997e-10,0.9999999998953404
201,100.8361204013378,0.5,0.4,0.4141414141414142,0.06060606060606061,0.35714288153864093,0.6428571184613582,9.410358448538614e-11,0.999999999904829
202,101.33779264214047,0.5,0.4,0.4141414141414142,0.06060606060606061,0.357142878602844,0.6428571213971551,8.556501717979182e-11,0.9999999999133085
203,101.83946488294315,0.5,0.4,0.4141414141414142,0.06060606060606061,0.35714287601725797,0.6428571239827412,7.776196940564251e-11,0.999999999921049
204,102.34113712374582,0.5,0.4,0.4141414141414142,0.06060606060606061,0.357142873733247,0.6428571262667522,7.06291468871841e-11,0.9999999999281158
205,102.8428093645485,0.5,0.4,0.4141414141414142,0.06060606060606061,0.35714287175081105,0.6428571282491881,6.416654962441658e-11,0.9999999999345086
206,103.34448160535118,0.5,0.4,0.4141414141414142,0.06060606060606061,0.3571428700699502,0.642857129930049,5.837417761733996e-11,0.9999999999402277
207,103.84615384615384,0.5,0.4,0.4141414141414142,0.06060606060606061,0.35714286861918454,0.6428571313808145,5.3140067139152384e-11,0.9999999999453845
208,104.34782608695652,0.5,0.4,0.4141414141414142,0.06060606060606061,0.35714286731004297,0.642857132689956,4.832563989826886e-11,0.999999999950117
209,104.84949832775919,0.5,0.4,0.4141414141414142,0.06060606060606061,0.3571428661422803,0.6428571338577188,4.393051182017745e-11,0.9999999999544256
210,105.35117056856187,0.5,0.4,0.4141414141414142,0.06060606060606061,0.3571428651158965,0.6428571348841026,3.995468290487814e-11,0.9999999999583102
211,105.85284280936455,0.5,0.4,0.4141414141414142,0.06060606060606061,0.3571428642235556,0.6428571357764435,3.6380836347599116e-11,0.9999999999617881
212,106.35451505016722,0.5,0.4,0.4141414141414142,0.06060606060606061,0.3571428634188816,0.6428571365811175,3.3099500392840703e-11,0.9999999999649679
213,106.8561872909699,0.5,0.4,0.4141414141414142,0.06060606060606061,0.3571428626937378,0.6428571373062613,3.009146865151036e-11,0.9999999999678685
214,107.35785953177258,0.5,0.4,0.4141414141414142,0.06060606060606061,0.3571428620481244,0.6428571379518747,2.735674112360809e-11,0.9999999999704899
215,107.85953177257525,0.5,0.4,0.4141414141414142,0.06060606060606061,0.3571428614820298,0.6428571385179693,2.4895281310475424e-11,0.9999999999728323
216,108.36120401337793,0.5,0.4,0.4141414141414142,0.06060606060606061,0.3571428609798717,0.6428571390201274,2.2658029882389738e-11,0.9999999999749437
217,108.8628762541806,0.5,0.4,0.4141414141414142,0.06060606060606061,0.35714286052768873,0.6428571394723104,2.0601030520566905e-11,0.9999999999768675
218,109.36454849498328,0.5,0.4,0.4141414141414142,0.06060606060606061,0.35714286012548097,0.6428571398745182,1.8724283225006925e-11,0.9999999999786036
219,109.86622073578596,0.5,0.4,0.4141414141414142,0.06060606060606061,0.3571428597732483,0.6428571402267508,1.7027787995709803e-11,0.9999999999801519
220,110.36789297658864,0.5,0.4,0.4141414141414142,0.06060606060606061,0.3571428594677161,0.6428571405322829,1.5501518351910316e-11,0.9999999999815222
221,110.8695652173913,0.5,0.4,0.4141414141414142,0.06060606060606061,0.3571428591938067,0.6428571408061923,1.4099309162850382e-11,0.9999999999827592
222,111.37123745819397,0.5,0.4,0.4141414141414142,0.06060606060606061,0.35714285894964065,0.6428571410503584,1.2815405754772299e-11,0.9999999999838686
223,111.87290969899665,0.5,0.4,0.4141414141414142,0.06060606060606061,0.35714285873521795,0.6428571412647811,1.1649808127676107e-11,0.99999999998485
224,112.37458193979933,0.5,0.4,0.4141414141414142,0.06060606060606061,0.3571428585504595,0.6428571414495395,1.0602269465404831e-11,0.9999999999857041
225,112.876254180602,0.5,0.4,0.4141414141414142,0.06060606060606061,0.35714285838754783,0.6428571416124512,9.648361200799647e-12,0.9999999999864534
226,113.37792642140468,0.5,0.4,0.4141414141414142,0.06060606060606061,0.35714285824130293,0.6428571417586961,8.771896703315773e-12,0.9999999999871132
227,113.87959866220736,0.5,0.4,0.4141414141414142,0.06060606060606061,0.35714285811172475,0.6428571418882744,7.97287597295321e-12,0.9999999999876835
228,114.38127090301003,0.5,0.4,0.4141414141414142,0.06060606060606061,0.3571428579988133,0.6428571420011857,7.251299009711961e-12,0.9999999999881645
229,114.88294314381271,0.5,0.4,0.4141414141414142,0.06060606060606061,0.3571428578531381,0.642857142146861,6.399683702189565e-12,0.9999999999911247
230,115.38461538461539,0.5,0.4,0.4141414141414142,0.06060606060606061,0.35714285769208215,0.6428571423079169,5.4909945159009115e-12,0.999999999995661
231,115.88628762541806,0.5,0.4,0.4141414141414142,0.06060606060606061,0.3571428575412207,0.6428571424587783,4.632582183775715e-12,1.000000000000444
232,116.38795986622074,0.5,0.4,0.4141414141414142,0.06060606060606061,0.35714285740055374,0.6428571425994453,3.824446705813975e-12,1.0000000000054743
233,116.88963210702342,0.5,0.4,0.4141414141414142,0.06060606060606061,0.3571428572700813,0.6428571427299177,3.0665880820156906e-12,1.0000000000107512
234,117.3913043478261,0.5,0.4,0.4141414141414142,0.06060606060606061,0.35714285714980337,0.6428571428501956,2.359006312380864e-12,1.000000000016275
235,117.89297658862876,0.5,0.4,0.4141414141414142,0.06060606060606061,0.35714285703971993,0.6428571429602791,1.7017013969095122e-12,1.0000000000220457
236,118.39464882943143,0.5,0.4,0.4141414141414142,0.06060606060606061,0.357142856939831,0.6428571430601681,1.0946733356015968e-12,1.0000000000280633
237,118.89632107023411,0.5,0.4,0.4141414141414142,0.06060606060606061,0.3571428568501365,0.6428571431498624,5.37922128457139e-13,1.0000000000343279
238,119.39799331103679,0.5,0.4,0.4141414141414142,0.06060606060606061,0.3571428567706366,0.6428571432293624,3.144777547613833e-14,1.000000000040839
239,119.89966555183946,0.5,0.4,0.4141414141414142,0.06060606060606061,0.35714285670133117,0.6428571432986678,-4.2474972334140657e-13,1.0000000000475975
240,120.40133779264214,0.5,0.4,0.4141414141414142,0.06060606060606061,0.3571428566422202,0.6428571433577788,-8.306703679954945e-13,1.0000000000546025
241,120.90301003344482,0.5,0.4,0.4141414141414142,0.06060606060606061,0.35714285659330375,0.6428571434066953,-1.1863141584861253e-12,1.0000000000618545
242,121.40468227424749,0.5,0.4,0.4141414141414142,0.06060606060606061,0.3571428565545818,0.6428571434454172,-1.4916810948132997e-12,1.0000000000693534
243,121.90635451505017,0.5,0.4,0.4141414141414142,0.06060606060606061,0.3571428565260543,0.6428571434739446,-1.7467711769770171e-12,1.0000000000770992
244,122.40802675585284,0.5,0.4,0.4141414141414142,0.06060606060606061,0.3571428565077214,0.6428571434922776,-1.9515844049772784e-12,1.0000000000850917
245,122.90969899665552,0.5,0.4,0.4141414141414142,0.06060606060606061,0.3571428564995829,0.6428571435004161,-2.106120778814082e-12,1.0000000000933313
246,123.4113712374582,0.5,0.4,0.4141414141414142,0.06060606060606061,0.35714285650163896,0.6428571434983601,-2.2103802984874295e-12,1.0000000001018177
247,123.91304347826087,0.5,0.4,0.4141414141414142,0.06060606060606061,0.3571428565138895,0.6428571434861096,-2.26436296399732e-12,1.000000000110551
248,124.41471571906355,0.5,0.4,0.4141414141414142,0.06060606060606061,0.3571428565363345,0.6428571434636645,-2.268068775343754e-12,1.000000000119531
249,124.91638795986621,0.5,0.4,0.4141414141414142,0.06060606060606061,0.35714285656897404,0.642857143431025,-2.221497732526733e-12,1.0000000001287581
250,125.41806020066889,0.5,0.4,0.4141414141414142,0.06060606060606061,0.35714285661180806,0.6428571433881909,-2.1246498355462545e-12,1.000000000138232
251,125.91973244147157,0.5,0.4,0.4141414141414142,0.06060606060606061,0.3571428566648366,0.6428571433351624,-1.9775250844023196e-12,1.0000000001479528
252,126.42140468227424,0.5,0.4,0.4141414141414142,0.06060606060606061,0.3571428566605004,0.6428571433394985,-2.0834157969901467e-12,1.0000000001733353
253,126.92307692307692,0.5,0.4,0.4141414141414142,0.06060606060606061,0.3571428566396028,0.642857143360396,-2.2591441401553434e-12,1.0000000002050697
254,127.4247491638796,0.5,0.4,0.4141414141414142,0.06060606060606061,0.357142856621479,0.6428571433785198,-2.417909668871628e-12,1.000000000238744
255,127.92642140468227,0.5,0.4,0.4141414141414142,0.06060606060606061,0.3571428566061289,0.64285714339387,-2.5597123831389988e-12,1.000000000274358
256,128.42809364548495,0.5,0.4,0.4141414141414142,0.06060606060606061,0.35714285659355244,0.6428571434064465,-2.6845522829574565e-12,1.0000000003119125
257,128.9297658862876,0.5,0.4,0.4141414141414142,0.06060606060606061,0.3571428565837497,0.6428571434162492,-2.7924293683269984e-12,1.000000000351407
258,129.4314381270903,0.5,0.4,0.4141414141414142,0.06060606060606061,0.3571428565767207,0.6428571434232783,-2.8833436392476325e-12,1.0000000003928415
259,129.93311036789297,0.5,0.4,0.4141414141414142,0.06060606060606061,0.35714285657246536,0.6428571434275335,-2.9572950957193487e-12,1.000000000436216
260,130.43478260869566,0.5,0.4,0.4141414141414142,0.06060606060606061,0.3571428565709837,0.6428571434290151,-3.0142837377421564e-12,1.0000000004815306
261,130.93645484949832,0.5,0.4,0.4141414141414142,0.06060606060606061,0.3571428565722758,0.642857143427723,-3.054309565316047e-12,1.0000000005287852
262,131.438127090301,0.5,0.4,0.4141414141414142,0.06060606060606061,0.3571428565763416,0.6428571434236573,-3.077372578441027e-12,1.00000000057798
263,131.93979933110367,0.5,0.4,0.4141414141414142,0.06060606060606061,0.35714285658318107,0.6428571434168179,-3.083472777117093e-12,1.0000000006291148
264,132.44147157190636,0.5,0.4,0.4141414141414142,0.06060606060606061,0.3571428565927942,0.6428571434072047,-3.0726101613442456e-12,1.0000000006821896
265,132.94314381270902,0.5,0.4,0.4141414141414142,0.06060606060606061,0.35714285660518114,0.6428571433948178,-3.0447847311224857e-12,1.0000000007372047
266,133.44481605351172,0.5,0.4,0.4141414141414142,0.06060606060606061,0.3571428566203417,0.6428571433796572,-2.9999964864518112e-12,1.0000000007941596
267,133.94648829431438,0.5,0.4,0.4141414141414142,0.06060606060606061,0.357142856638276,0.642857143361723,-2.9382454273322266e-12,1.0000000008530547
268,134.44816053511707,0.5,0.4,0.4141414141414142,0.06060606060606061,0.357142856658984,0.642857143341015,-2.859531553763725e-12,1.0000000009138899
269,134.94983277591973,0.5,0.4,0.4141414141414142,0.06060606060606061,0.35714285668246565,0.6428571433175332,-2.7638548657463145e-12,1.000000000976665
270,135.45150501672242,0.5,0.4,0.4141414141414142,0.06060606060606061,0.35714285670872103,0.6428571432912779,-2.6512153632799855e-12,1.0000000010413803
271,135.95317725752508,0.5,0.4,0.4141414141414142,0.06060606060606061,0.35714285673775015,0.6428571432622487,-2.52161304636475e-12,1.0000000011080357
272,136.45484949832775,0.5,0.4,0.4141414141414142,0.06060606060606061,0.35714285676955293,0.642857143230446,-2.375047915000602e-12,1.000000001176631
273,136.95652173913044,0.5,0.4,0.4141414141414142,0.06060606060606061,0.35714285680412944,0.6428571431958695,-2.2115199691875325e-12,1.0000000012471666
274,137.4581939799331,0.5,0.4,0.4141414141414142,0.06060606060606061,0.3571428568414796,0.6428571431585193,-2.03102920892556e-12,1.000000001319642
275,137.9598662207358,0.5,0.4,0.4141414141414142,0.06060606060606061,0.35714285683009794,0.642857143169901,-2.5663391345198606e-12,0.9999999982253295
276,138.46153846153845,0.5,0.4,0.4141414141414142,0.06060606060606061,0.35714285684069585,0.6428571431593031,-2.4874309480114927e-12,0.9999999987441773
277,138.96321070234114,0.5,0.4,0.4141414141414142,0.06060606060606061,0.3571428568512937,0.6428571431487052,-2.40852276150312e-12,0.9999999992630252
278,139.4648829431438,0.5,0.4,0.4141414141414142,0.06060606060606061,0.3571428568618916,0.6428571431381074,-2.329614574994752e-12,0.9999999997818732
279,139.9665551839465,0.5,0.4,0.4141414141414142,0.06060606060606061,0.3571428568724895,0.6428571431275094,-2.2507063884863795e-12,1.000000000300721
280,140.46822742474916,0.5,0.4,0.4141414141414142,0.06060606060606061,0.3571428568830874,0.6428571431169116,-2.1717982019780113e-12,1.0000000008195689
281,140.96989966555185,0.5,0.4,0.4141414141414142,0.06060606060606061,0.35714285689368525,0.6428571431063137,-2.0928900154696386e-12,1.0000000013384167
282,141.4715719063545,0.5,0.4,0.4141414141414142,0.06060606060606061,0.35714285690428316,0.6428571430957158,-2.0139818289612703e-12,1.0000000018572646
283,141.9732441471572,0.5,0.4,0.4141414141414142,0.06060606060606061,0.357142856914881,0.6428571430851179,-1.935073642452898e-12,1.0000000023761126
284,142.47491638795987,0.5,0.4,0.4141414141414142,0.06060606060606061,0.3571428569254789,0.64285714307452,-1.8561654559445298e-12,1.0000000028949605
285,142.97658862876253,0.5,0.4,0.4141414141414142,0.06060606060606061,0.3571428569360768,0.6428571430639222,-1.7772572694361617e-12,1.0000000034138083
286,143.47826086956522,0.5,0.4,0.4141414141414142,0.06060606060606061,0.3571428569466747,0.6428571430533243,-1.6983490829277893e-12,1.0000000039326562
287,143.97993311036788,0.5,0.4,0.4141414141414142,0.06060606060606061,0.35714285695727255,0.6428571430427263,-1.619440896419421e-12,1.000000004451504
288,144.48160535117057,0.5,0.4,0.4141414141414142,0.06060606060606061,0.35714285696787046,0.6428571430321285,-1.5405327099110483e-12,1.000000004970352
289,144.98327759197323,0.5,0.4,0.4141414141414142,0.06060606060606061,0.3571428569784683,0.6428571430215306,-1.4616245234026805e-12,1.0000000054892
290,145.48494983277592,0.5,0.4,0.4141414141414142,0.06060606060606061,0.3571428569890662,0.6428571430109328,-1.3827163368943078e-12,1.0000000060080478
291,145.9866220735786,0.5,0.4,0.4141414141414142,0.06060606060606061,0.3571428569996641,0.6428571430003348,-1.3038081503859396e-12,1.0000000065268957
292,146.48829431438128,0.5,0.4,0.4141414141414142,0.06060606060606061,0.357142857010262,0.642857142989737,-1.224899963877567e-12,1.0000000070457435
293,146.98996655518394,0.5,0.4,0.4141414141414142,0.06060606060606061,0.35714285702085985,0.6428571429791391,-1.145991777369199e-12,1.0000000075645914
294,147.49163879598663,0.5,0.4,0.4141414141414142,0.06060606060606061,0.3571428570314577,0.6428571429685412,-1.0670835908608263e-12,1.0000000080834393
295,147.9933110367893,0.5,0.4,0.4141414141414142,0.06060606060606061,0.3571428570420556,0.6428571429579434,-9.88175404352458e-13,1.000000008602287
296,148.49498327759198,0.5,0.4,0.4141414141414142,0.06060606060606061,0.3571428570526535,0.6428571429473454,-9.092672178440856e-13,1.0000000091211352
297,148.99665551839465,0.5,0.4,0.4141414141414142,0.06060606060606061,0.35714285706314625,0.6428571429368527,-8.311027838568217e-13,1.0000000096306854
298,149.49832775919734,0.5,0.4,0.4141414141414142,0.06060606060606061,0.35714285706450494,0.642857142935494,-8.175696271875337e-13,1.0000000093322883
299,150.0,0.5,0.4,0.4141414141414142,0.06060606060606061,0.35714285706586363,0.6428571429341353,-8.040364705182465e-13,1.0000000090338912
