,time,sigma,beta,S,I,C,D
0,0.0,0.19191919191919193,0.787878787878788,0.9998,0.0002,0.5,0.5
1,0.5016722408026756,0.19191919191919193,0.787878787878788,0.9997628110456509,0.00023718895434898015,0.4791109268240573,0.5208890731759426
2,1.0033444816053512,0.19191919191919193,0.787878787878788,0.9997172663436773,0.0002827336563225646,0.4582949408811116,0.5417050591188882
3,1.5050167224080266,0.19191919191919193,0.787878787878788,0.9996612264860482,0.00033877351395156143,0.437623912215176,0.562376087784824
4,2.0066889632107023,0.19191919191919193,0.787878787878788,0.9995919529737597,0.0004080470262401471,0.41716771921174506,0.5828322807882549
5,2.508361204013378,0.19191919191919193,0.787878787878788,0.9995059153434676,0.000494084656532246,0.39699330859307513,0.6030066914069246
6,3.0100334448160533,0.19191919191919193,0.787878787878788,0.9993985777941833,0.0006014222058165644,0.3771639471987535,0.6228360528012462
7,3.511705685618729,0.19191919191919193,0.787878787878788,0.9992640379379389,0.0007359620620609234,0.35773832834650837,0.6422616716534915
8,4.013377926421405,0.19191919191919193,0.787878787878788,0.9990946499542661,0.0009053500457337053,0.33877011020426384,0.661229889795736
9,4.51505016722408,0.19191919191919193,0.787878787878788,0.9988804520896858,0.0011195479103140126,0.3203073897296334,0.6796926102703664
10,5.016722408026756,0.19191919191919193,0.787878787878788,0.9986084428412336,0.0013915571587662533,0.3023923624823121,0.6976076375176876
11,5.518394648829432,0.19191919191919193,0.787878787878788,0.998261589544036,0.0017384104559638742,0.28506111757455344,0.7149388824254463
12,6.020066889632107,0.19191919191919193,0.787878787878788,0.9978175316484824,0.0021824683515174774,0.26834357881088033,0.7316564211891193
13,6.521739130434782,0.19191919191919193,0.787878787878788,0.9972468819604025,0.002753118039597456,0.2522635728005194,0.7477364271994802
14,7.023411371237458,0.19191919191919193,0.787878787878788,0.9965109260050825,0.0034890739949173873,0.23683899673587594,0.7631610032641238
15,7.525083612040134,0.19191919191919193,0.787878787878788,0.9955586131802541,0.004441386819745745,0.22208209510361168,0.777917904896388
16,8.02675585284281,0.19191919191919193,0.787878787878788,0.9943225862289754,0.0056774137710244145,0.20799981848680588,0.792000181513194
17,8.528428093645484,0.19191919191919193,0.787878787878788,0.9927140027271558,0.007285997272843979,0.19459424922164187,0.805405750778358
18,9.03010033444816,0.19191919191919193,0.787878787878788,0.9906157337306789,0.009384266269320858,0.18186308128724096,0.8181369187127587
19,9.531772575250836,0.19191919191919193,0.787878787878788,0.9878738144264606,0.012126185573539141,0.169800130893922,0.8301998691060777
20,10.033444816053512,0.19191919191919193,0.787878787878788,0.9842865828025308,0.01571341719746884,0.15839587357577017,0.8416041264242294
21,10.535117056856187,0.19191919191919193,0.787878787878788,0.9795914977312725,0.020408502268727126,0.14763798680221735,0.8523620131977823
22,11.036789297658864,0.19191919191919193,0.787878787878788,0.973449812119587,0.026550187880412527,0.13751188774070205,0.8624881122592977
23,11.538461538461538,0.19191919191919193,0.787878787878788,0.9654300015668611,0.034569998433138474,0.12800125172941484,0.8719987482705849
24,12.040133779264213,0.19191919191919193,0.787878787878788,0.954992253249024,0.04500774675097556,0.11908849418450079,0.8809115058154988
25,12.54180602006689,0.19191919191919193,0.787878787878788,0.9414788233989985,0.05852117660100108,0.1107551952002489,0.8892448047997508
26,13.043478260869565,0.19191919191919193,0.787878787878788,0.9241176179370224,0.07588238206297714,0.10298243919593932,0.8970175608040604
27,13.545150501672241,0.19191919191919193,0.787878787878788,0.9020510554979717,0.09794894450202776,0.0957510306684327,0.9042489693315671
28,14.046822742474916,0.19191919191919193,0.787878787878788,0.8744051648222868,0.12559483517771267,0.08904154241594274,0.9109584575840569
29,14.548494983277592,0.19191919191919193,0.787878787878788,0.8404127261304593,0.15958727386954014,0.08283415272011165,0.917165847279888
30,15.050167224080267,0.19191919191919193,0.787878787878788,0.7995948434118019,0.20040515658819752,0.07710824671946892,0.9228917532805307
31,15.551839464882944,0.19191919191919193,0.787878787878788,0.7519807375244155,0.2480192624755838,0.07184180938148729,0.9281581906185126
32,16.05351170568562,0.19191919191919193,0.787878787878788,0.6983092448289816,0.30169075517101757,0.0670107215942519,0.9329892784057479
33,16.555183946488295,0.19191919191919193,0.787878787878788,0.6401240902658145,0.35987590973418476,0.0625881672224429,0.9374118327775569
34,17.05685618729097,0.19191919191919193,0.787878787878788,0.5796777650859026,0.42032223491409676,0.058544415953832446,0.9414555840461672
35,17.558528428093645,0.19191919191919193,0.787878787878788,0.5196203400707194,0.4803796599292799,0.05484719853926445,0.9451528014607351
36,18.06020066889632,0.19191919191919193,0.787878787878788,0.462550696374064,0.5374493036259353,0.051462714494973937,0.9485372855050256
37,18.561872909698998,0.19191919191919193,0.787878787878788,0.4105824511536056,0.5894175488463937,0.04835708336022224,0.9516429166397773
38,19.06354515050167,0.19191919191919193,0.787878787878788,0.3650705047079816,0.6349294952920178,0.04549788437070524,0.9545021156292943
39,19.565217391304348,0.19191919191919193,0.787878787878788,0.32655767461933516,0.6734423253806643,0.04285542813124793,0.9571445718687517
40,20.066889632107024,0.19191919191919193,0.787878787878788,0.2949029253320269,0.7050970746679726,0.04040354194708441,0.9595964580529153
41,20.568561872909697,0.19191919191919193,0.787878787878788,0.26949958892903053,0.7305004110709689,0.03811983610693877,0.961880163893061
42,21.070234113712374,0.19191919191919193,0.787878787878788,0.24949749713487435,0.7505025028651251,0.0359855565493515,0.9640144434506482
43,21.57190635451505,0.19191919191919193,0.787878787878788,0.2339780274917084,0.766021972508291,0.03398518123442515,0.9660148187655746
44,22.073578595317727,0.19191919191919193,0.787878787878788,0.22206773931830898,0.7779322606816903,0.03210590794156296,0.9678940920584368
45,22.5752508361204,0.19191919191919193,0.787878787878788,0.2129979057348328,0.7870020942651664,0.03033713649388974,0.96966286350611
46,23.076923076923077,0.19191919191919193,0.787878787878788,0.20612572156654707,0.7938742784334522,0.028670004139926906,0.9713299958600728
47,23.578595317725753,0.19191919191919193,0.787878787878788,0.20093245135579182,0.7990675486442075,0.027096998118804585,0.9729030018811952
48,24.080267558528426,0.19191919191919193,0.787878787878788,0.19700992927884203,0.8029900707211574,0.02561164752242994,0.9743883524775698
49,24.581939799331103,0.19191919191919193,0.787878787878788,0.19404281139295734,0.805957188607042,0.024208286342221896,0.975791713657778
50,25.08361204013378,0.19191919191919193,0.787878787878788,0.19179070235603274,0.8082092976439667,0.022881875150391695,0.9771181248496081
51,25.585284280936456,0.19191919191919193,0.787878787878788,0.19007212079571217,0.8099278792042872,0.021627868802249192,0.9783721311977506
52,26.08695652173913,0.19191919191919193,0.787878787878788,0.18875105185446342,0.8112489481455359,0.020442119096153493,0.9795578809038463
53,26.588628762541806,0.19191919191919193,0.787878787878788,0.187726086379247,0.8122739136207523,0.01932080334213793,0.9806791966578619
54,27.090301003344482,0.19191919191919193,0.787878787878788,0.18692189934425338,0.813078100655746,0.018260371877509934,0.9817396281224899
55,27.59197324414716,0.19191919191919193,0.787878787878788,0.18628269431870176,0.8137173056812977,0.017257509154054277,0.9827424908459456
56,28.093645484949832,0.19191919191919193,0.787878787878788,0.18576720843397493,0.8142327915660245,0.016309104617330063,0.9836908953826698
57,28.59531772575251,0.19191919191919193,0.787878787878788,0.18534495613224544,0.8146550438677541,0.015412230547919457,0.9845877694520805
58,29.096989966555185,0.19191919191919193,0.787878787878788,0.1849934168833797,0.8150065831166199,0.014564124832735486,0.9854358751672644
59,29.598662207357858,0.19191919191919193,0.787878787878788,0.18469594748383897,0.8153040525161607,0.01376217727445562,0.9862378227255442
60,30.100334448160535,0.19191919191919193,0.787878787878788,0.18444023165311793,0.8155597683468817,0.01300391839259252,0.9869960816074073
61,30.60200668896321,0.19191919191919193,0.787878787878788,0.18421713649731408,0.8157828635026855,0.012287010037391494,0.9877129899626085
62,31.103678929765888,0.19191919191919193,0.787878787878788,0.18401986883643204,0.8159801311635675,0.011609237311620956,0.988390762688379
63,31.60535117056856,0.19191919191919193,0.787878787878788,0.1838433560682463,0.8161566439317532,0.010968501462506292,0.9890314985374936
64,32.10702341137124,0.19191919191919193,0.787878787878788,0.18368379050661612,0.8163162094933833,0.010362813497613968,0.989637186502386
65,32.608695652173914,0.19191919191919193,0.787878787878788,0.18353829092348312,0.8164617090765164,0.009790288337972228,0.9902097116620276
66,33.11036789297659,0.19191919191919193,0.787878787878788,0.18340466366660066,0.8165953363333988,0.009249139448409419,0.9907508605515905
67,33.61204013377927,0.19191919191919193,0.787878787878788,0.18328122031741337,0.8167187796825862,0.008737673804719298,0.9912623261952807
68,34.11371237458194,0.19191919191919193,0.787878787878788,0.1831666450367673,0.8168333549632323,0.00825428716525572,0.9917457128347442
69,34.61538461538461,0.19191919191919193,0.787878787878788,0.18305989869112355,0.816940101308876,0.007797459601009045,0.9922025403989909
70,35.11705685618729,0.19191919191919193,0.787878787878788,0.18296014873923916,0.8170398512607604,0.007365751264356487,0.9926342487356434
71,35.618729096989966,0.19191919191919193,0.787878787878788,0.1828667176787906,0.8171332823212089,0.006957798368150278,0.9930422016318496
72,36.12040133779264,0.19191919191919193,0.787878787878788,0.18277904390267885,0.8172209560973206,0.00657230935149726,0.9934276906485028
73,36.62207357859532,0.19191919191919193,0.787878787878788,0.18269665418142042,0.8173033458185791,0.006208061211314757,0.9937919387886852
74,37.123745819397996,0.19191919191919193,0.787878787878788,0.18261914417057676,0.8173808558294228,0.005863896133541439,0.9941361038664586
75,37.625418060200666,0.19191919191919193,0.787878787878788,0.1825461616153591,0.8174538383846405,0.005538717888510753,0.9944612821114892
76,38.12709030100334,0.19191919191919193,0.787878787878788,0.18247739527208623,0.8175226047279133,0.005231489021237239,0.9947685109787626
77,38.62876254180602,0.19191919191919193,0.787878787878788,0.18241256886043145,0.817587431139568,0.004941227671432838,0.9950587723285671
78,39.130434782608695,0.19191919191919193,0.787878787878788,0.18235143300000872,0.8176485669999908,0.004667004783043793,0.9953329952169561
79,39.63210702341137,0.19191919191919193,0.787878787878788,0.18229376008255618,0.8177062399174433,0.00440794147779229,0.9955920585222076
80,40.13377926421405,0.19191919191919193,0.787878787878788,0.18223934021419524,0.8177606597858043,0.00416320595742141,0.9958367940425784
81,40.635451505016725,0.19191919191919193,0.787878787878788,0.18218798058615948,0.8178120194138401,0.003932011419405299,0.9960679885805945
82,41.137123745819395,0.19191919191919193,0.787878787878788,0.18213950285662406,0.8178604971433756,0.003713613848844343,0.9962863861511555
83,41.63879598662207,0.19191919191919193,0.787878787878788,0.18209374055422176,0.8179062594457779,0.0035073094612774964,0.9964926905387224
84,42.14046822742475,0.19191919191919193,0.787878787878788,0.18205053793734274,0.8179494620626568,0.003312432573420642,0.9966875674265792
85,42.642140468227424,0.19191919191919193,0.787878787878788,0.18200974929824193,0.8179902507017576,0.00312835380663914,0.9968716461933607
86,43.1438127090301,0.19191919191919193,0.787878787878788,0.18197123808477997,0.8180287619152196,0.0029544781771927895,0.997045521822807
87,43.64548494983278,0.19191919191919193,0.787878787878788,0.1819348758478923,0.8180651241521072,0.0027902429383972038,0.9972097570616025
88,44.147157190635454,0.19191919191919193,0.787878787878788,0.18190054173365117,0.8180994582663483,0.002635116101094924,0.9973648838989049
89,44.64882943143812,0.19191919191919193,0.787878787878788,0.18186812192904594,0.8181318780709536,0.002488594715634143,0.9975114052843657
90,45.1505016722408,0.19191919191919193,0.787878787878788,0.1818375093240899,0.8181624906759095,0.002350203642220956,0.9976497963577788
91,45.65217391304348,0.19191919191919193,0.787878787878788,0.18180860281761133,0.8181913971823881,0.002219493390857809,0.997780506609142
92,46.15384615384615,0.19191919191919193,0.787878787878788,0.18178130717326738,0.818218692826732,0.002096039573191035,0.9979039604268087
93,46.65551839464883,0.19191919191919193,0.787878787878788,0.18175553237228032,0.8182444676277191,0.0019794405024684382,0.9980205594975313
94,47.15719063545151,0.19191919191919193,0.787878787878788,0.18173119361262732,0.8182688063873721,0.0018693170283269464,0.9981306829716728
95,47.65886287625418,0.19191919191919193,0.787878787878788,0.18170821084005687,0.8182917891599424,0.001765310696618814,0.998234689303381
96,48.16053511705685,0.19191919191919193,0.787878787878788,0.18168650841229825,0.8183134915877011,0.0016670824957609038,0.9983329175042389
97,48.66220735785953,0.19191919191919193,0.787878787878788,0.1816660150042117,0.8183339849957876,0.0015743124037041008,0.9984256875962957
98,49.163879598662206,0.19191919191919193,0.787878787878788,0.18164666304820043,0.8183533369517988,0.0014866970247841174,0.9985133029752157
99,49.66555183946488,0.19191919191919193,0.787878787878788,0.18162838917344482,0.8183716108265544,0.0014039515111164715,0.9985960484888833
100,50.16722408026756,0.19191919191919193,0.787878787878788,0.18161113363375747,0.8183888663662419,0.0013258072313646614,0.9986741927686352
101,50.668896321070235,0.19191919191919193,0.787878787878788,0.18159483985470934,0.81840516014529,0.0012520096216068197,0.998747990378393
102,51.17056856187291,0.19191919191919193,0.787878787878788,0.18157945410841514,0.8184205458915842,0.0011823170851688336,0.9988176829148311
103,51.67224080267559,0.19191919191919193,0.787878787878788,0.18156492515939934,0.8184350748406,0.0011164996332182937,0.9988835003667815
104,52.17391304347826,0.19191919191919193,0.787878787878788,0.18155120479487674,0.8184487952051226,0.0010543405476426306,0.9989456594523572
105,52.675585284280935,0.19191919191919193,0.787878787878788,0.18153824866751528,0.8184617513324841,0.0009956392324428794,0.999004360767557
106,53.17725752508361,0.19191919191919193,0.787878787878788,0.1815260141887818,0.8184739858112176,0.0009402034994176651,0.9990597965005823
107,53.67892976588629,0.19191919191919193,0.787878787878788,0.18151446107156785,0.8184855389284316,0.0008878513552600872,0.9991121486447397
108,54.180602006688964,0.19191919191919193,0.787878787878788,0.18150355165760165,0.8184964483423978,0.0008384121192097464,0.9991615878807901
109,54.68227424749164,0.19191919191919193,0.787878787878788,0.18149325036942876,0.8185067496305706,0.0007917242113220032,0.9992082757886779
110,55.18394648829432,0.19191919191919193,0.787878787878788,0.18148352356871486,0.8185164764312846,0.0007476344877238697,0.999252365512276
111,55.68561872909699,0.19191919191919193,0.787878787878788,0.18147433934572738,0.818525660654272,0.0007059985220268902,0.999294001477973
112,56.187290969899664,0.19191919191919193,0.787878787878788,0.1814656673185012,0.8185343326814981,0.0006666802600769948,0.9993333197399229
113,56.68896321070234,0.19191919191919193,0.787878787878788,0.18145747862573886,0.8185425213742605,0.0006295505714697545,0.9993704494285301
114,57.19063545150502,0.19191919191919193,0.787878787878788,0.1814497456745956,0.8185502543254038,0.000594486549171242,0.9994055134508286
115,57.69230769230769,0.19191919191919193,0.787878787878788,0.18144244346931546,0.818557556530684,0.0005613758497072729,0.9994386241502926
116,58.19397993311037,0.19191919191919193,0.787878787878788,0.18143554733391665,0.8185644526660828,0.0005301080476866392,0.9994698919523133
117,58.69565217391305,0.19191919191919193,0.787878787878788,0.1814290343169015,0.818570965683098,0.0005005808727213899,0.9994994191272785
118,59.197324414715716,0.19191919191919193,0.787878787878788,0.18142288338282145,0.8185771166171779,0.00047269757063338376,0.9995273024293665
119,59.69899665551839,0.19191919191919193,0.787878787878788,0.181417075207557,0.8185829247924424,0.0004463667776497972,0.99955363322235
120,60.20066889632107,0.19191919191919193,0.787878787878788,0.18141159159354475,0.8185884084064546,0.00042150216130830886,0.9995784978386916
121,60.702341137123746,0.19191919191919193,0.787878787878788,0.18140641452334047,0.8185935854766588,0.00039802184978975823,0.9996019781502101
122,61.20401337792642,0.19191919191919193,0.787878787878788,0.1814015267288068,0.8185984732711926,0.00037584877656617836,0.9996241512234336
123,61.7056856187291,0.19191919191919193,0.787878787878788,0.18139691217997536,0.818603087820024,0.00035491090689903927,0.9996450890931008
124,62.207357859531776,0.19191919191919193,0.787878787878788,0.18139255499974394,0.8186074450002554,0.00033513902770437154,0.9996648609722955
125,62.709030100334445,0.19191919191919193,0.787878787878788,0.1813884399664069,0.8186115600335925,0.0003164680500894173,0.9996835319499103
126,63.21070234113712,0.19191919191919193,0.787878787878788,0.18138455278313928,0.8186154472168601,0.00029883736932829574,0.9997011626306715
127,63.7123745819398,0.19191919191919193,0.787878787878788,0.1813808809681798,0.8186191190318195,0.0002821885504554791,0.9997178114495443
128,64.21404682274247,0.19191919191919193,0.787878787878788,0.18137741303237498,0.8186225869676244,0.0002664668421782467,0.9997335331578215
129,64.71571906354515,0.19191919191919193,0.787878787878788,0.1813741370293319,0.8186258629706674,0.00025161648446493667,0.9997483835155349
130,65.21739130434783,0.19191919191919193,0.787878787878788,0.1813710462306264,0.818628953769373,0.00023760170432638776,0.9997623982956734
131,65.7190635451505,0.19191919191919193,0.787878787878788,0.18136812783597733,0.818631872164022,0.00022436414160134372,0.9997756358583985
132,66.22073578595318,0.19191919191919193,0.787878787878788,0.1813653737314109,0.8186346262685884,0.00021186386806708318,0.9997881361319327
133,66.72240802675586,0.19191919191919193,0.787878787878788,0.18136277343469692,0.8186372265653024,0.00020006040483483463,0.999799939595165
134,67.22408026755853,0.19191919191919193,0.787878787878788,0.18136031723193596,0.8186396827680633,0.00018891424360574535,0.9998110857563941
135,67.72575250836121,0.19191919191919193,0.787878787878788,0.18135799741511646,0.8186420025848827,0.00017838935867651407,0.9998216106413232
136,68.22742474916387,0.19191919191919193,0.787878787878788,0.18135580636508092,0.8186441936349184,0.00016845043735202545,0.9998315495626477
137,68.72909698996655,0.19191919191919193,0.787878787878788,0.18135373755310566,0.8186462624468936,0.0001590653974994578,0.9998409346025003
138,69.23076923076923,0.19191919191919193,0.787878787878788,0.18135178423228435,0.8186482157677148,0.0001502030383979874,0.9998497969616017
139,69.7324414715719,0.19191919191919193,0.787878787878788,0.18134993985452405,0.8186500601454753,0.0001418344201088892,0.9998581655798908
140,70.23411371237458,0.19191919191919193,0.787878787878788,0.18134819824880766,0.8186518017511917,0.00013393200298225143,0.9998660679970174
141,70.73578595317726,0.19191919191919193,0.787878787878788,0.18134655354702428,0.818653446452975,0.0001264697120966609,0.9998735302879029
142,71.23745819397993,0.19191919191919193,0.787878787878788,0.1813450004646051,0.8186549995353941,0.00011942333522625763,0.9998805766647734
143,71.73913043478261,0.19191919191919193,0.787878787878788,0.18134353386982618,0.8186564661301731,0.00011276932264406196,0.9998872306773555
144,72.24080267558529,0.19191919191919193,0.787878787878788,0.18134214905259766,0.8186578509474016,0.00010648619836371431,0.9998935138016358
145,72.74247491638796,0.19191919191919193,0.787878787878788,0.18134084140049395,0.8186591585995052,0.00010055301027353209,0.999899446989726
146,73.24414715719064,0.19191919191919193,0.787878787878788,0.18133960661332066,0.8186603933866785,9.49503825513987e-05,0.9999050496174482
147,73.74581939799332,0.19191919191919193,0.787878787878788,0.18133844059734927,0.8186615594026498,8.965974123871992e-05,0.9999103402587608
148,74.24749163879599,0.19191919191919193,0.787878787878788,0.18133733949547157,0.8186626605045275,8.466359254967212e-05,0.9999153364074499
149,74.74916387959867,0.19191919191919193,0.787878787878788,0.1813362996330598,0.8186637003669393,7.994540781081743e-05,0.9999200545921887
150,75.25083612040133,0.19191919191919193,0.787878787878788,0.18133531763396288,0.8186646823660362,7.549010761742758e-05,0.999924509892382
151,75.75250836120401,0.19191919191919193,0.787878787878788,0.1813343902824834,0.8186656097175158,7.128321503481965e-05,0.9999287167849646
152,76.25418060200668,0.19191919191919193,0.787878787878788,0.18133351438257037,0.8186664856174288,6.730999171763224e-05,0.9999326900082819
153,76.75585284280936,0.19191919191919193,0.787878787878788,0.1813326871363341,0.8186673128636651,6.355776017458615e-05,0.9999364422398249
154,77.25752508361204,0.19191919191919193,0.787878787878788,0.18133190599396862,0.8186680940060306,6.001498301186263e-05,0.9999399850169876
155,77.75919732441471,0.19191919191919193,0.787878787878788,0.18133116857316106,0.8186688314268382,5.667083064880967e-05,0.9999433291693506
156,78.26086956521739,0.19191919191919193,0.787878787878788,0.18133047226844717,0.8186695277315521,5.351310677806379e-05,0.9999464868932213
157,78.76254180602007,0.19191919191919193,0.787878787878788,0.1813298148048435,0.8186701851951558,5.0531188460349365e-05,0.999949468811539
158,79.26421404682274,0.19191919191919193,0.787878787878788,0.1813291941193339,0.8186708058806653,4.77153967516964e-05,0.9999522846032477
159,79.76588628762542,0.19191919191919193,0.787878787878788,0.18132860830528927,0.81867139169471,4.5056727790692814e-05,0.9999549432722087
160,80.2675585284281,0.19191919191919193,0.787878787878788,0.18132805534796384,0.8186719446520354,4.2546156261801644e-05,0.9999574538437376
161,80.76923076923077,0.19191919191919193,0.787878787878788,0.18132753335659257,0.8186724666434066,4.01752465941488e-05,0.9999598247534052
162,81.27090301003345,0.19191919191919193,0.787878787878788,0.18132704062936056,0.8186729593706387,3.7936324050124845e-05,0.9999620636759492
163,81.77257525083613,0.19191919191919193,0.787878787878788,0.18132657558032894,0.8186734244196703,3.5822282294063454e-05,0.9999641777177053
164,82.27424749163879,0.19191919191919193,0.787878787878788,0.18132613659264055,0.8186738634073587,3.382615639272366e-05,0.9999661738436066
165,82.77591973244147,0.19191919191919193,0.787878787878788,0.18132572200317448,0.8186742779968248,3.194107817808283e-05,0.9999680589218212
166,83.27759197324414,0.19191919191919193,0.787878787878788,0.18132533033025702,0.8186746696697422,3.0160938619227222e-05,0.99996983906138
167,83.77926421404682,0.19191919191919193,0.787878787878788,0.18132496016600827,0.8186750398339909,2.8480074677272106e-05,0.999971519925322
168,84.2809364548495,0.19191919191919193,0.787878787878788,0.18132461020296659,0.8186753897970327,2.68930848683834e-05,0.9999731069151309
169,84.78260869565217,0.19191919191919193,0.787878787878788,0.18132427930093745,0.8186757206990618,2.5394371962424577e-05,0.9999746056280369
170,85.28428093645485,0.19191919191919193,0.787878787878788,0.18132396635918832,0.818676033640811,2.3979017275267583e-05,0.999976020982724
171,85.78595317725753,0.19191919191919193,0.787878787878788,0.1813236703587216,0.8186763296412777,2.264249148658112e-05,0.9999773575085127
172,86.2876254180602,0.19191919191919193,0.787878787878788,0.18132339036763512,0.8186766096323641,2.13806179702773e-05,0.9999786193820289
173,86.78929765886288,0.19191919191919193,0.787878787878788,0.18132312559901895,0.8186768744009804,2.0189279759947595e-05,0.9999798107202392
174,87.29096989966555,0.19191919191919193,0.787878787878788,0.1813228754520108,0.8186771245479885,1.906421175364295e-05,0.9999809357882455
175,87.79264214046823,0.19191919191919193,0.787878787878788,0.1813226393662545,0.8186773606337447,1.800173734761816e-05,0.9999819982626516
176,88.29431438127091,0.19191919191919193,0.787878787878788,0.18132241688454925,0.81867758311545,1.6998451347548683e-05,0.9999830015486516
177,88.79598662207358,0.19191919191919193,0.787878787878788,0.1813222076542491,0.8186777923457501,1.6051211935626827e-05,0.9999839487880635
178,89.29765886287625,0.19191919191919193,0.787878787878788,0.18132201106606913,0.8186779889339302,1.5156834200837932e-05,0.9999848431657983
179,89.79933110367892,0.19191919191919193,0.787878787878788,0.18132182637034092,0.8186781736296583,1.4312188780858988e-05,0.9999856878112182
180,90.3010033444816,0.19191919191919193,0.787878787878788,0.18132165306659045,0.8186783469334088,1.3514532415073002e-05,0.999986485467584
181,90.80267558528428,0.19191919191919193,0.787878787878788,0.18132149068624115,0.8186785093137582,1.2761323569991915e-05,0.999987238676429
182,91.30434782608695,0.19191919191919193,0.787878787878788,0.18132133876304027,0.818678661236959,1.2050214412319032e-05,0.9999879497855867
183,91.80602006688963,0.19191919191919193,0.787878787878788,0.1813211957015796,0.8186788042984198,1.137874369582307e-05,0.9999886212563032
184,92.3076923076923,0.19191919191919193,0.787878787878788,0.18132105975337573,0.8186789402466236,1.074460169507015e-05,0.9999892553983039
185,92.80936454849498,0.19191919191919193,0.787878787878788,0.18132092939734826,0.8186790706026511,1.0145733477111425e-05,0.9999898542665218
186,93.31103678929766,0.19191919191919193,0.787878787878788,0.18132080296342346,0.8186791970365759,9.580236737707203e-06,0.9999904197632612
187,93.81270903010034,0.19191919191919193,0.787878787878788,0.18132067903122606,0.8186793209687733,9.046351784371494e-06,0.9999909536482144
188,94.31438127090301,0.19191919191919193,0.787878787878788,0.18132056403445568,0.8186794359655437,8.542268436452558e-06,0.9999914577315623
189,94.81605351170569,0.19191919191919193,0.787878787878788,0.1813204605670972,0.8186795394329022,8.066249151722366e-06,0.9999919337508469
190,95.31772575250837,0.19191919191919193,0.787878787878788,0.18132036131225127,0.8186796386877481,7.61676086759189e-06,0.999992383239131
191,95.81939799331104,0.19191919191919193,0.787878787878788,0.1813202667427007,0.8186797332572988,7.192320538798144e-06,0.9999928076794597
192,96.3210702341137,0.19191919191919193,0.787878787878788,0.1813201782467929,0.8186798217532065,6.791531172726232e-06,0.9999932084688258
193,96.82274247491638,0.19191919191919193,0.787878787878788,0.18132009501361437,0.8186799049863851,6.413077575552276e-06,0.9999935869224229
194,97.32441471571906,0.19191919191919193,0.787878787878788,0.18132001631307054,0.818679983686929,6.055722663254305e-06,0.9999939442773351
195,97.82608695652173,0.19191919191919193,0.787878787878788,0.1813199415436545,0.818680058456345,5.7182779883308444e-06,0.99999428172201
196,98.32775919732441,0.19191919191919193,0.787878787878788,0.1813198710182583,0.8186801289817413,5.399642966098126e-06,0.9999946003570321
197,98.82943143812709,0.19191919191919193,0.787878787878788,0.1813198046552706,0.8186801953447289,5.098760416758719e-06,0.9999949012395815
198,99.33110367892976,0.19191919191919193,0.787878787878788,0.181319742005545,0.8186802579944545,4.814273800545778e-06,0.9999951857261976
199,99.83277591973244,0.19191919191919193,0.787878787878788,0.18131968313316185,0.8186803168668376,4.546354690454183e-06,0.9999954536453077
200,100.33444816053512,0.19191919191919193,0.787878787878788,0.1813196273185312,0.8186803726814682,4.29292082590872e-06,0.9999957070791722
201,100.8361204013378,0.19191919191919193,0.787878787878788,0.18131957456724188,0.8186804254327575,4.053548472378692e-06,0.9999959464515257
202,101.33779264214047,0.19191919191919193,0.787878787878788,0.18131952474506452,0.8186804752549349,3.8274914091453575e-06,0.9999961725085889
203,101.83946488294315,0.19191919191919193,0.787878787878788,0.18131947775140855,0.818680522248591,3.6142259108102504e-06,0.9999963857740872
204,102.34113712374582,0.19191919191919193,0.787878787878788,0.18131943331687264,0.8186805666831269,3.412566812357345e-06,0.9999965874331855
205,102.8428093645485,0.19191919191919193,0.787878787878788,0.18131939146837006,0.8186806085316295,3.22262994381329e-06,0.999996777370054
206,103.34448160535118,0.19191919191919193,0.787878787878788,0.18131935203961888,0.8186806479603806,3.0436801970512796e-06,0.9999969563198007
207,103.84615384615384,0.19191919191919193,0.787878787878788,0.18131931486797226,0.8186806851320273,2.8750006547588874e-06,0.999997124999343
208,104.34782608695652,0.19191919191919193,0.787878787878788,0.18131927979078366,0.8186807202092159,2.71587440163092e-06,0.9999972841255961
209,104.84949832775919,0.19191919191919193,0.787878787878788,0.18131924664540666,0.8186807533545929,2.565584522362201e-06,0.9999974344154753
210,105.35117056856187,0.19191919191919193,0.787878787878788,0.1813192152691947,0.8186807847308049,2.4234141016475475e-06,0.9999975765858959
211,105.85284280936455,0.19191919191919193,0.787878787878788,0.18131918550101436,0.8186808144989851,2.288652930694631e-06,0.9999977113470668
212,106.35451505016722,0.19191919191919193,0.787878787878788,0.18131915732108558,0.818680842678914,2.1612173417070843e-06,0.9999978387826558
213,106.8561872909699,0.19191919191919193,0.787878787878788,0.1813191307041057,0.8186808692958938,2.0409991883483716e-06,0.9999979590008091
214,107.35785953177258,0.19191919191919193,0.787878787878788,0.18131910554928718,0.8186808944507123,1.9275557418372847e-06,0.9999980724442555
215,107.85953177257525,0.19191919191919193,0.787878787878788,0.18131908175584252,0.818680918244157,1.820444273392615e-06,0.9999981795557239
216,108.36120401337793,0.19191919191919193,0.787878787878788,0.18131905922298422,0.8186809407770154,1.7192220542331544e-06,0.999998280777943
217,108.8628762541806,0.19191919191919193,0.787878787878788,0.18131903784992473,0.8186809621500748,1.6234463555776946e-06,0.9999983765536415
218,109.36454849498328,0.19191919191919193,0.787878787878788,0.18131901754009008,0.8186809824599095,1.532691811174136e-06,0.999998467308186
219,109.86622073578596,0.19191919191919193,0.787878787878788,0.1813189982973393,0.8186810017026602,1.4469469099813638e-06,0.999998553053087
220,110.36789297658864,0.19191919191919193,0.787878787878788,0.18131898009533734,0.8186810199046622,1.3660757197032915e-06,0.9999986339242772
221,110.8695652173913,0.19191919191919193,0.787878787878788,0.18131896287244084,0.8186810371275587,1.2897968131688686e-06,0.9999987102031838
222,111.37123745819397,0.19191919191919193,0.787878787878788,0.1813189465670065,0.818681053432993,1.2178287632070378e-06,0.9999987821712336
223,111.87290969899665,0.19191919191919193,0.787878787878788,0.18131893111739097,0.8186810688826086,1.1498901426467486e-06,0.9999988501098541
224,112.37458193979933,0.19191919191919193,0.787878787878788,0.1813189164619509,0.8186810835380487,1.085699524316948e-06,0.9999989143004724
225,112.876254180602,0.19191919191919193,0.787878787878788,0.18131890078119442,0.818681099218805,1.0157421013855817e-06,0.9999989842578951
226,113.37792642140468,0.19191919191919193,0.787878787878788,0.18131888830389256,0.8186811116961069,9.621236072416425e-07,0.9999990378763892
227,113.87959866220736,0.19191919191919193,0.787878787878788,0.18131887633441518,0.8186811236655843,9.10674653105692e-07,0.9999990893253432
228,114.38127090301003,0.19191919191919193,0.787878787878788,0.18131886487276228,0.8186811351272373,8.613952389777307e-07,0.9999991386047572
229,114.88294314381271,0.19191919191919193,0.787878787878788,0.18131885391893385,0.8186811460810657,8.142853648577582e-07,0.9999991857146313
230,115.38461538461539,0.19191919191919193,0.787878787878788,0.18131884347292992,0.8186811565270696,7.693450307457748e-07,0.9999992306549653
231,115.88628762541806,0.19191919191919193,0.787878787878788,0.18131883353475045,0.818681166465249,7.265742366417802e-07,0.9999992734257592
232,116.38795986622074,0.19191919191919193,0.787878787878788,0.18131882421213807,0.8186811757878614,6.859795159420207e-07,0.9999993140204798
233,116.88963210702342,0.19191919191919193,0.787878787878788,0.1813188161392395,0.8186811838607599,6.475993226364919e-07,0.9999993524006731
234,117.3913043478261,0.19191919191919193,0.787878787878788,0.1813188094185249,0.8186811905814745,6.114395373438437e-07,0.9999993885604581
235,117.89297658862876,0.19191919191919193,0.787878787878788,0.18131880350906152,0.8186811964909378,5.773166788530177e-07,0.9999994226833165
236,118.39464882943143,0.19191919191919193,0.787878787878788,0.1813187979636114,0.8186812020363881,5.450790467443797e-07,0.9999994549209484
237,118.89632107023411,0.19191919191919193,0.787878787878788,0.18131879270270013,0.8186812072972992,5.146825506336477e-07,0.9999994853174445
238,119.39799331103679,0.19191919191919193,0.787878787878788,0.18131878739184398,0.8186812126081554,4.859416273784684e-07,0.9999995140583676
239,119.89966555183946,0.19191919191919193,0.787878787878788,0.18131878199539644,0.8186812180046029,4.588337886053472e-07,0.9999995411662063
240,120.40133779264214,0.19191919191919193,0.787878787878788,0.1813187766197998,0.8186812233801996,4.3324140369980045e-07,0.999999566758591
241,120.90301003344482,0.19191919191919193,0.787878787878788,0.18131877134123286,0.8186812286587665,4.0908535200117885e-07,0.9999995909146425
242,121.40468227424749,0.19191919191919193,0.787878787878788,0.18131876630673302,0.8186812336932663,3.862639201595076e-07,0.9999996137360743
243,121.90635451505017,0.19191919191919193,0.787878787878788,0.18131876155824134,0.818681238441758,3.647275378321808e-07,0.9999996352724565
244,122.40802675585284,0.19191919191919193,0.787878787878788,0.1813187570907695,0.8186812429092298,3.443811825698775e-07,0.9999996556188117
245,122.90969899665552,0.19191919191919193,0.787878787878788,0.18131875288924032,0.8186812471107591,3.251804562132081e-07,0.9999996748195378
246,123.4113712374582,0.19191919191919193,0.787878787878788,0.1813187489200083,0.818681251079991,3.070499031501909e-07,0.9999996929500907
247,123.91304347826087,0.19191919191919193,0.787878787878788,0.1813187451658314,0.8186812548341679,2.899257773862729e-07,0.9999997100742163
248,124.41471571906355,0.19191919191919193,0.787878787878788,0.18131874161621364,0.8186812583837857,2.737618140146745e-07,0.9999997262381796
249,124.91638795986621,0.19191919191919193,0.787878787878788,0.18131873826057565,0.8186812617394237,2.584965558315538e-07,0.9999997415034375
250,125.41806020066889,0.19191919191919193,0.787878787878788,0.1813187350766062,0.8186812649233931,2.4402792376358647e-07,0.9999997559720695
251,125.91973244147157,0.19191919191919193,0.787878787878788,0.18131873204947735,0.818681267950522,2.3028881677902983e-07,0.9999997697111762
252,126.42140468227424,0.19191919191919193,0.787878787878788,0.1813187291791891,0.8186812708208102,2.1727923487788395e-07,0.999999782720758
253,126.92307692307692,0.19191919191919193,0.787878787878788,0.18131872646574146,0.8186812735342579,2.0499917806014877e-07,0.9999997950008146
254,127.4247491638796,0.19191919191919193,0.787878787878788,0.1813187239091344,0.8186812760908649,1.9344864632582429e-07,0.9999998065513461
255,127.92642140468227,0.19191919191919193,0.787878787878788,0.18131872150936795,0.8186812784906313,1.8262763967491053e-07,0.9999998173723526
256,128.42809364548495,0.19191919191919193,0.787878787878788,0.18131871925012522,0.8186812807498741,1.7246263286498225e-07,0.9999998275373592
257,128.9297658862876,0.19191919191919193,0.787878787878788,0.1813187170984211,0.8186812829015783,1.628049924803072e-07,0.9999998371949993
258,129.4314381270903,0.19191919191919193,0.787878787878788,0.18131871505330888,0.8186812849466905,1.53650452464309e-07,0.9999998463495391
259,129.93311036789297,0.19191919191919193,0.787878787878788,0.18131871311478856,0.8186812868852108,1.449990128169887e-07,0.9999998550009785
260,130.43478260869566,0.19191919191919193,0.787878787878788,0.18131871128286012,0.8186812887171392,1.368506735383453e-07,0.9999998631493175
261,130.93645484949832,0.19191919191919193,0.787878787878788,0.1813187095575236,0.8186812904424757,1.2920543462837974e-07,0.9999998707945562
262,131.438127090301,0.19191919191919193,0.787878787878788,0.18131870793407925,0.8186812920659201,1.2204243783086761e-07,0.9999998779575527
263,131.93979933110367,0.19191919191919193,0.787878787878788,0.18131870638581113,0.8186812936141883,1.1524311172312976e-07,0.9999998847568786
264,132.44147157190636,0.19191919191919193,0.787878787878788,0.18131870490850474,0.8186812950914947,1.0878875164793381e-07,0.9999998912112384
265,132.94314381270902,0.19191919191919193,0.787878787878788,0.18131870350216012,0.8186812964978393,1.0267935760528048e-07,0.9999998973206322
266,133.44481605351172,0.19191919191919193,0.787878787878788,0.1813187021667772,0.8186812978332222,9.691492959516906e-08,0.9999999030850599
267,133.94648829431438,0.19191919191919193,0.787878787878788,0.18131870090235605,0.8186812990976434,9.149546761760023e-08,0.9999999085045216
268,134.44816053511707,0.19191919191919193,0.787878787878788,0.18131869970726064,0.8186813002927388,8.641813277009194e-08,0.9999999135818562
269,134.94983277591973,0.19191919191919193,0.787878787878788,0.18131869853659258,0.8186813014634068,8.160501406986401e-08,0.9999999183949746
270,135.45150501672242,0.19191919191919193,0.787878787878788,0.18131869737010878,0.8186813026298906,7.702098407481354e-08,0.9999999229790043
271,135.95317725752508,0.19191919191919193,0.787878787878788,0.18131869620780916,0.8186813037921903,7.266604278494107e-08,0.9999999273339453
272,136.45484949832775,0.19191919191919193,0.787878787878788,0.18131869504969375,0.8186813049503057,6.854019020024631e-08,0.9999999314597975
273,136.95652173913044,0.19191919191919193,0.787878787878788,0.18131869389576258,0.8186813061042368,6.464342632072905e-08,0.9999999353565611
274,137.4581939799331,0.19191919191919193,0.787878787878788,0.18131869274601561,0.8186813072539838,6.097575114638974e-08,0.9999999390242359
275,137.9598662207358,0.19191919191919193,0.787878787878788,0.18131869160045286,0.8186813083995466,5.753716467722797e-08,0.9999999424628221
276,138.46153846153845,0.19191919191919193,0.787878787878788,0.1813186904590743,0.8186813095409251,5.432766691324411e-08,0.9999999456723194
277,138.96321070234114,0.19191919191919193,0.787878787878788,0.18131868932188,0.8186813106781194,5.134725785443782e-08,0.9999999486527281
278,139.4648829431438,0.19191919191919193,0.787878787878788,0.18131868819870056,0.8186813118012989,4.859341944414458e-08,0.9999999514065663
279,139.9665551839465,0.19191919191919193,0.787878787878788,0.1813186874355172,0.8186813125644822,4.597753103430397e-08,0.9999999540224542
280,140.46822742474916,0.19191919191919193,0.787878787878788,0.18131868720410643,0.818681312795893,4.3455593297152077e-08,0.9999999565443916
281,140.96989966555185,0.19191919191919193,0.787878787878788,0.18131868739395005,0.8186813126060495,4.103607036883581e-08,0.9999999589639141
282,141.4715719063545,0.19191919191919193,0.787878787878788,0.18131868766898931,0.8186813123310102,3.8744699624244734e-08,0.9999999612552845
283,141.9732441471572,0.19191919191919193,0.787878787878788,0.18131868800176468,0.8186813119982348,3.6582994698185365e-08,0.9999999634169889
284,142.47491638795987,0.19191919191919193,0.787878787878788,0.18131868821853087,0.8186813117814686,3.4540434180029795e-08,0.9999999654595491
285,142.97658862876253,0.19191919191919193,0.787878787878788,0.1813186882287445,0.8186813117712549,3.261153507849097e-08,0.9999999673884477
286,143.47826086956522,0.19191919191919193,0.787878787878788,0.181318688049784,0.8186813119502154,3.0793247726114116e-08,0.9999999692067346
287,143.97993311036788,0.19191919191919193,0.787878787878788,0.18131868773713306,0.8186813122628663,2.9075835484880085e-08,0.9999999709241464
288,144.48160535117057,0.19191919191919193,0.787878787878788,0.1813186876822361,0.8186813123177633,2.7389151048250054e-08,0.9999999726140661
289,144.98327759197323,0.19191919191919193,0.787878787878788,0.18131868760190506,0.8186813123980944,2.5783953324371912e-08,0.999999974223369
290,145.48494983277592,0.19191919191919193,0.787878787878788,0.18131868747598626,0.8186813125240131,2.426385467831737e-08,0.999999975748274
291,145.9866220735786,0.19191919191919193,0.787878787878788,0.1813186873044797,0.8186813126955197,2.2828855110086598e-08,0.9999999771887815
292,146.48829431438128,0.19191919191919193,0.787878787878788,0.18131868708738536,0.818681312912614,2.147895461967944e-08,0.9999999785448913
293,146.98996655518394,0.19191919191919193,0.787878787878788,0.18131868682470326,0.8186813131752961,2.0214153207096042e-08,0.9999999798166035
294,147.49163879598663,0.19191919191919193,0.787878787878788,0.1813186865164334,0.818681313483566,1.9034450872336268e-08,0.999999981003918
295,147.9933110367893,0.19191919191919193,0.787878787878788,0.18131868616257574,0.8186813138374237,1.793984761540025e-08,0.9999999821068347
296,148.49498327759198,0.19191919191919193,0.787878787878788,0.18131868578967555,0.8186813142103239,1.6915778168225904e-08,0.999999983140021
297,148.99665551839465,0.19191919191919193,0.787878787878788,0.1813186855759661,0.8186813144240334,1.5864446436311352e-08,0.999999984201957
298,149.49832775919734,0.19191919191919193,0.787878787878788,0.18131868536259174,0.8186813146374077,1.4873016029999332e-08,0.9999999852048693
299,150.0,0.19191919191919193,0.787878787878788,0.18131868514955252,0.8186813148504469,1.3941486949289962e-08,0.9999999861487581
