,time,sigma,beta,omega,alpha,S,I,C,D
0,0.0,0.95,0.9285714285714286,0.8181818181818182,0.24242424242424243,0.9998,0.0002,0.5,0.5
1,0.5016722408026756,0.95,0.9285714285714286,0.8181818181818182,0.24242424242424243,0.9997511020154394,0.0002488979845604924,0.4451247326092512,0.5548752673907491
2,1.0033444816053512,0.95,0.9285714285714286,0.8181818181818182,0.24242424242424243,0.9996851923394485,0.00031480766055126837,0.3915582724394013,0.608441727560599
3,1.5050167224080266,0.95,0.9285714285714286,0.8181818181818182,0.24242424242424243,0.9995952180058146,0.0004047819941851189,0.34048585693508526,0.6595141430649148
4,2.0066889632107023,0.95,0.9285714285714286,0.8181818181818182,0.24242424242424243,0.9994709629606471,0.0005290370393527723,0.2928727314731713,0.7071272685268288
5,2.508361204013378,0.95,0.9285714285714286,0.8181818181818182,0.24242424242424243,0.9992975743243202,0.0007024256756796015,0.24940525102095973,0.7505947489790403
6,3.0100334448160533,0.95,0.9285714285714286,0.8181818181818182,0.24242424242424243,0.9990533949598789,0.0009466050401209068,0.21047548953294062,0.7895245104670594
7,3.511705685618729,0.95,0.9285714285714286,0.8181818181818182,0.24242424242424243,0.998706767331668,0.0012932326683318088,0.17620402578530464,0.8237959742146955
8,4.013377926421405,0.95,0.9285714285714286,0.8181818181818182,0.24242424242424243,0.998211350339151,0.0017886496608487464,0.14648763560800876,0.8535123643919914
9,4.51505016722408,0.95,0.9285714285714286,0.8181818181818182,0.24242424242424243,0.9974992556910661,0.002500744308933637,0.1210586533909667,0.8789413466090332
10,5.016722408026756,0.95,0.9285714285714286,0.8181818181818182,0.24242424242424243,0.9964710480772266,0.0035289519227731827,0.09954397868279583,0.9004560213172043
11,5.518394648829432,0.95,0.9285714285714286,0.8181818181818182,0.24242424242424243,0.9949812859449836,0.005018714055016223,0.08151627866590769,0.9184837213340924
12,6.020066889632107,0.95,0.9285714285714286,0.8181818181818182,0.24242424242424243,0.9928178345134411,0.007182165486558736,0.06653383281804849,0.9334661671819516
13,6.521739130434782,0.95,0.9285714285714286,0.8181818181818182,0.24242424242424243,0.9896727915360923,0.010327208463907488,0.05416862185966085,0.9458313781403392
14,7.023411371237458,0.95,0.9285714285714286,0.8181818181818182,0.24242424242424243,0.9851027309025852,0.014897269097414657,0.044024017143543544,0.9559759828564566
15,7.525083612040134,0.95,0.9285714285714286,0.8181818181818182,0.24242424242424243,0.9784767032313543,0.021523296768645575,0.03574425053398136,0.9642557494660189
16,8.02675585284281,0.95,0.9285714285714286,0.8181818181818182,0.24242424242424243,0.9689132826118667,0.031086717388133095,0.029017924998677006,0.9709820750013233
17,8.528428093645484,0.95,0.9285714285714286,0.8181818181818182,0.24242424242424243,0.9552151266201642,0.04478487337983571,0.0235775489506222,0.9764224510493782
18,9.03010033444816,0.95,0.9285714285714286,0.8181818181818182,0.24242424242424243,0.935824337837012,0.06417566216298777,0.019196626530424213,0.9808033734695762
19,9.531772575250836,0.95,0.9285714285714286,0.8181818181818182,0.24242424242424243,0.9088469420533706,0.09115305794662906,0.015685415496313554,0.9843145845036869
20,10.033444816053512,0.95,0.9285714285714286,0.8181818181818182,0.24242424242424243,0.8722263920967075,0.127773607903292,0.012886104175095406,0.9871138958249052
21,10.535117056856187,0.95,0.9285714285714286,0.8181818181818182,0.24242424242424243,0.8241615035205201,0.17583849647947936,0.010667877820542479,0.989332122179458
22,11.036789297658864,0.95,0.9285714285714286,0.8181818181818182,0.24242424242424243,0.763809007683587,0.23619099231641247,0.008922194486647224,0.9910778055133534
23,11.538461538461538,0.95,0.9285714285714286,0.8181818181818182,0.24242424242424243,0.692122852450768,0.3078771475492315,0.007558531737789055,0.9924414682622116
24,12.040133779264213,0.95,0.9285714285714286,0.8181818181818182,0.24242424242424243,0.6123996298026465,0.3876003701973531,0.006500861052165018,0.9934991389478356
25,12.54180602006689,0.95,0.9285714285714286,0.8181818181818182,0.24242424242424243,0.5299862150438814,0.4700137849561182,0.005685053396893296,0.9943149466031073
26,13.043478260869565,0.95,0.9285714285714286,0.8181818181818182,0.24242424242424243,0.45099022523824767,0.549009774761752,0.005057230848487167,0.9949427691515134
27,13.545150501672241,0.95,0.9285714285714286,0.8181818181818182,0.24242424242424243,0.380570623497155,0.6194293765028447,0.004572800913423912,0.9954271990865768
28,14.046822742474916,0.95,0.9285714285714286,0.8181818181818182,0.24242424242424243,0.3217456962261199,0.6782543037738799,0.004195739004328645,0.9958042609956722
29,14.548494983277592,0.95,0.9285714285714286,0.8181818181818182,0.24242424242424243,0.27521681741098397,0.7247831825890159,0.00389776517956794,0.996102234820433
30,15.050167224080267,0.95,0.9285714285714286,0.8181818181818182,0.24242424242424243,0.23997771904185256,0.7600222809581473,0.003657304401876674,0.9963426955981243
31,15.551839464882944,0.95,0.9285714285714286,0.8181818181818182,0.24242424242424243,0.21415671757951324,0.7858432824204866,0.003458318342161306,0.9965416816578397
32,16.05351170568562,0.95,0.9285714285714286,0.8181818181818182,0.24242424242424243,0.19569090717812548,0.8043090928218742,0.003289152179155123,0.9967108478208461
33,16.555183946488295,0.95,0.9285714285714286,0.8181818181818182,0.24242424242424243,0.18271282909541958,0.8172871709045801,0.0031415009970593034,0.9968584990029421
34,17.05685618729097,0.95,0.9285714285714286,0.8181818181818182,0.24242424242424243,0.17370204611067902,0.8262979538893207,0.0030095432862370505,0.9969904567137645
35,17.558528428093645,0.95,0.9285714285714286,0.8181818181818182,0.24242424242424243,0.1674978682756598,0.83250213172434,0.002889249973115507,0.9971107500268863
36,18.06020066889632,0.95,0.9285714285714286,0.8181818181818182,0.24242424242424243,0.16324994055342767,0.836750059446572,0.0027778559171005787,0.9972221440829016
37,18.561872909698998,0.95,0.9285714285714286,0.8181818181818182,0.24242424242424243,0.16035183389156568,0.839648166108434,0.0026734701717694275,0.997326529828233
38,19.06354515050167,0.95,0.9285714285714286,0.8181818181818182,0.24242424242424243,0.15837874007339794,0.8416212599266019,0.002574797339048249,0.9974252026609546
39,19.565217391304348,0.95,0.9285714285714286,0.8181818181818182,0.24242424242424243,0.15703662317834652,0.8429633768216531,0.0024809432581980313,0.9975190567418052
40,20.066889632107024,0.95,0.9285714285714286,0.8181818181818182,0.24242424242424243,0.15612357860024553,0.8438764213997543,0.00239128210527947,0.9976087178947243
41,20.568561872909697,0.95,0.9285714285714286,0.8181818181818182,0.24242424242424243,0.155501720188748,0.8444982798112519,0.0023053668021561636,0.9976946331978481
42,21.070234113712374,0.95,0.9285714285714286,0.8181818181818182,0.24242424242424243,0.1550772233726283,0.8449227766273717,0.0022228691701827027,0.9977771308298222
43,21.57190635451505,0.95,0.9285714285714286,0.8181818181818182,0.24242424242424243,0.15478640201909422,0.8452135979809058,0.002143540287432916,0.9978564597125728
44,22.073578595317727,0.95,0.9285714285714286,0.8181818181818182,0.24242424242424243,0.15458609984582558,0.8454139001541744,0.002067184332733217,0.9979328156672733
45,22.5752508361204,0.95,0.9285714285714286,0.8181818181818182,0.24242424242424243,0.15444710352296837,0.8455528964770317,0.0019936413630282845,0.9980063586369791
46,23.076923076923077,0.95,0.9285714285714286,0.8181818181818182,0.24242424242424243,0.15434965359021396,0.845650346409786,0.0019227760061440269,0.9980772239938643
47,23.578595317725753,0.95,0.9285714285714286,0.8181818181818182,0.24242424242424243,0.15428038942827904,0.8457196105717208,0.001854470018075216,0.9981455299819344
48,24.080267558528426,0.95,0.9285714285714286,0.8181818181818182,0.24242424242424243,0.15423028331715333,0.8457697166828467,0.0017886174022976788,0.9982113825977134
49,24.581939799331103,0.95,0.9285714285714286,0.8181818181818182,0.24242424242424243,0.1541932285376078,0.8458067714623921,0.0017251211560751357,0.9982748788439375
50,25.08361204013378,0.95,0.9285714285714286,0.8181818181818182,0.24242424242424243,0.15416509915268667,0.8458349008473134,0.0016638911444189792,0.9983361088555954
51,25.585284280936456,0.95,0.9285714285714286,0.8181818181818182,0.24242424242424243,0.1541431059302248,0.8458568940697754,0.0016048426653767994,0.9983951573346397
52,26.08695652173913,0.95,0.9285714285714286,0.8181818181818182,0.24242424242424243,0.15412536188982745,0.8458746381101726,0.0015478954806659006,0.9984521045193528
53,26.588628762541806,0.95,0.9285714285714286,0.8181818181818182,0.24242424242424243,0.15411058784933762,0.8458894121506625,0.0014929731472219019,0.9985070268527996
54,27.090301003344482,0.95,0.9285714285714286,0.8181818181818182,0.24242424242424243,0.15409791883670967,0.8459020811632904,0.0014400025623854831,0.9985599974376391
55,27.59197324414716,0.95,0.9285714285714286,0.8181818181818182,0.24242424242424243,0.15408676610193955,0.8459132338980605,0.0013889136235255156,0.9986110863765025
56,28.093645484949832,0.95,0.9285714285714286,0.8181818181818182,0.24242424242424243,0.15407672923185808,0.845923270768142,0.001339638984847297,0.9986603610151847
57,28.59531772575251,0.95,0.9285714285714286,0.8181818181818182,0.24242424242424243,0.15406753498023096,0.8459324650197692,0.0012921138673349002,0.9987078861327019
58,29.096989966555185,0.95,0.9285714285714286,0.8181818181818182,0.24242424242424243,0.1540589938347219,0.8459410061652781,0.0012462759046068864,0.9987537240954351
59,29.598662207357858,0.95,0.9285714285714286,0.8181818181818182,0.24242424242424243,0.15405097808178858,0.8459490219182115,0.0012020650297019809,0.9987979349703461
60,30.100334448160535,0.95,0.9285714285714286,0.8181818181818182,0.24242424242424243,0.15404339754603252,0.8459566024539675,0.0011594233570459845,0.998840576643009
61,30.60200668896321,0.95,0.9285714285714286,0.8181818181818182,0.24242424242424243,0.15403618654417336,0.8459638134558267,0.0011182950484513031,0.9988817049516115
62,31.103678929765888,0.95,0.9285714285714286,0.8181818181818182,0.24242424242424243,0.15402929985565492,0.8459707001443451,0.001078626438450304,0.9989213735616215
63,31.60535117056856,0.95,0.9285714285714286,0.8181818181818182,0.24242424242424243,0.15402270379895175,0.8459772962010482,0.0010403656975644096,0.9989596343025177
64,32.10702341137124,0.95,0.9285714285714286,0.8181818181818182,0.24242424242424243,0.1540163731799518,0.8459836268200481,0.001003462687078108,0.9989965373130159
65,32.608695652173914,0.95,0.9285714285714286,0.8181818181818182,0.24242424242424243,0.15401028754350182,0.845989712456498,0.0009678691875921913,0.9990321308125151
66,33.11036789297659,0.95,0.9285714285714286,0.8181818181818182,0.24242424242424243,0.154004431863442,0.8459955681365579,0.0009335387397149779,0.9990664612604078
67,33.61204013377927,0.95,0.9285714285714286,0.8181818181818182,0.24242424242424243,0.1539987938535075,0.8460012061464923,0.0009004263977599176,0.9990995736023804
68,34.11371237458194,0.95,0.9285714285714286,0.8181818181818182,0.24242424242424243,0.1539933629878108,0.846006637012189,0.0008684888993970779,0.9991315111007634
69,34.61538461538461,0.95,0.9285714285714286,0.8181818181818182,0.24242424242424243,0.153988129566314,0.8460118704336859,0.0008376846005061075,0.9991623153996775
70,35.11705685618729,0.95,0.9285714285714286,0.8181818181818182,0.24242424242424243,0.15398308495848434,0.8460169150415155,0.0008079732761394011,0.9991920267240706
71,35.618729096989966,0.95,0.9285714285714286,0.8181818181818182,0.24242424242424243,0.15397822141831927,0.8460217785816807,0.000779316028811554,0.9992206839714286
72,36.12040133779264,0.95,0.9285714285714286,0.8181818181818182,0.24242424242424243,0.15397353197293231,0.8460264680270676,0.0007516754904278121,0.9992483245098468
73,36.62207357859532,0.95,0.9285714285714286,0.8181818181818182,0.24242424242424243,0.15396901000758798,0.8460309899924119,0.0007250156138086191,0.9992749843865055
74,37.123745819397996,0.95,0.9285714285714286,0.8181818181818182,0.24242424242424243,0.1539646493062654,0.8460353506937345,0.0006993018606369498,0.9993006981397223
75,37.625418060200666,0.95,0.9285714285714286,0.8181818181818182,0.24242424242424243,0.15396044384828608,0.8460395561517138,0.000674500487948123,0.9993254995124629
76,38.12709030100334,0.95,0.9285714285714286,0.8181818181818182,0.24242424242424243,0.15395638785267649,0.8460436121473234,0.0006505786660815624,0.9993494213343884
77,38.62876254180602,0.95,0.9285714285714286,0.8181818181818182,0.24242424242424243,0.15395247610969226,0.8460475238903076,0.0006275057541204042,0.9993724942464172
78,39.130434782608695,0.95,0.9285714285714286,0.8181818181818182,0.24242424242424243,0.15394870332437663,0.8460512966756233,0.0006052509858181806,0.9993947490147966
79,39.63210702341137,0.95,0.9285714285714286,0.8181818181818182,0.24242424242424243,0.1539450646956018,0.846054935304398,0.0005837860139467626,0.9994162139867565
80,40.13377926421405,0.95,0.9285714285714286,0.8181818181818182,0.24242424242424243,0.15394155535181517,0.8460584446481847,0.0005630823339246133,0.9994369176668798
81,40.635451505016725,0.95,0.9285714285714286,0.8181818181818182,0.24242424242424243,0.15393817065309046,0.8460618293469094,0.0005431129554728574,0.9994568870454472
82,41.137123745819395,0.95,0.9285714285714286,0.8181818181818182,0.24242424242424243,0.15393490610524893,0.846065093894751,0.0005238517811553453,0.999476148219897
83,41.63879598662207,0.95,0.9285714285714286,0.8181818181818182,0.24242424242424243,0.15393175742532367,0.8460682425746763,0.0005052737322893899,0.9994947262689146
84,42.14046822742475,0.95,0.9285714285714286,0.8181818181818182,0.24242424242424243,0.15392872041129294,0.846071279588707,0.0004873543309848245,0.9995126456703928
85,42.642140468227424,0.95,0.9285714285714286,0.8181818181818182,0.24242424242424243,0.1539257910225545,0.8460742089774455,0.00047007013748437925,0.9995299298640917
86,43.1438127090301,0.95,0.9285714285714286,0.8181818181818182,0.24242424242424243,0.15392296542210226,0.8460770345778976,0.00045339897937385885,0.9995466010224289
87,43.64548494983278,0.95,0.9285714285714286,0.8181818181818182,0.24242424242424243,0.15392023992505788,0.846079760074942,0.00043731947636554806,0.999562680525696
88,44.147157190635454,0.95,0.9285714285714286,0.8181818181818182,0.24242424242424243,0.1539176108415185,0.8460823891584813,0.0004218095892934748,0.9995781904130644
89,44.64882943143812,0.95,0.9285714285714286,0.8181818181818182,0.24242424242424243,0.1539150747565368,0.8460849252434631,0.0004068492052032603,0.9995931507974941
90,45.1505016722408,0.95,0.9285714285714286,0.8181818181818182,0.24242424242424243,0.1539126284441649,0.846087371555835,0.0003924193437117381,0.9996075806593739
91,45.65217391304348,0.95,0.9285714285714286,0.8181818181818182,0.24242424242424243,0.15391026885295,0.8460897311470499,0.00037850202308301615,0.9996214979804462
92,46.15384615384615,0.95,0.9285714285714286,0.8181818181818182,0.24242424242424243,0.15390799301363867,0.8460920069863612,0.00036507942054554016,0.9996349205834905
93,46.65551839464883,0.95,0.9285714285714286,0.8181818181818182,0.24242424242424243,0.15390579791794162,0.8460942020820583,0.00035213276932233485,0.9996478672352945
94,47.15719063545151,0.95,0.9285714285714286,0.8181818181818182,0.24242424242424243,0.15390368082464834,0.8460963191753516,0.0003396451435891054,0.999660354861693
95,47.65886287625418,0.95,0.9285714285714286,0.8181818181818182,0.24242424242424243,0.15390163913984609,0.8460983608601538,0.0003276003687361157,0.9996723996373069
96,48.16053511705685,0.95,0.9285714285714286,0.8181818181818182,0.24242424242424243,0.15389967041039418,0.8461003295896057,0.00031598296199742803,0.9996840170449143
97,48.66220735785953,0.95,0.9285714285714286,0.8181818181818182,0.24242424242424243,0.15389777217930803,0.8461022278206919,0.0003047777328477497,0.9996952222750565
98,49.163879598662206,0.95,0.9285714285714286,0.8181818181818182,0.24242424242424243,0.15389594195131157,0.8461040580486884,0.0002939696878164557,0.9997060303212255
99,49.66555183946488,0.95,0.9285714285714286,0.8181818181818182,0.24242424242424243,0.15389417746484885,0.8461058225351511,0.000283544782111694,0.9997164552282333
100,50.16722408026756,0.95,0.9285714285714286,0.8181818181818182,0.24242424242424243,0.153892476563516,0.8461075234364839,0.0002734895643600083,0.9997265104474747
101,50.668896321070235,0.95,0.9285714285714286,0.8181818181818182,0.24242424242424243,0.15389083719169236,0.8461091628083075,0.00026379117327668487,0.9997362088402582
102,51.17056856187291,0.95,0.9285714285714286,0.8181818181818182,0.24242424242424243,0.1538892552665055,0.8461107447334945,0.00025443698428713967,0.9997455630311896
103,51.67224080267559,0.95,0.9285714285714286,0.8181818181818182,0.24242424242424243,0.1538877251543597,0.8461122748456401,0.000245414401725153,0.9997545856159779
104,52.17391304347826,0.95,0.9285714285714286,0.8181818181818182,0.24242424242424243,0.15388624985169136,0.8461137501483085,0.00023671180917493828,0.9997632882110742
105,52.675585284280935,0.95,0.9285714285714286,0.8181818181818182,0.24242424242424243,0.15388482812918033,0.8461151718708195,0.00022831785358496103,0.9997716821695761
106,53.17725752508361,0.95,0.9285714285714286,0.8181818181818182,0.24242424242424243,0.15388345663295253,0.8461165433670472,0.00022022156002572183,0.9997797784664659
107,53.67892976588629,0.95,0.9285714285714286,0.8181818181818182,0.24242424242424243,0.15388213322923022,0.8461178667707695,0.00021241242197670717,0.9997875876083253
108,54.180602006688964,0.95,0.9285714285714286,0.8181818181818182,0.24242424242424243,0.1538808569480761,0.8461191430519237,0.0002048802313113116,0.9997951198033496
109,54.68227424749164,0.95,0.9285714285714286,0.8181818181818182,0.24242424242424243,0.15387962637161207,0.8461203736283877,0.0001976151564794586,0.9998023848831674
110,55.18394648829432,0.95,0.9285714285714286,0.8181818181818182,0.24242424242424243,0.15387843941048793,0.8461215605895118,0.00019060773015199382,0.9998093923151982
111,55.68561872909699,0.95,0.9285714285714286,0.8181818181818182,0.24242424242424243,0.15387729438233455,0.8461227056176652,0.00018384881389096801,0.9998161512379836
112,56.187290969899664,0.95,0.9285714285714286,0.8181818181818182,0.24242424242424243,0.153876189859773,0.8461238101402268,0.00017732936719137897,0.9998226706921488
113,56.68896321070234,0.95,0.9285714285714286,0.8181818181818182,0.24242424242424243,0.15387512455732902,0.8461248754426707,0.000171041018922796,0.9998289590489602
114,57.19063545150502,0.95,0.9285714285714286,0.8181818181818182,0.24242424242424243,0.15387409691231094,0.8461259030876888,0.00016497463324976894,0.9998350254444267
115,57.69230769230769,0.95,0.9285714285714286,0.8181818181818182,0.24242424242424243,0.15387310570095328,0.8461268942990464,0.00015912322880196712,0.9998408768600873
116,58.19397993311037,0.95,0.9285714285714286,0.8181818181818182,0.24242424242424243,0.1538721497932096,0.8461278502067902,0.00015348023089936698,0.9998465198707933
117,58.69565217391305,0.95,0.9285714285714286,0.8181818181818182,0.24242424242424243,0.15387122769202174,0.8461287723079779,0.00014803677189679086,0.999851963344468
118,59.197324414715716,0.95,0.9285714285714286,0.8181818181818182,0.24242424242424243,0.1538703388449858,0.8461296611550139,0.00014278959258321583,0.9998572105405432
119,59.69899665551839,0.95,0.9285714285714286,0.8181818181818182,0.24242424242424243,0.15386948179081222,0.8461305182091875,0.00013773004705396773,0.9998622701052859
120,60.20066889632107,0.95,0.9285714285714286,0.8181818181818182,0.24242424242424243,0.15386865513691173,0.8461313448630879,0.00013284989293381685,0.9998671502813893
121,60.702341137123746,0.95,0.9285714285714286,0.8181818181818182,0.24242424242424243,0.1538678574906949,0.8461321425093048,0.00012814088784753342,0.9998718593115467
122,61.20401337792642,0.95,0.9285714285714286,0.8181818181818182,0.24242424242424243,0.1538670879068653,0.8461329120931345,0.00012359745656082382,0.9998764027715332
123,61.7056856187291,0.95,0.9285714285714286,0.8181818181818182,0.24242424242424243,0.1538663457052692,0.8461336542947305,0.00011921560484644973,0.9998807846562493
124,62.207357859531776,0.95,0.9285714285714286,0.8181818181818182,0.24242424242424243,0.15386562986303923,0.8461343701369606,0.00011498929492686472,0.9998850110039749
125,62.709030100334445,0.95,0.9285714285714286,0.8181818181818182,0.24242424242424243,0.1538649393572519,0.8461350606427478,0.00011091248868932875,0.999889087853325
126,63.21070234113712,0.95,0.9285714285714286,0.8181818181818182,0.24242424242424243,0.15386427324752078,0.846135726752479,0.00010697965002864593,0.9998930207411262
127,63.7123745819398,0.95,0.9285714285714286,0.8181818181818182,0.24242424242424243,0.1538636308282969,0.8461363691717029,0.00010318667117037124,0.9998968137764983
128,64.21404682274247,0.95,0.9285714285714286,0.8181818181818182,0.24242424242424243,0.153863011236992,0.8461369887630078,9.952848919376693e-05,0.9999004720232901
129,64.71571906354515,0.95,0.9285714285714286,0.8181818181818182,0.24242424242424243,0.15386241359662572,0.846137586403374,9.599995364310265e-05,0.9999040006328473
130,65.21739130434783,0.95,0.9285714285714286,0.8181818181818182,0.24242424242424243,0.15386183732808847,0.8461381626719113,9.259765967844243e-05,0.9999074030126079
131,65.7190635451505,0.95,0.9285714285714286,0.8181818181818182,0.24242424242424243,0.15386128105484972,0.84613871894515,8.931352932263552e-05,0.9999106872385743
132,66.22073578595318,0.95,0.9285714285714286,0.8181818181818182,0.24242424242424243,0.15386074465750676,0.846139255342493,8.614685176280902e-05,0.9999138540267936
133,66.72240802675586,0.95,0.9285714285714286,0.8181818181818182,0.24242424242424243,0.1538602273129062,0.8461397726870936,8.309279198565888e-05,0.9999169082134778
134,67.22408026755853,0.95,0.9285714285714286,0.8181818181818182,0.24242424242424243,0.15385972822705515,0.8461402717729447,8.014668585015056e-05,0.9999198544641398
135,67.72575250836121,0.95,0.9285714285714286,0.8181818181818182,0.24242424242424243,0.15385924674434812,0.8461407532556517,7.730467735337806e-05,0.9999226966379099
136,68.22742474916387,0.95,0.9285714285714286,0.8181818181818182,0.24242424242424243,0.15385878226551003,0.8461412177344898,7.456323988340882e-05,0.9999254382650941
137,68.72909698996655,0.95,0.9285714285714286,0.8181818181818182,0.24242424242424243,0.15385833417400432,0.8461416658259955,7.191874685774482e-05,0.99992808297547
138,69.23076923076923,0.95,0.9285714285714286,0.8181818181818182,0.24242424242424243,0.1538579018932588,0.846142098106741,6.936780559914283e-05,0.9999306341652398
139,69.7324414715719,0.95,0.9285714285714286,0.8181818181818182,0.24242424242424243,0.15385748488666565,0.8461425151133342,6.690725733561397e-05,0.9999330949970301
140,70.23411371237458,0.95,0.9285714285714286,0.8181818181818182,0.24242424242424243,0.15385708265758147,0.8461429173424184,6.453417720042389e-05,0.999935468399892
141,70.73578595317726,0.95,0.9285714285714286,0.8181818181818182,0.24242424242424243,0.15385669471089627,0.8461433052891036,6.224564129532115e-05,0.999937757303213
142,71.23745819397993,0.95,0.9285714285714286,0.8181818181818182,0.24242424242424243,0.1538563204415441,0.8461436795584558,6.003805093185148e-05,0.9999399653153023
143,71.73913043478261,0.95,0.9285714285714286,0.8181818181818182,0.24242424242424243,0.15385595936059013,0.8461440406394097,5.7908502988172436e-05,0.999942095347301
144,72.24080267558529,0.95,0.9285714285714286,0.8181818181818182,0.24242424242424243,0.15385561101853626,0.8461443889814636,5.585432504884745e-05,0.9999441500799872
145,72.74247491638796,0.95,0.9285714285714286,0.8181818181818182,0.24242424242424243,0.15385527499273097,0.8461447250072689,5.387299909447474e-05,0.9999461320404046
146,73.24414715719064,0.95,0.9285714285714286,0.8181818181818182,0.24242424242424243,0.15385495088736933,0.8461450491126306,5.1962161501687324e-05,0.9999480436018642
147,73.74581939799332,0.95,0.9285714285714286,0.8181818181818182,0.24242424242424243,0.1538546383320392,0.8461453616679607,5.011959403222531e-05,0.9999498869930746
148,74.24749163879599,0.95,0.9285714285714286,0.8181818181818182,0.24242424242424243,0.15385433688245306,0.8461456631175468,4.8342608599865354e-05,0.9999516649216109
149,74.74916387959867,0.95,0.9285714285714286,0.8181818181818182,0.24242424242424243,0.1538540461093492,0.8461459538906507,4.6628598251785996e-05,0.9999533800155579
150,75.25083612040133,0.95,0.9285714285714286,0.8181818181818182,0.24242424242424243,0.15385376564442155,0.8461462343555783,4.497532182906725e-05,0.9999550345350393
151,75.75250836120401,0.95,0.9285714285714286,0.8181818181818182,0.24242424242424243,0.15385349513636998,0.84614650486363,4.3380631579077924e-05,0.9999566306482514
152,76.25418060200668,0.95,0.9285714285714286,0.8181818181818182,0.24242424242424243,0.1538532342509002,0.8461467657490996,4.1842473155475856e-05,0.9999581704314632
153,76.75585284280936,0.95,0.9285714285714286,0.8181818181818182,0.24242424242424243,0.15385298267072392,0.846147017329276,4.035888561820778e-05,0.9999596558690161
154,77.25752508361204,0.95,0.9285714285714286,0.8181818181818182,0.24242424242424243,0.1538527400876746,0.8461472599123253,3.89279501281707e-05,0.999961088911736
155,77.75919732441471,0.95,0.9285714285714286,0.8181818181818182,0.24242424242424243,0.15385250618564544,0.8461474938143545,3.754767891745421e-05,0.9999624716033412
156,78.26086956521739,0.95,0.9285714285714286,0.8181818181818182,0.24242424242424243,0.15385228067932172,0.8461477193206782,3.62162673365732e-05,0.9999638057934847
157,78.76254180602007,0.95,0.9285714285714286,0.8181818181818182,0.24242424242424243,0.15385206329976714,0.8461479367002328,3.493200005933385e-05,0.9999650932445405
158,79.26421404682274,0.95,0.9285714285714286,0.8181818181818182,0.24242424242424243,0.15385185379277558,0.8461481462072243,3.369324035627128e-05,0.999966335643816
159,79.76588628762542,0.95,0.9285714285714286,0.8181818181818182,0.24242424242424243,0.15385165191887099,0.8461483480811289,3.2498430094649585e-05,0.9999675346035523
160,80.2675585284281,0.95,0.9285714285714286,0.8181818181818182,0.24242424242424243,0.15385145674333625,0.8461485432566637,3.134212048495366e-05,0.9999686950851465
161,80.76923076923077,0.95,0.9285714285714286,0.8181818181818182,0.24242424242424243,0.15385126978681005,0.8461487302131899,3.023263059743075e-05,0.9999698102512382
162,81.27090301003345,0.95,0.9285714285714286,0.8181818181818182,0.24242424242424243,0.15385108959472366,0.8461489104052763,2.9161638049823372e-05,0.9999708876055787
163,81.77257525083613,0.95,0.9285714285714286,0.8181818181818182,0.24242424242424243,0.15385091600792294,0.846149083992077,2.8128049632289034e-05,0.9999719283900067
164,82.27424749163879,0.95,0.9285714285714286,0.8181818181818182,0.24242424242424243,0.1538507488672538,0.8461492511327461,2.713077213498527e-05,0.9999729338463608
165,82.77591973244147,0.95,0.9285714285714286,0.8181818181818182,0.24242424242424243,0.1538505880135622,0.8461494119864378,2.6168712348069526e-05,0.9999739052164799
166,83.27759197324414,0.95,0.9285714285714286,0.8181818181818182,0.24242424242424243,0.15385043328769393,0.846149566712306,2.5240777061699338e-05,0.9999748437422025
167,83.77926421404682,0.95,0.9285714285714286,0.8181818181818182,0.24242424242424243,0.15385028394774058,0.8461497160522594,2.4345833725753418e-05,0.9999757507442864
168,84.2809364548495,0.95,0.9285714285714286,0.8181818181818182,0.24242424242424243,0.15385013722423593,0.846149862775764,2.3482612152745367e-05,0.9999766278200921
169,84.78260869565217,0.95,0.9285714285714286,0.8181818181818182,0.24242424242424243,0.15384999363947796,0.846150006360522,2.2649973553930594e-05,0.99997747636233
170,85.28428093645485,0.95,0.9285714285714286,0.8181818181818182,0.24242424242424243,0.1538498555589532,0.8461501444410466,2.1846858535281168e-05,0.9999782976624432
171,85.78595317725753,0.95,0.9285714285714286,0.8181818181818182,0.24242424242424243,0.15384972342080772,0.8461502765791922,2.1072224895346538e-05,0.9999790930990535
172,86.2876254180602,0.95,0.9285714285714286,0.8181818181818182,0.24242424242424243,0.15384959695592165,0.8461504030440782,2.0325002459107665e-05,0.9999798641357481
173,86.78929765886288,0.95,0.9285714285714286,0.8181818181818182,0.24242424242424243,0.15384947501356638,0.8461505249864335,1.9604351211322243e-05,0.9999806119961828
174,87.29096989966555,0.95,0.9285714285714286,0.8181818181818182,0.24242424242424243,0.15384935704357586,0.8461506429564241,1.8909030705802235e-05,0.9999813385693757
175,87.79264214046823,0.95,0.9285714285714286,0.8181818181818182,0.24242424242424243,0.15384924315907902,0.8461507568409209,1.8238415361240012e-05,0.9999820449193344
176,88.29431438127091,0.95,0.9285714285714286,0.8181818181818182,0.24242424242424243,0.15384913341466097,0.846150866585339,1.75916060733779e-05,0.999982732591952
177,88.79598662207358,0.95,0.9285714285714286,0.8181818181818182,0.24242424242424243,0.15384902764043235,0.8461509723595676,1.6967684645722977e-05,0.9999834033253407
178,89.29765886287625,0.95,0.9285714285714286,0.8181818181818182,0.24242424242424243,0.1538489256618573,0.8461510743381427,1.636581661143534e-05,0.9999840588852933
179,89.79933110367892,0.95,0.9285714285714286,0.8181818181818182,0.24242424242424243,0.15384882732044194,0.8461511726795581,1.5785268644229413e-05,0.9999847008789708
180,90.3010033444816,0.95,0.9285714285714286,0.8181818181818182,0.24242424242424243,0.15384873248273756,0.8461512675172624,1.5225339114387027e-05,0.9999853311458092
181,90.80267558528428,0.95,0.9285714285714286,0.8181818181818182,0.24242424242424243,0.153848641001697,0.846151358998303,1.4685254710860264e-05,0.9999859517137522
182,91.30434782608695,0.95,0.9285714285714286,0.8181818181818182,0.24242424242424243,0.15384855278285564,0.8461514472171444,1.4164451877811425e-05,0.9999865644283114
183,91.80602006688963,0.95,0.9285714285714286,0.8181818181818182,0.24242424242424243,0.1538484676531555,0.8461515323468445,1.366189807388341e-05,0.9999871726714636
184,92.3076923076923,0.95,0.9285714285714286,0.8181818181818182,0.24242424242424243,0.15384838562950034,0.8461516143704996,1.3177695016126102e-05,0.9999877772093771
185,92.80936454849498,0.95,0.9285714285714286,0.8181818181818182,0.24242424242424243,0.15384830656921822,0.8461516934307818,1.2710992638423968e-05,0.9999883823301174
186,93.31103678929766,0.95,0.9285714285714286,0.8181818181818182,0.24242424242424243,0.15384823034459608,0.8461517696554038,1.2261029466209071e-05,0.9999889911897055
187,93.81270903010034,0.95,0.9285714285714286,0.8181818181818182,0.24242424242424243,0.15384815682792086,0.846151843172079,1.1827044024913481e-05,0.9999896069441628
188,94.31438127090301,0.95,0.9285714285714286,0.8181818181818182,0.24242424242424243,0.15384808589147955,0.8461519141085204,1.1408274839969261e-05,0.9999902327495107
189,94.81605351170569,0.95,0.9285714285714286,0.8181818181818182,0.24242424242424243,0.15384801740916218,0.8461519825908378,1.1003969919089153e-05,0.9999908718431862
190,95.31772575250837,0.95,0.9285714285714286,0.8181818181818182,0.24242424242424243,0.15384795133881365,0.8461520486611863,1.0613873880158286e-05,0.9999915317265767
191,95.81939799331104,0.95,0.9285714285714286,0.8181818181818182,0.24242424242424243,0.1538478876303733,0.8461521123696266,1.0237684577231466e-05,0.9999922194995499
192,96.3210702341137,0.95,0.9285714285714286,0.8181818181818182,0.24242424242424243,0.15384782619645948,0.8461521738035405,9.874879103929328e-06,0.9999929403665001
193,96.82274247491638,0.95,0.9285714285714286,0.8181818181818182,0.24242424242424243,0.15384776694969055,0.8461522330503094,9.524934553872485e-06,0.9999936995318215
194,97.32441471571906,0.95,0.9285714285714286,0.8181818181818182,0.24242424242424243,0.1538477098026849,0.8461522901973151,9.18732802068157e-06,0.9999945021999083
195,97.82608695652173,0.95,0.9285714285714286,0.8181818181818182,0.24242424242424243,0.15384765466937092,0.8461523453306291,8.861548416968554e-06,0.9999953541347116
196,98.32775919732441,0.95,0.9285714285714286,0.8181818181818182,0.24242424242424243,0.1538476014852701,0.8461523985147299,8.54727947045362e-06,0.9999962703234861
197,98.82943143812709,0.95,0.9285714285714286,0.8181818181818182,0.24242424242424243,0.153847550182613,0.846152449817387,8.244175216800171e-06,0.9999972643477488
198,99.33110367892976,0.95,0.9285714285714286,0.8181818181818182,0.24242424242424243,0.15384750068870254,0.8461524993112974,7.951845234745793e-06,0.9999983476842537
199,99.83277591973244,0.95,0.9285714285714286,0.8181818181818182,0.24242424242424243,0.15384745293693938,0.8461525470630605,7.669908545573995e-06,0.9999995360222647
200,100.33444816053512,0.95,0.9285714285714286,0.8181818181818182,0.24242424242424243,0.1538474068653009,0.846152593134699,7.397991257471174e-06,1.0000008482126552
201,100.8361204013378,0.95,0.9285714285714286,0.8181818181818182,0.24242424242424243,0.15384736240742122,0.8461526375925787,7.135712753225935e-06,1.000002300105964
202,101.33779264214047,0.95,0.9285714285714286,0.8181818181818182,0.24242424242424243,0.15384731950404684,0.846152680495953,6.882711581548541e-06,1.0000039110499248
203,101.83946488294315,0.95,0.9285714285714286,0.8181818181818182,0.24242424242424243,0.15384727812158958,0.8461527218784103,6.638695446546617e-06,1.0000057130133149
204,102.34113712374582,0.95,0.9285714285714286,0.8181818181818182,0.24242424242424243,0.15384723821337654,0.8461527617866234,6.40333679550618e-06,1.0000077315304479
205,102.8428093645485,0.95,0.9285714285714286,0.8181818181818182,0.24242424242424243,0.1538471997313238,0.846152800268676,6.176306766856595e-06,1.000009992511536
206,103.34448160535118,0.95,0.9285714285714286,0.8181818181818182,0.24242424242424243,0.15384716263258347,0.8461528373674164,5.957332534662896e-06,1.000012542431594
207,103.84615384615384,0.95,0.9285714285714286,0.8181818181818182,0.24242424242424243,0.1538471268735348,0.846152873126465,5.746133002178686e-06,1.0000154247302893
208,104.34782608695652,0.95,0.9285714285714286,0.8181818181818182,0.24242424242424243,0.15384709240934943,0.8461529075906504,5.542414148199243e-06,1.000018678104077
209,104.84949832775919,0.95,0.9285714285714286,0.8181818181818182,0.24242424242424243,0.15384705918522534,0.8461529408147745,5.345910198950336e-06,1.0000223592154383
210,105.35117056856187,0.95,0.9285714285714286,0.8181818181818182,0.24242424242424243,0.1538470271374144,0.8461529728625855,5.156380718238976e-06,1.0000265408421487
211,105.85284280936455,0.95,0.9285714285714286,0.8181818181818182,0.24242424242424243,0.15384699620934827,0.8461530037906516,4.97356812547564e-06,1.0000312854771096
212,106.35451505016722,0.95,0.9285714285714286,0.8181818181818182,0.24242424242424243,0.1538469663589475,0.8461530336410524,4.797242290607099e-06,1.0000366863684964
213,106.8561872909699,0.95,0.9285714285714286,0.8181818181818182,0.24242424242424243,0.15384693754411968,0.8461530624558803,4.62717305853992e-06,1.0000428367364333
214,107.35785953177258,0.95,0.9285714285714286,0.8181818181818182,0.24242424242424243,0.15384690972519638,0.8461530902748037,4.463129057996782e-06,1.0000498312675026
215,107.85953177257525,0.95,0.9285714285714286,0.8181818181818182,0.24242424242424243,0.1538468828927835,0.8461531171072165,4.304905941494458e-06,1.0000578097021808
216,108.36120401337793,0.95,0.9285714285714286,0.8181818181818182,0.24242424242424243,0.15384685702859696,0.8461531429714031,4.152293463751119e-06,1.0000669031544773
217,108.8628762541806,0.95,0.9285714285714286,0.8181818181818182,0.24242424242424243,0.15384683209855207,0.8461531679014479,4.005097004459113e-06,1.0000772863871068
218,109.36454849498328,0.95,0.9285714285714286,0.8181818181818182,0.24242424242424243,0.15384680806867274,0.8461531919313273,3.863121825700574e-06,1.0000891340007125
219,109.86622073578596,0.95,0.9285714285714286,0.8181818181818182,0.24242424242424243,0.1538467848982591,0.8461532151017409,3.7261841848962297e-06,1.000102665462404
220,110.36789297658864,0.95,0.9285714285714286,0.8181818181818182,0.24242424242424243,0.1538467625426171,0.8461532374573829,3.5941065245769446e-06,1.0001181236401562
221,110.8695652173913,0.95,0.9285714285714286,0.8181818181818182,0.24242424242424243,0.1538467409669386,0.8461532590330614,3.466713527547612e-06,1.0001357715420973
222,111.37123745819397,0.95,0.9285714285714286,0.8181818181818182,0.24242424242424243,0.15384672014833514,0.8461532798516649,3.3438424334008966e-06,1.0001559404890101
223,111.87290969899665,0.95,0.9285714285714286,0.8181818181818182,0.24242424242424243,0.15384670006579448,0.8461532999342055,3.2253334243682e-06,1.0001789968012949
224,112.37458193979933,0.95,0.9285714285714286,0.8181818181818182,0.24242424242424243,0.15384668070139,0.84615331929861,3.111031581702973e-06,1.0002053477398423
225,112.876254180602,0.95,0.9285714285714286,0.8181818181818182,0.24242424242424243,0.15384666202891772,0.8461533379710823,3.0007894217122444e-06,1.0002354838695853
226,113.37792642140468,0.95,0.9285714285714286,0.8181818181818182,0.24242424242424243,0.15384664402134723,0.8461533559786527,2.8944619994584903e-06,1.000269927832195
227,113.87959866220736,0.95,0.9285714285714286,0.8181818181818182,0.24242424242424243,0.15384662665158633,0.8461533733484137,2.791912233740309e-06,1.000309317065154
228,114.38127090301003,0.95,0.9285714285714286,0.8181818181818182,0.24242424242424243,0.1538466098967554,0.8461533901032446,2.693007071985888e-06,1.0003543684031597
229,114.88294314381271,0.95,0.9285714285714286,0.8181818181818182,0.24242424242424243,0.15384659373716061,0.8461534062628394,2.5976177415223985e-06,1.0004058892159573
230,115.38461538461539,0.95,0.9285714285714286,0.8181818181818182,0.24242424242424243,0.15384657815261507,0.8461534218473851,2.505621418999769e-06,1.0004648387930701
231,115.88628762541806,0.95,0.9285714285714286,0.8181818181818182,0.24242424242424243,0.1538465631227015,0.8461534368772986,2.4168973679598916e-06,1.0005322456995211
232,116.38795986622074,0.95,0.9285714285714286,0.8181818181818182,0.24242424242424243,0.15384654862697927,0.8461534513730209,2.331331320902257e-06,1.0006093498249702
233,116.88963210702342,0.95,0.9285714285714286,0.8181818181818182,0.24242424242424243,0.15384653464667875,0.8461534653533215,2.24881252567866e-06,1.0006975531021998
234,117.3913043478261,0.95,0.9285714285714286,0.8181818181818182,0.24242424242424243,0.1538465211637393,0.8461534788362609,2.1692348741997325e-06,1.0007984758033501
235,117.89297658862876,0.95,0.9285714285714286,0.8181818181818182,0.24242424242424243,0.15384650816103113,0.8461534918389692,2.0924955493711873e-06,1.0009139590611549
236,118.39464882943143,0.95,0.9285714285714286,0.8181818181818182,0.24242424242424243,0.15384649562181602,0.8461535043781843,2.018495628878439e-06,1.0010461184547845
237,118.89632107023411,0.95,0.9285714285714286,0.8181818181818182,0.24242424242424243,0.15384648352985747,0.8461535164701427,1.947139832184499e-06,1.001197358641218
238,119.39799331103679,0.95,0.9285714285714286,0.8181818181818182,0.24242424242424243,0.15384647186935554,0.8461535281306447,1.8783365209160424e-06,1.0013704574924982
239,119.89966555183946,0.95,0.9285714285714286,0.8181818181818182,0.24242424242424243,0.1538464606252333,0.846153539374767,1.8119975337107363e-06,1.0015686054263784
240,120.40133779264214,0.95,0.9285714285714286,0.8181818181818182,0.24242424242424243,0.15384644978312328,0.846153550216877,1.7480381312299995e-06,1.00179543262635
241,120.90301003344482,0.95,0.9285714285714286,0.8181818181818182,0.24242424242424243,0.15384643932919065,0.8461535606708096,1.6863768263876741e-06,1.0020551334820056
242,121.40468227424749,0.95,0.9285714285714286,0.8181818181818182,0.24242424242424243,0.15384642925013337,0.846153570749867,1.6269353298977937e-06,1.0023525099769741
243,121.90635451505017,0.95,0.9285714285714286,0.8181818181818182,0.24242424242424243,0.15384641953302736,0.8461535804669729,1.5696385101407702e-06,1.0026930908630611
244,122.40802675585284,0.95,0.9285714285714286,0.8181818181818182,0.24242424242424243,0.15384641016542547,0.8461535898345749,1.5144142412609985e-06,1.0030832393524218
245,122.90969899665552,0.95,0.9285714285714286,0.8181818181818182,0.24242424242424243,0.1538464011354582,0.8461535988645421,1.4611934618919604e-06,1.0035302635974577
246,123.4113712374582,0.95,0.9285714285714286,0.8181818181818182,0.24242424242424243,0.1538463924317789,0.8461536075682216,1.4099100323402093e-06,1.0040425682951217
247,123.91304347826087,0.95,0.9285714285714286,0.8181818181818182,0.24242424242424243,0.15384638404355233,0.8461536159564481,1.3605007318701207e-06,1.0046298596810799
248,124.41471571906355,0.95,0.9285714285714286,0.8181818181818182,0.24242424242424243,0.1538463759603856,0.8461536240396148,1.3129052125018863e-06,1.0053033225634658
249,124.91638795986621,0.95,0.9285714285714286,0.8181818181818182,0.24242424242424243,0.15384636817219266,0.8461536318278079,1.267065997371059e-06,1.0060758896152486
250,125.41806020066889,0.95,0.9285714285714286,0.8181818181818182,0.24242424242424243,0.15384636066936952,0.846153639330631,1.2229284732642277e-06,1.0069625241274214
251,125.91973244147157,0.95,0.9285714285714286,0.8181818181818182,0.24242424242424243,0.15384635344281686,0.8461536465571837,1.1804409023968609e-06,1.007980544634297
252,126.42140468227424,0.95,0.9285714285714286,0.8181818181818182,0.24242424242424243,0.15384634648396026,0.8461536535160403,1.1395544698601113e-06,1.0091500685236705
253,126.92307692307692,0.95,0.9285714285714286,0.8181818181818182,0.24242424242424243,0.1538463397847288,0.8461536602152717,1.10022335447278e-06,1.0104945269598626
254,127.4247491638796,0.95,0.9285714285714286,0.8181818181818182,0.24242424242424243,0.15384633333725584,0.8461536666627448,1.0624048081929783e-06,1.0120412167220554
255,127.92642140468227,0.95,0.9285714285714286,0.8181818181818182,0.24242424242424243,0.15384632713419896,0.8461536728658017,1.0260593034902884e-06,1.0138220753396296
256,128.42809364548495,0.95,0.9285714285714286,0.8181818181818182,0.24242424242424243,0.15384632116878685,0.8461536788312138,9.911507104048566e-07,1.0158745539145033
257,128.9297658862876,0.95,0.9285714285714286,0.8181818181818182,0.24242424242424243,0.1538463154348322,0.8461536845651685,9.576465536813702e-07,1.018242755285357
258,129.4314381270903,0.95,0.9285714285714286,0.8181818181818182,0.24242424242424243,0.1538463099265171,0.8461536900734835,9.255183427451396e-07,1.0209788345542699
259,129.93311036789297,0.95,0.9285714285714286,0.8181818181818182,0.24242424242424243,0.15384630463857046,0.8461536953614301,8.947420163364799e-07,1.0241447734655826
260,130.43478260869566,0.95,0.9285714285714286,0.8181818181818182,0.24242424242424243,0.15384629956646917,0.8461537004335316,8.652985098795326e-07,1.0278145736071125
261,130.93645484949832,0.95,0.9285714285714286,0.8181818181818182,0.24242424242424243,0.15384629470634112,0.8461537052936596,8.371745430218805e-07,1.0320771968590123
262,131.438127090301,0.95,0.9285714285714286,0.8181818181818182,0.24242424242424243,0.15384629005500738,0.8461537099449934,8.103636432979213e-07,1.0370402902268832
263,131.93979933110367,0.95,0.9285714285714286,0.8181818181818182,0.24242424242424243,0.15384628561029726,0.8461537143897034,7.84867592366292e-07,1.0428353427406762
264,132.44147157190636,0.95,0.9285714285714286,0.8181818181818182,0.24242424242424243,0.1538462813710651,0.8461537186289356,7.606983115928016e-07,1.04962429612282
265,132.94314381270902,0.95,0.9285714285714286,0.8181818181818182,0.24242424242424243,0.1538462773374616,0.8461537226625391,7.378805632803391e-07,1.0576088890870308
266,133.44481605351172,0.95,0.9285714285714286,0.8181818181818182,0.24242424242424243,0.15384627351126928,0.8461537264887313,7.164557344778472e-07,1.0670435907876945
267,133.94648829431438,0.95,0.9285714285714286,0.8181818181818182,0.24242424242424243,0.15384626989631647,0.8461537301036841,6.964873308882786e-07,1.0782542049230202
268,134.44816053511707,0.95,0.9285714285714286,0.8181818181818182,0.24242424242424243,0.15384626649913688,0.8461537335008636,6.780690526606316e-07,1.0916649983709792
269,134.94983277591973,0.95,0.9285714285714286,0.8181818181818182,0.24242424242424243,0.15384626332990123,0.8461537366700993,6.613371098255373e-07,1.1078397838483074
270,135.45150501672242,0.95,0.9285714285714286,0.8181818181818182,0.24242424242424243,0.15384626040384572,0.8461537395961547,6.464895800402027e-07,1.1275461029142715
271,135.95317725752508,0.95,0.9285714285714286,0.8181818181818182,0.24242424242424243,0.1538462577434962,0.8461537422565042,6.338180097942321e-07,1.1518594314016781
272,136.45484949832775,0.95,0.9285714285714286,0.8181818181818182,0.24242424242424243,0.1538462553823012,0.8461537446176992,6.237616639839347e-07,1.1823411566709532
273,136.95652173913044,0.95,0.9285714285714286,0.8181818181818182,0.24242424242424243,0.15384625337084848,0.8461537466291519,6.170060638628916e-07,1.221360289070637
274,137.4581939799331,0.95,0.9285714285714286,0.8181818181818182,0.24242424242424243,0.15384625178820388,0.8461537482117963,6.146758729238573e-07,1.272720229117776
275,137.9598662207358,0.95,0.9285714285714286,0.8181818181818182,0.24242424242424243,0.15384625076433048,0.8461537492356697,6.187506273195064e-07,1.3430032762448882
276,138.46153846153845,0.95,0.9285714285714286,0.8181818181818182,0.24242424242424243,0.15384625052952247,0.8461537494704775,6.330863047525144e-07,1.4448586067841742
277,138.96321070234114,0.95,0.9285714285714286,0.8181818181818182,0.24242424242424243,0.15384625154200882,0.8461537484579911,6.664587708318854e-07,1.6067488823600131
278,139.4648829431438,0.95,0.9285714285714286,0.8181818181818182,0.24242424242424243,0.15384625491228754,0.8461537450877122,7.450294221169467e-07,1.912656969482334
279,139.9665551839465,0.95,0.9285714285714286,0.8181818181818182,0.24242424242424243,0.15384626478481203,0.8461537352151877,1.0158216981529149e-06,2.829572245349184
280,140.46822742474916,0.95,0.9285714285714286,0.8181818181818182,0.24242424242424243,0.15384630222111031,0.846153697778891,0.022494864284946688,70443.98405874266
281,140.96989966555185,0.95,0.9285714285714286,0.8181818181818182,0.24242424242424243,8.1e-322,8.15e-322,8.2e-322,8.25e-322
282,141.4715719063545,0.95,0.9285714285714286,0.8181818181818182,0.24242424242424243,8.3e-322,8.35e-322,8.4e-322,8.45e-322
283,141.9732441471572,0.95,0.9285714285714286,0.8181818181818182,0.24242424242424243,8.5e-322,8.55e-322,8.6e-322,8.65e-322
284,142.47491638795987,0.95,0.9285714285714286,0.8181818181818182,0.24242424242424243,8.7e-322,8.74e-322,8.8e-322,8.84e-322
285,142.97658862876253,0.95,0.9285714285714286,0.8181818181818182,0.24242424242424243,8.9e-322,8.94e-322,9e-322,9.04e-322
286,143.47826086956522,0.95,0.9285714285714286,0.8181818181818182,0.24242424242424243,9.1e-322,9.14e-322,9.2e-322,9.24e-322
287,143.97993311036788,0.95,0.9285714285714286,0.8181818181818182,0.24242424242424243,9.3e-322,9.34e-322,9.4e-322,9.44e-322
288,144.48160535117057,0.95,0.9285714285714286,0.8181818181818182,0.24242424242424243,9.5e-322,9.54e-322,9.6e-322,9.63e-322
289,144.98327759197323,0.95,0.9285714285714286,0.8181818181818182,0.24242424242424243,9.7e-322,9.73e-322,9.8e-322,9.83e-322
290,145.48494983277592,0.95,0.9285714285714286,0.8181818181818182,0.24242424242424243,9.9e-322,9.93e-322,1e-321,1.003e-321
291,145.9866220735786,0.95,0.9285714285714286,0.8181818181818182,0.24242424242424243,1.01e-321,1.013e-321,1.02e-321,1.023e-321
292,146.48829431438128,0.95,0.9285714285714286,0.8181818181818182,0.24242424242424243,1.03e-321,1.033e-321,1.04e-321,1.042e-321
293,146.98996655518394,0.95,0.9285714285714286,0.8181818181818182,0.24242424242424243,1.047e-321,1.05e-321,1.057e-321,1.06e-321
294,147.49163879598663,0.95,0.9285714285714286,0.8181818181818182,0.24242424242424243,1.067e-321,1.07e-321,1.077e-321,1.08e-321
295,147.9933110367893,0.95,0.9285714285714286,0.8181818181818182,0.24242424242424243,1.087e-321,1.09e-321,1.097e-321,1.1e-321
296,148.49498327759198,0.95,0.9285714285714286,0.8181818181818182,0.24242424242424243,1.107e-321,1.11e-321,1.117e-321,1.12e-321
297,148.99665551839465,0.95,0.9285714285714286,0.8181818181818182,0.24242424242424243,1.126e-321,1.13e-321,1.136e-321,1.14e-321
298,149.49832775919734,0.95,0.9285714285714286,0.8181818181818182,0.24242424242424243,1.146e-321,1.15e-321,1.156e-321,1.16e-321
299,150.0,0.95,0.9285714285714286,0.8181818181818182,0.24242424242424243,1.166e-321,1.17e-321,1.176e-321,1.18e-321
