,time,sigma,beta,omega,alpha,S,I,C,D
0,0.0,0.95,0.9285714285714286,0.8989898989898991,0.10101010101010102,0.9998,0.0002,0.5,0.5
1,0.5016722408026756,0.95,0.9285714285714286,0.8989898989898991,0.10101010101010102,0.9997509662261052,0.0002490337738947326,0.4417887475751666,0.5582112524248333
2,1.0033444816053512,0.95,0.9285714285714286,0.8989898989898991,0.10101010101010102,0.9996845436356039,0.0003154563643960694,0.3851366853112635,0.6148633146887363
3,1.5050167224080266,0.95,0.9285714285714286,0.8989898989898991,0.10101010101010102,0.9995933579047328,0.00040664209526720664,0.3314389714217109,0.6685610285782888
4,2.0066889632107023,0.95,0.9285714285714286,0.8989898989898991,0.10101010101010102,0.9994666944165106,0.0005333055834894807,0.28180059318025086,0.718199406819749
5,2.508361204013378,0.95,0.9285714285714286,0.8989898989898991,0.10101010101010102,0.9992889133808512,0.0007110866191488765,0.23696618860917926,0.7630338113908206
6,3.0100334448160533,0.95,0.9285714285714286,0.8989898989898991,0.10101010101010102,0.9990371289699004,0.0009628710300997112,0.1973111318309177,0.8026888681690821
7,3.511705685618729,0.95,0.9285714285714286,0.8989898989898991,0.10101010101010102,0.9986777884243557,0.0013222115756444204,0.16288279821747711,0.8371172017825228
8,4.013377926421405,0.95,0.9285714285714286,0.8989898989898991,0.10101010101010102,0.9981616500620678,0.0018383499379323522,0.13347165907181774,0.8665283409281822
9,4.51505016722408,0.95,0.9285714285714286,0.8989898989898991,0.10101010101010102,0.9974164251602983,0.002583574839701813,0.10869221620860646,0.8913077837913934
10,5.016722408026756,0.95,0.9285714285714286,0.8989898989898991,0.10101010101010102,0.9963360614095499,0.003663938590450159,0.08805833628792384,0.911941663712076
11,5.518394648829432,0.95,0.9285714285714286,0.8989898989898991,0.10101010101010102,0.9947652527972389,0.005234747202761163,0.07104444029196492,0.9289555597080349
12,6.020066889632107,0.95,0.9285714285714286,0.8989898989898991,0.10101010101010102,0.99247732524611,0.007522674753890084,0.05712983805082353,0.9428701619491764
13,6.521739130434782,0.95,0.9285714285714286,0.8989898989898991,0.10101010101010102,0.9891432494403601,0.010856750559639828,0.04582728983000582,0.9541727101699942
14,7.023411371237458,0.95,0.9285714285714286,0.8989898989898991,0.10101010101010102,0.9842894983250882,0.015710501674911823,0.0366987777683865,0.9633012222316135
15,7.525083612040134,0.95,0.9285714285714286,0.8989898989898991,0.10101010101010102,0.9772434631545714,0.02275653684542843,0.02936191867901464,0.9706380813209855
16,8.02675585284281,0.95,0.9285714285714286,0.8989898989898991,0.10101010101010102,0.9670685564479665,0.032931443552033146,0.02349018931943522,0.9765098106805649
17,8.528428093645484,0.95,0.9285714285714286,0.8989898989898991,0.10101010101010102,0.9524995012042015,0.04750049879579816,0.018809388520753846,0.9811906114792464
18,9.03010033444816,0.95,0.9285714285714286,0.8989898989898991,0.10101010101010102,0.9319050332323058,0.06809496676769368,0.0150921515232487,0.9849078484767514
19,9.531772575250836,0.95,0.9285714285714286,0.8989898989898991,0.10101010101010102,0.9033321127413722,0.09666788725862745,0.012151676366889732,0.9878483236331104
20,10.033444816053512,0.95,0.9285714285714286,0.8989898989898991,0.10101010101010102,0.8647178299125617,0.13528217008743781,0.009835402673669752,0.9901645973263302
21,10.535117056856187,0.95,0.9285714285714286,0.8989898989898991,0.10101010101010102,0.8143627179324187,0.18563728206758098,0.008019055749581219,0.9919809442504187
22,11.036789297658864,0.95,0.9285714285714286,0.8989898989898991,0.10101010101010102,0.7516832448582585,0.24831675514174106,0.006601303678831662,0.9933986963211684
23,11.538461538461538,0.95,0.9285714285714286,0.8989898989898991,0.10101010101010102,0.6780448621567486,0.3219551378432509,0.005499206831897148,0.9945007931681029
24,12.040133779264213,0.95,0.9285714285714286,0.8989898989898991,0.10101010101010102,0.597195351685719,0.40280464831428053,0.00464460297337148,0.9953553970266287
25,12.54180602006689,0.95,0.9285714285714286,0.8989898989898991,0.10101010101010102,0.5147761660365687,0.4852238339634308,0.003981485560938977,0.9960185144390612
26,13.043478260869565,0.95,0.9285714285714286,0.8989898989898991,0.10101010101010102,0.43687818283325197,0.5631218171667476,0.003464246992964925,0.9965357530070351
27,13.545150501672241,0.95,0.9285714285714286,0.8989898989898991,0.10101010101010102,0.3683464895490346,0.6316535104509649,0.00305645497028839,0.9969435450297117
28,14.046822742474916,0.95,0.9285714285714286,0.8989898989898991,0.10101010101010102,0.3117564095482748,0.6882435904517246,0.002729776005407597,0.9972702239945928
29,14.548494983277592,0.95,0.9285714285714286,0.8989898989898991,0.10101010101010102,0.2674224464638632,0.7325775535361363,0.0024628103662011056,0.9975371896337991
30,15.050167224080267,0.95,0.9285714285714286,0.8989898989898991,0.10101010101010102,0.23410050273065452,0.7658994972693449,0.00223982616047377,0.9977601738395265
31,15.551839464882944,0.95,0.9285714285714286,0.8989898989898991,0.10101010101010102,0.209827209322269,0.7901727906777304,0.002049509740294186,0.9979504902597062
32,16.05351170568562,0.95,0.9285714285714286,0.8989898989898991,0.10101010101010102,0.19254522594593823,0.8074547740540611,0.0018838531619168345,0.9981161468380836
33,16.555183946488295,0.95,0.9285714285714286,0.8989898989898991,0.10101010101010102,0.18043960260216166,0.8195603973978376,0.001737241148676932,0.9982627588513234
34,17.05685618729097,0.95,0.9285714285714286,0.8989898989898991,0.10101010101010102,0.17205566248358398,0.8279443375164152,0.0016057447655191386,0.9983942552344812
35,17.558528428093645,0.95,0.9285714285714286,0.8989898989898991,0.10101010101010102,0.16629412654091205,0.8337058734590872,0.0014865990390935814,0.9985134009609068
36,18.06020066889632,0.95,0.9285714285714286,0.8989898989898991,0.10101010101010102,0.16235514739393075,0.8376448526060685,0.0013778301331361406,0.9986221698668643
37,18.561872909698998,0.95,0.9285714285714286,0.8989898989898991,0.10101010101010102,0.1596710587270454,0.8403289412729538,0.0012779969379718233,0.9987220030620286
38,19.06354515050167,0.95,0.9285714285714286,0.8989898989898991,0.10101010101010102,0.1578455690252961,0.842154430974703,0.0011860160440715362,0.9988139839559291
39,19.565217391304348,0.95,0.9285714285714286,0.8989898989898991,0.10101010101010102,0.15660506127444815,0.8433949387255512,0.0011010453194285768,0.9988989546805721
40,20.066889632107024,0.95,0.9285714285714286,0.8989898989898991,0.10101010101010102,0.15576201501914508,0.8442379849808542,0.0010224073746145218,0.9989775926253862
41,20.568561872909697,0.95,0.9285714285714286,0.8989898989898991,0.10101010101010102,0.15518855154856276,0.8448114484514364,0.0009495395157877967,0.9990504604842131
42,21.070234113712374,0.95,0.9285714285714286,0.8989898989898991,0.10101010101010102,0.1547977539745557,0.8452022460254435,0.0008819610949388998,0.9991180389050621
43,21.57190635451505,0.95,0.9285714285714286,0.8989898989898991,0.10101010101010102,0.1545306790837213,0.8454693209162778,0.0008192521245793897,0.9991807478754218
44,22.073578595317727,0.95,0.9285714285714286,0.8989898989898991,0.10101010101010102,0.15434741100484295,0.845652588995156,0.0007610391141870788,0.9992389608858143
45,22.5752508361204,0.95,0.9285714285714286,0.8989898989898991,0.10101010101010102,0.1542209440546012,0.8457790559453978,0.0007069855590730819,0.9992930144409286
46,23.076923076923077,0.95,0.9285714285714286,0.8989898989898991,0.10101010101010102,0.15413301653290679,0.8458669834670922,0.000656785405142735,0.9993432145948592
47,23.578595317725753,0.95,0.9285714285714286,0.8989898989898991,0.10101010101010102,0.15407128168281417,0.845928718317185,0.0006101584301973471,0.9993898415698048
48,24.080267558528426,0.95,0.9285714285714286,0.8989898989898991,0.10101010101010102,0.15402739117434797,0.8459726088256512,0.0005668468691654018,0.9994331531308371
49,24.581939799331103,0.95,0.9285714285714286,0.8989898989898991,0.10101010101010102,0.15399570112032313,0.846004298879676,0.0005266128583381895,0.9994733871416647
50,25.08361204013378,0.95,0.9285714285714286,0.8989898989898991,0.10101010101010102,0.15397238699450502,0.8460276130054942,0.0004892364081755622,0.9995107635918277
51,25.585284280936456,0.95,0.9285714285714286,0.8989898989898991,0.10101010101010102,0.15395486082846216,0.846045139171537,0.0004545137638813754,0.9995454862361223
52,26.08695652173913,0.95,0.9285714285714286,0.8989898989898991,0.10101010101010102,0.1539413669614166,0.8460586330385825,0.00042225601552716005,0.999577743984477
53,26.588628762541806,0.95,0.9285714285714286,0.8989898989898991,0.10101010101010102,0.1539307114077544,0.8460692885922446,0.00039228789172042635,0.9996077121082843
54,27.090301003344482,0.95,0.9285714285714286,0.8989898989898991,0.10101010101010102,0.15392207971030633,0.8460779202896928,0.00036444670337151895,0.9996355532966339
55,27.59197324414716,0.95,0.9285714285714286,0.8989898989898991,0.10101010101010102,0.15391491815528222,0.8460850818447169,0.00033858141100163666,0.9996614185890047
56,28.093645484949832,0.95,0.9285714285714286,0.8989898989898991,0.10101010101010102,0.1539088419593519,0.8460911580406472,0.0003145517355671627,0.9996854482644401
57,28.59531772575251,0.95,0.9285714285714286,0.8989898989898991,0.10101010101010102,0.1539035855218982,0.8460964144781009,0.00029222737184583396,0.9997077726281625
58,29.096989966555185,0.95,0.9285714285714286,0.8989898989898991,0.10101010101010102,0.15389896558564042,0.8461010344143586,0.0002714872996219317,0.9997285127003875
59,29.598662207357858,0.95,0.9285714285714286,0.8989898989898991,0.10101010101010102,0.15389485116709972,0.8461051488328993,0.0002522190937085009,0.9997477809063023
60,30.100334448160535,0.95,0.9285714285714286,0.8989898989898991,0.10101010101010102,0.1538911474674003,0.8461088525325987,0.00023431830354450246,0.9997656816964681
61,30.60200668896321,0.95,0.9285714285714286,0.8989898989898991,0.10101010101010102,0.15388778591424848,0.8461122140857505,0.00021768755686479803,0.9997823124431495
62,31.103678929765888,0.95,0.9285714285714286,0.8989898989898991,0.10101010101010102,0.15388471893491681,0.8461152810650823,0.00020223772425780585,0.9997977622757586
63,31.60535117056856,0.95,0.9285714285714286,0.8989898989898991,0.10101010101010102,0.1538819059916403,0.8461180940083588,0.00018788444265742323,0.9998121155573613
64,32.10702341137124,0.95,0.9285714285714286,0.8989898989898991,0.10101010101010102,0.15387931725588463,0.8461206827441143,0.00017454983205479645,0.9998254501679666
65,32.608695652173914,0.95,0.9285714285714286,0.8989898989898991,0.10101010101010102,0.15387692856294094,0.846123071437058,0.00016216175101382152,0.9998378382490106
66,33.11036789297659,0.95,0.9285714285714286,0.8989898989898991,0.10101010101010102,0.15387472027778296,0.8461252797222161,0.00015065290219409144,0.9998493470978339
67,33.61204013377927,0.95,0.9285714285714286,0.8989898989898991,0.10101010101010102,0.15387267640765367,0.8461273235923453,0.0001399606192543827,0.9998600393807776
68,34.11371237458194,0.95,0.9285714285714286,0.8989898989898991,0.10101010101010102,0.15387078309479096,0.846129216905208,0.0001300271790525515,0.9998699728209841
69,34.61538461538461,0.95,0.9285714285714286,0.8989898989898991,0.10101010101010102,0.1538690278147896,0.8461309721852095,0.00012079875907856099,0.9998792012409634
70,35.11705685618729,0.95,0.9285714285714286,0.8989898989898991,0.10101010101010102,0.15386739945111613,0.846132600548883,0.00011222527304386447,0.9998877747270042
71,35.618729096989966,0.95,0.9285714285714286,0.8989898989898991,0.10101010101010102,0.15386588818720426,0.8461341118127949,0.00010426017082812314,0.9998957398292267
72,36.12040133779264,0.95,0.9285714285714286,0.8989898989898991,0.10101010101010102,0.15386448529614374,0.8461355147038554,9.686049306723017e-05,0.9999031395069955
73,36.62207357859532,0.95,0.9285714285714286,0.8989898989898991,0.10101010101010102,0.15386318267088067,0.8461368173291185,8.998583549320126e-05,0.9999100141645786
74,37.123745819397996,0.95,0.9285714285714286,0.8989898989898991,0.10101010101010102,0.15386197292152773,0.8461380270784714,8.359895159468491e-05,0.9999164010484874
75,37.625418060200666,0.95,0.9285714285714286,0.8989898989898991,0.10101010101010102,0.15386084917149956,0.8461391508284997,7.766489530883692e-05,0.9999223351047851
76,38.12709030100334,0.95,0.9285714285714286,0.8989898989898991,0.10101010101010102,0.15385980528607507,0.8461401947139241,7.215161106852002e-05,0.999927848389039
77,38.62876254180602,0.95,0.9285714285714286,0.8989898989898991,0.10101010101010102,0.1538588357984517,0.8461411642015475,6.702988739784841e-05,0.9999329701127251
78,39.130434782608695,0.95,0.9285714285714286,0.8989898989898991,0.10101010101010102,0.1538579351482365,0.8461420648517627,6.227068186346016e-05,0.9999377293182772
79,39.63210702341137,0.95,0.9285714285714286,0.8989898989898991,0.10101010101010102,0.1538570987736344,0.8461429012263647,5.7848957742399445e-05,0.9999421510424186
80,40.13377926421405,0.95,0.9285714285714286,0.8989898989898991,0.10101010101010102,0.15385632276714975,0.8461436772328494,5.3742519522351186e-05,0.9999462574806618
81,40.635451505016725,0.95,0.9285714285714286,0.8989898989898991,0.10101010101010102,0.1538556024697781,0.8461443975302211,4.992811734184216e-05,0.9999500718828688
82,41.137123745819395,0.95,0.9285714285714286,0.8989898989898991,0.10101010101010102,0.15385493348876622,0.8461450665112329,4.63842399076274e-05,0.9999536157603334
83,41.63879598662207,0.95,0.9285714285714286,0.8989898989898991,0.10101010101010102,0.1538543120194327,0.8461456879805664,4.30919976284114e-05,0.9999569080026472
84,42.14046822742475,0.95,0.9285714285714286,0.8989898989898991,0.10101010101010102,0.15385373442224684,0.8461462655777523,4.0033621890301104e-05,0.9999599663784251
85,42.642140468227424,0.95,0.9285714285714286,0.8989898989898991,0.10101010101010102,0.15385319713317921,0.84614680286682,3.7191966732854864e-05,0.9999628080336279
86,43.1438127090301,0.95,0.9285714285714286,0.8989898989898991,0.10101010101010102,0.15385269690817988,0.8461473030918193,3.4551867801601387e-05,0.9999654481326111
87,43.64548494983278,0.95,0.9285714285714286,0.8989898989898991,0.10101010101010102,0.153852229738284,0.8461477702617151,3.2096241816626455e-05,0.9999679037586552
88,44.147157190635454,0.95,0.9285714285714286,0.8989898989898991,0.10101010101010102,0.15385179665046905,0.84614820334953,2.9820313596590013e-05,0.9999701796869435
89,44.64882943143812,0.95,0.9285714285714286,0.8989898989898991,0.10101010101010102,0.15385139316678664,0.8461486068332125,2.7703881749961253e-05,0.9999722961188678
90,45.1505016722408,0.95,0.9285714285714286,0.8989898989898991,0.10101010101010102,0.1538510183376595,0.8461489816623395,2.5737419803452672e-05,0.9999742625809034
91,45.65217391304348,0.95,0.9285714285714286,0.8989898989898991,0.10101010101010102,0.15385067197701796,0.846149328022981,2.3910776617739193e-05,0.9999760892241907
92,46.15384615384615,0.95,0.9285714285714286,0.8989898989898991,0.10101010101010102,0.15385035298315244,0.8461496470168465,2.221367458269571e-05,0.9999777863263422
93,46.65551839464883,0.95,0.9285714285714286,0.8989898989898991,0.10101010101010102,0.15385005628982057,0.8461499437101784,2.0637020748112503e-05,0.9999793629803098
94,47.15719063545151,0.95,0.9285714285714286,0.8989898989898991,0.10101010101010102,0.15384977960594762,0.8461502203940513,1.9170475123118482e-05,0.9999808295260877
95,47.65886287625418,0.95,0.9285714285714286,0.8989898989898991,0.10101010101010102,0.15384952246955833,0.8461504775304406,1.7811516785627566e-05,0.9999821884845986
96,48.16053511705685,0.95,0.9285714285714286,0.8989898989898991,0.10101010101010102,0.15384928339812448,0.8461507166018745,1.6546342862335877e-05,0.9999834536587217
97,48.66220735785953,0.95,0.9285714285714286,0.8989898989898991,0.10101010101010102,0.15384906135438942,0.8461509386456095,1.537115246539613e-05,0.9999846288493471
98,49.163879598662206,0.95,0.9285714285714286,0.8989898989898991,0.10101010101010102,0.1538488552160347,0.8461511447839642,1.4280645086082303e-05,0.9999857193569868
99,49.66555183946488,0.95,0.9285714285714286,0.8989898989898991,0.10101010101010102,0.15384866316791992,0.846151336832079,1.3264925051290765e-05,0.9999867350773219
100,50.16722408026756,0.95,0.9285714285714286,0.8989898989898991,0.10101010101010102,0.15384848527370612,0.8461515147262929,1.2324385840147619e-05,0.9999876756168746
101,50.668896321070235,0.95,0.9285714285714286,0.8989898989898991,0.10101010101010102,0.1538483202962895,0.8461516797037095,1.1452294284987368e-05,0.999988547708821
102,51.17056856187291,0.95,0.9285714285714286,0.8989898989898991,0.10101010101010102,0.1538481670837995,0.8461518329161994,1.0642345384972176e-05,0.9999893576581687
103,51.67224080267559,0.95,0.9285714285714286,0.8989898989898991,0.10101010101010102,0.15384802448885432,0.8461519755111446,9.888259189603613e-06,0.9999901117448752
104,52.17391304347826,0.95,0.9285714285714286,0.8989898989898991,0.10101010101010102,0.15384789189778378,0.8461521081022152,9.186801831700923e-06,0.9999908132028187
105,52.675585284280935,0.95,0.9285714285714286,0.8989898989898991,0.10101010101010102,0.15384776882357512,0.8461522311764238,8.53546232318053e-06,0.9999914645429996
106,53.17725752508361,0.95,0.9285714285714286,0.8989898989898991,0.10101010101010102,0.15384765451682866,0.8461523454831703,7.930232139818865e-06,0.999992069773952
107,53.67892976588629,0.95,0.9285714285714286,0.8989898989898991,0.10101010101010102,0.15384754824201888,0.84615245175798,7.367191834325748e-06,0.999992632815134
108,54.180602006688964,0.95,0.9285714285714286,0.8989898989898991,0.10101010101010102,0.15384744952787532,0.8461525504721236,6.844118563127895e-06,0.9999931558894101
109,54.68227424749164,0.95,0.9285714285714286,0.8989898989898991,0.10101010101010102,0.1538473578587025,0.8461526421412964,6.358504259409056e-06,0.9999936415048667
110,55.18394648829432,0.95,0.9285714285714286,0.8989898989898991,0.10101010101010102,0.15384727264971085,0.846152727350288,5.907397250079571e-06,0.9999940926131935
111,55.68561872909699,0.95,0.9285714285714286,0.8989898989898991,0.10101010101010102,0.15384719334847674,0.8461528066515221,5.488003218278758e-06,0.9999945120087267
112,56.187290969899664,0.95,0.9285714285714286,0.8989898989898991,0.10101010101010102,0.1538471196268788,0.8461528803731201,5.098618360293224e-06,0.9999949013953081
113,56.68896321070234,0.95,0.9285714285714286,0.8989898989898991,0.10101010101010102,0.1538470510651171,0.8461529489348818,4.737093149131194e-06,0.9999952629224952
114,57.19063545150502,0.95,0.9285714285714286,0.8989898989898991,0.10101010101010102,0.15384698721245216,0.8461530127875467,4.4011276363284285e-06,0.9999955988902643
115,57.69230769230769,0.95,0.9285714285714286,0.8989898989898991,0.10101010101010102,0.1538469276916419,0.8461530723083569,4.088782174821585e-06,0.9999959112383038
116,58.19397993311037,0.95,0.9285714285714286,0.8989898989898991,0.10101010101010102,0.15384687233189445,0.8461531276681044,3.7991291845527883e-06,0.9999962008942725
117,58.69565217391305,0.95,0.9285714285714286,0.8989898989898991,0.10101010101010102,0.15384682080280365,0.8461531791971952,3.5304586194220835e-06,0.9999964695682663
118,59.197324414715716,0.95,0.9285714285714286,0.8989898989898991,0.10101010101010102,0.15384677275905895,0.8461532272409399,3.2809873679047456e-06,0.9999967190434439
119,59.69899665551839,0.95,0.9285714285714286,0.8989898989898991,0.10101010101010102,0.1538467278553497,0.8461532721446491,3.0489323184760375e-06,0.9999969511029637
120,60.20066889632107,0.95,0.9285714285714286,0.8989898989898991,0.10101010101010102,0.15384668574674057,0.8461533142532583,2.832512087022537e-06,0.9999971675282573
121,60.702341137123746,0.95,0.9285714285714286,0.8989898989898991,0.10101010101010102,0.15384664633137632,0.8461533536686225,2.6310643165504467e-06,0.9999973689818216
122,61.20401337792642,0.95,0.9285714285714286,0.8989898989898991,0.10101010101010102,0.1538466095683852,0.8461533904316136,2.4442073891967203e-06,0.9999975558454375
123,61.7056856187291,0.95,0.9285714285714286,0.8989898989898991,0.10101010101010102,0.1538465752544926,0.8461534247455063,2.2708120607789036e-06,0.9999977292484508
124,62.207357859531776,0.95,0.9285714285714286,0.8989898989898991,0.10101010101010102,0.153846543186424,0.8461534568135749,2.1097490871145428e-06,0.9999978903202068
125,62.709030100334445,0.95,0.9285714285714286,0.8989898989898991,0.10101010101010102,0.15384651316090478,0.8461534868390941,1.959889224021186e-06,0.9999980401900509
126,63.21070234113712,0.95,0.9285714285714286,0.8989898989898991,0.10101010101010102,0.15384648520111838,0.8461535147988805,1.8201839031280001e-06,0.9999981799066706
127,63.7123745819398,0.95,0.9285714285714286,0.8989898989898991,0.10101010101010102,0.1538464621717344,0.8461535378282644,1.6905968380130989e-06,0.9999983095066924
128,64.21404682274247,0.95,0.9285714285714286,0.8989898989898991,0.10101010101010102,0.1538464438906424,0.8461535561093564,1.5706764754847059e-06,0.9999984294419643
129,64.71571906354515,0.95,0.9285714285714286,0.8989898989898991,0.10101010101010102,0.15384642589703526,0.8461535741029635,1.4592164520511088e-06,0.9999985409190366
130,65.21739130434783,0.95,0.9285714285714286,0.8989898989898991,0.10101010101010102,0.15384640798257565,0.8461535920174232,1.3554808149026718e-06,0.999998644674286
131,65.7190635451505,0.95,0.9285714285714286,0.8989898989898991,0.10101010101010102,0.15384638987167007,0.8461536101283288,1.2594273421237147e-06,0.9999987407499518
132,66.22073578595318,0.95,0.9285714285714286,0.8989898989898991,0.10101010101010102,0.1538463735182053,0.8461536264817936,1.1699701510708378e-06,0.9999988302327222
133,66.72240802675586,0.95,0.9285714285714286,0.8989898989898991,0.10101010101010102,0.15384635839194824,0.8461536416080506,1.086861980463815e-06,0.99999891337016
134,67.22408026755853,0.95,0.9285714285714286,0.8989898989898991,0.10101010101010102,0.1538463442080513,0.8461536557919476,1.0096289129539513e-06,0.9999989906367625
135,67.72575250836121,0.95,0.9285714285714286,0.8989898989898991,0.10101010101010102,0.15384633087787536,0.8461536691221234,9.379063537919335e-07,0.9999990623976628
136,68.22742474916387,0.95,0.9285714285714286,0.8989898989898991,0.10101010101010102,0.1538463184001139,0.8461536815998849,8.712854598002512e-07,0.999999129062408
137,68.72909698996655,0.95,0.9285714285714286,0.8989898989898991,0.10101010101010102,0.15384630676378624,0.8461536932362125,8.093646763596579e-07,0.9999991910334616
138,69.23076923076923,0.95,0.9285714285714286,0.8989898989898991,0.10101010101010102,0.15384629594007918,0.8461537040599194,7.518653363642818e-07,0.9999992485902716
139,69.7324414715719,0.95,0.9285714285714286,0.8989898989898991,0.10101010101010102,0.15384628589564384,0.8461537141043548,6.985436078051413e-07,0.9999993019773504
140,70.23411371237458,0.95,0.9285714285714286,0.8989898989898991,0.10101010101010102,0.15384627652103813,0.8461537234789605,6.488173314010921e-07,0.9999993517793468
141,70.73578595317726,0.95,0.9285714285714286,0.8989898989898991,0.10101010101010102,0.1538462678422995,0.8461537321576991,6.028274281780986e-07,0.9999993978554554
142,71.23745819397993,0.95,0.9285714285714286,0.8989898989898991,0.10101010101010102,0.15384625980722083,0.8461537401927777,5.603041260242415e-07,0.9999994404785411
143,71.73913043478261,0.95,0.9285714285714286,0.8989898989898991,0.10101010101010102,0.15384625236247834,0.8461537476375203,5.209668876892049e-07,0.999999479931001
144,72.24080267558529,0.95,0.9285714285714286,0.8989898989898991,0.10101010101010102,0.1538462454546991,0.8461537545452995,4.845347041319848e-07,0.9999995164956509
145,72.74247491638796,0.95,0.9285714285714286,0.8989898989898991,0.10101010101010102,0.15384623903051028,0.8461537609694882,4.5072656631157694e-07,0.9999995504553059
146,73.24414715719064,0.95,0.9285714285714286,0.8989898989898991,0.10101010101010102,0.15384623303653908,0.8461537669634595,4.1926146518697747e-07,0.9999995820927813
147,73.74581939799332,0.95,0.9285714285714286,0.8989898989898991,0.10101010101010102,0.15384622741941253,0.846153772580586,3.898583917171824e-07,0.9999996116908924
148,74.24749163879599,0.95,0.9285714285714286,0.8989898989898991,0.10101010101010102,0.15384622212956836,0.8461537778704302,3.622588843333828e-07,0.9999996395103583
149,74.74916387959867,0.95,0.9285714285714286,0.8989898989898991,0.10101010101010102,0.1538462171784096,0.8461537828215889,3.3656523026950827e-07,0.9999996654583685
150,75.25083612040133,0.95,0.9285714285714286,0.8989898989898991,0.10101010101010102,0.1538462125522997,0.8461537874476989,3.1273155000471e-07,0.999999689587314
151,75.75250836120401,0.95,0.9285714285714286,0.8989898989898991,0.10101010101010102,0.15384620821936185,0.8461537917806368,2.906040325968721e-07,0.9999997120553578
152,76.25418060200668,0.95,0.9285714285714286,0.8989898989898991,0.10101010101010102,0.15384620414771935,0.8461537958522792,2.7002886710388077e-07,0.9999997330206623
153,76.75585284280936,0.95,0.9285714285714286,0.8989898989898991,0.10101010101010102,0.15384620030549548,0.8461537996945031,2.5085224258362146e-07,0.9999997526413903
154,77.25752508361204,0.95,0.9285714285714286,0.8989898989898991,0.10101010101010102,0.15384619666081348,0.8461538033391851,2.329203480939796e-07,0.9999997710757044
155,77.75919732441471,0.95,0.9285714285714286,0.8989898989898991,0.10101010101010102,0.15384619318179663,0.846153806818202,2.1607937269284072e-07,0.9999997884817674
156,78.26086956521739,0.95,0.9285714285714286,0.8989898989898991,0.10101010101010102,0.15384618984142023,0.8461538101585784,2.0028695211130517e-07,0.9999998049167999
157,78.76254180602007,0.95,0.9285714285714286,0.8989898989898991,0.10101010101010102,0.1538461866186765,0.8461538133813221,1.8563892613898996e-07,0.9999998203128452
158,79.26421404682274,0.95,0.9285714285714286,0.8989898989898991,0.10101010101010102,0.1538461834853457,0.8461538165146529,1.7206548142710387e-07,0.999999834751986
159,79.76588628762542,0.95,0.9285714285714286,0.8989898989898991,0.10101010101010102,0.15384618041303086,0.8461538195869678,1.594927335758318e-07,0.9999998483199918
160,80.2675585284281,0.95,0.9285714285714286,0.8989898989898991,0.10101010101010102,0.15384617737333495,0.8461538226266636,1.4784679818535873e-07,0.9999998611026326
161,80.76923076923077,0.95,0.9285714285714286,0.8989898989898991,0.10101010101010102,0.15384617433786102,0.8461538256621376,1.3705379085586952e-07,0.9999998731856782
162,81.27090301003345,0.95,0.9285714285714286,0.8989898989898991,0.10101010101010102,0.15384617127821204,0.8461538287217866,1.2703982718754912e-07,0.9999998846548982
163,81.77257525083613,0.95,0.9285714285714286,0.8989898989898991,0.10101010101010102,0.15384616824835226,0.8461538317516464,1.1773839853274859e-07,0.999999895591933
164,82.27424749163879,0.95,0.9285714285714286,0.8989898989898991,0.10101010101010102,0.15384616649941604,0.8461538335005826,1.0919020730624314e-07,0.999999906018396
165,82.77591973244147,0.95,0.9285714285714286,0.8989898989898991,0.10101010101010102,0.15384616704963874,0.8461538329503598,1.0142012234960524e-07,0.9999999159707282
166,83.27759197324414,0.95,0.9285714285714286,0.8989898989898991,0.10101010101010102,0.15384616830557954,0.846153831694419,9.425864839003716e-08,0.9999999256411071
167,83.77926421404682,0.95,0.9285714285714286,0.8989898989898991,0.10101010101010102,0.15384616903192974,0.8461538309680688,8.757538044473948e-08,0.999999935190374
168,84.2809364548495,0.95,0.9285714285714286,0.8989898989898991,0.10101010101010102,0.153846168821751,0.8461538311782476,8.136066732285058e-08,0.9999999446838488
169,84.78260869565217,0.95,0.9285714285714286,0.8989898989898991,0.10101010101010102,0.15384616767672316,0.8461538323232755,7.557805638822619e-08,0.9999999542295345
170,85.28428093645485,0.95,0.9285714285714286,0.8989898989898991,0.10101010101010102,0.1538461661718074,0.8461538338281912,7.021990123920046e-08,0.9999999638617512
171,85.78595317725753,0.95,0.9285714285714286,0.8989898989898991,0.10101010101010102,0.15384616520223554,0.8461538347977631,6.523128669164501e-08,0.9999999737700228
172,86.2876254180602,0.95,0.9285714285714286,0.8989898989898991,0.10101010101010102,0.15384616461968972,0.846153835380309,6.059783547363243e-08,0.999999984029102
173,86.78929765886288,0.95,0.9285714285714286,0.8989898989898991,0.10101010101010102,0.15384616408522048,0.8461538359147782,5.629214350976179e-08,0.9999999947788489
174,87.29096989966555,0.95,0.9285714285714286,0.8989898989898991,0.10101010101010102,0.15384616351151104,0.8461538364884876,5.229274418068141e-08,1.0000000061518994
175,87.79264214046823,0.95,0.9285714285714286,0.8989898989898991,0.10101010101010102,0.15384616289201822,0.8461538371079805,4.857843710066274e-08,1.0000000182956532
176,88.29431438127091,0.95,0.9285714285714286,0.8989898989898991,0.10101010101010102,0.15384616228098882,0.8461538377190099,4.512700375635367e-08,1.0000000314008484
177,88.79598662207358,0.95,0.9285714285714286,0.8989898989898991,0.10101010101010102,0.1538461616995386,0.8461538383004601,4.192055429614288e-08,1.0000000456600868
178,89.29765886287625,0.95,0.9285714285714286,0.8989898989898991,0.10101010101010102,0.15384616115760172,0.846153838842397,3.894295618927402e-08,1.0000000612699267
179,89.79933110367892,0.95,0.9285714285714286,0.8989898989898991,0.10101010101010102,0.15384616065159465,0.846153839348404,3.6176263059744675e-08,1.0000000785001355
180,90.3010033444816,0.95,0.9285714285714286,0.8989898989898991,0.10101010101010102,0.15384616017813454,0.8461538398218642,3.360435471023566e-08,1.0000000976713475
181,90.80267558528428,0.95,0.9285714285714286,0.8989898989898991,0.10101010101010102,0.15384615973508356,0.8461538402649151,3.1216685846650005e-08,1.0000001190087444
182,91.30434782608695,0.95,0.9285714285714286,0.8989898989898991,0.10101010101010102,0.1538461593207269,0.8461538406792718,2.899695784430088e-08,1.000000142983428
183,91.80602006688963,0.95,0.9285714285714286,0.8989898989898991,0.10101010101010102,0.1538461589342032,0.8461538410657955,2.6936942887152735e-08,1.000000169859911
184,92.3076923076923,0.95,0.9285714285714286,0.8989898989898991,0.10101010101010102,0.1538461585739434,0.8461538414260553,2.5021422749171517e-08,1.0000002002749513
185,92.80936454849498,0.95,0.9285714285714286,0.8989898989898991,0.10101010101010102,0.15384615823863546,0.8461538417613633,2.3241927194527592e-08,1.0000002347771844
186,93.31103678929766,0.95,0.9285714285714286,0.8989898989898991,0.10101010101010102,0.15384615792457002,0.8461538420754288,2.1578343874083368e-08,1.0000002749324164
187,93.81270903010034,0.95,0.9285714285714286,0.8989898989898991,0.10101010101010102,0.15384615763139606,0.8461538423686027,2.0028769556780696e-08,1.000000320888819
188,94.31438127090301,0.95,0.9285714285714286,0.8989898989898991,0.10101010101010102,0.15384615735911356,0.8461538426408852,1.8593204242619573e-08,1.0000003726463924
189,94.81605351170569,0.95,0.9285714285714286,0.8989898989898991,0.10101010101010102,0.15384615710765495,0.8461538428923439,1.727127094658452e-08,1.0000004302629772
190,95.31772575250837,0.95,0.9285714285714286,0.8989898989898991,0.10101010101010102,0.15384615687332098,0.8461538431266779,1.6042331234319487e-08,1.0000004969051144
191,95.81939799331104,0.95,0.9285714285714286,0.8989898989898991,0.10101010101010102,0.1538461566539933,0.8461538433460055,1.4894566735196293e-08,1.0000005743860885
192,96.3210702341137,0.95,0.9285714285714286,0.8989898989898991,0.10101010101010102,0.15384615644967192,0.8461538435503269,1.3827977449214974e-08,1.0000006627058995
193,96.82274247491638,0.95,0.9285714285714286,0.8989898989898991,0.10101010101010102,0.15384615626035683,0.846153843739642,1.2842563376375466e-08,1.0000007618645472
194,97.32441471571906,0.95,0.9285714285714286,0.8989898989898991,0.10101010101010102,0.15384615608514768,0.8461538439148512,1.193298651796155e-08,1.000000873981889
195,97.82608695652173,0.95,0.9285714285714286,0.8989898989898991,0.10101010101010102,0.15384615592120854,0.8461538440787902,1.1082433383099716e-08,1.0000010057349975
196,98.32775919732441,0.95,0.9285714285714286,0.8989898989898991,0.10101010101010102,0.15384615576833205,0.8461538442316667,1.0289674743323434e-08,1.000001157612031
197,98.82943143812709,0.95,0.9285714285714286,0.8989898989898991,0.10101010101010102,0.15384615562651827,0.8461538443734805,9.554710598632706e-09,1.0000013296129893
198,99.33110367892976,0.95,0.9285714285714286,0.8989898989898991,0.10101010101010102,0.15384615549571853,0.8461538445042803,8.87721865510936e-09,1.0000015220699505
199,99.83277591973244,0.95,0.9285714285714286,0.8989898989898991,0.10101010101010102,0.15384615537432836,0.8461538446256704,8.246556471802965e-09,1.0000017459484345
200,100.33444816053512,0.95,0.9285714285714286,0.8989898989898991,0.10101010101010102,0.15384615526156958,0.8461538447384293,7.657562851262592e-09,1.0000020065663202
201,100.8361204013378,0.95,0.9285714285714286,0.8989898989898991,0.10101010101010102,0.15384615515744224,0.8461538448425565,7.1102377934882425e-09,1.0000023039236074
202,101.33779264214047,0.95,0.9285714285714286,0.8989898989898991,0.10101010101010102,0.1538461550619463,0.8461538449380525,6.604581298479915e-09,1.0000026380202964
203,101.83946488294315,0.95,0.9285714285714286,0.8989898989898991,0.10101010101010102,0.15384615497472648,0.8461538450252724,6.136438279013199e-09,1.0000030185989517
204,102.34113712374582,0.95,0.9285714285714286,0.8989898989898991,0.10101010101010102,0.15384615489525832,0.8461538451047406,5.69967530286034e-09,1.0000034600408267
205,102.8428093645485,0.95,0.9285714285714286,0.8989898989898991,0.10101010101010102,0.15384615482353708,0.8461538451764617,5.294236761734996e-09,1.0000039624763075
206,103.34448160535118,0.95,0.9285714285714286,0.8989898989898991,0.10101010101010102,0.1538461547585485,0.8461538452414504,4.918026424203642e-09,1.000004536691065
207,103.84615384615384,0.95,0.9285714285714286,0.8989898989898991,0.10101010101010102,0.15384615469848206,0.8461538453015168,4.567302425920252e-09,1.0000052019379904
208,104.34782608695652,0.95,0.9285714285714286,0.8989898989898991,0.10101010101010102,0.15384615464330215,0.8461538453566968,4.241991091501401e-09,1.0000059585961627
209,104.84949832775919,0.95,0.9285714285714286,0.8989898989898991,0.10101010101010102,0.15384615459196307,0.846153845408036,3.940639581219453e-09,1.000006819266231
210,105.35117056856187,0.95,0.9285714285714286,0.8989898989898991,0.10101010101010102,0.15384615454221767,0.8461538454577813,3.6601257707385708e-09,1.0000078110267447
211,105.85284280936455,0.95,0.9285714285714286,0.8989898989898991,0.10101010101010102,0.1538461544940365,0.8461538455059624,3.4000727753366678e-09,1.0000089388805824
212,106.35451505016722,0.95,0.9285714285714286,0.8989898989898991,0.10101010101010102,0.15384615444783464,0.8461538455521643,3.158041960117387e-09,1.0000102395457071
213,106.8561872909699,0.95,0.9285714285714286,0.8989898989898991,0.10101010101010102,0.15384615440371124,0.8461538455962877,2.933452844279814e-09,1.0000117217690923
214,107.35785953177258,0.95,0.9285714285714286,0.8989898989898991,0.10101010101010102,0.1538461543624389,0.84615384563756,2.7249472748122703e-09,1.0000134175979618
215,107.85953177257525,0.95,0.9285714285714286,0.8989898989898991,0.10101010101010102,0.15384615432471588,0.8461538456752831,2.5312838208538928e-09,1.0000153564484322
216,108.36120401337793,0.95,0.9285714285714286,0.8989898989898991,0.10101010101010102,0.15384615429023082,0.8461538457097681,2.3513138591324824e-09,1.00001758042023
217,108.8628762541806,0.95,0.9285714285714286,0.8989898989898991,0.10101010101010102,0.15384615425918802,0.8461538457408109,2.1850165864204064e-09,1.000020076357664
218,109.36454849498328,0.95,0.9285714285714286,0.8989898989898991,0.10101010101010102,0.15384615422972783,0.8461538457702711,2.0289664156979338e-09,1.0000230315376186
219,109.86622073578596,0.95,0.9285714285714286,0.8989898989898991,0.10101010101010102,0.15384615420272804,0.8461538457972708,1.8847685328891373e-09,1.0000263588987768
220,110.36789297658864,0.95,0.9285714285714286,0.8989898989898991,0.10101010101010102,0.15384615417773592,0.8461538458222629,1.7512439617067124e-09,1.0000301434081813
221,110.8695652173913,0.95,0.9285714285714286,0.8989898989898991,0.10101010101010102,0.15384615415430236,0.8461538458456965,1.6271776365837556e-09,1.0000344745311334
222,111.37123745819397,0.95,0.9285714285714286,0.8989898989898991,0.10101010101010102,0.1538461541322037,0.8461538458677951,1.5117073804294679e-09,1.000039436578692
223,111.87290969899665,0.95,0.9285714285714286,0.8989898989898991,0.10101010101010102,0.1538461541115996,0.8461538458883993,1.4044389050113003e-09,1.0000451195964513
224,112.37458193979933,0.95,0.9285714285714286,0.8989898989898991,0.10101010101010102,0.1538461540924587,0.8461538459075402,1.3047541498133787e-09,1.000051615846719
225,112.876254180602,0.95,0.9285714285714286,0.8989898989898991,0.10101010101010102,0.15384615407479682,0.846153845925202,1.2121599810737782e-09,1.0000590551510127
226,113.37792642140468,0.95,0.9285714285714286,0.8989898989898991,0.10101010101010102,0.15384615405861723,0.8461538459413815,1.126136326575451e-09,1.0000675597366406
227,113.87959866220736,0.95,0.9285714285714286,0.8989898989898991,0.10101010101010102,0.15384615404375868,0.8461538459562401,1.046223046582598e-09,1.0000772910488998
228,114.38127090301003,0.95,0.9285714285714286,0.8989898989898991,0.10101010101010102,0.15384615402999555,0.8461538459700033,9.719896709310024e-10,1.0000884279464262
229,114.88294314381271,0.95,0.9285714285714286,0.8989898989898991,0.10101010101010102,0.1538461540171622,0.8461538459828366,9.030065482878347e-10,1.0001011553019714
230,115.38461538461539,0.95,0.9285714285714286,0.8989898989898991,0.10101010101010102,0.15384615400510052,0.8461538459948984,8.389242347484718e-10,1.0001157212900766
231,115.88628762541806,0.95,0.9285714285714286,0.8989898989898991,0.10101010101010102,0.15384615399373133,0.8461538460062674,7.793878261261268e-10,1.0001323815929517
232,116.38795986622074,0.95,0.9285714285714286,0.8989898989898991,0.10101010101010102,0.1538461539831455,0.8461538460168533,7.240813005999715e-10,1.0001514472714232
233,116.88963210702342,0.95,0.9285714285714286,0.8989898989898991,0.10101010101010102,0.15384615397335005,0.8461538460266488,6.726973644317381e-10,1.0001732548191582
234,117.3913043478261,0.95,0.9285714285714286,0.8989898989898991,0.10101010101010102,0.15384615396431964,0.8461538460356791,6.249627497423319e-10,1.0001982072860574
235,117.89297658862876,0.95,0.9285714285714286,0.8989898989898991,0.10101010101010102,0.1538461539559837,0.846153846044015,5.806128534038395e-10,1.00022674532878
236,118.39464882943143,0.95,0.9285714285714286,0.8989898989898991,0.10101010101010102,0.15384615394821435,0.8461538460517843,5.394109737595591e-10,1.0002593925508763
237,118.89632107023411,0.95,0.9285714285714286,0.8989898989898991,0.10101010101010102,0.15384615394096998,0.8461538460590288,5.011354649294189e-10,1.000296751432044
238,119.39799331103679,0.95,0.9285714285714286,0.8989898989898991,0.10101010101010102,0.1538461539342243,0.8461538460657745,4.65576065020118e-10,1.0003394888354449
239,119.89966555183946,0.95,0.9285714285714286,0.8989898989898991,0.10101010101010102,0.15384615392796683,0.8461538460720319,4.325424084707283e-10,1.000388395093841
240,120.40133779264214,0.95,0.9285714285714286,0.8989898989898991,0.10101010101010102,0.15384615392216627,0.8461538460778324,4.018522243134271e-10,1.0004443385659492
241,120.90301003344482,0.95,0.9285714285714286,0.8989898989898991,0.10101010101010102,0.15384615391677986,0.8461538460832189,3.733392838309958e-10,1.0005083312187155
242,121.40468227424749,0.95,0.9285714285714286,0.8989898989898991,0.10101010101010102,0.15384615391177245,0.8461538460882262,3.468497431276249e-10,1.0005815445180786
243,121.90635451505017,0.95,0.9285714285714286,0.8989898989898991,0.10101010101010102,0.15384615390711173,0.8461538460928869,3.222420953015687e-10,1.0006653238478467
244,122.40802675585284,0.95,0.9285714285714286,0.8989898989898991,0.10101010101010102,0.15384615390277998,0.8461538460972186,2.993821582403885e-10,1.0007611955782787
245,122.90969899665552,0.95,0.9285714285714286,0.8989898989898991,0.10101010101010102,0.15384615389875833,0.8461538461012402,2.7814598437873775e-10,1.0008709154867894
246,123.4113712374582,0.95,0.9285714285714286,0.8989898989898991,0.10101010101010102,0.15384615389502942,0.8461538461049691,2.584180193109281e-10,1.0009964745579185
247,123.91304347826087,0.95,0.9285714285714286,0.8989898989898991,0.10101010101010102,0.15384615389156775,0.8461538461084308,2.400911210760669e-10,1.0011401821531964
248,124.41471571906355,0.95,0.9285714285714286,0.8989898989898991,0.10101010101010102,0.15384615388834827,0.8461538461116502,2.2306615229987255e-10,1.0013046617303123
249,124.91638795986621,0.95,0.9285714285714286,0.8989898989898991,0.10101010101010102,0.1538461538853541,0.8461538461146444,2.072506186242535e-10,1.0014929433191195
250,125.41806020066889,0.95,0.9285714285714286,0.8989898989898991,0.10101010101010102,0.15384615388257028,0.8461538461174282,1.9255893359442957e-10,1.0017084789207293
251,125.91973244147157,0.95,0.9285714285714286,0.8989898989898991,0.10101010101010102,0.15384615387998693,0.8461538461200115,1.7891126961044077e-10,1.001955249839063
252,126.42140468227424,0.95,0.9285714285714286,0.8989898989898991,0.10101010101010102,0.15384615387759168,0.8461538461224067,1.6623367116584902e-10,1.0022378168377886
253,126.92307692307692,0.95,0.9285714285714286,0.8989898989898991,0.10101010101010102,0.15384615387536804,0.8461538461246304,1.5445722903824857e-10,1.0025614335569972
254,127.4247491638796,0.95,0.9285714285714286,0.8989898989898991,0.10101010101010102,0.15384615387330092,0.8461538461266975,1.4351804981058638e-10,1.0029321351192817
255,127.92642140468227,0.95,0.9285714285714286,0.8989898989898991,0.10101010101010102,0.15384615387137568,0.8461538461286229,1.3335687527632605e-10,1.003356841811568
256,128.42809364548495,0.95,0.9285714285714286,0.8989898989898991,0.10101010101010102,0.15384615386958367,0.8461538461304149,1.2391860800716904e-10,1.003843543052871
257,128.9297658862876,0.95,0.9285714285714286,0.8989898989898991,0.10101010101010102,0.15384615386792239,0.846153846132076,1.151520397587187e-10,1.0044014196154294
258,129.4314381270903,0.95,0.9285714285714286,0.8989898989898991,0.10101010101010102,0.15384615386638384,0.8461538461336146,1.0700963230684697e-10,1.0050410936465257
259,129.93311036789297,0.95,0.9285714285714286,0.8989898989898991,0.10101010101010102,0.15384615386495717,0.8461538461350413,9.944720407842474e-11,1.00577479150069
260,130.43478260869566,0.95,0.9285714285714286,0.8989898989898991,0.10101010101010102,0.1538461538636307,0.8461538461363678,9.242375431102836e-11,1.0066166994455283
261,130.93645484949832,0.95,0.9285714285714286,0.8989898989898991,0.10101010101010102,0.15384615386239123,0.8461538461376072,8.590118040201742e-11,1.0075831726730933
262,131.438127090301,0.95,0.9285714285714286,0.8989898989898991,0.10101010101010102,0.15384615386123943,0.846153846138759,7.984412119854476e-11,1.008693254709985
263,131.93979933110367,0.95,0.9285714285714286,0.8989898989898991,0.10101010101010102,0.15384615386017605,0.8461538461398224,7.421974250930826e-11,1.0099690749860697
264,132.44147157190636,0.95,0.9285714285714286,0.8989898989898991,0.10101010101010102,0.1538461538591901,0.8461538461408082,6.899755256968013e-11,1.0114363783124678
265,132.94314381270902,0.95,0.9285714285714286,0.8989898989898991,0.10101010101010102,0.15384615385827125,0.8461538461417271,6.414925851116463e-11,1.0131252741292465
266,133.44481605351172,0.95,0.9285714285714286,0.8989898989898991,0.10101010101010102,0.15384615385741332,0.846153846142585,5.964860524234169e-11,1.0150710339938152
267,133.94648829431438,0.95,0.9285714285714286,0.8989898989898991,0.10101010101010102,0.15384615385662118,0.8461538461433771,5.5471236696280314e-11,1.0173150960983732
268,134.44816053511707,0.95,0.9285714285714286,0.8989898989898991,0.10101010101010102,0.15384615385588785,0.8461538461441104,5.159457355139056e-11,1.0199064338488397
269,134.94983277591973,0.95,0.9285714285714286,0.8989898989898991,0.10101010101010102,0.15384615385520506,0.8461538461447932,4.7997692562195973e-11,1.0229031051617965
270,135.45150501672242,0.95,0.9285714285714286,0.8989898989898991,0.10101010101010102,0.15384615385457073,0.8461538461454275,4.4661220813330834e-11,1.026374293638781
271,135.95317725752508,0.95,0.9285714285714286,0.8989898989898991,0.10101010101010102,0.15384615385398448,0.8461538461460137,4.156724311308393e-11,1.0304029657806466
272,136.45484949832775,0.95,0.9285714285714286,0.8989898989898991,0.10101010101010102,0.15384615385343947,0.8461538461465589,3.8699217196369666e-11,1.0350892253705861
273,136.95652173913044,0.95,0.9285714285714286,0.8989898989898991,0.10101010101010102,0.1538461538529336,0.8461538461470647,3.604190517864646e-11,1.0405549679400234
274,137.4581939799331,0.95,0.9285714285714286,0.8989898989898991,0.10101010101010102,0.15384615385246508,0.8461538461475332,3.3581314701645406e-11,1.046949755228971
275,137.9598662207358,0.95,0.9285714285714286,0.8989898989898991,0.10101010101010102,0.1538461538520305,0.8461538461479678,3.130466067248383e-11,1.0544591128574587
276,138.46153846153845,0.95,0.9285714285714286,0.8989898989898991,0.10101010101010102,0.15384615385162814,0.8461538461483703,2.920034708471965e-11,1.063315894374153
277,138.96321070234114,0.95,0.9285714285714286,0.8989898989898991,0.10101010101010102,0.15384615385125572,0.8461538461487427,2.7257979403433454e-11,1.0738165280581693
278,139.4648829431438,0.95,0.9285714285714286,0.8989898989898991,0.10101010101010102,0.1538461538509114,0.846153846149087,2.5468418238677545e-11,1.0863444081627882
279,139.9665551839465,0.95,0.9285714285714286,0.8989898989898991,0.10101010101010102,0.1538461538505935,0.8461538461494049,2.3823898315257285e-11,1.1014049755939237
280,140.46822742474916,0.95,0.9285714285714286,0.8989898989898991,0.10101010101010102,0.15384615385030045,0.846153846149698,2.2318250865781883e-11,1.1196798122707217
281,140.96989966555185,0.95,0.9285714285714286,0.8989898989898991,0.10101010101010102,0.15384615385003103,0.8461538461499675,2.0947299388516466e-11,1.1421129397319307
282,141.4715719063545,0.95,0.9285714285714286,0.8989898989898991,0.10101010101010102,0.1538461538497842,0.8461538461502144,1.9709570171078466e-11,1.1700557290330769
283,141.9732441471572,0.95,0.9285714285714286,0.8989898989898991,0.10101010101010102,0.15384615384955933,0.8461538461504393,1.860759763060553e-11,1.2055222999108122
284,142.47491638795987,0.95,0.9285714285714286,0.8989898989898991,0.10101010101010102,0.15384615384935632,0.8461538461506423,1.7650464463302402e-11,1.2516729773132944
285,142.97658862876253,0.95,0.9285714285714286,0.8989898989898991,0.10101010101010102,0.15384615384917577,0.8461538461508228,1.6859140742919173e-11,1.3138107516527822
286,143.47826086956522,0.95,0.9285714285714286,0.8989898989898991,0.10101010101010102,0.15384615384901973,0.8461538461509788,1.627904160226707e-11,1.401689166346005
287,143.97993311036788,0.95,0.9285714285714286,0.8989898989898991,0.10101010101010102,0.15384615384889322,0.8461538461511052,1.6014789546394396e-11,1.535815220159092
288,144.48160535117057,0.95,0.9285714285714286,0.8989898989898991,0.10101010101010102,0.15384615384880884,0.8461538461511897,1.6354728715785252e-11,1.7697295897107839
289,144.98327759197323,0.95,0.9285714285714286,0.8989898989898991,0.10101010101010102,0.15384615384880684,0.8461538461511915,1.850147999949466e-11,2.3188559073452044
290,145.48494983277592,0.95,0.9285714285714286,0.8989898989898991,0.10101010101010102,0.15384615384946934,0.8461538461505307,3.2710363186037033e-07,55844.272184180525
291,145.9866220735786,0.95,0.9285714285714286,0.8989898989898991,0.10101010101010102,4.766478299086586e-38,4.7664784742521e-38,3.251934525823191e-86,1.3813361612955672e-47
292,146.48829431438128,0.95,0.9285714285714286,0.8989898989898991,0.10101010101010102,9.737040095059218e-72,5.055787016914777e-38,8.982091498847035e-67,2.4055602683971577e-57
293,146.98996655518394,0.95,0.9285714285714286,0.8989898989898991,0.10101010101010102,3.940872839377404e-62,5.203635356963086e-90,4.857842629731053e-33,1.725863917458874e-47
294,147.49163879598663,0.95,0.9285714285714286,0.8989898989898991,0.10101010101010102,9.644218488885046e-72,1.1296533519338069e-42,1.3132928284978023e-71,1.5758962456632842e-52
295,147.9933110367893,0.95,0.9285714285714286,0.8989898989898991,0.10101010101010102,4.4357535728450264e-38,7.411381121613834e-38,8.063499011235053e-96,4.766478474249427e-38
296,148.49498327759198,0.95,0.9285714285714286,0.8989898989898991,0.10101010101010102,4.7664784742521e-38,2.002529552037913e-52,9.730450564569379e-72,9.464330014072694e-96
297,148.99665551839465,0.95,0.9285714285714286,0.8989898989898991,0.10101010101010102,1.107646111233489e-47,5.643420732214095e-62,1.5887395745397832e-47,9.353012202089033e-67
298,149.49832775919734,0.95,0.9285714285714286,0.8989898989898991,0.10101010101010102,8.31858297353065e-72,4.857874933045317e-33,1.3144051839414654e-71,3.310974429502972e-33
299,150.0,0.95,0.9285714285714286,0.8989898989898991,0.10101010101010102,4.665273122804109e-33,5.056930599488496e-38,1.2180338143741653e-76,7.411331654887467e-38
