,time,sigma,beta,omega,alpha,S,I,C,D
0,0.0,0.95,45.5,0.07070707070707072,1.8989898989898992,0.9998,0.0002,0.5,0.5
1,0.5016722408026756,0.95,45.5,0.07070707070707072,1.8989898989898992,0.009708752842358812,0.9902912471576413,0.4927577775281752,0.5072422224718245
2,1.0033444816053512,0.95,45.5,0.07070707070707072,1.8989898989898992,0.005228476105123026,0.9947715238948768,0.5113489893601345,0.488651010639865
3,1.5050167224080266,0.95,45.5,0.07070707070707072,1.8989898989898992,0.005326351817209255,0.9946736481827901,0.5299181330955544,0.47008186690444514
4,2.0066889632107023,0.95,45.5,0.07070707070707072,1.8989898989898992,0.005425617385479539,0.9945743826145198,0.5484009505154405,0.4515990494845592
5,2.508361204013378,0.95,45.5,0.07070707070707072,1.8989898989898992,0.0055259968804877175,0.9944740031195115,0.5667472913945945,0.43325270860540527
6,3.0100334448160533,0.95,45.5,0.07070707070707072,1.8989898989898992,0.005627219556941136,0.9943727804430581,0.584908572693432,0.41509142730656773
7,3.511705685618729,0.95,45.5,0.07070707070707072,1.8989898989898992,0.0057289893278703865,0.9942710106721289,0.6028381661025357,0.39716183389746385
8,4.013377926421405,0.95,45.5,0.07070707070707072,1.8989898989898992,0.005831016554084053,0.9941689834459152,0.6204919577841767,0.37950804221582285
9,4.51505016722408,0.95,45.5,0.07070707070707072,1.8989898989898992,0.005933003820372786,0.9940669961796265,0.6378287400848881,0.3621712599151114
10,5.016722408026756,0.95,45.5,0.07070707070707072,1.8989898989898992,0.006034656686324139,0.993965343313675,0.654810471247431,0.3451895287525685
11,5.518394648829432,0.95,45.5,0.07070707070707072,1.8989898989898992,0.0061356850996050075,0.9938643149003942,0.6714026006187239,0.3285973993812756
12,6.020066889632107,0.95,45.5,0.07070707070707072,1.8989898989898992,0.0062358066657450546,0.9937641933342541,0.6875742721654331,0.3124257278345664
13,6.521739130434782,0.95,45.5,0.07070707070707072,1.8989898989898992,0.006334750369436998,0.9936652496305621,0.7032984624732003,0.2967015375267993
14,7.023411371237458,0.95,45.5,0.07070707070707072,1.8989898989898992,0.006432258811269588,0.9935677411887296,0.718552039158636,0.2814479608413637
15,7.525083612040134,0.95,45.5,0.07070707070707072,1.8989898989898992,0.006528091060033667,0.9934719089399654,0.7333157579323937,0.26668424206760605
16,8.02675585284281,0.95,45.5,0.07070707070707072,1.8989898989898992,0.006622024055663872,0.9933779759443352,0.7475742300860226,0.252425769913977
17,8.528428093645484,0.95,45.5,0.07070707070707072,1.8989898989898992,0.006713855763402989,0.993286144236596,0.7613158017869414,0.2386841982130584
18,9.03010033444816,0.95,45.5,0.07070707070707072,1.8989898989898992,0.006803404625397859,0.9931965953746011,0.7745324041617409,0.22546759583825904
19,9.531772575250836,0.95,45.5,0.07070707070707072,1.8989898989898992,0.0068905117120122445,0.9931094882879868,0.7872193564571314,0.21278064354286869
20,10.033444816053512,0.95,45.5,0.07070707070707072,1.8989898989898992,0.006975040973082494,0.9930249590269166,0.7993751406413868,0.20062485935861352
21,10.535117056856187,0.95,45.5,0.07070707070707072,1.8989898989898992,0.007056877600823993,0.992943122399175,0.8110011777606663,0.18899882223933437
22,11.036789297658864,0.95,45.5,0.07070707070707072,1.8989898989898992,0.0071359304625931595,0.9928640695374058,0.8221015576428995,0.17789844235710148
23,11.538461538461538,0.95,45.5,0.07070707070707072,1.8989898989898992,0.007212130827805935,0.9927878691721931,0.832682780592081,0.1673172194079202
24,12.040133779264213,0.95,45.5,0.07070707070707072,1.8989898989898992,0.00728542760632261,0.9927145723936764,0.8427534552558217,0.1572465447441793
25,12.54180602006689,0.95,45.5,0.07070707070707072,1.8989898989898992,0.007355790301282045,0.9926442096987171,0.8523240382001853,0.14767596179981526
26,13.043478260869565,0.95,45.5,0.07070707070707072,1.8989898989898992,0.007423212629373023,0.992576787370626,0.8614065989543084,0.1385934010456921
27,13.545150501672241,0.95,45.5,0.07070707070707072,1.8989898989898992,0.007487698052899489,0.9925123019470995,0.8700145572413276,0.12998544275867266
28,14.046822742474916,0.95,45.5,0.07070707070707072,1.8989898989898992,0.0075492592955506135,0.9924507407044484,0.8781624292766964,0.12183757072330405
29,14.548494983277592,0.95,45.5,0.07070707070707072,1.8989898989898992,0.007607941551158955,0.99239205844884,0.885865604008653,0.11413439599134799
30,15.050167224080267,0.95,45.5,0.07070707070707072,1.8989898989898992,0.007663796559599832,0.9923362034403993,0.8931401404181528,0.1068598595818477
31,15.551839464882944,0.95,45.5,0.07070707070707072,1.8989898989898992,0.00771686619183211,0.9922831338081669,0.9000025793489406,0.09999742065105911
32,16.05351170568562,0.95,45.5,0.07070707070707072,1.8989898989898992,0.0077672180245609195,0.9922327819754382,0.9064697708866972,0.09353022911330279
33,16.555183946488295,0.95,45.5,0.07070707070707072,1.8989898989898992,0.007814947833126891,0.9921850521668723,0.9125587201308814,0.08744127986911901
34,17.05685618729097,0.95,45.5,0.07070707070707072,1.8989898989898992,0.007860125858619818,0.9921398741413794,0.9182864499058035,0.08171355009419587
35,17.558528428093645,0.95,45.5,0.07070707070707072,1.8989898989898992,0.007902813135457525,0.9920971868645417,0.9236698808040388,0.07633011919595979
36,18.06020066889632,0.95,45.5,0.07070707070707072,1.8989898989898992,0.007943132827407561,0.9920568671725917,0.9287257316895847,0.07127426831041363
37,18.561872909698998,0.95,45.5,0.07070707070707072,1.8989898989898992,0.007981176814790337,0.9920188231852088,0.933470431818847,0.06652956818114929
38,19.06354515050167,0.95,45.5,0.07070707070707072,1.8989898989898992,0.008016995418241187,0.9919830045817581,0.9379200491174593,0.062079950882536754
39,19.565217391304348,0.95,45.5,0.07070707070707072,1.8989898989898992,0.008050729498501117,0.9919492705014984,0.9420902263682681,0.05790977363172802
40,20.066889632107024,0.95,45.5,0.07070707070707072,1.8989898989898992,0.008082459074969395,0.9919175409250303,0.9459961296139519,0.05400387038604489
41,20.568561872909697,0.95,45.5,0.07070707070707072,1.8989898989898992,0.00811227766068214,0.9918877223393175,0.9496524252787024,0.050347574721294704
42,21.070234113712374,0.95,45.5,0.07070707070707072,1.8989898989898992,0.008140278737349195,0.9918597212626504,0.9530732534557115,0.04692674654428569
43,21.57190635451505,0.95,45.5,0.07070707070707072,1.8989898989898992,0.008166553791038067,0.9918334462089616,0.9562721945414419,0.04372780545855557
44,22.073578595317727,0.95,45.5,0.07070707070707072,1.8989898989898992,0.008191192210523675,0.9918088077894761,0.9592622258440588,0.04073777415593839
45,22.5752508361204,0.95,45.5,0.07070707070707072,1.8989898989898992,0.008214280781753182,0.9917857192182467,0.9620557719670071,0.037944228032990156
46,23.076923076923077,0.95,45.5,0.07070707070707072,1.8989898989898992,0.008235904092520518,0.9917640959074793,0.9646646884687415,0.03533531153125605
47,23.578595317725753,0.95,45.5,0.07070707070707072,1.8989898989898992,0.00825614375264879,0.991743856247351,0.9671002557838605,0.03289974421613745
48,24.080267558528426,0.95,45.5,0.07070707070707072,1.8989898989898992,0.008275078248087845,0.991724921751912,0.9693731860663054,0.030626813933692862
49,24.581939799331103,0.95,45.5,0.07070707070707072,1.8989898989898992,0.008292782965966099,0.9917072170340338,0.9714936366563232,0.02850636334367534
50,25.08361204013378,0.95,45.5,0.07070707070707072,1.8989898989898992,0.008309330139295044,0.9916906698607049,0.973471225286381,0.026528774713617483
51,25.585284280936456,0.95,45.5,0.07070707070707072,1.8989898989898992,0.008324788764808466,0.9916752112351914,0.9753150451374059,0.02468495486259247
52,26.08695652173913,0.95,45.5,0.07070707070707072,1.8989898989898992,0.00833922463662526,0.9916607753633746,0.9770336821617511,0.02296631783824726
53,26.588628762541806,0.95,45.5,0.07070707070707072,1.8989898989898992,0.008352700350974995,0.9916472996490249,0.9786352355840631,0.02136476441593558
54,27.090301003344482,0.95,45.5,0.07070707070707072,1.8989898989898992,0.008365275362335679,0.9916347246376641,0.9801273368561068,0.019872663143892244
55,27.59197324414716,0.95,45.5,0.07070707070707072,1.8989898989898992,0.008377006056198932,0.9916229939438009,0.9815171650338962,0.018482834966103145
56,28.093645484949832,0.95,45.5,0.07070707070707072,1.8989898989898992,0.008387945782400437,0.9916120542175993,0.982811468028675,0.01718853197132448
57,28.59531772575251,0.95,45.5,0.07070707070707072,1.8989898989898992,0.008398144968378726,0.9916018550316211,0.9840165839538257,0.015983416046173756
58,29.096989966555185,0.95,45.5,0.07070707070707072,1.8989898989898992,0.008407651223358207,0.9915923487766416,0.9851384615406252,0.014861538459374239
59,29.598662207357858,0.95,45.5,0.07070707070707072,1.8989898989898992,0.008416509423478014,0.9915834905765217,0.9861826795498482,0.01381732045015124
60,30.100334448160535,0.95,45.5,0.07070707070707072,1.8989898989898992,0.008424761858694107,0.9915752381413057,0.9871544667300542,0.012845533269945272
61,30.60200668896321,0.95,45.5,0.07070707070707072,1.8989898989898992,0.008432448310965047,0.9915675516890348,0.9880587191400512,0.011941280859948476
62,31.103678929765888,0.95,45.5,0.07070707070707072,1.8989898989898992,0.0084396061735912,0.9915603938264086,0.9889000204499884,0.011099979550011446
63,31.60535117056856,0.95,45.5,0.07070707070707072,1.8989898989898992,0.008446270557354793,0.991553729442645,0.9896826570703312,0.010317342929668686
64,32.10702341137124,0.95,45.5,0.07070707070707072,1.8989898989898992,0.008452474411385656,0.9915475255886141,0.990410636819224,0.009589363180775929
65,32.608695652173914,0.95,45.5,0.07070707070707072,1.8989898989898992,0.00845824862939706,0.9915417513706029,0.9910877053705152,0.008912294629484915
66,33.11036789297659,0.95,45.5,0.07070707070707072,1.8989898989898992,0.008463622161558434,0.9915363778384414,0.9917173607642924,0.008282639235707752
67,33.61204013377927,0.95,45.5,0.07070707070707072,1.8989898989898992,0.0084686221143699,0.99153137788563,0.9923028691370195,0.007697130862980641
68,34.11371237458194,0.95,45.5,0.07070707070707072,1.8989898989898992,0.008473273861170626,0.9915267261388292,0.9928472797360511,0.007152720263949038
69,34.61538461538461,0.95,45.5,0.07070707070707072,1.8989898989898992,0.008477601119447172,0.9915223988805527,0.993353436729775,0.006646563270225114
70,35.11705685618729,0.95,45.5,0.07070707070707072,1.8989898989898992,0.008481626061848026,0.9915183739381519,0.9938239947314556,0.006176005268544667
71,35.618729096989966,0.95,45.5,0.07070707070707072,1.8989898989898992,0.008485369443496857,0.991514630556503,0.994261426490205,0.005738573509795186
72,36.12040133779264,0.95,45.5,0.07070707070707072,1.8989898989898992,0.008488850682394558,0.9915111493176053,0.9946680397267201,0.005331960273280216
73,36.62207357859532,0.95,45.5,0.07070707070707072,1.8989898989898992,0.00849208773598695,0.9915079122640129,0.9950459817732277,0.004954018226772844
74,37.123745819397996,0.95,45.5,0.07070707070707072,1.8989898989898992,0.008495097377492737,0.9915049026225071,0.9953972570938735,0.00460274290612721
75,37.625418060200666,0.95,45.5,0.07070707070707072,1.8989898989898992,0.008497895635458018,0.9915021043645418,0.9957237283016401,0.004276271698360649
76,38.12709030100334,0.95,45.5,0.07070707070707072,1.8989898989898992,0.008500497416059316,0.9914995025839406,0.996027134746585,0.003972865253415859
77,38.62876254180602,0.95,45.5,0.07070707070707072,1.8989898989898992,0.008502915609224808,0.9914970843907751,0.9963090912419073,0.0036909087580936635
78,39.130434782608695,0.95,45.5,0.07070707070707072,1.8989898989898992,0.00850516254779425,0.9914948374522057,0.9965711056741422,0.0034288943258588807
79,39.63210702341137,0.95,45.5,0.07070707070707072,1.8989898989898992,0.008507252095740617,0.9914927479042593,0.9968145771554049,0.003185422844596265
80,40.13377926421405,0.95,45.5,0.07070707070707072,1.8989898989898992,0.008509196187713789,0.9914908038122862,0.9970408119926756,0.0029591880073254508
81,40.635451505016725,0.95,45.5,0.07070707070707072,1.8989898989898992,0.00851100006817922,0.9914889999318207,0.997251021753738,0.0027489782462630074
82,41.137123745819395,0.95,45.5,0.07070707070707072,1.8989898989898992,0.008512671942866621,0.9914873280571332,0.9974463373330706,0.0025536626669306135
83,41.63879598662207,0.95,45.5,0.07070707070707072,1.8989898989898992,0.008514233464746918,0.991485766535253,0.9976278073040364,0.002372192695964668
84,42.14046822742475,0.95,45.5,0.07070707070707072,1.8989898989898992,0.00851568738121816,0.9914843126187818,0.9977964109745745,0.002203589025426118
85,42.642140468227424,0.95,45.5,0.07070707070707072,1.8989898989898992,0.008517030055506445,0.9914829699444934,0.9979530561977958,0.0020469438022044256
86,43.1438127090301,0.95,45.5,0.07070707070707072,1.8989898989898992,0.008518280870989107,0.9914817191290108,0.9980985859531062,0.0019014140468938795
87,43.64548494983278,0.95,45.5,0.07070707070707072,1.8989898989898992,0.008519441732068091,0.9914805582679318,0.9982337859285201,0.0017662140714791112
88,44.147157190635454,0.95,45.5,0.07070707070707072,1.8989898989898992,0.008520521483402398,0.9914794785165975,0.9983593851444285,0.0016406148555699652
89,44.64882943143812,0.95,45.5,0.07070707070707072,1.8989898989898992,0.008521524576577339,0.9914784754234225,0.9984760643084037,0.0015239356915946994
90,45.1505016722408,0.95,45.5,0.07070707070707072,1.8989898989898992,0.008522456485251738,0.9914775435147481,0.9985844548173246,0.001415545182667764
91,45.65217391304348,0.95,45.5,0.07070707070707072,1.8989898989898992,0.008523322302403628,0.9914766776975962,0.9986851459823554,0.0013148540176277474
92,46.15384615384615,0.95,45.5,0.07070707070707072,1.8989898989898992,0.008524126697252141,0.9914758733027477,0.9987786838860921,0.0012213161138852683
93,46.65551839464883,0.95,45.5,0.07070707070707072,1.8989898989898992,0.008524874094071107,0.9914751259059287,0.9988655853618339,0.0011344146381419115
94,47.15719063545151,0.95,45.5,0.07070707070707072,1.8989898989898992,0.008525568451422657,0.9914744315485772,0.9989463130941767,0.0010536869058029698
95,47.65886287625418,0.95,45.5,0.07070707070707072,1.8989898989898992,0.00852621351718652,0.9914737864828133,0.9990213039830528,0.0009786960169306206
96,48.16053511705685,0.95,45.5,0.07070707070707072,1.8989898989898992,0.008526812746823176,0.9914731872531766,0.9990909610134034,0.0009090389865893584
97,48.66220735785953,0.95,45.5,0.07070707070707072,1.8989898989898992,0.008527369373198512,0.9914726306268012,0.9991556610345856,0.0008443389654259301
98,49.163879598662206,0.95,45.5,0.07070707070707072,1.8989898989898992,0.00852788643430863,0.9914721135656911,0.9992157582605811,0.0007842417394441411
99,49.66555183946488,0.95,45.5,0.07070707070707072,1.8989898989898992,0.008528366742081002,0.9914716332579188,0.9992715803306796,0.00072841966935318
100,50.16722408026756,0.95,45.5,0.07070707070707072,1.8989898989898992,0.008528812909027716,0.991471187090972,0.9993234316016888,0.000676568398343894
101,50.668896321070235,0.95,45.5,0.07070707070707072,1.8989898989898992,0.008529227359966777,0.9914707726400329,0.9993715944770273,0.0006284055230027223
102,51.17056856187291,0.95,45.5,0.07070707070707072,1.8989898989898992,0.008529612350327107,0.9914703876496725,0.9994163316063799,0.0005836683936466307
103,51.67224080267559,0.95,45.5,0.07070707070707072,1.8989898989898992,0.008529969966664754,0.991470030033335,0.9994578859137387,0.000542114086286342
104,52.17391304347826,0.95,45.5,0.07070707070707072,1.8989898989898992,0.008530302158517083,0.9914696978414826,0.9994964843539927,0.0005035156460322852
105,52.675585284280935,0.95,45.5,0.07070707070707072,1.8989898989898992,0.008530610723968077,0.9914693892760317,0.999532336169159,0.00046766383086848865
106,53.17725752508361,0.95,45.5,0.07070707070707072,1.8989898989898992,0.00853089733997377,0.991469102660026,0.9995656364567104,0.0004343635433209761
107,53.67892976588629,0.95,45.5,0.07070707070707072,1.8989898989898992,0.008531163568481806,0.991468836431518,0.9995965670177824,0.00040343298225323205
108,54.180602006688964,0.95,45.5,0.07070707070707072,1.8989898989898992,0.008531410846238513,0.9914685891537612,0.9996252950550378,0.0003747049450016334
109,54.68227424749164,0.95,45.5,0.07070707070707072,1.8989898989898992,0.008531640536958696,0.991468359463041,0.9996519790084211,0.0003480209916212694
110,55.18394648829432,0.95,45.5,0.07070707070707072,1.8989898989898992,0.008531853874093753,0.991468146125906,0.9996767622704503,0.000323237729593415
111,55.68561872909699,0.95,45.5,0.07070707070707072,1.8989898989898992,0.008532052033232311,0.9914679479667674,0.9996997820262785,0.00030021797376532025
112,56.187290969899664,0.95,45.5,0.07070707070707072,1.8989898989898992,0.008532236079386604,0.9914677639206131,0.9997211621134141,0.00027883788662859914
113,56.68896321070234,0.95,45.5,0.07070707070707072,1.8989898989898992,0.00853240703088894,0.9914675929691108,0.999741020344319,0.0002589796557206118
114,57.19063545150502,0.95,45.5,0.07070707070707072,1.8989898989898992,0.00853256580934899,0.9914674341906508,0.999759463586844,0.0002405364131905263
115,57.69230769230769,0.95,45.5,0.07070707070707072,1.8989898989898992,0.00853271327488123,0.9914672867251185,0.9997765925534848,0.0002234074465428127
116,58.19397993311037,0.95,45.5,0.07070707070707072,1.8989898989898992,0.008532850237647247,0.9914671497623525,0.9997925017229897,0.00020749827702929214
117,58.69565217391305,0.95,45.5,0.07070707070707072,1.8989898989898992,0.008532977438558152,0.9914670225614415,0.9998072766393268,0.0001927233606913653
118,59.197324414715716,0.95,45.5,0.07070707070707072,1.8989898989898992,0.008533095587030701,0.9914669044129689,0.9998209999021189,0.0001790000979153313
119,59.69899665551839,0.95,45.5,0.07070707070707072,1.8989898989898992,0.008533205326663807,0.9914667946733359,0.9998337462967082,0.00016625370335517908
120,60.20066889632107,0.95,45.5,0.07070707070707072,1.8989898989898992,0.008533307256451893,0.9914666927435477,0.9998455853630643,0.00015441463703182452
121,60.702341137123746,0.95,45.5,0.07070707070707072,1.8989898989898992,0.008533401937310493,0.9914665980626892,0.9998565822625943,0.00014341773753285072
122,61.20401337792642,0.95,45.5,0.07070707070707072,1.8989898989898992,0.008533489879607744,0.9914665101203919,0.9998667964156951,0.0001332035844533824
123,61.7056856187291,0.95,45.5,0.07070707070707072,1.8989898989898992,0.008533571561658708,0.991466428438341,0.9998762834237999,0.00012371657634851433
124,62.207357859531776,0.95,45.5,0.07070707070707072,1.8989898989898992,0.008533647429151862,0.9914663525708478,0.9998850949911782,0.0001149050089578016
125,62.709030100334445,0.95,45.5,0.07070707070707072,1.8989898989898992,0.008533717892669459,0.9914662821073302,0.9998932788592854,0.00010672114082527288
126,63.21070234113712,0.95,45.5,0.07070707070707072,1.8989898989898992,0.008533783335290661,0.991466216664709,0.999900879535117,9.912046495025149e-05
127,63.7123745819398,0.95,45.5,0.07070707070707072,1.8989898989898992,0.008533844115214009,0.9914661558847857,0.9999079386101448,9.206138987867164e-05
128,64.21404682274247,0.95,45.5,0.07070707070707072,1.8989898989898992,0.00853390056858481,0.9914660994314148,0.9999144950976333,8.550490236754486e-05
129,64.71571906354515,0.95,45.5,0.07070707070707072,1.8989898989898992,0.008533952992775222,0.9914660470072244,0.9999205836204902,7.94163794798445e-05
130,65.21739130434783,0.95,45.5,0.07070707070707072,1.8989898989898992,0.008534001680247984,0.9914659983197516,0.9999262381315895,7.376186835650653e-05
131,65.7190635451505,0.95,45.5,0.07070707070707072,1.8989898989898992,0.008534046904797227,0.9914659530952024,0.9999314904277308,6.850957220728794e-05
132,66.22073578595318,0.95,45.5,0.07070707070707072,1.8989898989898992,0.008534088907940322,0.9914659110920593,0.9999363685673409,6.363143260169316e-05
133,66.72240802675586,0.95,45.5,0.07070707070707072,1.8989898989898992,0.008534127915499233,0.9914658720845004,0.9999408987866445,5.91012133091099e-05
134,67.22408026755853,0.95,45.5,0.07070707070707072,1.8989898989898992,0.008534164149389706,0.9914658358506099,0.9999451068674708,5.489313249625037e-05
135,67.72575250836121,0.95,45.5,0.07070707070707072,1.8989898989898992,0.008534197808036716,0.991465802191963,0.9999490158585228,5.098414146498174e-05
136,68.22742474916387,0.95,45.5,0.07070707070707072,1.8989898989898992,0.008534229067119347,0.9914657709328804,0.9999526461537932,4.735384625138344e-05
137,68.72909698996655,0.95,45.5,0.07070707070707072,1.8989898989898992,0.008534258102769773,0.9914657418972299,0.9999560182159867,4.3981784150876974e-05
138,69.23076923076923,0.95,45.5,0.07070707070707072,1.8989898989898992,0.00853428507440423,0.9914657149255954,0.9999591505597555,4.084944051823501e-05
139,69.7324414715719,0.95,45.5,0.07070707070707072,1.8989898989898992,0.008534310124122766,0.9914656898758769,0.9999620596948541,3.794030553734167e-05
140,70.23411371237458,0.95,45.5,0.07070707070707072,1.8989898989898992,0.008534333390662351,0.9914656666093373,0.99996476173331,3.523826717895808e-05
141,70.73578595317726,0.95,45.5,0.07070707070707072,1.8989898989898992,0.008534355001551043,0.9914656449984486,0.999967271487786,3.2728512746716656e-05
142,71.23745819397993,0.95,45.5,0.07070707070707072,1.8989898989898992,0.008534375071823213,0.9914656249281765,0.9999696023180108,3.0397682555836345e-05
143,71.73913043478261,0.95,45.5,0.07070707070707072,1.8989898989898992,0.008534393711960547,0.9914656062880391,0.9999717670566625,2.8232943913299997e-05
144,72.24080267558529,0.95,45.5,0.07070707070707072,1.8989898989898992,0.008534411025343408,0.9914655889746562,0.9999737777117261,2.62222888305314e-05
145,72.74247491638796,0.95,45.5,0.07070707070707072,1.8989898989898992,0.008534427102199713,0.9914655728978,0.9999756447610335,2.435523947080343e-05
146,73.24414715719064,0.95,45.5,0.07070707070707072,1.8989898989898992,0.008534442028977376,0.9914655579710223,0.999977378244288,2.2621756134920104e-05
147,73.74581939799332,0.95,45.5,0.07070707070707072,1.8989898989898992,0.008534455891524836,0.9914655441084749,0.9999789881334564,2.101186687419539e-05
148,74.24749163879599,0.95,45.5,0.07070707070707072,1.8989898989898992,0.008534468769136109,0.9914655312308637,0.9999804836385088,1.951636173962196e-05
149,74.74916387959867,0.95,45.5,0.07070707070707072,1.8989898989898992,0.008534480731342735,0.9914655192686571,0.99998187283454,1.8127165639276398e-05
150,75.25083612040133,0.95,45.5,0.07070707070707072,1.8989898989898992,0.008534491832764547,0.9914655081672352,0.9999831620625725,1.683793751202572e-05
151,75.75250836120401,0.95,45.5,0.07070707070707072,1.8989898989898992,0.008534502143365177,0.9914654978566346,0.9999843594495466,1.5640550458111394e-05
152,76.25418060200668,0.95,45.5,0.07070707070707072,1.8989898989898992,0.008534511722743183,0.9914654882772567,0.9999854719171007,1.4528082850795032e-05
153,76.75585284280936,0.95,45.5,0.07070707070707072,1.8989898989898992,0.008534520627236815,0.991465479372763,0.9999865060082276,1.3493991707724847e-05
154,77.25752508361204,0.95,45.5,0.07070707070707072,1.8989898989898992,0.008534528889850982,0.9914654711101488,0.9999874655557206,1.2534444134383717e-05
155,77.75919732441471,0.95,45.5,0.07070707070707072,1.8989898989898992,0.008534536565010516,0.9914654634349893,0.9999883568804583,1.1643119271479752e-05
156,78.26086956521739,0.95,45.5,0.07070707070707072,1.8989898989898992,0.008534543696046143,0.9914654563039537,0.9999891850147813,1.0814984744779943e-05
157,78.76254180602007,0.95,45.5,0.07070707070707072,1.8989898989898992,0.00853455032398069,0.9914654496760191,0.9999899547230552,1.004527614445431e-05
158,79.26421404682274,0.95,45.5,0.07070707070707072,1.8989898989898992,0.008534556479508319,0.9914654435204915,0.999990669569561,9.330429325131102e-06
159,79.76588628762542,0.95,45.5,0.07070707070707072,1.8989898989898992,0.008534562196104798,0.9914654378038951,0.9999913334420398,8.66655657091605e-06
160,80.2675585284281,0.95,45.5,0.07070707070707072,1.8989898989898992,0.008534567506860677,0.9914654324931391,0.999991950183663,8.049814705868888e-06
161,80.76923076923077,0.95,45.5,0.07070707070707072,1.8989898989898992,0.008534572441245485,0.9914654275587543,0.9999925232169853,7.476781221312085e-06
162,81.27090301003345,0.95,45.5,0.07070707070707072,1.8989898989898992,0.008534577025126463,0.9914654229748734,0.9999930555459119,6.944452196511925e-06
163,81.77257525083613,0.95,45.5,0.07070707070707072,1.8989898989898992,0.008534581281346558,0.9914654187186532,0.999993549822888,6.4501751228330855e-06
164,82.27424749163879,0.95,45.5,0.07070707070707072,1.8989898989898992,0.00853458523462967,0.9914654147653701,0.9999940089193992,5.991078581627442e-06
165,82.77591973244147,0.95,45.5,0.07070707070707072,1.8989898989898992,0.008534588906977154,0.9914654110930227,0.9999944353904883,5.56460754128126e-06
166,83.27759197324414,0.95,45.5,0.07070707070707072,1.8989898989898992,0.008534592318733688,0.9914654076812662,0.9999948315988126,5.168399346182098e-06
167,83.77926421404682,0.95,45.5,0.07070707070707072,1.8989898989898992,0.008534595485297404,0.9914654045147024,0.9999951993326931,4.800665615447506e-06
168,84.2809364548495,0.95,45.5,0.07070707070707072,1.8989898989898992,0.008534598426051266,0.9914654015739486,0.9999955408430715,4.459155412008434e-06
169,84.78260869565217,0.95,45.5,0.07070707070707072,1.8989898989898992,0.008534601157742077,0.9914653988422578,0.9999958580748104,4.141923842461953e-06
170,85.28428093645485,0.95,45.5,0.07070707070707072,1.8989898989898992,0.008534603696437944,0.9914653963035619,0.9999961528939683,3.8471048067514375e-06
171,85.78595317725753,0.95,45.5,0.07070707070707072,1.8989898989898992,0.008534606050282188,0.9914653939497177,0.9999964262460234,3.573752951032055e-06
172,86.2876254180602,0.95,45.5,0.07070707070707072,1.8989898989898992,0.008534608234455421,0.9914653917655445,0.9999966798940025,3.3201051835701434e-06
173,86.78929765886288,0.95,45.5,0.07070707070707072,1.8989898989898992,0.008534610262353687,0.9914653897376462,0.9999969153936512,3.0846057196952207e-06
174,87.29096989966555,0.95,45.5,0.07070707070707072,1.8989898989898992,0.008534612146148143,0.9914653878538517,0.9999971341584459,2.865841058568554e-06
175,87.79264214046823,0.95,45.5,0.07070707070707072,1.8989898989898992,0.008534613897717947,0.991465386102282,0.9999973375679662,2.662431592536385e-06
176,88.29431438127091,0.95,45.5,0.07070707070707072,1.8989898989898992,0.008534615523655722,0.9914653844763441,0.9999975263878178,2.473611755220797e-06
177,88.79598662207358,0.95,45.5,0.07070707070707072,1.8989898989898992,0.00853461703019576,0.9914653829698041,0.9999977013420072,2.298657580638561e-06
178,89.29765886287625,0.95,45.5,0.07070707070707072,1.8989898989898992,0.008534618429257424,0.9914653815707425,0.9999978638148324,2.136184728362503e-06
179,89.79933110367892,0.95,45.5,0.07070707070707072,1.8989898989898992,0.008534619729391981,0.9914653802706079,0.9999980147994326,1.9852000633905245e-06
180,90.3010033444816,0.95,45.5,0.07070707070707072,1.8989898989898992,0.008534620938930143,0.9914653790610697,0.9999981552633503,1.844736051174155e-06
181,90.80267558528428,0.95,45.5,0.07070707070707072,1.8989898989898992,0.008534622064692217,0.9914653779353076,0.9999982859985881,1.7140006954447877e-06
182,91.30434782608695,0.95,45.5,0.07070707070707072,1.8989898989898992,0.008534623107062673,0.9914653768929372,0.99999840704906,1.5929500646634893e-06
183,91.80602006688963,0.95,45.5,0.07070707070707072,1.8989898989898992,0.008534624075689232,0.9914653759243106,0.9999985195354703,1.4804634835597552e-06
184,92.3076923076923,0.95,45.5,0.07070707070707072,1.8989898989898992,0.008534624976199322,0.9914653750238006,0.9999986241112034,1.3758875839350964e-06
185,92.80936454849498,0.95,45.5,0.07070707070707072,1.8989898989898992,0.008534625813959123,0.9914653741860407,0.9999987213992745,1.2785993711998727e-06
186,93.31103678929766,0.95,45.5,0.07070707070707072,1.8989898989898992,0.00853462659412801,0.9914653734058718,0.9999988119986474,1.1879999059781577e-06
187,93.81270903010034,0.95,45.5,0.07070707070707072,1.8989898989898992,0.00853462731813321,0.9914653726818667,0.999998896076766,1.1039216792597898e-06
188,94.31438127090301,0.95,45.5,0.07070707070707072,1.8989898989898992,0.008534627990844519,0.9914653720091554,0.9999989741989108,1.0257994437006358e-06
189,94.81605351170569,0.95,45.5,0.07070707070707072,1.8989898989898992,0.008534628616297292,0.9914653713837026,0.9999990468338429,9.531644558251291e-07
190,95.31772575250837,0.95,45.5,0.07070707070707072,1.8989898989898992,0.00853462919792311,0.9914653708020769,0.9999991143804945,8.856177899978629e-07
191,95.81939799331104,0.95,45.5,0.07070707070707072,1.8989898989898992,0.008534629738968036,0.9914653702610319,0.9999991772163415,8.227819764950256e-07
192,96.3210702341137,0.95,45.5,0.07070707070707072,1.8989898989898992,0.008534630241838278,0.9914653697581617,0.9999992356183284,7.643800595970399e-07
193,96.82274247491638,0.95,45.5,0.07070707070707072,1.8989898989898992,0.008534630708777236,0.9914653692912228,0.9999992898443756,7.101541051910776e-07
194,97.32441471571906,0.95,45.5,0.07070707070707072,1.8989898989898992,0.008534631142698023,0.991465368857302,0.9999993402336399,6.597649591449437e-07
195,97.82608695652173,0.95,45.5,0.07070707070707072,1.8989898989898992,0.008534631545980826,0.9914653684540191,0.9999993870613055,6.129374267017068e-07
196,98.32775919732441,0.95,45.5,0.07070707070707072,1.8989898989898992,0.008534631920913263,0.9914653680790867,0.9999994305915441,5.694073217849168e-07
197,98.82943143812709,0.95,45.5,0.07070707070707072,1.8989898989898992,0.008534632269471007,0.991465367730529,0.9999994710550951,5.289438980531504e-07
198,99.33110367892976,0.95,45.5,0.07070707070707072,1.8989898989898992,0.008534632592440599,0.9914653674075593,0.999999508558597,4.914405600126344e-07
199,99.83277591973244,0.95,45.5,0.07070707070707072,1.8989898989898992,0.008534632892262974,0.9914653671077369,0.9999995433799503,4.566193671798888e-07
200,100.33444816053512,0.95,45.5,0.07070707070707072,1.8989898989898992,0.008534633170651054,0.9914653668293489,0.9999995757214789,4.2427798606094353e-07
201,100.8361204013378,0.95,45.5,0.07070707070707072,1.8989898989898992,0.008534633429279691,0.9914653665707203,0.9999996057818541,3.942177340799455e-07
202,101.33779264214047,0.95,45.5,0.07070707070707072,1.8989898989898992,0.008534633669807844,0.9914653663301921,0.9999996337587372,3.6624093786013045e-07
203,101.83946488294315,0.95,45.5,0.07070707070707072,1.8989898989898992,0.00853463389123692,0.991465366108763,0.9999996594878421,3.4051195029956914e-07
204,102.34113712374582,0.95,45.5,0.07070707070707072,1.8989898989898992,0.008534634095944182,0.9914653659040558,0.9999996832660335,3.167338711308629e-07
205,102.8428093645485,0.95,45.5,0.07070707070707072,1.8989898989898992,0.008534634285558229,0.9914653657144418,0.9999997052879978,2.947120015580742e-07
206,103.34448160535118,0.95,45.5,0.07070707070707072,1.8989898989898992,0.008534634461401128,0.9914653655385989,0.9999997257062045,2.7429386945895766e-07
207,103.84615384615384,0.95,45.5,0.07070707070707072,1.8989898989898992,0.008534634624827002,0.9914653653751729,0.9999997446767342,2.5532339259097844e-07
208,104.34782608695652,0.95,45.5,0.07070707070707072,1.8989898989898992,0.008534634777240774,0.9914653652227592,0.9999997623614515,2.3763870517331196e-07
209,104.84949832775919,0.95,45.5,0.07070707070707072,1.8989898989898992,0.008534634920116902,0.991465365079883,0.9999997789301786,2.2106998446884936e-07
210,105.35117056856187,0.95,45.5,0.07070707070707072,1.8989898989898992,0.00853463505421887,0.9914653649457811,0.9999997944726438,2.055269574804827e-07
211,105.85284280936455,0.95,45.5,0.07070707070707072,1.8989898989898992,0.008534635174459508,0.9914653648255405,0.9999998084183433,1.915755219495789e-07
212,106.35451505016722,0.95,45.5,0.07070707070707072,1.8989898989898992,0.008534635285817223,0.9914653647141828,0.9999998213333146,1.7865181339544796e-07
213,106.8561872909699,0.95,45.5,0.07070707070707072,1.8989898989898992,0.008534635389117542,0.9914653646108824,0.9999998333151321,1.6665750063627982e-07
214,107.35785953177258,0.95,45.5,0.07070707070707072,1.8989898989898992,0.00853463548519996,0.9914653645148,0.9999998444633433,1.5549217944475923e-07
215,107.85953177257525,0.95,45.5,0.07070707070707072,1.8989898989898992,0.00853463557492819,0.9914653644250718,0.9999998548806839,1.4505215071590085e-07
216,108.36120401337793,0.95,45.5,0.07070707070707072,1.8989898989898992,0.00853463565920044,0.9914653643407996,0.9999998646742945,1.3522919863488383e-07
217,108.8628762541806,0.95,45.5,0.07070707070707072,1.8989898989898992,0.008534635738959661,0.9914653642610404,0.9999998739569365,1.2590936884488678e-07
218,109.36454849498328,0.95,45.5,0.07070707070707072,1.8989898989898992,0.008534635813388848,0.9914653641866112,0.9999998826232482,1.1720350154794017e-07
219,109.86622073578596,0.95,45.5,0.07070707070707072,1.8989898989898992,0.00853463588067296,0.9914653641193271,0.9999998904441287,1.0935002849890704e-07
220,110.36789297658864,0.95,45.5,0.07070707070707072,1.8989898989898992,0.00853463594342404,0.991465364056576,0.9999998977391052,1.020223265539266e-07
221,110.8695652173913,0.95,45.5,0.07070707070707072,1.8989898989898992,0.0085346360020686,0.9914653639979315,0.999999904556667,9.517317390321015e-08
222,111.37123745819397,0.95,45.5,0.07070707070707072,1.8989898989898992,0.008534636057024318,0.9914653639429758,0.9999999109440041,8.875689436208646e-08
223,111.87290969899665,0.95,45.5,0.07070707070707072,1.8989898989898992,0.008534636108704438,0.9914653638912957,0.9999999169474959,8.272888522950386e-08
224,112.37458193979933,0.95,45.5,0.07070707070707072,1.8989898989898992,0.008534636157522153,0.991465363842478,0.9999999226131997,7.704514514653067e-08
225,112.876254180602,0.95,45.5,0.07070707070707072,1.8989898989898992,0.008534636203895005,0.9914653637961051,0.9999999279873392,7.166180195485639e-08
226,113.37792642140468,0.95,45.5,0.07070707070707072,1.8989898989898992,0.008534636246931154,0.9914653637530688,0.9999999329792761,6.666000881606332e-08
227,113.87959866220736,0.95,45.5,0.07070707070707072,1.8989898989898992,0.00853463628675277,0.9914653637132472,0.9999999376039365,6.202490772966643e-08
228,114.38127090301003,0.95,45.5,0.07070707070707072,1.8989898989898992,0.008534636324064971,0.9914653636759351,0.9999999419368673,5.768657414602235e-08
229,114.88294314381271,0.95,45.5,0.07070707070707072,1.8989898989898992,0.008534636359011895,0.9914653636409881,0.9999999459949246,5.362876357077931e-08
230,115.38461538461539,0.95,45.5,0.07070707070707072,1.8989898989898992,0.008534636391720802,0.9914653636082792,0.9999999497930683,4.9837106602892534e-08
231,115.88628762541806,0.95,45.5,0.07070707070707072,1.8989898989898992,0.008534636422304084,0.9914653635776959,0.9999999533446021,4.629886333878876e-08
232,116.38795986622074,0.95,45.5,0.07070707070707072,1.8989898989898992,0.008534636450861268,0.9914653635491387,0.9999999566614134,4.3002677776530846e-08
233,116.88963210702342,0.95,45.5,0.07070707070707072,1.8989898989898992,0.008534636477481036,0.991465363522519,0.9999999597542131,3.993833221998234e-08
234,117.3913043478261,0.95,45.5,0.07070707070707072,1.8989898989898992,0.008534636502354156,0.9914653634976459,0.9999999626419986,3.7078129255319534e-08
235,117.89297658862876,0.95,45.5,0.07070707070707072,1.8989898989898992,0.008534636525516405,0.9914653634744837,0.9999999653307533,3.4419556325075255e-08
236,118.39464882943143,0.95,45.5,0.07070707070707072,1.8989898989898992,0.008534636547044875,0.9914653634529551,0.9999999678298399,3.1952860362854095e-08
237,118.89632107023411,0.95,45.5,0.07070707070707072,1.8989898989898992,0.008534636567024353,0.9914653634329756,0.9999999701492783,2.9666703993049355e-08
238,119.39799331103679,0.95,45.5,0.07070707070707072,1.8989898989898992,0.008534636585541277,0.9914653634144588,0.9999999722993165,2.75492526491341e-08
239,119.89966555183946,0.95,45.5,0.07070707070707072,1.8989898989898992,0.008534636602685882,0.9914653633973142,0.9999999742906809,2.5587906816791244e-08
240,120.40133779264214,0.95,45.5,0.07070707070707072,1.8989898989898992,0.008534636618554348,0.9914653633814456,0.9999999761348283,2.376903427704341e-08
241,120.90301003344482,0.95,45.5,0.07070707070707072,1.8989898989898992,0.008534636633210151,0.9914653633667899,0.9999999778389331,2.208562683141128e-08
242,121.40468227424749,0.95,45.5,0.07070707070707072,1.8989898989898992,0.008534636646536304,0.9914653633534638,0.9999999793867868,2.05661677685965e-08
243,121.90635451505017,0.95,45.5,0.07070707070707072,1.8989898989898992,0.008534636658769785,0.9914653633412303,0.999999980807758,1.9170917323109727e-08
244,122.40802675585284,0.95,45.5,0.07070707070707072,1.8989898989898992,0.008534636670010858,0.9914653633299892,0.9999999821134284,1.7887422869933365e-08
245,122.90969899665552,0.95,45.5,0.07070707070707072,1.8989898989898992,0.008534636680370942,0.9914653633196292,0.9999999833166571,1.6701926571232272e-08
246,123.4113712374582,0.95,45.5,0.07070707070707072,1.8989898989898992,0.008534636689974465,0.9914653633100257,0.9999999844317905,1.559915802894683e-08
247,123.91304347826087,0.95,45.5,0.07070707070707072,1.8989898989898992,0.00853463669896068,0.9914653633010394,0.9999999854748745,1.4562126937386008e-08
248,124.41471571906355,0.95,45.5,0.07070707070707072,1.8989898989898992,0.0085346367074855,0.9914653632925146,0.9999999864638645,1.3571915735820458e-08
249,124.91638795986621,0.95,45.5,0.07070707070707072,1.8989898989898992,0.008534636714699322,0.9914653632853008,0.9999999873013335,1.2733142764882877e-08
250,125.41806020066889,0.95,45.5,0.07070707070707072,1.8989898989898992,0.008534636719919927,0.9914653632800802,0.9999999879090627,1.2130035374907021e-08
251,125.91973244147157,0.95,45.5,0.07070707070707072,1.8989898989898992,0.008534636724350002,0.99146536327565,0.9999999884251186,1.1615672107923334e-08
252,126.42140468227424,0.95,45.5,0.07070707070707072,1.8989898989898992,0.008534636728085899,0.9914653632719141,0.9999999888606207,1.1179090335705117e-08
253,126.92307692307692,0.95,45.5,0.07070707070707072,1.8989898989898992,0.008534636731237558,0.9914653632687624,0.9999999892282494,1.0807864893905697e-08
254,127.4247491638796,0.95,45.5,0.07070707070707072,1.8989898989898992,0.0085346367339299,0.9914653632660702,0.9999999895424054,1.0487955414487878e-08
255,127.92642140468227,0.95,45.5,0.07070707070707072,1.8989898989898992,0.008534636736304196,0.9914653632636958,0.9999999898193699,1.0203553658153406e-08
256,128.42809364548495,0.95,45.5,0.07070707070707072,1.8989898989898992,0.008534636738519473,0.9914653632614806,0.999999990077464,9.936930846772424e-09
257,128.9297658862876,0.95,45.5,0.07070707070707072,1.8989898989898992,0.008534636740753889,0.9914653632592462,0.9999999903372087,9.668284995812942e-09
258,129.4314381270903,0.95,45.5,0.07070707070707072,1.8989898989898992,0.008534636743206118,0.9914653632567939,0.9999999906214846,9.37558824677025e-09
259,129.93311036789297,0.95,45.5,0.07070707070707072,1.8989898989898992,0.008534636746096747,0.9914653632539033,0.9999999909556921,9.03443419959647e-09
260,130.43478260869566,0.95,45.5,0.07070707070707072,1.8989898989898992,0.00853463674966965,0.9914653632503304,0.9999999913679107,8.617885245129887e-09
261,130.93645484949832,0.95,45.5,0.07070707070707072,1.8989898989898992,0.00853463675419338,0.9914653632458067,0.999999991889059,8.09631989752456e-09
262,131.438127090301,0.95,45.5,0.07070707070707072,1.8989898989898992,0.008534636755108618,0.9914653632448914,0.999999991995248,7.973132349498632e-09
263,131.93979933110367,0.95,45.5,0.07070707070707072,1.8989898989898992,0.008534636755509185,0.9914653632444909,0.9999999920420788,7.906887151909224e-09
264,132.44147157190636,0.95,45.5,0.07070707070707072,1.8989898989898992,0.008534636755793171,0.9914653632442069,0.9999999920753677,7.853786968167713e-09
265,132.94314381270902,0.95,45.5,0.07070707070707072,1.8989898989898992,0.008534636756030653,0.9914653632439694,0.9999999921032418,7.806287412619229e-09
266,133.44481605351172,0.95,45.5,0.07070707070707072,1.8989898989898992,0.008534636756297575,0.9914653632437025,0.9999999921345075,7.756238927242257e-09
267,133.94648829431438,0.95,45.5,0.07070707070707072,1.8989898989898992,0.008534636756676211,0.9914653632433239,0.9999999921787052,7.694835805290261e-09
268,134.44816053511707,0.95,45.5,0.07070707070707072,1.8989898989898992,0.008534636757255638,0.9914653632427445,0.9999999922461625,7.612565214933253e-09
269,134.94983277591973,0.95,45.5,0.07070707070707072,1.8989898989898992,0.00853463675813219,0.9914653632418678,0.9999999923480489,7.499156222899418e-09
270,135.45150501672242,0.95,45.5,0.07070707070707072,1.8989898989898992,0.00853463675940993,0.9914653632405902,0.9999999924964291,7.3435288181166804e-09
271,135.95317725752508,0.95,45.5,0.07070707070707072,1.8989898989898992,0.008534636761201118,0.991465363238799,0.9999999927043172,7.133742935354343e-09
272,136.45484949832775,0.95,45.5,0.07070707070707072,1.8989898989898992,0.008534636763626662,0.9914653632363735,0.9999999929857306,6.856947478864637e-09
273,136.95652173913044,0.95,45.5,0.07070707070707072,1.8989898989898992,0.008534636766816607,0.9914653632331835,0.9999999933557444,6.499329346024324e-09
274,137.4581939799331,0.95,45.5,0.07070707070707072,1.8989898989898992,0.00853463676938776,0.9914653632306123,0.9999999936526693,6.169835114990374e-09
275,137.9598662207358,0.95,45.5,0.07070707070707072,1.8989898989898992,0.00853463676996184,0.9914653632300383,0.99999999371538,5.976765891846907e-09
276,138.46153846153845,0.95,45.5,0.07070707070707072,1.8989898989898992,0.008534636770314345,0.9914653632296857,0.9999999937511245,5.771827348809602e-09
277,138.96321070234114,0.95,45.5,0.07070707070707072,1.8989898989898992,0.008534636770389405,0.9914653632296107,0.999999993753225,5.555303102386461e-09
278,139.4648829431438,0.95,45.5,0.07070707070707072,1.8989898989898992,0.008534636770123361,0.9914653632298768,0.9999999937140837,5.3278236836442825e-09
279,139.9665551839465,0.95,45.5,0.07070707070707072,1.8989898989898992,0.00853463676944453,0.9914653632305556,0.9999999936251542,5.090372559056825e-09
280,140.46822742474916,0.95,45.5,0.07070707070707072,1.8989898989898992,0.008534636768272968,0.9914653632317272,0.9999999934769143,4.844292151353188e-09
281,140.96989966555185,0.95,45.5,0.07070707070707072,1.8989898989898992,0.008534636766520226,0.9914653632334799,0.9999999932588369,4.5912898603659695e-09
282,141.4715719063545,0.95,45.5,0.07070707070707072,1.8989898989898992,0.008534636764089129,0.991465363235911,0.9999999929593637,4.333444083879653e-09
283,141.9732441471572,0.95,45.5,0.07070707070707072,1.8989898989898992,0.008534636760873524,0.9914653632391266,0.9999999925658754,4.0732102384787574e-09
284,142.47491638795987,0.95,45.5,0.07070707070707072,1.8989898989898992,0.008534636756758057,0.9914653632432421,0.9999999920646649,3.813426780396229e-09
285,142.97658862876253,0.95,45.5,0.07070707070707072,1.8989898989898992,0.008534636751617931,0.9914653632483822,0.9999999914409096,3.557321226361609e-09
286,143.47826086956522,0.95,45.5,0.07070707070707072,1.8989898989898992,0.008534636745318666,0.9914653632546815,0.999999990678642,3.3085161744493426e-09
287,143.97993311036788,0.95,45.5,0.07070707070707072,1.8989898989898992,0.008534636742264231,0.9914653632577359,0.9999999903085419,3.0320914282010013e-09
288,144.48160535117057,0.95,45.5,0.07070707070707072,1.8989898989898992,0.008534636739848136,0.991465363260152,0.9999999900169501,2.753471830754543e-09
289,144.98327759197323,0.95,45.5,0.07070707070707072,1.8989898989898992,0.008534636737764108,0.991465363262236,0.9999999897672757,2.478711577334146e-09
290,145.48494983277592,0.95,45.5,0.07070707070707072,1.8989898989898992,0.008534636736135878,0.9914653632638643,0.999999989574742,2.2105113162544337e-09
291,145.9866220735786,0.95,45.5,0.07070707070707072,1.8989898989898992,0.008534636735101107,0.991465363264899,0.9999999894562751,1.951784583199228e-09
292,146.48829431438128,0.95,45.5,0.07070707070707072,1.8989898989898992,0.008534636734812051,0.9914653632651881,0.9999999894305825,1.705656219684551e-09
293,146.98996655518394,0.95,45.5,0.07070707070707072,1.8989898989898992,0.008534636735436201,0.9914653632645639,0.9999999895182322,1.475460791521867e-09
294,147.49163879598663,0.95,45.5,0.07070707070707072,1.8989898989898992,0.008534636737156945,0.9914653632628432,0.9999999897417317,1.2647410072810988e-09
295,147.9933110367893,0.95,45.5,0.07070707070707072,1.8989898989898992,0.00853463674017421,0.9914653632598259,0.9999999901256069,1.0772461367538537e-09
296,148.49498327759198,0.95,45.5,0.07070707070707072,1.8989898989898992,0.008534636744705119,0.991465363255295,0.9999999906964813,9.169304294164565e-10
297,148.99665551839465,0.95,45.5,0.07070707070707072,1.8989898989898992,0.008534636750984648,0.9914653632490155,0.9999999914831548,7.879515328931566e-10
298,149.49832775919734,0.95,45.5,0.07070707070707072,1.8989898989898992,0.008534636759266268,0.9914653632407339,0.9999999925166826,6.94668911419183e-10
299,150.0,0.95,45.5,0.07070707070707072,1.8989898989898992,0.008534636767334612,0.9914653632326654,0.9999999935200182,6.075274632682013e-10
