,time,sigma,beta,omega,alpha,S,I,C,D
0,0.0,0.5,0.4,0.8080808080808082,1.5151515151515154,0.9998,0.0002,0.5,0.5
1,0.5016722408026756,0.5,0.4,0.8080808080808082,1.5151515151515154,0.9997890287775528,0.0002109712224472543,0.4455460165864797,0.5544539834135203
2,1.0033444816053512,0.5,0.4,0.8080808080808082,1.5151515151515154,0.999775909885663,0.00022409011433696882,0.3923694267456232,0.6076305732543767
3,1.5050167224080266,0.5,0.4,0.8080808080808082,1.5151515151515154,0.9997602916081223,0.0002397083918778208,0.3416299513747628,0.6583700486252368
4,2.0066889632107023,0.5,0.4,0.8080808080808082,1.5151515151515154,0.9997417848556905,0.00025821514430953845,0.2942752225036159,0.7057247774963838
5,2.508361204013378,0.5,0.4,0.8080808080808082,1.5151515151515154,0.9997199590942528,0.0002800409057472838,0.2509833094213273,0.7490166905786725
6,3.0100334448160533,0.5,0.4,0.8080808080808082,1.5151515151515154,0.9996943376565587,0.000305662343441458,0.21214681259249235,0.7878531874075074
7,3.511705685618729,0.5,0.4,0.8080808080808082,1.5151515151515154,0.9996643913843067,0.0003356086156932565,0.17789370185003842,0.8221062981499614
8,4.013377926421405,0.5,0.4,0.8080808080808082,1.5151515151515154,0.9996295305472277,0.00037046945277239716,0.1481324227023952,0.8518675772976047
9,4.51505016722408,0.5,0.4,0.8080808080808082,1.5151515151515154,0.9995890950219501,0.00041090497804998445,0.12260875461216111,0.8773912453878387
10,5.016722408026756,0.5,0.4,0.8080808080808082,1.5151515151515154,0.9995423427909771,0.0004576572090230869,0.10096280996840697,0.899037190031593
11,5.518394648829432,0.5,0.4,0.8080808080808082,1.5151515151515154,0.9994884367819029,0.0005115632180972008,0.08277890874030594,0.9172210912596941
12,6.020066889632107,0.5,0.4,0.8080808080808082,1.5151515151515154,0.9994264300163518,0.0005735699836484483,0.06762473212562069,0.9323752678743793
13,6.521739130434782,0.5,0.4,0.8080808080808082,1.5151515151515154,0.999355248963627,0.000644751036373274,0.055079210113896195,0.9449207898861038
14,7.023411371237458,0.5,0.4,0.8080808080808082,1.5151515151515154,0.9992736749279426,0.0007263250720575807,0.04475032925936008,0.9552496707406399
15,7.525083612040134,0.5,0.4,0.8080808080808082,1.5151515151515154,0.9991803232258889,0.0008196767741113493,0.03628490377737607,0.963715096222624
16,8.02675585284281,0.5,0.4,0.8080808080808082,1.5151515151515154,0.9990736198542753,0.0009263801457249783,0.029372457333338303,0.9706275426666617
17,8.528428093645484,0.5,0.4,0.8080808080808082,1.5151515151515154,0.9989517752977448,0.0010482247022554061,0.023745186058549497,0.9762548139414505
18,9.03010033444816,0.5,0.4,0.8080808080808082,1.5151515151515154,0.9988127550890065,0.001187244910993682,0.019175414186421106,0.980824585813579
19,9.531772575250836,0.5,0.4,0.8080808080808082,1.5151515151515154,0.998654246652425,0.0013457533475751632,0.015471813253363817,0.9845281867466362
20,10.033444816053512,0.5,0.4,0.8080808080808082,1.5151515151515154,0.9984736219773209,0.0015263780226793119,0.01247504029228799,0.987524959707712
21,10.535117056856187,0.5,0.4,0.8080808080808082,1.5151515151515154,0.9982678955618768,0.0017321044381234012,0.010053345973464248,0.9899466540265358
22,11.036789297658864,0.5,0.4,0.8080808080808082,1.5151515151515154,0.9980336770671563,0.0019663229328438538,0.008098412079258549,0.9919015879207416
23,11.538461538461538,0.5,0.4,0.8080808080808082,1.5151515151515154,0.9977671180439229,0.0022328819560772078,0.006521589753842059,0.993478410246158
24,12.040133779264213,0.5,0.4,0.8080808080808082,1.5151515151515154,0.9974638520619539,0.002536147938046227,0.005250589817660329,0.9947494101823399
25,12.54180602006689,0.5,0.4,0.8080808080808082,1.5151515151515154,0.9971189275259932,0.0028810724740068474,0.004226635230694664,0.9957733647693054
26,13.043478260869565,0.5,0.4,0.8080808080808082,1.5151515151515154,0.9967267324203163,0.003273267579683724,0.003402045835995922,0.9965979541640042
27,13.545150501672241,0.5,0.4,0.8080808080808082,1.5151515151515154,0.9962809101969997,0.0037190898030002736,0.002738215312578012,0.9972617846874222
28,14.046822742474916,0.5,0.4,0.8080808080808082,1.5151515151515154,0.9957742660089438,0.004225733991056128,0.002203930718028986,0.9977960692819712
29,14.548494983277592,0.5,0.4,0.8080808080808082,1.5151515151515154,0.9951986624983694,0.004801337501630444,0.0017739866804698267,0.9982260133195304
30,15.050167224080267,0.5,0.4,0.8080808080808082,1.5151515151515154,0.9945449043803095,0.005455095619690431,0.0014280479689540086,0.9985719520310463
31,15.551839464882944,0.5,0.4,0.8080808080808082,1.5151515151515154,0.9938026111872182,0.00619738881278179,0.0011497217945652942,0.998850278205435
32,16.05351170568562,0.5,0.4,0.8080808080808082,1.5151515151515154,0.992960077621322,0.0070399223786779585,0.0009258015348454978,0.999074198465155
33,16.555183946488295,0.5,0.4,0.8080808080808082,1.5151515151515154,0.992004121228291,0.007995878771709004,0.0007456520795252129,0.9992543479204752
34,17.05685618729097,0.5,0.4,0.8080808080808082,1.5151515151515154,0.9909199174177039,0.009080082582296096,0.0006007122047000953,0.9993992877953004
35,17.558528428093645,0.5,0.4,0.8080808080808082,1.5151515151515154,0.9896908223183359,0.01030917768166412,0.00048409265851168516,0.9995159073414888
36,18.06020066889632,0.5,0.4,0.8080808080808082,1.5151515151515154,0.9882981845655011,0.01170181543449895,0.00039025102058704985,0.9996097489794135
37,18.561872909698998,0.5,0.4,0.8080808080808082,1.5151515151515154,0.9867211479363753,0.01327885206362476,0.0003147288697681838,0.9996852711302322
38,19.06354515050167,0.5,0.4,0.8080808080808082,1.5151515151515154,0.9849364478821174,0.015063552117882689,0.0002539404810453845,0.999746059518955
39,19.565217391304348,0.5,0.4,0.8080808080808082,1.5151515151515154,0.9829182062706783,0.017081793729321906,0.00020500227419912212,0.9997949977258014
40,20.066889632107024,0.5,0.4,0.8080808080808082,1.5151515151515154,0.9806377304570468,0.019362269542953333,0.00016559545445959467,0.9998344045455408
41,20.568561872909697,0.5,0.4,0.8080808080808082,1.5151515151515154,0.9780633248905326,0.021936675109467653,0.00013385550162245188,0.999866144498378
42,21.070234113712374,0.5,0.4,0.8080808080808082,1.5151515151515154,0.9751601260244611,0.02483987397553909,0.00010828322547600098,0.9998917167745244
43,21.57190635451505,0.5,0.4,0.8080808080808082,1.5151515151515154,0.9718899742981105,0.028110025701889668,8.767313770082424e-05,0.9999123268622996
44,22.073578595317727,0.5,0.4,0.8080808080808082,1.5151515151515154,0.9682113403103993,0.03178865968960084,7.105593491169037e-05,0.9999289440650888
45,22.5752508361204,0.5,0.4,0.8080808080808082,1.5151515151515154,0.9640793266249292,0.03592067337507083,5.7652171938942104e-05,0.9999423478280616
46,23.076923076923077,0.5,0.4,0.8080808080808082,1.5151515151515154,0.9594457698349916,0.04055423016500847,4.683504171931555e-05,0.9999531649582812
47,23.578595317725753,0.5,0.4,0.8080808080808082,1.5151515151515154,0.9542594720655022,0.045740527934497906,3.8100467392841496e-05,0.9999618995326077
48,24.080267558528426,0.5,0.4,0.8080808080808082,1.5151515151515154,0.9484665949252492,0.05153340507475084,3.1043027888993504e-05,0.9999689569721115
49,24.581939799331103,0.5,0.4,0.8080808080808082,1.5151515151515154,0.9420112531936793,0.057988746806320816,2.5336555881930682e-05,0.9999746634441186
50,25.08361204013378,0.5,0.4,0.8080808080808082,1.5151515151515154,0.9348363245285483,0.06516367547145184,2.0719041548592904e-05,0.9999792809584519
51,25.585284280936456,0.5,0.4,0.8080808080808082,1.5151515151515154,0.9268845677537825,0.07311543224621754,1.6979153701578335e-05,0.9999830208462989
52,26.08695652173913,0.5,0.4,0.8080808080808082,1.5151515151515154,0.9180999922537285,0.08190000774627157,1.3946955590434988e-05,0.99998605304441
53,26.588628762541806,0.5,0.4,0.8080808080808082,1.5151515151515154,0.9084295713205718,0.09157042867942822,1.1485656036342994e-05,0.9999885143439642
54,27.090301003344482,0.5,0.4,0.8080808080808082,1.5151515151515154,0.8978252461333557,0.10217475386664435,9.485466096227235e-06,0.9999905145339043
55,27.59197324414716,0.5,0.4,0.8080808080808082,1.5151515151515154,0.8862462430179544,0.11375375698204554,7.857824402068041e-06,0.9999921421755984
56,28.093645484949832,0.5,0.4,0.8080808080808082,1.5151515151515154,0.8736616291719124,0.12633837082808755,6.531118857926983e-06,0.9999934688811426
57,28.59531772575251,0.5,0.4,0.8080808080808082,1.5151515151515154,0.8600529929419365,0.13994700705806337,5.4479520125701685e-06,0.9999945520479879
58,29.096989966555185,0.5,0.4,0.8080808080808082,1.5151515151515154,0.8454171659343142,0.15458283406568568,4.562036520235951e-06,0.9999954379634802
59,29.598662207357858,0.5,0.4,0.8080808080808082,1.5151515151515154,0.8297687981119767,0.17023120188802324,3.835934940374451e-06,0.9999961640650602
60,30.100334448160535,0.5,0.4,0.8080808080808082,1.5151515151515154,0.8131425437268671,0.18685745627313283,3.2394418300856284e-06,0.9999967605581704
61,30.60200668896321,0.5,0.4,0.8080808080808082,1.5151515151515154,0.795594713579124,0.20440528642087585,2.748196877253013e-06,0.9999972518031233
62,31.103678929765888,0.5,0.4,0.8080808080808082,1.5151515151515154,0.7772041094623292,0.22279589053767068,2.342662479029143e-06,0.9999976573375216
63,31.60535117056856,0.5,0.4,0.8080808080808082,1.5151515151515154,0.7580718557429671,0.2419281442570329,2.006872909351384e-06,0.9999979931270913
64,32.10702341137124,0.5,0.4,0.8080808080808082,1.5151515151515154,0.7383201377830007,0.26167986221699935,1.727937182853732e-06,0.9999982720628178
65,32.608695652173914,0.5,0.4,0.8080808080808082,1.5151515151515154,0.7180897026295776,0.28191029737042245,1.4954930498068063e-06,0.9999985045069508
66,33.11036789297659,0.5,0.4,0.8080808080808082,1.5151515151515154,0.6975362853730159,0.3024637146269841,1.3011124291749384e-06,0.9999986988875714
67,33.61204013377927,0.5,0.4,0.8080808080808082,1.5151515151515154,0.6768260287191238,0.3231739712808761,1.13794519071982e-06,0.9999988620548099
68,34.11371237458194,0.5,0.4,0.8080808080808082,1.5151515151515154,0.6561302680139279,0.34386973198607207,1.0004153773637538e-06,0.9999989995846232
69,34.61538461538461,0.5,0.4,0.8080808080808082,1.5151515151515154,0.6356197929684135,0.36438020703158636,8.840378239230842e-07,0.9999991159621767
70,35.11705685618729,0.5,0.4,0.8080808080808082,1.5151515151515154,0.6154593760037781,0.3845406239962219,7.851074988930745e-07,0.9999992148925018
71,35.618729096989966,0.5,0.4,0.8080808080808082,1.5151515151515154,0.595802526487974,0.40419747351202584,7.006323919558949e-07,0.9999992993676087
72,36.12040133779264,0.5,0.4,0.8080808080808082,1.5151515151515154,0.5767870964439141,0.4232129035560859,6.281632475817464e-07,0.9999993718367531
73,36.62207357859532,0.5,0.4,0.8080808080808082,1.5151515151515154,0.5585318598827609,0.44146814011723906,5.656931356854341e-07,0.999999434306865
74,37.123745819397996,0.5,0.4,0.8080808080808082,1.5151515151515154,0.5411342442132815,0.45886575578671834,5.11576264454766e-07,0.9999994884237362
75,37.625418060200666,0.5,0.4,0.8080808080808082,1.5151515151515154,0.5246692429530858,0.47533075704691413,4.644661469558492e-07,0.9999995355338538
76,38.12709030100334,0.5,0.4,0.8080808080808082,1.5151515151515154,0.5091894384147664,0.49081056158523345,4.2324930593350585e-07,0.9999995767506948
77,38.62876254180602,0.5,0.4,0.8080808080808082,1.5151515151515154,0.4947259891349896,0.5052740108650102,3.8701044174618836e-07,0.9999996129895591
78,39.130434782608695,0.5,0.4,0.8080808080808082,1.5151515151515154,0.4812903731849767,0.5187096268150232,3.549925735128923e-07,0.9999996450074273
79,39.63210702341137,0.5,0.4,0.8080808080808082,1.5151515151515154,0.4688766662120468,0.5311233337879531,3.2656921861111814e-07,0.9999996734307822
80,40.13377926421405,0.5,0.4,0.8080808080808082,1.5151515151515154,0.4574641549525501,0.5425358450474498,3.012170137748445e-07,0.9999996987829871
81,40.635451505016725,0.5,0.4,0.8080808080808082,1.5151515151515154,0.4470200620309219,0.552979937969078,2.785030347630784e-07,0.9999997214969663
82,41.137123745819395,0.5,0.4,0.8080808080808082,1.5151515151515154,0.437502217093183,0.5624977829068168,2.5806492973371234e-07,0.9999997419350712
83,41.63879598662207,0.5,0.4,0.8080808080808082,1.5151515151515154,0.4288615724287499,0.57113842757125,2.395986931204848e-07,0.9999997604013079
84,42.14046822742475,0.5,0.4,0.8080808080808082,1.5151515151515154,0.42104446683863306,0.5789555331613668,2.2284942898601968e-07,0.9999997771505721
85,42.642140468227424,0.5,0.4,0.8080808080808082,1.5151515151515154,0.41399458748263196,0.5860054125173678,2.0760201405255268e-07,0.9999997923979871
86,43.1438127090301,0.5,0.4,0.8080808080808082,1.5151515151515154,0.4076546208802377,0.592345379119762,1.936744687221965e-07,0.9999998063255324
87,43.64548494983278,0.5,0.4,0.8080808080808082,1.5151515151515154,0.4019675911803609,0.5980324088196389,1.8091217033357384e-07,0.9999998190878309
88,44.147157190635454,0.5,0.4,0.8080808080808082,1.5151515151515154,0.39687790310558385,0.6031220968944159,1.6918358437763012e-07,0.999999830816417
89,44.64882943143812,0.5,0.4,0.8080808080808082,1.5151515151515154,0.3923321255612367,0.6076678744387631,1.583760024287839e-07,0.9999998416239989
90,45.1505016722408,0.5,0.4,0.8080808080808082,1.5151515151515154,0.3882795474412035,0.6117204525587963,1.4839263002147361e-07,0.9999998516073714
91,45.65217391304348,0.5,0.4,0.8080808080808082,1.5151515151515154,0.3846725416727192,0.6153274583272806,1.3915001008650177e-07,0.9999998608499914
92,46.15384615384615,0.5,0.4,0.8080808080808082,1.5151515151515154,0.3814667719698259,0.618533228030174,1.3057580526365356e-07,0.9999998694241964
93,46.65551839464883,0.5,0.4,0.8080808080808082,1.5151515151515154,0.3786212767428328,0.621378723257167,1.2260707335630825e-07,0.9999998773929284
94,47.15719063545151,0.5,0.4,0.8080808080808082,1.5151515151515154,0.37609845638579525,0.6239015436142047,1.15188799883848e-07,0.999999884811202
95,47.65886287625418,0.5,0.4,0.8080808080808082,1.5151515151515154,0.3738639886238128,0.6261360113761871,1.082726943483756e-07,0.9999998917273075
96,48.16053511705685,0.5,0.4,0.8080808080808082,1.5151515151515154,0.37188669352320874,0.6281133064767911,1.0181615287128728e-07,0.9999998981838492
97,48.66220735785953,0.5,0.4,0.8080808080808082,1.5151515151515154,0.3701383634507607,0.6298616365492392,9.578144358597678e-08,0.9999999042185586
98,49.163879598662206,0.5,0.4,0.8080808080808082,1.5151515151515154,0.36859357188560893,0.6314064281143908,9.013499485427713e-08,0.9999999098650073
99,49.66555183946488,0.5,0.4,0.8080808080808082,1.5151515151515154,0.3672294710690905,0.6327705289309093,8.484680499654392e-08,0.9999999151531973
100,50.16722408026756,0.5,0.4,0.8080808080808082,1.5151515151515154,0.3660255870516333,0.6339744129483665,7.988995467257839e-08,0.9999999201100478
101,50.668896321070235,0.5,0.4,0.8080808080808082,1.5151515151515154,0.3649636166033075,0.6350363833966923,7.524019140680362e-08,0.9999999247598111
102,51.17056856187291,0.5,0.4,0.8080808080808082,1.5151515151515154,0.3640272310226192,0.6359727689773808,7.087558249738037e-08,0.9999999291244202
103,51.67224080267559,0.5,0.4,0.8080808080808082,1.5151515151515154,0.36320188991681673,0.6367981100831831,6.677621800175779e-08,0.9999999332237848
104,52.17391304347826,0.5,0.4,0.8080808080808082,1.5151515151515154,0.3624746662159236,0.6375253337840763,6.292396239184085e-08,0.9999999370760405
105,52.675585284280935,0.5,0.4,0.8080808080808082,1.5151515151515154,0.3618340832898987,0.6381659167101011,5.930224278355031e-08,0.9999999406977603
106,53.17725752508361,0.5,0.4,0.8080808080808082,1.5151515151515154,0.3612699642894655,0.6387300357105343,5.5895867752379266e-08,0.9999999441041355
107,53.67892976588629,0.5,0.4,0.8080808080808082,1.5151515151515154,0.360773294737159,0.6392267052628408,5.2690873499485695e-08,0.9999999473091299
108,54.180602006688964,0.5,0.4,0.8080808080808082,1.5151515151515154,0.36033609743529343,0.6396639025647064,4.967439061929341e-08,0.9999999503256131
109,54.68227424749164,0.5,0.4,0.8080808080808082,1.5151515151515154,0.3599513186214811,0.6400486813785188,4.6834530870388555e-08,0.999999953165473
110,55.18394648829432,0.5,0.4,0.8080808080808082,1.5151515151515154,0.35961272602141214,0.6403872739785877,4.416028720546267e-08,0.9999999558397168
111,55.68561872909699,0.5,0.4,0.8080808080808082,1.5151515151515154,0.3593148162831013,0.6406851837168985,4.164144877774368e-08,0.9999999583585556
112,56.187290969899664,0.5,0.4,0.8080808080808082,1.5151515151515154,0.35905273264460824,0.6409472673553916,3.926852614409557e-08,0.9999999607314785
113,56.68896321070234,0.5,0.4,0.8080808080808082,1.5151515151515154,0.3588221910167668,0.6411778089832331,3.703268587714708e-08,0.999999962967319
114,57.19063545150502,0.5,0.4,0.8080808080808082,1.5151515151515154,0.3586194140797717,0.6413805859202282,3.492569290543235e-08,0.9999999650743122
115,57.69230769230769,0.5,0.4,0.8080808080808082,1.5151515151515154,0.35844107261660696,0.6415589273833929,3.293985849328679e-08,0.9999999670601468
116,58.19397993311037,0.5,0.4,0.8080808080808082,1.5151515151515154,0.3582842332243653,0.6417157667756346,3.106799868436907e-08,0.999999968932007
117,58.69565217391305,0.5,0.4,0.8080808080808082,1.5151515151515154,0.3581463122319626,0.6418536877680373,2.9303390623723034e-08,0.9999999706966154
118,59.197324414715716,0.5,0.4,0.8080808080808082,1.5151515151515154,0.3580250342870394,0.6419749657129604,2.763973969464587e-08,0.9999999723602666
119,59.69899665551839,0.5,0.4,0.8080808080808082,1.5151515151515154,0.3579183965749437,0.6420816034250562,2.6071145831871046e-08,0.9999999739288609
120,60.20066889632107,0.5,0.4,0.8080808080808082,1.5151515151515154,0.35782463556109,0.6421753644389098,2.4592074276850882e-08,0.9999999754079327
121,60.702341137123746,0.5,0.4,0.8080808080808082,1.5151515151515154,0.3577421996452011,0.6422578003547987,2.3197330463339766e-08,0.9999999768026769
122,61.20401337792642,0.5,0.4,0.8080808080808082,1.5151515151515154,0.3576697231412852,0.6423302768587147,2.1882035328760246e-08,0.9999999781179725
123,61.7056856187291,0.5,0.4,0.8080808080808082,1.5151515151515154,0.35760600474155047,0.6423939952584494,2.0641604451837655e-08,0.9999999793584038
124,62.207357859531776,0.5,0.4,0.8080808080808082,1.5151515151515154,0.3575499875163784,0.6424500124836213,1.947172776158251e-08,0.999999980528281
125,62.709030100334445,0.5,0.4,0.8080808080808082,1.5151515151515154,0.3575007418140414,0.6424992581859583,1.83683517280138e-08,0.9999999816316575
126,63.21070234113712,0.5,0.4,0.8080808080808082,1.5151515151515154,0.35745744992875683,0.642542550071243,1.73276625504543e-08,0.9999999826723472
127,63.7123745819398,0.5,0.4,0.8080808080808082,1.5151515151515154,0.35741939265037875,0.6425806073496211,1.6346070850976804e-08,0.9999999836539395
128,64.21404682274247,0.5,0.4,0.8080808080808082,1.5151515151515154,0.3573859376168511,0.6426140623831487,1.5420197586797498e-08,0.9999999845798133
129,64.71571906354515,0.5,0.4,0.8080808080808082,1.5151515151515154,0.357356528601737,0.6426434713982628,1.454686076866758e-08,0.9999999854531508
130,65.21739130434783,0.5,0.4,0.8080808080808082,1.5151515151515154,0.3573306766494245,0.6426693233505753,1.3723063470798485e-08,0.9999999862769486
131,65.7190635451505,0.5,0.4,0.8080808080808082,1.5151515151515154,0.35730795174720037,0.6426920482527995,1.2945982402878579e-08,0.9999999870540304
132,66.22073578595318,0.5,0.4,0.8080808080808082,1.5151515151515154,0.35728797580187516,0.6427120241981245,1.2212957399231049e-08,0.9999999877870561
133,66.72240802675586,0.5,0.4,0.8080808080808082,1.5151515151515154,0.3572704160320304,0.6427295839679692,1.1521481434159547e-08,0.9999999884785329
134,67.22408026755853,0.5,0.4,0.8080808080808082,1.5151515151515154,0.3572549807716838,0.6427450192283158,1.0869192205696986e-08,0.9999999891308229
135,67.72575250836121,0.5,0.4,0.8080808080808082,1.5151515151515154,0.35724141370895923,0.6427585862910404,1.025386319429725e-08,0.9999999897461528
136,68.22742474916387,0.5,0.4,0.8080808080808082,1.5151515151515154,0.3572294884450473,0.6427705115549524,9.67339477860288e-09,0.999999990326622
137,68.72909698996655,0.5,0.4,0.8080808080808082,1.5151515151515154,0.35721900574544907,0.6427809942545505,9.125807059048695e-09,0.9999999908742107
138,69.23076923076923,0.5,0.4,0.8080808080808082,1.5151515151515154,0.3572097918724371,0.6427902081275625,8.609234853199747e-09,0.9999999913907839
139,69.7324414715719,0.5,0.4,0.8080808080808082,1.5151515151515154,0.3572016921925429,0.6427983078074567,8.121917424601453e-09,0.9999999918781024
140,70.23411371237458,0.5,0.4,0.8080808080808082,1.5151515151515154,0.3571945724803877,0.6428054275196119,7.662196157558932e-09,0.9999999923378248
141,70.73578595317726,0.5,0.4,0.8080808080808082,1.5151515151515154,0.3571883143190772,0.6428116856809225,7.228506212457618e-09,0.9999999927715157
142,71.23745819397993,0.5,0.4,0.8080808080808082,1.5151515151515154,0.3571828132775788,0.6428171867224209,6.819371549878639e-09,0.9999999931806517
143,71.73913043478261,0.5,0.4,0.8080808080808082,1.5151515151515154,0.3571779782813101,0.6428220217186896,6.4334011544205095e-09,0.9999999935666234
144,72.24080267558529,0.5,0.4,0.8080808080808082,1.5151515151515154,0.3571737280350279,0.6428262719649718,6.069281523355506e-09,0.9999999939307443
145,72.74247491638796,0.5,0.4,0.8080808080808082,1.5151515151515154,0.3571699923499647,0.6428300076500351,5.725775444483769e-09,0.9999999942742519
146,73.24414715719064,0.5,0.4,0.8080808080808082,1.5151515151515154,0.3571667085870665,0.6428332914129332,5.401714625883423e-09,0.9999999945983142
147,73.74581939799332,0.5,0.4,0.8080808080808082,1.5151515151515154,0.3571638223905428,0.6428361776094569,5.09599823329308e-09,0.9999999949040321
148,74.24749163879599,0.5,0.4,0.8080808080808082,1.5151515151515154,0.3571612857107708,0.6428387142892289,4.807587369371238e-09,0.9999999951924448
149,74.74916387959867,0.5,0.4,0.8080808080808082,1.5151515151515154,0.35715905546330506,0.6428409445366947,4.535500655301366e-09,0.9999999954645332
150,75.25083612040133,0.5,0.4,0.8080808080808082,1.5151515151515154,0.3571570951928701,0.6428429048071297,4.278814907457338e-09,0.9999999957212208
151,75.75250836120401,0.5,0.4,0.8080808080808082,1.5151515151515154,0.35715537216886745,0.6428446278311323,4.036657849331474e-09,0.9999999959633799
152,76.25418060200668,0.5,0.4,0.8080808080808082,1.5151515151515154,0.3571538574406907,0.642846142559309,3.808206329036985e-09,0.9999999961918334
153,76.75585284280936,0.5,0.4,0.8080808080808082,1.5151515151515154,0.3571525262440965,0.6428474737559032,3.5926853682177837e-09,0.9999999964073565
154,77.25752508361204,0.5,0.4,0.8080808080808082,1.5151515151515154,0.35715135611609794,0.6428486438839018,3.389362225005145e-09,0.9999999966106821
155,77.75919732441471,0.5,0.4,0.8080808080808082,1.5151515151515154,0.35715032759073023,0.6428496724092695,3.1975464935277544e-09,0.9999999968025003
156,78.26086956521739,0.5,0.4,0.8080808080808082,1.5151515151515154,0.35714942367877556,0.6428505763212242,3.016587215285655e-09,0.9999999969834621
157,78.76254180602007,0.5,0.4,0.8080808080808082,1.5151515151515154,0.3571486289999559,0.6428513710000439,2.8458691128237615e-09,0.999999997154183
158,79.26421404682274,0.5,0.4,0.8080808080808082,1.5151515151515154,0.35714793050069943,0.6428520694993003,2.6848130352335676e-09,0.9999999973152419
159,79.76588628762542,0.5,0.4,0.8080808080808082,1.5151515151515154,0.3571473165767654,0.6428526834232343,2.532872090504415e-09,0.9999999974671858
160,80.2675585284281,0.5,0.4,0.8080808080808082,1.5151515151515154,0.35714677682024276,0.6428532231797569,2.389529339577974e-09,0.9999999976105318
161,80.76923076923077,0.5,0.4,0.8080808080808082,1.5151515151515154,0.35714630256784663,0.642853697432153,2.2543002186131102e-09,0.9999999977457643
162,81.27090301003345,0.5,0.4,0.8080808080808082,1.5151515151515154,0.3571458856688363,0.6428541143311634,2.1267237699889227e-09,0.9999999978733443
163,81.77257525083613,0.5,0.4,0.8080808080808082,1.5151515151515154,0.357145519251721,0.6428544807482787,2.006367101107133e-09,0.9999999979937046
164,82.27424749163879,0.5,0.4,0.8080808080808082,1.5151515151515154,0.35714519728897975,0.6428548027110199,1.8928215306111976e-09,0.9999999981072543
165,82.77591973244147,0.5,0.4,0.8080808080808082,1.5151515151515154,0.35714491422784245,0.6428550857721572,1.7857013692872373e-09,0.9999999982143786
166,83.27759197324414,0.5,0.4,0.8080808080808082,1.5151515151515154,0.35714466517732973,0.64285533482267,1.6846434767498548e-09,0.999999998315441
167,83.77926421404682,0.5,0.4,0.8080808080808082,1.5151515151515154,0.3571444460084331,0.6428555539915666,1.5893014899907479e-09,0.9999999984107876
168,84.2809364548495,0.5,0.4,0.8080808080808082,1.5151515151515154,0.35714425323212423,0.6428557467678755,1.4993528513634193e-09,0.9999999985007412
169,84.78260869565217,0.5,0.4,0.8080808080808082,1.5151515151515154,0.3571440840191309,0.6428559159808689,1.4144976117206967e-09,0.9999999985856016
170,85.28428093645485,0.5,0.4,0.8080808080808082,1.5151515151515154,0.35714393551746537,0.6428560644825344,1.3344466590305144e-09,0.999999998665658
171,85.78595317725753,0.5,0.4,0.8080808080808082,1.5151515151515154,0.3571438049362196,0.6428561950637801,1.2589230691312877e-09,0.9999999987411874
172,86.2876254180602,0.5,0.4,0.8080808080808082,1.5151515151515154,0.3571436902495173,0.6428563097504824,1.187673453236044e-09,0.9999999988124431
173,86.78929765886288,0.5,0.4,0.8080808080808082,1.5151515151515154,0.35714358974285354,0.6428564102571462,1.1204601735564986e-09,0.999999998879663
174,87.29096989966555,0.5,0.4,0.8080808080808082,1.5151515151515154,0.35714350139966805,0.6428564986003317,1.057049022466327e-09,0.9999999989430809
175,87.79264214046823,0.5,0.4,0.8080808080808082,1.5151515151515154,0.35714342367385393,0.6428565763261458,9.972247385410217e-10,0.9999999990029124
176,88.29431438127091,0.5,0.4,0.8080808080808082,1.5151515151515154,0.3571433542286818,0.6428566457713178,9.407184907602693e-10,0.9999999990594262
177,88.79598662207358,0.5,0.4,0.8080808080808082,1.5151515151515154,0.35714329495550284,0.6428567050444969,8.875288839432551e-10,0.9999999991126237
178,89.29765886287625,0.5,0.4,0.8080808080808082,1.5151515151515154,0.35714324224673066,0.642856757753269,8.37313519020167e-10,0.9999999991628475
179,89.79933110367892,0.5,0.4,0.8080808080808082,1.5151515151515154,0.3571431956920087,0.6428568043079911,7.89927342019284e-10,0.9999999992102426
180,90.3010033444816,0.5,0.4,0.8080808080808082,1.5151515151515154,0.3571431548272025,0.6428568451727974,7.45225440671305e-10,0.9999999992549539
181,90.80267558528428,0.5,0.4,0.8080808080808082,1.5151515151515154,0.35714311894155054,0.6428568810584493,7.030635525609426e-10,0.9999999992971256
182,91.30434782608695,0.5,0.4,0.8080808080808082,1.5151515151515154,0.3571430874592636,0.6428569125407363,6.632970596257423e-10,0.9999999993369025
183,91.80602006688963,0.5,0.4,0.8080808080808082,1.5151515151515154,0.3571430598297899,0.6428569401702099,6.257812773031728e-10,0.9999999993744294
184,92.3076923076923,0.5,0.4,0.8080808080808082,1.5151515151515154,0.3571430355159362,0.6428569644840637,5.903742233602313e-10,0.9999999994098481
185,92.80936454849498,0.5,0.4,0.8080808080808082,1.5151515151515154,0.3571430141995969,0.642856985800403,5.569782356920642e-10,0.9999999994432563
186,93.31103678929766,0.5,0.4,0.8080808080808082,1.5151515151515154,0.35714299550932677,0.6428570044906731,5.254848619109259e-10,0.9999999994747626
187,93.81270903010034,0.5,0.4,0.8080808080808082,1.5151515151515154,0.35714297901799025,0.6428570209820096,4.957743837754986e-10,0.9999999995044868
188,94.31438127090301,0.5,0.4,0.8080808080808082,1.5151515151515154,0.3571429642989749,0.6428570357010249,4.677271489792921e-10,0.9999999995325485
189,94.81605351170569,0.5,0.4,0.8080808080808082,1.5151515151515154,0.35714295121484185,0.6428570487851579,4.412599398888308e-10,0.9999999995590308
190,95.31772575250837,0.5,0.4,0.8080808080808082,1.5151515151515154,0.3571429397283022,0.6428570602716976,4.16302157341472e-10,0.9999999995840048
191,95.81939799331104,0.5,0.4,0.8080808080808082,1.5151515151515154,0.35714292962611405,0.6428570703738857,3.9276103283143374e-10,0.9999999996075628
192,96.3210702341137,0.5,0.4,0.8080808080808082,1.5151515151515154,0.3571429206950355,0.6428570793049644,3.705437978529342e-10,0.9999999996297979
193,96.82274247491638,0.5,0.4,0.8080808080808082,1.5151515151515154,0.3571429119209123,0.6428570880790877,3.4906337818855314e-10,0.9999999996512976
194,97.32441471571906,0.5,0.4,0.8080808080808082,1.5151515151515154,0.35714290556898487,0.6428570944310151,3.296134626359478e-10,0.9999999996707672
195,97.82608695652173,0.5,0.4,0.8080808080808082,1.5151515151515154,0.3571428997936032,0.6428571002063967,3.111084808162315e-10,0.9999999996892931
196,98.32775919732441,0.5,0.4,0.8080808080808082,1.5151515151515154,0.3571428945947674,0.6428571054052326,2.935484327294042e-10,0.9999999997068753
197,98.82943143812709,0.5,0.4,0.8080808080808082,1.5151515151515154,0.357142889960859,0.6428571100391409,2.7692180581614374e-10,0.9999999997235254
198,99.33110367892976,0.5,0.4,0.8080808080808082,1.5151515151515154,0.3571428858276677,0.6428571141723323,2.6116497387523143e-10,0.999999999739307
199,99.83277591973244,0.5,0.4,0.8080808080808082,1.5151515151515154,0.35714288218535856,0.6428571178146414,2.46268191670306e-10,0.99999999975423
200,100.33444816053512,0.5,0.4,0.8080808080808082,1.5151515151515154,0.35714287903393166,0.6428571209660683,2.322314592013673e-10,0.9999999997682945
201,100.8361204013378,0.5,0.4,0.8080808080808082,1.5151515151515154,0.35714287637291736,0.6428571236270826,2.1905437709057413e-10,0.9999999997815007
202,101.33779264214047,0.5,0.4,0.8080808080808082,1.5151515151515154,0.3571428740720034,0.6428571259279965,2.0662614127478129e-10,0.9999999997939596
203,101.83946488294315,0.5,0.4,0.8080808080808082,1.5151515151515154,0.3571428720290525,0.6428571279709474,1.9485990459963947e-10,0.9999999998057584
204,102.34113712374582,0.5,0.4,0.8080808080808082,1.5151515151515154,0.35714287024406455,0.6428571297559353,1.8375566706514862e-10,0.999999999816897
205,102.8428093645485,0.5,0.4,0.8080808080808082,1.5151515151515154,0.35714286871703965,0.6428571312829603,1.7331342867130877e-10,0.9999999998273754
206,103.34448160535118,0.5,0.4,0.8080808080808082,1.5151515151515154,0.35714286742280316,0.6428571325771967,1.6350474225447293e-10,0.9999999998372222
207,103.84615384615384,0.5,0.4,0.8080808080808082,1.5151515151515154,0.3571428662601387,0.6428571337398611,1.5421523332996916e-10,0.9999999998465521
208,104.34782608695652,0.5,0.4,0.8080808080808082,1.5151515151515154,0.35714286521842176,0.642857134781578,1.454328962703456e-10,0.999999999855377
209,104.84949832775919,0.5,0.4,0.8080808080808082,1.5151515151515154,0.35714286429765235,0.6428571357023475,1.371577310756025e-10,0.9999999998636971
210,105.35117056856187,0.5,0.4,0.8080808080808082,1.5151515151515154,0.35714286349724444,0.6428571365027553,1.2938844677243589e-10,0.9999999998715137
211,105.85284280936455,0.5,0.4,0.8080808080808082,1.5151515151515154,0.35714286278405644,0.6428571372159433,1.2205203876066938e-10,0.9999999998789001
212,106.35451505016722,0.5,0.4,0.8080808080808082,1.5151515151515154,0.35714286213893465,0.6428571378610651,1.1510631470751322e-10,0.9999999998858987
213,106.8561872909699,0.5,0.4,0.8080808080808082,1.5151515151515154,0.35714286156187897,0.6428571384381208,1.0855127461296743e-10,0.9999999998925097
214,107.35785953177258,0.5,0.4,0.8080808080808082,1.5151515151515154,0.3571428610528894,0.6428571389471103,1.0238691847703202e-10,0.9999999998987328
215,107.85953177257525,0.5,0.4,0.8080808080808082,1.5151515151515154,0.3571428606059437,0.6428571393940559,9.659188524206684e-11,0.9999999999045898
216,108.36120401337793,0.5,0.4,0.8080808080808082,1.5151515151515154,0.35714286020300967,0.64285713979699,9.110221414401045e-11,0.999999999910145
217,108.8628762541806,0.5,0.4,0.8080808080808082,1.5151515151515154,0.35714285984287675,0.6428571401571228,8.591361181136823e-11,0.9999999999154029
218,109.36454849498328,0.5,0.4,0.8080808080808082,1.5151515151515154,0.3571428595255451,0.6428571404744545,8.102607824414017e-11,0.9999999999203635
219,109.86622073578596,0.5,0.4,0.8080808080808082,1.5151515151515154,0.3571428592505488,0.6428571407494509,7.643775331198732e-11,0.9999999999250286
220,110.36789297658864,0.5,0.4,0.8080808080808082,1.5151515151515154,0.35714285900615195,0.6428571409938476,7.210177377927719e-11,0.9999999999294459
221,110.8695652173913,0.5,0.4,0.8080808080808082,1.5151515151515154,0.3571428587872518,0.6428571412127477,6.799776286056252e-11,0.999999999933636
222,111.37123745819397,0.5,0.4,0.8080808080808082,1.5151515151515154,0.35714285859384837,0.6428571414061512,6.412572055584312e-11,0.9999999999375987
223,111.87290969899665,0.5,0.4,0.8080808080808082,1.5151515151515154,0.3571428584259415,0.6428571415740582,6.048564686511905e-11,0.9999999999413344
224,112.37458193979933,0.5,0.4,0.8080808080808082,1.5151515151515154,0.35714285828018294,0.6428571417198167,5.706160711906192e-11,0.999999999944859
225,112.876254180602,0.5,0.4,0.8080808080808082,1.5151515151515154,0.35714285814901797,0.6428571418509816,5.3817649226785234e-11,0.9999999999482095
226,113.37792642140468,0.5,0.4,0.8080808080808082,1.5151515151515154,0.35714285803215984,0.6428571419678397,5.075240853164152e-11,0.9999999999513876
227,113.87959866220736,0.5,0.4,0.8080808080808082,1.5151515151515154,0.35714285792960854,0.642857142070391,4.7865885033630793e-11,0.9999999999543928
228,114.38127090301003,0.5,0.4,0.8080808080808082,1.5151515151515154,0.35714285781997385,0.6428571421800257,4.496237921155493e-11,0.9999999999600881
229,114.88294314381271,0.5,0.4,0.8080808080808082,1.5151515151515154,0.3571428576741164,0.6428571423258831,4.177529327527932e-11,0.9999999999723733
230,115.38461538461539,0.5,0.4,0.8080808080808082,1.5151515151515154,0.3571428575369743,0.6428571424630252,3.871576811470245e-11,0.9999999999852343
231,115.88628762541806,0.5,0.4,0.8080808080808082,1.5151515151515154,0.35714285740854756,0.6428571425914519,3.578380372982433e-11,0.9999999999986708
232,116.38795986622074,0.5,0.4,0.8080808080808082,1.5151515151515154,0.35714285728883627,0.6428571427111632,3.297940012064495e-11,1.000000000012683
233,116.88963210702342,0.5,0.4,0.8080808080808082,1.5151515151515154,0.3571428571778403,0.6428571428221592,3.0302557287164316e-11,1.0000000000272709
234,117.3913043478261,0.5,0.4,0.8080808080808082,1.5151515151515154,0.3571428570755597,0.6428571429244399,2.775327522938243e-11,1.0000000000424343
235,117.89297658862876,0.5,0.4,0.8080808080808082,1.5151515151515154,0.3571428569819945,0.642857143018005,2.533155394729935e-11,1.0000000000581735
236,118.39464882943143,0.5,0.4,0.8080808080808082,1.5151515151515154,0.35714285689714464,0.6428571431028548,2.3037393440914944e-11,1.0000000000744884
237,118.89632107023411,0.5,0.4,0.8080808080808082,1.5151515151515154,0.3571428568210102,0.6428571431789893,2.087079371022928e-11,1.0000000000913787
238,119.39799331103679,0.5,0.4,0.8080808080808082,1.5151515151515154,0.35714285675359114,0.6428571432464084,1.8831754755242362e-11,1.000000000108845
239,119.89966555183946,0.5,0.4,0.8080808080808082,1.5151515151515154,0.35714285669488743,0.6428571433051121,1.6920276575954185e-11,1.0000000001268867
240,120.40133779264214,0.5,0.4,0.8080808080808082,1.5151515151515154,0.3571428566448991,0.6428571433551004,1.5136359172364753e-11,1.000000000145504
241,120.90301003344482,0.5,0.4,0.8080808080808082,1.5151515151515154,0.35714285660362616,0.6428571433963733,1.348000254447406e-11,1.0000000001646971
242,121.40468227424749,0.5,0.4,0.8080808080808082,1.5151515151515154,0.3571428565710686,0.6428571434289309,1.1951206692282114e-11,1.0000000001844658
243,121.90635451505017,0.5,0.4,0.8080808080808082,1.5151515151515154,0.3571428565472264,0.6428571434527731,1.0549971615788912e-11,1.0000000002048102
244,122.40802675585284,0.5,0.4,0.8080808080808082,1.5151515151515154,0.3571428565320996,0.6428571434678999,9.276297314994452e-12,1.00000000022573
245,122.90969899665552,0.5,0.4,0.8080808080808082,1.5151515151515154,0.35714285652568817,0.6428571434743113,8.130183789898737e-12,1.0000000002472258
246,123.4113712374582,0.5,0.4,0.8080808080808082,1.5151515151515154,0.3571428565279921,0.6428571434720074,7.111631040501764e-12,1.000000000269297
247,123.91304347826087,0.5,0.4,0.8080808080808082,1.5151515151515154,0.3571428565390114,0.6428571434609881,6.220639066803535e-12,1.000000000291944
248,124.41471571906355,0.5,0.4,0.8080808080808082,1.5151515151515154,0.3571428565587461,0.6428571434412534,5.45720786880405e-12,1.0000000003151668
249,124.91638795986621,0.5,0.4,0.8080808080808082,1.5151515151515154,0.3571428565871962,0.6428571434128033,4.821337446503324e-12,1.0000000003389649
250,125.41806020066889,0.5,0.4,0.8080808080808082,1.5151515151515154,0.3571428566243616,0.6428571433756379,4.313027799901322e-12,1.000000000363339
251,125.91973244147157,0.5,0.4,0.8080808080808082,1.5151515151515154,0.3571428566702424,0.6428571433297571,3.932278928998063e-12,1.0000000003882885
252,126.42140468227424,0.5,0.4,0.8080808080808082,1.5151515151515154,0.3571428567080117,0.6428571432919877,3.4947484081787387e-12,1.0000000004290037
253,126.92307692307692,0.5,0.4,0.8080808080808082,1.5151515151515154,0.3571428566892837,0.6428571433107158,2.470362479911673e-12,1.0000000005291632
254,127.4247491638796,0.5,0.4,0.8080808080808082,1.5151515151515154,0.35714285667284384,0.6428571433271556,1.5031259236311223e-12,1.0000000006357002
255,127.92642140468227,0.5,0.4,0.8080808080808082,1.5151515151515154,0.35714285665869216,0.6428571433413073,5.930387393370871e-13,1.0000000007486147
256,128.42809364548495,0.5,0.4,0.8080808080808082,1.5151515151515154,0.35714285664682865,0.6428571433531708,-2.5989907297042917e-13,1.000000000867907
257,128.9297658862876,0.5,0.4,0.8080808080808082,1.5151515151515154,0.35714285663725326,0.6428571433627461,-1.0556875132914056e-12,1.000000000993577
258,129.4314381270903,0.5,0.4,0.8080808080808082,1.5151515151515154,0.35714285662996603,0.6428571433700334,-1.7943265816259123e-12,1.0000000011256245
259,129.93311036789297,0.5,0.4,0.8080808080808082,1.5151515151515154,0.357142856624967,0.6428571433750324,-2.4758162779738594e-12,1.0000000012640495
260,130.43478260869566,0.5,0.4,0.8080808080808082,1.5151515151515154,0.3571428566222561,0.6428571433777434,-3.1001566023353292e-12,1.0000000014088524
261,130.93645484949832,0.5,0.4,0.8080808080808082,1.5151515151515154,0.3571428566218333,0.6428571433781661,-3.667347554710247e-12,1.0000000015600328
262,131.438127090301,0.5,0.4,0.8080808080808082,1.5151515151515154,0.3571428566236987,0.6428571433763007,-4.1773891350986795e-12,1.0000000017175907
263,131.93979933110367,0.5,0.4,0.8080808080808082,1.5151515151515154,0.3571428566278523,0.6428571433721472,-4.6302813435005676e-12,1.0000000018815263
264,132.44147157190636,0.5,0.4,0.8080808080808082,1.5151515151515154,0.35714285663429396,0.6428571433657054,-5.026024179915964e-12,1.0000000020518396
265,132.94314381270902,0.5,0.4,0.8080808080808082,1.5151515151515154,0.35714285664302386,0.6428571433569756,-5.364617644344823e-12,1.0000000022285302
266,133.44481605351172,0.5,0.4,0.8080808080808082,1.5151515151515154,0.3571428566540419,0.6428571433459576,-5.646061736787183e-12,1.0000000024115987
267,133.94648829431438,0.5,0.4,0.8080808080808082,1.5151515151515154,0.357142856667348,0.6428571433326514,-5.870356457243012e-12,1.000000002601045
268,134.44816053511707,0.5,0.4,0.8080808080808082,1.5151515151515154,0.3571428566829424,0.6428571433170571,-6.0375018057123355e-12,1.0000000027968685
269,134.94983277591973,0.5,0.4,0.8080808080808082,1.5151515151515154,0.35714285670082485,0.6428571432991746,-6.1474977821951346e-12,1.0000000029990699
270,135.45150501672242,0.5,0.4,0.8080808080808082,1.5151515151515154,0.3571428567209955,0.642857143279004,-6.200344386691422e-12,1.0000000032076488
271,135.95317725752508,0.5,0.4,0.8080808080808082,1.5151515151515154,0.35714285674345425,0.6428571432565452,-6.196041619201191e-12,1.0000000034226053
272,136.45484949832775,0.5,0.4,0.8080808080808082,1.5151515151515154,0.3571428567682012,0.6428571432317982,-6.134589479724447e-12,1.0000000036439394
273,136.95652173913044,0.5,0.4,0.8080808080808082,1.5151515151515154,0.35714285679523633,0.6428571432047632,-6.0159879682611814e-12,1.0000000038716512
274,137.4581939799331,0.5,0.4,0.8080808080808082,1.5151515151515154,0.35714285682455954,0.6428571431754398,-5.840237084811407e-12,1.0000000041057406
275,137.9598662207358,0.5,0.4,0.8080808080808082,1.5151515151515154,0.357142856856171,0.6428571431438285,-5.607336829375106e-12,1.0000000043462076
276,138.46153846153845,0.5,0.4,0.8080808080808082,1.5151515151515154,0.3571428568868634,0.6428571431131361,-5.373745838063809e-12,1.0000000046691366
277,138.96321070234114,0.5,0.4,0.8080808080808082,1.5151515151515154,0.3571428568944489,0.6428571431055505,-5.53006447473111e-12,1.000000005600905
278,139.4648829431438,0.5,0.4,0.8080808080808082,1.5151515151515154,0.3571428569020645,0.6428571430979351,-5.668986184155571e-12,1.0000000065926222
279,139.9665551839465,0.5,0.4,0.8080808080808082,1.5151515151515154,0.35714285690971004,0.6428571430902894,-5.790510966337211e-12,1.0000000076442879
280,140.46822742474916,0.5,0.4,0.8080808080808082,1.5151515151515154,0.3571428569173857,0.6428571430826139,-5.894638821276013e-12,1.000000008755902
281,140.96989966555185,0.5,0.4,0.8080808080808082,1.5151515151515154,0.3571428569250913,0.6428571430749082,-5.98136974897199e-12,1.0000000099274644
282,141.4715719063545,0.5,0.4,0.8080808080808082,1.5151515151515154,0.35714285693282694,0.6428571430671726,-6.050703749425132e-12,1.0000000111589755
283,141.9732441471572,0.5,0.4,0.8080808080808082,1.5151515151515154,0.3571428569405926,0.6428571430594069,-6.102640822635448e-12,1.0000000124504351
284,142.47491638795987,0.5,0.4,0.8080808080808082,1.5151515151515154,0.3571428569483883,0.6428571430516111,-6.137180968602931e-12,1.000000013801843
285,142.97658862876253,0.5,0.4,0.8080808080808082,1.5151515151515154,0.35714285695621406,0.6428571430437854,-6.1543241873275845e-12,1.0000000152131996
286,143.47826086956522,0.5,0.4,0.8080808080808082,1.5151515151515154,0.35714285696406983,0.6428571430359297,-6.154070478809408e-12,1.0000000166845044
287,143.97993311036788,0.5,0.4,0.8080808080808082,1.5151515151515154,0.35714285697195564,0.6428571430280439,-6.136419843048401e-12,1.000000018215758
288,144.48160535117057,0.5,0.4,0.8080808080808082,1.5151515151515154,0.35714285697987147,0.6428571430201281,-6.1013722800445626e-12,1.00000001980696
289,144.98327759197323,0.5,0.4,0.8080808080808082,1.5151515151515154,0.3571428569878173,0.6428571430121822,-6.048927789797897e-12,1.0000000214581104
290,145.48494983277592,0.5,0.4,0.8080808080808082,1.5151515151515154,0.3571428569957932,0.6428571430042064,-5.979086372308396e-12,1.0000000231692094
291,145.9866220735786,0.5,0.4,0.8080808080808082,1.5151515151515154,0.35714285700379905,0.6428571429962004,-5.891848027576071e-12,1.0000000249402567
292,146.48829431438128,0.5,0.4,0.8080808080808082,1.5151515151515154,0.35714285701183496,0.6428571429881645,-5.787212755600909e-12,1.0000000267712528
293,146.98996655518394,0.5,0.4,0.8080808080808082,1.5151515151515154,0.35714285701990095,0.6428571429800986,-5.665180556382924e-12,1.000000028662197
294,147.49163879598663,0.5,0.4,0.8080808080808082,1.5151515151515154,0.3571428570279969,0.6428571429720026,-5.5257514299221e-12,1.0000000306130898
295,147.9933110367893,0.5,0.4,0.8080808080808082,1.5151515151515154,0.3571428570361229,0.6428571429638766,-5.368925376218455e-12,1.0000000326239313
296,148.49498327759198,0.5,0.4,0.8080808080808082,1.5151515151515154,0.35714285704427895,0.6428571429557206,-5.1947023952719696e-12,1.000000034694721
297,148.99665551839465,0.5,0.4,0.8080808080808082,1.5151515151515154,0.357142857052465,0.6428571429475345,-5.003082487082665e-12,1.0000000368254596
298,149.49832775919734,0.5,0.4,0.8080808080808082,1.5151515151515154,0.3571428570606811,0.6428571429393184,-4.794065651650518e-12,1.0000000390161463
299,150.0,0.5,0.4,0.8080808080808082,1.5151515151515154,0.3571428570689272,0.6428571429310723,-4.5676518889755526e-12,1.0000000412667815
