,time,sigma,beta,omega,alpha,S,I,C,D
0,0.0,0.5,0.4,0.05050505050505051,0.6060606060606061,0.9998,0.0002,0.5,0.5
1,0.5016722408026756,0.5,0.4,0.05050505050505051,0.6060606060606061,0.999789439985573,0.00021056001442685746,0.47700641202808153,0.5229935879719185
2,1.0033444816053512,0.5,0.4,0.05050505050505051,0.6060606060606061,0.9997776934769897,0.0002223065230100303,0.4541100597308601,0.5458899402691401
3,1.5050167224080266,0.5,0.4,0.05050505050505051,0.6060606060606061,0.9997646090748884,0.00023539092511135819,0.43140643973350085,0.5685935602664993
4,2.0066889632107023,0.5,0.4,0.05050505050505051,0.6060606060606061,0.9997500208538612,0.0002499791461386616,0.4089877810333865,0.5910122189666136
5,2.508361204013378,0.5,0.4,0.05050505050505051,0.6060606060606061,0.9997337410965949,0.00026625890340511445,0.38694164065333486,0.6130583593466652
6,3.0100334448160533,0.5,0.4,0.05050505050505051,0.6060606060606061,0.9997155573024468,0.00028444269755319244,0.36534961523468235,0.6346503847653177
7,3.511705685618729,0.5,0.4,0.05050505050505051,0.6060606060606061,0.9996952287792124,0.0003047712207876127,0.3442862186114805,0.6557137813885194
8,4.013377926421405,0.5,0.4,0.05050505050505051,0.6060606060606061,0.9996724827267296,0.00032751727327032064,0.3238179896104639,0.6761820103895361
9,4.51505016722408,0.5,0.4,0.05050505050505051,0.6060606060606061,0.9996470099810512,0.00035299001894876803,0.3040029112273591,0.6959970887726409
10,5.016722408026756,0.5,0.4,0.05050505050505051,0.6060606060606061,0.9996184599485731,0.00038154005142673427,0.28488998350282646,0.7151100164971737
11,5.518394648829432,0.5,0.4,0.05050505050505051,0.6060606060606061,0.9995864349404903,0.00041356505950955946,0.26651908273917335,0.7334809172608268
12,6.020066889632107,0.5,0.4,0.05050505050505051,0.6060606060606061,0.9995504837252059,0.00044951627479378274,0.24892103351855582,0.7510789664814443
13,6.521739130434782,0.5,0.4,0.05050505050505051,0.6060606060606061,0.999510094424076,0.0004899055759237942,0.23211781490211014,0.76788218509789
14,7.023411371237458,0.5,0.4,0.05050505050505051,0.6060606060606061,0.9994646857441363,0.0005353142558635021,0.21612315129904003,0.7838768487009601
15,7.525083612040134,0.5,0.4,0.05050505050505051,0.6060606060606061,0.9994135979239406,0.0005864020760591692,0.20094292122493226,0.7990570787750678
16,8.02675585284281,0.5,0.4,0.05050505050505051,0.6060606060606061,0.9993560819340309,0.0006439180659688497,0.18657586973313697,0.8134241302668631
17,8.528428093645484,0.5,0.4,0.05050505050505051,0.6060606060606061,0.9992912872492327,0.0007087127507670226,0.17301440230556106,0.826985597694439
18,9.03010033444816,0.5,0.4,0.05050505050505051,0.6060606060606061,0.9992182481062735,0.0007817518937262383,0.16024529632502824,0.8397547036749718
19,9.531772575250836,0.5,0.4,0.05050505050505051,0.6060606060606061,0.9991358678416011,0.0008641321583985767,0.1482505267975635,0.8517494732024365
20,10.033444816053512,0.5,0.4,0.05050505050505051,0.6060606060606061,0.9990429011464902,0.000957098853509484,0.13700803167193332,0.8629919683280667
21,10.535117056856187,0.5,0.4,0.05050505050505051,0.6060606060606061,0.9989379339680832,0.001062066031916416,0.1264924608693193,0.8735075391306807
22,11.036789297658864,0.5,0.4,0.05050505050505051,0.6060606060606061,0.998819360731154,0.0011806392688456736,0.11667588001212592,0.8833241199878741
23,11.538461538461538,0.5,0.4,0.05050505050505051,0.6060606060606061,0.9986853584966525,0.0013146415033470917,0.10752841761301626,0.8924715823869838
24,12.040133779264213,0.5,0.4,0.05050505050505051,0.6060606060606061,0.9985338580627605,0.0014661419372391687,0.09901886052173091,0.9009811394782691
25,12.54180602006689,0.5,0.4,0.05050505050505051,0.6060606060606061,0.9983625106144193,0.0016374893855803868,0.09111516395910496,0.908884836040895
26,13.043478260869565,0.5,0.4,0.05050505050505051,0.6060606060606061,0.9981686507382658,0.0018313492617339452,0.08378491809939022,0.9162150819006097
27,13.545150501672241,0.5,0.4,0.05050505050505051,0.6060606060606061,0.9979492544153503,0.0020507455846494383,0.07699573743394764,0.9230042625660524
28,14.046822742474916,0.5,0.4,0.05050505050505051,0.6060606060606061,0.9977008914127662,0.0022991085872336343,0.07071559383782224,0.9292844061621778
29,14.548494983277592,0.5,0.4,0.05050505050505051,0.6060606060606061,0.997419672314263,0.0025803276857368587,0.06491308974957692,0.9350869102504231
30,15.050167224080267,0.5,0.4,0.05050505050505051,0.6060606060606061,0.9971011884135469,0.002898811586452965,0.05955767937579086,0.9404423206242091
31,15.551839464882944,0.5,0.4,0.05050505050505051,0.6060606060606061,0.9967404443479794,0.0032595556520205278,0.054619844595854145,0.9453801554041458
32,16.05351170568562,0.5,0.4,0.05050505050505051,0.6060606060606061,0.9963317832374573,0.003668216762542594,0.05007122325812796,0.949928776741872
33,16.555183946488295,0.5,0.4,0.05050505050505051,0.6060606060606061,0.9958688020834617,0.004131197916538156,0.045884707659892644,0.9541152923401074
34,17.05685618729097,0.5,0.4,0.05050505050505051,0.6060606060606061,0.9953442579904652,0.004655742009534715,0.04203450761004579,0.9579654923899542
35,17.558528428093645,0.5,0.4,0.05050505050505051,0.6060606060606061,0.9947499654254489,0.0052500345745509856,0.038496177588895716,0.9615038224111042
36,18.06020066889632,0.5,0.4,0.05050505050505051,0.6060606060606061,0.994076678689638,0.005923321310361838,0.03524664588663596,0.964753354113364
37,18.561872909698998,0.5,0.4,0.05050505050505051,0.6060606060606061,0.9933139672600032,0.0066860327399966965,0.032264194702819715,0.9677358052971803
38,19.06354515050167,0.5,0.4,0.05050505050505051,0.6060606060606061,0.9924500745178115,0.007549925482188282,0.029528451496507353,0.9704715485034927
39,19.565217391304348,0.5,0.4,0.05050505050505051,0.6060606060606061,0.9914717678981574,0.008528232101842503,0.027020346378628973,0.9729796536213711
40,20.066889632107024,0.5,0.4,0.05050505050505051,0.6060606060606061,0.9903641732882136,0.009635826711786337,0.024722078769538414,0.9752779212304616
41,20.568561872909697,0.5,0.4,0.05050505050505051,0.6060606060606061,0.9891106001466039,0.01088939985339596,0.022617064231983314,0.9773829357680167
42,21.070234113712374,0.5,0.4,0.05050505050505051,0.6060606060606061,0.9876923532961072,0.012307646703892686,0.02068988269184891,0.9793101173081511
43,21.57190635451505,0.5,0.4,0.05050505050505051,0.6060606060606061,0.9860885394622847,0.013911460537715178,0.01892622272225247,0.9810737772777476
44,22.073578595317727,0.5,0.4,0.05050505050505051,0.6060606060606061,0.9842758623978813,0.015724137602118497,0.01731282009680558,0.9826871799031945
45,22.5752508361204,0.5,0.4,0.05050505050505051,0.6060606060606061,0.9822284259845807,0.01777157401541911,0.015837402508947725,0.9841625974910524
46,23.076923076923077,0.5,0.4,0.05050505050505051,0.6060606060606061,0.9799175299329494,0.02008247006705051,0.014488626585854992,0.9855113734141451
47,23.578595317725753,0.5,0.4,0.05050505050505051,0.6060606060606061,0.9773114945046616,0.0226885054953383,0.013256022847626848,0.9867439771523732
48,24.080267558528426,0.5,0.4,0.05050505050505051,0.6060606060606061,0.9743754796405074,0.025624520359492486,0.012129934391230517,0.9878700656087696
49,24.581939799331103,0.5,0.4,0.05050505050505051,0.6060606060606061,0.9710713981562358,0.028928601843764137,0.011101467993169328,0.9888985320068308
50,25.08361204013378,0.5,0.4,0.05050505050505051,0.6060606060606061,0.9673577900289739,0.03264220997102604,0.010162435557764533,0.9898375644422356
51,25.585284280936456,0.5,0.4,0.05050505050505051,0.6060606060606061,0.9631899079525973,0.03681009204740264,0.009305307571299503,0.9906946924287006
52,26.08695652173913,0.5,0.4,0.05050505050505051,0.6060606060606061,0.9585197794219092,0.04148022057809072,0.008523162844261132,0.9914768371557389
53,26.588628762541806,0.5,0.4,0.05050505050505051,0.6060606060606061,0.95329642792653,0.046703572073469965,0.007809642648950745,0.9921903573510492
54,27.090301003344482,0.5,0.4,0.05050505050505051,0.6060606060606061,0.9474663219954946,0.05253367800450521,0.007158909582774396,0.9928410904172256
55,27.59197324414716,0.5,0.4,0.05050505050505051,0.6060606060606061,0.9409739442252132,0.059026055774786736,0.006565606412211952,0.993434393587788
56,28.093645484949832,0.5,0.4,0.05050505050505051,0.6060606060606061,0.9337626285401724,0.06623737145982753,0.006024818078268582,0.9939751819217314
57,28.59531772575251,0.5,0.4,0.05050505050505051,0.6060606060606061,0.9257756693732971,0.07422433062670286,0.005532036716326804,0.9944679632836732
58,29.096989966555185,0.5,0.4,0.05050505050505051,0.6060606060606061,0.9169576876195729,0.08304231238042716,0.0050831286924578785,0.9949168713075421
59,29.598662207357858,0.5,0.4,0.05050505050505051,0.6060606060606061,0.9072563588768158,0.09274364112318427,0.004674304042677006,0.9953256959573229
60,30.100334448160535,0.5,0.4,0.05050505050505051,0.6060606060606061,0.8966244075120439,0.10337559248795623,0.004302087981756786,0.9956979120182432
61,30.60200668896321,0.5,0.4,0.05050505050505051,0.6060606060606061,0.8850219079033363,0.11497809209666374,0.0039632946718861604,0.9960367053281137
62,31.103678929765888,0.5,0.4,0.05050505050505051,0.6060606060606061,0.8724188182979634,0.12758118170203664,0.0036550029251378757,0.9963449970748621
63,31.60535117056856,0.5,0.4,0.05050505050505051,0.6060606060606061,0.8587976447182768,0.14120235528172334,0.003374533864643369,0.9966254661353566
64,32.10702341137124,0.5,0.4,0.05050505050505051,0.6060606060606061,0.8441560982158408,0.15584390178415924,0.0031194302960586015,0.9968805697039413
65,32.608695652173914,0.5,0.4,0.05050505050505051,0.6060606060606061,0.828509659104144,0.17149034089585605,0.0028874380392035544,0.9971125619607965
66,33.11036789297659,0.5,0.4,0.05050505050505051,0.6060606060606061,0.8118936973835433,0.18810630261645678,0.002676488649411924,0.997323511350588
67,33.61204013377927,0.5,0.4,0.05050505050505051,0.6060606060606061,0.7943650722112952,0.20563492778870499,0.0024846838634470835,0.997515316136553
68,34.11371237458194,0.5,0.4,0.05050505050505051,0.6060606060606061,0.7760029220493543,0.22399707795064586,0.002310281471189864,0.9976897185288102
69,34.61538461538461,0.5,0.4,0.05050505050505051,0.6060606060606061,0.7569084679213701,0.24309153207862996,0.0021516825603867047,0.9978483174396134
70,35.11705685618729,0.5,0.4,0.05050505050505051,0.6060606060606061,0.7372036803693944,0.2627963196306057,0.0020074200406120617,0.9979925799593881
71,35.618729096989966,0.5,0.4,0.05050505050505051,0.6060606060606061,0.7170288129024098,0.2829711870975902,0.0018761483527224361,0.9981238516472777
72,36.12040133779264,0.5,0.4,0.05050505050505051,0.6060606060606061,0.696538810229464,0.3034611897705362,0.0017566342336351052,0.9982433657663652
73,36.62207357859532,0.5,0.4,0.05050505050505051,0.6060606060606061,0.6758987569148339,0.32410124308516625,0.001647748422016311,0.9983522515779839
74,37.123745819397996,0.5,0.4,0.05050505050505051,0.6060606060606061,0.6552786335656918,0.3447213664343084,0.0015484581854182421,0.9984515418145821
75,37.625418060200666,0.5,0.4,0.05050505050505051,0.6060606060606061,0.6348478272459219,0.36515217275407835,0.0014578205095137204,0.9985421794904865
76,38.12709030100334,0.5,0.4,0.05050505050505051,0.6060606060606061,0.6147695388244561,0.3852304611755442,0.0013749759123602215,0.99862502408764
77,38.62876254180602,0.5,0.4,0.05050505050505051,0.6060606060606061,0.5951957208602173,0.404804279139783,0.0012991426873930393,0.9987008573126072
78,39.130434782608695,0.5,0.4,0.05050505050505051,0.6060606060606061,0.5762627262728091,0.42373727372719133,0.0012296115267668478,0.9987703884732334
79,39.63210702341137,0.5,0.4,0.05050505050505051,0.6060606060606061,0.5580879536525407,0.44191204634745956,0.0011657404338781497,0.9988342595661222
80,40.13377926421405,0.5,0.4,0.05050505050505051,0.6060606060606061,0.5407676317608481,0.45923236823915214,0.00110694986840064,0.9988930501315997
81,40.635451505016725,0.5,0.4,0.05050505050505051,0.6060606060606061,0.524375763718805,0.47562423628119527,0.001052718081392966,0.9989472819186075
82,41.137123745819395,0.5,0.4,0.05050505050505051,0.6060606060606061,0.5089641622198185,0.49103583778018184,0.0010025766180514917,0.998997423381949
83,41.63879598662207,0.5,0.4,0.05050505050505051,0.6060606060606061,0.4945634544454066,0.5054365455545937,0.0009561059883138888,0.9990438940116866
84,42.14046822742475,0.5,0.4,0.05050505050505051,0.6060606060606061,0.48118482295111065,0.5188151770488897,0.0009129314802774448,0.9990870685197231
85,42.642140468227424,0.5,0.4,0.05050505050505051,0.6060606060606061,0.468822211554185,0.5311777884458153,0.0008727191672990201,0.9991272808327016
86,43.1438127090301,0.5,0.4,0.05050505050505051,0.6060606060606061,0.4574549429011477,0.5425450570988525,0.0008351721049315526,0.9991648278950691
87,43.64548494983278,0.5,0.4,0.05050505050505051,0.6060606060606061,0.44705042862532773,0.5529495713746725,0.000800026724529666,0.9991999732754709
88,44.147157190635454,0.5,0.4,0.05050505050505051,0.6060606060606061,0.4375667710686282,0.562433228931372,0.0007670494414904618,0.9992329505585102
89,44.64882943143812,0.5,0.4,0.05050505050505051,0.6060606060606061,0.42895527761798913,0.5710447223820112,0.0007360335067410981,0.9992639664932595
90,45.1505016722408,0.5,0.4,0.05050505050505051,0.6060606060606061,0.42116268705388504,0.5788373129461153,0.0007067960895648947,0.9992932039104357
91,45.65217391304348,0.5,0.4,0.05050505050505051,0.6060606060606061,0.4141331108249417,0.5858668891750587,0.0006791755944359539,0.9993208244055648
92,46.15384615384615,0.5,0.4,0.05050505050505051,0.6060606060606061,0.40780966711622735,0.5921903328837731,0.0006530292233301855,0.9993469707766707
93,46.65551839464883,0.5,0.4,0.05050505050505051,0.6060606060606061,0.4021358032697351,0.5978641967302655,0.0006282307633729051,0.999371769236628
94,47.15719063545151,0.5,0.4,0.05050505050505051,0.6060606060606061,0.3970563326322346,0.6029436673677658,0.0006046685961577008,0.9993953314038433
95,47.65886287625418,0.5,0.4,0.05050505050505051,0.6060606060606061,0.3925181997977916,0.6074818002022089,0.0005822439187960607,0.999417756081205
96,48.16053511705685,0.5,0.4,0.05050505050505051,0.6060606060606061,0.38847104569898155,0.611528954301019,0.0005608691562855191,0.9994391308437156
97,48.66220735785953,0.5,0.4,0.05050505050505051,0.6060606060606061,0.3848675640039335,0.615132435996067,0.0005404665572639198,0.9994595334427372
98,49.163879598662206,0.5,0.4,0.05050505050505051,0.6060606060606061,0.3816637019563371,0.6183362980436635,0.0005209669565668332,0.9994790330434343
99,49.66555183946488,0.5,0.4,0.05050505050505051,0.6060606060606061,0.37881875391436176,0.6211812460856388,0.0005023086810124205,0.9994976913189888
100,50.16722408026756,0.5,0.4,0.05050505050505051,0.6060606060606061,0.3762953468562496,0.6237046531437509,0.0004844365953597311,0.9995155634046415
101,50.668896321070235,0.5,0.4,0.05050505050505051,0.6060606060606061,0.3740593534471941,0.6259406465528063,0.00046730127018847987,0.9995326987298129
102,51.17056856187291,0.5,0.4,0.05050505050505051,0.6060606060606061,0.3720797639786141,0.6279202360213865,0.00045085825179754245,0.9995491417482039
103,51.67224080267559,0.5,0.4,0.05050505050505051,0.6060606060606061,0.37032851964509156,0.629671480354909,0.000435067428325751,0.9995649325716758
104,52.17391304347826,0.5,0.4,0.05050505050505051,0.6060606060606061,0.3687803193169251,0.6312196806830754,0.0004198924834161365,0.9995801075165854
105,52.675585284280935,0.5,0.4,0.05050505050505051,0.6060606060606061,0.3674124221826892,0.6325875778173113,0.00040530041890678587,0.9995946995810949
106,53.17725752508361,0.5,0.4,0.05050505050505051,0.6060606060606061,0.36620444646071076,0.6337955535392898,0.0003912611398884058,0.9996087388601134
107,53.67892976588629,0.5,0.4,0.05050505050505051,0.6060606060606061,0.36513816705073404,0.6348618329492666,0.00037774709881726893,0.9996222529011846
108,54.180602006688964,0.5,0.4,0.05050505050505051,0.6060606060606061,0.36419731598784655,0.6358026840121541,0.00036473299525127624,0.9996352670047507
109,54.68227424749164,0.5,0.4,0.05050505050505051,0.6060606060606061,0.36336740896301495,0.6366325910369858,0.0003521954940532251,0.9996478045059488
110,55.18394648829432,0.5,0.4,0.05050505050505051,0.6060606060606061,0.36263556309916944,0.6373644369008312,0.00034011300842604254,0.9996598869915762
111,55.68561872909699,0.5,0.4,0.05050505050505051,0.6060606060606061,0.36199033900431504,0.6380096609956856,0.0003284654921232823,0.9996715345078792
112,56.187290969899664,0.5,0.4,0.05050505050505051,0.6060606060606061,0.3614215895029776,0.6385784104970231,0.0003172342720338422,0.9996827657279687
113,56.68896321070234,0.5,0.4,0.05050505050505051,0.6060606060606061,0.3609203243625048,0.6390796756374959,0.00030640189863555126,0.999693598101367
114,57.19063545150502,0.5,0.4,0.05050505050505051,0.6060606060606061,0.36047858598389715,0.6395214140161036,0.00029595201405873805,0.999704047985944
115,57.69230769230769,0.5,0.4,0.05050505050505051,0.6060606060606061,0.36008933674821414,0.6399106632517866,0.0002858692455300774,0.9997141307544729
116,58.19397993311037,0.5,0.4,0.05050505050505051,0.6060606060606061,0.3597463562627513,0.6402536437372495,0.0002761391030204531,0.9997238608969827
117,58.69565217391305,0.5,0.4,0.05050505050505051,0.6060606060606061,0.3594441504957733,0.6405558495042274,0.0002667478984578451,0.9997332521015455
118,59.197324414715716,0.5,0.4,0.05050505050505051,0.6060606060606061,0.3591778699067879,0.6408221300932129,0.00025768267121875876,0.9997423173287847
119,59.69899665551839,0.5,0.4,0.05050505050505051,0.6060606060606061,0.3589432348333061,0.6410567651666946,0.00024893112221533175,0.9997510688777884
120,60.20066889632107,0.5,0.4,0.05050505050505051,0.6060606060606061,0.3587364729389366,0.641263527061064,0.00024048156438898007,0.999759518435615
121,60.702341137123746,0.5,0.4,0.05050505050505051,0.6060606060606061,0.35855425606111657,0.6414457439388841,0.0002323228635651351,0.999767677136439
122,61.20401337792642,0.5,0.4,0.05050505050505051,0.6060606060606061,0.3583936527084533,0.6416063472915473,0.00022444440377086139,0.9997755555962334
123,61.7056856187291,0.5,0.4,0.05050505050505051,0.6060606060606061,0.35825207833691725,0.6417479216630834,0.00021683604304606493,0.9997831639569585
124,62.207357859531776,0.5,0.4,0.05050505050505051,0.6060606060606061,0.35812725813094426,0.6418727418690563,0.00020948808517083298,0.999790511914834
125,62.709030100334445,0.5,0.4,0.05050505050505051,0.6060606060606061,0.3580171869962883,0.6419828130037123,0.00020239124432364444,0.9997976087556815
126,63.21070234113712,0.5,0.4,0.05050505050505051,0.6060606060606061,0.3579201010949188,0.6420798989050819,0.00019553662304850228,0.9998044633769568
127,63.7123745819398,0.5,0.4,0.05050505050505051,0.6060606060606061,0.3578344459512322,0.6421655540487684,0.00018891568436975523,0.9998110843156359
128,64.21404682274247,0.5,0.4,0.05050505050505051,0.6060606060606061,0.3577588545010057,0.642241145498995,0.00018252023366769883,0.9998174797663383
129,64.71571906354515,0.5,0.4,0.05050505050505051,0.6060606060606061,0.3576921224387063,0.6423078775612944,0.00017634239652103428,0.9998236576034852
130,65.21739130434783,0.5,0.4,0.05050505050505051,0.6060606060606061,0.35763319096047963,0.642366809039521,0.00017037460354134916,0.9998296253964652
131,65.7190635451505,0.5,0.4,0.05050505050505051,0.6060606060606061,0.3575811273075008,0.6424188726924999,0.00016460957237397466,0.999835390427633
132,66.22073578595318,0.5,0.4,0.05050505050505051,0.6060606060606061,0.3575351115158328,0.6424648884841678,0.00015904029486016354,0.9998409597051472
133,66.72240802675586,0.5,0.4,0.05050505050505051,0.6060606060606061,0.3574944213755265,0.6425055786244741,0.00015366002230291094,0.9998463399777049
134,67.22408026755853,0.5,0.4,0.05050505050505051,0.6060606060606061,0.35745842199953265,0.642541578000468,0.00014846225432514604,0.999851537745683
135,67.72575250836121,0.5,0.4,0.05050505050505051,0.6060606060606061,0.35742655422825387,0.6425734457717468,0.00014344072656540576,0.9998565592734433
136,68.22742474916387,0.5,0.4,0.05050505050505051,0.6060606060606061,0.3573983268507467,0.642601673149254,0.00013858940121188077,0.9998614105987973
137,68.72909698996655,0.5,0.4,0.05050505050505051,0.6060606060606061,0.3573733067807262,0.6426266932192746,0.0001339024560098487,0.9998660975439999
138,69.23076923076923,0.5,0.4,0.05050505050505051,0.6060606060606061,0.357351113295627,0.6426488867043737,0.00012937427604143274,0.9998706257239689
139,69.7324414715719,0.5,0.4,0.05050505050505051,0.6060606060606061,0.35733141143793434,0.6426685885620664,0.00012499944493020733,0.9998750005550806
140,70.23411371237458,0.5,0.4,0.05050505050505051,0.6060606060606061,0.35731390752129577,0.642686092478705,0.00012077273751612695,0.9998792272624952
141,70.73578595317726,0.5,0.4,0.05050505050505051,0.6060606060606061,0.3572983418346779,0.6427016581653229,0.00011668911074168834,0.9998833108892703
142,71.23745819397993,0.5,0.4,0.05050505050505051,0.6060606060606061,0.3572844853391842,0.6427155146608167,0.00011274369701703104,0.9998872563029957
143,71.73913043478261,0.5,0.4,0.05050505050505051,0.6060606060606061,0.3572721378188662,0.6427278621811346,0.00010893179889346529,0.99989106820112
144,72.24080267558529,0.5,0.4,0.05050505050505051,0.6060606060606061,0.35726112183997705,0.6427388781600238,0.00010524888064356138,0.9998947511193705
145,72.74247491638796,0.5,0.4,0.05050505050505051,0.6060606060606061,0.3572512816143189,0.6427487183856819,0.00010169056344297893,0.999898309436572
146,73.24414715719064,0.5,0.4,0.05050505050505051,0.6060606060606061,0.35724248098139694,0.642757519018604,9.82526198950259e-05,0.9999017473801207
147,73.74581939799332,0.5,0.4,0.05050505050505051,0.6060606060606061,0.35723459873093866,0.6427654012690622,9.493096677032032e-05,0.9999050690332464
148,74.24749163879599,0.5,0.4,0.05050505050505051,0.6060606060606061,0.3572275294815034,0.6427724705184975,9.17216622219246e-05,0.9999082783377957
149,74.74916387959867,0.5,0.4,0.05050505050505051,0.6060606060606061,0.3572211789805948,0.6427788210194061,8.862089807938266e-05,0.9999113791019392
150,75.25083612040133,0.5,0.4,0.05050505050505051,0.6060606060606061,0.3572154652835727,0.6427845347164283,8.562499735850696e-05,0.9999143750026611
151,75.75250836120401,0.5,0.4,0.05050505050505051,0.6060606060606061,0.3572103156428506,0.6427896843571504,8.273040803709297e-05,0.9999172695919836
152,76.25418060200668,0.5,0.4,0.05050505050505051,0.6060606060606061,0.35720566622174393,0.6427943337782571,7.993369956262486e-05,0.9999200663004592
153,76.75585284280936,0.5,0.4,0.05050505050505051,0.6060606060606061,0.35720146097549255,0.6427985390245086,7.72315584227997e-05,0.9999227684416001
154,77.25752508361204,0.5,0.4,0.05050505050505051,0.6060606060606061,0.35719764927573006,0.6428023507242709,7.46207824921102e-05,0.9999253792175322
155,77.75919732441471,0.5,0.4,0.05050505050505051,0.6060606060606061,0.35719418785496304,0.642805812145038,7.209828022152822e-05,0.9999279017198041
156,78.26086956521739,0.5,0.4,0.05050505050505051,0.6060606060606061,0.35719103824671344,0.6428089617532876,6.966106460430386e-05,0.9999303389354227
157,78.76254180602007,0.5,0.4,0.05050505050505051,0.6060606060606061,0.35718816595356256,0.6428118340464384,6.730624931813963e-05,0.9999326937507104
158,79.26421404682274,0.5,0.4,0.05050505050505051,0.6060606060606061,0.3571855414234169,0.642814458576584,6.503104741419436e-05,0.9999349689526159
159,79.76588628762542,0.5,0.4,0.05050505050505051,0.6060606060606061,0.3571831379072725,0.6428168620927285,6.283276537293946e-05,0.9999371672346589
160,80.2675585284281,0.5,0.4,0.05050505050505051,0.6060606060606061,0.35718093178401233,0.6428190682159887,6.070880112372521e-05,0.9999392911989098
161,80.76923076923077,0.5,0.4,0.05050505050505051,0.6060606060606061,0.3571789026077709,0.64282109739223,5.865664163608242e-05,0.9999413433583993
162,81.27090301003345,0.5,0.4,0.05050505050505051,0.6060606060606061,0.3571770317015455,0.6428229682984555,5.667385789657743e-05,0.9999433261421408
163,81.77257525083613,0.5,0.4,0.05050505050505051,0.6060606060606061,0.3571753029299548,0.6428246970700462,5.475810396489419e-05,0.9999452418960745
164,82.27424749163879,0.5,0.4,0.05050505050505051,0.6060606060606061,0.3571737020667582,0.6428262979332428,5.290711333238853e-05,0.9999470928867091
165,82.77591973244147,0.5,0.4,0.05050505050505051,0.6060606060606061,0.35717221613476946,0.6428277838652317,5.1118694398681596e-05,0.9999488813056452
166,83.27759197324414,0.5,0.4,0.05050505050505051,0.6060606060606061,0.3571708343157891,0.642829165684212,4.9390735156165097e-05,0.9999506092648901
167,83.77926421404682,0.5,0.4,0.05050505050505051,0.6060606060606061,0.3571695462881589,0.6428304537118422,4.7721188059124215e-05,0.9999522788119897
168,84.2809364548495,0.5,0.4,0.05050505050505051,0.6060606060606061,0.35716834320911584,0.6428316567908854,4.61080784652788e-05,0.9999538919215861
169,84.78260869565217,0.5,0.4,0.05050505050505051,0.6060606060606061,0.35716721735333296,0.6428327826466682,4.4549497688206154e-05,0.9999554505023661
170,85.28428093645485,0.5,0.4,0.05050505050505051,0.6060606060606061,0.35716616152165265,0.6428338384783485,4.304360210703461e-05,0.9999569563979502
171,85.78595317725753,0.5,0.4,0.05050505050505051,0.6060606060606061,0.3571651692619914,0.6428348307380098,4.158861270056305e-05,0.9999584113873599
172,86.2876254180602,0.5,0.4,0.05050505050505051,0.6060606060606061,0.357164234987274,0.6428357650127272,4.0182802887078445e-05,0.9999598171971766
173,86.78929765886288,0.5,0.4,0.05050505050505051,0.6060606060606061,0.3571633538770532,0.642836646122948,3.8824509377412205e-05,0.9999611754906899
174,87.29096989966555,0.5,0.4,0.05050505050505051,0.6060606060606061,0.3571625218659869,0.6428374781340144,3.7512133446085903e-05,0.9999624878666249
175,87.79264214046823,0.5,0.4,0.05050505050505051,0.6060606060606061,0.3571617351705579,0.6428382648294434,3.624412631776637e-05,0.9999637558737571
176,88.29431438127091,0.5,0.4,0.05050505050505051,0.6060606060606061,0.3571609897654906,0.6428390102345106,3.501897611747442e-05,0.9999649810239615
177,88.79598662207358,0.5,0.4,0.05050505050505051,0.6060606060606061,0.35716028259094584,0.6428397174090554,3.3835237958705146e-05,0.9999661647621246
178,89.29765886287625,0.5,0.4,0.05050505050505051,0.6060606060606061,0.35715961105174615,0.6428403889482551,3.269152100609013e-05,0.9999673084790819
179,89.79933110367892,0.5,0.4,0.05050505050505051,0.6060606060606061,0.3571589722742356,0.6428410277257657,3.158646366437411e-05,0.9999684135364284
180,90.3010033444816,0.5,0.4,0.05050505050505051,0.6060606060606061,0.3571583637827651,0.6428416362172362,3.0518756262394716e-05,0.9999694812438356
181,90.80267558528428,0.5,0.4,0.05050505050505051,0.6060606060606061,0.35715778354972544,0.642842216450276,2.94871427307977e-05,0.9999705128573726
182,91.30434782608695,0.5,0.4,0.05050505050505051,0.6060606060606061,0.3571572292411439,0.6428427707588574,2.8490319130223194e-05,0.9999715096809788
183,91.80602006688963,0.5,0.4,0.05050505050505051,0.6060606060606061,0.35715670035182423,0.6428432996481771,2.7527343478762684e-05,0.9999724726566364
184,92.3076923076923,0.5,0.4,0.05050505050505051,0.6060606060606061,0.3571561942103181,0.6428438057896831,2.6596858725477076e-05,0.9999734031413959
185,92.80936454849498,0.5,0.4,0.05050505050505051,0.6060606060606061,0.3571557098298475,0.6428442901701538,2.5697824178873743e-05,0.9999743021759493
186,93.31103678929766,0.5,0.4,0.05050505050505051,0.6060606060606061,0.357155245949842,0.6428447540501593,2.4829220022683455e-05,0.9999751707801126
187,93.81270903010034,0.5,0.4,0.05050505050505051,0.6060606060606061,0.3571548013962627,0.6428451986037386,2.3990019843057233e-05,0.9999760099802997
188,94.31438127090301,0.5,0.4,0.05050505050505051,0.6060606060606061,0.3571543750511909,0.6428456249488104,2.3179192947296317e-05,0.9999768208072033
189,94.81605351170569,0.5,0.4,0.05050505050505051,0.6060606060606061,0.3571539658095752,0.6428460341904262,2.239571611016076e-05,0.9999776042840487
190,95.31772575250837,0.5,0.4,0.05050505050505051,0.6060606060606061,0.35715357288334304,0.6428464271166583,2.1638750059066396e-05,0.9999783612501085
191,95.81939799331104,0.5,0.4,0.05050505050505051,0.6060606060606061,0.35715319544082347,0.6428468045591779,2.090743021987338e-05,0.999979092569957
192,96.3210702341137,0.5,0.4,0.05050505050505051,0.6060606060606061,0.3571528325539397,0.6428471674460617,2.0200836071169545e-05,0.9999797991641155
193,96.82274247491638,0.5,0.4,0.05050505050505051,0.6060606060606061,0.35715248329964616,0.6428475167003552,1.951804920284608e-05,0.9999804819509941
194,97.32441471571906,0.5,0.4,0.05050505050505051,0.6060606060606061,0.35715214718780436,0.642847852812197,1.885833286945021e-05,0.9999811416673384
195,97.82608695652173,0.5,0.4,0.05050505050505051,0.6060606060606061,0.3571518237792381,0.6428481762207633,1.822097171125562e-05,0.999981779028508
196,98.32775919732441,0.5,0.4,0.05050505050505051,0.6060606060606061,0.3571515124380251,0.6428484875619763,1.7605167806220398e-05,0.9999823948324252
197,98.82943143812709,0.5,0.4,0.05050505050505051,0.6060606060606061,0.35715120689134866,0.6428487931086527,1.7002056154969154e-05,0.9999829979440897
198,99.33110367892976,0.5,0.4,0.05050505050505051,0.6060606060606061,0.35715092115027475,0.6428490788497266,1.643166483637586e-05,0.9999835683354216
199,99.83277591973244,0.5,0.4,0.05050505050505051,0.6060606060606061,0.3571506445250938,0.6428493554749076,1.5878599448598205e-05,0.9999841214008234
200,100.33444816053512,0.5,0.4,0.05050505050505051,0.6060606060606061,0.3571503770158058,0.6428496229841956,1.5342859991636192e-05,0.9999846571402954
201,100.8361204013378,0.5,0.4,0.05050505050505051,0.6060606060606061,0.35715011862241086,0.6428498813775906,1.4824446465489825e-05,0.9999851755538374
202,101.33779264214047,0.5,0.4,0.05050505050505051,0.6060606060606061,0.3571498691043285,0.6428501308956728,1.4322940455132984e-05,0.9999856770598644
203,101.83946488294315,0.5,0.4,0.05050505050505051,0.6060606060606061,0.3571496280867036,0.6428503719132977,1.3837690015935093e-05,0.9999861623103214
204,102.34113712374582,0.5,0.4,0.05050505050505051,0.6060606060606061,0.357149395565153,0.6428506044348483,1.3368687524819192e-05,0.9999866313128313
205,102.8428093645485,0.5,0.4,0.05050505050505051,0.6060606060606061,0.3571491715396768,0.6428508284603245,1.2915932981785285e-05,0.999987084067394
206,103.34448160535118,0.5,0.4,0.05050505050505051,0.6060606060606061,0.35714895582386585,0.6428510441761356,1.2479118552573327e-05,0.9999875208818441
207,103.84615384615384,0.5,0.4,0.05050505050505051,0.6060606060606061,0.35714874738879393,0.6428512526112075,1.2056545077453332e-05,0.9999879434553411
208,104.34782608695652,0.5,0.4,0.05050505050505051,0.6060606060606061,0.35714854607707647,0.642851453922925,1.1647952652862904e-05,0.999988352047789
209,104.84949832775919,0.5,0.4,0.05050505050505051,0.6060606060606061,0.3571483518887134,0.6428516481112879,1.1253341278802057e-05,0.9999887466591876
210,105.35117056856187,0.5,0.4,0.05050505050505051,0.6060606060606061,0.35714816796711835,0.6428518320328831,1.087822692047407e-05,0.9999891217735707
211,105.85284280936455,0.5,0.4,0.05050505050505051,0.6060606060606061,0.35714798552590427,0.6428520144740971,1.0507191496632197e-05,0.9999894928090224
212,106.35451505016722,0.5,0.4,0.05050505050505051,0.6060606060606061,0.35714780991080036,0.642852190089201,1.014961552823093e-05,0.9999898503850199
213,106.8561872909699,0.5,0.4,0.05050505050505051,0.6060606060606061,0.3571476408658292,0.6428523591341722,9.805049833951514e-06,0.9999901949507447
214,107.35785953177258,0.5,0.4,0.05050505050505051,0.6060606060606061,0.3571474781350133,0.6428525218649881,9.473045232475191e-06,0.9999905269553783
215,107.85953177257525,0.5,0.4,0.05050505050505051,0.6060606060606061,0.35714732143086725,0.6428526785691342,9.153069816058256e-06,0.9999908469308284
216,108.36120401337793,0.5,0.4,0.05050505050505051,0.6060606060606061,0.3571471704212194,0.642852829578782,8.84447435127549e-06,0.9999911555263288
217,108.8628762541806,0.5,0.4,0.05050505050505051,0.6060606060606061,0.35714702482704314,0.6428529751729583,8.546749139710795e-06,0.9999914532515778
218,109.36454849498328,0.5,0.4,0.05050505050505051,0.6060606060606061,0.35714688437110986,0.6428531156288915,8.259389203746189e-06,0.9999917406115534
219,109.86622073578596,0.5,0.4,0.05050505050505051,0.6060606060606061,0.35714674877619096,0.6428532512238104,7.981889565763682e-06,0.9999920181112332
220,110.36789297658864,0.5,0.4,0.05050505050505051,0.6060606060606061,0.3571466177650577,0.6428533822349437,7.713745248145292e-06,0.999992286255595
221,110.8695652173913,0.5,0.4,0.05050505050505051,0.6060606060606061,0.3571464910604815,0.6428535089395199,7.454451273273041e-06,0.9999925455496164
222,111.37123745819397,0.5,0.4,0.05050505050505051,0.6060606060606061,0.3571463683852338,0.6428536316147676,7.2035026635289295e-06,0.9999927964982752
223,111.87290969899665,0.5,0.4,0.05050505050505051,0.6060606060606061,0.3571462494649099,0.6428537505350914,6.960399092834281e-06,0.9999930396018977
224,112.37458193979933,0.5,0.4,0.05050505050505051,0.6060606060606061,0.3571461343915734,0.6428538656084279,6.725243837386566e-06,0.9999932747572078
225,112.876254180602,0.5,0.4,0.05050505050505051,0.6060606060606061,0.3571460232391518,0.6428539767608495,6.49811030244724e-06,0.9999935018908006
226,113.37792642140468,0.5,0.4,0.05050505050505051,0.6060606060606061,0.3571459158631294,0.642854084136872,6.278712099238702e-06,0.9999937212890648
227,113.87959866220736,0.5,0.4,0.05050505050505051,0.6060606060606061,0.3571458121189904,0.6428541878810109,6.066762838983351e-06,0.9999939332383896
228,114.38127090301003,0.5,0.4,0.05050505050505051,0.6060606060606061,0.35714571186221905,0.6428542881377822,5.861976132903588e-06,0.9999941380251638
229,114.88294314381271,0.5,0.4,0.05050505050505051,0.6060606060606061,0.35714561494829966,0.6428543850517017,5.664065592221811e-06,0.9999943359357764
230,115.38461538461539,0.5,0.4,0.05050505050505051,0.6060606060606061,0.3571455212327164,0.642854478767285,5.472744828160419e-06,0.9999945272566162
231,115.88628762541806,0.5,0.4,0.05050505050505051,0.6060606060606061,0.35714543057095355,0.6428545694290478,5.287727451941813e-06,0.9999947122740723
232,116.38795986622074,0.5,0.4,0.05050505050505051,0.6060606060606061,0.35714534283769167,0.6428546571623095,5.108756023258126e-06,0.9999948912455852
233,116.88963210702342,0.5,0.4,0.05050505050505051,0.6060606060606061,0.3571452580873372,0.642854741912664,4.9358441301460065e-06,0.9999950641575671
234,117.3913043478261,0.5,0.4,0.05050505050505051,0.6060606060606061,0.3571451762714635,0.6428548237285377,4.768850287566156e-06,0.9999952311515036
235,117.89297658862876,0.5,0.4,0.05050505050505051,0.6060606060606061,0.3571450973002268,0.6428549026997744,4.607570552668821e-06,0.9999953924313377
236,118.39464882943143,0.5,0.4,0.05050505050505051,0.6060606060606061,0.35714502108378327,0.642854978916218,4.451800982604236e-06,0.9999955482010127
237,118.89632107023411,0.5,0.4,0.05050505050505051,0.6060606060606061,0.357144947532289,0.6428550524677122,4.30133763452265e-06,0.9999956986644714
238,119.39799331103679,0.5,0.4,0.05050505050505051,0.6060606060606061,0.35714487655590016,0.642855123444101,4.155976565574306e-06,0.999995844025657
239,119.89966555183946,0.5,0.4,0.05050505050505051,0.6060606060606061,0.357144808064773,0.6428551919352282,4.015513832909448e-06,0.9999959844885127
240,120.40133779264214,0.5,0.4,0.05050505050505051,0.6060606060606061,0.35714474196906365,0.6428552580309376,3.87974549367832e-06,0.9999961202569815
241,120.90301003344482,0.5,0.4,0.05050505050505051,0.6060606060606061,0.3571446781886412,0.6428553218113601,3.7485164674068213e-06,0.9999962514861442
242,121.40468227424749,0.5,0.4,0.05050505050505051,0.6060606060606061,0.3571446166667074,0.6428553833332938,3.6217890521395655e-06,0.9999963782137038
243,121.90635451505017,0.5,0.4,0.05050505050505051,0.6060606060606061,0.35714455732401235,0.6428554426759888,3.4994125998782516e-06,0.9999965005903086
244,122.40802675585284,0.5,0.4,0.05050505050505051,0.6060606060606061,0.35714450007953913,0.6428554999204621,3.3812275722476737e-06,0.9999966187754974
245,122.90969899665552,0.5,0.4,0.05050505050505051,0.6060606060606061,0.3571444448522706,0.6428555551477306,3.2670744308726237e-06,0.9999967329288089
246,123.4113712374582,0.5,0.4,0.05050505050505051,0.6060606060606061,0.3571443915611897,0.6428556084388115,3.1567936373778962e-06,0.999996843209782
247,123.91304347826087,0.5,0.4,0.05050505050505051,0.6060606060606061,0.3571443401252794,0.6428556598747218,3.050225653388284e-06,0.9999969497779554
248,124.41471571906355,0.5,0.4,0.05050505050505051,0.6060606060606061,0.35714429046352264,0.6428557095364786,2.9472109405285797e-06,0.9999970527928678
249,124.91638795986621,0.5,0.4,0.05050505050505051,0.6060606060606061,0.35714424249490234,0.6428557575050989,2.84758996042358e-06,0.9999971524140581
250,125.41806020066889,0.5,0.4,0.05050505050505051,0.6060606060606061,0.35714419619307713,0.6428558038069241,2.7513348934410294e-06,0.9999972486693471
251,125.91973244147157,0.5,0.4,0.05050505050505051,0.6060606060606061,0.3571441515442167,0.6428558484557845,2.658448060337518e-06,0.9999973415564156
252,126.42140468227424,0.5,0.4,0.05050505050505051,0.6060606060606061,0.3571441084829936,0.6428558915170075,2.5688077206382875e-06,0.9999974311970047
253,126.92307692307692,0.5,0.4,0.05050505050505051,0.6060606060606061,0.3571440669440756,0.6428559330559256,2.4822921217248074e-06,0.9999975177128676
254,127.4247491638796,0.5,0.4,0.05050505050505051,0.6060606060606061,0.35714402686213004,0.6428559731378711,2.3987795109785486e-06,0.9999976012257576
255,127.92642140468227,0.5,0.4,0.05050505050505051,0.6060606060606061,0.35714398817182463,0.6428560118281765,2.318148135780982e-06,0.9999976818574281
256,128.42809364548495,0.5,0.4,0.05050505050505051,0.6060606060606061,0.357143950807827,0.6428560491921742,2.2402762435135763e-06,0.9999977597296321
257,128.9297658862876,0.5,0.4,0.05050505050505051,0.6060606060606061,0.35714391470480467,0.6428560852951966,2.1650420815578056e-06,0.999997834964123
258,129.4314381270903,0.5,0.4,0.05050505050505051,0.6060606060606061,0.3571438797974252,0.642856120202576,2.0923238972951334e-06,0.9999979076826541
259,129.93311036789297,0.5,0.4,0.05050505050505051,0.6060606060606061,0.3571438460203562,0.642856153979645,2.021999938107038e-06,0.9999979780069786
260,130.43478260869566,0.5,0.4,0.05050505050505051,0.6060606060606061,0.3571438133082652,0.6428561866917359,1.953948451374982e-06,0.9999980460588498
261,130.93645484949832,0.5,0.4,0.05050505050505051,0.6060606060606061,0.35714378159581994,0.6428562184041813,1.8880476844804436e-06,0.999998111960021
262,131.438127090301,0.5,0.4,0.05050505050505051,0.6060606060606061,0.35714375081768784,0.6428562491823133,1.8241758848048855e-06,0.9999981758322454
263,131.93979933110367,0.5,0.4,0.05050505050505051,0.6060606060606061,0.3571437209251233,0.6428562790748779,1.762243311349435e-06,0.9999982377652652
264,132.44147157190636,0.5,0.4,0.05050505050505051,0.6060606060606061,0.3571436919946443,0.6428563080053569,1.702401975547656e-06,0.9999982976070733
265,132.94314381270902,0.5,0.4,0.05050505050505051,0.6060606060606061,0.35714366401420805,0.6428563359857932,1.644632971227515e-06,0.9999983553765781
266,133.44481605351172,0.5,0.4,0.05050505050505051,0.6060606060606061,0.3571436369442689,0.6428563630557322,1.5888643130273714e-06,0.9999984111457663
267,133.94648829431438,0.5,0.4,0.05050505050505051,0.6060606060606061,0.35714361074528145,0.6428563892547197,1.535024015585598e-06,0.9999984649866246
268,134.44816053511707,0.5,0.4,0.05050505050505051,0.6060606060606061,0.3571435853776999,0.6428564146223013,1.4830400935405545e-06,0.9999985169711397
269,134.94983277591973,0.5,0.4,0.05050505050505051,0.6060606060606061,0.3571435608019788,0.6428564391980224,1.4328405615306136e-06,0.9999985671712984
270,135.45150501672242,0.5,0.4,0.05050505050505051,0.6060606060606061,0.3571435369785724,0.6428564630214287,1.3843534341941356e-06,0.9999986156590873
271,135.95317725752508,0.5,0.4,0.05050505050505051,0.6060606060606061,0.3571435138679352,0.642856486132066,1.337506726169492e-06,0.9999986625064932
272,136.45484949832775,0.5,0.4,0.05050505050505051,0.6060606060606061,0.3571434914305215,0.6428565085694796,1.2922284520950468e-06,0.9999987077855027
273,136.95652173913044,0.5,0.4,0.05050505050505051,0.6060606060606061,0.35714346962678584,0.6428565303732153,1.2484466266091634e-06,0.9999987515681026
274,137.4581939799331,0.5,0.4,0.05050505050505051,0.6060606060606061,0.3571434484171825,0.6428565515828187,1.2060892643502132e-06,0.9999987939262797
275,137.9598662207358,0.5,0.4,0.05050505050505051,0.6060606060606061,0.3571434277621659,0.6428565722378353,1.1650843799565575e-06,0.9999988349320205
276,138.46153846153845,0.5,0.4,0.05050505050505051,0.6060606060606061,0.35714340762219043,0.6428565923778107,1.1253599880665672e-06,0.9999988746573117
277,138.96321070234114,0.5,0.4,0.05050505050505051,0.6060606060606061,0.35714338806069085,0.6428566119393103,1.086920347776207e-06,0.9999989130979
278,139.4648829431438,0.5,0.4,0.05050505050505051,0.6060606060606061,0.3571433692262439,0.6428566307737573,1.0498327556392848e-06,0.9999989501864979
279,139.9665551839465,0.5,0.4,0.05050505050505051,0.6060606060606061,0.3571433511197457,0.6428566488802554,1.0140551685269876e-06,0.9999989859651512
280,140.46822742474916,0.5,0.4,0.05050505050505051,0.6060606060606061,0.3571433337399731,0.642856666260028,9.795439741481805e-07,0.9999990204774756
281,140.96989966555185,0.5,0.4,0.05050505050505051,0.6060606060606061,0.3571433170857028,0.6428566829142983,9.462555602117215e-07,0.999999053767086
282,141.4715719063545,0.5,0.4,0.05050505050505051,0.6060606060606061,0.3571433011557115,0.6428566988442896,9.141463144264758e-07,0.9999990858775976
283,141.9732441471572,0.5,0.4,0.05050505050505051,0.6060606060606061,0.35714328594877603,0.6428567140512251,8.831726245013015e-07,0.9999991168526258
284,142.47491638795987,0.5,0.4,0.05050505050505051,0.6060606060606061,0.35714327146367314,0.642856728536328,8.532908781450635e-07,0.9999991467357856
285,142.97658862876253,0.5,0.4,0.05050505050505051,0.6060606060606061,0.3571432576991795,0.6428567423008217,8.244574630666218e-07,0.9999991755706923
286,143.47826086956522,0.5,0.4,0.05050505050505051,0.6060606060606061,0.3571432446540719,0.6428567553459293,7.966287669748363e-07,0.9999992034009613
287,143.97993311036788,0.5,0.4,0.05050505050505051,0.6060606060606061,0.3571432323271271,0.6428567676728741,7.697611775785718e-07,0.9999992302702074
288,144.48160535117057,0.5,0.4,0.05050505050505051,0.6060606060606061,0.3571432207171218,0.6428567792828793,7.438110825866869e-07,0.9999992562220462
289,144.98327759197323,0.5,0.4,0.05050505050505051,0.6060606060606061,0.3571432098228328,0.6428567901771683,7.18734869708046e-07,0.9999992813000929
290,145.48494983277592,0.5,0.4,0.05050505050505051,0.6060606060606061,0.3571431996161564,0.6428568003838447,6.944900365850986e-07,0.9999993055468529
291,145.9866220735786,0.5,0.4,0.05050505050505051,0.6060606060606061,0.35714318961494734,0.6428568103850539,6.71052828920565e-07,0.9999993289860913
292,146.48829431438128,0.5,0.4,0.05050505050505051,0.6060606060606061,0.35714317940649076,0.6428568205935105,6.483966255250232e-07,0.9999993516444388
293,146.98996655518394,0.5,0.4,0.05050505050505051,0.6060606060606061,0.3571431686839032,0.642856831316098,6.264904352797327e-07,0.9999993735528943
294,147.49163879598663,0.5,0.4,0.05050505050505051,0.6060606060606061,0.35714315756954745,0.6428568424304537,6.053116706668765e-07,0.9999993947340519
295,147.9933110367893,0.5,0.4,0.05050505050505051,0.6060606060606061,0.3571431466424769,0.6428568533575243,5.848466850566663e-07,0.9999994152015635
296,148.49498327759198,0.5,0.4,0.05050505050505051,0.6060606060606061,0.3571431361016683,0.6428568638983329,5.650743908459323e-07,0.9999994349765233
297,148.99665551839465,0.5,0.4,0.05050505050505051,0.6060606060606061,0.3571431261000861,0.6428568738999152,5.459732467413327e-07,0.9999994540804794
298,149.49832775919734,0.5,0.4,0.05050505050505051,0.6060606060606061,0.35714311654078695,0.6428568834592143,5.275193868091361e-07,0.999999472537307
299,150.0,0.5,0.4,0.05050505050505051,0.6060606060606061,0.35714310742925925,0.642856892570742,5.096898979327707e-07,0.9999994903699277
