,time,sigma,beta,omega,alpha,S,I,C,D
0,0.0,0.95,45.5,0.686868686868687,1.6565656565656568,0.9998,0.0002,0.5,0.5
1,0.5016722408026756,0.95,45.5,0.686868686868687,1.6565656565656568,0.009032308359142954,0.9909676916408577,0.47858900775164465,0.5214109922483552
2,1.0033444816053512,0.95,45.5,0.686868686868687,1.6565656565656568,0.005154957883106233,0.994845042116895,0.4971694950048073,0.5028305049951931
3,1.5050167224080266,0.95,45.5,0.686868686868687,1.6565656565656568,0.005251587107624333,0.9947484128923768,0.5157655607851805,0.4842344392148198
4,2.0066889632107023,0.95,45.5,0.686868686868687,1.6565656565656568,0.005349795449913312,0.9946502045500879,0.5343140910226034,0.4656859089773968
5,2.508361204013378,0.95,45.5,0.686868686868687,1.6565656565656568,0.005449324363075835,0.9945506756369253,0.5527642010846066,0.4472357989153938
6,3.0100334448160533,0.95,45.5,0.686868686868687,1.6565656565656568,0.00554990390351923,0.994450096096482,0.5710660909434813,0.42893390905651896
7,3.511705685618729,0.95,45.5,0.686868686868687,1.6565656565656568,0.005651252427411584,0.9943487475725897,0.5891716264188442,0.41082837358115565
8,4.013377926421405,0.95,45.5,0.686868686868687,1.6565656565656568,0.005753080722801822,0.9942469192771994,0.6070347632910778,0.3929652367089219
9,4.51505016722408,0.95,45.5,0.686868686868687,1.6565656565656568,0.005855094501630029,0.9941449054983712,0.6246121189802913,0.3753878810197084
10,5.016722408026756,0.95,45.5,0.686868686868687,1.6565656565656568,0.005956998529037614,0.9940430014709636,0.6418632329418352,0.3581367670581645
11,5.518394648829432,0.95,45.5,0.686868686868687,1.6565656565656568,0.006058498625891674,0.9939415013741095,0.6587509081286623,0.3412490918713373
12,6.020066889632107,0.95,45.5,0.686868686868687,1.6565656565656568,0.006159306220890907,0.9938406937791103,0.675241484320493,0.3247585156795065
13,6.521739130434782,0.95,45.5,0.686868686868687,1.6565656565656568,0.006259142209829131,0.9937408577901721,0.6913050418308525,0.30869495816914705
14,7.023411371237458,0.95,45.5,0.686868686868687,1.6565656565656568,0.006357738446588452,0.9936422615534127,0.7069155042691515,0.29308449573084805
15,7.525083612040134,0.95,45.5,0.686868686868687,1.6565656565656568,0.006454841557947299,0.9935451584420539,0.7220506886905459,0.27794931130945366
16,8.02675585284281,0.95,45.5,0.686868686868687,1.6565656565656568,0.006550215105516568,0.9934497848944847,0.7366922868158823,0.2633077131841173
17,8.528428093645484,0.95,45.5,0.686868686868687,1.6565656565656568,0.006643640512546764,0.9933563594874544,0.7508258334785287,0.24917416652147084
18,9.03010033444816,0.95,45.5,0.686868686868687,1.6565656565656568,0.0067349210282879966,0.9932650789717132,0.7644405473800612,0.23555945261993855
19,9.531772575250836,0.95,45.5,0.686868686868687,1.6565656565656568,0.006823881640235077,0.993176118359766,0.7775291957708336,0.22247080422916632
20,10.033444816053512,0.95,45.5,0.686868686868687,1.6565656565656568,0.006910367520656749,0.9930896324793443,0.7900878685097278,0.20991213149027207
21,10.535117056856187,0.95,45.5,0.686868686868687,1.6565656565656568,0.006994247907401894,0.9930057520925992,0.8021157736914462,0.1978842263085538
22,11.036789297658864,0.95,45.5,0.686868686868687,1.6565656565656568,0.0070754146258327185,0.9929245853741684,0.81361498298112,0.18638501701888005
23,11.538461538461538,0.95,45.5,0.686868686868687,1.6565656565656568,0.0071537812056056095,0.9928462187943954,0.8245901805504638,0.1754098194495365
24,12.040133779264213,0.95,45.5,0.686868686868687,1.6565656565656568,0.007229282854392814,0.9927707171456083,0.8350483859627529,0.16495161403724756
25,12.54180602006689,0.95,45.5,0.686868686868687,1.6565656565656568,0.007301875150286747,0.9926981248497143,0.8449986538441691,0.15500134615583128
26,13.043478260869565,0.95,45.5,0.686868686868687,1.6565656565656568,0.007371532928911266,0.9926284670710899,0.854451835567343,0.145548164432657
27,13.545150501672241,0.95,45.5,0.686868686868687,1.6565656565656568,0.0074382490468861175,0.992561750953115,0.8634203317932031,0.1365796682067969
28,14.046822742474916,0.95,45.5,0.686868686868687,1.6565656565656568,0.007502032885909523,0.9924979671140916,0.8719178275221343,0.1280821724778657
29,14.548494983277592,0.95,45.5,0.686868686868687,1.6565656565656568,0.007562908827331127,0.9924370911726699,0.8799590495661196,0.12004095043388047
30,15.050167224080267,0.95,45.5,0.686868686868687,1.6565656565656568,0.0076209146317891135,0.992379085368212,0.8875595458058272,0.11244045419417285
31,15.551839464882944,0.95,45.5,0.686868686868687,1.6565656565656568,0.007676099850581571,0.9923239001494195,0.8947354877844947,0.10526451221550515
32,16.05351170568562,0.95,45.5,0.686868686868687,1.6565656565656568,0.007728524279755635,0.9922714757202454,0.9015034872044897,0.09849651279551011
33,16.555183946488295,0.95,45.5,0.686868686868687,1.6565656565656568,0.007778256460884811,0.9922217435391162,0.9078804268965001,0.09211957310349976
34,17.05685618729097,0.95,45.5,0.686868686868687,1.6565656565656568,0.007825372309376502,0.9921746276906244,0.913883309772598,0.08611669022740184
35,17.558528428093645,0.95,45.5,0.686868686868687,1.6565656565656568,0.007869953610829726,0.9921300463891712,0.9195291271223566,0.08047087287764323
36,18.06020066889632,0.95,45.5,0.686868686868687,1.6565656565656568,0.007912086998561876,0.9920879130014391,0.9248347447664386,0.07516525523356118
37,18.561872909698998,0.95,45.5,0.686868686868687,1.6565656565656568,0.007951862310595404,0.9920481376894056,0.9298168048484491,0.07018319515155057
38,19.06354515050167,0.95,45.5,0.686868686868687,1.6565656565656568,0.007989372373069,0.9920106276269319,0.934491641909212,0.06550835809078775
39,19.565217391304348,0.95,45.5,0.686868686868687,1.6565656565656568,0.008024710957528915,0.991975289042472,0.9388752135914452,0.061124786408554586
40,20.066889632107024,0.95,45.5,0.686868686868687,1.6565656565656568,0.008057972857193955,0.991942027142807,0.9429830433355836,0.05701695666441612
41,20.568561872909697,0.95,45.5,0.686868686868687,1.6565656565656568,0.008089252800321628,0.9919107471996792,0.9468301740516432,0.0531698259483565
42,21.070234113712374,0.95,45.5,0.686868686868687,1.6565656565656568,0.008118644645944351,0.9918813553540565,0.9504311325947203,0.049568867405279445
43,21.57190635451505,0.95,45.5,0.686868686868687,1.6565656565656568,0.008146241169290242,0.9918537588307107,0.9537999042437929,0.04620009575620685
44,22.073578595317727,0.95,45.5,0.686868686868687,1.6565656565656568,0.008172133172821252,0.9918278668271796,0.9569499155251531,0.043050084474846706
45,22.5752508361204,0.95,45.5,0.686868686868687,1.6565656565656568,0.008196409483514763,0.9918035905164861,0.9598940221427019,0.0401059778572978
46,23.076923076923077,0.95,45.5,0.686868686868687,1.6565656565656568,0.008219156624022284,0.9917808433759786,0.962644505558613,0.03735549444138661
47,23.578595317725753,0.95,45.5,0.686868686868687,1.6565656565656568,0.008240457977813684,0.9917595420221873,0.9652130733893587,0.03478692661064105
48,24.080267558528426,0.95,45.5,0.686868686868687,1.6565656565656568,0.008260394648571562,0.9917396053514295,0.9676108619940408,0.032389138005958884
49,24.581939799331103,0.95,45.5,0.686868686868687,1.6565656565656568,0.008279044213461073,0.99172095578654,0.9698484477793977,0.030151552220602017
50,25.08361204013378,0.95,45.5,0.686868686868687,1.6565656565656568,0.008296481241634051,0.991703518758367,0.9719358545319747,0.028064145468025006
51,25.585284280936456,0.95,45.5,0.686868686868687,1.6565656565656568,0.008312777258392039,0.991687222741609,0.9738825696443775,0.02611743035562218
52,26.08695652173913,0.95,45.5,0.686868686868687,1.6565656565656568,0.008328000454238602,0.9916719995457624,0.9756975627745087,0.024302437225491184
53,26.588628762541806,0.95,45.5,0.686868686868687,1.6565656565656568,0.00834221580220704,0.9916577841977939,0.9773893033955048,0.022610696604495453
54,27.090301003344482,0.95,45.5,0.686868686868687,1.6565656565656568,0.008355485116959983,0.991644514883041,0.9789657664859782,0.021034233514022324
55,27.59197324414716,0.95,45.5,0.686868686868687,1.6565656565656568,0.008367867074967499,0.9916321329250335,0.9804344727424721,0.01956552725752873
56,28.093645484949832,0.95,45.5,0.686868686868687,1.6565656565656568,0.008379417242124283,0.9916205827578768,0.9818024976676082,0.018197502332392604
57,28.59531772575251,0.95,45.5,0.686868686868687,1.6565656565656568,0.00839018829441745,0.9916098117055836,0.9830764907668331,0.0169235092331677
58,29.096989966555185,0.95,45.5,0.686868686868687,1.6565656565656568,0.008400230083389134,0.9915997699166119,0.9842626959306854,0.015737304069315457
59,29.598662207357858,0.95,45.5,0.686868686868687,1.6565656565656568,0.008409589533285732,0.9915904104667154,0.9853669724785763,0.014633027521424551
60,30.100334448160535,0.95,45.5,0.686868686868687,1.6565656565656568,0.008418310774533196,0.991581689225468,0.986394815166743,0.013605184833258023
61,30.60200668896321,0.95,45.5,0.686868686868687,1.6565656565656568,0.008426435430058218,0.991573564569943,0.9873513642356267,0.01264863576437438
62,31.103678929765888,0.95,45.5,0.686868686868687,1.6565656565656568,0.008434002847392413,0.9915659971526087,0.988241442675422,0.011758557324578976
63,31.60535117056856,0.95,45.5,0.686868686868687,1.6565656565656568,0.008441049866549219,0.991558950133452,0.9890695629049447,0.01093043709505615
64,32.10702341137124,0.95,45.5,0.686868686868687,1.6565656565656568,0.008447611076676232,0.991552388923325,0.9898399495411017,0.010160050458898836
65,32.608695652173914,0.95,45.5,0.686868686868687,1.6565656565656568,0.008453718852981051,0.9915462811470201,0.9905565506241822,0.009443449375817857
66,33.11036789297659,0.95,45.5,0.686868686868687,1.6565656565656568,0.00845940371764944,0.9915405962823517,0.9912230507201697,0.008776949279830113
67,33.61204013377927,0.95,45.5,0.686868686868687,1.6565656565656568,0.00846469418365597,0.9915353058163453,0.9918428921051929,0.008157107894806795
68,34.11371237458194,0.95,45.5,0.686868686868687,1.6565656565656568,0.008469616947215075,0.9915303830527861,0.9924192869741215,0.007580713025878375
69,34.61538461538461,0.95,45.5,0.686868686868687,1.6565656565656568,0.008474196849159637,0.9915258031508415,0.9929552355221675,0.007044764477832546
70,35.11705685618729,0.95,45.5,0.686868686868687,1.6565656565656568,0.008478457333741578,0.9915215426662596,0.9934535362834334,0.006546463716566794
71,35.618729096989966,0.95,45.5,0.686868686868687,1.6565656565656568,0.008482420530443928,0.9915175794695572,0.9939168015205648,0.006083198479435354
72,36.12040133779264,0.95,45.5,0.686868686868687,1.6565656565656568,0.008486106386168419,0.9915138936138327,0.9943474648835143,0.005652535116485759
73,36.62207357859532,0.95,45.5,0.686868686868687,1.6565656565656568,0.008489533503804452,0.9915104664961967,0.9947477982423673,0.005252201757632725
74,37.123745819397996,0.95,45.5,0.686868686868687,1.6565656565656568,0.008492721019703404,0.9915072789802978,0.9951199145381583,0.004880085461841462
75,37.625418060200666,0.95,45.5,0.686868686868687,1.6565656565656568,0.008495686117646279,0.9915043138823548,0.9954657855506883,0.00453421444931112
76,38.12709030100334,0.95,45.5,0.686868686868687,1.6565656565656568,0.008498441719192734,0.9915015582808083,0.9957872450132248,0.004212754986774577
77,38.62876254180602,0.95,45.5,0.686868686868687,1.6565656565656568,0.008501001956074686,0.9914989980439264,0.9960860024430688,0.0039139975569305995
78,39.130434782608695,0.95,45.5,0.686868686868687,1.6565656565656568,0.0085033830222069,0.9914966169777942,0.9963636483396611,0.0036363516603384683
79,39.63210702341137,0.95,45.5,0.686868686868687,1.6565656565656568,0.008505597069234924,0.9914944029307662,0.996621664185244,0.003378335814755994
80,40.13377926421405,0.95,45.5,0.686868686868687,1.6565656565656568,0.008507654825612979,0.9914923451743881,0.9968614292709467,0.0031385707290545934
81,40.635451505016725,0.95,45.5,0.686868686868687,1.6565656565656568,0.008509567504728187,0.9914904324952729,0.9970842260243031,0.0029157739757000043
82,41.137123745819395,0.95,45.5,0.686868686868687,1.6565656565656568,0.008511344741404967,0.9914886552585961,0.9972912499131837,0.0027087500868216343
83,41.63879598662207,0.95,45.5,0.686868686868687,1.6565656565656568,0.008512996479370963,0.9914870035206301,0.9974836107202993,0.0025163892797082864
84,42.14046822742475,0.95,45.5,0.686868686868687,1.6565656565656568,0.008514531660099571,0.9914854683399015,0.9976623428952651,0.0023376571047442484
85,42.642140468227424,0.95,45.5,0.686868686868687,1.6565656565656568,0.008515958076007373,0.9914840419239936,0.9978284065646875,0.0021715934353231203
86,43.1438127090301,0.95,45.5,0.686868686868687,1.6565656565656568,0.00851728359710087,0.9914827164029001,0.9979826969738224,0.002017303026188924
87,43.64548494983278,0.95,45.5,0.686868686868687,1.6565656565656568,0.008518515596983835,0.9914814844030171,0.9981260444919584,0.0018739555080532582
88,44.147157190635454,0.95,45.5,0.686868686868687,1.6565656565656568,0.008519660723621019,0.9914803392763799,0.9982592237300322,0.0017407762699800816
89,44.64882943143812,0.95,45.5,0.686868686868687,1.6565656565656568,0.00852072433425132,0.9914792756657497,0.9983829524850933,0.0016170475149194284
90,45.1505016722408,0.95,45.5,0.686868686868687,1.6565656565656568,0.00852171202432725,0.9914782879756737,0.9984979005189135,0.0015020994810998824
91,45.65217391304348,0.95,45.5,0.686868686868687,1.6565656565656568,0.008522630410714683,0.9914773695892862,0.9986046882170935,0.0013953117829206571
92,46.15384615384615,0.95,45.5,0.686868686868687,1.6565656565656568,0.00852348439865227,0.9914765156013488,0.9987038942672009,0.0012961057328139565
93,46.65551839464883,0.95,45.5,0.686868686868687,1.6565656565656568,0.008524276500813213,0.9914757234991878,0.9987960548217207,0.0012039451782942042
94,47.15719063545151,0.95,45.5,0.686868686868687,1.6565656565656568,0.00852501118312808,0.9914749888168728,0.9988816697548247,0.001118330245189848
95,47.65886287625418,0.95,45.5,0.686868686868687,1.6565656565656568,0.00852569596128448,0.9914743040387164,0.9989612023269369,0.0010387976730773653
96,48.16053511705685,0.95,45.5,0.686868686868687,1.6565656565656568,0.00852633449169954,0.9914736655083014,0.9990350843545572,0.0009649156454566614
97,48.66220735785953,0.95,45.5,0.686868686868687,1.6565656565656568,0.008526925224125605,0.9914730747758753,0.9991037160554986,0.0008962839445143048
98,49.163879598662206,0.95,45.5,0.686868686868687,1.6565656565656568,0.00852747149549881,0.9914725285045021,0.9991674704132048,0.0008325295868068096
99,49.66555183946488,0.95,45.5,0.686868686868687,1.6565656565656568,0.008527981784834287,0.9914720182151666,0.9992266929998969,0.0007733070001142323
100,50.16722408026756,0.95,45.5,0.686868686868687,1.6565656565656568,0.008528458110667334,0.9914715418893336,0.9992817058919303,0.0007182941080811421
101,50.668896321070235,0.95,45.5,0.686868686868687,1.6565656565656568,0.008528897138333758,0.9914711028616672,0.9993328075955079,0.0006671924045033247
102,51.17056856187291,0.95,45.5,0.686868686868687,1.6565656565656568,0.008529301888727105,0.9914706981112739,0.9993802761547956,0.0006197238452147547
103,51.67224080267559,0.95,45.5,0.686868686868687,1.6565656565656568,0.008529679946302585,0.9914703200536983,0.9994243692695522,0.0005756307304569495
104,52.17391304347826,0.95,45.5,0.686868686868687,1.6565656565656568,0.00853003291639091,0.99146996708361,0.9994653269465833,0.0005346730534242416
105,52.675585284280935,0.95,45.5,0.686868686868687,1.6565656565656568,0.008530359297349532,0.9914696407026514,0.9995033716840742,0.0004966283159317066
106,53.17725752508361,0.95,45.5,0.686868686868687,1.6565656565656568,0.008530662405841554,0.9914693375941594,0.9995387106331086,0.0004612893668958365
107,53.67892976588629,0.95,45.5,0.686868686868687,1.6565656565656568,0.008530947506404912,0.9914690524935961,0.9995715358974793,0.0004284641025247842
108,54.180602006688964,0.95,45.5,0.686868686868687,1.6565656565656568,0.008531213846121483,0.9914687861538795,0.9996020262798421,0.0003979737201623071
109,54.68227424749164,0.95,45.5,0.686868686868687,1.6565656565656568,0.00853145539825975,0.9914685446017412,0.9996303476342252,0.00036965236577920043
110,55.18394648829432,0.95,45.5,0.686868686868687,1.6565656565656568,0.008531675652994722,0.9914683243470062,0.9996566542746951,0.0003433457253087317
111,55.68561872909699,0.95,45.5,0.686868686868687,1.6565656565656568,0.008531886239734774,0.9914681137602661,0.9996810893382372,0.0003189106617659714
112,56.187290969899664,0.95,45.5,0.686868686868687,1.6565656565656568,0.008532085942537305,0.9914679140574636,0.9997037860295505,0.0002962139704519438
113,56.68896321070234,0.95,45.5,0.686868686868687,1.6565656565656568,0.00853226813476071,0.9914677318652402,0.9997248679451909,0.0002751320548108647
114,57.19063545150502,0.95,45.5,0.686868686868687,1.6565656565656568,0.00853243673646604,0.9914675632635349,0.9997444501365903,0.0002555498634108579
115,57.69230769230769,0.95,45.5,0.686868686868687,1.6565656565656568,0.008532592930752314,0.9914674070692485,0.9997626391250788,0.00023736087491971512
116,58.19397993311037,0.95,45.5,0.686868686868687,1.6565656565656568,0.008532738263590918,0.99146726173641,0.9997795341018927,0.00022046589808998659
117,58.69565217391305,0.95,45.5,0.686868686868687,1.6565656565656568,0.008532873649129634,0.9914671263508712,0.9997952269503269,0.0002047730496362772
118,59.197324414715716,0.95,45.5,0.686868686868687,1.6565656565656568,0.008532999217803497,0.9914670007821973,0.999809802868403,0.00019019713155456623
119,59.69899665551839,0.95,45.5,0.686868686868687,1.6565656565656568,0.008533115847017351,0.9914668841529835,0.9998233417237444,0.0001766582761957986
120,60.20066889632107,0.95,45.5,0.686868686868687,1.6565656565656568,0.008533224069944296,0.9914667759300564,0.9998359171156779,0.00016408288423832814
121,60.702341137123746,0.95,45.5,0.686868686868687,1.6565656565656568,0.008533324645337886,0.9914666753546628,0.9998475982123418,0.00015240178756783585
122,61.20401337792642,0.95,45.5,0.686868686868687,1.6565656565656568,0.008533418005553465,0.9914665819944471,0.9998584474931308,0.00014155250677984465
123,61.7056856187291,0.95,45.5,0.686868686868687,1.6565656565656568,0.00853350475286582,0.9914664952471348,0.9998685256018734,0.00013147439800031502
124,62.207357859531776,0.95,45.5,0.686868686868687,1.6565656565656568,0.008533585354536632,0.991466414645464,0.9998778854722058,0.00012211452757574434
125,62.709030100334445,0.95,45.5,0.686868686868687,1.6565656565656568,0.008533660216959118,0.9914663397830416,0.9998865801020265,0.00011341989765668765
126,63.21070234113712,0.95,45.5,0.686868686868687,1.6565656565656568,0.008533729746771392,0.9914662702532293,0.9998946551294978,0.00010534487007906674
127,63.7123745819398,0.95,45.5,0.686868686868687,1.6565656565656568,0.008533794330624749,0.991466205669376,0.9999021555690624,9.784443041102963e-05
128,64.21404682274247,0.95,45.5,0.686868686868687,1.6565656565656568,0.008533854312518385,0.9914661456874824,0.9999091219575055,9.087804188512947e-05
129,64.71571906354515,0.95,45.5,0.686868686868687,1.6565656565656568,0.008533910018543313,0.9914660899814575,0.9999155921529708,8.44078463646881e-05
130,65.21739130434783,0.95,45.5,0.686868686868687,1.6565656565656568,0.008533961764272182,0.9914660382357285,0.9999216020239435,7.839797535761289e-05
131,65.7190635451505,0.95,45.5,0.686868686868687,1.6565656565656568,0.008534009823814932,0.9914659901761858,0.9999271836318767,7.281636741571343e-05
132,66.22073578595318,0.95,45.5,0.686868686868687,1.6565656565656568,0.00853405446388126,0.9914659455361194,0.9999323682671244,6.763173217018767e-05
133,66.72240802675586,0.95,45.5,0.686868686868687,1.6565656565656568,0.008534095922567736,0.991465904077433,0.9999371834327386,6.281656655572598e-05
134,67.22408026755853,0.95,45.5,0.686868686868687,1.6565656565656568,0.008534134424250038,0.9914658655757507,0.9999416552004364,5.834479886833028e-05
135,67.72575250836121,0.95,45.5,0.686868686868687,1.6565656565656568,0.008534170181381267,0.9914658298186194,0.9999458080843924,5.41919149560935e-05
136,68.22742474916387,0.95,45.5,0.686868686868687,1.6565656565656568,0.00853420339924618,0.9914657966007545,0.9999496653704973,5.033462892741637e-05
137,68.72909698996655,0.95,45.5,0.686868686868687,1.6565656565656568,0.008534234240521878,0.9914657657594789,0.9999532471397224,4.6752859807736174e-05
138,69.23076923076923,0.95,45.5,0.686868686868687,1.6565656565656568,0.0085342628808501,0.9914657371191506,0.9999565737555574,4.342624411069453e-05
139,69.7324414715719,0.95,45.5,0.686868686868687,1.6565656565656568,0.008534289483795835,0.9914657105162049,0.9999596642050216,4.0335794814236954e-05
140,70.23411371237458,0.95,45.5,0.686868686868687,1.6565656565656568,0.008534314194804235,0.9914656858051966,0.9999625342128412,3.7465787169761036e-05
141,70.73578595317726,0.95,45.5,0.686868686868687,1.6565656565656568,0.008534337161099697,0.991465662838901,0.999965200326408,3.479967376498095e-05
142,71.23745819397993,0.95,45.5,0.686868686868687,1.6565656565656568,0.008534358505908973,0.9914656414940918,0.9999676771732958,3.232282700795053e-05
143,71.73913043478261,0.95,45.5,0.686868686868687,1.6565656565656568,0.00853437831801785,0.9914656216819829,0.9999699778642573,3.0022136147265857e-05
144,72.24080267558529,0.95,45.5,0.686868686868687,1.6565656565656568,0.008534396697612585,0.9914656033023882,0.9999721150001274,2.78850003206899e-05
145,72.74247491638796,0.95,45.5,0.686868686868687,1.6565656565656568,0.008534413770475747,0.9914655862295251,0.9999741001764094,2.5899824031344222e-05
146,73.24414715719064,0.95,45.5,0.686868686868687,1.6565656565656568,0.00853442965965561,0.9914655703403452,0.9999759441207232,2.4055879673495355e-05
147,73.74581939799332,0.95,45.5,0.686868686868687,1.6565656565656568,0.008534444474064758,0.9914655555259361,0.9999776567302359,2.234327009641338e-05
148,74.24749163879599,0.95,45.5,0.686868686868687,1.6565656565656568,0.008534458157184404,0.9914655418428164,0.9999792473050585,2.075269514698462e-05
149,74.74916387959867,0.95,45.5,0.686868686868687,1.6565656565656568,0.00853447085752154,0.9914655291424793,0.9999807244635058,1.9275536567750647e-05
150,75.25083612040133,0.95,45.5,0.686868686868687,1.6565656565656568,0.008534482652462793,0.9914655173475381,0.9999820963250393,1.790367493780856e-05
151,75.75250836120401,0.95,45.5,0.686868686868687,1.6565656565656568,0.008534493620300117,0.9914655063797008,0.9999833705652736,1.6629434697800382e-05
152,76.25418060200668,0.95,45.5,0.686868686868687,1.6565656565656568,0.00853450380217313,0.9914654961978278,0.9999845537041012,1.5446295881639018e-05
153,76.75585284280936,0.95,45.5,0.686868686868687,1.6565656565656568,0.008534513241466776,0.9914654867585342,0.9999856519470337,1.4348052916705613e-05
154,77.25752508361204,0.95,45.5,0.686868686868687,1.6565656565656568,0.00853452201516223,0.9914654779848386,0.99998667186518,1.3328134757170363e-05
155,77.75919732441471,0.95,45.5,0.686868686868687,1.6565656565656568,0.008534530182885287,0.9914654698171156,0.9999876194248085,1.2380575130753924e-05
156,78.26086956521739,0.95,45.5,0.686868686868687,1.6565656565656568,0.00853453779460231,0.9914654622053986,0.999988500048118,1.1499951834379648e-05
157,78.76254180602007,0.95,45.5,0.686868686868687,1.6565656565656568,0.0085345448402668,0.991465455159734,0.999989316930727,1.0683069264976351e-05
158,79.26421404682274,0.95,45.5,0.686868686868687,1.6565656565656568,0.008534551383988136,0.9914654486160127,0.999990075671213,9.924328824845005e-06
159,79.76588628762542,0.95,45.5,0.686868686868687,1.6565656565656568,0.008534557457960707,0.9914654425420402,0.9999907806826451,9.219317431837374e-06
160,80.2675585284281,0.95,45.5,0.686868686868687,1.6565656565656568,0.008534563090619791,0.991465436909381,0.9999914361956848,8.563804407241347e-06
161,80.76923076923077,0.95,45.5,0.686868686868687,1.6565656565656568,0.008534568325061234,0.9914654316749397,0.9999920448720983,7.95512771805385e-06
162,81.27090301003345,0.95,45.5,0.686868686868687,1.6565656565656568,0.008534573190180784,0.9914654268098201,0.999992610113172,7.389885947913051e-06
163,81.77257525083613,0.95,45.5,0.686868686868687,1.6565656565656568,0.008534577710654273,0.9914654222893466,0.9999931353327626,6.8646651158078e-06
164,82.27424749163879,0.95,45.5,0.686868686868687,1.6565656565656568,0.008534581913656233,0.9914654180863447,0.9999936234852325,6.376510650601184e-06
165,82.77591973244147,0.95,45.5,0.686868686868687,1.6565656565656568,0.00853458582109233,0.9914654141789085,0.9999940771547103,5.9228386423677864e-06
166,83.27759197324414,0.95,45.5,0.686868686868687,1.6565656565656568,0.008534589446564659,0.9914654105534362,0.9999944984326123,5.501558655064682e-06
167,83.77926421404682,0.95,45.5,0.686868686868687,1.6565656565656568,0.008534592815442709,0.9914654071845581,0.9999948898161172,5.110173269195806e-06
168,84.2809364548495,0.95,45.5,0.686868686868687,1.6565656565656568,0.008534595946961755,0.9914654040530391,0.9999952534287753,4.746559298746092e-06
169,84.78260869565217,0.95,45.5,0.686868686868687,1.6565656565656568,0.00853459885949162,0.9914654011405092,0.9999955912649294,4.408722872536407e-06
170,85.28428093645485,0.95,45.5,0.686868686868687,1.6565656565656568,0.008534601562224804,0.991465398437776,0.9999959049477625,4.095039502953427e-06
171,85.78595317725753,0.95,45.5,0.686868686868687,1.6565656565656568,0.008534604072162576,0.9914653959278383,0.9999961962669827,3.803720152158851e-06
172,86.2876254180602,0.95,45.5,0.686868686868687,1.6565656565656568,0.008534606402790164,0.9914653935972108,0.9999964668440181,3.5331434830755418e-06
173,86.78929765886288,0.95,45.5,0.686868686868687,1.6565656565656568,0.00853460856638928,0.9914653914336116,0.9999967182174886,3.281770870374838e-06
174,87.29096989966555,0.95,45.5,0.686868686868687,1.6565656565656568,0.00853461057456908,0.9914653894254317,0.9999969514413992,3.0485482871160944e-06
175,87.79264214046823,0.95,45.5,0.686868686868687,1.6565656565656568,0.008534612438224226,0.9914653875617766,0.9999971675936045,2.83239780608126e-06
176,88.29431438127091,0.95,45.5,0.686868686868687,1.6565656565656568,0.008534614167528867,0.991465385832472,0.9999973681728228,2.6318205573159567e-06
177,88.79598662207358,0.95,45.5,0.686868686868687,1.6565656565656568,0.008534615772288586,0.9914653842277122,0.9999975543844146,2.4456109860166554e-06
178,89.29765886287625,0.95,45.5,0.686868686868687,1.6565656565656568,0.00853461726197396,0.9914653827380269,0.9999977274145506,2.272582662962744e-06
179,89.79933110367892,0.95,45.5,0.686868686868687,1.6565656565656568,0.008534618645837414,0.9914653813541634,0.9999978884457247,2.1115527657961363e-06
180,90.3010033444816,0.95,45.5,0.686868686868687,1.6565656565656568,0.008534619930132124,0.9914653800698686,0.9999980380326671,1.9619668734537132e-06
181,90.80267558528428,0.95,45.5,0.686868686868687,1.6565656565656568,0.008534621117936531,0.9914653788820642,0.999998176053334,1.823948042594311e-06
182,91.30434782608695,0.95,45.5,0.686868686868687,1.6565656565656568,0.008534622220253587,0.9914653777797472,0.9999983041482824,1.695854721465816e-06
183,91.80602006688963,0.95,45.5,0.686868686868687,1.6565656565656568,0.008534623244411024,0.9914653767555898,0.9999984231502724,1.5768540277508357e-06
184,92.3076923076923,0.95,45.5,0.686868686868687,1.6565656565656568,0.008534624197746239,0.9914653758022546,0.9999985338872562,1.4661178741515408e-06
185,92.80936454849498,0.95,45.5,0.686868686868687,1.6565656565656568,0.008534625087698937,0.9914653749123018,0.9999986371925449,1.3628128018318078e-06
186,93.31103678929766,0.95,45.5,0.686868686868687,1.6565656565656568,0.00853462591903017,0.9914653740809707,0.9999987336221591,1.2663831102998238e-06
187,93.81270903010034,0.95,45.5,0.686868686868687,1.6565656565656568,0.008534626683238329,0.9914653733167625,0.9999988223770665,1.1776304074583088e-06
188,94.31438127090301,0.95,45.5,0.686868686868687,1.6565656565656568,0.008534627393706265,0.9914653726062946,0.9999989048853271,1.0951255960077355e-06
189,94.81605351170569,0.95,45.5,0.686868686868687,1.6565656565656568,0.00853462805477379,0.9914653719452271,0.9999989816513699,1.0183647893760891e-06
190,95.31772575250837,0.95,45.5,0.686868686868687,1.6565656565656568,0.008534628670622919,0.991465371329378,0.9999990531621062,9.468617263646602e-07
191,95.81939799331104,0.95,45.5,0.686868686868687,1.6565656565656568,0.008534629245320767,0.9914653707546801,0.9999991198920275,8.80142681637442e-07
192,96.3210702341137,0.95,45.5,0.686868686868687,1.6565656565656568,0.008534629782814272,0.9914653702171866,0.9999991823026078,8.177470112804962e-07
193,96.82274247491638,0.95,45.5,0.686868686868687,1.6565656565656568,0.008534630279427663,0.9914653697205733,0.9999992399557003,7.601043742853784e-07
194,97.32441471571906,0.95,45.5,0.686868686868687,1.6565656565656568,0.008534630741621937,0.991465369258379,0.9999992936123364,7.064579901968226e-07
195,97.82608695652173,0.95,45.5,0.686868686868687,1.6565656565656568,0.008534631171769917,0.991465368828231,0.9999993435516841,6.565279320108761e-07
196,98.32775919732441,0.95,45.5,0.686868686868687,1.6565656565656568,0.008534631572068388,0.9914653684279325,0.9999993900334014,6.100535968083934e-07
197,98.82943143812709,0.95,45.5,0.686868686868687,1.6565656565656568,0.008534631944561805,0.9914653680554392,0.9999994333004659,5.667908604342493e-07
198,99.33110367892976,0.95,45.5,0.686868686868687,1.6565656565656568,0.008534632291166008,0.9914653677088349,0.9999994735820038,5.265092321765528e-07
199,99.83277591973244,0.95,45.5,0.686868686868687,1.6565656565656568,0.008534632613181752,0.9914653673868191,0.9999995109916664,4.891008086300641e-07
200,100.33444816053512,0.95,45.5,0.686868686868687,1.6565656565656568,0.00853463291235899,0.9914653670876419,0.9999995457435031,4.5434940331380347e-07
201,100.8361204013378,0.95,45.5,0.686868686868687,1.6565656565656568,0.008534633190309195,0.9914653668096917,0.9999995780296151,4.220616796428046e-07
202,101.33779264214047,0.95,45.5,0.686868686868687,1.6565656565656568,0.008534633448512212,0.9914653665514886,0.999999608019535,3.9206799844059507e-07
203,101.83946488294315,0.95,45.5,0.686868686868687,1.6565656565656568,0.00853463368841336,0.9914653663115875,0.9999996358780805,3.642034921308927e-07
204,102.34113712374582,0.95,45.5,0.686868686868687,1.6565656565656568,0.008534633911445539,0.9914653660885553,0.9999996617678535,3.3830557267887255e-07
205,102.8428093645485,0.95,45.5,0.686868686868687,1.6565656565656568,0.008534634117986295,0.9914653658820145,0.9999996857468809,3.143173496636677e-07
206,103.34448160535118,0.95,45.5,0.686868686868687,1.6565656565656568,0.008534634309065548,0.9914653656909352,0.9999997079370755,2.9211751379180113e-07
207,103.84615384615384,0.95,45.5,0.686868686868687,1.6565656565656568,0.008534634486247137,0.9914653655137536,0.9999997285128962,2.715318223373277e-07
208,104.34782608695652,0.95,45.5,0.686868686868687,1.6565656565656568,0.008534634650701594,0.9914653653492992,0.9999997476103801,2.524250118740162e-07
209,104.84949832775919,0.95,45.5,0.686868686868687,1.6565656565656568,0.008534634803629614,0.9914653651963712,0.9999997653691598,2.3465839239743398e-07
210,105.35117056856187,0.95,45.5,0.686868686868687,1.6565656565656568,0.008534634946279634,0.9914653650537212,0.9999997819345169,2.180878052866274e-07
211,105.85284280936455,0.95,45.5,0.686868686868687,1.6565656565656568,0.008534635077408552,0.9914653649225923,0.9999997971609325,2.028547136699708e-07
212,106.35451505016722,0.95,45.5,0.686868686868687,1.6565656565656568,0.008534635196148862,0.991465364803852,0.9999998109468162,1.8905747186697675e-07
213,106.8561872909699,0.95,45.5,0.686868686868687,1.6565656565656568,0.00853463530557152,0.9914653646944294,0.999999823650463,1.7634282866594897e-07
214,107.35785953177258,0.95,45.5,0.686868686868687,1.6565656565656568,0.00853463540656907,0.9914653645934318,0.9999998353759291,1.646071760959503e-07
215,107.85953177257525,0.95,45.5,0.686868686868687,1.6565656565656568,0.008534635500083963,0.9914653644999168,0.9999998462331825,1.5374105419681267e-07
216,108.36120401337793,0.95,45.5,0.686868686868687,1.6565656565656568,0.008534635587121786,0.991465364412879,0.9999998563396515,1.4362760727645824e-07
217,108.8628762541806,0.95,45.5,0.686868686868687,1.6565656565656568,0.008534635668764497,0.9914653643312363,0.9999998658217694,1.3414104016822066e-07
218,109.36454849498328,0.95,45.5,0.686868686868687,1.6565656565656568,0.008534635746183652,0.9914653642538171,0.9999998748165223,1.2514507448816621e-07
219,109.86622073578596,0.95,45.5,0.686868686868687,1.6565656565656568,0.008534635820653634,0.9914653641793472,0.9999998834729955,1.16491404892415e-07
220,110.36789297658864,0.95,45.5,0.686868686868687,1.6565656565656568,0.008534635885215304,0.9914653641147855,0.9999998909721937,1.0899180494210205e-07
221,110.8695652173913,0.95,45.5,0.686868686868687,1.6565656565656568,0.008534635943857644,0.9914653640561432,0.9999998977823692,1.0218134355124937e-07
222,111.37123745819397,0.95,45.5,0.686868686868687,1.6565656565656568,0.008534635998263148,0.9914653640017377,0.9999999041005646,9.586401089531477e-08
223,111.87290969899665,0.95,45.5,0.686868686868687,1.6565656565656568,0.008534636048990227,0.9914653639510106,0.9999999099916278,8.997483739710255e-08
224,112.37458193979933,0.95,45.5,0.686868686868687,1.6565656565656568,0.008534636096620429,0.9914653639033804,0.9999999155230913,8.444611457417288e-08
225,112.876254180602,0.95,45.5,0.686868686868687,1.6565656565656568,0.008534636141764411,0.9914653638582364,0.9999999207658649,7.920669748418709e-08
226,113.37792642140468,0.95,45.5,0.686868686868687,1.6565656565656568,0.008534636185067914,0.9914653638149329,0.9999999257949295,7.41813071702527e-08
227,113.87959866220736,0.95,45.5,0.686868686868687,1.6565656565656568,0.00853463622721773,0.991465363772783,0.9999999306900306,6.928983310626864e-08
228,114.38127090301003,0.95,45.5,0.686868686868687,1.6565656565656568,0.00853463626770318,0.9914653637322975,0.9999999353917416,6.458901859356744e-08
229,114.88294314381271,0.95,45.5,0.686868686868687,1.6565656565656568,0.008534636302673405,0.9914653636973274,0.9999999394524525,6.051758974756762e-08
230,115.38461538461539,0.95,45.5,0.686868686868687,1.6565656565656568,0.008534636335568757,0.991465363664432,0.9999999432718849,5.667991703377919e-08
231,115.88628762541806,0.95,45.5,0.686868686868687,1.6565656565656568,0.008534636366550977,0.9914653636334498,0.9999999468687304,5.3055281819396745e-08
232,116.38795986622074,0.95,45.5,0.686868686868687,1.6565656565656568,0.00853463639576245,0.9914653636042383,0.999999950259419,4.9624975572661126e-08
233,116.88963210702342,0.95,45.5,0.686868686868687,1.6565656565656568,0.008534636423327534,0.9914653635766733,0.9999999534582749,4.637213269423088e-08
234,117.3913043478261,0.95,45.5,0.686868686868687,1.6565656565656568,0.008534636449353901,0.9914653635506468,0.9999999564776699,4.32815633485538e-08
235,117.89297658862876,0.95,45.5,0.686868686868687,1.6565656565656568,0.008534636473933875,0.991465363526067,0.9999999593281795,4.033958629523851e-08
236,118.39464882943143,0.95,45.5,0.686868686868687,1.6565656565656568,0.008534636497145764,0.991465363502855,0.9999999620187362,3.753386172042571e-08
237,118.89632107023411,0.95,45.5,0.686868686868687,1.6565656565656568,0.008534636519091372,0.9914653634809095,0.999999964563451,3.488818591598107e-08
238,119.39799331103679,0.95,45.5,0.686868686868687,1.6565656565656568,0.00853463653983611,0.9914653634601648,0.9999999669704833,3.240313995274484e-08
239,119.89966555183946,0.95,45.5,0.686868686868687,1.6565656565656568,0.008534636559412861,0.991465363440588,0.9999999692426615,3.00583653884598e-08
240,120.40133779264214,0.95,45.5,0.686868686868687,1.6565656565656568,0.008534636577865152,0.9914653634221356,0.9999999713853478,2.7852835631927675e-08
241,120.90301003344482,0.95,45.5,0.686868686868687,1.6565656565656568,0.00853463659523011,0.9914653634047708,0.9999999734032059,2.5786925780882007e-08
242,121.40468227424749,0.95,45.5,0.686868686868687,1.6565656565656568,0.008534636611539852,0.991465363388461,0.9999999753003646,2.386229059137971e-08
243,121.90635451505017,0.95,45.5,0.686868686868687,1.6565656565656568,0.008534636626822866,0.991465363373178,0.9999999770805805,2.2081742447192596e-08
244,122.40802675585284,0.95,45.5,0.686868686868687,1.6565656565656568,0.008534636641105398,0.9914653633588955,0.9999999787474022,2.044912932919891e-08
245,122.90969899665552,0.95,45.5,0.686868686868687,1.6565656565656568,0.008534636654412831,0.991465363345588,0.9999999803043325,1.8969212784774875e-08
246,123.4113712374582,0.95,45.5,0.686868686868687,1.6565656565656568,0.008534636666863868,0.9914653633331371,0.9999999817559193,1.7543572781024352e-08
247,123.91304347826087,0.95,45.5,0.686868686868687,1.6565656565656568,0.008534636678440306,0.9914653633215607,0.9999999831056048,1.6230001739557338e-08
248,124.41471571906355,0.95,45.5,0.686868686868687,1.6565656565656568,0.008534636689182725,0.9914653633108181,0.9999999843578298,1.5024661573157915e-08
249,124.91638795986621,0.95,45.5,0.686868686868687,1.6565656565656568,0.008534636699138863,0.991465363300862,0.9999999855176678,1.392136230171774e-08
250,125.41806020066889,0.95,45.5,0.686868686868687,1.6565656565656568,0.008534636708363895,0.991465363291637,0.9999999865909767,1.2912680283634013e-08
251,125.91973244147157,0.95,45.5,0.686868686868687,1.6565656565656568,0.008534636716921878,0.991465363283079,0.999999987584563,1.198976020447867e-08
252,126.42140468227424,0.95,45.5,0.686868686868687,1.6565656565656568,0.008534636724887206,0.9914653632751137,0.9999999885063456,1.1142117065667277e-08
253,126.92307692307692,0.95,45.5,0.686868686868687,1.6565656565656568,0.00853463673234607,0.9914653632676549,0.99999998936552,1.0357438173128074e-08
254,127.4247491638796,0.95,45.5,0.686868686868687,1.6565656565656568,0.0085346367391513,0.9914653632608496,0.9999999901479906,9.651861509310612e-09
255,127.92642140468227,0.95,45.5,0.686868686868687,1.6565656565656568,0.008534636744992018,0.9914653632550089,0.9999999908233732,9.061350423276896e-09
256,128.42809364548495,0.95,45.5,0.686868686868687,1.6565656565656568,0.008534636750257235,0.9914653632497437,0.9999999914316254,8.534943878163273e-09
257,128.9297658862876,0.95,45.5,0.686868686868687,1.6565656565656568,0.008534636755001943,0.9914653632449989,0.9999999919793727,8.062516506460344e-09
258,129.4314381270903,0.95,45.5,0.686868686868687,1.6565656565656568,0.008534636759289092,0.9914653632407118,0.9999999924742238,7.632496829423302e-09
259,129.93311036789297,0.95,45.5,0.686868686868687,1.6565656565656568,0.008534636763190466,0.9914653632368104,0.9999999929248775,7.231739202303615e-09
260,130.43478260869566,0.95,45.5,0.686868686868687,1.6565656565656568,0.008534636766787573,0.9914653632332133,0.9999999933412298,6.8453957595803974e-09
261,130.93645484949832,0.95,45.5,0.686868686868687,1.6565656565656568,0.008534636770172537,0.9914653632298284,0.9999999937344813,6.456788360192135e-09
262,131.438127090301,0.95,45.5,0.686868686868687,1.6565656565656568,0.008534636773448971,0.9914653632265519,0.999999994117244,6.047280532768056e-09
263,131.93979933110367,0.95,45.5,0.686868686868687,1.6565656565656568,0.00853463677554734,0.9914653632244534,0.9999999943577972,5.833388069747598e-09
264,132.44147157190636,0.95,45.5,0.686868686868687,1.6565656565656568,0.008534636776888583,0.9914653632231122,0.9999999945077805,5.7338074227276675e-09
265,132.94314381270902,0.95,45.5,0.686868686868687,1.6565656565656568,0.008534636777881539,0.9914653632221193,0.9999999946173366,5.670146319659892e-09
266,133.44481605351172,0.95,45.5,0.686868686868687,1.6565656565656568,0.00853463677858684,0.991465363221414,0.9999999946937603,5.634230611585639e-09
267,133.94648829431438,0.95,45.5,0.686868686868687,1.6565656565656568,0.008534636779072841,0.9914653632209279,0.9999999947452832,5.6169312221897944e-09
268,134.44816053511707,0.95,45.5,0.686868686868687,1.6565656565656568,0.008534636779416193,0.9914653632205847,0.9999999947811444,5.608095643656544e-09
269,134.94983277591973,0.95,45.5,0.686868686868687,1.6565656565656568,0.008534636779702433,0.9914653632202984,0.999999994811661,5.5964794325251916e-09
270,135.45150501672242,0.95,45.5,0.686868686868687,1.6565656565656568,0.008534636780026585,0.9914653632199742,0.9999999948482984,5.569677705545947e-09
271,135.95317725752508,0.95,45.5,0.686868686868687,1.6565656565656568,0.008534636780493734,0.9914653632195071,0.9999999949037413,5.514056635535747e-09
272,136.45484949832775,0.95,45.5,0.686868686868687,1.6565656565656568,0.00853463678121962,0.9914653632187812,0.9999999949919638,5.414684947234045e-09
273,136.95652173913044,0.95,45.5,0.686868686868687,1.6565656565656568,0.008534636782331233,0.9914653632176695,0.9999999951283003,5.25526541315861e-09
274,137.4581939799331,0.95,45.5,0.686868686868687,1.6565656565656568,0.008534636783967386,0.9914653632160334,0.9999999953295159,5.018066349461365e-09
275,137.9598662207358,0.95,45.5,0.686868686868687,1.6565656565656568,0.008534636785364896,0.991465363214636,0.9999999955024319,4.7887393504967215e-09
276,138.46153846153845,0.95,45.5,0.686868686868687,1.6565656565656568,0.008534636784865266,0.9914653632151356,0.9999999954447413,4.755550238797935e-09
277,138.96321070234114,0.95,45.5,0.686868686868687,1.6565656565656568,0.00853463678421297,0.9914653632157879,0.9999999953688558,4.716357874006818e-09
278,139.4648829431438,0.95,45.5,0.686868686868687,1.6565656565656568,0.008534636783412392,0.9914653632165885,0.9999999952750995,4.668531043592044e-09
279,139.9665551839465,0.95,45.5,0.686868686868687,1.6565656565656568,0.008534636782466617,0.9914653632175343,0.9999999951636208,4.60950552881322e-09
280,140.46822742474916,0.95,45.5,0.686868686868687,1.6565656565656568,0.008534636781377423,0.9914653632186234,0.9999999950343905,4.536783468379565e-09
281,140.96989966555185,0.95,45.5,0.686868686868687,1.6565656565656568,0.008534636780145282,0.9914653632198556,0.9999999948872005,4.447932722108532e-09
282,141.4715719063545,0.95,45.5,0.686868686868687,1.6565656565656568,0.00853463677876935,0.9914653632212316,0.999999994721662,4.340586234584508e-09
283,141.9732441471572,0.95,45.5,0.686868686868687,1.6565656565656568,0.008534636777247475,0.9914653632227534,0.9999999945372043,4.212441398817417e-09
284,142.47491638795987,0.95,45.5,0.686868686868687,1.6565656565656568,0.008534636775576181,0.9914653632244247,0.9999999943330733,4.061259419901435e-09
285,142.97658862876253,0.95,45.5,0.686868686868687,1.6565656565656568,0.008534636773750678,0.9914653632262502,0.999999994108329,3.8848646786735935e-09
286,143.47826086956522,0.95,45.5,0.686868686868687,1.6565656565656568,0.008534636771764843,0.9914653632282361,0.999999993861845,3.681144095372448e-09
287,143.97993311036788,0.95,45.5,0.686868686868687,1.6565656565656568,0.008534636769611232,0.9914653632303897,0.9999999935923067,3.448046493296781e-09
288,144.48160535117057,0.95,45.5,0.686868686868687,1.6565656565656568,0.008534636768189887,0.991465363231811,0.9999999934183776,3.245430744531411e-09
289,144.98327759197323,0.95,45.5,0.686868686868687,1.6565656565656568,0.008534636767038906,0.991465363232962,0.9999999932786238,3.0406215389209975e-09
290,145.48494983277592,0.95,45.5,0.686868686868687,1.6565656565656568,0.008534636766095359,0.9914653632339056,0.9999999931643485,2.8282458006768607e-09
291,145.9866220735786,0.95,45.5,0.686868686868687,1.6565656565656568,0.008534636765409012,0.9914653632345919,0.9999999930817393,2.6107507025418314e-09
292,146.48829431438128,0.95,45.5,0.686868686868687,1.6565656565656568,0.008534636765033505,0.9914653632349674,0.9999999930374772,2.3909973234393076e-09
293,146.98996655518394,0.95,45.5,0.686868686868687,1.6565656565656568,0.008534636765026542,0.9914653632349744,0.9999999930387611,2.172272816779672e-09
294,147.49163879598663,0.95,45.5,0.686868686868687,1.6565656565656568,0.008534636765450071,0.9914653632345508,0.99999999309333,1.9583025787665203e-09
295,147.9933110367893,0.95,45.5,0.686868686868687,1.6565656565656568,0.00853463676637047,0.9914653632336304,0.999999993209487,1.7532624167030796e-09
296,148.49498327759198,0.95,45.5,0.686868686868687,1.6565656565656568,0.008534636767858733,0.9914653632321421,0.9999999933961222,1.5617907172984349e-09
297,148.99665551839465,0.95,45.5,0.686868686868687,1.6565656565656568,0.008534636769990651,0.9914653632300102,0.9999999936627365,1.389000614973946e-09
298,149.49832775919734,0.95,45.5,0.686868686868687,1.6565656565656568,0.008534636772847005,0.9914653632271538,0.9999999940194642,1.240492160169483e-09
299,150.0,0.95,45.5,0.686868686868687,1.6565656565656568,0.008534636776513742,0.9914653632234871,0.9999999944770971,1.1223644876498262e-09
