,time,sigma,beta,omega,alpha,S,I,C,D
0,0.0,0.95,45.5,0.9292929292929294,1.6565656565656568,0.9998,0.0002,0.5,0.5
1,0.5016722408026756,0.95,45.5,0.9292929292929294,1.6565656565656568,0.008789291067383668,0.991210708932616,0.4730924389045101,0.5269075610954903
2,1.0033444816053512,0.95,45.5,0.9292929292929294,1.6565656565656568,0.005126678909575647,0.9948733210904243,0.4916608455853366,0.5083391544146632
3,1.5050167224080266,0.95,45.5,0.9292929292929294,1.6565656565656568,0.005222786807376941,0.9947772131926231,0.5102594786564753,0.48974052134352447
4,2.0066889632107023,0.95,45.5,0.9292929292929294,1.6565656565656568,0.005320545286067525,0.9946794547139325,0.5288257367058882,0.4711742632941115
5,2.508361204013378,0.95,45.5,0.9292929292929294,1.6565656565656568,0.005419701498454233,0.9945802985015458,0.5473085198944566,0.4526914801055432
6,3.0100334448160533,0.95,45.5,0.9292929292929294,1.6565656565656568,0.005519988337115173,0.9944800116628849,0.5656576723966134,0.4343423276033862
7,3.511705685618729,0.95,45.5,0.9292929292929294,1.6565656565656568,0.005621128876162986,0.994378871123837,0.583824509047139,0.41617549095286044
8,4.013377926421405,0.95,45.5,0.9292929292929294,1.6565656565656568,0.0057228339009090775,0.9942771660990911,0.601762338547365,0.39823766145263434
9,4.51505016722408,0.95,45.5,0.9292929292929294,1.6565656565656568,0.005824813706676353,0.9941751862933237,0.6194269895329914,0.3805730104670082
10,5.016722408026756,0.95,45.5,0.9292929292929294,1.6565656565656568,0.005926769987480644,0.9940732300125193,0.6367770930690929,0.36322290693090653
11,5.518394648829432,0.95,45.5,0.9292929292929294,1.6565656565656568,0.00602840761189656,0.9939715923881035,0.6537744551898413,0.346225544810158
12,6.020066889632107,0.95,45.5,0.9292929292929294,1.6565656565656568,0.00612944105176861,0.9938705589482314,0.670384370864546,0.3296156291354533
13,6.521739130434782,0.95,45.5,0.9292929292929294,1.6565656565656568,0.006229579819795602,0.9937704201802045,0.6865758076691132,0.3134241923308861
14,7.023411371237458,0.95,45.5,0.9292929292929294,1.6565656565656568,0.006328561958652565,0.9936714380413476,0.702321546847584,0.29767845315241553
15,7.525083612040134,0.95,45.5,0.9292929292929294,1.6565656565656568,0.006426124324818088,0.9935738756751821,0.7175982647139671,0.2824017352860324
16,8.02675585284281,0.95,45.5,0.9292929292929294,1.6565656565656568,0.006522017717113045,0.9934779822828872,0.7323865335267157,0.26761346647328393
17,8.528428093645484,0.95,45.5,0.9292929292929294,1.6565656565656568,0.00661603693281484,0.9933839630671853,0.7466707566027311,0.25332924339726864
18,9.03010033444816,0.95,45.5,0.9292929292929294,1.6565656565656568,0.006707961593107253,0.9932920384068931,0.7604390745475118,0.23956092545248803
19,9.531772575250836,0.95,45.5,0.9292929292929294,1.6565656565656568,0.006797619304787965,0.9932023806952124,0.7736832206654841,0.22631677933451577
20,10.033444816053512,0.95,45.5,0.9292929292929294,1.6565656565656568,0.006884845337057819,0.9931151546629425,0.7863983272196671,0.21360167278033276
21,10.535117056856187,0.95,45.5,0.9292929292929294,1.6565656565656568,0.006969501235870175,0.9930304987641301,0.7985827059435648,0.2014172940564351
22,11.036789297658864,0.95,45.5,0.9292929292929294,1.6565656565656568,0.007051478039015662,0.9929485219609845,0.8102376066821821,0.18976239331781783
23,11.538461538461538,0.95,45.5,0.9292929292929294,1.6565656565656568,0.007130676044864823,0.9928693239551354,0.8213669604870758,0.17863303951292425
24,12.040133779264213,0.95,45.5,0.9292929292929294,1.6565656565656568,0.007207026771425234,0.992792973228575,0.8319771114445652,0.16802288855543482
25,12.54180602006689,0.95,45.5,0.9292929292929294,1.6565656565656568,0.007280481066968899,0.9927195189330312,0.8420765437677148,0.15792345623228524
26,13.043478260869565,0.95,45.5,0.9292929292929294,1.6565656565656568,0.0073510068138534545,0.9926489931861466,0.8516756120896805,0.14832438791031954
27,13.545150501672241,0.95,45.5,0.9292929292929294,1.6565656565656568,0.0074185913095556125,0.9925814086904445,0.8607862789643669,0.13921372103563306
28,14.046822742474916,0.95,45.5,0.9292929292929294,1.6565656565656568,0.007483239749606381,0.9925167602503938,0.8694218641856066,0.13057813581439323
29,14.548494983277592,0.95,45.5,0.9292929292929294,1.6565656565656568,0.007544972435709441,0.9924550275642907,0.8775968001185365,0.12240319988146325
30,15.050167224080267,0.95,45.5,0.9292929292929294,1.6565656565656568,0.0076038254877779255,0.9923961745122223,0.8853264079973159,0.11467359200268391
31,15.551839464882944,0.95,45.5,0.9292929292929294,1.6565656565656568,0.007659839518378549,0.9923401604816217,0.8926266912918066,0.10737330870819306
32,16.05351170568562,0.95,45.5,0.9292929292929294,1.6565656565656568,0.007713078094212654,0.9922869219057876,0.8995141445201665,0.10048585547983291
33,16.555183946488295,0.95,45.5,0.9292929292929294,1.6565656565656568,0.007763605318151594,0.9922363946818487,0.9060055748272288,0.09399442517277033
34,17.05685618729097,0.95,45.5,0.9292929292929294,1.6565656565656568,0.007811473911895279,0.9921885260881049,0.912117954949881,0.08788204505011789
35,17.558528428093645,0.95,45.5,0.9292929292929294,1.6565656565656568,0.007856814099691207,0.9921431859003089,0.917868283726941,0.08213171627305772
36,18.06020066889632,0.95,45.5,0.9292929292929294,1.6565656565656568,0.007899688389281631,0.9921003116107185,0.923273474032001,0.07672652596799787
37,18.561872909698998,0.95,45.5,0.9292929292929294,1.6565656565656568,0.007940134234594581,0.9920598657654055,0.9283502395859985,0.07164976041400044
38,19.06354515050167,0.95,45.5,0.9292929292929294,1.6565656565656568,0.007978308288289616,0.9920216917117105,0.9331150066742131,0.06688499332578582
39,19.565217391304348,0.95,45.5,0.9292929292929294,1.6565656565656568,0.008014284456964301,0.9919857155430358,0.9375838386110549,0.06241616138894426
40,20.066889632107024,0.95,45.5,0.9292929292929294,1.6565656565656568,0.008048155959781181,0.991951844040219,0.9417723926726944,0.05822760732730482
41,20.568561872909697,0.95,45.5,0.9292929292929294,1.6565656565656568,0.0080800177704766,0.9919199822295236,0.9456958662730942,0.054304133726905124
42,21.070234113712374,0.95,45.5,0.9292929292929294,1.6565656565656568,0.00810996396048369,0.9918900360395165,0.9493689468974059,0.05063105310259338
43,21.57190635451505,0.95,45.5,0.9292929292929294,1.6565656565656568,0.008138087661192905,0.9918619123388073,0.9528057564424298,0.04719424355756971
44,22.073578595317727,0.95,45.5,0.9292929292929294,1.6565656565656568,0.008164480330567254,0.991835519669433,0.9560198818657333,0.04398011813426644
45,22.5752508361204,0.95,45.5,0.9292929292929294,1.6565656565656568,0.008189231162584314,0.9918107688374158,0.9590243506651271,0.04097564933487267
46,23.076923076923077,0.95,45.5,0.9292929292929294,1.6565656565656568,0.008212427421039194,0.9917875725789609,0.9618316147457294,0.03816838525427044
47,23.578595317725753,0.95,45.5,0.9292929292929294,1.6565656565656568,0.00823415373737419,0.991765846262626,0.9644535550281893,0.035546444971810656
48,24.080267558528426,0.95,45.5,0.9292929292929294,1.6565656565656568,0.008254491592372052,0.9917455084076281,0.9669014719228112,0.03309852807718879
49,24.581939799331103,0.95,45.5,0.9292929292929294,1.6565656565656568,0.008273519624605317,0.9917264803753948,0.9691861012818056,0.030813898718194465
50,25.08361204013378,0.95,45.5,0.9292929292929294,1.6565656565656568,0.008291313357105116,0.991708686642895,0.9713176280400198,0.028682371959980493
51,25.585284280936456,0.95,45.5,0.9292929292929294,1.6565656565656568,0.008307945155412146,0.991692054844588,0.9733056954866097,0.026694304513390773
52,26.08695652173913,0.95,45.5,0.9292929292929294,1.6565656565656568,0.008323484162604138,0.991676515837396,0.9751594218268769,0.024840578173123934
53,26.588628762541806,0.95,45.5,0.9292929292929294,1.6565656565656568,0.008337996298528449,0.9916620037014716,0.9768874199968844,0.023112580003116612
54,27.090301003344482,0.95,45.5,0.9292929292929294,1.6565656565656568,0.008351544315121785,0.9916484556848782,0.9784978153301781,0.021502184669823277
55,27.59197324414716,0.95,45.5,0.9292929292929294,1.6565656565656568,0.008364187803508385,0.9916358121964917,0.9799982583801051,0.02000174161989661
56,28.093645484949832,0.95,45.5,0.9292929292929294,1.6565656565656568,0.008375983243191608,0.9916240167568084,0.9813959456422835,0.01860405435771858
57,28.59531772575251,0.95,45.5,0.9292929292929294,1.6565656565656568,0.008386984135853825,0.9916130158641463,0.9826976518675555,0.017302348132446573
58,29.096989966555185,0.95,45.5,0.9292929292929294,1.6565656565656568,0.00839724108611016,0.9916027589138899,0.9839097376529137,0.016090262347088102
59,29.598662207357858,0.95,45.5,0.9292929292929294,1.6565656565656568,0.00840680188401964,0.9915931981159805,0.9850381827418571,0.01496181725814424
60,30.100334448160535,0.95,45.5,0.9292929292929294,1.6565656565656568,0.008415711602753936,0.9915842883972461,0.986088586835254,0.013911413164746587
61,30.60200668896321,0.95,45.5,0.9292929292929294,1.6565656565656568,0.008424012666165596,0.9915759873338345,0.9870661991685289,0.01293380083147125
62,31.103678929765888,0.95,45.5,0.9292929292929294,1.6565656565656568,0.008431744974760822,0.9915682550252393,0.987975933334806,0.012024066665193936
63,31.60535117056856,0.95,45.5,0.9292929292929294,1.6565656565656568,0.008438946040538192,0.9915610539594618,0.9888223891791658,0.01117761082083427
64,32.10702341137124,0.95,45.5,0.9292929292929294,1.6565656565656568,0.008445651119516395,0.9915543488804837,0.9896098703877405,0.010390129612259824
65,32.608695652173914,0.95,45.5,0.9292929292929294,1.6565656565656568,0.008451893284248975,0.9915481067157511,0.9903424024213658,0.009657597578634774
66,33.11036789297659,0.95,45.5,0.9292929292929294,1.6565656565656568,0.008457703531393756,0.9915422964686064,0.9910237469937024,0.008976253006298113
67,33.61204013377927,0.95,45.5,0.9292929292929294,1.6565656565656568,0.008463110952044196,0.9915368890479559,0.9916574193737336,0.008342580626266645
68,34.11371237458194,0.95,45.5,0.9292929292929294,1.6565656565656568,0.008468142821612379,0.9915318571783878,0.9922467017612855,0.007753298238714546
69,34.61538461538461,0.95,45.5,0.9292929292929294,1.6565656565656568,0.008472824536044584,0.9915271754639555,0.9927946562571617,0.007205343742838041
70,35.11705685618729,0.95,45.5,0.9292929292929294,1.6565656565656568,0.008477179908792338,0.9915228200912077,0.9933041417237319,0.006695858276267634
71,35.618729096989966,0.95,45.5,0.9292929292929294,1.6565656565656568,0.008481231404184608,0.9915187685958154,0.9937778229473916,0.006222177052607869
72,36.12040133779264,0.95,45.5,0.9292929292929294,1.6565656565656568,0.008484999765306554,0.9915150002346936,0.9942181859015128,0.00578181409848669
73,36.62207357859532,0.95,45.5,0.9292929292929294,1.6565656565656568,0.008488504077240694,0.9915114959227594,0.9946275481566634,0.005372451843336158
74,37.123745819397996,0.95,45.5,0.9292929292929294,1.6565656565656568,0.00849176294363816,0.991508237056362,0.9950080676634432,0.004991932336556494
75,37.625418060200666,0.95,45.5,0.9292929292929294,1.6565656565656568,0.00849479348473196,0.9915052065152683,0.9953617596950155,0.004638240304984173
76,38.12709030100334,0.95,45.5,0.9292929292929294,1.6565656565656568,0.008497611162668615,0.9915023888373317,0.9956904961847876,0.0043095038152121375
77,38.62876254180602,0.95,45.5,0.9292929292929294,1.6565656565656568,0.008500230633546468,0.9914997693664538,0.9959960265009575,0.004003973499042221
78,39.130434782608695,0.95,45.5,0.9292929292929294,1.6565656565656568,0.008502665836220525,0.9914973341637798,0.9962799737276913,0.0037200262723084965
79,39.63210702341137,0.95,45.5,0.9292929292929294,1.6565656565656568,0.008504929594569418,0.991495070405431,0.9965438542148081,0.0034561457851917366
80,40.13377926421405,0.95,45.5,0.9292929292929294,1.6565656565656568,0.008507033821891894,0.9914929661781084,0.9967890745437983,0.003210925456201872
81,40.635451505016725,0.95,45.5,0.9292929292929294,1.6565656565656568,0.008508989734147357,0.9914910102658531,0.9970169480070525,0.00298305199294854
82,41.137123745819395,0.95,45.5,0.9292929292929294,1.6565656565656568,0.008510807620234796,0.9914891923797656,0.9972286928828572,0.002771307117144917
83,41.63879598662207,0.95,45.5,0.9292929292929294,1.6565656565656568,0.0085124971294183,0.9914875028705822,0.9974254462975422,0.0025745537024607717
84,42.14046822742475,0.95,45.5,0.9292929292929294,1.6565656565656568,0.008514067282616125,0.9914859327173843,0.997608262805144,0.0023917371948596715
85,42.642140468227424,0.95,45.5,0.9292929292929294,1.6565656565656568,0.00851552645016483,0.9914844735498356,0.9977781266960059,0.002221873303998255
86,43.1438127090301,0.95,45.5,0.9292929292929294,1.6565656565656568,0.008516882424598627,0.9914831175754019,0.9979359503537057,0.002064049646298547
87,43.64548494983278,0.95,45.5,0.9292929292929294,1.6565656565656568,0.008518142483853195,0.9914818575161473,0.9980825852696843,0.0019174147303200708
88,44.147157190635454,0.95,45.5,0.9292929292929294,1.6565656565656568,0.008519313346683644,0.9914806866533168,0.9982188205587115,0.0017811794412929528
89,44.64882943143812,0.95,45.5,0.9292929292929294,1.6565656565656568,0.008520401301893538,0.9914795986981068,0.998345392381579,0.0016546076184254786
90,45.1505016722408,0.95,45.5,0.9292929292929294,1.6565656565656568,0.008521412188953904,0.9914785878110464,0.9984629830712735,0.0015370169287311356
91,45.65217391304348,0.95,45.5,0.9292929292929294,1.6565656565656568,0.008522351445246002,0.9914776485547543,0.9985722288482497,0.0014277711517548764
92,46.15384615384615,0.95,45.5,0.9292929292929294,1.6565656565656568,0.008523224124455518,0.9914767758755447,0.9986737195726987,0.0013262804273059192
93,46.65551839464883,0.95,45.5,0.9292929292929294,1.6565656565656568,0.008524034934288232,0.991475965065712,0.9987680049892718,0.0012319950107327123
94,47.15719063545151,0.95,45.5,0.9292929292929294,1.6565656565656568,0.008524788236526578,0.9914752117634738,0.9988555948928325,0.001144405107171788
95,47.65886287625418,0.95,45.5,0.9292929292929294,1.6565656565656568,0.008525488100752135,0.9914745118992482,0.9989369642018469,0.0010630357981572572
96,48.16053511705685,0.95,45.5,0.9292929292929294,1.6565656565656568,0.008526138302924665,0.9914738616970756,0.9990125534199956,0.0009874465800084056
97,48.66220735785953,0.95,45.5,0.9292929292929294,1.6565656565656568,0.008526742356728624,0.9914732576432715,0.9990827723704625,0.0009172276295413825
98,49.163879598662206,0.95,45.5,0.9292929292929294,1.6565656565656568,0.008527303527464876,0.9914726964725353,0.9991480015129562,0.0008519984870474727
99,49.66555183946488,0.95,45.5,0.9292929292929294,1.6565656565656568,0.008527824858585165,0.991472175141415,0.9992085956554916,0.0007914043445120771
100,50.16722408026756,0.95,45.5,0.9292929292929294,1.6565656565656568,0.008528309157821472,0.9914716908421787,0.999264882516254,0.000735117483749707
101,50.668896321070235,0.95,45.5,0.9292929292929294,1.6565656565656568,0.008528759060910232,0.9914712409390899,0.9993171694246454,0.0006828305753584072
102,51.17056856187291,0.95,45.5,0.9292929292929294,1.6565656565656568,0.008529177003305652,0.9914708229966945,0.9993657387614567,0.0006342612385472575
103,51.67224080267559,0.95,45.5,0.9292929292929294,1.6565656565656568,0.008529565269140468,0.9914704347308597,0.9994108559053198,0.0005891440946843693
104,52.17391304347826,0.95,45.5,0.9292929292929294,1.6565656565656568,0.008529925942591167,0.9914700740574091,0.99945276525899,0.0005472347410142602
105,52.675585284280935,0.95,45.5,0.9292929292929294,1.6565656565656568,0.008530260967048347,0.9914697390329519,0.9994916949043088,0.0005083050956955223
106,53.17725752508361,0.95,45.5,0.9292929292929294,1.6565656565656568,0.008530572174166022,0.9914694278258342,0.9995278566712141,0.00047214332879003226
107,53.67892976588629,0.95,45.5,0.9292929292929294,1.6565656565656568,0.008530861296537727,0.9914691387034625,0.9995614466922802,0.00043855330772386934
108,54.180602006688964,0.95,45.5,0.9292929292929294,1.6565656565656568,0.008531129913787804,0.9914688700862124,0.9995926482809029,0.0004073517191009345
109,54.68227424749164,0.95,45.5,0.9292929292929294,1.6565656565656568,0.008531379366404046,0.9914686206335962,0.9996216304163059,0.00037836958369765866
110,55.18394648829432,0.95,45.5,0.9292929292929294,1.6565656565656568,0.008531610963929638,0.9914683890360706,0.9996485515837068,0.00035144841629664383
111,55.68561872909699,0.95,45.5,0.9292929292929294,1.6565656565656568,0.008531826158203245,0.991468173841797,0.9996735570108215,0.0003264429891816998
112,56.187290969899664,0.95,45.5,0.9292929292929294,1.6565656565656568,0.008532026123489406,0.9914679738765108,0.9996967838064537,0.0003032161935492967
113,56.68896321070234,0.95,45.5,0.9292929292929294,1.6565656565656568,0.008532211968219244,0.991467788031781,0.9997183587003596,0.0002816412996388535
114,57.19063545150502,0.95,45.5,0.9292929292929294,1.6565656565656568,0.008532384538478422,0.9914676154615218,0.9997383979890478,0.0002616020109276384
115,57.69230769230769,0.95,45.5,0.9292929292929294,1.6565656565656568,0.0085325447677274,0.9914674552322729,0.999757012220285,0.00024298777963824384
116,58.19397993311037,0.95,45.5,0.9292929292929294,1.6565656565656568,0.008532693573390478,0.9914673064266099,0.9997743021450016,0.00022569785485232767
117,58.69565217391305,0.95,45.5,0.9292929292929294,1.6565656565656568,0.008532831812992907,0.9914671681870074,0.9997903617713376,0.00020963822844507045
118,59.197324414715716,0.95,45.5,0.9292929292929294,1.6565656565656568,0.008532960250110714,0.9914670397498896,0.9998052795440833,0.00019472045563693856
119,59.69899665551839,0.95,45.5,0.9292929292929294,1.6565656565656568,0.008533079529558446,0.9914669204704418,0.9998191354768339,0.0001808645228250446
120,60.20066889632107,0.95,45.5,0.9292929292929294,1.6565656565656568,0.008533190337374425,0.9914668096626258,0.999832005794247,0.00016799420537034774
121,60.702341137123746,0.95,45.5,0.9292929292929294,1.6565656565656568,0.008533293279701452,0.9914667067202988,0.9998439606868048,0.0001560393127965167
122,61.20401337792642,0.95,45.5,0.9292929292929294,1.6565656565656568,0.008533388891374245,0.991466611108626,0.9998550646383366,0.00014493536126335135
123,61.7056856187291,0.95,45.5,0.9292929292929294,1.6565656565656568,0.00853347769003925,0.991466522309961,0.9998653787464428,0.00013462125316896848
124,62.207357859531776,0.95,45.5,0.9292929292929294,1.6565656565656568,0.008533560166646236,0.991466439833354,0.9998749588591197,0.00012504114051550236
125,62.709030100334445,0.95,45.5,0.9292929292929294,1.6565656565656568,0.0085336367774831,0.9914663632225171,0.9998838571294171,0.00011614287024659645
126,63.21070234113712,0.95,45.5,0.9292929292929294,1.6565656565656568,0.008533707941708182,0.991466292058292,0.999892122503169,0.00010787749651454215
127,63.7123745819398,0.95,45.5,0.9292929292929294,1.6565656565656568,0.008533774028217098,0.9914662259717831,0.9998997989291788,0.00010020107052883742
128,64.21404682274247,0.95,45.5,0.9292929292929294,1.6565656565656568,0.008533835409885018,0.9914661645901152,0.9999069289716728,9.307102805055571e-05
129,64.71571906354515,0.95,45.5,0.9292929292929294,1.6565656565656568,0.008533892429891013,0.9914661075701091,0.999913552063026,8.64479367003568e-05
130,65.21739130434783,0.95,45.5,0.9292929292929294,1.6565656565656568,0.00853394538684552,0.9914660546131546,0.9999197031339857,8.029686573324566e-05
131,65.7190635451505,0.95,45.5,0.9292929292929294,1.6565656565656568,0.008533994578906112,0.9914660054210941,0.9999254163082252,7.458369147666838e-05
132,66.22073578595318,0.95,45.5,0.9292929292929294,1.6565656565656568,0.008534040284441727,0.9914659597155585,0.9999307233893613,6.92766103182925e-05
133,66.72240802675586,0.95,45.5,0.9292929292929294,1.6565656565656568,0.008534082737724947,0.9914659172622753,0.9999356526667809,6.434733287036059e-05
134,67.22408026755853,0.95,45.5,0.9292929292929294,1.6565656565656568,0.008534122161626412,0.9914658778383738,0.9999402309268093,5.976907281141855e-05
135,67.72575250836121,0.95,45.5,0.9292929292929294,1.6565656565656568,0.008534158770554839,0.9914658412294454,0.9999444837558497,5.551624374695281e-05
136,68.22742474916387,0.95,45.5,0.9292929292929294,1.6565656565656568,0.008534192773384635,0.9914658072266155,0.999948434151932,5.156584764819048e-05
137,68.72909698996655,0.95,45.5,0.9292929292929294,1.6565656565656568,0.00853422437601924,0.991465775623981,0.9999521032158987,4.7896783670993994e-05
138,69.23076923076923,0.95,45.5,0.9292929292929294,1.6565656565656568,0.008534253759824709,0.9914657462401755,0.9999555114041251,4.4488595445194025e-05
139,69.7324414715719,0.95,45.5,0.9292929292929294,1.6565656565656568,0.008534281074551644,0.9914657189254485,0.999958677294164,4.132270541814921e-05
140,70.23411371237458,0.95,45.5,0.9292929292929294,1.6565656565656568,0.008534306392526132,0.991465693607474,0.9999616176825054,3.8382317097289696e-05
141,70.73578595317726,0.95,45.5,0.9292929292929294,1.6565656565656568,0.008534329841853669,0.9914656701581465,0.9999643489240558,3.565107557299564e-05
142,71.23745819397993,0.95,45.5,0.9292929292929294,1.6565656565656568,0.008534351538273153,0.991465648461727,0.9999668859996557,3.311400000063912e-05
143,71.73913043478261,0.95,45.5,0.9292929292929294,1.6565656565656568,0.008534371807513966,0.9914656281924862,0.9999692422753689,3.0757724320112187e-05
144,72.24080267558529,0.95,45.5,0.9292929292929294,1.6565656565656568,0.008534390780870054,0.9914656092191302,0.9999714308996566,2.85691000629178e-05
145,72.74247491638796,0.95,45.5,0.9292929292929294,1.6565656565656568,0.008534408675507633,0.9914655913244925,0.999973463977924,2.6536021819571552e-05
146,73.24414715719064,0.95,45.5,0.9292929292929294,1.6565656565656568,0.008534425056436519,0.9914655749435637,0.9999753517815398,2.4648218231210956e-05
147,73.74581939799332,0.95,45.5,0.9292929292929294,1.6565656565656568,0.008534440200085924,0.9914655597999142,0.9999771051110523,2.2894888744114633e-05
148,74.24749163879599,0.95,45.5,0.9292929292929294,1.6565656565656568,0.00853445411039572,0.9914655458896044,0.9999787337597971,2.126624002365121e-05
149,74.74916387959867,0.95,45.5,0.9292929292929294,1.6565656565656568,0.00853446678400393,0.9914655332159963,0.9999802469367783,1.975306307043428e-05
150,75.25083612040133,0.95,45.5,0.9292929292929294,1.6565656565656568,0.008534478698855416,0.9914655213011447,0.9999816516710011,1.8348328955619175e-05
151,75.75250836120401,0.95,45.5,0.9292929292929294,1.6565656565656568,0.008534489797642542,0.9914655102023576,0.9999829563993851,1.704360076883048e-05
152,76.25418060200668,0.95,45.5,0.9292929292929294,1.6565656565656568,0.00853450023382042,0.9914654997661798,0.9999841684846258,1.5831515859690676e-05
153,76.75585284280936,0.95,45.5,0.9292929292929294,1.6565656565656568,0.008534510155480806,0.9914654898445194,0.9999852948214804,1.4705179509313929e-05
154,77.25752508361204,0.95,45.5,0.9292929292929294,1.6565656565656568,0.008534519221880256,0.99146548077812,0.9999863404536821,1.365954776879383e-05
155,77.75919732441471,0.95,45.5,0.9292929292929294,1.6565656565656568,0.008534527648089372,0.991465472351911,0.9999873117428325,1.2688259097445745e-05
156,78.26086956521739,0.95,45.5,0.9292929292929294,1.6565656565656568,0.008534535434164875,0.9914654645658354,0.9999882141293372,1.1785873033398785e-05
157,78.76254180602007,0.95,45.5,0.9292929292929294,1.6565656565656568,0.008534542578403716,0.9914654574215965,0.9999890526729598,1.094732975359618e-05
158,79.26421404682274,0.95,45.5,0.9292929292929294,1.6565656565656568,0.00853454929332369,0.9914654507066766,0.9999898312607718,1.0168742296528091e-05
159,79.76588628762542,0.95,45.5,0.9292929292929294,1.6565656565656568,0.008534555521353447,0.9914654444786468,0.9999905545120131,9.445491312774675e-06
160,80.2675585284281,0.95,45.5,0.9292929292929294,1.6565656565656568,0.008534561295802282,0.9914654387041979,0.9999912264276698,8.773575776253204e-06
161,80.76923076923077,0.95,45.5,0.9292929292929294,1.6565656565656568,0.008534566650321885,0.9914654333496784,0.9999918507185033,8.149284899241435e-06
162,81.27090301003345,0.95,45.5,0.9292929292929294,1.6565656565656568,0.008534571618484385,0.9914654283815159,0.9999924304060922,7.569597215408337e-06
163,81.77257525083613,0.95,45.5,0.9292929292929294,1.6565656565656568,0.008534576237722153,0.9914654237622781,0.9999929688566622,7.031146464511858e-06
164,82.27424749163879,0.95,45.5,0.9292929292929294,1.6565656565656568,0.00853458054790971,0.9914654194520905,0.9999934690549033,6.530947993288936e-06
165,82.77591973244147,0.95,45.5,0.9292929292929294,1.6565656565656568,0.008534584581889664,0.9914654154181105,0.9999939337645802,6.066238074628197e-06
166,83.27759197324414,0.95,45.5,0.9292929292929294,1.6565656565656568,0.00853458830546789,0.9914654116945323,0.9999943652189119,5.6347834289689306e-06
167,83.77926421404682,0.95,45.5,0.9292929292929294,1.6565656565656568,0.008534591764262729,0.9914654082357375,0.9999947659609172,5.234041123723343e-06
168,84.2809364548495,0.95,45.5,0.9292929292929294,1.6565656565656568,0.008534594971458618,0.9914654050285415,0.999995138243367,4.861758434808547e-06
169,84.78260869565217,0.95,45.5,0.9292929292929294,1.6565656565656568,0.008534597943002705,0.9914654020569975,0.9999954840918671,4.515909772108069e-06
170,85.28428093645485,0.95,45.5,0.9292929292929294,1.6565656565656568,0.008534600720228705,0.9914653992797715,0.9999958049186037,4.195082792010818e-06
171,85.78595317725753,0.95,45.5,0.9292929292929294,1.6565656565656568,0.00853460329839287,0.9914653967016074,0.9999961028186541,3.897182527796013e-06
172,86.2876254180602,0.95,45.5,0.9292929292929294,1.6565656565656568,0.008534605687273066,0.9914653943127272,0.999996379504626,3.620496374353432e-06
173,86.78929765886288,0.95,45.5,0.9292929292929294,1.6565656565656568,0.008534607894373448,0.9914653921056268,0.9999966366253337,3.3633755155348467e-06
174,87.29096989966555,0.95,45.5,0.9292929292929294,1.6565656565656568,0.0085346099260765,0.9914653900739238,0.9999968757526161,3.124248098922811e-06
175,87.79264214046823,0.95,45.5,0.9292929292929294,1.6565656565656568,0.00853461182909768,0.9914653881709026,0.999997097276492,2.9027238726818373e-06
176,88.29431438127091,0.95,45.5,0.9292929292929294,1.6565656565656568,0.00853461359568482,0.9914653864043155,0.9999973029910135,2.697008804426653e-06
177,88.79598662207358,0.95,45.5,0.9292929292929294,1.6565656565656568,0.00853461523773814,0.9914653847622621,0.999997494104627,2.5058943497373013e-06
178,89.29765886287625,0.95,45.5,0.9292929292929294,1.6565656565656568,0.008534616767393019,0.9914653832326072,0.9999976717841425,2.328213577927749e-06
179,89.79933110367892,0.95,45.5,0.9292929292929294,1.6565656565656568,0.008534618197203052,0.9914653818027972,0.9999978371677993,2.1628281051468336e-06
180,90.3010033444816,0.95,45.5,0.9292929292929294,1.6565656565656568,0.008534619518336522,0.9914653804816637,0.9999979904952176,2.0094990606307663e-06
181,90.80267558528428,0.95,45.5,0.9292929292929294,1.6565656565656568,0.008534620743999764,0.9914653792560004,0.9999981328572563,1.8671354175439437e-06
182,91.30434782608695,0.95,45.5,0.9292929292929294,1.6565656565656568,0.008534621883482668,0.9914653781165176,0.9999982651592365,1.734831861502398e-06
183,91.80602006688963,0.95,45.5,0.9292929292929294,1.6565656565656568,0.008534622943401075,0.9914653770565991,0.9999983881765574,1.6118131289499252e-06
184,92.3076923076923,0.95,45.5,0.9292929292929294,1.6565656565656568,0.008534623930023376,0.9914653760699769,0.9999985026538585,1.4973347522579837e-06
185,92.80936454849498,0.95,45.5,0.9292929292929294,1.6565656565656568,0.008534624846612332,0.9914653751533878,0.9999986089646183,1.3910229792125163e-06
186,93.31103678929766,0.95,45.5,0.9292929292929294,1.6565656565656568,0.008534625697689575,0.9914653743023106,0.999998707659327,1.2923273576068393e-06
187,93.81270903010034,0.95,45.5,0.9292929292929294,1.6565656565656568,0.008534626488359402,0.9914653735116408,0.9999987993794835,1.2006066096843348e-06
188,94.31438127090301,0.95,45.5,0.9292929292929294,1.6565656565656568,0.0085346272225616,0.9914653727774386,0.999998884634131,1.1153517785031007e-06
189,94.81605351170569,0.95,45.5,0.9292929292929294,1.6565656565656568,0.008534627903896556,0.9914653720961036,0.9999989639065552,1.0360796694628933e-06
190,95.31772575250837,0.95,45.5,0.9292929292929294,1.6565656565656568,0.00853462853657144,0.9914653714634287,0.9999990375558636,9.624309989315354e-07
191,95.81939799331104,0.95,45.5,0.9292929292929294,1.6565656565656568,0.008534629124640142,0.99146537087536,0.9999991059127644,8.940748524440759e-07
192,96.3210702341137,0.95,45.5,0.9292929292929294,1.6565656565656568,0.008534629670921863,0.9914653703290783,0.9999991694119138,8.30576672086229e-07
193,96.82274247491638,0.95,45.5,0.9292929292929294,1.6565656565656568,0.008534630178695548,0.9914653698213046,0.9999992284083384,7.715813363594382e-07
194,97.32441471571906,0.95,45.5,0.9292929292929294,1.6565656565656568,0.008534630651202,0.9914653693487981,0.999999283243371,7.167473843145078e-07
195,97.82608695652173,0.95,45.5,0.9292929292929294,1.6565656565656568,0.008534631090544663,0.9914653689094555,0.9999993341881401,6.658036903201161e-07
196,98.32775919732441,0.95,45.5,0.9292929292929294,1.6565656565656568,0.008534631497232386,0.9914653685027678,0.9999993814211136,6.18571992687962e-07
197,98.82943143812709,0.95,45.5,0.9292929292929294,1.6565656565656568,0.008534631874925742,0.9914653681250744,0.9999994252816324,5.747126624687227e-07
198,99.33110367892976,0.95,45.5,0.9292929292929294,1.6565656565656568,0.008534632225848627,0.9914653677741515,0.9999994660283379,5.33966956370499e-07
199,99.83277591973244,0.95,45.5,0.9292929292929294,1.6565656565656568,0.00853463255216521,0.991465367447835,0.9999995039139982,4.960819911203777e-07
200,100.33444816053512,0.95,45.5,0.9292929292929294,1.6565656565656568,0.008534632855445416,0.9914653671445548,0.9999995391207959,4.6087561054859914e-07
201,100.8361204013378,0.95,45.5,0.9292929292929294,1.6565656565656568,0.00853463313489695,0.9914653668651032,0.999999571546158,4.28451056053756e-07
202,101.33779264214047,0.95,45.5,0.9292929292929294,1.6565656565656568,0.008534633393926924,0.9914653666060732,0.9999996015978997,3.9840000063282564e-07
203,101.83946488294315,0.95,45.5,0.9292929292929294,1.6565656565656568,0.008534633634125696,0.9914653663658745,0.9999996294652906,3.7053316550442264e-07
204,102.34113712374582,0.95,45.5,0.9292929292929294,1.6565656565656568,0.008534633857068319,0.9914653661429319,0.9999996553373988,3.446614816915942e-07
205,102.8428093645485,0.95,45.5,0.9292929292929294,1.6565656565656568,0.008534634064335063,0.9914653659356651,0.9999996794056347,3.2059354606120156e-07
206,103.34448160535118,0.95,45.5,0.9292929292929294,1.6565656565656568,0.008534634257531936,0.9914653657424682,0.9999997018662969,2.981330773633019e-07
207,103.84615384615384,0.95,45.5,0.9292929292929294,1.6565656565656568,0.008534634438311223,0.991465365561689,0.9999997229231169,2.7707637227053e-07
208,104.34782608695652,0.95,45.5,0.9292929292929294,1.6565656565656568,0.00853463460350494,0.9914653653964953,0.9999997421154203,2.578851046841766e-07
209,104.84949832775919,0.95,45.5,0.9292929292929294,1.6565656565656568,0.008534634756263404,0.9914653652437369,0.9999997598548922,2.4014737829273084e-07
210,105.35117056856187,0.95,45.5,0.9292929292929294,1.6565656565656568,0.008534634898064417,0.9914653651019358,0.9999997763226072,2.23682270696863e-07
211,105.85284280936455,0.95,45.5,0.9292929292929294,1.6565656565656568,0.008534635029963988,0.9914653649700362,0.9999997916413327,2.0836728935231927e-07
212,106.35451505016722,0.95,45.5,0.9292929292929294,1.6565656565656568,0.008534635153035382,0.9914653648469648,0.9999998059358295,1.9407799036155148e-07
213,106.8561872909699,0.95,45.5,0.9292929292929294,1.6565656565656568,0.008534635268382124,0.9914653647316181,0.9999998193343571,1.8068647500877154e-07
214,107.35785953177258,0.95,45.5,0.9292929292929294,1.6565656565656568,0.008534635377150988,0.9914653646228492,0.99999983197018,1.680598862950059e-07
215,107.85953177257525,0.95,45.5,0.9292929292929294,1.6565656565656568,0.008534635477638056,0.9914653645223621,0.999999843644056,1.5639486672320013e-07
216,108.36120401337793,0.95,45.5,0.9292929292929294,1.6565656565656568,0.008534635569830895,0.9914653644301693,0.9999998543539512,1.4569260751138596e-07
217,108.8628762541806,0.95,45.5,0.9292929292929294,1.6565656565656568,0.008534635655728531,0.9914653643442717,0.9999998643323466,1.3572186801061187e-07
218,109.36454849498328,0.95,45.5,0.9292929292929294,1.6565656565656568,0.00853463573587401,0.9914653642641261,0.9999998736418437,1.264197121710717e-07
219,109.86622073578596,0.95,45.5,0.9292929292929294,1.6565656565656568,0.008534635810795015,0.9914653641892052,0.999999882343165,1.1772501264729033e-07
220,110.36789297658864,0.95,45.5,0.9292929292929294,1.6565656565656568,0.008534635881009665,0.9914653641189906,0.9999998904958204,1.095777783108656e-07
221,110.8695652173913,0.95,45.5,0.9292929292929294,1.6565656565656568,0.00853463594703233,0.9914653640529678,0.9999998981587754,1.0191848176321049e-07
222,111.37123745819397,0.95,45.5,0.9292929292929294,1.6565656565656568,0.008534636008877801,0.9914653639911224,0.9999999053353104,9.474438353219942e-08
223,111.87290969899665,0.95,45.5,0.9292929292929294,1.6565656565656568,0.008534636065819015,0.9914653639341812,0.9999999119460873,8.813704810793387e-08
224,112.37458193979933,0.95,45.5,0.9292929292929294,1.6565656565656568,0.00853463611894822,0.991465363881052,0.9999999181141106,8.197132199960215e-08
225,112.876254180602,0.95,45.5,0.9292929292929294,1.6565656565656568,0.008534636168506516,0.9914653638314936,0.9999999238676508,7.621874767188981e-08
226,113.37792642140468,0.95,45.5,0.9292929292929294,1.6565656565656568,0.008534636214716207,0.9914653637852839,0.9999999292328673,7.085297695102436e-08
227,113.87959866220736,0.95,45.5,0.9292929292929294,1.6565656565656568,0.008534636257783989,0.9914653637422162,0.9999999342341853,6.584939492598343e-08
228,114.38127090301003,0.95,45.5,0.9292929292929294,1.6565656565656568,0.008534636297904151,0.991465363702096,0.9999999388946734,6.118474384970296e-08
229,114.88294314381271,0.95,45.5,0.9292929292929294,1.6565656565656568,0.008534636335260184,0.99146536366474,0.9999999432361505,5.6837057184325106e-08
230,115.38461538461539,0.95,45.5,0.9292929292929294,1.6565656565656568,0.008534636369921479,0.9914653636300788,0.9999999472614758,5.28060499624603e-08
231,115.88628762541806,0.95,45.5,0.9292929292929294,1.6565656565656568,0.008534636402111325,0.9914653635978888,0.9999999509998996,4.906110706735067e-08
232,116.38795986622074,0.95,45.5,0.9292929292929294,1.6565656565656568,0.008534636431988832,0.9914653635680114,0.9999999544698593,4.558405504188087e-08
233,116.88963210702342,0.95,45.5,0.9292929292929294,1.6565656565656568,0.008534636459714194,0.991465363540286,0.999999957689898,4.2356684048890926e-08
234,117.3913043478261,0.95,45.5,0.9292929292929294,1.6565656565656568,0.008534636485451729,0.9914653635145485,0.9999999606790151,3.936040109933356e-08
235,117.89297658862876,0.95,45.5,0.9292929292929294,1.6565656565656568,0.008534636509372938,0.9914653634906273,0.9999999634570187,3.657588328043168e-08
236,118.39464882943143,0.95,45.5,0.9292929292929294,1.6565656565656568,0.008534636531659534,0.9914653634683407,0.9999999660448768,3.398273098383538e-08
237,118.89632107023411,0.95,45.5,0.9292929292929294,1.6565656565656568,0.008534636552086283,0.9914653634479139,0.9999999684171309,3.160430641069204e-08
238,119.39799331103679,0.95,45.5,0.9292929292929294,1.6565656565656568,0.008534636570833162,0.991465363429167,0.9999999705945511,2.9420383916825115e-08
239,119.89966555183946,0.95,45.5,0.9292929292929294,1.6565656565656568,0.008534636588157177,0.991465363411843,0.9999999726067013,2.7402420737794785e-08
240,120.40133779264214,0.95,45.5,0.9292929292929294,1.6565656565656568,0.008534636604204102,0.991465363395796,0.9999999744704662,2.5533780398203557e-08
241,120.90301003344482,0.95,45.5,0.9292929292929294,1.6565656565656568,0.008534636619130667,0.9914653633808695,0.9999999762039952,2.3796574570739768e-08
242,121.40468227424749,0.95,45.5,0.9292929292929294,1.6565656565656568,0.00853463663310677,0.9914653633668934,0.9999999778269587,2.2171406343499744e-08
243,121.90635451505017,0.95,45.5,0.9292929292929294,1.6565656565656568,0.00853463664631769,0.9914653633536825,0.9999999793608043,2.0637113487309917e-08
244,122.40802675585284,0.95,45.5,0.9292929292929294,1.6565656565656568,0.008534636658030472,0.9914653633419697,0.9999999807208589,1.92766043248412e-08
245,122.90969899665552,0.95,45.5,0.9292929292929294,1.6565656565656568,0.008534636667602426,0.9914653633323977,0.9999999818328837,1.8162518701129656e-08
246,123.4113712374582,0.95,45.5,0.9292929292929294,1.6565656565656568,0.008534636676158591,0.9914653633238415,0.9999999828269386,1.7167052878431348e-08
247,123.91304347826087,0.95,45.5,0.9292929292929294,1.6565656565656568,0.008534636683811558,0.9914653633161885,0.9999999837160781,1.6277134078439655e-08
248,124.41471571906355,0.95,45.5,0.9292929292929294,1.6565656565656568,0.008534636690686154,0.991465363309314,0.9999999845147742,1.5478250384610022e-08
249,124.91638795986621,0.95,45.5,0.9292929292929294,1.6565656565656568,0.008534636696921082,0.991465363303079,0.9999999852391073,1.4754256856733327e-08
250,125.41806020066889,0.95,45.5,0.9292929292929294,1.6565656565656568,0.008534636702670578,0.9914653632973296,0.9999999859069583,1.4087181645509155e-08
251,125.91973244147157,0.95,45.5,0.9292929292929294,1.6565656565656568,0.008534636708106072,0.991465363291894,0.9999999865382013,1.3457032107119274e-08
252,126.42140468227424,0.95,45.5,0.9292929292929294,1.6565656565656568,0.008534636713417837,0.9914653632865823,0.9999999871548956,1.2841600917800914e-08
253,126.92307692307692,0.95,45.5,0.9292929292929294,1.6565656565656568,0.008534636718816647,0.9914653632811835,0.999999987781477,1.2216272188420144e-08
254,127.4247491638796,0.95,45.5,0.9292929292929294,1.6565656565656568,0.00853463672453543,0.9914653632754646,0.9999999884449509,1.1553827579045227e-08
255,127.92642140468227,0.95,45.5,0.9292929292929294,1.6565656565656568,0.008534636730830929,0.9914653632691692,0.9999999891750834,1.082425241351998e-08
256,128.42809364548495,0.95,45.5,0.9292929292929294,1.6565656565656568,0.008534636735335579,0.9914653632646645,0.9999999897011855,1.0406820054286994e-08
257,128.9297658862876,0.95,45.5,0.9292929292929294,1.6565656565656568,0.008534636739458767,0.9914653632605414,0.9999999901850835,1.0094182426492128e-08
258,129.4314381270903,0.95,45.5,0.9292929292929294,1.6565656565656568,0.008534636743754691,0.9914653632562455,0.9999999906907234,9.813150322815722e-09
259,129.93311036789297,0.95,45.5,0.9292929292929294,1.6565656565656568,0.00853463674837207,0.991465363251628,0.9999999912356681,9.55478519741067e-09
260,130.43478260869566,0.95,45.5,0.9292929292929294,1.6565656565656568,0.008534636753472139,0.991465363246528,0.9999999918389607,9.30942791651745e-09
261,130.93645484949832,0.95,45.5,0.9292929292929294,1.6565656565656568,0.008534636759229552,0.9914653632407705,0.9999999925212312,9.066621886776894e-09
262,131.438127090301,0.95,45.5,0.9292929292929294,1.6565656565656568,0.008534636765833279,0.9914653632341668,0.9999999933048014,8.815036183542689e-09
263,131.93979933110367,0.95,45.5,0.9292929292929294,1.6565656565656568,0.008534636773487514,0.9914653632265126,0.9999999942137922,8.542388679194126e-09
264,132.44147157190636,0.95,45.5,0.9292929292929294,1.6565656565656568,0.008534636782412576,0.9914653632175875,0.9999999952742282,8.23536917144861e-09
265,132.94314381270902,0.95,45.5,0.9292929292929294,1.6565656565656568,0.008534636792845815,0.9914653632071543,0.9999999965141448,7.879562511674413e-09
266,133.44481605351172,0.95,45.5,0.9292929292929294,1.6565656565656568,0.008534636805042512,0.9914653631949576,0.9999999979636937,7.45937173320317e-09
267,133.94648829431438,0.95,45.5,0.9292929292929294,1.6565656565656568,0.008534636817715784,0.9914653631822843,0.9999999994686224,7.026811487883812e-09
268,134.44816053511707,0.95,45.5,0.9292929292929294,1.6565656565656568,0.008534636826595833,0.9914653631734043,1.0000000005180225,6.765036632670435e-09
269,134.94983277591973,0.95,45.5,0.9292929292929294,1.6565656565656568,0.008534636835464324,0.9914653631645357,1.0000000015635497,6.5014736864946075e-09
270,135.45150501672242,0.95,45.5,0.9292929292929294,1.6565656565656568,0.008534636844200137,0.9914653631557999,1.0000000025902251,6.235199086702405e-09
271,135.95317725752508,0.95,45.5,0.9292929292929294,1.6565656565656568,0.008534636852662682,0.9914653631473374,1.0000000035807044,5.965572533803893e-09
272,136.45484949832775,0.95,45.5,0.9292929292929294,1.6565656565656568,0.00853463686069115,0.9914653631393089,1.0000000045151856,5.6922328378686225e-09
273,136.95652173913044,0.95,45.5,0.9292929292929294,1.6565656565656568,0.008534636868103773,0.9914653631318963,1.0000000053713198,5.4150937649212796e-09
274,137.4581939799331,0.95,45.5,0.9292929292929294,1.6565656565656568,0.00853463687469707,0.991465363125303,1.0000000061241192,5.134339883337334e-09
275,137.9598662207358,0.95,45.5,0.9292929292929294,1.6565656565656568,0.008534636880245111,0.991465363119755,1.0000000067458659,4.850422410238527e-09
276,138.46153846153845,0.95,45.5,0.9292929292929294,1.6565656565656568,0.008534636884498764,0.9914653631155013,1.0000000072060207,4.564055057888608e-09
277,138.96321070234114,0.95,45.5,0.9292929292929294,1.6565656565656568,0.008534636887184954,0.9914653631128151,1.000000007471133,4.276209880088802e-09
278,139.4648829431438,0.95,45.5,0.9292929292929294,1.6565656565656568,0.008534636888005919,0.9914653631119942,1.0000000075047482,3.9881131185735444e-09
279,139.9665551839465,0.95,45.5,0.9292929292929294,1.6565656565656568,0.00853463688988758,0.9914653631101126,1.0000000076779894,3.7011430556230626e-09
280,140.46822742474916,0.95,45.5,0.9292929292929294,1.6565656565656568,0.008534636892406263,0.9914653631075939,1.0000000079387314,3.4170240889430477e-09
281,140.96989966555185,0.95,45.5,0.9292929292929294,1.6565656565656568,0.008534636894102712,0.9914653631058974,1.0000000081040843,3.1377527643472e-09
282,141.4715719063545,0.95,45.5,0.9292929292929294,1.6565656565656568,0.008534636894922227,0.9914653631050779,1.0000000081688165,2.865520005141262e-09
283,141.9732441471572,0.95,45.5,0.9292929292929294,1.6565656565656568,0.008534636894813073,0.9914653631051871,1.0000000081282039,2.6027492081555427e-09
284,142.47491638795987,0.95,45.5,0.9292929292929294,1.6565656565656568,0.008534636893726947,0.9914653631062732,1.0000000079780917,2.352092053518519e-09
285,142.97658862876253,0.95,45.5,0.9292929292929294,1.6565656565656568,0.008534636891619448,0.9914653631083807,1.0000000077149578,2.1164243144302052e-09
286,143.47826086956522,0.95,45.5,0.9292929292929294,1.6565656565656568,0.008534636888450544,0.9914653631115496,1.000000007335974,1.898841666935676e-09
287,143.97993311036788,0.95,45.5,0.9292929292929294,1.6565656565656568,0.008534636884185046,0.9914653631158151,1.0000000068390702,1.7026554996985775e-09
288,144.48160535117057,0.95,45.5,0.9292929292929294,1.6565656565656568,0.00853463687879307,0.991465363121207,1.0000000062229946,1.5313887237745195e-09
289,144.98327759197323,0.95,45.5,0.9292929292929294,1.6565656565656568,0.00853463687225051,0.9914653631277496,1.0000000054873774,1.388771582384639e-09
290,145.48494983277592,0.95,45.5,0.9292929292929294,1.6565656565656568,0.008534636864667442,0.9914653631353326,1.0000000046443265,1.2745572047239037e-09
291,145.9866220735786,0.95,45.5,0.9292929292929294,1.6565656565656568,0.008534636858017131,0.991465363141983,1.0000000038743153,1.1280371202190397e-09
292,146.48829431438128,0.95,45.5,0.9292929292929294,1.6565656565656568,0.008534636850980335,0.9914653631490198,1.0000000030614216,9.965155992419066e-10
293,146.98996655518394,0.95,45.5,0.9292929292929294,1.6565656565656568,0.008534636843699749,0.9914653631563003,1.0000000022219573,8.799683625876816e-10
294,147.49163879598663,0.95,45.5,0.9292929292929294,1.6565656565656568,0.00853463683633906,0.9914653631636611,1.000000001374588,7.781371615640762e-10
295,147.9933110367893,0.95,45.5,0.9292929292929294,1.6565656565656568,0.008534636829083921,0.9914653631709162,1.000000000540441,6.905089407845157e-10
296,148.49498327759198,0.95,45.5,0.9292929292929294,1.6565656565656568,0.008534636822142928,0.9914653631778572,0.9999999997432133,6.162950009612203e-10
297,148.99665551839465,0.95,45.5,0.9292929292929294,1.6565656565656568,0.008534636815748599,0.9914653631842515,0.99999999900928,5.544101616983718e-10
298,149.49832775919734,0.95,45.5,0.9292929292929294,1.6565656565656568,0.008534636810158352,0.9914653631898417,0.9999999983678036,5.034519242852074e-10
299,150.0,0.95,45.5,0.9292929292929294,1.6565656565656568,0.00853463680565549,0.9914653631943446,0.9999999978508408,4.616796344891746e-10
