,time,sigma,beta,S,I,C,D
0,0.0,0.595959595959596,0.09090909090909091,0.9998,0.0002,0.5,0.5
1,0.5016722408026756,0.595959595959596,0.09090909090909091,0.9998085535810445,0.00019144641895538648,0.47911407078678697,0.5208859292132131
2,1.0033444816053512,0.595959595959596,0.09090909090909091,0.9998166353087379,0.0001833646912619864,0.45830064930610787,0.5416993506938921
3,1.5050167224080266,0.595959595959596,0.09090909090909091,0.9998242707413016,0.00017572925869826248,0.43763154816487804,0.562368451835122
4,2.0066889632107023,0.595959595959596,0.09090909090909091,0.9998314861974704,0.00016851380252947405,0.41717654612174243,0.5828234538782575
5,2.508361204013378,0.595959595959596,0.09090909090909091,0.9998383066692411,0.00016169333075869905,0.3970025119412829,0.6029974880587171
6,3.0100334448160533,0.595959595959596,0.09090909090909091,0.9998447558677849,0.00015524413221498293,0.37717255779939546,0.6228274422006046
7,3.511705685618729,0.595959595959596,0.09090909090909091,0.9998508562712445,0.0001491437287552824,0.3577453375281783,0.6422546624718217
8,4.013377926421405,0.595959595959596,0.09090909090909091,0.9998566291761523,0.00014337082384747551,0.3387743403543769,0.6612256596456232
9,4.51505016722408,0.595959595959596,0.09090909090909091,0.9998620947333102,0.00013790526668960387,0.3203075128790737,0.6796924871209263
10,5.016722408026756,0.595959595959596,0.09090909090909091,0.9998672719922904,0.0001327280077093842,0.302386863913403,0.6976131360865971
11,5.518394648829432,0.595959595959596,0.09090909090909091,0.9998721789406358,0.00012782105936391154,0.2850482606988577,0.7149517393011424
12,6.020066889632107,0.595959595959596,0.09090909090909091,0.9998768325421757,0.00012316745782393003,0.2683213570184635,0.7316786429815367
13,6.521739130434782,0.595959595959596,0.09090909090909091,0.9998812487749428,0.0001187512250569418,0.2522296482078607,0.7477703517921395
14,7.023411371237458,0.595959595959596,0.09090909090909091,0.9998854426689628,0.00011455733103680368,0.23679056712453228,0.7632094328754678
15,7.525083612040134,0.595959595959596,0.09090909090909091,0.9998894283429486,0.00011057165705110173,0.22201585664237317,0.777984143357627
16,8.02675585284281,0.595959595959596,0.09090909090909091,0.9998932190420723,0.000106780957927367,0.20791185034903514,0.792088149650965
17,8.528428093645484,0.595959595959596,0.09090909090909091,0.9998968271768361,0.00010317282316359102,0.1944797804146819,0.8055202195853182
18,9.03010033444816,0.595959595959596,0.09090909090909091,0.999900264358587,9.973564141271333e-05,0.1817163550980001,0.8182836449020001
19,9.531772575250836,0.595959595959596,0.09090909090909091,0.9999035414383769,9.645856162284424e-05,0.16961415142095565,0.8303858485790445
20,10.033444816053512,0.595959595959596,0.09090909090909091,0.9999066685444178,9.333145558200305e-05,0.1581621157553753,0.8418378842446249
21,10.535117056856187,0.595959595959596,0.09090909090909091,0.9999096551194079,9.034488059186055e-05,0.14734605986493615,0.852653940135064
22,11.036789297658864,0.595959595959596,0.09090909090909091,0.9999125099574865,8.74900425132212e-05,0.13714913186323618,0.8628508681367639
23,11.538461538461538,0.595959595959596,0.09090909090909091,0.9999152412410195,8.475875898028752e-05,0.12755227654342818,0.8724477234565721
24,12.040133779264213,0.595959595959596,0.09090909090909091,0.9999178565764021,8.214342359758095e-05,0.11853467063889261,0.8814653293611077
25,12.54180602006689,0.595959595959596,0.09090909090909091,0.9999203630290859,7.96369709137096e-05,0.11007412478188014,0.8899258752181202
26,13.043478260869565,0.595959595959596,0.09090909090909091,0.9999227671578702,7.723284212940023e-05,0.10214745822172362,0.8978525417782767
27,13.545150501672241,0.595959595959596,0.09090909090909091,0.9999250750476919,7.492495230778743e-05,0.09473082547391191,0.9052691745260883
28,14.046822742474916,0.595959595959596,0.09090909090909091,0.9999272923416189,7.270765838077037e-05,0.08780001628552284,0.9121999837144774
29,14.548494983277592,0.595959595959596,0.09090909090909091,0.9999294242710687,7.057572893099382e-05,0.08133071421777492,0.9186692857822253
30,15.050167224080267,0.595959595959596,0.09090909090909091,0.9999314756851309,6.852431486886416e-05,0.07529872310934048,0.9247012768906597
31,15.551839464882944,0.595959595959596,0.09090909090909091,0.9999334510780143,6.654892198539163e-05,0.06968015645343578,0.9303198435465644
32,16.05351170568562,0.595959595959596,0.09090909090909091,0.9999353546153447,6.464538465513645e-05,0.06445159833710573,0.9355484016628944
33,16.555183946488295,0.595959595959596,0.09090909090909091,0.999937190158808,6.280984119175456e-05,0.05959023204283611,0.940409767957164
34,17.05685618729097,0.595959595959596,0.09090909090909091,0.9999389612893522,6.103871064756054e-05,0.05507394799424709,0.9449260520057531
35,17.558528428093645,0.595959595959596,0.09090909090909091,0.9999406713289424,5.932867105742531e-05,0.05088142011206654,0.9491185798879336
36,18.06020066889632,0.595959595959596,0.09090909090909091,0.999942323360881,5.7676639118824604e-05,0.04699217115468181,0.9530078288453184
37,18.561872909698998,0.595959595959596,0.09090909090909091,0.9999439202487468,5.607975125296442e-05,0.04338661155132161,0.9566133884486786
38,19.06354515050167,0.595959595959596,0.09090909090909091,0.9999454646539526,5.453534604716239e-05,0.04004606593727699,0.9599539340627232
39,19.565217391304348,0.595959595959596,0.09090909090909091,0.9999469590519666,5.304094803318084e-05,0.036952779407537564,0.9630472205924627
40,20.066889632107024,0.595959595959596,0.09090909090909091,0.9999484057476162,5.159425238352052e-05,0.03408993562794468,0.9659100643720556
41,20.568561872909697,0.595959595959596,0.09090909090909091,0.9999498068887499,5.019311124975303e-05,0.03144164185757007,0.9685583581424302
42,21.070234113712374,0.595959595959596,0.09090909090909091,0.9999511644792599,4.8835520739785124e-05,0.028992901623624175,0.9710070983763761
43,21.57190635451505,0.595959595959596,0.09090909090909091,0.9999524803907762,4.751960922353802e-05,0.026729609572244187,0.9732703904277561
44,22.073578595317727,0.595959595959596,0.09090909090909091,0.9999537563735386,4.6243626461215176e-05,0.02463851261063087,0.9753614873893695
45,22.5752508361204,0.595959595959596,0.09090909090909091,0.9999549940663294,4.500593367047573e-05,0.022707185729827772,0.9772928142701726
46,23.076923076923077,0.595959595959596,0.09090909090909091,0.9999561950055532,4.3804994446553413e-05,0.020923998405042207,0.9790760015949581
47,23.578595317725753,0.595959595959596,0.09090909090909091,0.9999573606335507,4.263936644915084e-05,0.019278079116231778,0.9807219208837685
48,24.080267558528426,0.595959595959596,0.09090909090909091,0.9999584923062301,4.150769376971374e-05,0.017759281327205088,0.9822407186727953
49,24.581939799331103,0.595959595959596,0.09090909090909091,0.9999595913000797,4.040869992013943e-05,0.016358142246925233,0.9836418577530751
50,25.08361204013378,0.595959595959596,0.09090909090909091,0.9999606588185108,3.934118148910023e-05,0.015065850516386727,0.9849341494836137
51,25.585284280936456,0.595959595959596,0.09090909090909091,0.9999616959975539,3.8304002445915016e-05,0.013874207785441479,0.9861257922145589
52,26.08695652173913,0.595959595959596,0.09090909090909091,0.9999627039112428,3.729608875717357e-05,0.012775595181083024,0.9872244048189174
53,26.588628762541806,0.595959595959596,0.09090909090909091,0.999963683576379,3.631642362097822e-05,0.01176293592473688,0.9882370640752635
54,27.090301003344482,0.595959595959596,0.09090909090909091,0.9999646359569622,3.5364043037829094e-05,0.010829663811411146,0.9891703361885893
55,27.59197324414716,0.595959595959596,0.09090909090909091,0.9999655619681466,3.443803185344943e-05,0.009969689564563265,0.9900303104354371
56,28.093645484949832,0.595959595959596,0.09090909090909091,0.9999664624799258,3.353752007415931e-05,0.00917737049168407,0.9908226295083163
57,28.59531772575251,0.595959595959596,0.09090909090909091,0.9999673383204757,3.266167952432175e-05,0.00844748161557992,0.9915525183844204
58,29.096989966555185,0.595959595959596,0.09090909090909091,0.9999681902790589,3.180972094111862e-05,0.007775185391676316,0.992224814608324
59,29.598662207357858,0.595959595959596,0.09090909090909091,0.99996901910893,3.098089107008832e-05,0.007156007566168415,0.992843992433832
60,30.100334448160535,0.595959595959596,0.09090909090909091,0.9999698255297479,3.0174470252189093e-05,0.0065858102228574765,0.9934141897771429
61,30.60200668896321,0.595959595959596,0.09090909090909091,0.9999706102299285,2.938977007149991e-05,0.006060768834316652,0.9939392311656837
62,31.103678929765888,0.595959595959596,0.09090909090909091,0.9999713738687384,2.8626131261695168e-05,0.005577350071353829,0.9944226499286466
63,31.60535117056856,0.595959595959596,0.09090909090909091,0.9999721170781372,2.7882921862964052e-05,0.005132290135601392,0.994867709864399
64,32.10702341137124,0.595959595959596,0.09090909090909091,0.9999728404646264,2.7159535373788886e-05,0.004722576060163623,0.9952774239398368
65,32.608695652173914,0.595959595959596,0.09090909090909091,0.9999735446107559,2.6455389244207582e-05,0.004345426558279341,0.995654573441721
66,33.11036789297659,0.595959595959596,0.09090909090909091,0.999974230076648,2.576992335218913e-05,0.003998275298029291,0.9960017247019711
67,33.61204013377927,0.595959595959596,0.09090909090909091,0.9999748974013164,2.5102598683853534e-05,0.003678754862438539,0.9963212451375618
68,34.11371237458194,0.595959595959596,0.09090909090909091,0.9999755471038692,2.4452896131004294e-05,0.0033846817361994027,0.996615318263801
69,34.61538461538461,0.595959595959596,0.09090909090909091,0.9999761796846914,2.382031530880392e-05,0.0031140426456852098,0.9968859573543152
70,35.11705685618729,0.595959595959596,0.09090909090909091,0.9999767956264173,2.3204373583017288e-05,0.0028649814648291218,0.9971350185351713
71,35.618729096989966,0.595959595959596,0.09090909090909091,0.9999773953949354,2.2604605064938625e-05,0.0026357873706702797,0.9973642126293302
72,36.12040133779264,0.595959595959596,0.09090909090909091,0.9999779794402378,2.2020559762502673e-05,0.0024248837354391055,0.9975751162645613
73,36.62207357859532,0.595959595959596,0.09090909090909091,0.9999785481972335,2.145180276671614e-05,0.0022308177708650935,0.9977691822291354
74,37.123745819397996,0.595959595959596,0.09090909090909091,0.9999791020865101,2.0897913490239103e-05,0.0020522510370463844,0.997947748962954
75,37.625418060200666,0.595959595959596,0.09090909090909091,0.9999796415149825,2.035848501784055e-05,0.0018879506422660023,0.9981120493577343
76,38.12709030100334,0.595959595959596,0.09090909090909091,0.9999801668766187,1.9833123381580978e-05,0.0017367809395609456,0.9982632190604395
77,38.62876254180602,0.595959595959596,0.09090909090909091,0.9999806785530139,1.9321446986352835e-05,0.0015976959773135518,0.9984023040226868
78,39.130434782608695,0.595959595959596,0.09090909090909091,0.9999811769138167,1.8823086183487988e-05,0.0014697326370802348,0.9985302673629202
79,39.63210702341137,0.595959595959596,0.09090909090909091,0.9999816623173925,1.833768260777279e-05,0.0013520041809299839,0.9986479958190704
80,40.13377926421405,0.595959595959596,0.09090909090909091,0.9999821351112642,1.7864888735936637e-05,0.0012436942747577734,0.9987563057252425
81,40.635451505016725,0.595959595959596,0.09090909090909091,0.999982595632539,1.7404367461230472e-05,0.0011440508649247197,0.9988559491350756
82,41.137123745819395,0.595959595959596,0.09090909090909091,0.9999830442083083,1.6955791691851873e-05,0.0010523822058653186,0.998947617794135
83,41.63879598662207,0.595959595959596,0.09090909090909091,0.9999834811560478,1.6518843952283275e-05,0.0009680518612992187,0.9990319481387011
84,42.14046822742475,0.595959595959596,0.09090909090909091,0.9999839067841025,1.609321589760016e-05,0.0008904728792687498,0.9991095271207315
85,42.642140468227424,0.595959595959596,0.09090909090909091,0.9999843213918702,1.5678608129964918e-05,0.0008191057953258363,0.9991808942046745
86,43.1438127090301,0.595959595959596,0.09090909090909091,0.9999847252701687,1.5274729831415588e-05,0.0007534544461257492,0.9992465455538746
87,43.64548494983278,0.595959595959596,0.09090909090909091,0.9999851187016615,1.4881298338594648e-05,0.0006930611818297739,0.9993069388181707
88,44.147157190635454,0.595959595959596,0.09090909090909091,0.9999855019609997,1.4498039000504856e-05,0.0006375055251391287,0.9993624944748613
89,44.64882943143812,0.595959595959596,0.09090909090909091,0.9999858753151334,1.412468486673162e-05,0.0005864008429877376,0.9994135991570127
90,45.1505016722408,0.595959595959596,0.09090909090909091,0.9999862390236643,1.3760976335787759e-05,0.0005393904879181834,0.9994606095120823
91,45.65217391304348,0.595959595959596,0.09090909090909091,0.9999865933389803,1.3406661019793091e-05,0.0004961468598569764,0.9995038531401435
92,46.15384615384615,0.595959595959596,0.09090909090909091,0.9999869385065183,1.3061493481803028e-05,0.0004563687741051004,0.9995436312258954
93,46.65551839464883,0.595959595959596,0.09090909090909091,0.9999872747650557,1.2725234944385701e-05,0.0004197783859168631,0.9995802216140836
94,47.15719063545151,0.595959595959596,0.09090909090909091,0.9999876023468416,1.2397653158482788e-05,0.00038612049718412254,0.9996138795028163
95,47.65886287625418,0.595959595959596,0.09090909090909091,0.99998792147782,1.2078522180018774e-05,0.0003551605010926465,0.9996448394989079
96,48.16053511705685,0.595959595959596,0.09090909090909091,0.9999882323778737,1.176762212636614e-05,0.0003266820200670046,0.9996733179799335
97,48.66220735785953,0.595959595959596,0.09090909090909091,0.9999885352609507,1.1464739049426155e-05,0.0003004863246678142,0.9996995136753327
98,49.163879598662206,0.595959595959596,0.09090909090909091,0.9999888303352571,1.1169664742904616e-05,0.0002763907356583673,0.9997236092643422
99,49.66555183946488,0.595959595959596,0.09090909090909091,0.9999891178034647,1.0882196535375634e-05,0.0002542267571741409,0.9997457732428264
100,50.16722408026756,0.595959595959596,0.09090909090909091,0.9999893978628297,1.0602137170266739e-05,0.00023383965858313937,0.9997661603414174
101,50.668896321070235,0.595959595959596,0.09090909090909091,0.9999896707053632,1.032929463692133e-05,0.00021508721123822508,0.9997849127887624
102,51.17056856187291,0.595959595959596,0.09090909090909091,0.9999899365180082,1.0063481991869434e-05,0.0001978382262832273,0.9998021617737174
103,51.67224080267559,0.595959595959596,0.09090909090909091,0.9999901954827537,9.804517246328264e-06,0.00018197223916308663,0.9998180277608375
104,52.17391304347826,0.595959595959596,0.09090909090909091,0.9999904477767834,9.552223216692754e-06,0.00016737851845516255,0.9998326214815454
105,52.675585284280935,0.595959595959596,0.09090909090909091,0.9999906935726312,9.306427368941495e-06,0.0001539549398000846,0.9998460450602005
106,53.17725752508361,0.595959595959596,0.09090909090909091,0.9999909330382871,9.066961712926205e-06,0.0001416077349942857,0.9998583922650063
107,53.67892976588629,0.595959595959596,0.09090909090909091,0.999991166337331,8.833662669089972e-06,0.00013025071515777926,0.9998697492848427
108,54.180602006688964,0.595959595959596,0.09090909090909091,0.999991393629069,8.606370931155348e-06,0.00011980438251408147,0.9998801956174864
109,54.68227424749164,0.595959595959596,0.09090909090909091,0.9999916150686325,8.384931367512537e-06,0.00011019574987753993,0.999889804250123
110,55.18394648829432,0.595959595959596,0.09090909090909091,0.9999918308070985,8.169192901504816e-06,0.00010135772850735558,0.999898642271493
111,55.68561872909699,0.595959595959596,0.09090909090909091,0.9999920409916107,7.959008389359162e-06,9.322844225199002e-05,0.9999067715577484
112,56.187290969899664,0.595959595959596,0.09090909090909091,0.9999922457654719,7.754234528163765e-06,8.575108367017295e-05,0.9999142489163303
113,56.68896321070234,0.595959595959596,0.09090909090909091,0.9999924452682529,7.554731747101582e-06,7.887342815994759e-05,0.9999211265718405
114,57.19063545150502,0.595959595959596,0.09090909090909091,0.9999926396358986,7.360364101427206e-06,7.254733997563766e-05,0.9999274526600248
115,57.69230769230769,0.595959595959596,0.09090909090909091,0.9999928290008199,7.170999180138858e-06,6.672858664307626e-05,0.9999332714133574
116,58.19397993311037,0.595959595959596,0.09090909090909091,0.9999930134919871,6.986508012905337e-06,6.13765039189291e-05,0.9999386234960815
117,58.69565217391305,0.595959595959596,0.09090909090909091,0.9999931932350322,6.80676496780409e-06,5.6453529710733146e-05,0.9999435464702897
118,59.197324414715716,0.595959595959596,0.09090909090909091,0.99999336835232,6.631647679966387e-06,5.192529665648001e-05,0.999948074703344
119,59.69899665551839,0.595959595959596,0.09090909090909091,0.99999353896304,6.46103696004472e-06,4.7760325460764625e-05,0.9999522396745397
120,60.20066889632107,0.595959595959596,0.09090909090909091,0.9999937051832927,6.294816707415205e-06,4.3929657722171166e-05,0.9999560703422783
121,60.702341137123746,0.595959595959596,0.09090909090909091,0.9999938671261761,6.13287382391973e-06,4.040636633078575e-05,0.9999595936336697
122,61.20401337792642,0.595959595959596,0.09090909090909091,0.9999940249018733,5.975098126790422e-06,3.716576937081368e-05,0.9999628342306296
123,61.7056856187291,0.595959595959596,0.09090909090909091,0.9999941786177378,5.821382262271821e-06,3.418504374392955e-05,0.9999658149562565
124,62.207357859531776,0.595959595959596,0.09090909090909091,0.999994328378338,5.6716216619737395e-06,3.144324808736138e-05,0.9999685567519131
125,62.709030100334445,0.595959595959596,0.09090909090909091,0.9999944742854758,5.525714524230706e-06,2.8921510038588827e-05,0.9999710784899618
126,63.21070234113712,0.595959595959596,0.09090909090909091,0.9999946164383811,5.38356161892487e-06,2.660211831468139e-05,0.9999733978816857
127,63.7123745819398,0.595959595959596,0.09090909090909091,0.9999947549337516,5.245066248430539e-06,2.446858332836792e-05,0.9999755314166721
128,64.21404682274247,0.595959595959596,0.09090909090909091,0.9999948898657715,5.1101342285167744e-06,2.250584587537787e-05,0.9999774941541251
129,64.71571906354515,0.595959595959596,0.09090909090909091,0.9999950213261133,4.978673886753138e-06,2.0700602356192952e-05,0.9999792993976443
130,65.21739130434783,0.595959595959596,0.09090909090909091,0.9999951494041518,4.850595848219063e-06,1.904022302721013e-05,0.9999809597769732
131,65.7190635451505,0.595959595959596,0.09090909090909091,0.9999952741869834,4.725813016656688e-06,1.7512963095738344e-05,0.9999824870369047
132,66.22073578595318,0.595959595959596,0.09090909090909091,0.9999953957594394,4.604240560642368e-06,1.6108091562923715e-05,0.9999838919084376
133,66.72240802675586,0.595959595959596,0.09090909090909091,0.9999955142040967,4.485795903317353e-06,1.4816032771666374e-05,0.9999851839672289
134,67.22408026755853,0.595959595959596,0.09090909090909091,0.9999956296014633,4.370398536769175e-06,1.3627709776808456e-05,0.9999863722902237
135,67.72575250836121,0.595959595959596,0.09090909090909091,0.9999957420299956,4.257970004436966e-06,1.253465254855238e-05,0.999987465347452
136,68.22742474916387,0.595959595959596,0.09090909090909091,0.9999958515662403,4.148433759828408e-06,1.1528988420565226e-05,0.99998847101158
137,68.72909698996655,0.595959595959596,0.09090909090909091,0.9999959582842083,4.041715791812288e-06,1.0604367833381235e-05,0.9999893956321672
138,69.23076923076923,0.595959595959596,0.09090909090909091,0.9999960622567665,3.937743233570337e-06,9.753856902310485e-06,0.9999902461430982
139,69.7324414715719,0.595959595959596,0.09090909090909091,0.9999961635545142,3.836445485879438e-06,8.971489860260185e-06,0.9999910285101402
140,70.23411371237458,0.595959595959596,0.09090909090909091,0.9999962622462852,3.7377537148785714e-06,8.251822130655733e-06,0.99999174817787
141,70.73578595317726,0.595959595959596,0.09090909090909091,0.9999963583991394,3.6416008607776755e-06,7.589984246367937e-06,0.9999924100157542
142,71.23745819397993,0.595959595959596,0.09090909090909091,0.999996452078429,3.5479215711085726e-06,6.9812685880294585e-06,0.9999930187314126
143,71.73913043478261,0.595959595959596,0.09090909090909091,0.9999965433477682,3.456652231903399e-06,6.421322418174698e-06,0.9999935786775824
144,72.24080267558529,0.595959595959596,0.09090909090909091,0.9999966322690599,3.3677309402170094e-06,5.906149165515744e-06,0.999994093850835
145,72.74247491638796,0.595959595959596,0.09090909090909091,0.9999967189029918,3.2810970083295208e-06,5.43210829877114e-06,0.9999945678917018
146,73.24414715719064,0.595959595959596,0.09090909090909091,0.9999968033085216,3.1966914785576666e-06,4.995915457675797e-06,0.9999950040845429
147,73.74581939799332,0.595959595959596,0.09090909090909091,0.9999968855428285,3.114457171651994e-06,4.594642465297203e-06,0.9999954053575353
148,74.24749163879599,0.595959595959596,0.09090909090909091,0.999996965661434,3.0343385660919393e-06,4.2257172973182485e-06,0.9999957742827033
149,74.74916387959867,0.595959595959596,0.09090909090909091,0.9999970437185414,2.9562814587635814e-06,3.886714949756553e-06,0.9999961132850508
150,75.25083612040133,0.595959595959596,0.09090909090909091,0.9999971197678597,2.8802321404126165e-06,3.5748492512344173e-06,0.9999964251507493
151,75.75250836120401,0.595959595959596,0.09090909090909091,0.9999971938610451,2.8061389550083493e-06,3.2879339356937944e-06,0.9999967120660649
152,76.25418060200668,0.595959595959596,0.09090909090909091,0.9999972660482138,2.7339517862308747e-06,3.024066152357436e-06,0.9999969759338482
153,76.75585284280936,0.595959595959596,0.09090909090909091,0.9999973363780067,2.663621993431302e-06,2.7815872480602982e-06,0.9999972184127525
154,77.25752508361204,0.595959595959596,0.09090909090909091,0.999997404898404,2.595101596069009e-06,2.55869358232799e-06,0.9999974413064182
155,77.75919732441471,0.595959595959596,0.09090909090909091,0.9999974716563882,2.528343611895923e-06,2.3535979082429073e-06,0.9999976464020923
156,78.26086956521739,0.595959595959596,0.09090909090909091,0.9999975366972015,2.4633027985937468e-06,2.164883280253467e-06,0.9999978351167204
157,78.76254180602007,0.595959595959596,0.09090909090909091,0.9999976000647764,2.399935223628778e-06,1.9912977897498302e-06,0.9999980087022108
158,79.26421404682274,0.595959595959596,0.09090909090909091,0.9999976618167691,2.338183231091206e-06,1.8301875174258124e-06,0.9999981698124831
159,79.76588628762542,0.595959595959596,0.09090909090909091,0.9999977219558536,2.278044146641866e-06,1.6843713336130045e-06,0.9999983156286669
160,80.2675585284281,0.595959595959596,0.09090909090909091,0.9999977805538508,2.219446149354908e-06,1.5496228148379489e-06,0.9999984503771857
161,80.76923076923077,0.595959595959596,0.09090909090909091,0.9999978376473019,2.1623526982558903e-06,1.4253718885457993e-06,0.999998574628112
162,81.27090301003345,0.595959595959596,0.09090909090909091,0.9999978932727478,2.1067272523703714e-06,1.311048482181709e-06,0.9999986889515183
163,81.77257525083613,0.595959595959596,0.09090909090909091,0.9999979474662684,2.0525337317746196e-06,1.205999461512745e-06,0.999998794000539
164,82.27424749163879,0.595959595959596,0.09090909090909091,0.9999980002632369,1.99973676324452e-06,1.109444375170661e-06,0.9999988905556254
165,82.77591973244147,0.595959595959596,0.09090909090909091,0.9999980516997196,1.948300280564471e-06,1.0207276193016078e-06,0.9999989792723812
166,83.27759197324414,0.595959595959596,0.09090909090909091,0.9999981018118055,1.89818819465988e-06,9.391977082680597e-07,0.9999990608022923
167,83.77926421404682,0.595959595959596,0.09090909090909091,0.9999981506355837,1.8493644164561528e-06,8.642031564324888e-07,0.9999991357968442
168,84.2809364548495,0.595959595959596,0.09090909090909091,0.9999981982070624,1.8017929377703603e-06,7.950957507208427e-07,0.9999992049042499
169,84.78260869565217,0.595959595959596,0.09090909090909091,0.9999982445544807,1.7554455193633539e-06,7.315415794339789e-07,0.9999992684584212
170,85.28428093645485,0.595959595959596,0.09090909090909091,0.9999982897059128,1.7102940874007974e-06,6.732134225108423e-07,0.9999993267865781
171,85.78595317725753,0.595959595959596,0.09090909090909091,0.9999983336934243,1.6663065758241273e-06,6.196225499606813e-07,0.9999993803774506
172,86.2876254180602,0.595959595959596,0.09090909090909091,0.9999983765490815,1.6234509185747799e-06,5.702802317927439e-07,0.9999994297197689
173,86.78929765886288,0.595959595959596,0.09090909090909091,0.9999984183049505,1.581695049594191e-06,5.246977380162783e-07,0.9999994753022626
174,87.29096989966555,0.595959595959596,0.09090909090909091,0.9999984589918846,1.5410081155749552e-06,4.824427667626793e-07,0.9999995175572338
175,87.79264214046823,0.595959595959596,0.09090909090909091,0.9999984986305237,1.5013694764564457e-06,4.435582285206561e-07,0.9999995564417721
176,88.29431438127091,0.595959595959596,0.09090909090909091,0.999998537246535,1.462753465116865e-06,4.078531295523265e-07,0.9999995921468711
177,88.79598662207358,0.595959595959596,0.09090909090909091,0.9999985748675287,1.4251324714210674e-06,3.7504606961400655e-07,0.9999996249539309
178,89.29765886287625,0.595959595959596,0.09090909090909091,0.9999986115211149,1.3884788852339072e-06,3.448556484620134e-07,0.9999996551443521
179,89.79933110367892,0.595959595959596,0.09090909090909091,0.9999986472349037,1.3527650964202363e-06,3.1700046585266136e-07,0.9999996829995347
180,90.3010033444816,0.595959595959596,0.09090909090909091,0.999998682516348,1.317483652044446e-06,2.8766279707445796e-07,0.9999997123372035
181,90.80267558528428,0.595959595959596,0.09090909090909091,0.9999987161795956,1.283820404510185e-06,2.658582804184355e-07,0.9999997341417202
182,91.30434782608695,0.595959595959596,0.09090909090909091,0.9999987490626754,1.2509373247198336e-06,2.453094421166675e-07,0.9999997546905586
183,91.80602006688963,0.595959595959596,0.09090909090909091,0.9999987811655875,1.2188344126733907e-06,2.2601628216915412e-07,0.9999997739837184
184,92.3076923076923,0.595959595959596,0.09090909090909091,0.9999988124883318,1.1875116683708573e-06,2.0797880057589524e-07,0.9999997920212
185,92.80936454849498,0.595959595959596,0.09090909090909091,0.999998843030965,1.1569690351526147e-06,1.9119683087645565e-07,0.9999998088031697
186,93.31103678929766,0.595959595959596,0.09090909090909091,0.9999988728247431,1.1271752570069786e-06,1.7557854595455267e-07,0.9999998244214547
187,93.81270903010034,0.595959595959596,0.09090909090909091,0.9999989018959813,1.0981040188468602e-06,1.6104663464885145e-07,0.999999838953366
188,94.31438127090301,0.595959595959596,0.09090909090909091,0.9999989302446795,1.0697553206722594e-06,1.47601096959352e-07,0.9999998523989037
189,94.81605351170569,0.595959595959596,0.09090909090909091,0.9999989578708376,1.0421291624831762e-06,1.3524193288605433e-07,0.9999998647580678
190,95.31772575250837,0.595959595959596,0.09090909090909091,0.9999989847744558,1.0152255442796108e-06,1.2396914242895842e-07,0.9999998760308583
191,95.81939799331104,0.595959595959596,0.09090909090909091,0.999999010955534,9.890444660615631e-07,1.1378272558806429e-07,0.9999998862172751
192,96.3210702341137,0.595959595959596,0.09090909090909091,0.9999990364157366,9.635842634638075e-07,1.0467582263524129e-07,0.999999895324178
193,96.82274247491638,0.595959595959596,0.09090909090909091,0.9999990612310695,9.387689306031463e-07,9.633517318336324e-08,0.9999999036648275
194,97.32441471571906,0.595959595959596,0.09090909090909091,0.9999990854427456,9.145572544477363e-07,8.859091656155853e-08,0.9999999114090841
195,97.82608695652173,0.595959595959596,0.09090909090909091,0.9999991090507651,8.909492349975777e-07,8.144305276982716e-08,0.9999999185569479
196,98.32775919732441,0.595959595959596,0.09090909090909091,0.9999991320551278,8.679448722526704e-07,7.489158180816914e-08,0.9999999251084188
197,98.82943143812709,0.595959595959596,0.09090909090909091,0.9999991544558339,8.455441662130144e-07,6.893650367658444e-08,0.9999999310634969
198,99.33110367892976,0.595959595959596,0.09090909090909091,0.9999991762528831,8.237471168786097e-07,6.357781837507309e-08,0.9999999364221823
199,99.83277591973244,0.595959595959596,0.09090909090909091,0.9999991974504876,8.025495124776349e-07,5.8802405139435916e-08,0.9999999411975955
200,100.33444816053512,0.595959595959596,0.09090909090909091,0.9999992181192084,7.818807916107083e-07,5.439044686604868e-08,0.9999999456095537
201,100.8361204013378,0.595959595959596,0.09090909090909091,0.9999992382842131,7.617157869691215e-07,5.0263540845289765e-08,0.9999999497364598
202,101.33779264214047,0.595959595959596,0.09090909090909091,0.9999992579455016,7.420544985528745e-07,4.6421687077159176e-08,0.9999999535783135
203,101.83946488294315,0.595959595959596,0.09090909090909091,0.9999992771030737,7.228969263619672e-07,4.2864885561656907e-08,0.999999957135115
204,102.34113712374582,0.595959595959596,0.09090909090909091,0.9999992957569297,7.042430703963997e-07,3.9593136298782964e-08,0.9999999604068643
205,102.8428093645485,0.595959595959596,0.09090909090909091,0.9999993139070694,6.86092930656172e-07,3.660643928853735e-08,0.9999999633935613
206,103.34448160535118,0.595959595959596,0.09090909090909091,0.9999993315605683,6.68439431842268e-07,3.3893883118614694e-08,0.9999999661061175
207,103.84615384615384,0.595959595959596,0.09090909090909091,0.9999993487789318,6.512210682803084e-07,3.1360614727578804e-08,0.9999999686393859
208,104.34782608695652,0.595959595959596,0.09090909090909091,0.9999993655764168,6.344235832829794e-07,2.8984647681637497e-08,0.999999971015353
209,104.84949832775919,0.595959595959596,0.09090909090909091,0.9999993819530233,6.180469768502815e-07,2.6765981980790845e-08,0.9999999732340187
210,105.35117056856187,0.595959595959596,0.09090909090909091,0.9999993979087511,6.020912489822149e-07,2.4704617625038855e-08,0.999999975295383
211,105.85284280936455,0.595959595959596,0.09090909090909091,0.9999994134436004,5.865563996787793e-07,2.280055461438152e-08,0.999999977199446
212,106.35451505016722,0.595959595959596,0.09090909090909091,0.9999994285575712,5.714424289399749e-07,2.1053792948818843e-08,0.9999999789462076
213,106.8561872909699,0.595959595959596,0.09090909090909091,0.9999994432606147,5.567393852736826e-07,1.9455728656665778e-08,0.999999980544272
214,107.35785953177258,0.595959595959596,0.09090909090909091,0.9999994576045395,5.423954605882005e-07,1.79615689220586e-08,0.9999999820384318
215,107.85953177257525,0.595959595959596,0.09090909090909091,0.9999994715967846,5.284032154241594e-07,1.6564881654513093e-08,0.999999983435119
216,108.36120401337793,0.595959595959596,0.09090909090909091,0.9999994852373503,5.147626497815595e-07,1.5265666854029256e-08,0.9999999847343338
217,108.8628762541806,0.595959595959596,0.09090909090909091,0.9999994985262364,5.014737636604008e-07,1.4063924520607097e-08,0.9999999859360761
218,109.36454849498328,0.595959595959596,0.09090909090909091,0.999999511463443,4.885365570606833e-07,1.295965465424661e-08,0.999999987040346
219,109.86622073578596,0.595959595959596,0.09090909090909091,0.9999995240489701,4.7595102998240686e-07,1.1952857254947795e-08,0.9999999880471434
220,110.36789297658864,0.595959595959596,0.09090909090909091,0.9999995362953854,4.637046146513074e-07,1.1034998808089683e-08,0.9999999889650019
221,110.8695652173913,0.595959595959596,0.09090909090909091,0.9999995482445916,4.517554084117913e-07,1.0177627424209082e-08,0.9999999898223733
222,111.37123745819397,0.595959595959596,0.09090909090909091,0.999999559899945,4.401000550146177e-07,9.37846421116793e-09,0.9999999906215364
223,111.87290969899665,0.595959595959596,0.09090909090909091,0.9999995712614456,4.287385544597869e-07,8.637509168966246e-09,0.9999999913624915
224,112.37458193979933,0.595959595959596,0.09090909090909091,0.9999995823290933,4.1767090674729896e-07,7.954762297604034e-09,0.9999999920452384
225,112.876254180602,0.595959595959596,0.09090909090909091,0.9999995931028882,4.068971118771539e-07,7.33022359708129e-09,0.9999999926697771
226,113.37792642140468,0.595959595959596,0.09090909090909091,0.9999996035828302,3.9641716984935165e-07,6.763893067398017e-09,0.9999999932361077
227,113.87959866220736,0.595959595959596,0.09090909090909091,0.9999996137837043,3.8621629578857114e-07,6.248000806904683e-09,0.9999999937519999
228,114.38127090301003,0.595959595959596,0.09090909090909091,0.9999996237378989,3.7626210122815225e-07,5.765525691306204e-09,0.999999994234475
229,114.88294314381271,0.595959595959596,0.09090909090909091,0.9999996334465591,3.6655344107044974e-07,5.315865936962881e-09,0.9999999946841348
230,115.38461538461539,0.595959595959596,0.09090909090909091,0.9999996429096848,3.5709031531546356e-07,4.899021543874718e-09,0.9999999951009791
231,115.88628762541806,0.595959595959596,0.09090909090909091,0.9999996521272762,3.478727239631937e-07,4.514992512041711e-09,0.9999999954850082
232,116.38795986622074,0.595959595959596,0.09090909090909091,0.9999996610993331,3.3890066701364023e-07,4.163778841463863e-09,0.9999999958362219
233,116.88963210702342,0.595959595959596,0.09090909090909091,0.9999996698258556,3.301741444668031e-07,3.8453805321411735e-09,0.9999999961546202
234,117.3913043478261,0.595959595959596,0.09090909090909091,0.9999996783233877,3.216766125181702e-07,3.5538983835940718e-09,0.9999999964461024
235,117.89297658862876,0.595959595959596,0.09090909090909091,0.9999996866155775,3.133844227333411e-07,3.2808998218366922e-09,0.9999999967191009
236,118.39464882943143,0.595959595959596,0.09090909090909091,0.9999996947026062,3.052973940197175e-07,3.0263202727537017e-09,0.9999999969736805
237,118.89632107023411,0.595959595959596,0.09090909090909091,0.9999997025844738,2.974155263772996e-07,2.7901597363451077e-09,0.999999997209841
238,119.39799331103679,0.595959595959596,0.09090909090909091,0.9999997102611804,2.8973881980608743e-07,2.5724182126109106e-09,0.9999999974275825
239,119.89966555183946,0.595959595959596,0.09090909090909091,0.9999997177327259,2.82267274306081e-07,2.37309570155111e-09,0.9999999976269051
240,120.40133779264214,0.595959595959596,0.09090909090909091,0.9999997249991238,2.750008763864917e-07,2.1921890730594266e-09,0.9999999978078116
241,120.90301003344482,0.595959595959596,0.09090909090909091,0.9999997320781686,2.6792183162141323e-07,2.0255696993907066e-09,0.999999997974431
242,121.40468227424749,0.595959595959596,0.09090909090909091,0.999999738985787,2.61014213217075e-07,1.869542277139326e-09,0.9999999981304584
243,121.90635451505017,0.595959595959596,0.09090909090909091,0.999999745721979,2.5427802117347716e-07,1.724106806305285e-09,0.9999999982758939
244,122.40802675585284,0.595959595959596,0.09090909090909091,0.9999997522867446,2.477132554906196e-07,1.5892632868885842e-09,0.9999999984107374
245,122.90969899665552,0.595959595959596,0.09090909090909091,0.9999997586800841,2.413199161685023e-07,1.4650117188892233e-09,0.999999998534989
246,123.4113712374582,0.595959595959596,0.09090909090909091,0.9999997649019969,2.3509800320712533e-07,1.351352102307202e-09,0.9999999986486486
247,123.91304347826087,0.595959595959596,0.09090909090909091,0.9999997709528642,2.290471360573508e-07,1.2482358350841398e-09,0.9999999987517648
248,124.41471571906355,0.595959595959596,0.09090909090909091,0.9999997768535845,2.231464156810832e-07,1.1529937842002838e-09,0.999999998847007
249,124.91638795986621,0.595959595959596,0.09090909090909091,0.9999997826161365,2.1738386371273502e-07,1.0640961256050198e-09,0.9999999989359045
250,125.41806020066889,0.595959595959596,0.09090909090909091,0.99999978824052,2.1175948015230587e-07,9.815428592983428e-10,0.9999999990184578
251,125.91973244147157,0.595959595959596,0.09090909090909091,0.9999997937267352,2.0627326499979596e-07,9.053339852802555e-10,0.9999999990946667
252,126.42140468227424,0.595959595959596,0.09090909090909091,0.999999799074782,2.0092521825520523e-07,8.354695035507576e-10,0.9999999991645312
253,126.92307692307692,0.595959595959596,0.09090909090909091,0.9999998042846603,1.9571533991853374e-07,7.719494141098494e-10,0.9999999992280513
254,127.4247491638796,0.595959595959596,0.09090909090909091,0.9999998093563702,1.9064362998978145e-07,7.147737169575307e-10,0.999999999285227
255,127.92642140468227,0.595959595959596,0.09090909090909091,0.9999998142899117,1.857100884689484e-07,6.639424120938015e-10,0.9999999993360583
256,128.42809364548495,0.595959595959596,0.09090909090909091,0.9999998190852848,1.8091471535603455e-07,6.194554995186619e-10,0.9999999993805452
257,128.9297658862876,0.595959595959596,0.09090909090909091,0.9999998237424895,1.7625751065104004e-07,5.813129792321129e-10,0.9999999994186877
258,129.4314381270903,0.595959595959596,0.09090909090909091,0.9999998282751726,1.717248275567933e-07,5.47728537446455e-10,0.9999999994522721
259,129.93311036789297,0.595959595959596,0.09090909090909091,0.9999998327025208,1.6729747938326752e-07,5.161907094930501e-10,0.99999999948381
260,130.43478260869566,0.595959595959596,0.09090909090909091,0.9999998370246679,1.6297533228343605e-07,4.866819753057969e-10,0.9999999995133187
261,130.93645484949832,0.595959595959596,0.09090909090909091,0.9999998412416139,1.5875838625729933e-07,4.592023348846989e-10,0.9999999995407983
262,131.438127090301,0.595959595959596,0.09090909090909091,0.9999998453533588,1.5464664130485691e-07,4.3375178822975283e-10,0.999999999566249
263,131.93979933110367,0.595959595959596,0.09090909090909091,0.9999998493599027,1.5064009742610925e-07,4.1033033534096164e-10,0.9999999995896703
264,132.44147157190636,0.595959595959596,0.09090909090909091,0.9999998532612455,1.4673875462105592e-07,3.889379762183226e-10,0.9999999996110627
265,132.94314381270902,0.595959595959596,0.09090909090909091,0.9999998570573873,1.4294261288969732e-07,3.6957471086183823e-10,0.999999999630426
266,133.44481605351172,0.595959595959596,0.09090909090909091,0.9999998607483279,1.3925167223203304e-07,3.5224053927150627e-10,0.9999999996477602
267,133.94648829431438,0.595959595959596,0.09090909090909091,0.9999998643340675,1.356659326480635e-07,3.3693546144732874e-10,0.9999999996630652
268,134.44816053511707,0.595959595959596,0.09090909090909091,0.9999998678201727,1.3217982738770958e-07,3.2325792778106057e-10,0.9999999996767428
269,134.94983277591973,0.595959595959596,0.09090909090909091,0.9999998712246211,1.28775378996219e-07,3.099111601147196e-10,0.9999999996900896
270,135.45150501672242,0.595959595959596,0.09090909090909091,0.9999998745487815,1.2545121860720743e-07,2.9679641721644333e-10,0.9999999997032043
271,135.95317725752508,0.595959595959596,0.09090909090909091,0.9999998777926539,1.2220734622067523e-07,2.839136990862332e-10,0.9999999997160871
272,136.45484949832775,0.595959595959596,0.09090909090909091,0.9999998809562383,1.1904376183662223e-07,2.712630057240885e-10,0.9999999997287378
273,136.95652173913044,0.595959595959596,0.09090909090909091,0.9999998840395347,1.1596046545504825e-07,2.5884433713000857e-10,0.9999999997411564
274,137.4581939799331,0.595959595959596,0.09090909090909091,0.9999998870425431,1.1295745707595363e-07,2.466576933039947e-10,0.9999999997533431
275,137.9598662207358,0.595959595959596,0.09090909090909091,0.9999998899652635,1.1003473669933804e-07,2.3470307424604563e-10,0.9999999997652976
276,138.46153846153845,0.595959595959596,0.09090909090909091,0.9999998928076957,1.071923043252018e-07,2.2298047995616261e-10,0.9999999997770203
277,138.96321070234114,0.595959595959596,0.09090909090909091,0.9999998955698401,1.044301599535446e-07,2.114899104343444e-10,0.9999999997885108
278,139.4648829431438,0.595959595959596,0.09090909090909091,0.9999998982538977,1.0174610244076311e-07,2.002329689306362e-10,0.9999999997997677
279,139.9665551839465,0.595959595959596,0.09090909090909091,0.9999999008778391,9.912216104474148e-08,1.8922274481959762e-10,0.9999999998107779
280,140.46822742474916,0.595959595959596,0.09090909090909091,0.9999999034456244,9.65543757287977e-08,1.7846212247868481e-10,0.9999999998215385
281,140.96989966555185,0.595959595959596,0.09090909090909091,0.9999999059572536,9.404274649293145e-08,1.6795110190789654e-10,0.9999999998320496
282,141.4715719063545,0.595959595959596,0.09090909090909091,0.9999999084127268,9.158727333714304e-08,1.5768968310723394e-10,0.999999999842311
283,141.9732441471572,0.595959595959596,0.09090909090909091,0.9999999108120439,8.918795626143218e-08,1.4767786607669592e-10,0.9999999998523228
284,142.47491638795987,0.595959595959596,0.09090909090909091,0.9999999131552049,8.684479526579914e-08,1.3791565081628363e-10,0.999999999862085
285,142.97658862876253,0.595959595959596,0.09090909090909091,0.9999999154422098,8.45577903502438e-08,1.284030373259964e-10,0.9999999998715976
286,143.47826086956522,0.595959595959596,0.09090909090909091,0.9999999176730586,8.2326941514766e-08,1.1914002560583382e-10,0.9999999998808606
287,143.97993311036788,0.595959595959596,0.09090909090909091,0.9999999198477514,8.015224875936603e-08,1.1012661565579686e-10,0.9999999998898741
288,144.48160535117057,0.595959595959596,0.09090909090909091,0.9999999219662881,7.803371208404362e-08,1.0136280747588454e-10,0.9999999998986379
289,144.98327759197323,0.595959595959596,0.09090909090909091,0.9999999240286687,7.597133148879905e-08,9.284860106609787e-11,0.999999999907152
290,145.48494983277592,0.595959595959596,0.09090909090909091,0.9999999260348932,7.396510697363203e-08,8.458399642643583e-11,0.9999999999154167
291,145.9866220735786,0.595959595959596,0.09090909090909091,0.9999999279849616,7.201503853854281e-08,7.656899355689938e-11,0.9999999999234317
292,146.48829431438128,0.595959595959596,0.09090909090909091,0.999999929878874,7.012112618353118e-08,6.880359245748763e-11,0.999999999931197
293,146.98996655518394,0.595959595959596,0.09090909090909091,0.9999999317166303,6.828336990859735e-08,6.128779312820143e-11,0.9999999999387129
294,147.49163879598663,0.595959595959596,0.09090909090909091,0.9999999334982305,6.65017697137411e-08,5.4021595569039956e-11,0.9999999999459791
295,147.9933110367893,0.595959595959596,0.09090909090909091,0.9999999352236746,6.477632559896264e-08,4.700499978000402e-11,0.9999999999529957
296,148.49498327759198,0.595959595959596,0.09090909090909091,0.9999999368929626,6.310703756426178e-08,4.0238005761092824e-11,0.9999999999597626
297,148.99665551839465,0.595959595959596,0.09090909090909091,0.9999999385060946,6.14939056096387e-08,3.372061351230714e-11,0.9999999999662801
298,149.49832775919734,0.595959595959596,0.09090909090909091,0.9999999400630705,5.993692973509323e-08,2.7452823033646218e-11,0.9999999999725478
299,150.0,0.595959595959596,0.09090909090909091,0.9999999415638903,5.843610994062552e-08,2.1434634325110787e-11,0.999999999978566
