,time,sigma,beta,S,I,C,D
0,0.0,0.4747474747474748,0.9090909090909092,0.9998,0.0002,0.5,0.5
1,0.5016722408026756,0.4747474747474748,0.9090909090909092,0.9997538061462317,0.0002461938537684455,0.4791135835828493,0.5208864164171506
2,1.0033444816053512,0.4747474747474748,0.9090909090909092,0.9996951577189147,0.00030484228108536196,0.458300936244003,0.5416990637559971
3,1.5050167224080266,0.4747474747474748,0.9090909090909092,0.9996202806156079,0.00037971938439221667,0.4376340912343999,0.5623659087656003
4,2.0066889632107023,0.4747474747474748,0.9090909090909092,0.9995241524332213,0.00047584756677881144,0.4171831151781947,0.5828168848218056
5,2.508361204013378,0.4747474747474748,0.9090909090909092,0.9994000579623918,0.0005999420376082538,0.3970152206924356,0.6029847793075648
6,3.0100334448160533,0.4747474747474748,0.9090909090909092,0.9992389844843097,0.0007610155156903915,0.3771939542070215,0.6228060457929788
7,3.511705685618729,0.4747474747474748,0.9090909090909092,0.9990287837300426,0.0009712162699575239,0.3577784797667573,0.6422215202332429
8,4.013377926421405,0.4747474747474748,0.9090909090909092,0.9987530186477193,0.0012469813522808214,0.3388229971233095,0.6611770028766907
9,4.51505016722408,0.4747474747474748,0.9090909090909092,0.9983893699889426,0.0016106300110576295,0.3203763015791854,0.6796236984208148
10,5.016722408026756,0.4747474747474748,0.9090909090909092,0.9979074387134923,0.002092561286507853,0.30248149233297084,0.6975185076670293
11,5.518394648829432,0.4747474747474748,0.9090909090909092,0.9972656778670717,0.002734322132928511,0.285175839541953,0.7148241604580472
12,6.020066889632107,0.4747474747474748,0.9090909090909092,0.9964071906511972,0.0035928093488031007,0.2684907982142868,0.7315092017857134
13,6.521739130434782,0.4747474747474748,0.9090909090909092,0.9952539088021883,0.004746091197811825,0.2524521769594958,0.7475478230405044
14,7.023411371237458,0.4747474747474748,0.9090909090909092,0.9936986201713917,0.006301379828608515,0.2370804501921591,0.762919549807841
15,7.525083612040134,0.4747474747474748,0.9090909090909092,0.9915940964066957,0.0084059035933044,0.22239121073653076,0.7776087892634694
16,8.02675585284281,0.4747474747474748,0.9090909090909092,0.9887384637937723,0.011261536206227784,0.20839575428591725,0.7916042457140829
17,8.528428093645484,0.4747474747474748,0.9090909090909092,0.9848559537517555,0.015144046248244641,0.19510178748672505,0.8048982125132751
18,9.03010033444816,0.4747474747474748,0.9090909090909092,0.9795722231639827,0.020427776836017427,0.18251425232416157,0.8174857476758386
19,9.531772575250836,0.4747474747474748,0.9090909090909092,0.9723843799174964,0.027615620082503782,0.17063624713434017,0.82936375286566
20,10.033444816053512,0.4747474747474748,0.9090909090909092,0.9626273109380139,0.03737268906198611,0.15947001669246455,0.8405299833075356
21,10.535117056856187,0.4747474747474748,0.9090909090909092,0.9494424863201261,0.05055751367987393,0.14901793963686086,0.8509820603631393
22,11.036789297658864,0.4747474747474748,0.9090909090909092,0.9317608253215075,0.06823917467849253,0.1392834086795804,0.8607165913204198
23,11.538461538461538,0.4747474747474748,0.9090909090909092,0.9083228067116812,0.0916771932883189,0.1302713946655,0.8697286053345001
24,12.040133779264213,0.4747474747474748,0.9090909090909092,0.8777698435616085,0.12223015643839165,0.1219883963764381,0.8780116036235621
25,12.54180602006689,0.4747474747474748,0.9090909090909092,0.83884735003001,0.16115264996999026,0.11444137291411907,0.8855586270858812
26,13.043478260869565,0.4747474747474748,0.9090909090909092,0.790743748244231,0.2092562517557692,0.10763526043483326,0.8923647395651669
27,13.545150501672241,0.4747474747474748,0.9090909090909092,0.7335301698792198,0.26646983012078024,0.10156891574660142,0.8984310842533988
28,14.046822742474916,0.4747474747474748,0.9090909090909092,0.6685612774305532,0.331438722569447,0.09622993005317257,0.9037700699468277
29,14.548494983277592,0.4747474747474748,0.9090909090909092,0.5986053250296621,0.40139467497033826,0.09158962330985698,0.9084103766901432
30,15.050167224080267,0.4747474747474748,0.9090909090909092,0.5275035516929205,0.4724964483070798,0.08760018136634216,0.9123998186336582
31,15.551839464882944,0.4747474747474748,0.9090909090909092,0.45938285674351637,0.540617143256484,0.08419564362572922,0.915804356374271
32,16.05351170568562,0.4747474747474748,0.9090909090909092,0.3977340285216348,0.6022659714783657,0.08129702617479216,0.918702973825208
33,16.555183946488295,0.4747474747474748,0.9090909090909092,0.34476570500042425,0.6552342949995762,0.07882006090285013,0.9211799390971502
34,17.05685618729097,0.4747474747474748,0.9090909090909092,0.3012538070862071,0.6987461929137934,0.07668305976192888,0.9233169402380715
35,17.558528428093645,0.4747474747474748,0.9090909090909092,0.26681026533261665,0.7331897346673838,0.07481282730155563,0.9251871726984447
36,18.06020066889632,0.4747474747474748,0.9090909090909092,0.2403341872698164,0.7596658127301841,0.07314779149006027,0.9268522085099402
37,18.561872909698998,0.4747474747474748,0.9090909090909092,0.2204344855142545,0.7795655144857461,0.07163865355897346,0.928361346441027
38,19.06354515050167,0.4747474747474748,0.9090909090909092,0.20572364497940632,0.7942763550205943,0.07024739950069286,0.9297526004993076
39,19.565217391304348,0.4747474747474748,0.9090909090909092,0.19497566723413565,0.805024332765865,0.06894552699751016,0.9310544730024903
40,20.066889632107024,0.4747474747474748,0.9090909090909092,0.1871839571373351,0.8128160428626655,0.06771209471183734,0.9322879052881631
41,20.568561872909697,0.4747474747474748,0.9090909090909092,0.18156070599777382,0.8184392940022268,0.06653193428282922,0.9334680657171713
42,21.070234113712374,0.4747474747474748,0.9090909090909092,0.17750894398459388,0.8224910560154067,0.06539416147171345,0.934605838528287
43,21.57190635451505,0.4747474747474748,0.9090909090909092,0.1745862742664138,0.8254137257335868,0.064291008783398,0.9357089912166026
44,22.073578595317727,0.4747474747474748,0.9090909090909092,0.17246992338289788,0.8275300766171028,0.06321694444418831,0.9367830555558123
45,22.5752508361204,0.4747474747474748,0.9090909090909092,0.17092696019061088,0.8290730398093897,0.062168024425956835,0.9378319755740437
46,23.076923076923077,0.4747474747474748,0.9090909090909092,0.1697905936372866,0.830209406362714,0.06114142434474987,0.9388585756552508
47,23.578595317725753,0.4747474747474748,0.9090909090909092,0.16894206125755826,0.8310579387424424,0.060135105706132265,0.9398648942938685
48,24.080267558528426,0.4747474747474748,0.9090909090909092,0.16829713555257714,0.8317028644474234,0.059147579557613114,0.9408524204423878
49,24.581939799331103,0.4747474747474748,0.9090909090909092,0.1677962599223874,0.8322037400776131,0.058177740632411774,0.9418222593675892
50,25.08361204013378,0.4747474747474748,0.9090909090909092,0.1673974101713544,0.8326025898286461,0.057224751155824295,0.9427752488441767
51,25.585284280936456,0.4747474747474748,0.9090909090909092,0.16707098294374104,0.8329290170562595,0.05628795994568417,0.943712040054317
52,26.08695652173913,0.4747474747474748,0.9090909090909092,0.16679614632795448,0.8332038536720462,0.05536684602246693,0.9446331539775342
53,26.588628762541806,0.4747474747474748,0.9090909090909092,0.16655825425779497,0.8334417457422056,0.054460979534114176,0.9455390204658871
54,27.090301003344482,0.4747474747474748,0.9090909090909092,0.1663470141290444,0.8336529858709562,0.0535699946099233,0.9464300053900782
55,27.59197324414716,0.4747474747474748,0.9090909090909092,0.16615519464425257,0.8338448053557479,0.05269357057686651,0.9473064294231349
56,28.093645484949832,0.4747474747474748,0.9090909090909092,0.16597771430821906,0.8340222856917814,0.05183141894102693,0.9481685810589746
57,28.59531772575251,0.4747474747474748,0.9090909090909092,0.1658110037470291,0.8341889962529713,0.05098327443859901,0.9490167255614026
58,29.096989966555185,0.4747474747474748,0.9090909090909092,0.16565254729765744,0.8343474527023429,0.05014888869513988,0.9498511113048618
59,29.598662207357858,0.4747474747474748,0.9090909090909092,0.16550057357462622,0.8344994264253741,0.04932802600827005,0.9506719739917318
60,30.100334448160535,0.4747474747474748,0.9090909090909092,0.165353833159234,0.8346461668407663,0.04852046036283096,0.9514795396371708
61,30.60200668896321,0.4747474747474748,0.9090909090909092,0.16521143913052413,0.8347885608694762,0.047725973318742135,0.9522740266812598
62,31.103678929765888,0.4747474747474748,0.9090909090909092,0.16507275882299938,0.834927241177001,0.04694435258037848,0.9530556474196235
63,31.60535117056856,0.4747474747474748,0.9090909090909092,0.16493734015696462,0.8350626598430357,0.046175391029192735,0.9538246089708093
64,32.10702341137124,0.4747474747474748,0.9090909090909092,0.16480485691965185,0.8351951430803486,0.04541888601475601,0.9545811139852463
65,32.608695652173914,0.4747474747474748,0.9090909090909092,0.16467506667823767,0.8353249333217627,0.04467463877873969,0.9553253612212628
66,33.11036789297659,0.4747474747474748,0.9090909090909092,0.16454779176919615,0.8354522082308042,0.04394245433271017,0.9560575456672924
67,33.61204013377927,0.4747474747474748,0.9090909090909092,0.1644228962078581,0.8355771037921422,0.04322214098176529,0.9567778590182373
68,34.11371237458194,0.4747474747474748,0.9090909090909092,0.16430027368981792,0.8356997263101824,0.04251351011620007,0.9574864898838027
69,34.61538461538461,0.4747474747474748,0.9090909090909092,0.1641798378269048,0.8358201621730955,0.04181637603569238,0.9581836239643106
70,35.11705685618729,0.4747474747474748,0.9090909090909092,0.1640615217718262,0.835938478228174,0.04113055619236669,0.9588694438076364
71,35.618729096989966,0.4747474747474748,0.9090909090909092,0.16394526770711731,0.836054732292883,0.04045587088214488,0.9595441291178584
72,36.12040133779264,0.4747474747474748,0.9090909090909092,0.16383102463271113,0.8361689753672892,0.039792143361496814,0.9602078566385066
73,36.62207357859532,0.4747474747474748,0.9090909090909092,0.16371874556772892,0.8362812544322713,0.039139198891255306,0.9608608011087483
74,37.123745819397996,0.4747474747474748,0.9090909090909092,0.1636083900430745,0.8363916099569259,0.03849686606226919,0.9615031339377347
75,37.625418060200666,0.4747474747474748,0.9090909090909092,0.16349991991230564,0.8365000800876947,0.037864976056968314,0.9621350239430357
76,38.12709030100334,0.4747474747474748,0.9090909090909092,0.16339329877562228,0.836606701224378,0.037243362170729835,0.9627566378292746
77,38.62876254180602,0.4747474747474748,0.9090909090909092,0.16328849202443507,0.8367115079755653,0.036631860709027096,0.9633681392909775
78,39.130434782608695,0.4747474747474748,0.9090909090909092,0.16318546647863044,0.8368145335213699,0.03603031056431781,0.9639696894356871
79,39.63210702341137,0.4747474747474748,0.9090909090909092,0.16308418983605455,0.8369158101639458,0.035438552363796325,0.9645614476362088
80,40.13377926421405,0.4747474747474748,0.9090909090909092,0.16298463128056792,0.8370153687194324,0.03485642998450406,0.9651435700155013
81,40.635451505016725,0.4747474747474748,0.9090909090909092,0.16288676054682574,0.8371132394531746,0.0342837893759522,0.9657162106240536
82,41.137123745819395,0.4747474747474748,0.9090909090909092,0.1627905480027001,0.8372094519973002,0.033720478566246916,0.9662795214337592
83,41.63879598662207,0.4747474747474748,0.9090909090909092,0.16269596480266588,0.8373040351973345,0.033166348573898934,0.9668336514261076
84,42.14046822742475,0.4747474747474748,0.9090909090909092,0.16260298276920537,0.8373970172307951,0.03262125322867598,0.9673787467713308
85,42.642140468227424,0.4747474747474748,0.9090909090909092,0.16251157426935353,0.8374884257306469,0.032085048642945826,0.9679149513570614
86,43.1438127090301,0.4747474747474748,0.9090909090909092,0.1624217111687348,0.8375782888312656,0.03155758885400446,0.9684424111460033
87,43.64548494983278,0.4747474747474748,0.9090909090909092,0.1623333669911907,0.8376666330088097,0.03103873433041609,0.9689612656695922
88,44.147157190635454,0.4747474747474748,0.9090909090909092,0.16224651622145747,0.837753483778543,0.030528349267513275,0.9694716507324954
89,44.64882943143812,0.4747474747474748,0.9090909090909092,0.16216113243567495,0.8378388675643256,0.03002629433894261,0.9699737056610667
90,45.1505016722408,0.4747474747474748,0.9090909090909092,0.16207719079876376,0.8379228092012367,0.02953243685133305,0.9704675631486768
91,45.65217391304348,0.4747474747474748,0.9090909090909092,0.16199466712838137,0.8380053328716192,0.029046646836416685,0.9709533531635937
92,46.15384615384615,0.4747474747474748,0.9090909090909092,0.16191353751480758,0.8380864624851928,0.028568796711299,0.971431203288712
93,46.65551839464883,0.4747474747474748,0.9090909090909092,0.16183377547398622,0.8381662245260142,0.02809874498473626,0.9719012550152755
94,47.15719063545151,0.4747474747474748,0.9090909090909092,0.16175536018657463,0.8382446398134258,0.02763638077019786,0.9723636192298146
95,47.65886287625418,0.4747474747474748,0.9090909090909092,0.16167826736088706,0.8383217326391134,0.027181574417496177,0.9728184255825171
96,48.16053511705685,0.4747474747474748,0.9090909090909092,0.16160247406994693,0.8383975259300535,0.0267342034639948,0.9732657965360193
97,48.66220735785953,0.4747474747474748,0.9090909090909092,0.16152795797126643,0.8384720420287339,0.02629414856594358,0.9737058514340714
98,49.163879598662206,0.4747474747474748,0.9090909090909092,0.16145469690507505,0.8385453030949254,0.025861291403334978,0.974138708596681
99,49.66555183946488,0.4747474747474748,0.9090909090909092,0.1613826692448674,0.838617330755133,0.025435516507927892,0.974564483492089
100,50.16722408026756,0.4747474747474748,0.9090909090909092,0.16131185388031324,0.8386881461196871,0.025016711003218887,0.974983288996799
101,50.668896321070235,0.4747474747474748,0.9090909090909092,0.1612422299371086,0.8387577700628918,0.024604760341877467,0.9753952396581416
102,51.17056856187291,0.4747474747474748,0.9090909090909092,0.1611737770836358,0.8388262229163646,0.024199552971687056,0.9758004470283331
103,51.67224080267559,0.4747474747474748,0.9090909090909092,0.16110647554712526,0.8388935244528751,0.023800980581451404,0.97619901941857
104,52.17391304347826,0.4747474747474748,0.9090909090909092,0.1610403060462238,0.8389596939537766,0.023408937075000944,0.9765910629250218
105,52.675585284280935,0.4747474747474748,0.9090909090909092,0.16097524974170485,0.8390247502582955,0.023023318133830167,0.9769766818661941
106,53.17725752508361,0.4747474747474748,0.9090909090909092,0.16091128786397826,0.8390887121360221,0.02264401791191043,0.9773559820881154
107,53.67892976588629,0.4747474747474748,0.9090909090909092,0.16084840221643018,0.8391515977835702,0.022270933501937328,0.9777290664980901
108,54.180602006688964,0.4747474747474748,0.9090909090909092,0.16078657509750438,0.839213424902496,0.021903964243940813,0.9780960357560884
109,54.68227424749164,0.4747474747474748,0.9090909090909092,0.16072578924041472,0.8392742107595856,0.021543011190341268,0.9784569888096898
110,55.18394648829432,0.4747474747474748,0.9090909090909092,0.16066602760223592,0.8393339723977645,0.02118797701293768,0.9788120229870954
111,55.68561872909699,0.4747474747474748,0.9090909090909092,0.16060727166279007,0.8393927283372102,0.02083876529898427,0.9791612347010509
112,56.187290969899664,0.4747474747474748,0.9090909090909092,0.16054950129566192,0.8394504987043384,0.020495281409944933,0.9795047185900925
113,56.68896321070234,0.4747474747474748,0.9090909090909092,0.16049269834918073,0.8395073016508197,0.020157432439519524,0.9798425675605202
114,57.19063545150502,0.4747474747474748,0.9090909090909092,0.16043684828155477,0.8395631517184455,0.019825126821664922,0.9801748731783774
115,57.69230769230769,0.4747474747474748,0.9090909090909092,0.16038193527448893,0.8396180647255114,0.01949827447241617,0.9805017255276289
116,58.19397993311037,0.4747474747474748,0.9090909090909092,0.1603279429596315,0.8396720570403687,0.01917678678468755,0.9808232132153604
117,58.69565217391305,0.4747474747474748,0.9090909090909092,0.16027485583867315,0.839725144161327,0.018860576576672214,0.9811394234233789
118,59.197324414715716,0.4747474747474748,0.9090909090909092,0.1602226587555462,0.839777341244454,0.01854955796231002,0.9814504420377443
119,59.69899665551839,0.4747474747474748,0.9090909090909092,0.16017133690318014,0.8398286630968201,0.018243646343408724,0.981756353656649
120,60.20066889632107,0.4747474747474748,0.9090909090909092,0.1601208754034898,0.8398791245965104,0.017942758693952163,0.9820572413061094
121,60.702341137123746,0.4747474747474748,0.9090909090909092,0.16007125961694627,0.839928740383054,0.017646813201589864,0.9823531867984756
122,61.20401337792642,0.4747474747474748,0.9090909090909092,0.16002247516443827,0.8399775248355619,0.017355729281753805,0.9826442707183158
123,61.7056856187291,0.4747474747474748,0.9090909090909092,0.15997450803325114,0.8400254919667489,0.017069427832546974,0.9829305721675272
124,62.207357859531776,0.4747474747474748,0.9090909090909092,0.15992734440963285,0.8400726555903671,0.016787830920709852,0.9832121690793691
125,62.709030100334445,0.4747474747474748,0.9090909090909092,0.15988097067841855,0.8401190293215813,0.016510861729141187,0.9834891382709429
126,63.21070234113712,0.4747474747474748,0.9090909090909092,0.15983537351454946,0.8401646264854504,0.016238445077347702,0.9837615549227419
127,63.7123745819398,0.4747474747474748,0.9090909090909092,0.15979053968832563,0.8402094603116743,0.01597050625397993,0.9840294937461154
128,64.21404682274247,0.4747474747474748,0.9090909090909092,0.15974645636537121,0.8402535436346288,0.015706972632369257,0.9842930273677323
129,64.71571906354515,0.4747474747474748,0.9090909090909092,0.15970311087001798,0.8402968891299819,0.015447772559739519,0.9845522274403686
130,65.21739130434783,0.4747474747474748,0.9090909090909092,0.1596604906354469,0.840339509364553,0.015192834873215851,0.9848071651268995
131,65.7190635451505,0.4747474747474748,0.9090909090909092,0.1596185833433776,0.8403814166566224,0.014942089702266083,0.9850579102978567
132,66.22073578595318,0.4747474747474748,0.9090909090909092,0.1595773769400698,0.8404226230599301,0.01469546856061888,0.985304531439512
133,66.72240802675586,0.4747474747474748,0.9090909090909092,0.15953685963603054,0.8404631403639694,0.014452904344408619,0.9855470956557308
134,67.22408026755853,0.4747474747474748,0.9090909090909092,0.15949701976244263,0.8405029802375573,0.014214330421476006,0.9857856695786726
135,67.72575250836121,0.4747474747474748,0.9090909090909092,0.1594578458478503,0.8405421541521496,0.013979681117799559,0.9860203188823587
136,68.22742474916387,0.4747474747474748,0.9090909090909092,0.15941932674730885,0.840580673252691,0.013748892536710529,0.9862511074634581
137,68.72909698996655,0.4747474747474748,0.9090909090909092,0.15938145155959674,0.8406185484404032,0.013521902033757173,0.9864780979664226
138,69.23076923076923,0.4747474747474748,0.9090909090909092,0.15934420962721563,0.8406557903727843,0.013298648216704784,0.9867013517834868
139,69.7324414715719,0.4747474747474748,0.9090909090909092,0.1593075904875676,0.8406924095124323,0.013079070705289303,0.9869209292949148
140,70.23411371237458,0.4747474747474748,0.9090909090909092,0.15927158347561535,0.8407284165243846,0.012863108175996249,0.9871368918242213
141,70.73578595317726,0.4747474747474748,0.9090909090909092,0.15923617828384432,0.8407638217161556,0.012650701117510368,0.9873492988827215
142,71.23745819397993,0.4747474747474748,0.9090909090909092,0.15920136487459768,0.8407986351254022,0.01244179139933587,0.9875582086009113
143,71.73913043478261,0.4747474747474748,0.9090909090909092,0.15916713340692393,0.840832866593076,0.012236321911828794,0.9877636780884347
144,72.24080267558529,0.4747474747474748,0.9090909090909092,0.15913347423657664,0.8408665257634232,0.01203423656619701,0.9879657634340838
145,72.74247491638796,0.4747474747474748,0.9090909090909092,0.15910037708953115,0.8408996229104688,0.011835480104064428,0.988164519896235
146,73.24414715719064,0.4747474747474748,0.9090909090909092,0.15906782885205806,0.8409321711479419,0.011639997531605446,0.9883600024687138
147,73.74581939799332,0.4747474747474748,0.9090909090909092,0.1590358221165802,0.8409641778834198,0.011447735168636534,0.9885522648317039
148,74.24749163879599,0.4747474747474748,0.9090909090909092,0.15900435145415243,0.8409956485458475,0.01125864039522757,0.9887413596051353
149,74.74916387959867,0.4747474747474748,0.9090909090909092,0.15897340726332834,0.8410265927366716,0.011072661251532626,0.9889273387488543
150,75.25083612040133,0.4747474747474748,0.9090909090909092,0.15894297898569754,0.8410570210143024,0.010889746582563435,0.9891102534178492
151,75.75250836120401,0.4747474747474748,0.9090909090909092,0.15891305775434394,0.8410869422456559,0.010709846377570009,0.98929015362287
152,76.25418060200668,0.4747474747474748,0.9090909090909092,0.15888363581641676,0.8411163641835832,0.010532911021238198,0.989467088979231
153,76.75585284280936,0.4747474747474748,0.9090909090909092,0.1588547051884223,0.8411452948115776,0.010358891941303763,0.9896411080591966
154,77.25752508361204,0.4747474747474748,0.9090909090909092,0.1588262572665513,0.8411737427334486,0.010187741335865532,0.9898122586646682
155,77.75919732441471,0.4747474747474748,0.9090909090909092,0.15879828349795042,0.8412017165020496,0.010019412046760549,0.9899805879538087
156,78.26086956521739,0.4747474747474748,0.9090909090909092,0.1587707760134285,0.8412292239865714,0.009853857807916486,0.9901461421926906
157,78.76254180602007,0.4747474747474748,0.9090909090909092,0.1587437271460398,0.8412562728539601,0.0096910331198672,0.9903089668807803
158,79.26421404682274,0.4747474747474748,0.9090909090909092,0.15871712926491371,0.8412828707350862,0.009530893100430097,0.9904691069002606
159,79.76588628762542,0.4747474747474748,0.9090909090909092,0.15869097474215593,0.841309025257844,0.00937339370932491,0.9906266062914119
160,80.2675585284281,0.4747474747474748,0.9090909090909092,0.15866525610668933,0.8413347438933106,0.009218491605080172,0.9907815083957058
161,80.76923076923077,0.4747474747474748,0.9090909090909092,0.15863996606763417,0.8413600339323657,0.009066144216344208,0.9909338557844943
162,81.27090301003345,0.4747474747474748,0.9090909090909092,0.15861509741329322,0.8413849025867067,0.008916309363116113,0.9910836906377785
163,81.77257525083613,0.4747474747474748,0.9090909090909092,0.1585906431230531,0.8414093568769468,0.008768946016079257,0.991231053984875
164,82.27424749163879,0.4747474747474748,0.9090909090909092,0.15856659625943909,0.8414334037405609,0.008624013630280617,0.9913759863707375
165,82.77591973244147,0.4747474747474748,0.9090909090909092,0.15854294995139,0.8414570500486099,0.008481472051789717,0.9915185279492965
166,83.27759197324414,0.4747474747474748,0.9090909090909092,0.15851969745806793,0.8414803025419321,0.008341281890140282,0.9916587181110187
167,83.77926421404682,0.4747474747474748,0.9090909090909092,0.15849683217306054,0.8415031678269393,0.008203404542859118,0.9917965954583774
168,84.2809364548495,0.4747474747474748,0.9090909090909092,0.15847434760476603,0.8415256523952339,0.008067802031149754,0.9919321979701697
169,84.78260869565217,0.4747474747474748,0.9090909090909092,0.15845223733505545,0.8415477626649445,0.00793443665361159,0.9920655633477964
170,85.28428093645485,0.4747474747474748,0.9090909090909092,0.15843049510540033,0.8415695048945996,0.007803271707723891,0.9921967282937786
171,85.78595317725753,0.4747474747474748,0.9090909090909092,0.15840911478646483,0.8415908852135351,0.007674271235122436,0.992325728766481
172,86.2876254180602,0.4747474747474748,0.9090909090909092,0.1583880903749765,0.8416119096250234,0.007547399995385752,0.9924526000063254
173,86.78929765886288,0.4747474747474748,0.9090909090909092,0.15836741596135742,0.8416325840386425,0.007422623217959995,0.9925773767838663
174,87.29096989966555,0.4747474747474748,0.9090909090909092,0.1583470856370402,0.8416529143629597,0.007299905891834002,0.9927000941101152
175,87.79264214046823,0.4747474747474748,0.9090909090909092,0.15832709366637182,0.8416729063336281,0.007179214083002548,0.9928207859190779
176,88.29431438127091,0.4747474747474748,0.9090909090909092,0.15830743443180256,0.8416925655681974,0.00706051451439735,0.9929394854878232
177,88.79598662207358,0.4747474747474748,0.9090909090909092,0.15828810242537056,0.8417118975746294,0.0069437745006250455,0.993056225501745
178,89.29765886287625,0.4747474747474748,0.9090909090909092,0.158269092230979,0.8417309077690209,0.006828961874586789,0.993171038127943
179,89.79933110367892,0.4747474747474748,0.9090909090909092,0.15825039845682218,0.8417496015431777,0.00671604470769327,0.9932839552950071
180,90.3010033444816,0.4747474747474748,0.9090909090909092,0.15823201584912827,0.8417679841508716,0.0066049917808089385,0.9933950082220736
181,90.80267558528428,0.4747474747474748,0.9090909090909092,0.1582139392602182,0.8417860607397817,0.006495772452001543,0.9935042275510756
182,91.30434782608695,0.4747474747474748,0.9090909090909092,0.1581961636410649,0.841803836358935,0.006388356625734435,0.9936116433775504
183,91.80602006688963,0.4747474747474748,0.9090909090909092,0.15817868269098978,0.8418213173090102,0.006282705882121691,0.993717294121384
184,92.3076923076923,0.4747474747474748,0.9090909090909092,0.15816149481582406,0.8418385051841759,0.006178814013398655,0.9938211859903446
185,92.80936454849498,0.4747474747474748,0.9090909090909092,0.15814459247234078,0.8418554075276592,0.0060766347097958254,0.9939233652942008
186,93.31103678929766,0.4747474747474748,0.9090909090909092,0.15812797106916804,0.8418720289308319,0.005976141279146548,0.9940238587251204
187,93.81270903010034,0.4747474747474748,0.9090909090909092,0.15811162601493395,0.841888373985066,0.00587730702928417,0.9941226929752714
188,94.31438127090301,0.4747474747474748,0.9090909090909092,0.1580955525766864,0.8419044474233135,0.005780105252729618,0.9942198947521342
189,94.81605351170569,0.4747474747474748,0.9090909090909092,0.15807974473453892,0.841920255265461,0.005684509102817083,0.9943154909023759
190,95.31772575250837,0.4747474747474748,0.9090909090909092,0.15806419769273383,0.8419358023072661,0.005590491999961643,0.994409508005583
191,95.81939799331104,0.4747474747474748,0.9090909090909092,0.15804890935140048,0.8419510906485994,0.005498027962574193,0.9945019720433461
192,96.3210702341137,0.4747474747474748,0.9090909090909092,0.15803387601667215,0.8419661239833277,0.0054070914201576475,0.9945929085861639
193,96.82274247491638,0.4747474747474748,0.9090909090909092,0.15801909273245157,0.8419809072675484,0.0053176531973392425,0.9946823468094111
194,97.32441471571906,0.4747474747474748,0.9090909090909092,0.15800455681526787,0.8419954431847321,0.005229700410801429,0.9947702995964064
195,97.82608695652173,0.4747474747474748,0.9090909090909092,0.15799026078508194,0.8420097392149181,0.005143192429924981,0.9948568075777722
196,98.32775919732441,0.4747474747474748,0.9090909090909092,0.15797620246562213,0.8420237975343778,0.00505811496120929,0.9949418850470104
197,98.82943143812709,0.4747474747474748,0.9090909090909092,0.15796237882019465,0.8420376211798054,0.004974448928208405,0.995025551080569
198,99.33110367892976,0.4747474747474748,0.9090909090909092,0.15794878277903723,0.8420512172209628,0.0048921524862881325,0.9951078475230865
199,99.83277591973244,0.4747474747474748,0.9090909090909092,0.15793541488352109,0.842064585116479,0.004811228792516388,0.9951887712174948
200,100.33444816053512,0.4747474747474748,0.9090909090909092,0.1579222700498937,0.8420777299501063,0.004731647740023821,0.9952683522706673
201,100.8361204013378,0.4747474747474748,0.9090909090909092,0.15790934376529475,0.8420906562347052,0.004653382638648848,0.9953466173727687
202,101.33779264214047,0.4747474747474748,0.9090909090909092,0.15789663153034977,0.8421033684696503,0.004576406878941363,0.9954235931332523
203,101.83946488294315,0.4747474747474748,0.9090909090909092,0.15788412969946417,0.8421158703005359,0.004500698882847827,0.9954993011301753
204,102.34113712374582,0.4747474747474748,0.9090909090909092,0.15787183558791915,0.8421281644120809,0.004426242734836318,0.9955737572790734
205,102.8428093645485,0.4747474747474748,0.9090909090909092,0.15785974563839314,0.8421402543616069,0.0043530173770537535,0.9956469826378033
206,103.34448160535118,0.4747474747474748,0.9090909090909092,0.15784785628405593,0.8421521437159442,0.004281001695611195,0.9957189983202575
207,103.84615384615384,0.4747474747474748,0.9090909090909092,0.15783616424337812,0.8421638357566219,0.004210175952976192,0.9957898240639731
208,104.34782608695652,0.4747474747474748,0.9090909090909092,0.1578246664719396,0.8421753335280604,0.004140521555485003,0.9958594784626195
209,104.84949832775919,0.4747474747474748,0.9090909090909092,0.15781335968015275,0.8421866403198472,0.004072018726730107,0.9959279812926087
210,105.35117056856187,0.4747474747474748,0.9090909090909092,0.15780224116085093,0.8421977588391489,0.004004650864742884,0.9959953491559178
211,105.85284280936455,0.4747474747474748,0.9090909090909092,0.15779130631858052,0.8422086936814194,0.0039383910770195854,0.9960616089450469
212,106.35451505016722,0.4747474747474748,0.9090909090909092,0.15778055351714465,0.8422194464828553,0.003873228598020139,0.9961267714255508
213,106.8561872909699,0.4747474747474748,0.9090909090909092,0.15776997955273925,0.8422300204472607,0.0038091441192668264,0.9961908559059126
214,107.35785953177258,0.4747474747474748,0.9090909090909092,0.15775958127960898,0.8422404187203909,0.0037461186488573365,0.9962538813780399
215,107.85953177257525,0.4747474747474748,0.9090909090909092,0.15774935580286087,0.842250644197139,0.003684134666660817,0.9963158653620718
216,108.36120401337793,0.4747474747474748,0.9090909090909092,0.15773930035046269,0.8422606996495372,0.0036231753574277837,0.9963768246732667
217,108.8628762541806,0.4747474747474748,0.9090909090909092,0.15772941210729668,0.8422705878927031,0.003563223616560221,0.9964367764162311
218,109.36454849498328,0.4747474747474748,0.9090909090909092,0.1577196883342523,0.8422803116657476,0.0035042627636284194,0.9964957372714034
219,109.86622073578596,0.4747474747474748,0.9090909090909092,0.1577101263682261,0.8422898736317738,0.003446276542370975,0.9965537234950544
220,110.36789297658864,0.4747474747474748,0.9090909090909092,0.15770072362212195,0.8422992763778779,0.0033892491206947892,0.9966107509192874
221,110.8695652173913,0.4747474747474748,0.9090909090909092,0.1576914775848509,0.842308522415149,0.0033331650906750715,0.9966668349520377
222,111.37123745819397,0.4747474747474748,0.9090909090909092,0.15768238458615613,0.8423176154138438,0.003278009013354018,0.9967219910322752
223,111.87290969899665,0.4747474747474748,0.9090909090909092,0.15767343872755593,0.842326561272444,0.0032237649933466736,0.9967762350554004
224,112.37458193979933,0.4747474747474748,0.9090909090909092,0.15766463834528488,0.842335361654715,0.003170417830350166,0.9968295822217297
225,112.876254180602,0.4747474747474748,0.9090909090909092,0.15765598527849456,0.8423440147215053,0.003117952871285174,0.9968820471843557
226,113.37792642140468,0.4747474747474748,0.9090909090909092,0.15764747805450666,0.8423525219454933,0.0030663555375109366,0.9969336445219349
227,113.87959866220736,0.4747474747474748,0.9090909090909092,0.15763911416757395,0.842360885832426,0.0030156114969808845,0.996984388566531
228,114.38127090301003,0.4747474747474748,0.9090909090909092,0.15763088881098739,0.8423691111890125,0.0029657066507558145,0.9970342934171013
229,114.88294314381271,0.4747474747474748,0.9090909090909092,0.1576227978590848,0.8423772021409152,0.0029166271334466233,0.9970833729390536
230,115.38461538461539,0.4747474747474748,0.9090909090909092,0.15761484065220774,0.8423851593477921,0.0028683593273413806,0.9971316407501207
231,115.88628762541806,0.4747474747474748,0.9090909090909092,0.15760701612179442,0.8423929838782055,0.002820889834374743,0.9971791102483899
232,116.38795986622074,0.4747474747474748,0.9090909090909092,0.15759932276794764,0.8424006772320523,0.0027742054492286366,0.9972257946392027
233,116.88963210702342,0.4747474747474748,0.9090909090909092,0.15759175707532733,0.8424082429246725,0.0027282932058465543,0.9972717068886403
234,117.3913043478261,0.4747474747474748,0.9090909090909092,0.15758431656149124,0.8424156834385087,0.0026831403546986286,0.9973168597462598
235,117.89297658862876,0.4747474747474748,0.9090909090909092,0.15757699915721313,0.8424230008427868,0.0026387339673273067,0.9973612661405479
236,118.39464882943143,0.4747474747474748,0.9090909090909092,0.15756980323785483,0.8424301967621451,0.0025950621146033537,0.9974049380006639
237,118.89632107023411,0.4747474747474748,0.9090909090909092,0.15756272643926134,0.8424372735607386,0.0025521104211993985,0.997447889701974
238,119.39799331103679,0.4747474747474748,0.9090909090909092,0.15755576711280295,0.8424442328871969,0.002509869472495599,0.9974901306591268
239,119.89966555183946,0.4747474747474748,0.9090909090909092,0.15754892363024936,0.8424510763697506,0.0024683298102252424,0.9975316703304183
240,120.40133779264214,0.4747474747474748,0.9090909090909092,0.15754219290027702,0.842457807099723,0.00242747275471893,0.9975725273955827
241,120.90301003344482,0.4747474747474748,0.9090909090909092,0.1575355748546797,0.8424644251453203,0.0023872978906511848,0.9976127022699544
242,121.40468227424749,0.4747474747474748,0.9090909090909092,0.15752906707459546,0.8424709329254044,0.0023477905964817522,0.9976522095751357
243,121.90635451505017,0.4747474747474748,0.9090909090909092,0.15752266739714219,0.8424773326028577,0.0023089377999299756,0.9976910623834586
244,122.40802675585284,0.4747474747474748,0.9090909090909092,0.15751637365944368,0.8424836263405562,0.0022707264287515,0.9977292737672184
245,122.90969899665552,0.4747474747474748,0.9090909090909092,0.1575101837497533,0.8424898162502465,0.00223314372351293,0.9977668564859009
246,123.4113712374582,0.4747474747474748,0.9090909090909092,0.15750409638834487,0.842495903611655,0.0021961820151031155,0.9978038182086887
247,123.91304347826087,0.4747474747474748,0.9090909090909092,0.15749811006527265,0.8425018899347273,0.0021598322259218728,0.9978401680132484
248,124.41471571906355,0.4747474747474748,0.9090909090909092,0.15749222305217456,0.8425077769478253,0.002124083942092089,0.9978759163135182
249,124.91638795986621,0.4747474747474748,0.9090909090909092,0.15748643362068845,0.8425135663793114,0.002088926749736653,0.9979110735234364
250,125.41806020066889,0.4747474747474748,0.9090909090909092,0.15748074010515578,0.8425192598948441,0.0020543506242661474,0.9979456496676649
251,125.91973244147157,0.4747474747474748,0.9090909090909092,0.15747514106849486,0.8425248589315051,0.0020203469601843198,0.997979653351811
252,126.42140468227424,0.4747474747474748,0.9090909090909092,0.15746963492789615,0.8425303650721038,0.0019869062472601937,0.9980130940861929
253,126.92307692307692,0.4747474747474748,0.9090909090909092,0.15746422008090388,0.842535779919096,0.001954018853291871,0.9980459815030951
254,127.4247491638796,0.4747474747474748,0.9090909090909092,0.15745889492506235,0.8425411050749375,0.0019216751460774523,0.9980783252348028
255,127.92642140468227,0.4747474747474748,0.9090909090909092,0.15745365821175486,0.8425463417882451,0.0018898675804348848,0.9981101328266709
256,128.42809364548495,0.4747474747474748,0.9090909090909092,0.15744850801882898,0.842551491981171,0.0018585846385214136,0.9981414157965443
257,128.9297658862876,0.4747474747474748,0.9090909090909092,0.1574434433276249,0.8425565566723751,0.0018278201314908408,0.9981721803335002
258,129.4314381270903,0.4747474747474748,0.9090909090909092,0.1574384625987184,0.8425615374012816,0.001797564798915199,0.998202435698066
259,129.93311036789297,0.4747474747474748,0.9090909090909092,0.15743356432467132,0.8425664356753286,0.0017678095726309498,0.9982321909585139
260,130.43478260869566,0.4747474747474748,0.9090909090909092,0.15742874716775773,0.8425712528322422,0.0017385464698164964,0.9982614540978515
261,130.93645484949832,0.4747474747474748,0.9090909090909092,0.1574240097877137,0.8425759902122862,0.001709767476045782,0.9982902331306835
262,131.438127090301,0.4747474747474748,0.9090909090909092,0.15741935083197034,0.8425806491680297,0.0016814644819566932,0.9983185361665385
263,131.93979933110367,0.4747474747474748,0.9090909090909092,0.1574147689823002,0.8425852310176998,0.0016536295857247747,0.9983463711074184
264,132.44147157190636,0.4747474747474748,0.9090909090909092,0.15741026295481703,0.8425897370451829,0.001626255093063214,0.9983737456477978
265,132.94314381270902,0.4747474747474748,0.9090909090909092,0.15740583149997595,0.842594168500024,0.0015993335172228566,0.9984006672746246
266,133.44481605351172,0.4747474747474748,0.9090909090909092,0.15740147340257338,0.8425985265974266,0.0015728575789921916,0.9984271432673198
267,133.94648829431438,0.4747474747474748,0.9090909090909092,0.15739718747731157,0.8426028125226884,0.0015468201863509984,0.9984531807181258
268,134.44816053511707,0.4747474747474748,0.9090909090909092,0.1573929723928964,0.8426070276071036,0.0015212136275645322,0.9984787873390837
269,134.94983277591973,0.4747474747474748,0.9090909090909092,0.15738882686681557,0.8426111731331845,0.0014960304646780913,0.9985039705684595
270,135.45150501672242,0.4747474747474748,0.9090909090909092,0.15738474971184688,0.8426152502881531,0.0014712637468611304,0.998528737357381
271,135.95317725752508,0.4747474747474748,0.9090909090909092,0.15738073976389544,0.8426192602361046,0.0014469066793795448,0.9985530945008948
272,136.45484949832775,0.4747474747474748,0.9090909090909092,0.15737679588199374,0.8426232041180062,0.0014229526235956598,0.9985770486379664
273,136.95652173913044,0.4747474747474748,0.9090909090909092,0.15737291694830152,0.8426270830516984,0.001399395096968236,0.9986006062514801
274,137.4581939799331,0.4747474747474748,0.9090909090909092,0.1573691018681059,0.8426308981318941,0.0013762277730524721,0.9986237736682394
275,137.9598662207358,0.4747474747474748,0.9090909090909092,0.15736534958512718,0.8426346504148728,0.0013534444779008394,0.9986465570625662
276,138.46153846153845,0.4747474747474748,0.9090909090909092,0.15736166095883442,0.8426383390411656,0.0013310387486163732,0.9986689628978187
277,138.96321070234114,0.4747474747474748,0.9090909090909092,0.15735803906502704,0.8426419609349729,0.0013090037581969356,0.9986909980015591
278,139.4648829431438,0.4747474747474748,0.9090909090909092,0.15735448241598585,0.8426455175840142,0.0012873331937579657,0.9987126686871941
279,139.9665551839465,0.4747474747474748,0.9090909090909092,0.15735098411847329,0.8426490158815267,0.0012660212879210641,0.9987339807225826
280,140.46822742474916,0.4747474747474748,0.9090909090909092,0.15734753999532,0.8426524600046801,0.0012450621686825136,0.9987549399802874
281,140.96989966555185,0.4747474747474748,0.9090909090909092,0.15734414844841454,0.8426558515515855,0.0012244499356834245,0.9987755523612999
282,141.4715719063545,0.4747474747474748,0.9090909090909092,0.15734080980332238,0.8426591901966777,0.0012041788477520229,0.9987958236074529
283,141.9732441471572,0.4747474747474748,0.9090909090909092,0.15733752923794492,0.8426624707620552,0.001184243208724669,0.9988157594155849
284,142.47491638795987,0.4747474747474748,0.9090909090909092,0.15733430533999646,0.8426656946600036,0.0011646376372911019,0.9988353651678462
285,142.97658862876253,0.4747474747474748,0.9090909090909092,0.1573311375633655,0.8426688624366346,0.0011453565129863534,0.9988546464854232
286,143.47826086956522,0.4747474747474748,0.9090909090909092,0.1573280214974476,0.8426719785025526,0.001126394522324735,0.9988736086826899
287,143.97993311036788,0.4747474747474748,0.9090909090909092,0.1573249533799451,0.842675046620055,0.0011077463803864551,0.9988922570454852
288,144.48160535117057,0.4747474747474748,0.9090909090909092,0.1573219355340499,0.8426780644659502,0.0010894068978294547,0.9989105967641366
289,144.98327759197323,0.4747474747474748,0.9090909090909092,0.1573189684686142,0.8426810315313858,0.0010713709692289162,0.9989286329451221
290,145.48494983277592,0.4747474747474748,0.9090909090909092,0.1573160513241622,0.842683948675838,0.0010536334332197413,0.9989463707509577
291,145.9866220735786,0.4747474747474748,0.9090909090909092,0.15731318238908387,0.8426868176109163,0.001036189457034267,0.9989638150156017
292,146.48829431438128,0.4747474747474748,0.9090909090909092,0.15731036062046289,0.8426896393795372,0.00101903337485277,0.9989809714063839
293,146.98996655518394,0.4747474747474748,0.9090909090909092,0.1573075855697216,0.8426924144302785,0.0010021613458226324,0.9989978437653132
294,147.49163879598663,0.4747474747474748,0.9090909090909092,0.15730485674180353,0.8426951432581966,0.000985569607760756,0.999014435855708
295,147.9933110367893,0.4747474747474748,0.9090909090909092,0.15730217288056061,0.8426978271194394,0.0009692507446677853,0.9990307550960973
296,148.49498327759198,0.4747474747474748,0.9090909090909092,0.1572995339608704,0.8427004660391296,0.0009532045846650083,0.9990468016588083
297,148.99665551839465,0.4747474747474748,0.9090909090909092,0.15729693902345504,0.842703060976545,0.0009374254318188973,0.9990625812422649
298,149.49832775919734,0.4747474747474748,0.9090909090909092,0.15729438720610975,0.8427056127938903,0.0009219081814107108,0.9990780989531732
299,150.0,0.4747474747474748,0.9090909090909092,0.15729187764662972,0.8427081223533703,0.0009066477287217106,0.9990933598982397
