,time,sigma,beta,omega,alpha,S,I,C,D
0,0.0,0.95,0.9285714285714286,0.04040404040404041,1.6161616161616164,0.9998,0.0002,0.5,0.5
1,0.5016722408026756,0.95,0.9285714285714286,0.04040404040404041,1.6161616161616164,0.9997522677655828,0.0002477322344173239,0.4774326838993413,0.5225673161006591
2,1.0033444816053512,0.95,0.9285714285714286,0.04040404040404041,1.6161616161616164,0.999691144673048,0.000308855326952049,0.4549593796389455,0.5450406203610549
3,1.5050167224080266,0.95,0.9285714285714286,0.04040404040404041,1.6161616161616164,0.9996123927620387,0.000387607237961214,0.43267095532789196,0.5673290446721084
4,2.0066889632107023,0.95,0.9285714285714286,0.04040404040404041,1.6161616161616164,0.9995103063700275,0.000489693629972396,0.4106554531530828,0.5893445468469175
5,2.508361204013378,0.95,0.9285714285714286,0.04040404040404041,1.6161616161616164,0.9993771658181967,0.0006228341818032516,0.38899679847092017,0.6110032015290802
6,3.0100334448160533,0.95,0.9285714285714286,0.04040404040404041,1.6161616161616164,0.9992024943873064,0.0007975056126935882,0.36777367067503997,0.6322263293249604
7,3.511705685618729,0.95,0.9285714285714286,0.04040404040404041,1.6161616161616164,0.9989719748671746,0.0010280251328252854,0.3470584929577512,0.6529415070422491
8,4.013377926421405,0.95,0.9285714285714286,0.04040404040404041,1.6161616161616164,0.9986660030206387,0.001333996979361299,0.32691674366823004,0.6730832563317702
9,4.51505016722408,0.95,0.9285714285714286,0.04040404040404041,1.6161616161616164,0.9982576207424199,0.0017423792575801185,0.30740643229428166,0.6925935677057186
10,5.016722408026756,0.95,0.9285714285714286,0.04040404040404041,1.6161616161616164,0.99770962185341,0.0022903781465900648,0.28857784810999476,0.7114221518900056
11,5.518394648829432,0.95,0.9285714285714286,0.04040404040404041,1.6161616161616164,0.9969705237608049,0.0030294762391951616,0.27047356587916493,0.7295264341208354
12,6.020066889632107,0.95,0.9285714285714286,0.04040404040404041,1.6161616161616164,0.9959689223428184,0.004031077657181489,0.25312870629743384,0.7468712937025664
13,6.521739130434782,0.95,0.9285714285714286,0.04040404040404041,1.6161616161616164,0.994605613727142,0.005394386272858064,0.23657144876033193,0.7634285512396684
14,7.023411371237458,0.95,0.9285714285714286,0.04040404040404041,1.6161616161616164,0.9927427420368122,0.0072572579631877705,0.22082378205569117,0.7791762179443091
15,7.525083612040134,0.95,0.9285714285714286,0.04040404040404041,1.6161616161616164,0.9901889348917509,0.00981106510824895,0.20590249870388003,0.7940975012961202
16,8.02675585284281,0.95,0.9285714285714286,0.04040404040404041,1.6161616161616164,0.9866792556104638,0.013320744389535977,0.19182042484296735,0.8081795751570329
17,8.528428093645484,0.95,0.9285714285714286,0.04040404040404041,1.6161616161616164,0.9818490414733357,0.018150958526664117,0.17858787785928842,0.8214121221407118
18,9.03010033444816,0.95,0.9285714285714286,0.04040404040404041,1.6161616161616164,0.975201032451916,0.024798967548083813,0.1662143473796472,0.833785652620353
19,9.531772575250836,0.95,0.9285714285714286,0.04040404040404041,1.6161616161616164,0.9660671881456211,0.033932811854378735,0.1547103639120606,0.8452896360879396
20,10.033444816053512,0.95,0.9285714285714286,0.04040404040404041,1.6161616161616164,0.9535702174015674,0.046429782598432376,0.14408948300250615,0.8559105169974939
21,10.535117056856187,0.95,0.9285714285714286,0.04040404040404041,1.6161616161616164,0.9365973118088995,0.0634026881911003,0.13437022048071404,0.8656297795192861
22,11.036789297658864,0.95,0.9285714285714286,0.04040404040404041,1.6161616161616164,0.9138102930872128,0.08618970691278696,0.12557762980832485,0.8744223701916752
23,11.538461538461538,0.95,0.9285714285714286,0.04040404040404041,1.6161616161616164,0.8837313110010503,0.11626868899894939,0.1177440040498231,0.8822559959501769
24,12.040133779264213,0.95,0.9285714285714286,0.04040404040404041,1.6161616161616164,0.8449534064795301,0.15504659352046965,0.11090795578479942,0.8890920442152006
25,12.54180602006689,0.95,0.9285714285714286,0.04040404040404041,1.6161616161616164,0.7965114228793068,0.203488577120693,0.1051110075168253,0.8948889924831747
26,13.043478260869565,0.95,0.9285714285714286,0.04040404040404041,1.6161616161616164,0.7383823230839152,0.2616176769160847,0.10039108206001919,0.8996089179399808
27,13.545150501672241,0.95,0.9285714285714286,0.04040404040404041,1.6161616161616164,0.6719579026036091,0.3280420973963907,0.09677320197822149,0.9032267980217784
28,14.046822742474916,0.95,0.9285714285714286,0.04040404040404041,1.6161616161616164,0.600212886339189,0.39978711366081066,0.09425925267512358,0.9057407473248763
29,14.548494983277592,0.95,0.9285714285714286,0.04040404040404041,1.6161616161616164,0.527321951247364,0.4726780487526356,0.09282015177148724,0.9071798482285127
30,15.050167224080267,0.95,0.9285714285714286,0.04040404040404041,1.6161616161616164,0.4577533860479006,0.5422466139520989,0.09239384018733886,0.907606159812661
31,15.551839464882944,0.95,0.9285714285714286,0.04040404040404041,1.6161616161616164,0.3952207605255594,0.6047792394744403,0.09289050413279877,0.9071094958672011
32,16.05351170568562,0.95,0.9285714285714286,0.04040404040404041,1.6161616161616164,0.3419818442929828,0.6580181557070169,0.09420330250145316,0.9057966974985469
33,16.555183946488295,0.95,0.9285714285714286,0.04040404040404041,1.6161616161616164,0.2987212625178344,0.7012787374821654,0.09622079366377946,0.9037792063362206
34,17.05685618729097,0.95,0.9285714285714286,0.04040404040404041,1.6161616161616164,0.2648960311550556,0.7351039688449442,0.09883743041252352,0.9011625695874764
35,17.558528428093645,0.95,0.9285714285714286,0.04040404040404041,1.6161616161616164,0.23925410450173815,0.7607458954982618,0.1019602486136957,0.8980397513863043
36,18.06020066889632,0.95,0.9285714285714286,0.04040404040404041,1.6161616161616164,0.22029149281363164,0.7797085071863683,0.10551172319843795,0.8944882768015618
37,18.561872909698998,0.95,0.9285714285714286,0.04040404040404041,1.6161616161616164,0.20655205034421806,0.7934479496557819,0.10942979809821503,0.8905702019017849
38,19.06354515050167,0.95,0.9285714285714286,0.04040404040404041,1.6161616161616164,0.19677665474161396,0.8032233452583859,0.11366629368170472,0.8863337063182951
39,19.565217391304348,0.95,0.9285714285714286,0.04040404040404041,1.6161616161616164,0.18994872585044972,0.8100512741495502,0.11818464536494945,0.8818153546350503
40,20.066889632107024,0.95,0.9285714285714286,0.04040404040404041,1.6161616161616164,0.18528303597183346,0.8147169640281664,0.12295756884602448,0.8770424311539753
41,20.568561872909697,0.95,0.9285714285714286,0.04040404040404041,1.6161616161616164,0.1821906025438914,0.8178093974561085,0.12796495412174086,0.8720350458782586
42,21.070234113712374,0.95,0.9285714285714286,0.04040404040404041,1.6161616161616164,0.18023824977946568,0.8197617502205342,0.13319210053469296,0.8668078994653065
43,21.57190635451505,0.95,0.9285714285714286,0.04040404040404041,1.6161616161616164,0.17911157749542164,0.8208884225045783,0.13862830176657878,0.8613716982334205
44,22.073578595317727,0.95,0.9285714285714286,0.04040404040404041,1.6161616161616164,0.17858439168686835,0.8214156083131317,0.14426574189940758,0.8557342581005918
45,22.5752508361204,0.95,0.9285714285714286,0.04040404040404041,1.6161616161616164,0.1784948937830992,0.8215051062169009,0.15009864945962229,0.849901350540377
46,23.076923076923077,0.95,0.9285714285714286,0.04040404040404041,1.6161616161616164,0.17872777420750455,0.8212722257924956,0.15612265586623644,0.8438773441337628
47,23.578595317725753,0.95,0.9285714285714286,0.04040404040404041,1.6161616161616164,0.17920103881491736,0.8207989611850827,0.16233431184685837,0.8376656881531408
48,24.080267558528426,0.95,0.9285714285714286,0.04040404040404041,1.6161616161616164,0.17985645849844453,0.8201435415015554,0.16873072430579264,0.8312692756942065
49,24.581939799331103,0.95,0.9285714285714286,0.04040404040404041,1.6161616161616164,0.18065269948765353,0.8193473005123465,0.17530928341492047,0.8246907165850786
50,25.08361204013378,0.95,0.9285714285714286,0.04040404040404041,1.6161616161616164,0.18156042519396834,0.8184395748060316,0.18206745823305806,0.8179325417669409
51,25.585284280936456,0.95,0.9285714285714286,0.04040404040404041,1.6161616161616164,0.1825588050026668,0.8174411949973331,0.18900264315410875,0.81099735684589
52,26.08695652173913,0.95,0.9285714285714286,0.04040404040404041,1.6161616161616164,0.18363303482881746,0.8163669651711826,0.19611204289375855,0.8038879571062402
53,26.588628762541806,0.95,0.9285714285714286,0.04040404040404041,1.6161616161616164,0.18477257809363706,0.815227421906363,0.2033925867222674,0.7966074132777312
54,27.090301003344482,0.95,0.9285714285714286,0.04040404040404041,1.6161616161616164,0.1859699156708336,0.8140300843291665,0.2108408650911744,0.7891591349088241
55,27.59197324414716,0.95,0.9285714285714286,0.04040404040404041,1.6161616161616164,0.18721965794754622,0.8127803420524538,0.21845308373779376,0.7815469162622045
56,28.093645484949832,0.95,0.9285714285714286,0.04040404040404041,1.6161616161616164,0.1885179133058824,0.8114820866941176,0.22622503167522748,0.7737749683247708
57,28.59531772575251,0.95,0.9285714285714286,0.04040404040404041,1.6161616161616164,0.18986184083746155,0.8101381591625385,0.2341520605508559,0.7658479394491422
58,29.096989966555185,0.95,0.9285714285714286,0.04040404040404041,1.6161616161616164,0.19124932419204888,0.8087506758079512,0.24222907287491352,0.7577709271250844
59,29.598662207357858,0.95,0.9285714285714286,0.04040404040404041,1.6161616161616164,0.19267874385860084,0.8073212561413994,0.25045051864765183,0.7495494813523459
60,30.100334448160535,0.95,0.9285714285714286,0.04040404040404041,1.6161616161616164,0.1941488162641027,0.8058511837358975,0.25881039897593233,0.7411896010240653
61,30.60200668896321,0.95,0.9285714285714286,0.04040404040404041,1.6161616161616164,0.19565847174420684,0.8043415282557934,0.26730227510677734,0.7326977248932202
62,31.103678929765888,0.95,0.9285714285714286,0.04040404040404041,1.6161616161616164,0.19720677090398095,0.8027932290960192,0.2759192833789549,0.7240807166210425
63,31.60535117056856,0.95,0.9285714285714286,0.04040404040404041,1.6161616161616164,0.19879284225720126,0.8012071577427989,0.2846541545587641,0.715345845441233
64,32.10702341137124,0.95,0.9285714285714286,0.04040404040404041,1.6161616161616164,0.20041584072251806,0.7995841592774822,0.2934992382628108,0.7065007617371862
65,32.608695652173914,0.95,0.9285714285714286,0.04040404040404041,1.6161616161616164,0.20207491533651942,0.7979250846634808,0.30244653075495553,0.6975534692450414
66,33.11036789297659,0.95,0.9285714285714286,0.04040404040404041,1.6161616161616164,0.2037691864825417,0.7962308135174586,0.3114877063257742,0.6885122936742226
67,33.61204013377927,0.95,0.9285714285714286,0.04040404040404041,1.6161616161616164,0.2054977308818046,0.7945022691181957,0.3206141518881891,0.6793858481118077
68,34.11371237458194,0.95,0.9285714285714286,0.04040404040404041,1.6161616161616164,0.20725957172543072,0.7927404282745695,0.32981700421825005,0.6701829957817467
69,34.61538461538461,0.95,0.9285714285714286,0.04040404040404041,1.6161616161616164,0.2090536717157662,0.7909463282842341,0.3390871902194583,0.6609128097805382
70,35.11705685618729,0.95,0.9285714285714286,0.04040404040404041,1.6161616161616164,0.21087892884217177,0.7891210711578285,0.3484154662391,0.6515845337608965
71,35.618729096989966,0.95,0.9285714285714286,0.04040404040404041,1.6161616161616164,0.21273417589715968,0.7872658241028407,0.35779246339643317,0.6422075366035633
72,36.12040133779264,0.95,0.9285714285714286,0.04040404040404041,1.6161616161616164,0.2146181806374954,0.785381819362505,0.36720872375682756,0.6327912762431688
73,36.62207357859532,0.95,0.9285714285714286,0.04040404040404041,1.6161616161616164,0.2165296460488828,0.7834703539511176,0.376654750613285,0.6233452493867112
74,37.123745819397996,0.95,0.9285714285714286,0.04040404040404041,1.6161616161616164,0.21846721410890205,0.7815327858910983,0.38612105263566954,0.6138789473643267
75,37.625418060200666,0.95,0.9285714285714286,0.04040404040404041,1.6161616161616164,0.22042946991227386,0.7795705300877265,0.3955981852156264,0.6044018147843697
76,38.12709030100334,0.95,0.9285714285714286,0.04040404040404041,1.6161616161616164,0.2224149450250731,0.7775850549749272,0.4050767830412665,0.5949232169587296
77,38.62876254180602,0.95,0.9285714285714286,0.04040404040404041,1.6161616161616164,0.22442212383888027,0.7755778761611201,0.4145476182695915,0.5854523817304046
78,39.130434782608695,0.95,0.9285714285714286,0.04040404040404041,1.6161616161616164,0.22644944618647816,0.7735505538135221,0.4240016166206458,0.5759983833793504
79,39.63210702341137,0.95,0.9285714285714286,0.04040404040404041,1.6161616161616164,0.2284953161587955,0.7715046838412049,0.43342992294435345,0.5665700770556427
80,40.13377926421405,0.95,0.9285714285714286,0.04040404040404041,1.6161616161616164,0.2305581073240928,0.7694418926759076,0.4428239199392392,0.5571760800607569
81,40.635451505016725,0.95,0.9285714285714286,0.04040404040404041,1.6161616161616164,0.23263616914906013,0.7673638308509403,0.4521752448427515,0.5478247551572446
82,41.137123745819395,0.95,0.9285714285714286,0.04040404040404041,1.6161616161616164,0.23472783276082046,0.76527216723918,0.4614758375120185,0.5385241624879776
83,41.63879598662207,0.95,0.9285714285714286,0.04040404040404041,1.6161616161616164,0.23683141671136942,0.7631685832886311,0.47071796071697924,0.5292820392830171
84,42.14046822742475,0.95,0.9285714285714286,0.04040404040404041,1.6161616161616164,0.2389452330512873,0.7610547669487132,0.47989421983408814,0.5201057801659082
85,42.642140468227424,0.95,0.9285714285714286,0.04040404040404041,1.6161616161616164,0.24106759338657283,0.7589324066134276,0.4889975865462801,0.5110024134537163
86,43.1438127090301,0.95,0.9285714285714286,0.04040404040404041,1.6161616161616164,0.24319681717709313,0.7568031828229074,0.4980214087611963,0.5019785912388002
87,43.64548494983278,0.95,0.9285714285714286,0.04040404040404041,1.6161616161616164,0.24533123695074222,0.7546687630492582,0.5069594298396723,0.4930405701603242
88,44.147157190635454,0.95,0.9285714285714286,0.04040404040404041,1.6161616161616164,0.2474692018197137,0.7525307981802868,0.5158057889083076,0.48419421109168903
89,44.64882943143812,0.95,0.9285714285714286,0.04040404040404041,1.6161616161616164,0.24960908529423184,0.7503909147057687,0.5245550441642656,0.4754449558357312
90,45.1505016722408,0.95,0.9285714285714286,0.04040404040404041,1.6161616161616164,0.25174928799161994,0.7482507120083806,0.5332021541447237,0.4667978458552732
91,45.65217391304348,0.95,0.9285714285714286,0.04040404040404041,1.6161616161616164,0.25388824391928444,0.7461117560807161,0.5417424959244741,0.4582575040755228
92,46.15384615384615,0.95,0.9285714285714286,0.04040404040404041,1.6161616161616164,0.25602442435533856,0.7439755756446619,0.5501718544362701,0.44982814556372686
93,46.65551839464883,0.95,0.9285714285714286,0.04040404040404041,1.6161616161616164,0.25815634232186224,0.7418436576781383,0.5584864200219781,0.441513579978019
94,47.15719063545151,0.95,0.9285714285714286,0.04040404040404041,1.6161616161616164,0.26028255597425365,0.7397174440257469,0.5666827871798819,0.43331721282011537
95,47.65886287625418,0.95,0.9285714285714286,0.04040404040404041,1.6161616161616164,0.2624016697708614,0.7375983302291391,0.5747579342179806,0.4252420657820167
96,48.16053511705685,0.95,0.9285714285714286,0.04040404040404041,1.6161616161616164,0.2645123402384221,0.7354876597615785,0.5827092288459715,0.4172907711540259
97,48.66220735785953,0.95,0.9285714285714286,0.04040404040404041,1.6161616161616164,0.26661327564935816,0.7333867243506424,0.590534400101418,0.40946559989857956
98,49.163879598662206,0.95,0.9285714285714286,0.04040404040404041,1.6161616161616164,0.2687032407272557,0.7312967592727447,0.5982315399571116,0.401768460042886
99,49.66555183946488,0.95,0.9285714285714286,0.04040404040404041,1.6161616161616164,0.2707810558220547,0.7292189441779457,0.6057990780409563,0.39420092195904155
100,50.16722408026756,0.95,0.9285714285714286,0.04040404040404041,1.6161616161616164,0.27284560017003423,0.7271543998299662,0.6132357735109782,0.38676422648901976
101,50.668896321070235,0.95,0.9285714285714286,0.04040404040404041,1.6161616161616164,0.2748958114755775,0.7251041885244229,0.6205406967662399,0.3794593032337582
102,51.17056856187291,0.95,0.9285714285714286,0.04040404040404041,1.6161616161616164,0.2769306863024805,0.7230693136975199,0.6277132118924141,0.37228678810758403
103,51.67224080267559,0.95,0.9285714285714286,0.04040404040404041,1.6161616161616164,0.2789492814440633,0.7210507185559372,0.6347529625650055,0.3652470374349929
104,52.17391304347826,0.95,0.9285714285714286,0.04040404040404041,1.6161616161616164,0.2809507133083308,0.7190492866916697,0.6416598555654344,0.3583401444345642
105,52.675585284280935,0.95,0.9285714285714286,0.04040404040404041,1.6161616161616164,0.2829341566858719,0.7170658433141286,0.6484340376054712,0.3515659623945275
106,53.17725752508361,0.95,0.9285714285714286,0.04040404040404041,1.6161616161616164,0.28489884570576396,0.7151011542942365,0.655075886124604,0.34492411387539473
107,53.67892976588629,0.95,0.9285714285714286,0.04040404040404041,1.6161616161616164,0.2868440730281605,0.7131559269718399,0.6615859925180969,0.338414007481902
108,54.180602006688964,0.95,0.9285714285714286,0.04040404040404041,1.6161616161616164,0.2887691875019139,0.7112308124980866,0.6679651393151473,0.33203486068485166
109,54.68227424749164,0.95,0.9285714285714286,0.04040404040404041,1.6161616161616164,0.2906735943072417,0.7093264056927588,0.6742142917006546,0.32578570829934445
110,55.18394648829432,0.95,0.9285714285714286,0.04040404040404041,1.6161616161616164,0.29255675264832975,0.7074432473516707,0.680334576897558,0.3196654231024412
111,55.68561872909699,0.95,0.9285714285714286,0.04040404040404041,1.6161616161616164,0.29441817485467514,0.7055818251453253,0.6863272712028738,0.3136727287971255
112,56.187290969899664,0.95,0.9285714285714286,0.04040404040404041,1.6161616161616164,0.2962574249431286,0.7037425750568719,0.6921937860523214,0.30780621394767793
113,56.68896321070234,0.95,0.9285714285714286,0.04040404040404041,1.6161616161616164,0.298074116433365,0.7019258835666354,0.6979356527094971,0.3020643472905023
114,57.19063545150502,0.95,0.9285714285714286,0.04040404040404041,1.6161616161616164,0.29986791089540005,0.7001320891046005,0.7035545109296601,0.2964454890703393
115,57.69230769230769,0.95,0.9285714285714286,0.04040404040404041,1.6161616161616164,0.30163851577943585,0.6983614842205647,0.7090520951851493,0.29094790481485017
116,58.19397993311037,0.95,0.9285714285714286,0.04040404040404041,1.6161616161616164,0.3033856827409224,0.6966143172590781,0.714430223360203,0.28556977663979644
117,58.69565217391305,0.95,0.9285714285714286,0.04040404040404041,1.6161616161616164,0.3051092057785084,0.694890794221492,0.7196907858751663,0.28030921412483323
118,59.197324414715716,0.95,0.9285714285714286,0.04040404040404041,1.6161616161616164,0.30680891897285895,0.6931910810271416,0.7248357347144284,0.27516426528557125
119,59.69899665551839,0.95,0.9285714285714286,0.04040404040404041,1.6161616161616164,0.3084846952865054,0.6915153047134951,0.7298670743078405,0.27013292569215924
120,60.20066889632107,0.95,0.9285714285714286,0.04040404040404041,1.6161616161616164,0.31013644363982046,0.68986355636018,0.7347868517493561,0.2652131482506436
121,60.702341137123746,0.95,0.9285714285714286,0.04040404040404041,1.6161616161616164,0.3117641068522811,0.6882358931477194,0.739597148333816,0.26040285166618377
122,61.20401337792642,0.95,0.9285714285714286,0.04040404040404041,1.6161616161616164,0.31336766029593816,0.6866323397040623,0.7443000719456632,0.25569992805433656
123,61.7056856187291,0.95,0.9285714285714286,0.04040404040404041,1.6161616161616164,0.3149471112747549,0.6850528887252456,0.7488977503041604,0.25110224969583933
124,62.207357859531776,0.95,0.9285714285714286,0.04040404040404041,1.6161616161616164,0.31650249489856047,0.68349750510144,0.7533923238056285,0.24660767619437135
125,62.709030100334445,0.95,0.9285714285714286,0.04040404040404041,1.6161616161616164,0.31803387277222944,0.6819661272277711,0.7577859398818135,0.24221406011818622
126,63.21070234113712,0.95,0.9285714285714286,0.04040404040404041,1.6161616161616164,0.3195413321285887,0.6804586678714118,0.7620807462843707,0.2379192537156291
127,63.7123745819398,0.95,0.9285714285714286,0.04040404040404041,1.6161616161616164,0.32102498409526425,0.6789750159047363,0.7662788861226458,0.23372111387735406
128,64.21404682274247,0.95,0.9285714285714286,0.04040404040404041,1.6161616161616164,0.32248496093501816,0.6775150390649823,0.7703824949308378,0.22961750506916206
129,64.71571906354515,0.95,0.9285714285714286,0.04040404040404041,1.6161616161616164,0.3239214147746733,0.6760785852253272,0.7743936962413381,0.22560630375866186
130,65.21739130434783,0.95,0.9285714285714286,0.04040404040404041,1.6161616161616164,0.32533451679873093,0.6746654832012694,0.7783145949157061,0.22168540508429396
131,65.7190635451505,0.95,0.9285714285714286,0.04040404040404041,1.6161616161616164,0.32672445516305776,0.6732755448369426,0.7821472761517546,0.21785272384824536
132,66.22073578595318,0.95,0.9285714285714286,0.04040404040404041,1.6161616161616164,0.32809143330553386,0.6719085666944665,0.7858938036309315,0.21410619636906847
133,66.72240802675586,0.95,0.9285714285714286,0.04040404040404041,1.6161616161616164,0.32943566876989044,0.6705643312301098,0.789556216186239,0.21044378381376108
134,67.22408026755853,0.95,0.9285714285714286,0.04040404040404041,1.6161616161616164,0.3307573926119831,0.6692426073880172,0.7931365220389721,0.20686347796102797
135,67.72575250836121,0.95,0.9285714285714286,0.04040404040404041,1.6161616161616164,0.3320568473911623,0.667943152608838,0.7966367010014667,0.20336329899853337
136,68.22742474916387,0.95,0.9285714285714286,0.04040404040404041,1.6161616161616164,0.33333428610489174,0.6666657138951085,0.8000587025990497,0.19994129740095043
137,68.72909698996655,0.95,0.9285714285714286,0.04040404040404041,1.6161616161616164,0.33458997114484407,0.6654100288551562,0.8034044433153102,0.19659555668468973
138,69.23076923076923,0.95,0.9285714285714286,0.04040404040404041,1.6161616161616164,0.33582417327313824,0.664175826726862,0.8066758029113108,0.19332419708868923
139,69.7324414715719,0.95,0.9285714285714286,0.04040404040404041,1.6161616161616164,0.33703717056916654,0.6629628294308337,0.8098746278250792,0.19012537217492081
140,70.23411371237458,0.95,0.9285714285714286,0.04040404040404041,1.6161616161616164,0.33822924730476844,0.6617707526952319,0.8130027285550208,0.18699727144497927
141,70.73578595317726,0.95,0.9285714285714286,0.04040404040404041,1.6161616161616164,0.3394006939597438,0.6605993060402564,0.8160618812320365,0.18393811876796354
142,71.23745819397993,0.95,0.9285714285714286,0.04040404040404041,1.6161616161616164,0.3405518044636259,0.6594481955363745,0.8190538189127592,0.1809461810872408
143,71.73913043478261,0.95,0.9285714285714286,0.04040404040404041,1.6161616161616164,0.34168287727942553,0.6583171227205747,0.8219802414710282,0.17801975852897176
144,72.24080267558529,0.95,0.9285714285714286,0.04040404040404041,1.6161616161616164,0.34279421390268033,0.65720578609732,0.8248428114871384,0.17515718851286147
145,72.74247491638796,0.95,0.9285714285714286,0.04040404040404041,1.6161616161616164,0.34388611844513584,0.6561138815548645,0.8276431526771589,0.17235684732284098
146,73.24414715719064,0.95,0.9285714285714286,0.04040404040404041,1.6161616161616164,0.3449588970572157,0.6550411029427846,0.8303828499893928,0.1696171500106071
147,73.74581939799332,0.95,0.9285714285714286,0.04040404040404041,1.6161616161616164,0.34601285663903736,0.653987143360963,0.8330634517342733,0.16693654826572668
148,74.24749163879599,0.95,0.9285714285714286,0.04040404040404041,1.6161616161616164,0.3470483043017727,0.6529516956982276,0.8356864694368571,0.16431353056314288
149,74.74916387959867,0.95,0.9285714285714286,0.04040404040404041,1.6161616161616164,0.34806554786240734,0.6519344521375929,0.8382533771407852,0.1617466228592147
150,75.25083612040133,0.95,0.9285714285714286,0.04040404040404041,1.6161616161616164,0.3490648950356848,0.6509351049643155,0.8407656120198572,0.15923438798014267
151,75.75250836120401,0.95,0.9285714285714286,0.04040404040404041,1.6161616161616164,0.3500466526205568,0.6499533473794435,0.8432245752288349,0.15677542477116505
152,76.25418060200668,0.95,0.9285714285714286,0.04040404040404041,1.6161616161616164,0.3510111262143538,0.6489888737856465,0.8456316320394572,0.15436836796054257
153,76.75585284280936,0.95,0.9285714285714286,0.04040404040404041,1.6161616161616164,0.3519586198891909,0.6480413801108095,0.84798811250501,0.15201188749498987
154,77.25752508361204,0.95,0.9285714285714286,0.04040404040404041,1.6161616161616164,0.3528894357436669,0.6471105642563334,0.8502953118865494,0.14970468811345045
155,77.75919732441471,0.95,0.9285714285714286,0.04040404040404041,1.6161616161616164,0.35380387393029844,0.6461961260697019,0.8525544913616495,0.14744550863835032
156,78.26086956521739,0.95,0.9285714285714286,0.04040404040404041,1.6161616161616164,0.35470223206696044,0.64529776793304,0.8547668787124999,0.14523312128750004
157,78.76254180602007,0.95,0.9285714285714286,0.04040404040404041,1.6161616161616164,0.3555848050615944,0.6444151949384059,0.8569336689938285,0.14306633100617144
158,79.26421404682274,0.95,0.9285714285714286,0.04040404040404041,1.6161616161616164,0.3564518849986883,0.643548115001312,0.8590560243701123,0.14094397562988764
159,79.76588628762542,0.95,0.9285714285714286,0.04040404040404041,1.6161616161616164,0.35730376071686687,0.6426962392831336,0.8611350761343648,0.13886492386563518
160,80.2675585284281,0.95,0.9285714285714286,0.04040404040404041,1.6161616161616164,0.35814071771946476,0.6418592822805357,0.8631719251211906,0.1368280748788093
161,80.76923076923077,0.95,0.9285714285714286,0.04040404040404041,1.6161616161616164,0.35896303859394124,0.6410369614060591,0.8651676397711068,0.13483236022889322
162,81.27090301003345,0.95,0.9285714285714286,0.04040404040404041,1.6161616161616164,0.3597710016183784,0.6402289983816221,0.8671232616574478,0.13287673834255212
163,81.77257525083613,0.95,0.9285714285714286,0.04040404040404041,1.6161616161616164,0.3605648814251292,0.6394351185748711,0.8690398029126574,0.1309601970873426
164,82.27424749163879,0.95,0.9285714285714286,0.04040404040404041,1.6161616161616164,0.3613449492334929,0.6386550507665074,0.8709182455862668,0.12908175441373315
165,82.77591973244147,0.95,0.9285714285714286,0.04040404040404041,1.6161616161616164,0.3621114717254882,0.6378885282745123,0.8727595477880064,0.12724045221199362
166,83.27759197324414,0.95,0.9285714285714286,0.04040404040404041,1.6161616161616164,0.36286471189372266,0.6371352881062777,0.8745646386900066,0.12543536130999344
167,83.77926421404682,0.95,0.9285714285714286,0.04040404040404041,1.6161616161616164,0.36360492879646245,0.6363950712035379,0.8763344206010464,0.12366557939895362
168,84.2809364548495,0.95,0.9285714285714286,0.04040404040404041,1.6161616161616164,0.3643323769688514,0.635667623031149,0.8780697743618949,0.12193022563810502
169,84.78260869565217,0.95,0.9285714285714286,0.04040404040404041,1.6161616161616164,0.3650473071877357,0.6349526928122646,0.8797715519357693,0.12022844806423075
170,85.28428093645485,0.95,0.9285714285714286,0.04040404040404041,1.6161616161616164,0.3657499659361935,0.6342500340638069,0.8814405835883292,0.11855941641167084
171,85.78595317725753,0.95,0.9285714285714286,0.04040404040404041,1.6161616161616164,0.3664405954513414,0.633559404548659,0.8830776775442368,0.1169223224557632
172,86.2876254180602,0.95,0.9285714285714286,0.04040404040404041,1.6161616161616164,0.36711943386256973,0.6328805661374306,0.8846836164246226,0.11531638357537746
173,86.78929765886288,0.95,0.9285714285714286,0.04040404040404041,1.6161616161616164,0.36778671499981413,0.6322132850001863,0.8862591603789896,0.11374083962101049
174,87.29096989966555,0.95,0.9285714285714286,0.04040404040404041,1.6161616161616164,0.368442668329564,0.6315573316704364,0.8878050481652051,0.11219495183479496
175,87.79264214046823,0.95,0.9285714285714286,0.04040404040404041,1.6161616161616164,0.3690875190094485,0.6309124809905519,0.8893219990211075,0.11067800097889252
176,88.29431438127091,0.95,0.9285714285714286,0.04040404040404041,1.6161616161616164,0.36972148765063984,0.6302785123493606,0.890810712585516,0.10918928741448393
177,88.79598662207358,0.95,0.9285714285714286,0.04040404040404041,1.6161616161616164,0.37034479026504713,0.6296552097349533,0.8922718700528915,0.10772812994710838
178,89.29765886287625,0.95,0.9285714285714286,0.04040404040404041,1.6161616161616164,0.3709576382045318,0.6290423617954686,0.893706135274736,0.10629386472526396
179,89.79933110367892,0.95,0.9285714285714286,0.04040404040404041,1.6161616161616164,0.37156023977301134,0.6284397602269891,0.8951141505949906,0.10488584940500945
180,90.3010033444816,0.95,0.9285714285714286,0.04040404040404041,1.6161616161616164,0.3721528005307783,0.6278471994692222,0.8964965366743793,0.10350346332562073
181,90.80267558528428,0.95,0.9285714285714286,0.04040404040404041,1.6161616161616164,0.372735520988795,0.6272644790112054,0.8978539002757328,0.10214609972426732
182,91.30434782608695,0.95,0.9285714285714286,0.04040404040404041,1.6161616161616164,0.3733085977416088,0.6266914022583916,0.8991868315609839,0.10081316843901612
183,91.80602006688963,0.95,0.9285714285714286,0.04040404040404041,1.6161616161616164,0.37387222351023686,0.6261277764897636,0.9004959044814708,0.09950409551852928
184,92.3076923076923,0.95,0.9285714285714286,0.04040404040404041,1.6161616161616164,0.3744265871754667,0.6255734128245338,0.901781675565736,0.09821832443426409
185,92.80936454849498,0.95,0.9285714285714286,0.04040404040404041,1.6161616161616164,0.37497187383122194,0.6250281261687786,0.9030446864823582,0.09695531351764182
186,93.31103678929766,0.95,0.9285714285714286,0.04040404040404041,1.6161616161616164,0.3755082648258736,0.6244917351741269,0.9042854643348767,0.09571453566512336
187,93.81270903010034,0.95,0.9285714285714286,0.04040404040404041,1.6161616161616164,0.37603593780353584,0.6239640621964647,0.9055045219537537,0.09449547804624628
188,94.31438127090301,0.95,0.9285714285714286,0.04040404040404041,1.6161616161616164,0.376555066122053,0.6234449338779475,0.9067023575308568,0.09329764246914311
189,94.81605351170569,0.95,0.9285714285714286,0.04040404040404041,1.6161616161616164,0.37706581864206606,0.6229341813579344,0.9078794547902822,0.0921205452097176
190,95.31772575250837,0.95,0.9285714285714286,0.04040404040404041,1.6161616161616164,0.3775683607281557,0.6224316392718447,0.9090362849110626,0.09096371508893723
191,95.81939799331104,0.95,0.9285714285714286,0.04040404040404041,1.6161616161616164,0.37806285379494764,0.6219371462050529,0.9101733063468247,0.08982669365317505
192,96.3210702341137,0.95,0.9285714285714286,0.04040404040404041,1.6161616161616164,0.3785494555563816,0.6214505444436189,0.9112909651871839,0.08870903481281575
193,96.82274247491638,0.95,0.9285714285714286,0.04040404040404041,1.6161616161616164,0.3790283224318984,0.6209716775681021,0.912389694649366,0.08761030535063366
194,97.32441471571906,0.95,0.9285714285714286,0.04040404040404041,1.6161616161616164,0.379499607105832,0.6205003928941685,0.9134699165320739,0.08653008346792589
195,97.82608695652173,0.95,0.9285714285714286,0.04040404040404041,1.6161616161616164,0.37996345883429755,0.620036541165703,0.9145320415570197,0.08546795844298008
196,98.32775919732441,0.95,0.9285714285714286,0.04040404040404041,1.6161616161616164,0.3804200239050019,0.6195799760949986,0.9155764696485456,0.08442353035145428
197,98.82943143812709,0.95,0.9285714285714286,0.04040404040404041,1.6161616161616164,0.38086944526044797,0.6191305547395525,0.9166035896566614,0.08339641034333847
198,99.33110367892976,0.95,0.9285714285714286,0.04040404040404041,1.6161616161616164,0.38131186231298436,0.6186881376870161,0.9176137793593099,0.08238622064069001
199,99.83277591973244,0.95,0.9285714285714286,0.04040404040404041,1.6161616161616164,0.3817474118986616,0.6182525881013389,0.9186074071221283,0.08139259287787166
200,100.33444816053512,0.95,0.9285714285714286,0.04040404040404041,1.6161616161616164,0.38217622796067274,0.6178237720393278,0.9195848317091592,0.08041516829084082
201,100.8361204013378,0.95,0.9285714285714286,0.04040404040404041,1.6161616161616164,0.382598441535165,0.6174015584648356,0.9205464025390571,0.07945359746094291
202,101.33779264214047,0.95,0.9285714285714286,0.04040404040404041,1.6161616161616164,0.3830141799849362,0.6169858200150644,0.9214924589009083,0.07850754109909168
203,101.83946488294315,0.95,0.9285714285714286,0.04040404040404041,1.6161616161616164,0.38342356786191945,0.6165764321380811,0.9224233314236822,0.07757666857631772
204,102.34113712374582,0.95,0.9285714285714286,0.04040404040404041,1.6161616161616164,0.3838267269061419,0.6161732730938586,0.9233393423508875,0.07666065764911231
205,102.8428093645485,0.95,0.9285714285714286,0.04040404040404041,1.6161616161616164,0.384223775937909,0.6157762240620915,0.9242408056674922,0.07575919433250763
206,103.34448160535118,0.95,0.9285714285714286,0.04040404040404041,1.6161616161616164,0.38461483201691693,0.6153851679830835,0.9251280285072008,0.074871971492799
207,103.84615384615384,0.95,0.9285714285714286,0.04040404040404041,1.6161616161616164,0.3850000088054275,0.614999991194573,0.9260013040587755,0.07399869594122438
208,104.34782608695652,0.95,0.9285714285714286,0.04040404040404041,1.6161616161616164,0.3853794193973041,0.6146205806026964,0.9268609259789812,0.0731390740210187
209,104.84949832775919,0.95,0.9285714285714286,0.04040404040404041,1.6161616161616164,0.3857531732612938,0.6142468267387067,0.9277071763828665,0.07229282361713342
210,105.35117056856187,0.95,0.9285714285714286,0.04040404040404041,1.6161616161616164,0.38612137775625477,0.6138786222437458,0.9285403307630211,0.07145966923697879
211,105.85284280936455,0.95,0.9285714285714286,0.04040404040404041,1.6161616161616164,0.3864841375143819,0.6135158624856186,0.9293606572578106,0.0706393427421893
212,106.35451505016722,0.95,0.9285714285714286,0.04040404040404041,1.6161616161616164,0.3868415550050347,0.6131584449949659,0.9301684173203238,0.06983158267967607
213,106.8561872909699,0.95,0.9285714285714286,0.04040404040404041,1.6161616161616164,0.38719373057361467,0.6128062694263858,0.930963865764499,0.06903613423550102
214,107.35785953177258,0.95,0.9285714285714286,0.04040404040404041,1.6161616161616164,0.38754076216501687,0.6124592378349837,0.9317472512232077,0.06825274877679223
215,107.85953177257525,0.95,0.9285714285714286,0.04040404040404041,1.6161616161616164,0.38788274528754,0.6121172547124606,0.9325188162710136,0.06748118372898623
216,108.36120401337793,0.95,0.9285714285714286,0.04040404040404041,1.6161616161616164,0.38821977325127477,0.6117802267487258,0.9332787966133115,0.06672120338668841
217,108.8628762541806,0.95,0.9285714285714286,0.04040404040404041,1.6161616161616164,0.3885519372875012,0.6114480627124994,0.9340274219075241,0.0659725780924758
218,109.36454849498328,0.95,0.9285714285714286,0.04040404040404041,1.6161616161616164,0.38887932750028587,0.6111206724997147,0.9347649177925624,0.0652350822074374
219,109.86622073578596,0.95,0.9285714285714286,0.04040404040404041,1.6161616161616164,0.389202031621545,0.6107979683784556,0.9354915032342087,0.06450849676579114
220,110.36789297658864,0.95,0.9285714285714286,0.04040404040404041,1.6161616161616164,0.38952013529482443,0.610479864705176,0.9362073911552513,0.06379260884474863
221,110.8695652173913,0.95,0.9285714285714286,0.04040404040404041,1.6161616161616164,0.3898337225945258,0.6101662774054747,0.9369127905103937,0.06308720948960626
222,111.37123745819397,0.95,0.9285714285714286,0.04040404040404041,1.6161616161616164,0.3901428757545096,0.6098571242454909,0.9376079051130803,0.06239209488691965
223,111.87290969899665,0.95,0.9285714285714286,0.04040404040404041,1.6161616161616164,0.3904476749950759,0.6095523250049246,0.9382929328875791,0.0617070671124209
224,112.37458193979933,0.95,0.9285714285714286,0.04040404040404041,1.6161616161616164,0.39074819881129325,0.6092518011887074,0.9389680670675904,0.06103193293240962
225,112.876254180602,0.95,0.9285714285714286,0.04040404040404041,1.6161616161616164,0.3910445243946602,0.6089554756053404,0.9396334978994558,0.060366502100544214
226,113.37792642140468,0.95,0.9285714285714286,0.04040404040404041,1.6161616161616164,0.39133672678159465,0.6086632732184059,0.9402894092026649,0.0597105907973351
227,113.87959866220736,0.95,0.9285714285714286,0.04040404040404041,1.6161616161616164,0.39162487941936414,0.6083751205806365,0.9409359805754263,0.05906401942457377
228,114.38127090301003,0.95,0.9285714285714286,0.04040404040404041,1.6161616161616164,0.3919090546285268,0.6080909453714737,0.941573388587182,0.058426611412818
229,114.88294314381271,0.95,0.9285714285714286,0.04040404040404041,1.6161616161616164,0.39218932295888304,0.6078106770411176,0.9422018049520219,0.05779819504797807
230,115.38461538461539,0.95,0.9285714285714286,0.04040404040404041,1.6161616161616164,0.39246575333318495,0.6075342466668155,0.9428213969871527,0.05717860301284723
231,115.88628762541806,0.95,0.9285714285714286,0.04040404040404041,1.6161616161616164,0.3927384131936667,0.6072615868063338,0.9434323280795458,0.05656767192045413
232,116.38795986622074,0.95,0.9285714285714286,0.04040404040404041,1.6161616161616164,0.3930073685566533,0.6069926314433473,0.9440347578728747,0.055965242127125205
233,116.88963210702342,0.95,0.9285714285714286,0.04040404040404041,1.6161616161616164,0.39327268404298127,0.6067273159570192,0.9446288422078818,0.05537115779211815
234,117.3913043478261,0.95,0.9285714285714286,0.04040404040404041,1.6161616161616164,0.3935344229598056,0.6064655770401949,0.9452147335865538,0.05478526641344606
235,117.89297658862876,0.95,0.9285714285714286,0.04040404040404041,1.6161616161616164,0.39379264735691344,0.606207352643087,0.945792581376435,0.05420741862356503
236,118.39464882943143,0.95,0.9285714285714286,0.04040404040404041,1.6161616161616164,0.3940474180769377,0.6059525819230628,0.9463625319527538,0.05363746804724618
237,118.89632107023411,0.95,0.9285714285714286,0.04040404040404041,1.6161616161616164,0.39429879479109037,0.6057012052089101,0.9469247288048623,0.053075271195137615
238,119.39799331103679,0.95,0.9285714285714286,0.04040404040404041,1.6161616161616164,0.3945468354878353,0.6054531645121652,0.9474793101577839,0.05252068984221619
239,119.89966555183946,0.95,0.9285714285714286,0.04040404040404041,1.6161616161616164,0.39479159697620486,0.6052084030237956,0.9480264112025344,0.05197358879746561
240,120.40133779264214,0.95,0.9285714285714286,0.04040404040404041,1.6161616161616164,0.39503313506172355,0.6049668649382769,0.9485661648393444,0.05143383516065566
241,120.90301003344482,0.95,0.9285714285714286,0.04040404040404041,1.6161616161616164,0.3952715044256886,0.604728495574312,0.9490987010734458,0.05090129892655426
242,121.40468227424749,0.95,0.9285714285714286,0.04040404040404041,1.6161616161616164,0.39550675865892726,0.6044932413410733,0.9496241471155287,0.050375852884471314
243,121.90635451505017,0.95,0.9285714285714286,0.04040404040404041,1.6161616161616164,0.3957389501325726,0.6042610498674279,0.9501426269756206,0.04985737302437945
244,122.40802675585284,0.95,0.9285714285714286,0.04040404040404041,1.6161616161616164,0.3959681301254961,0.6040318698745044,0.9506542618547003,0.04934573814529969
245,122.90969899665552,0.95,0.9285714285714286,0.04040404040404041,1.6161616161616164,0.3961943489428385,0.603805651057162,0.9511591705086435,0.048840829491356486
246,123.4113712374582,0.95,0.9285714285714286,0.04040404040404041,1.6161616161616164,0.3964176558832618,0.6035823441167387,0.9516574691419676,0.048342530858032404
247,123.91304347826087,0.95,0.9285714285714286,0.04040404040404041,1.6161616161616164,0.39663809926831806,0.6033619007316825,0.9521492714949148,0.04785072850508516
248,124.41471571906355,0.95,0.9285714285714286,0.04040404040404041,1.6161616161616164,0.39685572629854404,0.6031442737014565,0.9526346886298797,0.04736531137012025
249,124.91638795986621,0.95,0.9285714285714286,0.04040404040404041,1.6161616161616164,0.397070583121516,0.6029294168784846,0.9531138290856179,0.04688617091438203
250,125.41806020066889,0.95,0.9285714285714286,0.04040404040404041,1.6161616161616164,0.39728271502237866,0.6027172849776219,0.9535867992439662,0.04641320075603381
251,125.91973244147157,0.95,0.9285714285714286,0.04040404040404041,1.6161616161616164,0.39749216635329976,0.6025078336467008,0.9540537032435595,0.045946296756440366
252,126.42140468227424,0.95,0.9285714285714286,0.04040404040404041,1.6161616161616164,0.39769898055536435,0.6023010194446362,0.9545146430539454,0.04548535694605449
253,126.92307692307692,0.95,0.9285714285714286,0.04040404040404041,1.6161616161616164,0.3979032002560463,0.6020967997439544,0.954969718361709,0.045030281638291064
254,127.4247491638796,0.95,0.9285714285714286,0.04040404040404041,1.6161616161616164,0.39810486731287864,0.601895132687122,0.9554190265904211,0.04458097340957898
255,127.92642140468227,0.95,0.9285714285714286,0.04040404040404041,1.6161616161616164,0.39830402271517723,0.6016959772848234,0.9558626632736589,0.04413733672634121
256,128.42809364548495,0.95,0.9285714285714286,0.04040404040404041,1.6161616161616164,0.39850070666840165,0.601499293331599,0.9563007219737409,0.04369927802625913
257,128.9297658862876,0.95,0.9285714285714286,0.04040404040404041,1.6161616161616164,0.39869495862046483,0.6013050413795358,0.9567332943448589,0.043266705655141235
258,129.4314381270903,0.95,0.9285714285714286,0.04040404040404041,1.6161616161616164,0.3988868172064006,0.6011131827936,0.9571604700682561,0.042839529931744016
259,129.93311036789297,0.95,0.9285714285714286,0.04040404040404041,1.6161616161616164,0.39907632019557376,0.600923679804427,0.9575823367914237,0.0424176632085765
260,130.43478260869566,0.95,0.9285714285714286,0.04040404040404041,1.6161616161616164,0.39926350471560074,0.6007364952844,0.9579989805044679,0.042001019495532296
261,130.93645484949832,0.95,0.9285714285714286,0.04040404040404041,1.6161616161616164,0.39944840718866254,0.6005515928113382,0.9584104854620893,0.041589514537910856
262,131.438127090301,0.95,0.9285714285714286,0.04040404040404041,1.6161616161616164,0.3996310633494358,0.6003689366505649,0.9588169342345102,0.041183065765489905
263,131.93979933110367,0.95,0.9285714285714286,0.04040404040404041,1.6161616161616164,0.39981150820507305,0.6001884917949277,0.9592184076776074,0.04078159232239275
264,132.44147157190636,0.95,0.9285714285714286,0.04040404040404041,1.6161616161616164,0.3999897759413446,0.6000102240586561,0.9596149848275896,0.040385015172410506
265,132.94314381270902,0.95,0.9285714285714286,0.04040404040404041,1.6161616161616164,0.4001659001542154,0.5998340998457854,0.9600067432517772,0.03999325674822283
266,133.44481605351172,0.95,0.9285714285714286,0.04040404040404041,1.6161616161616164,0.4003399137866494,0.5996600862133513,0.9603937589862538,0.03960624101374606
267,133.94648829431438,0.95,0.9285714285714286,0.04040404040404041,1.6161616161616164,0.4005118491373354,0.5994881508626654,0.9607761065743167,0.03922389342568309
268,134.44816053511707,0.95,0.9285714285714286,0.04040404040404041,1.6161616161616164,0.40068173815893376,0.5993182618410671,0.9611538596654181,0.03884614033458172
269,134.94983277591973,0.95,0.9285714285714286,0.04040404040404041,1.6161616161616164,0.4008496113192459,0.599150388680755,0.9615270880773498,0.03847291192265006
270,135.45150501672242,0.95,0.9285714285714286,0.04040404040404041,1.6161616161616164,0.40101549975166645,0.5989845002483344,0.9618958632651752,0.03810413673482468
271,135.95317725752508,0.95,0.9285714285714286,0.04040404040404041,1.6161616161616164,0.40117943337151113,0.5988205666284897,0.9622602538256604,0.03773974617433952
272,136.45484949832775,0.95,0.9285714285714286,0.04040404040404041,1.6161616161616164,0.401341441597318,0.5986585584026828,0.9626203271343805,0.037379672865619454
273,136.95652173913044,0.95,0.9285714285714286,0.04040404040404041,1.6161616161616164,0.40150155332725523,0.5984984466727457,0.9629761493173612,0.03702385068263894
274,137.4581939799331,0.95,0.9285714285714286,0.04040404040404041,1.6161616161616164,0.40165979682770486,0.5983402031722961,0.9633277851171543,0.036672214882845895
275,137.9598662207358,0.95,0.9285714285714286,0.04040404040404041,1.6161616161616164,0.4018161999110213,0.5981838000889795,0.9636752981065073,0.03632470189349303
276,138.46153846153845,0.95,0.9285714285714286,0.04040404040404041,1.6161616161616164,0.4019707898908901,0.5980292101091108,0.9640187506347027,0.03598124936529769
277,138.96321070234114,0.95,0.9285714285714286,0.04040404040404041,1.6161616161616164,0.4021235935679919,0.597876406432009,0.9643582038103268,0.03564179618967359
278,139.4648829431438,0.95,0.9285714285714286,0.04040404040404041,1.6161616161616164,0.4022746372334834,0.5977253627665177,0.9646937175268743,0.03530628247312614
279,139.9665551839465,0.95,0.9285714285714286,0.04040404040404041,1.6161616161616164,0.4024239467220832,0.5975760532779177,0.9650253508532557,0.03497464914674453
280,140.46822742474916,0.95,0.9285714285714286,0.04040404040404041,1.6161616161616164,0.4025715473506681,0.597428452649333,0.9653531615821016,0.03464683841789859
281,140.96989966555185,0.95,0.9285714285714286,0.04040404040404041,1.6161616161616164,0.4027174639172889,0.5972825360827121,0.9656772062225274,0.03432279377747262
282,141.4715719063545,0.95,0.9285714285714286,0.04040404040404041,1.6161616161616164,0.4028617207140092,0.5971382792859917,0.9659975400945722,0.03400245990542776
283,141.9732441471572,0.95,0.9285714285714286,0.04040404040404041,1.6161616161616164,0.4030043415297443,0.5969956584702568,0.9663142173355865,0.033685782664413355
284,142.47491638795987,0.95,0.9285714285714286,0.04040404040404041,1.6161616161616164,0.40314535002459284,0.5968546499754083,0.9666272917424646,0.033372708257535195
285,142.97658862876253,0.95,0.9285714285714286,0.04040404040404041,1.6161616161616164,0.40328476948300823,0.5967152305169928,0.9669368162162889,0.03306318378371085
286,143.47826086956522,0.95,0.9285714285714286,0.04040404040404041,1.6161616161616164,0.4034226225655905,0.5965773774344105,0.9672428422038716,0.03275715779612816
287,143.97993311036788,0.95,0.9285714285714286,0.04040404040404041,1.6161616161616164,0.403558931484495,0.596441068515506,0.967545420092417,0.0324545799075828
288,144.48160535117057,0.95,0.9285714285714286,0.04040404040404041,1.6161616161616164,0.40369371800343196,0.5963062819965691,0.9678445992095217,0.03215540079047814
289,144.98327759197323,0.95,0.9285714285714286,0.04040404040404041,1.6161616161616164,0.4038270036425341,0.5961729963574671,0.96814042832278,0.031859571677219825
290,145.48494983277592,0.95,0.9285714285714286,0.04040404040404041,1.6161616161616164,0.40395880975390064,0.5960411902461005,0.968432955824014,0.031567044175985944
291,145.9866220735786,0.95,0.9285714285714286,0.04040404040404041,1.6161616161616164,0.4040891570816447,0.5959108429183564,0.9687222286563664,0.031277771343633624
292,146.48829431438128,0.95,0.9285714285714286,0.04040404040404041,1.6161616161616164,0.404218065967502,0.5957819340324991,0.969008292815716,0.030991707184284085
293,146.98996655518394,0.95,0.9285714285714286,0.04040404040404041,1.6161616161616164,0.4043455563536638,0.5956544436463374,0.969291193357587,0.03070880664241322
294,147.49163879598663,0.95,0.9285714285714286,0.04040404040404041,1.6161616161616164,0.4044716477511682,0.5955283522488329,0.9695709743122873,0.030429025687712698
295,147.9933110367893,0.95,0.9285714285714286,0.04040404040404041,1.6161616161616164,0.40459636001911703,0.5954036399808841,0.9698476807768706,0.030152319223129533
296,148.49498327759198,0.95,0.9285714285714286,0.04040404040404041,1.6161616161616164,0.4047197119027702,0.595280288097231,0.970121354990363,0.02987864500963702
297,148.99665551839465,0.95,0.9285714285714286,0.04040404040404041,1.6161616161616164,0.4048417220666662,0.5951582779333349,0.9703920391073794,0.02960796089262069
298,149.49832775919734,0.95,0.9285714285714286,0.04040404040404041,1.6161616161616164,0.4049624087955467,0.5950375912044544,0.9706597743951939,0.029340225604806064
299,150.0,0.95,0.9285714285714286,0.04040404040404041,1.6161616161616164,0.40508179004300376,0.5949182099569973,0.9709246013485883,0.02907539865141165
