,time,sigma,beta,S,I,C,D
0,0.0,0.85,0.8,0.9998,0.0002,0.5,0.5
1,0.5016722408026756,0.85,0.8,0.999738325150641,0.0002616748493593002,0.47911727653722974,0.5208827234627702
2,1.0033444816053512,0.85,0.8,0.999655897547787,0.00034410245221316236,0.45830982020788846,0.5416901797921115
3,1.5050167224080266,0.85,0.8,0.9995453378771231,0.0004546621228772323,0.4376501129399508,0.5623498870600493
4,2.0066889632107023,0.85,0.8,0.9993965310012322,0.0006034689987681602,0.41720887551320346,0.5827911244867967
5,2.508361204013378,0.85,0.8,0.9991956198047895,0.0008043801952107652,0.3970541870272973,0.6029458129727029
6,3.0100334448160533,0.85,0.8,0.9989235982555582,0.001076401744442068,0.3772507367487551,0.622749263251245
7,3.511705685618729,0.85,0.8,0.9985543524405095,0.001445647559490862,0.3578591859334997,0.6421408140665004
8,4.013377926421405,0.85,0.8,0.998051979239089,0.0019480207609113842,0.338935694390642,0.661064305609358
9,4.51505016722408,0.85,0.8,0.9973671803433749,0.0026328196566254183,0.32053163209412067,0.6794683679058794
10,5.016722408026756,0.85,0.8,0.9964322477878182,0.0035677522121821538,0.30269345577997986,0.6973065442200201
11,5.518394648829432,0.85,0.8,0.9951543244804996,0.004845675519500835,0.28546279871693225,0.7145372012830677
12,6.020066889632107,0.85,0.8,0.9934063625449177,0.006593637455082646,0.268876768002069,0.7311232319979311
13,6.521739130434782,0.85,0.8,0.9910151629305046,0.008984837069495741,0.2529684591782535,0.7470315408217466
14,7.023411371237458,0.85,0.8,0.987745773668717,0.012254226331283249,0.23776769589787103,0.762232304102129
15,7.525083612040134,0.85,0.8,0.9832819824279518,0.01671801757204843,0.22330197974859764,0.7766980202514024
16,8.02675585284281,0.85,0.8,0.9772027501931073,0.022797249806892912,0.2095976511631104,0.7904023488368896
17,8.528428093645484,0.85,0.8,0.9689561110257425,0.031043888974257566,0.1966812143245798,0.8033187856754204
18,9.03010033444816,0.85,0.8,0.9578342368465238,0.0421657631534763,0.18458075734806972,0.8154192426519304
19,9.531772575250836,0.85,0.8,0.9429578237723887,0.057042176227611326,0.173327327008082,0.8266726729919182
20,10.033444816053512,0.85,0.8,0.9232843540082942,0.07671564599170574,0.16295601626169925,0.8370439837383009
21,10.535117056856187,0.85,0.8,0.8976621304730865,0.10233786952691354,0.15350640137451005,0.8464935986254901
22,11.036789297658864,0.85,0.8,0.8649578747418571,0.135042125258143,0.14502181662809327,0.8549781833719068
23,11.538461538461538,0.85,0.8,0.8242793998135675,0.17572060018643262,0.13754689450226654,0.8624531054977334
24,12.040133779264213,0.85,0.8,0.7752869782219796,0.2247130217780205,0.13112291720949942,0.8688770827905005
25,12.54180602006689,0.85,0.8,0.7185284207814081,0.281471579218592,0.12578100788946805,0.8742189921105319
26,13.043478260869565,0.85,0.8,0.6556628723687526,0.3443371276312475,0.12153407358524237,0.8784659264147576
27,13.545150501672241,0.85,0.8,0.5894122653899146,0.41058773461008546,0.1183694257407576,0.8816305742592425
28,14.046822742474916,0.85,0.8,0.5231593449808813,0.47684065501911865,0.11624455692690787,0.8837554430730922
29,14.548494983277592,0.85,0.8,0.46028982492080706,0.539710175079193,0.11508797164294024,0.88491202835706
30,15.050167224080267,0.85,0.8,0.40353315733999073,0.5964668426600094,0.11480526588440201,0.8851947341155981
31,15.551839464882944,0.85,0.8,0.3545572948160708,0.6454427051839294,0.11528871295090742,0.8847112870490926
32,16.05351170568562,0.85,0.8,0.3139169218319457,0.6860830781680544,0.11642759156609472,0.8835724084339052
33,16.555183946488295,0.85,0.8,0.2812756869632926,0.7187243130367074,0.11811682217733996,0.88188317782266
34,17.05685618729097,0.85,0.8,0.2557413073026732,0.7442586926973267,0.1202626554348166,0.8797373445651834
35,17.558528428093645,0.85,0.8,0.2361778841277079,0.7638221158722921,0.12278536355927283,0.8772146364407273
36,18.06020066889632,0.85,0.8,0.22142995525731965,0.7785700447426803,0.1256195995972573,0.8743804004027428
37,18.561872909698998,0.85,0.8,0.2104509356817817,0.7895490643182184,0.1287132986728757,0.8712867013271244
38,19.06354515050167,0.85,0.8,0.20235786598948985,0.7976421340105102,0.1320258694949126,0.8679741305050874
39,19.565217391304348,0.85,0.8,0.1964399011816334,0.8035600988183668,0.13552619254787232,0.8644738074521279
40,20.066889632107024,0.85,0.8,0.19214277593329512,0.807857224066705,0.13919072172601546,0.8608092782739847
41,20.568561872909697,0.85,0.8,0.18904385823598008,0.81095614176402,0.1430018295818766,0.8569981704181234
42,21.070234113712374,0.85,0.8,0.18682592816953394,0.8131740718304663,0.14694643632985271,0.8530535636701473
43,21.57190635451505,0.85,0.8,0.18525354118857526,0.8147464588114249,0.15101491117413207,0.848985088825868
44,22.073578595317727,0.85,0.8,0.18415335143822575,0.8158466485617745,0.15520021146156301,0.8447997885384371
45,22.5752508361204,0.85,0.8,0.18339846363452922,0.8166015363654711,0.15949721843908962,0.8405027815609105
46,23.076923076923077,0.85,0.8,0.182896389224856,0.8171036107751443,0.16390223028183418,0.8360977697181661
47,23.578595317725753,0.85,0.8,0.18257992873568768,0.8174200712643125,0.16841257724724507,0.8315874227527551
48,24.080267558528426,0.85,0.8,0.18240038394594865,0.8175996160540516,0.17302633161358807,0.8269736683864122
49,24.581939799331103,0.85,0.8,0.18232253939185417,0.8176774606081461,0.1777420889624731,0.8222579110375271
50,25.08361204013378,0.85,0.8,0.18232098224556767,0.8176790177544325,0.18255880380081635,0.8174411961991839
51,25.585284280936456,0.85,0.8,0.18237741681588274,0.8176225831841175,0.18747566593872206,0.8125243340612782
52,26.08695652173913,0.85,0.8,0.18247870736462085,0.8175212926353794,0.19249200722240123,0.807507992777599
53,26.588628762541806,0.85,0.8,0.1826154571976372,0.8173845428023632,0.19760723110443643,0.8023927688955638
54,27.090301003344482,0.85,0.8,0.18278097824587017,0.8172190217541301,0.20282075921626494,0.7971792407837353
55,27.59197324414716,0.85,0.8,0.18297054439393637,0.817029455606064,0.2081319906635645,0.7918680093364356
56,28.093645484949832,0.85,0.8,0.1831808534411196,0.8168191465588808,0.21354027093989753,0.7864597290601026
57,28.59531772575251,0.85,0.8,0.1834096305514596,0.8165903694485407,0.21904486760359207,0.780955132396408
58,29.096989966555185,0.85,0.8,0.18365534724912913,0.8163446527508712,0.22464495174990962,0.7753550482500905
59,29.598662207357858,0.85,0.8,0.1839170203298232,0.8160829796701771,0.23033958368252888,0.7696604163174713
60,30.100334448160535,0.85,0.8,0.18419405845947107,0.8158059415405292,0.2361277011634536,0.7638722988365466
61,30.60200668896321,0.85,0.8,0.18448615624596867,0.8155138437540317,0.24200811056519264,0.7579918894348076
62,31.103678929765888,0.85,0.8,0.18479321448267058,0.8152067855173297,0.2479794797459683,0.752020520254032
63,31.60535117056856,0.85,0.8,0.18511528602751234,0.8148847139724879,0.25404033277065236,0.7459596672293479
64,32.10702341137124,0.85,0.8,0.18545253254092275,0.8145474674590775,0.26018904564647577,0.7398109543535245
65,32.608695652173914,0.85,0.8,0.1858051939724271,0.8141948060275731,0.26642384327807755,0.7335761567219228
66,33.11036789297659,0.85,0.8,0.1861735670017652,0.8138264329982351,0.27274279749157565,0.7272572025084247
67,33.61204013377927,0.85,0.8,0.18655798856701905,0.8134420114329812,0.2791438259069087,0.7208561740930916
68,34.11371237458194,0.85,0.8,0.18695882317203877,0.8130411768279615,0.28562469167454735,0.714375308325453
69,34.61538461538461,0.85,0.8,0.18737645287350851,0.8126235471264918,0.2921830036444768,0.7078169963555235
70,35.11705685618729,0.85,0.8,0.187811273833306,0.8121887261666942,0.29881621809750253,0.7011837819024977
71,35.618729096989966,0.85,0.8,0.18826368651013706,0.8117363134898632,0.30552164051702985,0.6944783594829704
72,36.12040133779264,0.85,0.8,0.1887340930768218,0.8112659069231785,0.3122964280156431,0.6877035719843572
73,36.62207357859532,0.85,0.8,0.18922289322346247,0.8107771067765379,0.3191375928351223,0.6808624071648781
74,37.123745819397996,0.85,0.8,0.18973048246919558,0.8102695175308048,0.32604200707988024,0.6739579929201202
75,37.625418060200666,0.85,0.8,0.19025724931080193,0.8097427506891984,0.3330064067665086,0.6669935932334918
76,38.12709030100334,0.85,0.8,0.1908035724604294,0.809196427539571,0.3400273972632421,0.6599726027367584
77,38.62876254180602,0.85,0.8,0.1913698188008596,0.8086301811991408,0.3471014601818534,0.652898539818147
78,39.130434782608695,0.85,0.8,0.19195634201253597,0.8080436579874645,0.3542249596671349,0.6457750403328656
79,39.63210702341137,0.85,0.8,0.19256348088714995,0.8074365191128505,0.3613941491314898,0.6386058508685107
80,40.13377926421405,0.85,0.8,0.193191557405651,0.8068084425943495,0.3686051800412692,0.6313948199587313
81,40.635451505016725,0.85,0.8,0.19384087531215696,0.8061591246878435,0.37585411062426666,0.6241458893757337
82,41.137123745819395,0.85,0.8,0.19451171879085907,0.8054882812091414,0.38313691472385764,0.6168630852761428
83,41.63879598662207,0.85,0.8,0.19520435149255694,0.8047956485074436,0.39044948827278725,0.6095505117272132
84,42.14046822742475,0.85,0.8,0.1959190141409456,0.804080985859055,0.39778766508073354,0.6022123349192668
85,42.642140468227424,0.85,0.8,0.19665592425043715,0.8033440757495635,0.40514722144721754,0.5948527785527828
86,43.1438127090301,0.85,0.8,0.1974152745809187,0.8025847254190819,0.4125238893275924,0.587476110672408
87,43.64548494983278,0.85,0.8,0.19819723203072753,0.8018027679692731,0.41991336861784995,0.5800866313821503
88,44.147157190635454,0.85,0.8,0.19900193700063915,0.8009980629993614,0.42731133314487163,0.5726886668551286
89,44.64882943143812,0.85,0.8,0.1998295017527621,0.8001704982472383,0.4347134478624913,0.5652865521375091
90,45.1505016722408,0.85,0.8,0.20068001017680512,0.7993199898231953,0.44211538230669295,0.5578846176933073
91,45.65217391304348,0.85,0.8,0.2015535176453639,0.7984464823546366,0.44951280706313423,0.5504871929368661
92,46.15384615384615,0.85,0.8,0.2024500499223231,0.7975499500776773,0.4569014042437451,0.5430985957562552
93,46.65551839464883,0.85,0.8,0.20336959965292153,0.7966304003470788,0.46427689929171356,0.5357231007082868
94,47.15719063545151,0.85,0.8,0.20431212595944553,0.7956878740405549,0.4716350691623051,0.5283649308376952
95,47.65886287625418,0.85,0.8,0.2052775536217575,0.7947224463782429,0.47897175481682186,0.5210282451831785
96,48.16053511705685,0.85,0.8,0.20626578081657776,0.7937342191834226,0.4862828471801529,0.5137171528198474
97,48.66220735785953,0.85,0.8,0.20727667999469657,0.7927233200053038,0.49356429488901093,0.5064357051109893
98,49.163879598662206,0.85,0.8,0.20831008790140443,0.7916899120985958,0.500812146870664,0.49918785312933633
99,49.66555183946488,0.85,0.8,0.20936580757660742,0.790634192423393,0.5080225508970709,0.49197744910292934
100,50.16722408026756,0.85,0.8,0.21044360519758165,0.7895563948024187,0.5151917464448195,0.4848082535551809
101,50.668896321070235,0.85,0.8,0.2115432135451434,0.788456786454857,0.5223160833530412,0.47768391664695914
102,51.17056856187291,0.85,0.8,0.21266434321788721,0.7873356567821131,0.5293920305008022,0.47060796949919814
103,51.67224080267559,0.85,0.8,0.2138066728143436,0.7861933271856568,0.536416180200647,0.46358381979935337
104,52.17391304347826,0.85,0.8,0.21496984655226642,0.785030153447734,0.5433852542560329,0.4566147457439674
105,52.675585284280935,0.85,0.8,0.21615347887004113,0.7838465211299592,0.5502961078875415,0.4497038921124588
106,53.17725752508361,0.85,0.8,0.21735715368203173,0.7826428463179687,0.5571457393088587,0.44285426069114164
107,53.67892976588629,0.85,0.8,0.21858043024900423,0.7814195697509961,0.563931289509124,0.4360687104908763
108,54.180602006688964,0.85,0.8,0.21982284116318332,0.7801771588368172,0.5706500483824387,0.42934995161756145
109,54.68227424749164,0.85,0.8,0.22108389216221008,0.7789161078377904,0.5772994562941335,0.42270054370586674
110,55.18394648829432,0.85,0.8,0.22236306331228206,0.7776369366877184,0.5838771053832821,0.4161228946167181
111,55.68561872909699,0.85,0.8,0.22365981113932432,0.7763401888606762,0.5903807439078812,0.4096192560921189
112,56.187290969899664,0.85,0.8,0.22497356979768898,0.7750264302023117,0.5968082746879129,0.4031917253120873
113,56.68896321070234,0.85,0.8,0.22630375293334679,0.7736962470666539,0.6031577570262833,0.39684224297371695
114,57.19063545150502,0.85,0.8,0.22764975475919275,0.7723502452408079,0.6094274052823944,0.39057259471760586
115,57.69230769230769,0.85,0.8,0.2290109505913533,0.7709890494086472,0.6156155889647751,0.38438441103522514
116,58.19397993311037,0.85,0.8,0.23038669987180704,0.7696133001281935,0.621720830167671,0.3782791698323292
117,58.69565217391305,0.85,0.8,0.23177634602720587,0.7682236539727947,0.6277418031278886,0.37225819687211154
118,59.197324414715716,0.85,0.8,0.23317921967094932,0.7668207803290512,0.6336773303934349,0.36632266960656523
119,59.69899665551839,0.85,0.8,0.23459463898420652,0.765405361015794,0.6395263809993964,0.3604736190006037
120,60.20066889632107,0.85,0.8,0.23602191162564537,0.7639780883743552,0.6452880674201679,0.3547119325798323
121,60.702341137123746,0.85,0.8,0.23746033687304624,0.7625396631269544,0.650961640345134,0.3490383596548661
122,61.20401337792642,0.85,0.8,0.2389092059094832,0.7610907940905175,0.6565464879422895,0.34345351205771063
123,61.7056856187291,0.85,0.8,0.24036780510501135,0.7596321948949893,0.6620421275356183,0.33795787246438186
124,62.207357859531776,0.85,0.8,0.24183541581547913,0.7581645841845216,0.6674482056314911,0.332551794368509
125,62.709030100334445,0.85,0.8,0.2433113174637415,0.7566886825362592,0.6727644894157863,0.32723551058421385
126,63.21070234113712,0.85,0.8,0.24479478811196045,0.7552052118880402,0.677990863468813,0.32200913653118707
127,63.7123745819398,0.85,0.8,0.24628510563892977,0.753714894361071,0.6831273263088774,0.3168726736911227
128,64.21404682274247,0.85,0.8,0.24778155019653134,0.7522184498034694,0.6881739824447137,0.31182601755528633
129,64.71571906354515,0.85,0.8,0.24928340497343324,0.7507165950265675,0.6931310389285787,0.30686896107142125
130,65.21739130434783,0.85,0.8,0.2507899574079204,0.7492100425920805,0.6979988008284534,0.30200119917154655
131,65.7190635451505,0.85,0.8,0.252300501012319,0.7476994989876817,0.7027776633572899,0.2972223366427101
132,66.22073578595318,0.85,0.8,0.25381433631475014,0.7461856636852506,0.707468106879103,0.2925318931208969
133,66.72240802675586,0.85,0.8,0.2553307710200898,0.7446692289799111,0.7120706962707171,0.28792930372928294
134,67.22408026755853,0.85,0.8,0.25684912161472734,0.7431508783852734,0.7165860753329321,0.2834139246670678
135,67.72575250836121,0.85,0.8,0.2583687175732982,0.7416312824267025,0.7210149494831344,0.2789850505168655
136,68.22742474916387,0.85,0.8,0.25988889717196567,0.7401111028280353,0.7253581014408638,0.274641898559136
137,68.72909698996655,0.85,0.8,0.2614090132920553,0.7385909867079455,0.7296163630099998,0.27038363699
138,69.23076923076923,0.85,0.8,0.26292842975810254,0.7370715702418985,0.7337906335891736,0.2662093664108262
139,69.7324414715719,0.85,0.8,0.2644465252620115,0.7355534747379895,0.7378818543123469,0.262118145687653
140,70.23411371237458,0.85,0.8,0.265962691648813,0.7340373083511881,0.7418910202560148,0.25810897974398506
141,70.73578595317726,0.85,0.8,0.2674763367073705,0.7325236632926305,0.7458191653158727,0.2541808346841272
142,71.23745819397993,0.85,0.8,0.268986884146063,0.731013115853938,0.749667361891035,0.2503326381089649
143,71.73913043478261,0.85,0.8,0.27049377328626156,0.7295062267137394,0.7534367200892246,0.2465632799107753
144,72.24080267558529,0.85,0.8,0.27199646111831777,0.7280035388816832,0.7571283737515011,0.24287162624849876
145,72.74247491638796,0.85,0.8,0.27349442062432944,0.7265055793756716,0.7607434916949936,0.23925650830500642
146,73.24414715719064,0.85,0.8,0.27498714305823413,0.7250128569417669,0.7642832566280656,0.23571674337193435
147,73.74581939799332,0.85,0.8,0.2764741364552567,0.7235258635447442,0.767748879949851,0.2322511200501489
148,74.24749163879599,0.85,0.8,0.2779549275384702,0.7220450724615308,0.771141580084052,0.22885841991594788
149,74.74916387959867,0.85,0.8,0.2794290604472513,0.7205709395527496,0.7744625972189192,0.2255374027810807
150,75.25083612040133,0.85,0.8,0.2808960975281269,0.7191039024718741,0.7777131775754584,0.22228682242454148
151,75.75250836120401,0.85,0.8,0.2823556192841735,0.7176443807158274,0.7808945749217041,0.21910542507829586
152,76.25418060200668,0.85,0.8,0.2838072245537936,0.7161927754462074,0.7840080501297505,0.21599194987024936
153,76.75585284280936,0.85,0.8,0.28525053058908206,0.7147494694109189,0.7870548680133971,0.2129451319866028
154,77.25752508361204,0.85,0.8,0.28668517350671346,0.7133148264932875,0.7900362910785903,0.20996370892140964
155,77.75919732441471,0.85,0.8,0.28811080848057147,0.7118891915194294,0.7929535745365286,0.20704642546347138
156,78.26086956521739,0.85,0.8,0.2895271055718225,0.7104728944281784,0.7958079784796975,0.2041920215203024
157,78.76254180602007,0.85,0.8,0.2909337516098999,0.7090662483901009,0.7986007576876613,0.20139924231233866
158,79.26421404682274,0.85,0.8,0.2923304508610312,0.7076695491389696,0.8013331564305899,0.19866684356940997
159,79.76588628762542,0.85,0.8,0.29371692544591904,0.7062830745540818,0.8040064128898052,0.1959935871101947
160,80.2675585284281,0.85,0.8,0.2950929144293075,0.7049070855706933,0.80662175488452,0.19337824511547985
161,80.76923076923077,0.85,0.8,0.29645817358020193,0.703541826419799,0.809180397879052,0.1908196021209478
162,81.27090301003345,0.85,0.8,0.29781247584273435,0.7021875241572665,0.8116835469948419,0.18831645300515795
163,81.77257525083613,0.85,0.8,0.29915561101040494,0.7008443889895959,0.8141323935674135,0.18586760643258635
164,82.27424749163879,0.85,0.8,0.3004873847029271,0.6995126152970739,0.8165281130580642,0.1834718869419357
165,82.77591973244147,0.85,0.8,0.3018076164023001,0.6981923835977007,0.8188718702484625,0.1811281297515373
166,83.27759197324414,0.85,0.8,0.3031161374022707,0.6968838625977302,0.8211648086636838,0.17883519133631604
167,83.77926421404682,0.85,0.8,0.30441279475078115,0.6955872052492197,0.8234080575477969,0.17659194245220292
168,84.2809364548495,0.85,0.8,0.3056974503758566,0.6943025496241442,0.825602729903826,0.17439727009617384
169,84.78260869565217,0.85,0.8,0.3069699794493986,0.6930300205506023,0.8277499206102009,0.1722500793897989
170,85.28428093645485,0.85,0.8,0.3082302704971608,0.69176972950284,0.8298507065337657,0.1701492934662341
171,85.78595317725753,0.85,0.8,0.30947822554769916,0.6905217744523017,0.8319061467048519,0.16809385329514798
172,86.2876254180602,0.85,0.8,0.31071375859334033,0.6892862414066605,0.8339172815256073,0.16608271847439265
173,86.78929765886288,0.85,0.8,0.3119367939414405,0.6880632060585603,0.835885131921804,0.16411486807819592
174,87.29096989966555,0.85,0.8,0.3131472684521544,0.6868527315478464,0.8378107004848141,0.16218929951518585
175,87.79264214046823,0.85,0.8,0.3143451290307313,0.6856548709692695,0.839694970137503,0.1603050298624969
176,88.29431438127091,0.85,0.8,0.3155303340681125,0.6844696659318884,0.8415389049427192,0.15846109505728073
177,88.79598662207358,0.85,0.8,0.3167028513546489,0.683297148645352,0.843343449587105,0.15665655041289486
178,89.29765886287625,0.85,0.8,0.3178626588325444,0.6821373411674565,0.8451095295104005,0.15489047048959936
179,89.79933110367892,0.85,0.8,0.3190097432441237,0.6809902567558772,0.8468380510639206,0.15316194893607935
180,90.3010033444816,0.85,0.8,0.32014409974755387,0.679855900252447,0.8485299014551172,0.1514700985448828
181,90.80267558528428,0.85,0.8,0.32126573410333437,0.6787342658966665,0.8501859486749415,0.14981405132505843
182,91.30434782608695,0.85,0.8,0.3223746604111839,0.677625339588817,0.851807041762273,0.148192958237727
183,91.80602006688963,0.85,0.8,0.323470896203712,0.6765291037962889,0.8533940116873985,0.14660598831260144
184,92.3076923076923,0.85,0.8,0.32455446911949803,0.6754455308805029,0.8549476701503951,0.1450523298496048
185,92.80936454849498,0.85,0.8,0.32562541517593674,0.6743745848240642,0.8564688099309641,0.1435311900690358
186,93.31103678929766,0.85,0.8,0.3266837739766438,0.6733162260233572,0.8579582069888629,0.14204179301113695
187,93.81270903010034,0.85,0.8,0.3277295916576994,0.6722704083423016,0.859416619110228,0.14058338088977182
188,94.31438127090301,0.85,0.8,0.32876292236696963,0.6712370776330313,0.8608447852278881,0.13915521477211185
189,94.81605351170569,0.85,0.8,0.3297838252510403,0.6702161747489608,0.8622434273117214,0.13775657268827857
190,95.31772575250837,0.85,0.8,0.33079236235986853,0.6692076376401325,0.8636132518918922,0.13638674810810789
191,95.81939799331104,0.85,0.8,0.33178860327067794,0.6682113967293232,0.8649549466974605,0.1350450533025395
192,96.3210702341137,0.85,0.8,0.3327726228948609,0.66722737710514,0.8662691822974967,0.13373081770250325
193,96.82274247491638,0.85,0.8,0.33374449727260397,0.6662555027273971,0.8675566155418035,0.13244338445819648
194,97.32441471571906,0.85,0.8,0.33470430801884554,0.6652956919811555,0.868817885918605,0.13118211408139496
195,97.82608695652173,0.85,0.8,0.3356521419511268,0.6643478580488742,0.8700536158599383,0.12994638414006157
196,98.32775919732441,0.85,0.8,0.33658808808681884,0.6634119119131822,0.8712644133824955,0.1287355866175045
197,98.82943143812709,0.85,0.8,0.3375122370502097,0.6624877629497913,0.8724508726168013,0.12754912738319868
198,99.33110367892976,0.85,0.8,0.3384246836409264,0.6615753163590745,0.8736135721150929,0.12638642788490695
199,99.83277591973244,0.85,0.8,0.33932552687270434,0.6606744731272965,0.8747530760386565,0.12524692396134351
200,100.33444816053512,0.85,0.8,0.3402148686069664,0.6597851313930345,0.8758699338112327,0.12413006618876733
201,100.8361204013378,0.85,0.8,0.3410928114258357,0.6589071885741652,0.8769646817896113,0.12303531821038868
202,101.33779264214047,0.85,0.8,0.34195946053700627,0.6580405394629946,0.8780378421130801,0.12196215788691994
203,101.83946488294315,0.85,0.8,0.3428149227812994,0.6571850772187015,0.8790899241505997,0.12091007584940024
204,102.34113712374582,0.85,0.8,0.34365930680911466,0.6563406931908862,0.8801214240609686,0.1198785759390314
205,102.8428093645485,0.85,0.8,0.3444927229546313,0.6555072770453696,0.881132825379684,0.11886717462031603
206,103.34448160535118,0.85,0.8,0.345315282967423,0.6546847170325779,0.8821245995978354,0.1178754004021645
207,103.84615384615384,0.85,0.8,0.346127100069164,0.6538728999308369,0.8830972056319433,0.11690279436805658
208,104.34782608695652,0.85,0.8,0.34692828805763803,0.6530717119423628,0.8840510912771387,0.11594890872286123
209,104.84949832775919,0.85,0.8,0.34771896199508895,0.6522810380049119,0.8849866922848303,0.11501330771516961
210,105.35117056856187,0.85,0.8,0.34849923747847117,0.6515007625215297,0.8859044337411682,0.1140955662588317
211,105.85284280936455,0.85,0.8,0.34926923101131346,0.6507307689886873,0.88680472929478,0.11319527070521979
212,106.35451505016722,0.85,0.8,0.35002905937101336,0.6499709406289874,0.8876879824589423,0.11231201754105762
213,106.8561872909699,0.85,0.8,0.35077883993734216,0.6492211600626586,0.88855458593738,0.11144541406261985
214,107.35785953177258,0.85,0.8,0.3515186901852892,0.6484813098147115,0.8894049227016203,0.11059507729837961
215,107.85953177257525,0.85,0.8,0.35224872788127776,0.647751272118723,0.8902393655751312,0.10976063442486873
216,108.36120401337793,0.85,0.8,0.3529690707768061,0.6470309292231946,0.8910582780055438,0.1089417219944561
217,108.8628762541806,0.85,0.8,0.35367983664104624,0.6463201633589545,0.8918620139678146,0.10813798603218526
218,109.36454849498328,0.85,0.8,0.35438114308884594,0.6456188569111548,0.8926509184603927,0.10734908153960716
219,109.86622073578596,0.85,0.8,0.35507310753127824,0.6449268924687225,0.8934253276219178,0.10657467237808199
220,110.36789297658864,0.85,0.8,0.3557558472789216,0.6442441527210792,0.8941855684410126,0.10581443155898734
221,110.8695652173913,0.85,0.8,0.3564294789157674,0.6435705210842335,0.8949319603761688,0.10506803962383114
222,111.37123745819397,0.85,0.8,0.3570941188385311,0.6429058811614697,0.8956648139717543,0.1043351860282455
223,111.87290969899665,0.85,0.8,0.35774988283623477,0.6422501171637661,0.8963844321653043,0.1036155678346956
224,112.37458193979933,0.85,0.8,0.3583968861040375,0.6416031138959634,0.8970911102219136,0.10290888977808631
225,112.876254180602,0.85,0.8,0.35903524336570053,0.6409647566343004,0.8977851353642657,0.10221486463573413
226,113.37792642140468,0.85,0.8,0.3596650684714604,0.6403349315285405,0.898466788206564,0.10153321179343586
227,113.87959866220736,0.85,0.8,0.36028647472679953,0.6397135252732016,0.8991363415549861,0.10086365844501365
228,114.38127090301003,0.85,0.8,0.3608995745573169,0.6391004254426841,0.8997940616244386,0.10020593837556117
229,114.88294314381271,0.85,0.8,0.36150447954910436,0.6384955204508966,0.9004402078924764,0.09955979210752347
230,115.38461538461539,0.85,0.8,0.36210130052782497,0.637898699472176,0.9010750329123568,0.09892496708764298
231,115.88628762541806,0.85,0.8,0.36269014728132193,0.6373098527186791,0.9016987836176948,0.09830121638230495
232,116.38795986622074,0.85,0.8,0.36327112885378116,0.6367288711462199,0.902311699837373,0.09768830016262686
233,116.88963210702342,0.85,0.8,0.3638443533920073,0.6361556466079937,0.902914015003446,0.09708598499655384
234,117.3913043478261,0.85,0.8,0.3644099276857564,0.6355900723142446,0.9035059580706291,0.09649404192937085
235,117.89297658862876,0.85,0.8,0.3649679576718242,0.6350320423281769,0.9040877514226018,0.09591224857739818
236,118.39464882943143,0.85,0.8,0.3655185483389927,0.6344814516610083,0.9046596113238377,0.09534038867616229
237,118.89632107023411,0.85,0.8,0.3660618034480005,0.6339381965520006,0.905221749769182,0.09477825023081791
238,119.39799331103679,0.85,0.8,0.3665978257423315,0.6334021742576696,0.905774372998567,0.09422562700143297
239,119.89966555183946,0.85,0.8,0.36712671695507015,0.6328732830449311,0.9063176814662307,0.0936823185337693
240,120.40133779264214,0.85,0.8,0.36764857764253334,0.6323514223574679,0.9068518715490858,0.09314812845091433
241,120.90301003344482,0.85,0.8,0.36816350726471886,0.6318364927352824,0.9073771346489485,0.09262286535105148
242,121.40468227424749,0.85,0.8,0.3686716042277033,0.631328395772298,0.9078936567168402,0.09210634328315986
243,121.90635451505017,0.85,0.8,0.3691729657113496,0.6308270342886517,0.9084016197166626,0.09159838028333753
244,122.40802675585284,0.85,0.8,0.3696676877011627,0.6303323122988386,0.9089012013730402,0.09109879862695985
245,122.90969899665552,0.85,0.8,0.3701558650984227,0.6298441349015786,0.9093925742995369,0.09060742570046318
246,123.4113712374582,0.85,0.8,0.3706375916333716,0.6293624083666297,0.9098759072565413,0.09012409274345877
247,123.91304347826087,0.85,0.8,0.37111295985315984,0.6288870401468415,0.91035136545164,0.08964863454836013
248,124.41471571906355,0.85,0.8,0.3715820611762309,0.6284179388237705,0.9108191091843993,0.0891808908156007
249,124.91638795986621,0.85,0.8,0.37204498585952783,0.6279550141404735,0.9112792946034243,0.08872070539657584
250,125.41806020066889,0.85,0.8,0.37250182291231415,0.6274981770876872,0.9117320753310747,0.08826792466892533
251,125.91973244147157,0.85,0.8,0.3729526601887885,0.6270473398112129,0.9121776007179493,0.0878223992820508
252,126.42140468227424,0.85,0.8,0.3733975843813882,0.6266024156186132,0.9126160159690933,0.08738398403090686
253,126.92307692307692,0.85,0.8,0.37383668103235673,0.6261633189676445,0.9130474631925283,0.08695253680747175
254,127.4247491638796,0.85,0.8,0.3742700345434405,0.6257299654565608,0.9134720817412985,0.08652791825870158
255,127.92642140468227,0.85,0.8,0.3746977281363913,0.62530227186361,0.9138900068202502,0.08610999317974982
256,128.42809364548495,0.85,0.8,0.37511984387884534,0.624880156121156,0.9143013702067918,0.08569862979320812
257,128.9297658862876,0.85,0.8,0.3755364627703103,0.6244635372296911,0.9147063015355811,0.08529369846441891
258,129.4314381270903,0.85,0.8,0.3759476646510625,0.6240523353489388,0.9151049269391248,0.08489507306087514
259,129.93311036789297,0.85,0.8,0.3763535282075928,0.6236464717924085,0.9154973691290396,0.08450263087096031
260,130.43478260869566,0.85,0.8,0.37675413102011046,0.6232458689798909,0.9158837482401657,0.0841162517598342
261,130.93645484949832,0.85,0.8,0.3771495495791961,0.6228504504208052,0.9162641821427656,0.08373581785723437
262,131.438127090301,0.85,0.8,0.37753985922369215,0.6224601407763093,0.9166387852781295,0.08336121472187054
263,131.93979933110367,0.85,0.8,0.3779251341845171,0.6220748658154843,0.9170076692688122,0.08299233073118771
264,132.44147157190636,0.85,0.8,0.37830544774938113,0.6216945522506203,0.917370944102139,0.08262905589786089
265,132.94314381270902,0.85,0.8,0.3786808720674315,0.6213191279325699,0.917728716728769,0.08227128327123094
266,133.44481605351172,0.85,0.8,0.37905147816715373,0.6209485218328477,0.9180810911911136,0.08191890880888644
267,133.94648829431438,0.85,0.8,0.37941733598909916,0.6205826640109023,0.9184281688749166,0.08157183112508341
268,134.44816053511707,0.85,0.8,0.3797785145388959,0.6202214854611056,0.9187700500188852,0.08122994998111475
269,134.94983277591973,0.85,0.8,0.3801350817520003,0.6198649182480013,0.9191068323803063,0.0808931676196937
270,135.45150501672242,0.85,0.8,0.38048710446001327,0.6195128955399882,0.9194386109027157,0.08056138909728427
271,135.95317725752508,0.85,0.8,0.3808346484320481,0.6191653515679533,0.9197654781173945,0.08023452188260548
272,136.45484949832775,0.85,0.8,0.3811777785959163,0.6188222214040852,0.920087525221336,0.07991247477866407
273,136.95652173913044,0.85,0.8,0.3815165589339646,0.6184834410660369,0.9204048415696006,0.07959515843039937
274,137.4581939799331,0.85,0.8,0.38185105231905087,0.6181489476809505,0.9207175138759291,0.07928248612407084
275,137.9598662207358,0.85,0.8,0.3821813206117082,0.6178186793882933,0.9210256266862789,0.07897437331372112
276,138.46153846153845,0.85,0.8,0.3825074248407848,0.6174925751592166,0.9213292630730023,0.0786707369269977
277,138.96321070234114,0.85,0.8,0.38282942525701436,0.617170574742987,0.9216285048407101,0.07837149515928993
278,139.4648829431438,0.85,0.8,0.3831473810129944,0.616852618987007,0.9219234312964679,0.07807656870353216
279,139.9665551839465,0.85,0.8,0.3834613503068158,0.6165386496931856,0.9222141198017474,0.07778588019825262
280,140.46822742474916,0.85,0.8,0.38377139046418335,0.616228609535818,0.9225006461739013,0.07749935382609872
281,140.96989966555185,0.85,0.8,0.38407755806635335,0.6159224419336481,0.92278308531304,0.07721691468695996
282,141.4715719063545,0.85,0.8,0.38437990867637306,0.6156200913236283,0.9230615098606443,0.07693849013935569
283,141.9732441471572,0.85,0.8,0.3846784969379274,0.615321503062074,0.9233359906838989,0.07666400931610098
284,142.47491638795987,0.85,0.8,0.3849733766561003,0.615026623343901,0.9236065971468491,0.07639340285315077
285,142.97658862876253,0.85,0.8,0.385264601066725,0.6147353989332763,0.9238733979802699,0.07612660201972998
286,143.47826086956522,0.85,0.8,0.3855522223862828,0.6144477776137185,0.924136459828058,0.07586354017194183
287,143.97993311036788,0.85,0.8,0.38583629193925284,0.6141637080607485,0.9243958476585092,0.07560415234149064
288,144.48160535117057,0.85,0.8,0.3861168601854403,0.6138831398145611,0.9246516248525749,0.07534837514742504
289,144.98327759197323,0.85,0.8,0.38639397688299254,0.6136060231170088,0.9249038537751897,0.07509614622481024
290,145.48494983277592,0.85,0.8,0.38666769123794753,0.6133323087620538,0.9251525962993965,0.07484740370060342
291,145.9866220735786,0.85,0.8,0.3869380514516155,0.6130619485483859,0.9253979122200449,0.07460208777995511
292,146.48829431438128,0.85,0.8,0.3872051049082398,0.6127948950917615,0.9256398599114902,0.07436014008850976
293,146.98996655518394,0.85,0.8,0.38746889818177743,0.6125311018182238,0.9258784963510132,0.07412150364898683
294,147.49163879598663,0.85,0.8,0.38772947733220087,0.6122705226678004,0.9261138779096101,0.07388612209038982
295,147.9933110367893,0.85,0.8,0.3879868877890636,0.6120131122109377,0.9263460600412453,0.07365393995875459
296,148.49498327759198,0.85,0.8,0.3882411740643713,0.61175882593563,0.9265750965165418,0.07342490348345809
297,148.99665551839465,0.85,0.8,0.3884923799180588,0.6115076200819425,0.9268010398644171,0.0731989601355828
298,149.49832775919734,0.85,0.8,0.3887405483748613,0.61125945162514,0.9270239414112407,0.07297605858875925
299,150.0,0.85,0.8,0.38898572210660504,0.6110142778933962,0.9272438521680993,0.07275614783190058
