,time,sigma,beta,S,I,C,D
0,0.0,0.84,0.6,0.9998,0.0002,0.5,0.5
1,0.5016722408026756,0.84,0.6,0.9997596750937493,0.00024032490625071123,0.4791168748492869,0.5208831251507129
2,1.0033444816053512,0.84,0.6,0.9997101195650085,0.00028988043499136276,0.4583080077834199,0.5416919922165797
3,1.5050167224080266,0.84,0.6,0.9996490819844924,0.0003509180155075662,0.43764545869567995,0.5623545413043197
4,2.0066889632107023,0.84,0.6,0.9995737460598804,0.00042625394011971035,0.417199327842432,0.5828006721575677
5,2.508361204013378,0.84,0.6,0.9994805753069848,0.0005194246930153291,0.39703682094287673,0.602963179057123
6,3.0100334448160533,0.84,0.6,0.9993651550106564,0.0006348449893438057,0.37722150751342015,0.6227784924865797
7,3.511705685618729,0.84,0.6,0.9992219244142589,0.000778075585741214,0.3578124338580023,0.6421875661419976
8,4.013377926421405,0.84,0.6,0.9990439271401486,0.0009560728598515672,0.3388636671147492,0.6611363328852506
9,4.51505016722408,0.84,0.6,0.998822439866704,0.0011775601332961775,0.32042377924567256,0.6795762207543273
10,5.016722408026756,0.84,0.6,0.9985465319629762,0.0014534680370241074,0.3025355142224565,0.6974644857775434
11,5.518394648829432,0.84,0.6,0.9982025057931867,0.0017974942068135413,0.2852355952764782,0.7147644047235217
12,6.020066889632107,0.84,0.6,0.9977731905827756,0.002226809417224724,0.2685546663658113,0.7314453336341885
13,6.521739130434782,0.84,0.6,0.9972371101973194,0.0027628898026808746,0.252517381172585,0.7474826188274148
14,7.023411371237458,0.84,0.6,0.9965674036572308,0.0034325963427693463,0.23714257485232534,0.7628574251476745
15,7.525083612040134,0.84,0.6,0.9957305194155884,0.004269480584411764,0.22244355117649872,0.7775564488235011
16,8.02675585284281,0.84,0.6,0.9946846194025405,0.005315380597459747,0.20842844950805542,0.7915715504919444
17,8.528428093645484,0.84,0.6,0.9933776392655362,0.006622360734463966,0.19510067714041163,0.8048993228595881
18,9.03010033444816,0.84,0.6,0.9917449217376376,0.00825507826236254,0.18245940090527382,0.8175405990947259
19,9.531772575250836,0.84,0.6,0.9897064803187325,0.010293519681267722,0.17050005027930648,0.8294999497206933
20,10.033444816053512,0.84,0.6,0.9871637522452698,0.012836247754730579,0.1592148566139408,0.840785143386059
21,10.535117056856187,0.84,0.6,0.9839959035466468,0.016004096453353645,0.14859339284816875,0.851406607151831
22,11.036789297658864,0.84,0.6,0.9800557893144635,0.019944210685537006,0.13862310191673935,0.8613768980832605
23,11.538461538461538,0.84,0.6,0.9751657334295541,0.02483426657044626,0.12928980615981006,0.8707101938401898
24,12.040133779264213,0.84,0.6,0.9691134945912074,0.03088650540879296,0.12057818564546022,0.8794218143545395
25,12.54180602006689,0.84,0.6,0.9616490139310757,0.038350986068924536,0.11247221416271697,0.8875277858372826
26,13.043478260869565,0.84,0.6,0.9524829934237505,0.04751700657624981,0.10495554061730133,0.8950444593826983
27,13.545150501672241,0.84,0.6,0.9412884783406075,0.058711521659392835,0.09801180414460738,0.9019881958553924
28,14.046822742474916,0.84,0.6,0.9277074013096331,0.07229259869036715,0.09162486827868677,0.9083751317213129
29,14.548494983277592,0.84,0.6,0.9113642529124911,0.08863574708750917,0.08577895937041008,0.9142210406295896
30,15.050167224080267,0.84,0.6,0.8918890183000631,0.10811098169993713,0.08045869119755428,0.9195413088024454
31,15.551839464882944,0.84,0.6,0.8689511567239413,0.131048843276059,0.07564896547641958,0.9243510345235801
32,16.05351170568562,0.84,0.6,0.8423045548845182,0.15769544511548214,0.07133474156400814,0.9286652584359916
33,16.555183946488295,0.84,0.6,0.8118409999563966,0.18815900004360367,0.06750067706274761,0.9324993229372521
34,17.05685618729097,0.84,0.6,0.7776448093405706,0.22235519065942974,0.06413067301242949,0.9358693269875701
35,17.558528428093645,0.84,0.6,0.740038123958378,0.25996187604162235,0.061207364878977745,0.9387926351210218
36,18.06020066889632,0.84,0.6,0.6996028880172983,0.300397111982702,0.05871163779022268,0.9412883622097769
37,18.561872909698998,0.84,0.6,0.6571671359972209,0.3428328640027796,0.05662225365174336,0.9433777463482562
38,19.06354515050167,0.84,0.6,0.6137496836509752,0.3862503163490253,0.05491567784938025,0.9450843221506193
39,19.565217391304348,0.84,0.6,0.5704680595359747,0.42953194046402565,0.053566168888647056,0.9464338311113525
40,20.066889632107024,0.84,0.6,0.5284261117126814,0.4715738882873189,0.05254614883452547,0.947453851165474
41,20.568561872909697,0.84,0.6,0.4886044243878085,0.5113955756121918,0.05182681708609455,0.9481731829139048
42,21.070234113712374,0.84,0.6,0.45177596351213106,0.5482240364878691,0.051378922990220975,0.9486210770097784
43,21.57190635451505,0.84,0.6,0.41846060912501953,0.5815393908749806,0.051173588352111894,0.9488264116478874
44,22.073578595317727,0.84,0.6,0.38892081069620305,0.6110791893037972,0.05118307221635812,0.9488169277836411
45,22.5752508361204,0.84,0.6,0.36319035363071706,0.6368096463692832,0.05138139798566969,0.9486186020143293
46,23.076923076923077,0.84,0.6,0.34112301638444786,0.6588769836155522,0.051744798204861615,0.9482552017951373
47,23.578595317725753,0.84,0.6,0.32244789729297046,0.6775521027070297,0.05225197006237192,0.947748029937627
48,24.080267558528426,0.84,0.6,0.3068211937470806,0.6931788062529196,0.05288416095586883,0.94711583904413
49,24.581939799331103,0.84,0.6,0.29386874883236763,0.7061312511676325,0.05362511900771053,0.9463748809922883
50,25.08361204013378,0.84,0.6,0.28321731106489606,0.7167826889351041,0.05446094781104175,0.945539052188957
51,25.585284280936456,0.84,0.6,0.27451509549555325,0.7254849045044468,0.05537990231187871,0.9446200976881198
52,26.08695652173913,0.84,0.6,0.26744354428179656,0.7325564557182035,0.05637215563170851,0.94362784436829
53,26.588628762541806,0.84,0.6,0.2617225162735963,0.7382774837264037,0.057429558941747456,0.9425704410582508
54,27.090301003344482,0.84,0.6,0.2571110307218033,0.7428889692781966,0.058545409671507884,0.9414545903284902
55,27.59197324414716,0.84,0.6,0.2534052593071636,0.7465947406928363,0.05971423703667847,0.9402857629633194
56,28.093645484949832,0.84,0.6,0.25043506415309824,0.7495649358469016,0.060931609762183106,0.9390683902378147
57,28.59531772575251,0.84,0.6,0.24805983685109653,0.7519401631489033,0.06219396657366785,0.9378060334263297
58,29.096989966555185,0.84,0.6,0.2461643124253828,0.7538356875746172,0.06349847091350229,0.936501529086495
59,29.598662207357858,0.84,0.6,0.24465459366126735,0.7553454063387326,0.06484288657629218,0.9351571134237049
60,30.100334448160535,0.84,0.6,0.24345456971389234,0.7565454302861077,0.06622547295136917,0.9337745270486275
61,30.60200668896321,0.84,0.6,0.24250278656275925,0.7574972134372409,0.06764489727774851,0.932355102722248
62,31.103678929765888,0.84,0.6,0.2417497837267851,0.758250216273215,0.06910016159338454,0.9308998384066116
63,31.60535117056856,0.84,0.6,0.24115584997040013,0.7588441500295999,0.07059054233056515,0.9294094576694306
64,32.10702341137124,0.84,0.6,0.24068916393442313,0.7593108360655769,0.07211554034589322,0.9278844596541022
65,32.608695652173914,0.84,0.6,0.2403242706212653,0.7596757293787347,0.07367483985779362,0.9263251601422015
66,33.11036789297659,0.84,0.6,0.24004083398891957,0.7599591660110806,0.07526827463944052,0.9247317253605541
67,33.61204013377927,0.84,0.6,0.23982262523354597,0.7601773747664541,0.07689580028308746,0.9231041997169067
68,34.11371237458194,0.84,0.6,0.23965670607980183,0.7603432939201984,0.07855747148495228,0.9214425285150413
69,34.61538461538461,0.84,0.6,0.23953277061894543,0.7604672293810547,0.0802534234046213,0.9197465765953717
70,35.11705685618729,0.84,0.6,0.239442616027332,0.7605573839726683,0.08198385635726207,0.9180161436427303
71,35.618729096989966,0.84,0.6,0.23937971929348836,0.7606202807065118,0.08374902328614868,0.916250976713843
72,36.12040133779264,0.84,0.6,0.2393388976277161,0.760661102372284,0.08554921943842933,0.9144507805615617
73,36.62207357859532,0.84,0.6,0.23931603718284783,0.7606839628171523,0.0873847738673614,0.9126152261326288
74,37.123745819397996,0.84,0.6,0.23930787664603576,0.7606921233539643,0.08925604242760818,0.9107439575723812
75,37.625418060200666,0.84,0.6,0.23931183428842273,0.7606881657115774,0.09116340195762204,0.9088365980423665
76,38.12709030100334,0.84,0.6,0.23932586992212043,0.7606741300778798,0.09310724543876456,0.9068927545612231
77,38.62876254180602,0.84,0.6,0.2393483759837385,0.7606516240162617,0.0950879779768367,0.9049120220231498
78,39.130434782608695,0.84,0.6,0.23937809019487907,0.7606219098051211,0.0971060133878122,0.9028939866121731
79,39.63210702341137,0.84,0.6,0.23941402241302992,0.7605859775869703,0.09916177120518993,0.9008382287947941
80,40.13377926421405,0.84,0.6,0.23945540210163963,0.7605445978983606,0.10125567430068398,0.8987443256992987
81,40.635451505016725,0.84,0.6,0.2395016358698776,0.7604983641301226,0.10338814680474238,0.896611853195239
82,41.137123745819395,0.84,0.6,0.23955226957655007,0.7604477304234502,0.10555961212222018,0.8944403878777597
83,41.63879598662207,0.84,0.6,0.23960696009129615,0.7603930399087041,0.10777049124898494,0.8922295087509934
84,42.14046822742475,0.84,0.6,0.2396654544902148,0.7603345455097854,0.11002120133456855,0.889978798665408
85,42.642140468227424,0.84,0.6,0.23972757169598347,0.7602724283040168,0.1123121542975222,0.8876878457024524
86,43.1438127090301,0.84,0.6,0.2397931876599394,0.7602068123400608,0.11464375554897563,0.885356244450997
87,43.64548494983278,0.84,0.6,0.23986222573623042,0.7601377742637698,0.11701640286642266,0.8829835971335479
88,44.147157190635454,0.84,0.6,0.23993464718380578,0.7600653528161946,0.11943048525182863,0.8805695147481396
89,44.64882943143812,0.84,0.6,0.2400104430361577,0.7599895569638426,0.12188638183387128,0.8781136181660945
90,45.1505016722408,0.84,0.6,0.24008962920165774,0.7599103707983427,0.1243844608533111,0.875615539146652
91,45.65217391304348,0.84,0.6,0.24017224212079236,0.7598277578792079,0.12692507861701105,0.8730749213829494
92,46.15384615384615,0.84,0.6,0.240258335781579,0.7597416642184213,0.1295085788146986,0.8704914211852589
93,46.65551839464883,0.84,0.6,0.24034797677932662,0.7596520232206737,0.1321352908794079,0.8678647091205465
94,47.15719063545151,0.84,0.6,0.24044124440111964,0.7595587555988806,0.13480552958386693,0.8651944704160841
95,47.65886287625418,0.84,0.6,0.24053822673033023,0.7594617732696701,0.13751959408613568,0.8624804059138118
96,48.16053511705685,0.84,0.6,0.2406390210040213,0.7593609789959791,0.14027776631825023,0.8597222336816935
97,48.66220735785953,0.84,0.6,0.24074373297306934,0.759256267026931,0.1430803115234646,0.8569196884764753
98,49.163879598662206,0.84,0.6,0.2408524729037466,0.7591475270962539,0.14592747504885015,0.8540725249510855
99,49.66555183946488,0.84,0.6,0.24096535769587718,0.7590346423041233,0.1488194837770757,0.8511805162228555
100,50.16722408026756,0.84,0.6,0.2410825081359345,0.758917491864066,0.1517565427696039,0.8482434572303227
101,50.668896321070235,0.84,0.6,0.24120405023262298,0.7587959497673774,0.15473883672818925,0.8452611632717324
102,51.17056856187291,0.84,0.6,0.24133011393523135,0.758669886064769,0.15776652663104385,0.8422334733688727
103,51.67224080267559,0.84,0.6,0.24146083357029585,0.7585391664297045,0.16083975119661256,0.8391602488032985
104,52.17391304347826,0.84,0.6,0.24159634639481894,0.7584036536051815,0.16395862342784687,0.8360413765720586
105,52.675585284280935,0.84,0.6,0.24173679333283302,0.7582632066671674,0.16712323217188632,0.832876767828013
106,53.17725752508361,0.84,0.6,0.24188231795023185,0.7581176820497686,0.17033363863321133,0.8296663613666818
107,53.67892976588629,0.84,0.6,0.24203306696148852,0.7579669330385119,0.17358987796355374,0.8264101220363328
108,54.180602006688964,0.84,0.6,0.2421891896397284,0.757810810360272,0.17689195582363765,0.8231080441762422
109,54.68227424749164,0.84,0.6,0.24235083804486884,0.7576491619551315,0.18023984995899114,0.8197601500408814
110,55.18394648829432,0.84,0.6,0.24251816640553178,0.7574818335944686,0.18363350681440094,0.8163664931854643
111,55.68561872909699,0.84,0.6,0.24269133142073623,0.7573086685792642,0.1870728431410951,0.8129271568587624
112,56.187290969899664,0.84,0.6,0.24287049164510327,0.7571295083548971,0.19055774253971283,0.8094422574601366
113,56.68896321070234,0.84,0.6,0.24305580779939243,0.7569441922006079,0.1940880571500701,0.8059119428497711
114,57.19063545150502,0.84,0.6,0.24324744214760677,0.7567525578523936,0.19766360388357918,0.8023363961162534
115,57.69230769230769,0.84,0.6,0.24344555897137926,0.756554441028621,0.20128416738358787,0.7987158326162358
116,58.19397993311037,0.84,0.6,0.2436503242265357,0.7563496757734646,0.20494949799391687,0.7950505020058977
117,58.69565217391305,0.84,0.6,0.24386190504533306,0.7561380949546672,0.20865931011900107,0.791340689880804
118,59.197324414715716,0.84,0.6,0.2440804692474085,0.7559195307525918,0.21241328074980956,0.7875867192499857
119,59.69899665551839,0.84,0.6,0.24430618565564305,0.7556938143443572,0.21621104894087997,0.7837889510589053
120,60.20066889632107,0.84,0.6,0.24453922365591357,0.7554607763440867,0.22005221443834705,0.779947785561428
121,60.702341137123746,0.84,0.6,0.24477975359423185,0.7552202464057685,0.22393634225082112,0.7760636577489435
122,61.20401337792642,0.84,0.6,0.24502794641337888,0.7549720535866213,0.22786296033353914,0.7721370396662147
123,61.7056856187291,0.84,0.6,0.2452839730668065,0.7547160269331937,0.23183155526451546,0.7681684447352276
124,62.207357859531776,0.84,0.6,0.24554800454092454,0.7544519954590757,0.23584157375670833,0.7641584262430237
125,62.709030100334445,0.84,0.6,0.2458202114933632,0.754179788506637,0.23989242524134638,0.7601075747583743
126,63.21070234113712,0.84,0.6,0.2461007642042983,0.753899235795702,0.24398347885201735,0.756016521147692
127,63.7123745819398,0.84,0.6,0.24638983239542445,0.7536101676045758,0.24811406277591355,0.7518859372237844
128,64.21404682274247,0.84,0.6,0.2466875847559597,0.7533124152440405,0.2522834650322031,0.7477165349674832
129,64.71571906354515,0.84,0.6,0.2469941876506119,0.7530058123493882,0.2564909360705693,0.7435090639291055
130,65.21739130434783,0.84,0.6,0.24730980611034747,0.7526901938896526,0.26073568508208866,0.7392643149175745
131,65.7190635451505,0.84,0.6,0.24763460326581085,0.7523653967341892,0.2650168805996118,0.7349831194000397
132,66.22073578595318,0.84,0.6,0.2479687396568825,0.7520312603431175,0.2693336524923535,0.7306663475072863
133,66.72240802675586,0.84,0.6,0.2483123752886155,0.7516876247113845,0.27368509328777857,0.7263149067118498
134,67.22408026755853,0.84,0.6,0.24866566489912978,0.7513343351008702,0.27807025574022437,0.7219297442593926
135,67.72575250836121,0.84,0.6,0.24902876174378982,0.7509712382562101,0.28248815297938895,0.7175118470202168
136,68.22742474916387,0.84,0.6,0.2494018157896343,0.7505981842103657,0.28693776216831435,0.7130622378312802
137,68.72909698996655,0.84,0.6,0.24978497374530925,0.7502150262546907,0.29141802503757736,0.7085819749620063
138,69.23076923076923,0.84,0.6,0.25017837811576354,0.7498216218842365,0.29592784646847564,0.7040721535310972
139,69.7324414715719,0.84,0.6,0.2505821663123957,0.7494178336876044,0.30046609624348214,0.6995339037560804
140,70.23411371237458,0.84,0.6,0.25099647165586003,0.7490035283441401,0.30503160903988175,0.6949683909596707
141,70.73578595317726,0.84,0.6,0.25142142204198503,0.7485785779580151,0.3096231885469931,0.6903768114525496
142,71.23745819397993,0.84,0.6,0.2518571407041349,0.7481428592958651,0.31423960447314403,0.6857603955263893
143,71.73913043478261,0.84,0.6,0.252303744891777,0.7476962551082231,0.31887959826424145,0.6811204017352831
144,72.24080267558529,0.84,0.6,0.2527613466082832,0.7472386533917169,0.3235418797924134,0.6764581202071026
145,72.74247491638796,0.84,0.6,0.25323005108368807,0.746769948916312,0.3282251332986323,0.6717748667008758
146,73.24414715719064,0.84,0.6,0.2537099574841625,0.7462900425158375,0.3329280147148076,0.6670719852846931
147,73.74581939799332,0.84,0.6,0.25420115796459586,0.7457988420354041,0.33764915633501913,0.6623508436644747
148,74.24749163879599,0.84,0.6,0.25470373761720466,0.7452962623827954,0.3423871669792292,0.6576128330202585
149,74.74916387959867,0.84,0.6,0.25521777424550596,0.7447822257544942,0.3471406345673329,0.6528593654321492
150,75.25083612040133,0.84,0.6,0.2557433382807808,0.7442566617192193,0.3519081262525427,0.6480918737469344
151,75.75250836120401,0.84,0.6,0.25628049203752695,0.7437195079624732,0.3566881925471831,0.6433118074522897
152,76.25418060200668,0.84,0.6,0.25682928985405745,0.7431707101459426,0.36147936667516006,0.6385206333243091
153,76.75585284280936,0.84,0.6,0.25738977748399827,0.7426102225160018,0.36628016926993634,0.6337198307295299
154,77.25752508361204,0.84,0.6,0.2579619922611176,0.7420380077388825,0.3710891071203641,0.6289108928791
155,77.75919732441471,0.84,0.6,0.2585459624823924,0.7414540375176076,0.375904679295878,0.6240953207035845
156,78.26086956521739,0.84,0.6,0.2591417077093893,0.7408582922906107,0.3807253743982866,0.6192746256011752
157,78.76254180602007,0.84,0.6,0.25974923804897065,0.7402507619510293,0.38554967960346903,0.6144503203959927
158,79.26421404682274,0.84,0.6,0.26036855463458486,0.7396314453654153,0.39037607411887154,0.6096239258805908
159,79.76588628762542,0.84,0.6,0.2609996493184284,0.7390003506815717,0.39520303241077953,0.6047969675886842
160,80.2675585284281,0.84,0.6,0.26164250413501505,0.7383574958649851,0.40002902914673905,0.5999709708527268
161,80.76923076923077,0.84,0.6,0.26229709033249277,0.7377029096675073,0.4048525466347891,0.5951474533646796
162,81.27090301003345,0.84,0.6,0.26296336894937167,0.7370366310506284,0.40967207168372394,0.5903279283157482
163,81.77257525083613,0.84,0.6,0.2636412902677761,0.7363587097322241,0.4144861001540045,0.585513899845472
164,82.27424749163879,0.84,0.6,0.264330795029002,0.7356692049709981,0.4192931351917352,0.5807068648077461
165,82.77591973244147,0.84,0.6,0.2650318161159467,0.7349681838840534,0.42409168382590057,0.5759083161735864
166,83.27759197324414,0.84,0.6,0.26574427491983943,0.7342557250801606,0.42888027048898936,0.5711197295105038
167,83.77926421404682,0.84,0.6,0.2664680825834086,0.7335319174165913,0.4336574350159595,0.5663425649835405
168,84.2809364548495,0.84,0.6,0.26720314119628524,0.7327968588037147,0.4384217331393793,0.561578266860128
169,84.78260869565217,0.84,0.6,0.2679493437984505,0.7320506562015495,0.4431717385723899,0.5568282614271254
170,85.28428093645485,0.84,0.6,0.26870657326947883,0.7312934267305211,0.4479060465122754,0.5520939534872483
171,85.78595317725753,0.84,0.6,0.26947470284163416,0.7305252971583659,0.45262327487880555,0.5473767251207269
172,86.2876254180602,0.84,0.6,0.2702535936582607,0.7297464063417394,0.45732206348731125,0.5426779365122305
173,86.78929765886288,0.84,0.6,0.27104309610425953,0.7289569038957405,0.4620010775386606,0.537998922460891
174,87.29096989966555,0.84,0.6,0.27184305042020357,0.7281569495797965,0.4666590102894076,0.5333409897101541
175,87.79264214046823,0.84,0.6,0.2726532872272588,0.7273467127727413,0.4712945897509005,0.5287054102486716
176,88.29431438127091,0.84,0.6,0.2734736287236915,0.7265263712763086,0.47590654947944905,0.5240934505201338
177,88.79598662207358,0.84,0.6,0.27430389113487574,0.7256961088651244,0.48049368624235583,0.5195063137572381
178,89.29765886287625,0.84,0.6,0.27514387901218473,0.7248561209878154,0.485054812787957,0.5149451872116481
179,89.79933110367892,0.84,0.6,0.2759933892670205,0.7240066107329796,0.4895887783323016,0.510411221667315
180,90.3010033444816,0.84,0.6,0.2768522146780324,0.7231477853219677,0.4940944657039134,0.5059055342957147
181,90.80267558528428,0.84,0.6,0.27772013985665955,0.7222798601433406,0.4985707936812137,0.5014292063184259
182,91.30434782608695,0.84,0.6,0.2785969345130676,0.7214030654869324,0.5030167172347739,0.49698328276487747
183,91.80602006688963,0.84,0.6,0.27948235992457865,0.7205176400754215,0.5074312275323509,0.49256877246731234
184,92.3076923076923,0.84,0.6,0.2803761749590659,0.7196238250409343,0.5118133552970326,0.48818664470264234
185,92.80936454849498,0.84,0.6,0.2812781312296139,0.7187218687703861,0.5161621687879597,0.48383783121172697
186,93.31103678929766,0.84,0.6,0.2821879741843108,0.7178120258156894,0.5204767760508066,0.4795232239488919
187,93.81270903010034,0.84,0.6,0.28310544292107076,0.7168945570789294,0.5247563238526881,0.4752436761470219
188,94.31438127090301,0.84,0.6,0.2840302700495557,0.7159697299504444,0.5289999989038532,0.47100000109586837
189,94.81605351170569,0.84,0.6,0.28496218205920326,0.7150378179407968,0.5332070273539863,0.46679297264574654
190,95.31772575250837,0.84,0.6,0.28590090141049174,0.7140990985895084,0.5373766757349718,0.4626233242647722
191,95.81939799331104,0.84,0.6,0.2868461452769401,0.71315385472306,0.5415082504427279,0.45849174955702726
192,96.3210702341137,0.84,0.6,0.2877976270075369,0.7122023729924633,0.545601097918047,0.4543989020817189
193,96.82274247491638,0.84,0.6,0.28875505569865856,0.7112449443013416,0.5496546046314844,0.45034539536829216
194,97.32441471571906,0.84,0.6,0.2897181369804473,0.7102818630195529,0.5536681965623755,0.4463318034374114
195,97.82608695652173,0.84,0.6,0.2906865731378335,0.7093134268621667,0.5576413392641735,0.4423586607356235
196,98.32775919732441,0.84,0.6,0.291660063616474,0.7083399363835261,0.5615735373537163,0.43842646264609053
197,98.82943143812709,0.84,0.6,0.29263830577990535,0.7073616942200949,0.5654643340641218,0.43453566593569465
198,99.33110367892976,0.84,0.6,0.29362099453447693,0.7063790054655232,0.5693133111961725,0.4306866888036532
199,99.83277591973244,0.84,0.6,0.2946078237684593,0.7053921762315408,0.5731200877125595,0.4268799122872752
200,100.33444816053512,0.84,0.6,0.29559848545800976,0.7044015145419903,0.5768843205235461,0.42311567947629725
201,100.8361204013378,0.84,0.6,0.29659267144554513,0.7034073285544549,0.5806057020364154,0.4193942979634364
202,101.33779264214047,0.84,0.6,0.2975900723421587,0.7024099276578414,0.5842839616847774,0.41571603831508236
203,101.83946488294315,0.84,0.6,0.29859037942025224,0.7014096205797479,0.5879188627209284,0.41208113727893914
204,102.34113712374582,0.84,0.6,0.29959328352392456,0.7004067164760756,0.5915102040748325,0.4084897959250427
205,102.8428093645485,0.84,0.6,0.3005984767387443,0.6994015232612558,0.5950578169405736,0.4049421830593088
206,103.34448160535118,0.84,0.6,0.3016056516175774,0.6983943483824228,0.5985615663908479,0.4014384336090414
207,103.84615384615384,0.84,0.6,0.3026145024181125,0.6973854975818876,0.6020213483799005,0.3979786516199953
208,104.34782608695652,0.84,0.6,0.30362472479597086,0.6963752752040292,0.6054370905198704,0.3945629094800318
209,104.84949832775919,0.84,0.6,0.30463601649193367,0.6953639835080665,0.6088087501066867,0.39119124989322146
210,105.35117056856187,0.84,0.6,0.30564807757681367,0.6943519224231864,0.6121363135214526,0.3878636864784613
211,105.85284280936455,0.84,0.6,0.3066606105250198,0.6933393894749803,0.6154197957748656,0.3845802042250537
212,106.35451505016722,0.84,0.6,0.3076733210134108,0.6923266789865893,0.618659238171341,0.38134076182858345
213,106.8561872909699,0.84,0.6,0.30868591743997426,0.6913140825600259,0.621854709613542,0.3781452903863875
214,107.35785953177258,0.84,0.6,0.3096981121586626,0.6903018878413375,0.6250063025473183,0.37499369745261574
215,107.85953177257525,0.84,0.6,0.31070962066000435,0.6892903793399957,0.6281141356170982,0.3718858643828402
216,108.36120401337793,0.84,0.6,0.3117201628996879,0.6882798371003122,0.6311783487654505,0.36882165123449207
217,108.8628762541806,0.84,0.6,0.312729462494788,0.6872705375052119,0.6341991062222524,0.3658008937776941
218,109.36454849498328,0.84,0.6,0.3137372478755936,0.6862627521244063,0.6371765917221728,0.3628234082777774
219,109.86622073578596,0.84,0.6,0.3147432516975693,0.6852567483024308,0.6401110109785999,0.35988898902135374
220,110.36789297658864,0.84,0.6,0.3157472116632426,0.6842527883367575,0.6430025878085309,0.35699741219142594
221,110.8695652173913,0.84,0.6,0.31674887025946935,0.6832511297405308,0.6458515653902057,0.35414843460975415
222,111.37123745819397,0.84,0.6,0.3177479752917842,0.6822520247082159,0.6486582026677,0.35134179733226273
223,111.87290969899665,0.84,0.6,0.3187442796681495,0.6812557203318507,0.6514227758570073,0.3485772241429582
224,112.37458193979933,0.84,0.6,0.3197375410205221,0.680262458979478,0.6541455807915864,0.34585441920838156
225,112.876254180602,0.84,0.6,0.3207275232029313,0.6792724767970689,0.6568269249138678,0.3431730750861025
226,113.37792642140468,0.84,0.6,0.32171399650316884,0.6782860034968313,0.6594671261738443,0.34053287382612824
227,113.87959866220736,0.84,0.6,0.3226967360421229,0.6773032639578772,0.6620665213572121,0.3379334786427625
228,114.38127090301003,0.84,0.6,0.32367552295426166,0.6763244770457384,0.6646254584928601,0.3353745415071164
229,114.88294314381271,0.84,0.6,0.3246501450332935,0.6753498549667066,0.6671442916278835,0.3328557083720948
230,115.38461538461539,0.84,0.6,0.32562039547027993,0.6743796045297202,0.6696233910393705,0.3303766089606094
231,115.88628762541806,0.84,0.6,0.32658607342023643,0.6734139265797636,0.6720631373638848,0.3279368626360967
232,116.38795986622074,0.84,0.6,0.3275469844269765,0.6724530155730236,0.6744639140868924,0.3255360859130905
233,116.88963210702342,0.84,0.6,0.3285029398574149,0.6714970601425853,0.6768261177404952,0.3231738822594891
234,117.3913043478261,0.84,0.6,0.3294537571390177,0.6705462428609824,0.6791501541599297,0.320849845840056
235,117.89297658862876,0.84,0.6,0.3303992604145901,0.66960073958541,0.6814364303551032,0.31856356964488364
236,118.39464882943143,0.84,0.6,0.33133927986270456,0.6686607201372955,0.6836853628025962,0.3163146371973917
237,118.89632107023411,0.84,0.6,0.33227365178371254,0.6677263482162875,0.6858973760528709,0.31410262394711785
238,119.39799331103679,0.84,0.6,0.3332022187823837,0.6667977812176163,0.6880728949293496,0.31192710507064003
239,119.89966555183946,0.84,0.6,0.3341248296754803,0.6658751703245197,0.690212350128342,0.3097876498716486
240,120.40133779264214,0.84,0.6,0.3350413394721117,0.6649586605278883,0.6923161790880463,0.307683820911945
241,120.90301003344482,0.84,0.6,0.335951609162383,0.664048390837617,0.694384819231616,0.305615180768376
242,121.40468227424749,0.84,0.6,0.33685550582152257,0.6631444941784774,0.6964187104385426,0.30358128956145003
243,121.90635451505017,0.84,0.6,0.3377529027318715,0.6622470972681286,0.698418297939983,0.30158170206001034
244,122.40802675585284,0.84,0.6,0.3386436790530882,0.661356320946912,0.700384027232335,0.2996159727676589
245,122.90969899665552,0.84,0.6,0.33952771969763834,0.6604722803023618,0.7023163424314512,0.2976836575685431
246,123.4113712374582,0.84,0.6,0.3404049158297619,0.6595950841702382,0.7042156928680174,0.2957843071319774
247,123.91304347826087,0.84,0.6,0.3412751642622575,0.6587248357377427,0.7060825271950657,0.29391747280492964
248,124.41471571906355,0.84,0.6,0.34213836713281753,0.6578616328671826,0.7079172917370352,0.2920827082629605
249,124.91638795986621,0.84,0.6,0.34299443259344176,0.6570055674065585,0.7097204346752373,0.2902795653247588
250,125.41806020066889,0.84,0.6,0.34384327444495466,0.6561567255550456,0.7114924034250951,0.2885075965749013
251,125.91973244147157,0.84,0.6,0.34468481200864926,0.6553151879913509,0.7132336442108401,0.28676635578915666
252,126.42140468227424,0.84,0.6,0.3455189698634919,0.6544810301365083,0.7149446030165297,0.2850553969834673
253,126.92307692307692,0.84,0.6,0.34634567799572497,0.6536543220042752,0.7166257227687743,0.283374277231223
254,127.4247491638796,0.84,0.6,0.3471648716557284,0.6528351283442718,0.7182774431943917,0.28172255680560593
255,127.92642140468227,0.84,0.6,0.3479764912098376,0.6520235087901625,0.7199002007424937,0.28009979925750417
256,128.42809364548495,0.84,0.6,0.34878048140465023,0.6512195185953499,0.7214944341143628,0.2785055658856353
257,128.9297658862876,0.84,0.6,0.3495767918211538,0.6504232081788462,0.7230605784486451,0.2769394215513531
258,129.4314381270903,0.84,0.6,0.35036537678688495,0.6496346232131152,0.724599064674098,0.2754009353259004
259,129.93311036789297,0.84,0.6,0.351146195143618,0.648853804856382,0.7261103202861479,0.2738896797138506
260,130.43478260869566,0.84,0.6,0.3519192105405952,0.6480807894594047,0.727594770461876,0.2724052295381226
261,130.93645484949832,0.84,0.6,0.35268439118188716,0.6473156088181128,0.7290528372826542,0.2709471627173444
262,131.438127090301,0.84,0.6,0.35344170946463005,0.64655829053537,0.730484938578484,0.26951506142151493
263,131.93979933110367,0.84,0.6,0.35419114203738267,0.6458088579626173,0.7318914882287538,0.26810851177124506
264,132.44147157190636,0.84,0.6,0.3549326698298916,0.6450673301701084,0.733272896557133,0.266727103442866
265,132.94314381270902,0.84,0.6,0.3556662780713818,0.6443337219286182,0.7346295706688949,0.2653704293311042
266,133.44481605351172,0.84,0.6,0.3563919559480844,0.6436080440519155,0.7359619129782896,0.2640380870217096
267,133.94648829431438,0.84,0.6,0.3571096966261349,0.6428903033738651,0.7372703215689876,0.2627296784310117
268,134.44816053511707,0.84,0.6,0.3578194961212722,0.6421805038787278,0.7385551895672479,0.2614448104327516
269,134.94983277591973,0.84,0.6,0.35852135570414867,0.6414786442958512,0.7398169086545001,0.2601830913454993
270,135.45150501672242,0.84,0.6,0.35921527649961804,0.640784723500382,0.7410558623419027,0.2589441376580968
271,135.95317725752508,0.84,0.6,0.35990126498319525,0.6400987350168047,0.7422724312678247,0.25772756873217484
272,136.45484949832775,0.84,0.6,0.36057933043641566,0.6394206695635842,0.7434669911306647,0.2565330088693349
273,136.95652173913044,0.84,0.6,0.36124948566221665,0.6387505143377833,0.7446399135579949,0.2553600864420048
274,137.4581939799331,0.84,0.6,0.36191174637179674,0.6380882536282032,0.7457915653616327,0.254208434638367
275,137.9598662207358,0.84,0.6,0.3625661311431391,0.6374338688568608,0.7469223085116757,0.2530776914883241
276,138.46153846153845,0.84,0.6,0.36321266141528885,0.636787338584711,0.7480325003642116,0.2519674996357882
277,138.96321070234114,0.84,0.6,0.3638513615846015,0.6361486384153984,0.7491224935643583,0.25087750643564144
278,139.4648829431438,0.84,0.6,0.36448225884139934,0.6355177411586006,0.750192636018059,0.2498073639819408
279,139.9665551839465,0.84,0.6,0.3651053818343296,0.6348946181656703,0.7512432706681732,0.2487567293318266
280,140.46822742474916,0.84,0.6,0.3657207619463068,0.6342792380536931,0.7522747357234114,0.2477252642765884
281,140.96989966555185,0.84,0.6,0.366328433112487,0.633671566887513,0.75328736464189,0.24671263535810992
282,141.4715719063545,0.84,0.6,0.3669284309357186,0.6330715690642814,0.7542814860849117,0.24571851391508814
283,141.9732441471572,0.84,0.6,0.367520793435275,0.632479206564725,0.7552574239367955,0.24474257606320443
284,142.47491638795987,0.84,0.6,0.3681055608409726,0.6318944391590273,0.7562154973165078,0.2437845026834921
285,142.97658862876253,0.84,0.6,0.3686827747513781,0.6313172252486218,0.7571560206567386,0.24284397934326138
286,143.47826086956522,0.84,0.6,0.3692524789563644,0.6307475210436355,0.7580793036170622,0.2419206963829378
287,143.97993311036788,0.84,0.6,0.3698147191776186,0.6301852808223813,0.7589856511207163,0.2410143488792838
288,144.48160535117057,0.84,0.6,0.37036954220471263,0.6296304577952873,0.7598753634972074,0.24012463650279256
289,144.98327759197323,0.84,0.6,0.37091699666283595,0.629083003337164,0.7607487363516325,0.2392512636483675
290,145.48494983277592,0.84,0.6,0.37145713265278246,0.6285428673472175,0.7616060606994214,0.23839393930057862
291,145.9866220735786,0.84,0.6,0.3719900016100244,0.6280099983899756,0.7624476230146993,0.23755237698530077
292,146.48829431438128,0.84,0.6,0.3725156565379993,0.6274843434620007,0.763273705120671,0.23672629487932903
293,146.98996655518394,0.84,0.6,0.373034151370308,0.626965848629692,0.7640845844526024,0.23591541554739764
294,147.49163879598663,0.84,0.6,0.3735455413961776,0.6264544586038223,0.7648805338862824,0.23511946611371765
295,147.9933110367893,0.84,0.6,0.37404988302627984,0.62595011697372,0.7656618218608535,0.23433817813914656
296,148.49498327759198,0.84,0.6,0.3745472334970738,0.6254527665029261,0.7664287125270965,0.23357128747290348
297,148.99665551839465,0.84,0.6,0.3750376512779562,0.6249623487220437,0.7671814655379702,0.23281853446202977
298,149.49832775919734,0.84,0.6,0.3755211955207132,0.6244788044792867,0.7679203363961082,0.23207966360389173
299,150.0,0.84,0.6,0.3759979263138,0.6240020736861999,0.7686455762833188,0.2313544237166812
