,time,sigma,beta,S,I,C,D
0,0.0,0.53,0.84,0.9998,0.0002,0.5,0.5
1,0.5016722408026756,0.53,0.84,0.9997338324654508,0.000266167534549295,0.4791142612171463,0.5208857387828537
2,1.0033444816053512,0.53,0.84,0.9996438908978459,0.00035610910215420476,0.4583029981760872,0.5416970018239128
3,1.5050167224080266,0.53,0.84,0.9995211627308135,0.0004788372691865535,0.4376385114221364,0.5623614885778636
4,2.0066889632107023,0.53,0.84,0.9993530723326554,0.0006469276673445646,0.4171912916694684,0.5828087083305317
5,2.508361204013378,0.53,0.84,0.9991220900263083,0.0008779099736917133,0.3970291402625747,0.6029708597374253
6,3.0100334448160533,0.53,0.84,0.9988037260345216,0.001196273965478329,0.37721640271758167,0.6227835972824183
7,3.511705685618729,0.53,0.84,0.9983637159310331,0.0016362840689669235,0.357813323155185,0.6421866768448149
8,4.013377926421405,0.53,0.84,0.9977541240723801,0.0022458759276198044,0.3388755649253273,0.6611244350746727
9,4.51505016722408,0.53,0.84,0.9969079081400348,0.003092091859965025,0.3204539015883391,0.6795460984116608
10,5.016722408026756,0.53,0.84,0.9957313620494338,0.00426863795056597,0.30259408667935683,0.6974059133206431
11,5.518394648829432,0.53,0.84,0.994093773404813,0.0059062265951867685,0.28533693279785716,0.7146630672021427
12,6.020066889632107,0.53,0.84,0.9918133546330432,0.008186645366956631,0.2687186037931275,0.7312813962068723
13,6.521739130434782,0.53,0.84,0.9886385434599224,0.01136145654007733,0.252771124874252,0.7472288751257479
14,7.023411371237458,0.53,0.84,0.9842237465880458,0.015776253411953958,0.2375231153937054,0.7624768846062945
15,7.525083612040134,0.53,0.84,0.9780993443386945,0.021900655661305373,0.22300073032797743,0.7769992696720225
16,8.02675585284281,0.53,0.84,0.9696371651896416,0.03036283481035821,0.2092287812218684,0.7907712187781316
17,8.528428093645484,0.53,0.84,0.9580160883720702,0.0419839116279296,0.19623195907770755,0.8037680409222924
18,9.03010033444816,0.53,0.84,0.9421984841294785,0.05780151587052143,0.18403601473277956,0.8159639852672205
19,9.531772575250836,0.53,0.84,0.9209379426824967,0.07906205731750314,0.17266863087131532,0.8273313691286847
20,10.033444816053512,0.53,0.84,0.8928504708894787,0.10714952911052122,0.1621595749419224,0.8378404250580777
21,10.535117056856187,0.53,0.84,0.8565904519276727,0.14340954807232728,0.15253955485706433,0.8474604451429357
22,11.036789297658864,0.53,0.84,0.8111623864686737,0.18883761353132625,0.14383715311026826,0.8561628468897319
23,11.538461538461538,0.53,0.84,0.7563513086517689,0.24364869134823108,0.1360734435879945,0.8639265564120056
24,12.040133779264213,0.53,0.84,0.6931571406698408,0.3068428593301593,0.12925463592905567,0.8707453640709444
25,12.54180602006689,0.53,0.84,0.6240145092657493,0.37598549073425086,0.12336428664253338,0.8766357133574666
26,13.043478260869565,0.53,0.84,0.552573591884131,0.4474264081158691,0.11835774536855315,0.8816422546314467
27,13.545150501672241,0.53,0.84,0.4830001800083352,0.516999819991665,0.1141615691594864,0.8858384308405134
28,14.046822742474916,0.53,0.84,0.41904673176698326,0.580953268233017,0.11067903257244789,0.889320967427552
29,14.548494983277592,0.53,0.84,0.3633068574929206,0.6366931425070798,0.10780028189872536,0.8921997181012745
30,15.050167224080267,0.53,0.84,0.3169363982854179,0.6830636017145825,0.10541383837513814,0.8945861616248617
31,15.551839464882944,0.53,0.84,0.27983236479390744,0.720167635206093,0.10341619179838576,0.896583808201614
32,16.05351170568562,0.53,0.84,0.2510563920813088,0.7489436079186916,0.10171773646819632,0.8982822635318034
33,16.555183946488295,0.53,0.84,0.22927503384364228,0.7707249661563582,0.10024501860280732,0.8997549813971923
34,17.05685618729097,0.53,0.84,0.21308906770070873,0.7869109322992918,0.09894027958247492,0.9010597204175248
35,17.558528428093645,0.53,0.84,0.20122449172579177,0.7987755082742087,0.09775949753498026,0.9022405024650194
36,18.06020066889632,0.53,0.84,0.1926138868575755,0.807386113142425,0.0966698854351121,0.9033301145648877
37,18.561872909698998,0.53,0.84,0.18640933166433052,0.81359066833567,0.09564743040175594,0.9043525695982437
38,19.06354515050167,0.53,0.84,0.18196085112069144,0.818039148879309,0.09467475661076231,0.9053252433892373
39,19.565217391304348,0.53,0.84,0.17878220858325275,0.8212177914167477,0.093739397724049,0.9062606022759505
40,20.066889632107024,0.53,0.84,0.17651575400772285,0.8234842459922775,0.09283246234837902,0.9071675376516205
41,20.568561872909697,0.53,0.84,0.17490150651438652,0.8250984934856137,0.09194763348836564,0.9080523665116339
42,21.070234113712374,0.53,0.84,0.1737520389108466,0.8262479610891537,0.09108043355954797,0.9089195664404515
43,21.57190635451505,0.53,0.84,0.17293301838928696,0.8270669816107133,0.09022769189516415,0.9097723081048352
44,22.073578595317727,0.53,0.84,0.17234855934727156,0.8276514406527289,0.0893871628580973,0.910612837141902
45,22.5752508361204,0.53,0.84,0.17193042043471793,0.8280695795652825,0.08855725376589538,0.9114427462341039
46,23.076923076923077,0.53,0.84,0.17163013199138313,0.8283698680086173,0.08773683171327021,0.912263168286729
47,23.578595317725753,0.53,0.84,0.17141332040502014,0.8285866795949804,0.08692508732563044,0.9130749126743688
48,24.080267558528426,0.53,0.84,0.17125563309334216,0.8287443669066585,0.08612143856011899,0.9138785614398801
49,24.581939799331103,0.53,0.84,0.1711398295222791,0.8288601704777216,0.08532546302376713,0.9146745369762318
50,25.08361204013378,0.53,0.84,0.1710537111311362,0.8289462888688645,0.08453685042196243,0.9154631495780364
51,25.585284280936456,0.53,0.84,0.17098864938015151,0.8290113506198492,0.08375536912352245,0.9162446308764763
52,26.08695652173913,0.53,0.84,0.17093854207095907,0.8290614579290417,0.08298084270484737,0.9170191572951514
53,26.588628762541806,0.53,0.84,0.1708990770191744,0.8291009229808264,0.08221313356664418,0.9177868664333544
54,27.090301003344482,0.53,0.84,0.1708672026492291,0.8291327973507716,0.08145213126361782,0.9185478687363807
55,27.59197324414716,0.53,0.84,0.17084076044112018,0.8291592395588805,0.0806977444731326,0.9193022555268658
56,28.093645484949832,0.53,0.84,0.17081822698028812,0.8291817730197125,0.07994989541093551,0.9200501045890629
57,28.59531772575251,0.53,0.84,0.17079852452780478,0.8292014754721958,0.07920851577390842,0.9207914842260899
58,29.096989966555185,0.53,0.84,0.1707808886059545,0.829219111394046,0.07847354392098504,0.9215264560790132
59,29.598662207357858,0.53,0.84,0.17076477803318227,0.8292352219668183,0.07774492297350771,0.9222550770264905
60,30.100334448160535,0.53,0.84,0.1707498131526256,0.829250186847375,0.07702259953023517,0.9229774004697627
61,30.60200668896321,0.53,0.84,0.17073572125479738,0.8292642787452031,0.07630652253736805,0.9236934774626298
62,31.103678929765888,0.53,0.84,0.17072230837276334,0.8292776916272372,0.07559664270787544,0.9244033572921223
63,31.60535117056856,0.53,0.84,0.170709436918673,0.8292905630813275,0.07489291206421952,0.925107087935778
64,32.10702341137124,0.53,0.84,0.1706970113028627,0.8293029886971379,0.07419528365213368,0.9258047163478638
65,32.608695652173914,0.53,0.84,0.17068495954160876,0.8293150404583919,0.07350371117589843,0.926496288824099
66,33.11036789297659,0.53,0.84,0.17067323024455025,0.8293267697554505,0.07281814893766433,0.9271818510623329
67,33.61204013377927,0.53,0.84,0.17066178684272582,0.8293382131572749,0.07213855172348033,0.9278614482765167
68,34.11371237458194,0.53,0.84,0.1706506031018574,0.8293493968981432,0.07146487471697649,0.9285351252830204
69,34.61538461538461,0.53,0.84,0.170639658837318,0.8293603411626826,0.07079707342998234,0.9292029265700145
70,35.11705685618729,0.53,0.84,0.1706289388583495,0.8293710611416512,0.07013510366981818,0.9298648963301784
71,35.618729096989966,0.53,0.84,0.17061843128193327,0.8293815687180673,0.06947892149770063,0.9305210785022957
72,36.12040133779264,0.53,0.84,0.17060812647236331,0.8293918735276373,0.06882848320828008,0.9311715167917161
73,36.62207357859532,0.53,0.84,0.17059801767710583,0.8294019823228947,0.06818374540660134,0.9318162545933946
74,37.123745819397996,0.53,0.84,0.17058809887355786,0.8294119011264427,0.0675446648592199,0.9324553351407758
75,37.625418060200666,0.53,0.84,0.17057836501679416,0.8294216349832064,0.06691119860612657,0.9330888013938688
76,38.12709030100334,0.53,0.84,0.17056881140391472,0.8294311885960859,0.06628330390783413,0.933716696092161
77,38.62876254180602,0.53,0.84,0.17055943370902216,0.8294405662909785,0.06566093819267597,0.934339061807319
78,39.130434782608695,0.53,0.84,0.17055022823421484,0.8294497717657858,0.0650440591750611,0.9349559408249334
79,39.63210702341137,0.53,0.84,0.1705411914868399,0.8294588085131608,0.06443262475811824,0.9355673752418759
80,40.13377926421405,0.53,0.84,0.1705323201998326,0.829467679800168,0.06382659304075992,0.936173406959234
81,40.635451505016725,0.53,0.84,0.17052361125287144,0.8294763887471291,0.06322592239645887,0.9367740776035347
82,41.137123745819395,0.53,0.84,0.17051506160744587,0.8294849383925547,0.06263057136180578,0.9373694286381874
83,41.63879598662207,0.53,0.84,0.1705066683458159,0.8294933316541846,0.06204049871180254,0.9379595012881903
84,42.14046822742475,0.53,0.84,0.1704984286518403,0.8295015713481603,0.061455663469833485,0.9385443365301589
85,42.642140468227424,0.53,0.84,0.17049033976127875,0.8295096602387219,0.06087602481419066,0.9391239751858013
86,43.1438127090301,0.53,0.84,0.17048239899178658,0.829517601008214,0.060301542201913125,0.9396984577980783
87,43.64548494983278,0.53,0.84,0.17047460370839618,0.8295253962916044,0.059732175297807465,0.9402678247021834
88,44.147157190635454,0.53,0.84,0.1704669513232557,0.8295330486767448,0.05916788397999299,0.9408321160199974
89,44.64882943143812,0.53,0.84,0.17045943931697624,0.8295405606830243,0.05860862849378009,0.9413913715062097
90,45.1505016722408,0.53,0.84,0.17045206513782152,0.829547934862179,0.05805436891825782,0.9419456310817313
91,45.65217391304348,0.53,0.84,0.17044482635467526,0.8295551736453253,0.05750506583769955,0.9424949341622889
92,46.15384615384615,0.53,0.84,0.17043772061139878,0.8295622793886017,0.05696068015306438,0.9430393198469234
93,46.65551839464883,0.53,0.84,0.17043074550723597,0.8295692544927645,0.05642117258724418,0.9435788274127429
94,47.15719063545151,0.53,0.84,0.17042389879598477,0.8295761012040158,0.05588650460937878,0.9441134953906075
95,47.65886287625418,0.53,0.84,0.17041717820041888,0.8295828217995816,0.05535663753881057,0.9446433624611749
96,48.16053511705685,0.53,0.84,0.17041058146598895,0.8295894185340116,0.05483153291822643,0.9451684670817581
97,48.66220735785953,0.53,0.84,0.17040410641693451,0.8295958935830661,0.05431115287749657,0.9456888471224869
98,49.163879598662206,0.53,0.84,0.1703977508377621,0.8296022491622385,0.05379545926545262,0.9462045407345299
99,49.66555183946488,0.53,0.84,0.17039151260216906,0.8296084873978316,0.05328441501032605,0.9467155849896554
100,50.16722408026756,0.53,0.84,0.17038538956840452,0.829614610431596,0.05277798285439346,0.9472220171455868
101,50.668896321070235,0.53,0.84,0.170379379564109,0.8296206204358916,0.05227612517148235,0.9477238748284966
102,51.17056856187291,0.53,0.84,0.17037348041692296,0.8296265195830776,0.051778804335420196,0.9482211956645575
103,51.67224080267559,0.53,0.84,0.17036768998275273,0.8296323100172478,0.05128598289059826,0.948714017109378
104,52.17391304347826,0.53,0.84,0.17036200648361888,0.8296379935163817,0.05079762559064281,0.9492023744093319
105,52.675585284280935,0.53,0.84,0.17035642801571563,0.829643571984285,0.05031369642990899,0.9496863035700641
106,53.17725752508361,0.53,0.84,0.17035095258901004,0.8296490474109905,0.049834158882433456,0.950165841117538
107,53.67892976588629,0.53,0.84,0.1703455782134692,0.8296544217865314,0.04935897642225287,0.9506410235777167
108,54.180602006688964,0.53,0.84,0.17034030334103378,0.8296596966589669,0.04888811269700372,0.9511118873029639
109,54.68227424749164,0.53,0.84,0.17033513079787865,0.8296648692021219,0.048421533137380915,0.9515784668625847
110,55.18394648829432,0.53,0.84,0.17033005679057514,0.8296699432094256,0.04795920286949539,0.9520407971304681
111,55.68561872909699,0.53,0.84,0.17032507556493645,0.8296749244350642,0.047501086740920344,0.9524989132590408
112,56.187290969899664,0.53,0.84,0.17032018585787026,0.8296798141421303,0.047047149981252166,0.9529528500187064
113,56.68896321070234,0.53,0.84,0.17031538708291463,0.829684612917086,0.04659735806040633,0.9534026419395497
114,57.19063545150502,0.53,0.84,0.17031067764553007,0.8296893223544706,0.0461516766655546,0.9538483233343985
115,57.69230769230769,0.53,0.84,0.17030605589627185,0.8296939441037288,0.04571007165745689,0.9542899283424933
116,58.19397993311037,0.53,0.84,0.17030152012438995,0.8296984798756107,0.0452725091473492,0.9547274908525977
117,58.69565217391305,0.53,0.84,0.17029706886860466,0.829702931131396,0.04483895549761179,0.9551610445023316
118,59.197324414715716,0.53,0.84,0.1702927006888812,0.8297072993111195,0.04440937722848693,0.9555906227714529
119,59.69899665551839,0.53,0.84,0.17028841413641377,0.8297115858635871,0.04398374113474075,0.9560162588651953
120,60.20066889632107,0.53,0.84,0.17028420773373842,0.8297157922662624,0.04356201422340879,0.9564379857765231
121,60.702341137123746,0.53,0.84,0.1702800800073187,0.829719919992682,0.04314416367569963,0.9568558363242278
122,61.20401337792642,0.53,0.84,0.17027602953351142,0.8297239704664893,0.04273015695449082,0.9572698430454318
123,61.7056856187291,0.53,0.84,0.17027205491535324,0.8297279450846475,0.04231996170723448,0.9576800382926831
124,62.207357859531776,0.53,0.84,0.17026815478275142,0.8297318452172493,0.0419135457931505,0.9580864542067618
125,62.709030100334445,0.53,0.84,0.17026432778201386,0.8297356722179868,0.041510877303065706,0.9584891226968407
126,63.21070234113712,0.53,0.84,0.17026057257042326,0.8297394274295775,0.04111192461903909,0.9588880753808612
127,63.7123745819398,0.53,0.84,0.17025688781382967,0.8297431121861711,0.04071665632593838,0.9592833436739553
128,64.21404682274247,0.53,0.84,0.17025327219202982,0.829746727807971,0.04032504105783914,0.9596749589420475
129,64.71571906354515,0.53,0.84,0.17024972440447525,0.8297502755955256,0.03993704769453717,0.9600629523053419
130,65.21739130434783,0.53,0.84,0.17024624317027354,0.8297537568297273,0.03955264536160113,0.9604473546382699
131,65.7190635451505,0.53,0.84,0.17024282722818848,0.8297571727718123,0.03917180343037258,0.9608281965694899
132,66.22073578595318,0.53,0.84,0.17023947533839903,0.8297605246616017,0.038794491517913754,0.9612055084819396
133,66.72240802675586,0.53,0.84,0.17023618670486407,0.8297638132951366,0.03842067947446588,0.9615793205253778
134,67.22408026755853,0.53,0.84,0.17023296110616987,0.8297670388938309,0.0380503373725265,0.9619496626273069
135,67.72575250836121,0.53,0.84,0.17022979696404122,0.8297702030359595,0.0376834354428295,0.9623165645569928
136,68.22742474916387,0.53,0.84,0.1702266920590751,0.8297733079409255,0.03731994409741953,0.9626800559023909
137,68.72909698996655,0.53,0.84,0.170223645223175,0.8297763547768257,0.0369598339941829,0.9630401660056148
138,69.23076923076923,0.53,0.84,0.17022065550918594,0.8297793444908147,0.036603075999903034,0.9633969239998812
139,69.7324414715719,0.53,0.84,0.17021772253276932,0.8297822774672313,0.036249641145215096,0.9637503588545548
140,70.23411371237458,0.53,0.84,0.1702148452150699,0.8297851547849308,0.03589950085194472,0.9641004991478097
141,70.73578595317726,0.53,0.84,0.17021202234249821,0.8297879776575023,0.03555262647104925,0.9644473735286888
142,71.23745819397993,0.53,0.84,0.17020925268685036,0.8297907473131502,0.035208989759032125,0.9647910102406884
143,71.73913043478261,0.53,0.84,0.17020653521645,0.8297934647835505,0.03486856259233143,0.9651314374073702
144,72.24080267558529,0.53,0.84,0.17020386921979636,0.8297961307802043,0.03453131707781655,0.9654686829218649
145,72.74247491638796,0.53,0.84,0.17020125378273854,0.8297987462172621,0.03419722554153892,0.9658027744581211
146,73.24414715719064,0.53,0.84,0.17019868795335238,0.8298013120466482,0.03386626046352918,0.9661337395361079
147,73.74581939799332,0.53,0.84,0.17019617074870563,0.829803829251295,0.03353839458424356,0.9664616054153691
148,74.24749163879599,0.53,0.84,0.17019370125789735,0.8298062987421033,0.033213600822319486,0.9667863991772669
149,74.74916387959867,0.53,0.84,0.17019127861004993,0.8298087213899507,0.03289185227268054,0.9671081477268778
150,75.25083612040133,0.53,0.84,0.17018890195431477,0.8298110980456859,0.03257312228443882,0.9674268777150895
151,75.75250836120401,0.53,0.84,0.1701865704402953,0.8298134295597053,0.03225738435867258,0.9677426156408238
152,76.25418060200668,0.53,0.84,0.17018428322240853,0.8298157167775921,0.03194461220708606,0.9680553877923761
153,76.75585284280936,0.53,0.84,0.17018203947696378,0.8298179605230369,0.03163477976985352,0.9683652202295719
154,77.25752508361204,0.53,0.84,0.17017983839410902,0.8298201616058916,0.031327861414004864,0.9686721385853815
155,77.75919732441471,0.53,0.84,0.1701776791760727,0.8298223208239279,0.031023831942294224,0.9689761680570501
156,78.26086956521739,0.53,0.84,0.1701755610093422,0.8298244389906584,0.03072266564781509,0.9692773343514843
157,78.76254180602007,0.53,0.84,0.17017348308015431,0.8298265169198463,0.030424336815545593,0.9695756631837058
158,79.26421404682274,0.53,0.84,0.17017144457474584,0.8298285554252548,0.030128819730463878,0.9698711802687362
159,79.76588628762542,0.53,0.84,0.1701694446916852,0.8298305553083154,0.029836088901376605,0.9701639110977687
160,80.2675585284281,0.53,0.84,0.17016748275260962,0.8298325172473909,0.029546121070878027,0.9704538789282084
161,80.76923076923077,0.53,0.84,0.17016555802498082,0.8298344419750198,0.029258891998237946,0.9707411080007856
162,81.27090301003345,0.53,0.84,0.17016366975044295,0.8298363302495576,0.02897437697411883,0.9710256230248374
163,81.77257525083613,0.53,0.84,0.17016181717064022,0.8298381828293604,0.028692551289183146,0.971307448709701
164,82.27424749163879,0.53,0.84,0.17015999952721678,0.8298400004727838,0.02841339023409337,0.9715866097647139
165,82.77591973244147,0.53,0.84,0.17015821621551655,0.8298417837844841,0.028136870420192726,0.9718631295785322
166,83.27759197324414,0.53,0.84,0.17015646676130966,0.829843533238691,0.027862969579524773,0.9721370304191119
167,83.77926421404682,0.53,0.84,0.17015475052744056,0.8298452494725601,0.027591664044177573,0.9724083359543646
168,84.2809364548495,0.53,0.84,0.17015306687563353,0.8298469331243671,0.02732293013661415,0.9726770698618269
169,84.78260869565217,0.53,0.84,0.17015141516761284,0.8298485848323878,0.02705674417929753,0.9729432558190353
170,85.28428093645485,0.53,0.84,0.1701497952051634,0.8298502047948372,0.0267930826511159,0.9732069173471013
171,85.78595317725753,0.53,0.84,0.17014821160760976,0.8298517883923908,0.026531923749404832,0.9734680762486886
172,86.2876254180602,0.53,0.84,0.17014666280391152,0.829853337196089,0.026273245450240873,0.97372675454772
173,86.78929765886288,0.53,0.84,0.17014514142959966,0.8298548585704009,0.026017025220586566,0.9739829747772325
174,87.29096989966555,0.53,0.84,0.17014364689345093,0.8298563531065497,0.025763240921444264,0.9742367590762229
175,87.79264214046823,0.53,0.84,0.17014218000688275,0.8298578199931179,0.025511870595723244,0.9744881294017813
176,88.29431438127091,0.53,0.84,0.1701407413088775,0.8298592586911232,0.025262892455443043,0.9747371075418874
177,88.79598662207358,0.53,0.84,0.17013933010054733,0.8298606698994533,0.025016284868879406,0.9749837151282645
178,89.29765886287625,0.53,0.84,0.17013794569270757,0.8298620543072931,0.02477202640762333,0.975227973589321
179,89.79933110367892,0.53,0.84,0.17013658747578234,0.8298634125242182,0.0245300957700432,0.9754699042266874
180,90.3010033444816,0.53,0.84,0.17013525516526296,0.8298647448347377,0.024290471873577715,0.9757095281229239
181,90.80267558528428,0.53,0.84,0.17013394838225382,0.8298660516177468,0.024053133795562273,0.9759468662006942
182,91.30434782608695,0.53,0.84,0.17013266671331265,0.8298673332866879,0.023818060751459067,0.9761819392445348
183,91.80602006688963,0.53,0.84,0.17013140965033702,0.8298685903496635,0.023585232173552018,0.9764147678221605
184,92.3076923076923,0.53,0.84,0.1701301767196035,0.829869823280397,0.0233546276311875,0.9766453723642239
185,92.80936454849498,0.53,0.84,0.17012896746948825,0.8298710325305123,0.02312622685529696,0.9768737731397916
186,93.31103678929766,0.53,0.84,0.1701277814728861,0.8298722185271145,0.0229000097794492,0.9770999902152938
187,93.81270903010034,0.53,0.84,0.17012661830295017,0.8298733816970504,0.022675956578198278,0.9773240434161743
188,94.31438127090301,0.53,0.84,0.17012547753176185,0.8298745224682387,0.02245404763112776,0.9775459523628479
189,94.81605351170569,0.53,0.84,0.1701243587303349,0.8298756412696656,0.022234263109109628,0.9777657368844407
190,95.31772575250837,0.53,0.84,0.17012326147174267,0.8298767385282579,0.02201658325353217,0.9779834167395626
191,95.81939799331104,0.53,0.84,0.17012218535541904,0.8298778146445815,0.021800989215398425,0.9781990107772082
192,96.3210702341137,0.53,0.84,0.17012112997443823,0.8298788700255624,0.021587461926257625,0.9784125380658257
193,96.82274247491638,0.53,0.84,0.17012009491647637,0.8298799050835243,0.021375982131392128,0.9786240178601306
194,97.32441471571906,0.53,0.84,0.1701190797904969,0.8298809202095037,0.0211665309240738,0.9788334690668485
195,97.82608695652173,0.53,0.84,0.17011808425055622,0.8298819157494444,0.020959090134719905,0.9790409098555586
196,98.32775919732441,0.53,0.84,0.1701171079206358,0.8298828920793648,0.020753641102106136,0.9792463588874822
197,98.82943143812709,0.53,0.84,0.17011615047226056,0.8298838495277401,0.020550166020495034,0.9794498339683528
198,99.33110367892976,0.53,0.84,0.17011521144016656,0.829884788559834,0.02034864462987318,0.9796513553581832
199,99.83277591973244,0.53,0.84,0.17011429060317004,0.8298857093968306,0.02014906104953279,0.9798509389376742
200,100.33444816053512,0.53,0.84,0.17011338759825056,0.8298866124017501,0.019951396853920736,0.9800486031323755
201,100.8361204013378,0.53,0.84,0.17011250207160536,0.8298874979283953,0.019755633978481017,0.9802443660068393
202,101.33779264214047,0.53,0.84,0.17011163368032683,0.8298883663196739,0.01956175530368824,0.9804382446805845
203,101.83946488294315,0.53,0.84,0.170110782088539,0.8298892179114618,0.019369743309873205,0.9806302566732749
204,102.34113712374582,0.53,0.84,0.170109946968842,0.8298900530311587,0.019179580580192618,0.9808204194017487
205,102.8428093645485,0.53,0.84,0.17010912800255312,0.8298908719974476,0.01899124988452751,0.9810087500961193
206,103.34448160535118,0.53,0.84,0.1701083248797069,0.8298916751202938,0.018804734179483227,0.9811952657997756
207,103.84615384615384,0.53,0.84,0.17010753729905492,0.8298924627009457,0.01862001660838946,0.9813799833693814
208,104.34782608695652,0.53,0.84,0.170106764968066,0.8298932350319347,0.0184370805013002,0.9815629194748763
209,104.84949832775919,0.53,0.84,0.17010600760292613,0.8298939923970746,0.018255909374993773,0.9817440905994752
210,105.35117056856187,0.53,0.84,0.17010526492853836,0.8298947350714623,0.018076486932972834,0.9819235130396684
211,105.85284280936455,0.53,0.84,0.17010453668383624,0.8298954633161644,0.017898796968404858,0.9821012030022797
212,106.35451505016722,0.53,0.84,0.1701038226467158,0.8298961773532848,0.017722822908672494,0.9822771770599119
213,106.8561872909699,0.53,0.84,0.17010312258558447,0.8298968774144162,0.017548548700458237,0.9824514512658712
214,107.35785953177258,0.53,0.84,0.1701024362741973,0.8298975637258034,0.01737595853872016,0.9826240414251883
215,107.85953177257525,0.53,0.84,0.1701017634961824,0.8298982365038182,0.01720503678402763,0.9827949631772823
216,108.36120401337793,0.53,0.84,0.17010110404504072,0.8298988959549599,0.017035767962561333,0.9829642319959602
217,108.8628762541806,0.53,0.84,0.17010045772414617,0.8298995422758544,0.016868136766113245,0.9831318631894174
218,109.36454849498328,0.53,0.84,0.17009982434674562,0.829900175653255,0.016702128052086648,0.9832978719002372
219,109.86622073578596,0.53,0.84,0.17009920373595874,0.8299007962640419,0.016537726843496133,0.9834622731053915
220,110.36789297658864,0.53,0.84,0.1700985957247783,0.8299014042752223,0.016374918328967588,0.9836250816162398
221,110.8695652173913,0.53,0.84,0.1700980000459804,0.8299019999540201,0.016213687813159808,0.9837863121281077
222,111.37123745819397,0.53,0.84,0.17009741510076806,0.8299025848992325,0.0160540201622273,0.9839459797748159
223,111.87290969899665,0.53,0.84,0.17009683885249546,0.8299031611475052,0.015895900206305966,0.9841040997261997
224,112.37458193979933,0.53,0.84,0.1700962704706068,0.8299037295293937,0.01573931313274547,0.9842606867948834
225,112.876254180602,0.53,0.84,0.17009571194953957,0.8299042880504609,0.01558424482350625,0.9844157550988882
226,113.37792642140468,0.53,0.84,0.1700951650014787,0.8299048349985217,0.015430681154209978,0.9845693187625711
227,113.87959866220736,0.53,0.84,0.17009463032474256,0.8299053696752579,0.015278607941632286,0.9847213919691276
228,114.38127090301003,0.53,0.84,0.17009410873430078,0.8299058912656997,0.015128011126954872,0.9848719887773447
229,114.88294314381271,0.53,0.84,0.17009360025873843,0.829906399741262,0.014978876808155572,0.9850211230892124
230,115.38461538461539,0.53,0.84,0.17009310221972004,0.8299068977802804,0.014831191196524974,0.9851688086934053
231,115.88628762541806,0.53,0.84,0.1700926116253092,0.8299073883746914,0.014684940507394377,0.9853150593745574
232,116.38795986622074,0.53,0.84,0.17009212897135453,0.829907871028646,0.014540111549327956,0.9854598883240572
233,116.88963210702342,0.53,0.84,0.17009165344820817,0.8299083465517924,0.014396690580879497,0.985603309283315
234,117.3913043478261,0.53,0.84,0.17009118614159316,0.8299088138584074,0.014254664405866401,0.9857453354484655
235,117.89297658862876,0.53,0.84,0.17009073052823018,0.8299092694717704,0.014114019862909773,0.9858859799808378
236,118.39464882943143,0.53,0.84,0.17009028576202104,0.8299097142379795,0.013974743893558109,0.9860252559388303
237,118.89632107023411,0.53,0.84,0.17008984964631566,0.8299101503536849,0.013836823522613902,0.9861631762975838
238,119.39799331103679,0.53,0.84,0.17008942155903128,0.8299105784409693,0.013700238966168864,0.9862997608409076
239,119.89966555183946,0.53,0.84,0.17008900088531909,0.8299109991146815,0.013564998156935175,0.9864350016361344
240,120.40133779264214,0.53,0.84,0.1700885887071788,0.8299114112928219,0.013431067265696373,0.9865689325122957
241,120.90301003344482,0.53,0.84,0.17008818474427648,0.8299118152557241,0.013298438719818007,0.9867015610419736
242,121.40468227424749,0.53,0.84,0.17008778877895867,0.829912211221042,0.013167103706584814,0.9868328960378221
243,121.90635451505017,0.53,0.84,0.170087400595988,0.8299125994040126,0.0130370550834105,0.986962944642383
244,122.40802675585284,0.53,0.84,0.17008701979834073,0.8299129802016599,0.012908261981503692,0.9870917377242027
245,122.90969899665552,0.53,0.84,0.17008664651779049,0.8299133534822102,0.012780734148630495,0.987219265535585
246,123.4113712374582,0.53,0.84,0.17008628058159014,0.8299137194184105,0.012654455210007581,0.9873455444511439
247,123.91304347826087,0.53,0.84,0.1700859218261125,0.8299140781738882,0.012529411009243985,0.9874705886271387
248,124.41471571906355,0.53,0.84,0.17008557008927713,0.8299144299107235,0.012405587766223393,0.9875944118435608
249,124.91638795986621,0.53,0.84,0.17008522520900365,0.829914774790997,0.012282971700829495,0.9877170278804018
250,125.41806020066889,0.53,0.84,0.17008488702380428,0.8299151129761965,0.012161549118477267,0.9878384504321207
251,125.91973244147157,0.53,0.84,0.17008455540239628,0.8299154445976045,0.012041310684014934,0.9879586888336815
252,126.42140468227424,0.53,0.84,0.1700842302132154,0.8299157697867853,0.011922247021648546,0.9880777524606914
253,126.92307692307692,0.53,0.84,0.17008391131242087,0.8299160886875798,0.011804346983757225,0.988195652460609
254,127.4247491638796,0.53,0.84,0.17008359855617206,0.8299164014438286,0.011687599422720093,0.9883123999808934
255,127.92642140468227,0.53,0.84,0.17008329182443777,0.8299167081755628,0.011571993333190398,0.9884280060266919
256,128.42809364548495,0.53,0.84,0.17008299105665248,0.8299170089433482,0.011457518065158821,0.9885424812477216
257,128.9297658862876,0.53,0.84,0.17008269614960272,0.829917303850398,0.011344162713773271,0.9886558365486092
258,129.4314381270903,0.53,0.84,0.17008240699690513,0.8299175930030955,0.011231916355239194,0.9887680828529285
259,129.93311036789297,0.53,0.84,0.1700821234943664,0.8299178765056342,0.011120768101653451,0.9888792310483554
260,130.43478260869566,0.53,0.84,0.1700818455852465,0.8299181544147541,0.011010707842747453,0.9889892912447801
261,130.93645484949832,0.53,0.84,0.17008157320362596,0.8299184267963746,0.010901725317827843,0.989098273702547
262,131.438127090301,0.53,0.84,0.17008130626954565,0.829918693730455,0.010793810036125503,0.9892061889121209
263,131.93979933110367,0.53,0.84,0.17008104470304639,0.8299189552969543,0.01068695150687134,0.9893130473639663
264,132.44147157190636,0.53,0.84,0.17008078840674754,0.829919211593253,0.010581139590480959,0.9894188591972676
265,132.94314381270902,0.53,0.84,0.17008053725529254,0.8299194627447081,0.010476364711312967,0.9895236339871119
266,133.44481605351172,0.53,0.84,0.17008029114706838,0.8299197088529322,0.010372616815099857,0.9896273817873433
267,133.94648829431438,0.53,0.84,0.17008004998121892,0.8299199500187817,0.010269885832317246,0.9897301126670669
268,134.44816053511707,0.53,0.84,0.1700798136495399,0.8299201863504607,0.010168161751937596,0.989831836636868
269,134.94983277591973,0.53,0.84,0.17007958195483494,0.8299204180451657,0.010067435271384323,0.9899325629986073
270,135.45150501672242,0.53,0.84,0.17007935472563904,0.8299206452743616,0.00996769688323806,0.9900323012590672
271,135.95317725752508,0.53,0.84,0.17007913180895676,0.8299208681910438,0.009868936933045995,0.9901310610721205
272,136.45484949832775,0.53,0.84,0.17007891306024214,0.8299210869397585,0.009771145827378251,0.9902288520305834
273,136.95652173913044,0.53,0.84,0.17007869841540493,0.8299213015845958,0.009674314553867223,0.9903256831458891
274,137.4581939799331,0.53,0.84,0.17007848778247253,0.8299215122175282,0.009578433898774597,0.9904215636309525
275,137.9598662207358,0.53,0.84,0.17007828105516773,0.8299217189448329,0.009483494545053156,0.9905165028020545
276,138.46153846153845,0.53,0.84,0.17007807814968232,0.8299219218503184,0.009389487251674931,0.9906105098993998
277,138.96321070234114,0.53,0.84,0.17007787915351166,0.8299221208464891,0.009296403357185427,0.9907035935831836
278,139.4648829431438,0.53,0.84,0.1700776840857157,0.829922315914285,0.009204233968591621,0.9907957627453136
279,139.9665551839465,0.53,0.84,0.17007749293939456,0.8299225070606062,0.009112970105070613,0.9908870263655936
280,140.46822742474916,0.53,0.84,0.1700773057054947,0.8299226942945062,0.009022602875687041,0.9909773933338468
281,140.96989966555185,0.53,0.84,0.17007712236164396,0.8299228776383568,0.008933123945355037,0.9910668719834699
282,141.4715719063545,0.53,0.84,0.1700769428914523,0.8299230571085485,0.008844524729328195,0.9911554708977794
283,141.9732441471572,0.53,0.84,0.1700767672802375,0.8299232327197633,0.008756796571581548,0.9912431987314444
284,142.47491638795987,0.53,0.84,0.1700765954601959,0.8299234045398048,0.008669930897814117,0.9913300640572958
285,142.97658862876253,0.53,0.84,0.1700764270678491,0.8299235729321517,0.0085839195886017,0.9914160749926549
286,143.47826086956522,0.53,0.84,0.17007626183559907,0.8299237381644017,0.008498754377014075,0.9915012398025542
287,143.97993311036788,0.53,0.84,0.17007609960069686,0.8299239003993039,0.008414427063263652,0.9915855666847307
288,144.48160535117057,0.53,0.84,0.17007594031937043,0.8299240596806303,0.008330929612220657,0.991669063671944
289,144.98327759197323,0.53,0.84,0.17007578388165323,0.8299242161183475,0.008248253895925503,0.9917517388899616
290,145.48494983277592,0.53,0.84,0.1700756303793736,0.8299243696206272,0.008166392015004326,0.9918336002354365
291,145.9866220735786,0.53,0.84,0.170075479936713,0.8299245200632878,0.008085336106781535,0.991914655568239
292,146.48829431438128,0.53,0.84,0.17007533255896504,0.8299246674410357,0.008005065280362602,0.9919949257711078
293,146.98996655518394,0.53,0.84,0.17007518829084775,0.8299248117091529,0.00792560888352191,0.9920743815081159
294,147.49163879598663,0.53,0.84,0.1700750469962792,0.8299249530037215,0.007846926249542776,0.9921530634290088
295,147.9933110367893,0.53,0.84,0.1700749085479729,0.8299250914520278,0.007769015268280352,0.9922309736425321
296,148.49498327759198,0.53,0.84,0.1700747727163254,0.8299252272836753,0.0076918719121762584,0.99230811617359
297,148.99665551839465,0.53,0.84,0.1700746394804757,0.829925360519525,0.007615488083783032,0.9923844991148452
298,149.49832775919734,0.53,0.84,0.17007450883194392,0.8299254911680568,0.0075398596211645645,0.9924601266257609
299,150.0,0.53,0.84,0.17007438073804632,0.8299256192619544,0.007464972674017633,0.992535012547262
