,time,sigma,beta,S,I,C,D
0,0.0,0.47000000000000003,0.47000000000000003,0.9998,0.0002,0.5,0.5
1,0.5016722408026756,0.47000000000000003,0.47000000000000003,0.9997726096532027,0.0002273903467972287,0.4791133648318889,0.5208866351681111
2,1.0033444816053512,0.47000000000000003,0.47000000000000003,0.9997406987406446,0.0002593012593554004,0.4583000511545193,0.5416999488454808
3,1.5050167224080266,0.47000000000000003,0.47000000000000003,0.9997034727432028,0.0002965272567973015,0.43763191897338183,0.5623680810266182
4,2.0066889632107023,0.47000000000000003,0.47000000000000003,0.9996599942711878,0.00034000572881229106,0.4171788134925848,0.5828211865074152
5,2.508361204013378,0.47000000000000003,0.47000000000000003,0.9996091585128695,0.0003908414871306525,0.39700766946786126,0.602992330532139
6,3.0100334448160533,0.47000000000000003,0.47000000000000003,0.9995496623382232,0.00045033766177693125,0.37718166035148215,0.622818339648518
7,3.511705685618729,0.47000000000000003,0.47000000000000003,0.9994799713196028,0.0005200286803972492,0.35775950242225735,0.6422404975777428
8,4.013377926421405,0.47000000000000003,0.47000000000000003,0.9993982742791767,0.0006017257208232962,0.3387947411712433,0.6612052588287568
9,4.51505016722408,0.47000000000000003,0.47000000000000003,0.9993024389402023,0.0006975610597976752,0.3203353840612947,0.6796646159387054
10,5.016722408026756,0.47000000000000003,0.47000000000000003,0.999189953433801,0.0008100465661989277,0.3024234987322944,0.6975765012677058
11,5.518394648829432,0.47000000000000003,0.47000000000000003,0.9990578594446963,0.0009421405553037439,0.2850950132593283,0.7149049867406718
12,6.020066889632107,0.47000000000000003,0.47000000000000003,0.998902673949249,0.0010973260507510629,0.2683796455001365,0.7316203544998636
13,6.521739130434782,0.47000000000000003,0.47000000000000003,0.9987202967259732,0.001279703274026883,0.2523009579104195,0.7476990420895806
14,7.023411371237458,0.47000000000000003,0.47000000000000003,0.9985059105472843,0.001494089452715789,0.2368764546370939,0.7631235453629062
15,7.525083612040134,0.47000000000000003,0.47000000000000003,0.9982538429053386,0.0017461570946615467,0.22211796131687297,0.777882038683127
16,8.02675585284281,0.47000000000000003,0.47000000000000003,0.9979574277770995,0.002042572222900698,0.20803189627619842,0.7919681037238016
17,8.528428093645484,0.47000000000000003,0.47000000000000003,0.9976088358307332,0.002391164169266873,0.19461958698039733,0.8053804130196026
18,9.03010033444816,0.47000000000000003,0.47000000000000003,0.9971988752794952,0.0028011247205048683,0.18187784864587492,0.8181221513541251
19,9.531772575250836,0.47000000000000003,0.47000000000000003,0.9967167610153214,0.003283238984678703,0.1697993739808081,0.8302006260191919
20,10.033444816053512,0.47000000000000003,0.47000000000000003,0.9961498497783711,0.0038501502216289714,0.1583732381153923,0.8416267618846076
21,10.535117056856187,0.47000000000000003,0.47000000000000003,0.9954833350498123,0.004516664950187671,0.1475853941332972,0.8524146058667027
22,11.036789297658864,0.47000000000000003,0.47000000000000003,0.9946998952511028,0.005300104748897183,0.13741914525699883,0.8625808547430011
23,11.538461538461538,0.47000000000000003,0.47000000000000003,0.9937792931342159,0.00622070686578412,0.12785560568137005,0.8721443943186299
24,12.040133779264213,0.47000000000000003,0.47000000000000003,0.9926979220814702,0.007302077918529736,0.11887413660584661,0.8811258633941533
25,12.54180602006689,0.47000000000000003,0.47000000000000003,0.9914282948879964,0.008571705112003511,0.11045274924800988,0.88954725075199
26,13.043478260869565,0.47000000000000003,0.47000000000000003,0.9899384768095497,0.010061523190450242,0.10256847798145645,0.8974315220185435
27,13.545150501672241,0.47000000000000003,0.47000000000000003,0.9881914576764668,0.011808542323533195,0.09519770866477267,0.9048022913352273
28,14.046822742474916,0.47000000000000003,0.47000000000000003,0.9861444767393768,0.013855523260623167,0.0883164784779572,0.9116835215220427
29,14.548494983277592,0.47000000000000003,0.47000000000000003,0.9837483037237486,0.016251696276251438,0.08190073406688334,0.9180992659331166
30,15.050167224080267,0.47000000000000003,0.47000000000000003,0.9809465088520628,0.019053491147937193,0.07592655622954257,0.9240734437704573
31,15.551839464882944,0.47000000000000003,0.47000000000000003,0.9776747231762076,0.022325276823792456,0.07037034822591272,0.9296296517740872
32,16.05351170568562,0.47000000000000003,0.47000000000000003,0.9738599834184132,0.02614001658158683,0.06520899423141613,0.9347910057685838
33,16.555183946488295,0.47000000000000003,0.47000000000000003,0.9694201738052103,0.03057982619478971,0.060419986122440685,0.9395800138775592
34,17.05685618729097,0.47000000000000003,0.47000000000000003,0.9642636725043251,0.03573632749567496,0.05598152405962197,0.944018475940378
35,17.558528428093645,0.47000000000000003,0.47000000000000003,0.9582893671056562,0.04171063289434386,0.051872593493613006,0.9481274065063869
36,18.06020066889632,0.47000000000000003,0.47000000000000003,0.9513870571934542,0.048612942806545906,0.04807301648502186,0.9519269835149781
37,18.561872909698998,0.47000000000000003,0.47000000000000003,0.9434385402322927,0.05656145976770735,0.04456348627958207,0.9554365137204179
38,19.06354515050167,0.47000000000000003,0.47000000000000003,0.9343195729264132,0.06568042707358696,0.04132558181945349,0.9586744181805466
39,19.565217391304348,0.47000000000000003,0.47000000000000003,0.9239027731067507,0.07609722689324938,0.038341769667244056,0.961658230332756
40,20.066889632107024,0.47000000000000003,0.47000000000000003,0.9120618425783832,0.08793815742161687,0.03559539001670478,0.9644046099832952
41,20.568561872909697,0.47000000000000003,0.47000000000000003,0.8986771407964905,0.10132285920350964,0.03307063248229362,0.9669293675177064
42,21.070234113712374,0.47000000000000003,0.47000000000000003,0.8836426991962931,0.116357300803707,0.030752502265220423,0.9692474977347795
43,21.57190635451505,0.47000000000000003,0.47000000000000003,0.8668745776636884,0.13312542233631186,0.028626779084698167,0.9713732209153019
44,22.073578595317727,0.47000000000000003,0.47000000000000003,0.8483202500257269,0.15167974997427333,0.02667997098736337,0.9733200290126366
45,22.5752508361204,0.47000000000000003,0.47000000000000003,0.8279683125122792,0.172031687487721,0.02489926609582955,0.9751007339041704
46,23.076923076923077,0.47000000000000003,0.47000000000000003,0.8058577574929704,0.19414224250702988,0.023272484172480477,0.9767275158275195
47,23.578595317725753,0.47000000000000003,0.47000000000000003,0.7820856037812566,0.2179143962187437,0.021788030971715302,0.9782119690282848
48,24.080267558528426,0.47000000000000003,0.47000000000000003,0.7568115881528727,0.24318841184712756,0.02043485821200661,0.9795651417879935
49,24.581939799331103,0.47000000000000003,0.47000000000000003,0.7302587127711989,0.2697412872288013,0.019202431351945416,0.9807975686480547
50,25.08361204013378,0.47000000000000003,0.47000000000000003,0.7027088702852305,0.29729112971476973,0.01808070671748521,0.9819192932825149
51,25.585284280936456,0.47000000000000003,0.47000000000000003,0.6744927264835581,0.32550727351644215,0.01706011977391973,0.9829398802260805
52,26.08695652173913,0.47000000000000003,0.47000000000000003,0.6459754346628939,0.3540245653371063,0.016131582677064497,0.9838684173229357
53,26.588628762541806,0.47000000000000003,0.47000000000000003,0.6175378669352063,0.3824621330647939,0.015286491369600563,0.9847135086303996
54,27.090301003344482,0.47000000000000003,0.47000000000000003,0.5895567656656328,0.4104432343343674,0.01451673885696673,0.9854832611430335
55,27.59197324414716,0.47000000000000003,0.47000000000000003,0.5623849459226424,0.4376150540773578,0.013814731559491845,0.9861852684405084
56,28.093645484949832,0.47000000000000003,0.47000000000000003,0.536334309838465,0.4636656901615353,0.013173405576466969,0.9868265944235333
57,28.59531772575251,0.47000000000000003,0.47000000000000003,0.5116630434097221,0.48833695659027804,0.012586239156808985,0.9874137608431912
58,29.096989966555185,0.47000000000000003,0.47000000000000003,0.48856801708454345,0.5114319829154567,0.012047258980462468,0.9879527410195379
59,29.598662207357858,0.47000000000000003,0.47000000000000003,0.4671824847626562,0.5328175152373439,0.011551038347817644,0.9884489616521827
60,30.100334448160535,0.47000000000000003,0.47000000000000003,0.4475785026258332,0.5524214973741668,0.011092686664367968,0.9889073133356324
61,30.60200668896321,0.47000000000000003,0.47000000000000003,0.42977300193683615,0.5702269980631639,0.010667830446227643,0.9893321695537727
62,31.103678929765888,0.47000000000000003,0.47000000000000003,0.41373624988054913,0.5862637501194509,0.010272586906457468,0.989727413093543
63,31.60535117056856,0.47000000000000003,0.47000000000000003,0.3994014338667846,0.6005985661332154,0.009903531732107725,0.9900964682678927
64,32.10702341137124,0.47000000000000003,0.47000000000000003,0.38667434932027395,0.6133256506797261,0.009557662791659384,0.9904423372083411
65,32.608695652173914,0.47000000000000003,0.47000000000000003,0.37544238931959145,0.6245576106804086,0.009232361596692279,0.9907676384033082
66,33.11036789297659,0.47000000000000003,0.47000000000000003,0.36558236760003693,0.6344176323999632,0.008925354137364361,0.9910746458626362
67,33.61204013377927,0.47000000000000003,0.47000000000000003,0.35696694102523435,0.6430330589747657,0.008634672442499929,0.9913653275575006
68,34.11371237458194,0.47000000000000003,0.47000000000000003,0.3494696036122465,0.6505303963877536,0.008358617872476314,0.9916413821275243
69,34.61538461538461,0.47000000000000003,0.47000000000000003,0.34296834517034924,0.6570316548296508,0.008095726880587297,0.9919042731194133
70,35.11705685618729,0.47000000000000003,0.47000000000000003,0.33734809611782757,0.6626519038821725,0.007844739854689147,0.9921552601453115
71,35.618729096989966,0.47000000000000003,0.47000000000000003,0.33250239398580794,0.6674976060141922,0.007604572600696396,0.9923954273993042
72,36.12040133779264,0.47000000000000003,0.47000000000000003,0.32833404045012604,0.6716659595498741,0.0073742915251883735,0.9926257084748122
73,36.62207357859532,0.47000000000000003,0.47000000000000003,0.3247554143804888,0.6752445856195113,0.007153091463182468,0.9928469085368182
74,37.123745819397996,0.47000000000000003,0.47000000000000003,0.32168827830908286,0.6783117216909171,0.006940276571490754,0.99305972342851
75,37.625418060200666,0.47000000000000003,0.47000000000000003,0.3190633319612581,0.680936668038742,0.006735243710320214,0.9932647562896805
76,38.12709030100334,0.47000000000000003,0.47000000000000003,0.316819606427512,0.6831803935724882,0.006537468228691004,0.9934625317713097
77,38.62876254180602,0.47000000000000003,0.47000000000000003,0.3149037687902627,0.6850962312097374,0.006346491864135105,0.9936535081358656
78,39.130434782608695,0.47000000000000003,0.47000000000000003,0.31326938169075386,0.6867306183092463,0.006161912397464875,0.9938380876025359
79,39.63210702341137,0.47000000000000003,0.47000000000000003,0.31187616653325567,0.6881238334667445,0.0059833749980695156,0.9940166250019313
80,40.13377926421405,0.47000000000000003,0.47000000000000003,0.3106893155596678,0.6893106844403323,0.005810564824483612,0.9941894351755172
81,40.635451505016725,0.47000000000000003,0.47000000000000003,0.3096788255136532,0.6903211744863469,0.005643200874260584,0.9943567991257403
82,41.137123745819395,0.47000000000000003,0.47000000000000003,0.30881889586141015,0.69118110413859,0.005481030796901262,0.9945189692030997
83,41.63879598662207,0.47000000000000003,0.47000000000000003,0.30808738635067345,0.6919126136493267,0.005323826553448939,0.9946761734465521
84,42.14046822742475,0.47000000000000003,0.47000000000000003,0.3074653305924871,0.692534669407513,0.005171380778967754,0.9948286192210334
85,42.642140468227424,0.47000000000000003,0.47000000000000003,0.30693650271154355,0.6930634972884566,0.005023503748539401,0.9949764962514618
86,43.1438127090301,0.47000000000000003,0.47000000000000003,0.30648703880320866,0.6935129611967915,0.004880020843554159,0.995119979156447
87,43.64548494983278,0.47000000000000003,0.47000000000000003,0.30610510524929074,0.6938948947507094,0.0047407704224227635,0.9952592295775785
88,44.147157190635454,0.47000000000000003,0.47000000000000003,0.3057806118670793,0.694219388132921,0.004605602087288808,0.9953943979127124
89,44.64882943143812,0.47000000000000003,0.47000000000000003,0.3055049584073312,0.6944950415926691,0.004474375151089155,0.9955256248489123
90,45.1505016722408,0.47000000000000003,0.47000000000000003,0.3052708214639566,0.6947291785360437,0.0043469574400747685,0.9956530425599267
91,45.65217391304348,0.47000000000000003,0.47000000000000003,0.30507196693516764,0.6949280330648326,0.004223224236425457,0.995776775763576
92,46.15384615384615,0.47000000000000003,0.47000000000000003,0.30490309062910015,0.6950969093709002,0.004103057417605738,0.9958969425823959
93,46.65551839464883,0.47000000000000003,0.47000000000000003,0.3047596826180465,0.6952403173819538,0.003986344736260619,0.9960136552637411
94,47.15719063545151,0.47000000000000003,0.47000000000000003,0.3046379071741339,0.6953620928258665,0.0038729791855342806,0.9961270208144676
95,47.65886287625418,0.47000000000000003,0.47000000000000003,0.30453450433002655,0.6954654956699737,0.0037628584952082616,0.9962371415047937
96,48.16053511705685,0.47000000000000003,0.47000000000000003,0.30444670460803175,0.6955532953919684,0.0036558846936989857,0.996344115306303
97,48.66220735785953,0.47000000000000003,0.47000000000000003,0.30437215409712876,0.6956278459028715,0.003551963723653493,0.9964480362763486
98,49.163879598662206,0.47000000000000003,0.47000000000000003,0.3043088535409005,0.6956911464590997,0.0034510051335854036,0.9965489948664168
99,49.66555183946488,0.47000000000000003,0.47000000000000003,0.30425510510648407,0.6957448948935161,0.0033529218036836526,0.9966470781963186
100,50.16722408026756,0.47000000000000003,0.47000000000000003,0.3042094663874164,0.6957905336125837,0.003257629706126292,0.9967423702938761
101,50.668896321070235,0.47000000000000003,0.47000000000000003,0.30417071299264287,0.6958292870073572,0.003165047708427798,0.9968349522915747
102,51.17056856187291,0.47000000000000003,0.47000000000000003,0.30413780488530084,0.6958621951146993,0.003075097391412497,0.9969249026085901
103,51.67224080267559,0.47000000000000003,0.47000000000000003,0.30410985898741205,0.6958901410125881,0.002987702896112913,0.9970122971038899
104,52.17391304347826,0.47000000000000003,0.47000000000000003,0.3040861273169355,0.6959138726830646,0.0029027907971620522,0.9970972092028408
105,52.675585284280935,0.47000000000000003,0.47000000000000003,0.30406597233689886,0.6959340276631013,0.002820289958690295,0.9971797100413129
106,53.17725752508361,0.47000000000000003,0.47000000000000003,0.3040488539776848,0.6959511460223154,0.0027401314461908246,0.9972598685538125
107,53.67892976588629,0.47000000000000003,0.47000000000000003,0.30403431262289393,0.6959656873771062,0.002662248416918665,0.9973377515830848
108,54.180602006688964,0.47000000000000003,0.47000000000000003,0.3040219598849876,0.6959780401150125,0.0025865760446440065,0.9974134239553597
109,54.68227424749164,0.47000000000000003,0.47000000000000003,0.304011464899847,0.6959885351001532,0.0025130514255557557,0.9974869485744482
110,55.18394648829432,0.47000000000000003,0.47000000000000003,0.3040025479759709,0.6959974520240293,0.002441613516990867,0.9975583864830132
111,55.68561872909699,0.47000000000000003,0.47000000000000003,0.30399497023567823,0.6960050297643219,0.002372203056499753,0.9976277969435046
112,56.187290969899664,0.47000000000000003,0.47000000000000003,0.303988529973175,0.6960114700268252,0.002304762509724988,0.9976952374902796
113,56.68896321070234,0.47000000000000003,0.47000000000000003,0.3039830559431711,0.696016944056829,0.0022392360064973902,0.9977607639935074
114,57.19063545150502,0.47000000000000003,0.47000000000000003,0.3039784019549062,0.696021598045094,0.002175569281649249,0.9978244307183558
115,57.69230769230769,0.47000000000000003,0.47000000000000003,0.3039744436848152,0.6960255563151849,0.0021137096258996295,0.9978862903741057
116,58.19397993311037,0.47000000000000003,0.47000000000000003,0.30397107712839594,0.6960289228716042,0.0020536058436382673,0.9979463941563673
117,58.69565217391305,0.47000000000000003,0.47000000000000003,0.30396821267288837,0.6960317873271118,0.0019952081928566873,0.9980047918071492
118,59.197324414715716,0.47000000000000003,0.47000000000000003,0.30396577547953935,0.6960342245204608,0.001938468353266213,0.9980615316467399
119,59.69899665551839,0.47000000000000003,0.47000000000000003,0.3039637007028714,0.6960362992971287,0.0018833393703730054,0.9981166606296336
120,60.20066889632107,0.47000000000000003,0.47000000000000003,0.30396193433589225,0.6960380656641079,0.0018297756279517666,0.9981702243720552
121,60.702341137123746,0.47000000000000003,0.47000000000000003,0.3039604293718837,0.6960395706281165,0.0017777327958374755,0.9982222672041698
122,61.20401337792642,0.47000000000000003,0.47000000000000003,0.30395914700267496,0.6960408529973253,0.0017271678042449054,0.9982728321957629
123,61.7056856187291,0.47000000000000003,0.47000000000000003,0.30395805353357497,0.6960419464664254,0.0016780387936198766,0.9983219612063883
124,62.207357859531776,0.47000000000000003,0.47000000000000003,0.3039571211549448,0.6960428788450556,0.0016303051037459433,0.9983696948962627
125,62.709030100334445,0.47000000000000003,0.47000000000000003,0.3039563253588532,0.696043674641147,0.001583927200879821,0.9984160727991294
126,63.21070234113712,0.47000000000000003,0.47000000000000003,0.303955646042731,0.6960443539572693,0.0015388666756899034,0.9984611333243197
127,63.7123745819398,0.47000000000000003,0.47000000000000003,0.30395506552760715,0.6960449344723931,0.0014950862065046017,0.9985049137935056
128,64.21404682274247,0.47000000000000003,0.47000000000000003,0.30395456856508707,0.6960454314349133,0.0014525495337501433,0.9985474504662606
129,64.71571906354515,0.47000000000000003,0.47000000000000003,0.30395414274684807,0.6960458572531523,0.0014112213722629959,0.9985887786277484
130,65.21739130434783,0.47000000000000003,0.47000000000000003,0.3039537782017898,0.6960462217982105,0.0013710675168311748,0.9986289324831809
131,65.7190635451505,0.47000000000000003,0.47000000000000003,0.3039534662944551,0.6960465337055453,0.0013320547069972297,0.9986679452930154
132,66.22073578595318,0.47000000000000003,0.47000000000000003,0.30395319855125297,0.6960468014487473,0.0012941505344669455,0.9987058494655464
133,66.72240802675586,0.47000000000000003,0.47000000000000003,0.30395296900365165,0.6960470309963487,0.001257323632177037,0.998742676367837
134,67.22408026755853,0.47000000000000003,0.47000000000000003,0.3039527718130722,0.6960472281869281,0.0012215434320191657,0.9987784565679957
135,67.72575250836121,0.47000000000000003,0.47000000000000003,0.3039526018036357,0.6960473981963646,0.0011867802255604912,0.9988132197744551
136,68.22742474916387,0.47000000000000003,0.47000000000000003,0.3039524542594631,0.6960475457405372,0.0011530042560617794,0.9988469957439547
137,68.72909698996655,0.47000000000000003,0.47000000000000003,0.30395232813961576,0.6960476718603845,0.001120190267775613,0.9988798097322419
138,69.23076923076923,0.47000000000000003,0.47000000000000003,0.30395221827230573,0.6960477817276945,0.0010883084043674615,0.998911691595651
139,69.7324414715719,0.47000000000000003,0.47000000000000003,0.3039521231389637,0.6960478768610365,0.0010573330932547667,0.9989426669067647
140,70.23411371237458,0.47000000000000003,0.47000000000000003,0.30395204063390296,0.6960479593660973,0.001027239149265736,0.9989727608507548
141,70.73578595317726,0.47000000000000003,0.47000000000000003,0.30395196897897153,0.6960480310210287,0.000998001171103945,0.9990019988289177
142,71.23745819397993,0.47000000000000003,0.47000000000000003,0.3039519064684693,0.696048093531531,0.0009695939434818353,0.999030406056541
143,71.73913043478261,0.47000000000000003,0.47000000000000003,0.30395185197435937,0.696048148025641,0.0009419951029841217,0.99905800489704
144,72.24080267558529,0.47000000000000003,0.47000000000000003,0.3039518042550126,0.6960481957449877,0.0009151817254021746,0.9990848182746234
145,72.74247491638796,0.47000000000000003,0.47000000000000003,0.30395176194901835,0.6960482380509819,0.0008891302951746368,0.9991108697048523
146,73.24414715719064,0.47000000000000003,0.47000000000000003,0.30395172435795736,0.696048275642043,0.0008638194549844631,0.9991361805450439
147,73.74581939799332,0.47000000000000003,0.47000000000000003,0.30395169123346566,0.6960483087665347,0.000839229312584105,0.9991607706874459
148,74.24749163879599,0.47000000000000003,0.47000000000000003,0.30395166187876804,0.6960483381212322,0.0008153385160080248,0.9991846614840237
149,74.74916387959867,0.47000000000000003,0.47000000000000003,0.3039516357083894,0.6960483642916109,0.0007921264855978735,0.9992078735144355
150,75.25083612040133,0.47000000000000003,0.47000000000000003,0.303951612541454,0.6960483874585464,0.0007695754491199296,0.9992304245509154
151,75.75250836120401,0.47000000000000003,0.47000000000000003,0.3039515919907049,0.6960484080092955,0.0007476662023077713,0.9992523337977295
152,76.25418060200668,0.47000000000000003,0.47000000000000003,0.30395157365040365,0.6960484263495966,0.0007263794877425002,0.999273620512297
153,76.75585284280936,0.47000000000000003,0.47000000000000003,0.30395155728480305,0.6960484427151973,0.0007056986426061144,0.9992943013574356
154,77.25752508361204,0.47000000000000003,0.47000000000000003,0.30395154263738927,0.696048457362611,0.0006856066871182622,0.9993143933129257
155,77.75919732441471,0.47000000000000003,0.47000000000000003,0.3039515294099686,0.6960484705900316,0.0006660860053312045,0.9993339139947153
156,78.26086956521739,0.47000000000000003,0.47000000000000003,0.3039515174139991,0.6960484825860012,0.0006471204180911776,0.999352879581958
157,78.76254180602007,0.47000000000000003,0.47000000000000003,0.30395150656474684,0.6960484934352535,0.0006286951064682336,0.9993713048935836
158,79.26421404682274,0.47000000000000003,0.47000000000000003,0.3039514966877687,0.6960485033122317,0.0006107940760512441,0.9993892059240035
159,79.76588628762542,0.47000000000000003,0.47000000000000003,0.303951487634533,0.6960485123654673,0.0005934018144432203,0.9994065981856146
160,80.2675585284281,0.47000000000000003,0.47000000000000003,0.3039514793739414,0.6960485206260589,0.0005765049861235459,0.9994234950139376
161,80.76923076923077,0.47000000000000003,0.47000000000000003,0.3039514718205716,0.6960485281794286,0.0005600892485621297,0.9994399107515024
162,81.27090301003345,0.47000000000000003,0.47000000000000003,0.3039514649172382,0.6960485350827621,0.0005441416897033733,0.9994558583103648
163,81.77257525083613,0.47000000000000003,0.47000000000000003,0.303951458512455,0.6960485414875452,0.0005286454154453501,0.9994713545846265
164,82.27424749163879,0.47000000000000003,0.47000000000000003,0.30395145264250245,0.6960485473574979,0.0005135914605293982,0.9994864085395466
165,82.77591973244147,0.47000000000000003,0.47000000000000003,0.30395144722836226,0.696048552771638,0.0004989659909602246,0.99950103400912
166,83.27759197324414,0.47000000000000003,0.47000000000000003,0.3039514422091359,0.6960485577908645,0.0004847562932422444,0.9995152437068425
167,83.77926421404682,0.47000000000000003,0.47000000000000003,0.3039514375437856,0.6960485624562147,0.0004709509191662866,0.9995290490809232
168,84.2809364548495,0.47000000000000003,0.47000000000000003,0.30395143319303985,0.6960485668069605,0.0004575381811375002,0.999542461818957
169,84.78260869565217,0.47000000000000003,0.47000000000000003,0.3039514291284604,0.6960485708715399,0.0004445069061741697,0.9995554930939257
170,85.28428093645485,0.47000000000000003,0.47000000000000003,0.3039514253325489,0.6960485746674515,0.000431846444745246,0.9995681535553602
171,85.78595317725753,0.47000000000000003,0.47000000000000003,0.3039514217987464,0.6960485782012539,0.0004195466707703462,0.999580453329341
172,86.2876254180602,0.47000000000000003,0.47000000000000003,0.30395141851531615,0.6960485814846842,0.0004075974449176196,0.9995924025552
173,86.78929765886288,0.47000000000000003,0.47000000000000003,0.30395141544366644,0.6960485845563339,0.00039598789281629446,0.9996040121073079
174,87.29096989966555,0.47000000000000003,0.47000000000000003,0.3039514125782957,0.6960485874217046,0.00038470840111913605,0.999615291599012
175,87.79264214046823,0.47000000000000003,0.47000000000000003,0.30395140992214403,0.6960485900778562,0.00037374979673886156,0.9996262502033997
176,88.29431438127091,0.47000000000000003,0.47000000000000003,0.30395140748500904,0.6960485925149913,0.0003631032941162853,0.99963689670603
177,88.79598662207358,0.47000000000000003,0.47000000000000003,0.30395140528354625,0.6960485947164541,0.00035276049522031845,0.9996472395049342
178,89.29765886287625,0.47000000000000003,0.47000000000000003,0.30395140332154635,0.6960485966784541,0.0003427130752013651,0.9996572869249618
179,89.79933110367892,0.47000000000000003,0.47000000000000003,0.30395140152570815,0.6960485984742922,0.00033295175871020437,0.999667048241462
180,90.3010033444816,0.47000000000000003,0.47000000000000003,0.30395139986849073,0.6960486001315097,0.0003234682779691823,0.9996765317222128
181,90.80267558528428,0.47000000000000003,0.47000000000000003,0.3039513983287587,0.6960486016712417,0.0003142547455243898,0.9996857452546678
182,91.30434782608695,0.47000000000000003,0.47000000000000003,0.3039513968843257,0.6960486031156747,0.0003053035353931078,0.9996946964648099
183,91.80602006688963,0.47000000000000003,0.47000000000000003,0.30395139551195394,0.6960486044880464,0.0002966072830638077,0.9997033927171506
184,92.3076923076923,0.47000000000000003,0.47000000000000003,0.3039513941891583,0.696048605810842,0.000288158833849018,0.9997118411663773
185,92.80936454849498,0.47000000000000003,0.47000000000000003,0.30395139290673745,0.6960486070932629,0.0002799508840595176,0.9997200491161796
186,93.31103678929766,0.47000000000000003,0.47000000000000003,0.3039513916497229,0.6960486083502775,0.0002719765265195947,0.9997280234737329
187,93.81270903010034,0.47000000000000003,0.47000000000000003,0.30395139040116576,0.6960486095988346,0.00026422914212609333,0.9997357708581406
188,94.31438127090301,0.47000000000000003,0.47000000000000003,0.30395138914436154,0.6960486108556388,0.0002567023361513154,0.9997432976641304
189,94.81605351170569,0.47000000000000003,0.47000000000000003,0.30395138786285,0.6960486121371504,0.0002493899382430205,0.9997506100620546
190,95.31772575250837,0.47000000000000003,0.47000000000000003,0.3039513865008818,0.6960486134991186,0.00024228632138158034,0.9997577136789326
191,95.81939799331104,0.47000000000000003,0.47000000000000003,0.3039513852051417,0.6960486147948587,0.00023538445164824327,0.9997646155486837
192,96.3210702341137,0.47000000000000003,0.47000000000000003,0.3039513839216439,0.6960486160783566,0.00022867914048832334,0.9997713208598622
193,96.82274247491638,0.47000000000000003,0.47000000000000003,0.30395138267868854,0.6960486173213118,0.0002221647618072148,0.999777835238563
194,97.32441471571906,0.47000000000000003,0.47000000000000003,0.30395138150654893,0.6960486184934516,0.0002158358999381321,0.9997841641004529
195,97.82608695652173,0.47000000000000003,0.47000000000000003,0.3039513804382206,0.6960486195617799,0.00020968734359623327,0.9997903126568168
196,98.32775919732441,0.47000000000000003,0.47000000000000003,0.3039513795092064,0.6960486204907939,0.0002037140732410516,0.9997962859271952
197,98.82943143812709,0.47000000000000003,0.47000000000000003,0.30395137870672173,0.6960486212932786,0.00019791090279983433,0.9998020890976609
198,99.33110367892976,0.47000000000000003,0.47000000000000003,0.30395137802525596,0.6960486219747444,0.0001922728481875502,0.999807727152299
199,99.83277591973244,0.47000000000000003,0.47000000000000003,0.3039513774844955,0.6960486225155048,0.00018679523861512895,0.9998132047618988
200,100.33444816053512,0.47000000000000003,0.47000000000000003,0.30395137710628956,0.6960486228937108,0.0001814735480164548,0.9998185264525264
201,100.8361204013378,0.47000000000000003,0.47000000000000003,0.30395137691516405,0.6960486230848363,0.00017630338739718453,0.9998236966131763
202,101.33779264214047,0.47000000000000003,0.47000000000000003,0.3039513769388366,0.6960486230611637,0.00017128049718356526,0.9998287195034221
203,101.83946488294315,0.47000000000000003,0.47000000000000003,0.30395137720873083,0.6960486227912696,0.00016640073957125258,0.9998335992610685
204,102.34113712374582,0.47000000000000003,0.47000000000000003,0.3039513777604905,0.6960486222395098,0.0001616600908741284,0.9998383399098016
205,102.8428093645485,0.47000000000000003,0.47000000000000003,0.30395137863449456,0.6960486213655057,0.00015705463387311885,0.9998429453668407
206,103.34448160535118,0.47000000000000003,0.47000000000000003,0.303951379876371,0.6960486201236293,0.00015258055016501235,0.9998474194505889
207,103.84615384615384,0.47000000000000003,0.47000000000000003,0.3039513814990853,0.696048618500915,0.0001482341070231929,0.999851765893773
208,104.34782608695652,0.47000000000000003,0.47000000000000003,0.3039513829156319,0.6960486170843684,0.00014401156864932843,0.9998559884321916
209,104.84949832775919,0.47000000000000003,0.47000000000000003,0.3039513831333869,0.6960486168666135,0.0001399092162063714,0.9998600907846819
210,105.35117056856187,0.47000000000000003,0.47000000000000003,0.3039513812511953,0.6960486187488051,0.00013592342935061046,0.9998640765715874
211,105.85284280936455,0.47000000000000003,0.47000000000000003,0.3039513783427893,0.6960486216572112,0.00013205101905422939,0.9998679489819365
212,106.35451505016722,0.47000000000000003,0.47000000000000003,0.3039513759528954,0.696048624047105,0.00012828895557884715,0.9998717110454676
213,106.8561872909699,0.47000000000000003,0.47000000000000003,0.3039513750582221,0.6960486249417782,0.00012463422039077376,0.9998753657807145
214,107.35785953177258,0.47000000000000003,0.47000000000000003,0.3039513749433286,0.6960486250566719,0.00012108363738298815,0.9998789163637845
215,107.85953177257525,0.47000000000000003,0.47000000000000003,0.3039513749960948,0.6960486250039056,0.00011763415004976858,0.9998823658511832
216,108.36120401337793,0.47000000000000003,0.47000000000000003,0.30395137500944575,0.6960486249905548,0.00011428288341612793,0.9998857171178862
217,108.8628762541806,0.47000000000000003,0.47000000000000003,0.30395137473216405,0.6960486252678364,0.00011102707410298642,0.9998889729272725
218,109.36454849498328,0.47000000000000003,0.47000000000000003,0.3039513737150113,0.6960486262849892,0.0001078640176399947,0.9998921359838128
219,109.86622073578596,0.47000000000000003,0.47000000000000003,0.3039513723272548,0.6960486276727457,0.00010479106550715125,0.9998952089360272
220,110.36789297658864,0.47000000000000003,0.47000000000000003,0.30395137124442967,0.6960486287555708,0.00010180565102220254,0.9998981943505985
221,110.8695652173913,0.47000000000000003,0.47000000000000003,0.3039513709779271,0.6960486290220735,9.890528164251335e-05,0.9999010947200692
222,111.37123745819397,0.47000000000000003,0.47000000000000003,0.30395137112961124,0.6960486288703894,9.608753545438095e-05,0.9999039124663535
223,111.87290969899665,0.47000000000000003,0.47000000000000003,0.3039513712869809,0.6960486287130198,9.335005632780746e-05,0.9999066499455816
224,112.37458193979933,0.47000000000000003,0.47000000000000003,0.3039513714235095,0.6960486285764912,9.069055848916582e-05,0.9999093094435276
225,112.876254180602,0.47000000000000003,0.47000000000000003,0.3039513714518823,0.6960486285481183,8.810682138770757e-05,0.9999118931807425
226,113.37792642140468,0.47000000000000003,0.47000000000000003,0.3039513710016184,0.6960486289983822,8.559668751328428e-05,0.9999144033147367
227,113.87959866220736,0.47000000000000003,0.47000000000000003,0.30395137036567144,0.6960486296343292,8.315805838702638e-05,0.9999168419439894
228,114.38127090301003,0.47000000000000003,0.47000000000000003,0.3039513698153899,0.6960486301846107,8.078889887427842e-05,0.9999192111036358
229,114.88294314381271,0.47000000000000003,0.47000000000000003,0.3039513695220297,0.6960486304779708,7.848723326524797e-05,0.9999215127693859
230,115.38461538461539,0.47000000000000003,0.47000000000000003,0.30395136937867817,0.6960486306213223,7.625113466058081e-05,0.9999237488681396
231,115.88628762541806,0.47000000000000003,0.47000000000000003,0.30395136934299466,0.6960486306570058,7.407873820259643e-05,0.999925921264755
232,116.38795986622074,0.47000000000000003,0.47000000000000003,0.3039513693649464,0.6960486306350541,7.196823019847328e-05,0.9999280317729253
233,116.88963210702342,0.47000000000000003,0.47000000000000003,0.30395136938444695,0.6960486306155536,6.991784449062596e-05,0.9999300821588089
234,117.3913043478261,0.47000000000000003,0.47000000000000003,0.30395136926691485,0.6960486307330854,6.792579093454983e-05,0.9999320742125504
235,117.89297658862876,0.47000000000000003,0.47000000000000003,0.30395136915880605,0.6960486308411943,6.599063694592669e-05,0.9999340093667349
236,118.39464882943143,0.47000000000000003,0.47000000000000003,0.30395136900958053,0.6960486309904198,6.411055289313042e-05,0.9999358894509947
237,118.89632107023411,0.47000000000000003,0.47000000000000003,0.3039513688958819,0.6960486311041183,6.228402675134105e-05,0.9999377159773549
238,119.39799331103679,0.47000000000000003,0.47000000000000003,0.3039513687949712,0.6960486312050291,6.050957197645072e-05,0.9999394904323607
239,119.89966555183946,0.47000000000000003,0.47000000000000003,0.30395136872080114,0.6960486312791991,5.878569261689569e-05,0.9999412143119641
240,120.40133779264214,0.47000000000000003,0.47000000000000003,0.30395136869902184,0.6960486313009785,5.711089161459646e-05,0.9999428891132239
241,120.90301003344482,0.47000000000000003,0.47000000000000003,0.303951368705481,0.6960486312945193,5.548381648385176e-05,0.9999445161886268
242,121.40468227424749,0.47000000000000003,0.47000000000000003,0.30395136870777645,0.6960486312922239,5.390313868777761e-05,0.9999460968667102
243,121.90635451505017,0.47000000000000003,0.47000000000000003,0.3039513686932865,0.6960486313067139,5.236747226815281e-05,0.9999476325334334
244,122.40802675585284,0.47000000000000003,0.47000000000000003,0.3039513686575511,0.6960486313424493,5.08755099191448e-05,0.999949124496103
245,122.90969899665552,0.47000000000000003,0.47000000000000003,0.3039513686122421,0.6960486313877583,4.9426099794712395e-05,0.999950573906566
246,123.4113712374582,0.47000000000000003,0.47000000000000003,0.3039513685585102,0.6960486314414902,4.8017988659411294e-05,0.999951982018059
247,123.91304347826087,0.47000000000000003,0.47000000000000003,0.3039513685171015,0.6960486314828991,4.664526190108089e-05,0.9999533547451999
248,124.41471571906355,0.47000000000000003,0.47000000000000003,0.30395136844305953,0.696048631556941,4.531957246958334e-05,0.999954680435027
249,124.91638795986621,0.47000000000000003,0.47000000000000003,0.30395136838422093,0.6960486316157796,4.402959305187284e-05,0.9999559704148651
250,125.41806020066889,0.47000000000000003,0.47000000000000003,0.3039513683405383,0.6960486316594622,4.277531683995861e-05,0.999957224691522
251,125.91973244147157,0.47000000000000003,0.47000000000000003,0.3039513683055257,0.6960486316944748,4.155580974539928e-05,0.999958444199088
252,126.42140468227424,0.47000000000000003,0.47000000000000003,0.3039513682746053,0.6960486317253952,4.0370412472242534e-05,0.9999596295968599
253,126.92307692307692,0.47000000000000003,0.47000000000000003,0.3039513682477771,0.6960486317522234,3.9219125020488365e-05,0.9999607808848381
254,127.4247491638796,0.47000000000000003,0.47000000000000003,0.3039513682243929,0.6960486317756076,3.8101377677994625e-05,0.9999618986327354
255,127.92642140468227,0.47000000000000003,0.47000000000000003,0.30395136820167673,0.6960486317983238,3.701473045027096e-05,0.9999629852805509
256,128.42809364548495,0.47000000000000003,0.47000000000000003,0.30395136817931223,0.6960486318206882,3.595890523296922e-05,0.9999640411063893
257,128.9297658862876,0.47000000000000003,0.47000000000000003,0.3039513681563833,0.6960486318436173,3.493954591266563e-05,0.9999650604663505
258,129.4314381270903,0.47000000000000003,0.47000000000000003,0.30395136813559764,0.6960486318644029,3.3939971084915335e-05,0.9999660600418787
259,129.93311036789297,0.47000000000000003,0.47000000000000003,0.3039513681153132,0.6960486318846874,3.2970296599963446e-05,0.9999670297170998
260,130.43478260869566,0.47000000000000003,0.47000000000000003,0.303951368095668,0.6960486319043326,3.2029673106620715e-05,0.9999679703413668
261,130.93645484949832,0.47000000000000003,0.47000000000000003,0.30395136807678014,0.6960486319232203,3.111717144720696e-05,0.99996888284384
262,131.438127090301,0.47000000000000003,0.47000000000000003,0.30395136805869005,0.6960486319413104,3.0231543324986367e-05,0.9999697684728212
263,131.93979933110367,0.47000000000000003,0.47000000000000003,0.303951368041498,0.6960486319585024,2.9371785894978357e-05,0.9999706282311586
264,132.44147157190636,0.47000000000000003,0.47000000000000003,0.3039513680253136,0.6960486319746869,2.8536934245069675e-05,0.9999714630837672
265,132.94314381270902,0.47000000000000003,0.47000000000000003,0.30395136801024636,0.6960486319897541,2.7726023463147273e-05,0.999972273995562
266,133.44481605351172,0.47000000000000003,0.47000000000000003,0.30395136799640593,0.6960486320035946,2.6938088637097908e-05,0.999973061931458
267,133.94648829431438,0.47000000000000003,0.47000000000000003,0.3039513679839019,0.6960486320160986,2.6172164854808515e-05,0.9999738278563701
268,134.44816053511707,0.47000000000000003,0.47000000000000003,0.3039513679728438,0.6960486320271567,2.5427287204165858e-05,0.9999745727352134
269,134.94983277591973,0.47000000000000003,0.47000000000000003,0.3039513679631317,0.6960486320368687,2.4702961858400052e-05,0.999975297061819
270,135.45150501672242,0.47000000000000003,0.47000000000000003,0.30395136795436195,0.6960486320456386,2.3999377592311742e-05,0.9999760006474177
271,135.95317725752508,0.47000000000000003,0.47000000000000003,0.30395136794647587,0.6960486320535246,2.3315947583524003e-05,0.9999766840788358
272,136.45484949832775,0.47000000000000003,0.47000000000000003,0.3039513679394265,0.696048632060574,2.265205878804386e-05,0.9999773479691211
273,136.95652173913044,0.47000000000000003,0.47000000000000003,0.30395136793316696,0.6960486320668335,2.2007098161878363e-05,0.9999779929313214
274,137.4581939799331,0.47000000000000003,0.47000000000000003,0.30395136792765026,0.6960486320723502,2.1380452661034654e-05,0.9999786195784847
275,137.9598662207358,0.47000000000000003,0.47000000000000003,0.30395136792282945,0.696048632077171,2.077150924151974e-05,0.9999792285236585
276,138.46153846153845,0.47000000000000003,0.47000000000000003,0.3039513679186575,0.696048632081343,2.01796550006997e-05,0.9999798203797495
277,138.96321070234114,0.47000000000000003,0.47000000000000003,0.3039513679148961,0.6960486320851044,1.9604566395608875e-05,0.9999803954703087
278,139.4648829431438,0.47000000000000003,0.47000000000000003,0.3039513679112649,0.6960486320887356,1.904598348689437e-05,0.9999809540552845
279,139.9665551839465,0.47000000000000003,0.47000000000000003,0.3039513679076306,0.6960486320923699,1.850342405476852e-05,0.9999814966169025
280,140.46822742474916,0.47000000000000003,0.47000000000000003,0.3039513679038597,0.6960486320961408,1.7976405879443792e-05,0.9999820236373882
281,140.96989966555185,0.47000000000000003,0.47000000000000003,0.3039513678998188,0.6960486321001816,1.7464446741132535e-05,0.9999825355989672
282,141.4715719063545,0.47000000000000003,0.47000000000000003,0.3039513678953745,0.696048632104626,1.696706442004721e-05,0.999983032983865
283,141.9732441471572,0.47000000000000003,0.47000000000000003,0.3039513678903934,0.6960486321096071,1.6483776696400166e-05,0.9999835162743073
284,142.47491638795987,0.47000000000000003,0.47000000000000003,0.3039513678847576,0.6960486321152429,1.6014111940461498e-05,0.9999839859419297
285,142.97658862876253,0.47000000000000003,0.47000000000000003,0.30395136787872246,0.6960486321212781,1.5557853509975455e-05,0.9999844422033897
286,143.47826086956522,0.47000000000000003,0.47000000000000003,0.30395136787242083,0.6960486321275797,1.5114700988934122e-05,0.9999848853591152
287,143.97993311036788,0.47000000000000003,0.47000000000000003,0.30395136786584986,0.6960486321341507,1.468426136053498e-05,0.999985315802132
288,144.48160535117057,0.47000000000000003,0.47000000000000003,0.3039513678590067,0.6960486321409938,1.4266141607975409e-05,0.9999857339254655
289,144.98327759197323,0.47000000000000003,0.47000000000000003,0.3039513678518887,0.6960486321481119,1.3859948714452878e-05,0.9999861401221417
290,145.48494983277592,0.47000000000000003,0.47000000000000003,0.3039513678444929,0.6960486321555076,1.346528966316477e-05,0.9999865347851861
291,145.9866220735786,0.47000000000000003,0.47000000000000003,0.30395136783681653,0.6960486321631839,1.308177143730856e-05,0.9999869183076243
292,146.48829431438128,0.47000000000000003,0.47000000000000003,0.3039513678288851,0.6960486321711155,1.2709047005681499e-05,0.9999872910364993
293,146.98996655518394,0.47000000000000003,0.47000000000000003,0.30395136782090754,0.696048632179093,1.2347067859679427e-05,0.9999876530203509
294,147.49163879598663,0.47000000000000003,0.47000000000000003,0.303951367812962,0.6960486321870385,1.1995572622142282e-05,0.9999880045205733
295,147.9933110367893,0.47000000000000003,0.47000000000000003,0.3039513678050916,0.696048632194909,1.1654242838774628e-05,0.9999883458556347
296,148.49498327759198,0.47000000000000003,0.47000000000000003,0.3039513677973392,0.6960486322026613,1.1322760055280948e-05,0.9999886773440028
297,148.99665551839465,0.47000000000000003,0.47000000000000003,0.30395136778974796,0.6960486322102525,1.1000805817365808e-05,0.9999889993041455
298,149.49832775919734,0.47000000000000003,0.47000000000000003,0.30395136778236087,0.6960486322176396,1.0688061670733692e-05,0.9999893120545309
299,150.0,0.47000000000000003,0.47000000000000003,0.303951367775221,0.6960486322247795,1.0384209161089159e-05,0.999989615913627
