,time,sigma,beta,S,I,C,D
0,0.0,0.9,0.63,0.9998,0.0002,0.5,0.5
1,0.5016722408026756,0.9,0.63,0.9997740481201169,0.00022595187988309868,0.4791171669635999,0.5208828330364002
2,1.0033444816053512,0.9,0.63,0.9997436863997324,0.0002563136002676855,0.4583080877274439,0.5416919122725562
3,1.5050167224080266,0.9,0.63,0.9997080394972148,0.0002919605027853326,0.4376446557358911,0.562355344264109
4,2.0066889632107023,0.9,0.63,0.9996660396786549,0.0003339603213451933,0.4171967562985809,0.5828032437014193
5,2.508361204013378,0.9,0.63,0.9996163830278456,0.00038361697215436556,0.39703137453063164,0.6029686254693687
6,3.0100334448160533,0.9,0.63,0.9995574716199456,0.00044252838005439467,0.37721174565282933,0.622788254347171
7,3.511705685618729,0.9,0.63,0.9994873478211072,0.0005126521788927502,0.3577966637864727,0.6422033362135274
8,4.013377926421405,0.9,0.63,0.9994035986809335,0.0005964013190663371,0.33883976965191276,0.6611602303480875
9,4.51505016722408,0.9,0.63,0.9993032545579649,0.0006967454420349944,0.32038919053893117,0.679610809461069
10,5.016722408026756,0.9,0.63,0.9991826492670115,0.0008173507329884382,0.3024871404896078,0.6975128595103924
11,5.518394648829432,0.9,0.63,0.9990372486565529,0.0009627513434471809,0.2851697272068109,0.7148302727931893
12,6.020066889632107,0.9,0.63,0.9988614361627195,0.0011385638372804112,0.26846688619969694,0.7315331138003034
13,6.521739130434782,0.9,0.63,0.9986482435758887,0.0013517564241112751,0.25240243792352723,0.7475975620764731
14,7.023411371237458,0.9,0.63,0.998389027712285,0.0016109722877149072,0.23699422566541292,0.7630057743345874
15,7.525083612040134,0.9,0.63,0.9980730228938351,0.0019269771061647917,0.2222544604312146,0.7777455395687857
16,8.02675585284281,0.9,0.63,0.9976868342096146,0.0023131657903853343,0.2081899842587307,0.7918100157412695
17,8.528428093645484,0.9,0.63,0.9972137768007409,0.0027862231992590914,0.19480271916778802,0.8051972808322122
18,9.03010033444816,0.9,0.63,0.9966330629124153,0.0033669370875846587,0.18209011144292675,0.8179098885570735
19,9.531772575250836,0.9,0.63,0.9959187660241974,0.004081233975802499,0.17004562780394827,0.829954372196052
20,10.033444816053512,0.9,0.63,0.9950385704625754,0.004961429537424509,0.158659263560246,0.8413407364397543
21,10.535117056856187,0.9,0.63,0.9939522180229575,0.006047781977042349,0.14791805037106975,0.8520819496289306
22,11.036789297658864,0.9,0.63,0.9926095861788127,0.007390413821187286,0.13780655991736485,0.8621934400826355
23,11.538461538461538,0.9,0.63,0.9909483962084514,0.009051603791548535,0.12830739937972566,0.8716926006202748
24,12.040133779264213,0.9,0.63,0.9888913948037398,0.011108605196260033,0.11940167224136632,0.880598327758634
25,12.54180602006689,0.9,0.63,0.9863431094241331,0.013656890575866696,0.11106942835795504,0.8889305716420453
26,13.043478260869565,0.9,0.63,0.9831860205483491,0.01681397945165061,0.10329006857660361,0.8967099314233967
27,13.545150501672241,0.9,0.63,0.9792762983876763,0.020723701612323536,0.09604272413488046,0.9039572758651199
28,14.046822742474916,0.9,0.63,0.9744392278020704,0.025560772197929515,0.08930659791326882,0.9106934020867316
29,14.548494983277592,0.9,0.63,0.968464608776775,0.031535391223224934,0.08306126728913185,0.9169387327108685
30,15.050167224080267,0.9,0.63,0.961102868850168,0.0388971311498318,0.077286946911296,0.9227130530887042
31,15.551839464882944,0.9,0.63,0.9520624855200678,0.04793751447993195,0.07196470791469785,0.9280352920853023
32,16.05351170568562,0.9,0.63,0.9410105565928973,0.05898944340710241,0.06707664681867506,0.9329233531813251
33,16.555183946488295,0.9,0.63,0.9275779826242673,0.07242201737573246,0.06260599774463195,0.9373940022553683
34,17.05685618729097,0.9,0.63,0.9113720281836125,0.08862797181638724,0.058537178223847845,0.9414628217761524
35,17.558528428093645,0.9,0.63,0.8919986849248426,0.10800131507515724,0.0548557569209195,0.9451442430790806
36,18.06020066889632,0.9,0.63,0.8690971472057373,0.13090285279426256,0.05154833231371111,0.9484516676862891
37,18.561872909698998,0.9,0.63,0.8423870627197899,0.1576129372802099,0.04860231421953791,0.9513976857804622
38,19.06354515050167,0.9,0.63,0.8117263049243628,0.1882736950756371,0.04600560754185552,0.9539943924581448
39,19.565217391304348,0.9,0.63,0.7771722123286259,0.22282778767137396,0.04374621177058386,0.9562537882294164
40,20.066889632107024,0.9,0.63,0.739034589418999,0.26096541058100087,0.04181176783913754,0.9581882321608628
41,20.568561872909697,0.9,0.63,0.6979045034708504,0.30209549652914963,0.04018910450008813,0.9598108954999122
42,21.070234113712374,0.9,0.63,0.6546440396190389,0.3453559603809611,0.03886385242364795,0.9611361475763525
43,21.57190635451505,0.9,0.63,0.610328783857981,0.389671216142019,0.03782019858083561,0.9621798014191647
44,22.073578595317727,0.9,0.63,0.566147525703262,0.4338524742967381,0.03704083765660746,0.9629591623433927
45,22.5752508361204,0.9,0.63,0.5232774608851699,0.47672253911483015,0.03650714524285454,0.9634928547571457
46,23.076923076923077,0.9,0.63,0.4827617367472692,0.5172382632527309,0.036199553301748726,0.9638004466982515
47,23.578595317725753,0.9,0.63,0.4454155869906612,0.5545844130093389,0.03609806872938308,0.9639019312706171
48,24.080267558528426,0.9,0.63,0.41177701965493113,0.5882229803450689,0.03618285208953459,0.9638171479104657
49,24.581939799331103,0.9,0.63,0.3821043404120171,0.6178956595879831,0.03643477298360265,0.9635652270163976
50,25.08361204013378,0.9,0.63,0.3564104523935365,0.6435895476064637,0.03683587371157549,0.9631641262884247
51,25.585284280936456,0.9,0.63,0.334518738044885,0.665481261955115,0.037369708046482104,0.9626302919535182
52,26.08695652173913,0.9,0.63,0.3161247772813959,0.6838752227186042,0.03802154026054309,0.9619784597394573
53,26.588628762541806,0.9,0.63,0.30085300242365026,0.6991469975763498,0.0387784212405469,0.9612215787594535
54,27.090301003344482,0.9,0.63,0.2883020535615181,0.7116979464384819,0.03962916395581929,0.9603708360441812
55,27.59197324414716,0.9,0.63,0.27807721406877106,0.7219227859312289,0.04056424754872637,0.9594357524512741
56,28.093645484949832,0.9,0.63,0.26981098334505527,0.7301890166549447,0.04157567746384225,0.9584243225361582
57,28.59531772575251,0.9,0.63,0.2631741551467158,0.7368258448532843,0.042656822767730626,0.9573431772322699
58,29.096989966555185,0.9,0.63,0.25788006282744347,0.7421199371725568,0.04380224768371556,0.9561977523162851
59,29.598662207357858,0.9,0.63,0.25368432825928433,0.7463156717407159,0.04500754808267956,0.9549924519173211
60,30.100334448160535,0.9,0.63,0.25038197525795525,0.7496180247420451,0.046269199897293035,0.9537308001027076
61,30.60200668896321,0.9,0.63,0.24780321415588114,0.7521967858441192,0.047584422431883246,0.9524155775681176
62,31.103678929765888,0.9,0.63,0.2458087296704706,0.7541912703295298,0.048951058115742345,0.9510489418842585
63,31.60535117056856,0.9,0.63,0.2442850834450209,0.7557149165549796,0.05036746889198284,0.9496325311080182
64,32.10702341137124,0.9,0.63,0.243140440193548,0.7568595598064525,0.05183244705509858,0.9481675529449025
65,32.608695652173914,0.9,0.63,0.24230079706161226,0.7576992029383881,0.05334514016043398,0.9466548598395673
66,33.11036789297659,0.9,0.63,0.24170673277161528,0.7582932672283851,0.054904987566747256,0.9450950124332541
67,33.61204013377927,0.9,0.63,0.24131067121116156,0.7586893287888389,0.056511667464609235,0.9434883325353923
68,34.11371237458194,0.9,0.63,0.2410746040085449,0.7589253959914554,0.05816505261602533,0.9418349473839763
69,34.61538461538461,0.9,0.63,0.240968222075683,0.7590317779243173,0.059865173535011654,0.9401348264649901
70,35.11705685618729,0.9,0.63,0.24096739383513088,0.7590326061648696,0.061612187831258554,0.9383878121687433
71,35.618729096989966,0.9,0.63,0.24105292968109723,0.7589470703189032,0.06340635463483854,0.9365936453651635
72,36.12040133779264,0.9,0.63,0.24120958791227967,0.7587904120877208,0.06524801333099636,0.9347519866690059
73,36.62207357859532,0.9,0.63,0.24142527627827537,0.7585747237217251,0.06713756578452622,0.9328624342154763
74,37.123745819397996,0.9,0.63,0.24169041259205504,0.7583095874079454,0.06907546141634126,0.9309245385836614
75,37.625418060200666,0.9,0.63,0.24199741241905828,0.7580025875809422,0.07106218462104737,0.9289378153789556
76,38.12709030100334,0.9,0.63,0.24234028218836398,0.7576597178116364,0.07309824414663543,0.9269017558533679
77,38.62876254180602,0.9,0.63,0.2427142937355699,0.7572857062644305,0.07518416401018937,0.9248158359898142
78,39.130434782608695,0.9,0.63,0.24311572525395067,0.7568842747460497,0.07732047569373904,0.9226795243062649
79,39.63210702341137,0.9,0.63,0.2435416552720324,0.7564583447279679,0.07950771138850693,0.9204922886114975
80,40.13377926421405,0.9,0.63,0.24398979853016042,0.7560102014698399,0.08174639807745851,0.9182536019225462
81,40.635451505016725,0.9,0.63,0.24445837501500026,0.7555416249850002,0.08403705230081704,0.9159629476991882
82,41.137123745819395,0.9,0.63,0.2449460092038953,0.7550539907961051,0.08638017554016822,0.9136198244598375
83,41.63879598662207,0.9,0.63,0.24545164066524688,0.7545483593347535,0.08877624985847289,0.9112237501415332
84,42.14046822742475,0.9,0.63,0.24597446362209444,0.7540255363779059,0.09122573418663009,0.9087742658133765
85,42.642140468227424,0.9,0.63,0.24651387382089335,0.753486126179107,0.09372906079252832,0.906270939207479
86,43.1438127090301,0.9,0.63,0.24706942618548677,0.7529305738145136,0.09628663197239222,0.9037133680276157
87,43.64548494983278,0.9,0.63,0.2476408003412164,0.7523591996587841,0.09889881692119933,0.9011011830788094
88,44.147157190635454,0.9,0.63,0.24822777553255565,0.7517722244674447,0.1015659489040539,0.8984340510959556
89,44.64882943143812,0.9,0.63,0.24883020871156364,0.7511697912884368,0.10428832249828264,0.8957116775017278
90,45.1505016722408,0.9,0.63,0.24944801473261022,0.7505519852673901,0.1070661909179255,0.8929338090820859
91,45.65217391304348,0.9,0.63,0.2500811582865569,0.7499188417134435,0.10989976370203447,0.8901002362979777
92,46.15384615384615,0.9,0.63,0.2507296388525832,0.7492703611474171,0.11278920423336179,0.8872107957666515
93,46.65551839464883,0.9,0.63,0.25139348192713495,0.7486065180728655,0.11573462745945944,0.884265372540555
94,47.15719063545151,0.9,0.63,0.25207273301283234,0.747927266987168,0.11873609779812508,0.8812639022018905
95,47.65886287625418,0.9,0.63,0.2527674505806349,0.7472325494193656,0.12179362704904093,0.878206372950976
96,48.16053511705685,0.9,0.63,0.25347770239916423,0.7465222976008362,0.12490717248735674,0.8750928275126616
97,48.66220735785953,0.9,0.63,0.2542035612874314,0.7457964387125691,0.12807663513582218,0.8719233648641976
98,49.163879598662206,0.9,0.63,0.25494510115752334,0.745054898842477,0.13130185773224323,0.8686981422677782
99,49.66555183946488,0.9,0.63,0.2557023948842848,0.7442976051157155,0.13458262348340402,0.865417376516619
100,50.16722408026756,0.9,0.63,0.2564755111924667,0.7435244888075337,0.1379186545015048,0.8620813454985199
101,50.668896321070235,0.9,0.63,0.25726451491213403,0.7427354850878665,0.14130961024427624,0.8586903897557504
102,51.17056856187291,0.9,0.63,0.25806946531480957,0.7419305346851908,0.144755088015451,0.8552449119845775
103,51.67224080267559,0.9,0.63,0.2588904101386142,0.7411095898613862,0.14825461841747525,0.8517453815825553
104,52.17391304347826,0.9,0.63,0.25972739030203823,0.7402726096979622,0.15180766855093442,0.8481923314490984
105,52.675585284280935,0.9,0.63,0.26058043367819655,0.7394195663218038,0.15541363766155286,0.8445863623384823
106,53.17725752508361,0.9,0.63,0.26144955864013,0.7385504413598705,0.1590718596510091,0.8409281403490286
107,53.67892976588629,0.9,0.63,0.2623347702943052,0.7376652297056953,0.16278160055779287,0.8372183994422474
108,54.180602006688964,0.9,0.63,0.26323606219361034,0.7367639378063902,0.16654205980470946,0.8334579401953336
109,54.68227424749164,0.9,0.63,0.26415341318842017,0.7358465868115804,0.17035236955795136,0.8296476304420946
110,55.18394648829432,0.9,0.63,0.2650867889961008,0.7349132110038997,0.17421159496355396,0.8257884050364949
111,55.68561872909699,0.9,0.63,0.2660361402377091,0.7339638597622914,0.1781187351568034,0.8218812648432485
112,56.187290969899664,0.9,0.63,0.2670014024727276,0.7329985975272729,0.1820727230473115,0.8179272769527437
113,56.68896321070234,0.9,0.63,0.26798249636161303,0.7320175036383875,0.18607242670304752,0.813927573297011
114,57.19063545150502,0.9,0.63,0.268979326486651,0.7310206735133494,0.19011665092171515,0.8098833490783468
115,57.69230769230769,0.9,0.63,0.2699917821979836,0.7300082178020169,0.19420413646309218,0.8057958635369735
116,58.19397993311037,0.9,0.63,0.2710197361205218,0.7289802638794786,0.1983335652762298,0.8016664347238396
117,58.69565217391305,0.9,0.63,0.2720630451948021,0.7279369548051983,0.20250355681102872,0.7974964431890444
118,59.197324414715716,0.9,0.63,0.2731215495648366,0.7268784504351639,0.20671267643622324,0.7932873235638539
119,59.69899665551839,0.9,0.63,0.2741950731769441,0.7258049268230563,0.21095943039364182,0.7890405696064394
120,60.20066889632107,0.9,0.63,0.27528342347768586,0.7247165765223145,0.21524227471114102,0.7847577252889444
121,60.702341137123746,0.9,0.63,0.2763863914624353,0.7236136085375651,0.21955961252199466,0.780440387478095
122,61.20401337792642,0.9,0.63,0.27750375191561516,0.7224962480843852,0.22390980022144624,0.7760901997786478
123,61.7056856187291,0.9,0.63,0.27863526336009287,0.7213647366399075,0.2282911479397432,0.7717088520603552
124,62.207357859531776,0.9,0.63,0.2797806683228051,0.7202193316771953,0.2327019230949728,0.7672980769051302
125,62.709030100334445,0.9,0.63,0.28093969350917125,0.7190603064908291,0.23714035514710569,0.762859644853002
126,63.21070234113712,0.9,0.63,0.28211204993951344,0.7178879500604869,0.2416046345662633,0.758395365433849
127,63.7123745819398,0.9,0.63,0.2832974336333695,0.7167025663666309,0.24609292297990348,0.7539070770202134
128,64.21404682274247,0.9,0.63,0.2844955252835539,0.7155044747164465,0.2506033472969,0.7493966527032216
129,64.71571906354515,0.9,0.63,0.2857059916915894,0.714294008308411,0.2551340149616156,0.7448659850385109
130,65.21739130434783,0.9,0.63,0.28692848488129086,0.7130715151187096,0.25968300406536654,0.7403169959347646
131,65.7190635451505,0.9,0.63,0.2881626443307265,0.711837355669274,0.26424838202220935,0.7357516179779265
132,66.22073578595318,0.9,0.63,0.2894080954901468,0.7105919045098537,0.26882819415644726,0.7311718058436933
133,66.72240802675586,0.9,0.63,0.2906644508237593,0.7093355491762411,0.27342047238649037,0.7265795276136549
134,67.22408026755853,0.9,0.63,0.29193131137836054,0.7080686886216399,0.27802324517278865,0.7219767548273611
135,67.72575250836121,0.9,0.63,0.29320826671338746,0.7067917332866129,0.2826345397401255,0.7173654602600289
136,68.22742474916387,0.9,0.63,0.2944948955273503,0.7055051044726501,0.28725238711868717,0.7127476128814716
137,68.72909698996655,0.9,0.63,0.2957907668424055,0.7042092331575949,0.291874815033763,0.7081251849664001
138,69.23076923076923,0.9,0.63,0.2970954405317914,0.702904559468209,0.2964998564225011,0.7035001435776662
139,69.7324414715719,0.9,0.63,0.2984084678244438,0.7015915321755566,0.30112555862166124,0.6988744413785102
140,70.23411371237458,0.9,0.63,0.2997293921718579,0.7002706078281425,0.30574998275115073,0.6942500172490246
141,70.73578595317726,0.9,0.63,0.30105774998279206,0.6989422500172083,0.3103712066630798,0.6896287933370993
142,71.23745819397993,0.9,0.63,0.3023930712235576,0.6976069287764428,0.3149873303795126,0.6850126696206701
143,71.73913043478261,0.9,0.63,0.30373488002205457,0.6962651199779459,0.3195964780692323,0.6804035219309539
144,72.24080267558529,0.9,0.63,0.30508269503321894,0.6949173049667815,0.32419679943389884,0.6758032005662905
145,72.74247491638796,0.9,0.63,0.3064360304965242,0.6935639695034763,0.3287864756572968,0.6712135243428955
146,73.24414715719064,0.9,0.63,0.30779439708233003,0.6922056029176703,0.33336372143215964,0.6666362785680354
147,73.74581939799332,0.9,0.63,0.30915730454820894,0.6908426954517914,0.3379267848881741,0.6620732151120234
148,74.24749163879599,0.9,0.63,0.31052426082661183,0.6894757391733884,0.34247395349434795,0.657526046505852
149,74.74916387959867,0.9,0.63,0.3118947730814743,0.688105226918526,0.3470035564182156,0.6529964435819864
150,75.25083612040133,0.9,0.63,0.3132683479268314,0.686731652073169,0.3515139627263342,0.6484860372738697
151,75.75250836120401,0.9,0.63,0.3146444926685969,0.6853555073314035,0.3560035864165981,0.6439964135836074
152,76.25418060200668,0.9,0.63,0.31602271623612904,0.6839772837638715,0.3604708897250918,0.6395291102751148
153,76.75585284280936,0.9,0.63,0.31740252926529944,0.682597470734701,0.3649143809475645,0.6350856190526432
154,77.25752508361204,0.9,0.63,0.3187834448215932,0.6812165551784073,0.3693326165143974,0.630667383485811
155,77.75919732441471,0.9,0.63,0.32016497952446515,0.6798350204755352,0.37372420584879046,0.6262757941514184
156,78.26086956521739,0.9,0.63,0.32154665424701034,0.67845334575299,0.37808780967215566,0.6219121903280534
157,78.76254180602007,0.9,0.63,0.3229279950861197,0.6770720049138806,0.38242213865423724,0.6175778613459718
158,79.26421404682274,0.9,0.63,0.3243085337198315,0.675691466280169,0.3867259595041816,0.6132740404960271
159,79.76588628762542,0.9,0.63,0.3256878079666187,0.6743121920333816,0.3909980933381834,0.6090019066620247
160,80.2675585284281,0.9,0.63,0.3270653613099513,0.672934638690049,0.395237411694269,0.6047625883059382
161,80.76923076923077,0.9,0.63,0.3284407449569212,0.6715592550430791,0.39944284363839655,0.6005571563618095
162,81.27090301003345,0.9,0.63,0.32981351812764753,0.6701864818723526,0.40361337516262086,0.5963866248375839
163,81.77257525083613,0.9,0.63,0.3311832476139259,0.6688167523860743,0.40774804434412154,0.5922519556560816
164,82.27424749163879,0.9,0.63,0.33254950825247964,0.6674504917475206,0.41184594137261826,0.588154058627583
165,82.77591973244147,0.9,0.63,0.33391188443720865,0.6660881155627916,0.4159062141927728,0.5840937858074263
166,83.27759197324414,0.9,0.63,0.3352699701023754,0.6647300298976248,0.41992806578394476,0.5800719342162521
167,83.77926421404682,0.9,0.63,0.33662336829187445,0.6633766317081258,0.4239107483128057,0.5760892516873887
168,84.2809364548495,0.9,0.63,0.33797169242549974,0.6620283075745005,0.42785356821830994,0.5721464317818817
169,84.78260869565217,0.9,0.63,0.33931456672468946,0.6606854332753108,0.4317558858818676,0.5682441141183212
170,85.28428093645485,0.9,0.63,0.34065162581814634,0.6593483741818539,0.43561711241264894,0.5643828875875367
171,85.78595317725753,0.9,0.63,0.34198251405570546,0.6580174859442948,0.4394367059131852,0.5605632940869973
172,86.2876254180602,0.9,0.63,0.3433068875845017,0.6566931124154985,0.44321417637449523,0.5567858236256839
173,86.78929765886288,0.9,0.63,0.34462441401205224,0.655375585987948,0.44694908303024894,0.5530509169699267
174,87.29096989966555,0.9,0.63,0.3459347715394348,0.6540652284605655,0.4506410299691538,0.5493589700310183
175,87.79264214046823,0.9,0.63,0.34723764974442367,0.6527623502555766,0.45428966702720264,0.5457103329729657
176,88.29431438127091,0.9,0.63,0.34853275019804536,0.6514672498019549,0.457894690146682,0.5421053098534825
177,88.79598662207358,0.9,0.63,0.3498197861460004,0.6501802138539998,0.4614558389238531,0.5385441610763074
178,89.29765886287625,0.9,0.63,0.35109848163226914,0.648901518367731,0.4649728929768125,0.5350271070233441
179,89.79933110367892,0.9,0.63,0.35236857282462025,0.6476314271753799,0.46844567375960205,0.5315543262405505
180,90.3010033444816,0.9,0.63,0.353629807856329,0.6463701921436712,0.47187404270633876,0.5281259572938097
181,90.80267558528428,0.9,0.63,0.35488194585950533,0.645118054140495,0.47525789845187383,0.5247421015482705
182,91.30434782608695,0.9,0.63,0.35612475698795876,0.6438752430120415,0.4785971755209829,0.5214028244791573
183,91.80602006688963,0.9,0.63,0.3573580236104512,0.642641976389549,0.4818918446659304,0.5181081553342057
184,92.3076923076923,0.9,0.63,0.35858153979832413,0.641418460201676,0.48514191080183033,0.5148580891983017
185,92.80936454849498,0.9,0.63,0.3597951107016774,0.6402048892983229,0.4883474110584182,0.5116525889417096
186,93.31103678929766,0.9,0.63,0.3609985511077761,0.6390014488922242,0.4915084120183677,0.508491587981756
187,93.81270903010034,0.9,0.63,0.36219168771490845,0.6378083122850918,0.4946250106514465,0.5053749893486731
188,94.31438127090301,0.9,0.63,0.363374358299105,0.6366256417008952,0.4976973321579342,0.5023026678421814
189,94.81605351170569,0.9,0.63,0.3645464114293527,0.6354535885706476,0.5007255285301093,0.49927447147000215
190,95.31772575250837,0.9,0.63,0.3657077051387174,0.6342922948612829,0.5037097773412414,0.496290222658866
191,95.81939799331104,0.9,0.63,0.3668581081198184,0.6331418918801819,0.5066502801698761,0.49334971983022746
192,96.3210702341137,0.9,0.63,0.36799749945505916,0.6320025005449411,0.5095472612358117,0.49045273876428797
193,96.82274247491638,0.9,0.63,0.36912576830238003,0.6308742316976202,0.512400966061738,0.4875990339383579
194,97.32441471571906,0.9,0.63,0.3702428128361448,0.6297571871638554,0.5152116612501894,0.48478833874990285
195,97.82608695652173,0.9,0.63,0.37134854056829375,0.6286514594317065,0.5179796325317424,0.48202036746834603
196,98.32775919732441,0.9,0.63,0.3724428685764634,0.6275571314235369,0.5207051829297344,0.47929481707035043
197,98.82943143812709,0.9,0.63,0.37352572303406173,0.6264742769659385,0.52338863179927,0.47661136820081146
198,99.33110367892976,0.9,0.63,0.3745970386538159,0.6254029613461844,0.5260303146477163,0.4739696853523616
199,99.83277591973244,0.9,0.63,0.37565675822450684,0.6243432417754935,0.5286305826688198,0.47136941733125487
200,100.33444816053512,0.9,0.63,0.37670483310010305,0.6232951668998972,0.5311897993499551,0.46881020065011625
201,100.8361204013378,0.9,0.63,0.3777412226826315,0.6222587773173688,0.5337083401717737,0.46629165982829457
202,101.33779264214047,0.9,0.63,0.3787658928182163,0.621234107181784,0.5361865862402007,0.4638134137598645
203,101.83946488294315,0.9,0.63,0.3797788215600863,0.620221178439914,0.5386249532984104,0.46137504670165175
204,102.34113712374582,0.9,0.63,0.38077998753898323,0.619220012461017,0.5410238352546046,0.45897616474545466
205,102.8428093645485,0.9,0.63,0.3817693801625611,0.6182306198374391,0.5433836507484204,0.45661634925163613
206,103.34448160535118,0.9,0.63,0.3827469952070774,0.6172530047929228,0.5457048240421554,0.4542951759578984
207,103.84615384615384,0.9,0.63,0.3837128345419684,0.6162871654580317,0.5479877872029202,0.45201221279713105
208,104.34782608695652,0.9,0.63,0.3846669063283506,0.6153330936716496,0.5502329785299408,0.44976702147010794
209,104.84949832775919,0.9,0.63,0.3856092249566313,0.6143907750433689,0.5524408418936038,0.44755915810644253
210,105.35117056856187,0.9,0.63,0.3865398102743033,0.6134601897256969,0.5546118247124201,0.4453881752876239
211,105.85284280936455,0.9,0.63,0.38745868829612373,0.6125413117038765,0.5567463802701007,0.44325361972994104
212,106.35451505016722,0.9,0.63,0.3883658906153255,0.6116341093846747,0.5588449661992607,0.4411550338007788
213,106.8561872909699,0.9,0.63,0.3892614525367189,0.6107385474632813,0.5609080397768037,0.4390919602232339
214,107.35785953177258,0.9,0.63,0.39014541530106267,0.6098545846989376,0.5629360634642662,0.4370639365357694
215,107.85953177257525,0.9,0.63,0.391017824817276,0.6089821751827242,0.5649295016351126,0.4350704983649212
216,108.36120401337793,0.9,0.63,0.3918787304241813,0.6081212695758188,0.5668888173151643,0.4331111826848677
217,108.8628762541806,0.9,0.63,0.3927281867895507,0.6072718132104495,0.5688144772041704,0.43118552279585987
218,109.36454849498328,0.9,0.63,0.393566252277606,0.6064337477223941,0.5707069476081136,0.42929305239191506
219,109.86622073578596,0.9,0.63,0.3943929883336546,0.6056070116663456,0.5725666929558619,0.4274333070441651
220,110.36789297658864,0.9,0.63,0.39520846126719084,0.6047915387328092,0.5743941800856947,0.4256058199143309
221,110.8695652173913,0.9,0.63,0.3960127399187756,0.6039872600812245,0.5761898730850247,0.42381012691499936
222,111.37123745819397,0.9,0.63,0.39680589631262303,0.6031941036873771,0.5779542346899907,0.422045765310032
223,111.87290969899665,0.9,0.63,0.39758800612450707,0.602411993875493,0.5796877271959442,0.4203122728040772
224,112.37458193979933,0.9,0.63,0.3983591479144921,0.601640852085508,0.5813908107911535,0.41860918920886664
225,112.876254180602,0.9,0.63,0.3991194028892892,0.600880597110711,0.58306394366582,0.416936056334199
226,113.37792642140468,0.9,0.63,0.3998688546186804,0.6001311453813198,0.5847075815354773,0.41529241846454057
227,113.87959866220736,0.9,0.63,0.4006075886574365,0.5993924113425637,0.5863221759594952,0.41367782404052167
228,114.38127090301003,0.9,0.63,0.4013356922877631,0.5986643077122371,0.587908174196241,0.41209182580377485
229,114.88294314381271,0.9,0.63,0.40205325515247925,0.5979467448475211,0.5894660211214723,0.4105339788785427
230,115.38461538461539,0.9,0.63,0.40276037026371075,0.5972396297362895,0.5909961621744302,0.40900383782558386
231,115.88628762541806,0.9,0.63,0.40345713141250206,0.5965428685874983,0.5924990364523869,0.4075009635476264
232,116.38795986622074,0.9,0.63,0.4041436338861056,0.5958563661138947,0.5939750788590971,0.4060249211409154
233,116.88963210702342,0.9,0.63,0.40481997446701423,0.5951800255329861,0.5954247203262565,0.4045752796737552
234,117.3913043478261,0.9,0.63,0.4054862517152827,0.5945137482847176,0.5968483889004281,0.40315161109958286
235,117.89297658862876,0.9,0.63,0.40614256520471304,0.5938574347952872,0.5982465076699096,0.40175349233010066
236,118.39464882943143,0.9,0.63,0.40678901555191666,0.5932109844480836,0.5996194950866404,0.4003805049133693
237,118.89632107023411,0.9,0.63,0.4074257043521576,0.5925742956478427,0.6009677650083478,0.3990322349916612
238,119.39799331103679,0.9,0.63,0.40805273439243817,0.5919472656075622,0.6022917275891188,0.3977082724108897
239,119.89966555183946,0.9,0.63,0.4086702091408893,0.5913297908591111,0.6035917879579644,0.39640821204204363
240,120.40133779264214,0.9,0.63,0.40927823267872065,0.5907217673212797,0.6048683462500891,0.3951316537499183
241,120.90301003344482,0.9,0.63,0.40987690965057905,0.5901230903494211,0.6061217976966852,0.3938782023033218
242,121.40468227424749,0.9,0.63,0.41046634533696547,0.5895336546630348,0.6073525330987688,0.39264746690123775
243,121.90635451505017,0.9,0.63,0.41104664546965125,0.5889533545303489,0.6085609384981243,0.3914390615018819
244,122.40802675585284,0.9,0.63,0.41161791595625563,0.5883820840437446,0.6097473945644546,0.3902526054355512
245,122.90969899665552,0.9,0.63,0.4121802628881491,0.5878197371118512,0.610912276860941,0.3890877231390644
246,123.4113712374582,0.9,0.63,0.4127337927728388,0.5872662072271615,0.6120559564342226,0.3879440435657824
247,123.91304347826087,0.9,0.63,0.41327861222664125,0.586721387773359,0.6131787993223692,0.3868212006776355
248,124.41471571906355,0.9,0.63,0.4138148277418538,0.5861851722581465,0.6142811662169652,0.3857188337830393
249,124.91638795986621,0.9,0.63,0.41434254572947776,0.5856574542705225,0.6153634126839288,0.38463658731607536
250,125.41806020066889,0.9,0.63,0.414861872450039,0.5851381275499613,0.6164258891633054,0.3835741108366984
251,125.91973244147157,0.9,0.63,0.4153729139835295,0.5846270860164707,0.6174689410257924,0.38253105897421114
252,126.42140468227424,0.9,0.63,0.4158757763760426,0.5841242236239577,0.6184929088547836,0.3815070911452198
253,126.92307692307692,0.9,0.63,0.4163705653442476,0.5836294346557527,0.6194981281946679,0.3805018718053353
254,127.4247491638796,0.9,0.63,0.4168573862941013,0.5831426137058989,0.6204849296933976,0.37951507030660525
255,127.92642140468227,0.9,0.63,0.41733634432014666,0.5826636556798536,0.6214536392299742,0.3785463607700284
256,128.42809364548495,0.9,0.63,0.41780754418712246,0.5821924558128778,0.622404578028968,0.3775954219710345
257,128.9297658862876,0.9,0.63,0.4182710900469391,0.5817289099530613,0.6233380619409159,0.37666193805908643
258,129.4314381270903,0.9,0.63,0.4187270851730359,0.5812729148269644,0.6242544007727546,0.37574559922724754
259,129.93311036789297,0.9,0.63,0.41917563257441165,0.5808243674255886,0.6251539003716745,0.37484609962832743
260,130.43478260869566,0.9,0.63,0.4196168346956863,0.580383165304314,0.6260368618391113,0.37396313816089055
261,130.93645484949832,0.9,0.63,0.4200507933853047,0.5799492066146956,0.6269035815809341,0.37309641841906765
262,131.438127090301,0.9,0.63,0.4204776098703731,0.5795223901296273,0.6277543513720688,0.37224564862793286
263,131.93979933110367,0.9,0.63,0.42089738455020825,0.579102615449792,0.6285894577638717,0.3714105422361299
264,132.44147157190636,0.9,0.63,0.4213102171017323,0.578689782898268,0.6294091826051067,0.3705908173948947
265,132.94314381270902,0.9,0.63,0.4217162065284512,0.5782837934715491,0.6302138033540907,0.3697861966459106
266,133.44481605351172,0.9,0.63,0.42211545108049053,0.5778845489195098,0.6310035929215551,0.3689964070784461
267,133.94648829431438,0.9,0.63,0.42250804823780197,0.5774919517621984,0.6317788197341179,0.3682211802658833
268,134.44816053511707,0.9,0.63,0.42289409466560673,0.5771059053343934,0.632539747747564,0.36746025225243695
269,134.94983277591973,0.9,0.63,0.4232736860339802,0.57672631396602,0.6332866362188545,0.36671336378114644
270,135.45150501672242,0.9,0.63,0.4236469172175808,0.5763530827824195,0.6340197401490111,0.3659802598509898
271,135.95317725752508,0.9,0.63,0.42401388223077985,0.5759861177692204,0.6347393102571526,0.3652606897428483
272,136.45484949832775,0.9,0.63,0.4243746741933877,0.5756253258066125,0.6354455930075037,0.3645544069924971
273,136.95652173913044,0.9,0.63,0.42472938531727644,0.5752706146827238,0.6361388306722316,0.36386116932776913
274,137.4581939799331,0.9,0.63,0.4250781069082853,0.5749218930917149,0.6368192613160905,0.36318073868391026
275,137.9598662207358,0.9,0.63,0.42542092936734505,0.5745790706326552,0.6374871187991986,0.362512881200802
276,138.46153846153845,0.9,0.63,0.42575794215502505,0.5742420578449752,0.6381426330125715,0.36185736698742915
277,138.96321070234114,0.9,0.63,0.4260892338000774,0.5739107661999229,0.6387860298632989,0.3612139701367017
278,139.4648829431438,0.9,0.63,0.42641489189759707,0.5735851081024032,0.6394175313354264,0.3605824686645741
279,139.9665551839465,0.9,0.63,0.4267350030554935,0.5732649969445067,0.6400373555264774,0.35996264447352305
280,140.46822742474916,0.9,0.63,0.4270496530232016,0.5729503469767987,0.6406457167001275,0.35935428329987307
281,140.96989966555185,0.9,0.63,0.42735892633702166,0.5726410736629786,0.6412428252321472,0.35875717476785324
282,141.4715719063545,0.9,0.63,0.42766290672482055,0.5723370932751797,0.6418288878841685,0.3581711121158319
283,141.9732441471572,0.9,0.63,0.42796167693959186,0.5720383230604084,0.6424041077637056,0.35759589223629473
284,142.47491638795987,0.9,0.63,0.428255318764749,0.5717446812352512,0.6429686843866591,0.3570313156133412
285,142.97658862876253,0.9,0.63,0.4285439129945303,0.5714560870054699,0.6435228137138153,0.3564771862861849
286,143.47826086956522,0.9,0.63,0.42882753931866024,0.57117246068134,0.6440666880873084,0.3559333119126919
287,143.97993311036788,0.9,0.63,0.4291062764933231,0.5708937235066771,0.6446004964662343,0.3553995035337659
288,144.48160535117057,0.9,0.63,0.4293802023017806,0.5706197976982197,0.6451244244424755,0.3548755755575246
289,144.98327759197323,0.9,0.63,0.4296493935424629,0.5703506064575374,0.6456386542852316,0.35436134571476857
290,145.48494983277592,0.9,0.63,0.4299139260318763,0.5700860739681239,0.6461433649950766,0.3538566350049236
291,145.9866220735786,0.9,0.63,0.4301738746366723,0.5698261253633279,0.6466387322808302,0.35336126771917
292,146.48829431438128,0.9,0.63,0.4304293132465835,0.5695706867534167,0.6471249286929455,0.35287507130705476
293,146.98996655518394,0.9,0.63,0.4306803147731699,0.5693196852268303,0.6476021236885807,0.35239787631141956
294,147.49163879598663,0.9,0.63,0.4309269511593937,0.5690730488406065,0.6480704836680099,0.35192951633199027
295,147.9933110367893,0.9,0.63,0.43116929338188337,0.5688307066181169,0.6485301720303183,0.35146982796968207
296,148.49498327759198,0.9,0.63,0.4314074114629472,0.568592588537053,0.6489813491450441,0.3510186508549561
297,148.99665551839465,0.9,0.63,0.4316413744704211,0.568358625529579,0.6494241724287081,0.35057582757129213
298,149.49832775919734,0.9,0.63,0.4318712505108175,0.5681287494891828,0.6498587964791036,0.3501412035208966
299,150.0,0.9,0.63,0.43209710673726276,0.5679028932627375,0.6502853730820779,0.3497146269179224
