,time,sigma,beta,S,I,C,D
0,0.0,0.91,0.44,0.9998,0.0002,0.5,0.5
1,0.5016722408026756,0.91,0.44,0.9997868583399968,0.00021314166000326162,0.4791170727946011,0.5208829272053989
2,1.0033444816053512,0.91,0.44,0.9997722152505532,0.00022778474944680578,0.45830732396318224,0.5416926760368177
3,1.5050167224080266,0.91,0.44,0.9997558610181224,0.00024413898187754688,0.43764259342791684,0.5623574065720833
4,2.0066889632107023,0.91,0.44,0.999737565566767,0.0002624344332329945,0.4171926536663492,0.5828073463336509
5,2.508361204013378,0.91,0.44,0.9997170653974501,0.0002829346025498325,0.3970243594101904,0.6029756405898097
6,3.0100334448160533,0.91,0.44,0.9996940583247479,0.0003059416752521305,0.3772008053249372,0.6227991946750628
7,3.511705685618729,0.91,0.44,0.9996681978369425,0.00033180216305752513,0.3577806210984745,0.6422193789015255
8,4.013377926421405,0.91,0.44,0.9996390855971604,0.0003609144028396031,0.3388172730336646,0.6611827269663354
9,4.51505016722408,0.91,0.44,0.9996062640908376,0.0003937359091623716,0.32035867875868934,0.6796413212413107
10,5.016722408026756,0.91,0.44,0.9995692071874621,0.0004307928125378859,0.302446819663189,0.6975531803368111
11,5.518394648829432,0.91,0.44,0.9995273094652908,0.0004726905347092866,0.28511753592472716,0.714882464075273
12,6.020066889632107,0.91,0.44,0.9994798738636989,0.0005201261363011859,0.26840045574543836,0.7315995442545619
13,6.521739130434782,0.91,0.44,0.9994260972492639,0.000573902750736132,0.25231905184735853,0.7476809481526416
14,7.023411371237458,0.91,0.44,0.9993650549547508,0.0006349450452492924,0.23689074022232265,0.7631092597776776
15,7.525083612040134,0.91,0.44,0.9992956798816154,0.0007043201183847586,0.22212724800000633,0.7778727519999938
16,8.02675585284281,0.91,0.44,0.9992167414480688,0.000783258551931289,0.20803489886705318,0.7919651011329469
17,8.528428093645484,0.91,0.44,0.9991268202408632,0.0008731797591369608,0.194614923506669,0.8053850764933311
18,9.03010033444816,0.91,0.44,0.9990242780598807,0.0009757219401195244,0.18186403207410642,0.8181359679258937
19,9.531772575250836,0.91,0.44,0.9989072238922331,0.0010927761077671628,0.16977481059077598,0.8302251894092242
20,10.033444816053512,0.91,0.44,0.9987734745391084,0.0012265254608919119,0.1583362211946904,0.8416637788053098
21,10.535117056856187,0.91,0.44,0.9986205092077403,0.0013794907922599687,0.14753409758636873,0.8524659024136315
22,11.036789297658864,0.91,0.44,0.9984454170072571,0.0015545829927432107,0.13735161644294502,0.8626483835570552
23,11.538461538461538,0.91,0.44,0.9982448365182803,0.0017551634817199746,0.12776975757403675,0.8722302424259634
24,12.040133779264213,0.91,0.44,0.9980148862601823,0.001985113739817996,0.11876773909511712,0.8812322609048829
25,12.54180602006689,0.91,0.44,0.9977510842963836,0.0022489157036166075,0.11032341924954778,0.8896765807504523
26,13.043478260869565,0.91,0.44,0.997448257787989,0.002551742212011336,0.10241367114002242,0.8975863288599777
27,13.545150501672241,0.91,0.44,0.9971004355807078,0.0028995644192923798,0.09501470897234239,0.9049852910276577
28,14.046822742474916,0.91,0.44,0.996700730055007,0.003299269944993225,0.08810238825795311,0.9118976117420471
29,14.548494983277592,0.91,0.44,0.996241196475103,0.0037588035248971633,0.08165246408758699,0.9183475359124131
30,15.050167224080267,0.91,0.44,0.9957126794075912,0.004287320592409003,0.0756408176498264,0.9243591823501738
31,15.551839464882944,0.91,0.44,0.9951046322162302,0.0048953677837699685,0.0700436454745372,0.929956354525463
32,16.05351170568562,0.91,0.44,0.9944049166419551,0.0055950833580451585,0.06483762048757159,0.9351623795124286
33,16.555183946488295,0.91,0.44,0.9935995765426652,0.00640042345733504,0.06000002049151059,0.9399999795084897
34,17.05685618729097,0.91,0.44,0.9926725810818047,0.007327418918195496,0.055508836276080144,0.9444911637239201
35,17.558528428093645,0.91,0.44,0.9916055450142943,0.008394454985705908,0.051342847965195504,0.9486571520348047
36,18.06020066889632,0.91,0.44,0.9903774115825605,0.009622588417439702,0.04748169035684789,0.9525183096431522
37,18.561872909698998,0.91,0.44,0.9889641129980536,0.011035887001946566,0.043905891547785236,0.9560941084522149
38,19.06354515050167,0.91,0.44,0.9873381968446264,0.012661803155373779,0.04059689915269335,0.9594031008473068
39,19.565217391304348,0.91,0.44,0.9854684339283549,0.01453156607164531,0.03753709480640375,0.9624629051935965
40,20.066889632107024,0.91,0.44,0.983319396710699,0.016680603289301283,0.03470979550036057,0.9652902044996396
41,20.568561872909697,0.91,0.44,0.9808510507424334,0.019148949257566876,0.032099246176319006,0.9679007538236811
42,21.070234113712374,0.91,0.44,0.9780183180364945,0.0219816819635058,0.029690601215752205,0.9703093987842479
43,21.57190635451505,0.91,0.44,0.9747707265090255,0.025229273490974754,0.027469906750625574,0.9725300932493746
44,22.073578595317727,0.91,0.44,0.9710520220148717,0.02894797798512853,0.025424068839332813,0.9745759311606674
45,22.5752508361204,0.91,0.44,0.9668000067902269,0.03319999320977338,0.023540827424887615,0.9764591725751128
46,23.076923076923077,0.91,0.44,0.9619464174189118,0.038053582581088444,0.021808719910517402,0.978191280089483
47,23.578595317725753,0.91,0.44,0.9564170520652818,0.043582947934718605,0.020217045567363565,0.9797829544326369
48,24.080267558528426,0.91,0.44,0.9501321787369877,0.0498678212630126,0.0187558287760541,0.9812441712239464
49,24.581939799331103,0.91,0.44,0.9430073071682352,0.0569926928317651,0.017415780873895427,0.9825842191261052
50,25.08361204013378,0.91,0.44,0.9349544289283044,0.06504557107169599,0.016188261606973505,0.983811738393027
51,25.585284280936456,0.91,0.44,0.9258838271721008,0.07411617282789945,0.01506524024262927,0.9849347597573713
52,26.08695652173913,0.91,0.44,0.915706515403968,0.08429348459603252,0.014039257806930295,0.9859607421930702
53,26.588628762541806,0.91,0.44,0.9043374043578629,0.09566259564213758,0.013103389312112168,0.9868966106878884
54,27.090301003344482,0.91,0.44,0.891699225280671,0.10830077471932956,0.012251206504054927,0.9877487934959456
55,27.59197324414716,0.91,0.44,0.8777271364870071,0.12227286351299345,0.01147674176211204,0.9885232582378884
56,28.093645484949832,0.91,0.44,0.8623738816443479,0.1376261183556525,0.010774453061634484,0.9892255469383661
57,28.59531772575251,0.91,0.44,0.8456155505172434,0.15438444948275715,0.010139190347336218,0.9898608096526643
58,29.096989966555185,0.91,0.44,0.827456806839749,0.17254319316025152,0.009566162815459286,0.9904338371845413
59,29.598662207357858,0.91,0.44,0.807936202268954,0.19206379773104648,0.009050908879060526,0.99094909112094
60,30.100334448160535,0.91,0.44,0.787130041520522,0.2128699584794785,0.008589267071439765,0.9914107329285609
61,30.60200668896321,0.91,0.44,0.7651547659884165,0.23484523401158403,0.008177349950305791,0.9918226500496948
62,31.103678929765888,0.91,0.44,0.7421670666265813,0.2578329333734194,0.007811519967312451,0.9921884800326881
63,31.60535117056856,0.91,0.44,0.7183613822725287,0.28163861772747195,0.0074883682206105685,0.9925116317793901
64,32.10702341137124,0.91,0.44,0.6939646235528472,0.3060353764471535,0.00720469590701195,0.9927953040929887
65,32.608695652173914,0.91,0.44,0.6692282795020512,0.33077172049794956,0.006957498619222353,0.9930425013807783
66,33.11036789297659,0.91,0.44,0.6444184169799353,0.3555815830200655,0.006743953387165609,0.9932560466128351
67,33.61204013377927,0.91,0.44,0.6198043791957206,0.38019562080428004,0.0065614082654743035,0.9934385917345263
68,34.11371237458194,0.91,0.44,0.5956471856715333,0.40435281432846737,0.0064073741520992425,0.9935926258479014
69,34.61538461538461,0.91,0.44,0.5721886824348454,0.4278113175651552,0.006279518426055476,0.9937204815739452
70,35.11705685618729,0.91,0.44,0.5496423558117243,0.45035764418827634,0.006175659949796298,0.9938243400502044
71,35.618729096989966,0.91,0.44,0.5281865838608725,0.4718134161391283,0.006093764943279485,0.9939062350567214
72,36.12040133779264,0.91,0.44,0.5079605286770108,0.4920394713229899,0.006031943211246729,0.9939680567887542
73,36.62207357859532,0.91,0.44,0.4890628098775771,0.5109371901224237,0.005988444470061683,0.9940115555299393
74,37.123745819397996,0.91,0.44,0.4715526605526828,0.528447339447318,0.00596165441981594,0.994038345580185
75,37.625418060200666,0.91,0.44,0.45545306722682727,0.5445469327731736,0.0059500902829386585,0.9940499097170624
76,38.12709030100334,0.91,0.44,0.44075530601425766,0.5592446939857432,0.005952395769489947,0.9940476042305113
77,38.62876254180602,0.91,0.44,0.4274242815034469,0.572575718496554,0.005967335481152756,0.9940326645188485
78,39.130434782608695,0.91,0.44,0.41540415560955807,0.5845958443904428,0.005993788751229075,0.9940062112487723
79,39.63210702341137,0.91,0.44,0.404623703518991,0.5953762964810099,0.006030742977573345,0.9939692570224283
80,40.13377926421405,0.91,0.44,0.3950013943428997,0.6049986056571012,0.0060772868572060304,0.9939227131427958
81,40.635451505016725,0.91,0.44,0.3864497616708386,0.6135502383291623,0.006132603324870315,0.9938673966751317
82,41.137123745819395,0.91,0.44,0.3788787783647921,0.6211212216352089,0.00619596212336785,0.9938040378766343
83,41.63879598662207,0.91,0.44,0.3721989558789744,0.6278010441210266,0.006266713192670896,0.9937332868073314
84,42.14046822742475,0.91,0.44,0.3663233690644054,0.6336766309355956,0.006344279659623936,0.9936557203403787
85,42.642140468227424,0.91,0.44,0.3611692215078168,0.6388307784921842,0.006428151248326519,0.9935718487516764
86,43.1438127090301,0.91,0.44,0.3566588772440975,0.6433411227559035,0.006517878065066102,0.993482121934937
87,43.64548494983278,0.91,0.44,0.3527204915299383,0.6472795084700627,0.006613064986556628,0.9933869350134469
88,44.147157190635454,0.91,0.44,0.3492882391467998,0.6507117608532011,0.006713365923589246,0.9932866340764145
89,44.64882943143812,0.91,0.44,0.34630236783337265,0.6536976321666282,0.006818479019846512,0.9931815209801577
90,45.1505016722408,0.91,0.44,0.34370903542480946,0.6562909645751915,0.0069281420190230696,0.9930718579809815
91,45.65217391304348,0.91,0.44,0.3414600368008673,0.6585399631991337,0.0070421280924064245,0.9929578719075987
92,46.15384615384615,0.91,0.44,0.33951242557592504,0.6604875744240759,0.007160241958906859,0.9928397580410987
93,46.65551839464883,0.91,0.44,0.3378281279222675,0.6621718720777335,0.007282316545112776,0.9927176834548933
94,47.15719063545151,0.91,0.44,0.3363735230941677,0.6636264769058333,0.007408209901882362,0.9925917900981244
95,47.65886287625418,0.91,0.44,0.3351190110381588,0.6648809889618422,0.007537802384025116,0.9924621976159823
96,48.16053511705685,0.91,0.44,0.3340386094369998,0.6659613905630011,0.007670994205586397,0.9923290057944218
97,48.66220735785953,0.91,0.44,0.333109567741568,0.6668904322584329,0.007807703228439736,0.9921922967715693
98,49.163879598662206,0.91,0.44,0.33231200846935394,0.667687991530647,0.007947863017192554,0.9920521369828175
99,49.66555183946488,0.91,0.44,0.3316285908338088,0.6683714091661921,0.008091421058920262,0.9919085789410907
100,50.16722408026756,0.91,0.44,0.33104421276838875,0.6689557872316121,0.008238337227932312,0.9917616627720799
101,50.668896321070235,0.91,0.44,0.33054574001516307,0.6694542599848377,0.008388582425379579,0.9916114175746339
102,51.17056856187291,0.91,0.44,0.3301217622194733,0.6698782377805275,0.00854213735427269,0.9914578626457422
103,51.67224080267559,0.91,0.44,0.32976237807050507,0.6702376219294958,0.008698991447709921,0.9913010085523065
104,52.17391304347826,0.91,0.44,0.32945899963916814,0.6705410003608325,0.008859141911751264,0.9911408580882669
105,52.675585284280935,0.91,0.44,0.3292041852387762,0.6707958147612245,0.009022592894157579,0.9909774071058626
106,53.17725752508361,0.91,0.44,0.3289914926046753,0.6710085073953254,0.009189354762007145,0.990810645238015
107,53.67892976588629,0.91,0.44,0.32881534466087237,0.6711846553391283,0.009359443426893833,0.9906405565731305
108,54.180602006688964,0.91,0.44,0.3286709194091126,0.6713290805908881,0.009532879796201694,0.9904671202038253
109,54.68227424749164,0.91,0.44,0.3285540461515284,0.6714459538484724,0.009709689243852446,0.9902903107561773
110,55.18394648829432,0.91,0.44,0.32846112094026053,0.6715388790597402,0.009889901182455339,0.9901100988175776
111,55.68561872909699,0.91,0.44,0.3283890310890594,0.6716109689109413,0.01007354867293269,0.9899264513271037
112,56.187290969899664,0.91,0.44,0.328335087429576,0.6716649125704247,0.010260668071131464,0.9897393319289087
113,56.68896321070234,0.91,0.44,0.3282969698105647,0.671703030189436,0.010451298738254256,0.9895487012617902
114,57.19063545150502,0.91,0.44,0.32827267479948175,0.671727325200519,0.010645482762271856,0.9893545172377771
115,57.69230769230769,0.91,0.44,0.32826047485657234,0.6717395251434284,0.010843264734783068,0.989156735265271
116,58.19397993311037,0.91,0.44,0.3282588802305527,0.671741119769448,0.011044691542264003,0.9889553084577957
117,58.69565217391305,0.91,0.44,0.3282666064819126,0.6717333935180881,0.011249812183879056,0.9887501878161868
118,59.197324414715716,0.91,0.44,0.32828254746005087,0.6717174525399499,0.011458677616977102,0.9885413223830957
119,59.69899665551839,0.91,0.44,0.32830574997166,0.6716942500283407,0.011671340612482517,0.9883286593875978
120,60.20066889632107,0.91,0.44,0.32833539412435436,0.6716646058756465,0.011887855637740152,0.9881121443623485
121,60.702341137123746,0.91,0.44,0.3283707744226582,0.6716292255773425,0.012108278744860633,0.9878917212552374
122,61.20401337792642,0.91,0.44,0.3284112845370207,0.67158871546298,0.012332667477184294,0.9876673325229238
123,61.7056856187291,0.91,0.44,0.32845640389327,0.6715435961067306,0.012561080785909838,0.9874389192142096
124,62.207357859531776,0.91,0.44,0.32850568566696825,0.6714943143330324,0.01279357895471103,0.9872064210454208
125,62.709030100334445,0.91,0.44,0.3285587470094787,0.6714412529905219,0.013030223535952207,0.9869697764641933
126,63.21070234113712,0.91,0.44,0.32861526027707705,0.6713847397229236,0.013271077292830512,0.98672892270733
127,63.7123745819398,0.91,0.44,0.3286749469030228,0.6713250530969778,0.013516204154642024,0.9864837958455352
128,64.21404682274247,0.91,0.44,0.3287375679380218,0.6712624320619788,0.013765669155279964,0.9862343308449156
129,64.71571906354515,0.91,0.44,0.3288029196794073,0.6711970803205933,0.014019538398684807,0.985980461601531
130,65.21739130434783,0.91,0.44,0.3288708309165874,0.6711291690834131,0.014277879035882577,0.9857221209643555
131,65.7190635451505,0.91,0.44,0.32894115505349614,0.6710588449465045,0.014540759210810453,0.9854592407894522
132,66.22073578595318,0.91,0.44,0.32901377073778454,0.6709862292622161,0.014808248056209198,0.9851917519440806
133,66.72240802675586,0.91,0.44,0.32908857551036425,0.6709114244896365,0.015080415648604824,0.9849195843517148
134,67.22408026755853,0.91,0.44,0.3291654847196822,0.6708345152803185,0.015357332989006489,0.9846426670113461
135,67.72575250836121,0.91,0.44,0.329244427511008,0.6707555724889928,0.01563907196874368,0.9843609280316451
136,68.22742474916387,0.91,0.44,0.3293253484169984,0.6706746515830023,0.015925705382664662,0.9840742946177641
137,68.72909698996655,0.91,0.44,0.32940819997303034,0.6705918000269704,0.016217306852235994,0.9837826931482367
138,69.23076923076923,0.91,0.44,0.32949294640445775,0.6705070535955429,0.016513950858556906,0.9834860491419642
139,69.7324414715719,0.91,0.44,0.3295795601925045,0.6704204398074962,0.01681571270253882,0.9831842872980358
140,70.23411371237458,0.91,0.44,0.3296680202687834,0.6703319797312172,0.017122668492093308,0.9828773315085401
141,70.73578595317726,0.91,0.44,0.3297583124111965,0.6702416875888041,0.017434895110060765,0.9825651048906374
142,71.23745819397993,0.91,0.44,0.3298504294397748,0.6701495705602257,0.0177524702449216,0.982247529755848
143,71.73913043478261,0.91,0.44,0.3299443676895323,0.6700556323104683,0.018075472314358326,0.9819245276864897
144,72.24080267558529,0.91,0.44,0.3300401270001074,0.6699598729998931,0.018403980462942407,0.9815960195379921
145,72.74247491638796,0.91,0.44,0.3301377125199002,0.6698622874801002,0.01873807459357869,0.9812619254074509
146,73.24414715719064,0.91,0.44,0.3302371305203039,0.6697628694796965,0.019077835256195518,0.9809221647449388
147,73.74581939799332,0.91,0.44,0.33033839162005246,0.6696616083799479,0.0194233437390477,0.9805766562622018
148,74.24749163879599,0.91,0.44,0.33044150831826097,0.6695584916817394,0.01977468196746796,0.9802253180339083
149,74.74916387959867,0.91,0.44,0.33054649536638037,0.66945350463362,0.020131932523300488,0.9798680674782153
150,75.25083612040133,0.91,0.44,0.3306533699270048,0.6693466300729956,0.020495178639843258,0.9795048213618258
151,75.75250836120401,0.91,0.44,0.330762149710226,0.6692378502897742,0.020864504091233225,0.9791354959106046
152,76.25418060200668,0.91,0.44,0.33087285525655796,0.6691271447434423,0.02123999333677741,0.978760006665246
153,76.75585284280936,0.91,0.44,0.33098550861144904,0.6690144913885512,0.021621731421346064,0.9783782685808813
154,77.25752508361204,0.91,0.44,0.3311001311073225,0.6688998688926777,0.02200980378152007,0.9779901962209316
155,77.75919732441471,0.91,0.44,0.3312167462330299,0.6687832537669703,0.022404296498172955,0.9775957035045253
156,78.26086956521739,0.91,0.44,0.3313353787153584,0.6686646212846418,0.02280529619301377,0.9771947038099554
157,78.76254180602007,0.91,0.44,0.3314560532506227,0.6685439467493774,0.023212889797942324,0.9767871102053246
158,79.26421404682274,0.91,0.44,0.3315787958160515,0.6684212041839487,0.023627164807493845,0.9763728351961002
159,79.76588628762542,0.91,0.44,0.3317036333510229,0.6682963666489773,0.024048209204169543,0.9759517907997838
160,80.2675585284281,0.91,0.44,0.33183059287330735,0.6681694071266928,0.024476111178838474,0.9755238888255097
161,80.76923076923077,0.91,0.44,0.3319597022621827,0.6680402977378174,0.024910959390604566,0.9750890406141771
162,81.27090301003345,0.91,0.44,0.33209098900388495,0.6679090109961152,0.02535284216935841,0.9746471578358985
163,81.77257525083613,0.91,0.44,0.33222448495402634,0.6677755150459739,0.025801850854226094,0.974198149151554
164,82.27424749163879,0.91,0.44,0.33236021635083757,0.6676397836491625,0.02625807307002838,0.9737419269363256
165,82.77591973244147,0.91,0.44,0.33249821355315856,0.6675017864468415,0.026721599123643507,0.97327840088334
166,83.27759197324414,0.91,0.44,0.3326385068240004,0.6673614931759997,0.027192519126475002,0.9728074808811998
167,83.77926421404682,0.91,0.44,0.3327811264401821,0.667218873559818,0.02767092321809187,0.9723290767903422
168,84.2809364548495,0.91,0.44,0.3329261027053546,0.6670738972946455,0.028156901592796414,0.9718430984164704
169,84.78260869565217,0.91,0.44,0.3330734660517204,0.6669265339482797,0.02865054446804519,0.971349455542134
170,85.28428093645485,0.91,0.44,0.3332232482270702,0.6667767517729298,0.029151942298254276,0.9708480577129263
171,85.78595317725753,0.91,0.44,0.33337548055563043,0.6666245194443696,0.029661185461548677,0.9703388145507307
172,86.2876254180602,0.91,0.44,0.3335301941185916,0.6664698058814086,0.03017836429227861,0.9698216357212045
173,86.78929765886288,0.91,0.44,0.3336874202559835,0.6663125797440166,0.030703569040482315,0.9692964309743184
174,87.29096989966555,0.91,0.44,0.33384719177642647,0.6661528082235736,0.031236889477832725,0.9687631105384132
175,87.79264214046823,0.91,0.44,0.33400954081009737,0.6659904591899026,0.03177841559699273,0.9682215844208376
176,88.29431438127091,0.91,0.44,0.33417449931431853,0.6658255006856815,0.032328237446929316,0.9676717625726354
177,88.79598662207358,0.91,0.44,0.3343420994736377,0.6656579005263623,0.032886444601864344,0.9671135554195976
178,89.29765886287625,0.91,0.44,0.33451237422919194,0.6654876257708081,0.033453125055266784,0.966546874968275
179,89.79933110367892,0.91,0.44,0.334685356077064,0.6653146439229359,0.034028367730464,0.9659716322953554
180,90.3010033444816,0.91,0.44,0.3348610774615053,0.6651389225384947,0.03461226165907534,0.965387738369235
181,90.80267558528428,0.91,0.44,0.3350395709925889,0.6649604290074111,0.03520489470008917,0.9647951053309441
182,91.30434782608695,0.91,0.44,0.3352208696103981,0.664779130389602,0.03580635237878247,0.9641936476552325
183,91.80602006688963,0.91,0.44,0.33540500602983075,0.6645949939701693,0.036416721812861416,0.9635832782244153
184,92.3076923076923,0.91,0.44,0.33559201295605207,0.6644079870439479,0.03703609009552841,0.9629639099453112
185,92.80936454849498,0.91,0.44,0.33578192310932603,0.6642180768906739,0.03766454076032001,0.9623354592844158
186,93.31103678929766,0.91,0.44,0.3359747692100165,0.6640252307899834,0.038302157317182,0.9616978427318151
187,93.81270903010034,0.91,0.44,0.3361705839734027,0.6638294160265973,0.03894902447483851,0.9610509755788136
188,94.31438127090301,0.91,0.44,0.33636940004487836,0.6636305999551215,0.039605225652702775,0.9603947744060299
189,94.81605351170569,0.91,0.44,0.3365712497939959,0.6634287502060041,0.040270839181211965,0.9597291608830741
190,95.31772575250837,0.91,0.44,0.3367761657331474,0.6632238342668525,0.0409459460260459,0.9590540540443059
191,95.81939799331104,0.91,0.44,0.33698417960917765,0.6630158203908224,0.04163061973471627,0.9583693803422751
192,96.3210702341137,0.91,0.44,0.33719532561534526,0.6628046743846548,0.042324958149933346,0.9576750419342601
193,96.82274247491638,0.91,0.44,0.33740963380440653,0.6625903661955935,0.04302901799531429,0.9569709820967567
194,97.32441471571906,0.91,0.44,0.33762713652651183,0.6623728634734882,0.04374287880976534,0.9562571212909023
195,97.82608695652173,0.91,0.44,0.33784786591201693,0.6621521340879831,0.04446661823310636,0.9555333818769269
196,98.32775919732441,0.91,0.44,0.33807185311140137,0.6619281468885987,0.04520030660881897,0.9547996935114221
197,98.82943143812709,0.91,0.44,0.33829912926538785,0.6617008707346123,0.04594401387275161,0.9540559862586135
198,99.33110367892976,0.91,0.44,0.3385297253699916,0.6614702746300085,0.046697808594851176,0.9533021915486329
199,99.83277591973244,0.91,0.44,0.33876367216108955,0.6612363278389105,0.04746175717714844,0.9525382429795347
200,100.33444816053512,0.91,0.44,0.3390009999478832,0.6609990000521169,0.04823592467522342,0.9517640754958329
201,100.8361204013378,0.91,0.44,0.33924173870705604,0.660758261292944,0.04902037433376208,0.9509796258529429
202,101.33779264214047,0.91,0.44,0.3394859181912543,0.6605140818087457,0.049815167051460475,0.9501848331522769
203,101.83946488294315,0.91,0.44,0.33973356785941006,0.66026643214059,0.05062036172471633,0.949379638497552
204,102.34113712374582,0.91,0.44,0.33998471658298224,0.6600152834170179,0.051436014933019344,0.9485639853094044
205,102.8428093645485,0.91,0.44,0.34023939222448185,0.6597606077755183,0.05226218048756011,0.9477378197767841
206,103.34448160535118,0.91,0.44,0.34049762260000055,0.6595023773999995,0.05309891046207862,0.9469010898260959
207,103.84615384615384,0.91,0.44,0.34075943512016627,0.6592405648798338,0.053946254808335314,0.946053745505733
208,104.34782608695652,0.91,0.44,0.3410248567362221,0.6589751432637779,0.05480426109145164,0.945195739250738
209,104.84949832775919,0.91,0.44,0.34129391365269207,0.658706086347308,0.05567297241322598,0.9443270279595054
210,105.35117056856187,0.91,0.44,0.34156663168179296,0.6584333683182071,0.056552429973615696,0.9434475704322772
211,105.85284280936455,0.91,0.44,0.34184303620403705,0.658156963795963,0.057442672785996456,0.9425573276558861
212,106.35451505016722,0.91,0.44,0.34212315211880684,0.6578768478811933,0.05834373733316554,0.9416562631477551
213,106.8561872909699,0.91,0.44,0.3424070032790296,0.6575929967209705,0.05925565580129276,0.9407443447219654
214,107.35785953177258,0.91,0.44,0.3426946127695705,0.6573053872304296,0.06017845694960615,0.9398215436195614
215,107.85953177257525,0.91,0.44,0.3429860033304255,0.6570139966695745,0.061112167432428116,0.9388878331865005
216,108.36120401337793,0.91,0.44,0.3432811971008013,0.6567188028991987,0.06205681099969111,0.937943189673146
217,108.8628762541806,0.91,0.44,0.34358021524496657,0.6564197847550334,0.06301240760753433,0.9369875931236827
218,109.36454849498328,0.91,0.44,0.34388307737557977,0.6561169226244201,0.06397897204747062,0.9360210287469675
219,109.86622073578596,0.91,0.44,0.3441898029039403,0.6558101970960596,0.06495651715612631,0.9350434837067474
220,110.36789297658864,0.91,0.44,0.3445004105289937,0.6554995894710063,0.06594505260053389,0.9340549483363826
221,110.8695652173913,0.91,0.44,0.34481491820304816,0.6551850817969518,0.06694458479663513,0.9330554162203446
222,111.37123745819397,0.91,0.44,0.345133342632504,0.6548666573674959,0.06795511533189985,0.9320448857716254
223,111.87290969899665,0.91,0.44,0.3454556990707147,0.6545443009292853,0.06897664031089686,0.9310233608861775
224,112.37458193979933,0.91,0.44,0.345782002379413,0.654217997620587,0.07000915370873388,0.929990847589416
225,112.876254180602,0.91,0.44,0.34611226654518434,0.6538877334548155,0.07105264584341708,0.9289473555638844
226,113.37792642140468,0.91,0.44,0.34644650467254834,0.6535534953274516,0.07210710335410314,0.9278928981710047
227,113.87959866220736,0.91,0.44,0.34678472831337137,0.6532152716866285,0.07317250729007717,0.9268274943621452
228,114.38127090301003,0.91,0.44,0.3471269476930211,0.6528730523069789,0.0742488337552419,0.9257511680341155
229,114.88294314381271,0.91,0.44,0.34747317242387027,0.6525268275761297,0.07533605594144205,0.9246639459957933
230,115.38461538461539,0.91,0.44,0.3478234111039239,0.652176588896076,0.07643414298464206,0.9235658591119731
231,115.88628762541806,0.91,0.44,0.34817767129952326,0.6518223287004767,0.07754305992809171,0.9224569423402034
232,116.38795986622074,0.91,0.44,0.348535958580156,0.6514640414198439,0.07866276566679269,0.9213372367863895
233,116.88963210702342,0.91,0.44,0.34889827727210215,0.6511017227278978,0.07979321455251297,0.9202067880997243
234,117.3913043478261,0.91,0.44,0.349264630891084,0.6507353691089159,0.0809343573151887,0.9190656455512555
235,117.89297658862876,0.91,0.44,0.3496350217814218,0.6503649782185781,0.08208614029444518,0.9179138628023902
236,118.39464882943143,0.91,0.44,0.35000945151310786,0.649990548486892,0.08324850624357727,0.9167514971008733
237,118.89632107023411,0.91,0.44,0.3503879178848853,0.6496120821151145,0.08442138826149632,0.9155786153491537
238,119.39799331103679,0.91,0.44,0.3507704197352949,0.649229580264705,0.08560471953395657,0.9143952843626553
239,119.89966555183946,0.91,0.44,0.351156953707141,0.6488430462928588,0.08679842678236838,0.9132015774213015
240,120.40133779264214,0.91,0.44,0.3515475152089427,0.6484524847910572,0.08800243221050673,0.9119975723227066
241,120.90301003344482,0.91,0.44,0.3519420983058233,0.6480579016941764,0.08921665331911743,0.9107833515675844
242,121.40468227424749,0.91,0.44,0.35234069504005405,0.6476593049599457,0.09044100181341226,0.9095590034523502
243,121.90635451505017,0.91,0.44,0.3527432962337261,0.6472567037662736,0.09167538486782305,0.9083246208042495
244,122.40802675585284,0.91,0.44,0.35314989131664887,0.6468501086833509,0.0929197048404217,0.9070803012669615
245,122.90969899665552,0.91,0.44,0.35356046817743964,0.6464395318225602,0.09417385902422533,0.9058261475493148
246,123.4113712374582,0.91,0.44,0.35397501312107915,0.6460249868789206,0.095437739567831,0.9045622675046572
247,123.91304347826087,0.91,0.44,0.35439351086677556,0.6456064891332242,0.09671123367868163,0.9032887739275982
248,124.41471571906355,0.91,0.44,0.3548159446792133,0.6451840553207864,0.0979942247616083,0.9020057834154848
249,124.91638795986621,0.91,0.44,0.35524229606219454,0.6447577039378051,0.09928659048894341,0.9007134182982728
250,125.41806020066889,0.91,0.44,0.35567254479273286,0.6443274552072668,0.10058820325782347,0.8994118061812361
251,125.91973244147157,0.91,0.44,0.3561066689024315,0.6438933310975682,0.10189893027786523,0.8981010798572967
252,126.42140468227424,0.91,0.44,0.3565446446394725,0.6434553553605272,0.1032186335228859,0.8967813773553097
253,126.92307692307692,0.91,0.44,0.3569864467506553,0.6430135532493445,0.10454717045458338,0.8954528412163707
254,127.4247491638796,0.91,0.44,0.35743204917340815,0.6425679508265916,0.10588439573507516,0.8941156167812411
255,127.92642140468227,0.91,0.44,0.3578814236228925,0.6421185763771072,0.10723015786238795,0.892769855554941
256,128.42809364548495,0.91,0.44,0.3583345400683893,0.6416654599316105,0.10858430036290793,0.8914157140142759
257,128.9297658862876,0.91,0.44,0.3587913667713854,0.6412086332286144,0.10994666192664727,0.8900533534725708
258,129.4314381270903,0.91,0.44,0.35925187027065897,0.6407481297293408,0.11131707641467271,0.8886829400722458
259,129.93311036789297,0.91,0.44,0.35971601552306837,0.6402839844769315,0.11269537350356261,0.8873046441403614
260,130.43478260869566,0.91,0.44,0.3601837660469513,0.6398162339530485,0.11408137934054438,0.8859186395334824
261,130.93645484949832,0.91,0.44,0.36065508347836667,0.6393449165216332,0.11547491479639697,0.884525105384786
262,131.438127090301,0.91,0.44,0.36112992774799835,0.6388700722520014,0.11687579625766535,0.8831242253118481
263,131.93979933110367,0.91,0.44,0.3616082570808185,0.6383917429191813,0.11828383569373191,0.8817161873495762
264,132.44147157190636,0.91,0.44,0.3620900279890488,0.637909972010951,0.11969884069646668,0.8803011839105629
265,132.94314381270902,0.91,0.44,0.36257519534754845,0.6374248046524514,0.1211206153321182,0.8788794109331896
266,133.44481605351172,0.91,0.44,0.36306371240021595,0.6369362875997839,0.12254896031341006,0.8774510677095325
267,133.94648829431438,0.91,0.44,0.3635555306184049,0.6364444693815949,0.12398367171337782,0.8760163581715453
268,134.44816053511707,0.91,0.44,0.3640505997651963,0.6359494002348035,0.1254245417077221,0.8745754901487012
269,134.94983277591973,0.91,0.44,0.36454886789172536,0.6354511321082745,0.1268713586476277,0.8731286752951779
270,135.45150501672242,0.91,0.44,0.3650502813347591,0.6349497186652409,0.1283239071325393,0.8716761290170855
271,135.95317725752508,0.91,0.44,0.36555478527599033,0.6344452147240095,0.1297819691452492,0.8702180693373356
272,136.45484949832775,0.91,0.44,0.36606232349796114,0.6339376765020387,0.1312453236676582,0.8687547172799042
273,136.95652173913044,0.91,0.44,0.3665728379197649,0.633427162080235,0.13271374588005644,0.8672862976705918
274,137.4581939799331,0.91,0.44,0.36708626890440327,0.6329137310955966,0.13418700781975007,0.8658130384783757
275,137.9598662207358,0.91,0.44,0.3676025552709697,0.6323974447290301,0.13566487848145942,0.8643351707150129
276,138.46153846153845,0.91,0.44,0.3681216343152169,0.6318783656847831,0.13714712394170486,0.8628529283106557
277,138.96321070234114,0.91,0.44,0.36864344219880535,0.6313565578011945,0.1386335085380569,0.8613665469345303
278,139.4648829431438,0.91,0.44,0.36916791366657253,0.6308320863334274,0.14012379412572928,0.8598762647384026
279,139.9665551839465,0.91,0.44,0.3696949819297219,0.630305018070278,0.14161773980890152,0.8583823226252847
280,140.46822742474916,0.91,0.44,0.3702245788185433,0.6297754211814566,0.14311510244321693,0.8568849637469101
281,140.96989966555185,0.91,0.44,0.3707566348038768,0.6292433651961231,0.1446156367627341,0.855384433376784
282,141.4715719063545,0.91,0.44,0.3712910790238715,0.6287089209761283,0.14611909555906016,0.8538809787310432
283,141.9732441471572,0.91,0.44,0.3718278393946137,0.6281721606053862,0.1476252306869889,0.8523748479627103
284,142.47491638795987,0.91,0.44,0.37236684253922014,0.6276331574607797,0.14913379228116463,0.8508662909451425
285,142.97658862876253,0.91,0.44,0.3729080138065498,0.62709198619345,0.1506445288559127,0.8493555591722052
286,143.47826086956522,0.91,0.44,0.37345127731613326,0.6265487226838666,0.15215718766343203,0.8478429054000509
287,143.97993311036788,0.91,0.44,0.3739965559816858,0.6260034440183141,0.153671514840947,0.8463285834999662
288,144.48160535117057,0.91,0.44,0.3745437716160221,0.6254562283839777,0.15518725563835553,0.8448128482307045
289,144.98327759197323,0.91,0.44,0.37509284563110107,0.6249071543688988,0.15670415523438916,0.8432959544221901
290,145.48494983277592,0.91,0.44,0.3756436982103858,0.624356301789614,0.15822195804207637,0.8417781576702216
291,145.9866220735786,0.91,0.44,0.37619624847288224,0.6238037515271175,0.15974040799485684,0.8402597140503281
292,146.48829431438128,0.91,0.44,0.37675041462541997,0.6232495853745799,0.16125924882106893,0.8387408798432536
293,146.98996655518394,0.91,0.44,0.3773061140018202,0.6226938859981797,0.16277822420658197,0.8372219113723203
294,147.49163879598663,0.91,0.44,0.3778632631627485,0.6221367368372512,0.164297078006998,0.8357030647911987
295,147.9933110367893,0.91,0.44,0.37842177823989764,0.6215782217601021,0.16581555465942943,0.8341845956720152
296,148.49498327759198,0.91,0.44,0.3789815746059579,0.6210184253940418,0.16733339904355965,0.8326667591444195
297,148.99665551839465,0.91,0.44,0.3795425670127434,0.6204574329872563,0.16885035672510754,0.8311498096520793
298,149.49832775919734,0.91,0.44,0.3801046696729673,0.6198953303270325,0.17036617415368288,0.829634000754804
299,150.0,0.91,0.44,0.38066779597806355,0.6193322040219361,0.1718805986466426,0.8281195851446717
