,time,sigma,beta,S,I,C,D
0,0.0,0.6900000000000001,0.43,0.9998,0.0002,0.5,0.5
1,0.5016722408026756,0.6900000000000001,0.43,0.9997875130791172,0.00021248692088290846,0.4791151678552588,0.5208848321447409
2,1.0033444816053512,0.6900000000000001,0.43,0.9997736265320325,0.00022637346796759218,0.45830338729360354,0.541696612706396
3,1.5050167224080266,0.6900000000000001,0.43,0.9997581496823397,0.00024185031766048,0.43763650354217315,0.5623634964578265
4,2.0066889632107023,0.6900000000000001,0.43,0.9997408744069808,0.000259125593019368,0.4171842949750256,0.582815705024974
5,2.508361204013378,0.6900000000000001,0.43,0.9997215632126182,0.0002784367873819721,0.39701362228735965,0.60298637771264
6,3.0100334448160533,0.6900000000000001,0.43,0.999699944746285,0.0003000552537150836,0.3771875859577181,0.6228124140422815
7,3.511705685618729,0.6900000000000001,0.43,0.9996757090081563,0.0003242909918437156,0.3577648210172602,0.6422351789827395
8,4.013377926421405,0.6900000000000001,0.43,0.9996485010116931,0.00035149898830681285,0.33879879843647287,0.6612012015635268
9,4.51505016722408,0.6900000000000001,0.43,0.9996179146031833,0.00038208539681671967,0.3203374394849954,0.6796625605150043
10,5.016722408026756,0.6900000000000001,0.43,0.9995834845521047,0.0004165154478952838,0.30242272804146236,0.6975772719585374
11,5.518394648829432,0.6900000000000001,0.43,0.9995446776499022,0.0004553223500977018,0.28509050537696484,0.714909494623035
12,6.020066889632107,0.6900000000000001,0.43,0.999500882460666,0.0004991175393339054,0.26837039923113215,0.7316296007688676
13,6.521739130434782,0.6900000000000001,0.43,0.9994513973972771,0.0005486026027228042,0.25228588020861414,0.7477141197913857
14,7.023411371237458,0.6900000000000001,0.43,0.999395417981139,0.0006045820188609662,0.23685436032496537,0.7631456396750343
15,7.525083612040134,0.6900000000000001,0.43,0.999332019757273,0.0006679802427269205,0.22208756083000702,0.7779124391699928
16,8.02675585284281,0.6900000000000001,0.43,0.9992601411153917,0.0007398588846081858,0.2079917978684808,0.792008202131519
17,8.528428093645484,0.6900000000000001,0.43,0.9991785627386288,0.0008214372613711055,0.1945682923593755,0.8054317076406242
18,9.03010033444816,0.6900000000000001,0.43,0.9990858833721755,0.0009141166278243264,0.18181374284073534,0.8181862571592644
19,9.531772575250836,0.6900000000000001,0.43,0.9989804924829061,0.0010195075170937138,0.16972072181664347,0.8302792781833562
20,10.033444816053512,0.6900000000000001,0.43,0.998860538726862,0.0011394612731378574,0.1582781758886225,0.8417218241113773
21,10.535117056856187,0.6900000000000001,0.43,0.99872389374363,0.0012761062563697296,0.14747192132083217,0.8525280786791677
22,11.036789297658864,0.6900000000000001,0.43,0.9985681104816293,0.001431889518370506,0.1372851154134964,0.8627148845865035
23,11.538461538461538,0.6900000000000001,0.43,0.9983903754314782,0.0016096245685215788,0.12769871667696106,0.8723012833230388
24,12.040133779264213,0.6900000000000001,0.43,0.9981874538835722,0.0018125461164275596,0.11869191999304397,0.8813080800069558
25,12.54180602006689,0.6900000000000001,0.43,0.9979556269000136,0.0020443730999862068,0.11024255842396366,0.8897574415760361
26,13.043478260869565,0.6900000000000001,0.43,0.9976906206025811,0.0023093793974187362,0.10232747789652681,0.8976725221034729
27,13.545150501672241,0.6900000000000001,0.43,0.9973875226252165,0.0026124773747833734,0.09492286344376245,0.9050771365562373
28,14.046822742474916,0.6900000000000001,0.43,0.9970406903588088,0.002959309641191049,0.08800453930561235,0.9119954606943874
29,14.548494983277592,0.6900000000000001,0.43,0.9966436422182988,0.003356357781700933,0.0815482271537707,0.918451772846229
30,15.050167224080267,0.6900000000000001,0.43,0.9961889390419054,0.0038110609580943424,0.07552977251060058,0.9244702274893991
31,15.551839464882944,0.6900000000000001,0.43,0.9956680451137341,0.004331954886265654,0.06992533390737218,0.9300746660926276
32,16.05351170568562,0.6900000000000001,0.43,0.9950711739926965,0.00492882600730317,0.06471154380428198,0.9352884561957178
33,16.555183946488295,0.6900000000000001,0.43,0.994387114655219,0.005612885344780749,0.05986563695885837,0.9401343630411414
34,17.05685618729097,0.6900000000000001,0.43,0.9936030339442282,0.006396966055771446,0.05536555838447745,0.9446344416155223
35,17.558528428093645,0.6900000000000001,0.43,0.9927042613500132,0.007295738649986382,0.05119003955383556,0.9488099604461641
36,18.06020066889632,0.6900000000000001,0.43,0.9916740438275462,0.008325956172453393,0.047318663596574446,0.9526813364034253
37,18.561872909698998,0.6900000000000001,0.43,0.9904932820053783,0.009506717994621258,0.043731904085214456,0.9562680959147853
38,19.06354515050167,0.6900000000000001,0.43,0.9891402388048504,0.010859761195149168,0.04041115027471041,0.9595888497252894
39,19.565217391304348,0.6900000000000001,0.43,0.9875902277465043,0.012409772253495183,0.03733872127101807,0.9626612787289817
40,20.066889632107024,0.6900000000000001,0.43,0.98581527505023,0.014184724949769545,0.03449786959370879,0.965502130406291
41,20.568561872909697,0.6900000000000001,0.43,0.9837837785167514,0.01621622148324821,0.03187277018118431,0.9681272298188155
42,21.070234113712374,0.6900000000000001,0.43,0.9814601427471915,0.018539857252808087,0.029448505312647734,0.9705514946873521
43,21.57190635451505,0.6900000000000001,0.43,0.9788044432537063,0.021195556746293264,0.0272110429538223,0.9727889570461775
44,22.073578595317727,0.6900000000000001,0.43,0.9757720741028149,0.024227925897184643,0.025147209049717796,0.9748527909502821
45,22.5752508361204,0.6900000000000001,0.43,0.972313483320503,0.027686516679496388,0.023244657483970168,0.9767553425160297
46,23.076923076923077,0.6900000000000001,0.43,0.9683739593008791,0.03162604069912054,0.021491836814098858,0.9785081631859012
47,23.578595317725753,0.6900000000000001,0.43,0.9638935197388397,0.036106480261159826,0.019877953327583513,0.9801220466724165
48,24.080267558528426,0.6900000000000001,0.43,0.9588069689481066,0.041193031051893036,0.018392934845510443,0.9816070651544896
49,24.581939799331103,0.6900000000000001,0.43,0.9530441670183333,0.04695583298166627,0.01702739271367464,0.9829726072863253
50,25.08361204013378,0.6900000000000001,0.43,0.9465305743869502,0.05346942561304928,0.015772584039854553,0.9842274159601454
51,25.585284280936456,0.6900000000000001,0.43,0.9391881493093133,0.06081185069068615,0.01462037359173794,0.985379626408262
52,26.08695652173913,0.6900000000000001,0.43,0.9309366906049062,0.06906330939509328,0.013563195688818289,0.9864368043111817
53,26.588628762541806,0.6900000000000001,0.43,0.9216956436389662,0.07830435636103333,0.012594018615773764,0.9874059813842262
54,27.090301003344482,0.6900000000000001,0.43,0.9113865083043179,0.08861349169568161,0.011706307734260703,0.9882936922657394
55,27.59197324414716,0.6900000000000001,0.43,0.8999358455251859,0.10006415447481366,0.010893990706892212,0.9891060092931078
56,28.093645484949832,0.6900000000000001,0.43,0.8872788198657263,0.11272118013427333,0.010151423578835639,0.9898485764211644
57,28.59531772575251,0.6900000000000001,0.43,0.873363433605737,0.1266365663942626,0.009473358528753797,0.9905266414712461
58,29.096989966555185,0.6900000000000001,0.43,0.8581550058918798,0.14184499410811974,0.00885491262216897,0.991145087377831
59,29.598662207357858,0.6900000000000001,0.43,0.841640870787789,0.15835912921221046,0.008291538518744111,0.9917084614812558
60,30.100334448160535,0.6900000000000001,0.43,0.8238349935140287,0.17616500648597075,0.00777899691882095,0.992221003081179
61,30.60200668896321,0.6900000000000001,0.43,0.8047819571146481,0.19521804288535122,0.007313330903564808,0.9926866690964351
62,31.103678929765888,0.6900000000000001,0.43,0.7845599710725178,0.21544002892748146,0.006890842519930573,0.9931091574800693
63,31.60535117056856,0.6900000000000001,0.43,0.7632823741244519,0.23671762587554745,0.0065080716080338705,0.9934919283919659
64,32.10702341137124,0.6900000000000001,0.43,0.7410972328761185,0.2589027671238808,0.0061617770969403535,0.9938382229030593
65,32.608695652173914,0.6900000000000001,0.43,0.7181847536840646,0.2818152463159346,0.005848920786682512,0.9941510792133172
66,33.11036789297659,0.6900000000000001,0.43,0.6947524310159355,0.30524756898406374,0.005566653620576929,0.9944333463794228
67,33.61204013377927,0.6900000000000001,0.43,0.6710281172446119,0.32897188275538747,0.0053123043316292504,0.9946876956683706
68,34.11371237458194,0.6900000000000001,0.43,0.6472514065543953,0.352748593445604,0.005083370272721314,0.9949166297272785
69,34.61538461538461,0.6900000000000001,0.43,0.6236641029675223,0.376335897032477,0.004877510111544213,0.9951224898884556
70,35.11705685618729,0.6900000000000001,0.43,0.6005004381005609,0.39949956189943836,0.004692537968284026,0.9953074620317157
71,35.618729096989966,0.6900000000000001,0.43,0.5779779420933354,0.42202205790666375,0.004526418678352053,0.9954735813216478
72,36.12040133779264,0.6900000000000001,0.43,0.5562897041057283,0.443710295894271,0.004377263633870724,0.9956227363661291
73,36.62207357859532,0.6900000000000001,0.43,0.5355985404370449,0.4644014595629544,0.00424332684581151,0.9957566731541883
74,37.123745819397996,0.6900000000000001,0.43,0.5160333852770946,0.48396661472290453,0.004123000883755035,0.9958769991162448
75,37.625418060200666,0.6900000000000001,0.43,0.49768792383081967,0.5023120761691795,0.004014812400108442,0.9959851875998914
76,38.12709030100334,0.6900000000000001,0.43,0.480621307227423,0.5193786927725761,0.003917417136001877,0.996082582863998
77,38.62876254180602,0.6900000000000001,0.43,0.46486053400944244,0.5351394659905566,0.0038295942232290893,0.9961704057767707
78,39.130434782608695,0.6900000000000001,0.43,0.45040405403659145,0.5495959459634078,0.0037502399080291795,0.9962497600919707
79,39.63210702341137,0.6900000000000001,0.43,0.4372261631834148,0.5627738368165843,0.0036783607635569905,0.996321639236443
80,40.13377926421405,0.6900000000000001,0.43,0.4252817208579699,0.5747182791420292,0.003613066444296688,0.9963869335557033
81,40.635451505016725,0.6900000000000001,0.43,0.4145107875621779,0.5854892124378213,0.0035535621731347996,0.9964464378268652
82,41.137123745819395,0.6900000000000001,0.43,0.40484298677747527,0.5951570132225238,0.0034991411575643686,0.9965008588424356
83,41.63879598662207,0.6900000000000001,0.43,0.396201357302386,0.6037986426976131,0.003449177017696363,0.9965508229823036
84,42.14046822742475,0.6900000000000001,0.43,0.3885056297553576,0.6114943702446414,0.003403116401606158,0.9965968835983937
85,42.642140468227424,0.6900000000000001,0.43,0.3816748944017708,0.6183251055982282,0.0033604718847420095,0.9966395281152578
86,43.1438127090301,0.6900000000000001,0.43,0.3756296824231731,0.6243703175768259,0.0033208152247562275,0.9966791847752435
87,43.64548494983278,0.6900000000000001,0.43,0.3702935039201467,0.6297064960798524,0.0032837710635682813,0.9967162289364315
88,44.147157190635454,0.6900000000000001,0.43,0.36559393694763526,0.6344060630523637,0.0032490110824027895,0.9967509889175971
89,44.64882943143812,0.6900000000000001,0.43,0.36146332405307147,0.6385366759469274,0.003216248636321815,0.9967837513636781
90,45.1505016722408,0.6900000000000001,0.43,0.35783915402741695,0.6421608459725818,0.0031852338689461576,0.9968147661310538
91,45.65217391304348,0.6900000000000001,0.43,0.35466420386957614,0.6453357961304228,0.0031557493017609155,0.9968442506982391
92,46.15384615384615,0.6900000000000001,0.43,0.35188650000506394,0.648113499994935,0.0031276058741006043,0.9968723941258993
93,46.65551839464883,0.6900000000000001,0.43,0.34945914792541766,0.6505408520745812,0.003100639404266494,0.9968993605957335
94,47.15719063545151,0.6900000000000001,0.43,0.3473400758001992,0.6526599241997996,0.0030747074449145877,0.9969252925550854
95,47.65886287625418,0.6900000000000001,0.43,0.34549171567287185,0.6545082843271269,0.0030496865051012705,0.9969503134948987
96,48.16053511705685,0.6900000000000001,0.43,0.3438806709512516,0.6561193290487471,0.0030254695917430394,0.996974530408257
97,48.66220735785953,0.6900000000000001,0.43,0.34247734286256326,0.6575226571374355,0.0030019640493598974,0.9969980359506401
98,49.163879598662206,0.6900000000000001,0.43,0.34125558267575334,0.6587444173242454,0.0029790896769029446,0.997020910323097
99,49.66555183946488,0.6900000000000001,0.43,0.3401923534091448,0.659807646590854,0.0029567770750089147,0.997043222924991
100,50.16722408026756,0.6900000000000001,0.43,0.33926740443329867,0.6607325955667,0.002934966205585172,0.9970650337944147
101,50.668896321070235,0.6900000000000001,0.43,0.3384629662588778,0.661537033741121,0.002913605126371959,0.9970863948736279
102,51.17056856187291,0.6900000000000001,0.43,0.33776347502788767,0.6622365249721112,0.0028926489050073566,0.9971073510949925
103,51.67224080267559,0.6900000000000001,0.43,0.3371553185129151,0.6628446814870838,0.002872058669558495,0.9971279413304412
104,52.17391304347826,0.6900000000000001,0.43,0.33662660476698897,0.6633733952330099,0.0028518007825880406,0.9971481992174117
105,52.675585284280935,0.6900000000000001,0.43,0.33616695670712077,0.6638330432928782,0.002831846128844277,0.9971681538711554
106,53.17725752508361,0.6900000000000001,0.43,0.3357673286905786,0.6642326713094203,0.002812169492330388,0.9971878305076692
107,53.67892976588629,0.6900000000000001,0.43,0.3354198403025308,0.6645801596974681,0.0027927490330073735,0.9972072509669921
108,54.180602006688964,0.6900000000000001,0.43,0.33511763198920896,0.6648823680107899,0.0027735658123101735,0.9972264341876893
109,54.68227424749164,0.6900000000000001,0.43,0.3348547364556276,0.6651452635443713,0.0027546034078068725,0.9972453965921926
110,55.18394648829432,0.6900000000000001,0.43,0.3346259641783493,0.6653740358216496,0.0027358475511448555,0.9972641524488546
111,55.68561872909699,0.6900000000000001,0.43,0.33442680684483395,0.665573193155165,0.0027172858491322847,0.9972827141508671
112,56.187290969899664,0.6900000000000001,0.43,0.3342533458471495,0.6657466541528495,0.0026989075061392698,0.9973010924938601
113,56.68896321070234,0.6900000000000001,0.43,0.33410217973348505,0.6658978202665139,0.002680703121779908,0.9973192968782194
114,57.19063545150502,0.6900000000000001,0.43,0.3339703541220332,0.6660296458779658,0.0026626644849181424,0.9973373355150812
115,57.69230769230769,0.6900000000000001,0.43,0.33385530526067037,0.6661446947393286,0.0026447844180602378,0.997355215581939
116,58.19397993311037,0.6900000000000001,0.43,0.3337548085408284,0.6662451914591706,0.0026270566322979735,0.9973729433677012
117,58.69565217391305,0.6900000000000001,0.43,0.3336669332738831,0.6663330667261159,0.0026094756027522682,0.9973905243972468
118,59.197324414715716,0.6900000000000001,0.43,0.3335900054056156,0.6664099945943834,0.002592036467796423,0.9974079635322026
119,59.69899665551839,0.6900000000000001,0.43,0.3335225720891989,0.6664774279108002,0.0025747349321526354,0.9974252650678463
120,60.20066889632107,0.6900000000000001,0.43,0.33346337422525396,0.6665366257747452,0.0025575671948211325,0.9974424328051777
121,60.702341137123746,0.6900000000000001,0.43,0.33341131937078006,0.666588680629219,0.0025405298762072727,0.9974594701237915
122,61.20401337792642,0.6900000000000001,0.43,0.33336546061866695,0.6666345393813321,0.0025236199634133725,0.9974763800365853
123,61.7056856187291,0.6900000000000001,0.43,0.33332497698846203,0.666675023011537,0.002506834758895828,0.9974931652411029
124,62.207357859531776,0.6900000000000001,0.43,0.33328915654314545,0.6667108434568537,0.002490171836831429,0.9975098281631671
125,62.709030100334445,0.6900000000000001,0.43,0.33325738248492576,0.6667426175150734,0.002473629007736287,0.9975263709922622
126,63.21070234113712,0.6900000000000001,0.43,0.33322911974540975,0.6667708802545893,0.0024572042840738033,0.9975427957159245
127,63.7123745819398,0.6900000000000001,0.43,0.33320390486963103,0.6667960951303681,0.0024408958550678054,0.9975591041449304
128,64.21404682274247,0.6900000000000001,0.43,0.33318133589253945,0.6668186641074597,0.0024247020610776906,0.9975752979389203
129,64.71571906354515,0.6900000000000001,0.43,0.3331610642112671,0.6668389357887321,0.002408621373431716,0.9975913786265661
130,65.21739130434783,0.6900000000000001,0.43,0.33314278831675337,0.6668572116832457,0.0023926523792705003,0.9976073476207271
131,65.7190635451505,0.6900000000000001,0.43,0.3331262473908632,0.6668737526091358,0.002376793765767358,0.9976232062342301
132,66.22073578595318,0.6900000000000001,0.43,0.3331112140629406,0.6668887859370585,0.0023610443019182266,0.997638955698079
133,66.72240802675586,0.6900000000000001,0.43,0.33309749111123127,0.6669025088887678,0.0023454028312789384,0.9976545971687181
134,67.22408026755853,0.6900000000000001,0.43,0.3330849089446746,0.6669150910553244,0.002329868265659922,0.9976701317343368
135,67.72575250836121,0.6900000000000001,0.43,0.333073318569842,0.6669266814301569,0.0023144395680579433,0.9976855604319386
136,68.22742474916387,0.6900000000000001,0.43,0.33306259313125536,0.6669374068687436,0.0022991157568070914,0.9977008842431891
137,68.72909698996655,0.6900000000000001,0.43,0.33305262140071207,0.6669473785992869,0.002283895889675674,0.9977161041103203
138,69.23076923076923,0.6900000000000001,0.43,0.3330433076740254,0.6669566923259734,0.0022687790641579796,0.9977312209358377
139,69.7324414715719,0.6900000000000001,0.43,0.3330345677653006,0.6669654322346984,0.002253764407923799,0.9977462355920715
140,70.23411371237458,0.6900000000000001,0.43,0.33302633123737807,0.6669736687626209,0.0022388510839884074,0.9977611489160065
141,70.73578595317726,0.6900000000000001,0.43,0.333018533817531,0.666981466182468,0.0022240382731586387,0.9977759617268359
142,71.23745819397993,0.6900000000000001,0.43,0.3330111215122165,0.6669888784877824,0.0022093251835884806,0.9977906748164057
143,71.73913043478261,0.6900000000000001,0.43,0.3330040476256554,0.6669959523743435,0.0021947110439492767,0.9978052889560445
144,72.24080267558529,0.6900000000000001,0.43,0.332997270713784,0.667002729286215,0.002180195098543054,0.9978198049014502
145,72.74247491638796,0.6900000000000001,0.43,0.3329907550628671,0.6670092449371319,0.002165776608730948,0.9978342233912617
146,73.24414715719064,0.6900000000000001,0.43,0.33298447082565236,0.6670155291743466,0.002151454853075457,0.9978485451469167
147,73.74581939799332,0.6900000000000001,0.43,0.33297839227669074,0.6670216077233082,0.00213722912342666,0.9978627708765648
148,74.24749163879599,0.6900000000000001,0.43,0.3329724950267958,0.6670275049732031,0.0021230987187589403,0.9978769012812319
149,74.74916387959867,0.6900000000000001,0.43,0.3329667599760587,0.6670332400239403,0.0021090629539634418,0.9978909370460267
150,75.25083612040133,0.6900000000000001,0.43,0.3329611691000907,0.6670388308999082,0.0020951211504466444,0.9979048788495427
151,75.75250836120401,0.6900000000000001,0.43,0.3329557070295066,0.6670442929704923,0.0020812726396591706,0.9979187273603293
152,76.25418060200668,0.6900000000000001,0.43,0.33295036107238946,0.6670496389276095,0.0020675167631054223,0.9979324832368821
153,76.75585284280936,0.6900000000000001,0.43,0.3329451192828539,0.667054880717145,0.002053852867941471,0.9979461471320451
154,77.25752508361204,0.6900000000000001,0.43,0.33293997230788963,0.6670600276921093,0.0020402803112168793,0.9979597196887686
155,77.75919732441471,0.6900000000000001,0.43,0.33293491118169655,0.6670650888183024,0.002026798454946045,0.9979732015450383
156,78.26086956521739,0.6900000000000001,0.43,0.3329299283481313,0.6670700716518676,0.0020134066683707612,0.9979865933316123
157,78.76254180602007,0.6900000000000001,0.43,0.3329250181721461,0.667074981827853,0.002000104329093616,0.9979998956708881
158,79.26421404682274,0.6900000000000001,0.43,0.33292017481702846,0.6670798251829706,0.0019868908183974707,0.9980131091815828
159,79.76588628762542,0.6900000000000001,0.43,0.3329153927402914,0.6670846072597076,0.0019737655223376633,0.998026234477641
160,80.2675585284281,0.6900000000000001,0.43,0.3329106679174322,0.6670893320825668,0.0019607278344373675,0.9980392721655397
161,80.76923076923077,0.6900000000000001,0.43,0.3329059966055942,0.6670940033944047,0.001947777152847419,0.9980522228471277
162,81.27090301003345,0.6900000000000001,0.43,0.3329013751540917,0.6670986248459072,0.0019349128798934882,0.9980650871200797
163,81.77257525083613,0.6900000000000001,0.43,0.332896800878013,0.667103199121986,0.001922134424163907,0.9980778655758071
164,82.27424749163879,0.6900000000000001,0.43,0.3328922714075139,0.6671077285924852,0.0019094411989128187,0.9980905588010559
165,82.77591973244147,0.6900000000000001,0.43,0.3328877843274053,0.6671122156725938,0.001896832621147473,0.9981031673788188
166,83.27759197324414,0.6900000000000001,0.43,0.3328833378897703,0.6671166621102287,0.0018843081134329242,0.9981156918865307
167,83.77926421404682,0.6900000000000001,0.43,0.3328789302456641,0.6671210697543349,0.0018718670963236218,0.998128132903637
168,84.2809364548495,0.6900000000000001,0.43,0.3328745606473956,0.6671254393526034,0.001859509018982165,0.9981404909809753
169,84.78260869565217,0.6900000000000001,0.43,0.3328702269003563,0.6671297730996427,0.0018472332996262836,0.9981527667003279
170,85.28428093645485,0.6900000000000001,0.43,0.33286592815757254,0.6671340718424265,0.0018350393830791785,0.9981649606168714
171,85.78595317725753,0.6900000000000001,0.43,0.3328616633905619,0.6671383366094371,0.0018229267175191735,0.9981770732824274
172,86.2876254180602,0.6900000000000001,0.43,0.33285743166136833,0.6671425683386306,0.0018108947494512458,0.9981891052504911
173,86.78929765886288,0.6900000000000001,0.43,0.3328532320501613,0.6671467679498376,0.0017989429250453296,0.9982010570748925
174,87.29096989966555,0.6900000000000001,0.43,0.3328490637634794,0.6671509362365194,0.001787070697871841,0.9982129293020611
175,87.79264214046823,0.6900000000000001,0.43,0.3328449263105277,0.6671550736894711,0.001775277539226111,0.9982247224607014
176,88.29431438127091,0.6900000000000001,0.43,0.33284081899913415,0.6671591810008647,0.0017635629086103187,0.9982364370913115
177,88.79598662207358,0.6900000000000001,0.43,0.3328367411237391,0.6671632588762597,0.0017519262647426313,0.9982480737351729
178,89.29765886287625,0.6900000000000001,0.43,0.33283269221320405,0.6671673077867948,0.0017403670798259816,0.9982596329200828
179,89.79933110367892,0.6900000000000001,0.43,0.33282867205112404,0.6671713279488748,0.0017288848407165094,0.998271115159185
180,90.3010033444816,0.6900000000000001,0.43,0.3328246801911405,0.6671753198088584,0.0017174790210425764,0.9982825209788512
181,90.80267558528428,0.6900000000000001,0.43,0.3328207131795761,0.6671792868204227,0.0017061445656922534,0.9982938554341926
182,91.30434782608695,0.6900000000000001,0.43,0.332816778538161,0.6671832214618378,0.0016948927629407908,0.9983051072369351
183,91.80602006688963,0.6900000000000001,0.43,0.33281287024005285,0.667187129759946,0.0016837144297864167,0.9983162855700798
184,92.3076923076923,0.6900000000000001,0.43,0.3328089882852517,0.6671910117147472,0.0016726095662291315,0.9983273904336264
185,92.80936454849498,0.6900000000000001,0.43,0.3328051326613985,0.6671948673386005,0.0016615781438802672,0.9983384218559638
186,93.31103678929766,0.6900000000000001,0.43,0.3328013030820472,0.6671986969179518,0.0016506195047743517,0.9983493804950572
187,93.81270903010034,0.6900000000000001,0.43,0.3327974994271712,0.6672025005728277,0.0016397333732107804,0.9983602666266073
188,94.31438127090301,0.6900000000000001,0.43,0.3327937216967705,0.6672062783032284,0.0016289197491895534,0.9983710802506138
189,94.81605351170569,0.6900000000000001,0.43,0.3327899698595683,0.6672100301404305,0.001618178567985468,0.9983818214318022
190,95.31772575250837,0.6900000000000001,0.43,0.33278624326957135,0.6672137567304275,0.0016075084927580636,0.9983924915070127
191,95.81939799331104,0.6900000000000001,0.43,0.33278254167031296,0.6672174583296859,0.0015969089927668609,0.9984030910069854
192,96.3210702341137,0.6900000000000001,0.43,0.3327788650617932,0.6672211349382057,0.0015863800680118603,0.9984136199317205
193,96.82274247491638,0.6900000000000001,0.43,0.3327752151529714,0.6672247848470275,0.001575925660123586,0.9984240743395886
194,97.32441471571906,0.6900000000000001,0.43,0.3327715868328951,0.6672284131671038,0.0015655339809419065,0.9984344660187464
195,97.82608695652173,0.6900000000000001,0.43,0.33276798324285756,0.6672320167571413,0.0015552122757053072,0.9984447877239576
196,98.32775919732441,0.6900000000000001,0.43,0.3327644041783445,0.6672355958216544,0.0015449600727112966,0.9984550399269244
197,98.82943143812709,0.6900000000000001,0.43,0.33276084943021556,0.6672391505697833,0.0015347768832662959,0.9984652231163403
198,99.33110367892976,0.6900000000000001,0.43,0.33275731871133263,0.6672426812886662,0.0015246619321866667,0.9984753380673886
199,99.83277591973244,0.6900000000000001,0.43,0.3327538117722247,0.6672461882277742,0.0015146145826414683,0.9984853854168998
200,100.33444816053512,0.6900000000000001,0.43,0.33275032838938906,0.6672496716106098,0.0015046342931834887,0.9984953657063209
201,100.8361204013378,0.6900000000000001,0.43,0.3327468683393231,0.6672531316606758,0.001494720522365516,0.9985052794770989
202,101.33779264214047,0.6900000000000001,0.43,0.33274343139852414,0.6672565686014748,0.0014848727287403378,0.9985151272706808
203,101.83946488294315,0.6900000000000001,0.43,0.33274001734348957,0.6672599826565093,0.0014750903708607422,0.9985249096285137
204,102.34113712374582,0.6900000000000001,0.43,0.33273662595071674,0.6672633740492822,0.0014653729072795173,0.9985346270920445
205,102.8428093645485,0.6900000000000001,0.43,0.332733256996703,0.6672667430032959,0.0014557197965494508,0.9985442802027203
206,103.34448160535118,0.6900000000000001,0.43,0.3327299102579457,0.6672700897420532,0.0014461304972233308,0.9985538695019881
207,103.84615384615384,0.6900000000000001,0.43,0.3327265855109422,0.6672734144890566,0.0014366044678539454,0.9985633955312948
208,104.34782608695652,0.6900000000000001,0.43,0.3327232825321899,0.6672767174678089,0.0014271411669940822,0.9985728588320876
209,104.84949832775919,0.6900000000000001,0.43,0.33272000127690726,0.6672799987230915,0.0014177403690612302,0.9985822596299478
210,105.35117056856187,0.6900000000000001,0.43,0.33271674178313326,0.6672832582168655,0.0014084019948463903,0.9985915980040837
211,105.85284280936455,0.6900000000000001,0.43,0.3327135038944972,0.6672864961055015,0.001399125621548737,0.9986008743772955
212,106.35451505016722,0.6900000000000001,0.43,0.3327102874540951,0.6672897125459036,0.001389910825424798,0.9986100891733263
213,106.8561872909699,0.6900000000000001,0.43,0.3327070923050228,0.667292907694976,0.0013807571827311007,0.9986192428159191
214,107.35785953177258,0.6900000000000001,0.43,0.33270391829037643,0.6672960817096223,0.0013716642697241721,0.9986283357288168
215,107.85953177257525,0.6900000000000001,0.43,0.3327007652532518,0.6672992347467469,0.0013626316626605404,0.9986373683357627
216,108.36120401337793,0.6900000000000001,0.43,0.332697633036745,0.6673023669632537,0.0013536589377967324,0.9986463410604997
217,108.8628762541806,0.6900000000000001,0.43,0.3326945214839519,0.6673054785160468,0.0013447456713892756,0.9986552543267707
218,109.36454849498328,0.6900000000000001,0.43,0.3326914304379685,0.6673085695620302,0.0013358914396946978,0.9986641085583189
219,109.86622073578596,0.6900000000000001,0.43,0.33268835974189076,0.667311640258108,0.001327095818969526,0.9986729041788873
220,110.36789297658864,0.6900000000000001,0.43,0.3326853094340311,0.6673146905659677,0.0013183584043227302,0.998681641593366
221,110.8695652173913,0.6900000000000001,0.43,0.33268228043570974,0.6673177195642891,0.0013096788761371965,0.9986903211213698
222,111.37123745819397,0.6900000000000001,0.43,0.3326792733206593,0.6673207266793395,0.001301056881228516,0.9986989431160811
223,111.87290969899665,0.6900000000000001,0.43,0.3326762879604953,0.6673237120395035,0.001292492046513275,0.9987075079505819
224,112.37458193979933,0.6900000000000001,0.43,0.33267332272549033,0.6673266772745085,0.0012839839672060887,0.9987160160296572
225,112.876254180602,0.6900000000000001,0.43,0.33267037678545386,0.6673296232145449,0.0012755322554043865,0.9987244677412086
226,113.37792642140468,0.6900000000000001,0.43,0.3326674497918571,0.6673325502081416,0.0012671365317403504,0.9987328634646025
227,113.87959866220736,0.6900000000000001,0.43,0.33266454188810896,0.6673354581118898,0.0012587964253826032,0.9987412035706685
228,114.38127090301003,0.6900000000000001,0.43,0.33266165282839844,0.6673383471716002,0.0012505102920331225,0.9987494897036965
229,114.88294314381271,0.6900000000000001,0.43,0.3326587827351535,0.6673412172648452,0.0012422812405494164,0.9987577187548452
230,115.38461538461539,0.6900000000000001,0.43,0.3326559315777394,0.6673440684222594,0.0012341060517438059,0.9987658939432852
231,115.88628762541806,0.6900000000000001,0.43,0.33265309934250475,0.667346900657494,0.0012259847017375158,0.9987740152928951
232,116.38795986622074,0.6900000000000001,0.43,0.3326502857479954,0.6673497142520034,0.0012179166982200294,0.9987820832959814
233,116.88963210702342,0.6900000000000001,0.43,0.3326474906825679,0.667352509317431,0.0012099018459079869,0.9987900981478257
234,117.3913043478261,0.6900000000000001,0.43,0.33264471414622215,0.6673552858537766,0.001201940144801388,0.9987980598484282
235,117.89297658862876,0.6900000000000001,0.43,0.3326419561241885,0.6673580438758103,0.0011940315540758743,0.9988059684386126
236,118.39464882943143,0.6900000000000001,0.43,0.3326392162666914,0.6673607837333074,0.0011861751069400003,0.9988138248851615
237,118.89632107023411,0.6900000000000001,0.43,0.3326364944257374,0.6673635055742615,0.0011783703943342742,0.9988216295971305
238,119.39799331103679,0.6900000000000001,0.43,0.33263379060132636,0.6673662093986724,0.0011706174162586964,0.9988293825745197
239,119.89966555183946,0.6900000000000001,0.43,0.3326311057974837,0.6673688942025151,0.0011629192699879626,0.9988370807200951
240,120.40133779264214,0.6900000000000001,0.43,0.33262843707488976,0.667371562925109,0.0011552668881406117,0.9988447331011187
241,120.90301003344482,0.6900000000000001,0.43,0.33262578623310823,0.6673742137668905,0.001147665822113878,0.9988523341662662
242,121.40468227424749,0.6900000000000001,0.43,0.3326231531609809,0.6673768468390179,0.0011401157290003249,0.9988598842584407
243,121.90635451505017,0.6900000000000001,0.43,0.33262053774521755,0.6673794622547813,0.0011326162601441973,0.9988673837262932
244,122.40802675585284,0.6900000000000001,0.43,0.332617939801825,0.6673820601981737,0.0011251668762523692,0.9988748331090995
245,122.90969899665552,0.6900000000000001,0.43,0.332615359172399,0.6673846408275997,0.0011177671070268338,0.9988822328771447
246,123.4113712374582,0.6900000000000001,0.43,0.33261279573012753,0.6673872042698712,0.0011104165673530998,0.9988895834155361
247,123.91304347826087,0.6900000000000001,0.43,0.3326102493481988,0.6673897506518,0.0011031148721166767,0.998896885109381
248,124.41471571906355,0.6900000000000001,0.43,0.33260771989980087,0.6673922801001979,0.0010958616362030736,0.9989041383437867
249,124.91638795986621,0.6900000000000001,0.43,0.3326052072581219,0.6673947927418769,0.0010886564744978,0.9989113435038601
250,125.41806020066889,0.6900000000000001,0.43,0.33260271129635,0.6673972887036488,0.0010814990018863642,0.9989185009747087
251,125.91973244147157,0.6900000000000001,0.43,0.3326002318876733,0.6673997681123255,0.0010743888332542762,0.9989256111414397
252,126.42140468227424,0.6900000000000001,0.43,0.33259776890527987,0.667402231094719,0.001067325583487045,0.9989326743891603
253,126.92307692307692,0.6900000000000001,0.43,0.3325953222223579,0.6674046777776409,0.0010603088674701795,0.9989396911029778
254,127.4247491638796,0.6900000000000001,0.43,0.33259289171209544,0.6674071082879034,0.0010533383000891892,0.9989466616679993
255,127.92642140468227,0.6900000000000001,0.43,0.33259047724768065,0.6674095227523181,0.0010464134962295832,0.998953586469332
256,128.42809364548495,0.6900000000000001,0.43,0.3325880787023017,0.6674119212976971,0.0010395340707768706,0.9989604658920833
257,128.9297658862876,0.6900000000000001,0.43,0.33258569602735966,0.6674143039726392,0.0010326999128879365,0.9989673000470531
258,129.4314381270903,0.6900000000000001,0.43,0.3325833291921213,0.6674166708078776,0.0010259109743697347,0.9989740889823833
259,129.93311036789297,0.6900000000000001,0.43,0.33258097809272397,0.6674190219072749,0.0010191669505841825,0.998980833002694
260,130.43478260869566,0.6900000000000001,0.43,0.3325786426252994,0.6674213573746994,0.0010124675368738288,0.9989875324126251
261,130.93645484949832,0.6900000000000001,0.43,0.3325763226859794,0.6674236773140194,0.0010058124285812244,0.998994187516816
262,131.438127090301,0.6900000000000001,0.43,0.3325740181708957,0.6674259818291032,0.000999201321048918,0.9990007986199065
263,131.93979933110367,0.6900000000000001,0.43,0.3325717289761801,0.6674282710238187,0.0009926339096194604,0.9990073660265365
264,132.44147157190636,0.6900000000000001,0.43,0.33256945499796436,0.6674305450020345,0.0009861098896354003,0.9990138900413454
265,132.94314381270902,0.6900000000000001,0.43,0.3325671961323802,0.6674328038676186,0.0009796289564392884,0.999020370968973
266,133.44481605351172,0.6900000000000001,0.43,0.3325649522755595,0.6674350477244394,0.0009731908053736739,0.999026809114059
267,133.94648829431438,0.6900000000000001,0.43,0.3325627233236339,0.667437276676365,0.000966795131781107,0.9990332047812428
268,134.44816053511707,0.6900000000000001,0.43,0.3325605091727352,0.6674394908272636,0.0009604416310041368,0.9990395582751644
269,134.94983277591973,0.6900000000000001,0.43,0.3325583097189953,0.6674416902810035,0.0009541299983853139,0.9990458699004635
270,135.45150501672242,0.6900000000000001,0.43,0.33255612471594526,0.6674438752840536,0.0009478599597790791,0.9990521399312272
271,135.95317725752508,0.6900000000000001,0.43,0.3325539536164977,0.6674460463835012,0.0009416313053625182,0.9990583685771353
272,136.45484949832775,0.6900000000000001,0.43,0.3325517960628423,0.6674482039371566,0.0009354437848135428,0.9990645560884202
273,136.95652173913044,0.6900000000000001,0.43,0.33254965181360485,0.667450348186394,0.0009292971413717469,0.9990707027217637
274,137.4581939799331,0.6900000000000001,0.43,0.332547521411147,0.6674524785888519,0.0009231910856979601,0.9990768087664917
275,137.9598662207358,0.6900000000000001,0.43,0.33254540512855846,0.6674545948714404,0.0009171253396462592,0.9990828745007142
276,138.46153846153845,0.6900000000000001,0.43,0.332543303129069,0.6674566968709299,0.0009110996296002549,0.9990889001980021
277,138.96321070234114,0.6900000000000001,0.43,0.3325412152894948,0.667458784710504,0.0009051136920065697,0.9990948861218231
278,139.4648829431438,0.6900000000000001,0.43,0.33253914145705366,0.6674608585429452,0.0008991672643517517,0.9991008325346005
279,139.9665551839465,0.6900000000000001,0.43,0.33253708158151757,0.6674629184184813,0.00089326008051915,0.9991067397023754
280,140.46822742474916,0.6900000000000001,0.43,0.3325350351628164,0.6674649648371824,0.0008873912564900235,0.9991126085088319
281,140.96989966555185,0.6900000000000001,0.43,0.33253300300404975,0.667466996995949,0.0008815622763858881,0.9991184374704011
282,141.4715719063545,0.6900000000000001,0.43,0.33253098405786785,0.6674690159421309,0.0008757713902105207,0.9991242283364022
283,141.9732441471572,0.6900000000000001,0.43,0.33252897831384237,0.6674710216861565,0.0008700185217542863,0.999129981182995
284,142.47491638795987,0.6900000000000001,0.43,0.3325269857241948,0.667473014275804,0.0008643033218539055,0.9991356963591154
285,142.97658862876253,0.6900000000000001,0.43,0.3325250062830049,0.6674749937169939,0.0008586257472434739,0.9991413739080012
286,143.47826086956522,0.6900000000000001,0.43,0.3325230399902726,0.6674769600097262,0.0008529857979229915,0.9991470138296523
287,143.97993311036788,0.6900000000000001,0.43,0.33252108675053055,0.6674789132494682,0.0008473831829374168,0.9991526164148193
288,144.48160535117057,0.6900000000000001,0.43,0.33251914635834356,0.6674808536416552,0.000841817276183417,0.9991581822891653
289,144.98327759197323,0.6900000000000001,0.43,0.33251721880676355,0.6674827811932352,0.0008362880564853002,0.9991637114738512
290,145.48494983277592,0.6900000000000001,0.43,0.3325153048985597,0.667484695101439,0.0008307976966844566,0.9991692017981465
291,145.9866220735786,0.6900000000000001,0.43,0.3325134023740137,0.6674865976259851,0.0008253400804410408,0.9991746593724488
292,146.48829431438128,0.6900000000000001,0.43,0.33251151260032374,0.667488487399675,0.0008199189083262738,0.9991800804997821
293,146.98996655518394,0.6900000000000001,0.43,0.3325096354881661,0.6674903645118327,0.0008145339385691579,0.9991854654216826
294,147.49163879598663,0.6900000000000001,0.43,0.33250777094674755,0.6674922290532512,0.0008091849250851361,0.9991908143839722
295,147.9933110367893,0.6900000000000001,0.43,0.3325059188447312,0.6674940811552675,0.0008038715027679146,0.9991961277507313
296,148.49498327759198,0.6900000000000001,0.43,0.3325040790678595,0.6674959209321393,0.0007985933566499038,0.9992014058362232
297,148.99665551839465,0.6900000000000001,0.43,0.3325022515191425,0.6674977484808563,0.0007933502224550626,0.9992066489043447
298,149.49832775919734,0.6900000000000001,0.43,0.33250043610159025,0.6674995638984085,0.0007881418359073483,0.9992118572189926
299,150.0,0.6900000000000001,0.43,0.3324986327182129,0.6675013672817859,0.0007829679327307199,0.9992170310440637
